,datum,blob,snowball_label,snowball_center,hdbscan_eom_label,hdbscan_leaf_label
0,[0.24769786 0.16727462],66,54,"[0.23065754032548644, 0.16311462163198792]",103,-1
1,[0.31734663 0.49527866],5,2,"[0.2982944979771574, 0.4928881704977565]",113,82
2,[0.43072934 0.84374627],41,41,"[0.4045860819360065, 0.8451095848913467]",113,70
3,[0.61928513 0.10592166],80,37,"[0.590787313093903, 0.1287873361919935]",-1,-1
4,[0.39617384 0.19542705],46,4,"[0.3827392388806571, 0.18315480574773338]",110,63
5,[0.31687828 0.62253907],14,5,"[0.3369928142177202, 0.5813431770807651]",113,80
6,[0.41866784 0.8294094 ],10,41,"[0.4045860819360065, 0.8451095848913467]",113,70
7,[0.29255969 0.40221803],99,1,"[0.31345252476490787, 0.39568681619531276]",113,81
8,[0.24486686 0.24000808],68,34,"[0.22317706824250913, 0.23387943431995686]",104,-1
9,[0.20168866 0.22299286],90,34,"[0.22317706824250913, 0.23387943431995686]",104,42
10,[0.59195243 0.62617006],40,30,"[0.5893115951066175, 0.5856347360021498]",81,29
11,[0.39971415 0.64453587],9,18,"[0.4095647158889755, 0.6213093728466221]",113,-1
12,[0.6179437  0.71337375],3,27,"[0.6091441642186142, 0.7391629772413223]",102,36
13,[0.26366167 0.24399806],68,34,"[0.22317706824250913, 0.23387943431995686]",104,-1
14,[0.56049175 0.48169612],33,68,"[0.5421113451424038, 0.49916034700705]",1,-1
15,[0.18200994 0.76793286],58,42,"[0.17164193172035744, 0.7477907034099851]",-1,-1
16,[0.12967478 0.20714603],90,57,"[0.11385950246950007, 0.22156166292214274]",104,42
17,[0.61001842 0.35266839],33,56,"[0.6228765219922414, 0.3379402254620158]",110,-1
18,[0.8237824  0.37929501],86,85,"[0.8330047067228752, 0.39861674914336154]",-1,-1
19,[0.72878429 0.746232  ],59,16,"[0.7557129160895149, 0.7610612683801858]",102,57
20,[0.57638013 0.66721018],40,28,"[0.572088563242004, 0.6648723747855627]",69,26
21,[0.5442568  0.31110559],63,17,"[0.5266584783397147, 0.2925234389366824]",110,-1
22,[0.67760429 0.50141251],35,66,"[0.6892424870002536, 0.4809362987183399]",40,-1
23,[0.56443133 0.34336064],63,23,"[0.5544996285461486, 0.3649814617648961]",110,53
24,[0.14920548 0.49580571],94,52,"[0.10837107196086664, 0.5019908555728455]",113,66
25,[0.39899238 0.63069197],54,18,"[0.4095647158889755, 0.6213093728466221]",113,84
26,[0.74647467 0.75462446],50,16,"[0.7557129160895149, 0.7610612683801858]",102,-1
27,[0.55074427 0.25292578],71,58,"[0.5903496421521437, 0.26872112132208276]",110,47
28,[0.16953162 0.284368  ],83,19,"[0.1752933885253929, 0.2769931075732081]",104,42
29,[0.086773   0.53317064],87,52,"[0.10837107196086664, 0.5019908555728455]",-1,-1
30,[0.20599094 0.19660755],67,20,"[0.18106142669570233, 0.20480546739290073]",104,42
31,[0.56772752 0.23870267],22,58,"[0.5903496421521437, 0.26872112132208276]",110,-1
32,[0.29760478 0.43121004],99,1,"[0.31345252476490787, 0.39568681619531276]",113,-1
33,[0.28515361 0.41132095],48,1,"[0.31345252476490787, 0.39568681619531276]",113,81
34,[0.4312846  0.83277586],41,41,"[0.4045860819360065, 0.8451095848913467]",113,-1
35,[0.24001238 0.46152561],77,3,"[0.22590404659055946, 0.4809143921482596]",113,81
36,[0.34412989 0.56253018],62,5,"[0.3369928142177202, 0.5813431770807651]",113,68
37,[0.83424538 0.43873585],28,85,"[0.8330047067228752, 0.39861674914336154]",12,-1
38,[0.8369879  0.70710313],60,65,"[0.8683963995203289, 0.7186203255414056]",98,-1
39,[0.16027965 0.15606873],20,7,"[0.16040334011861732, 0.1583747599262833]",104,42
40,[0.48162192 0.76622984],88,51,"[0.47563858561263794, 0.7978986338068428]",-1,-1
41,[0.74052233 0.41160997],44,79,"[0.7440923457598303, 0.4172681159825393]",43,-1
42,[0.25052063 0.52355059],73,24,"[0.2575895391106446, 0.5636151717894005]",113,-1
43,[0.56403449 0.34068959],63,23,"[0.5544996285461486, 0.3649814617648961]",110,53
44,[0.307653   0.24410046],1,29,"[0.29724643836137565, 0.21152192866347855]",104,-1
45,[0.6650888 0.9366497],45,74,"[0.6387846519793019, 0.8886269005667045]",-1,-1
46,[0.84101513 0.48202643],28,61,"[0.8226541227267828, 0.49698240517173836]",68,-1
47,[0.1800513  0.63652636],25,70,"[0.16883511008014604, 0.6108734061004485]",113,43
48,[0.55880278 0.33587679],63,23,"[0.5544996285461486, 0.3649814617648961]",110,53
49,[0.47154434 0.80079804],24,51,"[0.47563858561263794, 0.7978986338068428]",113,-1
50,[0.414336   0.76713707],89,22,"[0.4053244070468948, 0.7892325425819533]",113,71
51,[0.69589207 0.35280207],35,46,"[0.6818606004752428, 0.39460805157892936]",-1,-1
52,[0.41044635 0.62825959],9,18,"[0.4095647158889755, 0.6213093728466221]",113,84
53,[0.05305727 0.71489046],58,-1,-1,-1,-1
54,[0.33441031 0.57103648],73,5,"[0.3369928142177202, 0.5813431770807651]",113,-1
55,[0.33276572 0.39947058],48,1,"[0.31345252476490787, 0.39568681619531276]",113,81
56,[0.73634484 0.87523318],31,75,"[0.7159769487757391, 0.8473248623765012]",-1,-1
57,[0.38657959 0.83455664],10,41,"[0.4045860819360065, 0.8451095848913467]",113,-1
58,[0.64528983 0.78005544],3,6,"[0.6704818259566957, 0.7868874266118806]",102,-1
59,[0.25760845 0.29657193],68,21,"[0.24089021291760518, 0.30160856093346966]",-1,-1
60,[0.21492727 0.27129541],95,34,"[0.22317706824250913, 0.23387943431995686]",104,42
61,[0.75615164 0.78626032],50,16,"[0.7557129160895149, 0.7610612683801858]",102,35
62,[0.77611575 0.74625292],91,16,"[0.7557129160895149, 0.7610612683801858]",102,-1
63,[0.27096016 0.69595254],13,8,"[0.29185823944997474, 0.6822630454364129]",113,-1
64,[0.73461004 0.72946033],50,11,"[0.7285416878591984, 0.7120527989062413]",102,57
65,[0.18097655 0.45141606],99,14,"[0.16635912736795258, 0.4532667183848064]",113,81
66,[0.29342881 0.69917276],84,8,"[0.29185823944997474, 0.6822630454364129]",113,-1
67,[0.61521537 0.60216992],40,30,"[0.5893115951066175, 0.5856347360021498]",-1,-1
68,[0.75973317 0.25715151],38,9,"[0.7745160189749856, 0.22813324751878863]",36,11
69,[0.34307557 0.76425172],84,26,"[0.34140158523352676, 0.7415276229463709]",113,-1
70,[0.88119846 0.55868453],4,43,"[0.8559722074695512, 0.5768738433864216]",-1,-1
71,[0.88934366 0.67512846],56,65,"[0.8683963995203289, 0.7186203255414056]",98,-1
72,[0.31131287 0.43381835],48,1,"[0.31345252476490787, 0.39568681619531276]",113,-1
73,[0.34450694 0.69558514],13,12,"[0.3563557933558874, 0.6600167756750083]",113,-1
74,[0.6860686  0.90526304],31,74,"[0.6387846519793019, 0.8886269005667045]",-1,-1
75,[0.12663062 0.69942129],64,72,"[0.13389630971446978, 0.6701017461857026]",-1,-1
76,[0.15170769 0.87011616],21,47,"[0.12002015978901225, 0.8781802626724163]",21,-1
77,[0.21747542 0.45206979],34,3,"[0.22590404659055946, 0.4809143921482596]",113,81
78,[0.3903266  0.16154011],2,4,"[0.3827392388806571, 0.18315480574773338]",110,62
79,[0.21097248 0.25171404],83,34,"[0.22317706824250913, 0.23387943431995686]",104,42
80,[0.81416805 0.32582035],37,39,"[0.7929729113380171, 0.306282578754693]",36,-1
81,[0.15895345 0.88093844],21,47,"[0.12002015978901225, 0.8781802626724163]",21,-1
82,[0.20864309 0.23011489],68,34,"[0.22317706824250913, 0.23387943431995686]",104,42
83,[0.28597252 0.20843185],1,29,"[0.29724643836137565, 0.21152192866347855]",104,-1
84,[0.24259977 0.49363476],8,3,"[0.22590404659055946, 0.4809143921482596]",113,-1
85,[0.21422691 0.22232198],67,34,"[0.22317706824250913, 0.23387943431995686]",104,42
86,[0.37886727 0.56977357],69,67,"[0.39991637370105465, 0.5429488636659977]",113,-1
87,[0.18696468 0.47848286],94,14,"[0.16635912736795258, 0.4532667183848064]",113,81
88,[0.21200426 0.46818276],7,3,"[0.22590404659055946, 0.4809143921482596]",113,81
89,[0.77709704 0.33047123],86,39,"[0.7929729113380171, 0.306282578754693]",35,-1
90,[0.24185221 0.44671794],77,3,"[0.22590404659055946, 0.4809143921482596]",113,81
91,[0.10838855 0.46122135],42,52,"[0.10837107196086664, 0.5019908555728455]",100,-1
92,[0.53891045 0.18733267],71,31,"[0.5509259779365981, 0.20365500329799469]",110,-1
93,[0.86837418 0.34158623],37,84,"[0.8747370333854485, 0.3299307577245935]",25,2
94,[0.7995053  0.23561145],93,9,"[0.7745160189749856, 0.22813324751878863]",36,-1
95,[0.35310088 0.64596207],51,12,"[0.3563557933558874, 0.6600167756750083]",113,83
96,[0.88103626 0.31619273],30,84,"[0.8747370333854485, 0.3299307577245935]",25,2
97,[0.74133903 0.27190621],38,36,"[0.718962763471204, 0.2995127644433783]",36,11
98,[0.29310218 0.3974685 ],43,1,"[0.31345252476490787, 0.39568681619531276]",113,-1
99,[0.43394658 0.80595588],23,22,"[0.4053244070468948, 0.7892325425819533]",113,71
100,[0.88036428 0.59067472],4,43,"[0.8559722074695512, 0.5768738433864216]",-1,-1
101,[0.6649186  0.39553747],44,46,"[0.6818606004752428, 0.39460805157892936]",-1,5
102,[0.17840887 0.14381776],20,7,"[0.16040334011861732, 0.1583747599262833]",104,42
103,[0.36398129 0.66882779],9,12,"[0.3563557933558874, 0.6600167756750083]",113,-1
104,[0.12721165 0.76681941],58,71,"[0.10117111935954111, 0.7754028082579668]",79,21
105,[0.69128178 0.39088804],44,46,"[0.6818606004752428, 0.39460805157892936]",-1,-1
106,[0.7104289  0.18050724],93,33,"[0.712147299809196, 0.21396583181069667]",-1,-1
107,[0.26072058 0.42274795],55,0,"[0.24505961735590134, 0.40258348756972934]",113,81
108,[0.0552906  0.17403599],20,86,"[0.10460029415455299, 0.15390780514892627]",-1,-1
109,[0.2461015  0.30348098],83,21,"[0.24089021291760518, 0.30160856093346966]",104,-1
110,[0.27188347 0.50272357],78,2,"[0.2982944979771574, 0.4928881704977565]",113,81
111,[0.18006723 0.30676568],47,19,"[0.1752933885253929, 0.2769931075732081]",104,-1
112,[0.48832476 0.17669724],97,10,"[0.4982904339105401, 0.17462697492844612]",110,-1
113,[0.34640448 0.37806604],70,13,"[0.3772074110661572, 0.3667665336396509]",113,81
114,[0.62265964 0.17894515],75,55,"[0.6160291566716146, 0.18582080836242268]",110,37
115,[0.8019454  0.84638264],26,95,"[0.8179696228241676, 0.8855176666788548]",-1,-1
116,[0.32899238 0.83370735],89,82,"[0.32758089961125464, 0.809330839306685]",-1,-1
117,[0.66568272 0.75733011],59,6,"[0.6704818259566957, 0.7868874266118806]",102,-1
118,[0.40598664 0.79964372],10,22,"[0.4053244070468948, 0.7892325425819533]",113,-1
119,[0.80915908 0.65204906],27,25,"[0.8290893185566872, 0.6663325003431528]",102,-1
120,[0.39709713 0.14545419],2,4,"[0.3827392388806571, 0.18315480574773338]",110,-1
121,[0.56168994 0.35130803],72,23,"[0.5544996285461486, 0.3649814617648961]",110,53
122,[0.30709939 0.4842988 ],5,2,"[0.2982944979771574, 0.4928881704977565]",113,82
123,[0.50368564 0.21746499],75,10,"[0.4982904339105401, 0.17462697492844612]",110,-1
124,[0.76157662 0.69937126],19,11,"[0.7285416878591984, 0.7120527989062413]",102,-1
125,[0.17888698 0.18970218],47,20,"[0.18106142669570233, 0.20480546739290073]",104,42
126,[0.20362349 0.73978965],25,42,"[0.17164193172035744, 0.7477907034099851]",88,-1
127,[0.75911144 0.48887253],35,49,"[0.7597872492020543, 0.528305606483068]",48,10
128,[0.79963103 0.2717014 ],86,39,"[0.7929729113380171, 0.306282578754693]",36,-1
129,[0.07613601 0.55517431],87,52,"[0.10837107196086664, 0.5019908555728455]",-1,-1
130,[0.06838782 0.21184544],95,57,"[0.11385950246950007, 0.22156166292214274]",-1,-1
131,[0.34150957 0.6541126 ],51,12,"[0.3563557933558874, 0.6600167756750083]",113,83
132,[0.29335533 0.51281943],73,2,"[0.2982944979771574, 0.4928881704977565]",113,78
133,[0.14784134 0.45408005],96,14,"[0.16635912736795258, 0.4532667183848064]",113,69
134,[0.27117319 0.66504484],98,8,"[0.29185823944997474, 0.6822630454364129]",113,-1
135,[0.58695373 0.73077591],3,27,"[0.6091441642186142, 0.7391629772413223]",-1,-1
136,[0.73058682 0.54922161],11,49,"[0.7597872492020543, 0.528305606483068]",-1,-1
137,[0.33257394 0.29736904],17,44,"[0.34401211644161456, 0.2727474001163449]",-1,-1
138,[0.3789854  0.54093002],54,67,"[0.39991637370105465, 0.5429488636659977]",113,-1
139,[0.28558765 0.47940819],78,2,"[0.2982944979771574, 0.4928881704977565]",113,81
140,[0.33757497 0.63900005],54,12,"[0.3563557933558874, 0.6600167756750083]",113,-1
141,[0.12342931 0.64345046],15,72,"[0.13389630971446978, 0.6701017461857026]",-1,-1
142,[0.10278543 0.7577892 ],58,71,"[0.10117111935954111, 0.7754028082579668]",-1,-1
143,[0.66121409 0.62360272],11,60,"[0.6482027966760067, 0.6653053686977741]",-1,1
144,[0.26207318 0.50515021],5,2,"[0.2982944979771574, 0.4928881704977565]",113,81
145,[0.16277557 0.17906328],95,7,"[0.16040334011861732, 0.1583747599262833]",104,42
146,[0.4710407  0.91350064],24,63,"[0.4663233365844979, 0.874422196988726]",-1,-1
147,[0.08811277 0.51480174],87,52,"[0.10837107196086664, 0.5019908555728455]",-1,-1
148,[0.391974 0.153188],29,4,"[0.3827392388806571, 0.18315480574773338]",110,62
149,[0.81549938 0.49108205],28,61,"[0.8226541227267828, 0.49698240517173836]",70,-1
150,[0.59135441 0.12135388],71,37,"[0.590787313093903, 0.1287873361919935]",110,-1
151,[0.45819832 0.22667298],61,40,"[0.4428604662933861, 0.22666876085097074]",-1,-1
152,[0.80244586 0.72094745],50,25,"[0.8290893185566872, 0.6663325003431528]",102,-1
153,[0.42980306 0.0926305 ],29,15,"[0.4480198330140321, 0.13770311065471516]",-1,-1
154,[0.1231633  0.42032361],96,76,"[0.1271293063442913, 0.39727223545070534]",-1,-1
155,[0.69418179 0.41786665],44,46,"[0.6818606004752428, 0.39460805157892936]",43,4
156,[0.83093413 0.37803729],39,85,"[0.8330047067228752, 0.39861674914336154]",12,-1
157,[0.73241803 0.66721815],19,11,"[0.7285416878591984, 0.7120527989062413]",102,-1
158,[0.33673098 0.54152713],73,5,"[0.3369928142177202, 0.5813431770807651]",113,72
159,[0.3484459  0.39502541],43,1,"[0.31345252476490787, 0.39568681619531276]",113,81
160,[0.20462813 0.74092059],0,42,"[0.17164193172035744, 0.7477907034099851]",88,-1
161,[0.21766621 0.22903242],90,34,"[0.22317706824250913, 0.23387943431995686]",104,42
162,[0.37832893 0.85078076],41,41,"[0.4045860819360065, 0.8451095848913467]",113,-1
163,[0.08497595 0.07512498],66,-1,-1,-1,-1
164,[0.28158186 0.48548309],73,2,"[0.2982944979771574, 0.4928881704977565]",113,81
165,[0.33455289 0.59302408],9,5,"[0.3369928142177202, 0.5813431770807651]",113,-1
166,[0.24156245 0.56570134],78,24,"[0.2575895391106446, 0.5636151717894005]",-1,-1
167,[0.63541899 0.12919106],71,37,"[0.590787313093903, 0.1287873361919935]",-1,-1
168,[0.77765297 0.28195335],93,39,"[0.7929729113380171, 0.306282578754693]",36,-1
169,[0.16774483 0.44086254],34,14,"[0.16635912736795258, 0.4532667183848064]",113,-1
170,[0.66164415 0.67896498],19,60,"[0.6482027966760067, 0.6653053686977741]",60,19
171,[0.69289203 0.23853474],57,33,"[0.712147299809196, 0.21396583181069667]",-1,-1
172,[0.11592965 0.83470022],21,47,"[0.12002015978901225, 0.8781802626724163]",-1,-1
173,[0.61253377 0.32108448],72,56,"[0.6228765219922414, 0.3379402254620158]",110,-1
174,[0.6340644  0.68191597],3,60,"[0.6482027966760067, 0.6653053686977741]",102,-1
175,[0.61912371 0.65784646],40,60,"[0.6482027966760067, 0.6653053686977741]",-1,-1
176,[0.31349537 0.33148578],70,1,"[0.31345252476490787, 0.39568681619531276]",113,-1
177,[0.44219909 0.09881719],29,15,"[0.4480198330140321, 0.13770311065471516]",-1,-1
178,[0.83357952 0.20343027],38,93,"[0.8175047550160816, 0.1805576480903363]",-1,-1
179,[0.61302243 0.80570919],53,45,"[0.6014090517878816, 0.8253297621455221]",102,-1
180,[0.40427775 0.872585  ],10,41,"[0.4045860819360065, 0.8451095848913467]",-1,23
181,[0.23497534 0.21588815],68,34,"[0.22317706824250913, 0.23387943431995686]",104,42
182,[0.91825801 0.60016855],56,83,"[0.9023954923676734, 0.6253829621221342]",15,-1
183,[0.38288246 0.77260095],89,22,"[0.4053244070468948, 0.7892325425819533]",113,71
184,[0.35387253 0.64188406],14,12,"[0.3563557933558874, 0.6600167756750083]",113,-1
185,[0.29508129 0.7224495 ],84,8,"[0.29185823944997474, 0.6822630454364129]",113,79
186,[0.77107319 0.20490315],38,9,"[0.7745160189749856, 0.22813324751878863]",36,12
187,[0.43054124 0.72706421],88,59,"[0.4102385111598612, 0.7308207375545044]",-1,-1
188,[0.50378297 0.66959411],9,88,"[0.49693056847195605, 0.6857701176055397]",4,-1
189,[0.44353066 0.18386982],61,40,"[0.4428604662933861, 0.22666876085097074]",110,-1
190,[0.40979234 0.75188139],89,59,"[0.4102385111598612, 0.7308207375545044]",113,-1
191,[0.57233752 0.70401864],53,28,"[0.572088563242004, 0.6648723747855627]",69,-1
192,[0.35971471 0.25557693],1,44,"[0.34401211644161456, 0.2727474001163449]",110,-1
193,[0.38108378 0.14410354],2,92,"[0.3725508188236613, 0.1071489353939289]",110,-1
194,[0.61585399 0.62038585],12,30,"[0.5893115951066175, 0.5856347360021498]",81,-1
195,[0.21560477 0.23662802],90,34,"[0.22317706824250913, 0.23387943431995686]",104,42
196,[0.68638948 0.59079485],11,80,"[0.6893002767673785, 0.5852948461925299]",-1,-1
197,[0.74876388 0.39579907],35,79,"[0.7440923457598303, 0.4172681159825393]",-1,-1
198,[0.1977513  0.26053409],47,19,"[0.1752933885253929, 0.2769931075732081]",104,42
199,[0.12037889 0.06425455],79,73,"[0.15159497202623598, 0.099534542862727]",-1,-1
200,[0.3571494 0.2318593],17,44,"[0.34401211644161456, 0.2727474001163449]",110,-1
201,[0.33985162 0.38562759],48,1,"[0.31345252476490787, 0.39568681619531276]",113,81
202,[0.53211058 0.31571421],6,17,"[0.5266584783397147, 0.2925234389366824]",110,49
203,[0.24635024 0.23743973],68,34,"[0.22317706824250913, 0.23387943431995686]",104,42
204,[0.84356178 0.51261196],28,61,"[0.8226541227267828, 0.49698240517173836]",68,-1
205,[0.76330572 0.53653319],82,49,"[0.7597872492020543, 0.528305606483068]",50,10
206,[0.33910242 0.42528998],65,1,"[0.31345252476490787, 0.39568681619531276]",113,-1
207,[0.84269471 0.48140843],28,61,"[0.8226541227267828, 0.49698240517173836]",68,-1
208,[0.32998359 0.49850276],69,2,"[0.2982944979771574, 0.4928881704977565]",113,-1
209,[0.30340912 0.69988941],84,8,"[0.29185823944997474, 0.6822630454364129]",113,-1
210,[0.26951513 0.39991015],77,0,"[0.24505961735590134, 0.40258348756972934]",113,81
211,[0.67922233 0.83560661],59,75,"[0.7159769487757391, 0.8473248623765012]",102,-1
212,[0.65755956 0.76172915],59,6,"[0.6704818259566957, 0.7868874266118806]",102,-1
213,[0.81095168 0.5427197 ],82,61,"[0.8226541227267828, 0.49698240517173836]",49,10
214,[0.39652881 0.83868555],23,41,"[0.4045860819360065, 0.8451095848913467]",113,-1
215,[0.61601068 0.89792755],45,74,"[0.6387846519793019, 0.8886269005667045]",91,14
216,[0.27214504 0.57130065],5,24,"[0.2575895391106446, 0.5636151717894005]",113,-1
217,[0.70544539 0.92984165],31,-1,-1,-1,-1
218,[0.42070032 0.50657171],51,67,"[0.39991637370105465, 0.5429488636659977]",-1,-1
219,[0.19841903 0.27405311],47,19,"[0.1752933885253929, 0.2769931075732081]",104,42
220,[0.50640407 0.152361  ],71,10,"[0.4982904339105401, 0.17462697492844612]",110,-1
221,[0.54296189 0.19592181],18,31,"[0.5509259779365981, 0.20365500329799469]",110,61
222,[0.51559386 0.18988877],17,10,"[0.4982904339105401, 0.17462697492844612]",110,-1
223,[0.83486673 0.46393465],82,61,"[0.8226541227267828, 0.49698240517173836]",17,-1
224,[0.30386614 0.38322599],77,1,"[0.31345252476490787, 0.39568681619531276]",113,81
225,[0.52314844 0.35307018],72,23,"[0.5544996285461486, 0.3649814617648961]",110,-1
226,[0.67334239 0.77107106],59,6,"[0.6704818259566957, 0.7868874266118806]",102,-1
227,[0.69218329 0.18496226],49,33,"[0.712147299809196, 0.21396583181069667]",-1,-1
228,[0.76938072 0.39287593],39,79,"[0.7440923457598303, 0.4172681159825393]",-1,-1
229,[0.49065977 0.31013674],63,17,"[0.5266584783397147, 0.2925234389366824]",-1,-1
230,[0.54191367 0.36171527],63,23,"[0.5544996285461486, 0.3649814617648961]",110,-1
231,[0.33353054 0.31389011],1,44,"[0.34401211644161456, 0.2727474001163449]",-1,-1
232,[0.26782816 0.66725741],51,8,"[0.29185823944997474, 0.6822630454364129]",113,73
233,[0.18182394 0.26176992],47,19,"[0.1752933885253929, 0.2769931075732081]",104,42
234,[0.2839357  0.66593236],13,8,"[0.29185823944997474, 0.6822630454364129]",113,-1
235,[0.29165202 0.32681851],48,21,"[0.24089021291760518, 0.30160856093346966]",-1,-1
236,[0.70890388 0.77862339],91,6,"[0.6704818259566957, 0.7868874266118806]",102,-1
237,[0.13661597 0.14151322],66,7,"[0.16040334011861732, 0.1583747599262833]",104,42
238,[0.10703536 0.19352736],79,57,"[0.11385950246950007, 0.22156166292214274]",104,-1
239,[0.69860085 0.71044278],50,11,"[0.7285416878591984, 0.7120527989062413]",102,-1
240,[0.15177706 0.14385663],20,7,"[0.16040334011861732, 0.1583747599262833]",104,42
241,[0.13750854 0.89094182],64,47,"[0.12002015978901225, 0.8781802626724163]",-1,-1
242,[0.63816108 0.73063332],59,27,"[0.6091441642186142, 0.7391629772413223]",102,-1
243,[0.76400506 0.20037265],49,9,"[0.7745160189749856, 0.22813324751878863]",36,12
244,[0.50311835 0.18734087],61,10,"[0.4982904339105401, 0.17462697492844612]",110,-1
245,[0.14319224 0.50408156],42,52,"[0.10837107196086664, 0.5019908555728455]",113,66
246,[0.20132044 0.59824661],25,70,"[0.16883511008014604, 0.6108734061004485]",-1,-1
247,[0.61133738 0.84239116],45,45,"[0.6014090517878816, 0.8253297621455221]",-1,-1
248,[0.35376603 0.67932292],9,12,"[0.3563557933558874, 0.6600167756750083]",113,-1
249,[0.40550895 0.34662736],70,13,"[0.3772074110661572, 0.3667665336396509]",-1,-1
250,[0.10810834 0.22784966],95,57,"[0.11385950246950007, 0.22156166292214274]",104,-1
251,[0.60836363 0.26411923],6,58,"[0.5903496421521437, 0.26872112132208276]",-1,-1
252,[0.65984401 0.60897238],11,80,"[0.6893002767673785, 0.5852948461925299]",-1,-1
253,[0.60822437 0.13235813],80,37,"[0.590787313093903, 0.1287873361919935]",110,-1
254,[0.81214304 0.62052431],27,53,"[0.7681832820464827, 0.6327372104307392]",-1,-1
255,[0.70374626 0.74517608],91,11,"[0.7285416878591984, 0.7120527989062413]",102,-1
256,[0.47273995 0.59948162],74,38,"[0.5222833502418962, 0.5760861920194034]",-1,-1
257,[0.61412144 0.3617539 ],76,56,"[0.6228765219922414, 0.3379402254620158]",110,-1
258,[0.7792086  0.24752353],57,9,"[0.7745160189749856, 0.22813324751878863]",36,12
259,[0.72782435 0.58482585],11,80,"[0.6893002767673785, 0.5852948461925299]",27,-1
260,[0.34749356 0.59156251],69,5,"[0.3369928142177202, 0.5813431770807651]",113,-1
261,[0.38737356 0.34856083],65,13,"[0.3772074110661572, 0.3667665336396509]",-1,-1
262,[0.43956913 0.67213186],51,88,"[0.49693056847195605, 0.6857701176055397]",-1,-1
263,[0.07370858 0.76489364],58,71,"[0.10117111935954111, 0.7754028082579668]",-1,-1
264,[0.79630125 0.83647469],26,48,"[0.8063574629792128, 0.8028480378432847]",66,-1
265,[0.81543841 0.28726029],86,39,"[0.7929729113380171, 0.306282578754693]",36,8
266,[0.85726238 0.7367153 ],56,65,"[0.8683963995203289, 0.7186203255414056]",-1,-1
267,[0.75788604 0.22351327],38,9,"[0.7745160189749856, 0.22813324751878863]",36,12
268,[0.7312734  0.74510971],59,16,"[0.7557129160895149, 0.7610612683801858]",102,57
269,[0.12533331 0.18409383],20,86,"[0.10460029415455299, 0.15390780514892627]",104,-1
270,[0.53121901 0.28110292],63,17,"[0.5266584783397147, 0.2925234389366824]",110,48
271,[0.50994918 0.17816397],18,10,"[0.4982904339105401, 0.17462697492844612]",110,63
272,[0.08718482 0.86034415],21,47,"[0.12002015978901225, 0.8781802626724163]",-1,-1
273,[0.3137567  0.51694097],73,2,"[0.2982944979771574, 0.4928881704977565]",113,-1
274,[0.51908808 0.43402225],76,77,"[0.5067154617511884, 0.39780872086571867]",-1,-1
275,[0.30919947 0.68676155],13,8,"[0.29185823944997474, 0.6822630454364129]",113,-1
276,[0.19265045 0.23492937],47,34,"[0.22317706824250913, 0.23387943431995686]",104,42
277,[0.33418672 0.69012868],62,12,"[0.3563557933558874, 0.6600167756750083]",113,-1
278,[0.4747828  0.79329927],88,51,"[0.47563858561263794, 0.7978986338068428]",113,-1
279,[0.74172769 0.19943058],49,33,"[0.712147299809196, 0.21396583181069667]",36,12
280,[0.77226186 0.19700085],30,9,"[0.7745160189749856, 0.22813324751878863]",36,12
281,[0.72093168 0.84008735],31,75,"[0.7159769487757391, 0.8473248623765012]",-1,-1
282,[0.40969968 0.11809436],29,92,"[0.3725508188236613, 0.1071489353939289]",-1,-1
283,[0.52572604 0.15083039],18,69,"[0.5153460121236064, 0.11707314703881673]",110,63
284,[0.82479339 0.61324589],27,43,"[0.8559722074695512, 0.5768738433864216]",99,22
285,[0.24017664 0.38842931],94,0,"[0.24505961735590134, 0.40258348756972934]",113,81
286,[0.39865644 0.66140902],51,18,"[0.4095647158889755, 0.6213093728466221]",113,77
287,[0.68821739 0.87691761],31,75,"[0.7159769487757391, 0.8473248623765012]",-1,-1
288,[0.61512498 0.56470348],11,30,"[0.5893115951066175, 0.5856347360021498]",-1,-1
289,[0.85221263 0.36788388],39,85,"[0.8330047067228752, 0.39861674914336154]",-1,-1
290,[0.20801305 0.21095296],67,34,"[0.22317706824250913, 0.23387943431995686]",104,42
291,[0.23874914 0.30170345],47,21,"[0.24089021291760518, 0.30160856093346966]",104,-1
292,[0.30515801 0.7511387 ],13,26,"[0.34140158523352676, 0.7415276229463709]",112,-1
293,[0.19180122 0.43032563],7,14,"[0.16635912736795258, 0.4532667183848064]",113,-1
294,[0.60322733 0.82815433],59,45,"[0.6014090517878816, 0.8253297621455221]",-1,-1
295,[0.79745532 0.64643199],4,53,"[0.7681832820464827, 0.6327372104307392]",102,-1
296,[0.83293562 0.66670133],27,25,"[0.8290893185566872, 0.6663325003431528]",102,24
297,[0.72135362 0.41530526],35,79,"[0.7440923457598303, 0.4172681159825393]",43,4
298,[0.52978765 0.23501362],22,31,"[0.5509259779365981, 0.20365500329799469]",110,-1
299,[0.72994453 0.79789545],91,16,"[0.7557129160895149, 0.7610612683801858]",-1,-1
300,[0.45826182 0.79915001],88,51,"[0.47563858561263794, 0.7978986338068428]",113,-1
301,[0.39097702 0.79906827],23,22,"[0.4053244070468948, 0.7892325425819533]",113,-1
302,[0.24456863 0.71662245],0,81,"[0.2526303993585153, 0.7288181375759063]",113,-1
303,[0.2027206  0.42169689],94,0,"[0.24505961735590134, 0.40258348756972934]",113,-1
304,[0.85909076 0.33164158],37,84,"[0.8747370333854485, 0.3299307577245935]",25,2
305,[0.70971642 0.72941065],60,11,"[0.7285416878591984, 0.7120527989062413]",102,-1
306,[0.25060998 0.59132207],25,24,"[0.2575895391106446, 0.5636151717894005]",-1,-1
307,[0.43454258 0.11636832],46,15,"[0.4480198330140321, 0.13770311065471516]",110,-1
308,[0.88622777 0.36539128],39,84,"[0.8747370333854485, 0.3299307577245935]",24,-1
309,[0.76255971 0.5171552 ],82,49,"[0.7597872492020543, 0.528305606483068]",50,10
310,[0.37834767 0.15614514],92,4,"[0.3827392388806571, 0.18315480574773338]",110,-1
311,[0.6109925  0.20260126],22,55,"[0.6160291566716146, 0.18582080836242268]",110,37
312,[0.8047293  0.44286853],28,85,"[0.8330047067228752, 0.39861674914336154]",-1,-1
313,[0.50603175 0.61984602],16,38,"[0.5222833502418962, 0.5760861920194034]",-1,-1
314,[0.15442412 0.80143744],64,78,"[0.17639698191982223, 0.8335029307302414]",59,-1
315,[0.20879361 0.49476294],7,3,"[0.22590404659055946, 0.4809143921482596]",113,81
316,[0.20552679 0.49673641],34,3,"[0.22590404659055946, 0.4809143921482596]",113,81
317,[0.85519327 0.26252784],93,87,"[0.8400115250570579, 0.2635503368487671]",-1,-1
318,[0.79743236 0.47538552],82,61,"[0.8226541227267828, 0.49698240517173836]",71,3
319,[0.31710719 0.58625909],69,5,"[0.3369928142177202, 0.5813431770807651]",-1,-1
320,[0.608588   0.74592495],3,27,"[0.6091441642186142, 0.7391629772413223]",96,36
321,[0.45881653 0.2729064 ],6,40,"[0.4428604662933861, 0.22666876085097074]",-1,-1
322,[0.17337362 0.15532811],67,7,"[0.16040334011861732, 0.1583747599262833]",104,42
323,[0.32325335 0.67387099],13,8,"[0.29185823944997474, 0.6822630454364129]",113,83
324,[0.12397161 0.43515149],87,76,"[0.1271293063442913, 0.39727223545070534]",-1,-1
325,[0.14663409 0.25913274],90,19,"[0.1752933885253929, 0.2769931075732081]",-1,-1
326,[0.23093449 0.27292588],68,21,"[0.24089021291760518, 0.30160856093346966]",104,42
327,[0.20540788 0.1922582 ],90,20,"[0.18106142669570233, 0.20480546739290073]",104,42
328,[0.69005312 0.7407791 ],59,11,"[0.7285416878591984, 0.7120527989062413]",102,-1
329,[0.20489139 0.77894693],0,42,"[0.17164193172035744, 0.7477907034099851]",-1,-1
330,[0.88935128 0.41155717],39,94,"[0.8753265847499492, 0.4535299653068886]",-1,-1
331,[0.66443494 0.83942797],91,75,"[0.7159769487757391, 0.8473248623765012]",-1,-1
332,[0.86801345 0.56568819],28,43,"[0.8559722074695512, 0.5768738433864216]",-1,-1
333,[0.80552886 0.27161324],30,87,"[0.8400115250570579, 0.2635503368487671]",36,-1
334,[0.46432186 0.14105511],46,15,"[0.4480198330140321, 0.13770311065471516]",110,63
335,[0.27357217 0.64579238],14,8,"[0.29185823944997474, 0.6822630454364129]",-1,-1
336,[0.66905315 0.24635841],85,33,"[0.712147299809196, 0.21396583181069667]",-1,-1
337,[0.26150122 0.4116131 ],77,0,"[0.24505961735590134, 0.40258348756972934]",113,81
338,[0.41017252 0.77579533],41,22,"[0.4053244070468948, 0.7892325425819533]",113,71
339,[0.35530344 0.6323683 ],69,12,"[0.3563557933558874, 0.6600167756750083]",113,-1
340,[0.39106708 0.83358937],88,41,"[0.4045860819360065, 0.8451095848913467]",113,-1
341,[0.87703441 0.2741908 ],37,97,"[0.9117696710959879, 0.2607718115134211]",-1,-1
342,[0.58462903 0.13435373],80,37,"[0.590787313093903, 0.1287873361919935]",-1,-1
343,[0.44072588 0.17697454],46,15,"[0.4480198330140321, 0.13770311065471516]",110,63
344,[0.27056849 0.46402321],94,2,"[0.2982944979771574, 0.4928881704977565]",113,81
345,[0.31446216 0.770501  ],84,26,"[0.34140158523352676, 0.7415276229463709]",-1,-1
346,[0.36962992 0.84907221],41,41,"[0.4045860819360065, 0.8451095848913467]",113,-1
347,[0.75902765 0.25944711],57,9,"[0.7745160189749856, 0.22813324751878863]",36,11
348,[0.22613249 0.43637955],34,0,"[0.24505961735590134, 0.40258348756972934]",113,81
349,[0.39040119 0.62412007],51,18,"[0.4095647158889755, 0.6213093728466221]",113,84
350,[0.42153993 0.6281416 ],54,18,"[0.4095647158889755, 0.6213093728466221]",113,84
351,[0.53976216 0.29910175],63,17,"[0.5266584783397147, 0.2925234389366824]",110,48
352,[0.87005444 0.33854468],37,84,"[0.8747370333854485, 0.3299307577245935]",25,2
353,[0.36239383 0.88719436],10,99,"[0.40646030356053225, 0.9259295599180227]",-1,-1
354,[0.42722334 0.76589995],89,22,"[0.4053244070468948, 0.7892325425819533]",113,71
355,[0.41252343 0.76469186],23,22,"[0.4053244070468948, 0.7892325425819533]",113,-1
356,[0.50642836 0.68738245],12,88,"[0.49693056847195605, 0.6857701176055397]",4,-1
357,[0.55538936 0.85261908],45,89,"[0.5577955894805164, 0.8749894575544954]",-1,-1
358,[0.32074622 0.60973626],14,5,"[0.3369928142177202, 0.5813431770807651]",113,-1
359,[0.29507289 0.2240209 ],1,29,"[0.29724643836137565, 0.21152192866347855]",-1,-1
360,[0.65778134 0.73544237],3,27,"[0.6091441642186142, 0.7391629772413223]",102,-1
361,[0.69671957 0.23247164],49,33,"[0.712147299809196, 0.21396583181069667]",36,-1
362,[0.34662066 0.37442185],70,13,"[0.3772074110661572, 0.3667665336396509]",113,81
363,[0.51340217 0.79041478],88,51,"[0.47563858561263794, 0.7978986338068428]",-1,-1
364,[0.45623515 0.15789133],97,15,"[0.4480198330140321, 0.13770311065471516]",110,-1
365,[0.30637271 0.38686422],43,1,"[0.31345252476490787, 0.39568681619531276]",113,-1
366,[0.580932   0.81887331],3,45,"[0.6014090517878816, 0.8253297621455221]",102,-1
367,[0.29659229 0.54589352],8,24,"[0.2575895391106446, 0.5636151717894005]",113,-1
368,[0.1446099  0.13524369],66,7,"[0.16040334011861732, 0.1583747599262833]",104,42
369,[0.21164284 0.50896673],8,3,"[0.22590404659055946, 0.4809143921482596]",113,81
370,[0.36769005 0.6137981 ],62,18,"[0.4095647158889755, 0.6213093728466221]",113,84
371,[0.11707786 0.24813162],20,57,"[0.11385950246950007, 0.22156166292214274]",-1,-1
372,[0.52375454 0.7048838 ],81,88,"[0.49693056847195605, 0.6857701176055397]",-1,-1
373,[0.5350608  0.45816108],33,68,"[0.5421113451424038, 0.49916034700705]",-1,-1
374,[0.76574644 0.23448609],57,9,"[0.7745160189749856, 0.22813324751878863]",36,-1
375,[0.65309195 0.67450038],40,60,"[0.6482027966760067, 0.6653053686977741]",-1,-1
376,[0.80783446 0.21107905],49,93,"[0.8175047550160816, 0.1805576480903363]",36,12
377,[0.13602745 0.4156622 ],96,76,"[0.1271293063442913, 0.39727223545070534]",108,-1
378,[0.77997641 0.66521067],19,53,"[0.7681832820464827, 0.6327372104307392]",102,34
379,[0.14359458 0.0843644 ],66,73,"[0.15159497202623598, 0.099534542862727]",-1,-1
380,[0.20917041 0.28085672],36,19,"[0.1752933885253929, 0.2769931075732081]",104,42
381,[0.26213159 0.42092854],77,0,"[0.24505961735590134, 0.40258348756972934]",113,81
382,[0.78490642 0.18294119],49,93,"[0.8175047550160816, 0.1805576480903363]",36,-1
383,[0.18845092 0.15856633],90,7,"[0.16040334011861732, 0.1583747599262833]",104,42
384,[0.58160028 0.17179444],80,55,"[0.6160291566716146, 0.18582080836242268]",110,-1
385,[0.58209076 0.80689527],88,45,"[0.6014090517878816, 0.8253297621455221]",-1,-1
386,[0.13063837 0.7761388 ],64,71,"[0.10117111935954111, 0.7754028082579668]",79,-1
387,[0.56620664 0.21969118],71,31,"[0.5509259779365981, 0.20365500329799469]",110,-1
388,[0.53508991 0.52167228],16,68,"[0.5421113451424038, 0.49916034700705]",-1,-1
389,[0.2496956 0.4727404],99,3,"[0.22590404659055946, 0.4809143921482596]",113,81
390,[0.75629415 0.83865043],91,75,"[0.7159769487757391, 0.8473248623765012]",-1,-1
391,[0.23799771 0.35818556],34,0,"[0.24505961735590134, 0.40258348756972934]",113,81
392,[0.73788384 0.45597857],82,79,"[0.7440923457598303, 0.4172681159825393]",-1,-1
393,[0.20601261 0.85430011],64,78,"[0.17639698191982223, 0.8335029307302414]",-1,-1
394,[0.1201639  0.79003139],58,71,"[0.10117111935954111, 0.7754028082579668]",78,20
395,[0.77375862 0.50886479],82,49,"[0.7597872492020543, 0.528305606483068]",50,10
396,[0.21384846 0.58143314],25,24,"[0.2575895391106446, 0.5636151717894005]",-1,-1
397,[0.71278296 0.16891742],57,90,"[0.6807795084802507, 0.1410405480143203]",36,-1
398,[0.17491735 0.44976866],96,14,"[0.16635912736795258, 0.4532667183848064]",113,-1
399,[0.15551292 0.272043  ],36,19,"[0.1752933885253929, 0.2769931075732081]",104,42
400,[0.65967913 0.1154371 ],80,90,"[0.6807795084802507, 0.1410405480143203]",-1,-1
401,[0.76537737 0.20900571],49,9,"[0.7745160189749856, 0.22813324751878863]",36,12
402,[0.29372014 0.39238505],55,1,"[0.31345252476490787, 0.39568681619531276]",113,81
403,[0.53667878 0.40958233],33,77,"[0.5067154617511884, 0.39780872086571867]",110,53
404,[0.22225629 0.13917945],68,54,"[0.23065754032548644, 0.16311462163198792]",-1,-1
405,[0.577819   0.20896831],71,31,"[0.5509259779365981, 0.20365500329799469]",110,-1
406,[0.57946945 0.34770443],72,23,"[0.5544996285461486, 0.3649814617648961]",110,53
407,[0.27786062 0.50277153],73,2,"[0.2982944979771574, 0.4928881704977565]",113,81
408,[0.37945641 0.5944905 ],69,18,"[0.4095647158889755, 0.6213093728466221]",113,84
409,[0.43945507 0.79443933],88,22,"[0.4053244070468948, 0.7892325425819533]",113,71
410,[0.61558422 0.19922439],71,55,"[0.6160291566716146, 0.18582080836242268]",110,37
411,[0.46279003 0.80285469],41,51,"[0.47563858561263794, 0.7978986338068428]",113,-1
412,[0.21015259 0.67655121],25,32,"[0.21070106237511496, 0.6599645039522288]",113,-1
413,[0.32993042 0.27281653],17,44,"[0.34401211644161456, 0.2727474001163449]",76,17
414,[0.42177596 0.84665085],24,41,"[0.4045860819360065, 0.8451095848913467]",113,-1
415,[0.48813555 0.38541012],76,77,"[0.5067154617511884, 0.39780872086571867]",-1,-1
416,[0.58953928 0.56526223],16,30,"[0.5893115951066175, 0.5856347360021498]",-1,-1
417,[0.16739852 0.18479512],20,20,"[0.18106142669570233, 0.20480546739290073]",104,42
418,[0.35305041 0.34700906],65,13,"[0.3772074110661572, 0.3667665336396509]",111,-1
419,[0.27102079 0.41874242],99,0,"[0.24505961735590134, 0.40258348756972934]",113,81
420,[0.14000424 0.07798029],66,73,"[0.15159497202623598, 0.099534542862727]",-1,-1
421,[0.48706344 0.27058253],17,17,"[0.5266584783397147, 0.2925234389366824]",29,-1
422,[0.67845744 0.80682021],31,6,"[0.6704818259566957, 0.7868874266118806]",102,50
423,[0.72270207 0.18860983],49,33,"[0.712147299809196, 0.21396583181069667]",36,6
424,[0.55828557 0.66849439],40,28,"[0.572088563242004, 0.6648723747855627]",69,26
425,[0.72239913 0.76681404],91,16,"[0.7557129160895149, 0.7610612683801858]",102,56
426,[0.70605349 0.75759713],53,6,"[0.6704818259566957, 0.7868874266118806]",102,-1
427,[0.59612579 0.58113293],74,30,"[0.5893115951066175, 0.5856347360021498]",77,28
428,[0.37208518 0.77576211],41,22,"[0.4053244070468948, 0.7892325425819533]",113,-1
429,[0.22585184 0.4991498 ],8,3,"[0.22590404659055946, 0.4809143921482596]",113,81
430,[0.30770041 0.72981226],98,26,"[0.34140158523352676, 0.7415276229463709]",113,-1
431,[0.76155866 0.22420893],49,9,"[0.7745160189749856, 0.22813324751878863]",36,-1
432,[0.26158312 0.20095345],68,29,"[0.29724643836137565, 0.21152192866347855]",104,41
433,[0.85223777 0.56026961],28,43,"[0.8559722074695512, 0.5768738433864216]",-1,22
434,[0.30749384 0.721532  ],84,26,"[0.34140158523352676, 0.7415276229463709]",113,79
435,[0.46690686 0.53417005],16,67,"[0.39991637370105465, 0.5429488636659977]",-1,-1
436,[0.58409972 0.68757093],40,28,"[0.572088563242004, 0.6648723747855627]",-1,-1
437,[0.55926138 0.55664005],74,30,"[0.5893115951066175, 0.5856347360021498]",80,30
438,[0.56382576 0.17944546],75,31,"[0.5509259779365981, 0.20365500329799469]",110,58
439,[0.58750424 0.24324715],71,58,"[0.5903496421521437, 0.26872112132208276]",110,-1
440,[0.6043232 0.9095931],45,74,"[0.6387846519793019, 0.8886269005667045]",-1,-1
441,[0.39067045 0.77445073],23,22,"[0.4053244070468948, 0.7892325425819533]",113,71
442,[0.44391797 0.76065825],41,59,"[0.4102385111598612, 0.7308207375545044]",113,-1
443,[0.89609245 0.46039818],39,94,"[0.8753265847499492, 0.4535299653068886]",-1,-1
444,[0.29030899 0.27233032],1,44,"[0.34401211644161456, 0.2727474001163449]",-1,-1
445,[0.50956801 0.36365103],63,77,"[0.5067154617511884, 0.39780872086571867]",-1,-1
446,[0.34850265 0.50910012],73,2,"[0.2982944979771574, 0.4928881704977565]",-1,-1
447,[0.51353552 0.46752486],33,68,"[0.5421113451424038, 0.49916034700705]",-1,-1
448,[0.71117542 0.12827864],93,90,"[0.6807795084802507, 0.1410405480143203]",-1,-1
449,[0.17147587 0.6292064 ],25,70,"[0.16883511008014604, 0.6108734061004485]",113,43
450,[0.20657612 0.17331789],90,54,"[0.23065754032548644, 0.16311462163198792]",104,42
451,[0.5762736 0.2246218],80,31,"[0.5509259779365981, 0.20365500329799469]",110,-1
452,[0.70229352 0.54968032],11,80,"[0.6893002767673785, 0.5852948461925299]",50,-1
453,[0.82612963 0.50759772],28,61,"[0.8226541227267828, 0.49698240517173836]",-1,-1
454,[0.34836751 0.28574752],17,44,"[0.34401211644161456, 0.2727474001163449]",-1,-1
455,[0.64134224 0.32777208],72,56,"[0.6228765219922414, 0.3379402254620158]",-1,-1
456,[0.58768386 0.15555304],80,37,"[0.590787313093903, 0.1287873361919935]",110,-1
457,[0.22788235 0.65907735],25,32,"[0.21070106237511496, 0.6599645039522288]",-1,-1
458,[0.31317212 0.6054523 ],62,5,"[0.3369928142177202, 0.5813431770807651]",113,-1
459,[0.23698284 0.67775209],25,32,"[0.21070106237511496, 0.6599645039522288]",113,-1
460,[0.60655828 0.61417891],12,30,"[0.5893115951066175, 0.5856347360021498]",81,-1
461,[0.24605918 0.62347468],25,32,"[0.21070106237511496, 0.6599645039522288]",-1,-1
462,[0.34176326 0.72026514],84,26,"[0.34140158523352676, 0.7415276229463709]",113,76
463,[0.81140786 0.79037121],26,48,"[0.8063574629792128, 0.8028480378432847]",86,32
464,[0.55904347 0.35096591],72,23,"[0.5544996285461486, 0.3649814617648961]",110,53
465,[0.32223673 0.54148968],5,5,"[0.3369928142177202, 0.5813431770807651]",113,-1
466,[0.30777802 0.59361844],62,5,"[0.3369928142177202, 0.5813431770807651]",113,-1
467,[0.39409384 0.73493587],23,59,"[0.4102385111598612, 0.7308207375545044]",113,67
468,[0.32820896 0.4811767 ],48,2,"[0.2982944979771574, 0.4928881704977565]",113,-1
469,[0.35668008 0.59079435],51,5,"[0.3369928142177202, 0.5813431770807651]",113,84
470,[0.29804011 0.67728241],13,8,"[0.29185823944997474, 0.6822630454364129]",113,-1
471,[0.36081528 0.62018258],14,12,"[0.3563557933558874, 0.6600167756750083]",113,-1
472,[0.60579495 0.13704976],71,37,"[0.590787313093903, 0.1287873361919935]",110,38
473,[0.8779832  0.63720923],27,83,"[0.9023954923676734, 0.6253829621221342]",90,-1
474,[0.84292942 0.56648164],4,43,"[0.8559722074695512, 0.5768738433864216]",94,22
475,[0.27302389 0.42605203],78,0,"[0.24505961735590134, 0.40258348756972934]",113,81
476,[0.19806921 0.26986555],36,19,"[0.1752933885253929, 0.2769931075732081]",104,42
477,[0.74140096 0.72639124],50,11,"[0.7285416878591984, 0.7120527989062413]",102,-1
478,[0.45097984 0.15621877],46,15,"[0.4480198330140321, 0.13770311065471516]",110,63
479,[0.84324416 0.88120412],26,95,"[0.8179696228241676, 0.8855176666788548]",-1,-1
480,[0.75510725 0.73583647],50,16,"[0.7557129160895149, 0.7610612683801858]",102,-1
481,[0.70437313 0.83761008],31,75,"[0.7159769487757391, 0.8473248623765012]",-1,-1
482,[0.73403565 0.46167587],82,79,"[0.7440923457598303, 0.4172681159825393]",-1,-1
483,[0.61108317 0.8893811 ],45,74,"[0.6387846519793019, 0.8886269005667045]",91,14
484,[0.35501665 0.77083794],23,26,"[0.34140158523352676, 0.7415276229463709]",113,-1
485,[0.79505335 0.55266432],11,49,"[0.7597872492020543, 0.528305606483068]",49,10
486,[0.72966589 0.14169287],49,62,"[0.7592128314241189, 0.15406303015764497]",-1,-1
487,[0.25101278 0.55447465],8,24,"[0.2575895391106446, 0.5636151717894005]",-1,-1
488,[0.8810479  0.82303342],52,50,"[0.8669550309977382, 0.8414428333530212]",-1,-1
489,[0.17555384 0.42443519],42,14,"[0.16635912736795258, 0.4532667183848064]",113,-1
490,[0.28139607 0.4569747 ],99,2,"[0.2982944979771574, 0.4928881704977565]",113,81
491,[0.55277199 0.29078648],63,17,"[0.5266584783397147, 0.2925234389366824]",110,48
492,[0.34067636 0.5350825 ],73,5,"[0.3369928142177202, 0.5813431770807651]",113,72
493,[0.8327914  0.86947561],26,95,"[0.8179696228241676, 0.8855176666788548]",67,-1
494,[0.69231024 0.19388614],49,33,"[0.712147299809196, 0.21396583181069667]",33,-1
495,[0.14642465 0.08975775],66,73,"[0.15159497202623598, 0.099534542862727]",-1,-1
496,[0.10928993 0.79328828],64,71,"[0.10117111935954111, 0.7754028082579668]",74,-1
497,[0.18153646 0.20843566],36,20,"[0.18106142669570233, 0.20480546739290073]",104,42
498,[0.16000893 0.16753497],66,7,"[0.16040334011861732, 0.1583747599262833]",104,42
499,[0.88831994 0.83912139],26,50,"[0.8669550309977382, 0.8414428333530212]",-1,-1
500,[0.43677691 0.79848173],23,22,"[0.4053244070468948, 0.7892325425819533]",113,71
501,[0.4391549  0.14114332],29,15,"[0.4480198330140321, 0.13770311065471516]",110,63
502,[0.85405542 0.42871025],39,94,"[0.8753265847499492, 0.4535299653068886]",-1,-1
503,[0.89454081 0.34222315],37,84,"[0.8747370333854485, 0.3299307577245935]",-1,-1
504,[0.58053565 0.25047937],22,58,"[0.5903496421521437, 0.26872112132208276]",110,-1
505,[0.41462833 0.83383893],10,41,"[0.4045860819360065, 0.8451095848913467]",113,70
506,[0.33066258 0.74996663],84,26,"[0.34140158523352676, 0.7415276229463709]",113,-1
507,[0.64441535 0.76278481],91,6,"[0.6704818259566957, 0.7868874266118806]",102,-1
508,[0.57757382 0.38230941],76,23,"[0.5544996285461486, 0.3649814617648961]",110,53
509,[0.38060467 0.51789736],73,67,"[0.39991637370105465, 0.5429488636659977]",-1,-1
510,[0.24926837 0.43397806],78,0,"[0.24505961735590134, 0.40258348756972934]",113,81
511,[0.63887692 0.65507782],40,60,"[0.6482027966760067, 0.6653053686977741]",-1,-1
512,[0.3798201  0.31747279],70,13,"[0.3772074110661572, 0.3667665336396509]",57,-1
513,[0.1952767  0.31759779],47,19,"[0.1752933885253929, 0.2769931075732081]",104,-1
514,[0.21006893 0.50114393],7,3,"[0.22590404659055946, 0.4809143921482596]",113,81
515,[0.57967413 0.24882466],75,58,"[0.5903496421521437, 0.26872112132208276]",110,-1
516,[0.62737575 0.82507687],53,45,"[0.6014090517878816, 0.8253297621455221]",102,-1
517,[0.56862181 0.13821873],80,37,"[0.590787313093903, 0.1287873361919935]",110,-1
518,[0.3512789  0.80440034],23,82,"[0.32758089961125464, 0.809330839306685]",-1,-1
519,[0.26830493 0.50320957],99,2,"[0.2982944979771574, 0.4928881704977565]",113,81
520,[0.08805989 0.09604898],66,86,"[0.10460029415455299, 0.15390780514892627]",-1,-1
521,[0.70875157 0.75512754],60,16,"[0.7557129160895149, 0.7610612683801858]",102,-1
522,[0.76077504 0.76324402],60,16,"[0.7557129160895149, 0.7610612683801858]",102,-1
523,[0.65100958 0.42304618],35,46,"[0.6818606004752428, 0.39460805157892936]",43,-1
524,[0.88880996 0.28171628],37,97,"[0.9117696710959879, 0.2607718115134211]",-1,-1
525,[0.53566655 0.15791631],75,10,"[0.4982904339105401, 0.17462697492844612]",110,63
526,[0.5520707  0.72637404],59,27,"[0.6091441642186142, 0.7391629772413223]",-1,-1
527,[0.57970487 0.15641507],18,37,"[0.590787313093903, 0.1287873361919935]",110,59
528,[0.29112642 0.18726771],90,29,"[0.29724643836137565, 0.21152192866347855]",51,-1
529,[0.14277817 0.52597098],7,35,"[0.18006516204956544, 0.5309482406934538]",113,64
530,[0.7758119  0.24782379],57,9,"[0.7745160189749856, 0.22813324751878863]",36,12
531,[0.30658715 0.40761691],55,1,"[0.31345252476490787, 0.39568681619531276]",113,-1
532,[0.32382252 0.50924058],78,2,"[0.2982944979771574, 0.4928881704977565]",113,-1
533,[0.32387005 0.20125632],2,29,"[0.29724643836137565, 0.21152192866347855]",110,-1
534,[0.33746974 0.74754933],84,26,"[0.34140158523352676, 0.7415276229463709]",113,-1
535,[0.62911501 0.09699648],80,37,"[0.590787313093903, 0.1287873361919935]",-1,-1
536,[0.71940276 0.65779697],19,53,"[0.7681832820464827, 0.6327372104307392]",-1,-1
537,[0.19448717 0.2153225 ],95,20,"[0.18106142669570233, 0.20480546739290073]",104,42
538,[0.60405765 0.31941376],33,56,"[0.6228765219922414, 0.3379402254620158]",110,-1
539,[0.68425258 0.44459657],35,66,"[0.6892424870002536, 0.4809362987183399]",-1,4
540,[0.47554876 0.7248002 ],88,88,"[0.49693056847195605, 0.6857701176055397]",-1,-1
541,[0.67272447 0.56712311],11,80,"[0.6893002767673785, 0.5852948461925299]",-1,-1
542,[0.16692451 0.81222165],64,78,"[0.17639698191982223, 0.8335029307302414]",59,9
543,[0.43413191 0.78458354],10,22,"[0.4053244070468948, 0.7892325425819533]",113,-1
544,[0.15234142 0.14007947],66,7,"[0.16040334011861732, 0.1583747599262833]",104,42
545,[0.44159251 0.40110258],70,77,"[0.5067154617511884, 0.39780872086571867]",-1,-1
546,[0.63733706 0.83950035],31,45,"[0.6014090517878816, 0.8253297621455221]",102,39
547,[0.47960962 0.86605116],24,63,"[0.4663233365844979, 0.874422196988726]",93,23
548,[0.53974853 0.41312058],76,77,"[0.5067154617511884, 0.39780872086571867]",110,-1
549,[0.60222299 0.6734234 ],81,28,"[0.572088563242004, 0.6648723747855627]",101,-1
550,[0.73870731 0.78913107],91,16,"[0.7557129160895149, 0.7610612683801858]",102,-1
551,[0.2869909  0.71643822],98,8,"[0.29185823944997474, 0.6822630454364129]",113,79
552,[0.76949421 0.62108604],28,53,"[0.7681832820464827, 0.6327372104307392]",-1,-1
553,[0.73791398 0.13260736],80,62,"[0.7592128314241189, 0.15406303015764497]",-1,-1
554,[0.39410899 0.3556285 ],65,13,"[0.3772074110661572, 0.3667665336396509]",113,-1
555,[0.66238237 0.85740876],31,74,"[0.6387846519793019, 0.8886269005667045]",-1,-1
556,[0.27756762 0.47787074],8,2,"[0.2982944979771574, 0.4928881704977565]",113,81
557,[0.32376898 0.30613118],43,44,"[0.34401211644161456, 0.2727474001163449]",-1,-1
558,[0.34634735 0.21494756],17,4,"[0.3827392388806571, 0.18315480574773338]",-1,-1
559,[0.54511165 0.28009266],6,17,"[0.5266584783397147, 0.2925234389366824]",110,48
560,[0.81826061 0.8141918 ],32,48,"[0.8063574629792128, 0.8028480378432847]",67,-1
561,[0.44658577 0.77541711],41,51,"[0.47563858561263794, 0.7978986338068428]",113,-1
562,[0.60445596 0.8895365 ],31,74,"[0.6387846519793019, 0.8886269005667045]",91,14
563,[0.74801826 0.49021126],28,49,"[0.7597872492020543, 0.528305606483068]",48,-1
564,[0.45467045 0.17051137],97,15,"[0.4480198330140321, 0.13770311065471516]",110,63
565,[0.7451366  0.18262448],57,62,"[0.7592128314241189, 0.15406303015764497]",36,-1
566,[0.72876739 0.81650479],91,75,"[0.7159769487757391, 0.8473248623765012]",42,-1
567,[0.2398527  0.18130772],95,54,"[0.23065754032548644, 0.16311462163198792]",104,-1
568,[0.21981881 0.21517373],67,34,"[0.22317706824250913, 0.23387943431995686]",104,42
569,[0.80844008 0.57000441],28,43,"[0.8559722074695512, 0.5768738433864216]",-1,-1
570,[0.58051333 0.74639799],3,27,"[0.6091441642186142, 0.7391629772413223]",-1,-1
571,[0.33775244 0.68876425],13,12,"[0.3563557933558874, 0.6600167756750083]",113,-1
572,[0.72804464 0.73262721],50,11,"[0.7285416878591984, 0.7120527989062413]",102,57
573,[0.19513659 0.17353901],79,20,"[0.18106142669570233, 0.20480546739290073]",104,42
574,[0.64916754 0.63346975],40,60,"[0.6482027966760067, 0.6653053686977741]",-1,-1
575,[0.47166602 0.8559347 ],88,63,"[0.4663233365844979, 0.874422196988726]",93,23
576,[0.20561794 0.36976888],55,0,"[0.24505961735590134, 0.40258348756972934]",-1,-1
577,[0.54131301 0.87280508],88,89,"[0.5577955894805164, 0.8749894575544954]",-1,-1
578,[0.21804129 0.40884098],34,0,"[0.24505961735590134, 0.40258348756972934]",113,-1
579,[0.06689781 0.13549698],66,86,"[0.10460029415455299, 0.15390780514892627]",-1,-1
580,[0.70848732 0.8002179 ],59,6,"[0.6704818259566957, 0.7868874266118806]",102,-1
581,[0.35248063 0.8579662 ],10,41,"[0.4045860819360065, 0.8451095848913467]",-1,-1
582,[0.18019191 0.45403418],34,14,"[0.16635912736795258, 0.4532667183848064]",113,81
583,[0.26023883 0.21921057],68,29,"[0.29724643836137565, 0.21152192866347855]",104,-1
584,[0.26798973 0.60934247],14,24,"[0.2575895391106446, 0.5636151717894005]",-1,-1
585,[0.77579966 0.16602329],93,62,"[0.7592128314241189, 0.15406303015764497]",36,-1
586,[0.63112379 0.77257427],3,27,"[0.6091441642186142, 0.7391629772413223]",102,-1
587,[0.21492264 0.45800619],7,3,"[0.22590404659055946, 0.4809143921482596]",113,81
588,[0.22606998 0.48660633],78,3,"[0.22590404659055946, 0.4809143921482596]",113,81
589,[0.84431081 0.85302935],52,50,"[0.8669550309977382, 0.8414428333530212]",67,-1
590,[0.78531925 0.59726395],4,53,"[0.7681832820464827, 0.6327372104307392]",28,13
591,[0.29809607 0.19369981],1,29,"[0.29724643836137565, 0.21152192866347855]",-1,-1
592,[0.42150917 0.15731939],29,15,"[0.4480198330140321, 0.13770311065471516]",110,63
593,[0.65715339 0.33686519],44,56,"[0.6228765219922414, 0.3379402254620158]",-1,-1
594,[0.82290209 0.699231  ],32,25,"[0.8290893185566872, 0.6663325003431528]",-1,-1
595,[0.86448598 0.6366586 ],27,83,"[0.9023954923676734, 0.6253829621221342]",-1,-1
596,[0.13646342 0.15336315],79,7,"[0.16040334011861732, 0.1583747599262833]",104,42
597,[0.31631555 0.4164234 ],48,1,"[0.31345252476490787, 0.39568681619531276]",113,81
598,[0.12142416 0.18817874],90,57,"[0.11385950246950007, 0.22156166292214274]",104,-1
599,[0.71942731 0.22783626],57,33,"[0.712147299809196, 0.21396583181069667]",36,-1
600,[0.16606904 0.47327587],87,14,"[0.16635912736795258, 0.4532667183848064]",113,69
601,[0.84600079 0.84594798],52,50,"[0.8669550309977382, 0.8414428333530212]",67,16
602,[0.55585275 0.66145286],12,28,"[0.572088563242004, 0.6648723747855627]",69,-1
603,[0.21532342 0.62902919],15,32,"[0.21070106237511496, 0.6599645039522288]",-1,-1
604,[0.55578768 0.2222407 ],75,31,"[0.5509259779365981, 0.20365500329799469]",110,-1
605,[0.11031005 0.13517443],79,86,"[0.10460029415455299, 0.15390780514892627]",97,-1
606,[0.33676368 0.56406711],5,5,"[0.3369928142177202, 0.5813431770807651]",113,68
607,[0.1912997  0.22493179],67,20,"[0.18106142669570233, 0.20480546739290073]",104,42
608,[0.73127427 0.36217221],44,79,"[0.7440923457598303, 0.4172681159825393]",44,5
609,[0.14885294 0.68932629],15,72,"[0.13389630971446978, 0.6701017461857026]",37,-1
610,[0.82487077 0.44808332],39,61,"[0.8226541227267828, 0.49698240517173836]",-1,0
611,[0.8745198  0.69992581],56,65,"[0.8683963995203289, 0.7186203255414056]",-1,-1
612,[0.52574756 0.39034361],76,77,"[0.5067154617511884, 0.39780872086571867]",110,54
613,[0.33996172 0.68203152],84,12,"[0.3563557933558874, 0.6600167756750083]",113,-1
614,[0.34860083 0.33115213],17,13,"[0.3772074110661572, 0.3667665336396509]",-1,-1
615,[0.23799518 0.38843674],77,0,"[0.24505961735590134, 0.40258348756972934]",113,81
616,[0.78980747 0.66741283],60,25,"[0.8290893185566872, 0.6663325003431528]",102,-1
617,[0.07603516 0.49445731],87,52,"[0.10837107196086664, 0.5019908555728455]",-1,-1
618,[0.33439856 0.40314873],43,1,"[0.31345252476490787, 0.39568681619531276]",113,81
619,[0.14482743 0.60236946],15,70,"[0.16883511008014604, 0.6108734061004485]",-1,-1
620,[0.21177719 0.61942557],15,32,"[0.21070106237511496, 0.6599645039522288]",-1,-1
621,[0.90262517 0.36068   ],37,96,"[0.9242498114026001, 0.35811950872924947]",-1,-1
622,[0.75038885 0.52961431],11,49,"[0.7597872492020543, 0.528305606483068]",-1,10
623,[0.75252047 0.72944221],50,11,"[0.7285416878591984, 0.7120527989062413]",102,57
624,[0.16069847 0.16334214],79,7,"[0.16040334011861732, 0.1583747599262833]",104,42
625,[0.34355577 0.71120236],13,26,"[0.34140158523352676, 0.7415276229463709]",113,76
626,[0.61243062 0.78740328],45,45,"[0.6014090517878816, 0.8253297621455221]",102,-1
627,[0.75030753 0.66536891],60,53,"[0.7681832820464827, 0.6327372104307392]",-1,-1
628,[0.51060437 0.15090674],61,10,"[0.4982904339105401, 0.17462697492844612]",110,63
629,[0.51962805 0.58547614],74,38,"[0.5222833502418962, 0.5760861920194034]",-1,27
630,[0.66184697 0.28236795],85,36,"[0.718962763471204, 0.2995127644433783]",-1,-1
631,[0.59561292 0.14096714],75,37,"[0.590787313093903, 0.1287873361919935]",110,-1
632,[0.26744756 0.47135202],34,2,"[0.2982944979771574, 0.4928881704977565]",113,81
633,[0.18046319 0.56785999],87,35,"[0.18006516204956544, 0.5309482406934538]",-1,-1
634,[0.50999735 0.35215601],63,77,"[0.5067154617511884, 0.39780872086571867]",-1,-1
635,[0.11742111 0.88349252],21,47,"[0.12002015978901225, 0.8781802626724163]",22,-1
636,[0.37930513 0.37904793],48,13,"[0.3772074110661572, 0.3667665336396509]",113,-1
637,[0.03296146 0.7279867 ],58,-1,-1,-1,-1
638,[0.22964171 0.21075857],1,34,"[0.22317706824250913, 0.23387943431995686]",104,42
639,[0.77335993 0.65318476],19,53,"[0.7681832820464827, 0.6327372104307392]",102,34
640,[0.36665376 0.68663729],51,12,"[0.3563557933558874, 0.6600167756750083]",113,-1
641,[0.56405999 0.14178044],75,37,"[0.590787313093903, 0.1287873361919935]",110,59
642,[0.53108363 0.58643772],16,38,"[0.5222833502418962, 0.5760861920194034]",80,27
643,[0.32087212 0.63496565],13,12,"[0.3563557933558874, 0.6600167756750083]",113,-1
644,[0.24096624 0.4492998 ],94,3,"[0.22590404659055946, 0.4809143921482596]",113,81
645,[0.20541347 0.29206481],36,19,"[0.1752933885253929, 0.2769931075732081]",104,42
646,[0.53620825 0.15232964],18,69,"[0.5153460121236064, 0.11707314703881673]",110,63
647,[0.61910154 0.12805304],80,37,"[0.590787313093903, 0.1287873361919935]",110,-1
648,[0.34557726 0.38476136],70,1,"[0.31345252476490787, 0.39568681619531276]",113,81
649,[0.83810872 0.63947207],27,25,"[0.8290893185566872, 0.6663325003431528]",99,-1
650,[0.57950252 0.58658624],12,30,"[0.5893115951066175, 0.5856347360021498]",-1,-1
651,[0.17866552 0.45274869],94,14,"[0.16635912736795258, 0.4532667183848064]",113,81
652,[0.2077752  0.73138109],0,42,"[0.17164193172035744, 0.7477907034099851]",88,-1
653,[0.31979453 0.66646486],13,8,"[0.29185823944997474, 0.6822630454364129]",113,-1
654,[0.64493681 0.84425687],59,74,"[0.6387846519793019, 0.8886269005667045]",102,-1
655,[0.36130519 0.74380365],13,26,"[0.34140158523352676, 0.7415276229463709]",113,-1
656,[0.54587846 0.79425998],88,45,"[0.6014090517878816, 0.8253297621455221]",-1,-1
657,[0.83547535 0.53364866],28,61,"[0.8226541227267828, 0.49698240517173836]",-1,-1
658,[0.621551  0.7702208],53,27,"[0.6091441642186142, 0.7391629772413223]",102,-1
659,[0.26303313 0.20500019],1,29,"[0.29724643836137565, 0.21152192866347855]",104,41
660,[0.22142664 0.21573941],1,34,"[0.22317706824250913, 0.23387943431995686]",104,42
661,[0.15093323 0.85623653],21,78,"[0.17639698191982223, 0.8335029307302414]",-1,-1
662,[0.32482918 0.57717369],54,5,"[0.3369928142177202, 0.5813431770807651]",-1,-1
663,[0.90937921 0.68711316],56,65,"[0.8683963995203289, 0.7186203255414056]",-1,-1
664,[0.8078109  0.31598813],39,39,"[0.7929729113380171, 0.306282578754693]",36,-1
665,[0.18094512 0.40569687],94,14,"[0.16635912736795258, 0.4532667183848064]",-1,-1
666,[0.46595338 0.2000965 ],46,40,"[0.4428604662933861, 0.22666876085097074]",110,63
667,[0.07685357 0.84603481],21,47,"[0.12002015978901225, 0.8781802626724163]",-1,-1
668,[0.41228129 0.71897443],89,59,"[0.4102385111598612, 0.7308207375545044]",-1,-1
669,[0.33895543 0.41018899],43,1,"[0.31345252476490787, 0.39568681619531276]",113,-1
670,[0.1455127  0.73837846],64,42,"[0.17164193172035744, 0.7477907034099851]",84,18
671,[0.70363076 0.87672068],31,75,"[0.7159769487757391, 0.8473248623765012]",-1,-1
672,[0.10683989 0.41421297],96,76,"[0.1271293063442913, 0.39727223545070534]",-1,-1
673,[0.39209263 0.73066001],89,59,"[0.4102385111598612, 0.7308207375545044]",113,67
674,[0.20043417 0.7143808 ],0,42,"[0.17164193172035744, 0.7477907034099851]",-1,-1
675,[0.13589855 0.6634703 ],15,72,"[0.13389630971446978, 0.6701017461857026]",58,-1
676,[0.62010254 0.27914303],22,58,"[0.5903496421521437, 0.26872112132208276]",64,-1
677,[0.66168141 0.6431672 ],40,60,"[0.6482027966760067, 0.6653053686977741]",-1,-1
678,[0.74449497 0.21600746],57,9,"[0.7745160189749856, 0.22813324751878863]",36,12
679,[0.51551762 0.57806353],74,38,"[0.5222833502418962, 0.5760861920194034]",80,-1
680,[0.46337045 0.11787369],46,15,"[0.4480198330140321, 0.13770311065471516]",110,-1
681,[0.12915263 0.73735169],58,42,"[0.17164193172035744, 0.7477907034099851]",-1,-1
682,[0.10110071 0.50035217],87,52,"[0.10837107196086664, 0.5019908555728455]",-1,-1
683,[0.72005363 0.76976784],50,16,"[0.7557129160895149, 0.7610612683801858]",102,56
684,[0.23550198 0.55332293],5,24,"[0.2575895391106446, 0.5636151717894005]",113,-1
685,[0.55928982 0.53436407],74,68,"[0.5421113451424038, 0.49916034700705]",80,30
686,[0.44026444 0.11692438],29,15,"[0.4480198330140321, 0.13770311065471516]",110,-1
687,[0.66022656 0.8862614 ],31,74,"[0.6387846519793019, 0.8886269005667045]",-1,-1
688,[0.85263402 0.56997718],4,43,"[0.8559722074695512, 0.5768738433864216]",94,22
689,[0.75401359 0.15110354],93,62,"[0.7592128314241189, 0.15406303015764497]",36,-1
690,[0.13026699 0.60725155],15,70,"[0.16883511008014604, 0.6108734061004485]",-1,-1
691,[0.25271842 0.69576402],25,81,"[0.2526303993585153, 0.7288181375759063]",113,-1
692,[0.34300683 0.39162586],43,1,"[0.31345252476490787, 0.39568681619531276]",113,81
693,[0.57107579 0.21694259],75,31,"[0.5509259779365981, 0.20365500329799469]",110,61
694,[0.27038935 0.51244468],73,2,"[0.2982944979771574, 0.4928881704977565]",113,81
695,[0.50639434 0.57587194],74,38,"[0.5222833502418962, 0.5760861920194034]",-1,-1
696,[0.45559247 0.84408271],24,63,"[0.4663233365844979, 0.874422196988726]",-1,-1
697,[0.21164177 0.31810258],36,21,"[0.24089021291760518, 0.30160856093346966]",104,42
698,[0.22785952 0.63723202],25,32,"[0.21070106237511496, 0.6599645039522288]",113,-1
699,[0.78335347 0.32588753],30,39,"[0.7929729113380171, 0.306282578754693]",35,-1
700,[0.52795086 0.509609  ],16,68,"[0.5421113451424038, 0.49916034700705]",-1,-1
701,[0.1997326  0.53816353],7,35,"[0.18006516204956544, 0.5309482406934538]",113,-1
702,[0.24855516 0.49253167],99,3,"[0.22590404659055946, 0.4809143921482596]",113,81
703,[0.29163655 0.3624231 ],43,1,"[0.31345252476490787, 0.39568681619531276]",113,81
704,[0.42486356 0.15198597],97,15,"[0.4480198330140321, 0.13770311065471516]",110,63
705,[0.4058527  0.80597851],41,22,"[0.4053244070468948, 0.7892325425819533]",113,-1
706,[0.6234924  0.36267284],33,56,"[0.6228765219922414, 0.3379402254620158]",-1,-1
707,[0.74931091 0.48887229],82,49,"[0.7597872492020543, 0.528305606483068]",48,-1
708,[0.08268963 0.40816719],96,76,"[0.1271293063442913, 0.39727223545070534]",-1,-1
709,[0.70692726 0.21964723],57,33,"[0.712147299809196, 0.21396583181069667]",36,6
710,[0.12291487 0.9290545 ],21,47,"[0.12002015978901225, 0.8781802626724163]",-1,-1
711,[0.75101033 0.15216106],38,62,"[0.7592128314241189, 0.15406303015764497]",36,-1
712,[0.23711292 0.49299931],7,3,"[0.22590404659055946, 0.4809143921482596]",113,-1
713,[0.9082764  0.57891054],4,83,"[0.9023954923676734, 0.6253829621221342]",-1,-1
714,[0.12954308 0.18439983],20,86,"[0.10460029415455299, 0.15390780514892627]",104,-1
715,[0.79293653 0.58825542],19,53,"[0.7681832820464827, 0.6327372104307392]",28,-1
716,[0.25416    0.46491466],99,3,"[0.22590404659055946, 0.4809143921482596]",113,81
717,[0.52184359 0.51744123],16,68,"[0.5421113451424038, 0.49916034700705]",-1,-1
718,[0.37201394 0.83818783],89,41,"[0.4045860819360065, 0.8451095848913467]",-1,-1
719,[0.70551045 0.68813932],19,11,"[0.7285416878591984, 0.7120527989062413]",-1,-1
720,[0.77985708 0.68719774],60,25,"[0.8290893185566872, 0.6663325003431528]",-1,-1
721,[0.69953281 0.74837179],91,11,"[0.7285416878591984, 0.7120527989062413]",102,-1
722,[0.2013554  0.68663863],25,32,"[0.21070106237511496, 0.6599645039522288]",-1,-1
723,[0.51649009 0.14933649],29,10,"[0.4982904339105401, 0.17462697492844612]",110,63
724,[0.23936107 0.68804017],0,32,"[0.21070106237511496, 0.6599645039522288]",113,-1
725,[0.13493055 0.74785399],0,42,"[0.17164193172035744, 0.7477907034099851]",79,21
726,[0.78670599 0.22676774],57,9,"[0.7745160189749856, 0.22813324751878863]",36,12
727,[0.86808279 0.58657087],4,43,"[0.8559722074695512, 0.5768738433864216]",99,-1
728,[0.460479   0.75613476],23,51,"[0.47563858561263794, 0.7978986338068428]",-1,-1
729,[0.43676558 0.24340613],17,40,"[0.4428604662933861, 0.22666876085097074]",-1,-1
730,[0.59336042 0.64378079],12,28,"[0.572088563242004, 0.6648723747855627]",81,29
731,[0.84920498 0.33204333],37,84,"[0.8747370333854485, 0.3299307577245935]",-1,2
732,[0.16438834 0.51282536],7,35,"[0.18006516204956544, 0.5309482406934538]",113,-1
733,[0.81903064 0.29575076],37,39,"[0.7929729113380171, 0.306282578754693]",36,-1
734,[0.55937744 0.38929512],33,23,"[0.5544996285461486, 0.3649814617648961]",110,53
735,[0.1130684  0.48137183],96,52,"[0.10837107196086664, 0.5019908555728455]",113,-1
736,[0.86037169 0.64377274],4,25,"[0.8290893185566872, 0.6663325003431528]",98,25
737,[0.55978778 0.55248245],16,38,"[0.5222833502418962, 0.5760861920194034]",80,30
738,[0.8251355  0.68759053],27,25,"[0.8290893185566872, 0.6663325003431528]",-1,-1
739,[0.10523922 0.42677466],96,76,"[0.1271293063442913, 0.39727223545070534]",-1,-1
740,[0.77787413 0.6329686 ],19,53,"[0.7681832820464827, 0.6327372104307392]",102,34
741,[0.48839483 0.43134082],76,77,"[0.5067154617511884, 0.39780872086571867]",-1,-1
742,[0.41791858 0.13137302],2,15,"[0.4480198330140321, 0.13770311065471516]",-1,-1
743,[0.56742033 0.86329446],88,89,"[0.5577955894805164, 0.8749894575544954]",-1,-1
744,[0.71494819 0.42060812],44,79,"[0.7440923457598303, 0.4172681159825393]",43,4
745,[0.82210853 0.78361785],32,48,"[0.8063574629792128, 0.8028480378432847]",86,-1
746,[0.32749182 0.36985289],48,1,"[0.31345252476490787, 0.39568681619531276]",113,-1
747,[0.31784835 0.7415438 ],84,26,"[0.34140158523352676, 0.7415276229463709]",113,-1
748,[0.69141914 0.43424462],44,46,"[0.6818606004752428, 0.39460805157892936]",43,4
749,[0.7337376 0.7879368],50,16,"[0.7557129160895149, 0.7610612683801858]",102,-1
750,[0.31337495 0.45959644],77,2,"[0.2982944979771574, 0.4928881704977565]",113,-1
751,[0.33194613 0.17479194],92,29,"[0.29724643836137565, 0.21152192866347855]",110,-1
752,[0.1712981  0.81612567],21,78,"[0.17639698191982223, 0.8335029307302414]",59,9
753,[0.51912321 0.37282515],33,77,"[0.5067154617511884, 0.39780872086571867]",-1,-1
754,[0.82425751 0.55739898],28,43,"[0.8559722074695512, 0.5768738433864216]",-1,-1
755,[0.71306265 0.49442589],35,66,"[0.6892424870002536, 0.4809362987183399]",50,10
756,[0.48292626 0.51352581],16,68,"[0.5421113451424038, 0.49916034700705]",-1,-1
757,[0.7625133  0.20425113],38,9,"[0.7745160189749856, 0.22813324751878863]",36,12
758,[0.70934195 0.47525318],35,66,"[0.6892424870002536, 0.4809362987183399]",-1,-1
759,[0.85643058 0.80430975],26,50,"[0.8669550309977382, 0.8414428333530212]",54,-1
760,[0.13411756 0.79002379],64,71,"[0.10117111935954111, 0.7754028082579668]",-1,-1
761,[0.15396964 0.68762923],0,72,"[0.13389630971446978, 0.6701017461857026]",37,-1
762,[0.46527132 0.89054936],10,63,"[0.4663233365844979, 0.874422196988726]",93,23
763,[0.22166521 0.23747713],47,34,"[0.22317706824250913, 0.23387943431995686]",104,42
764,[0.16815127 0.24159286],95,19,"[0.1752933885253929, 0.2769931075732081]",104,42
765,[0.47209577 0.12243817],97,15,"[0.4480198330140321, 0.13770311065471516]",110,51
766,[0.27198124 0.43426259],99,0,"[0.24505961735590134, 0.40258348756972934]",113,81
767,[0.28128718 0.5736675 ],5,24,"[0.2575895391106446, 0.5636151717894005]",113,-1
768,[0.23308837 0.17182499],90,54,"[0.23065754032548644, 0.16311462163198792]",-1,-1
769,[0.28590328 0.20958461],2,29,"[0.29724643836137565, 0.21152192866347855]",104,-1
770,[0.83039969 0.26977841],30,87,"[0.8400115250570579, 0.2635503368487671]",-1,-1
771,[0.94391656 0.36381132],37,96,"[0.9242498114026001, 0.35811950872924947]",-1,-1
772,[0.33693951 0.06303093],92,92,"[0.3725508188236613, 0.1071489353939289]",-1,-1
773,[0.38331504 0.79170232],89,22,"[0.4053244070468948, 0.7892325425819533]",113,71
774,[0.81467075 0.34066984],86,39,"[0.7929729113380171, 0.306282578754693]",-1,-1
775,[0.12469995 0.45284975],87,14,"[0.16635912736795258, 0.4532667183848064]",-1,-1
776,[0.83748807 0.69099378],56,25,"[0.8290893185566872, 0.6663325003431528]",-1,-1
777,[0.91492389 0.67671708],56,83,"[0.9023954923676734, 0.6253829621221342]",-1,-1
778,[0.15284758 0.4212977 ],94,14,"[0.16635912736795258, 0.4532667183848064]",-1,-1
779,[0.14564631 0.62521476],25,70,"[0.16883511008014604, 0.6108734061004485]",113,-1
780,[0.25997332 0.53181113],8,24,"[0.2575895391106446, 0.5636151717894005]",113,81
781,[0.53495373 0.20304621],71,31,"[0.5509259779365981, 0.20365500329799469]",110,60
782,[0.31606671 0.44251088],77,1,"[0.31345252476490787, 0.39568681619531276]",113,75
783,[0.75215467 0.6654753 ],19,53,"[0.7681832820464827, 0.6327372104307392]",-1,-1
784,[0.14871001 0.19863565],20,20,"[0.18106142669570233, 0.20480546739290073]",104,42
785,[0.84862175 0.38893345],37,85,"[0.8330047067228752, 0.39861674914336154]",-1,0
786,[0.36083898 0.44197456],65,91,"[0.38272617373285694, 0.45406707742979985]",113,-1
787,[0.16562506 0.27513472],90,19,"[0.1752933885253929, 0.2769931075732081]",104,42
788,[0.3997059  0.66758844],9,12,"[0.3563557933558874, 0.6600167756750083]",113,77
789,[0.84789972 0.66623314],60,25,"[0.8290893185566872, 0.6663325003431528]",-1,24
790,[0.0867944  0.87949949],21,47,"[0.12002015978901225, 0.8781802626724163]",-1,-1
791,[0.5957078  0.59657021],12,30,"[0.5893115951066175, 0.5856347360021498]",77,-1
792,[0.3898904  0.09072139],46,92,"[0.3725508188236613, 0.1071489353939289]",-1,-1
793,[0.13648654 0.19189926],67,57,"[0.11385950246950007, 0.22156166292214274]",104,-1
794,[0.12313377 0.20361094],95,57,"[0.11385950246950007, 0.22156166292214274]",104,42
795,[0.49554871 0.55223113],16,38,"[0.5222833502418962, 0.5760861920194034]",-1,-1
796,[0.20322192 0.26644366],67,19,"[0.1752933885253929, 0.2769931075732081]",104,42
797,[0.13336033 0.3991506 ],96,76,"[0.1271293063442913, 0.39727223545070534]",-1,-1
798,[0.82815903 0.83619433],26,50,"[0.8669550309977382, 0.8414428333530212]",67,16
799,[0.39368193 0.34433877],70,13,"[0.3772074110661572, 0.3667665336396509]",-1,-1
800,[0.33352342 0.61353938],62,5,"[0.3369928142177202, 0.5813431770807651]",113,80
801,[0.84664655 0.32845329],37,84,"[0.8747370333854485, 0.3299307577245935]",25,-1
802,[0.28233031 0.24738272],1,29,"[0.29724643836137565, 0.21152192866347855]",-1,-1
803,[0.78168186 0.48302228],82,61,"[0.8226541227267828, 0.49698240517173836]",-1,-1
804,[0.29809668 0.72947891],98,26,"[0.34140158523352676, 0.7415276229463709]",113,-1
805,[0.67374171 0.65745617],40,60,"[0.6482027966760067, 0.6653053686977741]",60,19
806,[0.27127165 0.24399283],68,29,"[0.29724643836137565, 0.21152192866347855]",-1,-1
807,[0.35610991 0.27241898],17,44,"[0.34401211644161456, 0.2727474001163449]",-1,-1
808,[0.57126384 0.65008667],81,28,"[0.572088563242004, 0.6648723747855627]",-1,-1
809,[0.74532179 0.7080592 ],27,11,"[0.7285416878591984, 0.7120527989062413]",102,55
810,[0.40068304 0.63920556],9,18,"[0.4095647158889755, 0.6213093728466221]",113,84
811,[0.68286397 0.81031161],53,6,"[0.6704818259566957, 0.7868874266118806]",102,50
812,[0.55860054 0.69260582],81,28,"[0.572088563242004, 0.6648723747855627]",69,-1
813,[0.34784128 0.49730986],69,2,"[0.2982944979771574, 0.4928881704977565]",-1,-1
814,[0.54817478 0.42853052],76,64,"[0.5873954455556146, 0.4184822956881117]",-1,-1
815,[0.46544861 0.25673096],97,40,"[0.4428604662933861, 0.22666876085097074]",-1,-1
816,[0.17715006 0.70478731],0,42,"[0.17164193172035744, 0.7477907034099851]",107,-1
817,[0.38931289 0.65835014],54,12,"[0.3563557933558874, 0.6600167756750083]",113,77
818,[0.74544684 0.45208848],82,79,"[0.7440923457598303, 0.4172681159825393]",-1,-1
819,[0.62392412 0.19410529],75,55,"[0.6160291566716146, 0.18582080836242268]",110,37
820,[0.66009105 0.35654917],85,56,"[0.6228765219922414, 0.3379402254620158]",-1,-1
821,[0.71807784 0.53004834],82,49,"[0.7597872492020543, 0.528305606483068]",50,-1
822,[0.15847013 0.81685079],58,78,"[0.17639698191982223, 0.8335029307302414]",59,9
823,[0.38077803 0.78383317],23,22,"[0.4053244070468948, 0.7892325425819533]",113,71
824,[0.36431838 0.66377924],14,12,"[0.3563557933558874, 0.6600167756750083]",113,-1
825,[0.26820686 0.49250641],78,2,"[0.2982944979771574, 0.4928881704977565]",113,81
826,[0.08659589 0.8611186 ],21,47,"[0.12002015978901225, 0.8781802626724163]",19,-1
827,[0.75956321 0.62396884],19,53,"[0.7681832820464827, 0.6327372104307392]",-1,-1
828,[0.23075698 0.33507951],55,21,"[0.24089021291760518, 0.30160856093346966]",-1,-1
829,[0.84895075 0.55950716],28,43,"[0.8559722074695512, 0.5768738433864216]",94,22
830,[0.21733661 0.74688071],64,81,"[0.2526303993585153, 0.7288181375759063]",-1,-1
831,[0.26811747 0.19428864],67,29,"[0.29724643836137565, 0.21152192866347855]",104,-1
832,[0.23155086 0.71792385],98,81,"[0.2526303993585153, 0.7288181375759063]",-1,-1
833,[0.47685883 0.12880477],18,15,"[0.4480198330140321, 0.13770311065471516]",110,-1
834,[0.71853078 0.57116055],11,80,"[0.6893002767673785, 0.5852948461925299]",-1,-1
835,[0.80680221 0.25345699],86,87,"[0.8400115250570579, 0.2635503368487671]",-1,-1
836,[0.31269381 0.44845147],48,2,"[0.2982944979771574, 0.4928881704977565]",113,-1
837,[0.15196028 0.13626404],79,7,"[0.16040334011861732, 0.1583747599262833]",104,42
838,[0.20675022 0.18288465],90,54,"[0.23065754032548644, 0.16311462163198792]",104,42
839,[0.73789594 0.78764897],59,16,"[0.7557129160895149, 0.7610612683801858]",-1,-1
840,[0.47072307 0.11207583],18,15,"[0.4480198330140321, 0.13770311065471516]",110,51
841,[0.54831836 0.14000935],18,69,"[0.5153460121236064, 0.11707314703881673]",110,-1
842,[0.75352219 0.2101415 ],93,9,"[0.7745160189749856, 0.22813324751878863]",36,-1
843,[0.14741021 0.11106259],20,73,"[0.15159497202623598, 0.099534542862727]",104,-1
844,[0.40963942 0.79422393],23,22,"[0.4053244070468948, 0.7892325425819533]",113,71
845,[0.41698259 0.60044274],14,18,"[0.4095647158889755, 0.6213093728466221]",113,65
846,[0.88125882 0.83896872],26,50,"[0.8669550309977382, 0.8414428333530212]",-1,-1
847,[0.46812031 0.12214892],29,15,"[0.4480198330140321, 0.13770311065471516]",110,-1
848,[0.59165435 0.86595436],45,89,"[0.5577955894805164, 0.8749894575544954]",-1,-1
849,[0.32301711 0.94939725],10,-1,-1,-1,-1
850,[0.15069912 0.27058546],83,19,"[0.1752933885253929, 0.2769931075732081]",104,-1
851,[0.6844639  0.72936324],3,11,"[0.7285416878591984, 0.7120527989062413]",102,-1
852,[0.19299574 0.1202969 ],79,73,"[0.15159497202623598, 0.099534542862727]",104,-1
853,[0.37898405 0.62364528],51,18,"[0.4095647158889755, 0.6213093728466221]",113,84
854,[0.41467105 0.55614855],69,67,"[0.39991637370105465, 0.5429488636659977]",-1,-1
855,[0.3716286  0.60380683],54,5,"[0.3369928142177202, 0.5813431770807651]",113,84
856,[0.23149471 0.6755442 ],98,32,"[0.21070106237511496, 0.6599645039522288]",113,44
857,[0.5027703  0.40131936],76,77,"[0.5067154617511884, 0.39780872086571867]",-1,-1
858,[0.39925472 0.80955412],10,22,"[0.4053244070468948, 0.7892325425819533]",113,71
859,[0.93724086 0.57850859],4,83,"[0.9023954923676734, 0.6253829621221342]",-1,-1
860,[0.53826346 0.15924758],75,10,"[0.4982904339105401, 0.17462697492844612]",110,63
861,[0.2594894  0.52037876],78,24,"[0.2575895391106446, 0.5636151717894005]",113,-1
862,[0.16776316 0.63703917],25,70,"[0.16883511008014604, 0.6108734061004485]",113,43
863,[0.49274639 0.78270403],88,51,"[0.47563858561263794, 0.7978986338068428]",0,-1
864,[0.21030642 0.19404619],47,20,"[0.18106142669570233, 0.20480546739290073]",104,42
865,[0.77627214 0.58239836],28,53,"[0.7681832820464827, 0.6327372104307392]",-1,-1
866,[0.18822161 0.75627895],0,42,"[0.17164193172035744, 0.7477907034099851]",-1,-1
867,[0.62063179 0.78885652],53,45,"[0.6014090517878816, 0.8253297621455221]",102,-1
868,[0.53016502 0.34719718],33,23,"[0.5544996285461486, 0.3649814617648961]",110,-1
869,[0.45306467 0.13767009],46,15,"[0.4480198330140321, 0.13770311065471516]",110,-1
870,[0.1246968  0.19925778],47,57,"[0.11385950246950007, 0.22156166292214274]",104,-1
871,[0.18954258 0.5482683 ],42,35,"[0.18006516204956544, 0.5309482406934538]",113,-1
872,[0.74507449 0.81778038],32,75,"[0.7159769487757391, 0.8473248623765012]",42,-1
873,[0.55834715 0.3673916 ],33,23,"[0.5544996285461486, 0.3649814617648961]",110,-1
874,[0.19402789 0.71153483],0,42,"[0.17164193172035744, 0.7477907034099851]",107,-1
875,[0.2545492  0.38600785],43,0,"[0.24505961735590134, 0.40258348756972934]",113,81
876,[0.60055804 0.32384731],63,56,"[0.6228765219922414, 0.3379402254620158]",110,-1
877,[0.45424721 0.88809225],24,63,"[0.4663233365844979, 0.874422196988726]",93,23
878,[0.34336887 0.18517981],17,4,"[0.3827392388806571, 0.18315480574773338]",110,45
879,[0.51885738 0.18263315],18,10,"[0.4982904339105401, 0.17462697492844612]",110,63
880,[0.70816339 0.74500603],50,11,"[0.7285416878591984, 0.7120527989062413]",102,-1
881,[0.29390657 0.25027018],17,29,"[0.29724643836137565, 0.21152192866347855]",104,33
882,[0.81643103 0.21964959],30,93,"[0.8175047550160816, 0.1805576480903363]",-1,-1
883,[0.81270359 0.30448799],86,39,"[0.7929729113380171, 0.306282578754693]",36,-1
884,[0.93853329 0.3119459 ],37,96,"[0.9242498114026001, 0.35811950872924947]",-1,-1
885,[0.41554015 0.79223472],10,22,"[0.4053244070468948, 0.7892325425819533]",113,-1
886,[0.79790939 0.26535573],49,39,"[0.7929729113380171, 0.306282578754693]",36,-1
887,[0.37724399 0.18897655],2,4,"[0.3827392388806571, 0.18315480574773338]",110,-1
888,[0.26912999 0.39854699],77,0,"[0.24505961735590134, 0.40258348756972934]",113,81
889,[0.17684549 0.72468612],0,42,"[0.17164193172035744, 0.7477907034099851]",107,-1
890,[0.49691906 0.56102677],74,38,"[0.5222833502418962, 0.5760861920194034]",-1,-1
891,[0.4613349  0.14810721],18,15,"[0.4480198330140321, 0.13770311065471516]",110,63
892,[0.78007704 0.20853034],93,9,"[0.7745160189749856, 0.22813324751878863]",36,12
893,[0.72760755 0.81436471],59,75,"[0.7159769487757391, 0.8473248623765012]",42,-1
894,[0.38180174 0.62040765],62,18,"[0.4095647158889755, 0.6213093728466221]",113,84
895,[0.44629878 0.70626445],88,59,"[0.4102385111598612, 0.7308207375545044]",-1,-1
896,[0.60516686 0.74174992],3,27,"[0.6091441642186142, 0.7391629772413223]",96,-1
897,[0.56862897 0.07701264],18,37,"[0.590787313093903, 0.1287873361919935]",-1,-1
898,[0.87732026 0.26554972],37,97,"[0.9117696710959879, 0.2607718115134211]",-1,-1
899,[0.7772407  0.80317808],32,48,"[0.8063574629792128, 0.8028480378432847]",-1,-1
900,[0.25987747 0.41674143],99,0,"[0.24505961735590134, 0.40258348756972934]",113,81
901,[0.72518132 0.33684335],85,36,"[0.718962763471204, 0.2995127644433783]",-1,-1
902,[0.18979902 0.45732111],94,14,"[0.16635912736795258, 0.4532667183848064]",113,81
903,[0.57994393 0.79898158],53,45,"[0.6014090517878816, 0.8253297621455221]",-1,-1
904,[0.49878674 0.21644291],97,10,"[0.4982904339105401, 0.17462697492844612]",110,-1
905,[0.13726616 0.41036015],96,76,"[0.1271293063442913, 0.39727223545070534]",-1,-1
906,[0.71113371 0.75194113],91,11,"[0.7285416878591984, 0.7120527989062413]",102,-1
907,[0.39911815 0.33430974],43,13,"[0.3772074110661572, 0.3667665336396509]",-1,-1
908,[0.88503958 0.57420517],4,43,"[0.8559722074695512, 0.5768738433864216]",-1,-1
909,[0.63347718 0.38172701],44,56,"[0.6228765219922414, 0.3379402254620158]",38,-1
910,[0.21139696 0.67511941],0,32,"[0.21070106237511496, 0.6599645039522288]",113,-1
911,[0.42864308 0.24101919],92,40,"[0.4428604662933861, 0.22666876085097074]",-1,-1
912,[0.64042449 0.82186521],31,45,"[0.6014090517878816, 0.8253297621455221]",102,-1
913,[0.62971978 0.20471604],80,55,"[0.6160291566716146, 0.18582080836242268]",110,-1
914,[0.28490781 0.64671782],25,8,"[0.29185823944997474, 0.6822630454364129]",-1,-1
915,[0.30733883 0.60426988],9,5,"[0.3369928142177202, 0.5813431770807651]",-1,-1
916,[0.74775464 0.1614498 ],49,62,"[0.7592128314241189, 0.15406303015764497]",36,-1
917,[0.17590055 0.75317771],0,42,"[0.17164193172035744, 0.7477907034099851]",-1,-1
918,[0.73781977 0.63751372],50,53,"[0.7681832820464827, 0.6327372104307392]",39,-1
919,[0.13721744 0.723247  ],58,42,"[0.17164193172035744, 0.7477907034099851]",-1,-1
920,[0.62237829 0.18924327],80,55,"[0.6160291566716146, 0.18582080836242268]",110,37
921,[0.67508339 0.36172913],85,46,"[0.6818606004752428, 0.39460805157892936]",41,-1
922,[0.1738307  0.46759157],7,14,"[0.16635912736795258, 0.4532667183848064]",113,-1
923,[0.49699488 0.89953227],24,63,"[0.4663233365844979, 0.874422196988726]",-1,-1
924,[0.76940019 0.167556  ],93,62,"[0.7592128314241189, 0.15406303015764497]",36,-1
925,[0.52463434 0.31131428],6,17,"[0.5266584783397147, 0.2925234389366824]",110,49
926,[0.79253962 0.58673633],28,53,"[0.7681832820464827, 0.6327372104307392]",28,-1
927,[0.1857244  0.17150823],90,7,"[0.16040334011861732, 0.1583747599262833]",104,42
928,[0.71232755 0.26836197],85,36,"[0.718962763471204, 0.2995127644433783]",-1,-1
929,[0.78547168 0.80732811],26,48,"[0.8063574629792128, 0.8028480378432847]",65,-1
930,[0.26914066 0.25174201],36,29,"[0.29724643836137565, 0.21152192866347855]",104,-1
931,[0.31594795 0.35273849],48,1,"[0.31345252476490787, 0.39568681619531276]",113,-1
932,[0.14408846 0.44444707],96,14,"[0.16635912736795258, 0.4532667183848064]",113,-1
933,[0.17419902 0.40855307],94,14,"[0.16635912736795258, 0.4532667183848064]",-1,-1
934,[0.73775103 0.27067377],38,36,"[0.718962763471204, 0.2995127644433783]",36,-1
935,[0.24079728 0.43755658],78,0,"[0.24505961735590134, 0.40258348756972934]",113,81
936,[0.83972492 0.29659293],86,87,"[0.8400115250570579, 0.2635503368487671]",-1,-1
937,[0.52212498 0.55818694],74,38,"[0.5222833502418962, 0.5760861920194034]",80,31
938,[0.41005192 0.18244942],97,4,"[0.3827392388806571, 0.18315480574773338]",110,63
939,[0.42349845 0.26109773],17,40,"[0.4428604662933861, 0.22666876085097074]",-1,-1
940,[0.80234073 0.84444046],52,48,"[0.8063574629792128, 0.8028480378432847]",66,-1
941,[0.54922579 0.767614  ],53,27,"[0.6091441642186142, 0.7391629772413223]",8,-1
942,[0.26258476 0.67159565],98,8,"[0.29185823944997474, 0.6822630454364129]",113,73
943,[0.23699277 0.4116806 ],77,0,"[0.24505961735590134, 0.40258348756972934]",113,81
944,[0.1664767  0.73975785],58,42,"[0.17164193172035744, 0.7477907034099851]",-1,-1
945,[0.40671669 0.28326759],17,44,"[0.34401211644161456, 0.2727474001163449]",-1,-1
946,[0.25542574 0.39559478],55,0,"[0.24505961735590134, 0.40258348756972934]",113,-1
947,[0.38993159 0.25334697],17,44,"[0.34401211644161456, 0.2727474001163449]",53,-1
948,[0.4054911  0.79019256],89,22,"[0.4053244070468948, 0.7892325425819533]",113,-1
949,[0.36953361 0.69311656],23,12,"[0.3563557933558874, 0.6600167756750083]",113,-1
950,[0.59329661 0.7031625 ],3,27,"[0.6091441642186142, 0.7391629772413223]",102,-1
951,[0.74556434 0.70829602],32,11,"[0.7285416878591984, 0.7120527989062413]",102,55
952,[0.21895079 0.57964665],87,24,"[0.2575895391106446, 0.5636151717894005]",-1,-1
953,[0.68763471 0.46852327],35,66,"[0.6892424870002536, 0.4809362987183399]",-1,-1
954,[0.50917732 0.21884162],61,31,"[0.5509259779365981, 0.20365500329799469]",110,-1
955,[0.17431129 0.20406131],95,20,"[0.18106142669570233, 0.20480546739290073]",104,42
956,[0.26743502 0.75072626],98,81,"[0.2526303993585153, 0.7288181375759063]",-1,-1
957,[0.35463091 0.18594904],92,4,"[0.3827392388806571, 0.18315480574773338]",110,-1
958,[0.65099613 0.87179473],45,74,"[0.6387846519793019, 0.8886269005667045]",63,-1
959,[0.19311878 0.1282986 ],20,7,"[0.16040334011861732, 0.1583747599262833]",104,-1
960,[0.38809962 0.77382343],23,22,"[0.4053244070468948, 0.7892325425819533]",113,71
961,[0.3842196  0.31837862],65,13,"[0.3772074110661572, 0.3667665336396509]",57,-1
962,[0.51984003 0.29255108],63,17,"[0.5266584783397147, 0.2925234389366824]",110,-1
963,[0.42427274 0.87048422],24,41,"[0.4045860819360065, 0.8451095848913467]",93,23
964,[0.12934217 0.39350086],96,76,"[0.1271293063442913, 0.39727223545070534]",-1,-1
965,[0.6534229  0.59643427],82,80,"[0.6893002767673785, 0.5852948461925299]",-1,-1
966,[0.61086703 0.29773855],85,58,"[0.5903496421521437, 0.26872112132208276]",-1,-1
967,[0.44293071 0.16273716],61,15,"[0.4480198330140321, 0.13770311065471516]",110,63
968,[0.7982933  0.22657596],38,9,"[0.7745160189749856, 0.22813324751878863]",36,-1
969,[0.32193473 0.40010542],65,1,"[0.31345252476490787, 0.39568681619531276]",113,81
970,[0.26983513 0.26051324],1,21,"[0.24089021291760518, 0.30160856093346966]",104,-1
971,[0.36283682 0.70610117],14,26,"[0.34140158523352676, 0.7415276229463709]",113,-1
972,[0.27858643 0.54064742],5,24,"[0.2575895391106446, 0.5636151717894005]",113,78
973,[0.18696154 0.27030929],83,19,"[0.1752933885253929, 0.2769931075732081]",104,42
974,[0.39069841 0.40154254],48,13,"[0.3772074110661572, 0.3667665336396509]",113,-1
975,[0.79560248 0.75321242],19,16,"[0.7557129160895149, 0.7610612683801858]",102,46
976,[0.41300185 0.13116559],92,15,"[0.4480198330140321, 0.13770311065471516]",-1,-1
977,[0.46414531 0.87526535],24,63,"[0.4663233365844979, 0.874422196988726]",93,-1
978,[0.12800158 0.74137358],58,71,"[0.10117111935954111, 0.7754028082579668]",79,21
979,[0.32096569 0.70703702],13,8,"[0.29185823944997474, 0.6822630454364129]",113,-1
980,[0.48584796 0.50160624],16,68,"[0.5421113451424038, 0.49916034700705]",-1,-1
981,[0.37059363 0.79395366],10,22,"[0.4053244070468948, 0.7892325425819533]",113,71
982,[0.44470495 0.14754092],29,15,"[0.4480198330140321, 0.13770311065471516]",110,-1
983,[0.89750185 0.60025687],4,83,"[0.9023954923676734, 0.6253829621221342]",15,-1
984,[0.41997048 0.83126057],88,41,"[0.4045860819360065, 0.8451095848913467]",113,70
985,[0.40777109 0.39593591],65,13,"[0.3772074110661572, 0.3667665336396509]",-1,-1
986,[0.76032284 0.67352287],19,53,"[0.7681832820464827, 0.6327372104307392]",102,-1
987,[0.22845881 0.71228783],98,81,"[0.2526303993585153, 0.7288181375759063]",-1,-1
988,[0.3544273  0.76973793],84,26,"[0.34140158523352676, 0.7415276229463709]",113,-1
989,[0.39568425 0.59753393],54,18,"[0.4095647158889755, 0.6213093728466221]",-1,-1
990,[0.28549847 0.22322096],1,29,"[0.29724643836137565, 0.21152192866347855]",-1,-1
991,[0.84036881 0.6844846 ],60,25,"[0.8290893185566872, 0.6663325003431528]",98,24
992,[0.42062162 0.8635249 ],10,41,"[0.4045860819360065, 0.8451095848913467]",-1,-1
993,[0.49910456 0.66338104],9,88,"[0.49693056847195605, 0.6857701176055397]",4,-1
994,[0.57648479 0.68405973],81,28,"[0.572088563242004, 0.6648723747855627]",69,26
995,[0.35935662 0.76892677],23,26,"[0.34140158523352676, 0.7415276229463709]",113,-1
996,[0.53359065 0.1678538 ],75,10,"[0.4982904339105401, 0.17462697492844612]",110,63
997,[0.79929812 0.4313478 ],82,85,"[0.8330047067228752, 0.39861674914336154]",-1,0
998,[0.40984628 0.83966707],10,41,"[0.4045860819360065, 0.8451095848913467]",113,-1
999,[0.43363027 0.53099642],16,67,"[0.39991637370105465, 0.5429488636659977]",18,-1
1000,[0.87307856 0.80765127],52,50,"[0.8669550309977382, 0.8414428333530212]",-1,-1
1001,[0.13786521 0.67510207],25,72,"[0.13389630971446978, 0.6701017461857026]",58,-1
1002,[0.61996331 0.27915889],85,58,"[0.5903496421521437, 0.26872112132208276]",64,-1
1003,[0.20790367 0.18117903],67,54,"[0.23065754032548644, 0.16311462163198792]",104,42
1004,[0.19077028 0.6347179 ],15,32,"[0.21070106237511496, 0.6599645039522288]",113,-1
1005,[0.10943974 0.80247322],21,71,"[0.10117111935954111, 0.7754028082579668]",74,20
1006,[0.73745764 0.52776773],82,49,"[0.7597872492020543, 0.528305606483068]",-1,10
1007,[0.83190245 0.61929483],27,25,"[0.8290893185566872, 0.6663325003431528]",99,22
1008,[0.59576658 0.85641844],45,45,"[0.6014090517878816, 0.8253297621455221]",-1,-1
1009,[0.88362328 0.61334271],4,83,"[0.9023954923676734, 0.6253829621221342]",-1,-1
1010,[0.3427744  0.63440647],98,12,"[0.3563557933558874, 0.6600167756750083]",113,-1
1011,[0.59757774 0.12233482],75,37,"[0.590787313093903, 0.1287873361919935]",110,-1
1012,[0.41935223 0.74203944],89,59,"[0.4102385111598612, 0.7308207375545044]",113,-1
1013,[0.22390648 0.43106577],34,0,"[0.24505961735590134, 0.40258348756972934]",113,81
1014,[0.64263451 0.78892789],3,6,"[0.6704818259566957, 0.7868874266118806]",102,-1
1015,[0.33002121 0.4860077 ],73,2,"[0.2982944979771574, 0.4928881704977565]",113,-1
1016,[0.73381376 0.23705469],30,33,"[0.712147299809196, 0.21396583181069667]",36,-1
1017,[0.3340059  0.70940012],23,26,"[0.34140158523352676, 0.7415276229463709]",113,-1
1018,[0.17511401 0.22275524],36,20,"[0.18106142669570233, 0.20480546739290073]",104,42
1019,[0.56974627 0.30022636],63,58,"[0.5903496421521437, 0.26872112132208276]",110,48
1020,[0.14215087 0.780093  ],58,71,"[0.10117111935954111, 0.7754028082579668]",-1,-1
1021,[0.81830028 0.2908299 ],37,39,"[0.7929729113380171, 0.306282578754693]",36,-1
1022,[0.1877744  0.47994792],34,14,"[0.16635912736795258, 0.4532667183848064]",113,81
1023,[0.30152754 0.67816754],51,8,"[0.29185823944997474, 0.6822630454364129]",113,74
1024,[0.22238576 0.45788665],34,3,"[0.22590404659055946, 0.4809143921482596]",113,81
1025,[0.74108152 0.49304959],82,49,"[0.7597872492020543, 0.528305606483068]",48,10
1026,[0.20572335 0.50487201],8,3,"[0.22590404659055946, 0.4809143921482596]",113,81
1027,[0.53902372 0.12648221],97,69,"[0.5153460121236064, 0.11707314703881673]",-1,-1
1028,[0.30574483 0.50177117],99,2,"[0.2982944979771574, 0.4928881704977565]",113,82
1029,[0.72828861 0.23809673],49,33,"[0.712147299809196, 0.21396583181069667]",36,-1
1030,[0.77979772 0.65483699],19,53,"[0.7681832820464827, 0.6327372104307392]",102,-1
1031,[0.27664006 0.25941752],1,29,"[0.29724643836137565, 0.21152192866347855]",104,-1
1032,[0.44681383 0.86708825],24,63,"[0.4663233365844979, 0.874422196988726]",93,23
1033,[0.14520577 0.17000078],90,7,"[0.16040334011861732, 0.1583747599262833]",104,42
1034,[0.51748958 0.39085583],72,77,"[0.5067154617511884, 0.39780872086571867]",110,-1
1035,[0.80324205 0.52196608],28,61,"[0.8226541227267828, 0.49698240517173836]",-1,-1
1036,[0.21156693 0.27290004],83,19,"[0.1752933885253929, 0.2769931075732081]",104,42
1037,[0.7454703  0.51743671],82,49,"[0.7597872492020543, 0.528305606483068]",-1,10
1038,[0.54943812 0.33964049],72,23,"[0.5544996285461486, 0.3649814617648961]",-1,-1
1039,[0.6149326  0.36519405],63,56,"[0.6228765219922414, 0.3379402254620158]",110,-1
1040,[0.28289238 0.36775904],55,1,"[0.31345252476490787, 0.39568681619531276]",113,81
1041,[0.16520273 0.53480272],8,35,"[0.18006516204956544, 0.5309482406934538]",113,64
1042,[0.37997851 0.69571261],89,12,"[0.3563557933558874, 0.6600167756750083]",-1,-1
1043,[0.39877722 0.71376855],89,59,"[0.4102385111598612, 0.7308207375545044]",113,67
1044,[0.54097651 0.91481708],45,89,"[0.5577955894805164, 0.8749894575544954]",-1,-1
1045,[0.74685618 0.48726742],82,49,"[0.7597872492020543, 0.528305606483068]",48,-1
1046,[0.19636807 0.29698382],83,19,"[0.1752933885253929, 0.2769931075732081]",104,-1
1047,[0.81092814 0.19670142],38,93,"[0.8175047550160816, 0.1805576480903363]",36,-1
1048,[0.62202228 0.25911056],80,58,"[0.5903496421521437, 0.26872112132208276]",14,-1
1049,[0.26303922 0.44010347],77,0,"[0.24505961735590134, 0.40258348756972934]",113,81
1050,[0.0600497  0.25601287],47,57,"[0.11385950246950007, 0.22156166292214274]",-1,-1
1051,[0.78403561 0.10103257],49,62,"[0.7592128314241189, 0.15406303015764497]",-1,-1
1052,[0.35560178 0.57622444],69,5,"[0.3369928142177202, 0.5813431770807651]",113,-1
1053,[0.5687266 0.354039 ],33,23,"[0.5544996285461486, 0.3649814617648961]",110,53
1054,[0.68100951 0.49295974],35,66,"[0.6892424870002536, 0.4809362987183399]",40,-1
1055,[0.56367935 0.10693529],71,37,"[0.590787313093903, 0.1287873361919935]",109,-1
1056,[0.76344313 0.77537252],32,16,"[0.7557129160895149, 0.7610612683801858]",-1,-1
1057,[0.22018225 0.43657412],77,0,"[0.24505961735590134, 0.40258348756972934]",113,81
1058,[0.76539905 0.64703536],60,53,"[0.7681832820464827, 0.6327372104307392]",102,-1
1059,[0.24217233 0.28373072],83,21,"[0.24089021291760518, 0.30160856093346966]",-1,-1
1060,[0.18152598 0.42186597],94,14,"[0.16635912736795258, 0.4532667183848064]",113,-1
1061,[0.49299357 0.33380632],6,17,"[0.5266584783397147, 0.2925234389366824]",-1,-1
1062,[0.81734863 0.4885515 ],4,61,"[0.8226541227267828, 0.49698240517173836]",70,-1
1063,[0.90360405 0.73188631],56,65,"[0.8683963995203289, 0.7186203255414056]",-1,-1
1064,[0.40067399 0.62409049],51,18,"[0.4095647158889755, 0.6213093728466221]",113,84
1065,[0.09519513 0.16715809],95,86,"[0.10460029415455299, 0.15390780514892627]",-1,-1
1066,[0.49691997 0.73074597],88,88,"[0.49693056847195605, 0.6857701176055397]",-1,-1
1067,[0.86285926 0.86282034],52,50,"[0.8669550309977382, 0.8414428333530212]",-1,-1
1068,[0.16937756 0.48129276],8,14,"[0.16635912736795258, 0.4532667183848064]",113,-1
1069,[0.61206437 0.75066976],3,27,"[0.6091441642186142, 0.7391629772413223]",96,36
1070,[0.54357007 0.40727729],76,77,"[0.5067154617511884, 0.39780872086571867]",110,53
1071,[0.27842689 0.45748215],99,2,"[0.2982944979771574, 0.4928881704977565]",113,81
1072,[0.41877306 0.1190853 ],29,15,"[0.4480198330140321, 0.13770311065471516]",-1,-1
1073,[0.40901919 0.60738702],54,18,"[0.4095647158889755, 0.6213093728466221]",113,65
1074,[0.28309913 0.52172522],73,2,"[0.2982944979771574, 0.4928881704977565]",113,-1
1075,[0.74382753 0.72465145],60,11,"[0.7285416878591984, 0.7120527989062413]",102,57
1076,[0.538534   0.65309062],81,28,"[0.572088563242004, 0.6648723747855627]",69,-1
1077,[0.88902113 0.4687799 ],28,94,"[0.8753265847499492, 0.4535299653068886]",-1,-1
1078,[0.32023491 0.64478175],62,12,"[0.3563557933558874, 0.6600167756750083]",113,-1
1079,[0.8292774  0.27666364],37,87,"[0.8400115250570579, 0.2635503368487671]",36,-1
1080,[0.18033496 0.20909091],67,20,"[0.18106142669570233, 0.20480546739290073]",104,42
1081,[0.79963271 0.56192052],4,49,"[0.7597872492020543, 0.528305606483068]",-1,-1
1082,[0.65330176 0.36160731],85,56,"[0.6228765219922414, 0.3379402254620158]",-1,-1
1083,[0.72384013 0.5179534 ],82,49,"[0.7597872492020543, 0.528305606483068]",50,10
1084,[0.29147104 0.67491352],14,8,"[0.29185823944997474, 0.6822630454364129]",113,-1
1085,[0.66945751 0.39499086],44,46,"[0.6818606004752428, 0.39460805157892936]",47,-1
1086,[0.51731592 0.21928657],18,31,"[0.5509259779365981, 0.20365500329799469]",110,-1
1087,[0.17896204 0.22150084],90,20,"[0.18106142669570233, 0.20480546739290073]",104,42
1088,[0.09702836 0.66273089],0,72,"[0.13389630971446978, 0.6701017461857026]",-1,-1
1089,[0.31380048 0.57469255],62,5,"[0.3369928142177202, 0.5813431770807651]",113,-1
1090,[0.21276396 0.40462631],94,0,"[0.24505961735590134, 0.40258348756972934]",113,-1
1091,[0.68309359 0.75671026],50,6,"[0.6704818259566957, 0.7868874266118806]",102,-1
1092,[0.86645597 0.60366197],4,43,"[0.8559722074695512, 0.5768738433864216]",99,22
1093,[0.61578343 0.27917834],22,58,"[0.5903496421521437, 0.26872112132208276]",64,-1
1094,[0.21612265 0.52483833],7,35,"[0.18006516204956544, 0.5309482406934538]",113,81
1095,[0.42705631 0.52714741],62,67,"[0.39991637370105465, 0.5429488636659977]",-1,-1
1096,[0.21040245 0.39138294],34,0,"[0.24505961735590134, 0.40258348756972934]",113,-1
1097,[0.3264427  0.44102189],77,1,"[0.31345252476490787, 0.39568681619531276]",113,-1
1098,[0.35450913 0.16319483],2,4,"[0.3827392388806571, 0.18315480574773338]",110,-1
1099,[0.29295406 0.41305453],77,1,"[0.31345252476490787, 0.39568681619531276]",113,81
1100,[0.30899617 0.51221131],69,2,"[0.2982944979771574, 0.4928881704977565]",113,-1
1101,[0.19001714 0.22061357],68,20,"[0.18106142669570233, 0.20480546739290073]",104,42
1102,[0.73290899 0.71932159],50,11,"[0.7285416878591984, 0.7120527989062413]",102,-1
1103,[0.7908734  0.59910663],82,53,"[0.7681832820464827, 0.6327372104307392]",28,13
1104,[0.88106361 0.71433279],56,65,"[0.8683963995203289, 0.7186203255414056]",23,-1
1105,[0.70641254 0.78209986],32,6,"[0.6704818259566957, 0.7868874266118806]",102,-1
1106,[0.73074616 0.23996149],30,33,"[0.712147299809196, 0.21396583181069667]",36,-1
1107,[0.52249394 0.54940332],16,38,"[0.5222833502418962, 0.5760861920194034]",80,31
1108,[0.1953016  0.44227867],99,14,"[0.16635912736795258, 0.4532667183848064]",113,-1
1109,[0.14874344 0.13427793],79,7,"[0.16040334011861732, 0.1583747599262833]",104,42
1110,[0.32436092 0.26622404],1,44,"[0.34401211644161456, 0.2727474001163449]",76,17
1111,[0.2063814 0.5479705],5,35,"[0.18006516204956544, 0.5309482406934538]",113,-1
1112,[0.6679774  0.45444398],35,66,"[0.6892424870002536, 0.4809362987183399]",-1,-1
1113,[0.72770819 0.67604351],19,11,"[0.7285416878591984, 0.7120527989062413]",102,-1
1114,[0.12744136 0.74105804],0,71,"[0.10117111935954111, 0.7754028082579668]",79,21
1115,[0.25913132 0.26294424],36,21,"[0.24089021291760518, 0.30160856093346966]",104,-1
1116,[0.49574931 0.40563425],76,77,"[0.5067154617511884, 0.39780872086571867]",-1,-1
1117,[0.64278384 0.47472825],35,66,"[0.6892424870002536, 0.4809362987183399]",-1,-1
1118,[0.59307073 0.58260042],12,30,"[0.5893115951066175, 0.5856347360021498]",77,28
1119,[0.44166206 0.82270268],23,51,"[0.47563858561263794, 0.7978986338068428]",113,-1
1120,[0.58620716 0.21836154],75,31,"[0.5509259779365981, 0.20365500329799469]",-1,-1
1121,[0.36214308 0.24783958],92,44,"[0.34401211644161456, 0.2727474001163449]",110,-1
1122,[0.49905607 0.56900326],16,38,"[0.5222833502418962, 0.5760861920194034]",-1,-1
1123,[0.49794281 0.18256868],18,10,"[0.4982904339105401, 0.17462697492844612]",110,63
1124,[0.77014101 0.37954324],85,79,"[0.7440923457598303, 0.4172681159825393]",31,-1
1125,[0.35228264 0.61771216],54,5,"[0.3369928142177202, 0.5813431770807651]",113,84
1126,[0.21464241 0.4569672 ],7,3,"[0.22590404659055946, 0.4809143921482596]",113,81
1127,[0.61445041 0.19302649],22,55,"[0.6160291566716146, 0.18582080836242268]",110,37
1128,[0.66921327 0.82285535],59,6,"[0.6704818259566957, 0.7868874266118806]",102,-1
1129,[0.36637768 0.57999955],62,5,"[0.3369928142177202, 0.5813431770807651]",113,-1
1130,[0.7126919  0.33612417],85,36,"[0.718962763471204, 0.2995127644433783]",-1,-1
1131,[0.7938065  0.28208164],86,39,"[0.7929729113380171, 0.306282578754693]",36,8
1132,[0.78364183 0.71817999],60,16,"[0.7557129160895149, 0.7610612683801858]",102,-1
1133,[0.24787409 0.36511937],77,0,"[0.24505961735590134, 0.40258348756972934]",113,81
1134,[0.84441094 0.37156365],39,85,"[0.8330047067228752, 0.39861674914336154]",-1,-1
1135,[0.27585008 0.42827965],34,0,"[0.24505961735590134, 0.40258348756972934]",113,81
1136,[0.67589536 0.78307541],53,6,"[0.6704818259566957, 0.7868874266118806]",102,50
1137,[0.16836807 0.17345234],90,7,"[0.16040334011861732, 0.1583747599262833]",104,42
1138,[0.74754809 0.17912417],49,62,"[0.7592128314241189, 0.15406303015764497]",36,-1
1139,[0.83975907 0.80684086],26,48,"[0.8063574629792128, 0.8028480378432847]",-1,-1
1140,[0.24965886 0.46447453],77,3,"[0.22590404659055946, 0.4809143921482596]",113,81
1141,[0.21505697 0.65429802],0,32,"[0.21070106237511496, 0.6599645039522288]",113,44
1142,[0.05446995 0.84167263],21,-1,-1,-1,-1
1143,[0.16255825 0.18257916],79,7,"[0.16040334011861732, 0.1583747599262833]",104,42
1144,[0.40547939 0.69395781],51,59,"[0.4102385111598612, 0.7308207375545044]",-1,-1
1145,[0.30052824 0.74145087],84,26,"[0.34140158523352676, 0.7415276229463709]",-1,-1
1146,[0.63948947 0.37579336],44,56,"[0.6228765219922414, 0.3379402254620158]",-1,-1
1147,[0.30066143 0.57521787],25,5,"[0.3369928142177202, 0.5813431770807651]",113,-1
1148,[0.48918154 0.2224136 ],97,40,"[0.4428604662933861, 0.22666876085097074]",-1,-1
1149,[0.4334103  0.08181166],46,15,"[0.4480198330140321, 0.13770311065471516]",-1,-1
1150,[0.2650893  0.51775883],8,2,"[0.2982944979771574, 0.4928881704977565]",113,81
1151,[0.81259188 0.65417039],56,25,"[0.8290893185566872, 0.6663325003431528]",102,24
1152,[0.77640679 0.59373437],82,53,"[0.7681832820464827, 0.6327372104307392]",28,13
1153,[0.37681617 0.67803077],14,12,"[0.3563557933558874, 0.6600167756750083]",113,77
1154,[0.78588335 0.74223007],60,16,"[0.7557129160895149, 0.7610612683801858]",102,46
1155,[0.22433842 0.25249985],83,34,"[0.22317706824250913, 0.23387943431995686]",104,42
1156,[0.28236076 0.36740492],55,1,"[0.31345252476490787, 0.39568681619531276]",113,81
1157,[0.39454492 0.77689419],23,22,"[0.4053244070468948, 0.7892325425819533]",113,71
1158,[0.60100929 0.67052411],81,28,"[0.572088563242004, 0.6648723747855627]",101,-1
1159,[0.27086735 0.40518943],77,0,"[0.24505961735590134, 0.40258348756972934]",113,81
1160,[0.73765322 0.73219678],50,11,"[0.7285416878591984, 0.7120527989062413]",102,57
1161,[0.7736402  0.13820863],93,62,"[0.7592128314241189, 0.15406303015764497]",32,-1
1162,[0.22793082 0.67523243],98,32,"[0.21070106237511496, 0.6599645039522288]",113,44
1163,[0.24767463 0.38245125],43,0,"[0.24505961735590134, 0.40258348756972934]",113,81
1164,[0.15464543 0.7654244 ],58,42,"[0.17164193172035744, 0.7477907034099851]",-1,-1
1165,[0.37506975 0.74816628],23,26,"[0.34140158523352676, 0.7415276229463709]",113,-1
1166,[0.41264853 0.10166122],46,92,"[0.3725508188236613, 0.1071489353939289]",-1,-1
1167,[0.25253651 0.34744465],77,21,"[0.24089021291760518, 0.30160856093346966]",113,-1
1168,[0.25794956 0.66831922],25,8,"[0.29185823944997474, 0.6822630454364129]",113,-1
1169,[0.5706187  0.14442333],18,37,"[0.590787313093903, 0.1287873361919935]",110,59
1170,[0.7032931  0.24341186],93,33,"[0.712147299809196, 0.21396583181069667]",36,-1
1171,[0.45843039 0.16935655],61,15,"[0.4480198330140321, 0.13770311065471516]",110,63
1172,[0.36845692 0.75901278],89,26,"[0.34140158523352676, 0.7415276229463709]",113,-1
1173,[0.60903624 0.66825225],40,28,"[0.572088563242004, 0.6648723747855627]",101,-1
1174,[0.2826194  0.31616002],43,21,"[0.24089021291760518, 0.30160856093346966]",-1,-1
1175,[0.41630848 0.15282712],29,15,"[0.4480198330140321, 0.13770311065471516]",110,63
1176,[0.77678409 0.22551679],38,9,"[0.7745160189749856, 0.22813324751878863]",36,12
1177,[0.36114001 0.24692592],17,44,"[0.34401211644161456, 0.2727474001163449]",110,-1
1178,[0.56552407 0.23956419],22,58,"[0.5903496421521437, 0.26872112132208276]",110,-1
1179,[0.25309231 0.25612417],67,34,"[0.22317706824250913, 0.23387943431995686]",104,-1
1180,[0.72942085 0.25724348],30,36,"[0.718962763471204, 0.2995127644433783]",36,-1
1181,[0.90357851 0.63592057],27,83,"[0.9023954923676734, 0.6253829621221342]",-1,-1
1182,[0.60621578 0.28038091],63,58,"[0.5903496421521437, 0.26872112132208276]",64,-1
1183,[0.4347814  0.20735034],61,40,"[0.4428604662933861, 0.22666876085097074]",110,-1
1184,[0.90564532 0.86175788],52,50,"[0.8669550309977382, 0.8414428333530212]",-1,-1
1185,[0.54760286 0.36627856],33,23,"[0.5544996285461486, 0.3649814617648961]",110,-1
1186,[0.54448858 0.59441723],74,38,"[0.5222833502418962, 0.5760861920194034]",80,-1
1187,[0.54814177 0.54861442],12,38,"[0.5222833502418962, 0.5760861920194034]",80,30
1188,[0.85217152 0.50452161],28,61,"[0.8226541227267828, 0.49698240517173836]",68,-1
1189,[0.90539833 0.70603266],56,65,"[0.8683963995203289, 0.7186203255414056]",-1,-1
1190,[0.36307589 0.20931026],17,4,"[0.3827392388806571, 0.18315480574773338]",110,-1
1191,[0.73076494 0.46655952],82,66,"[0.6892424870002536, 0.4809362987183399]",-1,-1
1192,[0.61099759 0.71402513],81,27,"[0.6091441642186142, 0.7391629772413223]",102,36
1193,[0.17197715 0.13640852],66,7,"[0.16040334011861732, 0.1583747599262833]",104,42
1194,[0.39986879 0.81827156],41,41,"[0.4045860819360065, 0.8451095848913467]",113,71
1195,[0.40854548 0.73266748],23,59,"[0.4102385111598612, 0.7308207375545044]",113,-1
1196,[0.66792789 0.78883787],59,6,"[0.6704818259566957, 0.7868874266118806]",102,-1
1197,[0.21853526 0.36933525],94,0,"[0.24505961735590134, 0.40258348756972934]",75,-1
1198,[0.55589934 0.60046879],40,30,"[0.5893115951066175, 0.5856347360021498]",81,-1
1199,[0.19932538 0.54026631],8,35,"[0.18006516204956544, 0.5309482406934538]",113,-1
1200,[0.18312755 0.29265397],90,19,"[0.1752933885253929, 0.2769931075732081]",104,-1
1201,[0.21920314 0.63856753],25,32,"[0.21070106237511496, 0.6599645039522288]",113,44
1202,[0.63707902 0.58166052],12,30,"[0.5893115951066175, 0.5856347360021498]",13,-1
1203,[0.2113152  0.82469027],64,78,"[0.17639698191982223, 0.8335029307302414]",-1,-1
1204,[0.24186624 0.38989467],48,0,"[0.24505961735590134, 0.40258348756972934]",113,81
1205,[0.61752815 0.14182244],71,37,"[0.590787313093903, 0.1287873361919935]",110,38
1206,[0.83282769 0.75994214],60,48,"[0.8063574629792128, 0.8028480378432847]",-1,-1
1207,[0.54077305 0.55528248],12,38,"[0.5222833502418962, 0.5760861920194034]",80,30
1208,[0.19647524 0.71961859],0,42,"[0.17164193172035744, 0.7477907034099851]",107,-1
1209,[0.09232581 0.55842177],8,52,"[0.10837107196086664, 0.5019908555728455]",-1,-1
1210,[0.79848688 0.29743487],37,39,"[0.7929729113380171, 0.306282578754693]",36,-1
1211,[0.3404618  0.17753258],2,4,"[0.3827392388806571, 0.18315480574773338]",110,45
1212,[0.68442499 0.7943927 ],59,6,"[0.6704818259566957, 0.7868874266118806]",102,50
1213,[0.11486908 0.18580135],95,86,"[0.10460029415455299, 0.15390780514892627]",104,-1
1214,[0.25895338 0.76229913],84,81,"[0.2526303993585153, 0.7288181375759063]",16,-1
1215,[0.25469761 0.73557817],84,81,"[0.2526303993585153, 0.7288181375759063]",-1,-1
1216,[0.16284207 0.64666203],15,70,"[0.16883511008014604, 0.6108734061004485]",-1,-1
1217,[0.28692296 0.36064885],48,1,"[0.31345252476490787, 0.39568681619531276]",113,81
1218,[0.55198994 0.64650227],81,28,"[0.572088563242004, 0.6648723747855627]",-1,-1
1219,[0.25614326 0.13248771],67,54,"[0.23065754032548644, 0.16311462163198792]",-1,-1
1220,[0.72862605 0.28046021],86,36,"[0.718962763471204, 0.2995127644433783]",36,-1
1221,[0.32639785 0.63393427],98,12,"[0.3563557933558874, 0.6600167756750083]",113,-1
1222,[0.53273778 0.13821535],75,69,"[0.5153460121236064, 0.11707314703881673]",110,-1
1223,[0.56847362 0.55814839],74,30,"[0.5893115951066175, 0.5856347360021498]",80,30
1224,[0.82618667 0.80962299],52,48,"[0.8063574629792128, 0.8028480378432847]",-1,-1
1225,[0.26208634 0.57310859],5,24,"[0.2575895391106446, 0.5636151717894005]",-1,-1
1226,[0.7216951  0.16253698],49,62,"[0.7592128314241189, 0.15406303015764497]",36,-1
1227,[0.72035797 0.73266946],60,11,"[0.7285416878591984, 0.7120527989062413]",102,-1
1228,[0.6875626  0.78662567],31,6,"[0.6704818259566957, 0.7868874266118806]",102,50
1229,[0.22988884 0.54223434],87,24,"[0.2575895391106446, 0.5636151717894005]",113,-1
1230,[0.72464007 0.58719012],19,80,"[0.6893002767673785, 0.5852948461925299]",27,-1
1231,[0.5851068  0.12832401],71,37,"[0.590787313093903, 0.1287873361919935]",110,-1
1232,[0.14137164 0.45329165],7,14,"[0.16635912736795258, 0.4532667183848064]",113,-1
1233,[0.6273711  0.75372741],3,27,"[0.6091441642186142, 0.7391629772413223]",102,-1
1234,[0.76882613 0.26029206],38,9,"[0.7745160189749856, 0.22813324751878863]",36,-1
1235,[0.54569676 0.07513294],75,69,"[0.5153460121236064, 0.11707314703881673]",-1,-1
1236,[0.29501494 0.6783983 ],13,8,"[0.29185823944997474, 0.6822630454364129]",113,-1
1237,[0.21028692 0.35582489],55,0,"[0.24505961735590134, 0.40258348756972934]",-1,-1
1238,[0.72548022 0.69130271],19,11,"[0.7285416878591984, 0.7120527989062413]",102,-1
1239,[0.80497828 0.26619138],30,87,"[0.8400115250570579, 0.2635503368487671]",36,-1
1240,[0.1423745  0.62860633],15,70,"[0.16883511008014604, 0.6108734061004485]",-1,-1
1241,[0.55994644 0.26457183],22,58,"[0.5903496421521437, 0.26872112132208276]",110,47
1242,[0.13746174 0.11143743],66,73,"[0.15159497202623598, 0.099534542862727]",104,-1
1243,[0.403444   0.66847951],9,18,"[0.4095647158889755, 0.6213093728466221]",113,77
1244,[0.84289706 0.15897005],30,93,"[0.8175047550160816, 0.1805576480903363]",-1,-1
1245,[0.73930052 0.6311474 ],19,53,"[0.7681832820464827, 0.6327372104307392]",-1,-1
1246,[0.77378106 0.28962051],86,39,"[0.7929729113380171, 0.306282578754693]",36,8
1247,[0.13874204 0.1791883 ],95,7,"[0.16040334011861732, 0.1583747599262833]",104,42
1248,[0.22163845 0.7070934 ],0,81,"[0.2526303993585153, 0.7288181375759063]",106,-1
1249,[0.3067224  0.53091449],69,2,"[0.2982944979771574, 0.4928881704977565]",113,78
1250,[0.73229921 0.74475292],91,16,"[0.7557129160895149, 0.7610612683801858]",102,-1
1251,[0.38574169 0.6179762 ],54,18,"[0.4095647158889755, 0.6213093728466221]",113,84
1252,[0.21374191 0.40094823],34,0,"[0.24505961735590134, 0.40258348756972934]",113,-1
1253,[0.62447377 0.56085812],40,30,"[0.5893115951066175, 0.5856347360021498]",-1,-1
1254,[0.65689235 0.65323342],40,60,"[0.6482027966760067, 0.6653053686977741]",-1,-1
1255,[0.43734358 0.77920981],23,22,"[0.4053244070468948, 0.7892325425819533]",113,71
1256,[0.41686472 0.62099132],9,18,"[0.4095647158889755, 0.6213093728466221]",113,84
1257,[0.15509104 0.21182663],20,20,"[0.18106142669570233, 0.20480546739290073]",104,42
1258,[0.89094887 0.32781527],37,84,"[0.8747370333854485, 0.3299307577245935]",-1,-1
1259,[0.59330354 0.52231409],74,68,"[0.5421113451424038, 0.49916034700705]",-1,-1
1260,[0.75387376 0.73399878],50,16,"[0.7557129160895149, 0.7610612683801858]",102,57
1261,[0.89611678 0.65602997],4,83,"[0.9023954923676734, 0.6253829621221342]",90,-1
1262,[0.73817278 0.27345069],30,36,"[0.718962763471204, 0.2995127644433783]",36,11
1263,[0.72430147 0.7871913 ],91,16,"[0.7557129160895149, 0.7610612683801858]",102,56
1264,[0.45478768 0.15365851],29,15,"[0.4480198330140321, 0.13770311065471516]",110,63
1265,[0.50904307 0.51052499],16,68,"[0.5421113451424038, 0.49916034700705]",-1,-1
1266,[0.70363334 0.42273001],44,46,"[0.6818606004752428, 0.39460805157892936]",43,4
1267,[0.54643317 0.51322879],74,68,"[0.5421113451424038, 0.49916034700705]",-1,-1
1268,[0.5484504  0.48594165],16,68,"[0.5421113451424038, 0.49916034700705]",2,-1
1269,[0.65126901 0.88593074],45,74,"[0.6387846519793019, 0.8886269005667045]",63,-1
1270,[0.60428559 0.41672635],76,64,"[0.5873954455556146, 0.4184822956881117]",-1,-1
1271,[0.32091875 0.53143332],73,2,"[0.2982944979771574, 0.4928881704977565]",113,-1
1272,[0.70208783 0.73009788],91,11,"[0.7285416878591984, 0.7120527989062413]",102,52
1273,[0.46558386 0.80306563],24,51,"[0.47563858561263794, 0.7978986338068428]",113,-1
1274,[0.85558586 0.66728568],56,25,"[0.8290893185566872, 0.6663325003431528]",98,-1
1275,[0.40205978 0.22837517],17,40,"[0.4428604662933861, 0.22666876085097074]",-1,-1
1276,[0.67091159 0.39111505],44,46,"[0.6818606004752428, 0.39460805157892936]",47,-1
1277,[0.25536675 0.31135962],83,21,"[0.24089021291760518, 0.30160856093346966]",104,-1
1278,[0.79259523 0.4261729 ],39,85,"[0.8330047067228752, 0.39861674914336154]",-1,-1
1279,[0.68245499 0.57377357],11,80,"[0.6893002767673785, 0.5852948461925299]",-1,-1
1280,[0.32474473 0.48912864],73,2,"[0.2982944979771574, 0.4928881704977565]",113,82
1281,[0.47704526 0.82488634],88,51,"[0.47563858561263794, 0.7978986338068428]",95,-1
1282,[0.23974057 0.3159046 ],83,21,"[0.24089021291760518, 0.30160856093346966]",62,-1
1283,[0.70994788 0.77318381],91,6,"[0.6704818259566957, 0.7868874266118806]",102,-1
1284,[0.42201003 0.69679547],88,59,"[0.4102385111598612, 0.7308207375545044]",-1,-1
1285,[0.77483566 0.26629395],57,9,"[0.7745160189749856, 0.22813324751878863]",36,-1
1286,[0.60538338 0.73028608],59,27,"[0.6091441642186142, 0.7391629772413223]",-1,-1
1287,[0.54250822 0.15969174],80,31,"[0.5509259779365981, 0.20365500329799469]",110,63
1288,[0.22790014 0.84436956],64,78,"[0.17639698191982223, 0.8335029307302414]",-1,-1
1289,[0.81158778 0.20343004],38,93,"[0.8175047550160816, 0.1805576480903363]",36,-1
1290,[0.60651028 0.70232219],3,27,"[0.6091441642186142, 0.7391629772413223]",102,-1
1291,[0.37016609 0.61255844],62,18,"[0.4095647158889755, 0.6213093728466221]",113,84
1292,[0.80205892 0.28617636],30,39,"[0.7929729113380171, 0.306282578754693]",36,8
1293,[0.25308732 0.5432564 ],73,24,"[0.2575895391106446, 0.5636151717894005]",113,-1
1294,[0.86168433 0.74141973],56,65,"[0.8683963995203289, 0.7186203255414056]",-1,-1
1295,[0.26574242 0.72704645],98,81,"[0.2526303993585153, 0.7288181375759063]",113,-1
1296,[0.28993446 0.65952182],14,8,"[0.29185823944997474, 0.6822630454364129]",113,74
1297,[0.38017148 0.80237065],89,22,"[0.4053244070468948, 0.7892325425819533]",113,71
1298,[0.3919842  0.60983422],62,18,"[0.4095647158889755, 0.6213093728466221]",113,-1
1299,[0.38895289 0.61486617],54,18,"[0.4095647158889755, 0.6213093728466221]",113,84
1300,[0.83092478 0.65697196],27,25,"[0.8290893185566872, 0.6663325003431528]",102,24
1301,[0.65329579 0.89797818],45,74,"[0.6387846519793019, 0.8886269005667045]",-1,-1
1302,[0.55000422 0.54447783],74,38,"[0.5222833502418962, 0.5760861920194034]",80,-1
1303,[0.41220255 0.83670403],10,41,"[0.4045860819360065, 0.8451095848913467]",113,70
1304,[0.63421832 0.39752515],44,46,"[0.6818606004752428, 0.39460805157892936]",38,-1
1305,[0.30575958 0.49451436],73,2,"[0.2982944979771574, 0.4928881704977565]",113,82
1306,[0.87918829 0.34819972],37,84,"[0.8747370333854485, 0.3299307577245935]",24,-1
1307,[0.16219594 0.54631778],42,35,"[0.18006516204956544, 0.5309482406934538]",113,64
1308,[0.35043158 0.65833197],9,12,"[0.3563557933558874, 0.6600167756750083]",113,83
1309,[0.85138729 0.34903347],37,84,"[0.8747370333854485, 0.3299307577245935]",-1,-1
1310,[0.58103327 0.48775417],16,68,"[0.5421113451424038, 0.49916034700705]",1,-1
1311,[0.28960823 0.52826262],73,2,"[0.2982944979771574, 0.4928881704977565]",113,-1
1312,[0.52312861 0.10229126],18,69,"[0.5153460121236064, 0.11707314703881673]",89,-1
1313,[0.22226131 0.70255576],15,81,"[0.2526303993585153, 0.7288181375759063]",-1,-1
1314,[0.2598284  0.47528819],77,3,"[0.22590404659055946, 0.4809143921482596]",113,81
1315,[0.20540913 0.47201743],94,3,"[0.22590404659055946, 0.4809143921482596]",113,81
1316,[0.61150531 0.75724073],53,27,"[0.6091441642186142, 0.7391629772413223]",96,-1
1317,[0.69137115 0.7161024 ],3,11,"[0.7285416878591984, 0.7120527989062413]",102,-1
1318,[0.31591795 0.75880177],84,26,"[0.34140158523352676, 0.7415276229463709]",-1,-1
1319,[0.34812847 0.66334415],54,12,"[0.3563557933558874, 0.6600167756750083]",113,83
1320,[0.89487713 0.77307946],32,65,"[0.8683963995203289, 0.7186203255414056]",-1,-1
1321,[0.61309674 0.61382726],12,30,"[0.5893115951066175, 0.5856347360021498]",81,-1
1322,[0.6714276  0.11469348],93,90,"[0.6807795084802507, 0.1410405480143203]",-1,-1
1323,[0.77188684 0.70075321],50,11,"[0.7285416878591984, 0.7120527989062413]",102,-1
1324,[0.20629553 0.48956746],7,3,"[0.22590404659055946, 0.4809143921482596]",113,81
1325,[0.45357809 0.87522826],24,63,"[0.4663233365844979, 0.874422196988726]",-1,23
1326,[0.77715643 0.68124356],19,53,"[0.7681832820464827, 0.6327372104307392]",102,-1
1327,[0.77226578 0.70511053],19,11,"[0.7285416878591984, 0.7120527989062413]",102,-1
1328,[0.47034278 0.16561609],18,10,"[0.4982904339105401, 0.17462697492844612]",110,63
1329,[0.34470803 0.61447611],62,5,"[0.3369928142177202, 0.5813431770807651]",113,84
1330,[0.52354148 0.14897847],97,69,"[0.5153460121236064, 0.11707314703881673]",110,63
1331,[0.49121256 0.57830982],74,38,"[0.5222833502418962, 0.5760861920194034]",-1,-1
1332,[0.26160037 0.21303168],36,29,"[0.29724643836137565, 0.21152192866347855]",104,41
1333,[0.16866428 0.65436577],15,72,"[0.13389630971446978, 0.6701017461857026]",113,43
1334,[0.21701188 0.47273582],96,3,"[0.22590404659055946, 0.4809143921482596]",113,81
1335,[0.26686522 0.29602142],36,21,"[0.24089021291760518, 0.30160856093346966]",104,-1
1336,[0.6464383  0.13252259],80,90,"[0.6807795084802507, 0.1410405480143203]",-1,-1
1337,[0.40538422 0.74533433],89,59,"[0.4102385111598612, 0.7308207375545044]",113,-1
1338,[0.44491476 0.16139583],29,15,"[0.4480198330140321, 0.13770311065471516]",110,-1
1339,[0.27970808 0.26107895],36,29,"[0.29724643836137565, 0.21152192866347855]",104,-1
1340,[0.4738696  0.22089043],92,40,"[0.4428604662933861, 0.22666876085097074]",110,-1
1341,[0.49057514 0.09381874],46,69,"[0.5153460121236064, 0.11707314703881673]",-1,-1
1342,[0.79872349 0.51947208],28,61,"[0.8226541227267828, 0.49698240517173836]",-1,-1
1343,[0.17086681 0.63472562],25,70,"[0.16883511008014604, 0.6108734061004485]",113,43
1344,[0.433452   0.15898692],46,15,"[0.4480198330140321, 0.13770311065471516]",110,63
1345,[0.10984078 0.12647878],20,86,"[0.10460029415455299, 0.15390780514892627]",97,-1
1346,[0.56628781 0.36537289],63,23,"[0.5544996285461486, 0.3649814617648961]",110,53
1347,[0.89912626 0.55426057],28,43,"[0.8559722074695512, 0.5768738433864216]",-1,-1
1348,[0.60966064 0.1399045 ],71,37,"[0.590787313093903, 0.1287873361919935]",110,38
1349,[0.62053107 0.82396079],53,45,"[0.6014090517878816, 0.8253297621455221]",102,-1
1350,[0.29887414 0.31170746],43,21,"[0.24089021291760518, 0.30160856093346966]",-1,-1
1351,[0.73134149 0.77950961],50,16,"[0.7557129160895149, 0.7610612683801858]",102,-1
1352,[0.16884255 0.53798618],87,35,"[0.18006516204956544, 0.5309482406934538]",113,64
1353,[0.38926177 0.17297737],92,4,"[0.3827392388806571, 0.18315480574773338]",110,62
1354,[0.4950732  0.17743115],18,10,"[0.4982904339105401, 0.17462697492844612]",110,63
1355,[0.7745368  0.61084086],11,53,"[0.7681832820464827, 0.6327372104307392]",28,-1
1356,[0.91454819 0.40177294],37,96,"[0.9242498114026001, 0.35811950872924947]",-1,-1
1357,[0.1838292 0.472463 ],42,14,"[0.16635912736795258, 0.4532667183848064]",113,81
1358,[0.45133719 0.76667147],88,51,"[0.47563858561263794, 0.7978986338068428]",113,-1
1359,[0.63691531 0.82851759],31,45,"[0.6014090517878816, 0.8253297621455221]",102,39
1360,[0.28447098 0.40825177],43,1,"[0.31345252476490787, 0.39568681619531276]",113,81
1361,[0.505351   0.28711571],6,17,"[0.5266584783397147, 0.2925234389366824]",110,-1
1362,[0.22231523 0.48893497],94,3,"[0.22590404659055946, 0.4809143921482596]",113,81
1363,[0.48931347 0.18939057],61,10,"[0.4982904339105401, 0.17462697492844612]",110,-1
1364,[0.27678351 0.37066183],55,1,"[0.31345252476490787, 0.39568681619531276]",113,81
1365,[0.09888047 0.21012147],95,57,"[0.11385950246950007, 0.22156166292214274]",104,-1
1366,[0.46378891 0.23588514],61,40,"[0.4428604662933861, 0.22666876085097074]",-1,-1
1367,[0.12633323 0.75349457],58,71,"[0.10117111935954111, 0.7754028082579668]",79,21
1368,[0.3399358  0.50298763],73,2,"[0.2982944979771574, 0.4928881704977565]",113,-1
1369,[0.55804357 0.11443986],75,37,"[0.590787313093903, 0.1287873361919935]",109,-1
1370,[0.23257806 0.34716584],55,21,"[0.24089021291760518, 0.30160856093346966]",113,-1
1371,[0.8619136  0.45032676],39,94,"[0.8753265847499492, 0.4535299653068886]",-1,-1
1372,[0.52265237 0.14209705],29,69,"[0.5153460121236064, 0.11707314703881673]",110,63
1373,[0.55920061 0.65037715],12,28,"[0.572088563242004, 0.6648723747855627]",-1,-1
1374,[0.24373085 0.35901206],99,0,"[0.24505961735590134, 0.40258348756972934]",113,81
1375,[0.71845043 0.7919442 ],91,6,"[0.6704818259566957, 0.7868874266118806]",102,-1
1376,[0.84451302 0.48095022],82,61,"[0.8226541227267828, 0.49698240517173836]",68,-1
1377,[0.43022808 0.83546334],41,41,"[0.4045860819360065, 0.8451095848913467]",113,70
1378,[0.76093702 0.752487  ],91,16,"[0.7557129160895149, 0.7610612683801858]",102,-1
1379,[0.08583177 0.22841914],95,57,"[0.11385950246950007, 0.22156166292214274]",-1,-1
1380,[0.76954394 0.29345691],86,39,"[0.7929729113380171, 0.306282578754693]",36,-1
1381,[0.5604731  0.63910896],74,28,"[0.572088563242004, 0.6648723747855627]",-1,-1
1382,[0.57183014 0.38315745],63,23,"[0.5544996285461486, 0.3649814617648961]",110,53
1383,[0.37684966 0.37202403],70,13,"[0.3772074110661572, 0.3667665336396509]",113,-1
1384,[0.66483153 0.91135203],31,74,"[0.6387846519793019, 0.8886269005667045]",-1,-1
1385,[0.23171973 0.68649379],25,32,"[0.21070106237511496, 0.6599645039522288]",-1,-1
1386,[0.23488046 0.18353955],68,54,"[0.23065754032548644, 0.16311462163198792]",104,-1
1387,[0.80383581 0.22217147],30,9,"[0.7745160189749856, 0.22813324751878863]",36,12
1388,[0.20472703 0.79193338],64,78,"[0.17639698191982223, 0.8335029307302414]",-1,-1
1389,[0.37273136 0.83915277],89,41,"[0.4045860819360065, 0.8451095848913467]",-1,-1
1390,[0.6950738  0.68848282],40,11,"[0.7285416878591984, 0.7120527989062413]",-1,-1
1391,[0.48020182 0.810591  ],24,51,"[0.47563858561263794, 0.7978986338068428]",-1,-1
1392,[0.76207156 0.4602347 ],82,79,"[0.7440923457598303, 0.4172681159825393]",-1,-1
1393,[0.16979502 0.6988928 ],15,72,"[0.13389630971446978, 0.6701017461857026]",-1,-1
1394,[0.71373014 0.43432799],35,79,"[0.7440923457598303, 0.4172681159825393]",43,4
1395,[0.80784783 0.29587385],86,39,"[0.7929729113380171, 0.306282578754693]",36,8
1396,[0.88436608 0.85534424],52,50,"[0.8669550309977382, 0.8414428333530212]",52,-1
1397,[0.30223875 0.52719357],73,2,"[0.2982944979771574, 0.4928881704977565]",113,-1
1398,[0.27397851 0.4933002 ],5,2,"[0.2982944979771574, 0.4928881704977565]",113,81
1399,[0.2960934  0.81461116],84,82,"[0.32758089961125464, 0.809330839306685]",-1,-1
1400,[0.55386671 0.37729421],33,23,"[0.5544996285461486, 0.3649814617648961]",110,-1
1401,[0.71293385 0.29236796],86,36,"[0.718962763471204, 0.2995127644433783]",-1,-1
1402,[0.38588969 0.71751836],13,59,"[0.4102385111598612, 0.7308207375545044]",113,-1
1403,[0.38946716 0.22348735],17,4,"[0.3827392388806571, 0.18315480574773338]",-1,-1
1404,[0.46646274 0.36682791],33,77,"[0.5067154617511884, 0.39780872086571867]",-1,-1
1405,[0.74969382 0.22957163],57,9,"[0.7745160189749856, 0.22813324751878863]",36,12
1406,[0.73686684 0.69211038],11,11,"[0.7285416878591984, 0.7120527989062413]",-1,-1
1407,[0.69989023 0.21884938],30,33,"[0.712147299809196, 0.21396583181069667]",36,6
1408,[0.31854094 0.71400409],98,26,"[0.34140158523352676, 0.7415276229463709]",113,79
1409,[0.24854169 0.41893769],99,0,"[0.24505961735590134, 0.40258348756972934]",113,81
1410,[0.58319545 0.62187871],40,30,"[0.5893115951066175, 0.5856347360021498]",81,29
1411,[0.47081015 0.1443905 ],29,15,"[0.4480198330140321, 0.13770311065471516]",110,63
1412,[0.25452681 0.28375669],83,21,"[0.24089021291760518, 0.30160856093346966]",-1,-1
1413,[0.58782898 0.19123619],71,55,"[0.6160291566716146, 0.18582080836242268]",-1,-1
1414,[0.42848551 0.58289452],9,18,"[0.4095647158889755, 0.6213093728466221]",-1,-1
1415,[0.364788   0.43563621],70,91,"[0.38272617373285694, 0.45406707742979985]",-1,-1
1416,[0.53996803 0.28947785],72,17,"[0.5266584783397147, 0.2925234389366824]",110,48
1417,[0.62229285 0.8007797 ],53,45,"[0.6014090517878816, 0.8253297621455221]",102,-1
1418,[0.55909865 0.38021325],33,23,"[0.5544996285461486, 0.3649814617648961]",110,53
1419,[0.78359959 0.68888207],60,25,"[0.8290893185566872, 0.6663325003431528]",-1,-1
1420,[0.18084757 0.28101098],83,19,"[0.1752933885253929, 0.2769931075732081]",104,42
1421,[0.12555858 0.87377171],21,47,"[0.12002015978901225, 0.8781802626724163]",22,7
1422,[0.45446756 0.63407509],9,18,"[0.4095647158889755, 0.6213093728466221]",-1,-1
1423,[0.43971746 0.75909946],23,59,"[0.4102385111598612, 0.7308207375545044]",113,-1
1424,[0.53795651 0.83069584],24,89,"[0.5577955894805164, 0.8749894575544954]",-1,-1
1425,[0.74686231 0.49030486],82,49,"[0.7597872492020543, 0.528305606483068]",48,-1
1426,[0.42880407 0.16487559],46,15,"[0.4480198330140321, 0.13770311065471516]",110,63
1427,[0.2328689  0.48580566],78,3,"[0.22590404659055946, 0.4809143921482596]",113,81
1428,[0.67577617 0.78163711],59,6,"[0.6704818259566957, 0.7868874266118806]",102,50
1429,[0.85959915 0.60266008],4,43,"[0.8559722074695512, 0.5768738433864216]",99,22
1430,[0.71522372 0.53235789],82,49,"[0.7597872492020543, 0.528305606483068]",50,-1
1431,[0.40873293 0.77847783],23,22,"[0.4053244070468948, 0.7892325425819533]",113,71
1432,[0.38739885 0.83135485],10,41,"[0.4045860819360065, 0.8451095848913467]",113,-1
1433,[0.92850928 0.2213198 ],37,97,"[0.9117696710959879, 0.2607718115134211]",-1,-1
1434,[0.39584654 0.33774442],65,13,"[0.3772074110661572, 0.3667665336396509]",-1,-1
1435,[0.58457993 0.65754225],81,28,"[0.572088563242004, 0.6648723747855627]",-1,-1
1436,[0.89003848 0.78223906],32,50,"[0.8669550309977382, 0.8414428333530212]",-1,-1
1437,[0.44007762 0.12371289],46,15,"[0.4480198330140321, 0.13770311065471516]",110,-1
1438,[0.19616831 0.19136974],47,20,"[0.18106142669570233, 0.20480546739290073]",104,42
1439,[0.51030899 0.26516233],6,17,"[0.5266584783397147, 0.2925234389366824]",-1,-1
1440,[0.57244352 0.5517284 ],74,30,"[0.5893115951066175, 0.5856347360021498]",80,30
1441,[0.50200668 0.16966667],61,10,"[0.4982904339105401, 0.17462697492844612]",110,63
1442,[0.40182747 0.15062321],46,4,"[0.3827392388806571, 0.18315480574773338]",110,-1
1443,[0.45499053 0.24884814],17,40,"[0.4428604662933861, 0.22666876085097074]",-1,-1
1444,[0.84799654 0.62906799],27,25,"[0.8290893185566872, 0.6663325003431528]",-1,-1
1445,[0.7284136  0.53917421],82,49,"[0.7597872492020543, 0.528305606483068]",-1,10
1446,[0.74748416 0.27828259],38,36,"[0.718962763471204, 0.2995127644433783]",36,11
1447,[0.31748595 0.6030981 ],69,5,"[0.3369928142177202, 0.5813431770807651]",113,-1
1448,[0.77821219 0.22003253],57,9,"[0.7745160189749856, 0.22813324751878863]",36,12
1449,[0.77014678 0.31146601],86,39,"[0.7929729113380171, 0.306282578754693]",-1,-1
1450,[0.18604328 0.48761636],96,14,"[0.16635912736795258, 0.4532667183848064]",113,81
1451,[0.5716845  0.34926287],72,23,"[0.5544996285461486, 0.3649814617648961]",110,53
1452,[0.15953957 0.83199649],64,78,"[0.17639698191982223, 0.8335029307302414]",59,9
1453,[0.81193783 0.75159099],32,48,"[0.8063574629792128, 0.8028480378432847]",102,-1
1454,[0.11744484 0.48891253],87,52,"[0.10837107196086664, 0.5019908555728455]",113,-1
1455,[0.42655069 0.82649574],88,41,"[0.4045860819360065, 0.8451095848913467]",113,70
1456,[0.27083082 0.41375192],34,0,"[0.24505961735590134, 0.40258348756972934]",113,81
1457,[0.93382109 0.32173467],37,96,"[0.9242498114026001, 0.35811950872924947]",-1,-1
1458,[0.54029531 0.3545751 ],33,23,"[0.5544996285461486, 0.3649814617648961]",110,-1
1459,[0.55476131 0.87884991],45,89,"[0.5577955894805164, 0.8749894575544954]",-1,-1
1460,[0.24940684 0.24003712],36,34,"[0.22317706824250913, 0.23387943431995686]",104,42
1461,[0.81510926 0.59722273],19,43,"[0.8559722074695512, 0.5768738433864216]",-1,-1
1462,[0.22645606 0.46354859],78,3,"[0.22590404659055946, 0.4809143921482596]",113,81
1463,[0.63740757 0.28889617],63,56,"[0.6228765219922414, 0.3379402254620158]",-1,-1
1464,[0.80235028 0.27015022],30,39,"[0.7929729113380171, 0.306282578754693]",36,-1
1465,[0.45628196 0.14777047],97,15,"[0.4480198330140321, 0.13770311065471516]",110,-1
1466,[0.21768462 0.65728857],25,32,"[0.21070106237511496, 0.6599645039522288]",113,44
1467,[0.12905649 0.45802246],94,14,"[0.16635912736795258, 0.4532667183848064]",-1,-1
1468,[0.59493699 0.32846252],72,56,"[0.6228765219922414, 0.3379402254620158]",110,-1
1469,[0.78340038 0.36369298],86,39,"[0.7929729113380171, 0.306282578754693]",31,-1
1470,[0.23647062 0.55895895],5,24,"[0.2575895391106446, 0.5636151717894005]",113,-1
1471,[0.59902341 0.12101762],80,37,"[0.590787313093903, 0.1287873361919935]",110,-1
1472,[0.66959067 0.84284171],45,75,"[0.7159769487757391, 0.8473248623765012]",-1,-1
1473,[0.22211417 0.55248239],5,24,"[0.2575895391106446, 0.5636151717894005]",113,-1
1474,[0.45212776 0.96171509],10,99,"[0.40646030356053225, 0.9259295599180227]",-1,-1
1475,[0.43573933 0.10953836],97,15,"[0.4480198330140321, 0.13770311065471516]",-1,-1
1476,[0.68351486 0.34463799],44,46,"[0.6818606004752428, 0.39460805157892936]",-1,-1
1477,[0.41551803 0.63324169],51,18,"[0.4095647158889755, 0.6213093728466221]",113,-1
1478,[0.58690204 0.34031179],33,56,"[0.6228765219922414, 0.3379402254620158]",110,-1
1479,[0.74240736 0.68235955],19,11,"[0.7285416878591984, 0.7120527989062413]",102,-1
1480,[0.78837982 0.21070032],49,9,"[0.7745160189749856, 0.22813324751878863]",36,12
1481,[0.27477954 0.39905808],43,0,"[0.24505961735590134, 0.40258348756972934]",113,81
1482,[0.2741397  0.42317535],77,0,"[0.24505961735590134, 0.40258348756972934]",113,81
1483,[0.2060321  0.53169609],87,35,"[0.18006516204956544, 0.5309482406934538]",113,81
1484,[0.55726042 0.67357428],40,28,"[0.572088563242004, 0.6648723747855627]",69,26
1485,[0.30445782 0.67065061],13,8,"[0.29185823944997474, 0.6822630454364129]",113,74
1486,[0.77806177 0.21857752],93,9,"[0.7745160189749856, 0.22813324751878863]",36,12
1487,[0.65269953 0.21557512],80,55,"[0.6160291566716146, 0.18582080836242268]",-1,-1
1488,[0.32639674 0.67832773],13,8,"[0.29185823944997474, 0.6822630454364129]",113,-1
1489,[0.34210588 0.63404449],14,12,"[0.3563557933558874, 0.6600167756750083]",113,-1
1490,[0.59700872 0.34819179],33,56,"[0.6228765219922414, 0.3379402254620158]",-1,-1
1491,[0.42965435 0.77405755],88,22,"[0.4053244070468948, 0.7892325425819533]",113,71
1492,[0.42346981 0.2168343 ],92,40,"[0.4428604662933861, 0.22666876085097074]",110,63
1493,[0.73852602 0.76398473],32,16,"[0.7557129160895149, 0.7610612683801858]",102,-1
1494,[0.44602899 0.46884775],76,91,"[0.38272617373285694, 0.45406707742979985]",-1,-1
1495,[0.73418362 0.20279834],38,33,"[0.712147299809196, 0.21396583181069667]",36,-1
1496,[0.33406493 0.35003198],65,13,"[0.3772074110661572, 0.3667665336396509]",113,-1
1497,[0.5365014 0.645633 ],74,28,"[0.572088563242004, 0.6648723747855627]",69,-1
1498,[0.70272136 0.70153501],60,11,"[0.7285416878591984, 0.7120527989062413]",102,-1
1499,[0.43504531 0.51543502],69,67,"[0.39991637370105465, 0.5429488636659977]",-1,-1
1500,[0.84567414 0.6721062 ],56,25,"[0.8290893185566872, 0.6663325003431528]",98,-1
1501,[0.16877202 0.80756179],64,78,"[0.17639698191982223, 0.8335029307302414]",59,9
1502,[0.39621351 0.82098824],24,41,"[0.4045860819360065, 0.8451095848913467]",113,71
1503,[0.5827694  0.29233154],33,58,"[0.5903496421521437, 0.26872112132208276]",110,-1
1504,[0.56047827 0.54580939],16,38,"[0.5222833502418962, 0.5760861920194034]",80,30
1505,[0.41970892 0.82386369],41,41,"[0.4045860819360065, 0.8451095848913467]",113,70
1506,[0.84692733 0.70804433],56,65,"[0.8683963995203289, 0.7186203255414056]",98,-1
1507,[0.16257677 0.66371628],25,72,"[0.13389630971446978, 0.6701017461857026]",-1,-1
1508,[0.16479159 0.84818747],64,78,"[0.17639698191982223, 0.8335029307302414]",59,-1
1509,[0.17082194 0.26330945],47,19,"[0.1752933885253929, 0.2769931075732081]",104,42
1510,[0.35469351 0.2359557 ],17,44,"[0.34401211644161456, 0.2727474001163449]",110,-1
1511,[0.26476156 0.69670446],13,8,"[0.29185823944997474, 0.6822630454364129]",113,-1
1512,[0.62736156 0.24314936],75,58,"[0.5903496421521437, 0.26872112132208276]",-1,-1
1513,[0.83013321 0.76129758],60,48,"[0.8063574629792128, 0.8028480378432847]",-1,-1
1514,[0.17844057 0.5897121 ],15,70,"[0.16883511008014604, 0.6108734061004485]",-1,-1
1515,[0.65968385 0.76930454],59,6,"[0.6704818259566957, 0.7868874266118806]",-1,-1
1516,[0.1967983  0.72509513],0,42,"[0.17164193172035744, 0.7477907034099851]",107,-1
1517,[0.69606267 0.41093112],44,46,"[0.6818606004752428, 0.39460805157892936]",43,4
1518,[0.22211775 0.49841358],8,3,"[0.22590404659055946, 0.4809143921482596]",113,81
1519,[0.45764719 0.90730296],24,63,"[0.4663233365844979, 0.874422196988726]",-1,-1
1520,[0.26971248 0.43065152],34,0,"[0.24505961735590134, 0.40258348756972934]",113,81
1521,[0.47495435 0.64121046],16,88,"[0.49693056847195605, 0.6857701176055397]",-1,-1
1522,[0.19146584 0.45985298],42,14,"[0.16635912736795258, 0.4532667183848064]",113,81
1523,[0.58916101 0.15931232],71,37,"[0.590787313093903, 0.1287873361919935]",110,-1
1524,[0.15375095 0.72606526],58,42,"[0.17164193172035744, 0.7477907034099851]",84,18
1525,[0.21977342 0.49999834],7,3,"[0.22590404659055946, 0.4809143921482596]",113,81
1526,[0.51573262 0.36988494],76,77,"[0.5067154617511884, 0.39780872086571867]",110,-1
1527,[0.69130142 0.7267926 ],59,11,"[0.7285416878591984, 0.7120527989062413]",102,-1
1528,[0.53600297 0.28620438],22,17,"[0.5266584783397147, 0.2925234389366824]",110,-1
1529,[0.73583051 0.41831098],35,79,"[0.7440923457598303, 0.4172681159825393]",-1,4
1530,[0.15451937 0.45985427],96,14,"[0.16635912736795258, 0.4532667183848064]",113,69
1531,[0.37264587 0.10943829],29,92,"[0.3725508188236613, 0.1071489353939289]",-1,-1
1532,[0.28014268 0.201733  ],67,29,"[0.29724643836137565, 0.21152192866347855]",104,-1
1533,[0.22708777 0.2136139 ],68,34,"[0.22317706824250913, 0.23387943431995686]",104,42
1534,[0.81424906 0.31274582],86,39,"[0.7929729113380171, 0.306282578754693]",36,-1
1535,[0.30725189 0.21563198],1,29,"[0.29724643836137565, 0.21152192866347855]",-1,-1
1536,[0.21972766 0.48968776],34,3,"[0.22590404659055946, 0.4809143921482596]",113,81
1537,[0.55003641 0.26209484],22,17,"[0.5266584783397147, 0.2925234389366824]",110,-1
1538,[0.59061756 0.25161096],22,58,"[0.5903496421521437, 0.26872112132208276]",110,-1
1539,[0.18694269 0.45851042],7,14,"[0.16635912736795258, 0.4532667183848064]",113,81
1540,[0.80875237 0.2169546 ],38,9,"[0.7745160189749856, 0.22813324751878863]",36,12
1541,[0.21751627 0.72995808],0,81,"[0.2526303993585153, 0.7288181375759063]",-1,-1
1542,[0.53664001 0.33763747],63,23,"[0.5544996285461486, 0.3649814617648961]",-1,-1
1543,[0.1269455  0.46666187],42,52,"[0.10837107196086664, 0.5019908555728455]",-1,-1
1544,[0.1685294  0.81790555],64,78,"[0.17639698191982223, 0.8335029307302414]",59,9
1545,[0.20514045 0.51168315],87,35,"[0.18006516204956544, 0.5309482406934538]",113,81
1546,[0.82322691 0.74195091],60,65,"[0.8683963995203289, 0.7186203255414056]",-1,-1
1547,[0.65777561 0.70331886],50,60,"[0.6482027966760067, 0.6653053686977741]",-1,-1
1548,[0.81134176 0.51163374],82,61,"[0.8226541227267828, 0.49698240517173836]",-1,-1
1549,[0.1449006  0.14270656],20,7,"[0.16040334011861732, 0.1583747599262833]",104,42
1550,[0.83361331 0.48734569],28,61,"[0.8226541227267828, 0.49698240517173836]",68,-1
1551,[0.64389418 0.77071284],59,6,"[0.6704818259566957, 0.7868874266118806]",102,-1
1552,[0.29307814 0.59068289],5,24,"[0.2575895391106446, 0.5636151717894005]",-1,-1
1553,[0.22707383 0.52367585],8,3,"[0.22590404659055946, 0.4809143921482596]",113,81
1554,[0.83098846 0.63020626],56,25,"[0.8290893185566872, 0.6663325003431528]",99,22
1555,[0.40521529 0.6297703 ],54,18,"[0.4095647158889755, 0.6213093728466221]",113,84
1556,[0.36634714 0.79457898],23,22,"[0.4053244070468948, 0.7892325425819533]",113,-1
1557,[0.56131578 0.52995128],16,68,"[0.5421113451424038, 0.49916034700705]",80,-1
1558,[0.8473169  0.48752705],28,61,"[0.8226541227267828, 0.49698240517173836]",68,-1
1559,[0.21544307 0.19500114],67,54,"[0.23065754032548644, 0.16311462163198792]",104,42
1560,[0.38729141 0.16385713],17,4,"[0.3827392388806571, 0.18315480574773338]",110,62
1561,[0.38630002 0.14880706],46,4,"[0.3827392388806571, 0.18315480574773338]",110,-1
1562,[0.72037856 0.7808114 ],91,16,"[0.7557129160895149, 0.7610612683801858]",102,56
1563,[0.44051247 0.17114825],61,15,"[0.4480198330140321, 0.13770311065471516]",110,63
1564,[0.3682229  0.20184516],92,4,"[0.3827392388806571, 0.18315480574773338]",-1,-1
1565,[0.29658187 0.66019721],14,8,"[0.29185823944997474, 0.6822630454364129]",113,74
1566,[0.30034008 0.38559269],78,1,"[0.31345252476490787, 0.39568681619531276]",113,81
1567,[0.53357912 0.39600005],33,77,"[0.5067154617511884, 0.39780872086571867]",110,54
1568,[0.26566757 0.53905005],73,24,"[0.2575895391106446, 0.5636151717894005]",113,81
1569,[0.66992743 0.73459582],3,6,"[0.6704818259566957, 0.7868874266118806]",-1,-1
1570,[0.55939216 0.18934617],75,31,"[0.5509259779365981, 0.20365500329799469]",110,-1
1571,[0.47793826 0.22288141],17,40,"[0.4428604662933861, 0.22666876085097074]",-1,-1
1572,[0.3101632  0.47750931],73,2,"[0.2982944979771574, 0.4928881704977565]",113,-1
1573,[0.30562631 0.38633868],77,1,"[0.31345252476490787, 0.39568681619531276]",113,81
1574,[0.56492386 0.32806355],72,23,"[0.5544996285461486, 0.3649814617648961]",110,-1
1575,[0.36420806 0.70207214],23,12,"[0.3563557933558874, 0.6600167756750083]",113,-1
1576,[0.17720771 0.20960579],67,20,"[0.18106142669570233, 0.20480546739290073]",104,42
1577,[0.25272873 0.52434073],8,24,"[0.2575895391106446, 0.5636151717894005]",113,-1
1578,[0.41436275 0.59962646],51,18,"[0.4095647158889755, 0.6213093728466221]",113,65
1579,[0.36711524 0.21540448],17,4,"[0.3827392388806571, 0.18315480574773338]",110,-1
1580,[0.60651855 0.39695508],33,64,"[0.5873954455556146, 0.4184822956881117]",-1,-1
1581,[0.57370604 0.37669821],72,23,"[0.5544996285461486, 0.3649814617648961]",110,53
1582,[0.37042931 0.60157845],54,5,"[0.3369928142177202, 0.5813431770807651]",113,84
1583,[0.20625755 0.50086638],7,3,"[0.22590404659055946, 0.4809143921482596]",113,81
1584,[0.28961086 0.69021112],13,8,"[0.29185823944997474, 0.6822630454364129]",113,-1
1585,[0.26795161 0.36544216],55,0,"[0.24505961735590134, 0.40258348756972934]",113,81
1586,[0.15629605 0.20452151],66,20,"[0.18106142669570233, 0.20480546739290073]",104,42
1587,[0.65185766 0.54062022],12,80,"[0.6893002767673785, 0.5852948461925299]",-1,-1
1588,[0.25501153 0.68961365],0,8,"[0.29185823944997474, 0.6822630454364129]",113,-1
1589,[0.28034395 0.5745383 ],78,24,"[0.2575895391106446, 0.5636151717894005]",113,-1
1590,[0.39544155 0.13596608],92,92,"[0.3725508188236613, 0.1071489353939289]",110,-1
1591,[0.37037046 0.65972486],14,12,"[0.3563557933558874, 0.6600167756750083]",113,77
1592,[0.77997094 0.63335727],27,53,"[0.7681832820464827, 0.6327372104307392]",102,-1
1593,[0.83357778 0.65342514],27,25,"[0.8290893185566872, 0.6663325003431528]",102,-1
1594,[0.26479353 0.46855731],78,3,"[0.22590404659055946, 0.4809143921482596]",113,81
1595,[0.20138305 0.26708852],83,19,"[0.1752933885253929, 0.2769931075732081]",104,42
1596,[0.14334003 0.50359859],87,52,"[0.10837107196086664, 0.5019908555728455]",113,66
1597,[0.56620329 0.52803686],16,68,"[0.5421113451424038, 0.49916034700705]",80,-1
1598,[0.20627233 0.41813426],96,0,"[0.24505961735590134, 0.40258348756972934]",-1,-1
1599,[0.67228532 0.32532876],44,56,"[0.6228765219922414, 0.3379402254620158]",41,-1
1600,[0.82282803 0.76276587],32,48,"[0.8063574629792128, 0.8028480378432847]",-1,-1
1601,[0.68534824 0.27748602],49,36,"[0.718962763471204, 0.2995127644433783]",-1,-1
1602,[0.88052555 0.31144053],37,84,"[0.8747370333854485, 0.3299307577245935]",25,2
1603,[0.79725436 0.47510983],82,61,"[0.8226541227267828, 0.49698240517173836]",71,3
1604,[0.2158257  0.31677215],83,21,"[0.24089021291760518, 0.30160856093346966]",104,42
1605,[0.67718947 0.87084892],31,74,"[0.6387846519793019, 0.8886269005667045]",-1,-1
1606,[0.28084573 0.38085917],55,1,"[0.31345252476490787, 0.39568681619531276]",113,81
1607,[0.63327978 0.17348987],71,55,"[0.6160291566716146, 0.18582080836242268]",110,-1
1608,[0.91202688 0.34034012],37,96,"[0.9242498114026001, 0.35811950872924947]",-1,-1
1609,[0.49496894 0.48108647],16,68,"[0.5421113451424038, 0.49916034700705]",-1,-1
1610,[0.09744447 0.5568375 ],42,52,"[0.10837107196086664, 0.5019908555728455]",-1,-1
1611,[0.32295363 0.49863679],78,2,"[0.2982944979771574, 0.4928881704977565]",113,82
1612,[0.32153816 0.69939125],13,8,"[0.29185823944997474, 0.6822630454364129]",113,-1
1613,[0.24272348 0.61039339],8,24,"[0.2575895391106446, 0.5636151717894005]",-1,-1
1614,[0.7201009  0.51207961],35,49,"[0.7597872492020543, 0.528305606483068]",-1,10
1615,[0.37180967 0.39646782],65,13,"[0.3772074110661572, 0.3667665336396509]",113,81
1616,[0.70730716 0.29862189],85,36,"[0.718962763471204, 0.2995127644433783]",34,-1
1617,[0.17329493 0.1396231 ],66,7,"[0.16040334011861732, 0.1583747599262833]",104,42
1618,[0.55851586 0.55822588],74,38,"[0.5222833502418962, 0.5760861920194034]",80,30
1619,[0.58272987 0.85103614],45,45,"[0.6014090517878816, 0.8253297621455221]",-1,-1
1620,[0.40462988 0.75345307],89,59,"[0.4102385111598612, 0.7308207375545044]",113,-1
1621,[0.58950685 0.65139824],81,28,"[0.572088563242004, 0.6648723747855627]",81,29
1622,[0.33653524 0.4030502 ],43,1,"[0.31345252476490787, 0.39568681619531276]",113,81
1623,[0.26302859 0.58715214],5,24,"[0.2575895391106446, 0.5636151717894005]",-1,-1
1624,[0.7071161 0.7771123],59,6,"[0.6704818259566957, 0.7868874266118806]",102,-1
1625,[0.72680986 0.92871782],31,-1,-1,-1,-1
1626,[0.3817325  0.20489614],92,4,"[0.3827392388806571, 0.18315480574773338]",110,63
1627,[0.76086461 0.72821927],60,16,"[0.7557129160895149, 0.7610612683801858]",102,-1
1628,[0.56328986 0.43287123],33,64,"[0.5873954455556146, 0.4184822956881117]",105,-1
1629,[0.16984176 0.14737884],66,7,"[0.16040334011861732, 0.1583747599262833]",104,42
1630,[0.75789786 0.17277502],49,62,"[0.7592128314241189, 0.15406303015764497]",36,-1
1631,[0.17037297 0.84517285],64,78,"[0.17639698191982223, 0.8335029307302414]",59,-1
1632,[0.41432631 0.20465756],29,40,"[0.4428604662933861, 0.22666876085097074]",110,63
1633,[0.23329337 0.47584814],78,3,"[0.22590404659055946, 0.4809143921482596]",113,-1
1634,[0.16119396 0.43926865],42,14,"[0.16635912736795258, 0.4532667183848064]",113,-1
1635,[0.29777927 0.48719337],73,2,"[0.2982944979771574, 0.4928881704977565]",113,81
1636,[0.50432846 0.92396617],24,63,"[0.4663233365844979, 0.874422196988726]",-1,-1
1637,[0.64023699 0.33664699],85,56,"[0.6228765219922414, 0.3379402254620158]",-1,-1
1638,[0.50129553 0.24858032],6,17,"[0.5266584783397147, 0.2925234389366824]",29,-1
1639,[0.59896543 0.14092951],80,37,"[0.590787313093903, 0.1287873361919935]",110,-1
1640,[0.30753315 0.2000389 ],1,29,"[0.29724643836137565, 0.21152192866347855]",-1,-1
1641,[0.72040316 0.81428253],91,75,"[0.7159769487757391, 0.8473248623765012]",-1,-1
1642,[0.45774879 0.16715533],46,15,"[0.4480198330140321, 0.13770311065471516]",110,63
1643,[0.31693107 0.269622  ],1,44,"[0.34401211644161456, 0.2727474001163449]",76,17
1644,[0.62143581 0.13444839],80,37,"[0.590787313093903, 0.1287873361919935]",110,-1
1645,[0.4965871  0.65499966],54,88,"[0.49693056847195605, 0.6857701176055397]",-1,-1
1646,[0.61127751 0.20182247],75,55,"[0.6160291566716146, 0.18582080836242268]",110,37
1647,[0.19662567 0.50962354],8,35,"[0.18006516204956544, 0.5309482406934538]",113,81
1648,[0.40302935 0.22112578],17,40,"[0.4428604662933861, 0.22666876085097074]",110,-1
1649,[0.74462606 0.56983491],11,49,"[0.7597872492020543, 0.528305606483068]",-1,-1
1650,[0.59841166 0.59087871],40,30,"[0.5893115951066175, 0.5856347360021498]",77,28
1651,[0.31154639 0.36951688],55,1,"[0.31345252476490787, 0.39568681619531276]",113,81
1652,[0.38927857 0.15599607],46,4,"[0.3827392388806571, 0.18315480574773338]",110,62
1653,[0.14783135 0.2002176 ],20,20,"[0.18106142669570233, 0.20480546739290073]",104,42
1654,[0.44195516 0.60647843],9,18,"[0.4095647158889755, 0.6213093728466221]",-1,-1
1655,[0.4892307 0.1384288],97,69,"[0.5153460121236064, 0.11707314703881673]",110,-1
1656,[0.3457496 0.6245902],62,12,"[0.3563557933558874, 0.6600167756750083]",113,83
1657,[0.85164122 0.66482284],27,25,"[0.8290893185566872, 0.6663325003431528]",98,25
1658,[0.15135518 0.66677955],15,72,"[0.13389630971446978, 0.6701017461857026]",-1,-1
1659,[0.13754352 0.15460988],95,7,"[0.16040334011861732, 0.1583747599262833]",104,42
1660,[0.14571593 0.55083064],8,35,"[0.18006516204956544, 0.5309482406934538]",113,-1
1661,[0.37190414 0.23261286],17,44,"[0.34401211644161456, 0.2727474001163449]",110,-1
1662,[0.80044701 0.82112427],52,48,"[0.8063574629792128, 0.8028480378432847]",-1,-1
1663,[0.28744705 0.63575215],13,8,"[0.29185823944997474, 0.6822630454364129]",-1,-1
1664,[0.30975403 0.68256175],89,8,"[0.29185823944997474, 0.6822630454364129]",113,-1
1665,[0.16605194 0.66674126],25,72,"[0.13389630971446978, 0.6701017461857026]",113,-1
1666,[0.395611   0.21486353],92,4,"[0.3827392388806571, 0.18315480574773338]",110,63
1667,[0.55019035 0.16210045],18,31,"[0.5509259779365981, 0.20365500329799469]",110,-1
1668,[0.18023528 0.55891013],87,35,"[0.18006516204956544, 0.5309482406934538]",113,-1
1669,[0.53063073 0.40641059],76,77,"[0.5067154617511884, 0.39780872086571867]",110,-1
1670,[0.34088824 0.21322876],1,29,"[0.29724643836137565, 0.21152192866347855]",-1,-1
1671,[0.55232009 0.17155084],75,31,"[0.5509259779365981, 0.20365500329799469]",110,58
1672,[0.38630661 0.60686933],54,18,"[0.4095647158889755, 0.6213093728466221]",113,84
1673,[0.78152452 0.22224427],57,9,"[0.7745160189749856, 0.22813324751878863]",36,12
1674,[0.64297581 0.63953261],3,60,"[0.6482027966760067, 0.6653053686977741]",-1,-1
1675,[0.61120699 0.15057757],80,37,"[0.590787313093903, 0.1287873361919935]",110,38
1676,[0.3126955  0.72071909],84,26,"[0.34140158523352676, 0.7415276229463709]",113,79
1677,[0.46790968 0.14416597],97,15,"[0.4480198330140321, 0.13770311065471516]",110,63
1678,[0.14677788 0.16971414],90,7,"[0.16040334011861732, 0.1583747599262833]",104,42
1679,[0.23583898 0.1792594 ],67,54,"[0.23065754032548644, 0.16311462163198792]",104,-1
1680,[0.79636001 0.73186682],32,16,"[0.7557129160895149, 0.7610612683801858]",102,46
1681,[0.31099299 0.46899789],73,2,"[0.2982944979771574, 0.4928881704977565]",113,82
1682,[0.15913578 0.23612359],95,20,"[0.18106142669570233, 0.20480546739290073]",104,42
1683,[0.69970577 0.33470596],85,36,"[0.718962763471204, 0.2995127644433783]",-1,-1
1684,[0.69499981 0.1459194 ],93,90,"[0.6807795084802507, 0.1410405480143203]",-1,-1
1685,[0.5811193  0.39699999],33,64,"[0.5873954455556146, 0.4184822956881117]",110,53
1686,[0.19045074 0.58967486],15,70,"[0.16883511008014604, 0.6108734061004485]",-1,-1
1687,[0.85128655 0.71052365],56,65,"[0.8683963995203289, 0.7186203255414056]",98,-1
1688,[0.49607797 0.14548351],29,10,"[0.4982904339105401, 0.17462697492844612]",110,63
1689,[0.50103598 0.53869518],74,38,"[0.5222833502418962, 0.5760861920194034]",-1,-1
1690,[0.25805513 0.82637026],64,-1,-1,-1,-1
1691,[0.52659112 0.12328036],18,69,"[0.5153460121236064, 0.11707314703881673]",110,-1
1692,[0.74942675 0.58324831],11,53,"[0.7681832820464827, 0.6327372104307392]",-1,-1
1693,[0.8487766  0.70196094],60,65,"[0.8683963995203289, 0.7186203255414056]",98,24
1694,[0.18748559 0.50551743],7,35,"[0.18006516204956544, 0.5309482406934538]",113,81
1695,[0.48430791 0.08545893],29,69,"[0.5153460121236064, 0.11707314703881673]",-1,-1
1696,[0.29506385 0.71011836],98,8,"[0.29185823944997474, 0.6822630454364129]",113,79
1697,[0.66273418 0.36790771],72,46,"[0.6818606004752428, 0.39460805157892936]",46,5
1698,[0.80446294 0.19350873],49,93,"[0.8175047550160816, 0.1805576480903363]",36,-1
1699,[0.2914254  0.35227979],55,1,"[0.31345252476490787, 0.39568681619531276]",113,-1
1700,[0.09906363 0.83968019],64,47,"[0.12002015978901225, 0.8781802626724163]",-1,-1
1701,[0.66735079 0.19034482],49,33,"[0.712147299809196, 0.21396583181069667]",-1,-1
1702,[0.13308443 0.25505511],90,57,"[0.11385950246950007, 0.22156166292214274]",61,-1
1703,[0.50960888 0.59751328],74,38,"[0.5222833502418962, 0.5760861920194034]",-1,-1
1704,[0.25928622 0.61710294],98,24,"[0.2575895391106446, 0.5636151717894005]",-1,-1
1705,[0.38850059 0.77987212],89,22,"[0.4053244070468948, 0.7892325425819533]",113,71
1706,[0.23530993 0.64496894],25,32,"[0.21070106237511496, 0.6599645039522288]",-1,-1
1707,[0.64891578 0.66117901],81,60,"[0.6482027966760067, 0.6653053686977741]",-1,-1
1708,[0.59411372 0.25426404],22,58,"[0.5903496421521437, 0.26872112132208276]",110,-1
1709,[0.54342951 0.25870556],63,17,"[0.5266584783397147, 0.2925234389366824]",110,-1
1710,[0.2534085  0.45873497],78,3,"[0.22590404659055946, 0.4809143921482596]",113,81
1711,[0.1952362  0.26689314],67,19,"[0.1752933885253929, 0.2769931075732081]",104,42
1712,[0.21714712 0.55883327],8,24,"[0.2575895391106446, 0.5636151717894005]",113,-1
1713,[0.65554598 0.81798837],59,6,"[0.6704818259566957, 0.7868874266118806]",102,-1
1714,[0.2742053  0.43333583],99,0,"[0.24505961735590134, 0.40258348756972934]",113,81
1715,[0.67117767 0.67624155],40,60,"[0.6482027966760067, 0.6653053686977741]",60,19
1716,[0.39289727 0.36138973],65,13,"[0.3772074110661572, 0.3667665336396509]",113,-1
1717,[0.83679486 0.44048918],39,94,"[0.8753265847499492, 0.4535299653068886]",12,-1
1718,[0.4268685  0.65581582],9,18,"[0.4095647158889755, 0.6213093728466221]",-1,-1
1719,[0.77676362 0.16949006],93,62,"[0.7592128314241189, 0.15406303015764497]",36,-1
1720,[0.57865599 0.62575643],81,28,"[0.572088563242004, 0.6648723747855627]",81,29
1721,[0.84132868 0.48133651],82,61,"[0.8226541227267828, 0.49698240517173836]",68,-1
1722,[0.76121296 0.77949138],32,16,"[0.7557129160895149, 0.7610612683801858]",102,35
1723,[0.25163585 0.11550551],66,54,"[0.23065754032548644, 0.16311462163198792]",-1,-1
1724,[0.43957312 0.18353215],97,40,"[0.4428604662933861, 0.22666876085097074]",110,63
1725,[0.64381499 0.86371558],31,74,"[0.6387846519793019, 0.8886269005667045]",63,-1
1726,[0.77143036 0.32964178],86,39,"[0.7929729113380171, 0.306282578754693]",-1,-1
1727,[0.37649275 0.53628437],62,67,"[0.39991637370105465, 0.5429488636659977]",113,-1
1728,[0.82892259 0.67704683],56,25,"[0.8290893185566872, 0.6663325003431528]",-1,-1
1729,[0.72692128 0.77729678],91,16,"[0.7557129160895149, 0.7610612683801858]",102,56
1730,[0.35577444 0.76441388],84,26,"[0.34140158523352676, 0.7415276229463709]",113,-1
1731,[0.72045346 0.64323599],11,53,"[0.7681832820464827, 0.6327372104307392]",-1,-1
1732,[0.77677589 0.23713026],38,9,"[0.7745160189749856, 0.22813324751878863]",36,12
1733,[0.50825943 0.19311897],61,10,"[0.4982904339105401, 0.17462697492844612]",110,-1
1734,[0.36195089 0.53720832],5,67,"[0.39991637370105465, 0.5429488636659977]",113,-1
1735,[0.12735419 0.54955761],87,52,"[0.10837107196086664, 0.5019908555728455]",-1,-1
1736,[0.44949371 0.59590759],54,18,"[0.4095647158889755, 0.6213093728466221]",-1,-1
1737,[0.23424748 0.18759438],1,54,"[0.23065754032548644, 0.16311462163198792]",104,-1
1738,[0.70088994 0.42097245],44,46,"[0.6818606004752428, 0.39460805157892936]",43,4
1739,[0.59671183 0.62287717],40,30,"[0.5893115951066175, 0.5856347360021498]",81,29
1740,[0.57466265 0.36978872],33,23,"[0.5544996285461486, 0.3649814617648961]",110,53
1741,[0.8682789  0.77740198],26,65,"[0.8683963995203289, 0.7186203255414056]",-1,-1
1742,[0.62832826 0.89517822],53,74,"[0.6387846519793019, 0.8886269005667045]",91,14
1743,[0.50938174 0.62731668],12,38,"[0.5222833502418962, 0.5760861920194034]",-1,-1
1744,[0.33952806 0.37900341],65,1,"[0.31345252476490787, 0.39568681619531276]",113,81
1745,[0.3952757  0.13364565],29,92,"[0.3725508188236613, 0.1071489353939289]",110,-1
1746,[0.29023373 0.70880084],84,8,"[0.29185823944997474, 0.6822630454364129]",113,-1
1747,[0.32620209 0.40851959],77,1,"[0.31345252476490787, 0.39568681619531276]",113,81
1748,[0.13015959 0.86805591],21,47,"[0.12002015978901225, 0.8781802626724163]",22,7
1749,[0.37051661 0.71805438],89,26,"[0.34140158523352676, 0.7415276229463709]",-1,-1
1750,[0.29052814 0.44535441],99,2,"[0.2982944979771574, 0.4928881704977565]",113,81
1751,[0.92172182 0.57198091],4,83,"[0.9023954923676734, 0.6253829621221342]",-1,-1
1752,[0.15674665 0.0804616 ],79,73,"[0.15159497202623598, 0.099534542862727]",-1,-1
1753,[0.51969974 0.50747333],74,68,"[0.5421113451424038, 0.49916034700705]",-1,-1
1754,[0.37145813 0.59886269],14,5,"[0.3369928142177202, 0.5813431770807651]",113,84
1755,[0.88823298 0.81106891],52,50,"[0.8669550309977382, 0.8414428333530212]",55,-1
1756,[0.82256181 0.26014989],38,87,"[0.8400115250570579, 0.2635503368487671]",-1,-1
1757,[0.78226279 0.84153036],26,48,"[0.8063574629792128, 0.8028480378432847]",-1,-1
1758,[0.44544375 0.7275123 ],9,59,"[0.4102385111598612, 0.7308207375545044]",-1,-1
1759,[0.29538516 0.52124797],7,2,"[0.2982944979771574, 0.4928881704977565]",113,-1
1760,[0.26827345 0.46712196],78,2,"[0.2982944979771574, 0.4928881704977565]",113,81
1761,[0.67237412 0.61541947],11,80,"[0.6893002767673785, 0.5852948461925299]",30,1
1762,[0.76683942 0.27506857],38,39,"[0.7929729113380171, 0.306282578754693]",36,-1
1763,[0.42265894 0.21649881],17,40,"[0.4428604662933861, 0.22666876085097074]",110,63
1764,[0.52417357 0.88723283],88,89,"[0.5577955894805164, 0.8749894575544954]",-1,-1
1765,[0.48050482 0.89377588],88,63,"[0.4663233365844979, 0.874422196988726]",-1,-1
1766,[0.74932772 0.71839671],60,11,"[0.7285416878591984, 0.7120527989062413]",102,-1
1767,[0.35143982 0.59733903],54,5,"[0.3369928142177202, 0.5813431770807651]",113,84
1768,[0.27282095 0.69539618],98,8,"[0.29185823944997474, 0.6822630454364129]",113,73
1769,[0.14508244 0.55032371],42,35,"[0.18006516204956544, 0.5309482406934538]",113,-1
1770,[0.13713312 0.15519712],67,7,"[0.16040334011861732, 0.1583747599262833]",104,42
1771,[0.16821676 0.50755799],42,35,"[0.18006516204956544, 0.5309482406934538]",113,-1
1772,[0.14262033 0.53890338],87,35,"[0.18006516204956544, 0.5309482406934538]",113,64
1773,[0.37741048 0.15995789],2,4,"[0.3827392388806571, 0.18315480574773338]",110,-1
1774,[0.18789693 0.58788779],8,70,"[0.16883511008014604, 0.6108734061004485]",-1,-1
1775,[0.85406692 0.45850914],39,94,"[0.8753265847499492, 0.4535299653068886]",17,-1
1776,[0.31923758 0.76066088],84,26,"[0.34140158523352676, 0.7415276229463709]",-1,-1
1777,[0.44694999 0.80681176],23,51,"[0.47563858561263794, 0.7978986338068428]",113,-1
1778,[0.23745313 0.37751435],55,0,"[0.24505961735590134, 0.40258348756972934]",113,-1
1779,[0.30865684 0.35756949],48,1,"[0.31345252476490787, 0.39568681619531276]",113,81
1780,[0.33295731 0.38226843],65,1,"[0.31345252476490787, 0.39568681619531276]",113,-1
1781,[0.82385106 0.72618979],56,65,"[0.8683963995203289, 0.7186203255414056]",-1,-1
1782,[0.44681767 0.13696233],97,15,"[0.4480198330140321, 0.13770311065471516]",110,-1
1783,[0.20904642 0.48967027],78,3,"[0.22590404659055946, 0.4809143921482596]",113,81
1784,[0.55557184 0.70190631],81,28,"[0.572088563242004, 0.6648723747855627]",69,-1
1785,[0.75034509 0.75471567],91,16,"[0.7557129160895149, 0.7610612683801858]",102,-1
1786,[0.49342942 0.27327749],6,17,"[0.5266584783397147, 0.2925234389366824]",29,-1
1787,[0.61723432 0.16827505],75,55,"[0.6160291566716146, 0.18582080836242268]",110,-1
1788,[0.31277557 0.41242192],48,1,"[0.31345252476490787, 0.39568681619531276]",113,81
1789,[0.61155911 0.2190674 ],80,55,"[0.6160291566716146, 0.18582080836242268]",-1,-1
1790,[0.40892421 0.60137476],62,18,"[0.4095647158889755, 0.6213093728466221]",113,65
1791,[0.89420148 0.88722415],52,50,"[0.8669550309977382, 0.8414428333530212]",3,-1
1792,[0.20846048 0.35208512],55,21,"[0.24089021291760518, 0.30160856093346966]",-1,-1
1793,[0.50685943 0.16016347],18,10,"[0.4982904339105401, 0.17462697492844612]",110,63
1794,[0.52604062 0.11737957],71,69,"[0.5153460121236064, 0.11707314703881673]",-1,-1
1795,[0.16191347 0.55704843],87,35,"[0.18006516204956544, 0.5309482406934538]",-1,-1
1796,[0.15107365 0.17326285],90,7,"[0.16040334011861732, 0.1583747599262833]",104,42
1797,[0.56599375 0.33812537],63,23,"[0.5544996285461486, 0.3649814617648961]",110,53
1798,[0.65334133 0.83208144],31,6,"[0.6704818259566957, 0.7868874266118806]",-1,-1
1799,[0.18267528 0.77902405],64,42,"[0.17164193172035744, 0.7477907034099851]",-1,-1
1800,[0.60101854 0.22219985],80,55,"[0.6160291566716146, 0.18582080836242268]",-1,-1
1801,[0.11919448 0.68554189],15,72,"[0.13389630971446978, 0.6701017461857026]",-1,-1
1802,[0.76547676 0.71585797],50,11,"[0.7285416878591984, 0.7120527989062413]",102,-1
1803,[0.62734377 0.81663156],53,45,"[0.6014090517878816, 0.8253297621455221]",102,-1
1804,[0.72960009 0.72062145],60,11,"[0.7285416878591984, 0.7120527989062413]",102,-1
1805,[0.20367645 0.50602585],87,3,"[0.22590404659055946, 0.4809143921482596]",113,81
1806,[0.26586444 0.26640451],68,21,"[0.24089021291760518, 0.30160856093346966]",104,-1
1807,[0.15398459 0.48530704],42,14,"[0.16635912736795258, 0.4532667183848064]",113,66
1808,[0.38402119 0.79844799],10,22,"[0.4053244070468948, 0.7892325425819533]",113,71
1809,[0.88724459 0.64103524],56,83,"[0.9023954923676734, 0.6253829621221342]",90,-1
1810,[0.26003841 0.4203599 ],34,0,"[0.24505961735590134, 0.40258348756972934]",113,81
1811,[0.36559205 0.53980872],54,67,"[0.39991637370105465, 0.5429488636659977]",113,-1
1812,[0.54522411 0.56382063],16,38,"[0.5222833502418962, 0.5760861920194034]",80,-1
1813,[0.79332881 0.86092738],26,95,"[0.8179696228241676, 0.8855176666788548]",-1,-1
1814,[0.158942   0.19819367],95,20,"[0.18106142669570233, 0.20480546739290073]",104,42
1815,[0.36279341 0.75426657],89,26,"[0.34140158523352676, 0.7415276229463709]",113,-1
1816,[0.39859422 0.7904825 ],23,22,"[0.4053244070468948, 0.7892325425819533]",113,-1
1817,[0.44048681 0.24232915],29,40,"[0.4428604662933861, 0.22666876085097074]",-1,-1
1818,[0.43871294 0.79663659],41,22,"[0.4053244070468948, 0.7892325425819533]",113,71
1819,[0.25675806 0.7110451 ],84,81,"[0.2526303993585153, 0.7288181375759063]",113,-1
1820,[0.2700137  0.16662021],68,54,"[0.23065754032548644, 0.16311462163198792]",-1,-1
1821,[0.90032287 0.59314767],56,83,"[0.9023954923676734, 0.6253829621221342]",15,-1
1822,[0.17101938 0.4441542 ],7,14,"[0.16635912736795258, 0.4532667183848064]",113,-1
1823,[0.70423831 0.19236235],93,33,"[0.712147299809196, 0.21396583181069667]",36,-1
1824,[0.10383041 0.2352516 ],95,57,"[0.11385950246950007, 0.22156166292214274]",-1,-1
1825,[0.1511505  0.49829934],42,52,"[0.10837107196086664, 0.5019908555728455]",113,66
1826,[0.1883059  0.19111129],67,20,"[0.18106142669570233, 0.20480546739290073]",104,42
1827,[0.22227214 0.28060964],83,21,"[0.24089021291760518, 0.30160856093346966]",104,-1
1828,[0.40744767 0.18131228],29,4,"[0.3827392388806571, 0.18315480574773338]",110,63
1829,[0.10778947 0.53390701],87,52,"[0.10837107196086664, 0.5019908555728455]",-1,-1
1830,[0.47013172 0.20372172],97,40,"[0.4428604662933861, 0.22666876085097074]",110,63
1831,[0.66089329 0.1787922 ],80,90,"[0.6807795084802507, 0.1410405480143203]",-1,-1
1832,[0.31391796 0.69659915],13,8,"[0.29185823944997474, 0.6822630454364129]",113,-1
1833,[0.77819888 0.51859411],82,49,"[0.7597872492020543, 0.528305606483068]",50,10
1834,[0.71596654 0.29979044],86,36,"[0.718962763471204, 0.2995127644433783]",36,-1
1835,[0.1690521  0.39162172],94,76,"[0.1271293063442913, 0.39727223545070534]",-1,-1
1836,[0.71828163 0.80645763],91,75,"[0.7159769487757391, 0.8473248623765012]",-1,-1
1837,[0.62325504 0.15701138],80,55,"[0.6160291566716146, 0.18582080836242268]",110,-1
1838,[0.53204907 0.78584755],53,51,"[0.47563858561263794, 0.7978986338068428]",-1,-1
1839,[0.73529911 0.7052734 ],60,11,"[0.7285416878591984, 0.7120527989062413]",102,55
1840,[0.78926661 0.76481245],32,16,"[0.7557129160895149, 0.7610612683801858]",102,-1
1841,[0.5276347  0.31331967],72,17,"[0.5266584783397147, 0.2925234389366824]",110,49
1842,[0.16482677 0.27182244],47,19,"[0.1752933885253929, 0.2769931075732081]",104,42
1843,[0.55906958 0.46450665],76,68,"[0.5421113451424038, 0.49916034700705]",-1,-1
1844,[0.15592502 0.15825725],79,7,"[0.16040334011861732, 0.1583747599262833]",104,42
1845,[0.511895   0.30347154],6,17,"[0.5266584783397147, 0.2925234389366824]",110,-1
1846,[0.71532669 0.2322972 ],57,33,"[0.712147299809196, 0.21396583181069667]",-1,-1
1847,[0.75476639 0.84264196],53,75,"[0.7159769487757391, 0.8473248623765012]",-1,-1
1848,[0.89812446 0.31111634],37,84,"[0.8747370333854485, 0.3299307577245935]",-1,-1
1849,[0.24060152 0.26652133],83,21,"[0.24089021291760518, 0.30160856093346966]",104,42
1850,[0.29863303 0.16372495],1,29,"[0.29724643836137565, 0.21152192866347855]",-1,-1
1851,[0.18780857 0.684361  ],0,32,"[0.21070106237511496, 0.6599645039522288]",113,-1
1852,[0.54276916 0.13691722],61,69,"[0.5153460121236064, 0.11707314703881673]",110,-1
1853,[0.81262731 0.32126787],86,39,"[0.7929729113380171, 0.306282578754693]",36,8
1854,[0.16479114 0.86046267],21,78,"[0.17639698191982223, 0.8335029307302414]",-1,-1
1855,[0.28233328 0.58103434],73,24,"[0.2575895391106446, 0.5636151717894005]",113,-1
1856,[0.57978039 0.31640139],6,56,"[0.6228765219922414, 0.3379402254620158]",-1,-1
1857,[0.27706748 0.34624686],55,21,"[0.24089021291760518, 0.30160856093346966]",-1,-1
1858,[0.55734442 0.54209484],74,68,"[0.5421113451424038, 0.49916034700705]",80,30
1859,[0.96508579 0.83130881],52,98,"[0.942733982760607, 0.8236412439484]",-1,-1
1860,[0.86872577 0.82845511],52,50,"[0.8669550309977382, 0.8414428333530212]",54,-1
1861,[0.49463798 0.67344804],81,88,"[0.49693056847195605, 0.6857701176055397]",-1,-1
1862,[0.21179067 0.52486669],42,35,"[0.18006516204956544, 0.5309482406934538]",113,81
1863,[0.27443967 0.37046207],48,0,"[0.24505961735590134, 0.40258348756972934]",113,81
1864,[0.27513034 0.47628571],78,2,"[0.2982944979771574, 0.4928881704977565]",113,81
1865,[0.29310932 0.21246161],17,29,"[0.29724643836137565, 0.21152192866347855]",104,-1
1866,[0.58023234 0.68840477],81,28,"[0.572088563242004, 0.6648723747855627]",69,-1
1867,[0.10594077 0.36577049],96,76,"[0.1271293063442913, 0.39727223545070534]",-1,-1
1868,[0.3773169  0.21324254],2,4,"[0.3827392388806571, 0.18315480574773338]",110,63
1869,[0.71167311 0.61703543],11,80,"[0.6893002767673785, 0.5852948461925299]",-1,-1
1870,[0.20037278 0.28673753],47,19,"[0.1752933885253929, 0.2769931075732081]",104,42
1871,[0.62542555 0.63997756],81,60,"[0.6482027966760067, 0.6653053686977741]",-1,-1
1872,[0.72662894 0.35811248],85,46,"[0.6818606004752428, 0.39460805157892936]",44,-1
1873,[0.74793029 0.42064708],35,79,"[0.7440923457598303, 0.4172681159825393]",-1,-1
1874,[0.3766682  0.26514938],17,44,"[0.34401211644161456, 0.2727474001163449]",-1,-1
1875,[0.2061365  0.31210616],47,21,"[0.24089021291760518, 0.30160856093346966]",104,42
1876,[0.79083482 0.21853167],30,9,"[0.7745160189749856, 0.22813324751878863]",36,12
1877,[0.75310551 0.71883464],19,11,"[0.7285416878591984, 0.7120527989062413]",102,-1
1878,[0.45655098 0.13517514],61,15,"[0.4480198330140321, 0.13770311065471516]",110,-1
1879,[0.45742509 0.81698318],41,51,"[0.47563858561263794, 0.7978986338068428]",-1,-1
1880,[0.8354812 0.2315664],49,87,"[0.8400115250570579, 0.2635503368487671]",-1,-1
1881,[0.18254283 0.22402427],90,20,"[0.18106142669570233, 0.20480546739290073]",104,42
1882,[0.21338866 0.49021295],5,3,"[0.22590404659055946, 0.4809143921482596]",113,81
1883,[0.66613509 0.66125053],40,60,"[0.6482027966760067, 0.6653053686977741]",60,19
1884,[0.83968595 0.55381014],4,43,"[0.8559722074695512, 0.5768738433864216]",94,-1
1885,[0.2229948  0.42632172],55,0,"[0.24505961735590134, 0.40258348756972934]",113,81
1886,[0.36794204 0.68294022],14,12,"[0.3563557933558874, 0.6600167756750083]",113,-1
1887,[0.38747272 0.6615892 ],89,12,"[0.3563557933558874, 0.6600167756750083]",113,77
1888,[0.78362074 0.77285818],32,16,"[0.7557129160895149, 0.7610612683801858]",102,-1
1889,[0.39345724 0.28212626],17,44,"[0.34401211644161456, 0.2727474001163449]",-1,-1
1890,[0.54059527 0.60260393],74,38,"[0.5222833502418962, 0.5760861920194034]",80,27
1891,[0.75349379 0.28001299],57,36,"[0.718962763471204, 0.2995127644433783]",36,11
1892,[0.57452948 0.51347121],74,68,"[0.5421113451424038, 0.49916034700705]",-1,-1
1893,[0.27094864 0.76944376],98,81,"[0.2526303993585153, 0.7288181375759063]",16,-1
1894,[0.15444779 0.52641388],7,35,"[0.18006516204956544, 0.5309482406934538]",113,64
1895,[0.42124421 0.57919053],51,67,"[0.39991637370105465, 0.5429488636659977]",-1,-1
1896,[0.83078444 0.40942489],39,85,"[0.8330047067228752, 0.39861674914336154]",12,0
1897,[0.30590671 0.66392976],14,8,"[0.29185823944997474, 0.6822630454364129]",113,-1
1898,[0.79763591 0.59062104],28,53,"[0.7681832820464827, 0.6327372104307392]",28,-1
1899,[0.39834143 0.85102907],10,41,"[0.4045860819360065, 0.8451095848913467]",-1,-1
1900,[0.37122632 0.42836738],70,91,"[0.38272617373285694, 0.45406707742979985]",-1,-1
1901,[0.24158266 0.22907902],67,34,"[0.22317706824250913, 0.23387943431995686]",104,42
1902,[0.39060938 0.17580952],2,4,"[0.3827392388806571, 0.18315480574773338]",110,62
1903,[0.37079338 0.63674947],62,12,"[0.3563557933558874, 0.6600167756750083]",113,-1
1904,[0.43975447 0.61823489],9,18,"[0.4095647158889755, 0.6213093728466221]",113,-1
1905,[0.34829466 0.55707589],69,5,"[0.3369928142177202, 0.5813431770807651]",113,-1
1906,[0.6044167  0.15860331],80,55,"[0.6160291566716146, 0.18582080836242268]",-1,-1
1907,[0.26759226 0.43694099],78,0,"[0.24505961735590134, 0.40258348756972934]",113,81
1908,[0.15066533 0.88158783],21,47,"[0.12002015978901225, 0.8781802626724163]",21,7
1909,[0.35830876 0.73932174],23,26,"[0.34140158523352676, 0.7415276229463709]",113,-1
1910,[0.10953831 0.81114619],64,71,"[0.10117111935954111, 0.7754028082579668]",74,-1
1911,[0.21935066 0.24084501],1,34,"[0.22317706824250913, 0.23387943431995686]",104,42
1912,[0.91464522 0.36911222],37,96,"[0.9242498114026001, 0.35811950872924947]",-1,-1
1913,[0.59255379 0.63570195],40,28,"[0.572088563242004, 0.6648723747855627]",81,29
1914,[0.5385945  0.22614248],6,31,"[0.5509259779365981, 0.20365500329799469]",110,-1
1915,[0.33873585 0.54467608],69,5,"[0.3369928142177202, 0.5813431770807651]",113,72
1916,[0.42584601 0.21906106],92,40,"[0.4428604662933861, 0.22666876085097074]",110,-1
1917,[0.72526654 0.35378206],85,36,"[0.718962763471204, 0.2995127644433783]",44,5
1918,[0.3417147  0.49305047],73,2,"[0.2982944979771574, 0.4928881704977565]",-1,-1
1919,[0.59510973 0.34018813],76,56,"[0.6228765219922414, 0.3379402254620158]",110,-1
1920,[0.37621063 0.78088409],10,22,"[0.4053244070468948, 0.7892325425819533]",113,71
1921,[0.20962221 0.29039118],83,21,"[0.24089021291760518, 0.30160856093346966]",104,42
1922,[0.47132097 0.55021614],16,38,"[0.5222833502418962, 0.5760861920194034]",-1,-1
1923,[0.54055634 0.65974979],81,28,"[0.572088563242004, 0.6648723747855627]",69,-1
1924,[0.42315359 0.20104093],92,40,"[0.4428604662933861, 0.22666876085097074]",110,63
1925,[0.12595269 0.20902716],95,57,"[0.11385950246950007, 0.22156166292214274]",104,42
1926,[0.3824375  0.25587491],17,44,"[0.34401211644161456, 0.2727474001163449]",53,-1
1927,[0.14403681 0.22927828],68,57,"[0.11385950246950007, 0.22156166292214274]",-1,-1
1928,[0.09581968 0.1865942 ],20,86,"[0.10460029415455299, 0.15390780514892627]",104,-1
1929,[0.36292829 0.38283812],65,13,"[0.3772074110661572, 0.3667665336396509]",113,81
1930,[0.80299749 0.67630285],19,25,"[0.8290893185566872, 0.6663325003431528]",-1,-1
1931,[0.17233689 0.52391252],87,35,"[0.18006516204956544, 0.5309482406934538]",-1,-1
1932,[0.7238261  0.48384472],11,66,"[0.6892424870002536, 0.4809362987183399]",-1,10
1933,[0.39374433 0.8332446 ],10,41,"[0.4045860819360065, 0.8451095848913467]",113,-1
1934,[0.43767515 0.61324852],9,18,"[0.4095647158889755, 0.6213093728466221]",113,-1
1935,[0.56849146 0.36916726],33,23,"[0.5544996285461486, 0.3649814617648961]",110,53
1936,[0.31089736 0.72413248],13,26,"[0.34140158523352676, 0.7415276229463709]",113,79
1937,[0.80596782 0.54407019],28,49,"[0.7597872492020543, 0.528305606483068]",49,10
1938,[0.74740994 0.85519315],31,75,"[0.7159769487757391, 0.8473248623765012]",-1,-1
1939,[0.09937694 0.80905972],58,71,"[0.10117111935954111, 0.7754028082579668]",74,20
1940,[0.25515878 0.71429609],84,81,"[0.2526303993585153, 0.7288181375759063]",113,-1
1941,[0.80937394 0.08532127],93,-1,-1,-1,-1
1942,[0.3784391  0.40477694],48,13,"[0.3772074110661572, 0.3667665336396509]",113,81
1943,[0.73735444 0.17240915],93,62,"[0.7592128314241189, 0.15406303015764497]",36,-1
1944,[0.19980952 0.74967438],98,42,"[0.17164193172035744, 0.7477907034099851]",88,-1
1945,[0.16260497 0.38687899],94,76,"[0.1271293063442913, 0.39727223545070534]",-1,-1
1946,[0.40227989 0.2112968 ],97,4,"[0.3827392388806571, 0.18315480574773338]",110,63
1947,[0.86572847 0.83850959],52,50,"[0.8669550309977382, 0.8414428333530212]",-1,-1
1948,[0.59741076 0.14668199],75,37,"[0.590787313093903, 0.1287873361919935]",-1,-1
1949,[0.20190793 0.85428507],64,78,"[0.17639698191982223, 0.8335029307302414]",-1,-1
1950,[0.84774331 0.60688082],4,43,"[0.8559722074695512, 0.5768738433864216]",99,22
1951,[0.56374031 0.49720845],16,68,"[0.5421113451424038, 0.49916034700705]",-1,-1
1952,[0.10040072 0.73274851],58,71,"[0.10117111935954111, 0.7754028082579668]",-1,-1
1953,[0.62978987 0.66136027],3,60,"[0.6482027966760067, 0.6653053686977741]",-1,-1
1954,[0.37724597 0.82575628],23,41,"[0.4045860819360065, 0.8451095848913467]",-1,-1
1955,[0.78566475 0.67295121],60,53,"[0.7681832820464827, 0.6327372104307392]",102,34
1956,[0.59261462 0.25870372],22,58,"[0.5903496421521437, 0.26872112132208276]",-1,-1
1957,[0.20967282 0.53889115],34,35,"[0.18006516204956544, 0.5309482406934538]",113,81
1958,[0.61032343 0.62259142],40,30,"[0.5893115951066175, 0.5856347360021498]",81,-1
1959,[0.5020097  0.17670753],97,10,"[0.4982904339105401, 0.17462697492844612]",110,63
1960,[0.17717148 0.72703899],0,42,"[0.17164193172035744, 0.7477907034099851]",107,-1
1961,[0.33035728 0.1915282 ],1,29,"[0.29724643836137565, 0.21152192866347855]",110,-1
1962,[0.60086175 0.70715484],81,27,"[0.6091441642186142, 0.7391629772413223]",102,-1
1963,[0.29251881 0.37528641],99,1,"[0.31345252476490787, 0.39568681619531276]",113,81
1964,[0.48727562 0.25528145],61,40,"[0.4428604662933861, 0.22666876085097074]",29,-1
1965,[0.78048756 0.1955253 ],57,9,"[0.7745160189749856, 0.22813324751878863]",36,12
1966,[0.68084711 0.46215255],35,66,"[0.6892424870002536, 0.4809362987183399]",-1,-1
1967,[0.63368429 0.75299574],59,27,"[0.6091441642186142, 0.7391629772413223]",-1,-1
1968,[0.17633283 0.6639258 ],0,32,"[0.21070106237511496, 0.6599645039522288]",113,43
1969,[0.81914403 0.59659567],27,43,"[0.8559722074695512, 0.5768738433864216]",99,-1
1970,[0.91524662 0.27768221],37,97,"[0.9117696710959879, 0.2607718115134211]",-1,-1
1971,[0.38388875 0.67808423],51,12,"[0.3563557933558874, 0.6600167756750083]",113,77
1972,[0.28512721 0.6592503 ],98,8,"[0.29185823944997474, 0.6822630454364129]",113,-1
1973,[0.4073217  0.53389456],69,67,"[0.39991637370105465, 0.5429488636659977]",-1,-1
1974,[0.26622092 0.72346234],98,81,"[0.2526303993585153, 0.7288181375759063]",-1,-1
1975,[0.74166455 0.56272194],11,49,"[0.7597872492020543, 0.528305606483068]",-1,-1
1976,[0.62886584 0.4148333 ],44,64,"[0.5873954455556146, 0.4184822956881117]",-1,-1
1977,[0.84752378 0.5128787 ],82,61,"[0.8226541227267828, 0.49698240517173836]",68,-1
1978,[0.84824538 0.57732401],4,43,"[0.8559722074695512, 0.5768738433864216]",-1,22
1979,[0.21692639 0.42711178],87,0,"[0.24505961735590134, 0.40258348756972934]",113,81
1980,[0.59462835 0.62178318],40,30,"[0.5893115951066175, 0.5856347360021498]",81,29
1981,[0.57107379 0.63438569],12,28,"[0.572088563242004, 0.6648723747855627]",81,29
1982,[0.84667154 0.25645059],38,87,"[0.8400115250570579, 0.2635503368487671]",-1,-1
1983,[0.44473063 0.30030709],6,-1,-1,-1,-1
1984,[0.5949181  0.68664881],74,28,"[0.572088563242004, 0.6648723747855627]",-1,-1
1985,[0.13625878 0.4721009 ],7,14,"[0.16635912736795258, 0.4532667183848064]",113,-1
1986,[0.82577325 0.30490913],30,39,"[0.7929729113380171, 0.306282578754693]",36,-1
1987,[0.47142138 0.23254506],6,40,"[0.4428604662933861, 0.22666876085097074]",-1,-1
1988,[0.25956926 0.53674685],8,24,"[0.2575895391106446, 0.5636151717894005]",113,81
1989,[0.32020757 0.26283396],17,44,"[0.34401211644161456, 0.2727474001163449]",76,17
1990,[0.71882757 0.66794336],60,11,"[0.7285416878591984, 0.7120527989062413]",-1,-1
1991,[0.70403675 0.22178961],57,33,"[0.712147299809196, 0.21396583181069667]",36,6
1992,[0.35568492 0.39013386],65,13,"[0.3772074110661572, 0.3667665336396509]",113,81
1993,[0.16399395 0.72166784],58,42,"[0.17164193172035744, 0.7477907034099851]",-1,-1
1994,[0.39058518 0.82051981],10,41,"[0.4045860819360065, 0.8451095848913467]",113,-1
1995,[0.32135955 0.67624492],13,8,"[0.29185823944997474, 0.6822630454364129]",113,-1
1996,[0.092942   0.26557811],95,57,"[0.11385950246950007, 0.22156166292214274]",-1,-1
1997,[0.37840165 0.24940516],2,44,"[0.34401211644161456, 0.2727474001163449]",-1,-1
1998,[0.41756753 0.79633415],41,22,"[0.4053244070468948, 0.7892325425819533]",113,-1
1999,[0.2362178  0.25894371],36,34,"[0.22317706824250913, 0.23387943431995686]",104,-1
2000,[0.72311444 0.75214521],91,16,"[0.7557129160895149, 0.7610612683801858]",102,-1
2001,[0.30237677 0.79794956],84,82,"[0.32758089961125464, 0.809330839306685]",-1,-1
2002,[0.08755039 0.24355937],95,57,"[0.11385950246950007, 0.22156166292214274]",-1,-1
2003,[0.44482353 0.19979673],97,40,"[0.4428604662933861, 0.22666876085097074]",110,63
2004,[0.15226295 0.18907605],66,7,"[0.16040334011861732, 0.1583747599262833]",104,42
2005,[0.36523657 0.24871342],1,44,"[0.34401211644161456, 0.2727474001163449]",110,-1
2006,[0.14851363 0.65504606],15,72,"[0.13389630971446978, 0.6701017461857026]",-1,-1
2007,[0.44312805 0.20712235],92,40,"[0.4428604662933861, 0.22666876085097074]",110,63
2008,[0.56885039 0.40478317],72,64,"[0.5873954455556146, 0.4184822956881117]",110,-1
2009,[0.48621159 0.15931468],61,10,"[0.4982904339105401, 0.17462697492844612]",110,63
2010,[0.3529041  0.46533132],54,91,"[0.38272617373285694, 0.45406707742979985]",-1,-1
2011,[0.17984945 0.23508794],67,20,"[0.18106142669570233, 0.20480546739290073]",104,42
2012,[0.84719953 0.6840366 ],56,25,"[0.8290893185566872, 0.6663325003431528]",98,24
2013,[0.77583873 0.55520437],11,49,"[0.7597872492020543, 0.528305606483068]",-1,10
2014,[0.19564087 0.15343732],90,7,"[0.16040334011861732, 0.1583747599262833]",104,42
2015,[0.45562208 0.14546399],29,15,"[0.4480198330140321, 0.13770311065471516]",110,-1
2016,[0.298873   0.24773971],1,29,"[0.29724643836137565, 0.21152192866347855]",104,33
2017,[0.69909542 0.80408756],59,6,"[0.6704818259566957, 0.7868874266118806]",102,50
2018,[0.64307452 0.63380505],40,60,"[0.6482027966760067, 0.6653053686977741]",-1,-1
2019,[0.55403553 0.41201115],33,64,"[0.5873954455556146, 0.4184822956881117]",110,-1
2020,[0.40712916 0.52283616],54,67,"[0.39991637370105465, 0.5429488636659977]",-1,-1
2021,[0.43032004 0.19405201],17,40,"[0.4428604662933861, 0.22666876085097074]",110,-1
2022,[0.36536948 0.69725272],14,12,"[0.3563557933558874, 0.6600167756750083]",113,-1
2023,[0.40296479 0.62234876],9,18,"[0.4095647158889755, 0.6213093728466221]",113,84
2024,[0.07149709 0.62278676],0,-1,-1,-1,-1
2025,[0.53773951 0.162477  ],75,10,"[0.4982904339105401, 0.17462697492844612]",110,63
2026,[0.11733763 0.20639084],20,57,"[0.11385950246950007, 0.22156166292214274]",104,42
2027,[0.14309704 0.66856306],15,72,"[0.13389630971446978, 0.6701017461857026]",58,-1
2028,[0.67814458 0.88655781],45,74,"[0.6387846519793019, 0.8886269005667045]",-1,-1
2029,[0.18218333 0.65922342],15,32,"[0.21070106237511496, 0.6599645039522288]",113,43
2030,[0.21351662 0.68387716],15,32,"[0.21070106237511496, 0.6599645039522288]",-1,-1
2031,[0.30330496 0.48657048],34,2,"[0.2982944979771574, 0.4928881704977565]",113,-1
2032,[0.87702156 0.32575835],37,84,"[0.8747370333854485, 0.3299307577245935]",25,2
2033,[0.59348866 0.62188898],81,30,"[0.5893115951066175, 0.5856347360021498]",81,29
2034,[0.84386558 0.52427101],28,61,"[0.8226541227267828, 0.49698240517173836]",-1,22
2035,[0.1799053  0.20938854],79,20,"[0.18106142669570233, 0.20480546739290073]",104,42
2036,[0.39332107 0.80865568],10,22,"[0.4053244070468948, 0.7892325425819533]",113,71
2037,[0.70592448 0.72099487],60,11,"[0.7285416878591984, 0.7120527989062413]",102,52
2038,[0.68397365 0.78196789],31,6,"[0.6704818259566957, 0.7868874266118806]",102,50
2039,[0.57511561 0.30115371],6,58,"[0.5903496421521437, 0.26872112132208276]",110,48
2040,[0.28844045 0.73006419],84,81,"[0.2526303993585153, 0.7288181375759063]",113,-1
2041,[0.1553829  0.74754236],58,42,"[0.17164193172035744, 0.7477907034099851]",-1,-1
2042,[0.26672736 0.37411675],77,0,"[0.24505961735590134, 0.40258348756972934]",113,81
2043,[0.43691614 0.7940828 ],88,22,"[0.4053244070468948, 0.7892325425819533]",113,71
2044,[0.50860032 0.29598907],63,17,"[0.5266584783397147, 0.2925234389366824]",110,-1
2045,[0.60271841 0.34719842],72,56,"[0.6228765219922414, 0.3379402254620158]",110,-1
2046,[0.36524335 0.34287976],65,13,"[0.3772074110661572, 0.3667665336396509]",111,-1
2047,[0.29482924 0.27049029],68,44,"[0.34401211644161456, 0.2727474001163449]",-1,-1
2048,[0.20832705 0.54556827],42,35,"[0.18006516204956544, 0.5309482406934538]",113,-1
2049,[0.51231821 0.48598185],16,68,"[0.5421113451424038, 0.49916034700705]",-1,-1
2050,[0.39899214 0.71964459],41,59,"[0.4102385111598612, 0.7308207375545044]",113,67
2051,[0.33265748 0.33514828],43,13,"[0.3772074110661572, 0.3667665336396509]",113,-1
2052,[0.6910324  0.71980029],3,11,"[0.7285416878591984, 0.7120527989062413]",102,52
2053,[0.8572214  0.53221326],4,43,"[0.8559722074695512, 0.5768738433864216]",73,-1
2054,[0.4373614  0.82110208],24,41,"[0.4045860819360065, 0.8451095848913467]",113,-1
2055,[0.51368531 0.16697828],71,10,"[0.4982904339105401, 0.17462697492844612]",110,-1
2056,[0.84289095 0.33371409],37,84,"[0.8747370333854485, 0.3299307577245935]",-1,-1
2057,[0.82451421 0.4004641 ],39,85,"[0.8330047067228752, 0.39861674914336154]",-1,-1
2058,[0.44020203 0.19289163],97,40,"[0.4428604662933861, 0.22666876085097074]",110,63
2059,[0.72248041 0.16344452],49,62,"[0.7592128314241189, 0.15406303015764497]",-1,-1
2060,[0.74612589 0.82691867],91,75,"[0.7159769487757391, 0.8473248623765012]",-1,-1
2061,[0.47440903 0.7887031 ],88,51,"[0.47563858561263794, 0.7978986338068428]",113,-1
2062,[0.86681239 0.63706015],56,83,"[0.9023954923676734, 0.6253829621221342]",-1,-1
2063,[0.53086207 0.13252288],61,69,"[0.5153460121236064, 0.11707314703881673]",110,-1
2064,[0.59599871 0.65011257],12,28,"[0.572088563242004, 0.6648723747855627]",81,29
2065,[0.35462225 0.66917702],51,12,"[0.3563557933558874, 0.6600167756750083]",113,-1
2066,[0.38905057 0.70941242],23,59,"[0.4102385111598612, 0.7308207375545044]",113,-1
2067,[0.50362227 0.15475379],29,10,"[0.4982904339105401, 0.17462697492844612]",110,63
2068,[0.65550818 0.77986919],91,6,"[0.6704818259566957, 0.7868874266118806]",102,-1
2069,[0.2332128  0.50012948],78,3,"[0.22590404659055946, 0.4809143921482596]",113,-1
2070,[0.61342995 0.68871779],40,60,"[0.6482027966760067, 0.6653053686977741]",-1,-1
2071,[0.12942737 0.20993253],20,57,"[0.11385950246950007, 0.22156166292214274]",104,42
2072,[0.64689366 0.37068665],44,56,"[0.6228765219922414, 0.3379402254620158]",-1,-1
2073,[0.49192986 0.13898767],61,69,"[0.5153460121236064, 0.11707314703881673]",110,-1
2074,[0.32908342 0.40957947],43,1,"[0.31345252476490787, 0.39568681619531276]",113,81
2075,[0.31047894 0.38218783],48,1,"[0.31345252476490787, 0.39568681619531276]",113,81
2076,[0.23991811 0.14410118],67,54,"[0.23065754032548644, 0.16311462163198792]",-1,-1
2077,[0.23856333 0.60407809],25,24,"[0.2575895391106446, 0.5636151717894005]",-1,-1
2078,[0.10419749 0.22038765],66,57,"[0.11385950246950007, 0.22156166292214274]",104,-1
2079,[0.34659436 0.72283425],89,26,"[0.34140158523352676, 0.7415276229463709]",113,76
2080,[0.71087539 0.88062281],31,75,"[0.7159769487757391, 0.8473248623765012]",-1,-1
2081,[0.5812118 0.3260118],72,56,"[0.6228765219922414, 0.3379402254620158]",-1,-1
2082,[0.8009411  0.77443204],32,48,"[0.8063574629792128, 0.8028480378432847]",-1,-1
2083,[0.12899452 0.10429853],66,73,"[0.15159497202623598, 0.099534542862727]",-1,-1
2084,[0.4292377  0.70384229],9,59,"[0.4102385111598612, 0.7308207375545044]",-1,-1
2085,[0.27192398 0.67660362],13,8,"[0.29185823944997474, 0.6822630454364129]",113,73
2086,[0.19060055 0.18928569],67,20,"[0.18106142669570233, 0.20480546739290073]",104,42
2087,[0.41847452 0.17511817],92,4,"[0.3827392388806571, 0.18315480574773338]",110,63
2088,[0.1855361  0.43020597],34,14,"[0.16635912736795258, 0.4532667183848064]",113,-1
2089,[0.79829909 0.20866655],57,9,"[0.7745160189749856, 0.22813324751878863]",36,12
2090,[0.33262787 0.26289432],68,44,"[0.34401211644161456, 0.2727474001163449]",76,17
2091,[0.67866645 0.55992461],11,80,"[0.6893002767673785, 0.5852948461925299]",-1,-1
2092,[0.71768594 0.49750065],35,66,"[0.6892424870002536, 0.4809362987183399]",50,10
2093,[0.69679951 0.33442604],85,36,"[0.718962763471204, 0.2995127644433783]",-1,-1
2094,[0.44076579 0.12283128],29,15,"[0.4480198330140321, 0.13770311065471516]",110,-1
2095,[0.24214178 0.2254166 ],1,34,"[0.22317706824250913, 0.23387943431995686]",104,-1
2096,[0.39443861 0.18870925],92,4,"[0.3827392388806571, 0.18315480574773338]",110,63
2097,[0.19149823 0.26426268],36,19,"[0.1752933885253929, 0.2769931075732081]",104,42
2098,[0.57909049 0.09049389],80,37,"[0.590787313093903, 0.1287873361919935]",-1,-1
2099,[0.21214976 0.18170995],36,54,"[0.23065754032548644, 0.16311462163198792]",104,42
2100,[0.17048272 0.43569692],94,14,"[0.16635912736795258, 0.4532667183848064]",113,-1
2101,[0.17225815 0.56959562],7,35,"[0.18006516204956544, 0.5309482406934538]",-1,-1
2102,[0.56971365 0.15836219],71,37,"[0.590787313093903, 0.1287873361919935]",110,59
2103,[0.14964469 0.59043037],87,70,"[0.16883511008014604, 0.6108734061004485]",-1,-1
2104,[0.13616235 0.20882096],90,57,"[0.11385950246950007, 0.22156166292214274]",104,42
2105,[0.19975821 0.53221149],34,35,"[0.18006516204956544, 0.5309482406934538]",113,81
2106,[0.34233732 0.25887109],17,44,"[0.34401211644161456, 0.2727474001163449]",76,-1
2107,[0.52277592 0.60932194],16,38,"[0.5222833502418962, 0.5760861920194034]",-1,-1
2108,[0.45135047 0.17211533],29,15,"[0.4480198330140321, 0.13770311065471516]",110,63
2109,[0.7864615  0.79503258],91,48,"[0.8063574629792128, 0.8028480378432847]",65,-1
2110,[0.24543141 0.40113064],55,0,"[0.24505961735590134, 0.40258348756972934]",113,81
2111,[0.8327895  0.53019822],28,61,"[0.8226541227267828, 0.49698240517173836]",72,-1
2112,[0.15518315 0.56554729],42,35,"[0.18006516204956544, 0.5309482406934538]",-1,-1
2113,[0.28533397 0.65116316],25,8,"[0.29185823944997474, 0.6822630454364129]",113,-1
2114,[0.53473488 0.57432309],16,38,"[0.5222833502418962, 0.5760861920194034]",80,-1
2115,[0.45615891 0.11578872],97,15,"[0.4480198330140321, 0.13770311065471516]",110,-1
2116,[0.19760282 0.4895346 ],42,3,"[0.22590404659055946, 0.4809143921482596]",113,81
2117,[0.63739367 0.91370804],31,74,"[0.6387846519793019, 0.8886269005667045]",-1,-1
2118,[0.28388992 0.37629744],43,1,"[0.31345252476490787, 0.39568681619531276]",113,81
2119,[0.56966786 0.34293768],6,23,"[0.5544996285461486, 0.3649814617648961]",110,53
2120,[0.33042985 0.61436092],14,5,"[0.3369928142177202, 0.5813431770807651]",113,-1
2121,[0.29990718 0.45088016],34,2,"[0.2982944979771574, 0.4928881704977565]",113,-1
2122,[0.11303453 0.71468477],64,72,"[0.13389630971446978, 0.6701017461857026]",-1,-1
2123,[0.32751222 0.42356779],65,1,"[0.31345252476490787, 0.39568681619531276]",113,-1
2124,[0.80046059 0.77571105],32,48,"[0.8063574629792128, 0.8028480378432847]",-1,-1
2125,[0.67039975 0.18121464],71,90,"[0.6807795084802507, 0.1410405480143203]",33,-1
2126,[0.81849715 0.54373042],27,61,"[0.8226541227267828, 0.49698240517173836]",-1,-1
2127,[0.68421691 0.80613877],91,6,"[0.6704818259566957, 0.7868874266118806]",102,50
2128,[0.41611838 0.76485015],89,22,"[0.4053244070468948, 0.7892325425819533]",113,71
2129,[0.8699694  0.67296039],27,25,"[0.8290893185566872, 0.6663325003431528]",-1,-1
2130,[0.32090427 0.40707276],48,1,"[0.31345252476490787, 0.39568681619531276]",113,81
2131,[0.40611214 0.43575346],70,91,"[0.38272617373285694, 0.45406707742979985]",-1,-1
2132,[0.67075654 0.61774563],11,80,"[0.6893002767673785, 0.5852948461925299]",30,1
2133,[0.19111221 0.56149055],42,35,"[0.18006516204956544, 0.5309482406934538]",-1,-1
2134,[0.42550763 0.59775858],9,18,"[0.4095647158889755, 0.6213093728466221]",113,-1
2135,[0.08435489 0.87345002],21,47,"[0.12002015978901225, 0.8781802626724163]",19,-1
2136,[0.30377289 0.39207202],43,1,"[0.31345252476490787, 0.39568681619531276]",113,81
2137,[0.12797709 0.5080118 ],42,52,"[0.10837107196086664, 0.5019908555728455]",113,-1
2138,[0.50306781 0.16459948],18,10,"[0.4982904339105401, 0.17462697492844612]",110,63
2139,[0.28219537 0.3127649 ],1,21,"[0.24089021291760518, 0.30160856093346966]",-1,-1
2140,[0.21205106 0.16983504],67,54,"[0.23065754032548644, 0.16311462163198792]",-1,-1
2141,[0.53021186 0.16581181],61,10,"[0.4982904339105401, 0.17462697492844612]",110,63
2142,[0.74576166 0.32791156],30,36,"[0.718962763471204, 0.2995127644433783]",-1,-1
2143,[0.19034161 0.21393492],36,20,"[0.18106142669570233, 0.20480546739290073]",104,42
2144,[0.49912092 0.34202582],63,77,"[0.5067154617511884, 0.39780872086571867]",-1,-1
2145,[0.90788712 0.56422574],4,43,"[0.8559722074695512, 0.5768738433864216]",-1,-1
2146,[0.10330283 0.14069034],79,86,"[0.10460029415455299, 0.15390780514892627]",97,-1
2147,[0.26174086 0.26588245],36,21,"[0.24089021291760518, 0.30160856093346966]",104,-1
2148,[0.90227949 0.25217546],37,97,"[0.9117696710959879, 0.2607718115134211]",-1,-1
2149,[0.32748153 0.79329438],23,82,"[0.32758089961125464, 0.809330839306685]",82,-1
2150,[0.76741754 0.12815957],93,62,"[0.7592128314241189, 0.15406303015764497]",32,-1
2151,[0.18275157 0.15842579],67,7,"[0.16040334011861732, 0.1583747599262833]",104,42
2152,[0.34577627 0.49305933],69,2,"[0.2982944979771574, 0.4928881704977565]",-1,-1
2153,[0.82515974 0.6505554 ],27,25,"[0.8290893185566872, 0.6663325003431528]",102,24
2154,[0.34755385 0.63302487],62,12,"[0.3563557933558874, 0.6600167756750083]",113,83
2155,[0.39836988 0.38572731],70,13,"[0.3772074110661572, 0.3667665336396509]",-1,-1
2156,[0.54787893 0.28385637],63,17,"[0.5266584783397147, 0.2925234389366824]",110,48
2157,[0.26037261 0.50814104],78,2,"[0.2982944979771574, 0.4928881704977565]",113,-1
2158,[0.72832863 0.70397188],59,11,"[0.7285416878591984, 0.7120527989062413]",102,-1
2159,[0.40929153 0.62960116],14,18,"[0.4095647158889755, 0.6213093728466221]",113,84
2160,[0.19875458 0.6865478 ],25,32,"[0.21070106237511496, 0.6599645039522288]",-1,-1
2161,[0.74049925 0.75490821],60,16,"[0.7557129160895149, 0.7610612683801858]",102,-1
2162,[0.80731008 0.62791727],27,53,"[0.7681832820464827, 0.6327372104307392]",-1,-1
2163,[0.22178426 0.46702644],78,3,"[0.22590404659055946, 0.4809143921482596]",113,81
2164,[0.78709154 0.35219633],86,39,"[0.7929729113380171, 0.306282578754693]",31,-1
2165,[0.8601512  0.64885389],4,25,"[0.8290893185566872, 0.6663325003431528]",98,25
2166,[0.41314789 0.59904369],9,18,"[0.4095647158889755, 0.6213093728466221]",113,65
2167,[0.59311402 0.24193181],71,58,"[0.5903496421521437, 0.26872112132208276]",110,-1
2168,[0.62114825 0.19862441],80,55,"[0.6160291566716146, 0.18582080836242268]",110,37
2169,[0.28009242 0.74571556],98,81,"[0.2526303993585153, 0.7288181375759063]",16,-1
2170,[0.3350703  0.29044933],17,44,"[0.34401211644161456, 0.2727474001163449]",-1,-1
2171,[0.64440749 0.34238112],72,56,"[0.6228765219922414, 0.3379402254620158]",-1,-1
2172,[0.20427927 0.28483271],36,19,"[0.1752933885253929, 0.2769931075732081]",104,42
2173,[0.68880537 0.64628653],12,60,"[0.6482027966760067, 0.6653053686977741]",-1,-1
2174,[0.28953681 0.52163319],78,2,"[0.2982944979771574, 0.4928881704977565]",113,78
2175,[0.1656641 0.2329828],36,20,"[0.18106142669570233, 0.20480546739290073]",104,42
2176,[0.56328571 0.28818922],6,58,"[0.5903496421521437, 0.26872112132208276]",110,48
2177,[0.69129561 0.75910994],53,6,"[0.6704818259566957, 0.7868874266118806]",102,-1
2178,[0.27162132 0.46863468],34,2,"[0.2982944979771574, 0.4928881704977565]",113,81
2179,[0.71103799 0.44172922],35,79,"[0.7440923457598303, 0.4172681159825393]",43,4
2180,[0.24252372 0.44486728],99,3,"[0.22590404659055946, 0.4809143921482596]",113,81
2181,[0.19494925 0.13395646],66,7,"[0.16040334011861732, 0.1583747599262833]",104,-1
2182,[0.38716736 0.37776712],43,13,"[0.3772074110661572, 0.3667665336396509]",113,-1
2183,[0.61021011 0.19101331],80,55,"[0.6160291566716146, 0.18582080836242268]",110,37
2184,[0.05982665 0.7588868 ],58,71,"[0.10117111935954111, 0.7754028082579668]",-1,-1
2185,[0.29795087 0.4270428 ],34,1,"[0.31345252476490787, 0.39568681619531276]",113,-1
2186,[0.32375085 0.57318048],69,5,"[0.3369928142177202, 0.5813431770807651]",113,-1
2187,[0.3700362  0.12997987],2,92,"[0.3725508188236613, 0.1071489353939289]",-1,-1
2188,[0.15576641 0.14983647],20,7,"[0.16040334011861732, 0.1583747599262833]",104,42
2189,[0.75431154 0.18885268],49,62,"[0.7592128314241189, 0.15406303015764497]",36,-1
2190,[0.91719446 0.74836929],56,65,"[0.8683963995203289, 0.7186203255414056]",-1,-1
2191,[0.35594846 0.40374832],65,13,"[0.3772074110661572, 0.3667665336396509]",113,-1
2192,[0.33207602 0.76474293],13,26,"[0.34140158523352676, 0.7415276229463709]",113,-1
2193,[0.76744885 0.28149694],86,39,"[0.7929729113380171, 0.306282578754693]",36,-1
2194,[0.65409627 0.39413681],44,46,"[0.6818606004752428, 0.39460805157892936]",-1,-1
2195,[0.03618676 0.49227234],87,-1,-1,-1,-1
2196,[0.34401568 0.58168748],51,5,"[0.3369928142177202, 0.5813431770807651]",-1,-1
2197,[0.79300465 0.50535497],28,61,"[0.8226541227267828, 0.49698240517173836]",-1,-1
2198,[0.66807772 0.4796377 ],35,66,"[0.6892424870002536, 0.4809362987183399]",-1,-1
2199,[0.31668438 0.41352568],65,1,"[0.31345252476490787, 0.39568681619531276]",113,81
2200,[0.52317468 0.57807407],74,38,"[0.5222833502418962, 0.5760861920194034]",80,-1
2201,[0.57315642 0.70767125],81,28,"[0.572088563242004, 0.6648723747855627]",69,-1
2202,[0.34865027 0.56116528],73,5,"[0.3369928142177202, 0.5813431770807651]",113,68
2203,[0.51763114 0.88558003],88,89,"[0.5577955894805164, 0.8749894575544954]",-1,-1
2204,[0.19456771 0.25658493],83,19,"[0.1752933885253929, 0.2769931075732081]",104,42
2205,[0.79222169 0.26106417],38,9,"[0.7745160189749856, 0.22813324751878863]",36,-1
2206,[0.60595468 0.33771787],72,56,"[0.6228765219922414, 0.3379402254620158]",-1,-1
2207,[0.64101459 0.86565322],45,74,"[0.6387846519793019, 0.8886269005667045]",63,-1
2208,[0.3862191  0.23994689],46,44,"[0.34401211644161456, 0.2727474001163449]",-1,-1
2209,[0.78533568 0.54888871],82,49,"[0.7597872492020543, 0.528305606483068]",49,10
2210,[0.20198936 0.16196039],20,54,"[0.23065754032548644, 0.16311462163198792]",104,42
2211,[0.2249925  0.28551338],83,21,"[0.24089021291760518, 0.30160856093346966]",104,-1
2212,[0.19592549 0.66555099],15,32,"[0.21070106237511496, 0.6599645039522288]",113,43
2213,[0.37851798 0.46293115],65,91,"[0.38272617373285694, 0.45406707742979985]",-1,-1
2214,[0.59524987 0.61901715],12,30,"[0.5893115951066175, 0.5856347360021498]",81,29
2215,[0.30372117 0.27960416],68,44,"[0.34401211644161456, 0.2727474001163449]",-1,-1
2216,[0.58142481 0.79115592],53,45,"[0.6014090517878816, 0.8253297621455221]",-1,-1
2217,[0.28841925 0.40773994],99,1,"[0.31345252476490787, 0.39568681619531276]",113,81
2218,[0.70425322 0.1674426 ],49,90,"[0.6807795084802507, 0.1410405480143203]",36,-1
2219,[0.56033615 0.26568502],63,58,"[0.5903496421521437, 0.26872112132208276]",110,47
2220,[0.77282005 0.45559162],39,79,"[0.7440923457598303, 0.4172681159825393]",-1,-1
2221,[0.68366903 0.19567169],57,33,"[0.712147299809196, 0.21396583181069667]",33,-1
2222,[0.77689597 0.37122342],86,79,"[0.7440923457598303, 0.4172681159825393]",31,-1
2223,[0.15253929 0.87855892],21,47,"[0.12002015978901225, 0.8781802626724163]",21,7
2224,[0.80117458 0.22186774],93,9,"[0.7745160189749856, 0.22813324751878863]",36,12
2225,[0.09044879 0.24268901],95,57,"[0.11385950246950007, 0.22156166292214274]",-1,-1
2226,[0.59816204 0.81160324],53,45,"[0.6014090517878816, 0.8253297621455221]",-1,-1
2227,[0.27635168 0.56048949],5,24,"[0.2575895391106446, 0.5636151717894005]",113,-1
2228,[0.76624602 0.27475472],30,39,"[0.7929729113380171, 0.306282578754693]",36,11
2229,[0.72466263 0.13263087],93,62,"[0.7592128314241189, 0.15406303015764497]",-1,-1
2230,[0.1468593  0.18394582],79,7,"[0.16040334011861732, 0.1583747599262833]",104,42
2231,[0.29694753 0.8014684 ],89,82,"[0.32758089961125464, 0.809330839306685]",-1,-1
2232,[0.25556924 0.42029026],34,0,"[0.24505961735590134, 0.40258348756972934]",113,81
2233,[0.67472149 0.8010376 ],59,6,"[0.6704818259566957, 0.7868874266118806]",102,50
2234,[0.21190027 0.31971178],83,21,"[0.24089021291760518, 0.30160856093346966]",104,42
2235,[0.17296572 0.63925774],15,70,"[0.16883511008014604, 0.6108734061004485]",113,43
2236,[0.16226584 0.20519972],90,20,"[0.18106142669570233, 0.20480546739290073]",104,42
2237,[0.50651787 0.20322807],97,10,"[0.4982904339105401, 0.17462697492844612]",110,-1
2238,[0.16014806 0.07512023],67,73,"[0.15159497202623598, 0.099534542862727]",-1,-1
2239,[0.87169342 0.56516924],4,43,"[0.8559722074695512, 0.5768738433864216]",-1,-1
2240,[0.6164747 0.2306081],80,55,"[0.6160291566716146, 0.18582080836242268]",-1,-1
2241,[0.91637426 0.32091637],37,96,"[0.9242498114026001, 0.35811950872924947]",-1,-1
2242,[0.93049748 0.55942965],4,-1,-1,-1,-1
2243,[0.35978059 0.33444726],65,13,"[0.3772074110661572, 0.3667665336396509]",-1,-1
2244,[0.7221132  0.75764429],59,16,"[0.7557129160895149, 0.7610612683801858]",102,56
2245,[0.25420725 0.4950467 ],5,3,"[0.22590404659055946, 0.4809143921482596]",113,81
2246,[0.50485555 0.3693349 ],33,77,"[0.5067154617511884, 0.39780872086571867]",-1,-1
2247,[0.58003071 0.17464212],71,55,"[0.6160291566716146, 0.18582080836242268]",110,-1
2248,[0.45173176 0.75132378],10,59,"[0.4102385111598612, 0.7308207375545044]",-1,-1
2249,[0.70548099 0.11825906],49,90,"[0.6807795084802507, 0.1410405480143203]",-1,-1
2250,[0.09991074 0.11726434],79,86,"[0.10460029415455299, 0.15390780514892627]",-1,-1
2251,[0.1761877  0.75441678],64,42,"[0.17164193172035744, 0.7477907034099851]",-1,-1
2252,[0.58909528 0.66257115],81,28,"[0.572088563242004, 0.6648723747855627]",-1,-1
2253,[0.16492962 0.17785923],79,7,"[0.16040334011861732, 0.1583747599262833]",104,42
2254,[0.72028205 0.36807535],85,46,"[0.6818606004752428, 0.39460805157892936]",-1,5
2255,[0.35471356 0.60533987],14,5,"[0.3369928142177202, 0.5813431770807651]",113,84
2256,[0.71186914 0.10995492],49,90,"[0.6807795084802507, 0.1410405480143203]",-1,-1
2257,[0.36803913 0.5339699 ],54,67,"[0.39991637370105465, 0.5429488636659977]",113,-1
2258,[0.37778388 0.83591115],89,41,"[0.4045860819360065, 0.8451095848913467]",113,-1
2259,[0.78180457 0.22737353],38,9,"[0.7745160189749856, 0.22813324751878863]",36,12
2260,[0.12073612 0.1926749 ],20,57,"[0.11385950246950007, 0.22156166292214274]",104,-1
2261,[0.34728169 0.82258688],89,82,"[0.32758089961125464, 0.809330839306685]",-1,-1
2262,[0.12315946 0.65515063],15,72,"[0.13389630971446978, 0.6701017461857026]",-1,-1
2263,[0.11793993 0.74952572],58,71,"[0.10117111935954111, 0.7754028082579668]",79,-1
2264,[0.2952821  0.44680054],99,2,"[0.2982944979771574, 0.4928881704977565]",113,81
2265,[0.15798808 0.46726717],94,14,"[0.16635912736795258, 0.4532667183848064]",113,69
2266,[0.87038183 0.55311543],4,43,"[0.8559722074695512, 0.5768738433864216]",-1,-1
2267,[0.47727883 0.79230325],88,51,"[0.47563858561263794, 0.7978986338068428]",113,-1
2268,[0.29431554 0.17954519],17,29,"[0.29724643836137565, 0.21152192866347855]",51,-1
2269,[0.36364146 0.27417955],17,44,"[0.34401211644161456, 0.2727474001163449]",-1,-1
2270,[0.23782746 0.59517272],13,24,"[0.2575895391106446, 0.5636151717894005]",-1,-1
2271,[0.18594997 0.74137723],58,42,"[0.17164193172035744, 0.7477907034099851]",-1,-1
2272,[0.8779718  0.69219141],56,65,"[0.8683963995203289, 0.7186203255414056]",98,-1
2273,[0.32438716 0.62446011],14,5,"[0.3369928142177202, 0.5813431770807651]",113,80
2274,[0.75735651 0.26420858],86,9,"[0.7745160189749856, 0.22813324751878863]",36,11
2275,[0.51791131 0.38542346],33,77,"[0.5067154617511884, 0.39780872086571867]",-1,-1
2276,[0.46336601 0.8988898 ],24,63,"[0.4663233365844979, 0.874422196988726]",93,-1
2277,[0.16066536 0.1996097 ],20,20,"[0.18106142669570233, 0.20480546739290073]",104,42
2278,[0.27042946 0.76298012],89,81,"[0.2526303993585153, 0.7288181375759063]",16,-1
2279,[0.52061146 0.53954025],16,38,"[0.5222833502418962, 0.5760861920194034]",80,31
2280,[0.26687262 0.70860351],98,81,"[0.2526303993585153, 0.7288181375759063]",113,-1
2281,[0.35681533 0.39269388],48,13,"[0.3772074110661572, 0.3667665336396509]",113,81
2282,[0.16226141 0.20645238],20,20,"[0.18106142669570233, 0.20480546739290073]",104,42
2283,[0.16527796 0.819957  ],64,78,"[0.17639698191982223, 0.8335029307302414]",59,9
2284,[0.30539041 0.87208063],23,82,"[0.32758089961125464, 0.809330839306685]",-1,-1
2285,[0.43213403 0.87932361],41,63,"[0.4663233365844979, 0.874422196988726]",93,23
2286,[0.18408033 0.63179323],0,70,"[0.16883511008014604, 0.6108734061004485]",113,-1
2287,[0.62040396 0.68748835],40,60,"[0.6482027966760067, 0.6653053686977741]",102,-1
2288,[0.19646972 0.61396974],25,70,"[0.16883511008014604, 0.6108734061004485]",113,-1
2289,[0.55998136 0.4556532 ],33,64,"[0.5873954455556146, 0.4184822956881117]",-1,-1
2290,[0.36861598 0.45543128],70,91,"[0.38272617373285694, 0.45406707742979985]",-1,-1
2291,[0.69546665 0.70608218],59,11,"[0.7285416878591984, 0.7120527989062413]",-1,-1
2292,[0.15474461 0.5179482 ],42,35,"[0.18006516204956544, 0.5309482406934538]",113,-1
2293,[0.80976791 0.4365793 ],39,85,"[0.8330047067228752, 0.39861674914336154]",-1,0
2294,[0.56273393 0.54283384],74,68,"[0.5421113451424038, 0.49916034700705]",80,-1
2295,[0.61182286 0.66598614],3,60,"[0.6482027966760067, 0.6653053686977741]",101,-1
2296,[0.39581825 0.64654462],51,18,"[0.4095647158889755, 0.6213093728466221]",113,-1
2297,[0.33302263 0.46867343],73,2,"[0.2982944979771574, 0.4928881704977565]",-1,-1
2298,[0.52397532 0.10259443],18,69,"[0.5153460121236064, 0.11707314703881673]",89,-1
2299,[0.33507749 0.80723547],10,82,"[0.32758089961125464, 0.809330839306685]",82,-1
2300,[0.43663691 0.6028502 ],54,18,"[0.4095647158889755, 0.6213093728466221]",-1,-1
2301,[0.16191942 0.77772038],58,42,"[0.17164193172035744, 0.7477907034099851]",-1,-1
2302,[0.31392966 0.46729511],73,2,"[0.2982944979771574, 0.4928881704977565]",113,82
2303,[0.30997337 0.40674435],55,1,"[0.31345252476490787, 0.39568681619531276]",113,81
2304,[0.54628961 0.67136299],81,28,"[0.572088563242004, 0.6648723747855627]",69,-1
2305,[0.84150455 0.31596402],86,84,"[0.8747370333854485, 0.3299307577245935]",-1,-1
2306,[0.69843153 0.72650859],60,11,"[0.7285416878591984, 0.7120527989062413]",102,52
2307,[0.25110336 0.49298549],94,3,"[0.22590404659055946, 0.4809143921482596]",113,81
2308,[0.18744416 0.5410149 ],8,35,"[0.18006516204956544, 0.5309482406934538]",-1,-1
2309,[0.83771542 0.63847061],27,25,"[0.8290893185566872, 0.6663325003431528]",99,-1
2310,[0.14095306 0.18017945],90,7,"[0.16040334011861732, 0.1583747599262833]",104,42
2311,[0.61354691 0.73659219],3,27,"[0.6091441642186142, 0.7391629772413223]",-1,36
2312,[0.75288967 0.21183653],57,9,"[0.7745160189749856, 0.22813324751878863]",36,-1
2313,[0.7113003  0.20637711],57,33,"[0.712147299809196, 0.21396583181069667]",36,6
2314,[0.62072453 0.16836284],80,55,"[0.6160291566716146, 0.18582080836242268]",110,-1
2315,[0.34675381 0.19067597],2,4,"[0.3827392388806571, 0.18315480574773338]",110,45
2316,[0.51378712 0.28162715],6,17,"[0.5266584783397147, 0.2925234389366824]",-1,-1
2317,[0.11340402 0.39040084],96,76,"[0.1271293063442913, 0.39727223545070534]",-1,-1
2318,[0.56132973 0.74894393],81,27,"[0.6091441642186142, 0.7391629772413223]",-1,-1
2319,[0.15933449 0.76031103],58,42,"[0.17164193172035744, 0.7477907034099851]",87,-1
2320,[0.26582444 0.2003712 ],67,29,"[0.29724643836137565, 0.21152192866347855]",104,41
2321,[0.46047548 0.89605451],10,63,"[0.4663233365844979, 0.874422196988726]",93,23
2322,[0.35287076 0.65486906],14,12,"[0.3563557933558874, 0.6600167756750083]",113,83
2323,[0.77014195 0.62878082],19,53,"[0.7681832820464827, 0.6327372104307392]",102,-1
2324,[0.41395867 0.11922081],92,15,"[0.4480198330140321, 0.13770311065471516]",-1,-1
2325,[0.29376079 0.36298684],55,1,"[0.31345252476490787, 0.39568681619531276]",113,81
2326,[0.67236774 0.57625378],11,80,"[0.6893002767673785, 0.5852948461925299]",-1,-1
2327,[0.62840194 0.13866884],75,37,"[0.590787313093903, 0.1287873361919935]",110,-1
2328,[0.27070549 0.41269444],99,0,"[0.24505961735590134, 0.40258348756972934]",113,81
2329,[0.64031924 0.29062741],85,56,"[0.6228765219922414, 0.3379402254620158]",-1,-1
2330,[0.15491291 0.28971606],83,19,"[0.1752933885253929, 0.2769931075732081]",-1,-1
2331,[0.28469953 0.65498413],14,8,"[0.29185823944997474, 0.6822630454364129]",113,73
2332,[0.53302758 0.66599701],81,28,"[0.572088563242004, 0.6648723747855627]",-1,-1
2333,[0.13216635 0.84362666],21,47,"[0.12002015978901225, 0.8781802626724163]",-1,-1
2334,[0.45342986 0.16868475],61,15,"[0.4480198330140321, 0.13770311065471516]",110,63
2335,[0.52947307 0.21161789],75,31,"[0.5509259779365981, 0.20365500329799469]",110,60
2336,[0.85381251 0.65265003],27,25,"[0.8290893185566872, 0.6663325003431528]",98,25
2337,[0.18118125 0.22402766],47,20,"[0.18106142669570233, 0.20480546739290073]",104,42
2338,[0.55190093 0.17040104],18,31,"[0.5509259779365981, 0.20365500329799469]",110,58
2339,[0.32961669 0.50219025],69,2,"[0.2982944979771574, 0.4928881704977565]",113,82
2340,[0.85170602 0.58122923],82,43,"[0.8559722074695512, 0.5768738433864216]",99,22
2341,[0.2195168  0.42395798],96,0,"[0.24505961735590134, 0.40258348756972934]",113,81
2342,[0.4065262  0.59160787],54,18,"[0.4095647158889755, 0.6213093728466221]",113,-1
2343,[0.70099508 0.58789322],11,80,"[0.6893002767673785, 0.5852948461925299]",26,-1
2344,[0.59487395 0.28293458],72,58,"[0.5903496421521437, 0.26872112132208276]",64,-1
2345,[0.75607524 0.31513495],30,39,"[0.7929729113380171, 0.306282578754693]",-1,-1
2346,[0.58158311 0.15200633],80,37,"[0.590787313093903, 0.1287873361919935]",110,-1
2347,[0.26568374 0.45381096],34,3,"[0.22590404659055946, 0.4809143921482596]",113,81
2348,[0.4283181  0.87161553],41,41,"[0.4045860819360065, 0.8451095848913467]",93,23
2349,[0.68856136 0.36666252],85,46,"[0.6818606004752428, 0.39460805157892936]",45,5
2350,[0.23530336 0.34335891],77,21,"[0.24089021291760518, 0.30160856093346966]",113,-1
2351,[0.75688247 0.15627507],49,62,"[0.7592128314241189, 0.15406303015764497]",36,-1
2352,[0.66538037 0.64202435],12,60,"[0.6482027966760067, 0.6653053686977741]",-1,-1
2353,[0.13887931 0.10649577],79,73,"[0.15159497202623598, 0.099534542862727]",104,-1
2354,[0.50978252 0.38542955],33,77,"[0.5067154617511884, 0.39780872086571867]",-1,-1
2355,[0.22495994 0.5585083 ],5,24,"[0.2575895391106446, 0.5636151717894005]",113,-1
2356,[0.14202419 0.890291  ],21,47,"[0.12002015978901225, 0.8781802626724163]",-1,-1
2357,[0.58985534 0.48046064],74,68,"[0.5421113451424038, 0.49916034700705]",1,-1
2358,[0.23186086 0.67680387],0,32,"[0.21070106237511496, 0.6599645039522288]",113,44
2359,[0.25671033 0.52130385],8,24,"[0.2575895391106446, 0.5636151717894005]",113,81
2360,[0.56602049 0.58885483],12,30,"[0.5893115951066175, 0.5856347360021498]",81,-1
2361,[0.38890493 0.63509393],62,18,"[0.4095647158889755, 0.6213093728466221]",113,-1
2362,[0.13146074 0.83043932],64,78,"[0.17639698191982223, 0.8335029307302414]",-1,-1
2363,[0.84204529 0.4663413 ],39,94,"[0.8753265847499492, 0.4535299653068886]",-1,-1
2364,[0.69033153 0.77516597],59,6,"[0.6704818259566957, 0.7868874266118806]",102,50
2365,[0.64978876 0.72080496],91,27,"[0.6091441642186142, 0.7391629772413223]",-1,-1
2366,[0.18196908 0.47984626],42,14,"[0.16635912736795258, 0.4532667183848064]",113,81
2367,[0.22302006 0.2198287 ],68,34,"[0.22317706824250913, 0.23387943431995686]",104,42
2368,[0.16325805 0.30694734],83,19,"[0.1752933885253929, 0.2769931075732081]",-1,-1
2369,[0.33732001 0.68074969],62,12,"[0.3563557933558874, 0.6600167756750083]",113,-1
2370,[0.50839253 0.10419081],18,69,"[0.5153460121236064, 0.11707314703881673]",-1,-1
2371,[0.2776911  0.42246713],78,0,"[0.24505961735590134, 0.40258348756972934]",113,81
2372,[0.48639253 0.11980602],46,69,"[0.5153460121236064, 0.11707314703881673]",110,51
2373,[0.56896516 0.1907029 ],75,31,"[0.5509259779365981, 0.20365500329799469]",110,-1
2374,[0.732161   0.75664706],60,16,"[0.7557129160895149, 0.7610612683801858]",102,56
2375,[0.63472165 0.51740794],12,66,"[0.6892424870002536, 0.4809362987183399]",-1,-1
2376,[0.88591323 0.53551129],4,43,"[0.8559722074695512, 0.5768738433864216]",-1,-1
2377,[0.27825242 0.42029162],77,0,"[0.24505961735590134, 0.40258348756972934]",113,81
2378,[0.2287182  0.23015566],68,34,"[0.22317706824250913, 0.23387943431995686]",104,42
2379,[0.67119217 0.76588892],3,6,"[0.6704818259566957, 0.7868874266118806]",102,-1
2380,[0.18326162 0.19349102],95,20,"[0.18106142669570233, 0.20480546739290073]",104,42
2381,[0.41246993 0.88065619],24,41,"[0.4045860819360065, 0.8451095848913467]",92,-1
2382,[0.69248718 0.74634296],50,6,"[0.6704818259566957, 0.7868874266118806]",102,-1
2383,[0.5295591  0.53290904],74,68,"[0.5421113451424038, 0.49916034700705]",80,-1
2384,[0.12053161 0.79839124],58,71,"[0.10117111935954111, 0.7754028082579668]",78,20
2385,[0.41813008 0.62092837],9,18,"[0.4095647158889755, 0.6213093728466221]",113,84
2386,[0.55215091 0.62861174],40,28,"[0.572088563242004, 0.6648723747855627]",-1,-1
2387,[0.48569764 0.85857476],24,63,"[0.4663233365844979, 0.874422196988726]",-1,-1
2388,[0.51724104 0.27562742],63,17,"[0.5266584783397147, 0.2925234389366824]",-1,-1
2389,[0.44625451 0.20196139],46,40,"[0.4428604662933861, 0.22666876085097074]",110,63
2390,[0.16183082 0.61336389],15,70,"[0.16883511008014604, 0.6108734061004485]",-1,-1
2391,[0.76811655 0.5373059 ],82,49,"[0.7597872492020543, 0.528305606483068]",50,10
2392,[0.85343786 0.70143334],56,65,"[0.8683963995203289, 0.7186203255414056]",98,24
2393,[0.18065437 0.21959664],47,20,"[0.18106142669570233, 0.20480546739290073]",104,42
2394,[0.21010508 0.20105881],68,20,"[0.18106142669570233, 0.20480546739290073]",104,42
2395,[0.50021398 0.7358664 ],88,88,"[0.49693056847195605, 0.6857701176055397]",-1,-1
2396,[0.10837396 0.44404631],96,76,"[0.1271293063442913, 0.39727223545070534]",-1,-1
2397,[0.61025543 0.44255852],76,64,"[0.5873954455556146, 0.4184822956881117]",5,-1
2398,[0.76494275 0.72057087],50,11,"[0.7285416878591984, 0.7120527989062413]",102,-1
2399,[0.31646999 0.35886258],43,1,"[0.31345252476490787, 0.39568681619531276]",113,-1
2400,[0.38269078 0.62250232],54,18,"[0.4095647158889755, 0.6213093728466221]",113,84
2401,[0.26341389 0.43004661],34,0,"[0.24505961735590134, 0.40258348756972934]",113,81
2402,[0.73061665 0.29280375],57,36,"[0.718962763471204, 0.2995127644433783]",36,-1
2403,[0.48927665 0.14994122],61,10,"[0.4982904339105401, 0.17462697492844612]",110,63
2404,[0.5483015  0.07232045],75,69,"[0.5153460121236064, 0.11707314703881673]",-1,-1
2405,[0.50454642 0.76634191],24,51,"[0.47563858561263794, 0.7978986338068428]",0,-1
2406,[0.81758762 0.79836359],32,48,"[0.8063574629792128, 0.8028480378432847]",86,-1
2407,[0.27811411 0.18118458],68,29,"[0.29724643836137565, 0.21152192866347855]",-1,-1
2408,[0.34897476 0.83775466],23,82,"[0.32758089961125464, 0.809330839306685]",-1,-1
2409,[0.27041994 0.51440443],78,2,"[0.2982944979771574, 0.4928881704977565]",113,81
2410,[0.20457687 0.64226264],25,32,"[0.21070106237511496, 0.6599645039522288]",113,-1
2411,[0.50454793 0.35320612],76,77,"[0.5067154617511884, 0.39780872086571867]",-1,-1
2412,[0.8093745  0.76764631],32,48,"[0.8063574629792128, 0.8028480378432847]",86,32
2413,[0.90102772 0.80868999],52,98,"[0.942733982760607, 0.8236412439484]",-1,-1
2414,[0.86267081 0.9083353 ],52,95,"[0.8179696228241676, 0.8855176666788548]",-1,-1
2415,[0.72246687 0.24707319],30,33,"[0.712147299809196, 0.21396583181069667]",36,-1
2416,[0.51082733 0.07984389],29,69,"[0.5153460121236064, 0.11707314703881673]",-1,-1
2417,[0.59188075 0.48314685],16,68,"[0.5421113451424038, 0.49916034700705]",1,-1
2418,[0.31144212 0.74325258],84,26,"[0.34140158523352676, 0.7415276229463709]",113,-1
2419,[0.73275031 0.57736411],11,80,"[0.6893002767673785, 0.5852948461925299]",27,-1
2420,[0.15370811 0.83457936],64,78,"[0.17639698191982223, 0.8335029307302414]",59,9
2421,[0.36695805 0.59363532],54,5,"[0.3369928142177202, 0.5813431770807651]",113,84
2422,[0.53085075 0.18690416],61,31,"[0.5509259779365981, 0.20365500329799469]",110,-1
2423,[0.67318909 0.40766279],44,46,"[0.6818606004752428, 0.39460805157892936]",-1,5
2424,[0.7552984  0.17712268],49,62,"[0.7592128314241189, 0.15406303015764497]",36,-1
2425,[0.64643064 0.35629452],85,56,"[0.6228765219922414, 0.3379402254620158]",-1,-1
2426,[0.2576078  0.41124356],99,0,"[0.24505961735590134, 0.40258348756972934]",113,81
2427,[0.78295571 0.26977084],57,39,"[0.7929729113380171, 0.306282578754693]",36,-1
2428,[0.82264446 0.23132688],57,87,"[0.8400115250570579, 0.2635503368487671]",-1,-1
2429,[0.75829599 0.2007661 ],86,9,"[0.7745160189749856, 0.22813324751878863]",36,12
2430,[0.40071719 0.68068381],9,12,"[0.3563557933558874, 0.6600167756750083]",113,-1
2431,[0.36862191 0.19739546],92,4,"[0.3827392388806571, 0.18315480574773338]",110,-1
2432,[0.13912631 0.60260944],15,70,"[0.16883511008014604, 0.6108734061004485]",-1,-1
2433,[0.41092344 0.88546222],24,99,"[0.40646030356053225, 0.9259295599180227]",-1,-1
2434,[0.34529929 0.66422059],13,12,"[0.3563557933558874, 0.6600167756750083]",113,83
2435,[0.19628909 0.6623967 ],25,32,"[0.21070106237511496, 0.6599645039522288]",113,-1
2436,[0.22609291 0.26591017],68,34,"[0.22317706824250913, 0.23387943431995686]",104,42
2437,[0.2443334  0.45671236],99,3,"[0.22590404659055946, 0.4809143921482596]",113,81
2438,[0.78533522 0.26357577],38,9,"[0.7745160189749856, 0.22813324751878863]",36,-1
2439,[0.18884345 0.12515188],66,7,"[0.16040334011861732, 0.1583747599262833]",104,-1
2440,[0.21348815 0.49748366],42,3,"[0.22590404659055946, 0.4809143921482596]",113,81
2441,[0.59482689 0.55204347],11,30,"[0.5893115951066175, 0.5856347360021498]",-1,-1
2442,[0.72424709 0.17668323],93,33,"[0.712147299809196, 0.21396583181069667]",-1,-1
2443,[0.55684965 0.21269222],75,31,"[0.5509259779365981, 0.20365500329799469]",110,-1
2444,[0.27800726 0.41494174],7,0,"[0.24505961735590134, 0.40258348756972934]",113,81
2445,[0.28803696 0.37630563],55,1,"[0.31345252476490787, 0.39568681619531276]",113,81
2446,[0.64575495 0.18648293],80,55,"[0.6160291566716146, 0.18582080836242268]",-1,-1
2447,[0.23457562 0.39668154],55,0,"[0.24505961735590134, 0.40258348756972934]",113,81
2448,[0.52830641 0.54212833],16,38,"[0.5222833502418962, 0.5760861920194034]",80,-1
2449,[0.5240914  0.85482483],24,89,"[0.5577955894805164, 0.8749894575544954]",-1,-1
2450,[0.81128239 0.64613521],4,25,"[0.8290893185566872, 0.6663325003431528]",102,-1
2451,[0.3821924  0.50271172],69,67,"[0.39991637370105465, 0.5429488636659977]",-1,-1
2452,[0.31569218 0.69898574],98,8,"[0.29185823944997474, 0.6822630454364129]",113,79
2453,[0.66281616 0.67615736],81,60,"[0.6482027966760067, 0.6653053686977741]",60,19
2454,[0.61143183 0.18457522],80,55,"[0.6160291566716146, 0.18582080836242268]",110,-1
2455,[0.43906241 0.9105455 ],24,99,"[0.40646030356053225, 0.9259295599180227]",-1,-1
2456,[0.49522375 0.33679292],6,17,"[0.5266584783397147, 0.2925234389366824]",-1,-1
2457,[0.22221111 0.47362782],99,3,"[0.22590404659055946, 0.4809143921482596]",113,81
2458,[0.35999401 0.75554251],84,26,"[0.34140158523352676, 0.7415276229463709]",113,-1
2459,[0.40493268 0.6464379 ],89,18,"[0.4095647158889755, 0.6213093728466221]",113,-1
2460,[0.06466856 0.74276395],58,71,"[0.10117111935954111, 0.7754028082579668]",-1,-1
2461,[0.86039634 0.66575147],4,25,"[0.8290893185566872, 0.6663325003431528]",98,25
2462,[0.12564357 0.60715104],15,70,"[0.16883511008014604, 0.6108734061004485]",-1,-1
2463,[0.80082019 0.45692303],39,61,"[0.8226541227267828, 0.49698240517173836]",-1,-1
2464,[0.85708968 0.39163618],39,85,"[0.8330047067228752, 0.39861674914336154]",12,0
2465,[0.32543048 0.41103287],48,1,"[0.31345252476490787, 0.39568681619531276]",113,81
2466,[0.1459242  0.16490293],20,7,"[0.16040334011861732, 0.1583747599262833]",104,42
2467,[0.32640546 0.52202762],73,2,"[0.2982944979771574, 0.4928881704977565]",113,-1
2468,[0.47013135 0.82643722],24,51,"[0.47563858561263794, 0.7978986338068428]",95,-1
2469,[0.50009811 0.21382666],97,10,"[0.4982904339105401, 0.17462697492844612]",110,-1
2470,[0.5131523  0.82571198],88,51,"[0.47563858561263794, 0.7978986338068428]",6,-1
2471,[0.5286149  0.21944957],61,31,"[0.5509259779365981, 0.20365500329799469]",110,60
2472,[0.82120837 0.50980979],28,61,"[0.8226541227267828, 0.49698240517173836]",72,-1
2473,[0.11460003 0.19290008],90,57,"[0.11385950246950007, 0.22156166292214274]",104,-1
2474,[0.78740985 0.47177875],82,61,"[0.8226541227267828, 0.49698240517173836]",71,3
2475,[0.14487849 0.20913751],90,57,"[0.11385950246950007, 0.22156166292214274]",104,42
2476,[0.67982706 0.19915848],57,33,"[0.712147299809196, 0.21396583181069667]",-1,-1
2477,[0.29851863 0.63690619],51,8,"[0.29185823944997474, 0.6822630454364129]",113,-1
2478,[0.563688   0.38718496],33,23,"[0.5544996285461486, 0.3649814617648961]",110,53
2479,[0.18624965 0.74387588],64,42,"[0.17164193172035744, 0.7477907034099851]",-1,-1
2480,[0.88734932 0.49138584],28,94,"[0.8753265847499492, 0.4535299653068886]",-1,-1
2481,[0.15969175 0.42170621],96,14,"[0.16635912736795258, 0.4532667183848064]",-1,-1
2482,[0.41770403 0.16734382],92,4,"[0.3827392388806571, 0.18315480574773338]",110,-1
2483,[0.17139237 0.15299513],90,7,"[0.16040334011861732, 0.1583747599262833]",104,42
2484,[0.88107974 0.36058262],37,84,"[0.8747370333854485, 0.3299307577245935]",24,-1
2485,[0.59504345 0.24575255],22,58,"[0.5903496421521437, 0.26872112132208276]",110,-1
2486,[0.79462683 0.83169697],26,48,"[0.8063574629792128, 0.8028480378432847]",-1,-1
2487,[0.7073979 0.5067959],35,66,"[0.6892424870002536, 0.4809362987183399]",-1,10
2488,[0.22604715 0.40169972],55,0,"[0.24505961735590134, 0.40258348756972934]",113,-1
2489,[0.61521414 0.39470236],76,64,"[0.5873954455556146, 0.4184822956881117]",-1,-1
2490,[0.69683456 0.80241225],91,6,"[0.6704818259566957, 0.7868874266118806]",102,-1
2491,[0.39997696 0.72747184],89,59,"[0.4102385111598612, 0.7308207375545044]",113,67
2492,[0.32181263 0.49778226],73,2,"[0.2982944979771574, 0.4928881704977565]",113,82
2493,[0.26630326 0.51937525],5,2,"[0.2982944979771574, 0.4928881704977565]",113,81
2494,[0.41226239 0.66387514],9,18,"[0.4095647158889755, 0.6213093728466221]",113,-1
2495,[0.29904938 0.27947977],17,44,"[0.34401211644161456, 0.2727474001163449]",-1,-1
2496,[0.22417277 0.59514091],15,24,"[0.2575895391106446, 0.5636151717894005]",-1,-1
2497,[0.66272102 0.69272577],81,60,"[0.6482027966760067, 0.6653053686977741]",-1,-1
2498,[0.78401266 0.66165476],4,53,"[0.7681832820464827, 0.6327372104307392]",102,34
2499,[0.23143832 0.48063299],5,3,"[0.22590404659055946, 0.4809143921482596]",113,-1
2500,[0.75073512 0.66729057],19,53,"[0.7681832820464827, 0.6327372104307392]",-1,-1
2501,[0.83544721 0.53985058],28,43,"[0.8559722074695512, 0.5768738433864216]",-1,-1
2502,[0.3158279  0.44226986],48,1,"[0.31345252476490787, 0.39568681619531276]",113,75
2503,[0.25085604 0.19125428],1,54,"[0.23065754032548644, 0.16311462163198792]",-1,-1
2504,[0.10170972 0.80708454],58,71,"[0.10117111935954111, 0.7754028082579668]",74,20
2505,[0.57427694 0.68172859],40,28,"[0.572088563242004, 0.6648723747855627]",69,26
2506,[0.74649167 0.52391081],82,49,"[0.7597872492020543, 0.528305606483068]",50,-1
2507,[0.45130066 0.18431336],97,40,"[0.4428604662933861, 0.22666876085097074]",-1,-1
2508,[0.1923098  0.66731289],25,32,"[0.21070106237511496, 0.6599645039522288]",113,43
2509,[0.22481188 0.49761936],5,3,"[0.22590404659055946, 0.4809143921482596]",113,81
2510,[0.76040278 0.58256423],11,53,"[0.7681832820464827, 0.6327372104307392]",28,-1
2511,[0.32115123 0.33776379],48,1,"[0.31345252476490787, 0.39568681619531276]",113,-1
2512,[0.3805154  0.79850159],23,22,"[0.4053244070468948, 0.7892325425819533]",113,71
2513,[0.24841077 0.41840003],99,0,"[0.24505961735590134, 0.40258348756972934]",113,81
2514,[0.82630416 0.31110357],86,39,"[0.7929729113380171, 0.306282578754693]",36,-1
2515,[0.32691598 0.7642839 ],84,26,"[0.34140158523352676, 0.7415276229463709]",113,-1
2516,[0.32922232 0.57173037],73,5,"[0.3369928142177202, 0.5813431770807651]",113,-1
2517,[0.19490764 0.14624028],79,7,"[0.16040334011861732, 0.1583747599262833]",104,-1
2518,[0.45825492 0.88891271],24,63,"[0.4663233365844979, 0.874422196988726]",93,23
2519,[0.24220141 0.74045248],98,81,"[0.2526303993585153, 0.7288181375759063]",-1,-1
2520,[0.30802981 0.50039138],77,2,"[0.2982944979771574, 0.4928881704977565]",113,82
2521,[0.84302538 0.29648193],37,87,"[0.8400115250570579, 0.2635503368487671]",-1,-1
2522,[0.68005522 0.21816432],80,33,"[0.712147299809196, 0.21396583181069667]",-1,-1
2523,[0.53608885 0.53670772],16,68,"[0.5421113451424038, 0.49916034700705]",80,-1
2524,[0.37328682 0.21543465],92,4,"[0.3827392388806571, 0.18315480574773338]",110,-1
2525,[0.70362621 0.43307852],35,79,"[0.7440923457598303, 0.4172681159825393]",43,4
2526,[0.52195433 0.36794322],6,23,"[0.5544996285461486, 0.3649814617648961]",-1,-1
2527,[0.25980191 0.60769658],51,24,"[0.2575895391106446, 0.5636151717894005]",-1,-1
2528,[0.18954593 0.3956117 ],83,0,"[0.24505961735590134, 0.40258348756972934]",-1,-1
2529,[0.50322299 0.35069563],72,77,"[0.5067154617511884, 0.39780872086571867]",-1,-1
2530,[0.39026678 0.77071695],89,22,"[0.4053244070468948, 0.7892325425819533]",113,71
2531,[0.29813669 0.41713819],48,1,"[0.31345252476490787, 0.39568681619531276]",113,-1
2532,[0.79147865 0.19418549],93,93,"[0.8175047550160816, 0.1805576480903363]",36,-1
2533,[0.17432009 0.12910749],66,7,"[0.16040334011861732, 0.1583747599262833]",104,42
2534,[0.70190753 0.56593385],11,80,"[0.6893002767673785, 0.5852948461925299]",-1,-1
2535,[0.1831093 0.14556  ],90,7,"[0.16040334011861732, 0.1583747599262833]",104,42
2536,[0.63998346 0.11465501],80,90,"[0.6807795084802507, 0.1410405480143203]",-1,-1
2537,[0.29342959 0.23999127],1,29,"[0.29724643836137565, 0.21152192866347855]",104,-1
2538,[0.28359402 0.52177175],8,2,"[0.2982944979771574, 0.4928881704977565]",113,-1
2539,[0.26448205 0.49754764],99,2,"[0.2982944979771574, 0.4928881704977565]",113,81
2540,[0.35477073 0.55574706],54,5,"[0.3369928142177202, 0.5813431770807651]",113,-1
2541,[0.85239354 0.6578447 ],27,25,"[0.8290893185566872, 0.6663325003431528]",98,25
2542,[0.39679166 0.08916541],46,92,"[0.3725508188236613, 0.1071489353939289]",-1,-1
2543,[0.19050973 0.48727871],7,3,"[0.22590404659055946, 0.4809143921482596]",113,81
2544,[0.33697447 0.35053532],70,13,"[0.3772074110661572, 0.3667665336396509]",-1,-1
2545,[0.73843697 0.7089431 ],60,11,"[0.7285416878591984, 0.7120527989062413]",102,55
2546,[0.24571439 0.46198809],34,3,"[0.22590404659055946, 0.4809143921482596]",113,81
2547,[0.37912149 0.2304833 ],61,4,"[0.3827392388806571, 0.18315480574773338]",110,-1
2548,[0.15535278 0.10214641],66,73,"[0.15159497202623598, 0.099534542862727]",104,-1
2549,[0.37700558 0.16490321],92,4,"[0.3827392388806571, 0.18315480574773338]",110,62
2550,[0.70991181 0.74892809],91,11,"[0.7285416878591984, 0.7120527989062413]",102,-1
2551,[0.15897948 0.24358315],47,19,"[0.1752933885253929, 0.2769931075732081]",104,42
2552,[0.36520813 0.72443098],84,26,"[0.34140158523352676, 0.7415276229463709]",-1,-1
2553,[0.29987294 0.68787246],13,8,"[0.29185823944997474, 0.6822630454364129]",-1,-1
2554,[0.85912247 0.50755882],28,61,"[0.8226541227267828, 0.49698240517173836]",-1,-1
2555,[0.340263   0.69228068],98,12,"[0.3563557933558874, 0.6600167756750083]",113,-1
2556,[0.41959091 0.54632289],73,67,"[0.39991637370105465, 0.5429488636659977]",18,-1
2557,[0.5463668  0.19480986],18,31,"[0.5509259779365981, 0.20365500329799469]",110,61
2558,[0.43242441 0.13035927],61,15,"[0.4480198330140321, 0.13770311065471516]",110,-1
2559,[0.41408041 0.74320995],23,59,"[0.4102385111598612, 0.7308207375545044]",113,-1
2560,[0.75110314 0.72471687],59,11,"[0.7285416878591984, 0.7120527989062413]",102,57
2561,[0.16881792 0.72785986],64,42,"[0.17164193172035744, 0.7477907034099851]",-1,-1
2562,[0.86092164 0.83067559],52,50,"[0.8669550309977382, 0.8414428333530212]",-1,15
2563,[0.29335987 0.71702053],13,8,"[0.29185823944997474, 0.6822630454364129]",113,79
2564,[0.3883316  0.91590229],10,99,"[0.40646030356053225, 0.9259295599180227]",-1,-1
2565,[0.70237003 0.34516903],86,36,"[0.718962763471204, 0.2995127644433783]",44,5
2566,[0.26951588 0.73625338],98,81,"[0.2526303993585153, 0.7288181375759063]",-1,-1
2567,[0.8483268  0.45649889],39,94,"[0.8753265847499492, 0.4535299653068886]",17,-1
2568,[0.72288319 0.82836795],31,75,"[0.7159769487757391, 0.8473248623765012]",-1,-1
2569,[0.35510812 0.71571824],84,26,"[0.34140158523352676, 0.7415276229463709]",113,76
2570,[0.72227395 0.86962516],31,75,"[0.7159769487757391, 0.8473248623765012]",-1,-1
2571,[0.08959508 0.80815659],64,71,"[0.10117111935954111, 0.7754028082579668]",74,-1
2572,[0.68394272 0.81002291],59,6,"[0.6704818259566957, 0.7868874266118806]",102,50
2573,[0.36154401 0.4099662 ],48,13,"[0.3772074110661572, 0.3667665336396509]",113,-1
2574,[0.24054597 0.35954312],43,0,"[0.24505961735590134, 0.40258348756972934]",113,81
2575,[0.16183929 0.82993913],21,78,"[0.17639698191982223, 0.8335029307302414]",59,9
2576,[0.56133313 0.25048771],63,58,"[0.5903496421521437, 0.26872112132208276]",110,-1
2577,[0.17534778 0.13211978],79,7,"[0.16040334011861732, 0.1583747599262833]",104,42
2578,[0.53270417 0.38522355],76,77,"[0.5067154617511884, 0.39780872086571867]",110,54
2579,[0.37150501 0.50637817],54,67,"[0.39991637370105465, 0.5429488636659977]",20,-1
2580,[0.36236121 0.18512509],2,4,"[0.3827392388806571, 0.18315480574773338]",-1,-1
2581,[0.23569331 0.72456842],0,81,"[0.2526303993585153, 0.7288181375759063]",113,-1
2582,[0.15210168 0.76762401],64,42,"[0.17164193172035744, 0.7477907034099851]",-1,-1
2583,[0.62149557 0.31018532],72,56,"[0.6228765219922414, 0.3379402254620158]",110,-1
2584,[0.87875715 0.60742688],27,83,"[0.9023954923676734, 0.6253829621221342]",99,22
2585,[0.56189442 0.14868517],80,37,"[0.590787313093903, 0.1287873361919935]",110,59
2586,[0.227494   0.17719802],67,54,"[0.23065754032548644, 0.16311462163198792]",104,-1
2587,[0.14343676 0.46976557],7,14,"[0.16635912736795258, 0.4532667183848064]",113,-1
2588,[0.57380004 0.62520531],12,28,"[0.572088563242004, 0.6648723747855627]",81,29
2589,[0.42163636 0.35637413],65,13,"[0.3772074110661572, 0.3667665336396509]",-1,-1
2590,[0.34528688 0.24652938],17,44,"[0.34401211644161456, 0.2727474001163449]",-1,-1
2591,[0.21779334 0.25003175],90,34,"[0.22317706824250913, 0.23387943431995686]",104,42
2592,[0.19424025 0.25208844],68,19,"[0.1752933885253929, 0.2769931075732081]",104,42
2593,[0.58270092 0.34280655],63,23,"[0.5544996285461486, 0.3649814617648961]",110,-1
2594,[0.29393803 0.36214002],43,1,"[0.31345252476490787, 0.39568681619531276]",113,81
2595,[0.56485499 0.17801088],75,31,"[0.5509259779365981, 0.20365500329799469]",110,58
2596,[0.32646864 0.39386113],65,1,"[0.31345252476490787, 0.39568681619531276]",113,81
2597,[0.54328823 0.55099187],16,38,"[0.5222833502418962, 0.5760861920194034]",80,-1
2598,[0.82224416 0.3400434 ],37,39,"[0.7929729113380171, 0.306282578754693]",-1,-1
2599,[0.51467912 0.23219582],97,31,"[0.5509259779365981, 0.20365500329799469]",-1,-1
2600,[0.3680235  0.85022104],10,41,"[0.4045860819360065, 0.8451095848913467]",-1,-1
2601,[0.60070074 0.60463445],12,30,"[0.5893115951066175, 0.5856347360021498]",-1,-1
2602,[0.83663586 0.60749149],4,43,"[0.8559722074695512, 0.5768738433864216]",-1,22
2603,[0.84917856 0.79206224],26,48,"[0.8063574629792128, 0.8028480378432847]",54,-1
2604,[0.82835674 0.469196  ],82,61,"[0.8226541227267828, 0.49698240517173836]",-1,-1
2605,[0.49466396 0.20375126],61,10,"[0.4982904339105401, 0.17462697492844612]",-1,-1
2606,[0.68607771 0.49714701],82,66,"[0.6892424870002536, 0.4809362987183399]",40,-1
2607,[0.26769878 0.69882097],13,8,"[0.29185823944997474, 0.6822630454364129]",113,-1
2608,[0.19429861 0.4493842 ],87,14,"[0.16635912736795258, 0.4532667183848064]",113,81
2609,[0.20505994 0.40501489],96,0,"[0.24505961735590134, 0.40258348756972934]",113,-1
2610,[0.48229579 0.16107984],97,10,"[0.4982904339105401, 0.17462697492844612]",110,63
2611,[0.80843101 0.86340611],26,95,"[0.8179696228241676, 0.8855176666788548]",-1,-1
2612,[0.33433753 0.61186757],62,5,"[0.3369928142177202, 0.5813431770807651]",113,-1
2613,[0.86672409 0.5943756 ],4,43,"[0.8559722074695512, 0.5768738433864216]",99,22
2614,[0.45060586 0.80391431],24,51,"[0.47563858561263794, 0.7978986338068428]",113,-1
2615,[0.21999402 0.44575492],94,3,"[0.22590404659055946, 0.4809143921482596]",113,81
2616,[0.31543813 0.56383285],69,5,"[0.3369928142177202, 0.5813431770807651]",113,-1
2617,[0.81029544 0.40928167],39,85,"[0.8330047067228752, 0.39861674914336154]",-1,-1
2618,[0.12841531 0.53730454],8,52,"[0.10837107196086664, 0.5019908555728455]",113,-1
2619,[0.34016729 0.63304241],62,12,"[0.3563557933558874, 0.6600167756750083]",113,83
2620,[0.35891819 0.72174984],13,26,"[0.34140158523352676, 0.7415276229463709]",113,-1
2621,[0.14455866 0.19534538],90,20,"[0.18106142669570233, 0.20480546739290073]",104,42
2622,[0.79542765 0.86250532],26,95,"[0.8179696228241676, 0.8855176666788548]",-1,-1
2623,[0.31403675 0.62576372],62,5,"[0.3369928142177202, 0.5813431770807651]",113,80
2624,[0.17554663 0.27875481],47,19,"[0.1752933885253929, 0.2769931075732081]",104,42
2625,[0.18930219 0.48268982],78,3,"[0.22590404659055946, 0.4809143921482596]",113,81
2626,[0.73183456 0.65017308],11,53,"[0.7681832820464827, 0.6327372104307392]",39,-1
2627,[0.84296432 0.56681756],28,43,"[0.8559722074695512, 0.5768738433864216]",94,22
2628,[0.73145941 0.47438746],35,66,"[0.6892424870002536, 0.4809362987183399]",-1,-1
2629,[0.88773875 0.41391316],39,94,"[0.8753265847499492, 0.4535299653068886]",-1,-1
2630,[0.878692   0.78129307],56,50,"[0.8669550309977382, 0.8414428333530212]",-1,-1
2631,[0.30239842 0.41353431],65,1,"[0.31345252476490787, 0.39568681619531276]",113,81
2632,[0.32729593 0.7952202 ],10,82,"[0.32758089961125464, 0.809330839306685]",82,-1
2633,[0.87577196 0.85096632],26,50,"[0.8669550309977382, 0.8414428333530212]",52,-1
2634,[0.70875335 0.7257297 ],32,11,"[0.7285416878591984, 0.7120527989062413]",102,52
2635,[0.41951445 0.56356163],54,67,"[0.39991637370105465, 0.5429488636659977]",-1,-1
2636,[0.53594229 0.25558769],18,17,"[0.5266584783397147, 0.2925234389366824]",110,-1
2637,[0.77335751 0.56860529],82,49,"[0.7597872492020543, 0.528305606483068]",-1,-1
2638,[0.37904568 0.82690768],89,41,"[0.4045860819360065, 0.8451095848913467]",113,-1
2639,[0.11135224 0.14218184],79,86,"[0.10460029415455299, 0.15390780514892627]",97,-1
2640,[0.31842194 0.69294808],14,8,"[0.29185823944997474, 0.6822630454364129]",113,-1
2641,[0.44406022 0.11349951],46,15,"[0.4480198330140321, 0.13770311065471516]",110,-1
2642,[0.56773309 0.12364766],75,37,"[0.590787313093903, 0.1287873361919935]",-1,-1
2643,[0.51209644 0.19671267],75,10,"[0.4982904339105401, 0.17462697492844612]",110,-1
2644,[0.8164481  0.79020504],26,48,"[0.8063574629792128, 0.8028480378432847]",86,32
2645,[0.79992619 0.53475282],82,49,"[0.7597872492020543, 0.528305606483068]",-1,10
2646,[0.62703292 0.84791553],45,45,"[0.6014090517878816, 0.8253297621455221]",102,39
2647,[0.22393684 0.50789769],7,3,"[0.22590404659055946, 0.4809143921482596]",113,81
2648,[0.25945737 0.43366315],99,0,"[0.24505961735590134, 0.40258348756972934]",113,81
2649,[0.75990186 0.18110529],93,62,"[0.7592128314241189, 0.15406303015764497]",36,-1
2650,[0.44591772 0.8825743 ],41,63,"[0.4663233365844979, 0.874422196988726]",93,23
2651,[0.63035868 0.80569279],53,45,"[0.6014090517878816, 0.8253297621455221]",102,40
2652,[0.41658159 0.70957179],84,59,"[0.4102385111598612, 0.7308207375545044]",-1,-1
2653,[0.77884254 0.60006708],19,53,"[0.7681832820464827, 0.6327372104307392]",28,13
2654,[0.46189599 0.62262922],54,18,"[0.4095647158889755, 0.6213093728466221]",-1,-1
2655,[0.31974637 0.60416594],62,5,"[0.3369928142177202, 0.5813431770807651]",113,-1
2656,[0.06548115 0.86509527],21,47,"[0.12002015978901225, 0.8781802626724163]",-1,-1
2657,[0.37790661 0.3434633 ],65,13,"[0.3772074110661572, 0.3667665336396509]",-1,-1
2658,[0.60124881 0.81260364],53,45,"[0.6014090517878816, 0.8253297621455221]",102,-1
2659,[0.1542638  0.48772345],96,14,"[0.16635912736795258, 0.4532667183848064]",113,66
2660,[0.24871413 0.45982571],99,3,"[0.22590404659055946, 0.4809143921482596]",113,81
2661,[0.26440962 0.67647401],98,8,"[0.29185823944997474, 0.6822630454364129]",113,73
2662,[0.42998349 0.76917272],10,22,"[0.4053244070468948, 0.7892325425819533]",113,71
2663,[0.47172912 0.09190753],18,69,"[0.5153460121236064, 0.11707314703881673]",-1,-1
2664,[0.30186567 0.6424386 ],14,8,"[0.29185823944997474, 0.6822630454364129]",113,74
2665,[0.14282072 0.22679069],47,57,"[0.11385950246950007, 0.22156166292214274]",104,-1
2666,[0.48113038 0.16119784],29,10,"[0.4982904339105401, 0.17462697492844612]",110,63
2667,[0.6750637  0.47898578],35,66,"[0.6892424870002536, 0.4809362987183399]",-1,-1
2668,[0.38692403 0.80612246],10,22,"[0.4053244070468948, 0.7892325425819533]",113,71
2669,[0.79080546 0.35754671],86,39,"[0.7929729113380171, 0.306282578754693]",31,-1
2670,[0.78497599 0.76732591],32,16,"[0.7557129160895149, 0.7610612683801858]",102,-1
2671,[0.1499446  0.40907479],96,76,"[0.1271293063442913, 0.39727223545070534]",-1,-1
2672,[0.58874968 0.87277917],45,89,"[0.5577955894805164, 0.8749894575544954]",-1,-1
2673,[0.71346003 0.21492921],57,33,"[0.712147299809196, 0.21396583181069667]",36,6
2674,[0.51840592 0.63082723],74,38,"[0.5222833502418962, 0.5760861920194034]",-1,-1
2675,[0.26628019 0.51539417],34,2,"[0.2982944979771574, 0.4928881704977565]",113,81
2676,[0.30898746 0.6825897 ],13,8,"[0.29185823944997474, 0.6822630454364129]",113,-1
2677,[0.14579869 0.15089326],90,7,"[0.16040334011861732, 0.1583747599262833]",104,42
2678,[0.87073224 0.81997824],52,50,"[0.8669550309977382, 0.8414428333530212]",-1,15
2679,[0.0943277  0.21402866],95,57,"[0.11385950246950007, 0.22156166292214274]",-1,-1
2680,[0.50876282 0.21546558],61,10,"[0.4982904339105401, 0.17462697492844612]",110,-1
2681,[0.5646347 0.7763898],81,27,"[0.6091441642186142, 0.7391629772413223]",-1,-1
2682,[0.48609852 0.87083197],24,63,"[0.4663233365844979, 0.874422196988726]",-1,-1
2683,[0.61114058 0.34656263],76,56,"[0.6228765219922414, 0.3379402254620158]",110,-1
2684,[0.58735723 0.35174675],63,23,"[0.5544996285461486, 0.3649814617648961]",110,-1
2685,[0.3700626  0.61625094],51,18,"[0.4095647158889755, 0.6213093728466221]",113,-1
2686,[0.27717156 0.33232267],55,21,"[0.24089021291760518, 0.30160856093346966]",-1,-1
2687,[0.63220533 0.63876037],81,60,"[0.6482027966760067, 0.6653053686977741]",-1,-1
2688,[0.39579231 0.15835943],2,4,"[0.3827392388806571, 0.18315480574773338]",110,62
2689,[0.65252581 0.39905683],44,46,"[0.6818606004752428, 0.39460805157892936]",-1,-1
2690,[0.71655551 0.76467792],91,16,"[0.7557129160895149, 0.7610612683801858]",102,56
2691,[0.34178499 0.50543916],73,2,"[0.2982944979771574, 0.4928881704977565]",-1,-1
2692,[0.46373991 0.18958788],61,10,"[0.4982904339105401, 0.17462697492844612]",110,63
2693,[0.69474993 0.29274514],85,36,"[0.718962763471204, 0.2995127644433783]",34,-1
2694,[0.48247216 0.1523307 ],29,10,"[0.4982904339105401, 0.17462697492844612]",110,63
2695,[0.0740507  0.49356468],42,52,"[0.10837107196086664, 0.5019908555728455]",-1,-1
2696,[0.61473856 0.81627009],53,45,"[0.6014090517878816, 0.8253297621455221]",-1,-1
2697,[0.28120221 0.4404229 ],43,0,"[0.24505961735590134, 0.40258348756972934]",113,-1
2698,[0.84401806 0.84899112],26,50,"[0.8669550309977382, 0.8414428333530212]",67,16
2699,[0.52952507 0.41646936],33,77,"[0.5067154617511884, 0.39780872086571867]",110,-1
2700,[0.41004568 0.13350325],46,15,"[0.4480198330140321, 0.13770311065471516]",-1,-1
2701,[0.27942931 0.67353053],14,8,"[0.29185823944997474, 0.6822630454364129]",113,73
2702,[0.89092865 0.6892423 ],56,65,"[0.8683963995203289, 0.7186203255414056]",-1,-1
2703,[0.91047557 0.61013006],56,83,"[0.9023954923676734, 0.6253829621221342]",-1,-1
2704,[0.53729073 0.59519178],12,38,"[0.5222833502418962, 0.5760861920194034]",80,27
2705,[0.55825279 0.66081448],81,28,"[0.572088563242004, 0.6648723747855627]",69,-1
2706,[0.30255368 0.36716933],65,1,"[0.31345252476490787, 0.39568681619531276]",113,81
2707,[0.24314187 0.34449116],55,21,"[0.24089021291760518, 0.30160856093346966]",113,-1
2708,[0.11604497 0.50297241],7,52,"[0.10837107196086664, 0.5019908555728455]",-1,-1
2709,[0.86702991 0.54019312],28,43,"[0.8559722074695512, 0.5768738433864216]",-1,22
2710,[0.54991801 0.1608361 ],97,31,"[0.5509259779365981, 0.20365500329799469]",110,-1
2711,[0.48093839 0.11590942],29,69,"[0.5153460121236064, 0.11707314703881673]",110,51
2712,[0.40503476 0.69092516],23,59,"[0.4102385111598612, 0.7308207375545044]",-1,-1
2713,[0.57119123 0.64587822],12,28,"[0.572088563242004, 0.6648723747855627]",81,-1
2714,[0.2808148  0.25460641],68,29,"[0.29724643836137565, 0.21152192866347855]",104,-1
2715,[0.69810053 0.45835386],35,66,"[0.6892424870002536, 0.4809362987183399]",-1,-1
2716,[0.34707208 0.63131001],14,12,"[0.3563557933558874, 0.6600167756750083]",113,-1
2717,[0.56747847 0.27457816],63,58,"[0.5903496421521437, 0.26872112132208276]",110,-1
2718,[0.3693916  0.66969684],13,12,"[0.3563557933558874, 0.6600167756750083]",113,-1
2719,[0.5508966  0.39101238],63,23,"[0.5544996285461486, 0.3649814617648961]",110,-1
2720,[0.76096436 0.427012  ],39,79,"[0.7440923457598303, 0.4172681159825393]",-1,-1
2721,[0.78568334 0.76917679],32,16,"[0.7557129160895149, 0.7610612683801858]",102,-1
2722,[0.8591592  0.81391197],52,50,"[0.8669550309977382, 0.8414428333530212]",54,15
2723,[0.51536791 0.31779467],6,17,"[0.5266584783397147, 0.2925234389366824]",110,-1
2724,[0.69569291 0.33458431],86,36,"[0.718962763471204, 0.2995127644433783]",-1,-1
2725,[0.4969802  0.20711491],97,10,"[0.4982904339105401, 0.17462697492844612]",110,-1
2726,[0.2458488 0.6481185],14,32,"[0.21070106237511496, 0.6599645039522288]",-1,-1
2727,[0.07834189 0.24160806],95,57,"[0.11385950246950007, 0.22156166292214274]",-1,-1
2728,[0.78790856 0.63882958],27,53,"[0.7681832820464827, 0.6327372104307392]",102,34
2729,[0.33417229 0.53883761],69,5,"[0.3369928142177202, 0.5813431770807651]",113,72
2730,[0.5532529  0.44673712],76,64,"[0.5873954455556146, 0.4184822956881117]",-1,-1
2731,[0.78807433 0.20067476],49,9,"[0.7745160189749856, 0.22813324751878863]",36,12
2732,[0.83096796 0.84058521],26,50,"[0.8669550309977382, 0.8414428333530212]",67,-1
2733,[0.20687571 0.20129007],90,20,"[0.18106142669570233, 0.20480546739290073]",104,42
2734,[0.10183355 0.7166428 ],58,72,"[0.13389630971446978, 0.6701017461857026]",-1,-1
2735,[0.35915738 0.37256933],65,13,"[0.3772074110661572, 0.3667665336396509]",113,-1
2736,[0.22934156 0.52438505],5,3,"[0.22590404659055946, 0.4809143921482596]",113,81
2737,[0.57268356 0.14489668],71,37,"[0.590787313093903, 0.1287873361919935]",110,-1
2738,[0.37933293 0.16196811],92,4,"[0.3827392388806571, 0.18315480574773338]",110,62
2739,[0.25129575 0.39297895],94,0,"[0.24505961735590134, 0.40258348756972934]",113,-1
2740,[0.61275176 0.89295396],45,74,"[0.6387846519793019, 0.8886269005667045]",91,14
2741,[0.48008069 0.84398139],88,63,"[0.4663233365844979, 0.874422196988726]",-1,-1
2742,[0.47876662 0.17744526],61,10,"[0.4982904339105401, 0.17462697492844612]",110,-1
2743,[0.36426735 0.23031097],92,44,"[0.34401211644161456, 0.2727474001163449]",110,-1
2744,[0.14781693 0.24148473],95,57,"[0.11385950246950007, 0.22156166292214274]",104,42
2745,[0.15695992 0.6783883 ],0,72,"[0.13389630971446978, 0.6701017461857026]",-1,-1
2746,[0.45057331 0.7834921 ],24,51,"[0.47563858561263794, 0.7978986338068428]",113,-1
2747,[0.70949678 0.44507751],44,66,"[0.6892424870002536, 0.4809362987183399]",43,4
2748,[0.75603645 0.27634482],30,36,"[0.718962763471204, 0.2995127644433783]",36,11
2749,[0.53846656 0.38192282],72,23,"[0.5544996285461486, 0.3649814617648961]",110,-1
2750,[0.51842692 0.72333004],81,88,"[0.49693056847195605, 0.6857701176055397]",-1,-1
2751,[0.50906372 0.17014999],97,10,"[0.4982904339105401, 0.17462697492844612]",110,63
2752,[0.60760851 0.74864838],53,27,"[0.6091441642186142, 0.7391629772413223]",96,36
2753,[0.79158938 0.79900861],26,48,"[0.8063574629792128, 0.8028480378432847]",65,-1
2754,[0.88033922 0.50238241],28,94,"[0.8753265847499492, 0.4535299653068886]",-1,-1
2755,[0.12457483 0.67749864],15,72,"[0.13389630971446978, 0.6701017461857026]",-1,-1
2756,[0.85072983 0.84783329],26,50,"[0.8669550309977382, 0.8414428333530212]",67,16
2757,[0.55742218 0.7554356 ],88,27,"[0.6091441642186142, 0.7391629772413223]",8,-1
2758,[0.7418188  0.73707407],91,16,"[0.7557129160895149, 0.7610612683801858]",102,57
2759,[0.53757888 0.15540449],80,10,"[0.4982904339105401, 0.17462697492844612]",110,63
2760,[0.45231856 0.20322088],2,40,"[0.4428604662933861, 0.22666876085097074]",110,63
2761,[0.51969423 0.30886995],63,17,"[0.5266584783397147, 0.2925234389366824]",110,-1
2762,[0.1004932  0.25407106],95,57,"[0.11385950246950007, 0.22156166292214274]",-1,-1
2763,[0.52179201 0.32458545],63,17,"[0.5266584783397147, 0.2925234389366824]",110,-1
2764,[0.11629744 0.78767332],21,71,"[0.10117111935954111, 0.7754028082579668]",78,-1
2765,[0.72582704 0.83052586],31,75,"[0.7159769487757391, 0.8473248623765012]",-1,-1
2766,[0.44885865 0.83128984],89,51,"[0.47563858561263794, 0.7978986338068428]",-1,-1
2767,[0.58170906 0.82821994],53,45,"[0.6014090517878816, 0.8253297621455221]",102,-1
2768,[0.59754498 0.38063156],72,64,"[0.5873954455556146, 0.4184822956881117]",-1,-1
2769,[0.07922994 0.41197088],96,76,"[0.1271293063442913, 0.39727223545070534]",-1,-1
2770,[0.15188785 0.11090142],95,73,"[0.15159497202623598, 0.099534542862727]",104,-1
2771,[0.39371063 0.67922696],9,12,"[0.3563557933558874, 0.6600167756750083]",113,-1
2772,[0.17742967 0.71478816],25,42,"[0.17164193172035744, 0.7477907034099851]",107,-1
2773,[0.27903234 0.6144761 ],14,24,"[0.2575895391106446, 0.5636151717894005]",-1,-1
2774,[0.85160507 0.59259105],27,43,"[0.8559722074695512, 0.5768738433864216]",99,22
2775,[0.84564357 0.70483439],56,65,"[0.8683963995203289, 0.7186203255414056]",98,24
2776,[0.58328572 0.18312041],80,55,"[0.6160291566716146, 0.18582080836242268]",110,-1
2777,[0.21001109 0.38522707],77,0,"[0.24505961735590134, 0.40258348756972934]",-1,-1
2778,[0.59278271 0.49673104],16,68,"[0.5421113451424038, 0.49916034700705]",1,-1
2779,[0.22336012 0.49799317],42,3,"[0.22590404659055946, 0.4809143921482596]",113,81
2780,[0.07088288 0.16914315],95,86,"[0.10460029415455299, 0.15390780514892627]",-1,-1
2781,[0.13188038 0.13525988],66,86,"[0.10460029415455299, 0.15390780514892627]",104,42
2782,[0.35729281 0.16685863],92,4,"[0.3827392388806571, 0.18315480574773338]",110,-1
2783,[0.08191998 0.83595622],21,47,"[0.12002015978901225, 0.8781802626724163]",-1,-1
2784,[0.44647754 0.81652012],10,51,"[0.47563858561263794, 0.7978986338068428]",113,-1
2785,[0.27851632 0.18079853],68,29,"[0.29724643836137565, 0.21152192866347855]",-1,-1
2786,[0.2816356  0.38406695],55,1,"[0.31345252476490787, 0.39568681619531276]",113,81
2787,[0.28364666 0.38284688],65,1,"[0.31345252476490787, 0.39568681619531276]",113,81
2788,[0.49030054 0.76809399],24,51,"[0.47563858561263794, 0.7978986338068428]",0,-1
2789,[0.7934549  0.56507067],27,49,"[0.7597872492020543, 0.528305606483068]",-1,-1
2790,[0.09893141 0.17722353],20,86,"[0.10460029415455299, 0.15390780514892627]",-1,-1
2791,[0.35567316 0.48602949],69,91,"[0.38272617373285694, 0.45406707742979985]",-1,-1
2792,[0.15887997 0.23232328],47,20,"[0.18106142669570233, 0.20480546739290073]",104,42
2793,[0.77078314 0.17358007],93,62,"[0.7592128314241189, 0.15406303015764497]",36,-1
2794,[0.51785172 0.23315519],6,31,"[0.5509259779365981, 0.20365500329799469]",-1,-1
2795,[0.28667683 0.48092939],48,2,"[0.2982944979771574, 0.4928881704977565]",113,81
2796,[0.59890515 0.20288682],71,55,"[0.6160291566716146, 0.18582080836242268]",110,-1
2797,[0.57539909 0.16285446],18,37,"[0.590787313093903, 0.1287873361919935]",110,59
2798,[0.20206951 0.61147703],15,70,"[0.16883511008014604, 0.6108734061004485]",113,-1
2799,[0.66171574 0.79519602],31,6,"[0.6704818259566957, 0.7868874266118806]",102,-1
2800,[0.76532839 0.17139289],93,62,"[0.7592128314241189, 0.15406303015764497]",36,-1
2801,[0.55315093 0.42753521],33,64,"[0.5873954455556146, 0.4184822956881117]",-1,-1
2802,[0.55330623 0.19675614],18,31,"[0.5509259779365981, 0.20365500329799469]",110,61
2803,[0.19249046 0.43743196],34,14,"[0.16635912736795258, 0.4532667183848064]",113,-1
2804,[0.31789185 0.30184841],43,44,"[0.34401211644161456, 0.2727474001163449]",-1,-1
2805,[0.41161237 0.61202253],9,18,"[0.4095647158889755, 0.6213093728466221]",113,65
2806,[0.83066823 0.60668972],4,43,"[0.8559722074695512, 0.5768738433864216]",99,22
2807,[0.39651273 0.14172704],29,92,"[0.3725508188236613, 0.1071489353939289]",110,-1
2808,[0.58474791 0.61952727],12,30,"[0.5893115951066175, 0.5856347360021498]",81,29
2809,[0.76708031 0.28636942],38,39,"[0.7929729113380171, 0.306282578754693]",36,-1
2810,[0.13414729 0.47776056],42,52,"[0.10837107196086664, 0.5019908555728455]",-1,-1
2811,[0.52347815 0.53239461],12,68,"[0.5421113451424038, 0.49916034700705]",80,-1
2812,[0.63105228 0.28828226],22,58,"[0.5903496421521437, 0.26872112132208276]",64,-1
2813,[0.83114815 0.62493092],27,25,"[0.8290893185566872, 0.6663325003431528]",99,22
2814,[0.37664222 0.67491157],51,12,"[0.3563557933558874, 0.6600167756750083]",113,77
2815,[0.1810631  0.52320191],42,35,"[0.18006516204956544, 0.5309482406934538]",113,-1
2816,[0.52748225 0.35545902],33,23,"[0.5544996285461486, 0.3649814617648961]",110,-1
2817,[0.21962881 0.22260346],67,34,"[0.22317706824250913, 0.23387943431995686]",104,42
2818,[0.40708456 0.35851875],70,13,"[0.3772074110661572, 0.3667665336396509]",-1,-1
2819,[0.68034997 0.76139466],59,6,"[0.6704818259566957, 0.7868874266118806]",102,-1
2820,[0.87023863 0.45177236],39,94,"[0.8753265847499492, 0.4535299653068886]",-1,-1
2821,[0.87522813 0.51818387],28,61,"[0.8226541227267828, 0.49698240517173836]",-1,-1
2822,[0.54361113 0.59435076],12,38,"[0.5222833502418962, 0.5760861920194034]",80,-1
2823,[0.31794244 0.3288268 ],65,44,"[0.34401211644161456, 0.2727474001163449]",113,-1
2824,[0.3006499  0.40540008],43,1,"[0.31345252476490787, 0.39568681619531276]",113,-1
2825,[0.80206701 0.68806089],32,25,"[0.8290893185566872, 0.6663325003431528]",-1,-1
2826,[0.1440956  0.19326294],95,7,"[0.16040334011861732, 0.1583747599262833]",104,42
2827,[0.63463766 0.83047785],45,45,"[0.6014090517878816, 0.8253297621455221]",102,-1
2828,[0.6080023  0.21151223],71,55,"[0.6160291566716146, 0.18582080836242268]",110,-1
2829,[0.11054859 0.15365308],66,86,"[0.10460029415455299, 0.15390780514892627]",104,-1
2830,[0.38423482 0.18664871],92,4,"[0.3827392388806571, 0.18315480574773338]",110,62
2831,[0.75204346 0.36886011],35,79,"[0.7440923457598303, 0.4172681159825393]",-1,-1
2832,[0.12472794 0.14831327],79,86,"[0.10460029415455299, 0.15390780514892627]",104,42
2833,[0.16538609 0.25976146],95,19,"[0.1752933885253929, 0.2769931075732081]",104,42
2834,[0.42795099 0.33306892],70,13,"[0.3772074110661572, 0.3667665336396509]",-1,-1
2835,[0.11475248 0.15982928],79,86,"[0.10460029415455299, 0.15390780514892627]",104,42
2836,[0.49782351 0.3842989 ],76,77,"[0.5067154617511884, 0.39780872086571867]",-1,-1
2837,[0.33496819 0.80655512],84,82,"[0.32758089961125464, 0.809330839306685]",82,-1
2838,[0.48509276 0.60470384],16,38,"[0.5222833502418962, 0.5760861920194034]",-1,-1
2839,[0.38619943 0.33466271],65,13,"[0.3772074110661572, 0.3667665336396509]",57,-1
2840,[0.81432962 0.42910497],28,85,"[0.8330047067228752, 0.39861674914336154]",11,0
2841,[0.85226612 0.60065039],4,43,"[0.8559722074695512, 0.5768738433864216]",99,22
2842,[0.39659252 0.81379917],41,22,"[0.4053244070468948, 0.7892325425819533]",113,71
2843,[0.31615398 0.42602068],48,1,"[0.31345252476490787, 0.39568681619531276]",113,-1
2844,[0.27525243 0.66467627],13,8,"[0.29185823944997474, 0.6822630454364129]",113,73
2845,[0.76741119 0.48825054],82,49,"[0.7597872492020543, 0.528305606483068]",-1,-1
2846,[0.48250427 0.13035892],29,15,"[0.4480198330140321, 0.13770311065471516]",110,-1
2847,[0.70459561 0.41287822],44,46,"[0.6818606004752428, 0.39460805157892936]",43,4
2848,[0.24015681 0.37373526],94,0,"[0.24505961735590134, 0.40258348756972934]",113,-1
2849,[0.13639488 0.21151586],20,57,"[0.11385950246950007, 0.22156166292214274]",104,42
2850,[0.20554092 0.27176142],67,19,"[0.1752933885253929, 0.2769931075732081]",104,42
2851,[0.14114992 0.48747752],94,52,"[0.10837107196086664, 0.5019908555728455]",113,-1
2852,[0.90513742 0.80134634],52,98,"[0.942733982760607, 0.8236412439484]",-1,-1
2853,[0.50391946 0.13977416],97,69,"[0.5153460121236064, 0.11707314703881673]",110,63
2854,[0.20545658 0.33743229],55,21,"[0.24089021291760518, 0.30160856093346966]",-1,-1
2855,[0.75684318 0.46004777],35,79,"[0.7440923457598303, 0.4172681159825393]",-1,-1
2856,[0.10328476 0.48961935],42,52,"[0.10837107196086664, 0.5019908555728455]",-1,-1
2857,[0.49991989 0.17618897],18,10,"[0.4982904339105401, 0.17462697492844612]",110,63
2858,[0.12220315 0.17160908],90,86,"[0.10460029415455299, 0.15390780514892627]",104,-1
2859,[0.52690885 0.26548795],6,17,"[0.5266584783397147, 0.2925234389366824]",110,-1
2860,[0.63627248 0.31347755],72,56,"[0.6228765219922414, 0.3379402254620158]",-1,-1
2861,[0.85982335 0.65415178],27,25,"[0.8290893185566872, 0.6663325003431528]",98,25
2862,[0.59354541 0.39237562],72,64,"[0.5873954455556146, 0.4184822956881117]",110,-1
2863,[0.2885879  0.49196067],99,2,"[0.2982944979771574, 0.4928881704977565]",113,-1
2864,[0.54134137 0.40559232],33,77,"[0.5067154617511884, 0.39780872086571867]",110,-1
2865,[0.40960389 0.62857132],54,18,"[0.4095647158889755, 0.6213093728466221]",113,84
2866,[0.5473239 0.298609 ],63,17,"[0.5266584783397147, 0.2925234389366824]",110,48
2867,[0.07050266 0.40791045],96,76,"[0.1271293063442913, 0.39727223545070534]",-1,-1
2868,[0.19971971 0.15703445],79,54,"[0.23065754032548644, 0.16311462163198792]",104,42
2869,[0.30102882 0.54244826],69,24,"[0.2575895391106446, 0.5636151717894005]",113,78
2870,[0.20238876 0.17680354],67,54,"[0.23065754032548644, 0.16311462163198792]",104,42
2871,[0.47015384 0.78341783],41,51,"[0.47563858561263794, 0.7978986338068428]",113,-1
2872,[0.58091459 0.24656797],63,58,"[0.5903496421521437, 0.26872112132208276]",110,-1
2873,[0.30530441 0.46769735],77,2,"[0.2982944979771574, 0.4928881704977565]",113,-1
2874,[0.59410446 0.26031754],6,58,"[0.5903496421521437, 0.26872112132208276]",-1,-1
2875,[0.14701025 0.72332551],64,42,"[0.17164193172035744, 0.7477907034099851]",84,18
2876,[0.39694542 0.19658348],97,4,"[0.3827392388806571, 0.18315480574773338]",110,63
2877,[0.57776139 0.35484965],72,23,"[0.5544996285461486, 0.3649814617648961]",110,53
2878,[0.63541235 0.70493492],3,60,"[0.6482027966760067, 0.6653053686977741]",102,-1
2879,[0.70397023 0.20301221],30,33,"[0.712147299809196, 0.21396583181069667]",36,6
2880,[0.31666933 0.27920528],1,44,"[0.34401211644161456, 0.2727474001163449]",-1,-1
2881,[0.57609468 0.85402895],45,89,"[0.5577955894805164, 0.8749894575544954]",-1,-1
2882,[0.12461162 0.1564454 ],79,86,"[0.10460029415455299, 0.15390780514892627]",104,42
2883,[0.78900196 0.55550711],27,49,"[0.7597872492020543, 0.528305606483068]",49,10
2884,[0.15034353 0.17110375],95,7,"[0.16040334011861732, 0.1583747599262833]",104,42
2885,[0.2839067  0.41399601],34,1,"[0.31345252476490787, 0.39568681619531276]",113,81
2886,[0.3494049  0.65232821],51,12,"[0.3563557933558874, 0.6600167756750083]",113,83
2887,[0.40787922 0.73905451],23,59,"[0.4102385111598612, 0.7308207375545044]",113,-1
2888,[0.50862357 0.36669613],33,77,"[0.5067154617511884, 0.39780872086571867]",-1,-1
2889,[0.37428147 0.21635792],92,4,"[0.3827392388806571, 0.18315480574773338]",110,-1
2890,[0.56985606 0.43704015],76,64,"[0.5873954455556146, 0.4184822956881117]",105,-1
2891,[0.28604968 0.54118852],73,24,"[0.2575895391106446, 0.5636151717894005]",113,78
2892,[0.4176107  0.68459141],9,59,"[0.4102385111598612, 0.7308207375545044]",-1,-1
2893,[0.08639687 0.08990331],66,73,"[0.15159497202623598, 0.099534542862727]",-1,-1
2894,[0.44377825 0.17685922],46,15,"[0.4480198330140321, 0.13770311065471516]",110,63
2895,[0.88524032 0.84529474],32,50,"[0.8669550309977382, 0.8414428333530212]",52,-1
2896,[0.25939399 0.48618822],73,3,"[0.22590404659055946, 0.4809143921482596]",113,-1
2897,[0.73648106 0.89818744],31,75,"[0.7159769487757391, 0.8473248623765012]",-1,-1
2898,[0.29695653 0.39200054],55,1,"[0.31345252476490787, 0.39568681619531276]",113,-1
2899,[0.65806245 0.78335763],53,6,"[0.6704818259566957, 0.7868874266118806]",102,-1
2900,[0.33447393 0.14765092],92,92,"[0.3725508188236613, 0.1071489353939289]",-1,-1
2901,[0.76044588 0.22039408],38,9,"[0.7745160189749856, 0.22813324751878863]",36,-1
2902,[0.89240562 0.56783968],4,43,"[0.8559722074695512, 0.5768738433864216]",-1,-1
2903,[0.26325679 0.36888134],65,0,"[0.24505961735590134, 0.40258348756972934]",113,-1
2904,[0.52930899 0.28824912],6,17,"[0.5266584783397147, 0.2925234389366824]",110,48
2905,[0.32300874 0.62902972],51,12,"[0.3563557933558874, 0.6600167756750083]",113,80
2906,[0.51419405 0.31217851],6,17,"[0.5266584783397147, 0.2925234389366824]",110,-1
2907,[0.70641481 0.71032011],32,11,"[0.7285416878591984, 0.7120527989062413]",102,-1
2908,[0.9134961  0.88062515],26,50,"[0.8669550309977382, 0.8414428333530212]",3,-1
2909,[0.66054029 0.80742209],31,6,"[0.6704818259566957, 0.7868874266118806]",102,-1
2910,[0.36369367 0.38050992],70,13,"[0.3772074110661572, 0.3667665336396509]",113,81
2911,[0.27450195 0.26411935],36,21,"[0.24089021291760518, 0.30160856093346966]",104,-1
2912,[0.84962509 0.43971678],39,94,"[0.8753265847499492, 0.4535299653068886]",-1,-1
2913,[0.16841647 0.18255413],90,7,"[0.16040334011861732, 0.1583747599262833]",104,42
2914,[0.73834573 0.20913431],57,33,"[0.712147299809196, 0.21396583181069667]",36,12
2915,[0.3040497  0.71660706],13,8,"[0.29185823944997474, 0.6822630454364129]",113,79
2916,[0.38096837 0.77654444],41,22,"[0.4053244070468948, 0.7892325425819533]",113,71
2917,[0.39239094 0.53916847],69,67,"[0.39991637370105465, 0.5429488636659977]",-1,-1
2918,[0.22192466 0.25931158],55,34,"[0.22317706824250913, 0.23387943431995686]",104,42
2919,[0.42009605 0.10380364],29,15,"[0.4480198330140321, 0.13770311065471516]",-1,-1
2920,[0.72305518 0.81061608],31,75,"[0.7159769487757391, 0.8473248623765012]",-1,-1
2921,[0.31074344 0.41662602],43,1,"[0.31345252476490787, 0.39568681619531276]",113,81
2922,[0.59701572 0.14003573],71,37,"[0.590787313093903, 0.1287873361919935]",110,-1
2923,[0.53306741 0.16391649],71,10,"[0.4982904339105401, 0.17462697492844612]",110,63
2924,[0.63464543 0.32387397],85,56,"[0.6228765219922414, 0.3379402254620158]",-1,-1
2925,[0.30592896 0.61737915],62,5,"[0.3369928142177202, 0.5813431770807651]",113,-1
2926,[0.85022792 0.53888412],4,43,"[0.8559722074695512, 0.5768738433864216]",73,22
2927,[0.337167   0.59914971],54,5,"[0.3369928142177202, 0.5813431770807651]",113,-1
2928,[0.35114838 0.20507133],2,4,"[0.3827392388806571, 0.18315480574773338]",110,-1
2929,[0.50283562 0.17226046],61,10,"[0.4982904339105401, 0.17462697492844612]",110,63
2930,[0.77361385 0.37452936],86,79,"[0.7440923457598303, 0.4172681159825393]",-1,-1
2931,[0.71344012 0.28019616],57,36,"[0.718962763471204, 0.2995127644433783]",-1,-1
2932,[0.09324731 0.4634211 ],96,52,"[0.10837107196086664, 0.5019908555728455]",-1,-1
2933,[0.10005337 0.50865942],42,52,"[0.10837107196086664, 0.5019908555728455]",-1,-1
2934,[0.29168119 0.47642752],69,2,"[0.2982944979771574, 0.4928881704977565]",113,-1
2935,[0.36793193 0.56071409],69,67,"[0.39991637370105465, 0.5429488636659977]",113,-1
2936,[0.16170713 0.16112339],66,7,"[0.16040334011861732, 0.1583747599262833]",104,42
2937,[0.10753304 0.5133889 ],87,52,"[0.10837107196086664, 0.5019908555728455]",-1,-1
2938,[0.66734089 0.32342524],85,56,"[0.6228765219922414, 0.3379402254620158]",-1,-1
2939,[0.37771541 0.65106126],62,12,"[0.3563557933558874, 0.6600167756750083]",113,-1
2940,[0.85509493 0.68452632],56,25,"[0.8290893185566872, 0.6663325003431528]",98,24
2941,[0.73788097 0.71084465],50,11,"[0.7285416878591984, 0.7120527989062413]",102,55
2942,[0.76561559 0.23065221],93,9,"[0.7745160189749856, 0.22813324751878863]",36,-1
2943,[0.32677594 0.35210943],65,1,"[0.31345252476490787, 0.39568681619531276]",113,-1
2944,[0.65173494 0.55903033],82,80,"[0.6893002767673785, 0.5852948461925299]",-1,-1
2945,[0.58111788 0.48960687],33,68,"[0.5421113451424038, 0.49916034700705]",1,-1
2946,[0.51324188 0.60998298],74,38,"[0.5222833502418962, 0.5760861920194034]",-1,-1
2947,[0.76716214 0.19222376],93,9,"[0.7745160189749856, 0.22813324751878863]",36,12
2948,[0.25231378 0.1814246 ],68,54,"[0.23065754032548644, 0.16311462163198792]",-1,-1
2949,[0.66699821 0.14438283],80,90,"[0.6807795084802507, 0.1410405480143203]",-1,-1
2950,[0.49670809 0.0821325 ],18,69,"[0.5153460121236064, 0.11707314703881673]",-1,-1
2951,[0.39416629 0.67405527],9,12,"[0.3563557933558874, 0.6600167756750083]",113,77
2952,[0.55462717 0.38097463],22,23,"[0.5544996285461486, 0.3649814617648961]",110,-1
2953,[0.24950993 0.19453341],1,54,"[0.23065754032548644, 0.16311462163198792]",104,-1
2954,[0.69490578 0.58837793],11,80,"[0.6893002767673785, 0.5852948461925299]",26,-1
2955,[0.4354714  0.13575651],92,15,"[0.4480198330140321, 0.13770311065471516]",110,63
2956,[0.72998863 0.42284159],35,79,"[0.7440923457598303, 0.4172681159825393]",43,-1
2957,[0.29431902 0.42212594],7,1,"[0.31345252476490787, 0.39568681619531276]",113,-1
2958,[0.73852792 0.82103173],91,75,"[0.7159769487757391, 0.8473248623765012]",42,-1
2959,[0.35240494 0.48438081],69,91,"[0.38272617373285694, 0.45406707742979985]",-1,-1
2960,[0.29806069 0.45899272],78,2,"[0.2982944979771574, 0.4928881704977565]",113,-1
2961,[0.169071   0.26177536],47,19,"[0.1752933885253929, 0.2769931075732081]",104,42
2962,[0.1090376  0.68855315],15,72,"[0.13389630971446978, 0.6701017461857026]",-1,-1
2963,[0.24309989 0.40343771],43,0,"[0.24505961735590134, 0.40258348756972934]",113,81
2964,[0.46459762 0.1530477 ],46,15,"[0.4480198330140321, 0.13770311065471516]",110,63
2965,[0.25835009 0.41121446],65,0,"[0.24505961735590134, 0.40258348756972934]",113,81
2966,[0.6032113  0.10942646],80,37,"[0.590787313093903, 0.1287873361919935]",-1,-1
2967,[0.33746104 0.42243217],65,1,"[0.31345252476490787, 0.39568681619531276]",113,75
2968,[0.24138397 0.4493267 ],34,3,"[0.22590404659055946, 0.4809143921482596]",113,81
2969,[0.81220662 0.16571656],49,93,"[0.8175047550160816, 0.1805576480903363]",-1,-1
2970,[0.4427794  0.75604102],41,59,"[0.4102385111598612, 0.7308207375545044]",113,-1
2971,[0.73335749 0.2875063 ],86,36,"[0.718962763471204, 0.2995127644433783]",36,11
2972,[0.62880114 0.1738279 ],71,55,"[0.6160291566716146, 0.18582080836242268]",110,37
2973,[0.32237618 0.6848296 ],14,8,"[0.29185823944997474, 0.6822630454364129]",113,-1
2974,[0.40194672 0.53218549],54,67,"[0.39991637370105465, 0.5429488636659977]",-1,-1
2975,[0.26470305 0.50829859],7,2,"[0.2982944979771574, 0.4928881704977565]",113,81
2976,[0.83996736 0.48622785],28,61,"[0.8226541227267828, 0.49698240517173836]",68,-1
2977,[0.76620102 0.69092473],19,11,"[0.7285416878591984, 0.7120527989062413]",102,-1
2978,[0.51117185 0.19640563],61,10,"[0.4982904339105401, 0.17462697492844612]",110,-1
2979,[0.19734557 0.51081684],94,35,"[0.18006516204956544, 0.5309482406934538]",113,81
2980,[0.13272683 0.2275744 ],20,57,"[0.11385950246950007, 0.22156166292214274]",104,-1
2981,[0.39270662 0.7362466 ],89,59,"[0.4102385111598612, 0.7308207375545044]",113,67
2982,[0.23324511 0.39455225],34,0,"[0.24505961735590134, 0.40258348756972934]",113,-1
2983,[0.24112994 0.67716432],25,32,"[0.21070106237511496, 0.6599645039522288]",-1,-1
2984,[0.15431499 0.58002999],0,70,"[0.16883511008014604, 0.6108734061004485]",-1,-1
2985,[0.76998504 0.66820735],27,53,"[0.7681832820464827, 0.6327372104307392]",-1,-1
2986,[0.72221768 0.40249207],44,79,"[0.7440923457598303, 0.4172681159825393]",-1,-1
2987,[0.8415477  0.60490275],27,43,"[0.8559722074695512, 0.5768738433864216]",99,22
2988,[0.57570763 0.15915822],18,37,"[0.590787313093903, 0.1287873361919935]",110,59
2989,[0.61103212 0.14374946],71,37,"[0.590787313093903, 0.1287873361919935]",110,-1
2990,[0.24372481 0.45469003],8,3,"[0.22590404659055946, 0.4809143921482596]",113,81
2991,[0.5611203  0.29120653],22,17,"[0.5266584783397147, 0.2925234389366824]",110,48
2992,[0.93308606 0.36758563],39,96,"[0.9242498114026001, 0.35811950872924947]",-1,-1
2993,[0.14208815 0.51714409],87,52,"[0.10837107196086664, 0.5019908555728455]",-1,-1
2994,[0.29855261 0.35819703],65,1,"[0.31345252476490787, 0.39568681619531276]",113,81
2995,[0.18397965 0.29957506],47,19,"[0.1752933885253929, 0.2769931075732081]",104,-1
2996,[0.77718777 0.79171227],60,48,"[0.8063574629792128, 0.8028480378432847]",65,-1
2997,[0.77008595 0.54892966],82,49,"[0.7597872492020543, 0.528305606483068]",49,10
2998,[0.57579273 0.3578257 ],6,23,"[0.5544996285461486, 0.3649814617648961]",110,-1
2999,[0.35334522 0.53201618],69,67,"[0.39991637370105465, 0.5429488636659977]",113,-1
3000,[0.23305447 0.58007666],8,24,"[0.2575895391106446, 0.5636151717894005]",-1,-1
3001,[0.68263333 0.7468716 ],3,6,"[0.6704818259566957, 0.7868874266118806]",102,-1
3002,[0.75399609 0.11464537],49,62,"[0.7592128314241189, 0.15406303015764497]",-1,-1
3003,[0.79882926 0.72759678],32,16,"[0.7557129160895149, 0.7610612683801858]",102,46
3004,[0.21103441 0.3929128 ],34,0,"[0.24505961735590134, 0.40258348756972934]",113,-1
3005,[0.88216906 0.6451039 ],4,83,"[0.9023954923676734, 0.6253829621221342]",90,-1
3006,[0.14604917 0.17950396],66,7,"[0.16040334011861732, 0.1583747599262833]",104,42
3007,[0.33950268 0.22431873],1,29,"[0.29724643836137565, 0.21152192866347855]",110,-1
3008,[0.55229854 0.82532908],45,45,"[0.6014090517878816, 0.8253297621455221]",-1,-1
3009,[0.40355848 0.66860045],51,18,"[0.4095647158889755, 0.6213093728466221]",113,77
3010,[0.75469743 0.24928733],57,9,"[0.7745160189749856, 0.22813324751878863]",36,11
3011,[0.3381275  0.65655792],9,12,"[0.3563557933558874, 0.6600167756750083]",113,83
3012,[0.13521748 0.51030612],42,52,"[0.10837107196086664, 0.5019908555728455]",113,-1
3013,[0.74246312 0.20830952],30,33,"[0.712147299809196, 0.21396583181069667]",36,12
3014,[0.07154716 0.50017047],87,52,"[0.10837107196086664, 0.5019908555728455]",-1,-1
3015,[0.36968377 0.69453184],13,12,"[0.3563557933558874, 0.6600167756750083]",113,-1
3016,[0.23710232 0.48364222],8,3,"[0.22590404659055946, 0.4809143921482596]",113,81
3017,[0.80336622 0.53605572],28,61,"[0.8226541227267828, 0.49698240517173836]",49,-1
3018,[0.09823258 0.80914587],58,71,"[0.10117111935954111, 0.7754028082579668]",74,20
3019,[0.73880968 0.62790669],19,53,"[0.7681832820464827, 0.6327372104307392]",-1,-1
3020,[0.73951615 0.66724225],19,53,"[0.7681832820464827, 0.6327372104307392]",-1,-1
3021,[0.29896847 0.58224742],69,5,"[0.3369928142177202, 0.5813431770807651]",113,-1
3022,[0.3373206  0.17648712],2,4,"[0.3827392388806571, 0.18315480574773338]",110,45
3023,[0.15463334 0.09249828],79,73,"[0.15159497202623598, 0.099534542862727]",-1,-1
3024,[0.20513172 0.26434284],68,19,"[0.1752933885253929, 0.2769931075732081]",104,42
3025,[0.60122018 0.44081556],76,64,"[0.5873954455556146, 0.4184822956881117]",5,-1
3026,[0.86549014 0.32951287],37,84,"[0.8747370333854485, 0.3299307577245935]",25,2
3027,[0.19906491 0.25054848],36,34,"[0.22317706824250913, 0.23387943431995686]",104,42
3028,[0.69357111 0.78921893],53,6,"[0.6704818259566957, 0.7868874266118806]",102,50
3029,[0.70138791 0.23533337],49,33,"[0.712147299809196, 0.21396583181069667]",36,-1
3030,[0.25644313 0.66538704],0,8,"[0.29185823944997474, 0.6822630454364129]",113,-1
3031,[0.4230661  0.73575652],23,59,"[0.4102385111598612, 0.7308207375545044]",-1,-1
3032,[0.84915784 0.61070632],4,43,"[0.8559722074695512, 0.5768738433864216]",99,22
3033,[0.6139321  0.25731326],22,58,"[0.5903496421521437, 0.26872112132208276]",14,-1
3034,[0.46180603 0.21127352],18,40,"[0.4428604662933861, 0.22666876085097074]",110,-1
3035,[0.76539693 0.22587167],57,9,"[0.7745160189749856, 0.22813324751878863]",36,12
3036,[0.15295903 0.73404401],0,42,"[0.17164193172035744, 0.7477907034099851]",84,18
3037,[0.22300903 0.38291961],55,0,"[0.24505961735590134, 0.40258348756972934]",-1,-1
3038,[0.23230953 0.53222365],5,24,"[0.2575895391106446, 0.5636151717894005]",113,-1
3039,[0.36542666 0.52042895],69,67,"[0.39991637370105465, 0.5429488636659977]",-1,-1
3040,[0.46484524 0.14264353],92,15,"[0.4480198330140321, 0.13770311065471516]",110,63
3041,[0.52734043 0.56314159],16,38,"[0.5222833502418962, 0.5760861920194034]",80,31
3042,[0.11366778 0.84250241],64,47,"[0.12002015978901225, 0.8781802626724163]",-1,-1
3043,[0.56273484 0.56917782],74,30,"[0.5893115951066175, 0.5856347360021498]",80,-1
3044,[0.62872899 0.6762463 ],81,60,"[0.6482027966760067, 0.6653053686977741]",102,-1
3045,[0.7580207  0.26856678],86,9,"[0.7745160189749856, 0.22813324751878863]",36,11
3046,[0.43068648 0.21601093],61,40,"[0.4428604662933861, 0.22666876085097074]",110,63
3047,[0.64080022 0.12366012],80,90,"[0.6807795084802507, 0.1410405480143203]",-1,-1
3048,[0.55422134 0.17644216],61,31,"[0.5509259779365981, 0.20365500329799469]",110,-1
3049,[0.14050946 0.8890677 ],21,47,"[0.12002015978901225, 0.8781802626724163]",-1,-1
3050,[0.72177014 0.69282733],32,11,"[0.7285416878591984, 0.7120527989062413]",102,-1
3051,[0.45156099 0.805369  ],89,51,"[0.47563858561263794, 0.7978986338068428]",113,-1
3052,[0.19782649 0.48682139],8,3,"[0.22590404659055946, 0.4809143921482596]",113,81
3053,[0.16689597 0.51213506],7,35,"[0.18006516204956544, 0.5309482406934538]",113,-1
3054,[0.11731446 0.21534336],95,57,"[0.11385950246950007, 0.22156166292214274]",104,-1
3055,[0.70786481 0.19910414],49,33,"[0.712147299809196, 0.21396583181069667]",36,-1
3056,[0.19741196 0.52391524],34,35,"[0.18006516204956544, 0.5309482406934538]",113,81
3057,[0.18118047 0.58008953],25,70,"[0.16883511008014604, 0.6108734061004485]",-1,-1
3058,[0.2135138  0.71941809],98,81,"[0.2526303993585153, 0.7288181375759063]",-1,-1
3059,[0.84274893 0.63416891],27,25,"[0.8290893185566872, 0.6663325003431528]",99,-1
3060,[0.69734937 0.37346055],44,46,"[0.6818606004752428, 0.39460805157892936]",45,-1
3061,[0.7303737  0.76397329],60,16,"[0.7557129160895149, 0.7610612683801858]",102,56
3062,[0.48023069 0.12417408],46,15,"[0.4480198330140321, 0.13770311065471516]",110,51
3063,[0.78162221 0.10165355],93,62,"[0.7592128314241189, 0.15406303015764497]",-1,-1
3064,[0.20041883 0.2933081 ],68,19,"[0.1752933885253929, 0.2769931075732081]",104,42
3065,[0.88139431 0.83464242],52,50,"[0.8669550309977382, 0.8414428333530212]",52,-1
3066,[0.72457283 0.58955767],19,80,"[0.6893002767673785, 0.5852948461925299]",-1,-1
3067,[0.46620895 0.86050924],24,63,"[0.4663233365844979, 0.874422196988726]",93,23
3068,[0.78377065 0.71171516],32,11,"[0.7285416878591984, 0.7120527989062413]",102,-1
3069,[0.30895821 0.61754421],14,5,"[0.3369928142177202, 0.5813431770807651]",113,-1
3070,[0.51410557 0.81388328],41,51,"[0.47563858561263794, 0.7978986338068428]",6,-1
3071,[0.72301937 0.84023483],50,75,"[0.7159769487757391, 0.8473248623765012]",-1,-1
3072,[0.32619052 0.73519127],89,26,"[0.34140158523352676, 0.7415276229463709]",113,-1
3073,[0.78719966 0.22216561],38,9,"[0.7745160189749856, 0.22813324751878863]",36,12
3074,[0.62403486 0.89199855],45,74,"[0.6387846519793019, 0.8886269005667045]",91,14
3075,[0.43268123 0.74555911],23,59,"[0.4102385111598612, 0.7308207375545044]",-1,-1
3076,[0.54038477 0.59223109],12,38,"[0.5222833502418962, 0.5760861920194034]",80,27
3077,[0.38446326 0.58861166],62,18,"[0.4095647158889755, 0.6213093728466221]",113,-1
3078,[0.42842853 0.76136313],89,59,"[0.4102385111598612, 0.7308207375545044]",113,-1
3079,[0.42319936 0.83943222],10,41,"[0.4045860819360065, 0.8451095848913467]",113,70
3080,[0.2371603  0.33966505],43,21,"[0.24089021291760518, 0.30160856093346966]",113,-1
3081,[0.37661028 0.18457393],46,4,"[0.3827392388806571, 0.18315480574773338]",110,-1
3082,[0.15589911 0.84895233],58,78,"[0.17639698191982223, 0.8335029307302414]",59,9
3083,[0.34169526 0.6109755 ],62,5,"[0.3369928142177202, 0.5813431770807651]",113,84
3084,[0.28020742 0.47770144],99,2,"[0.2982944979771574, 0.4928881704977565]",113,81
3085,[0.12903738 0.17268839],79,86,"[0.10460029415455299, 0.15390780514892627]",-1,-1
3086,[0.49006554 0.89623742],24,63,"[0.4663233365844979, 0.874422196988726]",-1,-1
3087,[0.27442766 0.52953147],78,24,"[0.2575895391106446, 0.5636151717894005]",113,-1
3088,[0.90908409 0.86568709],52,50,"[0.8669550309977382, 0.8414428333530212]",3,-1
3089,[0.46916592 0.73135801],23,88,"[0.49693056847195605, 0.6857701176055397]",-1,-1
3090,[0.11195139 0.48763755],42,52,"[0.10837107196086664, 0.5019908555728455]",113,-1
3091,[0.18088545 0.2147975 ],47,20,"[0.18106142669570233, 0.20480546739290073]",104,42
3092,[0.76908171 0.21712294],93,9,"[0.7745160189749856, 0.22813324751878863]",36,12
3093,[0.282441   0.48419371],5,2,"[0.2982944979771574, 0.4928881704977565]",113,81
3094,[0.20487295 0.34421034],55,21,"[0.24089021291760518, 0.30160856093346966]",-1,-1
3095,[0.47422884 0.13342897],29,15,"[0.4480198330140321, 0.13770311065471516]",-1,-1
3096,[0.54721142 0.72932977],3,27,"[0.6091441642186142, 0.7391629772413223]",-1,-1
3097,[0.34191014 0.53702801],73,5,"[0.3369928142177202, 0.5813431770807651]",113,72
3098,[0.44177661 0.17752304],46,15,"[0.4480198330140321, 0.13770311065471516]",110,63
3099,[0.83426782 0.50328838],28,61,"[0.8226541227267828, 0.49698240517173836]",68,-1
3100,[0.77619666 0.2041721 ],30,9,"[0.7745160189749856, 0.22813324751878863]",36,12
3101,[0.67231356 0.35036411],85,46,"[0.6818606004752428, 0.39460805157892936]",41,-1
3102,[0.45995066 0.80358152],41,51,"[0.47563858561263794, 0.7978986338068428]",113,-1
3103,[0.72285112 0.76724698],50,16,"[0.7557129160895149, 0.7610612683801858]",102,56
3104,[0.06686033 0.48756904],96,52,"[0.10837107196086664, 0.5019908555728455]",-1,-1
3105,[0.71004208 0.50873754],35,66,"[0.6892424870002536, 0.4809362987183399]",-1,-1
3106,[0.73694129 0.81091867],50,75,"[0.7159769487757391, 0.8473248623765012]",42,-1
3107,[0.77588214 0.26043133],86,9,"[0.7745160189749856, 0.22813324751878863]",36,-1
3108,[0.32007416 0.24228882],68,29,"[0.29724643836137565, 0.21152192866347855]",-1,-1
3109,[0.39010853 0.69329459],9,59,"[0.4102385111598612, 0.7308207375545044]",-1,-1
3110,[0.24239857 0.20043167],67,34,"[0.22317706824250913, 0.23387943431995686]",104,-1
3111,[0.12531992 0.14962943],20,86,"[0.10460029415455299, 0.15390780514892627]",104,42
3112,[0.22667821 0.16338785],67,54,"[0.23065754032548644, 0.16311462163198792]",-1,-1
3113,[0.77779241 0.22319224],30,9,"[0.7745160189749856, 0.22813324751878863]",36,12
3114,[0.29783616 0.61856465],62,5,"[0.3369928142177202, 0.5813431770807651]",113,-1
3115,[0.86281667 0.36015395],39,84,"[0.8747370333854485, 0.3299307577245935]",-1,-1
3116,[0.61094513 0.32739684],22,56,"[0.6228765219922414, 0.3379402254620158]",110,-1
3117,[0.3015497  0.37729575],43,1,"[0.31345252476490787, 0.39568681619531276]",113,81
3118,[0.88138337 0.16944097],93,93,"[0.8175047550160816, 0.1805576480903363]",-1,-1
3119,[0.39254295 0.66460186],14,12,"[0.3563557933558874, 0.6600167756750083]",113,77
3120,[0.38597315 0.21191047],46,4,"[0.3827392388806571, 0.18315480574773338]",110,63
3121,[0.69262519 0.82768639],31,75,"[0.7159769487757391, 0.8473248623765012]",-1,-1
3122,[0.44525501 0.17217162],61,15,"[0.4480198330140321, 0.13770311065471516]",110,63
3123,[0.51524539 0.14353963],18,69,"[0.5153460121236064, 0.11707314703881673]",110,63
3124,[0.70233091 0.73164367],91,11,"[0.7285416878591984, 0.7120527989062413]",102,-1
3125,[0.2000327  0.18168679],66,20,"[0.18106142669570233, 0.20480546739290073]",104,42
3126,[0.53430608 0.32150011],6,17,"[0.5266584783397147, 0.2925234389366824]",110,49
3127,[0.26163448 0.29211739],68,21,"[0.24089021291760518, 0.30160856093346966]",-1,-1
3128,[0.61481387 0.12932457],80,37,"[0.590787313093903, 0.1287873361919935]",110,-1
3129,[0.39689316 0.87552384],24,41,"[0.4045860819360065, 0.8451095848913467]",-1,-1
3130,[0.3458259  0.80266788],84,82,"[0.32758089961125464, 0.809330839306685]",-1,-1
3131,[0.60580685 0.17306162],71,55,"[0.6160291566716146, 0.18582080836242268]",110,-1
3132,[0.59751815 0.62329186],12,30,"[0.5893115951066175, 0.5856347360021498]",81,29
3133,[0.49322288 0.5831769 ],74,38,"[0.5222833502418962, 0.5760861920194034]",9,-1
3134,[0.20757732 0.65033217],0,32,"[0.21070106237511496, 0.6599645039522288]",113,44
3135,[0.17257508 0.12481537],20,73,"[0.15159497202623598, 0.099534542862727]",104,-1
3136,[0.37187912 0.64039038],9,12,"[0.3563557933558874, 0.6600167756750083]",113,-1
3137,[0.17366651 0.30623526],68,19,"[0.1752933885253929, 0.2769931075732081]",104,-1
3138,[0.37500539 0.65141939],62,12,"[0.3563557933558874, 0.6600167756750083]",113,77
3139,[0.79490229 0.6386415 ],4,53,"[0.7681832820464827, 0.6327372104307392]",102,-1
3140,[0.31859103 0.61901399],98,5,"[0.3369928142177202, 0.5813431770807651]",113,80
3141,[0.28953308 0.51471668],5,2,"[0.2982944979771574, 0.4928881704977565]",113,78
3142,[0.67397053 0.39761682],44,46,"[0.6818606004752428, 0.39460805157892936]",47,5
3143,[0.36559493 0.36914121],70,13,"[0.3772074110661572, 0.3667665336396509]",113,-1
3144,[0.89007079 0.61568698],4,83,"[0.9023954923676734, 0.6253829621221342]",-1,-1
3145,[0.39286037 0.67411734],51,12,"[0.3563557933558874, 0.6600167756750083]",113,77
3146,[0.32002349 0.39169363],43,1,"[0.31345252476490787, 0.39568681619531276]",113,-1
3147,[0.55287481 0.07843177],75,69,"[0.5153460121236064, 0.11707314703881673]",-1,-1
3148,[0.21844809 0.42341557],87,0,"[0.24505961735590134, 0.40258348756972934]",113,81
3149,[0.37840358 0.68922479],51,12,"[0.3563557933558874, 0.6600167756750083]",113,-1
3150,[0.18421704 0.26182031],68,19,"[0.1752933885253929, 0.2769931075732081]",104,42
3151,[1.         0.78636259],52,98,"[0.942733982760607, 0.8236412439484]",-1,-1
3152,[0.7593909  0.20035267],38,9,"[0.7745160189749856, 0.22813324751878863]",36,12
3153,[0.2675747  0.38738449],43,0,"[0.24505961735590134, 0.40258348756972934]",113,81
3154,[0.53845353 0.19723783],61,31,"[0.5509259779365981, 0.20365500329799469]",110,61
3155,[0.67989225 0.18326732],49,90,"[0.6807795084802507, 0.1410405480143203]",33,-1
3156,[0.71493349 0.27708858],38,36,"[0.718962763471204, 0.2995127644433783]",-1,-1
3157,[0.82028665 0.2430631 ],93,87,"[0.8400115250570579, 0.2635503368487671]",-1,-1
3158,[0.52359487 0.20435095],61,31,"[0.5509259779365981, 0.20365500329799469]",110,-1
3159,[0.72164623 0.57622502],11,80,"[0.6893002767673785, 0.5852948461925299]",27,-1
3160,[0.68698736 0.70911672],91,11,"[0.7285416878591984, 0.7120527989062413]",-1,-1
3161,[0.33184508 0.62676313],51,12,"[0.3563557933558874, 0.6600167756750083]",113,-1
3162,[0.30265833 0.31472718],70,44,"[0.34401211644161456, 0.2727474001163449]",-1,-1
3163,[0.88947093 0.64479745],4,83,"[0.9023954923676734, 0.6253829621221342]",90,-1
3164,[0.72687711 0.50255975],35,49,"[0.7597872492020543, 0.528305606483068]",50,10
3165,[0.35055565 0.34137914],70,13,"[0.3772074110661572, 0.3667665336396509]",-1,-1
3166,[0.17358701 0.23520127],20,20,"[0.18106142669570233, 0.20480546739290073]",104,42
3167,[0.57831609 0.3480794 ],33,23,"[0.5544996285461486, 0.3649814617648961]",110,53
3168,[0.6415377  0.77386366],45,6,"[0.6704818259566957, 0.7868874266118806]",102,-1
3169,[0.43151446 0.11466664],29,15,"[0.4480198330140321, 0.13770311065471516]",110,-1
3170,[0.19734237 0.42523332],94,14,"[0.16635912736795258, 0.4532667183848064]",113,-1
3171,[0.40026336 0.77245928],41,22,"[0.4053244070468948, 0.7892325425819533]",113,-1
3172,[0.21406043 0.20393731],67,34,"[0.22317706824250913, 0.23387943431995686]",104,42
3173,[0.12493464 0.12985907],79,86,"[0.10460029415455299, 0.15390780514892627]",104,-1
3174,[0.24097095 0.38345931],55,0,"[0.24505961735590134, 0.40258348756972934]",113,81
3175,[0.63645655 0.15715233],71,55,"[0.6160291566716146, 0.18582080836242268]",-1,-1
3176,[0.30194956 0.66754361],98,8,"[0.29185823944997474, 0.6822630454364129]",113,74
3177,[0.29548752 0.69798495],14,8,"[0.29185823944997474, 0.6822630454364129]",113,-1
3178,[0.85509645 0.59496164],4,43,"[0.8559722074695512, 0.5768738433864216]",99,22
3179,[0.29947546 0.67514459],84,8,"[0.29185823944997474, 0.6822630454364129]",113,74
3180,[0.1598959  0.22665548],95,20,"[0.18106142669570233, 0.20480546739290073]",104,42
3181,[0.47178054 0.081088  ],18,69,"[0.5153460121236064, 0.11707314703881673]",-1,-1
3182,[0.61066428 0.3637696 ],33,56,"[0.6228765219922414, 0.3379402254620158]",110,-1
3183,[0.46033651 0.80139776],88,51,"[0.47563858561263794, 0.7978986338068428]",113,-1
3184,[0.40959283 0.20478273],17,4,"[0.3827392388806571, 0.18315480574773338]",110,63
3185,[0.83314642 0.57483971],28,43,"[0.8559722074695512, 0.5768738433864216]",-1,-1
3186,[0.33427029 0.76794222],89,26,"[0.34140158523352676, 0.7415276229463709]",113,-1
3187,[0.83793975 0.86751347],52,95,"[0.8179696228241676, 0.8855176666788548]",67,-1
3188,[0.47292956 0.62732632],16,88,"[0.49693056847195605, 0.6857701176055397]",-1,-1
3189,[0.47129641 0.19422049],46,10,"[0.4982904339105401, 0.17462697492844612]",110,63
3190,[0.73999918 0.67765236],50,11,"[0.7285416878591984, 0.7120527989062413]",102,-1
3191,[0.3267734  0.33518833],43,13,"[0.3772074110661572, 0.3667665336396509]",113,-1
3192,[0.29281176 0.44204722],43,1,"[0.31345252476490787, 0.39568681619531276]",113,-1
3193,[0.18575599 0.2675749 ],68,19,"[0.1752933885253929, 0.2769931075732081]",104,42
3194,[0.7279805  0.77524513],26,16,"[0.7557129160895149, 0.7610612683801858]",102,56
3195,[0.29575282 0.32910821],43,21,"[0.24089021291760518, 0.30160856093346966]",-1,-1
3196,[0.15755402 0.44262431],42,14,"[0.16635912736795258, 0.4532667183848064]",113,-1
3197,[0.89339376 0.79784709],52,50,"[0.8669550309977382, 0.8414428333530212]",-1,-1
3198,[0.73267145 0.78311616],91,16,"[0.7557129160895149, 0.7610612683801858]",102,56
3199,[0.688541   0.61659567],11,80,"[0.6893002767673785, 0.5852948461925299]",-1,-1
3200,[0.36993415 0.3442415 ],65,13,"[0.3772074110661572, 0.3667665336396509]",111,-1
3201,[0.74753926 0.29696513],85,36,"[0.718962763471204, 0.2995127644433783]",36,-1
3202,[0.33908981 0.39395004],65,1,"[0.31345252476490787, 0.39568681619531276]",113,81
3203,[0.31930321 0.67015454],51,8,"[0.29185823944997474, 0.6822630454364129]",113,83
3204,[0.43616015 0.74418626],89,59,"[0.4102385111598612, 0.7308207375545044]",-1,-1
3205,[0.28390916 0.49756013],78,2,"[0.2982944979771574, 0.4928881704977565]",113,-1
3206,[0.38761226 0.11089419],46,92,"[0.3725508188236613, 0.1071489353939289]",-1,-1
3207,[0.50795452 0.32379849],6,17,"[0.5266584783397147, 0.2925234389366824]",110,-1
3208,[0.85608814 0.88647211],26,95,"[0.8179696228241676, 0.8855176666788548]",-1,-1
3209,[0.52990787 0.26002577],22,17,"[0.5266584783397147, 0.2925234389366824]",110,-1
3210,[0.46855442 0.91576639],24,63,"[0.4663233365844979, 0.874422196988726]",-1,-1
3211,[0.548103   0.60729301],74,38,"[0.5222833502418962, 0.5760861920194034]",80,-1
3212,[0.5752631  0.63432307],40,28,"[0.572088563242004, 0.6648723747855627]",81,29
3213,[0.74399741 0.19410848],93,33,"[0.712147299809196, 0.21396583181069667]",36,-1
3214,[0.20681669 0.23698476],90,34,"[0.22317706824250913, 0.23387943431995686]",104,42
3215,[0.1127553  0.12604933],20,86,"[0.10460029415455299, 0.15390780514892627]",97,-1
3216,[0.93311531 0.80853477],52,98,"[0.942733982760607, 0.8236412439484]",-1,-1
3217,[0.82898625 0.8739488 ],26,95,"[0.8179696228241676, 0.8855176666788548]",-1,-1
3218,[0.35570578 0.3908239 ],43,13,"[0.3772074110661572, 0.3667665336396509]",113,81
3219,[0.58165296 0.8255177 ],53,45,"[0.6014090517878816, 0.8253297621455221]",-1,-1
3220,[0.17164407 0.24851754],79,19,"[0.1752933885253929, 0.2769931075732081]",104,42
3221,[0.52559368 0.32737236],63,17,"[0.5266584783397147, 0.2925234389366824]",110,49
3222,[0.10242972 0.18536088],66,86,"[0.10460029415455299, 0.15390780514892627]",104,-1
3223,[0.88152378 0.6718016 ],56,65,"[0.8683963995203289, 0.7186203255414056]",98,-1
3224,[0.16803935 0.54545913],7,35,"[0.18006516204956544, 0.5309482406934538]",-1,-1
3225,[0.73288635 0.83600319],26,75,"[0.7159769487757391, 0.8473248623765012]",-1,-1
3226,[0.61894594 0.4359157 ],33,64,"[0.5873954455556146, 0.4184822956881117]",-1,-1
3227,[0.46032166 0.85815073],88,63,"[0.4663233365844979, 0.874422196988726]",93,23
3228,[0.64696119 0.73575676],3,27,"[0.6091441642186142, 0.7391629772413223]",102,36
3229,[0.82655295 0.7034647 ],27,25,"[0.8290893185566872, 0.6663325003431528]",-1,-1
3230,[0.65361487 0.18572873],71,55,"[0.6160291566716146, 0.18582080836242268]",-1,-1
3231,[0.27310868 0.44755757],43,2,"[0.2982944979771574, 0.4928881704977565]",113,-1
3232,[0.2233373  0.26905969],83,34,"[0.22317706824250913, 0.23387943431995686]",104,42
3233,[0.60124294 0.85434426],45,45,"[0.6014090517878816, 0.8253297621455221]",85,-1
3234,[0.25559022 0.54390851],5,24,"[0.2575895391106446, 0.5636151717894005]",113,-1
3235,[0.63420394 0.1692486 ],80,55,"[0.6160291566716146, 0.18582080836242268]",110,-1
3236,[0.84150226 0.75230194],52,65,"[0.8683963995203289, 0.7186203255414056]",-1,-1
3237,[0.16737563 0.25271236],47,19,"[0.1752933885253929, 0.2769931075732081]",104,42
3238,[0.13075247 0.77746445],64,71,"[0.10117111935954111, 0.7754028082579668]",79,21
3239,[0.27979001 0.69675577],13,8,"[0.29185823944997474, 0.6822630454364129]",113,-1
3240,[0.75916785 0.21077835],49,9,"[0.7745160189749856, 0.22813324751878863]",36,12
3241,[0.49938379 0.16892171],75,10,"[0.4982904339105401, 0.17462697492844612]",110,63
3242,[0.24435424 0.53719919],78,24,"[0.2575895391106446, 0.5636151717894005]",113,-1
3243,[0.34657903 0.74748918],23,26,"[0.34140158523352676, 0.7415276229463709]",113,-1
3244,[0.3671645 0.8758148],10,41,"[0.4045860819360065, 0.8451095848913467]",-1,-1
3245,[0.55942887 0.69439238],12,28,"[0.572088563242004, 0.6648723747855627]",69,26
3246,[0.77559416 0.49911685],28,49,"[0.7597872492020543, 0.528305606483068]",50,10
3247,[0.43925001 0.61882689],9,18,"[0.4095647158889755, 0.6213093728466221]",113,-1
3248,[0.25878747 0.48548207],5,3,"[0.22590404659055946, 0.4809143921482596]",113,81
3249,[0.36829733 0.36279198],70,13,"[0.3772074110661572, 0.3667665336396509]",-1,-1
3250,[0.36852562 0.24413596],2,44,"[0.34401211644161456, 0.2727474001163449]",110,-1
3251,[0.33519963 0.79340657],10,82,"[0.32758089961125464, 0.809330839306685]",82,-1
3252,[0.19653214 0.45920279],99,14,"[0.16635912736795258, 0.4532667183848064]",113,81
3253,[0.74546223 0.19656174],93,33,"[0.712147299809196, 0.21396583181069667]",36,-1
3254,[0.59431796 0.4145999 ],33,64,"[0.5873954455556146, 0.4184822956881117]",-1,-1
3255,[0.15713006 0.20076325],90,20,"[0.18106142669570233, 0.20480546739290073]",104,42
3256,[0.74841067 0.77168611],60,16,"[0.7557129160895149, 0.7610612683801858]",-1,-1
3257,[0.18930344 0.51846827],8,35,"[0.18006516204956544, 0.5309482406934538]",113,-1
3258,[0.76011711 0.5569644 ],11,49,"[0.7597872492020543, 0.528305606483068]",-1,-1
3259,[0.52843719 0.43128722],76,77,"[0.5067154617511884, 0.39780872086571867]",-1,-1
3260,[0.53369229 0.13403184],18,69,"[0.5153460121236064, 0.11707314703881673]",110,63
3261,[0.15137077 0.52351007],87,35,"[0.18006516204956544, 0.5309482406934538]",113,64
3262,[0.41730786 0.8214686 ],41,41,"[0.4045860819360065, 0.8451095848913467]",113,-1
3263,[0.63963725 0.76500027],53,6,"[0.6704818259566957, 0.7868874266118806]",102,-1
3264,[0.43116907 0.8106764 ],41,22,"[0.4053244070468948, 0.7892325425819533]",113,71
3265,[0.68352727 0.8350551 ],31,75,"[0.7159769487757391, 0.8473248623765012]",102,-1
3266,[0.21470161 0.31740924],36,21,"[0.24089021291760518, 0.30160856093346966]",104,42
3267,[0.74814386 0.72990815],32,11,"[0.7285416878591984, 0.7120527989062413]",102,57
3268,[0.10337206 0.42248933],96,76,"[0.1271293063442913, 0.39727223545070534]",-1,-1
3269,[0.57925766 0.78254172],59,45,"[0.6014090517878816, 0.8253297621455221]",-1,-1
3270,[0.86524029 0.81953585],26,50,"[0.8669550309977382, 0.8414428333530212]",54,15
3271,[0.939414   0.61485045],4,83,"[0.9023954923676734, 0.6253829621221342]",-1,-1
3272,[0.44254763 0.89133345],10,63,"[0.4663233365844979, 0.874422196988726]",-1,-1
3273,[0.43664969 0.80059039],41,22,"[0.4053244070468948, 0.7892325425819533]",113,-1
3274,[0.51688902 0.43648228],76,77,"[0.5067154617511884, 0.39780872086571867]",-1,-1
3275,[0.55027681 0.17620147],18,31,"[0.5509259779365981, 0.20365500329799469]",110,-1
3276,[0.52517289 0.82109688],88,51,"[0.47563858561263794, 0.7978986338068428]",-1,-1
3277,[0.13290584 0.26286865],20,19,"[0.1752933885253929, 0.2769931075732081]",61,-1
3278,[0.15714752 0.4679417 ],42,14,"[0.16635912736795258, 0.4532667183848064]",113,69
3279,[0.5801919  0.48967065],16,68,"[0.5421113451424038, 0.49916034700705]",1,-1
3280,[0.75924048 0.67556966],19,53,"[0.7681832820464827, 0.6327372104307392]",102,-1
3281,[0.51219761 0.44551271],76,77,"[0.5067154617511884, 0.39780872086571867]",-1,-1
3282,[0.26681181 0.48666805],7,2,"[0.2982944979771574, 0.4928881704977565]",113,-1
3283,[0.39076525 0.19804159],2,4,"[0.3827392388806571, 0.18315480574773338]",110,63
3284,[0.77141326 0.37375249],44,79,"[0.7440923457598303, 0.4172681159825393]",-1,-1
3285,[0.26912773 0.68373631],98,8,"[0.29185823944997474, 0.6822630454364129]",113,73
3286,[0.12644028 0.23587261],95,57,"[0.11385950246950007, 0.22156166292214274]",104,-1
3287,[0.82469253 0.51801867],28,61,"[0.8226541227267828, 0.49698240517173836]",72,-1
3288,[0.71533829 0.48229642],35,66,"[0.6892424870002536, 0.4809362987183399]",50,10
3289,[0.37951321 0.38691342],70,13,"[0.3772074110661572, 0.3667665336396509]",113,-1
3290,[0.81725905 0.71433909],56,25,"[0.8290893185566872, 0.6663325003431528]",-1,-1
3291,[0.64086404 0.8895595 ],45,74,"[0.6387846519793019, 0.8886269005667045]",-1,-1
3292,[0.39051008 0.70000689],14,59,"[0.4102385111598612, 0.7308207375545044]",-1,-1
3293,[0.29560839 0.21023316],1,29,"[0.29724643836137565, 0.21152192866347855]",104,-1
3294,[0.15823742 0.5273476 ],15,35,"[0.18006516204956544, 0.5309482406934538]",113,64
3295,[0.59151122 0.82149609],59,45,"[0.6014090517878816, 0.8253297621455221]",102,-1
3296,[0.76895957 0.30257412],86,39,"[0.7929729113380171, 0.306282578754693]",-1,-1
3297,[0.36356473 0.6349389 ],9,12,"[0.3563557933558874, 0.6600167756750083]",113,-1
3298,[0.491645   0.08570294],29,69,"[0.5153460121236064, 0.11707314703881673]",-1,-1
3299,[0.08426746 0.92712368],21,47,"[0.12002015978901225, 0.8781802626724163]",-1,-1
3300,[0.19991525 0.67603645],0,32,"[0.21070106237511496, 0.6599645039522288]",-1,43
3301,[0.40730926 0.15004621],92,4,"[0.3827392388806571, 0.18315480574773338]",110,-1
3302,[0.25184538 0.16378428],67,54,"[0.23065754032548644, 0.16311462163198792]",103,-1
3303,[0.85488462 0.78016413],26,48,"[0.8063574629792128, 0.8028480378432847]",-1,-1
3304,[0.26784603 0.67295309],13,8,"[0.29185823944997474, 0.6822630454364129]",113,73
3305,[0.73631804 0.18072036],49,62,"[0.7592128314241189, 0.15406303015764497]",36,6
3306,[0.30306302 0.3667387 ],48,1,"[0.31345252476490787, 0.39568681619531276]",113,81
3307,[0.85311335 0.6189003 ],19,43,"[0.8559722074695512, 0.5768738433864216]",-1,-1
3308,[0.3613353  0.35818887],65,13,"[0.3772074110661572, 0.3667665336396509]",111,-1
3309,[0.26146319 0.38226638],55,0,"[0.24505961735590134, 0.40258348756972934]",113,81
3310,[0.5373595  0.40039562],33,77,"[0.5067154617511884, 0.39780872086571867]",110,53
3311,[0.63186329 0.25500589],63,58,"[0.5903496421521437, 0.26872112132208276]",14,-1
3312,[0.51958761 0.19377664],29,10,"[0.4982904339105401, 0.17462697492844612]",110,-1
3313,[0.23010853 0.46278514],5,3,"[0.22590404659055946, 0.4809143921482596]",113,81
3314,[0.69151403 0.44600844],44,66,"[0.6892424870002536, 0.4809362987183399]",-1,4
3315,[0.42674807 0.80771168],88,22,"[0.4053244070468948, 0.7892325425819533]",113,-1
3316,[0.10363694 0.08080255],79,73,"[0.15159497202623598, 0.099534542862727]",-1,-1
3317,[0.44027713 0.8109217 ],10,51,"[0.47563858561263794, 0.7978986338068428]",113,71
3318,[0.37018044 0.38923275],70,13,"[0.3772074110661572, 0.3667665336396509]",113,81
3319,[0.8525853  0.65051526],27,25,"[0.8290893185566872, 0.6663325003431528]",98,25
3320,[0.80158153 0.73473576],32,16,"[0.7557129160895149, 0.7610612683801858]",102,-1
3321,[0.26411316 0.25275329],36,34,"[0.22317706824250913, 0.23387943431995686]",104,-1
3322,[0.84977104 0.59223091],27,43,"[0.8559722074695512, 0.5768738433864216]",99,22
3323,[0.11364204 0.10473742],66,73,"[0.15159497202623598, 0.099534542862727]",-1,-1
3324,[0.59663519 0.58339737],16,30,"[0.5893115951066175, 0.5856347360021498]",77,28
3325,[0.3303431  0.52163326],5,2,"[0.2982944979771574, 0.4928881704977565]",113,-1
3326,[0.13160469 0.57640734],87,70,"[0.16883511008014604, 0.6108734061004485]",-1,-1
3327,[0.67692519 0.92740034],31,74,"[0.6387846519793019, 0.8886269005667045]",-1,-1
3328,[0.21551634 0.55595369],5,24,"[0.2575895391106446, 0.5636151717894005]",113,-1
3329,[0.55999249 0.58516584],12,30,"[0.5893115951066175, 0.5856347360021498]",-1,-1
3330,[0.38180787 0.16323112],2,4,"[0.3827392388806571, 0.18315480574773338]",110,62
3331,[0.85426795 0.53554184],28,43,"[0.8559722074695512, 0.5768738433864216]",73,-1
3332,[0.17883713 0.84760711],21,78,"[0.17639698191982223, 0.8335029307302414]",-1,-1
3333,[0.15455608 0.72824971],58,42,"[0.17164193172035744, 0.7477907034099851]",84,18
3334,[0.45067747 0.39397625],76,77,"[0.5067154617511884, 0.39780872086571867]",-1,-1
3335,[0.12957095 0.33886566],47,76,"[0.1271293063442913, 0.39727223545070534]",-1,-1
3336,[0.5453235  0.58958253],16,38,"[0.5222833502418962, 0.5760861920194034]",80,-1
3337,[0.74672627 0.16642599],93,62,"[0.7592128314241189, 0.15406303015764497]",36,-1
3338,[0.5354804  0.29710136],72,17,"[0.5266584783397147, 0.2925234389366824]",110,48
3339,[0.11776102 0.1530281 ],66,86,"[0.10460029415455299, 0.15390780514892627]",104,42
3340,[0.46185952 0.19852494],92,40,"[0.4428604662933861, 0.22666876085097074]",110,63
3341,[0.66949193 0.8760684 ],31,74,"[0.6387846519793019, 0.8886269005667045]",-1,-1
3342,[0.15709252 0.63506954],0,70,"[0.16883511008014604, 0.6108734061004485]",113,43
3343,[0.27710458 0.37888323],34,0,"[0.24505961735590134, 0.40258348756972934]",113,81
3344,[0.40097141 0.65645897],14,18,"[0.4095647158889755, 0.6213093728466221]",-1,-1
3345,[0.69776964 0.804082  ],31,6,"[0.6704818259566957, 0.7868874266118806]",102,-1
3346,[0.53267888 0.61366188],81,38,"[0.5222833502418962, 0.5760861920194034]",-1,-1
3347,[0.27331606 0.35471028],43,0,"[0.24505961735590134, 0.40258348756972934]",-1,-1
3348,[0.87962266 0.86114157],52,50,"[0.8669550309977382, 0.8414428333530212]",52,-1
3349,[0.1740726  0.17342675],79,7,"[0.16040334011861732, 0.1583747599262833]",104,42
3350,[0.55171631 0.36044428],72,23,"[0.5544996285461486, 0.3649814617648961]",110,53
3351,[0.53207674 0.39218687],76,77,"[0.5067154617511884, 0.39780872086571867]",110,54
3352,[0.73772446 0.37341691],86,79,"[0.7440923457598303, 0.4172681159825393]",-1,-1
3353,[0.36583538 0.73977239],89,26,"[0.34140158523352676, 0.7415276229463709]",113,-1
3354,[0.07366738 0.41687459],96,76,"[0.1271293063442913, 0.39727223545070534]",-1,-1
3355,[0.74724818 0.23907714],38,9,"[0.7745160189749856, 0.22813324751878863]",36,12
3356,[0.31504053 0.23158776],68,29,"[0.29724643836137565, 0.21152192866347855]",-1,-1
3357,[0.13718556 0.11721145],90,73,"[0.15159497202623598, 0.099534542862727]",104,-1
3358,[0.67899434 0.49443581],35,66,"[0.6892424870002536, 0.4809362987183399]",40,-1
3359,[0.1169219  0.40410861],96,76,"[0.1271293063442913, 0.39727223545070534]",-1,-1
3360,[0.70039597 0.85767156],59,75,"[0.7159769487757391, 0.8473248623765012]",-1,-1
3361,[0.20831677 0.47338883],78,3,"[0.22590404659055946, 0.4809143921482596]",113,81
3362,[0.5349927  0.76492162],81,51,"[0.47563858561263794, 0.7978986338068428]",8,-1
3363,[0.49994693 0.61581477],74,38,"[0.5222833502418962, 0.5760861920194034]",-1,-1
3364,[0.24415948 0.64263211],98,32,"[0.21070106237511496, 0.6599645039522288]",-1,-1
3365,[0.75184375 0.84989731],31,75,"[0.7159769487757391, 0.8473248623765012]",-1,-1
3366,[0.40228516 0.80664739],89,22,"[0.4053244070468948, 0.7892325425819533]",113,71
3367,[0.55435091 0.39669866],76,23,"[0.5544996285461486, 0.3649814617648961]",110,53
3368,[0.75072805 0.49275129],28,49,"[0.7597872492020543, 0.528305606483068]",48,10
3369,[0.30733496 0.55973934],69,5,"[0.3369928142177202, 0.5813431770807651]",113,-1
3370,[0.89827631 0.87659495],52,50,"[0.8669550309977382, 0.8414428333530212]",3,-1
3371,[0.77060736 0.74870973],60,16,"[0.7557129160895149, 0.7610612683801858]",102,-1
3372,[0.21566635 0.27863655],36,21,"[0.24089021291760518, 0.30160856093346966]",104,42
3373,[0.13284452 0.35319236],96,76,"[0.1271293063442913, 0.39727223545070534]",-1,-1
3374,[0.56332489 0.35636352],33,23,"[0.5544996285461486, 0.3649814617648961]",110,53
3375,[0.70755619 0.18383834],57,33,"[0.712147299809196, 0.21396583181069667]",36,-1
3376,[0.31205913 0.50235245],8,2,"[0.2982944979771574, 0.4928881704977565]",113,82
3377,[0.66957288 0.37686382],44,46,"[0.6818606004752428, 0.39460805157892936]",46,5
3378,[0.46439097 0.31847459],6,17,"[0.5266584783397147, 0.2925234389366824]",-1,-1
3379,[0.30123566 0.49061914],78,2,"[0.2982944979771574, 0.4928881704977565]",113,82
3380,[0.41310364 0.61968266],62,18,"[0.4095647158889755, 0.6213093728466221]",113,-1
3381,[0.29778221 0.62791062],98,8,"[0.29185823944997474, 0.6822630454364129]",113,-1
3382,[0.19897993 0.51367847],7,35,"[0.18006516204956544, 0.5309482406934538]",113,81
3383,[0.17850448 0.64552462],0,32,"[0.21070106237511496, 0.6599645039522288]",113,43
3384,[0.70875082 0.49299364],82,66,"[0.6892424870002536, 0.4809362987183399]",50,10
3385,[0.86822923 0.60247574],27,43,"[0.8559722074695512, 0.5768738433864216]",99,22
3386,[0.16226446 0.18716914],79,20,"[0.18106142669570233, 0.20480546739290073]",104,42
3387,[0.28533809 0.45009233],73,2,"[0.2982944979771574, 0.4928881704977565]",113,81
3388,[0.30972354 0.43955933],78,1,"[0.31345252476490787, 0.39568681619531276]",113,75
3389,[0.53803591 0.16101427],71,10,"[0.4982904339105401, 0.17462697492844612]",110,63
3390,[0.5228902  0.53580792],74,38,"[0.5222833502418962, 0.5760861920194034]",80,-1
3391,[0.39577251 0.581952  ],69,67,"[0.39991637370105465, 0.5429488636659977]",113,-1
3392,[0.28230651 0.69543091],98,8,"[0.29185823944997474, 0.6822630454364129]",113,-1
3393,[0.46739299 0.93458789],24,63,"[0.4663233365844979, 0.874422196988726]",-1,-1
3394,[0.56489436 0.37691528],72,23,"[0.5544996285461486, 0.3649814617648961]",110,53
3395,[0.28400487 0.2004193 ],1,29,"[0.29724643836137565, 0.21152192866347855]",104,-1
3396,[0.10707475 0.87684952],21,47,"[0.12002015978901225, 0.8781802626724163]",-1,-1
3397,[0.16395943 0.53290913],7,35,"[0.18006516204956544, 0.5309482406934538]",113,64
3398,[0.62173503 0.76431718],53,27,"[0.6091441642186142, 0.7391629772413223]",102,-1
3399,[0.28097155 0.41571194],43,1,"[0.31345252476490787, 0.39568681619531276]",113,81
3400,[0.79027325 0.29047873],86,39,"[0.7929729113380171, 0.306282578754693]",36,8
3401,[0.1517481  0.92305376],21,47,"[0.12002015978901225, 0.8781802626724163]",-1,-1
3402,[0.5626155  0.59369933],12,30,"[0.5893115951066175, 0.5856347360021498]",81,-1
3403,[0.50401035 0.12373832],18,69,"[0.5153460121236064, 0.11707314703881673]",110,-1
3404,[0.62888167 0.68691062],81,60,"[0.6482027966760067, 0.6653053686977741]",102,-1
3405,[0.19835003 0.52146818],73,35,"[0.18006516204956544, 0.5309482406934538]",113,81
3406,[0.20008146 0.55029685],8,35,"[0.18006516204956544, 0.5309482406934538]",113,-1
3407,[0.15499107 0.40675095],34,76,"[0.1271293063442913, 0.39727223545070534]",-1,-1
3408,[0.69422226 0.35550788],85,46,"[0.6818606004752428, 0.39460805157892936]",-1,-1
3409,[0.89324727 0.56460229],4,43,"[0.8559722074695512, 0.5768738433864216]",-1,-1
3410,[0.37548967 0.4203046 ],65,91,"[0.38272617373285694, 0.45406707742979985]",-1,-1
3411,[0.79268286 0.35496494],39,39,"[0.7929729113380171, 0.306282578754693]",31,-1
3412,[0.16382313 0.18250053],95,7,"[0.16040334011861732, 0.1583747599262833]",104,42
3413,[0.2770337  0.59791484],62,24,"[0.2575895391106446, 0.5636151717894005]",-1,-1
3414,[0.102651   0.41427865],96,76,"[0.1271293063442913, 0.39727223545070534]",-1,-1
3415,[0.71278083 0.5379888 ],11,49,"[0.7597872492020543, 0.528305606483068]",50,10
3416,[0.60605858 0.64853053],12,28,"[0.572088563242004, 0.6648723747855627]",81,-1
3417,[0.27744997 0.34672155],43,21,"[0.24089021291760518, 0.30160856093346966]",-1,-1
3418,[0.13672585 0.15555688],20,7,"[0.16040334011861732, 0.1583747599262833]",104,42
3419,[0.58856535 0.18106962],6,55,"[0.6160291566716146, 0.18582080836242268]",110,-1
3420,[0.37233969 0.19188339],92,4,"[0.3827392388806571, 0.18315480574773338]",110,-1
3421,[0.12256539 0.44606192],87,14,"[0.16635912736795258, 0.4532667183848064]",-1,-1
3422,[0.17830676 0.70650287],0,42,"[0.17164193172035744, 0.7477907034099851]",107,-1
3423,[0.60132765 0.2087612 ],71,55,"[0.6160291566716146, 0.18582080836242268]",110,-1
3424,[0.27241593 0.36946301],48,0,"[0.24505961735590134, 0.40258348756972934]",113,81
3425,[0.50168948 0.28679641],63,17,"[0.5266584783397147, 0.2925234389366824]",-1,-1
3426,[0.21405146 0.77146632],58,42,"[0.17164193172035744, 0.7477907034099851]",-1,-1
3427,[0.24113233 0.26500376],36,34,"[0.22317706824250913, 0.23387943431995686]",104,42
3428,[0.21153706 0.46031652],78,3,"[0.22590404659055946, 0.4809143921482596]",113,81
3429,[0.17391839 0.14664708],79,7,"[0.16040334011861732, 0.1583747599262833]",104,42
3430,[0.88258917 0.80546349],52,50,"[0.8669550309977382, 0.8414428333530212]",55,-1
3431,[0.22043458 0.19680466],90,54,"[0.23065754032548644, 0.16311462163198792]",104,42
3432,[0.74620393 0.18774031],93,62,"[0.7592128314241189, 0.15406303015764497]",36,-1
3433,[0.18081492 0.68795564],25,32,"[0.21070106237511496, 0.6599645039522288]",-1,-1
3434,[0.41770388 0.749016  ],23,59,"[0.4102385111598612, 0.7308207375545044]",113,-1
3435,[0.55057821 0.43890237],76,64,"[0.5873954455556146, 0.4184822956881117]",-1,-1
3436,[0.7459739  0.67243387],60,11,"[0.7285416878591984, 0.7120527989062413]",102,-1
3437,[0.71899938 0.79622692],50,6,"[0.6704818259566957, 0.7868874266118806]",102,-1
3438,[0.53331577 0.56150745],74,38,"[0.5222833502418962, 0.5760861920194034]",80,30
3439,[0.62625288 0.31632385],63,56,"[0.6228765219922414, 0.3379402254620158]",110,-1
3440,[0.51144328 0.13185297],97,69,"[0.5153460121236064, 0.11707314703881673]",110,-1
3441,[0.19121632 0.30869455],83,19,"[0.1752933885253929, 0.2769931075732081]",104,-1
3442,[0.26294575 0.13907924],67,54,"[0.23065754032548644, 0.16311462163198792]",-1,-1
3443,[0.36219347 0.43439736],55,91,"[0.38272617373285694, 0.45406707742979985]",113,-1
3444,[0.60077456 0.75542525],53,27,"[0.6091441642186142, 0.7391629772413223]",96,36
3445,[0.65437072 0.72753814],3,27,"[0.6091441642186142, 0.7391629772413223]",102,-1
3446,[0.24552812 0.7703037 ],98,81,"[0.2526303993585153, 0.7288181375759063]",-1,-1
3447,[0.22500588 0.51335159],99,3,"[0.22590404659055946, 0.4809143921482596]",113,-1
3448,[0.74357935 0.17359548],49,62,"[0.7592128314241189, 0.15406303015764497]",36,-1
3449,[0.30904361 0.71404694],25,8,"[0.29185823944997474, 0.6822630454364129]",113,79
3450,[0.7783798  0.19215721],30,9,"[0.7745160189749856, 0.22813324751878863]",36,-1
3451,[0.16703206 0.10364354],79,73,"[0.15159497202623598, 0.099534542862727]",-1,-1
3452,[0.59873418 0.30006109],22,58,"[0.5903496421521437, 0.26872112132208276]",-1,-1
3453,[0.80598943 0.32941406],86,39,"[0.7929729113380171, 0.306282578754693]",-1,-1
3454,[0.16594239 0.19167706],68,20,"[0.18106142669570233, 0.20480546739290073]",104,42
3455,[0.3440138  0.38906442],48,1,"[0.31345252476490787, 0.39568681619531276]",113,81
3456,[0.74452256 0.86277937],31,75,"[0.7159769487757391, 0.8473248623765012]",-1,-1
3457,[0.45981732 0.17066251],61,15,"[0.4480198330140321, 0.13770311065471516]",110,63
3458,[0.37934081 0.36801543],70,13,"[0.3772074110661572, 0.3667665336396509]",113,-1
3459,[0.27436008 0.38601291],94,0,"[0.24505961735590134, 0.40258348756972934]",113,81
3460,[0.5671941  0.56098545],16,30,"[0.5893115951066175, 0.5856347360021498]",80,30
3461,[0.66909581 0.82583473],31,6,"[0.6704818259566957, 0.7868874266118806]",102,-1
3462,[0.41144941 0.28783389],92,40,"[0.4428604662933861, 0.22666876085097074]",-1,-1
3463,[0.23421002 0.1943351 ],67,54,"[0.23065754032548644, 0.16311462163198792]",104,-1
3464,[0.8844453  0.31065647],37,84,"[0.8747370333854485, 0.3299307577245935]",25,2
3465,[0.18056803 0.48875222],42,14,"[0.16635912736795258, 0.4532667183848064]",113,81
3466,[0.54247993 0.16050936],18,31,"[0.5509259779365981, 0.20365500329799469]",110,63
3467,[0.15726806 0.89063056],64,47,"[0.12002015978901225, 0.8781802626724163]",21,-1
3468,[0.4534827 0.068396 ],29,15,"[0.4480198330140321, 0.13770311065471516]",-1,-1
3469,[0.09307909 0.82251438],58,71,"[0.10117111935954111, 0.7754028082579668]",-1,-1
3470,[0.43462749 0.1574801 ],29,15,"[0.4480198330140321, 0.13770311065471516]",110,63
3471,[0.10663355 0.81210639],21,71,"[0.10117111935954111, 0.7754028082579668]",74,-1
3472,[0.37497557 0.56440781],69,67,"[0.39991637370105465, 0.5429488636659977]",113,-1
3473,[0.22571111 0.3036115 ],36,21,"[0.24089021291760518, 0.30160856093346966]",-1,-1
3474,[0.50337356 0.84071265],88,63,"[0.4663233365844979, 0.874422196988726]",-1,-1
3475,[0.25227677 0.57496079],8,24,"[0.2575895391106446, 0.5636151717894005]",-1,-1
3476,[0.32308338 0.78347917],89,82,"[0.32758089961125464, 0.809330839306685]",83,-1
3477,[0.76295319 0.69062205],50,11,"[0.7285416878591984, 0.7120527989062413]",102,-1
3478,[0.55659006 0.22556025],22,31,"[0.5509259779365981, 0.20365500329799469]",110,-1
3479,[0.28392027 0.49093368],78,2,"[0.2982944979771574, 0.4928881704977565]",113,81
3480,[0.34614485 0.29763804],1,44,"[0.34401211644161456, 0.2727474001163449]",-1,-1
3481,[0.39949636 0.58134935],51,67,"[0.39991637370105465, 0.5429488636659977]",113,-1
3482,[0.78419741 0.3219629 ],30,39,"[0.7929729113380171, 0.306282578754693]",35,-1
3483,[0.76972778 0.29382991],30,39,"[0.7929729113380171, 0.306282578754693]",36,-1
3484,[0.26848885 0.56871141],73,24,"[0.2575895391106446, 0.5636151717894005]",113,-1
3485,[0.63165391 0.80530388],53,45,"[0.6014090517878816, 0.8253297621455221]",102,40
3486,[0.21253655 0.76267721],64,42,"[0.17164193172035744, 0.7477907034099851]",-1,-1
3487,[0.31997532 0.38331778],70,1,"[0.31345252476490787, 0.39568681619531276]",113,81
3488,[0.12028963 0.20120276],95,57,"[0.11385950246950007, 0.22156166292214274]",104,42
3489,[0.5294215  0.41957442],76,77,"[0.5067154617511884, 0.39780872086571867]",110,-1
3490,[0.38881787 0.27320852],17,44,"[0.34401211644161456, 0.2727474001163449]",-1,-1
3491,[0.52634707 0.17639461],97,10,"[0.4982904339105401, 0.17462697492844612]",110,-1
3492,[0.25022464 0.26540712],68,21,"[0.24089021291760518, 0.30160856093346966]",104,-1
3493,[0.13620871 0.17784515],95,7,"[0.16040334011861732, 0.1583747599262833]",104,-1
3494,[0.49215326 0.10952111],18,69,"[0.5153460121236064, 0.11707314703881673]",110,-1
3495,[0.78395034 0.6314676 ],27,53,"[0.7681832820464827, 0.6327372104307392]",102,-1
3496,[0.41876771 0.        ],29,-1,-1,-1,-1
3497,[0.62293418 0.15218638],80,55,"[0.6160291566716146, 0.18582080836242268]",110,-1
3498,[0.23890227 0.22030273],1,34,"[0.22317706824250913, 0.23387943431995686]",104,42
3499,[0.63306502 0.11502881],80,37,"[0.590787313093903, 0.1287873361919935]",-1,-1
3500,[0.37832617 0.79394056],84,22,"[0.4053244070468948, 0.7892325425819533]",113,71
3501,[0.24389518 0.32129383],83,21,"[0.24089021291760518, 0.30160856093346966]",62,-1
3502,[0.2630546  0.49828745],78,2,"[0.2982944979771574, 0.4928881704977565]",113,81
3503,[0.51108478 0.51629833],16,68,"[0.5421113451424038, 0.49916034700705]",-1,-1
3504,[0.55406728 0.27150931],6,17,"[0.5266584783397147, 0.2925234389366824]",110,47
3505,[0.34666474 0.57699789],51,5,"[0.3369928142177202, 0.5813431770807651]",113,-1
3506,[0.16875937 0.6387183 ],25,70,"[0.16883511008014604, 0.6108734061004485]",113,43
3507,[0.11497544 0.43721328],96,76,"[0.1271293063442913, 0.39727223545070534]",-1,-1
3508,[0.18978283 0.51047212],42,35,"[0.18006516204956544, 0.5309482406934538]",113,81
3509,[0.55242985 0.40231172],33,23,"[0.5544996285461486, 0.3649814617648961]",110,53
3510,[0.61242551 0.37484159],72,56,"[0.6228765219922414, 0.3379402254620158]",-1,-1
3511,[0.47087111 0.16056664],46,10,"[0.4982904339105401, 0.17462697492844612]",110,63
3512,[0.56139836 0.25920905],22,58,"[0.5903496421521437, 0.26872112132208276]",110,47
3513,[0.16812253 0.61756872],15,70,"[0.16883511008014604, 0.6108734061004485]",-1,-1
3514,[0.38649328 0.15774655],2,4,"[0.3827392388806571, 0.18315480574773338]",110,62
3515,[0.36137392 0.58260795],51,5,"[0.3369928142177202, 0.5813431770807651]",113,84
3516,[0.15458471 0.22621708],90,20,"[0.18106142669570233, 0.20480546739290073]",104,42
3517,[0.18956816 0.1596975 ],79,7,"[0.16040334011861732, 0.1583747599262833]",104,42
3518,[0.10822512 0.46370149],96,52,"[0.10837107196086664, 0.5019908555728455]",100,-1
3519,[0.83050125 0.84278455],52,50,"[0.8669550309977382, 0.8414428333530212]",67,-1
3520,[0.29356954 0.58831632],98,24,"[0.2575895391106446, 0.5636151717894005]",113,-1
3521,[0.18989059 0.64249791],15,32,"[0.21070106237511496, 0.6599645039522288]",113,-1
3522,[0.15687958 0.2212259 ],90,20,"[0.18106142669570233, 0.20480546739290073]",104,-1
3523,[0.77596338 0.23996753],57,9,"[0.7745160189749856, 0.22813324751878863]",36,12
3524,[0.62807077 0.68951469],81,60,"[0.6482027966760067, 0.6653053686977741]",102,-1
3525,[0.25096169 0.66134753],25,32,"[0.21070106237511496, 0.6599645039522288]",-1,-1
3526,[0.71202293 0.20437734],30,33,"[0.712147299809196, 0.21396583181069667]",36,6
3527,[0.64138703 0.34417487],85,56,"[0.6228765219922414, 0.3379402254620158]",-1,-1
3528,[0.37714743 0.41425022],70,91,"[0.38272617373285694, 0.45406707742979985]",113,-1
3529,[0.34064955 0.59939154],62,5,"[0.3369928142177202, 0.5813431770807651]",113,-1
3530,[0.40742204 0.18230812],2,4,"[0.3827392388806571, 0.18315480574773338]",110,63
3531,[0.25037551 0.39116126],55,0,"[0.24505961735590134, 0.40258348756972934]",113,-1
3532,[0.87174019 0.53598941],28,43,"[0.8559722074695512, 0.5768738433864216]",-1,-1
3533,[0.24522969 0.49307984],7,3,"[0.22590404659055946, 0.4809143921482596]",113,81
3534,[0.88376676 0.25208195],38,97,"[0.9117696710959879, 0.2607718115134211]",-1,-1
3535,[0.17873807 0.7783204 ],64,42,"[0.17164193172035744, 0.7477907034099851]",-1,-1
3536,[0.11213694 0.17158104],20,86,"[0.10460029415455299, 0.15390780514892627]",104,-1
3537,[0.65124273 0.45669674],35,66,"[0.6892424870002536, 0.4809362987183399]",-1,-1
3538,[0.78431869 0.14590673],49,62,"[0.7592128314241189, 0.15406303015764497]",-1,-1
3539,[0.13476119 0.82579757],21,78,"[0.17639698191982223, 0.8335029307302414]",-1,-1
3540,[0.28755391 0.11480442],2,-1,-1,-1,-1
3541,[0.34422224 0.72101669],23,26,"[0.34140158523352676, 0.7415276229463709]",113,76
3542,[0.25107817 0.36352537],77,0,"[0.24505961735590134, 0.40258348756972934]",113,81
3543,[0.71609873 0.37485248],35,46,"[0.6818606004752428, 0.39460805157892936]",-1,-1
3544,[0.22985477 0.43085479],77,0,"[0.24505961735590134, 0.40258348756972934]",113,81
3545,[0.19289095 0.45245895],94,14,"[0.16635912736795258, 0.4532667183848064]",113,81
3546,[0.8046237  0.75186717],32,16,"[0.7557129160895149, 0.7610612683801858]",102,46
3547,[0.7480032 0.732243 ],50,11,"[0.7285416878591984, 0.7120527989062413]",102,57
3548,[0.73747011 0.18272924],57,62,"[0.7592128314241189, 0.15406303015764497]",36,-1
3549,[0.32110545 0.39221788],43,1,"[0.31345252476490787, 0.39568681619531276]",113,81
3550,[0.45471904 0.08749572],46,15,"[0.4480198330140321, 0.13770311065471516]",-1,-1
3551,[0.85823641 0.66167267],27,25,"[0.8290893185566872, 0.6663325003431528]",98,25
3552,[0.20689759 0.23604368],36,34,"[0.22317706824250913, 0.23387943431995686]",104,42
3553,[0.85127218 0.31505743],37,84,"[0.8747370333854485, 0.3299307577245935]",-1,-1
3554,[0.50111187 0.47334105],76,68,"[0.5421113451424038, 0.49916034700705]",-1,-1
3555,[0.18795333 0.2354511 ],47,20,"[0.18106142669570233, 0.20480546739290073]",104,42
3556,[0.04935761 0.25876841],47,-1,-1,-1,-1
3557,[0.47534995 0.18317749],61,10,"[0.4982904339105401, 0.17462697492844612]",110,-1
3558,[0.22212615 0.39898604],77,0,"[0.24505961735590134, 0.40258348756972934]",113,-1
3559,[0.13396844 0.76978102],58,71,"[0.10117111935954111, 0.7754028082579668]",79,21
3560,[0.83376143 0.17495568],49,93,"[0.8175047550160816, 0.1805576480903363]",-1,-1
3561,[0.09392547 0.5229732 ],87,52,"[0.10837107196086664, 0.5019908555728455]",-1,-1
3562,[0.2879703  0.58057995],5,24,"[0.2575895391106446, 0.5636151717894005]",113,-1
3563,[0.23977188 0.25350218],1,34,"[0.22317706824250913, 0.23387943431995686]",104,-1
3564,[0.69339256 0.55715734],11,80,"[0.6893002767673785, 0.5852948461925299]",-1,-1
3565,[0.52370757 0.28698053],22,17,"[0.5266584783397147, 0.2925234389366824]",110,-1
3566,[0.408315   0.54850205],69,67,"[0.39991637370105465, 0.5429488636659977]",-1,-1
3567,[0.71206692 0.79543197],59,6,"[0.6704818259566957, 0.7868874266118806]",102,-1
3568,[0.10436449 0.76500673],58,71,"[0.10117111935954111, 0.7754028082579668]",-1,-1
3569,[0.30229859 0.58431153],51,5,"[0.3369928142177202, 0.5813431770807651]",113,-1
3570,[0.68958494 0.72764712],3,11,"[0.7285416878591984, 0.7120527989062413]",102,-1
3571,[0.18688989 0.29994732],83,19,"[0.1752933885253929, 0.2769931075732081]",104,-1
3572,[0.4962279  0.41034362],33,77,"[0.5067154617511884, 0.39780872086571867]",-1,-1
3573,[0.30944775 0.21192402],1,29,"[0.29724643836137565, 0.21152192866347855]",-1,-1
3574,[0.40232044 0.71709705],89,59,"[0.4102385111598612, 0.7308207375545044]",113,67
3575,[0.68407445 0.49080934],35,66,"[0.6892424870002536, 0.4809362987183399]",40,-1
3576,[0.15217841 0.82410789],64,78,"[0.17639698191982223, 0.8335029307302414]",59,9
3577,[0.53015635 0.22533416],71,31,"[0.5509259779365981, 0.20365500329799469]",110,60
3578,[0.38140388 0.60772728],62,18,"[0.4095647158889755, 0.6213093728466221]",113,84
3579,[0.83280891 0.26582097],38,87,"[0.8400115250570579, 0.2635503368487671]",-1,-1
3580,[0.42982054 0.14195997],29,15,"[0.4480198330140321, 0.13770311065471516]",110,-1
3581,[0.47803249 0.2373398 ],46,40,"[0.4428604662933861, 0.22666876085097074]",-1,-1
3582,[0.36179181 0.79713965],89,82,"[0.32758089961125464, 0.809330839306685]",113,-1
3583,[0.67149292 0.35081572],44,46,"[0.6818606004752428, 0.39460805157892936]",41,-1
3584,[0.6328663  0.40596569],44,64,"[0.5873954455556146, 0.4184822956881117]",-1,-1
3585,[0.29807168 0.37103295],48,1,"[0.31345252476490787, 0.39568681619531276]",113,81
3586,[0.78198331 0.81426874],32,48,"[0.8063574629792128, 0.8028480378432847]",65,-1
3587,[0.49676585 0.18835917],97,10,"[0.4982904339105401, 0.17462697492844612]",110,63
3588,[0.63733191 0.32977199],44,56,"[0.6228765219922414, 0.3379402254620158]",-1,-1
3589,[0.79073865 0.20269781],93,9,"[0.7745160189749856, 0.22813324751878863]",36,12
3590,[0.28075228 0.71293695],98,81,"[0.2526303993585153, 0.7288181375759063]",-1,-1
3591,[0.58855184 0.40713058],33,64,"[0.5873954455556146, 0.4184822956881117]",-1,-1
3592,[0.64393007 0.82136972],53,45,"[0.6014090517878816, 0.8253297621455221]",102,-1
3593,[0.53971568 0.55994056],74,38,"[0.5222833502418962, 0.5760861920194034]",80,30
3594,[0.70615427 0.54863287],11,80,"[0.6893002767673785, 0.5852948461925299]",-1,-1
3595,[0.40616844 0.60554413],54,18,"[0.4095647158889755, 0.6213093728466221]",113,-1
3596,[0.22583648 0.46013119],78,3,"[0.22590404659055946, 0.4809143921482596]",113,81
3597,[0.64495124 0.74356905],53,27,"[0.6091441642186142, 0.7391629772413223]",102,-1
3598,[0.80743183 0.67528529],27,25,"[0.8290893185566872, 0.6663325003431528]",-1,-1
3599,[0.59907014 0.88081674],45,74,"[0.6387846519793019, 0.8886269005667045]",-1,14
3600,[0.12468912 0.2283452 ],79,57,"[0.11385950246950007, 0.22156166292214274]",104,-1
3601,[0.58125735 0.74460605],3,27,"[0.6091441642186142, 0.7391629772413223]",-1,-1
3602,[0.80719878 0.66242405],32,25,"[0.8290893185566872, 0.6663325003431528]",-1,-1
3603,[0.63458727 0.78340357],59,6,"[0.6704818259566957, 0.7868874266118806]",102,-1
3604,[0.26537411 0.42897058],77,0,"[0.24505961735590134, 0.40258348756972934]",113,81
3605,[0.36999531 0.4999605 ],69,91,"[0.38272617373285694, 0.45406707742979985]",20,-1
3606,[0.46950085 0.80180622],41,51,"[0.47563858561263794, 0.7978986338068428]",113,-1
3607,[0.80537046 0.37593256],39,85,"[0.8330047067228752, 0.39861674914336154]",-1,-1
3608,[0.35080201 0.59951577],13,5,"[0.3369928142177202, 0.5813431770807651]",113,-1
3609,[0.42070589 0.83106945],41,41,"[0.4045860819360065, 0.8451095848913467]",113,70
3610,[0.50113951 0.12621342],29,69,"[0.5153460121236064, 0.11707314703881673]",110,-1
3611,[0.74948086 0.22176358],57,9,"[0.7745160189749856, 0.22813324751878863]",36,12
3612,[0.3287299  0.51191223],73,2,"[0.2982944979771574, 0.4928881704977565]",113,-1
3613,[0.78837983 0.74482029],60,16,"[0.7557129160895149, 0.7610612683801858]",102,46
3614,[0.13176729 0.90617299],21,47,"[0.12002015978901225, 0.8781802626724163]",-1,-1
3615,[0.27697361 0.47911177],34,2,"[0.2982944979771574, 0.4928881704977565]",113,81
3616,[0.79146898 0.85314331],26,95,"[0.8179696228241676, 0.8855176666788548]",-1,-1
3617,[0.56888869 0.81554494],53,45,"[0.6014090517878816, 0.8253297621455221]",-1,-1
3618,[0.17855769 0.28470596],36,19,"[0.1752933885253929, 0.2769931075732081]",104,42
3619,[0.89607995 0.61986105],4,83,"[0.9023954923676734, 0.6253829621221342]",-1,-1
3620,[0.08644206 0.22670829],95,57,"[0.11385950246950007, 0.22156166292214274]",-1,-1
3621,[0.7365913  0.80414802],91,16,"[0.7557129160895149, 0.7610612683801858]",-1,-1
3622,[0.57371118 0.38716182],72,23,"[0.5544996285461486, 0.3649814617648961]",110,-1
3623,[0.14679043 0.82288641],64,78,"[0.17639698191982223, 0.8335029307302414]",59,9
3624,[0.86555764 0.47805649],28,94,"[0.8753265847499492, 0.4535299653068886]",-1,-1
3625,[0.22227101 0.42734133],34,0,"[0.24505961735590134, 0.40258348756972934]",113,81
3626,[0.17392424 0.70432461],15,42,"[0.17164193172035744, 0.7477907034099851]",107,-1
3627,[0.18052262 0.74841784],64,42,"[0.17164193172035744, 0.7477907034099851]",87,-1
3628,[0.76731408 0.23380329],38,9,"[0.7745160189749856, 0.22813324751878863]",36,-1
3629,[0.45039681 0.10871301],92,15,"[0.4480198330140321, 0.13770311065471516]",-1,-1
3630,[0.3380393  0.18919008],1,4,"[0.3827392388806571, 0.18315480574773338]",110,45
3631,[0.35354942 0.70643187],84,26,"[0.34140158523352676, 0.7415276229463709]",113,-1
3632,[0.45283839 0.83649519],24,63,"[0.4663233365844979, 0.874422196988726]",-1,-1
3633,[0.19712552 0.22776438],36,34,"[0.22317706824250913, 0.23387943431995686]",104,42
3634,[0.74165571 0.30174337],30,36,"[0.718962763471204, 0.2995127644433783]",36,-1
3635,[0.24177297 0.65704111],25,32,"[0.21070106237511496, 0.6599645039522288]",-1,-1
3636,[0.85783394 0.60374811],4,43,"[0.8559722074695512, 0.5768738433864216]",99,22
3637,[0.24671567 0.24123302],36,34,"[0.22317706824250913, 0.23387943431995686]",104,-1
3638,[0.69504224 0.71520739],91,11,"[0.7285416878591984, 0.7120527989062413]",102,-1
3639,[0.888267   0.75102708],56,65,"[0.8683963995203289, 0.7186203255414056]",-1,-1
3640,[0.3024489  0.35994573],65,1,"[0.31345252476490787, 0.39568681619531276]",113,81
3641,[0.37333865 0.82314574],41,41,"[0.4045860819360065, 0.8451095848913467]",-1,-1
3642,[0.67042284 0.34204376],76,56,"[0.6228765219922414, 0.3379402254620158]",41,-1
3643,[0.31796889 0.7235469 ],89,26,"[0.34140158523352676, 0.7415276229463709]",113,-1
3644,[0.58136473 0.78547493],53,45,"[0.6014090517878816, 0.8253297621455221]",-1,-1
3645,[0.13770767 0.50352466],42,52,"[0.10837107196086664, 0.5019908555728455]",113,-1
3646,[0.62205967 0.72295222],3,27,"[0.6091441642186142, 0.7391629772413223]",102,36
3647,[0.23773776 0.17552231],79,54,"[0.23065754032548644, 0.16311462163198792]",104,-1
3648,[0.79673057 0.89789562],52,95,"[0.8179696228241676, 0.8855176666788548]",-1,-1
3649,[0.20221411 0.20425189],90,20,"[0.18106142669570233, 0.20480546739290073]",104,42
3650,[0.5253349  0.13493041],18,69,"[0.5153460121236064, 0.11707314703881673]",110,-1
3651,[0.77240792 0.57492058],82,49,"[0.7597872492020543, 0.528305606483068]",-1,-1
3652,[0.2909478  0.54593122],73,24,"[0.2575895391106446, 0.5636151717894005]",113,-1
3653,[0.52437363 0.28591315],63,17,"[0.5266584783397147, 0.2925234389366824]",110,-1
3654,[0.2139621  0.54162207],87,35,"[0.18006516204956544, 0.5309482406934538]",113,-1
3655,[0.18612538 0.51173745],42,35,"[0.18006516204956544, 0.5309482406934538]",113,-1
3656,[0.20979601 0.55973942],7,35,"[0.18006516204956544, 0.5309482406934538]",113,-1
3657,[0.66973788 0.60379597],12,80,"[0.6893002767673785, 0.5852948461925299]",30,1
3658,[0.81677364 0.83318339],52,48,"[0.8063574629792128, 0.8028480378432847]",67,-1
3659,[0.64912507 0.78762218],3,6,"[0.6704818259566957, 0.7868874266118806]",102,-1
3660,[0.46063428 0.68078519],9,88,"[0.49693056847195605, 0.6857701176055397]",-1,-1
3661,[0.54635865 0.29264811],6,17,"[0.5266584783397147, 0.2925234389366824]",110,48
3662,[0.13877162 0.81567121],64,78,"[0.17639698191982223, 0.8335029307302414]",-1,-1
3663,[0.12507794 0.49254699],42,52,"[0.10837107196086664, 0.5019908555728455]",113,-1
3664,[0.11408585 0.64130427],15,72,"[0.13389630971446978, 0.6701017461857026]",-1,-1
3665,[0.16893225 0.17689966],66,7,"[0.16040334011861732, 0.1583747599262833]",104,42
3666,[0.55542001 0.5568224 ],16,38,"[0.5222833502418962, 0.5760861920194034]",80,30
3667,[0.44741436 0.60053369],9,18,"[0.4095647158889755, 0.6213093728466221]",-1,-1
3668,[0.20669706 0.49745286],94,3,"[0.22590404659055946, 0.4809143921482596]",113,81
3669,[0.19547393 0.14517433],67,7,"[0.16040334011861732, 0.1583747599262833]",104,-1
3670,[0.82975925 0.71884543],50,65,"[0.8683963995203289, 0.7186203255414056]",-1,-1
3671,[0.20432647 0.43384248],78,14,"[0.16635912736795258, 0.4532667183848064]",113,-1
3672,[0.15328129 0.54952805],87,35,"[0.18006516204956544, 0.5309482406934538]",113,64
3673,[0.24347775 0.69948378],25,81,"[0.2526303993585153, 0.7288181375759063]",113,-1
3674,[0.59699787 0.1681452 ],71,55,"[0.6160291566716146, 0.18582080836242268]",110,-1
3675,[0.32309064 0.15163738],1,29,"[0.29724643836137565, 0.21152192866347855]",-1,-1
3676,[0.14716216 0.44882202],42,14,"[0.16635912736795258, 0.4532667183848064]",113,-1
3677,[0.64000996 0.38089851],72,46,"[0.6818606004752428, 0.39460805157892936]",38,-1
3678,[0.4340493  0.34093326],70,13,"[0.3772074110661572, 0.3667665336396509]",-1,-1
3679,[0.42038991 0.20805279],97,40,"[0.4428604662933861, 0.22666876085097074]",110,63
3680,[0.68577024 0.32475419],85,36,"[0.718962763471204, 0.2995127644433783]",-1,-1
3681,[0.08465222 0.89142893],21,47,"[0.12002015978901225, 0.8781802626724163]",7,-1
3682,[0.71869269 0.77136163],91,16,"[0.7557129160895149, 0.7610612683801858]",102,56
3683,[0.14814558 0.77961437],58,42,"[0.17164193172035744, 0.7477907034099851]",-1,-1
3684,[0.33459782 0.26334561],17,44,"[0.34401211644161456, 0.2727474001163449]",76,17
3685,[0.57765507 0.90247746],45,89,"[0.5577955894805164, 0.8749894575544954]",-1,-1
3686,[0.53575092 0.67406779],81,28,"[0.572088563242004, 0.6648723747855627]",-1,-1
3687,[0.32932741 0.79721861],23,82,"[0.32758089961125464, 0.809330839306685]",82,-1
3688,[0.44659571 0.83609974],24,41,"[0.4045860819360065, 0.8451095848913467]",-1,-1
3689,[0.13005522 0.89016737],21,47,"[0.12002015978901225, 0.8781802626724163]",-1,-1
3690,[0.7045296 0.2119804],86,33,"[0.712147299809196, 0.21396583181069667]",36,6
3691,[0.18103387 0.30451059],83,19,"[0.1752933885253929, 0.2769931075732081]",104,-1
3692,[0.3263351  0.46356038],48,2,"[0.2982944979771574, 0.4928881704977565]",-1,-1
3693,[0.33056491 0.50804266],69,2,"[0.2982944979771574, 0.4928881704977565]",113,-1
3694,[0.3541524 0.6121122],54,5,"[0.3369928142177202, 0.5813431770807651]",113,84
3695,[0.23135804 0.45918604],77,3,"[0.22590404659055946, 0.4809143921482596]",113,81
3696,[0.37911299 0.60250639],54,18,"[0.4095647158889755, 0.6213093728466221]",113,84
3697,[0.45532694 0.07722817],29,15,"[0.4480198330140321, 0.13770311065471516]",-1,-1
3698,[0.19096274 0.62359934],0,70,"[0.16883511008014604, 0.6108734061004485]",113,-1
3699,[0.21582393 0.52204768],78,35,"[0.18006516204956544, 0.5309482406934538]",113,81
3700,[0.57704519 0.87292656],31,89,"[0.5577955894805164, 0.8749894575544954]",-1,-1
3701,[0.29143076 0.70320206],13,8,"[0.29185823944997474, 0.6822630454364129]",113,-1
3702,[0.166411   0.76653374],58,42,"[0.17164193172035744, 0.7477907034099851]",-1,-1
3703,[0.49770013 0.3385214 ],63,17,"[0.5266584783397147, 0.2925234389366824]",-1,-1
3704,[0.79490384 0.81737352],26,48,"[0.8063574629792128, 0.8028480378432847]",-1,-1
3705,[0.18868745 0.4672234 ],34,14,"[0.16635912736795258, 0.4532667183848064]",113,81
3706,[0.69033698 0.83091479],31,75,"[0.7159769487757391, 0.8473248623765012]",102,-1
3707,[0.69597747 0.2098026 ],93,33,"[0.712147299809196, 0.21396583181069667]",36,-1
3708,[0.78418272 0.54680581],82,49,"[0.7597872492020543, 0.528305606483068]",49,10
3709,[0.85156587 0.74778916],52,65,"[0.8683963995203289, 0.7186203255414056]",-1,-1
3710,[0.71665167 0.76829769],50,16,"[0.7557129160895149, 0.7610612683801858]",102,56
3711,[0.3163916  0.46547946],8,2,"[0.2982944979771574, 0.4928881704977565]",113,-1
3712,[0.62703073 0.319678  ],22,56,"[0.6228765219922414, 0.3379402254620158]",-1,-1
3713,[0.90254463 0.71251453],56,65,"[0.8683963995203289, 0.7186203255414056]",-1,-1
3714,[0.87045477 0.8991809 ],26,95,"[0.8179696228241676, 0.8855176666788548]",-1,-1
3715,[0.13217897 0.52345005],94,52,"[0.10837107196086664, 0.5019908555728455]",-1,-1
3716,[0.17131793 0.63039434],15,70,"[0.16883511008014604, 0.6108734061004485]",113,43
3717,[0.19887402 0.52601718],8,35,"[0.18006516204956544, 0.5309482406934538]",113,81
3718,[0.31793132 0.68018671],14,8,"[0.29185823944997474, 0.6822630454364129]",113,83
3719,[0.43747683 0.83014631],10,41,"[0.4045860819360065, 0.8451095848913467]",113,-1
3720,[0.66337627 0.46955169],35,66,"[0.6892424870002536, 0.4809362987183399]",-1,-1
3721,[0.31352284 0.53048731],8,2,"[0.2982944979771574, 0.4928881704977565]",113,78
3722,[0.53500018 0.38465144],33,23,"[0.5544996285461486, 0.3649814617648961]",110,54
3723,[0.7066253  0.70367466],50,11,"[0.7285416878591984, 0.7120527989062413]",102,-1
3724,[0.2128877  0.50289001],42,3,"[0.22590404659055946, 0.4809143921482596]",113,81
3725,[0.23352647 0.55650316],8,24,"[0.2575895391106446, 0.5636151717894005]",113,-1
3726,[0.40591197 0.6314305 ],54,18,"[0.4095647158889755, 0.6213093728466221]",113,84
3727,[0.12807176 0.67309664],15,72,"[0.13389630971446978, 0.6701017461857026]",58,-1
3728,[0.87593707 0.62146106],27,83,"[0.9023954923676734, 0.6253829621221342]",-1,-1
3729,[0.30419378 0.70534337],51,8,"[0.29185823944997474, 0.6822630454364129]",113,79
3730,[0.83742214 0.17885396],93,93,"[0.8175047550160816, 0.1805576480903363]",-1,-1
3731,[0.20045437 0.4664669 ],34,3,"[0.22590404659055946, 0.4809143921482596]",113,81
3732,[0.4374548 0.8109019],41,22,"[0.4053244070468948, 0.7892325425819533]",113,71
3733,[0.58843986 0.70897799],81,27,"[0.6091441642186142, 0.7391629772413223]",-1,-1
3734,[0.61604825 0.64279264],40,60,"[0.6482027966760067, 0.6653053686977741]",-1,-1
3735,[0.80975471 0.73765316],32,16,"[0.7557129160895149, 0.7610612683801858]",-1,-1
3736,[0.42651622 0.22226009],61,40,"[0.4428604662933861, 0.22666876085097074]",110,-1
3737,[0.60049235 0.3464496 ],63,56,"[0.6228765219922414, 0.3379402254620158]",110,-1
3738,[0.27670947 0.51164654],8,2,"[0.2982944979771574, 0.4928881704977565]",113,81
3739,[0.64098205 0.56282446],12,80,"[0.6893002767673785, 0.5852948461925299]",-1,-1
3740,[0.67168271 0.21622175],30,33,"[0.712147299809196, 0.21396583181069667]",-1,-1
3741,[0.47601377 0.11160795],18,15,"[0.4480198330140321, 0.13770311065471516]",110,51
3742,[0.42692577 0.63195057],9,18,"[0.4095647158889755, 0.6213093728466221]",-1,-1
3743,[0.32939896 0.67195504],13,12,"[0.3563557933558874, 0.6600167756750083]",113,-1
3744,[0.5932179  0.17451897],71,55,"[0.6160291566716146, 0.18582080836242268]",-1,-1
3745,[0.47341754 0.84554056],23,63,"[0.4663233365844979, 0.874422196988726]",-1,-1
3746,[0.54734744 0.35900373],6,23,"[0.5544996285461486, 0.3649814617648961]",110,53
3747,[0.87952078 0.60266999],4,83,"[0.9023954923676734, 0.6253829621221342]",-1,22
3748,[0.38381982 0.8815073 ],10,41,"[0.4045860819360065, 0.8451095848913467]",-1,-1
3749,[0.86837342 0.60647672],27,43,"[0.8559722074695512, 0.5768738433864216]",99,22
3750,[0.84150214 0.56811206],4,43,"[0.8559722074695512, 0.5768738433864216]",-1,-1
3751,[0.57870708 0.26077767],63,58,"[0.5903496421521437, 0.26872112132208276]",-1,-1
3752,[0.62837109 0.78011913],91,6,"[0.6704818259566957, 0.7868874266118806]",102,-1
3753,[0.10190907 0.1300301 ],79,86,"[0.10460029415455299, 0.15390780514892627]",97,-1
3754,[0.30805839 0.59050702],51,5,"[0.3369928142177202, 0.5813431770807651]",113,-1
3755,[0.37727685 0.65516738],51,12,"[0.3563557933558874, 0.6600167756750083]",113,77
3756,[0.53605981 0.32416879],33,17,"[0.5266584783397147, 0.2925234389366824]",110,-1
3757,[0.89686405 0.30629468],37,84,"[0.8747370333854485, 0.3299307577245935]",25,-1
3758,[0.65690431 0.41372384],44,46,"[0.6818606004752428, 0.39460805157892936]",43,4
3759,[0.67696131 0.61543961],11,80,"[0.6893002767673785, 0.5852948461925299]",30,1
3760,[0.67276031 0.59639392],11,80,"[0.6893002767673785, 0.5852948461925299]",-1,-1
3761,[0.61017573 0.30709527],72,56,"[0.6228765219922414, 0.3379402254620158]",-1,-1
3762,[0.15785581 0.14765993],66,7,"[0.16040334011861732, 0.1583747599262833]",104,42
3763,[0.39307746 0.25584711],17,44,"[0.34401211644161456, 0.2727474001163449]",53,-1
3764,[0.35653163 0.72689233],13,26,"[0.34140158523352676, 0.7415276229463709]",113,-1
3765,[0.82531777 0.61819638],82,25,"[0.8290893185566872, 0.6663325003431528]",99,22
3766,[0.81016418 0.67333628],56,25,"[0.8290893185566872, 0.6663325003431528]",-1,-1
3767,[0.59602514 0.64541323],40,28,"[0.572088563242004, 0.6648723747855627]",81,29
3768,[0.18821723 0.16551976],66,7,"[0.16040334011861732, 0.1583747599262833]",104,42
3769,[0.17062724 0.28210349],36,19,"[0.1752933885253929, 0.2769931075732081]",104,42
3770,[0.46153772 0.71728651],9,88,"[0.49693056847195605, 0.6857701176055397]",-1,-1
3771,[0.3676508  0.40057296],55,13,"[0.3772074110661572, 0.3667665336396509]",113,-1
3772,[0.26211612 0.44043673],99,0,"[0.24505961735590134, 0.40258348756972934]",113,81
3773,[0.73123535 0.16450837],93,62,"[0.7592128314241189, 0.15406303015764497]",36,-1
3774,[0.58867745 0.88758476],45,89,"[0.5577955894805164, 0.8749894575544954]",-1,-1
3775,[0.40582635 0.64042295],51,18,"[0.4095647158889755, 0.6213093728466221]",113,-1
3776,[0.41541949 0.57119686],51,67,"[0.39991637370105465, 0.5429488636659977]",-1,-1
3777,[0.60277189 0.32979987],6,56,"[0.6228765219922414, 0.3379402254620158]",110,-1
3778,[0.25015493 0.68207234],25,8,"[0.29185823944997474, 0.6822630454364129]",113,-1
3779,[0.40041117 0.2057233 ],92,4,"[0.3827392388806571, 0.18315480574773338]",110,63
3780,[0.64024599 0.71559104],59,27,"[0.6091441642186142, 0.7391629772413223]",102,-1
3781,[0.64899099 0.88856663],31,74,"[0.6387846519793019, 0.8886269005667045]",63,-1
3782,[0.72046461 0.29546569],30,36,"[0.718962763471204, 0.2995127644433783]",-1,-1
3783,[0.35490476 0.17434084],92,4,"[0.3827392388806571, 0.18315480574773338]",110,45
3784,[0.27596425 0.65207841],98,8,"[0.29185823944997474, 0.6822630454364129]",113,-1
3785,[0.77360375 0.2274517 ],30,9,"[0.7745160189749856, 0.22813324751878863]",36,12
3786,[0.43300444 0.19621407],97,40,"[0.4428604662933861, 0.22666876085097074]",110,-1
3787,[0.60618768 0.7060382 ],40,27,"[0.6091441642186142, 0.7391629772413223]",102,36
3788,[0.15236816 0.82993473],21,78,"[0.17639698191982223, 0.8335029307302414]",59,9
3789,[0.21506818 0.76659759],64,42,"[0.17164193172035744, 0.7477907034099851]",-1,-1
3790,[0.07810755 0.91537932],21,47,"[0.12002015978901225, 0.8781802626724163]",-1,-1
3791,[0.38805868 0.62559304],51,18,"[0.4095647158889755, 0.6213093728466221]",113,-1
3792,[0.73497879 0.28433812],38,36,"[0.718962763471204, 0.2995127644433783]",36,11
3793,[0.34981219 0.3829495 ],48,13,"[0.3772074110661572, 0.3667665336396509]",113,81
3794,[0.68772779 0.71476947],59,11,"[0.7285416878591984, 0.7120527989062413]",102,-1
3795,[0.64121325 0.35915166],85,56,"[0.6228765219922414, 0.3379402254620158]",-1,-1
3796,[0.12986821 0.1535432 ],66,86,"[0.10460029415455299, 0.15390780514892627]",104,42
3797,[0.19550481 0.08175286],79,73,"[0.15159497202623598, 0.099534542862727]",-1,-1
3798,[0.28088341 0.67054405],98,8,"[0.29185823944997474, 0.6822630454364129]",113,-1
3799,[0.54289257 0.55037367],16,38,"[0.5222833502418962, 0.5760861920194034]",80,-1
3800,[0.47459429 0.79203246],88,51,"[0.47563858561263794, 0.7978986338068428]",113,-1
3801,[0.27917588 0.50710647],5,2,"[0.2982944979771574, 0.4928881704977565]",113,81
3802,[0.73465141 0.21284738],57,33,"[0.712147299809196, 0.21396583181069667]",36,12
3803,[0.42179672 0.81799867],24,41,"[0.4045860819360065, 0.8451095848913467]",113,-1
3804,[0.34130282 0.64953061],51,12,"[0.3563557933558874, 0.6600167756750083]",113,-1
3805,[0.62017968 0.87385914],53,74,"[0.6387846519793019, 0.8886269005667045]",-1,-1
3806,[0.28755636 0.46361631],55,2,"[0.2982944979771574, 0.4928881704977565]",113,-1
3807,[0.92863551 0.60738694],4,83,"[0.9023954923676734, 0.6253829621221342]",-1,-1
3808,[0.64040039 0.84499934],31,74,"[0.6387846519793019, 0.8886269005667045]",102,-1
3809,[0.65082059 0.92089954],31,74,"[0.6387846519793019, 0.8886269005667045]",-1,-1
3810,[0.49578999 0.59656266],16,38,"[0.5222833502418962, 0.5760861920194034]",-1,-1
3811,[0.465671   0.83012884],24,51,"[0.47563858561263794, 0.7978986338068428]",-1,-1
3812,[0.63957965 0.66130878],81,60,"[0.6482027966760067, 0.6653053686977741]",102,-1
3813,[0.15648686 0.69839766],0,72,"[0.13389630971446978, 0.6701017461857026]",37,-1
3814,[0.4671574  0.13702906],29,15,"[0.4480198330140321, 0.13770311065471516]",110,-1
3815,[0.48018045 0.9045427 ],24,63,"[0.4663233365844979, 0.874422196988726]",-1,-1
3816,[0.38179311 0.59076171],62,18,"[0.4095647158889755, 0.6213093728466221]",113,-1
3817,[0.54618346 0.11715604],71,69,"[0.5153460121236064, 0.11707314703881673]",-1,-1
3818,[0.29514277 0.37630688],55,1,"[0.31345252476490787, 0.39568681619531276]",113,81
3819,[0.79300964 0.75402764],26,16,"[0.7557129160895149, 0.7610612683801858]",102,-1
3820,[0.22106418 0.14216418],66,54,"[0.23065754032548644, 0.16311462163198792]",-1,-1
3821,[0.3376952  0.76847527],84,26,"[0.34140158523352676, 0.7415276229463709]",113,-1
3822,[0.18677573 0.45314737],94,14,"[0.16635912736795258, 0.4532667183848064]",113,81
3823,[0.26448304 0.42478379],99,0,"[0.24505961735590134, 0.40258348756972934]",113,81
3824,[0.44112805 0.87306256],41,63,"[0.4663233365844979, 0.874422196988726]",93,23
3825,[0.17029109 0.82124604],58,78,"[0.17639698191982223, 0.8335029307302414]",59,9
3826,[0.61054383 0.12796436],80,37,"[0.590787313093903, 0.1287873361919935]",110,-1
3827,[0.55297174 0.69131035],81,28,"[0.572088563242004, 0.6648723747855627]",69,26
3828,[0.71550884 0.18376978],93,33,"[0.712147299809196, 0.21396583181069667]",36,6
3829,[0.77828016 0.55247587],11,49,"[0.7597872492020543, 0.528305606483068]",49,10
3830,[0.62668842 0.89556711],45,74,"[0.6387846519793019, 0.8886269005667045]",91,14
3831,[0.37876386 0.7429107 ],9,59,"[0.4102385111598612, 0.7308207375545044]",113,67
3832,[0.17694087 0.53681193],7,35,"[0.18006516204956544, 0.5309482406934538]",-1,-1
3833,[0.3380237  0.39400138],48,1,"[0.31345252476490787, 0.39568681619531276]",113,81
3834,[0.36342057 0.38353652],70,13,"[0.3772074110661572, 0.3667665336396509]",113,81
3835,[0.31808221 0.69879655],84,8,"[0.29185823944997474, 0.6822630454364129]",113,79
3836,[0.27438962 0.54184182],78,24,"[0.2575895391106446, 0.5636151717894005]",113,78
3837,[0.55491959 0.35425257],72,23,"[0.5544996285461486, 0.3649814617648961]",110,53
3838,[0.38311073 0.67117835],54,12,"[0.3563557933558874, 0.6600167756750083]",113,77
3839,[0.18861689 0.50391502],7,35,"[0.18006516204956544, 0.5309482406934538]",113,-1
3840,[0.52615472 0.56745792],16,38,"[0.5222833502418962, 0.5760861920194034]",80,31
3841,[0.16209967 0.19266519],95,20,"[0.18106142669570233, 0.20480546739290073]",104,42
3842,[0.42631209 0.0905693 ],46,15,"[0.4480198330140321, 0.13770311065471516]",-1,-1
3843,[0.44492377 0.87841002],10,63,"[0.4663233365844979, 0.874422196988726]",93,23
3844,[0.59852529 0.24907476],22,58,"[0.5903496421521437, 0.26872112132208276]",110,-1
3845,[0.5712906  0.09898341],18,37,"[0.590787313093903, 0.1287873361919935]",-1,-1
3846,[0.51915338 0.81961289],24,51,"[0.47563858561263794, 0.7978986338068428]",6,-1
3847,[0.23356291 0.51959638],7,3,"[0.22590404659055946, 0.4809143921482596]",113,-1
3848,[0.32350506 0.36699482],48,1,"[0.31345252476490787, 0.39568681619531276]",113,-1
3849,[0.79421141 0.24917598],93,9,"[0.7745160189749856, 0.22813324751878863]",36,-1
3850,[0.68394591 0.24160293],57,33,"[0.712147299809196, 0.21396583181069667]",-1,-1
3851,[0.68201889 0.78992672],53,6,"[0.6704818259566957, 0.7868874266118806]",102,50
3852,[0.39941969 0.70605451],9,59,"[0.4102385111598612, 0.7308207375545044]",-1,-1
3853,[0.5608286  0.33057772],22,23,"[0.5544996285461486, 0.3649814617648961]",110,-1
3854,[0.80933504 0.836382  ],52,48,"[0.8063574629792128, 0.8028480378432847]",67,-1
3855,[0.83163149 0.38888977],39,85,"[0.8330047067228752, 0.39861674914336154]",-1,-1
3856,[0.81616726 0.61304308],4,53,"[0.7681832820464827, 0.6327372104307392]",99,-1
3857,[0.41240793 0.65032027],51,18,"[0.4095647158889755, 0.6213093728466221]",-1,-1
3858,[0.20352708 0.52684125],7,35,"[0.18006516204956544, 0.5309482406934538]",113,81
3859,[0.50146591 0.30277983],6,17,"[0.5266584783397147, 0.2925234389366824]",-1,-1
3860,[0.2553513  0.32128829],55,21,"[0.24089021291760518, 0.30160856093346966]",62,-1
3861,[0.44240058 0.20535749],61,40,"[0.4428604662933861, 0.22666876085097074]",110,63
3862,[0.08711868 0.50766321],96,52,"[0.10837107196086664, 0.5019908555728455]",-1,-1
3863,[0.45092434 0.2123015 ],97,40,"[0.4428604662933861, 0.22666876085097074]",110,-1
3864,[0.89855619 0.59308682],4,83,"[0.9023954923676734, 0.6253829621221342]",15,-1
3865,[0.47376486 0.17142362],97,10,"[0.4982904339105401, 0.17462697492844612]",110,63
3866,[0.73428112 0.73854544],59,11,"[0.7285416878591984, 0.7120527989062413]",102,57
3867,[0.38032739 0.86991845],10,41,"[0.4045860819360065, 0.8451095848913467]",-1,-1
3868,[0.15713042 0.44102117],96,14,"[0.16635912736795258, 0.4532667183848064]",113,-1
3869,[0.60076747 0.84566216],53,45,"[0.6014090517878816, 0.8253297621455221]",85,-1
3870,[0.37897968 0.65995785],51,12,"[0.3563557933558874, 0.6600167756750083]",113,77
3871,[0.16249163 0.78764042],64,42,"[0.17164193172035744, 0.7477907034099851]",59,-1
3872,[0.17759123 0.16269475],20,7,"[0.16040334011861732, 0.1583747599262833]",104,42
3873,[0.6173456  0.15193057],80,55,"[0.6160291566716146, 0.18582080836242268]",110,38
3874,[0.8580871  0.69243648],27,65,"[0.8683963995203289, 0.7186203255414056]",98,24
3875,[0.14354621 0.66907547],0,72,"[0.13389630971446978, 0.6701017461857026]",58,-1
3876,[0.41171455 0.1551031 ],61,15,"[0.4480198330140321, 0.13770311065471516]",110,-1
3877,[0.08611891 0.82016599],58,71,"[0.10117111935954111, 0.7754028082579668]",-1,-1
3878,[0.63484133 0.81137726],53,45,"[0.6014090517878816, 0.8253297621455221]",102,40
3879,[0.78445035 0.29129148],57,39,"[0.7929729113380171, 0.306282578754693]",36,8
3880,[0.71862661 0.43203646],35,79,"[0.7440923457598303, 0.4172681159825393]",43,4
3881,[0.30904247 0.5278048 ],8,2,"[0.2982944979771574, 0.4928881704977565]",113,78
3882,[0.15409108 0.24851899],95,19,"[0.1752933885253929, 0.2769931075732081]",104,42
3883,[0.12474605 0.52540453],87,52,"[0.10837107196086664, 0.5019908555728455]",113,-1
3884,[0.13251485 0.26657551],47,19,"[0.1752933885253929, 0.2769931075732081]",61,-1
3885,[0.43734004 0.144957  ],29,15,"[0.4480198330140321, 0.13770311065471516]",110,63
3886,[0.7336882  0.28606487],30,36,"[0.718962763471204, 0.2995127644433783]",36,11
3887,[0.87771438 0.36190216],37,84,"[0.8747370333854485, 0.3299307577245935]",24,-1
3888,[0.23955335 0.40566136],94,0,"[0.24505961735590134, 0.40258348756972934]",113,81
3889,[0.34816972 0.71698839],13,26,"[0.34140158523352676, 0.7415276229463709]",113,76
3890,[0.67837637 0.16878363],80,90,"[0.6807795084802507, 0.1410405480143203]",-1,-1
3891,[0.8656934  0.32880073],37,84,"[0.8747370333854485, 0.3299307577245935]",25,2
3892,[0.46105966 0.81958176],88,51,"[0.47563858561263794, 0.7978986338068428]",-1,-1
3893,[0.56239266 0.89327123],45,89,"[0.5577955894805164, 0.8749894575544954]",-1,-1
3894,[0.53350409 0.18048464],29,31,"[0.5509259779365981, 0.20365500329799469]",110,-1
3895,[0.28652508 0.34054727],55,21,"[0.24089021291760518, 0.30160856093346966]",-1,-1
3896,[0.4586024  0.26331757],61,40,"[0.4428604662933861, 0.22666876085097074]",-1,-1
3897,[0.48770311 0.21373285],61,10,"[0.4982904339105401, 0.17462697492844612]",-1,-1
3898,[0.41987413 0.64532503],9,18,"[0.4095647158889755, 0.6213093728466221]",-1,-1
3899,[0.30306409 0.45518476],99,2,"[0.2982944979771574, 0.4928881704977565]",113,-1
3900,[0.58300147 0.58608668],12,30,"[0.5893115951066175, 0.5856347360021498]",77,28
3901,[0.54580137 0.651976  ],74,28,"[0.572088563242004, 0.6648723747855627]",69,-1
3902,[0.31407974 0.37023071],65,1,"[0.31345252476490787, 0.39568681619531276]",113,-1
3903,[0.55196035 0.49289509],16,68,"[0.5421113451424038, 0.49916034700705]",-1,-1
3904,[0.66410578 0.91192772],31,74,"[0.6387846519793019, 0.8886269005667045]",-1,-1
3905,[0.4901348  0.80221274],88,51,"[0.47563858561263794, 0.7978986338068428]",-1,-1
3906,[0.43371437 0.09878433],29,15,"[0.4480198330140321, 0.13770311065471516]",-1,-1
3907,[0.567447   0.61301985],81,30,"[0.5893115951066175, 0.5856347360021498]",81,-1
3908,[0.63056672 0.81268276],53,45,"[0.6014090517878816, 0.8253297621455221]",102,40
3909,[0.55643877 0.66612234],12,28,"[0.572088563242004, 0.6648723747855627]",69,26
3910,[0.33293059 0.5319362 ],54,5,"[0.3369928142177202, 0.5813431770807651]",113,72
3911,[0.40923149 0.40290775],70,13,"[0.3772074110661572, 0.3667665336396509]",-1,-1
3912,[0.38785209 0.35943553],65,13,"[0.3772074110661572, 0.3667665336396509]",113,-1
3913,[0.32143391 0.21432081],68,29,"[0.29724643836137565, 0.21152192866347855]",110,-1
3914,[0.21683192 0.18381732],68,54,"[0.23065754032548644, 0.16311462163198792]",104,42
3915,[0.23071596 0.2177234 ],95,34,"[0.22317706824250913, 0.23387943431995686]",104,42
3916,[0.26373544 0.53033864],8,24,"[0.2575895391106446, 0.5636151717894005]",113,81
3917,[0.34618588 0.71148596],51,26,"[0.34140158523352676, 0.7415276229463709]",113,76
3918,[0.6158193  0.15626847],80,55,"[0.6160291566716146, 0.18582080836242268]",110,37
3919,[0.80905788 0.84423958],52,48,"[0.8063574629792128, 0.8028480378432847]",56,-1
3920,[0.56808284 0.68464   ],40,28,"[0.572088563242004, 0.6648723747855627]",69,26
3921,[0.36971985 0.24613589],17,44,"[0.34401211644161456, 0.2727474001163449]",110,-1
3922,[0.19408652 0.49489282],34,3,"[0.22590404659055946, 0.4809143921482596]",113,-1
3923,[0.32187483 0.74960435],98,26,"[0.34140158523352676, 0.7415276229463709]",-1,-1
3924,[0.30927993 0.22643514],2,29,"[0.29724643836137565, 0.21152192866347855]",-1,-1
3925,[0.14657843 0.45680359],96,14,"[0.16635912736795258, 0.4532667183848064]",113,69
3926,[0.4450343 0.1359936],29,15,"[0.4480198330140321, 0.13770311065471516]",110,-1
3927,[0.58636284 0.81957465],45,45,"[0.6014090517878816, 0.8253297621455221]",102,-1
3928,[0.86004582 0.81354291],52,50,"[0.8669550309977382, 0.8414428333530212]",54,15
3929,[0.13051755 0.53366626],8,52,"[0.10837107196086664, 0.5019908555728455]",113,-1
3930,[0.83717403 0.83245706],52,50,"[0.8669550309977382, 0.8414428333530212]",67,16
3931,[0.35036321 0.14468915],2,92,"[0.3725508188236613, 0.1071489353939289]",-1,-1
3932,[0.52544331 0.69263573],9,88,"[0.49693056847195605, 0.6857701176055397]",-1,-1
3933,[0.41373867 0.62139909],54,18,"[0.4095647158889755, 0.6213093728466221]",113,84
3934,[0.49990696 0.1249027 ],18,69,"[0.5153460121236064, 0.11707314703881673]",110,-1
3935,[0.32808439 0.66050011],14,12,"[0.3563557933558874, 0.6600167756750083]",113,-1
3936,[0.38286211 0.61429122],69,18,"[0.4095647158889755, 0.6213093728466221]",113,84
3937,[0.78506515 0.21753848],57,9,"[0.7745160189749856, 0.22813324751878863]",36,12
3938,[0.55559156 0.29866716],63,17,"[0.5266584783397147, 0.2925234389366824]",110,48
3939,[0.09323283 0.80476497],64,71,"[0.10117111935954111, 0.7754028082579668]",74,-1
3940,[0.3917116  0.17175184],46,4,"[0.3827392388806571, 0.18315480574773338]",110,62
3941,[0.19197885 0.23866975],68,34,"[0.22317706824250913, 0.23387943431995686]",104,42
3942,[0.77862133 0.60385686],27,53,"[0.7681832820464827, 0.6327372104307392]",28,13
3943,[0.31379236 0.18853398],2,29,"[0.29724643836137565, 0.21152192866347855]",-1,-1
3944,[0.62646304 0.85805557],45,74,"[0.6387846519793019, 0.8886269005667045]",102,-1
3945,[0.59373758 0.15131463],18,37,"[0.590787313093903, 0.1287873361919935]",-1,-1
3946,[0.67516395 0.40944384],44,46,"[0.6818606004752428, 0.39460805157892936]",-1,-1
3947,[0.56969581 0.28885389],22,58,"[0.5903496421521437, 0.26872112132208276]",-1,-1
3948,[0.20375533 0.45956528],77,3,"[0.22590404659055946, 0.4809143921482596]",113,81
3949,[0.22065863 0.4287399 ],34,0,"[0.24505961735590134, 0.40258348756972934]",113,81
3950,[0.33503484 0.65538221],14,12,"[0.3563557933558874, 0.6600167756750083]",113,83
3951,[0.85124462 0.68152341],56,25,"[0.8290893185566872, 0.6663325003431528]",98,24
3952,[0.38627849 0.80551731],89,22,"[0.4053244070468948, 0.7892325425819533]",113,71
3953,[0.21491929 0.25933688],36,34,"[0.22317706824250913, 0.23387943431995686]",104,42
3954,[0.31051379 0.77735052],84,82,"[0.32758089961125464, 0.809330839306685]",83,-1
3955,[0.19918308 0.75092139],84,42,"[0.17164193172035744, 0.7477907034099851]",88,-1
3956,[0.64046641 0.10079006],71,90,"[0.6807795084802507, 0.1410405480143203]",-1,-1
3957,[0.21323489 0.47760613],7,3,"[0.22590404659055946, 0.4809143921482596]",113,81
3958,[0.09794616 0.79939839],64,71,"[0.10117111935954111, 0.7754028082579668]",74,20
3959,[0.26575647 0.55978928],5,24,"[0.2575895391106446, 0.5636151717894005]",-1,-1
3960,[0.67991149 0.60310017],11,80,"[0.6893002767673785, 0.5852948461925299]",30,-1
3961,[0.5303836  0.21743264],22,31,"[0.5509259779365981, 0.20365500329799469]",110,60
3962,[0.8065631  0.45839632],82,61,"[0.8226541227267828, 0.49698240517173836]",-1,-1
3963,[0.33489    0.23285652],17,44,"[0.34401211644161456, 0.2727474001163449]",110,-1
3964,[0.48475544 0.14705712],18,10,"[0.4982904339105401, 0.17462697492844612]",110,63
3965,[0.49322783 0.26179975],6,17,"[0.5266584783397147, 0.2925234389366824]",29,-1
3966,[0.19007855 0.7761079 ],64,42,"[0.17164193172035744, 0.7477907034099851]",-1,-1
3967,[0.23375218 0.24930147],36,34,"[0.22317706824250913, 0.23387943431995686]",104,-1
3968,[0.32387912 0.17693737],1,29,"[0.29724643836137565, 0.21152192866347855]",-1,-1
3969,[0.78236809 0.71278659],32,11,"[0.7285416878591984, 0.7120527989062413]",102,-1
3970,[0.73369322 0.64376162],19,53,"[0.7681832820464827, 0.6327372104307392]",39,-1
3971,[0.41862342 0.15618082],97,15,"[0.4480198330140321, 0.13770311065471516]",110,63
3972,[0.16865144 0.22505227],90,20,"[0.18106142669570233, 0.20480546739290073]",104,42
3973,[0.36666102 0.25570428],17,44,"[0.34401211644161456, 0.2727474001163449]",110,-1
3974,[0.13421789 0.21342209],79,57,"[0.11385950246950007, 0.22156166292214274]",104,42
3975,[0.65478093 0.86590507],31,74,"[0.6387846519793019, 0.8886269005667045]",63,-1
3976,[0.23456901 0.4434525 ],99,3,"[0.22590404659055946, 0.4809143921482596]",113,81
3977,[0.53433662 0.30317837],63,17,"[0.5266584783397147, 0.2925234389366824]",110,-1
3978,[0.36071939 0.64360247],51,12,"[0.3563557933558874, 0.6600167756750083]",113,83
3979,[0.57655324 0.29414231],63,58,"[0.5903496421521437, 0.26872112132208276]",110,-1
3980,[0.49247534 0.10763979],29,69,"[0.5153460121236064, 0.11707314703881673]",110,-1
3981,[0.2196799  0.62379774],15,32,"[0.21070106237511496, 0.6599645039522288]",-1,-1
3982,[0.36418338 0.68465626],13,12,"[0.3563557933558874, 0.6600167756750083]",113,-1
3983,[0.61251527 0.413647  ],44,64,"[0.5873954455556146, 0.4184822956881117]",-1,-1
3984,[0.35044989 0.22265976],17,44,"[0.34401211644161456, 0.2727474001163449]",110,-1
3985,[0.58114276 0.51623235],16,68,"[0.5421113451424038, 0.49916034700705]",-1,-1
3986,[0.07202767 0.52578597],87,52,"[0.10837107196086664, 0.5019908555728455]",-1,-1
3987,[0.86359692 0.64208686],4,25,"[0.8290893185566872, 0.6663325003431528]",98,-1
3988,[0.56637158 0.82757561],45,45,"[0.6014090517878816, 0.8253297621455221]",-1,-1
3989,[0.86965173 0.60545841],4,43,"[0.8559722074695512, 0.5768738433864216]",99,22
3990,[0.72084418 0.60845261],11,80,"[0.6893002767673785, 0.5852948461925299]",-1,-1
3991,[0.32151152 0.48682401],99,2,"[0.2982944979771574, 0.4928881704977565]",113,82
3992,[0.46390154 0.22094449],97,40,"[0.4428604662933861, 0.22666876085097074]",110,-1
3993,[0.57959576 0.33994014],72,23,"[0.5544996285461486, 0.3649814617648961]",110,53
3994,[0.66403213 0.24122408],57,33,"[0.712147299809196, 0.21396583181069667]",-1,-1
3995,[0.37026575 0.36614474],70,13,"[0.3772074110661572, 0.3667665336396509]",113,-1
3996,[0.19377092 0.67103173],15,32,"[0.21070106237511496, 0.6599645039522288]",113,43
3997,[0.23961936 0.3462397 ],55,21,"[0.24089021291760518, 0.30160856093346966]",113,-1
3998,[0.43334916 0.2453155 ],97,40,"[0.4428604662933861, 0.22666876085097074]",-1,-1
3999,[0.5284217  0.38948527],76,77,"[0.5067154617511884, 0.39780872086571867]",110,54
4000,[0.23607123 0.32275257],83,21,"[0.24089021291760518, 0.30160856093346966]",62,-1
4001,[0.24137917 0.4617292 ],8,3,"[0.22590404659055946, 0.4809143921482596]",113,81
4002,[0.43128623 0.26782776],17,40,"[0.4428604662933861, 0.22666876085097074]",-1,-1
4003,[0.80367359 0.43318516],39,85,"[0.8330047067228752, 0.39861674914336154]",-1,0
4004,[0.7981186  0.28540186],38,39,"[0.7929729113380171, 0.306282578754693]",36,8
4005,[0.32298788 0.4814342 ],34,2,"[0.2982944979771574, 0.4928881704977565]",113,82
4006,[0.40336522 0.47598774],5,91,"[0.38272617373285694, 0.45406707742979985]",-1,-1
4007,[0.31976299 0.37900005],77,1,"[0.31345252476490787, 0.39568681619531276]",113,-1
4008,[0.3083547  0.73515845],84,26,"[0.34140158523352676, 0.7415276229463709]",113,-1
4009,[0.35189184 0.19834955],17,4,"[0.3827392388806571, 0.18315480574773338]",110,-1
4010,[0.26758298 0.323617  ],55,21,"[0.24089021291760518, 0.30160856093346966]",-1,-1
4011,[0.79429736 0.58551108],27,53,"[0.7681832820464827, 0.6327372104307392]",-1,-1
4012,[0.94251446 0.29161393],37,97,"[0.9117696710959879, 0.2607718115134211]",-1,-1
4013,[0.15138599 0.17764938],95,7,"[0.16040334011861732, 0.1583747599262833]",104,42
4014,[0.29229806 0.35327308],43,1,"[0.31345252476490787, 0.39568681619531276]",113,81
4015,[0.5996276  0.38268918],76,64,"[0.5873954455556146, 0.4184822956881117]",-1,-1
4016,[0.21462894 0.25496566],36,34,"[0.22317706824250913, 0.23387943431995686]",104,-1
4017,[0.54964162 0.31404568],63,17,"[0.5266584783397147, 0.2925234389366824]",110,-1
4018,[0.66459504 0.28966473],85,36,"[0.718962763471204, 0.2995127644433783]",-1,-1
4019,[0.42586748 0.19123949],17,40,"[0.4428604662933861, 0.22666876085097074]",110,63
4020,[0.13887608 0.5483603 ],42,35,"[0.18006516204956544, 0.5309482406934538]",-1,-1
4021,[0.33600603 0.63792837],9,12,"[0.3563557933558874, 0.6600167756750083]",113,-1
4022,[0.54426458 0.13276199],18,69,"[0.5153460121236064, 0.11707314703881673]",110,-1
4023,[0.61785601 0.74449286],3,27,"[0.6091441642186142, 0.7391629772413223]",96,-1
4024,[0.58066882 0.20067637],71,31,"[0.5509259779365981, 0.20365500329799469]",110,-1
4025,[0.32045311 0.627964  ],51,12,"[0.3563557933558874, 0.6600167756750083]",113,80
4026,[0.15869002 0.64012214],25,70,"[0.16883511008014604, 0.6108734061004485]",113,-1
4027,[0.49563789 0.11844051],18,69,"[0.5153460121236064, 0.11707314703881673]",110,51
4028,[0.40730782 0.77957713],88,22,"[0.4053244070468948, 0.7892325425819533]",113,71
4029,[0.58922235 0.81696385],53,45,"[0.6014090517878816, 0.8253297621455221]",102,-1
4030,[0.74742343 0.2798164 ],38,36,"[0.718962763471204, 0.2995127644433783]",36,11
4031,[0.24472602 0.5423393 ],5,24,"[0.2575895391106446, 0.5636151717894005]",113,-1
4032,[0.37888851 0.40780512],48,13,"[0.3772074110661572, 0.3667665336396509]",113,-1
4033,[0.60114721 0.13086523],75,37,"[0.590787313093903, 0.1287873361919935]",110,38
4034,[0.38904352 0.77577339],23,22,"[0.4053244070468948, 0.7892325425819533]",113,71
4035,[0.65262032 0.80294964],53,6,"[0.6704818259566957, 0.7868874266118806]",102,-1
4036,[0.45065808 0.86006958],88,63,"[0.4663233365844979, 0.874422196988726]",93,23
4037,[0.58644721 0.13409294],71,37,"[0.590787313093903, 0.1287873361919935]",110,-1
4038,[0.59512871 0.69492908],40,28,"[0.572088563242004, 0.6648723747855627]",-1,-1
4039,[0.14221019 0.19260603],68,7,"[0.16040334011861732, 0.1583747599262833]",104,42
4040,[0.27769964 0.53838003],78,24,"[0.2575895391106446, 0.5636151717894005]",113,78
4041,[0.67907041 0.81007351],45,6,"[0.6704818259566957, 0.7868874266118806]",102,50
4042,[0.6816117  0.29525303],85,36,"[0.718962763471204, 0.2995127644433783]",34,-1
4043,[0.12141415 0.15475039],79,86,"[0.10460029415455299, 0.15390780514892627]",104,42
4044,[0.23200208 0.26888817],83,21,"[0.24089021291760518, 0.30160856093346966]",104,42
4045,[0.35982415 0.31000841],43,44,"[0.34401211644161456, 0.2727474001163449]",-1,-1
4046,[0.3503256  0.41557918],65,1,"[0.31345252476490787, 0.39568681619531276]",113,-1
4047,[0.79451753 0.1964882 ],57,93,"[0.8175047550160816, 0.1805576480903363]",36,-1
4048,[0.23340597 0.28325128],36,21,"[0.24089021291760518, 0.30160856093346966]",104,42
4049,[0.38037209 0.21164336],2,4,"[0.3827392388806571, 0.18315480574773338]",110,63
4050,[0.56873246 0.82809655],53,45,"[0.6014090517878816, 0.8253297621455221]",-1,-1
4051,[0.79066798 0.64659583],27,53,"[0.7681832820464827, 0.6327372104307392]",102,-1
4052,[0.23014034 0.23700785],1,34,"[0.22317706824250913, 0.23387943431995686]",104,42
4053,[0.28794032 0.19436126],1,29,"[0.29724643836137565, 0.21152192866347855]",104,-1
4054,[0.56366966 0.40591715],33,64,"[0.5873954455556146, 0.4184822956881117]",110,-1
4055,[0.0990755  0.80283258],64,71,"[0.10117111935954111, 0.7754028082579668]",74,20
4056,[0.30738626 0.74784408],13,26,"[0.34140158523352676, 0.7415276229463709]",-1,-1
4057,[0.67982359 0.42953658],35,46,"[0.6818606004752428, 0.39460805157892936]",43,4
4058,[0.727199   0.38203326],44,79,"[0.7440923457598303, 0.4172681159825393]",-1,-1
4059,[0.26437135 0.18406067],68,54,"[0.23065754032548644, 0.16311462163198792]",-1,-1
4060,[0.50592775 0.18436011],46,10,"[0.4982904339105401, 0.17462697492844612]",110,63
4061,[0.77677303 0.4598591 ],82,79,"[0.7440923457598303, 0.4172681159825393]",-1,-1
4062,[0.56955171 0.67763718],40,28,"[0.572088563242004, 0.6648723747855627]",69,26
4063,[0.57259871 0.23349151],22,31,"[0.5509259779365981, 0.20365500329799469]",110,-1
4064,[0.08429172 0.36342815],96,76,"[0.1271293063442913, 0.39727223545070534]",-1,-1
4065,[0.3623347  0.32413531],70,13,"[0.3772074110661572, 0.3667665336396509]",-1,-1
4066,[0.36152296 0.1759369 ],2,4,"[0.3827392388806571, 0.18315480574773338]",110,45
4067,[0.42007697 0.62148936],54,18,"[0.4095647158889755, 0.6213093728466221]",113,84
4068,[0.12760827 0.50925035],42,52,"[0.10837107196086664, 0.5019908555728455]",113,-1
4069,[0.55580579 0.13697462],75,37,"[0.590787313093903, 0.1287873361919935]",110,-1
4070,[0.47240304 0.25040911],17,40,"[0.4428604662933861, 0.22666876085097074]",-1,-1
4071,[0.80391791 0.66180866],27,25,"[0.8290893185566872, 0.6663325003431528]",-1,-1
4072,[0.41867011 0.88493236],24,41,"[0.4045860819360065, 0.8451095848913467]",92,-1
4073,[0.47125562 0.18319421],61,10,"[0.4982904339105401, 0.17462697492844612]",110,-1
4074,[0.6944326  0.43915749],35,66,"[0.6892424870002536, 0.4809362987183399]",43,-1
4075,[0.26181593 0.53446104],5,24,"[0.2575895391106446, 0.5636151717894005]",113,81
4076,[0.2252084  0.26171761],83,34,"[0.22317706824250913, 0.23387943431995686]",104,42
4077,[0.5644222  0.20969795],75,31,"[0.5509259779365981, 0.20365500329799469]",110,61
4078,[0.22837908 0.73166225],98,81,"[0.2526303993585153, 0.7288181375759063]",-1,-1
4079,[0.20156723 0.74745931],25,42,"[0.17164193172035744, 0.7477907034099851]",88,-1
4080,[0.23680745 0.48645227],94,3,"[0.22590404659055946, 0.4809143921482596]",113,-1
4081,[0.72064092 0.30933818],85,36,"[0.718962763471204, 0.2995127644433783]",36,-1
4082,[0.5242513  0.15795077],97,10,"[0.4982904339105401, 0.17462697492844612]",110,63
4083,[0.55378409 0.39920885],76,23,"[0.5544996285461486, 0.3649814617648961]",110,53
4084,[0.71034818 0.77824626],60,6,"[0.6704818259566957, 0.7868874266118806]",102,-1
4085,[0.73966561 0.64849403],11,53,"[0.7681832820464827, 0.6327372104307392]",39,-1
4086,[0.20289896 0.65166761],15,32,"[0.21070106237511496, 0.6599645039522288]",113,-1
4087,[0.69745939 0.36723196],85,46,"[0.6818606004752428, 0.39460805157892936]",45,5
4088,[0.430682  0.8211382],41,41,"[0.4045860819360065, 0.8451095848913467]",113,-1
4089,[0.85843773 0.66061065],56,25,"[0.8290893185566872, 0.6663325003431528]",98,25
4090,[0.79020293 0.14145181],49,62,"[0.7592128314241189, 0.15406303015764497]",-1,-1
4091,[0.76108532 0.71936941],50,11,"[0.7285416878591984, 0.7120527989062413]",102,57
4092,[0.22378316 0.67038703],0,32,"[0.21070106237511496, 0.6599645039522288]",113,44
4093,[0.32326307 0.76153708],13,26,"[0.34140158523352676, 0.7415276229463709]",-1,-1
4094,[0.90005755 0.34095175],37,84,"[0.8747370333854485, 0.3299307577245935]",25,-1
4095,[0.59393152 0.69485959],40,28,"[0.572088563242004, 0.6648723747855627]",-1,-1
4096,[0.40752955 0.2016856 ],29,4,"[0.3827392388806571, 0.18315480574773338]",110,63
4097,[0.12220087 0.56419317],87,52,"[0.10837107196086664, 0.5019908555728455]",-1,-1
4098,[0.54527039 0.5666526 ],74,38,"[0.5222833502418962, 0.5760861920194034]",80,-1
4099,[0.80633524 0.30095383],30,39,"[0.7929729113380171, 0.306282578754693]",36,-1
4100,[0.25579092 0.30823423],83,21,"[0.24089021291760518, 0.30160856093346966]",-1,-1
4101,[0.31098061 0.67349963],14,8,"[0.29185823944997474, 0.6822630454364129]",113,-1
4102,[0.56791739 0.56229283],16,30,"[0.5893115951066175, 0.5856347360021498]",80,30
4103,[0.46538309 0.57616417],9,38,"[0.5222833502418962, 0.5760861920194034]",9,-1
4104,[0.53236766 0.14396129],18,69,"[0.5153460121236064, 0.11707314703881673]",110,63
4105,[0.20168462 0.20907541],67,20,"[0.18106142669570233, 0.20480546739290073]",104,42
4106,[0.42960969 0.76997462],41,22,"[0.4053244070468948, 0.7892325425819533]",113,71
4107,[0.29326332 0.32212715],43,21,"[0.24089021291760518, 0.30160856093346966]",-1,-1
4108,[0.6499322  0.13512842],71,90,"[0.6807795084802507, 0.1410405480143203]",-1,-1
4109,[0.19396763 0.40014887],94,0,"[0.24505961735590134, 0.40258348756972934]",-1,-1
4110,[0.87519808 0.67172305],56,25,"[0.8290893185566872, 0.6663325003431528]",98,-1
4111,[0.26254167 0.16125932],1,54,"[0.23065754032548644, 0.16311462163198792]",-1,-1
4112,[0.77559326 0.87474935],26,95,"[0.8179696228241676, 0.8855176666788548]",-1,-1
4113,[0.58196736 0.83694251],53,45,"[0.6014090517878816, 0.8253297621455221]",-1,-1
4114,[0.42166789 0.76389659],23,22,"[0.4053244070468948, 0.7892325425819533]",113,71
4115,[0.5804011  0.27318344],22,58,"[0.5903496421521437, 0.26872112132208276]",-1,-1
4116,[0.84539818 0.83511232],52,50,"[0.8669550309977382, 0.8414428333530212]",67,16
4117,[0.76433649 0.48928434],82,49,"[0.7597872492020543, 0.528305606483068]",-1,-1
4118,[0.33251394 0.2734527 ],17,44,"[0.34401211644161456, 0.2727474001163449]",76,-1
4119,[0.13604968 0.40741529],96,76,"[0.1271293063442913, 0.39727223545070534]",108,-1
4120,[0.87216107 0.30166925],37,84,"[0.8747370333854485, 0.3299307577245935]",25,2
4121,[0.20731441 0.86424343],64,78,"[0.17639698191982223, 0.8335029307302414]",-1,-1
4122,[0.3297809 0.7444092],84,26,"[0.34140158523352676, 0.7415276229463709]",113,-1
4123,[0.30473858 0.35654898],43,1,"[0.31345252476490787, 0.39568681619531276]",113,81
4124,[0.5889476  0.14014752],71,37,"[0.590787313093903, 0.1287873361919935]",110,-1
4125,[0.49447576 0.36982283],6,77,"[0.5067154617511884, 0.39780872086571867]",-1,-1
4126,[0.1714303  0.20312545],20,20,"[0.18106142669570233, 0.20480546739290073]",104,42
4127,[0.18797672 0.1988345 ],67,20,"[0.18106142669570233, 0.20480546739290073]",104,42
4128,[0.11424418 0.43142151],96,76,"[0.1271293063442913, 0.39727223545070534]",-1,-1
4129,[0.10170935 0.47185229],96,52,"[0.10837107196086664, 0.5019908555728455]",-1,-1
4130,[0.14927455 0.17000211],90,7,"[0.16040334011861732, 0.1583747599262833]",104,42
4131,[0.37649386 0.82405114],24,41,"[0.4045860819360065, 0.8451095848913467]",-1,-1
4132,[0.74529629 0.36627823],86,79,"[0.7440923457598303, 0.4172681159825393]",-1,-1
4133,[0.34907759 0.38467051],48,13,"[0.3772074110661572, 0.3667665336396509]",113,81
4134,[0.728947   0.73517346],91,11,"[0.7285416878591984, 0.7120527989062413]",102,57
4135,[0.15913447 0.1306382 ],67,7,"[0.16040334011861732, 0.1583747599262833]",104,-1
4136,[0.57203159 0.43263016],76,64,"[0.5873954455556146, 0.4184822956881117]",105,-1
4137,[0.85964704 0.85729038],52,50,"[0.8669550309977382, 0.8414428333530212]",-1,-1
4138,[0.17399857 0.13641819],79,7,"[0.16040334011861732, 0.1583747599262833]",104,42
4139,[0.47125061 0.10103242],29,15,"[0.4480198330140321, 0.13770311065471516]",-1,-1
4140,[0.53820622 0.3901491 ],76,23,"[0.5544996285461486, 0.3649814617648961]",110,54
4141,[0.08452295 0.90266854],58,47,"[0.12002015978901225, 0.8781802626724163]",7,-1
4142,[0.73997722 0.31197785],30,36,"[0.718962763471204, 0.2995127644433783]",36,-1
4143,[0.34540266 0.80446106],10,82,"[0.32758089961125464, 0.809330839306685]",82,-1
4144,[0.5141735  0.54931114],16,38,"[0.5222833502418962, 0.5760861920194034]",80,-1
4145,[0.67105614 0.72210536],3,11,"[0.7285416878591984, 0.7120527989062413]",-1,-1
4146,[0.20705463 0.28562165],36,19,"[0.1752933885253929, 0.2769931075732081]",104,42
4147,[0.35513109 0.53842782],69,67,"[0.39991637370105465, 0.5429488636659977]",113,-1
4148,[0.89749168 0.27712493],37,97,"[0.9117696710959879, 0.2607718115134211]",-1,-1
4149,[0.31561041 0.40092202],65,1,"[0.31345252476490787, 0.39568681619531276]",113,81
4150,[0.05260691 0.1773681 ],95,86,"[0.10460029415455299, 0.15390780514892627]",-1,-1
4151,[0.42497293 0.17573388],46,4,"[0.3827392388806571, 0.18315480574773338]",110,-1
4152,[0.33680626 0.19368042],17,29,"[0.29724643836137565, 0.21152192866347855]",110,45
4153,[0.66254145 0.86810287],31,74,"[0.6387846519793019, 0.8886269005667045]",63,-1
4154,[0.73512465 0.41940626],44,79,"[0.7440923457598303, 0.4172681159825393]",-1,-1
4155,[0.36765433 0.59814601],69,5,"[0.3369928142177202, 0.5813431770807651]",113,84
4156,[0.24833496 0.63076161],25,32,"[0.21070106237511496, 0.6599645039522288]",-1,-1
4157,[0.73049043 0.55637331],82,49,"[0.7597872492020543, 0.528305606483068]",-1,-1
4158,[0.55926658 0.25387307],6,58,"[0.5903496421521437, 0.26872112132208276]",110,47
4159,[0.6464993  0.90855495],31,74,"[0.6387846519793019, 0.8886269005667045]",-1,-1
4160,[0.5560234  0.67473767],81,28,"[0.572088563242004, 0.6648723747855627]",69,-1
4161,[0.16540665 0.85456995],64,78,"[0.17639698191982223, 0.8335029307302414]",59,9
4162,[0.49073736 0.46345561],76,68,"[0.5421113451424038, 0.49916034700705]",-1,-1
4163,[0.28161382 0.7485559 ],84,81,"[0.2526303993585153, 0.7288181375759063]",-1,-1
4164,[0.15468202 0.10525393],66,73,"[0.15159497202623598, 0.099534542862727]",104,-1
4165,[0.25313659 0.44618067],99,3,"[0.22590404659055946, 0.4809143921482596]",113,81
4166,[0.71106247 0.44756889],44,66,"[0.6892424870002536, 0.4809362987183399]",43,-1
4167,[0.66370339 0.64197024],11,60,"[0.6482027966760067, 0.6653053686977741]",-1,-1
4168,[0.52448701 0.21648614],61,31,"[0.5509259779365981, 0.20365500329799469]",110,60
4169,[0.85681843 0.68466964],27,25,"[0.8290893185566872, 0.6663325003431528]",98,24
4170,[0.93274273 0.38555514],37,96,"[0.9242498114026001, 0.35811950872924947]",-1,-1
4171,[0.89829587 0.90170919],52,50,"[0.8669550309977382, 0.8414428333530212]",-1,-1
4172,[0.78383667 0.72517101],50,16,"[0.7557129160895149, 0.7610612683801858]",102,-1
4173,[0.85333087 0.76859979],32,65,"[0.8683963995203289, 0.7186203255414056]",-1,-1
4174,[0.43328344 0.52472231],54,67,"[0.39991637370105465, 0.5429488636659977]",18,-1
4175,[0.39375332 0.57396478],54,67,"[0.39991637370105465, 0.5429488636659977]",113,-1
4176,[0.46888889 0.17036534],61,10,"[0.4982904339105401, 0.17462697492844612]",110,63
4177,[0.24267928 0.1631071 ],79,54,"[0.23065754032548644, 0.16311462163198792]",103,-1
4178,[0.38023962 0.71602914],14,59,"[0.4102385111598612, 0.7308207375545044]",-1,-1
4179,[0.64646716 0.32557568],85,56,"[0.6228765219922414, 0.3379402254620158]",-1,-1
4180,[0.89684291 0.31228245],37,84,"[0.8747370333854485, 0.3299307577245935]",25,-1
4181,[0.68932964 0.18883327],80,33,"[0.712147299809196, 0.21396583181069667]",33,-1
4182,[0.74543468 0.16504494],38,62,"[0.7592128314241189, 0.15406303015764497]",36,-1
4183,[0.77960682 0.69922707],19,11,"[0.7285416878591984, 0.7120527989062413]",-1,-1
4184,[0.13978398 0.72476929],15,42,"[0.17164193172035744, 0.7477907034099851]",84,-1
4185,[0.31043064 0.54603928],78,5,"[0.3369928142177202, 0.5813431770807651]",113,-1
4186,[0.50594142 0.78490458],81,51,"[0.47563858561263794, 0.7978986338068428]",0,-1
4187,[0.25699613 0.68810561],25,8,"[0.29185823944997474, 0.6822630454364129]",113,-1
4188,[0.67804396 0.35692772],44,46,"[0.6818606004752428, 0.39460805157892936]",41,-1
4189,[0.39690606 0.40758804],70,13,"[0.3772074110661572, 0.3667665336396509]",113,-1
4190,[0.931718   0.41367703],37,96,"[0.9242498114026001, 0.35811950872924947]",-1,-1
4191,[0.19049561 0.2234852 ],36,20,"[0.18106142669570233, 0.20480546739290073]",104,42
4192,[0.38750633 0.52200852],69,67,"[0.39991637370105465, 0.5429488636659977]",20,-1
4193,[0.76129187 0.67136507],19,53,"[0.7681832820464827, 0.6327372104307392]",102,-1
4194,[0.362118   0.16956676],2,4,"[0.3827392388806571, 0.18315480574773338]",110,45
4195,[0.33385622 0.44441136],70,91,"[0.38272617373285694, 0.45406707742979985]",-1,-1
4196,[0.80415471 0.59509161],27,53,"[0.7681832820464827, 0.6327372104307392]",-1,13
4197,[0.50952518 0.53970701],74,38,"[0.5222833502418962, 0.5760861920194034]",-1,-1
4198,[0.79326334 0.79040502],26,48,"[0.8063574629792128, 0.8028480378432847]",65,-1
4199,[0.46648979 0.22269863],61,40,"[0.4428604662933861, 0.22666876085097074]",110,-1
4200,[0.08039325 0.08935254],66,86,"[0.10460029415455299, 0.15390780514892627]",-1,-1
4201,[0.61269732 0.82631688],53,45,"[0.6014090517878816, 0.8253297621455221]",102,-1
4202,[0.32637777 0.18116443],2,29,"[0.29724643836137565, 0.21152192866347855]",-1,-1
4203,[0.17119346 0.90774221],21,47,"[0.12002015978901225, 0.8781802626724163]",-1,-1
4204,[0.44693839 0.94239689],10,99,"[0.40646030356053225, 0.9259295599180227]",-1,-1
4205,[0.45273724 0.23734059],46,40,"[0.4428604662933861, 0.22666876085097074]",-1,-1
4206,[0.71481427 0.70148136],19,11,"[0.7285416878591984, 0.7120527989062413]",102,-1
4207,[0.19875966 0.24612089],36,34,"[0.22317706824250913, 0.23387943431995686]",104,42
4208,[0.74810376 0.40277769],35,79,"[0.7440923457598303, 0.4172681159825393]",-1,-1
4209,[0.26193814 0.66610026],13,8,"[0.29185823944997474, 0.6822630454364129]",113,-1
4210,[0.61103484 0.6544986 ],40,60,"[0.6482027966760067, 0.6653053686977741]",-1,-1
4211,[0.23072958 0.28259621],36,21,"[0.24089021291760518, 0.30160856093346966]",104,42
4212,[0.15230706 0.5344146 ],42,35,"[0.18006516204956544, 0.5309482406934538]",113,64
4213,[0.71014619 0.1262304 ],49,90,"[0.6807795084802507, 0.1410405480143203]",-1,-1
4214,[0.9332179  0.81911168],52,98,"[0.942733982760607, 0.8236412439484]",-1,-1
4215,[0.09541493 0.42947865],96,76,"[0.1271293063442913, 0.39727223545070534]",-1,-1
4216,[0.17474054 0.60813862],25,70,"[0.16883511008014604, 0.6108734061004485]",-1,-1
4217,[0.53276946 0.41500923],76,77,"[0.5067154617511884, 0.39780872086571867]",110,-1
4218,[0.16602148 0.41505301],96,14,"[0.16635912736795258, 0.4532667183848064]",-1,-1
4219,[0.17802758 0.67671192],15,32,"[0.21070106237511496, 0.6599645039522288]",-1,-1
4220,[0.55510212 0.38501804],33,23,"[0.5544996285461486, 0.3649814617648961]",110,53
4221,[0.70019243 0.40130886],44,46,"[0.6818606004752428, 0.39460805157892936]",43,4
4222,[0.34596499 0.21969802],1,29,"[0.29724643836137565, 0.21152192866347855]",-1,-1
4223,[0.60369346 0.12898158],71,37,"[0.590787313093903, 0.1287873361919935]",110,-1
4224,[0.07372449 0.78247481],58,71,"[0.10117111935954111, 0.7754028082579668]",-1,-1
4225,[0.51267176 0.85845142],24,89,"[0.5577955894805164, 0.8749894575544954]",-1,-1
4226,[0.18523031 0.2393133 ],95,20,"[0.18106142669570233, 0.20480546739290073]",104,42
4227,[0.36996123 0.22113638],92,4,"[0.3827392388806571, 0.18315480574773338]",110,-1
4228,[0.25154838 0.35007936],77,21,"[0.24089021291760518, 0.30160856093346966]",-1,-1
4229,[0.32395512 0.49468994],34,2,"[0.2982944979771574, 0.4928881704977565]",113,82
4230,[0.5827667  0.39689984],33,64,"[0.5873954455556146, 0.4184822956881117]",110,53
4231,[0.69837297 0.22755406],57,33,"[0.712147299809196, 0.21396583181069667]",36,-1
4232,[0.49581319 0.23622692],97,40,"[0.4428604662933861, 0.22666876085097074]",-1,-1
4233,[0.44696708 0.78706787],88,51,"[0.47563858561263794, 0.7978986338068428]",113,-1
4234,[0.76063125 0.58294722],11,53,"[0.7681832820464827, 0.6327372104307392]",28,-1
4235,[0.76074519 0.76773727],50,16,"[0.7557129160895149, 0.7610612683801858]",-1,-1
4236,[0.42428446 0.19883569],92,40,"[0.4428604662933861, 0.22666876085097074]",110,63
4237,[0.21433639 0.46756262],99,3,"[0.22590404659055946, 0.4809143921482596]",113,81
4238,[0.52384912 0.08738997],71,69,"[0.5153460121236064, 0.11707314703881673]",-1,-1
4239,[0.14921587 0.35224765],96,76,"[0.1271293063442913, 0.39727223545070534]",-1,-1
4240,[0.60684839 0.352853  ],33,56,"[0.6228765219922414, 0.3379402254620158]",110,-1
4241,[0.31021371 0.59265316],62,5,"[0.3369928142177202, 0.5813431770807651]",113,-1
4242,[0.37828882 0.65774239],51,12,"[0.3563557933558874, 0.6600167756750083]",113,77
4243,[0.3991559  0.18496655],92,4,"[0.3827392388806571, 0.18315480574773338]",110,-1
4244,[0.75705162 0.24664129],57,9,"[0.7745160189749856, 0.22813324751878863]",36,11
4245,[0.29919723 0.65606078],14,8,"[0.29185823944997474, 0.6822630454364129]",113,74
4246,[0.6879766  0.79469856],59,6,"[0.6704818259566957, 0.7868874266118806]",102,50
4247,[0.50734302 0.15404769],61,10,"[0.4982904339105401, 0.17462697492844612]",110,-1
4248,[0.36868196 0.50530903],69,67,"[0.39991637370105465, 0.5429488636659977]",20,-1
4249,[0.36999487 0.79764253],89,22,"[0.4053244070468948, 0.7892325425819533]",113,71
4250,[0.63575699 0.76871838],59,6,"[0.6704818259566957, 0.7868874266118806]",102,-1
4251,[0.76501897 0.37426308],44,79,"[0.7440923457598303, 0.4172681159825393]",-1,-1
4252,[0.68186474 0.81439965],53,6,"[0.6704818259566957, 0.7868874266118806]",102,50
4253,[0.69995062 0.11487033],49,90,"[0.6807795084802507, 0.1410405480143203]",-1,-1
4254,[0.63853164 0.39230921],44,46,"[0.6818606004752428, 0.39460805157892936]",38,-1
4255,[0.46083598 0.8468068 ],24,63,"[0.4663233365844979, 0.874422196988726]",-1,-1
4256,[0.30923361 0.36435911],65,1,"[0.31345252476490787, 0.39568681619531276]",113,81
4257,[0.49937347 0.7776307 ],88,51,"[0.47563858561263794, 0.7978986338068428]",0,-1
4258,[0.2729786  0.32522277],55,21,"[0.24089021291760518, 0.30160856093346966]",-1,-1
4259,[0.16269874 0.21829129],90,20,"[0.18106142669570233, 0.20480546739290073]",104,42
4260,[0.3074854  0.70368694],13,8,"[0.29185823944997474, 0.6822630454364129]",113,-1
4261,[0.77398488 0.84926962],26,48,"[0.8063574629792128, 0.8028480378432847]",-1,-1
4262,[0.3505111 0.1391154],1,92,"[0.3725508188236613, 0.1071489353939289]",-1,-1
4263,[0.3397747  0.66955365],13,12,"[0.3563557933558874, 0.6600167756750083]",113,-1
4264,[0.41738107 0.2689277 ],65,40,"[0.4428604662933861, 0.22666876085097074]",-1,-1
4265,[0.38726881 0.62841254],62,18,"[0.4095647158889755, 0.6213093728466221]",113,-1
4266,[0.10273044 0.62271194],15,72,"[0.13389630971446978, 0.6701017461857026]",-1,-1
4267,[0.78607842 0.56274263],28,49,"[0.7597872492020543, 0.528305606483068]",-1,10
4268,[0.22173154 0.49884419],5,3,"[0.22590404659055946, 0.4809143921482596]",113,81
4269,[0.17276845 0.12529192],79,73,"[0.15159497202623598, 0.099534542862727]",104,-1
4270,[0.40479149 0.75394381],84,59,"[0.4102385111598612, 0.7308207375545044]",113,-1
4271,[0.4511681  0.63790463],9,18,"[0.4095647158889755, 0.6213093728466221]",-1,-1
4272,[0.23072964 0.56715773],42,24,"[0.2575895391106446, 0.5636151717894005]",-1,-1
4273,[0.52150959 0.56137076],16,38,"[0.5222833502418962, 0.5760861920194034]",80,31
4274,[0.44262309 0.22514268],97,40,"[0.4428604662933861, 0.22666876085097074]",-1,-1
4275,[0.76744174 0.62813997],60,53,"[0.7681832820464827, 0.6327372104307392]",-1,-1
4276,[0.71729484 0.41243026],35,79,"[0.7440923457598303, 0.4172681159825393]",43,4
4277,[0.43490859 0.86013974],24,41,"[0.4045860819360065, 0.8451095848913467]",-1,-1
4278,[0.28627142 0.46257431],77,2,"[0.2982944979771574, 0.4928881704977565]",113,-1
4279,[0.10566943 0.90462197],21,47,"[0.12002015978901225, 0.8781802626724163]",-1,-1
4280,[0.46917481 0.58173404],74,38,"[0.5222833502418962, 0.5760861920194034]",-1,-1
4281,[0.0954846  0.78129657],58,71,"[0.10117111935954111, 0.7754028082579668]",-1,-1
4282,[0.2260894  0.38414612],55,0,"[0.24505961735590134, 0.40258348756972934]",-1,-1
4283,[0.14594622 0.66907987],0,72,"[0.13389630971446978, 0.6701017461857026]",58,-1
4284,[0.22428253 0.50135733],5,3,"[0.22590404659055946, 0.4809143921482596]",113,81
4285,[0.46006143 0.79836645],24,51,"[0.47563858561263794, 0.7978986338068428]",113,-1
4286,[0.56987716 0.43699416],76,64,"[0.5873954455556146, 0.4184822956881117]",105,-1
4287,[0.25634082 0.50600776],99,3,"[0.22590404659055946, 0.4809143921482596]",113,81
4288,[0.27411434 0.66345216],62,8,"[0.29185823944997474, 0.6822630454364129]",113,-1
4289,[0.70827041 0.33557626],85,36,"[0.718962763471204, 0.2995127644433783]",-1,-1
4290,[0.42319221 0.18837768],46,4,"[0.3827392388806571, 0.18315480574773338]",110,-1
4291,[0.53432723 0.122425  ],97,69,"[0.5153460121236064, 0.11707314703881673]",-1,-1
4292,[0.27556787 0.6184684 ],25,24,"[0.2575895391106446, 0.5636151717894005]",-1,-1
4293,[0.42552184 0.37775941],70,13,"[0.3772074110661572, 0.3667665336396509]",-1,-1
4294,[0.6762168  0.82453111],31,6,"[0.6704818259566957, 0.7868874266118806]",102,50
4295,[0.09904182 0.45661294],42,52,"[0.10837107196086664, 0.5019908555728455]",100,-1
4296,[0.45098123 0.67407935],51,88,"[0.49693056847195605, 0.6857701176055397]",-1,-1
4297,[0.18809619 0.77193088],0,42,"[0.17164193172035744, 0.7477907034099851]",-1,-1
4298,[0.45334083 0.09415103],46,15,"[0.4480198330140321, 0.13770311065471516]",-1,-1
4299,[0.79877573 0.27465069],30,39,"[0.7929729113380171, 0.306282578754693]",36,-1
4300,[0.78296134 0.78534754],32,48,"[0.8063574629792128, 0.8028480378432847]",65,-1
4301,[0.23986392 0.29263349],47,21,"[0.24089021291760518, 0.30160856093346966]",104,-1
4302,[0.52521541 0.15982471],75,10,"[0.4982904339105401, 0.17462697492844612]",110,63
4303,[0.0871008  0.75468047],58,71,"[0.10117111935954111, 0.7754028082579668]",-1,-1
4304,[0.56230563 0.13584406],75,37,"[0.590787313093903, 0.1287873361919935]",110,-1
4305,[0.91626472 0.3925823 ],39,96,"[0.9242498114026001, 0.35811950872924947]",-1,-1
4306,[0.2549901  0.70829121],98,81,"[0.2526303993585153, 0.7288181375759063]",113,-1
4307,[0.1220369  0.51320918],42,52,"[0.10837107196086664, 0.5019908555728455]",113,-1
4308,[0.35668721 0.35516846],70,13,"[0.3772074110661572, 0.3667665336396509]",111,-1
4309,[0.44874285 0.85740471],88,63,"[0.4663233365844979, 0.874422196988726]",93,23
4310,[0.58476617 0.91715046],45,89,"[0.5577955894805164, 0.8749894575544954]",-1,-1
4311,[0.35904909 0.69929815],23,12,"[0.3563557933558874, 0.6600167756750083]",113,-1
4312,[0.28167967 0.27831869],36,21,"[0.24089021291760518, 0.30160856093346966]",-1,-1
4313,[0.40558824 0.25081813],17,40,"[0.4428604662933861, 0.22666876085097074]",-1,-1
4314,[0.91502839 0.66918424],56,83,"[0.9023954923676734, 0.6253829621221342]",-1,-1
4315,[0.04102599 0.83384031],21,-1,-1,-1,-1
4316,[0.21264687 0.7047972 ],98,32,"[0.21070106237511496, 0.6599645039522288]",106,-1
4317,[0.54651977 0.37225699],63,23,"[0.5544996285461486, 0.3649814617648961]",-1,-1
4318,[0.38298782 0.60154588],73,18,"[0.4095647158889755, 0.6213093728466221]",113,-1
4319,[0.65786785 0.27981643],85,36,"[0.718962763471204, 0.2995127644433783]",-1,-1
4320,[0.32157938 0.44556844],48,1,"[0.31345252476490787, 0.39568681619531276]",113,75
4321,[0.29615109 0.53774614],73,2,"[0.2982944979771574, 0.4928881704977565]",113,78
4322,[0.15968356 0.20008541],90,20,"[0.18106142669570233, 0.20480546739290073]",104,42
4323,[0.80656574 0.71715351],60,25,"[0.8290893185566872, 0.6663325003431528]",102,-1
4324,[0.10451285 0.82349414],64,71,"[0.10117111935954111, 0.7754028082579668]",-1,-1
4325,[0.88449027 0.59180634],4,43,"[0.8559722074695512, 0.5768738433864216]",-1,-1
4326,[0.58573799 0.57366643],74,30,"[0.5893115951066175, 0.5856347360021498]",77,-1
4327,[0.40731031 0.82279133],88,41,"[0.4045860819360065, 0.8451095848913467]",113,71
4328,[0.21759317 0.27264842],68,21,"[0.24089021291760518, 0.30160856093346966]",104,42
4329,[0.47164555 0.82684787],88,51,"[0.47563858561263794, 0.7978986338068428]",95,-1
4330,[0.36660711 0.38814459],70,13,"[0.3772074110661572, 0.3667665336396509]",113,81
4331,[0.64810973 0.7019865 ],3,60,"[0.6482027966760067, 0.6653053686977741]",102,-1
4332,[0.75273565 0.2549981 ],57,9,"[0.7745160189749856, 0.22813324751878863]",36,11
4333,[0.6013351 0.3972042],76,64,"[0.5873954455556146, 0.4184822956881117]",-1,-1
4334,[0.70536675 0.41696079],44,46,"[0.6818606004752428, 0.39460805157892936]",43,4
4335,[0.72889655 0.15530866],57,62,"[0.7592128314241189, 0.15406303015764497]",-1,-1
4336,[0.77376841 0.75664316],91,16,"[0.7557129160895149, 0.7610612683801858]",102,-1
4337,[0.73279846 0.7899985 ],91,16,"[0.7557129160895149, 0.7610612683801858]",102,-1
4338,[0.69794193 0.27355094],86,36,"[0.718962763471204, 0.2995127644433783]",-1,-1
4339,[0.20348393 0.47549318],34,3,"[0.22590404659055946, 0.4809143921482596]",113,81
4340,[0.79701195 0.53822306],28,49,"[0.7597872492020543, 0.528305606483068]",49,10
4341,[0.71420514 0.31143912],85,36,"[0.718962763471204, 0.2995127644433783]",36,-1
4342,[0.25280398 0.49567139],99,3,"[0.22590404659055946, 0.4809143921482596]",113,-1
4343,[0.22378859 0.59738891],5,24,"[0.2575895391106446, 0.5636151717894005]",-1,-1
4344,[0.25308563 0.16495423],36,54,"[0.23065754032548644, 0.16311462163198792]",103,-1
4345,[0.81387744 0.49397171],28,61,"[0.8226541227267828, 0.49698240517173836]",70,-1
4346,[0.26909449 0.27198397],68,21,"[0.24089021291760518, 0.30160856093346966]",104,-1
4347,[0.28089052 0.57481267],5,24,"[0.2575895391106446, 0.5636151717894005]",113,-1
4348,[0.27044316 0.50891688],5,2,"[0.2982944979771574, 0.4928881704977565]",113,81
4349,[0.53320994 0.30844541],6,17,"[0.5266584783397147, 0.2925234389366824]",110,-1
4350,[0.56175593 0.14752916],75,37,"[0.590787313093903, 0.1287873361919935]",110,59
4351,[0.07423629 0.864842  ],21,47,"[0.12002015978901225, 0.8781802626724163]",-1,-1
4352,[0.8189487  0.68852762],32,25,"[0.8290893185566872, 0.6663325003431528]",-1,-1
4353,[0.39610037 0.07675608],29,92,"[0.3725508188236613, 0.1071489353939289]",-1,-1
4354,[0.38784977 0.43297637],70,91,"[0.38272617373285694, 0.45406707742979985]",-1,-1
4355,[0.89767732 0.74255082],56,65,"[0.8683963995203289, 0.7186203255414056]",-1,-1
4356,[0.62120684 0.16598137],71,55,"[0.6160291566716146, 0.18582080836242268]",110,37
4357,[0.14784498 0.54045537],42,35,"[0.18006516204956544, 0.5309482406934538]",113,64
4358,[0.79005104 0.81787777],26,48,"[0.8063574629792128, 0.8028480378432847]",65,-1
4359,[0.259806   0.34123911],55,21,"[0.24089021291760518, 0.30160856093346966]",-1,-1
4360,[0.26349521 0.69821644],13,81,"[0.2526303993585153, 0.7288181375759063]",113,-1
4361,[0.36662481 0.41832735],48,91,"[0.38272617373285694, 0.45406707742979985]",-1,-1
4362,[0.30883246 0.84774101],10,82,"[0.32758089961125464, 0.809330839306685]",-1,-1
4363,[0.10638447 0.13103412],66,86,"[0.10460029415455299, 0.15390780514892627]",97,-1
4364,[0.60801732 0.55897896],16,30,"[0.5893115951066175, 0.5856347360021498]",-1,-1
4365,[0.86207296 0.35766176],37,84,"[0.8747370333854485, 0.3299307577245935]",-1,-1
4366,[0.12194641 0.72430889],58,42,"[0.17164193172035744, 0.7477907034099851]",-1,-1
4367,[0.10772106 0.2107037 ],20,57,"[0.11385950246950007, 0.22156166292214274]",104,42
4368,[0.58226265 0.3914753 ],76,64,"[0.5873954455556146, 0.4184822956881117]",110,53
4369,[0.19515595 0.20260268],67,20,"[0.18106142669570233, 0.20480546739290073]",104,42
4370,[0.35904807 0.184534  ],92,4,"[0.3827392388806571, 0.18315480574773338]",-1,-1
4371,[0.17004189 0.10835115],66,73,"[0.15159497202623598, 0.099534542862727]",-1,-1
4372,[0.77818226 0.82954402],91,48,"[0.8063574629792128, 0.8028480378432847]",-1,-1
4373,[0.64159518 0.69626621],3,60,"[0.6482027966760067, 0.6653053686977741]",102,-1
4374,[0.1958194  0.31478682],47,19,"[0.1752933885253929, 0.2769931075732081]",104,-1
4375,[0.38798252 0.71765856],23,59,"[0.4102385111598612, 0.7308207375545044]",113,-1
4376,[0.87868424 0.36777124],37,84,"[0.8747370333854485, 0.3299307577245935]",-1,-1
4377,[0.74957284 0.64110941],19,53,"[0.7681832820464827, 0.6327372104307392]",39,-1
4378,[0.40322938 0.20216109],29,4,"[0.3827392388806571, 0.18315480574773338]",110,63
4379,[0.66518565 0.84154505],45,75,"[0.7159769487757391, 0.8473248623765012]",-1,-1
4380,[0.15928321 0.48708522],7,14,"[0.16635912736795258, 0.4532667183848064]",113,-1
4381,[0.72396412 0.41212431],35,79,"[0.7440923457598303, 0.4172681159825393]",-1,4
4382,[0.51948901 0.70993298],81,88,"[0.49693056847195605, 0.6857701176055397]",-1,-1
4383,[0.16380173 0.37491456],96,76,"[0.1271293063442913, 0.39727223545070534]",-1,-1
4384,[0.43079208 0.77556682],41,22,"[0.4053244070468948, 0.7892325425819533]",113,-1
4385,[0.15213641 0.16970588],20,7,"[0.16040334011861732, 0.1583747599262833]",104,42
4386,[0.78985881 0.55723061],11,49,"[0.7597872492020543, 0.528305606483068]",49,10
4387,[0.55634597 0.284405  ],63,17,"[0.5266584783397147, 0.2925234389366824]",110,48
4388,[0.30756004 0.66445025],14,8,"[0.29185823944997474, 0.6822630454364129]",113,-1
4389,[0.39695152 0.20735316],17,4,"[0.3827392388806571, 0.18315480574773338]",110,63
4390,[0.51329561 0.24831883],22,17,"[0.5266584783397147, 0.2925234389366824]",29,-1
4391,[0.70102639 0.85555464],31,75,"[0.7159769487757391, 0.8473248623765012]",-1,-1
4392,[0.66624991 0.37582428],44,46,"[0.6818606004752428, 0.39460805157892936]",46,-1
4393,[0.77971959 0.65586281],19,53,"[0.7681832820464827, 0.6327372104307392]",102,-1
4394,[0.12429647 0.49484015],96,52,"[0.10837107196086664, 0.5019908555728455]",-1,-1
4395,[0.24306146 0.46731518],77,3,"[0.22590404659055946, 0.4809143921482596]",113,81
4396,[0.34452122 0.55897503],73,5,"[0.3369928142177202, 0.5813431770807651]",113,68
4397,[0.31675408 0.26977437],1,44,"[0.34401211644161456, 0.2727474001163449]",76,17
4398,[0.59767481 0.64305297],12,28,"[0.572088563242004, 0.6648723747855627]",81,29
4399,[0.4168901  0.79401029],89,22,"[0.4053244070468948, 0.7892325425819533]",113,-1
4400,[0.32148472 0.41228931],43,1,"[0.31345252476490787, 0.39568681619531276]",113,81
4401,[0.56729704 0.64424797],40,28,"[0.572088563242004, 0.6648723747855627]",81,-1
4402,[0.66499776 0.10104698],71,90,"[0.6807795084802507, 0.1410405480143203]",-1,-1
4403,[0.69657096 0.17160634],80,90,"[0.6807795084802507, 0.1410405480143203]",-1,-1
4404,[0.3971939 0.6168574],54,18,"[0.4095647158889755, 0.6213093728466221]",113,-1
4405,[0.19182544 0.2688756 ],47,19,"[0.1752933885253929, 0.2769931075732081]",104,42
4406,[0.15873086 0.24507168],47,19,"[0.1752933885253929, 0.2769931075732081]",104,42
4407,[0.36463436 0.35115158],65,13,"[0.3772074110661572, 0.3667665336396509]",111,-1
4408,[0.11370196 0.21570313],95,57,"[0.11385950246950007, 0.22156166292214274]",104,-1
4409,[0.3527837  0.31214172],17,44,"[0.34401211644161456, 0.2727474001163449]",-1,-1
4410,[0.78223444 0.2507079 ],49,9,"[0.7745160189749856, 0.22813324751878863]",36,12
4411,[0.27692528 0.60056185],5,24,"[0.2575895391106446, 0.5636151717894005]",-1,-1
4412,[0.26835676 0.41983588],34,0,"[0.24505961735590134, 0.40258348756972934]",113,81
4413,[0.31989584 0.22167972],1,29,"[0.29724643836137565, 0.21152192866347855]",-1,-1
4414,[0.64629924 0.75495485],53,6,"[0.6704818259566957, 0.7868874266118806]",102,-1
4415,[0.77424623 0.86185351],26,95,"[0.8179696228241676, 0.8855176666788548]",-1,-1
4416,[0.52705004 0.61590311],74,38,"[0.5222833502418962, 0.5760861920194034]",-1,-1
4417,[0.17396491 0.49081805],8,14,"[0.16635912736795258, 0.4532667183848064]",-1,-1
4418,[0.78777094 0.83228769],50,48,"[0.8063574629792128, 0.8028480378432847]",66,-1
4419,[0.56461894 0.2731271 ],63,58,"[0.5903496421521437, 0.26872112132208276]",110,-1
4420,[0.65240167 0.39117098],35,46,"[0.6818606004752428, 0.39460805157892936]",-1,-1
4421,[0.7454792  0.29835219],38,36,"[0.718962763471204, 0.2995127644433783]",36,-1
4422,[0.18903291 0.48900296],87,3,"[0.22590404659055946, 0.4809143921482596]",113,81
4423,[0.2706268  0.69688994],98,8,"[0.29185823944997474, 0.6822630454364129]",113,-1
4424,[0.85190891 0.28723399],37,87,"[0.8400115250570579, 0.2635503368487671]",-1,-1
4425,[0.174742  0.4425815],7,14,"[0.16635912736795258, 0.4532667183848064]",113,-1
4426,[0.53775779 0.21452746],61,31,"[0.5509259779365981, 0.20365500329799469]",110,-1
4427,[0.82208724 0.67242388],56,25,"[0.8290893185566872, 0.6663325003431528]",-1,-1
4428,[0.69750854 0.73870419],50,11,"[0.7285416878591984, 0.7120527989062413]",102,-1
4429,[0.74200353 0.7103927 ],50,11,"[0.7285416878591984, 0.7120527989062413]",102,55
4430,[0.56094563 0.67465976],40,28,"[0.572088563242004, 0.6648723747855627]",69,26
4431,[0.25008156 0.71830185],0,81,"[0.2526303993585153, 0.7288181375759063]",113,-1
4432,[0.20385144 0.24071013],95,34,"[0.22317706824250913, 0.23387943431995686]",104,42
4433,[0.69489735 0.55146288],82,80,"[0.6893002767673785, 0.5852948461925299]",-1,-1
4434,[0.39219307 0.6614913 ],51,12,"[0.3563557933558874, 0.6600167756750083]",113,-1
4435,[0.6218109  0.78519643],53,45,"[0.6014090517878816, 0.8253297621455221]",102,-1
4436,[0.61323515 0.35716557],33,56,"[0.6228765219922414, 0.3379402254620158]",110,-1
4437,[0.12448151 0.79896979],64,71,"[0.10117111935954111, 0.7754028082579668]",78,-1
4438,[0.46823114 0.17894754],61,10,"[0.4982904339105401, 0.17462697492844612]",110,63
4439,[0.2530911 0.1484377],68,54,"[0.23065754032548644, 0.16311462163198792]",-1,-1
4440,[0.20498709 0.12448682],66,54,"[0.23065754032548644, 0.16311462163198792]",-1,-1
4441,[0.3951171  0.57418998],54,67,"[0.39991637370105465, 0.5429488636659977]",113,-1
4442,[0.34801018 0.42150991],99,1,"[0.31345252476490787, 0.39568681619531276]",113,-1
4443,[0.33890364 0.60721879],51,5,"[0.3369928142177202, 0.5813431770807651]",113,-1
4444,[0.52015513 0.35649341],6,23,"[0.5544996285461486, 0.3649814617648961]",110,-1
4445,[0.19234845 0.94328416],21,-1,-1,-1,-1
4446,[0.54326899 0.17138564],18,31,"[0.5509259779365981, 0.20365500329799469]",-1,-1
4447,[0.90231784 0.68547772],56,65,"[0.8683963995203289, 0.7186203255414056]",-1,-1
4448,[0.32708901 0.41059464],78,1,"[0.31345252476490787, 0.39568681619531276]",113,81
4449,[0.40867745 0.63749831],9,18,"[0.4095647158889755, 0.6213093728466221]",113,84
4450,[0.2704105  0.43077147],99,0,"[0.24505961735590134, 0.40258348756972934]",113,81
4451,[0.40726855 0.16138086],92,4,"[0.3827392388806571, 0.18315480574773338]",-1,-1
4452,[0.21986997 0.45549386],94,3,"[0.22590404659055946, 0.4809143921482596]",113,81
4453,[0.24859911 0.26905975],36,21,"[0.24089021291760518, 0.30160856093346966]",104,-1
4454,[0.2326949  0.27117666],47,21,"[0.24089021291760518, 0.30160856093346966]",104,42
4455,[0.84701919 0.85982655],52,50,"[0.8669550309977382, 0.8414428333530212]",-1,16
4456,[0.22756217 0.41052761],55,0,"[0.24505961735590134, 0.40258348756972934]",113,-1
4457,[0.71512565 0.30719989],85,36,"[0.718962763471204, 0.2995127644433783]",36,-1
4458,[0.67450813 0.6212015 ],11,80,"[0.6893002767673785, 0.5852948461925299]",30,1
4459,[0.43428163 0.83692258],41,41,"[0.4045860819360065, 0.8451095848913467]",113,-1
4460,[0.19141896 0.18673657],66,20,"[0.18106142669570233, 0.20480546739290073]",104,42
4461,[0.21807907 0.66007493],15,32,"[0.21070106237511496, 0.6599645039522288]",113,44
4462,[0.21144016 0.55307688],5,35,"[0.18006516204956544, 0.5309482406934538]",113,-1
4463,[0.37749638 0.69030499],62,12,"[0.3563557933558874, 0.6600167756750083]",113,-1
4464,[0.78128844 0.19780581],57,9,"[0.7745160189749856, 0.22813324751878863]",36,12
4465,[0.54866149 0.2900724 ],22,17,"[0.5266584783397147, 0.2925234389366824]",110,48
4466,[0.20343901 0.2723071 ],68,19,"[0.1752933885253929, 0.2769931075732081]",104,42
4467,[0.60344697 0.11675529],71,37,"[0.590787313093903, 0.1287873361919935]",-1,-1
4468,[0.67771176 0.2892514 ],22,36,"[0.718962763471204, 0.2995127644433783]",-1,-1
4469,[0.56139778 0.16161549],18,31,"[0.5509259779365981, 0.20365500329799469]",110,59
4470,[0.30208957 0.48554927],73,2,"[0.2982944979771574, 0.4928881704977565]",113,-1
4471,[0.32424997 0.60482749],51,5,"[0.3369928142177202, 0.5813431770807651]",113,-1
4472,[0.78531582 0.69844136],50,25,"[0.8290893185566872, 0.6663325003431528]",-1,-1
4473,[0.63472465 0.34106337],85,56,"[0.6228765219922414, 0.3379402254620158]",-1,-1
4474,[0.27146897 0.51664592],34,2,"[0.2982944979771574, 0.4928881704977565]",113,81
4475,[0.40314266 0.5927231 ],62,18,"[0.4095647158889755, 0.6213093728466221]",113,-1
4476,[0.33382506 0.61708019],51,5,"[0.3369928142177202, 0.5813431770807651]",113,-1
4477,[0.24139143 0.40280329],34,0,"[0.24505961735590134, 0.40258348756972934]",113,81
4478,[0.353857   0.43708284],43,91,"[0.38272617373285694, 0.45406707742979985]",-1,-1
4479,[0.64662051 0.66508245],81,60,"[0.6482027966760067, 0.6653053686977741]",-1,-1
4480,[0.1731211  0.09776738],66,73,"[0.15159497202623598, 0.099534542862727]",-1,-1
4481,[0.38700936 0.37852779],65,13,"[0.3772074110661572, 0.3667665336396509]",113,-1
4482,[0.19435591 0.2929599 ],47,19,"[0.1752933885253929, 0.2769931075732081]",104,-1
4483,[0.20197293 0.16118371],67,54,"[0.23065754032548644, 0.16311462163198792]",104,42
4484,[0.36981478 0.29416644],65,44,"[0.34401211644161456, 0.2727474001163449]",-1,-1
4485,[0.79777716 0.72524145],19,16,"[0.7557129160895149, 0.7610612683801858]",102,46
4486,[0.85672087 0.40249261],39,85,"[0.8330047067228752, 0.39861674914336154]",12,0
4487,[0.10306648 0.63589629],0,72,"[0.13389630971446978, 0.6701017461857026]",-1,-1
4488,[0.55030379 0.5642524 ],74,38,"[0.5222833502418962, 0.5760861920194034]",80,30
4489,[0.77848762 0.63606867],19,53,"[0.7681832820464827, 0.6327372104307392]",102,34
4490,[0.24457229 0.3258711 ],83,21,"[0.24089021291760518, 0.30160856093346966]",62,-1
4491,[0.61674518 0.11780321],75,37,"[0.590787313093903, 0.1287873361919935]",-1,-1
4492,[0.16194398 0.62645228],15,70,"[0.16883511008014604, 0.6108734061004485]",113,43
4493,[0.32221057 0.59736141],62,5,"[0.3369928142177202, 0.5813431770807651]",113,-1
4494,[0.21089854 0.31331782],55,21,"[0.24089021291760518, 0.30160856093346966]",104,-1
4495,[0.88140442 0.63078867],56,83,"[0.9023954923676734, 0.6253829621221342]",90,-1
4496,[0.55169432 0.52873473],16,68,"[0.5421113451424038, 0.49916034700705]",-1,-1
4497,[0.51905227 0.10199507],61,69,"[0.5153460121236064, 0.11707314703881673]",89,-1
4498,[0.16611269 0.31153908],47,19,"[0.1752933885253929, 0.2769931075732081]",-1,-1
4499,[0.28977729 0.33791246],55,21,"[0.24089021291760518, 0.30160856093346966]",-1,-1
4500,[0.81468823 0.86276822],26,95,"[0.8179696228241676, 0.8855176666788548]",56,-1
4501,[0.79227917 0.51414482],28,61,"[0.8226541227267828, 0.49698240517173836]",50,-1
4502,[0.4163727  0.44618427],65,91,"[0.38272617373285694, 0.45406707742979985]",-1,-1
4503,[0.21177849 0.53148554],7,35,"[0.18006516204956544, 0.5309482406934538]",113,81
4504,[0.35612539 0.73664631],84,26,"[0.34140158523352676, 0.7415276229463709]",113,-1
4505,[0.46507924 0.20878367],61,40,"[0.4428604662933861, 0.22666876085097074]",110,-1
4506,[0.28483458 0.52154337],78,2,"[0.2982944979771574, 0.4928881704977565]",113,-1
4507,[0.16449696 0.14107432],79,7,"[0.16040334011861732, 0.1583747599262833]",104,42
4508,[0.74766497 0.1747177 ],38,62,"[0.7592128314241189, 0.15406303015764497]",36,-1
4509,[0.2993559  0.66217005],14,8,"[0.29185823944997474, 0.6822630454364129]",113,74
4510,[0.14015037 0.7645546 ],58,42,"[0.17164193172035744, 0.7477907034099851]",-1,-1
4511,[0.87904339 0.71953587],32,65,"[0.8683963995203289, 0.7186203255414056]",23,-1
4512,[0.45539881 0.79257489],41,51,"[0.47563858561263794, 0.7978986338068428]",113,-1
4513,[0.15946577 0.19210223],95,20,"[0.18106142669570233, 0.20480546739290073]",104,42
4514,[0.37830464 0.80042109],10,22,"[0.4053244070468948, 0.7892325425819533]",113,71
4515,[0.38721249 0.78729479],10,22,"[0.4053244070468948, 0.7892325425819533]",113,-1
4516,[0.15864167 0.85826316],21,78,"[0.17639698191982223, 0.8335029307302414]",59,-1
4517,[0.63527924 0.67044383],81,60,"[0.6482027966760067, 0.6653053686977741]",102,-1
4518,[0.73925606 0.28021952],30,36,"[0.718962763471204, 0.2995127644433783]",36,11
4519,[0.62661163 0.77303575],53,27,"[0.6091441642186142, 0.7391629772413223]",102,-1
4520,[0.82130456 0.30238481],93,39,"[0.7929729113380171, 0.306282578754693]",36,-1
4521,[0.32617914 0.80738683],89,82,"[0.32758089961125464, 0.809330839306685]",82,-1
4522,[0.62165041 0.73145916],59,27,"[0.6091441642186142, 0.7391629772413223]",102,-1
4523,[0.2507907  0.48415834],42,3,"[0.22590404659055946, 0.4809143921482596]",113,81
4524,[0.17204102 0.29020214],47,19,"[0.1752933885253929, 0.2769931075732081]",104,42
4525,[0.34531387 0.75092694],84,26,"[0.34140158523352676, 0.7415276229463709]",113,-1
4526,[0.85000027 0.17897878],93,93,"[0.8175047550160816, 0.1805576480903363]",-1,-1
4527,[0.757529   0.68273808],60,11,"[0.7285416878591984, 0.7120527989062413]",102,-1
4528,[0.66600164 0.78884509],53,6,"[0.6704818259566957, 0.7868874266118806]",102,-1
4529,[0.74369607 0.13720386],57,62,"[0.7592128314241189, 0.15406303015764497]",-1,-1
4530,[0.09628358 0.49963558],96,52,"[0.10837107196086664, 0.5019908555728455]",-1,-1
4531,[0.14527904 0.13500867],67,7,"[0.16040334011861732, 0.1583747599262833]",104,42
4532,[0.14745915 0.64058859],15,72,"[0.13389630971446978, 0.6701017461857026]",-1,-1
4533,[0.32999303 0.38975307],43,1,"[0.31345252476490787, 0.39568681619531276]",113,81
4534,[0.85877509 0.47277935],39,94,"[0.8753265847499492, 0.4535299653068886]",-1,-1
4535,[0.23207232 0.14563549],68,54,"[0.23065754032548644, 0.16311462163198792]",-1,-1
4536,[0.18490453 0.72036542],0,42,"[0.17164193172035744, 0.7477907034099851]",107,-1
4537,[0.32717951 0.46159742],73,2,"[0.2982944979771574, 0.4928881704977565]",-1,-1
4538,[0.67196077 0.20976493],71,33,"[0.712147299809196, 0.21396583181069667]",-1,-1
4539,[0.25620178 0.67745762],25,8,"[0.29185823944997474, 0.6822630454364129]",113,-1
4540,[0.39931022 0.3795235 ],70,13,"[0.3772074110661572, 0.3667665336396509]",-1,-1
4541,[0.68196429 0.38109594],44,46,"[0.6818606004752428, 0.39460805157892936]",-1,5
4542,[0.39794228 0.51857936],69,67,"[0.39991637370105465, 0.5429488636659977]",-1,-1
4543,[0.25825025 0.45785113],99,3,"[0.22590404659055946, 0.4809143921482596]",113,81
4544,[0.36213954 0.41063432],48,13,"[0.3772074110661572, 0.3667665336396509]",113,-1
4545,[0.48603487 0.84867731],24,63,"[0.4663233365844979, 0.874422196988726]",-1,-1
4546,[0.33410764 0.23246573],17,44,"[0.34401211644161456, 0.2727474001163449]",110,-1
4547,[0.76192505 0.20785106],49,9,"[0.7745160189749856, 0.22813324751878863]",36,12
4548,[0.71454826 0.43332494],44,79,"[0.7440923457598303, 0.4172681159825393]",43,4
4549,[0.51218817 0.40491669],76,77,"[0.5067154617511884, 0.39780872086571867]",-1,-1
4550,[0.43596015 0.22389432],92,40,"[0.4428604662933861, 0.22666876085097074]",110,-1
4551,[0.45312092 0.87814445],24,63,"[0.4663233365844979, 0.874422196988726]",93,23
4552,[0.55509241 0.55318438],74,38,"[0.5222833502418962, 0.5760861920194034]",80,30
4553,[0.79093868 0.66832576],50,25,"[0.8290893185566872, 0.6663325003431528]",102,-1
4554,[0.7926227  0.70096574],60,25,"[0.8290893185566872, 0.6663325003431528]",-1,-1
4555,[0.74800966 0.72204427],60,11,"[0.7285416878591984, 0.7120527989062413]",102,57
4556,[0.20375357 0.5836147 ],7,70,"[0.16883511008014604, 0.6108734061004485]",-1,-1
4557,[0.3995229  0.09878142],92,92,"[0.3725508188236613, 0.1071489353939289]",-1,-1
4558,[0.91019586 0.45842254],39,94,"[0.8753265847499492, 0.4535299653068886]",-1,-1
4559,[0.67044983 0.30965356],85,36,"[0.718962763471204, 0.2995127644433783]",-1,-1
4560,[0.40147223 0.7701897 ],23,22,"[0.4053244070468948, 0.7892325425819533]",113,-1
4561,[0.47890179 0.62172581],9,38,"[0.5222833502418962, 0.5760861920194034]",-1,-1
4562,[0.30568235 0.51398397],62,2,"[0.2982944979771574, 0.4928881704977565]",113,-1
4563,[0.24227438 0.37619206],34,0,"[0.24505961735590134, 0.40258348756972934]",113,81
4564,[0.18505648 0.2537103 ],90,19,"[0.1752933885253929, 0.2769931075732081]",104,42
4565,[0.77418906 0.23273654],93,9,"[0.7745160189749856, 0.22813324751878863]",36,12
4566,[0.62927485 0.69786821],3,60,"[0.6482027966760067, 0.6653053686977741]",-1,-1
4567,[0.2885187  0.72034125],13,81,"[0.2526303993585153, 0.7288181375759063]",113,-1
4568,[0.36520336 0.78763423],23,22,"[0.4053244070468948, 0.7892325425819533]",113,-1
4569,[0.23013102 0.34483483],94,21,"[0.24089021291760518, 0.30160856093346966]",113,-1
4570,[0.85792839 0.80690887],32,50,"[0.8669550309977382, 0.8414428333530212]",54,15
4571,[0.35345724 0.40576949],48,1,"[0.31345252476490787, 0.39568681619531276]",113,-1
4572,[0.5948124  0.87771097],45,89,"[0.5577955894805164, 0.8749894575544954]",91,14
4573,[0.59779034 0.65153266],40,28,"[0.572088563242004, 0.6648723747855627]",81,29
4574,[0.13708039 0.44693119],87,14,"[0.16635912736795258, 0.4532667183848064]",113,-1
4575,[0.84276573 0.59881988],27,43,"[0.8559722074695512, 0.5768738433864216]",99,22
4576,[0.33031728 0.58603173],62,5,"[0.3369928142177202, 0.5813431770807651]",-1,-1
4577,[0.54744133 0.62619224],12,28,"[0.572088563242004, 0.6648723747855627]",-1,-1
4578,[0.70832854 0.16107389],49,90,"[0.6807795084802507, 0.1410405480143203]",36,-1
4579,[0.26506872 0.41912974],94,0,"[0.24505961735590134, 0.40258348756972934]",113,81
4580,[0.66596962 0.68485244],19,60,"[0.6482027966760067, 0.6653053686977741]",60,19
4581,[0.45744166 0.20217384],61,40,"[0.4428604662933861, 0.22666876085097074]",110,63
4582,[0.80712679 0.48887964],39,61,"[0.8226541227267828, 0.49698240517173836]",70,3
4583,[0.27208276 0.36640574],77,0,"[0.24505961735590134, 0.40258348756972934]",113,-1
4584,[0.78021247 0.52892   ],28,49,"[0.7597872492020543, 0.528305606483068]",50,-1
4585,[0.3208545  0.62183187],62,5,"[0.3369928142177202, 0.5813431770807651]",113,80
4586,[0.57052455 0.26429377],22,58,"[0.5903496421521437, 0.26872112132208276]",-1,-1
4587,[0.350089   0.59152713],69,5,"[0.3369928142177202, 0.5813431770807651]",113,-1
4588,[0.27114485 0.63018522],25,8,"[0.29185823944997474, 0.6822630454364129]",-1,-1
4589,[0.71026001 0.68907899],19,11,"[0.7285416878591984, 0.7120527989062413]",-1,-1
4590,[0.13706458 0.10711847],66,73,"[0.15159497202623598, 0.099534542862727]",104,-1
4591,[0.18518457 0.49687578],7,35,"[0.18006516204956544, 0.5309482406934538]",113,-1
4592,[0.78201449 0.7611798 ],50,16,"[0.7557129160895149, 0.7610612683801858]",102,46
4593,[0.15256255 0.24848885],66,19,"[0.1752933885253929, 0.2769931075732081]",104,42
4594,[0.81975487 0.32073031],86,39,"[0.7929729113380171, 0.306282578754693]",36,-1
4595,[0.90507981 0.88146591],52,50,"[0.8669550309977382, 0.8414428333530212]",3,-1
4596,[0.87192998 0.80509246],52,50,"[0.8669550309977382, 0.8414428333530212]",-1,-1
4597,[0.71373243 0.77840056],91,6,"[0.6704818259566957, 0.7868874266118806]",102,56
4598,[0.45173255 0.17244524],29,15,"[0.4480198330140321, 0.13770311065471516]",110,63
4599,[0.82049891 0.68709189],32,25,"[0.8290893185566872, 0.6663325003431528]",-1,-1
4600,[0.71813464 0.16389871],93,62,"[0.7592128314241189, 0.15406303015764497]",36,-1
4601,[0.46020609 0.1577808 ],97,15,"[0.4480198330140321, 0.13770311065471516]",110,63
4602,[0.12148051 0.18790136],90,57,"[0.11385950246950007, 0.22156166292214274]",104,-1
4603,[0.77409629 0.64275667],19,53,"[0.7681832820464827, 0.6327372104307392]",102,34
4604,[0.55991678 0.68933009],81,28,"[0.572088563242004, 0.6648723747855627]",69,-1
4605,[0.76221687 0.19788952],38,9,"[0.7745160189749856, 0.22813324751878863]",36,12
4606,[0.53743372 0.59734876],12,38,"[0.5222833502418962, 0.5760861920194034]",80,27
4607,[0.78330083 0.79335108],50,48,"[0.8063574629792128, 0.8028480378432847]",65,-1
4608,[0.43059962 0.63211218],9,18,"[0.4095647158889755, 0.6213093728466221]",-1,-1
4609,[0.36984307 0.17110829],2,4,"[0.3827392388806571, 0.18315480574773338]",110,-1
4610,[0.32033862 0.48988394],73,2,"[0.2982944979771574, 0.4928881704977565]",113,82
4611,[0.09472566 0.47598594],96,52,"[0.10837107196086664, 0.5019908555728455]",-1,-1
4612,[0.77385659 0.45497627],82,79,"[0.7440923457598303, 0.4172681159825393]",-1,-1
4613,[0.85764781 0.54993913],28,43,"[0.8559722074695512, 0.5768738433864216]",-1,22
4614,[0.36700517 0.37345331],70,13,"[0.3772074110661572, 0.3667665336396509]",113,-1
4615,[0.34050933 0.83605259],10,82,"[0.32758089961125464, 0.809330839306685]",-1,-1
4616,[0.22565462 0.36941019],55,0,"[0.24505961735590134, 0.40258348756972934]",75,-1
4617,[0.34073876 0.23621085],68,44,"[0.34401211644161456, 0.2727474001163449]",110,-1
4618,[0.26647076 0.38530155],77,0,"[0.24505961735590134, 0.40258348756972934]",113,81
4619,[0.89349461 0.65274202],56,83,"[0.9023954923676734, 0.6253829621221342]",90,-1
4620,[0.5154639  0.14160951],75,69,"[0.5153460121236064, 0.11707314703881673]",110,63
4621,[0.85432915 0.51497274],4,61,"[0.8226541227267828, 0.49698240517173836]",68,-1
4622,[0.52583009 0.55592587],16,38,"[0.5222833502418962, 0.5760861920194034]",80,31
4623,[0.42252818 0.88331047],10,41,"[0.4045860819360065, 0.8451095848913467]",92,23
4624,[0.33423366 0.3032559 ],43,44,"[0.34401211644161456, 0.2727474001163449]",-1,-1
4625,[0.15828595 0.78864387],58,42,"[0.17164193172035744, 0.7477907034099851]",-1,9
4626,[0.71512186 0.51443161],11,66,"[0.6892424870002536, 0.4809362987183399]",-1,-1
4627,[0.76990364 0.32990399],86,39,"[0.7929729113380171, 0.306282578754693]",-1,-1
4628,[0.223268   0.48307449],94,3,"[0.22590404659055946, 0.4809143921482596]",113,81
4629,[0.84688958 0.60231187],4,43,"[0.8559722074695512, 0.5768738433864216]",99,22
4630,[0.17508662 0.14842955],79,7,"[0.16040334011861732, 0.1583747599262833]",104,42
4631,[0.37584473 0.09698822],46,92,"[0.3725508188236613, 0.1071489353939289]",-1,-1
4632,[0.47861204 0.14390924],18,15,"[0.4480198330140321, 0.13770311065471516]",110,63
4633,[0.75538632 0.7847251 ],91,16,"[0.7557129160895149, 0.7610612683801858]",102,35
4634,[0.38101116 0.66270786],14,12,"[0.3563557933558874, 0.6600167756750083]",113,-1
4635,[0.613642   0.70521556],3,27,"[0.6091441642186142, 0.7391629772413223]",102,36
4636,[0.5604745  0.40861497],72,64,"[0.5873954455556146, 0.4184822956881117]",110,-1
4637,[0.85597953 0.29747421],37,84,"[0.8747370333854485, 0.3299307577245935]",-1,-1
4638,[0.23179044 0.28956017],68,21,"[0.24089021291760518, 0.30160856093346966]",104,-1
4639,[0.55495284 0.36049842],76,23,"[0.5544996285461486, 0.3649814617648961]",110,53
4640,[0.68268421 0.36356043],85,46,"[0.6818606004752428, 0.39460805157892936]",-1,-1
4641,[0.86672153 0.87057562],52,50,"[0.8669550309977382, 0.8414428333530212]",-1,-1
4642,[0.19674815 0.71558931],58,42,"[0.17164193172035744, 0.7477907034099851]",107,-1
4643,[0.53933781 0.5670754 ],16,38,"[0.5222833502418962, 0.5760861920194034]",80,30
4644,[0.70835862 0.1863059 ],49,33,"[0.712147299809196, 0.21396583181069667]",36,-1
4645,[0.27961876 0.75955639],13,81,"[0.2526303993585153, 0.7288181375759063]",16,-1
4646,[0.50014855 0.15548928],61,10,"[0.4982904339105401, 0.17462697492844612]",110,63
4647,[0.2518527  0.22786347],68,34,"[0.22317706824250913, 0.23387943431995686]",104,-1
4648,[0.33257397 0.51939529],8,2,"[0.2982944979771574, 0.4928881704977565]",113,-1
4649,[0.67252341 0.38728409],44,46,"[0.6818606004752428, 0.39460805157892936]",46,5
4650,[0.39670119 0.71934234],14,59,"[0.4102385111598612, 0.7308207375545044]",113,67
4651,[0.73733934 0.71270224],19,11,"[0.7285416878591984, 0.7120527989062413]",102,55
4652,[0.22602557 0.39297271],55,0,"[0.24505961735590134, 0.40258348756972934]",113,-1
4653,[0.19047287 0.25689905],20,19,"[0.1752933885253929, 0.2769931075732081]",104,42
4654,[0.85879697 0.79768971],26,50,"[0.8669550309977382, 0.8414428333530212]",54,-1
4655,[0.6668816  0.67796625],40,60,"[0.6482027966760067, 0.6653053686977741]",60,19
4656,[0.61513876 0.31077739],72,56,"[0.6228765219922414, 0.3379402254620158]",-1,-1
4657,[0.35676125 0.22905091],92,44,"[0.34401211644161456, 0.2727474001163449]",110,-1
4658,[0.20675961 0.74014836],25,42,"[0.17164193172035744, 0.7477907034099851]",88,-1
4659,[0.14213824 0.83797384],21,78,"[0.17639698191982223, 0.8335029307302414]",-1,9
4660,[0.36995821 0.64527019],62,12,"[0.3563557933558874, 0.6600167756750083]",113,77
4661,[0.55352664 0.28279165],6,17,"[0.5266584783397147, 0.2925234389366824]",110,48
4662,[0.13391504 0.23815851],36,57,"[0.11385950246950007, 0.22156166292214274]",104,-1
4663,[0.17160328 0.27038431],95,19,"[0.1752933885253929, 0.2769931075732081]",104,42
4664,[0.3014046  0.69616186],13,8,"[0.29185823944997474, 0.6822630454364129]",113,-1
4665,[0.21502622 0.19698347],67,20,"[0.18106142669570233, 0.20480546739290073]",104,42
4666,[0.52128295 0.22086035],6,31,"[0.5509259779365981, 0.20365500329799469]",110,-1
4667,[0.7473231  0.27122603],86,36,"[0.718962763471204, 0.2995127644433783]",36,11
4668,[0.60236828 0.74852881],81,27,"[0.6091441642186142, 0.7391629772413223]",96,36
4669,[0.77007451 0.50773011],82,49,"[0.7597872492020543, 0.528305606483068]",50,10
4670,[0.24287027 0.38377283],94,0,"[0.24505961735590134, 0.40258348756972934]",113,81
4671,[0.33902868 0.62218731],62,5,"[0.3369928142177202, 0.5813431770807651]",113,-1
4672,[0.60255192 0.88307626],45,74,"[0.6387846519793019, 0.8886269005667045]",91,14
4673,[0.58091621 0.20832394],18,31,"[0.5509259779365981, 0.20365500329799469]",110,-1
4674,[0.62463747 0.31416212],63,56,"[0.6228765219922414, 0.3379402254620158]",110,-1
4675,[0.80803994 0.65858482],27,25,"[0.8290893185566872, 0.6663325003431528]",102,-1
4676,[0.09116173 0.89766253],21,47,"[0.12002015978901225, 0.8781802626724163]",7,-1
4677,[0.56264027 0.62959923],12,28,"[0.572088563242004, 0.6648723747855627]",-1,-1
4678,[0.40686988 0.16739072],46,4,"[0.3827392388806571, 0.18315480574773338]",-1,-1
4679,[0.4079338 0.4189261],48,91,"[0.38272617373285694, 0.45406707742979985]",-1,-1
4680,[0.19209191 0.66606826],0,32,"[0.21070106237511496, 0.6599645039522288]",113,43
4681,[0.57065529 0.42729151],33,64,"[0.5873954455556146, 0.4184822956881117]",105,-1
4682,[0.73655028 0.5888982 ],11,80,"[0.6893002767673785, 0.5852948461925299]",27,-1
4683,[0.13514867 0.15872155],20,7,"[0.16040334011861732, 0.1583747599262833]",104,42
4684,[0.80069067 0.51835937],28,61,"[0.8226541227267828, 0.49698240517173836]",-1,-1
4685,[0.86685169 0.39533822],39,85,"[0.8330047067228752, 0.39861674914336154]",12,0
4686,[0.76920543 0.75962633],60,16,"[0.7557129160895149, 0.7610612683801858]",102,-1
4687,[0.58119458 0.67420193],81,28,"[0.572088563242004, 0.6648723747855627]",69,26
4688,[0.52694539 0.44130491],72,77,"[0.5067154617511884, 0.39780872086571867]",-1,-1
4689,[0.50606759 0.14094665],75,69,"[0.5153460121236064, 0.11707314703881673]",110,63
4690,[0.34286815 0.71450572],84,26,"[0.34140158523352676, 0.7415276229463709]",113,76
4691,[0.70712946 0.21848594],57,33,"[0.712147299809196, 0.21396583181069667]",36,6
4692,[0.21931491 0.30043226],36,21,"[0.24089021291760518, 0.30160856093346966]",104,-1
4693,[0.55105019 0.42203877],76,64,"[0.5873954455556146, 0.4184822956881117]",-1,-1
4694,[0.5549719  0.56666892],12,38,"[0.5222833502418962, 0.5760861920194034]",80,30
4695,[0.66621682 0.32474523],72,56,"[0.6228765219922414, 0.3379402254620158]",-1,-1
4696,[0.16574807 0.51414162],7,35,"[0.18006516204956544, 0.5309482406934538]",113,-1
4697,[0.79106497 0.20686534],93,9,"[0.7745160189749856, 0.22813324751878863]",36,12
4698,[0.78529622 0.53631716],82,49,"[0.7597872492020543, 0.528305606483068]",49,10
4699,[0.75324831 0.67070683],19,53,"[0.7681832820464827, 0.6327372104307392]",102,-1
4700,[0.20272297 0.24089656],90,34,"[0.22317706824250913, 0.23387943431995686]",104,42
4701,[0.48879334 0.16685426],46,10,"[0.4982904339105401, 0.17462697492844612]",110,63
4702,[0.15495293 0.20979484],20,20,"[0.18106142669570233, 0.20480546739290073]",104,42
4703,[0.53188497 0.21773973],71,31,"[0.5509259779365981, 0.20365500329799469]",110,60
4704,[0.30479731 0.63945026],14,8,"[0.29185823944997474, 0.6822630454364129]",113,-1
4705,[0.29616502 0.37906048],77,1,"[0.31345252476490787, 0.39568681619531276]",113,81
4706,[0.18987545 0.28039136],47,19,"[0.1752933885253929, 0.2769931075732081]",104,42
4707,[0.6433938  0.13786542],80,90,"[0.6807795084802507, 0.1410405480143203]",-1,-1
4708,[0.27635393 0.28844671],67,21,"[0.24089021291760518, 0.30160856093346966]",-1,-1
4709,[0.87576728 0.37103968],39,84,"[0.8747370333854485, 0.3299307577245935]",-1,-1
4710,[0.62461957 0.35208291],72,56,"[0.6228765219922414, 0.3379402254620158]",-1,-1
4711,[0.53459291 0.35178627],76,23,"[0.5544996285461486, 0.3649814617648961]",110,-1
4712,[0.5046061  0.17696845],97,10,"[0.4982904339105401, 0.17462697492844612]",110,63
4713,[0.19487496 0.23921791],90,34,"[0.22317706824250913, 0.23387943431995686]",104,42
4714,[0.35310973 0.63860982],51,12,"[0.3563557933558874, 0.6600167756750083]",113,83
4715,[0.4989135  0.20183044],97,10,"[0.4982904339105401, 0.17462697492844612]",110,-1
4716,[0.07848518 0.83049645],64,71,"[0.10117111935954111, 0.7754028082579668]",-1,-1
4717,[0.42860657 0.83494088],41,41,"[0.4045860819360065, 0.8451095848913467]",113,70
4718,[0.10615229 0.21293696],95,57,"[0.11385950246950007, 0.22156166292214274]",104,-1
4719,[0.21489271 0.50419122],8,3,"[0.22590404659055946, 0.4809143921482596]",113,81
4720,[0.51000071 0.57710326],12,38,"[0.5222833502418962, 0.5760861920194034]",-1,-1
4721,[0.68837662 0.46087504],35,66,"[0.6892424870002536, 0.4809362987183399]",43,-1
4722,[0.38084075 0.58661267],73,5,"[0.3369928142177202, 0.5813431770807651]",113,-1
4723,[0.52621729 0.2893835 ],6,17,"[0.5266584783397147, 0.2925234389366824]",110,48
4724,[0.53908791 0.38900972],76,23,"[0.5544996285461486, 0.3649814617648961]",110,54
4725,[0.87508031 0.3137837 ],37,84,"[0.8747370333854485, 0.3299307577245935]",25,2
4726,[0.6399232  0.86706187],31,74,"[0.6387846519793019, 0.8886269005667045]",63,-1
4727,[0.54144709 0.20677151],71,31,"[0.5509259779365981, 0.20365500329799469]",110,-1
4728,[0.44830033 0.80827695],41,51,"[0.47563858561263794, 0.7978986338068428]",113,-1
4729,[0.78369071 0.22760022],57,9,"[0.7745160189749856, 0.22813324751878863]",36,12
4730,[0.17708019 0.36964388],55,76,"[0.1271293063442913, 0.39727223545070534]",-1,-1
4731,[0.15240434 0.49157183],42,14,"[0.16635912736795258, 0.4532667183848064]",113,66
4732,[0.56049098 0.69269724],81,28,"[0.572088563242004, 0.6648723747855627]",69,-1
4733,[0.29932765 0.66584482],98,8,"[0.29185823944997474, 0.6822630454364129]",113,74
4734,[0.44668515 0.62372307],51,18,"[0.4095647158889755, 0.6213093728466221]",-1,-1
4735,[0.12816173 0.3750031 ],47,76,"[0.1271293063442913, 0.39727223545070534]",-1,-1
4736,[0.89524748 0.79734776],52,50,"[0.8669550309977382, 0.8414428333530212]",-1,-1
4737,[0.84132419 0.70028697],56,65,"[0.8683963995203289, 0.7186203255414056]",98,24
4738,[0.64013812 0.87538781],53,74,"[0.6387846519793019, 0.8886269005667045]",63,-1
4739,[0.27287034 0.40509686],99,0,"[0.24505961735590134, 0.40258348756972934]",113,81
4740,[0.34151933 0.67049864],51,12,"[0.3563557933558874, 0.6600167756750083]",113,-1
4741,[0.19316827 0.21872796],67,20,"[0.18106142669570233, 0.20480546739290073]",104,-1
4742,[0.75503355 0.71288551],60,11,"[0.7285416878591984, 0.7120527989062413]",102,-1
4743,[0.20735399 0.28331897],36,19,"[0.1752933885253929, 0.2769931075732081]",104,42
4744,[0.32079305 0.44051488],99,1,"[0.31345252476490787, 0.39568681619531276]",113,75
4745,[0.19390037 0.07634179],79,73,"[0.15159497202623598, 0.099534542862727]",-1,-1
4746,[0.30115276 0.51174231],78,2,"[0.2982944979771574, 0.4928881704977565]",113,-1
4747,[0.4195387  0.83737636],41,41,"[0.4045860819360065, 0.8451095848913467]",113,70
4748,[0.12875559 0.21701489],95,57,"[0.11385950246950007, 0.22156166292214274]",104,42
4749,[0.23026838 0.68498074],25,32,"[0.21070106237511496, 0.6599645039522288]",113,-1
4750,[0.73220587 0.16882928],57,62,"[0.7592128314241189, 0.15406303015764497]",-1,-1
4751,[0.62785665 0.39997183],44,64,"[0.5873954455556146, 0.4184822956881117]",-1,-1
4752,[0.96703413 0.34956808],39,96,"[0.9242498114026001, 0.35811950872924947]",-1,-1
4753,[0.7800909  0.67254428],19,53,"[0.7681832820464827, 0.6327372104307392]",102,34
4754,[0.60252215 0.82166642],45,45,"[0.6014090517878816, 0.8253297621455221]",-1,-1
4755,[0.29055028 0.5874599 ],73,24,"[0.2575895391106446, 0.5636151717894005]",113,-1
4756,[0.42258889 0.69139836],9,59,"[0.4102385111598612, 0.7308207375545044]",-1,-1
4757,[0.36879448 0.79061406],23,22,"[0.4053244070468948, 0.7892325425819533]",113,-1
4758,[0.60289838 0.61828476],81,30,"[0.5893115951066175, 0.5856347360021498]",81,29
4759,[0.56346291 0.17074027],71,31,"[0.5509259779365981, 0.20365500329799469]",110,-1
4760,[0.78643155 0.76941237],52,16,"[0.7557129160895149, 0.7610612683801858]",102,-1
4761,[0.30764314 0.43681204],77,1,"[0.31345252476490787, 0.39568681619531276]",113,-1
4762,[0.42736459 0.3441016 ],65,13,"[0.3772074110661572, 0.3667665336396509]",-1,-1
4763,[0.17020858 0.18498421],95,20,"[0.18106142669570233, 0.20480546739290073]",104,42
4764,[0.53653775 0.55591713],74,38,"[0.5222833502418962, 0.5760861920194034]",80,-1
4765,[0.54774501 0.32793147],72,23,"[0.5544996285461486, 0.3649814617648961]",110,-1
4766,[0.54150611 0.49899059],16,68,"[0.5421113451424038, 0.49916034700705]",-1,-1
4767,[0.35591776 0.23372127],17,44,"[0.34401211644161456, 0.2727474001163449]",110,-1
4768,[0.73000392 0.73328206],60,11,"[0.7285416878591984, 0.7120527989062413]",102,57
4769,[0.17324924 0.18170903],90,20,"[0.18106142669570233, 0.20480546739290073]",104,42
4770,[0.80324776 0.22560683],38,9,"[0.7745160189749856, 0.22813324751878863]",36,12
4771,[0.8877703  0.64952825],56,83,"[0.9023954923676734, 0.6253829621221342]",90,-1
4772,[0.64695859 0.32469543],72,56,"[0.6228765219922414, 0.3379402254620158]",-1,-1
4773,[0.57575231 0.37515361],63,23,"[0.5544996285461486, 0.3649814617648961]",110,53
4774,[0.75207355 0.5321018 ],82,49,"[0.7597872492020543, 0.528305606483068]",50,10
4775,[0.15882561 0.46190885],96,14,"[0.16635912736795258, 0.4532667183848064]",113,69
4776,[0.11619716 0.15176694],95,86,"[0.10460029415455299, 0.15390780514892627]",104,42
4777,[0.17233344 0.14576657],67,7,"[0.16040334011861732, 0.1583747599262833]",104,42
4778,[0.31155789 0.46531455],34,2,"[0.2982944979771574, 0.4928881704977565]",113,-1
4779,[0.07093952 0.44861535],96,52,"[0.10837107196086664, 0.5019908555728455]",10,-1
4780,[0.17071305 0.39531745],96,76,"[0.1271293063442913, 0.39727223545070534]",-1,-1
4781,[0.78904492 0.70877397],60,25,"[0.8290893185566872, 0.6663325003431528]",102,-1
4782,[0.38491559 0.56475923],69,67,"[0.39991637370105465, 0.5429488636659977]",113,-1
4783,[0.75115187 0.34731833],30,36,"[0.718962763471204, 0.2995127644433783]",-1,-1
4784,[0.57436578 0.55132088],74,30,"[0.5893115951066175, 0.5856347360021498]",80,30
4785,[0.26360785 0.26313732],36,21,"[0.24089021291760518, 0.30160856093346966]",104,-1
4786,[0.25811233 0.22130349],67,34,"[0.22317706824250913, 0.23387943431995686]",104,-1
4787,[0.32548514 0.35504668],65,1,"[0.31345252476490787, 0.39568681619531276]",113,-1
4788,[0.1731822  0.63498793],15,70,"[0.16883511008014604, 0.6108734061004485]",113,43
4789,[0.63434038 0.62654358],12,60,"[0.6482027966760067, 0.6653053686977741]",-1,-1
4790,[0.86868819 0.30666173],37,84,"[0.8747370333854485, 0.3299307577245935]",25,2
4791,[0.29311042 0.62052029],62,5,"[0.3369928142177202, 0.5813431770807651]",113,-1
4792,[0.21249058 0.52139242],87,35,"[0.18006516204956544, 0.5309482406934538]",113,81
4793,[0.13088737 0.56567871],87,70,"[0.16883511008014604, 0.6108734061004485]",-1,-1
4794,[0.24314659 0.27017341],83,21,"[0.24089021291760518, 0.30160856093346966]",104,42
4795,[0.21011037 0.3487508 ],55,21,"[0.24089021291760518, 0.30160856093346966]",-1,-1
4796,[0.17531863 0.66922825],0,32,"[0.21070106237511496, 0.6599645039522288]",113,43
4797,[0.18774351 0.16618117],20,7,"[0.16040334011861732, 0.1583747599262833]",104,42
4798,[0.60640172 0.80913145],45,45,"[0.6014090517878816, 0.8253297621455221]",102,-1
4799,[0.7821177  0.29883303],30,39,"[0.7929729113380171, 0.306282578754693]",-1,-1
4800,[0.38093323 0.51113605],69,67,"[0.39991637370105465, 0.5429488636659977]",20,-1
4801,[0.72670586 0.25650303],86,36,"[0.718962763471204, 0.2995127644433783]",36,-1
4802,[0.30785482 0.08018256],2,-1,-1,-1,-1
4803,[0.41558958 0.28052072],17,40,"[0.4428604662933861, 0.22666876085097074]",-1,-1
4804,[0.57354884 0.23626827],22,58,"[0.5903496421521437, 0.26872112132208276]",110,-1
4805,[0.09601887 0.64644844],15,72,"[0.13389630971446978, 0.6701017461857026]",-1,-1
4806,[0.29947799 0.63370239],25,8,"[0.29185823944997474, 0.6822630454364129]",113,-1
4807,[0.48923452 0.19135283],97,10,"[0.4982904339105401, 0.17462697492844612]",110,-1
4808,[0.63384501 0.59121965],12,30,"[0.5893115951066175, 0.5856347360021498]",13,-1
4809,[0.35047435 0.70865995],84,26,"[0.34140158523352676, 0.7415276229463709]",113,76
4810,[0.1813304  0.47974534],34,14,"[0.16635912736795258, 0.4532667183848064]",113,81
4811,[0.72006612 0.77114537],31,16,"[0.7557129160895149, 0.7610612683801858]",102,56
4812,[0.37287583 0.5448136 ],69,67,"[0.39991637370105465, 0.5429488636659977]",113,-1
4813,[0.18793712 0.85760811],64,78,"[0.17639698191982223, 0.8335029307302414]",-1,-1
4814,[0.65363639 0.8315023 ],45,6,"[0.6704818259566957, 0.7868874266118806]",-1,-1
4815,[0.61752466 0.87266226],45,74,"[0.6387846519793019, 0.8886269005667045]",91,-1
4816,[0.26236202 0.43429763],94,0,"[0.24505961735590134, 0.40258348756972934]",113,81
4817,[0.66831986 0.41199579],35,46,"[0.6818606004752428, 0.39460805157892936]",43,-1
4818,[0.50683458 0.55508397],16,38,"[0.5222833502418962, 0.5760861920194034]",-1,-1
4819,[0.89922269 0.33263036],37,84,"[0.8747370333854485, 0.3299307577245935]",25,-1
4820,[0.76907838 0.17591034],93,62,"[0.7592128314241189, 0.15406303015764497]",36,-1
4821,[0.47017442 0.8760531 ],24,63,"[0.4663233365844979, 0.874422196988726]",-1,-1
4822,[0.31794128 0.62572845],62,5,"[0.3369928142177202, 0.5813431770807651]",113,80
4823,[0.81447813 0.19604979],93,93,"[0.8175047550160816, 0.1805576480903363]",36,-1
4824,[0.79201875 0.32679442],86,39,"[0.7929729113380171, 0.306282578754693]",35,-1
4825,[0.34388912 0.62816063],14,12,"[0.3563557933558874, 0.6600167756750083]",113,-1
4826,[0.21439273 0.66856349],13,32,"[0.21070106237511496, 0.6599645039522288]",113,44
4827,[0.8063331  0.34640339],86,39,"[0.7929729113380171, 0.306282578754693]",31,-1
4828,[0.56318029 0.21607425],75,31,"[0.5509259779365981, 0.20365500329799469]",110,61
4829,[0.85529035 0.64169304],27,25,"[0.8290893185566872, 0.6663325003431528]",98,-1
4830,[0.50096603 0.25251944],63,17,"[0.5266584783397147, 0.2925234389366824]",29,-1
4831,[0.57379352 0.39951272],76,64,"[0.5873954455556146, 0.4184822956881117]",110,-1
4832,[0.38360964 0.17030487],29,4,"[0.3827392388806571, 0.18315480574773338]",110,62
4833,[0.27119709 0.38588295],55,0,"[0.24505961735590134, 0.40258348756972934]",113,81
4834,[0.67526149 0.8370867 ],59,75,"[0.7159769487757391, 0.8473248623765012]",102,-1
4835,[0.19207442 0.28203825],83,19,"[0.1752933885253929, 0.2769931075732081]",104,42
4836,[0.28417818 0.48558233],73,2,"[0.2982944979771574, 0.4928881704977565]",113,81
4837,[0.28540293 0.6548914 ],13,8,"[0.29185823944997474, 0.6822630454364129]",113,-1
4838,[0.22658793 0.37168224],77,0,"[0.24505961735590134, 0.40258348756972934]",75,-1
4839,[0.8045903  0.79150684],26,48,"[0.8063574629792128, 0.8028480378432847]",86,32
4840,[0.15559742 0.1081943 ],90,73,"[0.15159497202623598, 0.099534542862727]",104,-1
4841,[0.42143216 0.83136999],41,41,"[0.4045860819360065, 0.8451095848913467]",113,70
4842,[0.49370011 0.18747816],18,10,"[0.4982904339105401, 0.17462697492844612]",110,63
4843,[0.55444864 0.30331119],22,17,"[0.5266584783397147, 0.2925234389366824]",110,-1
4844,[0.5254656  0.32570684],63,17,"[0.5266584783397147, 0.2925234389366824]",110,49
4845,[0.48737169 0.28122618],6,17,"[0.5266584783397147, 0.2925234389366824]",-1,-1
4846,[0.24613514 0.65903756],98,32,"[0.21070106237511496, 0.6599645039522288]",-1,-1
4847,[0.20004095 0.22472277],68,34,"[0.22317706824250913, 0.23387943431995686]",104,42
4848,[0.27738073 0.26392035],1,21,"[0.24089021291760518, 0.30160856093346966]",104,33
4849,[0.33368077 0.40837627],48,1,"[0.31345252476490787, 0.39568681619531276]",113,81
4850,[0.26921334 0.40058992],77,0,"[0.24505961735590134, 0.40258348756972934]",113,81
4851,[0.71706945 0.3729244 ],85,46,"[0.6818606004752428, 0.39460805157892936]",44,-1
4852,[0.12313697 0.52298493],42,52,"[0.10837107196086664, 0.5019908555728455]",113,-1
4853,[0.33951853 0.60403823],51,5,"[0.3369928142177202, 0.5813431770807651]",113,-1
4854,[0.81135883 0.79666656],52,48,"[0.8063574629792128, 0.8028480378432847]",86,32
4855,[0.47281898 0.14006257],46,15,"[0.4480198330140321, 0.13770311065471516]",110,63
4856,[0.13025949 0.86660255],21,47,"[0.12002015978901225, 0.8781802626724163]",22,7
4857,[0.62420945 0.1299287 ],71,37,"[0.590787313093903, 0.1287873361919935]",110,-1
4858,[0.80352846 0.47499216],39,61,"[0.8226541227267828, 0.49698240517173836]",71,-1
4859,[0.38638973 0.73736221],89,59,"[0.4102385111598612, 0.7308207375545044]",113,67
4860,[0.16103115 0.22228584],90,20,"[0.18106142669570233, 0.20480546739290073]",104,42
4861,[0.55004178 0.55114885],16,38,"[0.5222833502418962, 0.5760861920194034]",80,30
4862,[0.80213713 0.75182572],32,16,"[0.7557129160895149, 0.7610612683801858]",102,46
4863,[0.52880645 0.64161628],74,28,"[0.572088563242004, 0.6648723747855627]",-1,-1
4864,[0.49553412 0.17303934],97,10,"[0.4982904339105401, 0.17462697492844612]",110,63
4865,[0.78660954 0.21433736],57,9,"[0.7745160189749856, 0.22813324751878863]",36,12
4866,[0.73520648 0.51143953],11,49,"[0.7597872492020543, 0.528305606483068]",50,10
4867,[0.67878721 0.74615773],59,6,"[0.6704818259566957, 0.7868874266118806]",102,-1
4868,[0.30247492 0.72053218],84,8,"[0.29185823944997474, 0.6822630454364129]",113,79
4869,[0.26892601 0.39409854],48,0,"[0.24505961735590134, 0.40258348756972934]",113,81
4870,[0.78772374 0.60675536],27,53,"[0.7681832820464827, 0.6327372104307392]",28,13
4871,[0.31867446 0.52656767],5,2,"[0.2982944979771574, 0.4928881704977565]",113,-1
4872,[0.50054877 0.6730849 ],81,88,"[0.49693056847195605, 0.6857701176055397]",4,-1
4873,[0.38265512 0.18510479],92,4,"[0.3827392388806571, 0.18315480574773338]",110,-1
4874,[0.43234785 0.75749172],88,59,"[0.4102385111598612, 0.7308207375545044]",113,-1
4875,[0.69050872 0.80682062],59,6,"[0.6704818259566957, 0.7868874266118806]",102,50
4876,[0.18198623 0.10509589],66,73,"[0.15159497202623598, 0.099534542862727]",-1,-1
4877,[0.1668596  0.48021679],7,14,"[0.16635912736795258, 0.4532667183848064]",113,-1
4878,[0.27236608 0.39086124],65,0,"[0.24505961735590134, 0.40258348756972934]",113,81
4879,[0.20164094 0.10145463],79,73,"[0.15159497202623598, 0.099534542862727]",-1,-1
4880,[0.25076456 0.60690694],14,24,"[0.2575895391106446, 0.5636151717894005]",-1,-1
4881,[0.78603756 0.72941793],32,16,"[0.7557129160895149, 0.7610612683801858]",102,-1
4882,[0.14513122 0.43999606],96,14,"[0.16635912736795258, 0.4532667183848064]",-1,-1
4883,[0.42972136 0.53101883],9,67,"[0.39991637370105465, 0.5429488636659977]",18,-1
4884,[0.46427351 0.12489819],61,15,"[0.4480198330140321, 0.13770311065471516]",110,-1
4885,[0.12042212 0.10169163],66,73,"[0.15159497202623598, 0.099534542862727]",-1,-1
4886,[0.60020264 0.44097812],76,64,"[0.5873954455556146, 0.4184822956881117]",-1,-1
4887,[0.31836215 0.41178514],48,1,"[0.31345252476490787, 0.39568681619531276]",113,81
4888,[0.17058619 0.47921294],87,14,"[0.16635912736795258, 0.4532667183848064]",113,69
4889,[0.67665189 0.4440489 ],44,66,"[0.6892424870002536, 0.4809362987183399]",43,4
4890,[0.46996719 0.86266848],24,63,"[0.4663233365844979, 0.874422196988726]",93,23
4891,[0.56296726 0.4091274 ],76,64,"[0.5873954455556146, 0.4184822956881117]",110,-1
4892,[0.16371374 0.10478508],66,73,"[0.15159497202623598, 0.099534542862727]",104,-1
4893,[0.2879692  0.45454156],99,2,"[0.2982944979771574, 0.4928881704977565]",113,81
4894,[0.66816301 0.79243809],31,6,"[0.6704818259566957, 0.7868874266118806]",102,-1
4895,[0.56192751 0.280605  ],22,58,"[0.5903496421521437, 0.26872112132208276]",110,-1
4896,[0.42290942 0.06513081],29,92,"[0.3725508188236613, 0.1071489353939289]",-1,-1
4897,[0.24792812 0.25204587],36,34,"[0.22317706824250913, 0.23387943431995686]",-1,-1
4898,[0.57292756 0.66740134],40,28,"[0.572088563242004, 0.6648723747855627]",69,-1
4899,[0.13254747 0.12427592],79,73,"[0.15159497202623598, 0.099534542862727]",104,42
4900,[0.88911735 0.57300888],27,43,"[0.8559722074695512, 0.5768738433864216]",-1,-1
4901,[0.82016991 0.53425224],28,61,"[0.8226541227267828, 0.49698240517173836]",-1,-1
4902,[0.25038739 0.40718479],55,0,"[0.24505961735590134, 0.40258348756972934]",113,81
4903,[0.16475886 0.28077144],36,19,"[0.1752933885253929, 0.2769931075732081]",104,42
4904,[0.30078124 0.5413912 ],34,2,"[0.2982944979771574, 0.4928881704977565]",113,-1
4905,[0.13983185 0.13199564],20,7,"[0.16040334011861732, 0.1583747599262833]",104,42
4906,[0.28594362 0.39360827],99,1,"[0.31345252476490787, 0.39568681619531276]",113,-1
4907,[0.82530963 0.32488407],37,39,"[0.7929729113380171, 0.306282578754693]",-1,-1
4908,[0.38289213 0.7417502 ],89,59,"[0.4102385111598612, 0.7308207375545044]",113,67
4909,[0.78671705 0.48452199],28,61,"[0.8226541227267828, 0.49698240517173836]",-1,3
4910,[0.12778407 0.381248  ],96,76,"[0.1271293063442913, 0.39727223545070534]",-1,-1
4911,[0.76198833 0.66112546],19,53,"[0.7681832820464827, 0.6327372104307392]",-1,-1
4912,[0.66496078 0.63019003],19,60,"[0.6482027966760067, 0.6653053686977741]",30,1
4913,[0.54721552 0.66478599],12,28,"[0.572088563242004, 0.6648723747855627]",69,26
4914,[0.54840798 0.19761776],18,31,"[0.5509259779365981, 0.20365500329799469]",110,61
4915,[0.30605091 0.36165541],43,1,"[0.31345252476490787, 0.39568681619531276]",113,81
4916,[0.26030583 0.36728387],43,0,"[0.24505961735590134, 0.40258348756972934]",113,-1
4917,[0.2809619  0.40966438],43,1,"[0.31345252476490787, 0.39568681619531276]",113,81
4918,[0.29066741 0.17268134],68,29,"[0.29724643836137565, 0.21152192866347855]",51,-1
4919,[0.56227948 0.17045958],80,31,"[0.5509259779365981, 0.20365500329799469]",110,58
4920,[0.21605819 0.62707579],25,32,"[0.21070106237511496, 0.6599645039522288]",113,-1
4921,[0.42439849 0.20516592],61,40,"[0.4428604662933861, 0.22666876085097074]",110,-1
4922,[0.19908021 0.16041772],20,54,"[0.23065754032548644, 0.16311462163198792]",104,42
4923,[0.80349907 0.62847719],4,53,"[0.7681832820464827, 0.6327372104307392]",-1,-1
4924,[0.61511347 0.34487174],22,56,"[0.6228765219922414, 0.3379402254620158]",-1,-1
4925,[0.64617538 0.77208672],53,6,"[0.6704818259566957, 0.7868874266118806]",102,-1
4926,[0.23808327 0.56213969],78,24,"[0.2575895391106446, 0.5636151717894005]",113,-1
4927,[0.17021714 0.18015353],79,7,"[0.16040334011861732, 0.1583747599262833]",104,42
4928,[0.33046486 0.52630835],5,2,"[0.2982944979771574, 0.4928881704977565]",113,-1
4929,[0.2353297  0.43512474],34,0,"[0.24505961735590134, 0.40258348756972934]",113,81
4930,[0.73570111 0.51762572],82,49,"[0.7597872492020543, 0.528305606483068]",50,10
4931,[0.46306654 0.86845105],10,63,"[0.4663233365844979, 0.874422196988726]",93,23
4932,[0.32700721 0.41718973],65,1,"[0.31345252476490787, 0.39568681619531276]",113,81
4933,[0.11045268 0.48691484],87,52,"[0.10837107196086664, 0.5019908555728455]",113,-1
4934,[0.32946292 0.35200329],43,1,"[0.31345252476490787, 0.39568681619531276]",113,-1
4935,[0.7129396  0.44209463],44,79,"[0.7440923457598303, 0.4172681159825393]",43,4
4936,[0.27346021 0.51357531],69,2,"[0.2982944979771574, 0.4928881704977565]",113,81
4937,[0.39383492 0.25890547],17,44,"[0.34401211644161456, 0.2727474001163449]",53,-1
4938,[0.7998084 0.6161322],4,53,"[0.7681832820464827, 0.6327372104307392]",-1,-1
4939,[0.19083364 0.0201076 ],66,-1,-1,-1,-1
4940,[0.41089556 0.35592974],70,13,"[0.3772074110661572, 0.3667665336396509]",-1,-1
4941,[0.78370677 0.67947713],19,25,"[0.8290893185566872, 0.6663325003431528]",102,-1
4942,[0.11588049 0.48743087],42,52,"[0.10837107196086664, 0.5019908555728455]",113,-1
4943,[0.1231515  0.14526555],20,86,"[0.10460029415455299, 0.15390780514892627]",104,42
4944,[0.82162668 0.16927927],93,93,"[0.8175047550160816, 0.1805576480903363]",-1,-1
4945,[0.83014044 0.66059185],27,25,"[0.8290893185566872, 0.6663325003431528]",102,24
4946,[0.83532457 0.55105618],82,43,"[0.8559722074695512, 0.5768738433864216]",-1,-1
4947,[0.76388854 0.67011172],19,53,"[0.7681832820464827, 0.6327372104307392]",102,-1
4948,[0.26168862 0.47544317],78,3,"[0.22590404659055946, 0.4809143921482596]",113,-1
4949,[0.75185027 0.73578265],32,16,"[0.7557129160895149, 0.7610612683801858]",102,-1
4950,[0.64706559 0.74235208],3,27,"[0.6091441642186142, 0.7391629772413223]",102,-1
4951,[0.17015701 0.12455383],20,73,"[0.15159497202623598, 0.099534542862727]",104,-1
4952,[0.17599214 0.1542495 ],90,7,"[0.16040334011861732, 0.1583747599262833]",104,42
4953,[0.28141617 0.47477951],78,2,"[0.2982944979771574, 0.4928881704977565]",113,81
4954,[0.32762404 0.65730481],51,12,"[0.3563557933558874, 0.6600167756750083]",113,83
4955,[0.71583044 0.24818033],57,33,"[0.712147299809196, 0.21396583181069667]",-1,-1
4956,[0.37089673 0.39462985],70,13,"[0.3772074110661572, 0.3667665336396509]",113,81
4957,[0.23940895 0.65576001],0,32,"[0.21070106237511496, 0.6599645039522288]",-1,-1
4958,[0.23093917 0.42927457],42,0,"[0.24505961735590134, 0.40258348756972934]",113,81
4959,[0.88022926 0.86979245],26,50,"[0.8669550309977382, 0.8414428333530212]",-1,-1
4960,[0.10310736 0.15433416],95,86,"[0.10460029415455299, 0.15390780514892627]",-1,-1
4961,[0.84129667 0.27390332],30,87,"[0.8400115250570579, 0.2635503368487671]",-1,-1
4962,[0.39925083 0.67524166],14,12,"[0.3563557933558874, 0.6600167756750083]",113,77
4963,[0.44280189 0.21155427],29,40,"[0.4428604662933861, 0.22666876085097074]",110,-1
4964,[0.73848472 0.25321423],93,9,"[0.7745160189749856, 0.22813324751878863]",36,-1
4965,[0.48155431 0.10071694],29,69,"[0.5153460121236064, 0.11707314703881673]",110,-1
4966,[0.33529486 0.56026223],73,5,"[0.3369928142177202, 0.5813431770807651]",113,68
4967,[0.31039618 0.32278446],65,44,"[0.34401211644161456, 0.2727474001163449]",-1,-1
4968,[0.74450112 0.64899153],19,53,"[0.7681832820464827, 0.6327372104307392]",-1,-1
4969,[0.3663753  0.59186318],69,5,"[0.3369928142177202, 0.5813431770807651]",113,84
4970,[0.55838776 0.12740208],75,37,"[0.590787313093903, 0.1287873361919935]",109,-1
4971,[0.7307528  0.23012322],57,33,"[0.712147299809196, 0.21396583181069667]",36,-1
4972,[0.43152143 0.15757092],29,15,"[0.4480198330140321, 0.13770311065471516]",110,63
4973,[0.71179765 0.70398523],60,11,"[0.7285416878591984, 0.7120527989062413]",102,-1
4974,[0.89434745 0.47263041],39,94,"[0.8753265847499492, 0.4535299653068886]",-1,-1
4975,[0.17128199 0.2320456 ],83,20,"[0.18106142669570233, 0.20480546739290073]",104,42
4976,[0.17836715 0.97040357],21,-1,-1,-1,-1
4977,[0.36624864 0.70625632],98,26,"[0.34140158523352676, 0.7415276229463709]",113,-1
4978,[0.30901154 0.38375934],43,1,"[0.31345252476490787, 0.39568681619531276]",113,81
4979,[0.80178865 0.65390881],56,25,"[0.8290893185566872, 0.6663325003431528]",102,24
4980,[0.72929172 0.69616886],60,11,"[0.7285416878591984, 0.7120527989062413]",102,-1
4981,[0.57561684 0.32430999],6,23,"[0.5544996285461486, 0.3649814617648961]",-1,-1
4982,[0.1963017  0.14961922],36,54,"[0.23065754032548644, 0.16311462163198792]",104,42
4983,[0.74812985 0.45360246],82,79,"[0.7440923457598303, 0.4172681159825393]",-1,-1
4984,[0.89638557 0.6916084 ],56,65,"[0.8683963995203289, 0.7186203255414056]",-1,-1
4985,[0.21842976 0.65192907],98,32,"[0.21070106237511496, 0.6599645039522288]",113,44
4986,[0.80305946 0.54607982],28,49,"[0.7597872492020543, 0.528305606483068]",49,10
4987,[0.72605686 0.27992   ],30,36,"[0.718962763471204, 0.2995127644433783]",36,-1
4988,[0.58094268 0.36121093],33,23,"[0.5544996285461486, 0.3649814617648961]",110,-1
4989,[0.36250493 0.60733634],54,5,"[0.3369928142177202, 0.5813431770807651]",113,84
4990,[0.17508832 0.55120878],87,35,"[0.18006516204956544, 0.5309482406934538]",-1,-1
4991,[0.61446723 0.27975531],22,58,"[0.5903496421521437, 0.26872112132208276]",64,-1
4992,[0.21546175 0.65151409],25,32,"[0.21070106237511496, 0.6599645039522288]",113,44
4993,[0.44254131 0.84373112],41,41,"[0.4045860819360065, 0.8451095848913467]",-1,-1
4994,[0.31208956 0.54739547],5,5,"[0.3369928142177202, 0.5813431770807651]",113,-1
4995,[0.05059952 0.18199557],95,86,"[0.10460029415455299, 0.15390780514892627]",-1,-1
4996,[0.24732838 0.40239053],55,0,"[0.24505961735590134, 0.40258348756972934]",113,81
4997,[0.33900402 0.43802727],48,91,"[0.38272617373285694, 0.45406707742979985]",-1,-1
4998,[0.57481549 0.39243877],76,64,"[0.5873954455556146, 0.4184822956881117]",110,53
4999,[0.7666894  0.20453148],38,9,"[0.7745160189749856, 0.22813324751878863]",36,12
5000,[0.09575161 0.45396447],96,52,"[0.10837107196086664, 0.5019908555728455]",100,-1
5001,[0.38735868 0.55754453],54,67,"[0.39991637370105465, 0.5429488636659977]",-1,-1
5002,[0.68183318 0.32429687],44,36,"[0.718962763471204, 0.2995127644433783]",41,-1
5003,[0.31449897 0.53003207],73,2,"[0.2982944979771574, 0.4928881704977565]",113,78
5004,[0.57042405 0.52317067],16,68,"[0.5421113451424038, 0.49916034700705]",-1,-1
5005,[0.81997252 0.47863585],28,61,"[0.8226541227267828, 0.49698240517173836]",-1,-1
5006,[0.88609157 0.6246726 ],27,83,"[0.9023954923676734, 0.6253829621221342]",90,-1
5007,[0.48159811 0.14242856],29,15,"[0.4480198330140321, 0.13770311065471516]",110,63
5008,[0.22425428 0.4305741 ],55,0,"[0.24505961735590134, 0.40258348756972934]",113,81
5009,[0.18959029 0.55638073],8,35,"[0.18006516204956544, 0.5309482406934538]",113,-1
5010,[0.6257947  0.73649038],59,27,"[0.6091441642186142, 0.7391629772413223]",-1,36
5011,[0.17716397 0.07474177],66,73,"[0.15159497202623598, 0.099534542862727]",-1,-1
5012,[0.62823995 0.76338529],59,27,"[0.6091441642186142, 0.7391629772413223]",102,-1
5013,[0.61670599 0.59208106],12,30,"[0.5893115951066175, 0.5856347360021498]",-1,-1
5014,[0.39103751 0.11876199],2,92,"[0.3725508188236613, 0.1071489353939289]",-1,-1
5015,[0.15697402 0.53962373],87,35,"[0.18006516204956544, 0.5309482406934538]",113,64
5016,[0.71452205 0.53677278],82,49,"[0.7597872492020543, 0.528305606483068]",50,-1
5017,[0.36804596 0.60619548],51,5,"[0.3369928142177202, 0.5813431770807651]",113,84
5018,[0.25003252 0.70832759],25,81,"[0.2526303993585153, 0.7288181375759063]",113,-1
5019,[0.2167155  0.36357438],34,0,"[0.24505961735590134, 0.40258348756972934]",75,-1
5020,[0.75143073 0.7464727 ],32,16,"[0.7557129160895149, 0.7610612683801858]",102,-1
5021,[0.54326821 0.20048824],71,31,"[0.5509259779365981, 0.20365500329799469]",110,61
5022,[0.33805911 0.6491932 ],14,12,"[0.3563557933558874, 0.6600167756750083]",113,-1
5023,[0.32462642 0.54636779],69,5,"[0.3369928142177202, 0.5813431770807651]",113,-1
5024,[0.6747921  0.43606533],44,46,"[0.6818606004752428, 0.39460805157892936]",43,4
5025,[0.13321486 0.41599703],96,76,"[0.1271293063442913, 0.39727223545070534]",108,-1
5026,[0.16840349 0.40393575],94,76,"[0.1271293063442913, 0.39727223545070534]",-1,-1
5027,[0.19416396 0.35846362],83,0,"[0.24505961735590134, 0.40258348756972934]",-1,-1
5028,[0.25924066 0.47649837],78,3,"[0.22590404659055946, 0.4809143921482596]",113,81
5029,[0.54686487 0.2550884 ],22,17,"[0.5266584783397147, 0.2925234389366824]",110,-1
5030,[0.7782739  0.24222763],30,9,"[0.7745160189749856, 0.22813324751878863]",36,12
5031,[0.38421255 0.04633038],29,92,"[0.3725508188236613, 0.1071489353939289]",-1,-1
5032,[0.22007482 0.09214386],79,73,"[0.15159497202623598, 0.099534542862727]",-1,-1
5033,[0.44470915 0.77512733],88,51,"[0.47563858561263794, 0.7978986338068428]",113,-1
5034,[0.48458656 0.30834123],6,17,"[0.5266584783397147, 0.2925234389366824]",-1,-1
5035,[0.8036738 0.2190877],38,9,"[0.7745160189749856, 0.22813324751878863]",36,12
5036,[0.63374865 0.80581354],31,45,"[0.6014090517878816, 0.8253297621455221]",102,40
5037,[0.77855565 0.24335122],30,9,"[0.7745160189749856, 0.22813324751878863]",36,12
5038,[0.22244984 0.45879074],8,3,"[0.22590404659055946, 0.4809143921482596]",113,81
5039,[0.39033049 0.83631086],10,41,"[0.4045860819360065, 0.8451095848913467]",113,-1
5040,[0.52573027 0.43424558],76,77,"[0.5067154617511884, 0.39780872086571867]",-1,-1
5041,[0.10760288 0.43012822],96,76,"[0.1271293063442913, 0.39727223545070534]",-1,-1
5042,[0.76433149 0.38826674],39,79,"[0.7440923457598303, 0.4172681159825393]",-1,-1
5043,[0.74938167 0.7616781 ],32,16,"[0.7557129160895149, 0.7610612683801858]",102,-1
5044,[0.13168018 0.62385695],15,70,"[0.16883511008014604, 0.6108734061004485]",-1,-1
5045,[0.72423561 0.25864701],49,36,"[0.718962763471204, 0.2995127644433783]",36,-1
5046,[0.56083924 0.86770426],45,89,"[0.5577955894805164, 0.8749894575544954]",-1,-1
5047,[0.83212086 0.6766964 ],56,25,"[0.8290893185566872, 0.6663325003431528]",98,24
5048,[0.66125403 0.87370726],45,74,"[0.6387846519793019, 0.8886269005667045]",63,-1
5049,[0.80916004 0.78290555],26,48,"[0.8063574629792128, 0.8028480378432847]",86,32
5050,[0.33766474 0.33216881],65,13,"[0.3772074110661572, 0.3667665336396509]",-1,-1
5051,[0.15437491 0.88995021],21,47,"[0.12002015978901225, 0.8781802626724163]",21,-1
5052,[0.81233226 0.75615022],60,48,"[0.8063574629792128, 0.8028480378432847]",102,46
5053,[0.83827987 0.61187308],27,43,"[0.8559722074695512, 0.5768738433864216]",99,22
5054,[0.50470761 0.7707883 ],41,51,"[0.47563858561263794, 0.7978986338068428]",0,-1
5055,[0.38407517 0.53978502],69,67,"[0.39991637370105465, 0.5429488636659977]",113,-1
5056,[0.70870572 0.16765009],49,90,"[0.6807795084802507, 0.1410405480143203]",36,-1
5057,[0.21913145 0.52318854],78,35,"[0.18006516204956544, 0.5309482406934538]",113,81
5058,[0.82632829 0.81842482],26,48,"[0.8063574629792128, 0.8028480378432847]",67,-1
5059,[0.61721512 0.18863249],75,55,"[0.6160291566716146, 0.18582080836242268]",110,37
5060,[0.12675818 0.80189275],58,71,"[0.10117111935954111, 0.7754028082579668]",-1,-1
5061,[0.32830113 0.68595013],14,8,"[0.29185823944997474, 0.6822630454364129]",113,-1
5062,[0.57669056 0.26722008],22,58,"[0.5903496421521437, 0.26872112132208276]",-1,-1
5063,[0.31803848 0.3799977 ],43,1,"[0.31345252476490787, 0.39568681619531276]",113,-1
5064,[0.80977178 0.53696276],28,61,"[0.8226541227267828, 0.49698240517173836]",49,-1
5065,[0.42241828 0.7155214 ],23,59,"[0.4102385111598612, 0.7308207375545044]",-1,-1
5066,[0.18658966 0.17954723],79,20,"[0.18106142669570233, 0.20480546739290073]",104,42
5067,[0.80335702 0.70441759],60,25,"[0.8290893185566872, 0.6663325003431528]",-1,-1
5068,[0.34581681 0.65596493],14,12,"[0.3563557933558874, 0.6600167756750083]",113,83
5069,[0.59440424 0.7680089 ],59,27,"[0.6091441642186142, 0.7391629772413223]",-1,-1
5070,[0.36212871 0.57428123],62,5,"[0.3369928142177202, 0.5813431770807651]",113,-1
5071,[0.17563497 0.28739078],83,19,"[0.1752933885253929, 0.2769931075732081]",104,42
5072,[0.31184407 0.70894197],14,8,"[0.29185823944997474, 0.6822630454364129]",113,-1
5073,[0.44884377 0.17488349],92,15,"[0.4480198330140321, 0.13770311065471516]",110,63
5074,[0.73331479 0.67570464],19,11,"[0.7285416878591984, 0.7120527989062413]",102,-1
5075,[0.32068759 0.79994006],84,82,"[0.32758089961125464, 0.809330839306685]",82,-1
5076,[0.58502133 0.64329114],40,28,"[0.572088563242004, 0.6648723747855627]",81,29
5077,[0.16206145 0.79771098],58,78,"[0.17639698191982223, 0.8335029307302414]",59,9
5078,[0.2035277  0.32071688],47,21,"[0.24089021291760518, 0.30160856093346966]",104,42
5079,[0.33520092 0.16725544],2,4,"[0.3827392388806571, 0.18315480574773338]",110,-1
5080,[0.21093605 0.28591397],83,21,"[0.24089021291760518, 0.30160856093346966]",104,42
5081,[0.29309169 0.43923384],99,1,"[0.31345252476490787, 0.39568681619531276]",113,-1
5082,[0.79249879 0.71390633],32,16,"[0.7557129160895149, 0.7610612683801858]",102,46
5083,[0.81777663 0.27078601],30,87,"[0.8400115250570579, 0.2635503368487671]",-1,-1
5084,[0.68000288 0.43324819],35,46,"[0.6818606004752428, 0.39460805157892936]",43,4
5085,[0.13157958 0.47301517],42,52,"[0.10837107196086664, 0.5019908555728455]",-1,-1
5086,[0.73398482 0.22192589],93,33,"[0.712147299809196, 0.21396583181069667]",36,-1
5087,[0.19806357 0.6418968 ],15,32,"[0.21070106237511496, 0.6599645039522288]",-1,-1
5088,[0.45403134 0.80777037],23,51,"[0.47563858561263794, 0.7978986338068428]",113,-1
5089,[0.3892076  0.15030094],2,4,"[0.3827392388806571, 0.18315480574773338]",110,-1
5090,[0.86512787 0.41880003],39,94,"[0.8753265847499492, 0.4535299653068886]",-1,-1
5091,[0.40565338 0.56198353],54,67,"[0.39991637370105465, 0.5429488636659977]",-1,-1
5092,[0.1880983  0.45746059],42,14,"[0.16635912736795258, 0.4532667183848064]",113,81
5093,[0.79840033 0.72269402],60,16,"[0.7557129160895149, 0.7610612683801858]",102,46
5094,[0.26716606 0.5280997 ],7,24,"[0.2575895391106446, 0.5636151717894005]",113,-1
5095,[0.68549862 0.64065798],19,60,"[0.6482027966760067, 0.6653053686977741]",-1,-1
5096,[0.48292259 0.79830093],88,51,"[0.47563858561263794, 0.7978986338068428]",113,-1
5097,[0.27339737 0.50490227],73,2,"[0.2982944979771574, 0.4928881704977565]",113,81
5098,[0.81008682 0.85495866],52,95,"[0.8179696228241676, 0.8855176666788548]",56,-1
5099,[0.23117264 0.49463443],8,3,"[0.22590404659055946, 0.4809143921482596]",113,81
5100,[0.5421953  0.61457813],16,38,"[0.5222833502418962, 0.5760861920194034]",-1,-1
5101,[0.56271927 0.44936505],33,64,"[0.5873954455556146, 0.4184822956881117]",-1,-1
5102,[0.21479928 0.45862679],34,3,"[0.22590404659055946, 0.4809143921482596]",113,81
5103,[0.21826123 0.13442978],66,54,"[0.23065754032548644, 0.16311462163198792]",104,-1
5104,[0.80681701 0.17580404],93,93,"[0.8175047550160816, 0.1805576480903363]",-1,-1
5105,[0.12895577 0.86720102],64,47,"[0.12002015978901225, 0.8781802626724163]",22,7
5106,[0.54953165 0.6205201 ],40,28,"[0.572088563242004, 0.6648723747855627]",-1,-1
5107,[0.23602287 0.63035734],98,32,"[0.21070106237511496, 0.6599645039522288]",-1,-1
5108,[0.40168003 0.18637418],92,4,"[0.3827392388806571, 0.18315480574773338]",110,63
5109,[0.78157    0.82393346],60,48,"[0.8063574629792128, 0.8028480378432847]",65,-1
5110,[0.90182091 0.23335708],37,97,"[0.9117696710959879, 0.2607718115134211]",-1,-1
5111,[0.19344818 0.61496453],15,70,"[0.16883511008014604, 0.6108734061004485]",113,-1
5112,[0.39895632 0.7856918 ],23,22,"[0.4053244070468948, 0.7892325425819533]",113,-1
5113,[0.26851633 0.38286521],83,0,"[0.24505961735590134, 0.40258348756972934]",113,81
5114,[0.3394054  0.15601154],2,4,"[0.3827392388806571, 0.18315480574773338]",-1,-1
5115,[0.59250808 0.32038534],63,56,"[0.6228765219922414, 0.3379402254620158]",110,-1
5116,[0.30475122 0.75843661],84,26,"[0.34140158523352676, 0.7415276229463709]",112,-1
5117,[0.85335516 0.80200486],32,50,"[0.8669550309977382, 0.8414428333530212]",54,15
5118,[0.21441983 0.47323316],77,3,"[0.22590404659055946, 0.4809143921482596]",113,81
5119,[0.56683188 0.20839266],97,31,"[0.5509259779365981, 0.20365500329799469]",110,61
5120,[0.36786439 0.77736275],89,22,"[0.4053244070468948, 0.7892325425819533]",113,-1
5121,[0.51627494 0.59695309],74,38,"[0.5222833502418962, 0.5760861920194034]",-1,-1
5122,[0.76033382 0.17908838],93,62,"[0.7592128314241189, 0.15406303015764497]",36,-1
5123,[0.22032036 0.49115222],7,3,"[0.22590404659055946, 0.4809143921482596]",113,81
5124,[0.19228868 0.20633492],67,20,"[0.18106142669570233, 0.20480546739290073]",104,42
5125,[0.77024901 0.196856  ],30,9,"[0.7745160189749856, 0.22813324751878863]",36,12
5126,[0.24618688 0.63301312],25,32,"[0.21070106237511496, 0.6599645039522288]",-1,-1
5127,[0.38720442 0.73660483],13,59,"[0.4102385111598612, 0.7308207375545044]",113,67
5128,[0.73407669 0.16964324],49,62,"[0.7592128314241189, 0.15406303015764497]",36,-1
5129,[0.24833135 0.42466898],77,0,"[0.24505961735590134, 0.40258348756972934]",113,81
5130,[0.38628309 0.74301656],89,59,"[0.4102385111598612, 0.7308207375545044]",113,67
5131,[0.73816813 0.45301936],35,79,"[0.7440923457598303, 0.4172681159825393]",-1,-1
5132,[0.18180215 0.28030599],47,19,"[0.1752933885253929, 0.2769931075732081]",104,42
5133,[0.61937244 0.80934628],53,45,"[0.6014090517878816, 0.8253297621455221]",-1,-1
5134,[0.56187532 0.25448076],22,58,"[0.5903496421521437, 0.26872112132208276]",110,-1
5135,[0.405811   0.81152165],10,22,"[0.4053244070468948, 0.7892325425819533]",113,-1
5136,[0.95675394 0.85686179],52,98,"[0.942733982760607, 0.8236412439484]",-1,-1
5137,[0.78434762 0.48902508],28,61,"[0.8226541227267828, 0.49698240517173836]",-1,-1
5138,[0.58176667 0.63327106],40,28,"[0.572088563242004, 0.6648723747855627]",81,29
5139,[0.43838504 0.50425597],16,67,"[0.39991637370105465, 0.5429488636659977]",-1,-1
5140,[0.09634188 0.86252338],21,47,"[0.12002015978901225, 0.8781802626724163]",19,-1
5141,[0.35301462 0.78620802],23,82,"[0.32758089961125464, 0.809330839306685]",-1,-1
5142,[0.18026798 0.48444401],34,14,"[0.16635912736795258, 0.4532667183848064]",113,81
5143,[0.33044038 0.54445324],54,5,"[0.3369928142177202, 0.5813431770807651]",113,72
5144,[0.4349186  0.78909649],88,22,"[0.4053244070468948, 0.7892325425819533]",113,71
5145,[0.53119541 0.12960673],18,69,"[0.5153460121236064, 0.11707314703881673]",110,63
5146,[0.57735895 0.1608998 ],80,37,"[0.590787313093903, 0.1287873361919935]",110,59
5147,[0.80088938 0.23094766],57,9,"[0.7745160189749856, 0.22813324751878863]",36,-1
5148,[0.63770133 0.10031601],80,37,"[0.590787313093903, 0.1287873361919935]",-1,-1
5149,[0.39514197 0.73825628],41,59,"[0.4102385111598612, 0.7308207375545044]",113,-1
5150,[0.91466442 0.59590127],4,83,"[0.9023954923676734, 0.6253829621221342]",15,-1
5151,[0.15655235 0.23651697],83,20,"[0.18106142669570233, 0.20480546739290073]",104,42
5152,[0.34728055 0.24065722],17,44,"[0.34401211644161456, 0.2727474001163449]",110,-1
5153,[0.9827438  0.59304023],4,-1,-1,-1,-1
5154,[0.74285441 0.76002033],50,16,"[0.7557129160895149, 0.7610612683801858]",102,-1
5155,[0.33742656 0.69589681],89,12,"[0.3563557933558874, 0.6600167756750083]",113,-1
5156,[0.27353007 0.41351542],73,0,"[0.24505961735590134, 0.40258348756972934]",113,81
5157,[0.52092654 0.08625521],29,69,"[0.5153460121236064, 0.11707314703881673]",-1,-1
5158,[0.56147998 0.10882863],71,37,"[0.590787313093903, 0.1287873361919935]",109,-1
5159,[0.40152239 0.21019927],92,4,"[0.3827392388806571, 0.18315480574773338]",110,63
5160,[0.41039712 0.11239168],29,92,"[0.3725508188236613, 0.1071489353939289]",-1,-1
5161,[0.6124188  0.85005519],31,45,"[0.6014090517878816, 0.8253297621455221]",-1,-1
5162,[0.71868422 0.19216246],57,33,"[0.712147299809196, 0.21396583181069667]",36,6
5163,[0.39243612 0.81651558],10,22,"[0.4053244070468948, 0.7892325425819533]",113,71
5164,[0.11971549 0.11495248],20,73,"[0.15159497202623598, 0.099534542862727]",-1,-1
5165,[0.48363971 0.83266735],88,51,"[0.47563858561263794, 0.7978986338068428]",-1,-1
5166,[0.67041825 0.80589474],53,6,"[0.6704818259566957, 0.7868874266118806]",102,-1
5167,[0.5841     0.33114359],22,56,"[0.6228765219922414, 0.3379402254620158]",110,-1
5168,[0.68026368 0.82039859],32,6,"[0.6704818259566957, 0.7868874266118806]",102,50
5169,[0.11202271 0.15874999],20,86,"[0.10460029415455299, 0.15390780514892627]",104,42
5170,[0.71841682 0.69234263],3,11,"[0.7285416878591984, 0.7120527989062413]",102,-1
5171,[0.40104302 0.19090864],92,4,"[0.3827392388806571, 0.18315480574773338]",110,63
5172,[0.21316373 0.4464217 ],94,3,"[0.22590404659055946, 0.4809143921482596]",113,81
5173,[0.87483734 0.4654736 ],39,94,"[0.8753265847499492, 0.4535299653068886]",-1,-1
5174,[0.84114839 0.23203131],86,87,"[0.8400115250570579, 0.2635503368487671]",-1,-1
5175,[0.47966608 0.83087209],10,51,"[0.47563858561263794, 0.7978986338068428]",-1,-1
5176,[0.60956435 0.69443483],40,27,"[0.6091441642186142, 0.7391629772413223]",-1,-1
5177,[0.09516669 0.18150276],66,86,"[0.10460029415455299, 0.15390780514892627]",-1,-1
5178,[0.57461866 0.33145706],63,23,"[0.5544996285461486, 0.3649814617648961]",110,-1
5179,[0.42224263 0.15798676],61,15,"[0.4480198330140321, 0.13770311065471516]",110,63
5180,[0.29106551 0.46103439],34,2,"[0.2982944979771574, 0.4928881704977565]",113,-1
5181,[0.80922279 0.38167763],39,85,"[0.8330047067228752, 0.39861674914336154]",-1,-1
5182,[0.774925   0.21160661],93,9,"[0.7745160189749856, 0.22813324751878863]",36,12
5183,[0.56521426 0.40571971],33,64,"[0.5873954455556146, 0.4184822956881117]",110,-1
5184,[0.39206012 0.584893  ],62,18,"[0.4095647158889755, 0.6213093728466221]",113,-1
5185,[0.13945181 0.45744853],42,14,"[0.16635912736795258, 0.4532667183848064]",113,-1
5186,[0.87486264 0.65037969],27,83,"[0.9023954923676734, 0.6253829621221342]",-1,-1
5187,[0.45562661 0.84178603],24,63,"[0.4663233365844979, 0.874422196988726]",-1,-1
5188,[0.39853944 0.82088333],23,41,"[0.4045860819360065, 0.8451095848913467]",113,71
5189,[0.38564772 0.77926418],41,22,"[0.4053244070468948, 0.7892325425819533]",113,71
5190,[0.64574855 0.2210781 ],71,55,"[0.6160291566716146, 0.18582080836242268]",-1,-1
5191,[0.56378198 0.15191137],71,37,"[0.590787313093903, 0.1287873361919935]",110,59
5192,[0.30670097 0.25276501],1,29,"[0.29724643836137565, 0.21152192866347855]",104,-1
5193,[0.32508331 0.3894475 ],48,1,"[0.31345252476490787, 0.39568681619531276]",113,-1
5194,[0.14954632 0.27778028],83,19,"[0.1752933885253929, 0.2769931075732081]",104,-1
5195,[0.42043923 0.16890666],29,4,"[0.3827392388806571, 0.18315480574773338]",110,63
5196,[0.50385175 0.22199283],97,10,"[0.4982904339105401, 0.17462697492844612]",110,-1
5197,[0.38614194 0.8009859 ],84,22,"[0.4053244070468948, 0.7892325425819533]",113,71
5198,[0.29175265 0.55870694],5,24,"[0.2575895391106446, 0.5636151717894005]",113,-1
5199,[0.48026926 0.16608125],97,10,"[0.4982904339105401, 0.17462697492844612]",110,63
5200,[0.22406831 0.31293671],55,21,"[0.24089021291760518, 0.30160856093346966]",104,-1
5201,[0.20483509 0.4767422 ],78,3,"[0.22590404659055946, 0.4809143921482596]",113,81
5202,[0.4768784  0.63679805],9,88,"[0.49693056847195605, 0.6857701176055397]",-1,-1
5203,[0.43408184 0.78597136],88,22,"[0.4053244070468948, 0.7892325425819533]",113,-1
5204,[0.31291877 0.38613559],65,1,"[0.31345252476490787, 0.39568681619531276]",113,81
5205,[0.20050948 0.198628  ],90,20,"[0.18106142669570233, 0.20480546739290073]",104,42
5206,[0.58096583 0.31280182],63,58,"[0.5903496421521437, 0.26872112132208276]",-1,-1
5207,[0.13464103 0.13597749],66,7,"[0.16040334011861732, 0.1583747599262833]",104,42
5208,[0.85393851 0.73749201],60,65,"[0.8683963995203289, 0.7186203255414056]",-1,-1
5209,[0.49380778 0.17311091],18,10,"[0.4982904339105401, 0.17462697492844612]",110,63
5210,[0.67708992 0.68402553],40,60,"[0.6482027966760067, 0.6653053686977741]",-1,-1
5211,[0.14134595 0.17624868],20,7,"[0.16040334011861732, 0.1583747599262833]",104,42
5212,[0.61039996 0.21048107],80,55,"[0.6160291566716146, 0.18582080836242268]",110,-1
5213,[0.55998072 0.200459  ],18,31,"[0.5509259779365981, 0.20365500329799469]",110,61
5214,[0.33029204 0.37981252],55,1,"[0.31345252476490787, 0.39568681619531276]",113,-1
5215,[0.76238707 0.19030242],57,62,"[0.7592128314241189, 0.15406303015764497]",36,12
5216,[0.70369739 0.26836603],38,36,"[0.718962763471204, 0.2995127644433783]",-1,-1
5217,[0.2442978 0.296591 ],83,21,"[0.24089021291760518, 0.30160856093346966]",104,-1
5218,[0.30346928 0.49483691],99,2,"[0.2982944979771574, 0.4928881704977565]",113,82
5219,[0.41408421 0.17548373],29,4,"[0.3827392388806571, 0.18315480574773338]",110,63
5220,[0.58554962 0.64696542],40,28,"[0.572088563242004, 0.6648723747855627]",81,29
5221,[0.63480761 0.12647386],75,37,"[0.590787313093903, 0.1287873361919935]",-1,-1
5222,[0.22118781 0.52949533],42,35,"[0.18006516204956544, 0.5309482406934538]",113,81
5223,[0.17338147 0.82574575],64,78,"[0.17639698191982223, 0.8335029307302414]",59,9
5224,[0.23389638 0.50550915],78,3,"[0.22590404659055946, 0.4809143921482596]",-1,-1
5225,[0.49143046 0.10128681],75,69,"[0.5153460121236064, 0.11707314703881673]",110,-1
5226,[0.43177156 0.81586924],41,22,"[0.4053244070468948, 0.7892325425819533]",113,71
5227,[0.63277286 0.19722034],22,55,"[0.6160291566716146, 0.18582080836242268]",110,-1
5228,[0.46990494 0.35686312],70,77,"[0.5067154617511884, 0.39780872086571867]",-1,-1
5229,[0.31022404 0.4740873 ],69,2,"[0.2982944979771574, 0.4928881704977565]",113,-1
5230,[0.4938355  0.39633524],6,77,"[0.5067154617511884, 0.39780872086571867]",-1,-1
5231,[0.28863701 0.56440491],8,24,"[0.2575895391106446, 0.5636151717894005]",113,-1
5232,[0.68629972 0.76671703],59,6,"[0.6704818259566957, 0.7868874266118806]",102,-1
5233,[0.43255948 0.20055783],29,40,"[0.4428604662933861, 0.22666876085097074]",110,63
5234,[0.14472368 0.26906969],47,19,"[0.1752933885253929, 0.2769931075732081]",104,-1
5235,[0.85036785 0.92510991],52,95,"[0.8179696228241676, 0.8855176666788548]",-1,-1
5236,[0.20330265 0.70934632],0,42,"[0.17164193172035744, 0.7477907034099851]",107,-1
5237,[0.77480387 0.18323184],57,62,"[0.7592128314241189, 0.15406303015764497]",36,-1
5238,[0.68782389 0.07340492],80,90,"[0.6807795084802507, 0.1410405480143203]",-1,-1
5239,[0.35191157 0.37200643],48,13,"[0.3772074110661572, 0.3667665336396509]",113,81
5240,[0.18844997 0.76200541],58,42,"[0.17164193172035744, 0.7477907034099851]",87,-1
5241,[0.44089611 0.7883986 ],89,22,"[0.4053244070468948, 0.7892325425819533]",113,71
5242,[0.79440804 0.40014694],39,85,"[0.8330047067228752, 0.39861674914336154]",-1,-1
5243,[0.71358922 0.20932487],93,33,"[0.712147299809196, 0.21396583181069667]",36,6
5244,[0.33337475 0.16941242],2,4,"[0.3827392388806571, 0.18315480574773338]",110,-1
5245,[0.65169615 0.2219492 ],22,55,"[0.6160291566716146, 0.18582080836242268]",-1,-1
5246,[0.33756681 0.71105973],14,26,"[0.34140158523352676, 0.7415276229463709]",113,76
5247,[0.16934798 0.20576087],90,20,"[0.18106142669570233, 0.20480546739290073]",104,42
5248,[0.49437769 0.62207333],74,38,"[0.5222833502418962, 0.5760861920194034]",-1,-1
5249,[0.77363838 0.53526326],82,49,"[0.7597872492020543, 0.528305606483068]",50,10
5250,[0.21469883 0.46887493],87,3,"[0.22590404659055946, 0.4809143921482596]",113,81
5251,[0.29981275 0.20614736],1,29,"[0.29724643836137565, 0.21152192866347855]",-1,-1
5252,[0.41534036 0.76952912],23,22,"[0.4053244070468948, 0.7892325425819533]",113,71
5253,[0.14706715 0.45936128],42,14,"[0.16635912736795258, 0.4532667183848064]",113,69
5254,[0.37803609 0.56821887],62,67,"[0.39991637370105465, 0.5429488636659977]",113,-1
5255,[0.72727693 0.66541431],19,11,"[0.7285416878591984, 0.7120527989062413]",-1,-1
5256,[0.70074215 0.76188219],60,6,"[0.6704818259566957, 0.7868874266118806]",102,-1
5257,[0.5715191  0.44148571],33,64,"[0.5873954455556146, 0.4184822956881117]",105,-1
5258,[0.72246413 0.69571948],60,11,"[0.7285416878591984, 0.7120527989062413]",102,-1
5259,[0.67801937 0.46212931],35,66,"[0.6892424870002536, 0.4809362987183399]",-1,-1
5260,[0.65509277 0.34341765],85,56,"[0.6228765219922414, 0.3379402254620158]",-1,-1
5261,[0.35598487 0.41147582],70,1,"[0.31345252476490787, 0.39568681619531276]",113,-1
5262,[0.43276231 0.88379593],24,63,"[0.4663233365844979, 0.874422196988726]",93,23
5263,[0.23792163 0.18266506],67,54,"[0.23065754032548644, 0.16311462163198792]",104,-1
5264,[0.13964393 0.21490029],90,57,"[0.11385950246950007, 0.22156166292214274]",104,42
5265,[0.15069537 0.19808403],90,20,"[0.18106142669570233, 0.20480546739290073]",104,42
5266,[0.65573635 0.59197943],12,80,"[0.6893002767673785, 0.5852948461925299]",-1,-1
5267,[0.1813072  0.08906913],79,73,"[0.15159497202623598, 0.099534542862727]",-1,-1
5268,[0.21519384 0.64902801],25,32,"[0.21070106237511496, 0.6599645039522288]",113,44
5269,[0.40109489 0.67800557],9,12,"[0.3563557933558874, 0.6600167756750083]",113,-1
5270,[0.71070811 0.35471042],44,46,"[0.6818606004752428, 0.39460805157892936]",44,5
5271,[0.35685391 0.61106187],51,5,"[0.3369928142177202, 0.5813431770807651]",113,84
5272,[0.40350905 0.66934913],9,12,"[0.3563557933558874, 0.6600167756750083]",113,77
5273,[0.55778348 0.30705126],63,17,"[0.5266584783397147, 0.2925234389366824]",110,-1
5274,[0.2914121  0.57911809],5,24,"[0.2575895391106446, 0.5636151717894005]",113,-1
5275,[0.25515176 0.43584243],7,0,"[0.24505961735590134, 0.40258348756972934]",113,81
5276,[0.2511051  0.42827073],43,0,"[0.24505961735590134, 0.40258348756972934]",113,81
5277,[0.62889868 0.83620154],45,45,"[0.6014090517878816, 0.8253297621455221]",102,39
5278,[0.5242635  0.84975222],24,89,"[0.5577955894805164, 0.8749894575544954]",-1,-1
5279,[0.81162383 0.27448243],86,87,"[0.8400115250570579, 0.2635503368487671]",36,-1
5280,[0.38464944 0.78401084],41,22,"[0.4053244070468948, 0.7892325425819533]",113,71
5281,[0.62824863 0.79532153],53,45,"[0.6014090517878816, 0.8253297621455221]",102,-1
5282,[0.24408897 0.70096999],98,81,"[0.2526303993585153, 0.7288181375759063]",113,-1
5283,[0.29605949 0.74764488],84,26,"[0.34140158523352676, 0.7415276229463709]",-1,-1
5284,[0.26689427 0.76505984],84,81,"[0.2526303993585153, 0.7288181375759063]",16,-1
5285,[0.84384405 0.67719176],32,25,"[0.8290893185566872, 0.6663325003431528]",98,-1
5286,[0.51061997 0.40699192],33,77,"[0.5067154617511884, 0.39780872086571867]",-1,-1
5287,[0.2216935  0.50718038],8,3,"[0.22590404659055946, 0.4809143921482596]",113,81
5288,[0.29068726 0.48532708],34,2,"[0.2982944979771574, 0.4928881704977565]",113,81
5289,[0.40114727 0.85805175],24,41,"[0.4045860819360065, 0.8451095848913467]",-1,-1
5290,[0.27012145 0.44226458],99,0,"[0.24505961735590134, 0.40258348756972934]",113,81
5291,[0.53909547 0.41469595],33,77,"[0.5067154617511884, 0.39780872086571867]",110,-1
5292,[0.74798442 0.27747727],86,36,"[0.718962763471204, 0.2995127644433783]",36,11
5293,[0.631516   0.84574048],31,45,"[0.6014090517878816, 0.8253297621455221]",102,39
5294,[0.58341285 0.82244125],53,45,"[0.6014090517878816, 0.8253297621455221]",102,-1
5295,[0.09104511 0.49785965],87,52,"[0.10837107196086664, 0.5019908555728455]",-1,-1
5296,[0.85362064 0.83177661],52,50,"[0.8669550309977382, 0.8414428333530212]",-1,-1
5297,[0.65872697 0.50179621],35,66,"[0.6892424870002536, 0.4809362987183399]",-1,-1
5298,[0.78372789 0.21409511],30,9,"[0.7745160189749856, 0.22813324751878863]",36,12
5299,[0.34142899 0.53999931],69,5,"[0.3369928142177202, 0.5813431770807651]",113,-1
5300,[0.70196449 0.64830542],19,60,"[0.6482027966760067, 0.6653053686977741]",-1,-1
5301,[0.2136941  0.48820644],94,3,"[0.22590404659055946, 0.4809143921482596]",113,81
5302,[0.57918883 0.29239273],63,58,"[0.5903496421521437, 0.26872112132208276]",-1,-1
5303,[0.57452017 0.21565541],71,31,"[0.5509259779365981, 0.20365500329799469]",110,-1
5304,[0.70652    0.85686361],91,75,"[0.7159769487757391, 0.8473248623765012]",-1,-1
5305,[0.24248373 0.45354695],34,3,"[0.22590404659055946, 0.4809143921482596]",113,81
5306,[0.86603375 0.40686978],39,85,"[0.8330047067228752, 0.39861674914336154]",12,-1
5307,[0.79284159 0.8824686 ],26,95,"[0.8179696228241676, 0.8855176666788548]",-1,-1
5308,[0.1736779  0.81147813],64,78,"[0.17639698191982223, 0.8335029307302414]",59,9
5309,[0.37239854 0.19220789],2,4,"[0.3827392388806571, 0.18315480574773338]",110,-1
5310,[0.61354954 0.89558359],45,74,"[0.6387846519793019, 0.8886269005667045]",91,14
5311,[0.70641051 0.48738711],35,66,"[0.6892424870002536, 0.4809362987183399]",50,10
5312,[0.77696758 0.1888462 ],57,62,"[0.7592128314241189, 0.15406303015764497]",36,12
5313,[0.32329822 0.45504374],77,2,"[0.2982944979771574, 0.4928881704977565]",-1,-1
5314,[0.15004544 0.17468046],90,7,"[0.16040334011861732, 0.1583747599262833]",104,42
5315,[0.36721456 0.1595581 ],46,4,"[0.3827392388806571, 0.18315480574773338]",-1,-1
5316,[0.19637638 0.22634755],90,20,"[0.18106142669570233, 0.20480546739290073]",104,42
5317,[0.27807495 0.51163074],5,2,"[0.2982944979771574, 0.4928881704977565]",113,81
5318,[0.31571405 0.72884791],98,26,"[0.34140158523352676, 0.7415276229463709]",113,79
5319,[0.72598944 0.4934517 ],35,66,"[0.6892424870002536, 0.4809362987183399]",50,10
5320,[0.13034881 0.51796795],87,52,"[0.10837107196086664, 0.5019908555728455]",113,-1
5321,[0.27631446 0.47690527],73,2,"[0.2982944979771574, 0.4928881704977565]",113,81
5322,[0.75872564 0.43935708],86,79,"[0.7440923457598303, 0.4172681159825393]",-1,-1
5323,[0.11848965 0.22701242],90,57,"[0.11385950246950007, 0.22156166292214274]",-1,-1
5324,[0.38784696 0.68104808],89,12,"[0.3563557933558874, 0.6600167756750083]",-1,-1
5325,[0.28146533 0.56478903],73,24,"[0.2575895391106446, 0.5636151717894005]",113,-1
5326,[0.7927595  0.17364062],93,93,"[0.8175047550160816, 0.1805576480903363]",36,-1
5327,[0.87865241 0.62857869],56,83,"[0.9023954923676734, 0.6253829621221342]",90,-1
5328,[0.86176282 0.25359997],93,87,"[0.8400115250570579, 0.2635503368487671]",-1,-1
5329,[0.66837119 0.66389474],40,60,"[0.6482027966760067, 0.6653053686977741]",60,19
5330,[0.67846231 0.24265409],85,33,"[0.712147299809196, 0.21396583181069667]",-1,-1
5331,[0.20182655 0.54232651],87,35,"[0.18006516204956544, 0.5309482406934538]",113,-1
5332,[0.2857182  0.69295908],13,8,"[0.29185823944997474, 0.6822630454364129]",113,-1
5333,[0.77096973 0.27054268],30,39,"[0.7929729113380171, 0.306282578754693]",36,-1
5334,[0.52951684 0.19461803],18,31,"[0.5509259779365981, 0.20365500329799469]",110,-1
5335,[0.70851983 0.20406756],93,33,"[0.712147299809196, 0.21396583181069667]",36,6
5336,[0.61775247 0.7746012 ],59,27,"[0.6091441642186142, 0.7391629772413223]",102,-1
5337,[0.61620203 0.32141208],6,56,"[0.6228765219922414, 0.3379402254620158]",110,-1
5338,[0.29492371 0.62698198],14,8,"[0.29185823944997474, 0.6822630454364129]",113,-1
5339,[0.66793398 0.85354288],31,74,"[0.6387846519793019, 0.8886269005667045]",-1,-1
5340,[0.38093835 0.31806988],65,13,"[0.3772074110661572, 0.3667665336396509]",57,-1
5341,[0.51563602 0.14323139],75,69,"[0.5153460121236064, 0.11707314703881673]",110,63
5342,[0.31384765 0.47555045],73,2,"[0.2982944979771574, 0.4928881704977565]",113,-1
5343,[0.56649605 0.56880434],16,30,"[0.5893115951066175, 0.5856347360021498]",80,-1
5344,[0.16331026 0.2843423 ],83,19,"[0.1752933885253929, 0.2769931075732081]",104,42
5345,[0.21643478 0.3485578 ],83,21,"[0.24089021291760518, 0.30160856093346966]",-1,-1
5346,[0.08383333 0.22572822],90,57,"[0.11385950246950007, 0.22156166292214274]",-1,-1
5347,[0.12863656 0.75914784],58,71,"[0.10117111935954111, 0.7754028082579668]",79,21
5348,[0.56904043 0.07154806],18,37,"[0.590787313093903, 0.1287873361919935]",-1,-1
5349,[0.92497172 0.33692355],37,96,"[0.9242498114026001, 0.35811950872924947]",-1,-1
5350,[0.12770358 0.7059946 ],58,72,"[0.13389630971446978, 0.6701017461857026]",-1,-1
5351,[0.80611469 0.71909127],60,25,"[0.8290893185566872, 0.6663325003431528]",102,-1
5352,[0.19506481 0.2846609 ],47,19,"[0.1752933885253929, 0.2769931075732081]",104,42
5353,[0.62570302 0.84032249],31,45,"[0.6014090517878816, 0.8253297621455221]",102,39
5354,[0.86968677 0.3410778 ],37,84,"[0.8747370333854485, 0.3299307577245935]",25,2
5355,[0.70614899 0.78913214],50,6,"[0.6704818259566957, 0.7868874266118806]",-1,-1
5356,[0.24029828 0.45369553],99,3,"[0.22590404659055946, 0.4809143921482596]",113,81
5357,[0.37779491 0.8095824 ],89,22,"[0.4053244070468948, 0.7892325425819533]",113,-1
5358,[0.10353807 0.16080211],95,86,"[0.10460029415455299, 0.15390780514892627]",104,-1
5359,[0.73867126 0.40346704],35,79,"[0.7440923457598303, 0.4172681159825393]",-1,-1
5360,[0.56026017 0.233563  ],22,31,"[0.5509259779365981, 0.20365500329799469]",110,-1
5361,[0.7214464  0.78426665],32,16,"[0.7557129160895149, 0.7610612683801858]",102,56
5362,[0.69949381 0.71848715],50,11,"[0.7285416878591984, 0.7120527989062413]",102,52
5363,[0.42728457 0.64966896],62,18,"[0.4095647158889755, 0.6213093728466221]",-1,-1
5364,[0.37797166 0.62315732],51,18,"[0.4095647158889755, 0.6213093728466221]",113,-1
5365,[0.3879637  0.77898312],89,22,"[0.4053244070468948, 0.7892325425819533]",113,71
5366,[0.5888857  0.50365811],16,68,"[0.5421113451424038, 0.49916034700705]",-1,-1
5367,[0.22807563 0.24484081],36,34,"[0.22317706824250913, 0.23387943431995686]",104,-1
5368,[0.61427005 0.11134929],80,37,"[0.590787313093903, 0.1287873361919935]",-1,-1
5369,[0.46523776 0.20024939],46,40,"[0.4428604662933861, 0.22666876085097074]",110,63
5370,[0.20281618 0.1593116 ],67,54,"[0.23065754032548644, 0.16311462163198792]",104,42
5371,[0.51417276 0.207886  ],61,10,"[0.4982904339105401, 0.17462697492844612]",-1,-1
5372,[0.27283178 0.54458033],5,24,"[0.2575895391106446, 0.5636151717894005]",113,-1
5373,[0.46367628 0.24238242],61,40,"[0.4428604662933861, 0.22666876085097074]",-1,-1
5374,[0.31804423 0.40264901],48,1,"[0.31345252476490787, 0.39568681619531276]",113,81
5375,[0.8992403  0.60369961],4,83,"[0.9023954923676734, 0.6253829621221342]",15,-1
5376,[0.57063144 0.7323391 ],81,27,"[0.6091441642186142, 0.7391629772413223]",-1,-1
5377,[0.67978221 0.74907171],3,6,"[0.6704818259566957, 0.7868874266118806]",102,-1
5378,[0.18260008 0.36518778],83,76,"[0.1271293063442913, 0.39727223545070534]",-1,-1
5379,[0.62906933 0.8588467 ],45,74,"[0.6387846519793019, 0.8886269005667045]",-1,-1
5380,[0.16720477 0.61110644],15,70,"[0.16883511008014604, 0.6108734061004485]",-1,-1
5381,[0.24470471 0.72606189],98,81,"[0.2526303993585153, 0.7288181375759063]",113,-1
5382,[0.41180774 0.74770724],41,59,"[0.4102385111598612, 0.7308207375545044]",113,-1
5383,[0.31791396 0.20760308],1,29,"[0.29724643836137565, 0.21152192866347855]",110,-1
5384,[0.49638071 0.82379103],24,51,"[0.47563858561263794, 0.7978986338068428]",6,-1
5385,[0.8102498  0.55284489],11,43,"[0.8559722074695512, 0.5768738433864216]",-1,-1
5386,[0.83486429 0.83741893],52,50,"[0.8669550309977382, 0.8414428333530212]",67,16
5387,[0.60423809 0.6810833 ],3,28,"[0.572088563242004, 0.6648723747855627]",-1,-1
5388,[0.60403391 0.19074804],71,55,"[0.6160291566716146, 0.18582080836242268]",110,-1
5389,[0.69681392 0.30719385],85,36,"[0.718962763471204, 0.2995127644433783]",-1,-1
5390,[0.77478708 0.64260004],19,53,"[0.7681832820464827, 0.6327372104307392]",102,34
5391,[0.17424006 0.18395179],67,20,"[0.18106142669570233, 0.20480546739290073]",104,42
5392,[0.68029016 0.65962899],3,60,"[0.6482027966760067, 0.6653053686977741]",60,-1
5393,[0.17014737 0.28069629],83,19,"[0.1752933885253929, 0.2769931075732081]",104,42
5394,[0.26568399 0.39699048],65,0,"[0.24505961735590134, 0.40258348756972934]",113,81
5395,[0.33296365 0.37435185],65,1,"[0.31345252476490787, 0.39568681619531276]",113,-1
5396,[0.37877228 0.77567118],41,22,"[0.4053244070468948, 0.7892325425819533]",113,71
5397,[0.75652748 0.42170242],39,79,"[0.7440923457598303, 0.4172681159825393]",-1,-1
5398,[0.85183185 0.80192917],52,50,"[0.8669550309977382, 0.8414428333530212]",54,15
5399,[0.27037805 0.36976585],77,0,"[0.24505961735590134, 0.40258348756972934]",113,81
5400,[0.68816122 0.35317154],85,46,"[0.6818606004752428, 0.39460805157892936]",41,-1
5401,[0.55314804 0.16575725],71,31,"[0.5509259779365981, 0.20365500329799469]",110,-1
5402,[0.35717995 0.65994041],54,12,"[0.3563557933558874, 0.6600167756750083]",113,-1
5403,[0.22833231 0.4225629 ],94,0,"[0.24505961735590134, 0.40258348756972934]",113,81
5404,[0.92656981 0.67783413],56,83,"[0.9023954923676734, 0.6253829621221342]",-1,-1
5405,[0.46449632 0.86044092],24,63,"[0.4663233365844979, 0.874422196988726]",93,23
5406,[0.36350648 0.5062456 ],69,67,"[0.39991637370105465, 0.5429488636659977]",20,-1
5407,[0.77837315 0.78395746],32,16,"[0.7557129160895149, 0.7610612683801858]",65,-1
5408,[0.35898506 0.48745888],5,91,"[0.38272617373285694, 0.45406707742979985]",-1,-1
5409,[0.56332299 0.60094293],74,30,"[0.5893115951066175, 0.5856347360021498]",81,29
5410,[0.4833942  0.15504077],29,10,"[0.4982904339105401, 0.17462697492844612]",110,63
5411,[0.6197003  0.67027488],81,60,"[0.6482027966760067, 0.6653053686977741]",-1,-1
5412,[0.50023498 0.21973126],6,10,"[0.4982904339105401, 0.17462697492844612]",110,-1
5413,[0.46361895 0.18845955],61,10,"[0.4982904339105401, 0.17462697492844612]",110,63
5414,[0.66433105 0.74066022],3,6,"[0.6704818259566957, 0.7868874266118806]",102,-1
5415,[0.43100301 0.61987155],54,18,"[0.4095647158889755, 0.6213093728466221]",113,-1
5416,[0.81222617 0.1894757 ],49,93,"[0.8175047550160816, 0.1805576480903363]",36,-1
5417,[0.17036954 0.27673061],36,19,"[0.1752933885253929, 0.2769931075732081]",104,42
5418,[0.40925979 0.72715208],41,59,"[0.4102385111598612, 0.7308207375545044]",-1,-1
5419,[0.63996213 0.80399714],3,6,"[0.6704818259566957, 0.7868874266118806]",102,40
5420,[0.16367481 0.24735123],36,19,"[0.1752933885253929, 0.2769931075732081]",104,42
5421,[0.34041115 0.74620801],23,26,"[0.34140158523352676, 0.7415276229463709]",113,-1
5422,[0.37834357 0.67561857],51,12,"[0.3563557933558874, 0.6600167756750083]",113,-1
5423,[0.86522366 0.31686257],86,84,"[0.8747370333854485, 0.3299307577245935]",25,2
5424,[0.72261248 0.18975302],57,33,"[0.712147299809196, 0.21396583181069667]",36,6
5425,[0.36933446 0.78815301],84,22,"[0.4053244070468948, 0.7892325425819533]",113,-1
5426,[0.86713574 0.84386924],26,50,"[0.8669550309977382, 0.8414428333530212]",-1,-1
5427,[0.36300837 0.7974137 ],41,82,"[0.32758089961125464, 0.809330839306685]",113,-1
5428,[0.06914591 0.52329652],42,52,"[0.10837107196086664, 0.5019908555728455]",-1,-1
5429,[0.57217179 0.86128081],45,89,"[0.5577955894805164, 0.8749894575544954]",-1,-1
5430,[0.7067746  0.82173822],53,75,"[0.7159769487757391, 0.8473248623765012]",-1,-1
5431,[0.20373728 0.49484999],42,3,"[0.22590404659055946, 0.4809143921482596]",113,81
5432,[0.51026625 0.87805844],24,63,"[0.4663233365844979, 0.874422196988726]",-1,-1
5433,[0.62255737 0.91642532],45,74,"[0.6387846519793019, 0.8886269005667045]",-1,-1
5434,[0.77791368 0.78590336],50,48,"[0.8063574629792128, 0.8028480378432847]",65,-1
5435,[0.22600235 0.67507161],25,32,"[0.21070106237511496, 0.6599645039522288]",113,44
5436,[0.32273899 0.47535301],48,2,"[0.2982944979771574, 0.4928881704977565]",113,-1
5437,[0.15601666 0.51655075],87,35,"[0.18006516204956544, 0.5309482406934538]",113,64
5438,[0.67208978 0.81335283],53,6,"[0.6704818259566957, 0.7868874266118806]",102,50
5439,[0.27679815 0.68420671],14,8,"[0.29185823944997474, 0.6822630454364129]",113,73
5440,[0.09860679 0.22806178],95,57,"[0.11385950246950007, 0.22156166292214274]",104,-1
5441,[0.89944962 0.83648149],52,50,"[0.8669550309977382, 0.8414428333530212]",-1,-1
5442,[0.34701913 0.74071806],89,26,"[0.34140158523352676, 0.7415276229463709]",113,-1
5443,[0.49593109 0.75792196],88,51,"[0.47563858561263794, 0.7978986338068428]",0,-1
5444,[0.27730634 0.29987308],1,21,"[0.24089021291760518, 0.30160856093346966]",-1,-1
5445,[0.08551922 0.27723907],47,57,"[0.11385950246950007, 0.22156166292214274]",-1,-1
5446,[0.58680183 0.28389825],22,58,"[0.5903496421521437, 0.26872112132208276]",64,-1
5447,[0.83709983 0.82784553],52,50,"[0.8669550309977382, 0.8414428333530212]",67,16
5448,[0.39177481 0.53311916],9,67,"[0.39991637370105465, 0.5429488636659977]",-1,-1
5449,[0.2487605  0.44761017],55,3,"[0.22590404659055946, 0.4809143921482596]",113,81
5450,[0.06852233 0.93729208],21,-1,-1,-1,-1
5451,[0.40288675 0.81910795],89,41,"[0.4045860819360065, 0.8451095848913467]",113,71
5452,[0.60312701 0.83868446],45,45,"[0.6014090517878816, 0.8253297621455221]",85,-1
5453,[0.29653898 0.70957969],89,8,"[0.29185823944997474, 0.6822630454364129]",113,-1
5454,[0.52109789 0.27966436],6,17,"[0.5266584783397147, 0.2925234389366824]",110,-1
5455,[0.49250262 0.83372845],88,51,"[0.47563858561263794, 0.7978986338068428]",-1,-1
5456,[0.58033442 0.20537518],18,31,"[0.5509259779365981, 0.20365500329799469]",110,-1
5457,[0.1851748  0.23972673],47,20,"[0.18106142669570233, 0.20480546739290073]",104,42
5458,[0.24103697 0.54465964],7,24,"[0.2575895391106446, 0.5636151717894005]",113,-1
5459,[0.12340772 0.53069943],87,52,"[0.10837107196086664, 0.5019908555728455]",113,-1
5460,[0.65550885 0.75007916],91,6,"[0.6704818259566957, 0.7868874266118806]",102,-1
5461,[0.31042458 0.78789471],23,82,"[0.32758089961125464, 0.809330839306685]",83,-1
5462,[0.2020503  0.26226729],47,19,"[0.1752933885253929, 0.2769931075732081]",104,42
5463,[0.68715707 0.77370052],91,6,"[0.6704818259566957, 0.7868874266118806]",102,50
5464,[0.64721838 0.8079993 ],59,6,"[0.6704818259566957, 0.7868874266118806]",102,40
5465,[0.12717935 0.26424843],47,57,"[0.11385950246950007, 0.22156166292214274]",61,-1
5466,[0.405387   0.63806202],9,18,"[0.4095647158889755, 0.6213093728466221]",113,84
5467,[0.28429557 0.49902787],78,2,"[0.2982944979771574, 0.4928881704977565]",113,-1
5468,[0.27112037 0.37952308],99,0,"[0.24505961735590134, 0.40258348756972934]",113,81
5469,[0.50482041 0.13367497],75,69,"[0.5153460121236064, 0.11707314703881673]",110,63
5470,[0.51069006 0.54198626],74,38,"[0.5222833502418962, 0.5760861920194034]",80,-1
5471,[0.51994708 0.55590426],16,38,"[0.5222833502418962, 0.5760861920194034]",80,31
5472,[0.43338056 0.13782494],61,15,"[0.4480198330140321, 0.13770311065471516]",110,-1
5473,[0.51084904 0.67823277],12,88,"[0.49693056847195605, 0.6857701176055397]",-1,-1
5474,[0.58067488 0.38760007],33,64,"[0.5873954455556146, 0.4184822956881117]",110,53
5475,[0.80061053 0.37574564],39,85,"[0.8330047067228752, 0.39861674914336154]",-1,-1
5476,[0.18998031 0.24111572],95,34,"[0.22317706824250913, 0.23387943431995686]",104,42
5477,[0.44285423 0.15578159],46,15,"[0.4480198330140321, 0.13770311065471516]",110,63
5478,[0.75023332 0.71322427],60,11,"[0.7285416878591984, 0.7120527989062413]",102,55
5479,[0.36482421 0.75787497],23,26,"[0.34140158523352676, 0.7415276229463709]",113,-1
5480,[0.69820228 0.49908133],35,66,"[0.6892424870002536, 0.4809362987183399]",-1,-1
5481,[0.60381625 0.17115523],75,55,"[0.6160291566716146, 0.18582080836242268]",110,-1
5482,[0.24307799 0.23987208],47,34,"[0.22317706824250913, 0.23387943431995686]",104,-1
5483,[0.35714445 0.74280956],89,26,"[0.34140158523352676, 0.7415276229463709]",113,-1
5484,[0.26076778 0.43437115],77,0,"[0.24505961735590134, 0.40258348756972934]",113,81
5485,[0.70098773 0.76568806],53,6,"[0.6704818259566957, 0.7868874266118806]",102,-1
5486,[0.16803431 0.66584343],15,72,"[0.13389630971446978, 0.6701017461857026]",113,-1
5487,[0.58565693 0.74653504],53,27,"[0.6091441642186142, 0.7391629772413223]",96,-1
5488,[0.38385208 0.21262627],2,4,"[0.3827392388806571, 0.18315480574773338]",110,63
5489,[0.7299026  0.75908444],32,16,"[0.7557129160895149, 0.7610612683801858]",102,56
5490,[0.49969142 0.1651031 ],61,10,"[0.4982904339105401, 0.17462697492844612]",110,63
5491,[0.15209841 0.53083026],87,35,"[0.18006516204956544, 0.5309482406934538]",113,64
5492,[0.49279696 0.40413162],76,77,"[0.5067154617511884, 0.39780872086571867]",-1,-1
5493,[0.34012984 0.57114846],62,5,"[0.3369928142177202, 0.5813431770807651]",113,68
5494,[0.38567371 0.32340978],65,13,"[0.3772074110661572, 0.3667665336396509]",57,-1
5495,[0.65246227 0.66976952],91,60,"[0.6482027966760067, 0.6653053686977741]",-1,-1
5496,[0.48266438 0.84194755],41,63,"[0.4663233365844979, 0.874422196988726]",-1,-1
5497,[0.72779921 0.25202271],93,33,"[0.712147299809196, 0.21396583181069667]",36,-1
5498,[0.49916708 0.55196636],12,38,"[0.5222833502418962, 0.5760861920194034]",-1,-1
5499,[0.72022901 0.20353085],93,33,"[0.712147299809196, 0.21396583181069667]",36,-1
5500,[0.36365227 0.38570357],70,13,"[0.3772074110661572, 0.3667665336396509]",113,81
5501,[0.79749182 0.27734793],38,39,"[0.7929729113380171, 0.306282578754693]",36,8
5502,[0.12722825 0.92898817],21,47,"[0.12002015978901225, 0.8781802626724163]",-1,-1
5503,[0.55644221 0.25903759],22,58,"[0.5903496421521437, 0.26872112132208276]",110,47
5504,[0.43941008 0.22713818],92,40,"[0.4428604662933861, 0.22666876085097074]",-1,-1
5505,[0.85735122 0.7657774 ],26,65,"[0.8683963995203289, 0.7186203255414056]",-1,-1
5506,[0.58739837 0.57500075],74,30,"[0.5893115951066175, 0.5856347360021498]",77,28
5507,[0.21567964 0.41062823],99,0,"[0.24505961735590134, 0.40258348756972934]",113,-1
5508,[0.34248311 0.81262748],10,82,"[0.32758089961125464, 0.809330839306685]",82,-1
5509,[0.17532735 0.37921657],94,76,"[0.1271293063442913, 0.39727223545070534]",-1,-1
5510,[0.75540357 0.74677939],91,16,"[0.7557129160895149, 0.7610612683801858]",102,-1
5511,[0.18664996 0.25621531],68,19,"[0.1752933885253929, 0.2769931075732081]",104,42
5512,[0.75087401 0.50389264],82,49,"[0.7597872492020543, 0.528305606483068]",50,10
5513,[0.17383839 0.40899834],7,14,"[0.16635912736795258, 0.4532667183848064]",-1,-1
5514,[0.42389618 0.84297585],41,41,"[0.4045860819360065, 0.8451095848913467]",113,70
5515,[0.33218833 0.42882913],48,1,"[0.31345252476490787, 0.39568681619531276]",113,-1
5516,[0.36497888 0.2782827 ],17,44,"[0.34401211644161456, 0.2727474001163449]",-1,-1
5517,[0.87712139 0.39510111],39,85,"[0.8330047067228752, 0.39861674914336154]",-1,-1
5518,[0.27460978 0.69190282],98,8,"[0.29185823944997474, 0.6822630454364129]",113,73
5519,[0.1754572  0.20828534],67,20,"[0.18106142669570233, 0.20480546739290073]",104,42
5520,[0.68448074 0.78215554],91,6,"[0.6704818259566957, 0.7868874266118806]",102,50
5521,[0.33392162 0.43079527],48,1,"[0.31345252476490787, 0.39568681619531276]",113,75
5522,[0.69026929 0.8355043 ],31,75,"[0.7159769487757391, 0.8473248623765012]",102,-1
5523,[0.7386908  0.67410496],50,11,"[0.7285416878591984, 0.7120527989062413]",102,-1
5524,[0.18890728 0.52838649],87,35,"[0.18006516204956544, 0.5309482406934538]",-1,-1
5525,[0.59551722 0.13668024],71,37,"[0.590787313093903, 0.1287873361919935]",110,38
5526,[0.64633706 0.7626468 ],91,6,"[0.6704818259566957, 0.7868874266118806]",102,-1
5527,[0.20694529 0.46050986],7,3,"[0.22590404659055946, 0.4809143921482596]",113,81
5528,[0.5328698  0.30089568],6,17,"[0.5266584783397147, 0.2925234389366824]",110,-1
5529,[0.57238503 0.13506833],75,37,"[0.590787313093903, 0.1287873361919935]",110,-1
5530,[0.26000694 0.73088785],98,81,"[0.2526303993585153, 0.7288181375759063]",113,-1
5531,[0.1790625  0.65790424],0,32,"[0.21070106237511496, 0.6599645039522288]",113,43
5532,[0.11733896 0.09073272],66,73,"[0.15159497202623598, 0.099534542862727]",-1,-1
5533,[0.22246482 0.64501233],25,32,"[0.21070106237511496, 0.6599645039522288]",113,44
5534,[0.83833349 0.79128472],52,48,"[0.8063574629792128, 0.8028480378432847]",-1,-1
5535,[0.70043468 0.3548835 ],44,46,"[0.6818606004752428, 0.39460805157892936]",-1,5
5536,[0.51673551 0.40303008],33,77,"[0.5067154617511884, 0.39780872086571867]",-1,-1
5537,[0.60671739 0.1669801 ],71,55,"[0.6160291566716146, 0.18582080836242268]",110,-1
5538,[0.4192523  0.46653721],48,91,"[0.38272617373285694, 0.45406707742979985]",-1,-1
5539,[0.91943895 0.60216637],4,83,"[0.9023954923676734, 0.6253829621221342]",15,-1
5540,[0.72700667 0.494933  ],11,66,"[0.6892424870002536, 0.4809362987183399]",-1,10
5541,[0.25334295 0.3763685 ],55,0,"[0.24505961735590134, 0.40258348756972934]",113,-1
5542,[0.32664376 0.49243653],78,2,"[0.2982944979771574, 0.4928881704977565]",113,82
5543,[0.3971448  0.54842772],69,67,"[0.39991637370105465, 0.5429488636659977]",-1,-1
5544,[0.21843965 0.527381  ],34,35,"[0.18006516204956544, 0.5309482406934538]",113,81
5545,[0.20306868 0.43991381],99,14,"[0.16635912736795258, 0.4532667183848064]",113,-1
5546,[0.52550548 0.13103865],61,69,"[0.5153460121236064, 0.11707314703881673]",110,-1
5547,[0.67436404 0.65416504],40,60,"[0.6482027966760067, 0.6653053686977741]",60,-1
5548,[0.52649159 0.26124091],6,17,"[0.5266584783397147, 0.2925234389366824]",-1,-1
5549,[0.43999018 0.79546895],23,22,"[0.4053244070468948, 0.7892325425819533]",113,-1
5550,[0.74997816 0.53367551],82,49,"[0.7597872492020543, 0.528305606483068]",-1,-1
5551,[0.85082873 0.36742851],37,85,"[0.8330047067228752, 0.39861674914336154]",-1,-1
5552,[0.420602   0.20035859],92,40,"[0.4428604662933861, 0.22666876085097074]",110,63
5553,[0.39637832 0.7579232 ],41,59,"[0.4102385111598612, 0.7308207375545044]",113,-1
5554,[0.30067739 0.37333424],43,1,"[0.31345252476490787, 0.39568681619531276]",113,81
5555,[0.83259539 0.82474819],26,48,"[0.8063574629792128, 0.8028480378432847]",67,-1
5556,[0.77816595 0.73337133],32,16,"[0.7557129160895149, 0.7610612683801858]",-1,-1
5557,[0.19993235 0.19281556],20,20,"[0.18106142669570233, 0.20480546739290073]",104,42
5558,[0.65567311 0.75688759],53,6,"[0.6704818259566957, 0.7868874266118806]",102,-1
5559,[0.54639756 0.33441011],72,23,"[0.5544996285461486, 0.3649814617648961]",110,-1
5560,[0.32445287 0.65157007],51,12,"[0.3563557933558874, 0.6600167756750083]",113,-1
5561,[0.42736215 0.22420534],17,40,"[0.4428604662933861, 0.22666876085097074]",110,-1
5562,[0.60789884 0.75146592],3,27,"[0.6091441642186142, 0.7391629772413223]",96,36
5563,[0.13975833 0.38697448],96,76,"[0.1271293063442913, 0.39727223545070534]",-1,-1
5564,[0.61687484 0.50224828],35,-1,-1,-1,-1
5565,[0.21303804 0.71248742],0,81,"[0.2526303993585153, 0.7288181375759063]",106,-1
5566,[0.11726039 0.17791684],20,86,"[0.10460029415455299, 0.15390780514892627]",104,-1
5567,[0.17215253 0.21173777],67,20,"[0.18106142669570233, 0.20480546739290073]",104,42
5568,[0.32953928 0.61762763],62,5,"[0.3369928142177202, 0.5813431770807651]",113,-1
5569,[0.23589858 0.4387008 ],94,0,"[0.24505961735590134, 0.40258348756972934]",113,81
5570,[0.437936   0.80795512],24,22,"[0.4053244070468948, 0.7892325425819533]",113,71
5571,[0.22969016 0.22500719],68,34,"[0.22317706824250913, 0.23387943431995686]",104,42
5572,[0.32283926 0.54653715],69,5,"[0.3369928142177202, 0.5813431770807651]",113,-1
5573,[0.68191773 0.82898555],31,75,"[0.7159769487757391, 0.8473248623765012]",102,50
5574,[0.07261637 0.37691138],96,76,"[0.1271293063442913, 0.39727223545070534]",-1,-1
5575,[0.32172037 0.40340764],43,1,"[0.31345252476490787, 0.39568681619531276]",113,81
5576,[0.122038   0.53235933],42,52,"[0.10837107196086664, 0.5019908555728455]",113,-1
5577,[0.27821683 0.46730329],73,2,"[0.2982944979771574, 0.4928881704977565]",113,81
5578,[0.26689957 0.49819725],78,2,"[0.2982944979771574, 0.4928881704977565]",113,81
5579,[0.26783381 0.4854518 ],77,2,"[0.2982944979771574, 0.4928881704977565]",113,81
5580,[0.19612312 0.44591948],94,14,"[0.16635912736795258, 0.4532667183848064]",113,81
5581,[0.46027289 0.8933071 ],24,63,"[0.4663233365844979, 0.874422196988726]",93,23
5582,[0.49622436 0.32996942],63,17,"[0.5266584783397147, 0.2925234389366824]",110,-1
5583,[0.13737585 0.67268587],0,72,"[0.13389630971446978, 0.6701017461857026]",58,-1
5584,[0.11778202 0.8752981 ],21,47,"[0.12002015978901225, 0.8781802626724163]",22,7
5585,[0.92747989 0.22168411],37,97,"[0.9117696710959879, 0.2607718115134211]",-1,-1
5586,[0.26769033 0.67709775],98,8,"[0.29185823944997474, 0.6822630454364129]",113,73
5587,[0.88643113 0.71101225],60,65,"[0.8683963995203289, 0.7186203255414056]",23,-1
5588,[0.08990113 0.86128198],21,47,"[0.12002015978901225, 0.8781802626724163]",19,-1
5589,[0.76924557 0.12133018],49,62,"[0.7592128314241189, 0.15406303015764497]",-1,-1
5590,[0.49837991 0.06375279],29,69,"[0.5153460121236064, 0.11707314703881673]",-1,-1
5591,[0.39669048 0.66252639],9,12,"[0.3563557933558874, 0.6600167756750083]",113,77
5592,[0.204554   0.42883799],94,14,"[0.16635912736795258, 0.4532667183848064]",113,-1
5593,[0.34898074 0.17894903],92,4,"[0.3827392388806571, 0.18315480574773338]",110,45
5594,[0.31828962 0.66504115],14,8,"[0.29185823944997474, 0.6822630454364129]",113,-1
5595,[0.58152841 0.86265541],45,89,"[0.5577955894805164, 0.8749894575544954]",-1,-1
5596,[0.14840798 0.19728322],90,20,"[0.18106142669570233, 0.20480546739290073]",104,42
5597,[0.6756173  0.66722608],11,60,"[0.6482027966760067, 0.6653053686977741]",60,19
5598,[0.66264662 0.86012056],31,74,"[0.6387846519793019, 0.8886269005667045]",63,-1
5599,[0.12059664 0.21157684],95,57,"[0.11385950246950007, 0.22156166292214274]",104,42
5600,[0.63815202 0.46663923],44,66,"[0.6892424870002536, 0.4809362987183399]",-1,-1
5601,[0.37629594 0.36661736],70,13,"[0.3772074110661572, 0.3667665336396509]",113,-1
5602,[0.16830869 0.62553388],15,70,"[0.16883511008014604, 0.6108734061004485]",113,43
5603,[0.19002401 0.25571429],47,19,"[0.1752933885253929, 0.2769931075732081]",104,42
5604,[0.51333033 0.5646425 ],16,38,"[0.5222833502418962, 0.5760861920194034]",-1,-1
5605,[0.39987477 0.14470121],2,4,"[0.3827392388806571, 0.18315480574773338]",110,-1
5606,[0.21304526 0.43925475],94,3,"[0.22590404659055946, 0.4809143921482596]",113,81
5607,[0.23346105 0.42628395],34,0,"[0.24505961735590134, 0.40258348756972934]",113,81
5608,[0.19530142 0.82042441],64,78,"[0.17639698191982223, 0.8335029307302414]",-1,-1
5609,[0.83322072 0.51868111],28,61,"[0.8226541227267828, 0.49698240517173836]",-1,22
5610,[0.20537487 0.39541634],77,0,"[0.24505961735590134, 0.40258348756972934]",113,-1
5611,[0.81365498 0.74963197],32,48,"[0.8063574629792128, 0.8028480378432847]",102,-1
5612,[0.7754786  0.64620665],19,53,"[0.7681832820464827, 0.6327372104307392]",102,34
5613,[0.78923    0.18979096],30,93,"[0.8175047550160816, 0.1805576480903363]",36,-1
5614,[0.29767956 0.32793975],65,21,"[0.24089021291760518, 0.30160856093346966]",-1,-1
5615,[0.14413302 0.53635183],87,35,"[0.18006516204956544, 0.5309482406934538]",113,64
5616,[0.25427329 0.41454962],34,0,"[0.24505961735590134, 0.40258348756972934]",113,81
5617,[0.5438501  0.22318632],71,31,"[0.5509259779365981, 0.20365500329799469]",-1,-1
5618,[0.39839549 0.53185397],54,67,"[0.39991637370105465, 0.5429488636659977]",-1,-1
5619,[0.58740172 0.89509057],45,89,"[0.5577955894805164, 0.8749894575544954]",-1,-1
5620,[0.47725539 0.39625088],76,77,"[0.5067154617511884, 0.39780872086571867]",-1,-1
5621,[0.26734855 0.19755418],90,29,"[0.29724643836137565, 0.21152192866347855]",104,-1
5622,[0.57200411 0.34294915],72,23,"[0.5544996285461486, 0.3649814617648961]",110,53
5623,[0.26945658 0.3081548 ],36,21,"[0.24089021291760518, 0.30160856093346966]",-1,-1
5624,[0.64713963 0.62630824],12,60,"[0.6482027966760067, 0.6653053686977741]",-1,-1
5625,[0.36029701 0.21071936],1,4,"[0.3827392388806571, 0.18315480574773338]",110,-1
5626,[0.67701856 0.13412244],80,90,"[0.6807795084802507, 0.1410405480143203]",-1,-1
5627,[0.39299945 0.26254422],17,44,"[0.34401211644161456, 0.2727474001163449]",53,-1
5628,[0.51849589 0.45457695],76,68,"[0.5421113451424038, 0.49916034700705]",-1,-1
5629,[0.78964043 0.24300616],93,9,"[0.7745160189749856, 0.22813324751878863]",36,-1
5630,[0.34148856 0.37461446],70,1,"[0.31345252476490787, 0.39568681619531276]",113,-1
5631,[0.24838121 0.50254651],69,3,"[0.22590404659055946, 0.4809143921482596]",113,81
5632,[0.75288216 0.22386759],49,9,"[0.7745160189749856, 0.22813324751878863]",36,-1
5633,[0.83461623 0.34740146],37,84,"[0.8747370333854485, 0.3299307577245935]",-1,-1
5634,[0.49153207 0.71528773],88,88,"[0.49693056847195605, 0.6857701176055397]",-1,-1
5635,[0.20764315 0.47904742],7,3,"[0.22590404659055946, 0.4809143921482596]",113,81
5636,[0.89048433 0.80183889],52,50,"[0.8669550309977382, 0.8414428333530212]",55,-1
5637,[0.62343436 0.73078334],40,27,"[0.6091441642186142, 0.7391629772413223]",102,36
5638,[0.43502085 0.7568747 ],23,59,"[0.4102385111598612, 0.7308207375545044]",113,-1
5639,[0.9370228 0.7631564],32,98,"[0.942733982760607, 0.8236412439484]",-1,-1
5640,[0.23489955 0.45672116],99,3,"[0.22590404659055946, 0.4809143921482596]",113,81
5641,[0.29722097 0.55656002],78,24,"[0.2575895391106446, 0.5636151717894005]",113,-1
5642,[0.46259494 0.16764849],97,15,"[0.4480198330140321, 0.13770311065471516]",110,63
5643,[0.34000022 0.5956039 ],69,5,"[0.3369928142177202, 0.5813431770807651]",113,-1
5644,[0.67897219 0.75098132],59,6,"[0.6704818259566957, 0.7868874266118806]",102,-1
5645,[0.84576913 0.70869388],56,65,"[0.8683963995203289, 0.7186203255414056]",98,-1
5646,[0.08874863 0.17180503],90,86,"[0.10460029415455299, 0.15390780514892627]",-1,-1
5647,[0.30756478 0.65287405],13,8,"[0.29185823944997474, 0.6822630454364129]",113,-1
5648,[0.93381877 0.67377427],56,83,"[0.9023954923676734, 0.6253829621221342]",-1,-1
5649,[0.1418474  0.52843753],42,35,"[0.18006516204956544, 0.5309482406934538]",113,64
5650,[0.4160505  0.89589968],10,99,"[0.40646030356053225, 0.9259295599180227]",-1,-1
5651,[0.17538491 0.70810606],0,42,"[0.17164193172035744, 0.7477907034099851]",107,-1
5652,[0.15335348 0.18140925],79,7,"[0.16040334011861732, 0.1583747599262833]",104,42
5653,[0.33763592 0.72606957],89,26,"[0.34140158523352676, 0.7415276229463709]",113,76
5654,[0.83639871 0.63210398],27,25,"[0.8290893185566872, 0.6663325003431528]",99,22
5655,[0.17970727 0.65830957],15,32,"[0.21070106237511496, 0.6599645039522288]",113,43
5656,[0.82536701 0.8494409 ],52,95,"[0.8179696228241676, 0.8855176666788548]",-1,-1
5657,[0.63630386 0.44718961],44,64,"[0.5873954455556146, 0.4184822956881117]",-1,-1
5658,[0.67048671 0.42905259],35,46,"[0.6818606004752428, 0.39460805157892936]",43,4
5659,[0.20712368 0.66637238],25,32,"[0.21070106237511496, 0.6599645039522288]",113,43
5660,[0.73142532 0.73844124],91,11,"[0.7285416878591984, 0.7120527989062413]",102,57
5661,[0.82866486 0.28574443],38,87,"[0.8400115250570579, 0.2635503368487671]",-1,-1
5662,[0.32755598 0.73943335],84,26,"[0.34140158523352676, 0.7415276229463709]",113,-1
5663,[0.71857964 0.92224478],31,-1,-1,-1,-1
5664,[0.14833512 0.27757797],47,19,"[0.1752933885253929, 0.2769931075732081]",104,-1
5665,[0.35248411 0.67400485],51,12,"[0.3563557933558874, 0.6600167756750083]",113,-1
5666,[0.55425384 0.38953971],76,23,"[0.5544996285461486, 0.3649814617648961]",110,53
5667,[0.4384369  0.87855573],24,63,"[0.4663233365844979, 0.874422196988726]",93,23
5668,[0.18219547 0.18386467],90,20,"[0.18106142669570233, 0.20480546739290073]",104,42
5669,[0.53791165 0.65996941],81,28,"[0.572088563242004, 0.6648723747855627]",69,-1
5670,[0.56104257 0.36737464],33,23,"[0.5544996285461486, 0.3649814617648961]",110,-1
5671,[0.74070489 0.29345856],38,36,"[0.718962763471204, 0.2995127644433783]",36,-1
5672,[0.51574382 0.25147883],22,17,"[0.5266584783397147, 0.2925234389366824]",-1,-1
5673,[0.38085546 0.79739421],10,22,"[0.4053244070468948, 0.7892325425819533]",113,71
5674,[0.60828636 0.20044044],18,55,"[0.6160291566716146, 0.18582080836242268]",110,37
5675,[0.7598926  0.50152588],82,49,"[0.7597872492020543, 0.528305606483068]",-1,10
5676,[0.50429111 0.32689896],63,17,"[0.5266584783397147, 0.2925234389366824]",110,-1
5677,[0.71350938 0.76193201],91,16,"[0.7557129160895149, 0.7610612683801858]",102,-1
5678,[0.58045682 0.63476713],40,28,"[0.572088563242004, 0.6648723747855627]",81,29
5679,[0.14460938 0.7839003 ],58,71,"[0.10117111935954111, 0.7754028082579668]",-1,9
5680,[0.30041417 0.5336807 ],8,2,"[0.2982944979771574, 0.4928881704977565]",113,78
5681,[0.45384089 0.11597304],61,15,"[0.4480198330140321, 0.13770311065471516]",110,-1
5682,[0.7741608  0.33581003],86,39,"[0.7929729113380171, 0.306282578754693]",-1,-1
5683,[0.59860349 0.75288315],53,27,"[0.6091441642186142, 0.7391629772413223]",96,-1
5684,[0.43598002 0.58015649],9,18,"[0.4095647158889755, 0.6213093728466221]",-1,-1
5685,[0.13333973 0.21121885],20,57,"[0.11385950246950007, 0.22156166292214274]",104,42
5686,[0.69572991 0.79015586],59,6,"[0.6704818259566957, 0.7868874266118806]",102,50
5687,[0.53810507 0.56546488],12,38,"[0.5222833502418962, 0.5760861920194034]",80,-1
5688,[0.76062698 0.6885722 ],50,11,"[0.7285416878591984, 0.7120527989062413]",102,-1
5689,[0.45553179 0.67146953],9,88,"[0.49693056847195605, 0.6857701176055397]",-1,-1
5690,[0.63414323 0.39088193],72,46,"[0.6818606004752428, 0.39460805157892936]",38,-1
5691,[0.3818976 0.1715964],2,4,"[0.3827392388806571, 0.18315480574773338]",110,62
5692,[0.28968258 0.3028827 ],68,21,"[0.24089021291760518, 0.30160856093346966]",-1,-1
5693,[0.81065939 0.45368202],28,61,"[0.8226541227267828, 0.49698240517173836]",-1,-1
5694,[0.40136254 0.29334752],1,44,"[0.34401211644161456, 0.2727474001163449]",-1,-1
5695,[0.3822604  0.59685589],62,18,"[0.4095647158889755, 0.6213093728466221]",113,-1
5696,[0.38361688 0.69558431],13,59,"[0.4102385111598612, 0.7308207375545044]",113,-1
5697,[0.29776524 0.37236079],43,1,"[0.31345252476490787, 0.39568681619531276]",113,81
5698,[0.92000974 0.33283069],37,96,"[0.9242498114026001, 0.35811950872924947]",25,-1
5699,[0.3964336  0.80131333],10,22,"[0.4053244070468948, 0.7892325425819533]",113,-1
5700,[0.16316751 0.76973801],64,42,"[0.17164193172035744, 0.7477907034099851]",87,-1
5701,[0.79417548 0.76047974],60,16,"[0.7557129160895149, 0.7610612683801858]",-1,-1
5702,[0.39158018 0.61049553],54,18,"[0.4095647158889755, 0.6213093728466221]",113,-1
5703,[0.84971837 0.20189795],93,93,"[0.8175047550160816, 0.1805576480903363]",-1,-1
5704,[0.48490476 0.16729549],75,10,"[0.4982904339105401, 0.17462697492844612]",110,-1
5705,[0.66855663 0.44759764],44,66,"[0.6892424870002536, 0.4809362987183399]",-1,-1
5706,[0.35201729 0.72746163],13,26,"[0.34140158523352676, 0.7415276229463709]",113,-1
5707,[0.33659868 0.14109112],2,92,"[0.3725508188236613, 0.1071489353939289]",-1,-1
5708,[0.73556008 0.16873608],49,62,"[0.7592128314241189, 0.15406303015764497]",36,-1
5709,[0.45371846 0.82771642],24,51,"[0.47563858561263794, 0.7978986338068428]",-1,-1
5710,[0.27335788 0.55202422],5,24,"[0.2575895391106446, 0.5636151717894005]",-1,-1
5711,[0.24393161 0.54509542],99,24,"[0.2575895391106446, 0.5636151717894005]",113,-1
5712,[0.34692907 0.37391745],48,13,"[0.3772074110661572, 0.3667665336396509]",113,81
5713,[0.20873857 0.15876916],67,54,"[0.23065754032548644, 0.16311462163198792]",104,42
5714,[0.75286271 0.15490191],93,62,"[0.7592128314241189, 0.15406303015764497]",36,-1
5715,[0.27743377 0.3835907 ],34,0,"[0.24505961735590134, 0.40258348756972934]",113,81
5716,[0.09187416 0.52841754],42,52,"[0.10837107196086664, 0.5019908555728455]",-1,-1
5717,[0.69965321 0.52722997],35,66,"[0.6892424870002536, 0.4809362987183399]",-1,-1
5718,[0.45547427 0.81800026],24,51,"[0.47563858561263794, 0.7978986338068428]",113,-1
5719,[0.28809608 0.19980249],1,29,"[0.29724643836137565, 0.21152192866347855]",104,-1
5720,[0.28624826 0.56124983],8,24,"[0.2575895391106446, 0.5636151717894005]",113,-1
5721,[0.36711077 0.55037849],69,67,"[0.39991637370105465, 0.5429488636659977]",113,-1
5722,[0.37149367 0.41258133],65,91,"[0.38272617373285694, 0.45406707742979985]",113,-1
5723,[0.07621098 0.82972246],21,71,"[0.10117111935954111, 0.7754028082579668]",-1,-1
5724,[0.63095868 0.19982195],80,55,"[0.6160291566716146, 0.18582080836242268]",110,-1
5725,[0.62863712 0.72667374],40,27,"[0.6091441642186142, 0.7391629772413223]",102,36
5726,[0.13439174 0.18705365],20,7,"[0.16040334011861732, 0.1583747599262833]",104,42
5727,[0.26022556 0.44542781],78,0,"[0.24505961735590134, 0.40258348756972934]",113,81
5728,[0.2536368  0.40468104],78,0,"[0.24505961735590134, 0.40258348756972934]",113,81
5729,[0.22870077 0.81591553],58,78,"[0.17639698191982223, 0.8335029307302414]",-1,-1
5730,[0.81045226 0.69099677],32,25,"[0.8290893185566872, 0.6663325003431528]",-1,-1
5731,[0.92528467 0.85634572],26,98,"[0.942733982760607, 0.8236412439484]",-1,-1
5732,[0.62826005 0.78901403],59,6,"[0.6704818259566957, 0.7868874266118806]",102,-1
5733,[0.21370369 0.48552625],34,3,"[0.22590404659055946, 0.4809143921482596]",113,81
5734,[0.1759589  0.25932629],36,19,"[0.1752933885253929, 0.2769931075732081]",104,42
5735,[0.18112612 0.71883775],58,42,"[0.17164193172035744, 0.7477907034099851]",107,-1
5736,[0.18327469 0.46322225],7,14,"[0.16635912736795258, 0.4532667183848064]",113,81
5737,[0.39545121 0.17212852],46,4,"[0.3827392388806571, 0.18315480574773338]",110,-1
5738,[0.35580618 0.17260424],2,4,"[0.3827392388806571, 0.18315480574773338]",110,-1
5739,[0.15999218 0.53537895],7,35,"[0.18006516204956544, 0.5309482406934538]",113,64
5740,[0.79334208 0.62267784],4,53,"[0.7681832820464827, 0.6327372104307392]",-1,-1
5741,[0.29101116 0.44735431],78,2,"[0.2982944979771574, 0.4928881704977565]",113,81
5742,[0.65086643 0.12137713],71,90,"[0.6807795084802507, 0.1410405480143203]",-1,-1
5743,[0.7318561  0.46063366],35,79,"[0.7440923457598303, 0.4172681159825393]",-1,-1
5744,[0.12778078 0.83693121],64,47,"[0.12002015978901225, 0.8781802626724163]",-1,-1
5745,[0.36638782 0.53436797],69,67,"[0.39991637370105465, 0.5429488636659977]",113,-1
5746,[0.78299027 0.28540763],86,39,"[0.7929729113380171, 0.306282578754693]",36,8
5747,[0.8626462  0.29583896],86,84,"[0.8747370333854485, 0.3299307577245935]",-1,-1
5748,[0.28406656 0.23467733],1,29,"[0.29724643836137565, 0.21152192866347855]",-1,-1
5749,[0.77421358 0.53668433],28,49,"[0.7597872492020543, 0.528305606483068]",50,10
5750,[0.12751868 0.26559474],47,57,"[0.11385950246950007, 0.22156166292214274]",61,-1
5751,[0.40846815 0.19494123],92,4,"[0.3827392388806571, 0.18315480574773338]",110,63
5752,[0.78465437 0.51161545],82,49,"[0.7597872492020543, 0.528305606483068]",50,-1
5753,[0.78110884 0.22501584],30,9,"[0.7745160189749856, 0.22813324751878863]",36,12
5754,[0.25130293 0.72513566],98,81,"[0.2526303993585153, 0.7288181375759063]",113,-1
5755,[0.17595364 0.2130083 ],36,20,"[0.18106142669570233, 0.20480546739290073]",104,42
5756,[0.6684617  0.65025961],19,60,"[0.6482027966760067, 0.6653053686977741]",60,-1
5757,[0.21187338 0.13523234],90,54,"[0.23065754032548644, 0.16311462163198792]",-1,-1
5758,[0.27309268 0.43506899],34,0,"[0.24505961735590134, 0.40258348756972934]",113,81
5759,[0.50162873 0.35685368],63,77,"[0.5067154617511884, 0.39780872086571867]",-1,-1
5760,[0.7117754  0.69598574],60,11,"[0.7285416878591984, 0.7120527989062413]",102,-1
5761,[0.49344331 0.77971269],88,51,"[0.47563858561263794, 0.7978986338068428]",0,-1
5762,[0.7355173  0.43113719],35,79,"[0.7440923457598303, 0.4172681159825393]",-1,-1
5763,[0.33733802 0.4603742 ],48,91,"[0.38272617373285694, 0.45406707742979985]",-1,-1
5764,[0.29000396 0.53450151],73,2,"[0.2982944979771574, 0.4928881704977565]",113,-1
5765,[0.82069611 0.85778038],26,95,"[0.8179696228241676, 0.8855176666788548]",56,-1
5766,[0.4634963  0.19727167],46,40,"[0.4428604662933861, 0.22666876085097074]",110,63
5767,[0.13321813 0.42005168],96,76,"[0.1271293063442913, 0.39727223545070534]",108,-1
5768,[0.63087938 0.78516282],31,6,"[0.6704818259566957, 0.7868874266118806]",102,-1
5769,[0.19303646 0.17758643],67,20,"[0.18106142669570233, 0.20480546739290073]",104,42
5770,[0.66625348 0.73122705],3,6,"[0.6704818259566957, 0.7868874266118806]",102,-1
5771,[0.71774195 0.83661681],31,75,"[0.7159769487757391, 0.8473248623765012]",-1,-1
5772,[0.74876676 0.67981365],60,11,"[0.7285416878591984, 0.7120527989062413]",102,-1
5773,[0.40371601 0.08845707],2,92,"[0.3725508188236613, 0.1071489353939289]",-1,-1
5774,[0.199418   0.40068458],77,0,"[0.24505961735590134, 0.40258348756972934]",113,-1
5775,[0.41426595 0.39155933],70,13,"[0.3772074110661572, 0.3667665336396509]",-1,-1
5776,[0.70419767 0.2163596 ],49,33,"[0.712147299809196, 0.21396583181069667]",36,6
5777,[0.16491319 0.64853272],15,72,"[0.13389630971446978, 0.6701017461857026]",-1,-1
5778,[0.31796315 0.69937794],84,8,"[0.29185823944997474, 0.6822630454364129]",113,79
5779,[0.26678796 0.47891133],78,2,"[0.2982944979771574, 0.4928881704977565]",113,81
5780,[0.80357169 0.5593476 ],27,49,"[0.7597872492020543, 0.528305606483068]",-1,10
5781,[0.33266473 0.74836166],13,26,"[0.34140158523352676, 0.7415276229463709]",113,-1
5782,[0.5785335  0.24203869],75,58,"[0.5903496421521437, 0.26872112132208276]",110,-1
5783,[0.42605878 0.28890663],17,40,"[0.4428604662933861, 0.22666876085097074]",-1,-1
5784,[0.39532063 0.32195238],65,13,"[0.3772074110661572, 0.3667665336396509]",57,-1
5785,[0.22336168 0.20810846],68,34,"[0.22317706824250913, 0.23387943431995686]",104,42
5786,[0.22838058 0.43670224],99,0,"[0.24505961735590134, 0.40258348756972934]",113,81
5787,[0.70570268 0.59841009],11,80,"[0.6893002767673785, 0.5852948461925299]",26,-1
5788,[0.72801566 0.18553869],49,33,"[0.712147299809196, 0.21396583181069667]",36,6
5789,[0.72239421 0.79701694],50,16,"[0.7557129160895149, 0.7610612683801858]",102,-1
5790,[0.0903739  0.79189915],58,71,"[0.10117111935954111, 0.7754028082579668]",-1,-1
5791,[0.3499622  0.64221767],54,12,"[0.3563557933558874, 0.6600167756750083]",113,83
5792,[0.10952637 0.21029609],95,57,"[0.11385950246950007, 0.22156166292214274]",104,42
5793,[0.12718468 0.50147782],87,52,"[0.10837107196086664, 0.5019908555728455]",113,-1
5794,[0.28373549 0.36598536],65,1,"[0.31345252476490787, 0.39568681619531276]",113,-1
5795,[0.34698885 0.32289126],43,44,"[0.34401211644161456, 0.2727474001163449]",-1,-1
5796,[0.82424382 0.52864551],28,61,"[0.8226541227267828, 0.49698240517173836]",72,-1
5797,[0.35148077 0.61118838],51,5,"[0.3369928142177202, 0.5813431770807651]",113,84
5798,[0.42087912 0.77325194],88,22,"[0.4053244070468948, 0.7892325425819533]",113,71
5799,[0.37374782 0.73864993],23,26,"[0.34140158523352676, 0.7415276229463709]",113,-1
5800,[0.72927765 0.21491403],30,33,"[0.712147299809196, 0.21396583181069667]",36,-1
5801,[0.63118289 0.72663399],40,27,"[0.6091441642186142, 0.7391629772413223]",102,36
5802,[0.21197137 0.53648776],8,35,"[0.18006516204956544, 0.5309482406934538]",113,-1
5803,[0.41533381 0.6244842 ],54,18,"[0.4095647158889755, 0.6213093728466221]",113,84
5804,[0.76070874 0.63245165],19,53,"[0.7681832820464827, 0.6327372104307392]",102,-1
5805,[0.53242509 0.35533697],76,23,"[0.5544996285461486, 0.3649814617648961]",110,-1
5806,[0.60302247 0.5487475 ],74,30,"[0.5893115951066175, 0.5856347360021498]",-1,-1
5807,[0.30059101 0.38526807],77,1,"[0.31345252476490787, 0.39568681619531276]",113,81
5808,[0.76045556 0.6384437 ],11,53,"[0.7681832820464827, 0.6327372104307392]",-1,-1
5809,[0.38920869 0.27249623],70,44,"[0.34401211644161456, 0.2727474001163449]",-1,-1
5810,[0.48197814 0.10758915],29,69,"[0.5153460121236064, 0.11707314703881673]",110,51
5811,[0.51689516 0.43975761],76,77,"[0.5067154617511884, 0.39780872086571867]",-1,-1
5812,[0.57034976 0.36122189],33,23,"[0.5544996285461486, 0.3649814617648961]",110,53
5813,[0.31290666 0.78555621],13,82,"[0.32758089961125464, 0.809330839306685]",83,-1
5814,[0.75660453 0.77403836],50,16,"[0.7557129160895149, 0.7610612683801858]",102,35
5815,[0.35333958 0.32484416],70,13,"[0.3772074110661572, 0.3667665336396509]",-1,-1
5816,[0.74684101 0.63472772],19,53,"[0.7681832820464827, 0.6327372104307392]",-1,-1
5817,[0.52375826 0.32172597],6,17,"[0.5266584783397147, 0.2925234389366824]",110,49
5818,[0.13226123 0.16637922],20,7,"[0.16040334011861732, 0.1583747599262833]",104,-1
5819,[0.61153634 0.80097342],45,45,"[0.6014090517878816, 0.8253297621455221]",-1,-1
5820,[0.56638104 0.17624641],75,31,"[0.5509259779365981, 0.20365500329799469]",110,58
5821,[0.70004978 0.78544448],91,6,"[0.6704818259566957, 0.7868874266118806]",102,-1
5822,[0.32448974 0.36659078],43,1,"[0.31345252476490787, 0.39568681619531276]",113,-1
5823,[0.80813823 0.89720309],26,95,"[0.8179696228241676, 0.8855176666788548]",-1,-1
5824,[0.72368136 0.18188574],49,33,"[0.712147299809196, 0.21396583181069667]",36,6
5825,[0.77498751 0.81402051],91,48,"[0.8063574629792128, 0.8028480378432847]",65,-1
5826,[0.11435034 0.75350985],58,71,"[0.10117111935954111, 0.7754028082579668]",-1,-1
5827,[0.69087088 0.29892409],85,36,"[0.718962763471204, 0.2995127644433783]",34,-1
5828,[0.5815839  0.55871995],74,30,"[0.5893115951066175, 0.5856347360021498]",80,-1
5829,[0.0792439  0.44720485],96,52,"[0.10837107196086664, 0.5019908555728455]",10,-1
5830,[0.23918236 0.21353851],36,34,"[0.22317706824250913, 0.23387943431995686]",104,42
5831,[0.82037218 0.25547585],38,87,"[0.8400115250570579, 0.2635503368487671]",-1,-1
5832,[0.5516201  0.25999039],22,58,"[0.5903496421521437, 0.26872112132208276]",110,47
5833,[0.45142561 0.58219777],74,18,"[0.4095647158889755, 0.6213093728466221]",-1,-1
5834,[0.42557369 0.34668767],70,13,"[0.3772074110661572, 0.3667665336396509]",-1,-1
5835,[0.20082968 0.4756747 ],34,3,"[0.22590404659055946, 0.4809143921482596]",113,81
5836,[0.89542246 0.64662966],56,83,"[0.9023954923676734, 0.6253829621221342]",90,-1
5837,[0.42252319 0.5328975 ],54,67,"[0.39991637370105465, 0.5429488636659977]",18,-1
5838,[0.17703189 0.71181685],25,42,"[0.17164193172035744, 0.7477907034099851]",107,-1
5839,[0.45026889 0.74559834],9,59,"[0.4102385111598612, 0.7308207375545044]",-1,-1
5840,[0.45668717 0.78714244],10,51,"[0.47563858561263794, 0.7978986338068428]",113,-1
5841,[0.52199087 0.3970855 ],72,77,"[0.5067154617511884, 0.39780872086571867]",110,-1
5842,[0.829989   0.22405969],86,87,"[0.8400115250570579, 0.2635503368487671]",-1,-1
5843,[0.66100746 0.38084951],44,46,"[0.6818606004752428, 0.39460805157892936]",46,5
5844,[0.48673797 0.25577324],22,40,"[0.4428604662933861, 0.22666876085097074]",29,-1
5845,[0.34202653 0.15580139],2,4,"[0.3827392388806571, 0.18315480574773338]",-1,-1
5846,[0.35528317 0.27212195],1,44,"[0.34401211644161456, 0.2727474001163449]",-1,-1
5847,[0.21814429 0.26952328],36,34,"[0.22317706824250913, 0.23387943431995686]",104,42
5848,[0.20127848 0.49708238],87,3,"[0.22590404659055946, 0.4809143921482596]",113,81
5849,[0.39478525 0.26612963],2,44,"[0.34401211644161456, 0.2727474001163449]",53,-1
5850,[0.22673784 0.44471685],94,3,"[0.22590404659055946, 0.4809143921482596]",113,-1
5851,[0.65467706 0.37453403],72,46,"[0.6818606004752428, 0.39460805157892936]",46,-1
5852,[0.69257591 0.80031081],91,6,"[0.6704818259566957, 0.7868874266118806]",102,50
5853,[0.27260632 0.4386257 ],77,0,"[0.24505961735590134, 0.40258348756972934]",113,81
5854,[0.36881542 0.23329438],17,44,"[0.34401211644161456, 0.2727474001163449]",-1,-1
5855,[0.80143643 0.33719   ],30,39,"[0.7929729113380171, 0.306282578754693]",-1,-1
5856,[0.30955543 0.36338523],55,1,"[0.31345252476490787, 0.39568681619531276]",113,81
5857,[0.69977116 0.45573075],44,66,"[0.6892424870002536, 0.4809362987183399]",-1,-1
5858,[0.26278486 0.25306042],1,34,"[0.22317706824250913, 0.23387943431995686]",104,-1
5859,[0.80654669 0.15620624],93,93,"[0.8175047550160816, 0.1805576480903363]",-1,-1
5860,[0.25041715 0.52717625],78,24,"[0.2575895391106446, 0.5636151717894005]",113,-1
5861,[0.53773018 0.36212425],33,23,"[0.5544996285461486, 0.3649814617648961]",110,-1
5862,[0.33147377 0.32006592],43,44,"[0.34401211644161456, 0.2727474001163449]",-1,-1
5863,[0.34717127 0.20097368],1,4,"[0.3827392388806571, 0.18315480574773338]",110,45
5864,[0.14190641 0.49586122],42,52,"[0.10837107196086664, 0.5019908555728455]",113,66
5865,[0.4703986  0.14767302],97,15,"[0.4480198330140321, 0.13770311065471516]",110,63
5866,[0.32677231 0.72165699],13,26,"[0.34140158523352676, 0.7415276229463709]",113,-1
5867,[0.60504664 0.09152777],18,37,"[0.590787313093903, 0.1287873361919935]",-1,-1
5868,[0.35035782 0.61450658],62,5,"[0.3369928142177202, 0.5813431770807651]",113,84
5869,[0.82124545 0.70806995],56,25,"[0.8290893185566872, 0.6663325003431528]",-1,-1
5870,[0.86010281 0.55022696],28,43,"[0.8559722074695512, 0.5768738433864216]",-1,-1
5871,[0.39048129 0.74065354],89,59,"[0.4102385111598612, 0.7308207375545044]",113,67
5872,[0.13030079 0.62018861],15,70,"[0.16883511008014604, 0.6108734061004485]",-1,-1
5873,[0.23173124 0.50733932],7,3,"[0.22590404659055946, 0.4809143921482596]",113,-1
5874,[0.13757925 0.87341322],21,47,"[0.12002015978901225, 0.8781802626724163]",22,7
5875,[0.8151768  0.83096177],26,48,"[0.8063574629792128, 0.8028480378432847]",67,-1
5876,[0.69745979 0.49632226],11,66,"[0.6892424870002536, 0.4809362987183399]",-1,-1
5877,[0.70714559 0.16528773],49,90,"[0.6807795084802507, 0.1410405480143203]",36,-1
5878,[0.82087961 0.35595339],86,85,"[0.8330047067228752, 0.39861674914336154]",-1,-1
5879,[0.47838332 0.19609151],61,10,"[0.4982904339105401, 0.17462697492844612]",110,-1
5880,[0.83912334 0.50982874],28,61,"[0.8226541227267828, 0.49698240517173836]",68,-1
5881,[0.77767385 0.20338283],93,9,"[0.7745160189749856, 0.22813324751878863]",36,12
5882,[0.17061629 0.62954243],15,70,"[0.16883511008014604, 0.6108734061004485]",113,43
5883,[0.63729771 0.73019374],3,27,"[0.6091441642186142, 0.7391629772413223]",102,-1
5884,[0.61233678 0.25541382],63,58,"[0.5903496421521437, 0.26872112132208276]",14,-1
5885,[0.40694263 0.21642445],92,40,"[0.4428604662933861, 0.22666876085097074]",110,-1
5886,[0.29455399 0.43617325],48,1,"[0.31345252476490787, 0.39568681619531276]",113,-1
5887,[0.13520241 0.49526747],42,52,"[0.10837107196086664, 0.5019908555728455]",-1,-1
5888,[0.81016713 0.79125279],32,48,"[0.8063574629792128, 0.8028480378432847]",86,32
5889,[0.31650599 0.49721979],73,2,"[0.2982944979771574, 0.4928881704977565]",113,82
5890,[0.77810012 0.47464344],82,61,"[0.8226541227267828, 0.49698240517173836]",-1,-1
5891,[0.64528663 0.41972888],44,46,"[0.6818606004752428, 0.39460805157892936]",-1,-1
5892,[0.24428089 0.3819242 ],55,0,"[0.24505961735590134, 0.40258348756972934]",113,81
5893,[0.83542305 0.52959062],28,61,"[0.8226541227267828, 0.49698240517173836]",72,-1
5894,[0.69808882 0.37175126],44,46,"[0.6818606004752428, 0.39460805157892936]",45,-1
5895,[0.58962981 0.67239694],81,28,"[0.572088563242004, 0.6648723747855627]",-1,-1
5896,[0.80160724 0.1688753 ],93,93,"[0.8175047550160816, 0.1805576480903363]",-1,-1
5897,[0.20301427 0.18771985],67,20,"[0.18106142669570233, 0.20480546739290073]",104,42
5898,[0.31570537 0.67605829],13,8,"[0.29185823944997474, 0.6822630454364129]",113,-1
5899,[0.75252591 0.26179769],38,9,"[0.7745160189749856, 0.22813324751878863]",36,11
5900,[0.21720964 0.27930636],36,21,"[0.24089021291760518, 0.30160856093346966]",104,42
5901,[0.26301629 0.64378144],98,8,"[0.29185823944997474, 0.6822630454364129]",-1,-1
5902,[0.59714674 0.72460008],59,27,"[0.6091441642186142, 0.7391629772413223]",-1,-1
5903,[0.20194227 0.72767303],98,42,"[0.17164193172035744, 0.7477907034099851]",-1,-1
5904,[0.21913813 0.49130568],94,3,"[0.22590404659055946, 0.4809143921482596]",113,81
5905,[0.22908563 0.24733055],36,34,"[0.22317706824250913, 0.23387943431995686]",104,-1
5906,[0.13951802 0.85640665],21,47,"[0.12002015978901225, 0.8781802626724163]",-1,7
5907,[0.50706406 0.13698567],97,69,"[0.5153460121236064, 0.11707314703881673]",110,63
5908,[0.35334197 0.71455596],51,26,"[0.34140158523352676, 0.7415276229463709]",113,76
5909,[0.30230189 0.65435099],14,8,"[0.29185823944997474, 0.6822630454364129]",113,74
5910,[0.21450648 0.56863558],8,24,"[0.2575895391106446, 0.5636151717894005]",-1,-1
5911,[0.81328842 0.18532284],30,93,"[0.8175047550160816, 0.1805576480903363]",-1,-1
5912,[0.78398081 0.59738662],19,53,"[0.7681832820464827, 0.6327372104307392]",28,13
5913,[0.54760694 0.89679562],45,89,"[0.5577955894805164, 0.8749894575544954]",-1,-1
5914,[0.34739139 0.37533493],65,13,"[0.3772074110661572, 0.3667665336396509]",113,81
5915,[0.15767741 0.24501858],47,19,"[0.1752933885253929, 0.2769931075732081]",104,42
5916,[0.29894349 0.51715415],5,2,"[0.2982944979771574, 0.4928881704977565]",113,78
5917,[0.40392852 0.67411143],9,12,"[0.3563557933558874, 0.6600167756750083]",113,-1
5918,[0.27222482 0.66067195],98,8,"[0.29185823944997474, 0.6822630454364129]",113,-1
5919,[0.78941247 0.73941042],50,16,"[0.7557129160895149, 0.7610612683801858]",102,46
5920,[0.24358372 0.26203018],36,34,"[0.22317706824250913, 0.23387943431995686]",104,-1
5921,[0.39341118 0.21571893],46,4,"[0.3827392388806571, 0.18315480574773338]",110,63
5922,[0.7285218  0.24364534],49,33,"[0.712147299809196, 0.21396583181069667]",36,-1
5923,[0.18057928 0.69548097],0,32,"[0.21070106237511496, 0.6599645039522288]",107,-1
5924,[0.64649047 0.81956505],59,6,"[0.6704818259566957, 0.7868874266118806]",-1,-1
5925,[0.90544427 0.68530121],27,65,"[0.8683963995203289, 0.7186203255414056]",-1,-1
5926,[0.61451016 0.78049606],3,27,"[0.6091441642186142, 0.7391629772413223]",102,-1
5927,[0.57210289 0.33873834],22,23,"[0.5544996285461486, 0.3649814617648961]",110,53
5928,[0.38620174 0.22823386],92,4,"[0.3827392388806571, 0.18315480574773338]",110,-1
5929,[0.56717254 0.58520805],74,30,"[0.5893115951066175, 0.5856347360021498]",81,-1
5930,[0.41623142 0.66431505],51,18,"[0.4095647158889755, 0.6213093728466221]",-1,-1
5931,[0.40343127 0.82142387],41,41,"[0.4045860819360065, 0.8451095848913467]",113,-1
5932,[0.0629227 0.6293539],15,-1,-1,-1,-1
5933,[0.53973144 0.28754829],6,17,"[0.5266584783397147, 0.2925234389366824]",110,48
5934,[0.546604   0.31860173],72,17,"[0.5266584783397147, 0.2925234389366824]",110,-1
5935,[0.35830027 0.15525245],2,4,"[0.3827392388806571, 0.18315480574773338]",-1,-1
5936,[0.67590634 0.1889313 ],80,33,"[0.712147299809196, 0.21396583181069667]",33,-1
5937,[0.55159098 0.32377862],63,17,"[0.5266584783397147, 0.2925234389366824]",110,-1
5938,[0.14748652 0.62333133],15,70,"[0.16883511008014604, 0.6108734061004485]",113,-1
5939,[0.6875796  0.34390984],85,46,"[0.6818606004752428, 0.39460805157892936]",-1,-1
5940,[0.18598313 0.27122458],36,19,"[0.1752933885253929, 0.2769931075732081]",104,42
5941,[0.82734381 0.63147729],19,25,"[0.8290893185566872, 0.6663325003431528]",99,22
5942,[0.89653898 0.54394744],4,43,"[0.8559722074695512, 0.5768738433864216]",-1,-1
5943,[0.7945899  0.16875595],93,93,"[0.8175047550160816, 0.1805576480903363]",36,-1
5944,[0.15177264 0.82963831],64,78,"[0.17639698191982223, 0.8335029307302414]",59,9
5945,[0.68525677 0.72292713],3,11,"[0.7285416878591984, 0.7120527989062413]",102,-1
5946,[0.6827743  0.30444881],85,36,"[0.718962763471204, 0.2995127644433783]",-1,-1
5947,[0.52941262 0.51669124],74,68,"[0.5421113451424038, 0.49916034700705]",-1,-1
5948,[0.32621523 0.35040917],48,1,"[0.31345252476490787, 0.39568681619531276]",113,-1
5949,[0.62851653 0.18067495],80,55,"[0.6160291566716146, 0.18582080836242268]",110,-1
5950,[0.2576669  0.36544742],77,0,"[0.24505961735590134, 0.40258348756972934]",113,-1
5951,[0.70587648 0.21596353],38,33,"[0.712147299809196, 0.21396583181069667]",36,6
5952,[0.16748758 0.49644628],87,35,"[0.18006516204956544, 0.5309482406934538]",113,-1
5953,[0.54091892 0.83755385],24,89,"[0.5577955894805164, 0.8749894575544954]",-1,-1
5954,[0.13640855 0.13786892],66,7,"[0.16040334011861732, 0.1583747599262833]",104,42
5955,[0.81452653 0.51801633],39,61,"[0.8226541227267828, 0.49698240517173836]",72,-1
5956,[0.51905021 0.88195776],24,89,"[0.5577955894805164, 0.8749894575544954]",-1,-1
5957,[0.19994078 0.61850117],15,70,"[0.16883511008014604, 0.6108734061004485]",113,-1
5958,[0.26121188 0.44142754],34,0,"[0.24505961735590134, 0.40258348756972934]",113,81
5959,[0.69717915 0.41889919],35,46,"[0.6818606004752428, 0.39460805157892936]",43,4
5960,[0.58485584 0.62914303],40,28,"[0.572088563242004, 0.6648723747855627]",81,29
5961,[0.53955829 0.33593832],72,23,"[0.5544996285461486, 0.3649814617648961]",110,-1
5962,[0.17479522 0.43833313],94,14,"[0.16635912736795258, 0.4532667183848064]",113,-1
5963,[0.77825755 0.63462133],19,53,"[0.7681832820464827, 0.6327372104307392]",102,34
5964,[0.16705781 0.14997024],79,7,"[0.16040334011861732, 0.1583747599262833]",104,42
5965,[0.57362534 0.37104202],72,23,"[0.5544996285461486, 0.3649814617648961]",110,53
5966,[0.52073856 0.19835475],97,31,"[0.5509259779365981, 0.20365500329799469]",110,-1
5967,[0.15846825 0.62061567],15,70,"[0.16883511008014604, 0.6108734061004485]",113,43
5968,[0.17929109 0.82140981],64,78,"[0.17639698191982223, 0.8335029307302414]",59,9
5969,[0.60220116 0.85604783],45,45,"[0.6014090517878816, 0.8253297621455221]",85,-1
5970,[0.3859877  0.87323254],41,41,"[0.4045860819360065, 0.8451095848913467]",-1,-1
5971,[0.37426023 0.61719406],62,18,"[0.4095647158889755, 0.6213093728466221]",113,84
5972,[0.6157572  0.63889951],40,60,"[0.6482027966760067, 0.6653053686977741]",-1,-1
5973,[0.65052539 0.18364841],80,55,"[0.6160291566716146, 0.18582080836242268]",-1,-1
5974,[0.28551635 0.35876667],43,1,"[0.31345252476490787, 0.39568681619531276]",113,81
5975,[0.34870513 0.28057158],17,44,"[0.34401211644161456, 0.2727474001163449]",-1,-1
5976,[0.21669215 0.29205661],36,21,"[0.24089021291760518, 0.30160856093346966]",104,42
5977,[0.25092127 0.66100851],25,32,"[0.21070106237511496, 0.6599645039522288]",-1,-1
5978,[0.60345537 0.28585768],22,58,"[0.5903496421521437, 0.26872112132208276]",-1,-1
5979,[0.18477544 0.50128662],87,35,"[0.18006516204956544, 0.5309482406934538]",113,-1
5980,[0.28562806 0.70771874],98,8,"[0.29185823944997474, 0.6822630454364129]",113,-1
5981,[0.38969957 0.20053122],17,4,"[0.3827392388806571, 0.18315480574773338]",110,63
5982,[0.6046775  0.78298643],53,45,"[0.6014090517878816, 0.8253297621455221]",102,-1
5983,[0.74076458 0.72828809],32,11,"[0.7285416878591984, 0.7120527989062413]",102,57
5984,[0.64115899 0.58374037],12,80,"[0.6893002767673785, 0.5852948461925299]",13,-1
5985,[0.20904497 0.29887837],83,21,"[0.24089021291760518, 0.30160856093346966]",104,42
5986,[0.82315796 0.46982341],39,61,"[0.8226541227267828, 0.49698240517173836]",-1,-1
5987,[0.11602992 0.16370376],95,86,"[0.10460029415455299, 0.15390780514892627]",104,42
5988,[0.86135916 0.84398961],26,50,"[0.8669550309977382, 0.8414428333530212]",-1,-1
5989,[0.19020872 0.32293868],83,19,"[0.1752933885253929, 0.2769931075732081]",104,-1
5990,[0.43970248 0.23927295],61,40,"[0.4428604662933861, 0.22666876085097074]",-1,-1
5991,[0.73733444 0.24198805],38,33,"[0.712147299809196, 0.21396583181069667]",36,-1
5992,[0.20048855 0.93974302],21,-1,-1,-1,-1
5993,[0.18941407 0.84262943],64,78,"[0.17639698191982223, 0.8335029307302414]",-1,-1
5994,[0.15367759 0.24283041],20,19,"[0.1752933885253929, 0.2769931075732081]",104,42
5995,[0.61933097 0.76515728],59,27,"[0.6091441642186142, 0.7391629772413223]",102,-1
5996,[0.81213313 0.41808306],39,85,"[0.8330047067228752, 0.39861674914336154]",11,0
5997,[0.41506188 0.6049038 ],51,18,"[0.4095647158889755, 0.6213093728466221]",113,65
5998,[0.80291278 0.75885234],50,48,"[0.8063574629792128, 0.8028480378432847]",102,46
5999,[0.23121465 0.70961595],0,81,"[0.2526303993585153, 0.7288181375759063]",-1,-1
6000,[0.55795228 0.10731173],71,37,"[0.590787313093903, 0.1287873361919935]",-1,-1
6001,[0.87006311 0.24296263],38,87,"[0.8400115250570579, 0.2635503368487671]",-1,-1
6002,[0.27695386 0.41393976],34,0,"[0.24505961735590134, 0.40258348756972934]",113,81
6003,[0.55546531 0.14755352],18,37,"[0.590787313093903, 0.1287873361919935]",110,59
6004,[0.82129654 0.35470695],39,85,"[0.8330047067228752, 0.39861674914336154]",-1,-1
6005,[0.24087046 0.49076135],87,3,"[0.22590404659055946, 0.4809143921482596]",113,81
6006,[0.52014823 0.5549458 ],74,38,"[0.5222833502418962, 0.5760861920194034]",80,31
6007,[0.76798465 0.81496114],91,48,"[0.8063574629792128, 0.8028480378432847]",-1,-1
6008,[0.40066168 0.22702743],2,40,"[0.4428604662933861, 0.22666876085097074]",-1,-1
6009,[0.15592585 0.62529782],15,70,"[0.16883511008014604, 0.6108734061004485]",113,43
6010,[0.1498635  0.16687521],95,7,"[0.16040334011861732, 0.1583747599262833]",104,42
6011,[0.51775989 0.1720211 ],46,10,"[0.4982904339105401, 0.17462697492844612]",110,-1
6012,[0.56211358 0.1505565 ],71,37,"[0.590787313093903, 0.1287873361919935]",110,59
6013,[0.21507919 0.49707277],99,3,"[0.22590404659055946, 0.4809143921482596]",113,81
6014,[0.08142076 0.84731319],21,47,"[0.12002015978901225, 0.8781802626724163]",-1,-1
6015,[0.10469597 0.50093211],42,52,"[0.10837107196086664, 0.5019908555728455]",-1,-1
6016,[0.19130008 0.72605146],58,42,"[0.17164193172035744, 0.7477907034099851]",107,-1
6017,[0.69147444 0.52828175],35,66,"[0.6892424870002536, 0.4809362987183399]",-1,-1
6018,[0.54590533 0.27643534],72,17,"[0.5266584783397147, 0.2925234389366824]",110,-1
6019,[0.35563627 0.79572573],41,82,"[0.32758089961125464, 0.809330839306685]",113,-1
6020,[0.38594091 0.17998352],92,4,"[0.3827392388806571, 0.18315480574773338]",110,62
6021,[0.31694779 0.56600161],62,5,"[0.3369928142177202, 0.5813431770807651]",113,-1
6022,[0.78884672 0.32931385],39,39,"[0.7929729113380171, 0.306282578754693]",35,-1
6023,[0.56449783 0.85198901],45,89,"[0.5577955894805164, 0.8749894575544954]",-1,-1
6024,[0.44092466 0.67255082],54,88,"[0.49693056847195605, 0.6857701176055397]",-1,-1
6025,[0.86639746 0.38262711],39,85,"[0.8330047067228752, 0.39861674914336154]",-1,-1
6026,[0.16640577 0.17590676],79,7,"[0.16040334011861732, 0.1583747599262833]",104,42
6027,[0.31792252 0.55850809],54,5,"[0.3369928142177202, 0.5813431770807651]",113,-1
6028,[0.34640928 0.37466402],43,13,"[0.3772074110661572, 0.3667665336396509]",113,81
6029,[0.25005554 0.48344648],78,3,"[0.22590404659055946, 0.4809143921482596]",113,81
6030,[0.70998441 0.53753196],11,49,"[0.7597872492020543, 0.528305606483068]",50,10
6031,[0.78031582 0.13422843],93,62,"[0.7592128314241189, 0.15406303015764497]",32,-1
6032,[0.3240142  0.82117583],10,82,"[0.32758089961125464, 0.809330839306685]",-1,-1
6033,[0.58342342 0.57563343],74,30,"[0.5893115951066175, 0.5856347360021498]",77,-1
6034,[0.35730932 0.48001334],69,91,"[0.38272617373285694, 0.45406707742979985]",-1,-1
6035,[0.31119625 0.60151124],69,5,"[0.3369928142177202, 0.5813431770807651]",113,-1
6036,[0.64999822 0.42840097],44,46,"[0.6818606004752428, 0.39460805157892936]",-1,-1
6037,[0.51655504 0.33524337],63,17,"[0.5266584783397147, 0.2925234389366824]",-1,-1
6038,[0.26973416 0.68166048],13,8,"[0.29185823944997474, 0.6822630454364129]",113,73
6039,[0.77793578 0.8136287 ],26,48,"[0.8063574629792128, 0.8028480378432847]",65,-1
6040,[0.75917921 0.60666872],11,53,"[0.7681832820464827, 0.6327372104307392]",-1,-1
6041,[0.81869696 0.63537273],27,25,"[0.8290893185566872, 0.6663325003431528]",-1,-1
6042,[0.28380278 0.38657723],55,1,"[0.31345252476490787, 0.39568681619531276]",113,81
6043,[0.34727943 0.19267855],1,4,"[0.3827392388806571, 0.18315480574773338]",110,45
6044,[0.48485825 0.22848624],29,40,"[0.4428604662933861, 0.22666876085097074]",-1,-1
6045,[0.43373556 0.83849453],24,41,"[0.4045860819360065, 0.8451095848913467]",113,-1
6046,[0.81043514 0.69987848],56,25,"[0.8290893185566872, 0.6663325003431528]",-1,-1
6047,[0.71078984 0.58073058],11,80,"[0.6893002767673785, 0.5852948461925299]",-1,-1
6048,[0.33198739 0.57671667],62,5,"[0.3369928142177202, 0.5813431770807651]",113,-1
6049,[0.53467429 0.35867028],72,23,"[0.5544996285461486, 0.3649814617648961]",110,-1
6050,[0.15604054 0.59946184],15,70,"[0.16883511008014604, 0.6108734061004485]",-1,-1
6051,[0.80665847 0.28365435],38,39,"[0.7929729113380171, 0.306282578754693]",36,8
6052,[0.15504895 0.21920823],90,20,"[0.18106142669570233, 0.20480546739290073]",104,-1
6053,[0.42997504 0.12328803],29,15,"[0.4480198330140321, 0.13770311065471516]",110,-1
6054,[0.31471675 0.71589748],98,26,"[0.34140158523352676, 0.7415276229463709]",113,79
6055,[0.65221746 0.89448272],45,74,"[0.6387846519793019, 0.8886269005667045]",-1,-1
6056,[0.31916215 0.17537466],92,29,"[0.29724643836137565, 0.21152192866347855]",-1,-1
6057,[0.56201647 0.37910656],33,23,"[0.5544996285461486, 0.3649814617648961]",110,53
6058,[0.15197458 0.63395969],58,70,"[0.16883511008014604, 0.6108734061004485]",113,43
6059,[0.14180467 0.13065325],79,73,"[0.15159497202623598, 0.099534542862727]",104,42
6060,[0.2447682  0.47912204],7,3,"[0.22590404659055946, 0.4809143921482596]",113,81
6061,[0.69256718 0.78438244],59,6,"[0.6704818259566957, 0.7868874266118806]",102,50
6062,[0.17085046 0.22442874],95,20,"[0.18106142669570233, 0.20480546739290073]",104,42
6063,[0.17527187 0.11324598],20,73,"[0.15159497202623598, 0.099534542862727]",-1,-1
6064,[0.36012519 0.5430102 ],69,67,"[0.39991637370105465, 0.5429488636659977]",113,-1
6065,[0.257098   0.23515095],1,34,"[0.22317706824250913, 0.23387943431995686]",104,42
6066,[0.82726193 0.67759229],56,25,"[0.8290893185566872, 0.6663325003431528]",98,-1
6067,[0.22352334 0.51408415],7,3,"[0.22590404659055946, 0.4809143921482596]",113,81
6068,[0.78155807 0.7516047 ],91,16,"[0.7557129160895149, 0.7610612683801858]",102,46
6069,[0.81092627 0.49656219],28,61,"[0.8226541227267828, 0.49698240517173836]",70,-1
6070,[0.36352885 0.60260728],62,5,"[0.3369928142177202, 0.5813431770807651]",113,84
6071,[0.37637416 0.65195448],54,12,"[0.3563557933558874, 0.6600167756750083]",113,77
6072,[0.16540355 0.92964636],21,47,"[0.12002015978901225, 0.8781802626724163]",-1,-1
6073,[0.36937469 0.64351978],51,12,"[0.3563557933558874, 0.6600167756750083]",113,-1
6074,[0.14431936 0.13778947],79,7,"[0.16040334011861732, 0.1583747599262833]",104,42
6075,[0.57951218 0.85026244],45,89,"[0.5577955894805164, 0.8749894575544954]",-1,-1
6076,[0.7660142  0.50801241],82,49,"[0.7597872492020543, 0.528305606483068]",50,10
6077,[0.50238667 0.24935983],97,17,"[0.5266584783397147, 0.2925234389366824]",29,-1
6078,[0.6108585  0.70622941],40,27,"[0.6091441642186142, 0.7391629772413223]",102,36
6079,[0.1032178  0.85960125],21,47,"[0.12002015978901225, 0.8781802626724163]",19,-1
6080,[0.5915152  0.83699866],45,45,"[0.6014090517878816, 0.8253297621455221]",-1,-1
6081,[0.81214125 0.73416929],60,65,"[0.8683963995203289, 0.7186203255414056]",-1,-1
6082,[0.35137579 0.68276272],9,12,"[0.3563557933558874, 0.6600167756750083]",113,-1
6083,[0.4740564  0.11210259],29,15,"[0.4480198330140321, 0.13770311065471516]",110,51
6084,[0.60716585 0.58751702],12,30,"[0.5893115951066175, 0.5856347360021498]",77,-1
6085,[0.44129419 0.16567395],92,15,"[0.4480198330140321, 0.13770311065471516]",110,63
6086,[0.39404264 0.63661784],14,18,"[0.4095647158889755, 0.6213093728466221]",113,-1
6087,[0.28113336 0.43951576],77,0,"[0.24505961735590134, 0.40258348756972934]",113,-1
6088,[0.5325878  0.39098522],72,77,"[0.5067154617511884, 0.39780872086571867]",110,54
6089,[0.12642511 0.8598154 ],21,47,"[0.12002015978901225, 0.8781802626724163]",22,7
6090,[0.14805184 0.72126676],0,42,"[0.17164193172035744, 0.7477907034099851]",84,18
6091,[0.84528583 0.87110191],52,95,"[0.8179696228241676, 0.8855176666788548]",67,-1
6092,[0.52514895 0.15255472],18,10,"[0.4982904339105401, 0.17462697492844612]",110,-1
6093,[0.25734734 0.23377067],68,34,"[0.22317706824250913, 0.23387943431995686]",104,-1
6094,[0.34957915 0.67953544],14,12,"[0.3563557933558874, 0.6600167756750083]",113,-1
6095,[0.52755063 0.27354887],6,17,"[0.5266584783397147, 0.2925234389366824]",110,-1
6096,[0.60976197 0.35452801],33,56,"[0.6228765219922414, 0.3379402254620158]",110,-1
6097,[0.11813125 0.7766062 ],58,71,"[0.10117111935954111, 0.7754028082579668]",79,20
6098,[0.46371758 0.66507993],9,88,"[0.49693056847195605, 0.6857701176055397]",-1,-1
6099,[0.14978129 0.16171087],95,7,"[0.16040334011861732, 0.1583747599262833]",104,42
6100,[0.38688554 0.4484885 ],70,91,"[0.38272617373285694, 0.45406707742979985]",-1,-1
6101,[0.70275918 0.53966306],11,80,"[0.6893002767673785, 0.5852948461925299]",50,10
6102,[0.57101496 0.5565854 ],74,30,"[0.5893115951066175, 0.5856347360021498]",80,30
6103,[0.69784624 0.67727499],19,11,"[0.7285416878591984, 0.7120527989062413]",-1,-1
6104,[0.34728029 0.53242658],69,5,"[0.3369928142177202, 0.5813431770807651]",113,-1
6105,[0.19811022 0.24656759],36,34,"[0.22317706824250913, 0.23387943431995686]",104,42
6106,[0.54833069 0.92433412],45,89,"[0.5577955894805164, 0.8749894575544954]",-1,-1
6107,[0.17031402 0.8253372 ],64,78,"[0.17639698191982223, 0.8335029307302414]",59,9
6108,[0.26263071 0.22733488],36,29,"[0.29724643836137565, 0.21152192866347855]",104,42
6109,[0.08777861 0.78169282],64,71,"[0.10117111935954111, 0.7754028082579668]",-1,-1
6110,[0.47586862 0.81978555],88,51,"[0.47563858561263794, 0.7978986338068428]",95,-1
6111,[0.37772658 0.12762608],46,92,"[0.3725508188236613, 0.1071489353939289]",-1,-1
6112,[0.21597526 0.71288451],13,81,"[0.2526303993585153, 0.7288181375759063]",106,-1
6113,[0.18302812 0.52674182],7,35,"[0.18006516204956544, 0.5309482406934538]",-1,-1
6114,[0.45152466 0.76045893],41,51,"[0.47563858561263794, 0.7978986338068428]",113,-1
6115,[0.58268847 0.48544296],16,68,"[0.5421113451424038, 0.49916034700705]",1,-1
6116,[0.85081322 0.21369274],38,93,"[0.8175047550160816, 0.1805576480903363]",-1,-1
6117,[0.63693027 0.84367986],45,45,"[0.6014090517878816, 0.8253297621455221]",102,39
6118,[0.12824303 0.1610271 ],66,86,"[0.10460029415455299, 0.15390780514892627]",104,42
6119,[0.45205583 0.19838772],92,40,"[0.4428604662933861, 0.22666876085097074]",110,63
6120,[0.54120545 0.76002279],3,-1,-1,8,-1
6121,[0.19135398 0.46096186],94,14,"[0.16635912736795258, 0.4532667183848064]",113,81
6122,[0.30029043 0.71528218],14,8,"[0.29185823944997474, 0.6822630454364129]",113,79
6123,[0.66120114 0.2838402 ],85,36,"[0.718962763471204, 0.2995127644433783]",-1,-1
6124,[0.16568058 0.22077651],20,20,"[0.18106142669570233, 0.20480546739290073]",104,42
6125,[0.67107387 0.3022007 ],44,36,"[0.718962763471204, 0.2995127644433783]",-1,-1
6126,[0.38803029 0.17496839],92,4,"[0.3827392388806571, 0.18315480574773338]",110,62
6127,[0.14714396 0.17163223],95,7,"[0.16040334011861732, 0.1583747599262833]",104,42
6128,[0.27584537 0.47537623],7,2,"[0.2982944979771574, 0.4928881704977565]",113,81
6129,[0.64920026 0.87485826],31,74,"[0.6387846519793019, 0.8886269005667045]",63,-1
6130,[0.61520302 0.32021012],72,56,"[0.6228765219922414, 0.3379402254620158]",110,-1
6131,[0.79503043 0.15738926],93,93,"[0.8175047550160816, 0.1805576480903363]",-1,-1
6132,[0.63863188 0.68192662],40,60,"[0.6482027966760067, 0.6653053686977741]",-1,-1
6133,[0.57023637 0.40585688],72,64,"[0.5873954455556146, 0.4184822956881117]",110,-1
6134,[0.8360588  0.64950547],56,25,"[0.8290893185566872, 0.6663325003431528]",102,-1
6135,[0.24969135 0.80354906],98,-1,-1,-1,-1
6136,[0.2173689  0.16999168],67,54,"[0.23065754032548644, 0.16311462163198792]",-1,-1
6137,[0.20845043 0.44430607],99,3,"[0.22590404659055946, 0.4809143921482596]",113,-1
6138,[0.81981084 0.60399706],19,43,"[0.8559722074695512, 0.5768738433864216]",99,22
6139,[0.44172035 0.17928432],46,15,"[0.4480198330140321, 0.13770311065471516]",110,63
6140,[0.59591519 0.31927221],72,56,"[0.6228765219922414, 0.3379402254620158]",110,-1
6141,[0.35988497 0.59647983],69,5,"[0.3369928142177202, 0.5813431770807651]",113,84
6142,[0.17600002 0.69311211],25,72,"[0.13389630971446978, 0.6701017461857026]",-1,-1
6143,[0.49975274 0.22718176],6,10,"[0.4982904339105401, 0.17462697492844612]",-1,-1
6144,[0.74176923 0.28096806],86,36,"[0.718962763471204, 0.2995127644433783]",36,11
6145,[0.66361339 0.31955984],85,56,"[0.6228765219922414, 0.3379402254620158]",-1,-1
6146,[0.52792396 0.20900359],6,31,"[0.5509259779365981, 0.20365500329799469]",110,60
6147,[0.34107923 0.74218327],84,26,"[0.34140158523352676, 0.7415276229463709]",113,-1
6148,[0.34056304 0.68393429],51,12,"[0.3563557933558874, 0.6600167756750083]",113,-1
6149,[0.13176135 0.15059288],95,86,"[0.10460029415455299, 0.15390780514892627]",104,42
6150,[0.44115696 0.1291978 ],46,15,"[0.4480198330140321, 0.13770311065471516]",110,-1
6151,[0.73212892 0.35921624],86,79,"[0.7440923457598303, 0.4172681159825393]",44,-1
6152,[0.61733524 0.74620413],3,27,"[0.6091441642186142, 0.7391629772413223]",96,-1
6153,[0.86759315 0.61252048],27,83,"[0.9023954923676734, 0.6253829621221342]",99,22
6154,[0.22552095 0.18468341],20,54,"[0.23065754032548644, 0.16311462163198792]",104,-1
6155,[0.41668787 0.81859359],23,41,"[0.4045860819360065, 0.8451095848913467]",113,-1
6156,[0.67374504 0.76517118],3,6,"[0.6704818259566957, 0.7868874266118806]",102,-1
6157,[0.74810033 0.90002255],31,75,"[0.7159769487757391, 0.8473248623765012]",-1,-1
6158,[0.22959532 0.20372546],67,34,"[0.22317706824250913, 0.23387943431995686]",104,42
6159,[0.46285313 0.17367472],2,10,"[0.4982904339105401, 0.17462697492844612]",110,63
6160,[0.60062094 0.79904149],59,45,"[0.6014090517878816, 0.8253297621455221]",-1,-1
6161,[0.66490703 0.15376001],80,90,"[0.6807795084802507, 0.1410405480143203]",-1,-1
6162,[0.21152059 0.7831589 ],64,42,"[0.17164193172035744, 0.7477907034099851]",-1,-1
6163,[0.20341613 0.17717912],79,54,"[0.23065754032548644, 0.16311462163198792]",104,42
6164,[0.33309482 0.73276845],89,26,"[0.34140158523352676, 0.7415276229463709]",113,-1
6165,[0.58124675 0.45287503],76,64,"[0.5873954455556146, 0.4184822956881117]",-1,-1
6166,[0.31831416 0.47132062],77,2,"[0.2982944979771574, 0.4928881704977565]",113,82
6167,[0.28711855 0.38647324],55,1,"[0.31345252476490787, 0.39568681619531276]",113,81
6168,[0.33638214 0.55257244],69,5,"[0.3369928142177202, 0.5813431770807651]",-1,-1
6169,[0.39212779 0.8567287 ],10,41,"[0.4045860819360065, 0.8451095848913467]",-1,-1
6170,[0.42935102 0.13317494],29,15,"[0.4480198330140321, 0.13770311065471516]",110,-1
6171,[0.90130185 0.53206445],28,43,"[0.8559722074695512, 0.5768738433864216]",-1,-1
6172,[0.22916983 0.64394796],98,32,"[0.21070106237511496, 0.6599645039522288]",113,-1
6173,[0.82808996 0.65148328],27,25,"[0.8290893185566872, 0.6663325003431528]",102,-1
6174,[0.79197115 0.85872452],26,95,"[0.8179696228241676, 0.8855176666788548]",-1,-1
6175,[0.53923663 0.33666628],63,23,"[0.5544996285461486, 0.3649814617648961]",110,-1
6176,[0.24973685 0.54338409],8,24,"[0.2575895391106446, 0.5636151717894005]",113,-1
6177,[0.14864893 0.23021562],95,57,"[0.11385950246950007, 0.22156166292214274]",104,-1
6178,[0.40206    0.36000833],70,13,"[0.3772074110661572, 0.3667665336396509]",113,-1
6179,[0.84480539 0.84185642],52,50,"[0.8669550309977382, 0.8414428333530212]",67,16
6180,[0.30715937 0.41985647],34,1,"[0.31345252476490787, 0.39568681619531276]",113,81
6181,[0.32506859 0.71519175],84,26,"[0.34140158523352676, 0.7415276229463709]",113,-1
6182,[0.68632649 0.76775142],59,6,"[0.6704818259566957, 0.7868874266118806]",102,50
6183,[0.41688923 0.18670749],29,4,"[0.3827392388806571, 0.18315480574773338]",110,63
6184,[0.34123268 0.26762128],17,44,"[0.34401211644161456, 0.2727474001163449]",76,17
6185,[0.30867546 0.39343274],77,1,"[0.31345252476490787, 0.39568681619531276]",113,-1
6186,[0.26481063 0.22518211],83,29,"[0.29724643836137565, 0.21152192866347855]",104,-1
6187,[0.86052608 0.45290018],39,94,"[0.8753265847499492, 0.4535299653068886]",17,-1
6188,[0.19231039 0.57793944],78,70,"[0.16883511008014604, 0.6108734061004485]",-1,-1
6189,[0.22011391 0.43720717],94,0,"[0.24505961735590134, 0.40258348756972934]",113,81
6190,[0.31498613 0.37931209],55,1,"[0.31345252476490787, 0.39568681619531276]",113,-1
6191,[0.32356734 0.48011017],43,2,"[0.2982944979771574, 0.4928881704977565]",113,82
6192,[0.80393632 0.73502854],26,16,"[0.7557129160895149, 0.7610612683801858]",102,-1
6193,[0.74771682 0.74053005],50,16,"[0.7557129160895149, 0.7610612683801858]",102,57
6194,[0.87389447 0.79731357],52,50,"[0.8669550309977382, 0.8414428333530212]",-1,-1
6195,[0.79877577 0.79042413],50,48,"[0.8063574629792128, 0.8028480378432847]",-1,-1
6196,[0.60990181 0.5210058 ],74,30,"[0.5893115951066175, 0.5856347360021498]",-1,-1
6197,[0.69174749 0.29267782],85,36,"[0.718962763471204, 0.2995127644433783]",34,-1
6198,[0.82681861 0.75586172],60,48,"[0.8063574629792128, 0.8028480378432847]",-1,-1
6199,[0.2836997  0.57258749],5,24,"[0.2575895391106446, 0.5636151717894005]",113,-1
6200,[0.56354959 0.53000037],16,68,"[0.5421113451424038, 0.49916034700705]",80,-1
6201,[0.86873994 0.43708628],39,94,"[0.8753265847499492, 0.4535299653068886]",-1,-1
6202,[0.76413859 0.19535938],93,9,"[0.7745160189749856, 0.22813324751878863]",36,12
6203,[0.15981364 0.49956224],87,35,"[0.18006516204956544, 0.5309482406934538]",113,66
6204,[0.16506244 0.32971158],83,19,"[0.1752933885253929, 0.2769931075732081]",-1,-1
6205,[0.62041016 0.68874816],40,60,"[0.6482027966760067, 0.6653053686977741]",102,-1
6206,[0.44958039 0.89865562],24,63,"[0.4663233365844979, 0.874422196988726]",-1,23
6207,[0.16599094 0.2582778 ],36,19,"[0.1752933885253929, 0.2769931075732081]",104,42
6208,[0.61724271 0.18615311],71,55,"[0.6160291566716146, 0.18582080836242268]",110,37
6209,[0.67869823 0.75561125],91,6,"[0.6704818259566957, 0.7868874266118806]",102,-1
6210,[0.79900782 0.35853186],86,85,"[0.8330047067228752, 0.39861674914336154]",31,-1
6211,[0.81632644 0.61767953],27,25,"[0.8290893185566872, 0.6663325003431528]",99,-1
6212,[0.21873119 0.53475838],7,35,"[0.18006516204956544, 0.5309482406934538]",113,81
6213,[0.90525849 0.68182421],56,65,"[0.8683963995203289, 0.7186203255414056]",-1,-1
6214,[0.188392   0.32107762],47,19,"[0.1752933885253929, 0.2769931075732081]",104,-1
6215,[0.36386798 0.80823596],10,82,"[0.32758089961125464, 0.809330839306685]",-1,-1
6216,[0.46944611 0.8600466 ],88,63,"[0.4663233365844979, 0.874422196988726]",93,23
6217,[0.87409304 0.68542124],56,65,"[0.8683963995203289, 0.7186203255414056]",-1,-1
6218,[0.46113765 0.17481697],97,10,"[0.4982904339105401, 0.17462697492844612]",110,63
6219,[0.89530889 0.31039395],37,84,"[0.8747370333854485, 0.3299307577245935]",25,2
6220,[0.57589485 0.42612893],33,64,"[0.5873954455556146, 0.4184822956881117]",105,-1
6221,[0.4843917  0.14930049],61,10,"[0.4982904339105401, 0.17462697492844612]",110,63
6222,[0.25187299 0.17104449],90,54,"[0.23065754032548644, 0.16311462163198792]",103,-1
6223,[0.2057393  0.21756472],36,34,"[0.22317706824250913, 0.23387943431995686]",104,42
6224,[0.41814226 0.60043104],9,18,"[0.4095647158889755, 0.6213093728466221]",113,65
6225,[0.24781381 0.38976835],77,0,"[0.24505961735590134, 0.40258348756972934]",113,81
6226,[0.30813655 0.58011068],69,5,"[0.3369928142177202, 0.5813431770807651]",113,-1
6227,[0.58102626 0.87682365],45,89,"[0.5577955894805164, 0.8749894575544954]",-1,-1
6228,[0.25551972 0.68892823],98,8,"[0.29185823944997474, 0.6822630454364129]",113,-1
6229,[0.6150722  0.89019903],31,74,"[0.6387846519793019, 0.8886269005667045]",91,14
6230,[0.56197625 0.83165385],45,45,"[0.6014090517878816, 0.8253297621455221]",-1,-1
6231,[0.58888245 0.61928859],40,30,"[0.5893115951066175, 0.5856347360021498]",81,29
6232,[0.31130495 0.78481598],84,82,"[0.32758089961125464, 0.809330839306685]",83,-1
6233,[0.18597894 0.23640654],36,20,"[0.18106142669570233, 0.20480546739290073]",104,42
6234,[0.37723514 0.67715158],51,12,"[0.3563557933558874, 0.6600167756750083]",113,-1
6235,[0.94114388 0.79005468],52,98,"[0.942733982760607, 0.8236412439484]",-1,-1
6236,[0.28847808 0.55589765],73,24,"[0.2575895391106446, 0.5636151717894005]",113,-1
6237,[0.46708373 0.86755203],24,63,"[0.4663233365844979, 0.874422196988726]",93,23
6238,[0.70002562 0.74650756],3,11,"[0.7285416878591984, 0.7120527989062413]",102,-1
6239,[0.51336017 0.42842121],76,77,"[0.5067154617511884, 0.39780872086571867]",-1,-1
6240,[0.23660988 0.31554913],36,21,"[0.24089021291760518, 0.30160856093346966]",-1,-1
6241,[0.78691323 0.28519333],30,39,"[0.7929729113380171, 0.306282578754693]",36,8
6242,[0.22658735 0.63621261],25,32,"[0.21070106237511496, 0.6599645039522288]",113,-1
6243,[0.8888303  0.81092247],52,50,"[0.8669550309977382, 0.8414428333530212]",55,-1
6244,[0.30659673 0.47287383],34,2,"[0.2982944979771574, 0.4928881704977565]",113,-1
6245,[0.33299784 0.12320943],1,92,"[0.3725508188236613, 0.1071489353939289]",-1,-1
6246,[0.38575269 0.81874031],41,41,"[0.4045860819360065, 0.8451095848913467]",-1,-1
6247,[0.78599256 0.20307581],30,9,"[0.7745160189749856, 0.22813324751878863]",36,12
6248,[0.77770734 0.49197736],82,49,"[0.7597872492020543, 0.528305606483068]",50,-1
6249,[0.19577731 0.78450778],58,42,"[0.17164193172035744, 0.7477907034099851]",-1,-1
6250,[0.8125479  0.51534246],28,61,"[0.8226541227267828, 0.49698240517173836]",-1,-1
6251,[0.27022244 0.55837543],8,24,"[0.2575895391106446, 0.5636151717894005]",-1,-1
6252,[0.76224014 0.69381092],60,11,"[0.7285416878591984, 0.7120527989062413]",102,-1
6253,[0.15429125 0.15528191],66,7,"[0.16040334011861732, 0.1583747599262833]",104,42
6254,[0.55222334 0.60157128],12,38,"[0.5222833502418962, 0.5760861920194034]",-1,-1
6255,[0.34270984 0.36372049],65,13,"[0.3772074110661572, 0.3667665336396509]",-1,-1
6256,[0.68110647 0.42336903],35,46,"[0.6818606004752428, 0.39460805157892936]",43,4
6257,[0.25933056 0.4239313 ],43,0,"[0.24505961735590134, 0.40258348756972934]",113,81
6258,[0.28531308 0.55585388],5,24,"[0.2575895391106446, 0.5636151717894005]",113,-1
6259,[0.6500604  0.78602745],53,6,"[0.6704818259566957, 0.7868874266118806]",102,-1
6260,[0.14299936 0.73509624],58,42,"[0.17164193172035744, 0.7477907034099851]",-1,18
6261,[0.54370772 0.25200967],22,17,"[0.5266584783397147, 0.2925234389366824]",110,-1
6262,[0.13974261 0.24026048],47,57,"[0.11385950246950007, 0.22156166292214274]",104,-1
6263,[0.44015958 0.13987277],46,15,"[0.4480198330140321, 0.13770311065471516]",110,-1
6264,[0.57318383 0.30142752],63,58,"[0.5903496421521437, 0.26872112132208276]",110,-1
6265,[0.21878323 0.66989447],0,32,"[0.21070106237511496, 0.6599645039522288]",113,44
6266,[0.22331235 0.26568829],83,34,"[0.22317706824250913, 0.23387943431995686]",104,42
6267,[0.32503141 0.5917009 ],51,5,"[0.3369928142177202, 0.5813431770807651]",113,-1
6268,[0.49132883 0.53007961],16,38,"[0.5222833502418962, 0.5760861920194034]",-1,-1
6269,[0.52075007 0.53211991],16,68,"[0.5421113451424038, 0.49916034700705]",80,-1
6270,[0.13981127 0.53061591],87,35,"[0.18006516204956544, 0.5309482406934538]",113,-1
6271,[0.20155046 0.42574849],94,14,"[0.16635912736795258, 0.4532667183848064]",113,-1
6272,[0.31984932 0.52103653],73,2,"[0.2982944979771574, 0.4928881704977565]",113,78
6273,[0.34160959 0.70409669],84,26,"[0.34140158523352676, 0.7415276229463709]",113,76
6274,[0.79949697 0.29227626],30,39,"[0.7929729113380171, 0.306282578754693]",36,8
6275,[0.61521937 0.36991866],72,56,"[0.6228765219922414, 0.3379402254620158]",110,-1
6276,[0.52402833 0.17016474],75,10,"[0.4982904339105401, 0.17462697492844612]",110,63
6277,[0.81443687 0.59868539],27,43,"[0.8559722074695512, 0.5768738433864216]",-1,-1
6278,[0.39341514 0.62588227],9,18,"[0.4095647158889755, 0.6213093728466221]",113,-1
6279,[0.84954536 0.8366616 ],26,50,"[0.8669550309977382, 0.8414428333530212]",67,16
6280,[0.3421621  0.56716186],62,5,"[0.3369928142177202, 0.5813431770807651]",113,68
6281,[0.57621603 0.12740194],75,37,"[0.590787313093903, 0.1287873361919935]",-1,-1
6282,[0.69027628 0.41197332],44,46,"[0.6818606004752428, 0.39460805157892936]",43,4
6283,[0.37051423 0.53170134],54,67,"[0.39991637370105465, 0.5429488636659977]",113,-1
6284,[0.48019396 0.51973166],16,68,"[0.5421113451424038, 0.49916034700705]",-1,-1
6285,[0.56087473 0.27304332],22,58,"[0.5903496421521437, 0.26872112132208276]",110,-1
6286,[0.24374797 0.47198377],8,3,"[0.22590404659055946, 0.4809143921482596]",113,81
6287,[0.74620826 0.23280504],57,9,"[0.7745160189749856, 0.22813324751878863]",36,-1
6288,[0.80626455 0.78835733],26,48,"[0.8063574629792128, 0.8028480378432847]",86,32
6289,[0.32501647 0.69615287],62,8,"[0.29185823944997474, 0.6822630454364129]",113,-1
6290,[0.20281713 0.15273104],90,54,"[0.23065754032548644, 0.16311462163198792]",104,42
6291,[0.67379788 0.79857298],53,6,"[0.6704818259566957, 0.7868874266118806]",102,-1
6292,[0.81913779 0.85721625],52,95,"[0.8179696228241676, 0.8855176666788548]",56,-1
6293,[0.55641291 0.39624955],72,23,"[0.5544996285461486, 0.3649814617648961]",110,53
6294,[0.90953334 0.41858069],39,94,"[0.8753265847499492, 0.4535299653068886]",-1,-1
6295,[0.52637428 0.59616768],9,38,"[0.5222833502418962, 0.5760861920194034]",80,27
6296,[0.41451575 0.17812068],97,4,"[0.3827392388806571, 0.18315480574773338]",110,63
6297,[0.88149187 0.59391716],4,43,"[0.8559722074695512, 0.5768738433864216]",-1,-1
6298,[0.66648748 0.90963789],31,74,"[0.6387846519793019, 0.8886269005667045]",-1,-1
6299,[0.54959833 0.40783238],76,64,"[0.5873954455556146, 0.4184822956881117]",110,-1
6300,[0.54857504 0.5712269 ],16,38,"[0.5222833502418962, 0.5760861920194034]",80,-1
6301,[0.10196545 0.18994862],95,57,"[0.11385950246950007, 0.22156166292214274]",104,-1
6302,[0.53600083 0.24164437],75,31,"[0.5509259779365981, 0.20365500329799469]",110,-1
6303,[0.36716832 0.10926663],2,92,"[0.3725508188236613, 0.1071489353939289]",-1,-1
6304,[0.39873231 0.47214114],73,91,"[0.38272617373285694, 0.45406707742979985]",-1,-1
6305,[0.57193422 0.3802109 ],33,23,"[0.5544996285461486, 0.3649814617648961]",110,53
6306,[0.56577976 0.6171197 ],12,30,"[0.5893115951066175, 0.5856347360021498]",81,-1
6307,[0.25414225 0.41421114],99,0,"[0.24505961735590134, 0.40258348756972934]",113,81
6308,[0.41855447 0.71763363],41,59,"[0.4102385111598612, 0.7308207375545044]",-1,-1
6309,[0.42384317 0.74877289],88,59,"[0.4102385111598612, 0.7308207375545044]",-1,-1
6310,[0.73156686 0.30826229],86,36,"[0.718962763471204, 0.2995127644433783]",36,-1
6311,[0.79723695 0.23343099],30,9,"[0.7745160189749856, 0.22813324751878863]",36,-1
6312,[0.57710597 0.37687764],76,23,"[0.5544996285461486, 0.3649814617648961]",110,-1
6313,[0.65464831 0.77355758],53,6,"[0.6704818259566957, 0.7868874266118806]",102,-1
6314,[0.43090305 0.87773606],24,63,"[0.4663233365844979, 0.874422196988726]",93,23
6315,[0.77318207 0.23436811],38,9,"[0.7745160189749856, 0.22813324751878863]",36,12
6316,[0.16055352 0.27792768],47,19,"[0.1752933885253929, 0.2769931075732081]",104,42
6317,[0.33512447 0.71502755],98,26,"[0.34140158523352676, 0.7415276229463709]",113,-1
6318,[0.09460276 0.93561811],21,47,"[0.12002015978901225, 0.8781802626724163]",-1,-1
6319,[0.20302266 0.51733147],34,35,"[0.18006516204956544, 0.5309482406934538]",113,81
6320,[0.26949074 0.70730351],0,81,"[0.2526303993585153, 0.7288181375759063]",-1,-1
6321,[0.5697836  0.67326422],40,28,"[0.572088563242004, 0.6648723747855627]",69,26
6322,[0.81995495 0.82390979],52,48,"[0.8063574629792128, 0.8028480378432847]",67,-1
6323,[0.54295334 0.18164157],71,31,"[0.5509259779365981, 0.20365500329799469]",-1,-1
6324,[0.65000844 0.46124046],35,66,"[0.6892424870002536, 0.4809362987183399]",-1,-1
6325,[0.24250521 0.56717698],5,24,"[0.2575895391106446, 0.5636151717894005]",-1,-1
6326,[0.4865334  0.28355268],63,17,"[0.5266584783397147, 0.2925234389366824]",-1,-1
6327,[0.67185984 0.43265599],44,46,"[0.6818606004752428, 0.39460805157892936]",43,4
6328,[0.80727592 0.77609845],32,48,"[0.8063574629792128, 0.8028480378432847]",86,-1
6329,[0.87593495 0.26853156],37,87,"[0.8400115250570579, 0.2635503368487671]",-1,-1
6330,[0.62355971 0.68908885],3,60,"[0.6482027966760067, 0.6653053686977741]",102,-1
6331,[0.48762441 0.19258402],97,10,"[0.4982904339105401, 0.17462697492844612]",110,-1
6332,[0.67153854 0.62173119],11,80,"[0.6893002767673785, 0.5852948461925299]",30,1
6333,[0.37105217 0.6510189 ],14,12,"[0.3563557933558874, 0.6600167756750083]",113,-1
6334,[0.23001998 0.53298908],8,24,"[0.2575895391106446, 0.5636151717894005]",113,-1
6335,[0.10652036 0.1678456 ],90,86,"[0.10460029415455299, 0.15390780514892627]",104,-1
6336,[0.19196821 0.72114684],0,42,"[0.17164193172035744, 0.7477907034099851]",107,-1
6337,[0.26003007 0.4111939 ],43,0,"[0.24505961735590134, 0.40258348756972934]",113,81
6338,[0.10593943 0.16518255],95,86,"[0.10460029415455299, 0.15390780514892627]",104,42
6339,[0.25509487 0.70111707],98,81,"[0.2526303993585153, 0.7288181375759063]",113,-1
6340,[0.53710476 0.26128794],6,17,"[0.5266584783397147, 0.2925234389366824]",-1,-1
6341,[0.43635599 0.56213936],62,67,"[0.39991637370105465, 0.5429488636659977]",-1,-1
6342,[0.62787983 0.16549275],80,55,"[0.6160291566716146, 0.18582080836242268]",110,37
6343,[0.74087377 0.50630062],82,49,"[0.7597872492020543, 0.528305606483068]",50,10
6344,[0.31532761 0.71910433],84,26,"[0.34140158523352676, 0.7415276229463709]",113,-1
6345,[0.3843576  0.17606152],2,4,"[0.3827392388806571, 0.18315480574773338]",110,62
6346,[0.35548444 0.4129626 ],48,1,"[0.31345252476490787, 0.39568681619531276]",113,-1
6347,[0.75314096 0.2837627 ],86,36,"[0.718962763471204, 0.2995127644433783]",36,-1
6348,[0.59592263 0.71312068],81,27,"[0.6091441642186142, 0.7391629772413223]",-1,-1
6349,[0.20531288 0.24729209],47,34,"[0.22317706824250913, 0.23387943431995686]",104,42
6350,[0.33418469 0.60519068],14,5,"[0.3369928142177202, 0.5813431770807651]",113,84
6351,[0.25882606 0.53098453],7,24,"[0.2575895391106446, 0.5636151717894005]",113,81
6352,[0.07925125 0.45242441],96,52,"[0.10837107196086664, 0.5019908555728455]",10,-1
6353,[0.55321264 0.85452542],45,89,"[0.5577955894805164, 0.8749894575544954]",-1,-1
6354,[0.86491086 0.68846231],56,65,"[0.8683963995203289, 0.7186203255414056]",98,-1
6355,[0.47683535 0.17455311],29,10,"[0.4982904339105401, 0.17462697492844612]",110,63
6356,[0.23372235 0.54179628],8,24,"[0.2575895391106446, 0.5636151717894005]",113,-1
6357,[0.57218108 0.1432205 ],75,37,"[0.590787313093903, 0.1287873361919935]",110,59
6358,[0.77263147 0.77660025],59,16,"[0.7557129160895149, 0.7610612683801858]",-1,-1
6359,[0.39724816 0.2313569 ],17,40,"[0.4428604662933861, 0.22666876085097074]",-1,-1
6360,[0.63996736 0.79091188],53,6,"[0.6704818259566957, 0.7868874266118806]",102,-1
6361,[0.38138422 0.17315163],2,4,"[0.3827392388806571, 0.18315480574773338]",110,62
6362,[0.70461675 0.72056843],50,11,"[0.7285416878591984, 0.7120527989062413]",102,52
6363,[0.40270752 0.1592831 ],97,4,"[0.3827392388806571, 0.18315480574773338]",110,-1
6364,[0.24149542 0.45569017],94,3,"[0.22590404659055946, 0.4809143921482596]",113,81
6365,[0.55329609 0.19379587],75,31,"[0.5509259779365981, 0.20365500329799469]",110,61
6366,[0.06666702 0.65863321],15,72,"[0.13389630971446978, 0.6701017461857026]",-1,-1
6367,[0.39733524 0.09864504],2,92,"[0.3725508188236613, 0.1071489353939289]",-1,-1
6368,[0.71880831 0.3469953 ],85,36,"[0.718962763471204, 0.2995127644433783]",44,5
6369,[0.15082807 0.17372657],90,7,"[0.16040334011861732, 0.1583747599262833]",104,42
6370,[0.56144287 0.12328885],18,37,"[0.590787313093903, 0.1287873361919935]",109,-1
6371,[0.34673896 0.7280095 ],84,26,"[0.34140158523352676, 0.7415276229463709]",113,-1
6372,[0.3350241  0.20940418],92,29,"[0.29724643836137565, 0.21152192866347855]",-1,-1
6373,[0.43385738 0.76991253],41,22,"[0.4053244070468948, 0.7892325425819533]",113,-1
6374,[0.79846264 0.22955923],93,9,"[0.7745160189749856, 0.22813324751878863]",36,-1
6375,[0.70744708 0.36475027],44,46,"[0.6818606004752428, 0.39460805157892936]",-1,5
6376,[0.1349846  0.79191446],64,71,"[0.10117111935954111, 0.7754028082579668]",-1,-1
6377,[0.76702825 0.68199284],32,11,"[0.7285416878591984, 0.7120527989062413]",102,-1
6378,[0.17273076 0.15270657],66,7,"[0.16040334011861732, 0.1583747599262833]",104,42
6379,[0.49766798 0.64267145],74,88,"[0.49693056847195605, 0.6857701176055397]",-1,-1
6380,[0.3969105  0.19821782],2,4,"[0.3827392388806571, 0.18315480574773338]",110,63
6381,[0.60996066 0.35101756],63,56,"[0.6228765219922414, 0.3379402254620158]",110,-1
6382,[0.35195304 0.35254374],70,13,"[0.3772074110661572, 0.3667665336396509]",111,-1
6383,[0.3538963  0.84464927],10,82,"[0.32758089961125464, 0.809330839306685]",-1,-1
6384,[0.85952474 0.66819936],27,25,"[0.8290893185566872, 0.6663325003431528]",98,-1
6385,[0.63399244 0.64665927],40,60,"[0.6482027966760067, 0.6653053686977741]",-1,-1
6386,[0.33487602 0.55943662],69,5,"[0.3369928142177202, 0.5813431770807651]",113,68
6387,[0.72972609 0.3254525 ],85,36,"[0.718962763471204, 0.2995127644433783]",-1,-1
6388,[0.31560246 0.43932192],48,1,"[0.31345252476490787, 0.39568681619531276]",113,75
6389,[0.4680974  0.60384761],9,38,"[0.5222833502418962, 0.5760861920194034]",-1,-1
6390,[0.55507605 0.65556801],81,28,"[0.572088563242004, 0.6648723747855627]",69,-1
6391,[0.26528855 0.46790837],99,2,"[0.2982944979771574, 0.4928881704977565]",113,81
6392,[0.88867207 0.44427912],39,94,"[0.8753265847499492, 0.4535299653068886]",-1,-1
6393,[0.43833923 0.87919973],41,63,"[0.4663233365844979, 0.874422196988726]",93,23
6394,[0.47291928 0.10391988],29,15,"[0.4480198330140321, 0.13770311065471516]",110,-1
6395,[0.29876088 0.50748502],34,2,"[0.2982944979771574, 0.4928881704977565]",113,78
6396,[0.18046807 0.70316538],0,42,"[0.17164193172035744, 0.7477907034099851]",107,-1
6397,[0.13619172 0.82532742],21,78,"[0.17639698191982223, 0.8335029307302414]",59,-1
6398,[0.69139017 0.79993542],59,6,"[0.6704818259566957, 0.7868874266118806]",102,50
6399,[0.56874473 0.13712116],75,37,"[0.590787313093903, 0.1287873361919935]",110,-1
6400,[0.35600973 0.42509459],48,91,"[0.38272617373285694, 0.45406707742979985]",-1,-1
6401,[0.6070889  0.32359813],44,56,"[0.6228765219922414, 0.3379402254620158]",110,-1
6402,[0.4035621  0.74906408],23,59,"[0.4102385111598612, 0.7308207375545044]",113,-1
6403,[0.07910542 0.46252137],96,52,"[0.10837107196086664, 0.5019908555728455]",10,-1
6404,[0.65840026 0.78667967],31,6,"[0.6704818259566957, 0.7868874266118806]",102,-1
6405,[0.80478968 0.63311998],11,53,"[0.7681832820464827, 0.6327372104307392]",-1,-1
6406,[0.20223979 0.25864471],83,34,"[0.22317706824250913, 0.23387943431995686]",104,42
6407,[0.58751055 0.67436719],40,28,"[0.572088563242004, 0.6648723747855627]",-1,-1
6408,[0.20925037 0.2576071 ],36,34,"[0.22317706824250913, 0.23387943431995686]",104,42
6409,[0.15671216 0.57175714],87,70,"[0.16883511008014604, 0.6108734061004485]",-1,-1
6410,[0.20460625 0.52385066],7,35,"[0.18006516204956544, 0.5309482406934538]",113,81
6411,[0.59098243 0.39986906],44,64,"[0.5873954455556146, 0.4184822956881117]",110,-1
6412,[0.39207272 0.83475265],23,41,"[0.4045860819360065, 0.8451095848913467]",113,-1
6413,[0.51936751 0.16861616],18,10,"[0.4982904339105401, 0.17462697492844612]",110,-1
6414,[0.11813497 0.16595674],47,86,"[0.10460029415455299, 0.15390780514892627]",104,-1
6415,[0.92554889 0.34440609],37,96,"[0.9242498114026001, 0.35811950872924947]",-1,-1
6416,[0.66477947 0.75813643],53,6,"[0.6704818259566957, 0.7868874266118806]",102,-1
6417,[0.42829389 0.16688018],29,15,"[0.4480198330140321, 0.13770311065471516]",110,63
6418,[0.7702663  0.48687296],82,49,"[0.7597872492020543, 0.528305606483068]",-1,10
6419,[0.16207648 0.3589868 ],47,76,"[0.1271293063442913, 0.39727223545070534]",-1,-1
6420,[0.66543778 0.86419441],31,74,"[0.6387846519793019, 0.8886269005667045]",63,-1
6421,[0.47073194 0.78199948],89,51,"[0.47563858561263794, 0.7978986338068428]",113,-1
6422,[0.62495054 0.09307952],75,37,"[0.590787313093903, 0.1287873361919935]",-1,-1
6423,[0.1467105  0.50203173],42,52,"[0.10837107196086664, 0.5019908555728455]",113,66
6424,[0.64108303 0.30297192],85,56,"[0.6228765219922414, 0.3379402254620158]",-1,-1
6425,[0.5352197  0.86738053],88,89,"[0.5577955894805164, 0.8749894575544954]",-1,-1
6426,[0.15589039 0.75326005],58,42,"[0.17164193172035744, 0.7477907034099851]",-1,-1
6427,[0.68870207 0.15935681],49,90,"[0.6807795084802507, 0.1410405480143203]",-1,-1
6428,[0.38301782 0.61627078],9,18,"[0.4095647158889755, 0.6213093728466221]",113,84
6429,[0.35467442 0.65038623],14,12,"[0.3563557933558874, 0.6600167756750083]",113,83
6430,[0.61772419 0.19642993],71,55,"[0.6160291566716146, 0.18582080836242268]",110,37
6431,[0.09345822 0.13837436],90,86,"[0.10460029415455299, 0.15390780514892627]",-1,-1
6432,[0.52852139 0.1736869 ],71,10,"[0.4982904339105401, 0.17462697492844612]",110,-1
6433,[0.30519777 0.76033419],98,26,"[0.34140158523352676, 0.7415276229463709]",112,-1
6434,[0.55495828 0.24790468],75,58,"[0.5903496421521437, 0.26872112132208276]",110,-1
6435,[0.14763617 0.43444084],94,14,"[0.16635912736795258, 0.4532667183848064]",-1,-1
6436,[0.55017947 0.67888213],3,28,"[0.572088563242004, 0.6648723747855627]",69,-1
6437,[0.31089156 0.54469118],78,5,"[0.3369928142177202, 0.5813431770807651]",113,-1
6438,[0.12098175 0.5303618 ],87,52,"[0.10837107196086664, 0.5019908555728455]",113,-1
6439,[0.30626511 0.25966307],1,44,"[0.34401211644161456, 0.2727474001163449]",-1,17
6440,[0.51188372 0.09963777],97,69,"[0.5153460121236064, 0.11707314703881673]",-1,-1
6441,[0.72084799 0.44542204],35,79,"[0.7440923457598303, 0.4172681159825393]",43,-1
6442,[0.14227892 0.1683714 ],79,7,"[0.16040334011861732, 0.1583747599262833]",104,42
6443,[0.42983323 0.66565755],54,18,"[0.4095647158889755, 0.6213093728466221]",-1,-1
6444,[0.19088524 0.33574471],83,21,"[0.24089021291760518, 0.30160856093346966]",-1,-1
6445,[0.33869121 0.5072681 ],69,2,"[0.2982944979771574, 0.4928881704977565]",113,-1
6446,[0.56453354 0.2078017 ],22,31,"[0.5509259779365981, 0.20365500329799469]",110,-1
6447,[0.24164395 0.69442895],25,81,"[0.2526303993585153, 0.7288181375759063]",113,-1
6448,[0.58931656 0.70790064],12,27,"[0.6091441642186142, 0.7391629772413223]",-1,-1
6449,[0.52218228 0.33242211],22,17,"[0.5266584783397147, 0.2925234389366824]",110,-1
6450,[0.52574611 0.2133158 ],61,31,"[0.5509259779365981, 0.20365500329799469]",110,60
6451,[0.14892546 0.21558523],20,20,"[0.18106142669570233, 0.20480546739290073]",104,-1
6452,[0.38780877 0.35994388],70,13,"[0.3772074110661572, 0.3667665336396509]",113,-1
6453,[0.48928426 0.84466944],88,63,"[0.4663233365844979, 0.874422196988726]",-1,-1
6454,[0.27339868 0.42937918],55,0,"[0.24505961735590134, 0.40258348756972934]",113,81
6455,[0.82561323 0.78608877],52,48,"[0.8063574629792128, 0.8028480378432847]",86,-1
6456,[0.32906114 0.3687467 ],65,1,"[0.31345252476490787, 0.39568681619531276]",113,-1
6457,[0.24649363 0.42529593],78,0,"[0.24505961735590134, 0.40258348756972934]",113,81
6458,[0.20379655 0.82238965],64,78,"[0.17639698191982223, 0.8335029307302414]",-1,-1
6459,[0.71011414 0.48410197],35,66,"[0.6892424870002536, 0.4809362987183399]",50,10
6460,[0.43287051 0.63772437],54,18,"[0.4095647158889755, 0.6213093728466221]",-1,-1
6461,[0.47506854 0.85878097],24,63,"[0.4663233365844979, 0.874422196988726]",93,23
6462,[0.41468698 0.18860528],46,4,"[0.3827392388806571, 0.18315480574773338]",110,63
6463,[0.75702468 0.19089273],30,62,"[0.7592128314241189, 0.15406303015764497]",36,12
6464,[0.24765479 0.24103039],36,34,"[0.22317706824250913, 0.23387943431995686]",104,-1
6465,[0.60729426 0.87513575],53,74,"[0.6387846519793019, 0.8886269005667045]",91,14
6466,[0.67718186 0.81263523],91,6,"[0.6704818259566957, 0.7868874266118806]",102,50
6467,[0.27620039 0.53769093],8,24,"[0.2575895391106446, 0.5636151717894005]",113,78
6468,[0.53019474 0.44146749],76,77,"[0.5067154617511884, 0.39780872086571867]",-1,-1
6469,[0.56484038 0.20147269],6,31,"[0.5509259779365981, 0.20365500329799469]",110,-1
6470,[0.21517462 0.44135055],43,3,"[0.22590404659055946, 0.4809143921482596]",113,81
6471,[0.56836492 0.31709082],6,17,"[0.5266584783397147, 0.2925234389366824]",-1,-1
6472,[0.2743397  0.51767047],5,2,"[0.2982944979771574, 0.4928881704977565]",113,81
6473,[0.42890536 0.13379575],29,15,"[0.4480198330140321, 0.13770311065471516]",110,-1
6474,[0.84108649 0.64692349],56,25,"[0.8290893185566872, 0.6663325003431528]",-1,22
6475,[0.31780365 0.36343791],43,1,"[0.31345252476490787, 0.39568681619531276]",113,81
6476,[0.35204126 0.62212332],51,12,"[0.3563557933558874, 0.6600167756750083]",113,-1
6477,[0.53974347 0.08613385],18,69,"[0.5153460121236064, 0.11707314703881673]",-1,-1
6478,[0.45269444 0.82865423],88,51,"[0.47563858561263794, 0.7978986338068428]",-1,-1
6479,[0.62700454 0.65784362],40,60,"[0.6482027966760067, 0.6653053686977741]",-1,-1
6480,[0.74956709 0.50703611],82,49,"[0.7597872492020543, 0.528305606483068]",-1,-1
6481,[0.83337121 0.68408692],56,25,"[0.8290893185566872, 0.6663325003431528]",98,-1
6482,[0.40748311 0.5651495 ],54,67,"[0.39991637370105465, 0.5429488636659977]",-1,-1
6483,[0.36601519 0.34214332],17,13,"[0.3772074110661572, 0.3667665336396509]",111,-1
6484,[0.75592022 0.50539564],11,49,"[0.7597872492020543, 0.528305606483068]",50,10
6485,[0.59177817 0.74747874],81,27,"[0.6091441642186142, 0.7391629772413223]",96,-1
6486,[0.88699765 0.87290441],52,50,"[0.8669550309977382, 0.8414428333530212]",-1,-1
6487,[0.42368474 0.61965485],9,18,"[0.4095647158889755, 0.6213093728466221]",113,-1
6488,[0.14271968 0.28521686],83,19,"[0.1752933885253929, 0.2769931075732081]",104,-1
6489,[0.3509382  0.86620553],10,41,"[0.4045860819360065, 0.8451095848913467]",-1,-1
6490,[0.81976651 0.30716024],57,39,"[0.7929729113380171, 0.306282578754693]",36,8
6491,[0.32458527 0.47672262],5,2,"[0.2982944979771574, 0.4928881704977565]",113,-1
6492,[0.49922862 0.24491799],61,17,"[0.5266584783397147, 0.2925234389366824]",29,-1
6493,[0.50808161 0.82461827],88,51,"[0.47563858561263794, 0.7978986338068428]",6,-1
6494,[0.59980092 0.74568184],81,27,"[0.6091441642186142, 0.7391629772413223]",96,36
6495,[0.32707978 0.68564602],98,8,"[0.29185823944997474, 0.6822630454364129]",113,-1
6496,[0.70571949 0.39622798],35,46,"[0.6818606004752428, 0.39460805157892936]",-1,-1
6497,[0.24896951 0.20399257],1,34,"[0.22317706824250913, 0.23387943431995686]",104,-1
6498,[0.50394224 0.27274964],6,17,"[0.5266584783397147, 0.2925234389366824]",-1,-1
6499,[0.43686216 0.82155945],41,41,"[0.4045860819360065, 0.8451095848913467]",113,-1
6500,[0.63265715 0.60154595],40,30,"[0.5893115951066175, 0.5856347360021498]",-1,-1
6501,[0.16861925 0.14536881],66,7,"[0.16040334011861732, 0.1583747599262833]",104,42
6502,[0.32044773 0.39035247],55,1,"[0.31345252476490787, 0.39568681619531276]",113,-1
6503,[0.6114428  0.38586242],33,64,"[0.5873954455556146, 0.4184822956881117]",-1,-1
6504,[0.31246436 0.4350503 ],99,1,"[0.31345252476490787, 0.39568681619531276]",113,75
6505,[0.15504633 0.18334825],20,7,"[0.16040334011861732, 0.1583747599262833]",104,42
6506,[0.85531877 0.58686268],4,43,"[0.8559722074695512, 0.5768738433864216]",99,22
6507,[0.54953214 0.30510645],63,17,"[0.5266584783397147, 0.2925234389366824]",110,-1
6508,[0.84568658 0.40041039],39,85,"[0.8330047067228752, 0.39861674914336154]",12,0
6509,[0.15812241 0.78330872],64,42,"[0.17164193172035744, 0.7477907034099851]",-1,-1
6510,[0.78536877 0.77180389],91,16,"[0.7557129160895149, 0.7610612683801858]",102,-1
6511,[0.49904209 0.26043855],22,17,"[0.5266584783397147, 0.2925234389366824]",29,-1
6512,[0.87205759 0.7417296 ],60,65,"[0.8683963995203289, 0.7186203255414056]",-1,-1
6513,[0.78398905 0.27580844],57,39,"[0.7929729113380171, 0.306282578754693]",36,-1
6514,[0.72022382 0.67941885],19,11,"[0.7285416878591984, 0.7120527989062413]",-1,-1
6515,[0.24356558 0.52955063],8,24,"[0.2575895391106446, 0.5636151717894005]",113,-1
6516,[0.15577653 0.49931337],42,35,"[0.18006516204956544, 0.5309482406934538]",113,66
6517,[0.85373268 0.81985954],52,50,"[0.8669550309977382, 0.8414428333530212]",-1,15
6518,[0.43774455 0.55399339],54,67,"[0.39991637370105465, 0.5429488636659977]",-1,-1
6519,[0.59898748 0.58976816],12,30,"[0.5893115951066175, 0.5856347360021498]",77,28
6520,[0.63752564 0.80744339],91,6,"[0.6704818259566957, 0.7868874266118806]",102,40
6521,[0.30390644 0.35465805],48,1,"[0.31345252476490787, 0.39568681619531276]",113,-1
6522,[0.59779669 0.81576444],3,45,"[0.6014090517878816, 0.8253297621455221]",102,-1
6523,[0.70312848 0.39695605],44,46,"[0.6818606004752428, 0.39460805157892936]",-1,-1
6524,[0.18200697 0.84599167],21,78,"[0.17639698191982223, 0.8335029307302414]",-1,-1
6525,[0.1679234  0.57261953],7,70,"[0.16883511008014604, 0.6108734061004485]",-1,-1
6526,[0.33790863 0.25691525],92,44,"[0.34401211644161456, 0.2727474001163449]",76,-1
6527,[0.74351177 0.44715176],35,79,"[0.7440923457598303, 0.4172681159825393]",-1,-1
6528,[0.45267582 0.17000219],61,15,"[0.4480198330140321, 0.13770311065471516]",110,63
6529,[0.32636364 0.19959411],1,29,"[0.29724643836137565, 0.21152192866347855]",110,-1
6530,[0.85265739 0.31412411],37,84,"[0.8747370333854485, 0.3299307577245935]",-1,-1
6531,[0.76218327 0.84306884],26,75,"[0.7159769487757391, 0.8473248623765012]",-1,-1
6532,[0.17279591 0.17204725],90,7,"[0.16040334011861732, 0.1583747599262833]",104,42
6533,[0.50829841 0.27076337],63,17,"[0.5266584783397147, 0.2925234389366824]",-1,-1
6534,[0.28241257 0.15377289],2,54,"[0.23065754032548644, 0.16311462163198792]",-1,-1
6535,[0.58292424 0.15649256],18,37,"[0.590787313093903, 0.1287873361919935]",110,59
6536,[0.75572877 0.74354089],50,16,"[0.7557129160895149, 0.7610612683801858]",102,-1
6537,[0.74829963 0.15607666],49,62,"[0.7592128314241189, 0.15406303015764497]",36,-1
6538,[0.7236885  0.79208627],91,16,"[0.7557129160895149, 0.7610612683801858]",102,-1
6539,[0.83598667 0.74137587],60,65,"[0.8683963995203289, 0.7186203255414056]",-1,-1
6540,[0.23789329 0.36471216],55,0,"[0.24505961735590134, 0.40258348756972934]",113,-1
6541,[0.78857013 0.14874866],93,62,"[0.7592128314241189, 0.15406303015764497]",36,-1
6542,[0.07851094 0.93898982],21,-1,-1,-1,-1
6543,[0.21663988 0.43486736],34,0,"[0.24505961735590134, 0.40258348756972934]",113,81
6544,[0.8116737  0.79816671],50,48,"[0.8063574629792128, 0.8028480378432847]",86,32
6545,[0.78872159 0.28692573],57,39,"[0.7929729113380171, 0.306282578754693]",36,-1
6546,[0.38657109 0.77761348],41,22,"[0.4053244070468948, 0.7892325425819533]",113,71
6547,[0.35316816 0.45597253],69,91,"[0.38272617373285694, 0.45406707742979985]",-1,-1
6548,[0.56634971 0.62436301],40,28,"[0.572088563242004, 0.6648723747855627]",-1,29
6549,[0.20302723 0.4514833 ],78,14,"[0.16635912736795258, 0.4532667183848064]",113,81
6550,[0.44401733 0.86097003],24,63,"[0.4663233365844979, 0.874422196988726]",93,23
6551,[0.88177108 0.48695398],39,94,"[0.8753265847499492, 0.4535299653068886]",-1,-1
6552,[0.54421025 0.7538672 ],81,27,"[0.6091441642186142, 0.7391629772413223]",8,-1
6553,[0.55366001 0.12082489],75,37,"[0.590787313093903, 0.1287873361919935]",109,-1
6554,[0.3590958  0.21905525],17,4,"[0.3827392388806571, 0.18315480574773338]",110,-1
6555,[0.81121889 0.90680661],26,95,"[0.8179696228241676, 0.8855176666788548]",-1,-1
6556,[0.60049993 0.3020801 ],63,58,"[0.5903496421521437, 0.26872112132208276]",-1,-1
6557,[0.15640376 0.30311466],83,19,"[0.1752933885253929, 0.2769931075732081]",-1,-1
6558,[0.27812516 0.68813567],25,8,"[0.29185823944997474, 0.6822630454364129]",113,73
6559,[0.84663254 0.85540524],26,50,"[0.8669550309977382, 0.8414428333530212]",67,16
6560,[0.73157198 0.7767736 ],59,16,"[0.7557129160895149, 0.7610612683801858]",102,-1
6561,[0.52511911 0.26661278],6,17,"[0.5266584783397147, 0.2925234389366824]",110,-1
6562,[0.33690589 0.38987802],70,1,"[0.31345252476490787, 0.39568681619531276]",113,81
6563,[0.58949526 0.23167589],22,58,"[0.5903496421521437, 0.26872112132208276]",-1,-1
6564,[0.35761336 0.69256142],14,12,"[0.3563557933558874, 0.6600167756750083]",113,-1
6565,[0.34875143 0.75504072],84,26,"[0.34140158523352676, 0.7415276229463709]",113,-1
6566,[0.56275131 0.61282643],12,30,"[0.5893115951066175, 0.5856347360021498]",81,29
6567,[0.45291629 0.71576627],10,59,"[0.4102385111598612, 0.7308207375545044]",-1,-1
6568,[0.15081621 0.93960108],21,47,"[0.12002015978901225, 0.8781802626724163]",-1,-1
6569,[0.77822692 0.14010306],93,62,"[0.7592128314241189, 0.15406303015764497]",32,-1
6570,[0.12351713 0.88791579],64,47,"[0.12002015978901225, 0.8781802626724163]",-1,-1
6571,[0.28452299 0.44886597],55,2,"[0.2982944979771574, 0.4928881704977565]",113,81
6572,[0.35466521 0.16764737],92,4,"[0.3827392388806571, 0.18315480574773338]",110,-1
6573,[0.21314162 0.25962492],36,34,"[0.22317706824250913, 0.23387943431995686]",104,42
6574,[0.69075026 0.3267268 ],85,36,"[0.718962763471204, 0.2995127644433783]",41,-1
6575,[0.77571596 0.84844437],26,48,"[0.8063574629792128, 0.8028480378432847]",-1,-1
6576,[0.74367098 0.72868727],60,11,"[0.7285416878591984, 0.7120527989062413]",102,57
6577,[0.4450941 0.7938287],23,51,"[0.47563858561263794, 0.7978986338068428]",113,-1
6578,[0.68301148 0.66393968],40,60,"[0.6482027966760067, 0.6653053686977741]",-1,-1
6579,[0.76798608 0.66450677],19,53,"[0.7681832820464827, 0.6327372104307392]",102,-1
6580,[0.33738978 0.8117025 ],10,82,"[0.32758089961125464, 0.809330839306685]",82,-1
6581,[0.77246696 0.75719443],60,16,"[0.7557129160895149, 0.7610612683801858]",102,-1
6582,[0.18373964 0.67615061],0,32,"[0.21070106237511496, 0.6599645039522288]",-1,-1
6583,[0.54872454 0.68743431],81,28,"[0.572088563242004, 0.6648723747855627]",69,-1
6584,[0.16867602 0.35074225],47,76,"[0.1271293063442913, 0.39727223545070534]",-1,-1
6585,[0.14509807 0.27921606],83,19,"[0.1752933885253929, 0.2769931075732081]",104,-1
6586,[0.35523393 0.76525571],89,26,"[0.34140158523352676, 0.7415276229463709]",113,-1
6587,[0.51384962 0.35427366],63,23,"[0.5544996285461486, 0.3649814617648961]",-1,-1
6588,[0.17465648 0.42968792],7,14,"[0.16635912736795258, 0.4532667183848064]",113,-1
6589,[0.21466383 0.19178354],67,54,"[0.23065754032548644, 0.16311462163198792]",104,42
6590,[0.12281525 0.41695065],96,76,"[0.1271293063442913, 0.39727223545070534]",-1,-1
6591,[0.62639894 0.86649058],45,74,"[0.6387846519793019, 0.8886269005667045]",102,-1
6592,[0.18225161 0.51621572],8,35,"[0.18006516204956544, 0.5309482406934538]",113,-1
6593,[0.58952195 0.17177581],75,55,"[0.6160291566716146, 0.18582080836242268]",110,-1
6594,[0.36450546 0.835983  ],41,41,"[0.4045860819360065, 0.8451095848913467]",-1,-1
6595,[0.82124965 0.73457867],50,65,"[0.8683963995203289, 0.7186203255414056]",-1,-1
6596,[0.37685412 0.21364649],2,4,"[0.3827392388806571, 0.18315480574773338]",110,63
6597,[0.34527655 0.52658304],73,5,"[0.3369928142177202, 0.5813431770807651]",113,-1
6598,[0.54614204 0.29719881],72,17,"[0.5266584783397147, 0.2925234389366824]",110,48
6599,[0.49432294 0.1259413 ],18,69,"[0.5153460121236064, 0.11707314703881673]",110,-1
6600,[0.82129777 0.27471516],38,87,"[0.8400115250570579, 0.2635503368487671]",36,-1
6601,[0.27574367 0.32477006],94,21,"[0.24089021291760518, 0.30160856093346966]",-1,-1
6602,[0.14658985 0.19617524],20,20,"[0.18106142669570233, 0.20480546739290073]",104,42
6603,[0.29943646 0.52388411],5,2,"[0.2982944979771574, 0.4928881704977565]",113,78
6604,[0.38932404 0.19092025],92,4,"[0.3827392388806571, 0.18315480574773338]",110,63
6605,[0.11270974 0.4561915 ],96,52,"[0.10837107196086664, 0.5019908555728455]",-1,-1
6606,[0.83358107 0.61240506],27,43,"[0.8559722074695512, 0.5768738433864216]",99,22
6607,[0.1771712  0.15888142],66,7,"[0.16040334011861732, 0.1583747599262833]",104,42
6608,[0.79615747 0.47177987],28,61,"[0.8226541227267828, 0.49698240517173836]",71,3
6609,[0.70930256 0.22923869],57,33,"[0.712147299809196, 0.21396583181069667]",36,-1
6610,[0.22243521 0.20657139],20,34,"[0.22317706824250913, 0.23387943431995686]",104,42
6611,[0.63514503 0.42389996],44,64,"[0.5873954455556146, 0.4184822956881117]",-1,-1
6612,[0.72707869 0.77909473],50,16,"[0.7557129160895149, 0.7610612683801858]",102,56
6613,[0.31294756 0.78721683],23,82,"[0.32758089961125464, 0.809330839306685]",-1,-1
6614,[0.51667896 0.18595705],75,10,"[0.4982904339105401, 0.17462697492844612]",110,-1
6615,[0.26131485 0.7338429 ],13,81,"[0.2526303993585153, 0.7288181375759063]",113,-1
6616,[0.17376656 0.30072467],47,19,"[0.1752933885253929, 0.2769931075732081]",-1,-1
6617,[0.36041928 0.55679274],54,5,"[0.3369928142177202, 0.5813431770807651]",113,-1
6618,[0.17688443 0.46742057],87,14,"[0.16635912736795258, 0.4532667183848064]",113,-1
6619,[0.38062001 0.61254342],62,18,"[0.4095647158889755, 0.6213093728466221]",113,84
6620,[0.912773   0.69159217],56,65,"[0.8683963995203289, 0.7186203255414056]",-1,-1
6621,[0.63806877 0.67861578],3,60,"[0.6482027966760067, 0.6653053686977741]",102,-1
6622,[0.10485938 0.54408107],87,52,"[0.10837107196086664, 0.5019908555728455]",-1,-1
6623,[0.15231621 0.75189953],58,42,"[0.17164193172035744, 0.7477907034099851]",-1,-1
6624,[0.275103   0.44923645],55,2,"[0.2982944979771574, 0.4928881704977565]",113,81
6625,[0.75114738 0.17248415],38,62,"[0.7592128314241189, 0.15406303015764497]",36,-1
6626,[0.14073813 0.21470321],20,57,"[0.11385950246950007, 0.22156166292214274]",104,42
6627,[0.09862191 0.69648223],58,72,"[0.13389630971446978, 0.6701017461857026]",-1,-1
6628,[0.79719027 0.47687068],82,61,"[0.8226541227267828, 0.49698240517173836]",71,3
6629,[0.61071346 0.59673898],12,30,"[0.5893115951066175, 0.5856347360021498]",-1,-1
6630,[0.83490199 0.66682397],56,25,"[0.8290893185566872, 0.6663325003431528]",-1,-1
6631,[0.40286575 0.71110937],89,59,"[0.4102385111598612, 0.7308207375545044]",113,-1
6632,[0.63943225 0.88792364],45,74,"[0.6387846519793019, 0.8886269005667045]",-1,-1
6633,[0.1282851  0.83838475],64,47,"[0.12002015978901225, 0.8781802626724163]",-1,-1
6634,[0.42517576 0.12431111],29,15,"[0.4480198330140321, 0.13770311065471516]",110,-1
6635,[0.41395293 0.15175262],92,15,"[0.4480198330140321, 0.13770311065471516]",110,-1
6636,[0.90995931 0.4021556 ],39,96,"[0.9242498114026001, 0.35811950872924947]",-1,-1
6637,[0.52036931 0.68691569],81,88,"[0.49693056847195605, 0.6857701176055397]",-1,-1
6638,[0.07791427 0.76899948],58,71,"[0.10117111935954111, 0.7754028082579668]",-1,-1
6639,[0.61157274 0.61587451],40,30,"[0.5893115951066175, 0.5856347360021498]",81,-1
6640,[0.61371989 0.146748  ],80,37,"[0.590787313093903, 0.1287873361919935]",110,38
6641,[0.18925769 0.18882816],79,20,"[0.18106142669570233, 0.20480546739290073]",104,42
6642,[0.32107565 0.36873859],43,1,"[0.31345252476490787, 0.39568681619531276]",113,81
6643,[0.49083193 0.22353786],29,40,"[0.4428604662933861, 0.22666876085097074]",-1,-1
6644,[0.68447867 0.14199447],49,90,"[0.6807795084802507, 0.1410405480143203]",-1,-1
6645,[0.324201   0.64888953],51,12,"[0.3563557933558874, 0.6600167756750083]",113,-1
6646,[0.75167642 0.6027726 ],11,53,"[0.7681832820464827, 0.6327372104307392]",-1,-1
6647,[0.60814516 0.58496297],12,30,"[0.5893115951066175, 0.5856347360021498]",-1,28
6648,[0.25886513 0.2200955 ],20,34,"[0.22317706824250913, 0.23387943431995686]",104,-1
6649,[0.17739958 0.28387988],47,19,"[0.1752933885253929, 0.2769931075732081]",104,42
6650,[0.3406028  0.48382222],78,2,"[0.2982944979771574, 0.4928881704977565]",-1,-1
6651,[0.12243334 0.80929183],64,71,"[0.10117111935954111, 0.7754028082579668]",-1,-1
6652,[0.23000547 0.64391627],25,32,"[0.21070106237511496, 0.6599645039522288]",113,-1
6653,[0.90342914 0.58680696],4,83,"[0.9023954923676734, 0.6253829621221342]",15,-1
6654,[0.42543891 0.1156451 ],46,15,"[0.4480198330140321, 0.13770311065471516]",110,-1
6655,[0.7442096  0.23078272],93,9,"[0.7745160189749856, 0.22813324751878863]",36,-1
6656,[0.55130952 0.19546724],18,31,"[0.5509259779365981, 0.20365500329799469]",110,61
6657,[0.27258205 0.64859901],62,8,"[0.29185823944997474, 0.6822630454364129]",-1,-1
6658,[0.57818938 0.63826922],12,28,"[0.572088563242004, 0.6648723747855627]",81,29
6659,[0.41161796 0.73887933],88,59,"[0.4102385111598612, 0.7308207375545044]",113,-1
6660,[0.53344924 0.15470303],18,10,"[0.4982904339105401, 0.17462697492844612]",110,63
6661,[0.28250615 0.40358592],99,1,"[0.31345252476490787, 0.39568681619531276]",113,81
6662,[0.1084651  0.20605398],95,57,"[0.11385950246950007, 0.22156166292214274]",104,-1
6663,[0.95867267 0.68610428],56,-1,-1,-1,-1
6664,[0.68883983 0.25156874],22,33,"[0.712147299809196, 0.21396583181069667]",-1,-1
6665,[0.46239903 0.78383996],89,51,"[0.47563858561263794, 0.7978986338068428]",-1,-1
6666,[0.35371778 0.64437382],54,12,"[0.3563557933558874, 0.6600167756750083]",113,-1
6667,[0.75146605 0.13433289],49,62,"[0.7592128314241189, 0.15406303015764497]",-1,-1
6668,[0.52134802 0.55184365],16,38,"[0.5222833502418962, 0.5760861920194034]",80,-1
6669,[0.800875   0.71961638],60,25,"[0.8290893185566872, 0.6663325003431528]",102,-1
6670,[0.19304489 0.45814601],7,14,"[0.16635912736795258, 0.4532667183848064]",113,81
6671,[0.22549461 0.69637056],98,32,"[0.21070106237511496, 0.6599645039522288]",-1,-1
6672,[0.7410158  0.73916232],60,16,"[0.7557129160895149, 0.7610612683801858]",102,57
6673,[0.78213317 0.50285958],82,49,"[0.7597872492020543, 0.528305606483068]",-1,-1
6674,[0.53404436 0.47395415],16,68,"[0.5421113451424038, 0.49916034700705]",2,-1
6675,[0.26356441 0.21244244],68,29,"[0.29724643836137565, 0.21152192866347855]",104,41
6676,[0.57246999 0.55485896],16,30,"[0.5893115951066175, 0.5856347360021498]",80,30
6677,[0.1969952  0.66447401],15,32,"[0.21070106237511496, 0.6599645039522288]",113,43
6678,[0.82896049 0.78048481],26,48,"[0.8063574629792128, 0.8028480378432847]",-1,-1
6679,[0.18399904 0.55936469],0,35,"[0.18006516204956544, 0.5309482406934538]",113,-1
6680,[0.37350166 0.40084819],77,13,"[0.3772074110661572, 0.3667665336396509]",113,81
6681,[0.58751438 0.39852246],33,64,"[0.5873954455556146, 0.4184822956881117]",110,53
6682,[0.83179966 0.78719034],32,48,"[0.8063574629792128, 0.8028480378432847]",86,-1
6683,[0.86806933 0.27561361],37,87,"[0.8400115250570579, 0.2635503368487671]",-1,-1
6684,[0.69915818 0.30167291],85,36,"[0.718962763471204, 0.2995127644433783]",34,-1
6685,[0.37502786 0.76509271],89,22,"[0.4053244070468948, 0.7892325425819533]",113,71
6686,[0.53608677 0.47233303],16,68,"[0.5421113451424038, 0.49916034700705]",2,-1
6687,[0.56425295 0.36874881],33,23,"[0.5544996285461486, 0.3649814617648961]",110,53
6688,[0.19665051 0.16880796],79,54,"[0.23065754032548644, 0.16311462163198792]",104,42
6689,[0.69590356 0.24509877],57,33,"[0.712147299809196, 0.21396583181069667]",-1,-1
6690,[0.16099189 0.67588562],25,72,"[0.13389630971446978, 0.6701017461857026]",-1,-1
6691,[0.33191015 0.63818437],62,12,"[0.3563557933558874, 0.6600167756750083]",113,-1
6692,[0.90279175 0.82313186],52,98,"[0.942733982760607, 0.8236412439484]",-1,-1
6693,[0.17708514 0.26746305],36,19,"[0.1752933885253929, 0.2769931075732081]",104,42
6694,[0.75460725 0.26873037],38,9,"[0.7745160189749856, 0.22813324751878863]",36,11
6695,[0.7110908 0.7325957],50,11,"[0.7285416878591984, 0.7120527989062413]",102,-1
6696,[0.35569645 0.38775656],43,13,"[0.3772074110661572, 0.3667665336396509]",113,81
6697,[0.40464447 0.82216885],41,41,"[0.4045860819360065, 0.8451095848913467]",113,-1
6698,[0.79786434 0.74578781],60,16,"[0.7557129160895149, 0.7610612683801858]",102,-1
6699,[0.77386973 0.08211259],49,-1,-1,-1,-1
6700,[0.36848697 0.80418413],89,22,"[0.4053244070468948, 0.7892325425819533]",113,-1
6701,[0.18670647 0.15356303],67,7,"[0.16040334011861732, 0.1583747599262833]",104,42
6702,[0.80733663 0.21573227],38,9,"[0.7745160189749856, 0.22813324751878863]",36,12
6703,[0.24684788 0.23754092],68,34,"[0.22317706824250913, 0.23387943431995686]",104,42
6704,[0.56392894 0.27678395],63,58,"[0.5903496421521437, 0.26872112132208276]",-1,-1
6705,[0.10770429 0.77206461],58,71,"[0.10117111935954111, 0.7754028082579668]",-1,-1
6706,[0.1778384  0.75996208],58,42,"[0.17164193172035744, 0.7477907034099851]",87,-1
6707,[0.49793277 0.19294779],18,10,"[0.4982904339105401, 0.17462697492844612]",110,63
6708,[0.20107276 0.50263161],8,3,"[0.22590404659055946, 0.4809143921482596]",113,81
6709,[0.8031342  0.21238605],93,9,"[0.7745160189749856, 0.22813324751878863]",36,12
6710,[0.27922713 0.16598805],68,54,"[0.23065754032548644, 0.16311462163198792]",-1,-1
6711,[0.55473658 0.2842259 ],22,17,"[0.5266584783397147, 0.2925234389366824]",110,48
6712,[0.24715164 0.41654538],77,0,"[0.24505961735590134, 0.40258348756972934]",113,81
6713,[0.65222985 0.50660251],35,66,"[0.6892424870002536, 0.4809362987183399]",-1,-1
6714,[0.7076764  0.26134926],85,36,"[0.718962763471204, 0.2995127644433783]",-1,-1
6715,[0.3862439  0.21371588],1,4,"[0.3827392388806571, 0.18315480574773338]",110,63
6716,[0.72495473 0.24394763],57,33,"[0.712147299809196, 0.21396583181069667]",36,-1
6717,[0.30829229 0.35836601],70,1,"[0.31345252476490787, 0.39568681619531276]",113,81
6718,[0.2438133  0.47259542],34,3,"[0.22590404659055946, 0.4809143921482596]",113,81
6719,[0.84193519 0.58639343],27,43,"[0.8559722074695512, 0.5768738433864216]",-1,22
6720,[0.61417909 0.70480109],81,27,"[0.6091441642186142, 0.7391629772413223]",102,36
6721,[0.17562286 0.42204804],94,14,"[0.16635912736795258, 0.4532667183848064]",113,-1
6722,[0.21290455 0.39817646],77,0,"[0.24505961735590134, 0.40258348756972934]",113,-1
6723,[0.73849462 0.74438185],50,16,"[0.7557129160895149, 0.7610612683801858]",102,57
6724,[0.21326466 0.18901411],67,54,"[0.23065754032548644, 0.16311462163198792]",104,42
6725,[0.10565733 0.16916727],95,86,"[0.10460029415455299, 0.15390780514892627]",104,-1
6726,[0.17499519 0.53658266],5,35,"[0.18006516204956544, 0.5309482406934538]",-1,-1
6727,[0.73832141 0.38917245],44,79,"[0.7440923457598303, 0.4172681159825393]",-1,-1
6728,[0.19296014 0.61265412],15,70,"[0.16883511008014604, 0.6108734061004485]",113,-1
6729,[0.66793118 0.2961946 ],85,36,"[0.718962763471204, 0.2995127644433783]",-1,-1
6730,[0.27233358 0.45634276],99,2,"[0.2982944979771574, 0.4928881704977565]",113,81
6731,[0.15447122 0.68920091],0,72,"[0.13389630971446978, 0.6701017461857026]",37,-1
6732,[0.56173766 0.29343974],63,17,"[0.5266584783397147, 0.2925234389366824]",110,48
6733,[0.5623387  0.61218856],74,30,"[0.5893115951066175, 0.5856347360021498]",81,29
6734,[0.58210846 0.55152685],12,30,"[0.5893115951066175, 0.5856347360021498]",80,-1
6735,[0.31533087 0.52895224],5,2,"[0.2982944979771574, 0.4928881704977565]",113,78
6736,[0.70269034 0.23257249],57,33,"[0.712147299809196, 0.21396583181069667]",36,-1
6737,[0.17302472 0.17212465],66,7,"[0.16040334011861732, 0.1583747599262833]",104,42
6738,[0.12292545 0.81369342],58,71,"[0.10117111935954111, 0.7754028082579668]",-1,-1
6739,[0.1718352  0.53545626],87,35,"[0.18006516204956544, 0.5309482406934538]",113,-1
6740,[0.33767805 0.66327948],13,12,"[0.3563557933558874, 0.6600167756750083]",113,83
6741,[0.84666504 0.2916156 ],86,87,"[0.8400115250570579, 0.2635503368487671]",-1,-1
6742,[0.35697156 0.1907856 ],92,4,"[0.3827392388806571, 0.18315480574773338]",110,-1
6743,[0.46980782 0.82209663],41,51,"[0.47563858561263794, 0.7978986338068428]",95,-1
6744,[0.33162796 0.40866655],48,1,"[0.31345252476490787, 0.39568681619531276]",113,81
6745,[0.25240119 0.58358465],5,24,"[0.2575895391106446, 0.5636151717894005]",-1,-1
6746,[0.41360943 0.20404848],2,40,"[0.4428604662933861, 0.22666876085097074]",110,63
6747,[0.90925579 0.32659494],37,84,"[0.8747370333854485, 0.3299307577245935]",25,-1
6748,[0.67908282 0.47773485],35,66,"[0.6892424870002536, 0.4809362987183399]",-1,-1
6749,[0.58325132 0.64218913],81,28,"[0.572088563242004, 0.6648723747855627]",81,29
6750,[0.77535279 0.65400187],27,53,"[0.7681832820464827, 0.6327372104307392]",102,34
6751,[0.36247515 0.34963164],65,13,"[0.3772074110661572, 0.3667665336396509]",111,-1
6752,[0.51026312 0.6570724 ],12,88,"[0.49693056847195605, 0.6857701176055397]",4,-1
6753,[0.29841592 0.17292007],92,29,"[0.29724643836137565, 0.21152192866347855]",-1,-1
6754,[0.17518308 0.19608122],90,20,"[0.18106142669570233, 0.20480546739290073]",104,42
6755,[0.45704298 0.61671656],9,18,"[0.4095647158889755, 0.6213093728466221]",-1,-1
6756,[0.39473743 0.85605809],41,41,"[0.4045860819360065, 0.8451095848913467]",-1,-1
6757,[0.28924947 0.43233887],34,1,"[0.31345252476490787, 0.39568681619531276]",-1,-1
6758,[0.35773088 0.57127903],51,5,"[0.3369928142177202, 0.5813431770807651]",113,-1
6759,[0.66821514 0.43469705],44,46,"[0.6818606004752428, 0.39460805157892936]",43,4
6760,[0.21080126 0.41744658],94,0,"[0.24505961735590134, 0.40258348756972934]",113,-1
6761,[0.4489921  0.70944639],9,59,"[0.4102385111598612, 0.7308207375545044]",-1,-1
6762,[0.56724074 0.56324675],12,30,"[0.5893115951066175, 0.5856347360021498]",80,30
6763,[0.31126022 0.56766388],62,5,"[0.3369928142177202, 0.5813431770807651]",113,-1
6764,[0.54595693 0.54794406],16,38,"[0.5222833502418962, 0.5760861920194034]",80,-1
6765,[0.73011177 0.20578643],57,33,"[0.712147299809196, 0.21396583181069667]",36,-1
6766,[0.83641862 0.4091841 ],39,85,"[0.8330047067228752, 0.39861674914336154]",12,-1
6767,[0.46161822 0.89123324],24,63,"[0.4663233365844979, 0.874422196988726]",93,23
6768,[0.85293559 0.81923707],52,50,"[0.8669550309977382, 0.8414428333530212]",-1,15
6769,[0.88647415 0.44232551],39,94,"[0.8753265847499492, 0.4535299653068886]",-1,-1
6770,[0.30268131 0.4130571 ],43,1,"[0.31345252476490787, 0.39568681619531276]",113,81
6771,[0.30065709 0.58069917],73,5,"[0.3369928142177202, 0.5813431770807651]",113,-1
6772,[0.12617226 0.7436743 ],0,71,"[0.10117111935954111, 0.7754028082579668]",79,21
6773,[0.47103979 0.46640693],16,-1,-1,-1,-1
6774,[0.69702586 0.77424693],50,6,"[0.6704818259566957, 0.7868874266118806]",102,-1
6775,[0.74539246 0.50743913],35,49,"[0.7597872492020543, 0.528305606483068]",50,10
6776,[0.74766397 0.29896257],85,36,"[0.718962763471204, 0.2995127644433783]",36,-1
6777,[0.21768795 0.63580383],0,32,"[0.21070106237511496, 0.6599645039522288]",113,-1
6778,[0.10018589 0.8520997 ],21,47,"[0.12002015978901225, 0.8781802626724163]",-1,-1
6779,[0.83874876 0.51016298],28,61,"[0.8226541227267828, 0.49698240517173836]",68,-1
6780,[0.57773598 0.17118191],18,55,"[0.6160291566716146, 0.18582080836242268]",110,-1
6781,[0.72192259 0.36569638],44,46,"[0.6818606004752428, 0.39460805157892936]",44,5
6782,[0.76778025 0.26668804],30,9,"[0.7745160189749856, 0.22813324751878863]",36,11
6783,[0.76819021 0.40523134],39,79,"[0.7440923457598303, 0.4172681159825393]",-1,-1
6784,[0.60298249 0.8469559 ],59,45,"[0.6014090517878816, 0.8253297621455221]",85,-1
6785,[0.23611709 0.27462682],83,21,"[0.24089021291760518, 0.30160856093346966]",104,42
6786,[0.62753441 0.71787397],3,27,"[0.6091441642186142, 0.7391629772413223]",102,36
6787,[0.17257695 0.6597537 ],15,32,"[0.21070106237511496, 0.6599645039522288]",113,43
6788,[0.22607228 0.34364665],83,21,"[0.24089021291760518, 0.30160856093346966]",113,-1
6789,[0.79780233 0.68002004],4,25,"[0.8290893185566872, 0.6663325003431528]",-1,-1
6790,[0.22196559 0.48193831],73,3,"[0.22590404659055946, 0.4809143921482596]",113,81
6791,[0.47150209 0.27443006],6,40,"[0.4428604662933861, 0.22666876085097074]",-1,-1
6792,[0.76632977 0.70219277],32,11,"[0.7285416878591984, 0.7120527989062413]",102,-1
6793,[0.33684898 0.3946773 ],43,1,"[0.31345252476490787, 0.39568681619531276]",113,81
6794,[0.56142189 0.19433818],71,31,"[0.5509259779365981, 0.20365500329799469]",110,61
6795,[0.53309132 0.22571119],80,31,"[0.5509259779365981, 0.20365500329799469]",110,-1
6796,[0.27407423 0.65606752],98,8,"[0.29185823944997474, 0.6822630454364129]",113,-1
6797,[0.37605255 0.53034536],73,67,"[0.39991637370105465, 0.5429488636659977]",-1,-1
6798,[0.16773643 0.46883323],42,14,"[0.16635912736795258, 0.4532667183848064]",113,69
6799,[0.31687169 0.52976352],69,2,"[0.2982944979771574, 0.4928881704977565]",113,78
6800,[0.20614419 0.188765  ],36,20,"[0.18106142669570233, 0.20480546739290073]",104,42
6801,[0.30682628 0.60348598],14,5,"[0.3369928142177202, 0.5813431770807651]",-1,-1
6802,[0.74520242 0.31096346],86,36,"[0.718962763471204, 0.2995127644433783]",-1,-1
6803,[0.56735167 0.41085663],72,64,"[0.5873954455556146, 0.4184822956881117]",110,-1
6804,[0.71720345 0.78247462],53,16,"[0.7557129160895149, 0.7610612683801858]",102,-1
6805,[0.71155732 0.31663829],85,36,"[0.718962763471204, 0.2995127644433783]",-1,-1
6806,[0.30338388 0.44880932],69,2,"[0.2982944979771574, 0.4928881704977565]",113,-1
6807,[0.7612661 0.2676776],38,9,"[0.7745160189749856, 0.22813324751878863]",36,11
6808,[0.42419224 0.15015695],46,15,"[0.4480198330140321, 0.13770311065471516]",110,63
6809,[0.59615763 0.35968873],63,56,"[0.6228765219922414, 0.3379402254620158]",-1,-1
6810,[0.59999261 0.85032995],45,45,"[0.6014090517878816, 0.8253297621455221]",85,-1
6811,[0.22026832 0.52629865],8,35,"[0.18006516204956544, 0.5309482406934538]",113,81
6812,[0.23950672 0.20992167],68,34,"[0.22317706824250913, 0.23387943431995686]",104,42
6813,[0.62296837 0.7120035 ],3,27,"[0.6091441642186142, 0.7391629772413223]",102,36
6814,[0.33604639 0.85672844],23,82,"[0.32758089961125464, 0.809330839306685]",-1,-1
6815,[0.88985956 0.66556456],56,83,"[0.9023954923676734, 0.6253829621221342]",-1,-1
6816,[0.5505264  0.19540534],97,31,"[0.5509259779365981, 0.20365500329799469]",110,61
6817,[0.32059442 0.54320084],73,5,"[0.3369928142177202, 0.5813431770807651]",113,72
6818,[0.57891273 0.71529385],3,27,"[0.6091441642186142, 0.7391629772413223]",-1,-1
6819,[0.24847133 0.44126509],42,0,"[0.24505961735590134, 0.40258348756972934]",113,81
6820,[0.09428933 0.2417793 ],83,57,"[0.11385950246950007, 0.22156166292214274]",-1,-1
6821,[0.75317506 0.70288407],50,11,"[0.7285416878591984, 0.7120527989062413]",102,-1
6822,[0.15494627 0.45923506],42,14,"[0.16635912736795258, 0.4532667183848064]",113,69
6823,[0.19325818 0.83091774],64,78,"[0.17639698191982223, 0.8335029307302414]",-1,-1
6824,[0.29099726 0.56503435],69,24,"[0.2575895391106446, 0.5636151717894005]",113,-1
6825,[0.67478065 0.16201394],30,90,"[0.6807795084802507, 0.1410405480143203]",-1,-1
6826,[0.76882972 0.17497645],38,62,"[0.7592128314241189, 0.15406303015764497]",36,-1
6827,[0.67982398 0.61475001],11,80,"[0.6893002767673785, 0.5852948461925299]",30,1
6828,[0.20087643 0.38956812],96,0,"[0.24505961735590134, 0.40258348756972934]",113,-1
6829,[0.60644405 0.2090485 ],75,55,"[0.6160291566716146, 0.18582080836242268]",110,-1
6830,[0.37324619 0.39593451],70,13,"[0.3772074110661572, 0.3667665336396509]",113,81
6831,[0.37367373 0.57508728],51,5,"[0.3369928142177202, 0.5813431770807651]",-1,-1
6832,[0.39685772 0.64700404],54,18,"[0.4095647158889755, 0.6213093728466221]",113,-1
6833,[0.37559756 0.85722905],84,41,"[0.4045860819360065, 0.8451095848913467]",-1,-1
6834,[0.6829541  0.80170621],53,6,"[0.6704818259566957, 0.7868874266118806]",102,50
6835,[0.34052675 0.6629665 ],14,12,"[0.3563557933558874, 0.6600167756750083]",113,83
6836,[0.62774594 0.21227747],71,55,"[0.6160291566716146, 0.18582080836242268]",-1,-1
6837,[0.67200912 0.32893758],85,56,"[0.6228765219922414, 0.3379402254620158]",41,-1
6838,[0.4508292  0.22855997],97,40,"[0.4428604662933861, 0.22666876085097074]",-1,-1
6839,[0.11458721 0.72327563],0,71,"[0.10117111935954111, 0.7754028082579668]",-1,-1
6840,[0.41197759 0.83246759],10,41,"[0.4045860819360065, 0.8451095848913467]",113,70
6841,[0.54234492 0.73960046],81,27,"[0.6091441642186142, 0.7391629772413223]",-1,-1
6842,[0.19528641 0.19530728],95,20,"[0.18106142669570233, 0.20480546739290073]",104,42
6843,[0.27731115 0.62100554],13,24,"[0.2575895391106446, 0.5636151717894005]",-1,-1
6844,[0.65974845 0.16927849],71,90,"[0.6807795084802507, 0.1410405480143203]",-1,-1
6845,[0.68121921 0.54310593],11,80,"[0.6893002767673785, 0.5852948461925299]",-1,-1
6846,[0.69494513 0.72024002],59,11,"[0.7285416878591984, 0.7120527989062413]",102,52
6847,[0.42731049 0.22442629],92,40,"[0.4428604662933861, 0.22666876085097074]",110,-1
6848,[0.13386584 0.54413938],42,35,"[0.18006516204956544, 0.5309482406934538]",-1,-1
6849,[0.83581337 0.33021039],37,84,"[0.8747370333854485, 0.3299307577245935]",-1,-1
6850,[0.71582297 0.62163247],19,80,"[0.6893002767673785, 0.5852948461925299]",26,-1
6851,[0.35665905 0.75987165],84,26,"[0.34140158523352676, 0.7415276229463709]",113,-1
6852,[0.56144974 0.32482002],63,23,"[0.5544996285461486, 0.3649814617648961]",110,-1
6853,[0.30680693 0.23611324],1,29,"[0.29724643836137565, 0.21152192866347855]",-1,-1
6854,[0.57532607 0.41739052],72,64,"[0.5873954455556146, 0.4184822956881117]",105,-1
6855,[0.38964142 0.83147243],10,41,"[0.4045860819360065, 0.8451095848913467]",113,-1
6856,[0.23154488 0.24927671],90,34,"[0.22317706824250913, 0.23387943431995686]",104,-1
6857,[0.67236727 0.77802188],53,6,"[0.6704818259566957, 0.7868874266118806]",102,-1
6858,[0.42087278 0.86518636],24,41,"[0.4045860819360065, 0.8451095848913467]",93,-1
6859,[0.760625  0.7015646],60,11,"[0.7285416878591984, 0.7120527989062413]",102,-1
6860,[0.07737806 0.43310746],96,76,"[0.1271293063442913, 0.39727223545070534]",-1,-1
6861,[0.50185262 0.15320712],18,10,"[0.4982904339105401, 0.17462697492844612]",110,63
6862,[0.3775155  0.54230987],62,67,"[0.39991637370105465, 0.5429488636659977]",113,-1
6863,[0.39617145 0.1992159 ],46,4,"[0.3827392388806571, 0.18315480574773338]",110,63
6864,[0.15665188 0.54472343],42,35,"[0.18006516204956544, 0.5309482406934538]",113,64
6865,[0.36544622 0.69967821],13,12,"[0.3563557933558874, 0.6600167756750083]",113,-1
6866,[0.86790421 0.68816406],56,65,"[0.8683963995203289, 0.7186203255414056]",-1,-1
6867,[0.20221414 0.2793596 ],83,19,"[0.1752933885253929, 0.2769931075732081]",104,42
6868,[0.37631506 0.15726352],29,4,"[0.3827392388806571, 0.18315480574773338]",110,-1
6869,[0.71980718 0.35220105],85,36,"[0.718962763471204, 0.2995127644433783]",44,5
6870,[0.40531007 0.38907124],70,13,"[0.3772074110661572, 0.3667665336396509]",-1,-1
6871,[0.72979977 0.52375307],82,49,"[0.7597872492020543, 0.528305606483068]",50,10
6872,[0.2955782  0.71460027],98,8,"[0.29185823944997474, 0.6822630454364129]",113,79
6873,[0.74634577 0.81911319],32,75,"[0.7159769487757391, 0.8473248623765012]",-1,-1
6874,[0.76998381 0.74581481],32,16,"[0.7557129160895149, 0.7610612683801858]",102,-1
6875,[0.85960437 0.25617986],38,87,"[0.8400115250570579, 0.2635503368487671]",-1,-1
6876,[0.75448027 0.18807945],93,62,"[0.7592128314241189, 0.15406303015764497]",36,-1
6877,[0.22441507 0.47105384],94,3,"[0.22590404659055946, 0.4809143921482596]",113,81
6878,[0.53849891 0.13681065],75,69,"[0.5153460121236064, 0.11707314703881673]",110,63
6879,[0.26220757 0.3941378 ],43,0,"[0.24505961735590134, 0.40258348756972934]",113,81
6880,[0.17458584 0.50665553],7,35,"[0.18006516204956544, 0.5309482406934538]",-1,-1
6881,[0.80584758 0.39288774],39,85,"[0.8330047067228752, 0.39861674914336154]",-1,-1
6882,[0.63938391 0.69799667],3,60,"[0.6482027966760067, 0.6653053686977741]",102,-1
6883,[0.09147253 0.62655667],15,72,"[0.13389630971446978, 0.6701017461857026]",-1,-1
6884,[0.60490585 0.6805853 ],81,28,"[0.572088563242004, 0.6648723747855627]",-1,-1
6885,[0.44088079 0.53164194],73,67,"[0.39991637370105465, 0.5429488636659977]",-1,-1
6886,[0.22258191 0.3033731 ],36,21,"[0.24089021291760518, 0.30160856093346966]",104,-1
6887,[0.6031858  0.80737276],53,45,"[0.6014090517878816, 0.8253297621455221]",102,-1
6888,[0.28856638 0.49168911],78,2,"[0.2982944979771574, 0.4928881704977565]",113,-1
6889,[0.34223846 0.18732538],1,4,"[0.3827392388806571, 0.18315480574773338]",110,45
6890,[0.13654115 0.67514092],15,72,"[0.13389630971446978, 0.6701017461857026]",58,-1
6891,[0.56591382 0.17564615],80,31,"[0.5509259779365981, 0.20365500329799469]",110,58
6892,[0.09740361 0.69754439],15,72,"[0.13389630971446978, 0.6701017461857026]",-1,-1
6893,[0.33367222 0.16590821],1,4,"[0.3827392388806571, 0.18315480574773338]",110,-1
6894,[0.287299   0.63176646],62,8,"[0.29185823944997474, 0.6822630454364129]",-1,-1
6895,[0.36707793 0.59630959],62,5,"[0.3369928142177202, 0.5813431770807651]",113,84
6896,[0.67835265 0.81495294],53,6,"[0.6704818259566957, 0.7868874266118806]",102,50
6897,[0.15609747 0.92450616],64,47,"[0.12002015978901225, 0.8781802626724163]",-1,-1
6898,[0.8688136  0.51276186],28,61,"[0.8226541227267828, 0.49698240517173836]",-1,-1
6899,[0.222023   0.42302628],34,0,"[0.24505961735590134, 0.40258348756972934]",113,81
6900,[0.26328379 0.44638668],34,0,"[0.24505961735590134, 0.40258348756972934]",113,81
6901,[0.32542677 0.20450213],2,29,"[0.29724643836137565, 0.21152192866347855]",110,-1
6902,[0.25969362 0.26875498],83,21,"[0.24089021291760518, 0.30160856093346966]",104,-1
6903,[0.31899225 0.26529583],1,44,"[0.34401211644161456, 0.2727474001163449]",76,17
6904,[0.23254103 0.35413906],55,0,"[0.24505961735590134, 0.40258348756972934]",113,-1
6905,[0.35644989 0.50672421],5,67,"[0.39991637370105465, 0.5429488636659977]",-1,-1
6906,[0.25764455 0.45908512],99,3,"[0.22590404659055946, 0.4809143921482596]",113,81
6907,[0.1527088 0.1851984],68,7,"[0.16040334011861732, 0.1583747599262833]",104,42
6908,[0.64749893 0.46130197],35,66,"[0.6892424870002536, 0.4809362987183399]",-1,-1
6909,[0.31362668 0.26188674],17,44,"[0.34401211644161456, 0.2727474001163449]",76,-1
6910,[0.26075332 0.179557  ],68,54,"[0.23065754032548644, 0.16311462163198792]",-1,-1
6911,[0.36118148 0.31138452],48,44,"[0.34401211644161456, 0.2727474001163449]",-1,-1
6912,[0.81574379 0.33749847],30,39,"[0.7929729113380171, 0.306282578754693]",-1,-1
6913,[0.51129027 0.32023691],63,17,"[0.5266584783397147, 0.2925234389366824]",-1,-1
6914,[0.58620717 0.27836846],22,58,"[0.5903496421521437, 0.26872112132208276]",-1,-1
6915,[0.50887518 0.13976939],29,69,"[0.5153460121236064, 0.11707314703881673]",110,63
6916,[0.12173977 0.90382754],21,47,"[0.12002015978901225, 0.8781802626724163]",-1,-1
6917,[0.3265868  0.19869827],68,29,"[0.29724643836137565, 0.21152192866347855]",110,-1
6918,[0.15187334 0.42273151],34,14,"[0.16635912736795258, 0.4532667183848064]",-1,-1
6919,[0.25275642 0.62766587],98,32,"[0.21070106237511496, 0.6599645039522288]",-1,-1
6920,[0.29963539 0.75700525],89,26,"[0.34140158523352676, 0.7415276229463709]",112,-1
6921,[0.57267846 0.66601028],81,28,"[0.572088563242004, 0.6648723747855627]",-1,-1
6922,[0.1577936  0.48562317],87,14,"[0.16635912736795258, 0.4532667183848064]",113,-1
6923,[0.22384047 0.48945032],78,3,"[0.22590404659055946, 0.4809143921482596]",113,81
6924,[0.85563069 0.28506128],37,87,"[0.8400115250570579, 0.2635503368487671]",-1,-1
6925,[0.35188464 0.67107437],98,12,"[0.3563557933558874, 0.6600167756750083]",113,-1
6926,[0.16688696 0.89161564],21,47,"[0.12002015978901225, 0.8781802626724163]",-1,-1
6927,[0.28482251 0.68124218],98,8,"[0.29185823944997474, 0.6822630454364129]",113,73
6928,[0.31639583 0.35539939],48,1,"[0.31345252476490787, 0.39568681619531276]",113,-1
6929,[0.81796867 0.64252595],27,25,"[0.8290893185566872, 0.6663325003431528]",-1,-1
6930,[0.74574968 0.14392217],49,62,"[0.7592128314241189, 0.15406303015764497]",-1,-1
6931,[0.2308332  0.29995185],68,21,"[0.24089021291760518, 0.30160856093346966]",104,-1
6932,[0.9051753  0.87811341],52,50,"[0.8669550309977382, 0.8414428333530212]",3,-1
6933,[0.34586423 0.70178347],84,26,"[0.34140158523352676, 0.7415276229463709]",113,-1
6934,[0.33954618 0.1650752 ],46,4,"[0.3827392388806571, 0.18315480574773338]",110,-1
6935,[0.32002081 0.55774151],69,5,"[0.3369928142177202, 0.5813431770807651]",113,-1
6936,[0.6372841  0.73831773],53,27,"[0.6091441642186142, 0.7391629772413223]",102,36
6937,[0.80306646 0.28831174],86,39,"[0.7929729113380171, 0.306282578754693]",36,8
6938,[0.24001479 0.41960192],99,0,"[0.24505961735590134, 0.40258348756972934]",113,81
6939,[0.38217859 0.23473617],92,4,"[0.3827392388806571, 0.18315480574773338]",110,-1
6940,[0.3512668 0.714093 ],41,26,"[0.34140158523352676, 0.7415276229463709]",113,76
6941,[0.46843521 0.78446363],88,51,"[0.47563858561263794, 0.7978986338068428]",113,-1
6942,[0.21538048 0.22481901],68,34,"[0.22317706824250913, 0.23387943431995686]",104,42
6943,[0.39368236 0.11219619],2,92,"[0.3725508188236613, 0.1071489353939289]",-1,-1
6944,[0.86767997 0.72194704],32,65,"[0.8683963995203289, 0.7186203255414056]",-1,-1
6945,[0.18222171 0.64309401],15,32,"[0.21070106237511496, 0.6599645039522288]",113,43
6946,[0.29218153 0.55023124],5,24,"[0.2575895391106446, 0.5636151717894005]",113,-1
6947,[0.2052576  0.44083884],94,14,"[0.16635912736795258, 0.4532667183848064]",113,-1
6948,[0.60062236 0.68399731],74,28,"[0.572088563242004, 0.6648723747855627]",-1,-1
6949,[0.41030052 0.37421476],70,13,"[0.3772074110661572, 0.3667665336396509]",-1,-1
6950,[0.25415222 0.25382446],68,34,"[0.22317706824250913, 0.23387943431995686]",104,-1
6951,[0.49696367 0.1961032 ],46,10,"[0.4982904339105401, 0.17462697492844612]",110,-1
6952,[0.82467829 0.59117189],27,43,"[0.8559722074695512, 0.5768738433864216]",-1,-1
6953,[0.36713729 0.44310727],70,91,"[0.38272617373285694, 0.45406707742979985]",-1,-1
6954,[0.89515242 0.71486749],56,65,"[0.8683963995203289, 0.7186203255414056]",-1,-1
6955,[0.7295697  0.26023304],38,36,"[0.718962763471204, 0.2995127644433783]",36,-1
6956,[0.781701   0.67291315],60,53,"[0.7681832820464827, 0.6327372104307392]",102,34
6957,[0.35321406 0.69150735],13,12,"[0.3563557933558874, 0.6600167756750083]",113,-1
6958,[0.39020557 0.59181687],54,18,"[0.4095647158889755, 0.6213093728466221]",113,-1
6959,[0.2819797  0.42068694],99,1,"[0.31345252476490787, 0.39568681619531276]",113,81
6960,[0.2056234  0.64553785],0,32,"[0.21070106237511496, 0.6599645039522288]",113,44
6961,[0.90394884 0.59141417],4,83,"[0.9023954923676734, 0.6253829621221342]",15,-1
6962,[0.39101721 0.4096233 ],70,13,"[0.3772074110661572, 0.3667665336396509]",113,-1
6963,[0.47647802 0.11801512],46,15,"[0.4480198330140321, 0.13770311065471516]",110,51
6964,[0.37940738 0.40098712],70,13,"[0.3772074110661572, 0.3667665336396509]",113,81
6965,[0.74565545 0.24317688],93,9,"[0.7745160189749856, 0.22813324751878863]",36,-1
6966,[0.73295999 0.84304693],31,75,"[0.7159769487757391, 0.8473248623765012]",-1,-1
6967,[0.34254005 0.39283834],65,1,"[0.31345252476490787, 0.39568681619531276]",113,81
6968,[0.5060237  0.74472844],88,88,"[0.49693056847195605, 0.6857701176055397]",0,-1
6969,[0.3746708  0.68487242],84,12,"[0.3563557933558874, 0.6600167756750083]",113,-1
6970,[0.35743175 0.53871109],73,67,"[0.39991637370105465, 0.5429488636659977]",113,-1
6971,[0.22023322 0.36816784],55,0,"[0.24505961735590134, 0.40258348756972934]",75,-1
6972,[0.13498915 0.66360928],15,72,"[0.13389630971446978, 0.6701017461857026]",58,-1
6973,[0.1421848  0.68654292],15,72,"[0.13389630971446978, 0.6701017461857026]",37,-1
6974,[0.53386262 0.39656683],76,77,"[0.5067154617511884, 0.39780872086571867]",110,54
6975,[0.22087953 0.60256917],7,70,"[0.16883511008014604, 0.6108734061004485]",-1,-1
6976,[0.72278355 0.5307814 ],11,49,"[0.7597872492020543, 0.528305606483068]",50,10
6977,[0.70118017 0.84616174],31,75,"[0.7159769487757391, 0.8473248623765012]",-1,-1
6978,[0.55802807 0.77074032],53,27,"[0.6091441642186142, 0.7391629772413223]",8,-1
6979,[0.7235665  0.18970479],57,33,"[0.712147299809196, 0.21396583181069667]",36,6
6980,[0.52728513 0.33559754],6,23,"[0.5544996285461486, 0.3649814617648961]",-1,-1
6981,[0.5600595  0.52331405],74,68,"[0.5421113451424038, 0.49916034700705]",-1,-1
6982,[0.31770074 0.157276  ],68,29,"[0.29724643836137565, 0.21152192866347855]",-1,-1
6983,[0.16642304 0.46863539],94,14,"[0.16635912736795258, 0.4532667183848064]",113,69
6984,[0.30613972 0.64821503],13,8,"[0.29185823944997474, 0.6822630454364129]",113,74
6985,[0.62349748 0.30842873],63,56,"[0.6228765219922414, 0.3379402254620158]",-1,-1
6986,[0.70382283 0.24954012],86,33,"[0.712147299809196, 0.21396583181069667]",-1,-1
6987,[0.24969729 0.21311856],1,34,"[0.22317706824250913, 0.23387943431995686]",-1,-1
6988,[0.34506431 0.15465763],92,4,"[0.3827392388806571, 0.18315480574773338]",-1,-1
6989,[0.80566795 0.46712715],39,61,"[0.8226541227267828, 0.49698240517173836]",-1,3
6990,[0.69321615 0.83839312],31,75,"[0.7159769487757391, 0.8473248623765012]",-1,-1
6991,[0.44574294 0.20370842],97,40,"[0.4428604662933861, 0.22666876085097074]",110,63
6992,[0.43440502 0.56467623],54,67,"[0.39991637370105465, 0.5429488636659977]",-1,-1
6993,[0.72357854 0.28040655],30,36,"[0.718962763471204, 0.2995127644433783]",36,-1
6994,[0.78135721 0.24872382],86,9,"[0.7745160189749856, 0.22813324751878863]",36,12
6995,[0.90898734 0.60526289],4,83,"[0.9023954923676734, 0.6253829621221342]",15,-1
6996,[0.54418989 0.14154856],18,69,"[0.5153460121236064, 0.11707314703881673]",110,-1
6997,[0.09238617 0.36656984],47,76,"[0.1271293063442913, 0.39727223545070534]",-1,-1
6998,[0.40420302 0.7242623 ],51,59,"[0.4102385111598612, 0.7308207375545044]",113,-1
6999,[0.46013156 0.74363272],88,59,"[0.4102385111598612, 0.7308207375545044]",-1,-1
7000,[0.12581554 0.54271621],87,52,"[0.10837107196086664, 0.5019908555728455]",-1,-1
7001,[0.4395584  0.20215734],2,40,"[0.4428604662933861, 0.22666876085097074]",110,63
7002,[0.41740123 0.66138216],9,18,"[0.4095647158889755, 0.6213093728466221]",-1,-1
7003,[0.25558418 0.30353672],68,21,"[0.24089021291760518, 0.30160856093346966]",104,-1
7004,[0.19457822 0.39646267],94,0,"[0.24505961735590134, 0.40258348756972934]",113,-1
7005,[0.7118188  0.19447437],57,33,"[0.712147299809196, 0.21396583181069667]",36,6
7006,[0.53641646 0.50484786],74,68,"[0.5421113451424038, 0.49916034700705]",-1,-1
7007,[0.10826103 0.83750087],21,47,"[0.12002015978901225, 0.8781802626724163]",-1,-1
7008,[0.53767685 0.36462167],33,23,"[0.5544996285461486, 0.3649814617648961]",110,-1
7009,[0.71100849 0.84021529],91,75,"[0.7159769487757391, 0.8473248623765012]",-1,-1
7010,[0.87444139 0.74267976],26,65,"[0.8683963995203289, 0.7186203255414056]",-1,-1
7011,[0.39089271 0.7218536 ],89,59,"[0.4102385111598612, 0.7308207375545044]",113,67
7012,[0.32239253 0.43860594],77,1,"[0.31345252476490787, 0.39568681619531276]",113,75
7013,[0.56430441 0.84808117],45,89,"[0.5577955894805164, 0.8749894575544954]",-1,-1
7014,[0.42409279 0.14734933],46,15,"[0.4480198330140321, 0.13770311065471516]",110,-1
7015,[0.3778731  0.60903832],51,18,"[0.4095647158889755, 0.6213093728466221]",113,84
7016,[0.56545587 0.81613389],53,45,"[0.6014090517878816, 0.8253297621455221]",-1,-1
7017,[0.31253085 0.70870316],13,8,"[0.29185823944997474, 0.6822630454364129]",113,79
7018,[0.41762517 0.25986588],17,40,"[0.4428604662933861, 0.22666876085097074]",-1,-1
7019,[0.57191042 0.56792118],12,30,"[0.5893115951066175, 0.5856347360021498]",80,30
7020,[0.80246875 0.32234661],86,39,"[0.7929729113380171, 0.306282578754693]",-1,-1
7021,[0.37716337 0.80580649],23,22,"[0.4053244070468948, 0.7892325425819533]",113,71
7022,[0.25099637 0.40501072],77,0,"[0.24505961735590134, 0.40258348756972934]",113,81
7023,[0.82198299 0.66145445],27,25,"[0.8290893185566872, 0.6663325003431528]",102,24
7024,[0.1915549  0.15933193],66,7,"[0.16040334011861732, 0.1583747599262833]",104,42
7025,[0.53188412 0.70805634],81,88,"[0.49693056847195605, 0.6857701176055397]",-1,-1
7026,[0.34716312 0.29303803],17,44,"[0.34401211644161456, 0.2727474001163449]",-1,-1
7027,[0.33760677 0.42461724],48,1,"[0.31345252476490787, 0.39568681619531276]",113,-1
7028,[0.29526903 0.38677587],77,1,"[0.31345252476490787, 0.39568681619531276]",113,-1
7029,[0.77345563 0.29042665],38,39,"[0.7929729113380171, 0.306282578754693]",36,8
7030,[0.70390353 0.72829982],60,11,"[0.7285416878591984, 0.7120527989062413]",102,52
7031,[0.34102817 0.1430783 ],2,92,"[0.3725508188236613, 0.1071489353939289]",-1,-1
7032,[0.28354598 0.37737312],55,1,"[0.31345252476490787, 0.39568681619531276]",113,81
7033,[0.34668523 0.19625238],17,4,"[0.3827392388806571, 0.18315480574773338]",110,45
7034,[0.36841495 0.84930871],24,41,"[0.4045860819360065, 0.8451095848913467]",113,-1
7035,[0.3400341  0.34037371],43,13,"[0.3772074110661572, 0.3667665336396509]",113,-1
7036,[0.83213514 0.43167921],39,85,"[0.8330047067228752, 0.39861674914336154]",12,-1
7037,[0.61025686 0.82399177],59,45,"[0.6014090517878816, 0.8253297621455221]",102,-1
7038,[0.80091604 0.13008309],57,62,"[0.7592128314241189, 0.15406303015764497]",-1,-1
7039,[0.12768265 0.21012352],95,57,"[0.11385950246950007, 0.22156166292214274]",104,42
7040,[0.37047044 0.61418009],9,18,"[0.4095647158889755, 0.6213093728466221]",113,-1
7041,[0.34860154 0.19900011],1,4,"[0.3827392388806571, 0.18315480574773338]",110,45
7042,[0.40158765 0.12809292],97,92,"[0.3725508188236613, 0.1071489353939289]",110,-1
7043,[0.40423207 0.1681618 ],46,4,"[0.3827392388806571, 0.18315480574773338]",110,-1
7044,[0.25817972 0.53294511],5,24,"[0.2575895391106446, 0.5636151717894005]",113,81
7045,[0.92362614 0.86886714],52,98,"[0.942733982760607, 0.8236412439484]",-1,-1
7046,[0.61717728 0.15651215],71,55,"[0.6160291566716146, 0.18582080836242268]",110,-1
7047,[0.83745023 0.87155212],26,95,"[0.8179696228241676, 0.8855176666788548]",67,-1
7048,[0.7931085 0.8353236],26,48,"[0.8063574629792128, 0.8028480378432847]",66,-1
7049,[0.22890971 0.46033595],99,3,"[0.22590404659055946, 0.4809143921482596]",113,81
7050,[0.21387649 0.20102127],66,20,"[0.18106142669570233, 0.20480546739290073]",104,42
7051,[0.13456658 0.49116775],42,52,"[0.10837107196086664, 0.5019908555728455]",-1,-1
7052,[0.44412954 0.76958625],89,51,"[0.47563858561263794, 0.7978986338068428]",113,-1
7053,[0.2574005  0.43058623],8,0,"[0.24505961735590134, 0.40258348756972934]",113,81
7054,[0.18656106 0.14306426],20,7,"[0.16040334011861732, 0.1583747599262833]",104,-1
7055,[0.78487031 0.15460403],38,62,"[0.7592128314241189, 0.15406303015764497]",36,-1
7056,[0.35556441 0.42754823],48,91,"[0.38272617373285694, 0.45406707742979985]",113,-1
7057,[0.87412016 0.55134981],28,43,"[0.8559722074695512, 0.5768738433864216]",-1,-1
7058,[0.39274479 0.87581578],10,41,"[0.4045860819360065, 0.8451095848913467]",-1,-1
7059,[0.74430812 0.2808108 ],57,36,"[0.718962763471204, 0.2995127644433783]",36,11
7060,[0.60191932 0.7889302 ],3,45,"[0.6014090517878816, 0.8253297621455221]",-1,-1
7061,[0.33950247 0.74527016],84,26,"[0.34140158523352676, 0.7415276229463709]",113,-1
7062,[0.58742497 0.64605758],81,28,"[0.572088563242004, 0.6648723747855627]",81,29
7063,[0.69237343 0.79233284],91,6,"[0.6704818259566957, 0.7868874266118806]",102,50
7064,[0.5924682 0.119361 ],75,37,"[0.590787313093903, 0.1287873361919935]",-1,-1
7065,[0.82535397 0.82429952],26,48,"[0.8063574629792128, 0.8028480378432847]",-1,16
7066,[0.78640132 0.52745846],28,49,"[0.7597872492020543, 0.528305606483068]",-1,10
7067,[0.43445856 0.67284154],62,18,"[0.4095647158889755, 0.6213093728466221]",-1,-1
7068,[0.43490079 0.18427483],97,40,"[0.4428604662933861, 0.22666876085097074]",110,-1
7069,[0.80281693 0.3673313 ],39,85,"[0.8330047067228752, 0.39861674914336154]",31,-1
7070,[0.31787873 0.20609224],1,29,"[0.29724643836137565, 0.21152192866347855]",110,-1
7071,[0.34521787 0.40662343],48,1,"[0.31345252476490787, 0.39568681619531276]",113,-1
7072,[0.29106188 0.36663752],77,1,"[0.31345252476490787, 0.39568681619531276]",113,81
7073,[0.70454733 0.5922937 ],11,80,"[0.6893002767673785, 0.5852948461925299]",26,-1
7074,[0.44369382 0.13988845],46,15,"[0.4480198330140321, 0.13770311065471516]",110,-1
7075,[0.34268255 0.20743371],2,29,"[0.29724643836137565, 0.21152192866347855]",110,-1
7076,[0.33380637 0.66677468],13,12,"[0.3563557933558874, 0.6600167756750083]",113,-1
7077,[0.34937706 0.68853589],84,12,"[0.3563557933558874, 0.6600167756750083]",113,-1
7078,[0.80316256 0.28854554],86,39,"[0.7929729113380171, 0.306282578754693]",36,8
7079,[0.70113619 0.782612  ],91,6,"[0.6704818259566957, 0.7868874266118806]",102,50
7080,[0.14366415 0.76561659],64,42,"[0.17164193172035744, 0.7477907034099851]",-1,-1
7081,[0.32105236 0.65151858],14,12,"[0.3563557933558874, 0.6600167756750083]",113,-1
7082,[0.50141501 0.15342728],97,10,"[0.4982904339105401, 0.17462697492844612]",110,63
7083,[0.51213231 0.13978371],18,69,"[0.5153460121236064, 0.11707314703881673]",110,63
7084,[0.81099778 0.76227109],32,48,"[0.8063574629792128, 0.8028480378432847]",102,-1
7085,[0.62816199 0.36406746],72,56,"[0.6228765219922414, 0.3379402254620158]",-1,-1
7086,[0.8929102  0.66852839],56,83,"[0.9023954923676734, 0.6253829621221342]",-1,-1
7087,[0.6987135  0.75690702],91,6,"[0.6704818259566957, 0.7868874266118806]",102,-1
7088,[0.88530413 0.69469002],56,65,"[0.8683963995203289, 0.7186203255414056]",-1,-1
7089,[0.33761519 0.62096783],54,5,"[0.3369928142177202, 0.5813431770807651]",113,84
7090,[0.83973309 0.87386711],26,95,"[0.8179696228241676, 0.8855176666788548]",67,-1
7091,[0.58390565 0.79995696],59,45,"[0.6014090517878816, 0.8253297621455221]",-1,-1
7092,[0.89577009 0.67957187],56,65,"[0.8683963995203289, 0.7186203255414056]",-1,-1
7093,[0.79787216 0.83869106],26,48,"[0.8063574629792128, 0.8028480378432847]",66,-1
7094,[0.1797204  0.25405868],67,19,"[0.1752933885253929, 0.2769931075732081]",104,42
7095,[0.17465807 0.20918404],47,20,"[0.18106142669570233, 0.20480546739290073]",104,42
7096,[0.74180076 0.70695522],50,11,"[0.7285416878591984, 0.7120527989062413]",102,55
7097,[0.30662695 0.65215326],14,8,"[0.29185823944997474, 0.6822630454364129]",113,-1
7098,[0.23196673 0.25806362],47,34,"[0.22317706824250913, 0.23387943431995686]",104,42
7099,[0.33314458 0.5374864 ],73,5,"[0.3369928142177202, 0.5813431770807651]",113,72
7100,[0.63130754 0.20586227],80,55,"[0.6160291566716146, 0.18582080836242268]",110,-1
7101,[0.3824122  0.74734599],84,59,"[0.4102385111598612, 0.7308207375545044]",113,-1
7102,[0.85512398 0.72199334],56,65,"[0.8683963995203289, 0.7186203255414056]",-1,-1
7103,[0.60210879 0.20893297],80,55,"[0.6160291566716146, 0.18582080836242268]",110,-1
7104,[0.191943   0.43081926],34,14,"[0.16635912736795258, 0.4532667183848064]",113,-1
7105,[0.38664875 0.16913476],97,4,"[0.3827392388806571, 0.18315480574773338]",110,62
7106,[0.68893639 0.37041821],44,46,"[0.6818606004752428, 0.39460805157892936]",45,-1
7107,[0.26802105 0.4354813 ],94,0,"[0.24505961735590134, 0.40258348756972934]",113,81
7108,[0.34043978 0.79165864],84,82,"[0.32758089961125464, 0.809330839306685]",-1,-1
7109,[0.76774197 0.19590875],49,9,"[0.7745160189749856, 0.22813324751878863]",36,12
7110,[0.22940905 0.11616996],66,54,"[0.23065754032548644, 0.16311462163198792]",-1,-1
7111,[0.20425774 0.18159919],67,54,"[0.23065754032548644, 0.16311462163198792]",104,42
7112,[0.25079779 0.50110614],34,3,"[0.22590404659055946, 0.4809143921482596]",113,81
7113,[0.52684538 0.07627785],29,69,"[0.5153460121236064, 0.11707314703881673]",-1,-1
7114,[0.72199445 0.7563589 ],60,16,"[0.7557129160895149, 0.7610612683801858]",102,-1
7115,[0.59861681 0.72625648],59,27,"[0.6091441642186142, 0.7391629772413223]",-1,-1
7116,[0.35544606 0.79414124],23,82,"[0.32758089961125464, 0.809330839306685]",-1,-1
7117,[0.30631059 0.72815717],84,26,"[0.34140158523352676, 0.7415276229463709]",113,-1
7118,[0.46485633 0.89494524],24,63,"[0.4663233365844979, 0.874422196988726]",93,23
7119,[0.32217429 0.16488717],2,29,"[0.29724643836137565, 0.21152192866347855]",-1,-1
7120,[0.6846863  0.43926968],35,66,"[0.6892424870002536, 0.4809362987183399]",43,4
7121,[0.2610247  0.50186055],5,2,"[0.2982944979771574, 0.4928881704977565]",113,81
7122,[0.64852481 0.08758057],75,90,"[0.6807795084802507, 0.1410405480143203]",-1,-1
7123,[0.68557215 0.42756133],35,46,"[0.6818606004752428, 0.39460805157892936]",43,4
7124,[0.09875247 0.38445813],96,76,"[0.1271293063442913, 0.39727223545070534]",-1,-1
7125,[0.18673917 0.20716529],47,20,"[0.18106142669570233, 0.20480546739290073]",104,42
7126,[0.85658782 0.89337561],52,95,"[0.8179696228241676, 0.8855176666788548]",-1,-1
7127,[0.65919876 0.41895696],35,46,"[0.6818606004752428, 0.39460805157892936]",43,4
7128,[0.61754912 0.34945945],85,56,"[0.6228765219922414, 0.3379402254620158]",110,-1
7129,[0.20507446 0.68210237],0,32,"[0.21070106237511496, 0.6599645039522288]",113,-1
7130,[0.55883817 0.54784612],74,38,"[0.5222833502418962, 0.5760861920194034]",80,30
7131,[0.09911973 0.89611842],21,47,"[0.12002015978901225, 0.8781802626724163]",7,-1
7132,[0.10622482 0.19973001],95,57,"[0.11385950246950007, 0.22156166292214274]",-1,-1
7133,[0.37698459 0.40968119],48,13,"[0.3772074110661572, 0.3667665336396509]",113,-1
7134,[0.46433586 0.16393132],61,15,"[0.4480198330140321, 0.13770311065471516]",110,63
7135,[0.72400996 0.19983949],93,33,"[0.712147299809196, 0.21396583181069667]",36,6
7136,[0.22478441 0.31832647],83,21,"[0.24089021291760518, 0.30160856093346966]",-1,-1
7137,[0.09939367 0.19442569],79,57,"[0.11385950246950007, 0.22156166292214274]",104,-1
7138,[0.39487253 0.1216708 ],2,92,"[0.3725508188236613, 0.1071489353939289]",110,-1
7139,[0.22891075 0.41605916],77,0,"[0.24505961735590134, 0.40258348756972934]",113,-1
7140,[0.20977116 0.32168254],47,21,"[0.24089021291760518, 0.30160856093346966]",104,-1
7141,[0.62646591 0.80015967],3,45,"[0.6014090517878816, 0.8253297621455221]",102,40
7142,[0.2634577  0.40721871],77,0,"[0.24505961735590134, 0.40258348756972934]",113,81
7143,[0.15216735 0.39109702],94,76,"[0.1271293063442913, 0.39727223545070534]",-1,-1
7144,[0.27257583 0.61648144],5,24,"[0.2575895391106446, 0.5636151717894005]",-1,-1
7145,[0.76925601 0.24469216],93,9,"[0.7745160189749856, 0.22813324751878863]",36,-1
7146,[0.23921628 0.37617641],94,0,"[0.24505961735590134, 0.40258348756972934]",113,-1
7147,[0.76651929 0.60464001],19,53,"[0.7681832820464827, 0.6327372104307392]",28,-1
7148,[0.75065528 0.26186217],38,9,"[0.7745160189749856, 0.22813324751878863]",36,11
7149,[0.28871653 0.5104746 ],5,2,"[0.2982944979771574, 0.4928881704977565]",-1,-1
7150,[0.07473608 0.45127799],96,52,"[0.10837107196086664, 0.5019908555728455]",10,-1
7151,[0.33513131 0.26562136],17,44,"[0.34401211644161456, 0.2727474001163449]",76,17
7152,[0.3787209  0.53213264],69,67,"[0.39991637370105465, 0.5429488636659977]",113,-1
7153,[0.33410793 0.66048847],14,12,"[0.3563557933558874, 0.6600167756750083]",113,-1
7154,[0.27317656 0.45525352],48,2,"[0.2982944979771574, 0.4928881704977565]",113,81
7155,[0.18418396 0.44273255],94,14,"[0.16635912736795258, 0.4532667183848064]",-1,-1
7156,[0.5719275  0.31605207],63,58,"[0.5903496421521437, 0.26872112132208276]",110,-1
7157,[0.36652023 0.34102852],70,13,"[0.3772074110661572, 0.3667665336396509]",111,-1
7158,[0.61210498 0.14477025],75,37,"[0.590787313093903, 0.1287873361919935]",110,-1
7159,[0.40373868 0.58874079],51,18,"[0.4095647158889755, 0.6213093728466221]",113,-1
7160,[0.4589187  0.12954001],61,15,"[0.4480198330140321, 0.13770311065471516]",110,-1
7161,[0.9022626  0.30670319],37,84,"[0.8747370333854485, 0.3299307577245935]",25,-1
7162,[0.21475498 0.50797289],7,3,"[0.22590404659055946, 0.4809143921482596]",113,81
7163,[0.79875438 0.30932313],86,39,"[0.7929729113380171, 0.306282578754693]",-1,-1
7164,[0.32296789 0.41582848],48,1,"[0.31345252476490787, 0.39568681619531276]",113,81
7165,[0.16759628 0.21484441],95,20,"[0.18106142669570233, 0.20480546739290073]",104,42
7166,[0.24150041 0.41842884],99,0,"[0.24505961735590134, 0.40258348756972934]",113,81
7167,[0.78086996 0.57258877],19,49,"[0.7597872492020543, 0.528305606483068]",-1,-1
7168,[0.81691393 0.61276858],27,53,"[0.7681832820464827, 0.6327372104307392]",99,-1
7169,[0.23831301 0.3439195 ],55,21,"[0.24089021291760518, 0.30160856093346966]",113,-1
7170,[0.32947081 0.52329944],69,2,"[0.2982944979771574, 0.4928881704977565]",113,-1
7171,[0.541528   0.68926678],81,28,"[0.572088563242004, 0.6648723747855627]",-1,-1
7172,[0.54315514 0.23985489],22,31,"[0.5509259779365981, 0.20365500329799469]",-1,-1
7173,[0.82545367 0.28390361],86,87,"[0.8400115250570579, 0.2635503368487671]",36,-1
7174,[0.38560937 0.48841661],69,91,"[0.38272617373285694, 0.45406707742979985]",-1,-1
7175,[0.17411767 0.59269681],25,70,"[0.16883511008014604, 0.6108734061004485]",-1,-1
7176,[0.10457176 0.4666861 ],87,52,"[0.10837107196086664, 0.5019908555728455]",100,-1
7177,[0.88639614 0.63095308],56,83,"[0.9023954923676734, 0.6253829621221342]",90,-1
7178,[0.89685339 0.81296231],26,50,"[0.8669550309977382, 0.8414428333530212]",-1,-1
7179,[0.51895902 0.50077836],16,68,"[0.5421113451424038, 0.49916034700705]",-1,-1
7180,[0.62282589 0.7084844 ],40,27,"[0.6091441642186142, 0.7391629772413223]",102,36
7181,[0.25131549 0.72097469],25,81,"[0.2526303993585153, 0.7288181375759063]",113,-1
7182,[0.43157239 0.80313327],41,22,"[0.4053244070468948, 0.7892325425819533]",113,71
7183,[0.24062543 0.38565303],83,0,"[0.24505961735590134, 0.40258348756972934]",113,81
7184,[0.28987775 0.16889223],1,29,"[0.29724643836137565, 0.21152192866347855]",51,-1
7185,[0.75743668 0.5729886 ],11,49,"[0.7597872492020543, 0.528305606483068]",-1,-1
7186,[0.20313098 0.50495542],7,3,"[0.22590404659055946, 0.4809143921482596]",113,81
7187,[0.34841223 0.37209405],65,13,"[0.3772074110661572, 0.3667665336396509]",113,-1
7188,[0.34097454 0.76305582],89,26,"[0.34140158523352676, 0.7415276229463709]",113,-1
7189,[0.49295199 0.32292119],6,17,"[0.5266584783397147, 0.2925234389366824]",-1,-1
7190,[0.67548971 0.78710281],59,6,"[0.6704818259566957, 0.7868874266118806]",102,50
7191,[0.38323164 0.19222631],46,4,"[0.3827392388806571, 0.18315480574773338]",110,-1
7192,[0.50414721 0.54719935],74,38,"[0.5222833502418962, 0.5760861920194034]",80,-1
7193,[0.69815299 0.75878354],53,6,"[0.6704818259566957, 0.7868874266118806]",102,-1
7194,[0.69459476 0.36810145],44,46,"[0.6818606004752428, 0.39460805157892936]",45,5
7195,[0.39049267 0.41003976],70,91,"[0.38272617373285694, 0.45406707742979985]",113,-1
7196,[0.37471586 0.4337753 ],70,91,"[0.38272617373285694, 0.45406707742979985]",-1,-1
7197,[0.70961427 0.8225738 ],50,75,"[0.7159769487757391, 0.8473248623765012]",-1,-1
7198,[0.53242307 0.1897255 ],22,31,"[0.5509259779365981, 0.20365500329799469]",110,-1
7199,[0.22714304 0.23514125],67,34,"[0.22317706824250913, 0.23387943431995686]",104,42
7200,[0.28767786 0.56600506],73,24,"[0.2575895391106446, 0.5636151717894005]",113,-1
7201,[0.15365095 0.16624858],79,7,"[0.16040334011861732, 0.1583747599262833]",104,42
7202,[0.23923828 0.46009855],99,3,"[0.22590404659055946, 0.4809143921482596]",113,81
7203,[0.83170125 0.74248316],56,65,"[0.8683963995203289, 0.7186203255414056]",-1,-1
7204,[0.25220522 0.64707292],0,32,"[0.21070106237511496, 0.6599645039522288]",-1,-1
7205,[0.25795039 0.15839939],68,54,"[0.23065754032548644, 0.16311462163198792]",-1,-1
7206,[0.46309707 0.85075242],88,63,"[0.4663233365844979, 0.874422196988726]",93,23
7207,[0.31040308 0.61757528],9,5,"[0.3369928142177202, 0.5813431770807651]",113,-1
7208,[0.57069169 0.68334032],40,28,"[0.572088563242004, 0.6648723747855627]",69,26
7209,[0.21276583 0.23067486],20,34,"[0.22317706824250913, 0.23387943431995686]",104,42
7210,[0.18934486 0.51074947],42,35,"[0.18006516204956544, 0.5309482406934538]",113,81
7211,[0.25055202 0.27660539],68,21,"[0.24089021291760518, 0.30160856093346966]",-1,-1
7212,[0.12483461 0.40305183],96,76,"[0.1271293063442913, 0.39727223545070534]",-1,-1
7213,[0.37046748 0.5948003 ],13,5,"[0.3369928142177202, 0.5813431770807651]",113,84
7214,[0.79715408 0.48859402],28,61,"[0.8226541227267828, 0.49698240517173836]",-1,3
7215,[0.56761194 0.18086305],75,31,"[0.5509259779365981, 0.20365500329799469]",110,-1
7216,[0.30187827 0.49833842],73,2,"[0.2982944979771574, 0.4928881704977565]",113,-1
7217,[0.81764941 0.78969659],32,48,"[0.8063574629792128, 0.8028480378432847]",86,32
7218,[0.85060288 0.9604172 ],52,-1,-1,-1,-1
7219,[0.2506634  0.56496854],5,24,"[0.2575895391106446, 0.5636151717894005]",-1,-1
7220,[0.74821292 0.59455664],11,53,"[0.7681832820464827, 0.6327372104307392]",-1,-1
7221,[0.66607835 0.79478027],91,6,"[0.6704818259566957, 0.7868874266118806]",102,-1
7222,[0.23898919 0.41194815],78,0,"[0.24505961735590134, 0.40258348756972934]",113,-1
7223,[0.17602398 0.14022122],79,7,"[0.16040334011861732, 0.1583747599262833]",104,42
7224,[0.59911007 0.7185604 ],3,27,"[0.6091441642186142, 0.7391629772413223]",-1,-1
7225,[0.17361837 0.13528623],95,7,"[0.16040334011861732, 0.1583747599262833]",104,42
7226,[0.39517608 0.32670307],65,13,"[0.3772074110661572, 0.3667665336396509]",57,-1
7227,[0.40636747 0.8297752 ],10,41,"[0.4045860819360065, 0.8451095848913467]",113,-1
7228,[0.25869222 0.29413152],83,21,"[0.24089021291760518, 0.30160856093346966]",-1,-1
7229,[0.89982838 0.36873669],39,96,"[0.9242498114026001, 0.35811950872924947]",-1,-1
7230,[0.30239008 0.48335565],55,2,"[0.2982944979771574, 0.4928881704977565]",113,-1
7231,[0.26924184 0.21846872],1,29,"[0.29724643836137565, 0.21152192866347855]",104,41
7232,[0.35898498 0.77764739],89,26,"[0.34140158523352676, 0.7415276229463709]",113,-1
7233,[0.70725884 0.54221312],11,80,"[0.6893002767673785, 0.5852948461925299]",50,10
7234,[0.71878611 0.76068867],91,16,"[0.7557129160895149, 0.7610612683801858]",102,56
7235,[0.25080691 0.42912622],34,0,"[0.24505961735590134, 0.40258348756972934]",113,81
7236,[0.21447175 0.29883033],36,21,"[0.24089021291760518, 0.30160856093346966]",104,42
7237,[0.43525167 0.86878741],10,63,"[0.4663233365844979, 0.874422196988726]",93,23
7238,[0.4011531 0.8393362],10,41,"[0.4045860819360065, 0.8451095848913467]",113,-1
7239,[0.31660226 0.69043126],13,8,"[0.29185823944997474, 0.6822630454364129]",113,79
7240,[0.12737945 0.63940332],15,72,"[0.13389630971446978, 0.6701017461857026]",-1,-1
7241,[0.77204696 0.21339212],57,9,"[0.7745160189749856, 0.22813324751878863]",36,12
7242,[0.18871825 0.23209689],67,20,"[0.18106142669570233, 0.20480546739290073]",104,42
7243,[0.73187637 0.69716514],19,11,"[0.7285416878591984, 0.7120527989062413]",102,-1
7244,[0.72317161 0.23046434],57,33,"[0.712147299809196, 0.21396583181069667]",36,-1
7245,[0.3768606  0.40591951],65,13,"[0.3772074110661572, 0.3667665336396509]",113,81
7246,[0.2448442  0.51464517],8,3,"[0.22590404659055946, 0.4809143921482596]",-1,-1
7247,[0.23504451 0.45136267],94,3,"[0.22590404659055946, 0.4809143921482596]",113,81
7248,[0.2237739  0.23144382],36,34,"[0.22317706824250913, 0.23387943431995686]",104,42
7249,[0.09687679 0.91123665],21,47,"[0.12002015978901225, 0.8781802626724163]",7,-1
7250,[0.27897402 0.39708322],55,0,"[0.24505961735590134, 0.40258348756972934]",113,81
7251,[0.32656973 0.55924461],8,5,"[0.3369928142177202, 0.5813431770807651]",113,-1
7252,[0.3527814  0.87655259],41,41,"[0.4045860819360065, 0.8451095848913467]",-1,-1
7253,[0.82099227 0.79091179],26,48,"[0.8063574629792128, 0.8028480378432847]",86,32
7254,[0.15229586 0.17200956],20,7,"[0.16040334011861732, 0.1583747599262833]",104,42
7255,[0.59112186 0.58975457],12,30,"[0.5893115951066175, 0.5856347360021498]",77,28
7256,[0.19770552 0.38076268],96,0,"[0.24505961735590134, 0.40258348756972934]",-1,-1
7257,[0.40350014 0.75012982],89,59,"[0.4102385111598612, 0.7308207375545044]",113,-1
7258,[0.55711779 0.33697407],76,23,"[0.5544996285461486, 0.3649814617648961]",110,53
7259,[0.14162698 0.21726394],47,57,"[0.11385950246950007, 0.22156166292214274]",104,42
7260,[0.62889225 0.28505143],44,58,"[0.5903496421521437, 0.26872112132208276]",64,-1
7261,[0.15892782 0.13007682],90,7,"[0.16040334011861732, 0.1583747599262833]",104,-1
7262,[0.1846617  0.20024874],66,20,"[0.18106142669570233, 0.20480546739290073]",104,42
7263,[0.84937756 0.53331658],28,43,"[0.8559722074695512, 0.5768738433864216]",73,-1
7264,[0.15448135 0.52288507],7,35,"[0.18006516204956544, 0.5309482406934538]",113,-1
7265,[0.227512   0.45478345],55,3,"[0.22590404659055946, 0.4809143921482596]",113,81
7266,[0.78145532 0.26077576],38,9,"[0.7745160189749856, 0.22813324751878863]",36,-1
7267,[0.31813183 0.506892  ],73,2,"[0.2982944979771574, 0.4928881704977565]",113,-1
7268,[0.58246867 0.29490748],63,58,"[0.5903496421521437, 0.26872112132208276]",110,-1
7269,[0.86312288 0.57990987],4,43,"[0.8559722074695512, 0.5768738433864216]",-1,-1
7270,[0.27005391 0.39821176],77,0,"[0.24505961735590134, 0.40258348756972934]",113,81
7271,[0.80776142 0.19366541],38,93,"[0.8175047550160816, 0.1805576480903363]",36,-1
7272,[0.31519123 0.37202087],65,1,"[0.31345252476490787, 0.39568681619531276]",113,81
7273,[0.94659495 0.61045772],4,83,"[0.9023954923676734, 0.6253829621221342]",-1,-1
7274,[0.29694903 0.42566686],77,1,"[0.31345252476490787, 0.39568681619531276]",113,-1
7275,[0.57819892 0.41779939],33,64,"[0.5873954455556146, 0.4184822956881117]",-1,-1
7276,[0.65443015 0.7238826 ],3,27,"[0.6091441642186142, 0.7391629772413223]",-1,-1
7277,[0.54636048 0.36176488],33,23,"[0.5544996285461486, 0.3649814617648961]",110,53
7278,[0.18482958 0.17394561],36,7,"[0.16040334011861732, 0.1583747599262833]",104,42
7279,[0.75147469 0.40108731],35,79,"[0.7440923457598303, 0.4172681159825393]",-1,-1
7280,[0.58005239 0.73833931],3,27,"[0.6091441642186142, 0.7391629772413223]",96,-1
7281,[0.73341441 0.30556781],85,36,"[0.718962763471204, 0.2995127644433783]",36,-1
7282,[0.68802958 0.69015848],59,11,"[0.7285416878591984, 0.7120527989062413]",-1,-1
7283,[0.25866588 0.54329691],78,24,"[0.2575895391106446, 0.5636151717894005]",113,-1
7284,[0.63797949 0.78210677],59,6,"[0.6704818259566957, 0.7868874266118806]",102,-1
7285,[0.1670127  0.16618011],79,7,"[0.16040334011861732, 0.1583747599262833]",104,42
7286,[0.60336618 0.6737302 ],3,28,"[0.572088563242004, 0.6648723747855627]",101,-1
7287,[0.23077163 0.38942032],43,0,"[0.24505961735590134, 0.40258348756972934]",113,-1
7288,[0.27481131 0.68959636],14,8,"[0.29185823944997474, 0.6822630454364129]",113,73
7289,[0.26743066 0.52701411],73,24,"[0.2575895391106446, 0.5636151717894005]",113,81
7290,[0.89521008 0.65481051],56,83,"[0.9023954923676734, 0.6253829621221342]",90,-1
7291,[0.2633764 0.6153968],98,24,"[0.2575895391106446, 0.5636151717894005]",-1,-1
7292,[0.16911025 0.34571884],47,76,"[0.1271293063442913, 0.39727223545070534]",-1,-1
7293,[0.40838067 0.21042294],2,4,"[0.3827392388806571, 0.18315480574773338]",110,63
7294,[0.40650462 0.77951577],89,22,"[0.4053244070468948, 0.7892325425819533]",113,71
7295,[0.74214271 0.23152795],93,9,"[0.7745160189749856, 0.22813324751878863]",36,-1
7296,[0.36965027 0.74194371],84,26,"[0.34140158523352676, 0.7415276229463709]",113,-1
7297,[0.59445606 0.30961155],72,56,"[0.6228765219922414, 0.3379402254620158]",110,-1
7298,[0.65724578 0.49517799],35,66,"[0.6892424870002536, 0.4809362987183399]",-1,-1
7299,[0.43015654 0.16414297],46,15,"[0.4480198330140321, 0.13770311065471516]",110,63
7300,[0.15805029 0.16403991],20,7,"[0.16040334011861732, 0.1583747599262833]",104,42
7301,[0.30040344 0.45030364],94,2,"[0.2982944979771574, 0.4928881704977565]",113,-1
7302,[0.19671843 0.61765391],15,70,"[0.16883511008014604, 0.6108734061004485]",113,-1
7303,[0.54624317 0.33009593],33,23,"[0.5544996285461486, 0.3649814617648961]",110,53
7304,[0.31421431 0.29615632],43,44,"[0.34401211644161456, 0.2727474001163449]",-1,-1
7305,[0.75750711 0.69571055],50,11,"[0.7285416878591984, 0.7120527989062413]",102,-1
7306,[0.54868017 0.0884388 ],71,69,"[0.5153460121236064, 0.11707314703881673]",-1,-1
7307,[0.36775591 0.60094295],54,5,"[0.3369928142177202, 0.5813431770807651]",113,84
7308,[0.19468017 0.18648995],66,20,"[0.18106142669570233, 0.20480546739290073]",104,42
7309,[0.11174844 0.88407166],21,47,"[0.12002015978901225, 0.8781802626724163]",22,-1
7310,[0.39487178 0.55975814],54,67,"[0.39991637370105465, 0.5429488636659977]",-1,-1
7311,[0.24327064 0.4909243 ],78,3,"[0.22590404659055946, 0.4809143921482596]",113,81
7312,[0.49211027 0.55989338],12,38,"[0.5222833502418962, 0.5760861920194034]",-1,-1
7313,[0.18048324 0.10270099],66,73,"[0.15159497202623598, 0.099534542862727]",-1,-1
7314,[0.80624294 0.80836804],26,48,"[0.8063574629792128, 0.8028480378432847]",-1,-1
7315,[0.82101603 0.47578189],82,61,"[0.8226541227267828, 0.49698240517173836]",-1,-1
7316,[0.11519773 0.8615713 ],64,47,"[0.12002015978901225, 0.8781802626724163]",-1,7
7317,[0.877589   0.51544256],28,61,"[0.8226541227267828, 0.49698240517173836]",-1,-1
7318,[0.14591411 0.49326891],7,52,"[0.10837107196086664, 0.5019908555728455]",113,66
7319,[0.28765322 0.54148279],5,24,"[0.2575895391106446, 0.5636151717894005]",113,78
7320,[0.2034962  0.81198561],64,78,"[0.17639698191982223, 0.8335029307302414]",-1,-1
7321,[0.51835501 0.30313538],6,17,"[0.5266584783397147, 0.2925234389366824]",110,-1
7322,[0.31670834 0.48538782],73,2,"[0.2982944979771574, 0.4928881704977565]",113,82
7323,[0.27169822 0.41192737],55,0,"[0.24505961735590134, 0.40258348756972934]",113,81
7324,[0.30709713 0.56545818],8,5,"[0.3369928142177202, 0.5813431770807651]",113,-1
7325,[0.28111506 0.46448873],78,2,"[0.2982944979771574, 0.4928881704977565]",113,-1
7326,[0.62154929 0.80855494],45,45,"[0.6014090517878816, 0.8253297621455221]",102,-1
7327,[0.63606167 0.22671902],22,55,"[0.6160291566716146, 0.18582080836242268]",-1,-1
7328,[0.52950072 0.24706722],22,17,"[0.5266584783397147, 0.2925234389366824]",110,-1
7329,[0.14891833 0.11298833],66,73,"[0.15159497202623598, 0.099534542862727]",104,-1
7330,[0.81140613 0.81125351],26,48,"[0.8063574629792128, 0.8028480378432847]",-1,-1
7331,[0.25822312 0.37845087],77,0,"[0.24505961735590134, 0.40258348756972934]",113,-1
7332,[0.89458198 0.72135483],56,65,"[0.8683963995203289, 0.7186203255414056]",23,-1
7333,[0.1758551  0.64790406],98,32,"[0.21070106237511496, 0.6599645039522288]",113,43
7334,[0.58038175 0.61438437],74,30,"[0.5893115951066175, 0.5856347360021498]",81,-1
7335,[0.71958725 0.76474059],91,16,"[0.7557129160895149, 0.7610612683801858]",102,56
7336,[0.58618538 0.89755524],45,89,"[0.5577955894805164, 0.8749894575544954]",-1,-1
7337,[0.3822685  0.36139672],65,13,"[0.3772074110661572, 0.3667665336396509]",113,-1
7338,[0.69835502 0.65990135],40,60,"[0.6482027966760067, 0.6653053686977741]",-1,-1
7339,[0.19643778 0.23952806],36,34,"[0.22317706824250913, 0.23387943431995686]",104,42
7340,[0.79362959 0.66350424],19,25,"[0.8290893185566872, 0.6663325003431528]",-1,-1
7341,[0.59233413 0.86779813],45,89,"[0.5577955894805164, 0.8749894575544954]",-1,-1
7342,[0.21410839 0.19137956],67,54,"[0.23065754032548644, 0.16311462163198792]",104,42
7343,[0.22430963 0.59662179],5,24,"[0.2575895391106446, 0.5636151717894005]",-1,-1
7344,[0.58411497 0.66136498],40,28,"[0.572088563242004, 0.6648723747855627]",-1,26
7345,[0.66785107 0.75174539],60,6,"[0.6704818259566957, 0.7868874266118806]",102,-1
7346,[0.12932899 0.21553223],47,57,"[0.11385950246950007, 0.22156166292214274]",104,42
7347,[0.64156224 0.84120608],31,45,"[0.6014090517878816, 0.8253297621455221]",102,-1
7348,[0.20161016 0.25047812],47,34,"[0.22317706824250913, 0.23387943431995686]",104,42
7349,[0.17979098 0.32022588],83,19,"[0.1752933885253929, 0.2769931075732081]",-1,-1
7350,[0.87909131 0.39337156],39,85,"[0.8330047067228752, 0.39861674914336154]",-1,-1
7351,[0.37939114 0.72869791],13,59,"[0.4102385111598612, 0.7308207375545044]",-1,-1
7352,[0.86882192 0.67413889],56,25,"[0.8290893185566872, 0.6663325003431528]",98,-1
7353,[0.49988523 0.31877909],63,17,"[0.5266584783397147, 0.2925234389366824]",-1,-1
7354,[0.72431472 0.22414376],38,33,"[0.712147299809196, 0.21396583181069667]",36,-1
7355,[0.17684441 0.48476768],94,14,"[0.16635912736795258, 0.4532667183848064]",113,81
7356,[0.30069568 0.36758745],77,1,"[0.31345252476490787, 0.39568681619531276]",113,81
7357,[0.86743747 0.55309218],4,43,"[0.8559722074695512, 0.5768738433864216]",-1,-1
7358,[0.30833655 0.28100928],1,44,"[0.34401211644161456, 0.2727474001163449]",-1,-1
7359,[0.6777222  0.44801684],44,66,"[0.6892424870002536, 0.4809362987183399]",43,4
7360,[0.85060255 0.75258606],32,65,"[0.8683963995203289, 0.7186203255414056]",-1,-1
7361,[0.6379547  0.81081349],45,45,"[0.6014090517878816, 0.8253297621455221]",102,40
7362,[0.24874527 0.36130383],55,0,"[0.24505961735590134, 0.40258348756972934]",113,81
7363,[0.19555704 0.32055701],83,19,"[0.1752933885253929, 0.2769931075732081]",104,-1
7364,[0.61106658 0.57217364],12,30,"[0.5893115951066175, 0.5856347360021498]",77,-1
7365,[0.41818631 0.21525275],61,40,"[0.4428604662933861, 0.22666876085097074]",110,-1
7366,[0.6249595  0.18773193],80,55,"[0.6160291566716146, 0.18582080836242268]",110,37
7367,[0.78805445 0.73981864],60,16,"[0.7557129160895149, 0.7610612683801858]",102,-1
7368,[0.37915431 0.75251118],23,59,"[0.4102385111598612, 0.7308207375545044]",113,-1
7369,[0.25302283 0.12293289],66,54,"[0.23065754032548644, 0.16311462163198792]",-1,-1
7370,[0.37541571 0.5707144 ],54,67,"[0.39991637370105465, 0.5429488636659977]",113,-1
7371,[0.16248209 0.15814468],79,7,"[0.16040334011861732, 0.1583747599262833]",104,42
7372,[0.10766687 0.74370301],58,71,"[0.10117111935954111, 0.7754028082579668]",-1,-1
7373,[0.30682218 0.5157685 ],73,2,"[0.2982944979771574, 0.4928881704977565]",113,-1
7374,[0.76229386 0.53465589],82,49,"[0.7597872492020543, 0.528305606483068]",-1,10
7375,[0.38721654 0.58112586],54,67,"[0.39991637370105465, 0.5429488636659977]",113,-1
7376,[0.22008645 0.46876553],8,3,"[0.22590404659055946, 0.4809143921482596]",113,81
7377,[0.83714457 0.62302137],27,25,"[0.8290893185566872, 0.6663325003431528]",99,22
7378,[0.70630526 0.74603167],50,11,"[0.7285416878591984, 0.7120527989062413]",102,-1
7379,[0.35008962 0.33027727],70,13,"[0.3772074110661572, 0.3667665336396509]",-1,-1
7380,[0.32854106 0.73373191],84,26,"[0.34140158523352676, 0.7415276229463709]",113,-1
7381,[0.3289182  0.36971434],43,1,"[0.31345252476490787, 0.39568681619531276]",113,-1
7382,[0.20738968 0.5714381 ],7,35,"[0.18006516204956544, 0.5309482406934538]",-1,-1
7383,[0.21757933 0.44360593],34,3,"[0.22590404659055946, 0.4809143921482596]",113,81
7384,[0.22152551 0.45144012],7,3,"[0.22590404659055946, 0.4809143921482596]",113,81
7385,[0.26734881 0.46987637],78,2,"[0.2982944979771574, 0.4928881704977565]",113,81
7386,[0.50683757 0.21045884],22,10,"[0.4982904339105401, 0.17462697492844612]",110,-1
7387,[0.69109051 0.27691834],85,36,"[0.718962763471204, 0.2995127644433783]",-1,-1
7388,[0.85436626 0.69682539],56,65,"[0.8683963995203289, 0.7186203255414056]",98,24
7389,[0.27479641 0.57262456],69,24,"[0.2575895391106446, 0.5636151717894005]",113,-1
7390,[0.1857493  0.42676641],94,14,"[0.16635912736795258, 0.4532667183848064]",113,-1
7391,[0.58743012 0.12927584],71,37,"[0.590787313093903, 0.1287873361919935]",110,-1
7392,[0.52647036 0.24860183],6,17,"[0.5266584783397147, 0.2925234389366824]",-1,-1
7393,[0.33304657 0.441208  ],48,1,"[0.31345252476490787, 0.39568681619531276]",-1,-1
7394,[0.42995265 0.82155846],88,41,"[0.4045860819360065, 0.8451095848913467]",113,-1
7395,[0.50244725 0.69565748],81,88,"[0.49693056847195605, 0.6857701176055397]",-1,-1
7396,[0.44180176 0.60870671],62,18,"[0.4095647158889755, 0.6213093728466221]",113,-1
7397,[0.35220439 0.20614844],2,4,"[0.3827392388806571, 0.18315480574773338]",110,45
7398,[0.43807824 0.81926921],88,41,"[0.4045860819360065, 0.8451095848913467]",113,71
7399,[0.13978883 0.87225893],21,47,"[0.12002015978901225, 0.8781802626724163]",22,7
7400,[0.76824396 0.81832193],26,48,"[0.8063574629792128, 0.8028480378432847]",-1,-1
7401,[0.57812583 0.24881942],22,58,"[0.5903496421521437, 0.26872112132208276]",110,-1
7402,[0.17558898 0.25032843],90,19,"[0.1752933885253929, 0.2769931075732081]",104,42
7403,[0.63497496 0.79769685],59,6,"[0.6704818259566957, 0.7868874266118806]",102,40
7404,[0.28479049 0.25328273],17,29,"[0.29724643836137565, 0.21152192866347855]",104,33
7405,[0.34500968 0.29182888],65,44,"[0.34401211644161456, 0.2727474001163449]",-1,-1
7406,[0.57436593 0.18047375],75,31,"[0.5509259779365981, 0.20365500329799469]",110,58
7407,[0.54538291 0.10113302],71,69,"[0.5153460121236064, 0.11707314703881673]",-1,-1
7408,[0.05907473 0.44679541],96,-1,-1,-1,-1
7409,[0.31914803 0.17488945],2,29,"[0.29724643836137565, 0.21152192866347855]",-1,-1
7410,[0.62064856 0.20363386],22,55,"[0.6160291566716146, 0.18582080836242268]",110,37
7411,[0.39771137 0.19789696],92,4,"[0.3827392388806571, 0.18315480574773338]",110,63
7412,[0.27277753 0.21332437],68,29,"[0.29724643836137565, 0.21152192866347855]",104,-1
7413,[0.78316965 0.16419103],93,62,"[0.7592128314241189, 0.15406303015764497]",36,-1
7414,[0.55290758 0.8229371 ],24,45,"[0.6014090517878816, 0.8253297621455221]",-1,-1
7415,[0.69117918 0.12875489],49,90,"[0.6807795084802507, 0.1410405480143203]",-1,-1
7416,[0.56296368 0.13811863],18,37,"[0.590787313093903, 0.1287873361919935]",110,59
7417,[0.14714393 0.58083872],87,70,"[0.16883511008014604, 0.6108734061004485]",-1,-1
7418,[0.77390434 0.73469427],91,16,"[0.7557129160895149, 0.7610612683801858]",-1,-1
7419,[0.66721861 0.37012267],44,46,"[0.6818606004752428, 0.39460805157892936]",46,-1
7420,[0.11431883 0.20606851],95,57,"[0.11385950246950007, 0.22156166292214274]",104,42
7421,[0.46552606 0.19743097],61,40,"[0.4428604662933861, 0.22666876085097074]",110,63
7422,[0.40503966 0.39833907],65,13,"[0.3772074110661572, 0.3667665336396509]",-1,-1
7423,[0.55318911 0.19556357],75,31,"[0.5509259779365981, 0.20365500329799469]",110,61
7424,[0.66937919 0.4327119 ],44,46,"[0.6818606004752428, 0.39460805157892936]",43,4
7425,[0.08776297 0.90953067],21,47,"[0.12002015978901225, 0.8781802626724163]",-1,-1
7426,[0.55558468 0.40467026],33,64,"[0.5873954455556146, 0.4184822956881117]",110,53
7427,[0.39338764 0.88155357],24,41,"[0.4045860819360065, 0.8451095848913467]",-1,-1
7428,[0.46998688 0.15421541],18,15,"[0.4480198330140321, 0.13770311065471516]",110,63
7429,[0.42317524 0.86551028],10,41,"[0.4045860819360065, 0.8451095848913467]",93,-1
7430,[0.32184845 0.775216  ],98,82,"[0.32758089961125464, 0.809330839306685]",-1,-1
7431,[0.47924902 0.80666778],88,51,"[0.47563858561263794, 0.7978986338068428]",113,-1
7432,[0.7077673 0.3642097],85,46,"[0.6818606004752428, 0.39460805157892936]",-1,5
7433,[0.56151477 0.74104933],81,27,"[0.6091441642186142, 0.7391629772413223]",8,-1
7434,[0.58870357 0.33391225],63,56,"[0.6228765219922414, 0.3379402254620158]",110,-1
7435,[0.70255136 0.87212265],31,75,"[0.7159769487757391, 0.8473248623765012]",-1,-1
7436,[0.15679902 0.5024964 ],42,35,"[0.18006516204956544, 0.5309482406934538]",113,66
7437,[0.81634406 0.31017469],37,39,"[0.7929729113380171, 0.306282578754693]",36,8
7438,[0.79221382 0.18763779],49,93,"[0.8175047550160816, 0.1805576480903363]",36,-1
7439,[0.53306323 0.29985404],6,17,"[0.5266584783397147, 0.2925234389366824]",110,-1
7440,[0.52390173 0.10640048],75,69,"[0.5153460121236064, 0.11707314703881673]",89,-1
7441,[0.22289476 0.18426503],79,54,"[0.23065754032548644, 0.16311462163198792]",-1,-1
7442,[0.41299391 0.17924043],29,4,"[0.3827392388806571, 0.18315480574773338]",110,63
7443,[0.24171327 0.46936058],8,3,"[0.22590404659055946, 0.4809143921482596]",113,81
7444,[0.75732623 0.74319317],32,16,"[0.7557129160895149, 0.7610612683801858]",102,57
7445,[0.56696216 0.37178434],76,23,"[0.5544996285461486, 0.3649814617648961]",110,53
7446,[0.41698526 0.84326973],41,41,"[0.4045860819360065, 0.8451095848913467]",113,-1
7447,[0.24440648 0.4010963 ],77,0,"[0.24505961735590134, 0.40258348756972934]",113,-1
7448,[0.18125143 0.42703178],94,14,"[0.16635912736795258, 0.4532667183848064]",113,-1
7449,[0.54485632 0.22875582],6,31,"[0.5509259779365981, 0.20365500329799469]",-1,-1
7450,[0.25551226 0.3534772 ],55,0,"[0.24505961735590134, 0.40258348756972934]",-1,-1
7451,[0.28176509 0.53852679],99,24,"[0.2575895391106446, 0.5636151717894005]",113,78
7452,[0.43324333 0.83515807],10,41,"[0.4045860819360065, 0.8451095848913467]",113,-1
7453,[0.47378373 0.16904014],2,10,"[0.4982904339105401, 0.17462697492844612]",110,63
7454,[0.50156408 0.13801555],18,69,"[0.5153460121236064, 0.11707314703881673]",110,63
7455,[0.1957835  0.42035752],94,14,"[0.16635912736795258, 0.4532667183848064]",-1,-1
7456,[0.42130223 0.60554439],9,18,"[0.4095647158889755, 0.6213093728466221]",113,-1
7457,[0.64119218 0.6879118 ],40,60,"[0.6482027966760067, 0.6653053686977741]",102,-1
7458,[0.18016494 0.32379151],83,19,"[0.1752933885253929, 0.2769931075732081]",-1,-1
7459,[0.54063941 0.83687399],45,89,"[0.5577955894805164, 0.8749894575544954]",-1,-1
7460,[0.72860956 0.52378705],82,49,"[0.7597872492020543, 0.528305606483068]",50,10
7461,[0.62820851 0.1803734 ],80,55,"[0.6160291566716146, 0.18582080836242268]",110,-1
7462,[0.27699989 0.54046063],78,24,"[0.2575895391106446, 0.5636151717894005]",113,-1
7463,[0.35136667 0.77796998],84,26,"[0.34140158523352676, 0.7415276229463709]",-1,-1
7464,[0.62131229 0.83793851],45,45,"[0.6014090517878816, 0.8253297621455221]",102,39
7465,[0.32695734 0.33321002],55,13,"[0.3772074110661572, 0.3667665336396509]",113,-1
7466,[0.22857057 0.76348657],64,81,"[0.2526303993585153, 0.7288181375759063]",-1,-1
7467,[0.84625264 0.77445123],56,48,"[0.8063574629792128, 0.8028480378432847]",-1,-1
7468,[0.88518303 0.68757912],27,65,"[0.8683963995203289, 0.7186203255414056]",-1,-1
7469,[0.80131114 0.2175867 ],49,9,"[0.7745160189749856, 0.22813324751878863]",36,12
7470,[0.46308284 0.52024216],16,67,"[0.39991637370105465, 0.5429488636659977]",-1,-1
7471,[0.59213467 0.75493597],53,27,"[0.6091441642186142, 0.7391629772413223]",-1,-1
7472,[0.4526121  0.86162198],10,63,"[0.4663233365844979, 0.874422196988726]",93,23
7473,[0.27054562 0.52461864],73,24,"[0.2575895391106446, 0.5636151717894005]",113,81
7474,[0.62758771 0.76130917],53,27,"[0.6091441642186142, 0.7391629772413223]",102,-1
7475,[0.69016928 0.79044193],91,6,"[0.6704818259566957, 0.7868874266118806]",102,50
7476,[0.38656497 0.21303343],97,4,"[0.3827392388806571, 0.18315480574773338]",110,63
7477,[0.69768567 0.75119288],91,6,"[0.6704818259566957, 0.7868874266118806]",102,-1
7478,[0.19224528 0.50917775],5,35,"[0.18006516204956544, 0.5309482406934538]",113,81
7479,[0.3967385  0.42795473],70,91,"[0.38272617373285694, 0.45406707742979985]",-1,-1
7480,[0.56550855 0.41904454],33,64,"[0.5873954455556146, 0.4184822956881117]",105,-1
7481,[0.21986052 0.2088525 ],68,34,"[0.22317706824250913, 0.23387943431995686]",104,42
7482,[0.51599157 0.11363758],18,69,"[0.5153460121236064, 0.11707314703881673]",-1,-1
7483,[0.27088467 0.49192102],99,2,"[0.2982944979771574, 0.4928881704977565]",113,81
7484,[0.34048154 0.18597784],1,4,"[0.3827392388806571, 0.18315480574773338]",110,45
7485,[0.36347952 0.59801509],54,5,"[0.3369928142177202, 0.5813431770807651]",113,84
7486,[0.1406659  0.65260735],15,72,"[0.13389630971446978, 0.6701017461857026]",-1,-1
7487,[0.65756089 0.74899786],53,6,"[0.6704818259566957, 0.7868874266118806]",102,-1
7488,[0.40699918 0.78673523],10,22,"[0.4053244070468948, 0.7892325425819533]",113,71
7489,[0.90306853 0.57682453],27,43,"[0.8559722074695512, 0.5768738433864216]",-1,-1
7490,[0.57965488 0.62989657],81,28,"[0.572088563242004, 0.6648723747855627]",81,29
7491,[0.79421729 0.19666645],86,93,"[0.8175047550160816, 0.1805576480903363]",36,-1
7492,[0.21648863 0.47574978],78,3,"[0.22590404659055946, 0.4809143921482596]",113,81
7493,[0.63244931 0.71925406],91,27,"[0.6091441642186142, 0.7391629772413223]",102,36
7494,[0.28420434 0.4160199 ],99,1,"[0.31345252476490787, 0.39568681619531276]",113,81
7495,[0.56301062 0.35353507],72,23,"[0.5544996285461486, 0.3649814617648961]",110,53
7496,[0.25959926 0.38156809],55,0,"[0.24505961735590134, 0.40258348756972934]",113,81
7497,[0.75885847 0.17369496],57,62,"[0.7592128314241189, 0.15406303015764497]",36,-1
7498,[0.20960104 0.58611223],7,70,"[0.16883511008014604, 0.6108734061004485]",-1,-1
7499,[0.15368946 0.69946933],0,72,"[0.13389630971446978, 0.6701017461857026]",37,-1
7500,[0.58666932 0.09872927],75,37,"[0.590787313093903, 0.1287873361919935]",-1,-1
7501,[0.31875556 0.33861932],43,1,"[0.31345252476490787, 0.39568681619531276]",113,-1
7502,[0.43200262 0.78007074],41,22,"[0.4053244070468948, 0.7892325425819533]",113,-1
7503,[0.64114486 0.25348661],22,58,"[0.5903496421521437, 0.26872112132208276]",-1,-1
7504,[0.1816665  0.42220843],94,14,"[0.16635912736795258, 0.4532667183848064]",113,-1
7505,[0.30109241 0.53713508],62,2,"[0.2982944979771574, 0.4928881704977565]",113,78
7506,[0.29190766 0.35596503],70,1,"[0.31345252476490787, 0.39568681619531276]",113,81
7507,[0.17500776 0.1237396 ],66,73,"[0.15159497202623598, 0.099534542862727]",104,-1
7508,[0.38808073 0.70140388],98,59,"[0.4102385111598612, 0.7308207375545044]",113,-1
7509,[0.79468103 0.69724629],32,25,"[0.8290893185566872, 0.6663325003431528]",-1,-1
7510,[0.48266152 0.16874173],61,10,"[0.4982904339105401, 0.17462697492844612]",110,63
7511,[0.14428711 0.12861076],66,73,"[0.15159497202623598, 0.099534542862727]",104,42
7512,[0.67336022 0.62410147],11,80,"[0.6893002767673785, 0.5852948461925299]",30,1
7513,[0.16171492 0.51736586],87,35,"[0.18006516204956544, 0.5309482406934538]",113,-1
7514,[0.78547411 0.32172389],85,39,"[0.7929729113380171, 0.306282578754693]",35,-1
7515,[0.27198555 0.19886739],68,29,"[0.29724643836137565, 0.21152192866347855]",104,41
7516,[0.52880341 0.75557025],88,51,"[0.47563858561263794, 0.7978986338068428]",-1,-1
7517,[0.24141029 0.11734719],79,54,"[0.23065754032548644, 0.16311462163198792]",-1,-1
7518,[0.55382033 0.84179153],88,89,"[0.5577955894805164, 0.8749894575544954]",-1,-1
7519,[0.40906697 0.18560162],46,4,"[0.3827392388806571, 0.18315480574773338]",110,63
7520,[0.69921114 0.4296924 ],44,46,"[0.6818606004752428, 0.39460805157892936]",43,4
7521,[0.3240021  0.40181341],48,1,"[0.31345252476490787, 0.39568681619531276]",113,81
7522,[0.78856141 0.72852632],32,16,"[0.7557129160895149, 0.7610612683801858]",102,-1
7523,[0.82316799 0.15644817],49,93,"[0.8175047550160816, 0.1805576480903363]",-1,-1
7524,[0.8967513  0.29531458],37,97,"[0.9117696710959879, 0.2607718115134211]",-1,-1
7525,[0.60507643 0.57585735],12,30,"[0.5893115951066175, 0.5856347360021498]",77,-1
7526,[0.80737518 0.28946459],30,39,"[0.7929729113380171, 0.306282578754693]",36,8
7527,[0.30013334 0.54344234],5,24,"[0.2575895391106446, 0.5636151717894005]",113,78
7528,[0.33057036 0.50513757],69,2,"[0.2982944979771574, 0.4928881704977565]",113,-1
7529,[0.16981402 0.25604823],47,19,"[0.1752933885253929, 0.2769931075732081]",104,42
7530,[0.85989343 0.670538  ],27,25,"[0.8290893185566872, 0.6663325003431528]",98,-1
7531,[0.40994758 0.88334755],10,41,"[0.4045860819360065, 0.8451095848913467]",92,-1
7532,[0.50436278 0.13817108],97,69,"[0.5153460121236064, 0.11707314703881673]",110,63
7533,[0.45291694 0.20670981],97,40,"[0.4428604662933861, 0.22666876085097074]",110,63
7534,[0.34930946 0.14584759],2,92,"[0.3725508188236613, 0.1071489353939289]",-1,-1
7535,[0.84152727 0.59703156],4,43,"[0.8559722074695512, 0.5768738433864216]",99,22
7536,[0.55962176 0.20651852],80,31,"[0.5509259779365981, 0.20365500329799469]",110,-1
7537,[0.40216435 0.86488889],10,41,"[0.4045860819360065, 0.8451095848913467]",-1,-1
7538,[0.37182529 0.38309403],48,13,"[0.3772074110661572, 0.3667665336396509]",113,81
7539,[0.57439603 0.69384944],81,28,"[0.572088563242004, 0.6648723747855627]",69,-1
7540,[0.68600721 0.80180982],59,6,"[0.6704818259566957, 0.7868874266118806]",102,50
7541,[0.16290951 0.26893446],47,19,"[0.1752933885253929, 0.2769931075732081]",104,42
7542,[0.85224017 0.47613522],28,94,"[0.8753265847499492, 0.4535299653068886]",-1,-1
7543,[0.43836256 0.16181041],2,15,"[0.4480198330140321, 0.13770311065471516]",110,63
7544,[0.10811243 0.16994496],20,86,"[0.10460029415455299, 0.15390780514892627]",104,-1
7545,[0.3372613  0.71819526],13,26,"[0.34140158523352676, 0.7415276229463709]",113,76
7546,[0.31851249 0.55754521],69,5,"[0.3369928142177202, 0.5813431770807651]",113,-1
7547,[0.43886833 0.76754805],23,22,"[0.4053244070468948, 0.7892325425819533]",113,-1
7548,[0.49159761 0.18150326],97,10,"[0.4982904339105401, 0.17462697492844612]",110,63
7549,[0.23375334 0.73158189],0,81,"[0.2526303993585153, 0.7288181375759063]",-1,-1
7550,[0.38874347 0.47642757],99,91,"[0.38272617373285694, 0.45406707742979985]",-1,-1
7551,[0.40804297 0.80058147],10,22,"[0.4053244070468948, 0.7892325425819533]",113,-1
7552,[0.77248157 0.17166334],49,62,"[0.7592128314241189, 0.15406303015764497]",36,-1
7553,[0.22173821 0.24777131],83,34,"[0.22317706824250913, 0.23387943431995686]",104,-1
7554,[0.51387474 0.28543129],22,17,"[0.5266584783397147, 0.2925234389366824]",110,-1
7555,[0.83514864 0.49981079],28,61,"[0.8226541227267828, 0.49698240517173836]",68,-1
7556,[0.53109977 0.38521005],76,77,"[0.5067154617511884, 0.39780872086571867]",110,54
7557,[0.86994379 0.4307913 ],39,94,"[0.8753265847499492, 0.4535299653068886]",-1,-1
7558,[0.76394762 0.64095525],19,53,"[0.7681832820464827, 0.6327372104307392]",-1,-1
7559,[0.63229868 0.76190148],3,27,"[0.6091441642186142, 0.7391629772413223]",102,-1
7560,[0.38201454 0.85394689],10,41,"[0.4045860819360065, 0.8451095848913467]",-1,-1
7561,[0.5080044  0.85639392],24,63,"[0.4663233365844979, 0.874422196988726]",-1,-1
7562,[0.53729782 0.23954234],22,31,"[0.5509259779365981, 0.20365500329799469]",110,-1
7563,[0.42442771 0.18016418],61,4,"[0.3827392388806571, 0.18315480574773338]",110,-1
7564,[0.64120661 0.7263195 ],3,27,"[0.6091441642186142, 0.7391629772413223]",102,-1
7565,[0.11173555 0.82909729],64,47,"[0.12002015978901225, 0.8781802626724163]",-1,-1
7566,[0.69145996 0.39092237],35,46,"[0.6818606004752428, 0.39460805157892936]",-1,4
7567,[0.26608243 0.34857082],48,21,"[0.24089021291760518, 0.30160856093346966]",-1,-1
7568,[0.18536626 0.24318663],36,19,"[0.1752933885253929, 0.2769931075732081]",104,42
7569,[0.72687214 0.73091012],60,11,"[0.7285416878591984, 0.7120527989062413]",102,-1
7570,[0.23076928 0.27457453],68,21,"[0.24089021291760518, 0.30160856093346966]",104,42
7571,[0.62173675 0.79635098],59,45,"[0.6014090517878816, 0.8253297621455221]",102,-1
7572,[0.52390734 0.70518446],81,88,"[0.49693056847195605, 0.6857701176055397]",-1,-1
7573,[0.36924611 0.55350425],54,67,"[0.39991637370105465, 0.5429488636659977]",113,-1
7574,[0.56948752 0.30779296],22,58,"[0.5903496421521437, 0.26872112132208276]",110,-1
7575,[0.5248427  0.66886368],12,88,"[0.49693056847195605, 0.6857701176055397]",-1,-1
7576,[0.16532127 0.26922665],47,19,"[0.1752933885253929, 0.2769931075732081]",104,42
7577,[0.55371891 0.28996598],6,17,"[0.5266584783397147, 0.2925234389366824]",110,48
7578,[0.31740602 0.13691225],1,92,"[0.3725508188236613, 0.1071489353939289]",-1,-1
7579,[0.124706   0.77070249],64,71,"[0.10117111935954111, 0.7754028082579668]",79,21
7580,[0.36876335 0.34544629],65,13,"[0.3772074110661572, 0.3667665336396509]",111,-1
7581,[0.6775437  0.74917016],91,6,"[0.6704818259566957, 0.7868874266118806]",102,-1
7582,[0.1719326  0.17067392],79,7,"[0.16040334011861732, 0.1583747599262833]",104,42
7583,[0.35298128 0.47230667],99,91,"[0.38272617373285694, 0.45406707742979985]",-1,-1
7584,[0.65850363 0.80458673],91,6,"[0.6704818259566957, 0.7868874266118806]",102,-1
7585,[0.61267777 0.29345699],72,58,"[0.5903496421521437, 0.26872112132208276]",-1,-1
7586,[0.24954057 0.52492983],7,24,"[0.2575895391106446, 0.5636151717894005]",113,-1
7587,[0.34850061 0.42481414],48,91,"[0.38272617373285694, 0.45406707742979985]",113,-1
7588,[0.37826827 0.35263177],48,13,"[0.3772074110661572, 0.3667665336396509]",-1,-1
7589,[0.45242714 0.17282375],61,15,"[0.4480198330140321, 0.13770311065471516]",110,63
7590,[0.87797637 0.40817651],39,94,"[0.8753265847499492, 0.4535299653068886]",12,-1
7591,[0.36613742 0.22301894],17,4,"[0.3827392388806571, 0.18315480574773338]",110,-1
7592,[0.46743505 0.19705753],46,10,"[0.4982904339105401, 0.17462697492844612]",110,63
7593,[0.56746785 0.21417571],22,31,"[0.5509259779365981, 0.20365500329799469]",110,-1
7594,[0.54816209 0.41538817],72,64,"[0.5873954455556146, 0.4184822956881117]",110,-1
7595,[0.41955279 0.40318834],70,13,"[0.3772074110661572, 0.3667665336396509]",-1,-1
7596,[0.12604743 0.44046946],42,14,"[0.16635912736795258, 0.4532667183848064]",-1,-1
7597,[0.63953243 0.52377476],82,66,"[0.6892424870002536, 0.4809362987183399]",-1,-1
7598,[0.20105801 0.1862244 ],90,20,"[0.18106142669570233, 0.20480546739290073]",104,42
7599,[0.35557459 0.56030508],54,5,"[0.3369928142177202, 0.5813431770807651]",113,-1
7600,[0.41902694 0.63020678],9,18,"[0.4095647158889755, 0.6213093728466221]",113,84
7601,[0.62077992 0.31939289],72,56,"[0.6228765219922414, 0.3379402254620158]",110,-1
7602,[0.24087379 0.13913617],67,54,"[0.23065754032548644, 0.16311462163198792]",-1,-1
7603,[0.75875311 0.25000162],93,9,"[0.7745160189749856, 0.22813324751878863]",36,11
7604,[0.4262896  0.61933138],9,18,"[0.4095647158889755, 0.6213093728466221]",113,-1
7605,[0.3825956  0.17959914],92,4,"[0.3827392388806571, 0.18315480574773338]",110,62
7606,[0.65258738 0.69061459],3,60,"[0.6482027966760067, 0.6653053686977741]",-1,19
7607,[0.40231003 0.77484241],10,22,"[0.4053244070468948, 0.7892325425819533]",113,71
7608,[0.21549782 0.30767115],83,21,"[0.24089021291760518, 0.30160856093346966]",104,42
7609,[0.26517114 0.20723348],90,29,"[0.29724643836137565, 0.21152192866347855]",104,41
7610,[0.54540698 0.81642557],88,45,"[0.6014090517878816, 0.8253297621455221]",-1,-1
7611,[0.13565573 0.14942412],66,7,"[0.16040334011861732, 0.1583747599262833]",104,42
7612,[0.66511226 0.75336546],91,6,"[0.6704818259566957, 0.7868874266118806]",102,-1
7613,[0.3788049  0.58530486],54,5,"[0.3369928142177202, 0.5813431770807651]",113,-1
7614,[0.64386631 0.40662359],33,46,"[0.6818606004752428, 0.39460805157892936]",-1,-1
7615,[0.35413602 0.20666997],1,4,"[0.3827392388806571, 0.18315480574773338]",110,45
7616,[0.19849371 0.17085193],68,54,"[0.23065754032548644, 0.16311462163198792]",104,42
7617,[0.57962122 0.39739809],63,64,"[0.5873954455556146, 0.4184822956881117]",110,-1
7618,[0.28934649 0.24125334],1,29,"[0.29724643836137565, 0.21152192866347855]",104,33
7619,[0.29931433 0.25506833],1,29,"[0.29724643836137565, 0.21152192866347855]",104,-1
7620,[0.10984866 0.80507298],58,71,"[0.10117111935954111, 0.7754028082579668]",74,20
7621,[0.88195938 0.7228958 ],56,65,"[0.8683963995203289, 0.7186203255414056]",23,-1
7622,[0.75647615 0.3144984 ],86,39,"[0.7929729113380171, 0.306282578754693]",-1,-1
7623,[0.49671995 0.15417159],18,10,"[0.4982904339105401, 0.17462697492844612]",110,63
7624,[0.18590594 0.68635577],0,32,"[0.21070106237511496, 0.6599645039522288]",-1,-1
7625,[0.21768919 0.5569152 ],25,24,"[0.2575895391106446, 0.5636151717894005]",113,-1
7626,[0.63928412 0.58830697],11,30,"[0.5893115951066175, 0.5856347360021498]",13,-1
7627,[0.5504863  0.71331807],81,28,"[0.572088563242004, 0.6648723747855627]",-1,-1
7628,[0.33849651 0.70692583],13,26,"[0.34140158523352676, 0.7415276229463709]",113,-1
7629,[0.15489723 0.25144146],47,19,"[0.1752933885253929, 0.2769931075732081]",104,42
7630,[0.15506385 0.36349731],47,76,"[0.1271293063442913, 0.39727223545070534]",-1,-1
7631,[0.59796387 0.44200974],33,64,"[0.5873954455556146, 0.4184822956881117]",5,-1
7632,[0.22172338 0.57461201],8,24,"[0.2575895391106446, 0.5636151717894005]",-1,-1
7633,[0.6915354 0.7438998],53,6,"[0.6704818259566957, 0.7868874266118806]",102,-1
7634,[0.70083484 0.80869336],31,6,"[0.6704818259566957, 0.7868874266118806]",102,-1
7635,[0.32776278 0.80332044],10,82,"[0.32758089961125464, 0.809330839306685]",82,-1
7636,[0.61573827 0.33034292],72,56,"[0.6228765219922414, 0.3379402254620158]",-1,-1
7637,[0.13872083 0.23817632],47,57,"[0.11385950246950007, 0.22156166292214274]",104,-1
7638,[0.56305527 0.20130937],22,31,"[0.5509259779365981, 0.20365500329799469]",110,-1
7639,[0.25746014 0.53626444],5,24,"[0.2575895391106446, 0.5636151717894005]",113,81
7640,[0.27845778 0.38720014],48,1,"[0.31345252476490787, 0.39568681619531276]",113,81
7641,[0.34460651 0.57870788],14,5,"[0.3369928142177202, 0.5813431770807651]",113,-1
7642,[0.84744743 0.54991764],28,43,"[0.8559722074695512, 0.5768738433864216]",94,22
7643,[0.592098   0.58367223],74,30,"[0.5893115951066175, 0.5856347360021498]",77,28
7644,[0.28839866 0.20714924],1,29,"[0.29724643836137565, 0.21152192866347855]",104,-1
7645,[0.56315875 0.16586344],71,31,"[0.5509259779365981, 0.20365500329799469]",110,-1
7646,[0.13830389 0.25905836],47,19,"[0.1752933885253929, 0.2769931075732081]",61,-1
7647,[0.27615345 0.50510728],99,2,"[0.2982944979771574, 0.4928881704977565]",113,81
7648,[0.72912151 0.71230764],50,11,"[0.7285416878591984, 0.7120527989062413]",102,55
7649,[0.37699315 0.55001534],54,67,"[0.39991637370105465, 0.5429488636659977]",113,-1
7650,[0.4736775  0.93965563],24,63,"[0.4663233365844979, 0.874422196988726]",-1,-1
7651,[0.56519949 0.7055171 ],81,28,"[0.572088563242004, 0.6648723747855627]",-1,-1
7652,[0.44043444 0.18545778],97,40,"[0.4428604662933861, 0.22666876085097074]",110,-1
7653,[0.82385016 0.23194433],93,87,"[0.8400115250570579, 0.2635503368487671]",-1,-1
7654,[0.59723653 0.94149893],45,74,"[0.6387846519793019, 0.8886269005667045]",-1,-1
7655,[0.13803599 0.44854833],96,14,"[0.16635912736795258, 0.4532667183848064]",113,-1
7656,[0.38581343 0.64478313],51,12,"[0.3563557933558874, 0.6600167756750083]",-1,-1
7657,[0.10932153 0.22951342],95,57,"[0.11385950246950007, 0.22156166292214274]",104,-1
7658,[0.23725723 0.74046708],98,81,"[0.2526303993585153, 0.7288181375759063]",-1,-1
7659,[0.23671467 0.48142006],99,3,"[0.22590404659055946, 0.4809143921482596]",113,-1
7660,[0.71802978 0.70393859],50,11,"[0.7285416878591984, 0.7120527989062413]",-1,-1
7661,[0.84256665 0.40066707],39,85,"[0.8330047067228752, 0.39861674914336154]",12,0
7662,[0.16420578 0.80054315],64,78,"[0.17639698191982223, 0.8335029307302414]",59,-1
7663,[0.43676097 0.75576902],88,59,"[0.4102385111598612, 0.7308207375545044]",113,-1
7664,[0.29346769 0.7038909 ],13,8,"[0.29185823944997474, 0.6822630454364129]",113,-1
7665,[0.56069647 0.29396419],22,17,"[0.5266584783397147, 0.2925234389366824]",110,48
7666,[0.17644617 0.19366682],67,20,"[0.18106142669570233, 0.20480546739290073]",104,42
7667,[0.77820634 0.53139055],28,49,"[0.7597872492020543, 0.528305606483068]",50,10
7668,[0.3393899  0.19231936],1,4,"[0.3827392388806571, 0.18315480574773338]",110,45
7669,[0.20944624 0.47053241],34,3,"[0.22590404659055946, 0.4809143921482596]",113,81
7670,[0.38036152 0.14390265],2,92,"[0.3725508188236613, 0.1071489353939289]",110,-1
7671,[0.81599207 0.70699959],32,25,"[0.8290893185566872, 0.6663325003431528]",-1,-1
7672,[0.84723299 0.6859697 ],60,25,"[0.8290893185566872, 0.6663325003431528]",98,24
7673,[0.14878936 0.16004244],20,7,"[0.16040334011861732, 0.1583747599262833]",104,42
7674,[0.36683527 0.78233996],41,22,"[0.4053244070468948, 0.7892325425819533]",113,-1
7675,[0.25308306 0.36252376],65,0,"[0.24505961735590134, 0.40258348756972934]",113,-1
7676,[0.61708072 0.4387931 ],76,64,"[0.5873954455556146, 0.4184822956881117]",-1,-1
7677,[0.84157847 0.81898144],52,50,"[0.8669550309977382, 0.8414428333530212]",-1,-1
7678,[0.43409786 0.17558296],2,15,"[0.4480198330140321, 0.13770311065471516]",110,63
7679,[0.60149845 0.31404654],63,56,"[0.6228765219922414, 0.3379402254620158]",110,-1
7680,[0.1606832  0.49205881],87,14,"[0.16635912736795258, 0.4532667183848064]",113,66
7681,[0.40725017 0.69437937],9,59,"[0.4102385111598612, 0.7308207375545044]",-1,-1
7682,[0.70327099 0.72583731],50,11,"[0.7285416878591984, 0.7120527989062413]",102,52
7683,[0.28260224 0.79888301],84,82,"[0.32758089961125464, 0.809330839306685]",-1,-1
7684,[0.71033127 0.40419766],44,46,"[0.6818606004752428, 0.39460805157892936]",43,-1
7685,[0.35706819 0.2273697 ],17,44,"[0.34401211644161456, 0.2727474001163449]",110,-1
7686,[0.37577182 0.75829837],23,26,"[0.34140158523352676, 0.7415276229463709]",113,-1
7687,[0.21433624 0.74961102],98,42,"[0.17164193172035744, 0.7477907034099851]",-1,-1
7688,[0.46450296 0.17165751],29,10,"[0.4982904339105401, 0.17462697492844612]",110,63
7689,[0.36335221 0.47106576],73,91,"[0.38272617373285694, 0.45406707742979985]",-1,-1
7690,[0.11535274 0.8834278 ],21,47,"[0.12002015978901225, 0.8781802626724163]",22,-1
7691,[0.48704135 0.17169847],46,10,"[0.4982904339105401, 0.17462697492844612]",110,63
7692,[0.56763595 0.15870659],18,37,"[0.590787313093903, 0.1287873361919935]",110,59
7693,[0.34759881 0.65878322],14,12,"[0.3563557933558874, 0.6600167756750083]",113,83
7694,[0.79839927 0.3572106 ],37,39,"[0.7929729113380171, 0.306282578754693]",31,-1
7695,[0.43125375 0.75432024],10,59,"[0.4102385111598612, 0.7308207375545044]",113,-1
7696,[0.2081308  0.51929213],8,35,"[0.18006516204956544, 0.5309482406934538]",113,81
7697,[0.1361706  0.42614864],96,76,"[0.1271293063442913, 0.39727223545070534]",-1,-1
7698,[0.84059296 0.79273195],52,48,"[0.8063574629792128, 0.8028480378432847]",-1,-1
7699,[0.37719478 0.4334975 ],48,91,"[0.38272617373285694, 0.45406707742979985]",-1,-1
7700,[0.33337919 0.78284839],84,82,"[0.32758089961125464, 0.809330839306685]",-1,-1
7701,[0.70476574 0.83043702],91,75,"[0.7159769487757391, 0.8473248623765012]",-1,-1
7702,[0.75084323 0.78406176],50,16,"[0.7557129160895149, 0.7610612683801858]",102,35
7703,[0.83341631 0.66646635],27,25,"[0.8290893185566872, 0.6663325003431528]",102,-1
7704,[0.2522538  0.45796191],94,3,"[0.22590404659055946, 0.4809143921482596]",113,81
7705,[0.33357569 0.7702368 ],84,26,"[0.34140158523352676, 0.7415276229463709]",113,-1
7706,[0.249815  0.1688154],1,54,"[0.23065754032548644, 0.16311462163198792]",103,-1
7707,[0.53224822 0.54602699],16,38,"[0.5222833502418962, 0.5760861920194034]",-1,-1
7708,[0.19603021 0.47662171],42,3,"[0.22590404659055946, 0.4809143921482596]",113,81
7709,[0.37179496 0.30333415],70,44,"[0.34401211644161456, 0.2727474001163449]",-1,-1
7710,[0.30365477 0.51158535],73,2,"[0.2982944979771574, 0.4928881704977565]",113,-1
7711,[0.81197271 0.34693951],37,39,"[0.7929729113380171, 0.306282578754693]",-1,-1
7712,[0.51512859 0.4674125 ],74,68,"[0.5421113451424038, 0.49916034700705]",-1,-1
7713,[0.18121262 0.45506722],94,14,"[0.16635912736795258, 0.4532667183848064]",113,81
7714,[0.67891687 0.45496817],35,66,"[0.6892424870002536, 0.4809362987183399]",43,-1
7715,[0.42614441 0.34112201],65,13,"[0.3772074110661572, 0.3667665336396509]",-1,-1
7716,[0.74842382 0.25711903],57,9,"[0.7745160189749856, 0.22813324751878863]",36,11
7717,[0.14525709 0.54478928],87,35,"[0.18006516204956544, 0.5309482406934538]",113,64
7718,[0.83709872 0.55797726],28,43,"[0.8559722074695512, 0.5768738433864216]",-1,22
7719,[0.29373118 0.25005052],68,29,"[0.29724643836137565, 0.21152192866347855]",104,33
7720,[0.1595821  0.13837727],20,7,"[0.16040334011861732, 0.1583747599262833]",104,42
7721,[0.21906899 0.1998102 ],90,34,"[0.22317706824250913, 0.23387943431995686]",104,42
7722,[0.60604345 0.76135364],3,27,"[0.6091441642186142, 0.7391629772413223]",-1,-1
7723,[0.9220815  0.68441787],56,83,"[0.9023954923676734, 0.6253829621221342]",-1,-1
7724,[0.13739722 0.46696729],42,14,"[0.16635912736795258, 0.4532667183848064]",-1,-1
7725,[0.67778414 0.77381956],53,6,"[0.6704818259566957, 0.7868874266118806]",102,50
7726,[0.53245991 0.37167385],76,23,"[0.5544996285461486, 0.3649814617648961]",-1,-1
7727,[0.84638278 0.52869673],28,61,"[0.8226541227267828, 0.49698240517173836]",73,-1
7728,[0.25745492 0.75999135],98,81,"[0.2526303993585153, 0.7288181375759063]",16,-1
7729,[0.35506944 0.24192857],17,44,"[0.34401211644161456, 0.2727474001163449]",110,-1
7730,[0.75774553 0.68687711],19,11,"[0.7285416878591984, 0.7120527989062413]",102,-1
7731,[0.2381299 0.4685229],78,3,"[0.22590404659055946, 0.4809143921482596]",113,81
7732,[0.17235253 0.3401261 ],83,19,"[0.1752933885253929, 0.2769931075732081]",-1,-1
7733,[0.32075819 0.41272601],43,1,"[0.31345252476490787, 0.39568681619531276]",113,81
7734,[0.74133026 0.21890629],30,33,"[0.712147299809196, 0.21396583181069667]",36,-1
7735,[0.07075032 0.16359303],66,86,"[0.10460029415455299, 0.15390780514892627]",-1,-1
7736,[0.41422248 0.2140424 ],92,40,"[0.4428604662933861, 0.22666876085097074]",110,63
7737,[0.80084165 0.20117179],38,93,"[0.8175047550160816, 0.1805576480903363]",36,-1
7738,[0.74634165 0.67895655],19,11,"[0.7285416878591984, 0.7120527989062413]",102,-1
7739,[0.41525255 0.36662936],65,13,"[0.3772074110661572, 0.3667665336396509]",-1,-1
7740,[0.55673407 0.3805064 ],33,23,"[0.5544996285461486, 0.3649814617648961]",110,53
7741,[0.22784672 0.50513176],78,3,"[0.22590404659055946, 0.4809143921482596]",113,81
7742,[0.71447279 0.42346689],35,79,"[0.7440923457598303, 0.4172681159825393]",43,4
7743,[0.32442402 0.66528613],14,12,"[0.3563557933558874, 0.6600167756750083]",113,83
7744,[0.60184699 0.64154184],40,28,"[0.572088563242004, 0.6648723747855627]",81,-1
7745,[0.28736902 0.42068942],77,1,"[0.31345252476490787, 0.39568681619531276]",113,81
7746,[0.67257674 0.57676282],11,80,"[0.6893002767673785, 0.5852948461925299]",-1,-1
7747,[0.75979624 0.46601306],82,79,"[0.7440923457598303, 0.4172681159825393]",-1,-1
7748,[0.9406285  0.80801512],52,98,"[0.942733982760607, 0.8236412439484]",-1,-1
7749,[0.35368203 0.23310682],17,44,"[0.34401211644161456, 0.2727474001163449]",110,-1
7750,[0.16253127 0.21032245],90,20,"[0.18106142669570233, 0.20480546739290073]",104,42
7751,[0.33572664 0.39142162],48,1,"[0.31345252476490787, 0.39568681619531276]",113,81
7752,[0.28526097 0.40619054],43,1,"[0.31345252476490787, 0.39568681619531276]",113,81
7753,[0.37161416 0.55344566],51,67,"[0.39991637370105465, 0.5429488636659977]",113,-1
7754,[0.66381529 0.82123458],31,6,"[0.6704818259566957, 0.7868874266118806]",102,-1
7755,[0.75557996 0.79278149],91,16,"[0.7557129160895149, 0.7610612683801858]",102,-1
7756,[0.42842156 0.16585925],92,15,"[0.4480198330140321, 0.13770311065471516]",110,63
7757,[0.65886051 0.59196713],11,80,"[0.6893002767673785, 0.5852948461925299]",-1,-1
7758,[0.46850205 0.1527588 ],97,15,"[0.4480198330140321, 0.13770311065471516]",110,63
7759,[0.19862576 0.77691751],64,42,"[0.17164193172035744, 0.7477907034099851]",-1,-1
7760,[0.55895229 0.25496672],63,58,"[0.5903496421521437, 0.26872112132208276]",110,47
7761,[0.69687332 0.87291118],31,75,"[0.7159769487757391, 0.8473248623765012]",-1,-1
7762,[0.61961982 0.72190339],81,27,"[0.6091441642186142, 0.7391629772413223]",102,36
7763,[0.74061293 0.11010972],49,62,"[0.7592128314241189, 0.15406303015764497]",-1,-1
7764,[0.17709312 0.86409928],21,78,"[0.17639698191982223, 0.8335029307302414]",-1,-1
7765,[0.16213112 0.24748552],47,19,"[0.1752933885253929, 0.2769931075732081]",104,42
7766,[0.72021768 0.19021139],57,33,"[0.712147299809196, 0.21396583181069667]",36,6
7767,[0.20367146 0.28029247],47,19,"[0.1752933885253929, 0.2769931075732081]",104,42
7768,[0.17861858 0.33069962],83,19,"[0.1752933885253929, 0.2769931075732081]",-1,-1
7769,[0.62522247 0.19725065],80,55,"[0.6160291566716146, 0.18582080836242268]",110,37
7770,[0.71004906 0.61067399],11,80,"[0.6893002767673785, 0.5852948461925299]",26,-1
7771,[0.21108117 0.29230099],36,21,"[0.24089021291760518, 0.30160856093346966]",104,42
7772,[0.80504395 0.47357682],28,61,"[0.8226541227267828, 0.49698240517173836]",71,3
7773,[0.11250263 0.54927022],42,52,"[0.10837107196086664, 0.5019908555728455]",-1,-1
7774,[0.28543628 0.66686192],15,8,"[0.29185823944997474, 0.6822630454364129]",113,-1
7775,[0.36404764 0.20233439],92,4,"[0.3827392388806571, 0.18315480574773338]",-1,-1
7776,[0.48174944 0.14356004],97,15,"[0.4480198330140321, 0.13770311065471516]",110,63
7777,[0.65271738 0.77174863],53,6,"[0.6704818259566957, 0.7868874266118806]",102,-1
7778,[0.20131911 0.76038496],0,42,"[0.17164193172035744, 0.7477907034099851]",-1,-1
7779,[0.24491537 0.1069318 ],67,54,"[0.23065754032548644, 0.16311462163198792]",-1,-1
7780,[0.40635053 0.83838998],41,41,"[0.4045860819360065, 0.8451095848913467]",113,-1
7781,[0.23348438 0.46488868],7,3,"[0.22590404659055946, 0.4809143921482596]",113,81
7782,[0.36950784 0.76586008],84,26,"[0.34140158523352676, 0.7415276229463709]",113,-1
7783,[0.5494833  0.47365277],16,68,"[0.5421113451424038, 0.49916034700705]",2,-1
7784,[0.83225517 0.59618464],4,43,"[0.8559722074695512, 0.5768738433864216]",-1,-1
7785,[0.78906519 0.72413736],91,16,"[0.7557129160895149, 0.7610612683801858]",102,46
7786,[0.27211447 0.3909834 ],77,0,"[0.24505961735590134, 0.40258348756972934]",113,81
7787,[0.64824006 0.84876772],53,74,"[0.6387846519793019, 0.8886269005667045]",-1,-1
7788,[0.72202978 0.64913512],19,53,"[0.7681832820464827, 0.6327372104307392]",-1,-1
7789,[0.74884769 0.79010301],50,16,"[0.7557129160895149, 0.7610612683801858]",102,35
7790,[0.23210363 0.14897329],67,54,"[0.23065754032548644, 0.16311462163198792]",-1,-1
7791,[0.37414723 0.23112501],17,4,"[0.3827392388806571, 0.18315480574773338]",110,-1
7792,[0.31402174 0.4476407 ],8,2,"[0.2982944979771574, 0.4928881704977565]",113,-1
7793,[0.44780152 0.90576909],41,63,"[0.4663233365844979, 0.874422196988726]",-1,-1
7794,[0.18670684 0.12679333],20,7,"[0.16040334011861732, 0.1583747599262833]",104,-1
7795,[0.3209297  0.20209475],2,29,"[0.29724643836137565, 0.21152192866347855]",110,-1
7796,[0.3589737  0.68754855],14,12,"[0.3563557933558874, 0.6600167756750083]",113,-1
7797,[0.81003751 0.83152689],26,48,"[0.8063574629792128, 0.8028480378432847]",-1,-1
7798,[0.57292441 0.66567397],40,28,"[0.572088563242004, 0.6648723747855627]",-1,-1
7799,[0.22350083 0.83579531],64,78,"[0.17639698191982223, 0.8335029307302414]",-1,-1
7800,[0.56148161 0.29658688],22,17,"[0.5266584783397147, 0.2925234389366824]",110,48
7801,[0.29245083 0.45253868],99,2,"[0.2982944979771574, 0.4928881704977565]",113,81
7802,[0.36533177 0.66098883],51,12,"[0.3563557933558874, 0.6600167756750083]",113,-1
7803,[0.47147048 0.8791018 ],24,63,"[0.4663233365844979, 0.874422196988726]",-1,-1
7804,[0.60991785 0.24552509],22,58,"[0.5903496421521437, 0.26872112132208276]",-1,-1
7805,[0.16758223 0.66889065],15,72,"[0.13389630971446978, 0.6701017461857026]",113,-1
7806,[0.60248773 0.17120557],71,55,"[0.6160291566716146, 0.18582080836242268]",110,-1
7807,[0.37488361 0.39665791],48,13,"[0.3772074110661572, 0.3667665336396509]",113,81
7808,[0.38491894 0.40944239],48,13,"[0.3772074110661572, 0.3667665336396509]",113,81
7809,[0.80532167 0.28715734],86,39,"[0.7929729113380171, 0.306282578754693]",36,8
7810,[0.25718841 0.33303019],83,21,"[0.24089021291760518, 0.30160856093346966]",-1,-1
7811,[0.28208465 0.48038342],78,2,"[0.2982944979771574, 0.4928881704977565]",113,81
7812,[0.26760399 0.20380912],68,29,"[0.29724643836137565, 0.21152192866347855]",104,41
7813,[0.91825666 0.84112397],52,98,"[0.942733982760607, 0.8236412439484]",-1,-1
7814,[0.60874379 0.32410946],72,56,"[0.6228765219922414, 0.3379402254620158]",110,-1
7815,[0.1856429  0.09388457],79,73,"[0.15159497202623598, 0.099534542862727]",-1,-1
7816,[0.46874103 0.18097535],61,10,"[0.4982904339105401, 0.17462697492844612]",110,63
7817,[0.66109774 0.82423541],31,6,"[0.6704818259566957, 0.7868874266118806]",102,-1
7818,[0.47688987 0.29565343],63,17,"[0.5266584783397147, 0.2925234389366824]",-1,-1
7819,[0.81586772 0.64745225],60,25,"[0.8290893185566872, 0.6663325003431528]",102,-1
7820,[0.75375505 0.79628971],91,16,"[0.7557129160895149, 0.7610612683801858]",102,-1
7821,[0.17358518 0.73237585],58,42,"[0.17164193172035744, 0.7477907034099851]",-1,-1
7822,[0.10968411 0.12678136],79,86,"[0.10460029415455299, 0.15390780514892627]",97,-1
7823,[0.39255044 0.62879132],9,18,"[0.4095647158889755, 0.6213093728466221]",113,84
7824,[0.24497601 0.47711861],34,3,"[0.22590404659055946, 0.4809143921482596]",113,81
7825,[0.27219028 0.45426384],7,2,"[0.2982944979771574, 0.4928881704977565]",113,81
7826,[0.90687259 0.67006824],56,83,"[0.9023954923676734, 0.6253829621221342]",-1,-1
7827,[0.19485496 0.64095259],0,32,"[0.21070106237511496, 0.6599645039522288]",-1,-1
7828,[0.55844429 0.86783227],45,89,"[0.5577955894805164, 0.8749894575544954]",-1,-1
7829,[0.52175845 0.73723575],88,88,"[0.49693056847195605, 0.6857701176055397]",-1,-1
7830,[0.73229473 0.77710443],32,16,"[0.7557129160895149, 0.7610612683801858]",102,-1
7831,[0.2407592  0.41082055],94,0,"[0.24505961735590134, 0.40258348756972934]",113,-1
7832,[0.46332281 0.09261318],61,15,"[0.4480198330140321, 0.13770311065471516]",-1,-1
7833,[0.504071   0.69978065],81,88,"[0.49693056847195605, 0.6857701176055397]",-1,-1
7834,[0.28373222 0.61629759],73,24,"[0.2575895391106446, 0.5636151717894005]",-1,-1
7835,[0.16131484 0.4389547 ],96,14,"[0.16635912736795258, 0.4532667183848064]",113,-1
7836,[0.15507442 0.23429141],95,20,"[0.18106142669570233, 0.20480546739290073]",104,42
7837,[0.24680675 0.36412823],99,0,"[0.24505961735590134, 0.40258348756972934]",113,81
7838,[0.15304334 0.46294033],42,14,"[0.16635912736795258, 0.4532667183848064]",113,69
7839,[0.19314887 0.3123072 ],83,19,"[0.1752933885253929, 0.2769931075732081]",104,-1
7840,[0.71701839 0.37759309],85,46,"[0.6818606004752428, 0.39460805157892936]",-1,-1
7841,[0.76287741 0.54903368],82,49,"[0.7597872492020543, 0.528305606483068]",-1,10
7842,[0.60071844 0.30910791],33,56,"[0.6228765219922414, 0.3379402254620158]",110,-1
7843,[0.41932483 0.76570235],10,22,"[0.4053244070468948, 0.7892325425819533]",113,71
7844,[0.71984857 0.68139391],60,11,"[0.7285416878591984, 0.7120527989062413]",-1,-1
7845,[0.86141245 0.53056545],28,43,"[0.8559722074695512, 0.5768738433864216]",-1,-1
7846,[0.55818758 0.33341509],76,23,"[0.5544996285461486, 0.3649814617648961]",110,53
7847,[0.30624112 0.55219764],73,5,"[0.3369928142177202, 0.5813431770807651]",113,-1
7848,[0.26293999 0.18819322],68,54,"[0.23065754032548644, 0.16311462163198792]",104,-1
7849,[0.65928551 0.47937085],11,66,"[0.6892424870002536, 0.4809362987183399]",-1,-1
7850,[0.14560254 0.53661066],87,35,"[0.18006516204956544, 0.5309482406934538]",113,64
7851,[0.14198727 0.90837455],21,47,"[0.12002015978901225, 0.8781802626724163]",-1,-1
7852,[0.46843546 0.15200148],46,15,"[0.4480198330140321, 0.13770311065471516]",110,63
7853,[0.38879037 0.22882715],92,4,"[0.3827392388806571, 0.18315480574773338]",110,-1
7854,[0.3686792 0.5129069],73,67,"[0.39991637370105465, 0.5429488636659977]",20,-1
7855,[0.74733419 0.23378661],38,9,"[0.7745160189749856, 0.22813324751878863]",36,-1
7856,[0.26430043 0.23996136],1,34,"[0.22317706824250913, 0.23387943431995686]",104,-1
7857,[0.7013143  0.40890129],44,46,"[0.6818606004752428, 0.39460805157892936]",43,4
7858,[0.86360068 0.88085696],52,50,"[0.8669550309977382, 0.8414428333530212]",-1,-1
7859,[0.25451818 0.47377794],8,3,"[0.22590404659055946, 0.4809143921482596]",113,-1
7860,[0.90329481 0.65662754],4,83,"[0.9023954923676734, 0.6253829621221342]",-1,-1
7861,[0.29768134 0.65010257],13,8,"[0.29185823944997474, 0.6822630454364129]",113,74
7862,[0.3543975  0.61283711],9,5,"[0.3369928142177202, 0.5813431770807651]",113,84
7863,[0.71992681 0.43819608],35,79,"[0.7440923457598303, 0.4172681159825393]",43,4
7864,[0.55693786 0.35166278],72,23,"[0.5544996285461486, 0.3649814617648961]",110,53
7865,[0.36045387 0.37601969],70,13,"[0.3772074110661572, 0.3667665336396509]",113,81
7866,[0.72361871 0.6877641 ],19,11,"[0.7285416878591984, 0.7120527989062413]",102,-1
7867,[0.40529603 0.8620175 ],41,41,"[0.4045860819360065, 0.8451095848913467]",-1,-1
7868,[0.34667344 0.83913321],89,82,"[0.32758089961125464, 0.809330839306685]",-1,-1
7869,[0.21675004 0.11258307],20,54,"[0.23065754032548644, 0.16311462163198792]",-1,-1
7870,[0.13937874 0.28212059],95,19,"[0.1752933885253929, 0.2769931075732081]",104,-1
7871,[0.77231294 0.64148188],19,53,"[0.7681832820464827, 0.6327372104307392]",102,34
7872,[0.65561199 0.75484079],50,6,"[0.6704818259566957, 0.7868874266118806]",102,-1
7873,[0.74519647 0.24098375],57,9,"[0.7745160189749856, 0.22813324751878863]",36,-1
7874,[0.63356561 0.7161854 ],53,27,"[0.6091441642186142, 0.7391629772413223]",102,36
7875,[0.78930823 0.74278659],60,16,"[0.7557129160895149, 0.7610612683801858]",102,-1
7876,[0.36178636 0.45835352],48,91,"[0.38272617373285694, 0.45406707742979985]",-1,-1
7877,[0.41002933 0.17940161],92,4,"[0.3827392388806571, 0.18315480574773338]",110,63
7878,[0.13126311 0.24055737],90,57,"[0.11385950246950007, 0.22156166292214274]",104,-1
7879,[0.78403569 0.16045392],93,62,"[0.7592128314241189, 0.15406303015764497]",36,-1
7880,[0.13445392 0.70291736],15,72,"[0.13389630971446978, 0.6701017461857026]",-1,-1
7881,[0.66366554 0.1375639 ],71,90,"[0.6807795084802507, 0.1410405480143203]",-1,-1
7882,[0.55327487 0.69793346],40,28,"[0.572088563242004, 0.6648723747855627]",69,-1
7883,[0.31099676 0.70407244],14,8,"[0.29185823944997474, 0.6822630454364129]",113,79
7884,[0.42431977 0.54273101],9,67,"[0.39991637370105465, 0.5429488636659977]",-1,-1
7885,[0.25145003 0.46975531],78,3,"[0.22590404659055946, 0.4809143921482596]",113,81
7886,[0.1922478  0.67724053],25,32,"[0.21070106237511496, 0.6599645039522288]",113,43
7887,[0.75339956 0.75831104],91,16,"[0.7557129160895149, 0.7610612683801858]",102,-1
7888,[0.57990696 0.10191382],80,37,"[0.590787313093903, 0.1287873361919935]",-1,-1
7889,[0.54643058 0.68344989],40,28,"[0.572088563242004, 0.6648723747855627]",-1,-1
7890,[0.73797    0.22029346],38,33,"[0.712147299809196, 0.21396583181069667]",36,-1
7891,[0.59925655 0.66412561],81,28,"[0.572088563242004, 0.6648723747855627]",-1,-1
7892,[0.243659   0.69260157],98,81,"[0.2526303993585153, 0.7288181375759063]",113,-1
7893,[0.29033181 0.39063975],48,1,"[0.31345252476490787, 0.39568681619531276]",113,-1
7894,[0.56159033 0.35579323],63,23,"[0.5544996285461486, 0.3649814617648961]",110,53
7895,[0.72768665 0.73814879],50,11,"[0.7285416878591984, 0.7120527989062413]",102,57
7896,[0.63540077 0.16173517],49,55,"[0.6160291566716146, 0.18582080836242268]",-1,-1
7897,[0.54076077 0.32578881],72,17,"[0.5266584783397147, 0.2925234389366824]",110,-1
7898,[0.24396573 0.2153548 ],90,34,"[0.22317706824250913, 0.23387943431995686]",104,42
7899,[0.7341912  0.13416731],49,62,"[0.7592128314241189, 0.15406303015764497]",-1,-1
7900,[0.77817602 0.8061165 ],32,48,"[0.8063574629792128, 0.8028480378432847]",65,-1
7901,[0.72977418 0.78100704],91,16,"[0.7557129160895149, 0.7610612683801858]",102,56
7902,[0.58272037 0.2356619 ],80,58,"[0.5903496421521437, 0.26872112132208276]",110,-1
7903,[0.65065131 0.16149098],75,90,"[0.6807795084802507, 0.1410405480143203]",-1,-1
7904,[0.55912219 0.39762025],76,23,"[0.5544996285461486, 0.3649814617648961]",110,53
7905,[0.1947812 0.3573643],83,0,"[0.24505961735590134, 0.40258348756972934]",-1,-1
7906,[0.48558107 0.87961233],24,63,"[0.4663233365844979, 0.874422196988726]",-1,-1
7907,[0.34162895 0.42120903],48,1,"[0.31345252476490787, 0.39568681619531276]",113,-1
7908,[0.11234626 0.13402711],20,86,"[0.10460029415455299, 0.15390780514892627]",97,-1
7909,[0.25610387 0.25520543],36,34,"[0.22317706824250913, 0.23387943431995686]",104,-1
7910,[0.77638895 0.27411414],30,39,"[0.7929729113380171, 0.306282578754693]",36,-1
7911,[0.5307554  0.21457856],71,31,"[0.5509259779365981, 0.20365500329799469]",110,-1
7912,[0.78464823 0.30004052],86,39,"[0.7929729113380171, 0.306282578754693]",-1,-1
7913,[0.74361402 0.69270073],50,11,"[0.7285416878591984, 0.7120527989062413]",-1,-1
7914,[0.81636488 0.27839601],57,87,"[0.8400115250570579, 0.2635503368487671]",36,-1
7915,[0.83323806 0.75967635],26,48,"[0.8063574629792128, 0.8028480378432847]",-1,-1
7916,[0.77393506 0.60276015],27,53,"[0.7681832820464827, 0.6327372104307392]",28,13
7917,[0.85655466 0.58477988],27,43,"[0.8559722074695512, 0.5768738433864216]",99,22
7918,[0.20620555 0.52254673],8,35,"[0.18006516204956544, 0.5309482406934538]",113,81
7919,[0.52536826 0.30376188],6,17,"[0.5266584783397147, 0.2925234389366824]",110,-1
7920,[0.17901875 0.65594011],15,32,"[0.21070106237511496, 0.6599645039522288]",113,43
7921,[0.36372945 0.3948024 ],70,13,"[0.3772074110661572, 0.3667665336396509]",113,81
7922,[0.71145635 0.133062  ],49,90,"[0.6807795084802507, 0.1410405480143203]",-1,-1
7923,[0.17714662 0.87327386],64,78,"[0.17639698191982223, 0.8335029307302414]",-1,-1
7924,[0.36759832 0.84918401],10,41,"[0.4045860819360065, 0.8451095848913467]",-1,-1
7925,[0.19408256 0.69575499],25,32,"[0.21070106237511496, 0.6599645039522288]",-1,-1
7926,[0.24843374 0.4839354 ],99,3,"[0.22590404659055946, 0.4809143921482596]",113,81
7927,[0.7638369  0.59489961],19,53,"[0.7681832820464827, 0.6327372104307392]",28,-1
7928,[0.30096852 0.3729567 ],43,1,"[0.31345252476490787, 0.39568681619531276]",113,81
7929,[0.74970993 0.27615541],38,36,"[0.718962763471204, 0.2995127644433783]",36,11
7930,[0.5646899  0.86643023],31,89,"[0.5577955894805164, 0.8749894575544954]",-1,-1
7931,[0.76199797 0.24467495],49,9,"[0.7745160189749856, 0.22813324751878863]",36,-1
7932,[0.17849724 0.16797131],79,7,"[0.16040334011861732, 0.1583747599262833]",104,42
7933,[0.18725866 0.16354099],79,7,"[0.16040334011861732, 0.1583747599262833]",104,42
7934,[0.35682103 0.75365939],84,26,"[0.34140158523352676, 0.7415276229463709]",113,-1
7935,[0.88189554 0.30369947],37,84,"[0.8747370333854485, 0.3299307577245935]",25,2
7936,[0.89755087 0.70060219],56,65,"[0.8683963995203289, 0.7186203255414056]",-1,-1
7937,[0.85137263 0.62082044],4,43,"[0.8559722074695512, 0.5768738433864216]",-1,-1
7938,[0.85806701 0.54591937],28,43,"[0.8559722074695512, 0.5768738433864216]",-1,22
7939,[0.29162604 0.44417677],77,2,"[0.2982944979771574, 0.4928881704977565]",113,81
7940,[0.30430727 0.49365361],73,2,"[0.2982944979771574, 0.4928881704977565]",113,82
7941,[0.5220064 0.3163973],72,17,"[0.5266584783397147, 0.2925234389366824]",110,49
7942,[0.4923993 0.8217009],88,51,"[0.47563858561263794, 0.7978986338068428]",-1,-1
7943,[0.7632894  0.74820327],32,16,"[0.7557129160895149, 0.7610612683801858]",102,-1
7944,[0.24658639 0.20848595],67,34,"[0.22317706824250913, 0.23387943431995686]",104,-1
7945,[0.19522949 0.68954161],0,32,"[0.21070106237511496, 0.6599645039522288]",113,-1
7946,[0.6984145  0.13724128],49,90,"[0.6807795084802507, 0.1410405480143203]",-1,-1
7947,[0.5252223  0.17588328],61,10,"[0.4982904339105401, 0.17462697492844612]",110,63
7948,[0.68712889 0.39412381],44,46,"[0.6818606004752428, 0.39460805157892936]",47,-1
7949,[0.70599346 0.75598979],59,6,"[0.6704818259566957, 0.7868874266118806]",102,-1
7950,[0.27561668 0.49543687],73,2,"[0.2982944979771574, 0.4928881704977565]",113,81
7951,[0.62075779 0.25332407],22,58,"[0.5903496421521437, 0.26872112132208276]",14,-1
7952,[0.15957573 0.23573029],95,20,"[0.18106142669570233, 0.20480546739290073]",104,42
7953,[0.40980981 0.60483801],51,18,"[0.4095647158889755, 0.6213093728466221]",113,65
7954,[0.58087141 0.6911813 ],81,28,"[0.572088563242004, 0.6648723747855627]",69,-1
7955,[0.72336913 0.3421761 ],44,36,"[0.718962763471204, 0.2995127644433783]",-1,-1
7956,[0.44085971 0.82034888],88,51,"[0.47563858561263794, 0.7978986338068428]",113,-1
7957,[0.83512027 0.6345594 ],4,25,"[0.8290893185566872, 0.6663325003431528]",99,22
7958,[0.34445125 0.76997435],23,26,"[0.34140158523352676, 0.7415276229463709]",113,-1
7959,[0.7365225  0.30897443],85,36,"[0.718962763471204, 0.2995127644433783]",36,-1
7960,[0.16160297 0.44427375],42,14,"[0.16635912736795258, 0.4532667183848064]",113,-1
7961,[0.74207311 0.73962539],60,16,"[0.7557129160895149, 0.7610612683801858]",102,57
7962,[0.50686401 0.17839085],97,10,"[0.4982904339105401, 0.17462697492844612]",110,63
7963,[0.69715371 0.86308851],31,75,"[0.7159769487757391, 0.8473248623765012]",-1,-1
7964,[0.89464422 0.82572786],52,50,"[0.8669550309977382, 0.8414428333530212]",-1,-1
7965,[0.69352438 0.29543714],85,36,"[0.718962763471204, 0.2995127644433783]",34,-1
7966,[0.77565502 0.19138392],93,9,"[0.7745160189749856, 0.22813324751878863]",36,12
7967,[0.50415255 0.18132003],61,10,"[0.4982904339105401, 0.17462697492844612]",110,63
7968,[0.62515553 0.71471782],3,27,"[0.6091441642186142, 0.7391629772413223]",102,36
7969,[0.69704333 0.57573108],19,80,"[0.6893002767673785, 0.5852948461925299]",-1,-1
7970,[0.64495094 0.15075742],75,90,"[0.6807795084802507, 0.1410405480143203]",-1,-1
7971,[0.52474661 0.27013556],72,17,"[0.5266584783397147, 0.2925234389366824]",110,-1
7972,[0.73974003 0.34522671],86,36,"[0.718962763471204, 0.2995127644433783]",-1,-1
7973,[0.37990516 0.21660321],2,4,"[0.3827392388806571, 0.18315480574773338]",110,63
7974,[0.27704799 0.72573478],98,81,"[0.2526303993585153, 0.7288181375759063]",-1,-1
7975,[0.54384743 0.33638764],76,23,"[0.5544996285461486, 0.3649814617648961]",110,-1
7976,[0.67413945 0.67001369],3,60,"[0.6482027966760067, 0.6653053686977741]",60,19
7977,[0.54519611 0.35186675],72,23,"[0.5544996285461486, 0.3649814617648961]",110,-1
7978,[0.56040646 0.53596749],16,68,"[0.5421113451424038, 0.49916034700705]",80,-1
7979,[0.44608536 0.12667175],29,15,"[0.4480198330140321, 0.13770311065471516]",110,-1
7980,[0.52285933 0.16318168],75,10,"[0.4982904339105401, 0.17462697492844612]",110,-1
7981,[0.4207146  0.73253439],23,59,"[0.4102385111598612, 0.7308207375545044]",-1,-1
7982,[0.36812022 0.63501911],62,12,"[0.3563557933558874, 0.6600167756750083]",113,-1
7983,[0.42745433 0.22111577],46,40,"[0.4428604662933861, 0.22666876085097074]",110,-1
7984,[0.47794905 0.123856  ],97,15,"[0.4480198330140321, 0.13770311065471516]",110,51
7985,[0.15958564 0.43835691],7,14,"[0.16635912736795258, 0.4532667183848064]",113,-1
7986,[0.36353435 0.58900615],69,5,"[0.3369928142177202, 0.5813431770807651]",113,84
7987,[0.32772632 0.43793674],99,1,"[0.31345252476490787, 0.39568681619531276]",113,75
7988,[0.36306792 0.62232361],9,12,"[0.3563557933558874, 0.6600167756750083]",-1,-1
7989,[0.71163209 0.21778465],49,33,"[0.712147299809196, 0.21396583181069667]",36,6
7990,[0.23232713 0.43028893],78,0,"[0.24505961735590134, 0.40258348756972934]",113,81
7991,[0.2592408  0.73026854],98,81,"[0.2526303993585153, 0.7288181375759063]",113,-1
7992,[0.40904907 0.19342662],92,4,"[0.3827392388806571, 0.18315480574773338]",110,63
7993,[0.16616347 0.15323665],67,7,"[0.16040334011861732, 0.1583747599262833]",104,42
7994,[0.53428353 0.60707776],16,38,"[0.5222833502418962, 0.5760861920194034]",80,27
7995,[0.26427782 0.30792738],36,21,"[0.24089021291760518, 0.30160856093346966]",104,-1
7996,[0.18195497 0.60376698],15,70,"[0.16883511008014604, 0.6108734061004485]",-1,-1
7997,[0.56296723 0.88234279],45,89,"[0.5577955894805164, 0.8749894575544954]",-1,-1
7998,[0.33014448 0.66007223],14,12,"[0.3563557933558874, 0.6600167756750083]",113,-1
7999,[0.09637774 0.44577958],96,76,"[0.1271293063442913, 0.39727223545070534]",-1,-1
8000,[0.34664364 0.74161165],23,26,"[0.34140158523352676, 0.7415276229463709]",113,-1
8001,[0.41443455 0.79033005],23,22,"[0.4053244070468948, 0.7892325425819533]",113,71
8002,[0.56417315 0.43734848],33,64,"[0.5873954455556146, 0.4184822956881117]",105,-1
8003,[0.27122884 0.25300497],83,29,"[0.29724643836137565, 0.21152192866347855]",104,-1
8004,[0.24855841 0.55212782],73,24,"[0.2575895391106446, 0.5636151717894005]",113,-1
8005,[0.68846662 0.20288159],57,33,"[0.712147299809196, 0.21396583181069667]",-1,-1
8006,[0.58675267 0.59651345],12,30,"[0.5893115951066175, 0.5856347360021498]",-1,-1
8007,[0.80697783 0.21818103],38,9,"[0.7745160189749856, 0.22813324751878863]",36,12
8008,[0.37180876 0.17584605],92,4,"[0.3827392388806571, 0.18315480574773338]",-1,-1
8009,[0.81434545 0.14664549],57,93,"[0.8175047550160816, 0.1805576480903363]",-1,-1
8010,[0.0707509  0.43942103],42,-1,-1,10,-1
8011,[0.29747265 0.24692795],68,29,"[0.29724643836137565, 0.21152192866347855]",104,33
8012,[0.16410593 0.61395475],15,70,"[0.16883511008014604, 0.6108734061004485]",-1,-1
8013,[0.19166582 0.57695437],8,70,"[0.16883511008014604, 0.6108734061004485]",-1,-1
8014,[0.70220332 0.16808148],49,90,"[0.6807795084802507, 0.1410405480143203]",36,-1
8015,[0.2571133  0.48267781],78,3,"[0.22590404659055946, 0.4809143921482596]",113,81
8016,[0.26331989 0.31894729],43,21,"[0.24089021291760518, 0.30160856093346966]",-1,-1
8017,[0.25952327 0.51347735],5,2,"[0.2982944979771574, 0.4928881704977565]",113,-1
8018,[0.57137988 0.61295925],12,30,"[0.5893115951066175, 0.5856347360021498]",81,29
8019,[0.15122064 0.12010717],79,73,"[0.15159497202623598, 0.099534542862727]",104,-1
8020,[0.64382986 0.58289145],11,80,"[0.6893002767673785, 0.5852948461925299]",13,-1
8021,[0.28989518 0.44617121],99,2,"[0.2982944979771574, 0.4928881704977565]",113,81
8022,[0.49275335 0.21542289],46,10,"[0.4982904339105401, 0.17462697492844612]",110,-1
8023,[0.83552114 0.29707018],30,87,"[0.8400115250570579, 0.2635503368487671]",-1,-1
8024,[0.15855308 0.53957736],87,35,"[0.18006516204956544, 0.5309482406934538]",113,64
8025,[0.52534015 0.59456471],81,38,"[0.5222833502418962, 0.5760861920194034]",80,27
8026,[0.42697004 0.17352332],92,15,"[0.4480198330140321, 0.13770311065471516]",110,63
8027,[0.47012669 0.88255555],41,63,"[0.4663233365844979, 0.874422196988726]",93,-1
8028,[0.23696339 0.18619045],67,54,"[0.23065754032548644, 0.16311462163198792]",104,-1
8029,[0.85073409 0.18485029],93,93,"[0.8175047550160816, 0.1805576480903363]",-1,-1
8030,[0.60639014 0.36716265],72,56,"[0.6228765219922414, 0.3379402254620158]",110,-1
8031,[0.18207338 0.08090959],66,73,"[0.15159497202623598, 0.099534542862727]",-1,-1
8032,[0.5539593  0.16494967],22,31,"[0.5509259779365981, 0.20365500329799469]",110,-1
8033,[0.73185043 0.50525719],11,49,"[0.7597872492020543, 0.528305606483068]",-1,10
8034,[0.2521164  0.48865082],8,3,"[0.22590404659055946, 0.4809143921482596]",113,81
8035,[0.11743223 0.25848358],83,57,"[0.11385950246950007, 0.22156166292214274]",-1,-1
8036,[0.84292803 0.36880887],86,85,"[0.8330047067228752, 0.39861674914336154]",-1,-1
8037,[0.22372957 0.52061916],7,3,"[0.22590404659055946, 0.4809143921482596]",113,81
8038,[0.73537581 0.20437537],30,33,"[0.712147299809196, 0.21396583181069667]",36,-1
8039,[0.6734924  0.22898009],30,33,"[0.712147299809196, 0.21396583181069667]",-1,-1
8040,[0.62596546 0.28418001],85,58,"[0.5903496421521437, 0.26872112132208276]",64,-1
8041,[0.21159387 0.85220638],64,78,"[0.17639698191982223, 0.8335029307302414]",-1,-1
8042,[0.74560114 0.82592803],91,75,"[0.7159769487757391, 0.8473248623765012]",-1,-1
8043,[0.28409057 0.21786988],1,29,"[0.29724643836137565, 0.21152192866347855]",104,-1
8044,[0.80693341 0.77941848],32,48,"[0.8063574629792128, 0.8028480378432847]",86,32
8045,[0.39715304 0.83182083],89,41,"[0.4045860819360065, 0.8451095848913467]",113,71
8046,[0.11938857 0.48535357],96,52,"[0.10837107196086664, 0.5019908555728455]",113,-1
8047,[0.77460347 0.3579275 ],86,39,"[0.7929729113380171, 0.306282578754693]",-1,-1
8048,[0.76720537 0.90273637],26,95,"[0.8179696228241676, 0.8855176666788548]",-1,-1
8049,[0.19006478 0.48505285],7,3,"[0.22590404659055946, 0.4809143921482596]",113,81
8050,[0.17834112 0.75845595],0,42,"[0.17164193172035744, 0.7477907034099851]",87,-1
8051,[0.67841329 0.18726117],49,33,"[0.712147299809196, 0.21396583181069667]",33,-1
8052,[0.36115827 0.12667115],2,92,"[0.3725508188236613, 0.1071489353939289]",-1,-1
8053,[0.10230899 0.21963765],95,57,"[0.11385950246950007, 0.22156166292214274]",104,-1
8054,[0.31429991 0.51395226],5,2,"[0.2982944979771574, 0.4928881704977565]",113,-1
8055,[0.57947846 0.17345984],75,55,"[0.6160291566716146, 0.18582080836242268]",110,-1
8056,[0.17944768 0.16769489],79,7,"[0.16040334011861732, 0.1583747599262833]",104,42
8057,[0.79143954 0.26339433],38,9,"[0.7745160189749856, 0.22813324751878863]",36,-1
8058,[0.27032351 0.30964378],83,21,"[0.24089021291760518, 0.30160856093346966]",-1,-1
8059,[0.21435015 0.51727995],78,35,"[0.18006516204956544, 0.5309482406934538]",113,81
8060,[0.14277553 0.20651433],79,57,"[0.11385950246950007, 0.22156166292214274]",104,42
8061,[0.18953222 0.27454215],47,19,"[0.1752933885253929, 0.2769931075732081]",104,42
8062,[0.73713346 0.15691536],49,62,"[0.7592128314241189, 0.15406303015764497]",-1,-1
8063,[0.40086081 0.70977039],89,59,"[0.4102385111598612, 0.7308207375545044]",113,-1
8064,[0.88497865 0.82364989],52,50,"[0.8669550309977382, 0.8414428333530212]",-1,-1
8065,[0.3331533  0.69055357],98,12,"[0.3563557933558874, 0.6600167756750083]",113,-1
8066,[0.39300468 0.16773756],92,4,"[0.3827392388806571, 0.18315480574773338]",110,62
8067,[0.27388473 0.29351265],77,21,"[0.24089021291760518, 0.30160856093346966]",-1,-1
8068,[0.20750433 0.24713264],68,34,"[0.22317706824250913, 0.23387943431995686]",104,42
8069,[0.85474607 0.61420018],4,43,"[0.8559722074695512, 0.5768738433864216]",-1,22
8070,[0.21314475 0.60222434],25,70,"[0.16883511008014604, 0.6108734061004485]",-1,-1
8071,[0.36986017 0.761236  ],84,26,"[0.34140158523352676, 0.7415276229463709]",113,-1
8072,[0.69204568 0.77553394],91,6,"[0.6704818259566957, 0.7868874266118806]",102,50
8073,[0.80098869 0.71439366],60,25,"[0.8290893185566872, 0.6663325003431528]",102,-1
8074,[0.37447137 0.67168998],62,12,"[0.3563557933558874, 0.6600167756750083]",113,-1
8075,[0.69290481 0.53844371],11,80,"[0.6893002767673785, 0.5852948461925299]",-1,-1
8076,[0.23014028 0.54860148],8,24,"[0.2575895391106446, 0.5636151717894005]",113,-1
8077,[0.49200884 0.11480043],46,69,"[0.5153460121236064, 0.11707314703881673]",110,-1
8078,[0.35283452 0.34839505],65,13,"[0.3772074110661572, 0.3667665336396509]",111,-1
8079,[0.77161827 0.26782091],30,9,"[0.7745160189749856, 0.22813324751878863]",36,-1
8080,[0.57359446 0.54278366],74,30,"[0.5893115951066175, 0.5856347360021498]",-1,-1
8081,[0.76775533 0.50987723],11,49,"[0.7597872492020543, 0.528305606483068]",50,10
8082,[0.69811558 0.26305483],85,36,"[0.718962763471204, 0.2995127644433783]",-1,-1
8083,[0.60771516 0.5978666 ],12,30,"[0.5893115951066175, 0.5856347360021498]",77,-1
8084,[0.73175147 0.18526369],57,33,"[0.712147299809196, 0.21396583181069667]",36,-1
8085,[0.51294082 0.81028566],45,51,"[0.47563858561263794, 0.7978986338068428]",-1,-1
8086,[0.16779382 0.7611197 ],58,42,"[0.17164193172035744, 0.7477907034099851]",87,-1
8087,[0.3816913 0.3326415],43,13,"[0.3772074110661572, 0.3667665336396509]",-1,-1
8088,[0.56421812 0.21924037],22,31,"[0.5509259779365981, 0.20365500329799469]",110,-1
8089,[0.7308668  0.71716684],50,11,"[0.7285416878591984, 0.7120527989062413]",102,-1
8090,[0.55442868 0.19451871],22,31,"[0.5509259779365981, 0.20365500329799469]",110,61
8091,[0.8027025  0.86171536],26,95,"[0.8179696228241676, 0.8855176666788548]",56,-1
8092,[0.75322001 0.72313263],50,11,"[0.7285416878591984, 0.7120527989062413]",102,57
8093,[0.26539517 0.5475424 ],5,24,"[0.2575895391106446, 0.5636151717894005]",-1,-1
8094,[0.53365714 0.28709954],6,17,"[0.5266584783397147, 0.2925234389366824]",110,48
8095,[0.6149009 0.1738298],75,55,"[0.6160291566716146, 0.18582080836242268]",110,-1
8096,[0.69088745 0.5170983 ],11,66,"[0.6892424870002536, 0.4809362987183399]",-1,-1
8097,[0.58927663 0.19600464],80,55,"[0.6160291566716146, 0.18582080836242268]",-1,-1
8098,[0.48661766 0.58046407],9,38,"[0.5222833502418962, 0.5760861920194034]",9,-1
8099,[0.27981061 0.67930622],13,8,"[0.29185823944997474, 0.6822630454364129]",113,73
8100,[0.30972155 0.5324244 ],8,2,"[0.2982944979771574, 0.4928881704977565]",113,78
8101,[0.07428873 0.16925108],95,86,"[0.10460029415455299, 0.15390780514892627]",-1,-1
8102,[0.56831502 0.15181022],18,37,"[0.590787313093903, 0.1287873361919935]",110,59
8103,[0.72020139 0.30378948],85,36,"[0.718962763471204, 0.2995127644433783]",36,-1
8104,[0.42585731 0.16408571],46,15,"[0.4480198330140321, 0.13770311065471516]",110,63
8105,[0.20349847 0.40128412],94,0,"[0.24505961735590134, 0.40258348756972934]",113,-1
8106,[0.61794903 0.13489795],75,37,"[0.590787313093903, 0.1287873361919935]",110,38
8107,[0.62354693 0.2002053 ],22,55,"[0.6160291566716146, 0.18582080836242268]",110,37
8108,[0.14318252 0.48092376],87,14,"[0.16635912736795258, 0.4532667183848064]",-1,-1
8109,[0.15731469 0.50111165],87,35,"[0.18006516204956544, 0.5309482406934538]",113,66
8110,[0.61570205 0.77307684],3,27,"[0.6091441642186142, 0.7391629772413223]",102,-1
8111,[0.77302484 0.52490035],82,49,"[0.7597872492020543, 0.528305606483068]",50,10
8112,[0.46577353 0.7588156 ],89,51,"[0.47563858561263794, 0.7978986338068428]",-1,-1
8113,[0.79226779 0.64583514],60,53,"[0.7681832820464827, 0.6327372104307392]",102,-1
8114,[0.74367007 0.68251084],19,11,"[0.7285416878591984, 0.7120527989062413]",102,-1
8115,[0.54862914 0.27672588],63,17,"[0.5266584783397147, 0.2925234389366824]",110,-1
8116,[0.24048837 0.4285563 ],34,0,"[0.24505961735590134, 0.40258348756972934]",113,81
8117,[0.74399311 0.26462591],38,36,"[0.718962763471204, 0.2995127644433783]",36,11
8118,[0.1706613  0.23585988],36,20,"[0.18106142669570233, 0.20480546739290073]",104,42
8119,[0.18852668 0.18898688],67,20,"[0.18106142669570233, 0.20480546739290073]",104,42
8120,[0.10512108 0.46436305],96,52,"[0.10837107196086664, 0.5019908555728455]",100,-1
8121,[0.84877682 0.71284792],56,65,"[0.8683963995203289, 0.7186203255414056]",-1,-1
8122,[0.73659238 0.76432656],91,16,"[0.7557129160895149, 0.7610612683801858]",102,-1
8123,[0.85831367 0.23226118],93,87,"[0.8400115250570579, 0.2635503368487671]",-1,-1
8124,[0.40612898 0.38444017],65,13,"[0.3772074110661572, 0.3667665336396509]",-1,-1
8125,[0.57927863 0.16496815],71,37,"[0.590787313093903, 0.1287873361919935]",110,59
8126,[0.62543555 0.65354547],81,60,"[0.6482027966760067, 0.6653053686977741]",-1,-1
8127,[0.15424065 0.88190307],21,47,"[0.12002015978901225, 0.8781802626724163]",21,-1
8128,[0.74619784 0.32758842],85,36,"[0.718962763471204, 0.2995127644433783]",-1,-1
8129,[0.57791828 0.35498059],33,23,"[0.5544996285461486, 0.3649814617648961]",110,53
8130,[0.52018329 0.22793559],6,31,"[0.5509259779365981, 0.20365500329799469]",110,-1
8131,[0.68165966 0.08786611],71,90,"[0.6807795084802507, 0.1410405480143203]",-1,-1
8132,[0.1938128 0.1780839],66,20,"[0.18106142669570233, 0.20480546739290073]",104,42
8133,[0.56458499 0.80335698],3,45,"[0.6014090517878816, 0.8253297621455221]",-1,-1
8134,[0.29759212 0.4022689 ],48,1,"[0.31345252476490787, 0.39568681619531276]",-1,-1
8135,[0.43082513 0.84807181],41,41,"[0.4045860819360065, 0.8451095848913467]",113,-1
8136,[0.80367797 0.75606613],32,48,"[0.8063574629792128, 0.8028480378432847]",102,46
8137,[0.21448874 0.43246185],7,0,"[0.24505961735590134, 0.40258348756972934]",113,81
8138,[0.33347192 0.42886523],43,1,"[0.31345252476490787, 0.39568681619531276]",113,-1
8139,[0.15819476 0.2413221 ],47,19,"[0.1752933885253929, 0.2769931075732081]",104,42
8140,[0.70840391 0.14421492],80,90,"[0.6807795084802507, 0.1410405480143203]",-1,-1
8141,[0.1978203  0.19142829],79,20,"[0.18106142669570233, 0.20480546739290073]",104,42
8142,[0.73939116 0.25839776],85,36,"[0.718962763471204, 0.2995127644433783]",36,-1
8143,[0.25354958 0.45727931],48,3,"[0.22590404659055946, 0.4809143921482596]",113,81
8144,[0.74833795 0.19384   ],93,62,"[0.7592128314241189, 0.15406303015764497]",36,12
8145,[0.74927911 0.70369444],50,11,"[0.7285416878591984, 0.7120527989062413]",102,-1
8146,[0.30061542 0.78492778],23,82,"[0.32758089961125464, 0.809330839306685]",-1,-1
8147,[0.30329058 0.36605934],65,1,"[0.31345252476490787, 0.39568681619531276]",113,81
8148,[0.55837569 0.151371  ],71,37,"[0.590787313093903, 0.1287873361919935]",110,-1
8149,[0.39182396 0.25709409],17,44,"[0.34401211644161456, 0.2727474001163449]",53,-1
8150,[0.1324109  0.81805387],21,78,"[0.17639698191982223, 0.8335029307302414]",-1,-1
8151,[0.65189254 0.19754773],22,55,"[0.6160291566716146, 0.18582080836242268]",-1,-1
8152,[0.48086229 0.81403549],88,51,"[0.47563858561263794, 0.7978986338068428]",-1,-1
8153,[0.56260078 0.34158533],6,23,"[0.5544996285461486, 0.3649814617648961]",110,53
8154,[0.59103624 0.39700949],33,64,"[0.5873954455556146, 0.4184822956881117]",110,-1
8155,[0.45919317 0.16009517],29,15,"[0.4480198330140321, 0.13770311065471516]",110,63
8156,[0.33464086 0.82546279],84,82,"[0.32758089961125464, 0.809330839306685]",-1,-1
8157,[0.31664207 0.43446425],65,1,"[0.31345252476490787, 0.39568681619531276]",113,75
8158,[0.59011811 0.42397144],35,64,"[0.5873954455556146, 0.4184822956881117]",-1,-1
8159,[0.58544008 0.33969202],63,56,"[0.6228765219922414, 0.3379402254620158]",110,-1
8160,[0.2011796  0.46161446],78,3,"[0.22590404659055946, 0.4809143921482596]",113,81
8161,[0.60798089 0.56886333],12,30,"[0.5893115951066175, 0.5856347360021498]",77,-1
8162,[0.23560927 0.23157522],68,34,"[0.22317706824250913, 0.23387943431995686]",104,-1
8163,[0.43959446 0.88850196],41,63,"[0.4663233365844979, 0.874422196988726]",93,-1
8164,[0.21004413 0.32581198],47,21,"[0.24089021291760518, 0.30160856093346966]",104,-1
8165,[0.18648901 0.54659254],87,35,"[0.18006516204956544, 0.5309482406934538]",-1,-1
8166,[0.16692919 0.2543228 ],36,19,"[0.1752933885253929, 0.2769931075732081]",104,42
8167,[0.21467802 0.23120771],67,34,"[0.22317706824250913, 0.23387943431995686]",104,42
8168,[0.08896122 0.88819553],21,47,"[0.12002015978901225, 0.8781802626724163]",7,-1
8169,[0.55496032 0.35873002],72,23,"[0.5544996285461486, 0.3649814617648961]",110,53
8170,[0.45152487 0.76925037],88,51,"[0.47563858561263794, 0.7978986338068428]",113,-1
8171,[0.55633775 0.17527962],71,31,"[0.5509259779365981, 0.20365500329799469]",110,58
8172,[0.37333078 0.45293307],78,91,"[0.38272617373285694, 0.45406707742979985]",-1,-1
8173,[0.82920525 0.59325885],28,43,"[0.8559722074695512, 0.5768738433864216]",-1,-1
8174,[0.8267419  0.80137286],26,48,"[0.8063574629792128, 0.8028480378432847]",-1,-1
8175,[0.208469   0.12306376],66,54,"[0.23065754032548644, 0.16311462163198792]",-1,-1
8176,[0.16597857 0.15725898],79,7,"[0.16040334011861732, 0.1583747599262833]",104,42
8177,[0.71678731 0.90211143],31,75,"[0.7159769487757391, 0.8473248623765012]",-1,-1
8178,[0.50383977 0.64643859],81,88,"[0.49693056847195605, 0.6857701176055397]",-1,-1
8179,[0.19722545 0.4489272 ],7,14,"[0.16635912736795258, 0.4532667183848064]",113,81
8180,[0.78832682 0.33238703],30,39,"[0.7929729113380171, 0.306282578754693]",35,-1
8181,[0.71157576 0.27181724],57,36,"[0.718962763471204, 0.2995127644433783]",-1,-1
8182,[0.23695507 0.27313575],36,21,"[0.24089021291760518, 0.30160856093346966]",104,42
8183,[0.5540213 0.3941281],76,23,"[0.5544996285461486, 0.3649814617648961]",110,53
8184,[0.35370247 0.58048866],62,5,"[0.3369928142177202, 0.5813431770807651]",113,84
8185,[0.78047016 0.5474025 ],82,49,"[0.7597872492020543, 0.528305606483068]",49,10
8186,[0.32772993 0.42070419],43,1,"[0.31345252476490787, 0.39568681619531276]",113,81
8187,[0.8766283  0.85847601],52,50,"[0.8669550309977382, 0.8414428333530212]",52,-1
8188,[0.57690899 0.56273854],16,30,"[0.5893115951066175, 0.5856347360021498]",80,30
8189,[0.12013934 0.68924401],58,72,"[0.13389630971446978, 0.6701017461857026]",-1,-1
8190,[0.87384374 0.44276365],39,94,"[0.8753265847499492, 0.4535299653068886]",-1,-1
8191,[0.77825199 0.18103873],30,62,"[0.7592128314241189, 0.15406303015764497]",36,-1
8192,[0.15814836 0.19785045],95,20,"[0.18106142669570233, 0.20480546739290073]",104,42
8193,[0.60202086 0.87040079],45,74,"[0.6387846519793019, 0.8886269005667045]",-1,-1
8194,[0.6393315  0.82815451],53,45,"[0.6014090517878816, 0.8253297621455221]",102,-1
8195,[0.14645384 0.74708946],58,42,"[0.17164193172035744, 0.7477907034099851]",-1,-1
8196,[0.51616139 0.13957109],29,69,"[0.5153460121236064, 0.11707314703881673]",110,63
8197,[0.74770033 0.2069834 ],38,9,"[0.7745160189749856, 0.22813324751878863]",36,12
8198,[0.58164059 0.7839762 ],53,45,"[0.6014090517878816, 0.8253297621455221]",-1,-1
8199,[0.23332639 0.28406256],47,21,"[0.24089021291760518, 0.30160856093346966]",104,42
8200,[0.19982902 0.16848433],90,54,"[0.23065754032548644, 0.16311462163198792]",104,42
8201,[0.86382687 0.34252938],37,84,"[0.8747370333854485, 0.3299307577245935]",25,2
8202,[0.16381267 0.13303361],66,7,"[0.16040334011861732, 0.1583747599262833]",104,42
8203,[0.14562486 0.38500497],96,76,"[0.1271293063442913, 0.39727223545070534]",-1,-1
8204,[0.40558581 0.75978805],23,59,"[0.4102385111598612, 0.7308207375545044]",113,-1
8205,[0.52550176 0.59890114],74,38,"[0.5222833502418962, 0.5760861920194034]",80,27
8206,[0.88758141 0.29184102],37,97,"[0.9117696710959879, 0.2607718115134211]",-1,-1
8207,[0.56752284 0.76538617],3,27,"[0.6091441642186142, 0.7391629772413223]",-1,-1
8208,[0.1983629  0.28218365],67,19,"[0.1752933885253929, 0.2769931075732081]",104,42
8209,[0.15185816 0.16282409],90,7,"[0.16040334011861732, 0.1583747599262833]",104,42
8210,[0.62970492 0.60455179],40,30,"[0.5893115951066175, 0.5856347360021498]",-1,-1
8211,[0.57914245 0.45966028],33,64,"[0.5873954455556146, 0.4184822956881117]",-1,-1
8212,[0.38169706 0.38301725],70,13,"[0.3772074110661572, 0.3667665336396509]",113,-1
8213,[0.59136172 0.46428613],76,64,"[0.5873954455556146, 0.4184822956881117]",5,-1
8214,[0.61273398 0.76184443],59,27,"[0.6091441642186142, 0.7391629772413223]",-1,-1
8215,[0.34177593 0.17020132],2,4,"[0.3827392388806571, 0.18315480574773338]",110,-1
8216,[0.33645919 0.731035  ],13,26,"[0.34140158523352676, 0.7415276229463709]",113,-1
8217,[0.22808779 0.53381664],7,24,"[0.2575895391106446, 0.5636151717894005]",113,81
8218,[0.6013237  0.77156205],59,27,"[0.6091441642186142, 0.7391629772413223]",-1,-1
8219,[0.39281807 0.11469914],29,92,"[0.3725508188236613, 0.1071489353939289]",-1,-1
8220,[0.21323857 0.21128722],90,34,"[0.22317706824250913, 0.23387943431995686]",104,42
8221,[0.67972455 0.49375653],82,66,"[0.6892424870002536, 0.4809362987183399]",40,-1
8222,[0.41229646 0.89026617],10,99,"[0.40646030356053225, 0.9259295599180227]",92,-1
8223,[0.15373813 0.16788185],79,7,"[0.16040334011861732, 0.1583747599262833]",104,42
8224,[0.38193272 0.19651915],17,4,"[0.3827392388806571, 0.18315480574773338]",110,63
8225,[0.70145516 0.80204183],59,6,"[0.6704818259566957, 0.7868874266118806]",102,-1
8226,[0.08403922 0.42328413],96,76,"[0.1271293063442913, 0.39727223545070534]",-1,-1
8227,[0.6219878  0.77797587],3,27,"[0.6091441642186142, 0.7391629772413223]",102,-1
8228,[0.38039384 0.80557631],23,22,"[0.4053244070468948, 0.7892325425819533]",113,71
8229,[0.25879745 0.23707752],83,34,"[0.22317706824250913, 0.23387943431995686]",104,-1
8230,[0.38009114 0.39750684],70,13,"[0.3772074110661572, 0.3667665336396509]",113,-1
8231,[0.31425182 0.19188716],2,29,"[0.29724643836137565, 0.21152192866347855]",-1,-1
8232,[0.12599661 0.52932779],87,52,"[0.10837107196086664, 0.5019908555728455]",113,-1
8233,[0.14686247 0.13855501],67,7,"[0.16040334011861732, 0.1583747599262833]",104,42
8234,[0.67686035 0.83089431],53,75,"[0.7159769487757391, 0.8473248623765012]",102,50
8235,[0.83869879 0.38825491],39,85,"[0.8330047067228752, 0.39861674914336154]",12,0
8236,[0.17377522 0.65136668],15,32,"[0.21070106237511496, 0.6599645039522288]",113,43
8237,[0.85937824 0.46140895],28,94,"[0.8753265847499492, 0.4535299653068886]",17,-1
8238,[0.18816108 0.13493197],20,7,"[0.16040334011861732, 0.1583747599262833]",104,-1
8239,[0.53723667 0.3090042 ],72,17,"[0.5266584783397147, 0.2925234389366824]",110,-1
8240,[0.18989883 0.20749738],79,20,"[0.18106142669570233, 0.20480546739290073]",104,42
8241,[0.2577329  0.43804104],77,0,"[0.24505961735590134, 0.40258348756972934]",113,81
8242,[0.33078366 0.26359146],83,44,"[0.34401211644161456, 0.2727474001163449]",76,17
8243,[0.7684502  0.21547557],49,9,"[0.7745160189749856, 0.22813324751878863]",36,12
8244,[0.79823133 0.21343902],30,9,"[0.7745160189749856, 0.22813324751878863]",36,12
8245,[0.16331075 0.63367692],15,70,"[0.16883511008014604, 0.6108734061004485]",113,43
8246,[0.1930986  0.25133977],47,19,"[0.1752933885253929, 0.2769931075732081]",104,42
8247,[0.7806209  0.29875986],38,39,"[0.7929729113380171, 0.306282578754693]",35,-1
8248,[0.54684601 0.14954407],71,69,"[0.5153460121236064, 0.11707314703881673]",-1,-1
8249,[0.52905379 0.22985666],22,31,"[0.5509259779365981, 0.20365500329799469]",-1,-1
8250,[0.37621675 0.23006406],92,4,"[0.3827392388806571, 0.18315480574773338]",110,-1
8251,[0.4549204  0.18310809],97,10,"[0.4982904339105401, 0.17462697492844612]",-1,-1
8252,[0.57377266 0.1028297 ],18,37,"[0.590787313093903, 0.1287873361919935]",-1,-1
8253,[0.79431537 0.25339267],30,9,"[0.7745160189749856, 0.22813324751878863]",36,-1
8254,[0.23646643 0.28210186],68,21,"[0.24089021291760518, 0.30160856093346966]",104,42
8255,[0.57953943 0.57556408],12,30,"[0.5893115951066175, 0.5856347360021498]",-1,-1
8256,[0.14003792 0.20082686],20,57,"[0.11385950246950007, 0.22156166292214274]",104,42
8257,[0.2623521  0.43481151],78,0,"[0.24505961735590134, 0.40258348756972934]",113,81
8258,[0.66857262 0.3445735 ],44,56,"[0.6228765219922414, 0.3379402254620158]",-1,-1
8259,[0.47234465 0.14530527],46,15,"[0.4480198330140321, 0.13770311065471516]",110,63
8260,[0.75707348 0.24153708],38,9,"[0.7745160189749856, 0.22813324751878863]",36,-1
8261,[0.14058628 0.15323446],20,7,"[0.16040334011861732, 0.1583747599262833]",104,42
8262,[0.59330075 0.11778721],18,37,"[0.590787313093903, 0.1287873361919935]",-1,-1
8263,[0.12594829 0.11662739],79,73,"[0.15159497202623598, 0.099534542862727]",104,-1
8264,[0.19535691 0.6067039 ],25,70,"[0.16883511008014604, 0.6108734061004485]",113,-1
8265,[0.2061317 0.5087615],8,3,"[0.22590404659055946, 0.4809143921482596]",113,81
8266,[0.07531765 0.14669104],20,86,"[0.10460029415455299, 0.15390780514892627]",-1,-1
8267,[0.29835043 0.6500687 ],62,8,"[0.29185823944997474, 0.6822630454364129]",113,74
8268,[0.33553199 0.68225392],9,12,"[0.3563557933558874, 0.6600167756750083]",113,-1
8269,[0.3146099 0.5065342],5,2,"[0.2982944979771574, 0.4928881704977565]",113,-1
8270,[0.62652115 0.83941973],53,45,"[0.6014090517878816, 0.8253297621455221]",102,39
8271,[0.74112426 0.2752248 ],85,36,"[0.718962763471204, 0.2995127644433783]",36,11
8272,[0.40718584 0.56463124],69,67,"[0.39991637370105465, 0.5429488636659977]",-1,-1
8273,[0.18455012 0.67346988],25,32,"[0.21070106237511496, 0.6599645039522288]",113,-1
8274,[0.48161161 0.11988515],29,69,"[0.5153460121236064, 0.11707314703881673]",110,51
8275,[0.38691782 0.20500267],46,4,"[0.3827392388806571, 0.18315480574773338]",110,63
8276,[0.75682999 0.52433886],11,49,"[0.7597872492020543, 0.528305606483068]",50,10
8277,[0.7274067  0.28386861],57,36,"[0.718962763471204, 0.2995127644433783]",36,-1
8278,[0.52653455 0.59072182],16,38,"[0.5222833502418962, 0.5760861920194034]",80,27
8279,[0.13482965 0.11440225],66,73,"[0.15159497202623598, 0.099534542862727]",104,-1
8280,[0.41542914 0.80380056],10,22,"[0.4053244070468948, 0.7892325425819533]",113,-1
8281,[0.41012675 0.66749217],51,18,"[0.4095647158889755, 0.6213093728466221]",113,-1
8282,[0.55699884 0.1134857 ],75,37,"[0.590787313093903, 0.1287873361919935]",109,-1
8283,[0.26514938 0.2098599 ],68,29,"[0.29724643836137565, 0.21152192866347855]",104,41
8284,[0.6889514  0.42133705],44,46,"[0.6818606004752428, 0.39460805157892936]",43,4
8285,[0.82293128 0.29160274],38,87,"[0.8400115250570579, 0.2635503368487671]",36,-1
8286,[0.31568383 0.61746434],54,5,"[0.3369928142177202, 0.5813431770807651]",113,80
8287,[0.2302022  0.15938233],67,54,"[0.23065754032548644, 0.16311462163198792]",-1,-1
8288,[0.4947914  0.81822226],24,51,"[0.47563858561263794, 0.7978986338068428]",-1,-1
8289,[0.30483065 0.41217581],77,1,"[0.31345252476490787, 0.39568681619531276]",113,81
8290,[0.35079151 0.72387768],13,26,"[0.34140158523352676, 0.7415276229463709]",113,76
8291,[0.85545341 0.49397108],28,61,"[0.8226541227267828, 0.49698240517173836]",-1,-1
8292,[0.51011546 0.48942633],76,68,"[0.5421113451424038, 0.49916034700705]",-1,-1
8293,[0.67587485 0.73237936],3,6,"[0.6704818259566957, 0.7868874266118806]",-1,-1
8294,[0.67703171 0.79683036],91,6,"[0.6704818259566957, 0.7868874266118806]",102,50
8295,[0.72414844 0.30837238],30,36,"[0.718962763471204, 0.2995127644433783]",36,-1
8296,[0.35838643 0.58371678],54,5,"[0.3369928142177202, 0.5813431770807651]",113,-1
8297,[0.18078431 0.2767794 ],36,19,"[0.1752933885253929, 0.2769931075732081]",104,42
8298,[0.85026792 0.25574528],37,87,"[0.8400115250570579, 0.2635503368487671]",-1,-1
8299,[0.18870045 0.25394585],36,19,"[0.1752933885253929, 0.2769931075732081]",104,42
8300,[0.48129133 0.19574487],61,10,"[0.4982904339105401, 0.17462697492844612]",110,-1
8301,[0.30331124 0.63888109],13,8,"[0.29185823944997474, 0.6822630454364129]",113,-1
8302,[0.60732164 0.14916636],71,37,"[0.590787313093903, 0.1287873361919935]",110,-1
8303,[0.29390132 0.341008  ],1,1,"[0.31345252476490787, 0.39568681619531276]",-1,-1
8304,[0.37841703 0.19568858],2,4,"[0.3827392388806571, 0.18315480574773338]",110,-1
8305,[0.80596818 0.25756365],86,87,"[0.8400115250570579, 0.2635503368487671]",36,-1
8306,[0.4869746  0.11075221],18,69,"[0.5153460121236064, 0.11707314703881673]",110,51
8307,[0.67144723 0.30808659],85,36,"[0.718962763471204, 0.2995127644433783]",-1,-1
8308,[0.27595727 0.58198577],5,24,"[0.2575895391106446, 0.5636151717894005]",113,-1
8309,[0.83510557 0.32280715],37,84,"[0.8747370333854485, 0.3299307577245935]",-1,-1
8310,[0.37945786 0.66142139],9,12,"[0.3563557933558874, 0.6600167756750083]",113,77
8311,[0.6644517 0.749618 ],3,6,"[0.6704818259566957, 0.7868874266118806]",102,-1
8312,[0.83726565 0.61932025],4,43,"[0.8559722074695512, 0.5768738433864216]",99,22
8313,[0.18100434 0.45847705],8,14,"[0.16635912736795258, 0.4532667183848064]",113,81
8314,[0.5738377  0.20156758],75,31,"[0.5509259779365981, 0.20365500329799469]",110,-1
8315,[0.5715763 0.6792932],81,28,"[0.572088563242004, 0.6648723747855627]",69,26
8316,[0.45418746 0.86471193],24,63,"[0.4663233365844979, 0.874422196988726]",93,23
8317,[0.26870677 0.19347733],68,29,"[0.29724643836137565, 0.21152192866347855]",104,-1
8318,[0.1602959  0.62725158],0,70,"[0.16883511008014604, 0.6108734061004485]",113,43
8319,[0.40019748 0.80396454],41,22,"[0.4053244070468948, 0.7892325425819533]",113,-1
8320,[0.79048949 0.12914262],93,62,"[0.7592128314241189, 0.15406303015764497]",-1,-1
8321,[0.38661472 0.3757537 ],65,13,"[0.3772074110661572, 0.3667665336396509]",-1,-1
8322,[0.92002176 0.67564016],56,83,"[0.9023954923676734, 0.6253829621221342]",-1,-1
8323,[0.21065863 0.71721943],0,81,"[0.2526303993585153, 0.7288181375759063]",-1,-1
8324,[0.44235317 0.15298109],46,15,"[0.4480198330140321, 0.13770311065471516]",110,63
8325,[0.59757215 0.27719711],85,58,"[0.5903496421521437, 0.26872112132208276]",-1,-1
8326,[0.09596959 0.09808194],20,73,"[0.15159497202623598, 0.099534542862727]",-1,-1
8327,[0.7841535  0.24005193],30,9,"[0.7745160189749856, 0.22813324751878863]",36,12
8328,[0.35248535 0.34340979],48,13,"[0.3772074110661572, 0.3667665336396509]",111,-1
8329,[0.18920222 0.15418282],79,7,"[0.16040334011861732, 0.1583747599262833]",104,42
8330,[0.13832748 0.14012002],79,7,"[0.16040334011861732, 0.1583747599262833]",104,42
8331,[0.1957586  0.16658344],20,54,"[0.23065754032548644, 0.16311462163198792]",104,42
8332,[0.72739563 0.71725711],19,11,"[0.7285416878591984, 0.7120527989062413]",-1,-1
8333,[0.47668205 0.58746878],54,38,"[0.5222833502418962, 0.5760861920194034]",9,-1
8334,[0.7389391  0.71254111],60,11,"[0.7285416878591984, 0.7120527989062413]",102,55
8335,[0.22750317 0.40819982],99,0,"[0.24505961735590134, 0.40258348756972934]",-1,-1
8336,[0.44227726 0.42790026],76,91,"[0.38272617373285694, 0.45406707742979985]",-1,-1
8337,[0.34888493 0.39590751],43,1,"[0.31345252476490787, 0.39568681619531276]",113,81
8338,[0.8756427 0.4011449],39,85,"[0.8330047067228752, 0.39861674914336154]",12,0
8339,[0.42520012 0.36215244],70,13,"[0.3772074110661572, 0.3667665336396509]",-1,-1
8340,[0.31368997 0.1964658 ],1,29,"[0.29724643836137565, 0.21152192866347855]",110,-1
8341,[0.58221025 0.60282723],74,30,"[0.5893115951066175, 0.5856347360021498]",-1,-1
8342,[0.14462927 0.79674624],64,71,"[0.10117111935954111, 0.7754028082579668]",-1,-1
8343,[0.12362652 0.25584571],47,57,"[0.11385950246950007, 0.22156166292214274]",61,-1
8344,[0.14132505 0.16689693],79,7,"[0.16040334011861732, 0.1583747599262833]",104,42
8345,[0.31658386 0.13426939],2,92,"[0.3725508188236613, 0.1071489353939289]",-1,-1
8346,[0.35503219 0.55790018],62,5,"[0.3369928142177202, 0.5813431770807651]",113,-1
8347,[0.409338   0.59863348],69,18,"[0.4095647158889755, 0.6213093728466221]",113,65
8348,[0.81276595 0.49016231],82,61,"[0.8226541227267828, 0.49698240517173836]",70,3
8349,[0.56181734 0.32620241],63,23,"[0.5544996285461486, 0.3649814617648961]",110,-1
8350,[0.71075395 0.1761928 ],49,33,"[0.712147299809196, 0.21396583181069667]",36,-1
8351,[0.51833677 0.54848936],74,38,"[0.5222833502418962, 0.5760861920194034]",80,-1
8352,[0.31117006 0.73414646],89,26,"[0.34140158523352676, 0.7415276229463709]",113,-1
8353,[0.47290633 0.19992306],97,10,"[0.4982904339105401, 0.17462697492844612]",110,63
8354,[0.16480693 0.19405224],90,20,"[0.18106142669570233, 0.20480546739290073]",104,42
8355,[0.85427393 0.69323142],32,65,"[0.8683963995203289, 0.7186203255414056]",98,24
8356,[0.5303354  0.19533803],97,31,"[0.5509259779365981, 0.20365500329799469]",110,-1
8357,[0.20886834 0.8201982 ],64,78,"[0.17639698191982223, 0.8335029307302414]",-1,-1
8358,[0.64276028 0.80408068],31,6,"[0.6704818259566957, 0.7868874266118806]",102,40
8359,[0.2776805  0.45882749],78,2,"[0.2982944979771574, 0.4928881704977565]",113,81
8360,[0.689675   0.72404802],91,11,"[0.7285416878591984, 0.7120527989062413]",102,52
8361,[0.17823262 0.64941786],15,32,"[0.21070106237511496, 0.6599645039522288]",113,43
8362,[0.36144366 0.5193558 ],54,67,"[0.39991637370105465, 0.5429488636659977]",-1,-1
8363,[0.05234459 0.14804288],20,86,"[0.10460029415455299, 0.15390780514892627]",-1,-1
8364,[0.84076404 0.23749182],30,87,"[0.8400115250570579, 0.2635503368487671]",-1,-1
8365,[0.15397379 0.1350228 ],79,7,"[0.16040334011861732, 0.1583747599262833]",104,42
8366,[0.27822566 0.51469643],73,2,"[0.2982944979771574, 0.4928881704977565]",113,81
8367,[0.60646841 0.57795401],40,30,"[0.5893115951066175, 0.5856347360021498]",77,-1
8368,[0.41755125 0.6579394 ],62,18,"[0.4095647158889755, 0.6213093728466221]",113,-1
8369,[0.261172   0.27563568],68,21,"[0.24089021291760518, 0.30160856093346966]",104,-1
8370,[0.29480873 0.72629516],84,81,"[0.2526303993585153, 0.7288181375759063]",113,-1
8371,[0.33249554 0.69183208],13,12,"[0.3563557933558874, 0.6600167756750083]",113,-1
8372,[0.259802   0.30759329],36,21,"[0.24089021291760518, 0.30160856093346966]",104,-1
8373,[0.68933615 0.42991761],35,46,"[0.6818606004752428, 0.39460805157892936]",43,4
8374,[0.3896511  0.36156665],48,13,"[0.3772074110661572, 0.3667665336396509]",113,-1
8375,[0.55716881 0.25227128],6,58,"[0.5903496421521437, 0.26872112132208276]",110,47
8376,[0.2882303  0.66282625],13,8,"[0.29185823944997474, 0.6822630454364129]",113,74
8377,[0.15040226 0.46256191],96,14,"[0.16635912736795258, 0.4532667183848064]",113,69
8378,[0.596092   0.79031865],59,45,"[0.6014090517878816, 0.8253297621455221]",-1,-1
8379,[0.56531995 0.56353071],12,30,"[0.5893115951066175, 0.5856347360021498]",80,30
8380,[0.82309637 0.60965877],4,43,"[0.8559722074695512, 0.5768738433864216]",99,22
8381,[0.82694537 0.65916718],27,25,"[0.8290893185566872, 0.6663325003431528]",102,24
8382,[0.74798882 0.21341041],38,9,"[0.7745160189749856, 0.22813324751878863]",36,12
8383,[0.48132787 0.10910531],46,69,"[0.5153460121236064, 0.11707314703881673]",110,51
8384,[0.20157112 0.45781828],99,3,"[0.22590404659055946, 0.4809143921482596]",113,81
8385,[0.24532101 0.14941544],1,54,"[0.23065754032548644, 0.16311462163198792]",-1,-1
8386,[0.36136017 0.59934006],62,5,"[0.3369928142177202, 0.5813431770807651]",113,84
8387,[0.87014875 0.60068141],4,43,"[0.8559722074695512, 0.5768738433864216]",99,22
8388,[0.37792529 0.22746073],92,4,"[0.3827392388806571, 0.18315480574773338]",110,-1
8389,[0.20201358 0.45938371],94,3,"[0.22590404659055946, 0.4809143921482596]",113,81
8390,[0.53934878 0.37722776],72,23,"[0.5544996285461486, 0.3649814617648961]",110,-1
8391,[0.68820313 0.47492459],35,66,"[0.6892424870002536, 0.4809362987183399]",-1,-1
8392,[0.59033119 0.24599036],80,58,"[0.5903496421521437, 0.26872112132208276]",110,-1
8393,[0.1514081  0.14599766],66,7,"[0.16040334011861732, 0.1583747599262833]",104,42
8394,[0.88376024 0.57322565],4,43,"[0.8559722074695512, 0.5768738433864216]",-1,-1
8395,[0.25462248 0.1975313 ],67,54,"[0.23065754032548644, 0.16311462163198792]",-1,-1
8396,[0.20841369 0.53148943],7,35,"[0.18006516204956544, 0.5309482406934538]",113,81
8397,[0.3801972  0.65338558],9,12,"[0.3563557933558874, 0.6600167756750083]",113,77
8398,[0.15566005 0.23682925],95,20,"[0.18106142669570233, 0.20480546739290073]",104,42
8399,[0.62662483 0.14192713],80,37,"[0.590787313093903, 0.1287873361919935]",110,-1
8400,[0.80811574 0.45008603],28,61,"[0.8226541227267828, 0.49698240517173836]",-1,-1
8401,[0.39940881 0.6265033 ],9,18,"[0.4095647158889755, 0.6213093728466221]",113,84
8402,[0.70761766 0.65317914],3,60,"[0.6482027966760067, 0.6653053686977741]",-1,-1
8403,[0.49260295 0.4406655 ],33,77,"[0.5067154617511884, 0.39780872086571867]",-1,-1
8404,[0.78625339 0.79677038],52,48,"[0.8063574629792128, 0.8028480378432847]",65,-1
8405,[0.30739484 0.64399983],51,8,"[0.29185823944997474, 0.6822630454364129]",113,-1
8406,[0.7919951  0.17918606],57,93,"[0.8175047550160816, 0.1805576480903363]",36,-1
8407,[0.32583422 0.63872128],14,12,"[0.3563557933558874, 0.6600167756750083]",113,-1
8408,[0.61259429 0.26103052],22,58,"[0.5903496421521437, 0.26872112132208276]",14,-1
8409,[0.38082808 0.36651667],65,13,"[0.3772074110661572, 0.3667665336396509]",113,-1
8410,[0.85514908 0.60239279],56,43,"[0.8559722074695512, 0.5768738433864216]",99,22
8411,[0.80430942 0.74989688],60,16,"[0.7557129160895149, 0.7610612683801858]",102,46
8412,[0.77702463 0.61004459],27,53,"[0.7681832820464827, 0.6327372104307392]",28,-1
8413,[0.74870979 0.54551873],11,49,"[0.7597872492020543, 0.528305606483068]",-1,-1
8414,[0.81454618 0.75179415],32,48,"[0.8063574629792128, 0.8028480378432847]",102,-1
8415,[0.14415045 0.41934919],96,76,"[0.1271293063442913, 0.39727223545070534]",-1,-1
8416,[0.53460113 0.1931557 ],75,31,"[0.5509259779365981, 0.20365500329799469]",110,-1
8417,[0.89429162 0.88007011],52,50,"[0.8669550309977382, 0.8414428333530212]",3,-1
8418,[0.65975008 0.37313386],85,46,"[0.6818606004752428, 0.39460805157892936]",46,-1
8419,[0.12093011 0.7347698 ],58,71,"[0.10117111935954111, 0.7754028082579668]",79,-1
8420,[0.77800204 0.66047086],60,53,"[0.7681832820464827, 0.6327372104307392]",102,34
8421,[0.27707533 0.39924141],55,0,"[0.24505961735590134, 0.40258348756972934]",113,81
8422,[0.86134811 0.76542087],26,65,"[0.8683963995203289, 0.7186203255414056]",-1,-1
8423,[0.74047305 0.4219669 ],35,79,"[0.7440923457598303, 0.4172681159825393]",43,-1
8424,[0.10355421 0.69521235],58,72,"[0.13389630971446978, 0.6701017461857026]",-1,-1
8425,[0.0987142  0.65696327],15,72,"[0.13389630971446978, 0.6701017461857026]",-1,-1
8426,[0.55119706 0.32938724],63,23,"[0.5544996285461486, 0.3649814617648961]",110,53
8427,[0.07515112 0.80418667],58,71,"[0.10117111935954111, 0.7754028082579668]",-1,-1
8428,[0.16408159 0.09034618],79,73,"[0.15159497202623598, 0.099534542862727]",-1,-1
8429,[0.8387262  0.40772699],39,85,"[0.8330047067228752, 0.39861674914336154]",12,0
8430,[0.59150467 0.32874373],72,56,"[0.6228765219922414, 0.3379402254620158]",-1,-1
8431,[0.45708539 0.8092552 ],10,51,"[0.47563858561263794, 0.7978986338068428]",113,-1
8432,[0.63983294 0.69720397],50,60,"[0.6482027966760067, 0.6653053686977741]",102,-1
8433,[0.71602118 0.63403334],27,53,"[0.7681832820464827, 0.6327372104307392]",-1,-1
8434,[0.8280345  0.49182972],82,61,"[0.8226541227267828, 0.49698240517173836]",-1,-1
8435,[0.7100462  0.14867197],49,90,"[0.6807795084802507, 0.1410405480143203]",-1,-1
8436,[0.23035489 0.72777498],25,81,"[0.2526303993585153, 0.7288181375759063]",-1,-1
8437,[0.25966337 0.46294256],78,3,"[0.22590404659055946, 0.4809143921482596]",113,81
8438,[0.60087989 0.195612  ],18,55,"[0.6160291566716146, 0.18582080836242268]",110,-1
8439,[0.68627821 0.39828248],44,46,"[0.6818606004752428, 0.39460805157892936]",47,-1
8440,[0.26345225 0.2679879 ],83,21,"[0.24089021291760518, 0.30160856093346966]",104,-1
8441,[0.27101966 0.21038081],68,29,"[0.29724643836137565, 0.21152192866347855]",104,41
8442,[0.25300101 0.43010239],55,0,"[0.24505961735590134, 0.40258348756972934]",113,81
8443,[0.27386542 0.71365331],14,81,"[0.2526303993585153, 0.7288181375759063]",-1,-1
8444,[0.29805142 0.42163139],48,1,"[0.31345252476490787, 0.39568681619531276]",113,81
8445,[0.61653154 0.43960898],76,64,"[0.5873954455556146, 0.4184822956881117]",5,-1
8446,[0.63453166 0.26781179],22,58,"[0.5903496421521437, 0.26872112132208276]",-1,-1
8447,[0.66599014 0.67386979],40,60,"[0.6482027966760067, 0.6653053686977741]",60,19
8448,[0.39030383 0.41131208],65,91,"[0.38272617373285694, 0.45406707742979985]",113,-1
8449,[0.784872   0.24064167],38,9,"[0.7745160189749856, 0.22813324751878863]",36,12
8450,[0.25884292 0.37890488],55,0,"[0.24505961735590134, 0.40258348756972934]",113,81
8451,[0.31150435 0.19441162],1,29,"[0.29724643836137565, 0.21152192866347855]",-1,-1
8452,[0.79506077 0.73178476],56,16,"[0.7557129160895149, 0.7610612683801858]",102,46
8453,[0.35337963 0.76036865],23,26,"[0.34140158523352676, 0.7415276229463709]",113,-1
8454,[0.39094867 0.13007532],92,92,"[0.3725508188236613, 0.1071489353939289]",-1,-1
8455,[0.73479257 0.22931839],30,33,"[0.712147299809196, 0.21396583181069667]",36,-1
8456,[0.49127668 0.14829705],29,10,"[0.4982904339105401, 0.17462697492844612]",110,63
8457,[0.24367563 0.72512848],25,81,"[0.2526303993585153, 0.7288181375759063]",113,-1
8458,[0.30620844 0.52654268],5,2,"[0.2982944979771574, 0.4928881704977565]",113,78
8459,[0.41753569 0.20557271],17,40,"[0.4428604662933861, 0.22666876085097074]",110,63
8460,[0.5113242  0.14290392],97,69,"[0.5153460121236064, 0.11707314703881673]",110,63
8461,[0.64344966 0.93239019],45,74,"[0.6387846519793019, 0.8886269005667045]",-1,-1
8462,[0.30192723 0.75747512],84,26,"[0.34140158523352676, 0.7415276229463709]",112,-1
8463,[0.08867044 0.42354651],96,76,"[0.1271293063442913, 0.39727223545070534]",-1,-1
8464,[0.70179943 0.60113824],11,80,"[0.6893002767673785, 0.5852948461925299]",-1,-1
8465,[0.20478541 0.4838984 ],5,3,"[0.22590404659055946, 0.4809143921482596]",113,81
8466,[0.45182939 0.78881834],88,51,"[0.47563858561263794, 0.7978986338068428]",113,-1
8467,[0.79136089 0.59304724],27,53,"[0.7681832820464827, 0.6327372104307392]",28,13
8468,[0.44284612 0.15664108],46,15,"[0.4480198330140321, 0.13770311065471516]",110,63
8469,[0.73465598 0.6448047 ],19,53,"[0.7681832820464827, 0.6327372104307392]",39,-1
8470,[0.4168668  0.58385864],54,18,"[0.4095647158889755, 0.6213093728466221]",-1,-1
8471,[0.52820276 0.41555492],76,77,"[0.5067154617511884, 0.39780872086571867]",110,-1
8472,[0.63764503 0.74344079],59,27,"[0.6091441642186142, 0.7391629772413223]",-1,-1
8473,[0.12171336 0.47025596],42,52,"[0.10837107196086664, 0.5019908555728455]",-1,-1
8474,[0.33192164 0.23672976],2,44,"[0.34401211644161456, 0.2727474001163449]",110,-1
8475,[0.38486531 0.71033344],23,59,"[0.4102385111598612, 0.7308207375545044]",113,-1
8476,[0.73300858 0.28965316],86,36,"[0.718962763471204, 0.2995127644433783]",36,-1
8477,[0.51863665 0.2976005 ],6,17,"[0.5266584783397147, 0.2925234389366824]",-1,-1
8478,[0.52744408 0.60055665],12,38,"[0.5222833502418962, 0.5760861920194034]",80,27
8479,[0.86361538 0.64810817],4,25,"[0.8290893185566872, 0.6663325003431528]",98,25
8480,[0.85842987 0.62746156],4,83,"[0.9023954923676734, 0.6253829621221342]",-1,-1
8481,[0.27656596 0.40684355],99,0,"[0.24505961735590134, 0.40258348756972934]",113,81
8482,[0.42075755 0.77084138],10,22,"[0.4053244070468948, 0.7892325425819533]",113,71
8483,[0.65343819 0.80775908],59,6,"[0.6704818259566957, 0.7868874266118806]",102,-1
8484,[0.32575773 0.62929867],62,12,"[0.3563557933558874, 0.6600167756750083]",113,80
8485,[0.32542885 0.60301457],62,5,"[0.3369928142177202, 0.5813431770807651]",113,-1
8486,[0.83316844 0.42644381],39,85,"[0.8330047067228752, 0.39861674914336154]",12,-1
8487,[0.80490498 0.63512942],19,53,"[0.7681832820464827, 0.6327372104307392]",-1,-1
8488,[0.33130255 0.50615906],73,2,"[0.2982944979771574, 0.4928881704977565]",113,-1
8489,[0.06745568 0.71833191],58,71,"[0.10117111935954111, 0.7754028082579668]",-1,-1
8490,[0.78125245 0.74348085],32,16,"[0.7557129160895149, 0.7610612683801858]",102,46
8491,[0.10535149 0.87642496],21,47,"[0.12002015978901225, 0.8781802626724163]",-1,-1
8492,[0.2191578  0.15518726],79,54,"[0.23065754032548644, 0.16311462163198792]",-1,-1
8493,[0.5902928  0.40820461],76,64,"[0.5873954455556146, 0.4184822956881117]",-1,-1
8494,[0.50943318 0.18134539],97,10,"[0.4982904339105401, 0.17462697492844612]",110,63
8495,[0.85064481 0.68982509],56,25,"[0.8290893185566872, 0.6663325003431528]",98,24
8496,[0.71324042 0.49321455],35,66,"[0.6892424870002536, 0.4809362987183399]",50,10
8497,[0.1509186  0.16775865],79,7,"[0.16040334011861732, 0.1583747599262833]",104,42
8498,[0.55284645 0.35003166],76,23,"[0.5544996285461486, 0.3649814617648961]",110,53
8499,[0.68910024 0.83048309],59,75,"[0.7159769487757391, 0.8473248623765012]",102,-1
8500,[0.5598427  0.19431873],75,31,"[0.5509259779365981, 0.20365500329799469]",110,61
8501,[0.35647197 0.58692613],62,5,"[0.3369928142177202, 0.5813431770807651]",113,-1
8502,[0.64574886 0.78416129],59,6,"[0.6704818259566957, 0.7868874266118806]",102,-1
8503,[0.73104813 0.7608404 ],60,16,"[0.7557129160895149, 0.7610612683801858]",102,56
8504,[0.64783479 0.41587791],44,46,"[0.6818606004752428, 0.39460805157892936]",-1,-1
8505,[0.63165658 0.19856425],80,55,"[0.6160291566716146, 0.18582080836242268]",110,-1
8506,[0.29911558 0.43006922],77,1,"[0.31345252476490787, 0.39568681619531276]",113,-1
8507,[0.19833968 0.66771043],0,32,"[0.21070106237511496, 0.6599645039522288]",113,-1
8508,[0.73644494 0.36457593],85,79,"[0.7440923457598303, 0.4172681159825393]",-1,-1
8509,[0.38214864 0.87045658],10,41,"[0.4045860819360065, 0.8451095848913467]",-1,-1
8510,[0.69612916 0.50658013],82,66,"[0.6892424870002536, 0.4809362987183399]",-1,-1
8511,[0.28680859 0.20236779],68,29,"[0.29724643836137565, 0.21152192866347855]",104,-1
8512,[0.55055226 0.30354476],6,17,"[0.5266584783397147, 0.2925234389366824]",110,48
8513,[0.6847184  0.40048095],35,46,"[0.6818606004752428, 0.39460805157892936]",-1,-1
8514,[0.16065957 0.38055874],96,76,"[0.1271293063442913, 0.39727223545070534]",-1,-1
8515,[0.57487384 0.30699802],63,58,"[0.5903496421521437, 0.26872112132208276]",110,-1
8516,[0.2945304 0.5200529],5,2,"[0.2982944979771574, 0.4928881704977565]",113,-1
8517,[0.89015206 0.8093612 ],52,50,"[0.8669550309977382, 0.8414428333530212]",55,-1
8518,[0.38352346 0.14895035],92,4,"[0.3827392388806571, 0.18315480574773338]",110,62
8519,[0.12868571 0.65353314],0,72,"[0.13389630971446978, 0.6701017461857026]",58,-1
8520,[0.88674243 0.33139016],37,84,"[0.8747370333854485, 0.3299307577245935]",25,-1
8521,[0.34462962 0.40889345],65,1,"[0.31345252476490787, 0.39568681619531276]",113,-1
8522,[0.49620698 0.16897985],46,10,"[0.4982904339105401, 0.17462697492844612]",110,63
8523,[0.32319341 0.66514505],51,12,"[0.3563557933558874, 0.6600167756750083]",113,83
8524,[0.72926647 0.25673997],38,36,"[0.718962763471204, 0.2995127644433783]",36,-1
8525,[0.87122352 0.35652233],37,84,"[0.8747370333854485, 0.3299307577245935]",24,2
8526,[0.52579999 0.41477755],33,77,"[0.5067154617511884, 0.39780872086571867]",110,-1
8527,[0.29648912 0.66887094],54,8,"[0.29185823944997474, 0.6822630454364129]",113,74
8528,[0.47688952 0.16015783],97,10,"[0.4982904339105401, 0.17462697492844612]",110,63
8529,[0.12568728 0.1861971 ],95,57,"[0.11385950246950007, 0.22156166292214274]",104,-1
8530,[0.39345697 0.45408093],70,91,"[0.38272617373285694, 0.45406707742979985]",-1,-1
8531,[0.60507166 0.19521931],80,55,"[0.6160291566716146, 0.18582080836242268]",110,37
8532,[0.5311959  0.31880846],72,17,"[0.5266584783397147, 0.2925234389366824]",110,49
8533,[0.4614688  0.21371922],97,40,"[0.4428604662933861, 0.22666876085097074]",110,-1
8534,[0.74737716 0.758857  ],50,16,"[0.7557129160895149, 0.7610612683801858]",102,-1
8535,[0.27022169 0.67378323],98,8,"[0.29185823944997474, 0.6822630454364129]",113,73
8536,[0.30004389 0.66832922],8,8,"[0.29185823944997474, 0.6822630454364129]",113,74
8537,[0.20438044 0.09047747],66,73,"[0.15159497202623598, 0.099534542862727]",-1,-1
8538,[0.4978611 0.7993044],41,51,"[0.47563858561263794, 0.7978986338068428]",-1,-1
8539,[0.85914841 0.58654377],4,43,"[0.8559722074695512, 0.5768738433864216]",99,22
8540,[0.48746329 0.12423424],18,69,"[0.5153460121236064, 0.11707314703881673]",110,51
8541,[0.86122157 0.81118361],26,50,"[0.8669550309977382, 0.8414428333530212]",54,15
8542,[0.25077716 0.41568871],99,0,"[0.24505961735590134, 0.40258348756972934]",113,81
8543,[0.32348058 0.61468342],62,5,"[0.3369928142177202, 0.5813431770807651]",113,80
8544,[0.80147732 0.41578297],39,85,"[0.8330047067228752, 0.39861674914336154]",11,-1
8545,[0.9386722  0.85395226],52,98,"[0.942733982760607, 0.8236412439484]",-1,-1
8546,[0.48320769 0.8557275 ],24,63,"[0.4663233365844979, 0.874422196988726]",-1,23
8547,[0.60475368 0.12825903],80,37,"[0.590787313093903, 0.1287873361919935]",110,-1
8548,[0.31950322 0.44215788],48,1,"[0.31345252476490787, 0.39568681619531276]",113,75
8549,[0.35816223 0.38093119],70,13,"[0.3772074110661572, 0.3667665336396509]",113,81
8550,[0.16497504 0.25579721],90,19,"[0.1752933885253929, 0.2769931075732081]",104,42
8551,[0.20152912 0.45964382],42,3,"[0.22590404659055946, 0.4809143921482596]",113,81
8552,[0.54028023 0.40129831],76,77,"[0.5067154617511884, 0.39780872086571867]",110,-1
8553,[0.23965251 0.32670682],83,21,"[0.24089021291760518, 0.30160856093346966]",62,-1
8554,[0.41513382 0.80902723],41,22,"[0.4053244070468948, 0.7892325425819533]",-1,-1
8555,[0.57876673 0.23397624],6,58,"[0.5903496421521437, 0.26872112132208276]",110,-1
8556,[0.55518378 0.57398365],74,38,"[0.5222833502418962, 0.5760861920194034]",-1,-1
8557,[0.63281826 0.62134629],12,60,"[0.6482027966760067, 0.6653053686977741]",-1,-1
8558,[0.45614789 0.59810419],74,18,"[0.4095647158889755, 0.6213093728466221]",-1,-1
8559,[0.19466361 0.15935176],20,7,"[0.16040334011861732, 0.1583747599262833]",104,42
8560,[0.24968311 0.38529468],55,0,"[0.24505961735590134, 0.40258348756972934]",113,81
8561,[0.75922993 0.13755211],49,62,"[0.7592128314241189, 0.15406303015764497]",-1,-1
8562,[0.07936489 0.46670388],42,52,"[0.10837107196086664, 0.5019908555728455]",-1,-1
8563,[0.28223227 0.17880748],67,29,"[0.29724643836137565, 0.21152192866347855]",51,-1
8564,[0.76640959 0.75600015],50,16,"[0.7557129160895149, 0.7610612683801858]",102,-1
8565,[0.10931157 0.85393658],21,47,"[0.12002015978901225, 0.8781802626724163]",-1,-1
8566,[0.29370243 0.61966273],25,5,"[0.3369928142177202, 0.5813431770807651]",113,-1
8567,[0.61296256 0.39124137],44,64,"[0.5873954455556146, 0.4184822956881117]",-1,-1
8568,[0.76644647 0.31781183],30,39,"[0.7929729113380171, 0.306282578754693]",-1,-1
8569,[0.42436528 0.76939238],88,22,"[0.4053244070468948, 0.7892325425819533]",113,71
8570,[0.44312933 0.85865257],23,63,"[0.4663233365844979, 0.874422196988726]",93,23
8571,[0.75839255 0.69425146],19,11,"[0.7285416878591984, 0.7120527989062413]",102,-1
8572,[0.19896514 0.44916358],34,14,"[0.16635912736795258, 0.4532667183848064]",113,81
8573,[0.7826134  0.83549521],26,48,"[0.8063574629792128, 0.8028480378432847]",-1,-1
8574,[0.61669695 0.18208885],80,55,"[0.6160291566716146, 0.18582080836242268]",110,37
8575,[0.76834955 0.58658234],27,53,"[0.7681832820464827, 0.6327372104307392]",28,-1
8576,[0.6206303  0.83785083],31,45,"[0.6014090517878816, 0.8253297621455221]",102,-1
8577,[0.3744747  0.45484899],48,91,"[0.38272617373285694, 0.45406707742979985]",-1,-1
8578,[0.08918244 0.88949215],21,47,"[0.12002015978901225, 0.8781802626724163]",7,-1
8579,[0.60027547 0.84642246],45,45,"[0.6014090517878816, 0.8253297621455221]",85,-1
8580,[0.90058458 0.29515643],37,97,"[0.9117696710959879, 0.2607718115134211]",-1,-1
8581,[0.16836632 0.23781152],68,20,"[0.18106142669570233, 0.20480546739290073]",104,42
8582,[0.56550834 0.89251773],45,89,"[0.5577955894805164, 0.8749894575544954]",-1,-1
8583,[0.50885377 0.29196951],6,17,"[0.5266584783397147, 0.2925234389366824]",110,-1
8584,[0.27570972 0.5087836 ],73,2,"[0.2982944979771574, 0.4928881704977565]",113,81
8585,[0.16885444 0.28243938],95,19,"[0.1752933885253929, 0.2769931075732081]",104,42
8586,[0.75293813 0.76891382],32,16,"[0.7557129160895149, 0.7610612683801858]",102,-1
8587,[0.66360508 0.41401756],44,46,"[0.6818606004752428, 0.39460805157892936]",43,-1
8588,[0.24957671 0.45547304],34,3,"[0.22590404659055946, 0.4809143921482596]",113,81
8589,[0.82412517 0.73159072],32,65,"[0.8683963995203289, 0.7186203255414056]",-1,-1
8590,[0.39767955 0.59397583],54,18,"[0.4095647158889755, 0.6213093728466221]",113,-1
8591,[0.78471346 0.70979238],32,11,"[0.7285416878591984, 0.7120527989062413]",102,-1
8592,[0.26834741 0.30598971],55,21,"[0.24089021291760518, 0.30160856093346966]",104,-1
8593,[0.09526447 0.40232599],96,76,"[0.1271293063442913, 0.39727223545070534]",-1,-1
8594,[0.16240397 0.47209109],42,14,"[0.16635912736795258, 0.4532667183848064]",113,69
8595,[0.5395479  0.38274206],33,23,"[0.5544996285461486, 0.3649814617648961]",110,-1
8596,[0.4216653  0.78848271],88,22,"[0.4053244070468948, 0.7892325425819533]",113,-1
8597,[0.68616421 0.58168043],11,80,"[0.6893002767673785, 0.5852948461925299]",-1,-1
8598,[0.32599032 0.54917132],69,5,"[0.3369928142177202, 0.5813431770807651]",113,72
8599,[0.61548482 0.66077958],12,60,"[0.6482027966760067, 0.6653053686977741]",101,-1
8600,[0.48903091 0.30805408],6,17,"[0.5266584783397147, 0.2925234389366824]",-1,-1
8601,[0.26094349 0.76007694],84,81,"[0.2526303993585153, 0.7288181375759063]",16,-1
8602,[0.39059495 0.71371421],23,59,"[0.4102385111598612, 0.7308207375545044]",113,67
8603,[0.13291984 0.40128818],96,76,"[0.1271293063442913, 0.39727223545070534]",108,-1
8604,[0.58832904 0.67205348],40,28,"[0.572088563242004, 0.6648723747855627]",-1,-1
8605,[0.79074591 0.15706521],49,62,"[0.7592128314241189, 0.15406303015764497]",36,-1
8606,[0.13642259 0.13377631],20,7,"[0.16040334011861732, 0.1583747599262833]",104,42
8607,[0.23870244 0.60477249],5,24,"[0.2575895391106446, 0.5636151717894005]",-1,-1
8608,[0.86429836 0.46550683],39,94,"[0.8753265847499492, 0.4535299653068886]",17,-1
8609,[0.4236389  0.17426044],46,4,"[0.3827392388806571, 0.18315480574773338]",110,63
8610,[0.18655518 0.85101943],21,78,"[0.17639698191982223, 0.8335029307302414]",-1,-1
8611,[0.64598362 0.46985468],35,66,"[0.6892424870002536, 0.4809362987183399]",-1,-1
8612,[0.65164865 0.63687964],19,60,"[0.6482027966760067, 0.6653053686977741]",-1,1
8613,[0.61516317 0.61019101],40,30,"[0.5893115951066175, 0.5856347360021498]",81,-1
8614,[0.35371228 0.75625469],84,26,"[0.34140158523352676, 0.7415276229463709]",113,-1
8615,[0.67850725 0.78293953],45,6,"[0.6704818259566957, 0.7868874266118806]",102,50
8616,[0.33098574 0.23043664],17,29,"[0.29724643836137565, 0.21152192866347855]",110,-1
8617,[0.05531706 0.80279971],58,71,"[0.10117111935954111, 0.7754028082579668]",-1,-1
8618,[0.39674634 0.18507333],2,4,"[0.3827392388806571, 0.18315480574773338]",110,-1
8619,[0.87036071 0.62522611],27,83,"[0.9023954923676734, 0.6253829621221342]",-1,-1
8620,[0.53017676 0.24661407],6,17,"[0.5266584783397147, 0.2925234389366824]",110,-1
8621,[0.81510266 0.31608799],30,39,"[0.7929729113380171, 0.306282578754693]",36,8
8622,[0.14201079 0.28782286],83,19,"[0.1752933885253929, 0.2769931075732081]",104,-1
8623,[0.19182097 0.17056482],47,7,"[0.16040334011861732, 0.1583747599262833]",104,42
8624,[0.7935833  0.65544017],27,53,"[0.7681832820464827, 0.6327372104307392]",102,-1
8625,[0.42803769 0.14842512],92,15,"[0.4480198330140321, 0.13770311065471516]",110,-1
8626,[0.54778846 0.11357015],75,69,"[0.5153460121236064, 0.11707314703881673]",-1,-1
8627,[0.6696197  0.83660702],59,75,"[0.7159769487757391, 0.8473248623765012]",102,-1
8628,[0.57410968 0.42090228],33,64,"[0.5873954455556146, 0.4184822956881117]",105,-1
8629,[0.76030276 0.27322031],49,39,"[0.7929729113380171, 0.306282578754693]",36,11
8630,[0.52642801 0.15208745],71,10,"[0.4982904339105401, 0.17462697492844612]",110,63
8631,[0.69714952 0.29710084],30,36,"[0.718962763471204, 0.2995127644433783]",34,-1
8632,[0.67387605 0.5046799 ],35,66,"[0.6892424870002536, 0.4809362987183399]",-1,-1
8633,[0.35006931 0.67944082],14,12,"[0.3563557933558874, 0.6600167756750083]",113,-1
8634,[0.77244559 0.21072951],93,9,"[0.7745160189749856, 0.22813324751878863]",36,12
8635,[0.62527714 0.62404764],40,60,"[0.6482027966760067, 0.6653053686977741]",-1,-1
8636,[0.19005108 0.63062118],25,70,"[0.16883511008014604, 0.6108734061004485]",113,-1
8637,[0.6278877 0.6347854],12,60,"[0.6482027966760067, 0.6653053686977741]",-1,-1
8638,[0.56773196 0.22384255],71,31,"[0.5509259779365981, 0.20365500329799469]",110,-1
8639,[0.51489303 0.09695326],18,69,"[0.5153460121236064, 0.11707314703881673]",89,-1
8640,[0.2009064  0.48755493],94,3,"[0.22590404659055946, 0.4809143921482596]",113,81
8641,[0.67586499 0.65424813],19,60,"[0.6482027966760067, 0.6653053686977741]",-1,-1
8642,[0.14910797 0.53314997],87,35,"[0.18006516204956544, 0.5309482406934538]",113,64
8643,[0.1425683  0.18950065],20,7,"[0.16040334011861732, 0.1583747599262833]",104,42
8644,[0.180725   0.19940133],20,20,"[0.18106142669570233, 0.20480546739290073]",104,42
8645,[0.50704795 0.30729391],6,17,"[0.5266584783397147, 0.2925234389366824]",-1,-1
8646,[0.18205246 0.18111548],66,20,"[0.18106142669570233, 0.20480546739290073]",104,42
8647,[0.51775608 0.85208567],24,89,"[0.5577955894805164, 0.8749894575544954]",-1,-1
8648,[0.19636123 0.7567257 ],0,42,"[0.17164193172035744, 0.7477907034099851]",88,-1
8649,[0.5478518 0.713897 ],81,28,"[0.572088563242004, 0.6648723747855627]",-1,-1
8650,[0.72349768 0.21867666],30,33,"[0.712147299809196, 0.21396583181069667]",36,-1
8651,[0.10788746 0.4820969 ],42,52,"[0.10837107196086664, 0.5019908555728455]",113,-1
8652,[0.208874   0.55310112],8,35,"[0.18006516204956544, 0.5309482406934538]",113,-1
8653,[0.54339776 0.45334024],76,68,"[0.5421113451424038, 0.49916034700705]",-1,-1
8654,[0.87310729 0.66768392],56,25,"[0.8290893185566872, 0.6663325003431528]",98,-1
8655,[0.37177486 0.56506648],62,67,"[0.39991637370105465, 0.5429488636659977]",113,-1
8656,[0.41743412 0.62231603],54,18,"[0.4095647158889755, 0.6213093728466221]",113,84
8657,[0.19637143 0.16735063],66,54,"[0.23065754032548644, 0.16311462163198792]",104,42
8658,[0.52750814 0.14822866],71,69,"[0.5153460121236064, 0.11707314703881673]",110,63
8659,[0.71967789 0.19318485],49,33,"[0.712147299809196, 0.21396583181069667]",36,6
8660,[0.15692357 0.42935367],94,14,"[0.16635912736795258, 0.4532667183848064]",-1,-1
8661,[0.23373543 0.35475282],83,0,"[0.24505961735590134, 0.40258348756972934]",113,-1
8662,[0.59607623 0.31863517],63,56,"[0.6228765219922414, 0.3379402254620158]",110,-1
8663,[0.55911042 0.60581775],16,30,"[0.5893115951066175, 0.5856347360021498]",81,29
8664,[0.49486567 0.32581695],76,17,"[0.5266584783397147, 0.2925234389366824]",110,-1
8665,[0.13244332 0.86942912],21,47,"[0.12002015978901225, 0.8781802626724163]",22,7
8666,[0.76411189 0.31552105],85,39,"[0.7929729113380171, 0.306282578754693]",-1,-1
8667,[0.21156856 0.37141634],55,0,"[0.24505961735590134, 0.40258348756972934]",75,-1
8668,[0.30576966 0.494864  ],73,2,"[0.2982944979771574, 0.4928881704977565]",113,82
8669,[0.76757102 0.65506492],19,53,"[0.7681832820464827, 0.6327372104307392]",102,-1
8670,[0.21256024 0.14917247],95,54,"[0.23065754032548644, 0.16311462163198792]",104,-1
8671,[0.3540351  0.38983815],70,13,"[0.3772074110661572, 0.3667665336396509]",113,81
8672,[0.14574214 0.32709189],47,19,"[0.1752933885253929, 0.2769931075732081]",-1,-1
8673,[0.29057004 0.46953608],69,2,"[0.2982944979771574, 0.4928881704977565]",113,-1
8674,[0.42896707 0.84550666],41,41,"[0.4045860819360065, 0.8451095848913467]",113,-1
8675,[0.8927987  0.33215854],37,84,"[0.8747370333854485, 0.3299307577245935]",25,-1
8676,[0.15593879 0.2645585 ],20,19,"[0.1752933885253929, 0.2769931075732081]",-1,-1
8677,[0.29723656 0.3586678 ],55,1,"[0.31345252476490787, 0.39568681619531276]",113,81
8678,[0.52915361 0.31969468],6,17,"[0.5266584783397147, 0.2925234389366824]",110,49
8679,[0.7665753  0.29121589],86,39,"[0.7929729113380171, 0.306282578754693]",36,-1
8680,[0.39763956 0.3177005 ],70,13,"[0.3772074110661572, 0.3667665336396509]",-1,-1
8681,[0.18005293 0.06929317],66,73,"[0.15159497202623598, 0.099534542862727]",-1,-1
8682,[0.17248216 0.24041915],83,20,"[0.18106142669570233, 0.20480546739290073]",104,42
8683,[0.13000321 0.84594245],64,47,"[0.12002015978901225, 0.8781802626724163]",-1,-1
8684,[0.44064652 0.85415667],10,63,"[0.4663233365844979, 0.874422196988726]",-1,-1
8685,[0.277158   0.67009498],14,8,"[0.29185823944997474, 0.6822630454364129]",113,73
8686,[0.24664513 0.71435798],25,81,"[0.2526303993585153, 0.7288181375759063]",113,-1
8687,[0.66980269 0.82727163],53,6,"[0.6704818259566957, 0.7868874266118806]",102,-1
8688,[0.60668407 0.20275786],75,55,"[0.6160291566716146, 0.18582080836242268]",110,37
8689,[0.12312898 0.11203622],66,73,"[0.15159497202623598, 0.099534542862727]",-1,-1
8690,[0.41093046 0.13129381],29,15,"[0.4480198330140321, 0.13770311065471516]",-1,-1
8691,[0.77339475 0.24296473],38,9,"[0.7745160189749856, 0.22813324751878863]",36,12
8692,[0.73801332 0.85835857],26,75,"[0.7159769487757391, 0.8473248623765012]",-1,-1
8693,[0.8459786  0.79496799],26,48,"[0.8063574629792128, 0.8028480378432847]",54,-1
8694,[0.33532352 0.3366934 ],48,13,"[0.3772074110661572, 0.3667665336396509]",113,-1
8695,[0.78987302 0.32374847],57,39,"[0.7929729113380171, 0.306282578754693]",35,-1
8696,[0.67305666 0.55604268],11,80,"[0.6893002767673785, 0.5852948461925299]",-1,-1
8697,[0.26054005 0.68282378],13,8,"[0.29185823944997474, 0.6822630454364129]",113,-1
8698,[0.22863975 0.20834627],67,34,"[0.22317706824250913, 0.23387943431995686]",104,42
8699,[0.74938254 0.58872421],11,53,"[0.7681832820464827, 0.6327372104307392]",27,-1
8700,[0.84458816 0.25640605],30,87,"[0.8400115250570579, 0.2635503368487671]",-1,-1
8701,[0.45952872 0.16943852],61,15,"[0.4480198330140321, 0.13770311065471516]",110,63
8702,[0.62951426 0.8341293 ],45,45,"[0.6014090517878816, 0.8253297621455221]",102,39
8703,[0.26686245 0.80061502],84,82,"[0.32758089961125464, 0.809330839306685]",-1,-1
8704,[0.4649596  0.22314989],61,40,"[0.4428604662933861, 0.22666876085097074]",110,-1
8705,[0.26272668 0.71302898],98,81,"[0.2526303993585153, 0.7288181375759063]",113,-1
8706,[0.63001692 0.29786498],72,56,"[0.6228765219922414, 0.3379402254620158]",-1,-1
8707,[0.82365926 0.63930178],27,25,"[0.8290893185566872, 0.6663325003431528]",-1,-1
8708,[0.30088014 0.24673598],1,29,"[0.29724643836137565, 0.21152192866347855]",104,33
8709,[0.40177094 0.75540957],89,59,"[0.4102385111598612, 0.7308207375545044]",113,-1
8710,[0.31159331 0.56267298],8,5,"[0.3369928142177202, 0.5813431770807651]",113,-1
8711,[0.21282719 0.45162202],34,3,"[0.22590404659055946, 0.4809143921482596]",113,81
8712,[0.64110755 0.7298089 ],59,27,"[0.6091441642186142, 0.7391629772413223]",102,-1
8713,[0.34503921 0.14169314],2,92,"[0.3725508188236613, 0.1071489353939289]",-1,-1
8714,[0.36072749 0.67602584],9,12,"[0.3563557933558874, 0.6600167756750083]",113,-1
8715,[0.66737292 0.42443487],44,46,"[0.6818606004752428, 0.39460805157892936]",43,4
8716,[0.53964635 0.76343505],88,-1,-1,8,-1
8717,[0.6687369  0.42457464],35,46,"[0.6818606004752428, 0.39460805157892936]",43,4
8718,[0.13035356 0.26126715],47,57,"[0.11385950246950007, 0.22156166292214274]",61,-1
8719,[0.18956463 0.50459262],96,35,"[0.18006516204956544, 0.5309482406934538]",113,81
8720,[0.20782508 0.21807291],47,34,"[0.22317706824250913, 0.23387943431995686]",104,42
8721,[0.61776533 0.16647258],75,55,"[0.6160291566716146, 0.18582080836242268]",110,37
8722,[0.63732303 0.61527378],12,60,"[0.6482027966760067, 0.6653053686977741]",-1,-1
8723,[0.24428334 0.69007469],15,81,"[0.2526303993585153, 0.7288181375759063]",113,-1
8724,[0.16507814 0.37890796],7,76,"[0.1271293063442913, 0.39727223545070534]",-1,-1
8725,[0.36744306 0.73888534],89,26,"[0.34140158523352676, 0.7415276229463709]",113,-1
8726,[0.1716823 0.895123 ],21,47,"[0.12002015978901225, 0.8781802626724163]",-1,-1
8727,[0.86135848 0.56833515],28,43,"[0.8559722074695512, 0.5768738433864216]",-1,-1
8728,[0.13271777 0.19704017],95,57,"[0.11385950246950007, 0.22156166292214274]",104,-1
8729,[0.3384061  0.40612106],77,1,"[0.31345252476490787, 0.39568681619531276]",113,81
8730,[0.21559107 0.19097981],36,54,"[0.23065754032548644, 0.16311462163198792]",104,42
8731,[0.46889331 0.16478718],2,10,"[0.4982904339105401, 0.17462697492844612]",110,63
8732,[0.6800679  0.39594379],44,46,"[0.6818606004752428, 0.39460805157892936]",47,5
8733,[0.6554129  0.33720111],44,56,"[0.6228765219922414, 0.3379402254620158]",-1,-1
8734,[0.78352685 0.3160078 ],30,39,"[0.7929729113380171, 0.306282578754693]",35,-1
8735,[0.14810203 0.74884006],25,42,"[0.17164193172035744, 0.7477907034099851]",84,-1
8736,[0.33900175 0.43288646],48,1,"[0.31345252476490787, 0.39568681619531276]",113,-1
8737,[0.49997689 0.16710644],18,10,"[0.4982904339105401, 0.17462697492844612]",110,63
8738,[0.15165709 0.47409448],87,14,"[0.16635912736795258, 0.4532667183848064]",113,66
8739,[0.78371989 0.26967679],57,39,"[0.7929729113380171, 0.306282578754693]",36,-1
8740,[0.21080099 0.3894097 ],34,0,"[0.24505961735590134, 0.40258348756972934]",113,-1
8741,[0.18045061 0.36759666],94,76,"[0.1271293063442913, 0.39727223545070534]",-1,-1
8742,[0.11697571 0.25805325],47,57,"[0.11385950246950007, 0.22156166292214274]",-1,-1
8743,[0.12629415 0.66349854],15,72,"[0.13389630971446978, 0.6701017461857026]",58,-1
8744,[0.39074182 0.23063512],92,4,"[0.3827392388806571, 0.18315480574773338]",110,-1
8745,[0.51289873 0.61167922],81,38,"[0.5222833502418962, 0.5760861920194034]",-1,-1
8746,[0.68998312 0.78929049],59,6,"[0.6704818259566957, 0.7868874266118806]",102,50
8747,[0.35301551 0.17335117],2,4,"[0.3827392388806571, 0.18315480574773338]",110,-1
8748,[0.19697534 0.60731271],15,70,"[0.16883511008014604, 0.6108734061004485]",113,-1
8749,[0.79097411 0.25633677],38,9,"[0.7745160189749856, 0.22813324751878863]",36,12
8750,[0.83558428 0.49324576],39,61,"[0.8226541227267828, 0.49698240517173836]",68,-1
8751,[0.70000974 0.73752027],91,11,"[0.7285416878591984, 0.7120527989062413]",102,-1
8752,[0.15428223 0.62783784],25,70,"[0.16883511008014604, 0.6108734061004485]",113,43
8753,[0.24115213 0.19123494],67,54,"[0.23065754032548644, 0.16311462163198792]",104,-1
8754,[0.72189845 0.49299871],82,66,"[0.6892424870002536, 0.4809362987183399]",50,10
8755,[0.615147   0.70263274],40,27,"[0.6091441642186142, 0.7391629772413223]",102,36
8756,[0.17210557 0.44847458],87,14,"[0.16635912736795258, 0.4532667183848064]",113,-1
8757,[0.87279826 0.69454922],56,65,"[0.8683963995203289, 0.7186203255414056]",98,-1
8758,[0.16699849 0.1392287 ],79,7,"[0.16040334011861732, 0.1583747599262833]",104,42
8759,[0.33203351 0.71897713],13,26,"[0.34140158523352676, 0.7415276229463709]",113,76
8760,[0.52658364 0.20496137],97,31,"[0.5509259779365981, 0.20365500329799469]",110,-1
8761,[0.69191644 0.32199041],85,36,"[0.718962763471204, 0.2995127644433783]",-1,-1
8762,[0.16893664 0.28379165],83,19,"[0.1752933885253929, 0.2769931075732081]",104,42
8763,[0.33832317 0.23119934],17,44,"[0.34401211644161456, 0.2727474001163449]",110,-1
8764,[0.59408606 0.62355685],12,30,"[0.5893115951066175, 0.5856347360021498]",81,29
8765,[0.51688832 0.17881117],97,10,"[0.4982904339105401, 0.17462697492844612]",110,-1
8766,[0.60800848 0.18732208],75,55,"[0.6160291566716146, 0.18582080836242268]",110,37
8767,[0.59227632 0.73976157],3,27,"[0.6091441642186142, 0.7391629772413223]",-1,-1
8768,[0.83341433 0.71460112],56,65,"[0.8683963995203289, 0.7186203255414056]",-1,-1
8769,[0.35123528 0.74245087],89,26,"[0.34140158523352676, 0.7415276229463709]",113,-1
8770,[0.33086042 0.81464996],89,82,"[0.32758089961125464, 0.809330839306685]",82,-1
8771,[0.73842278 0.71302813],50,11,"[0.7285416878591984, 0.7120527989062413]",102,55
8772,[0.47529718 0.85582047],24,63,"[0.4663233365844979, 0.874422196988726]",93,23
8773,[0.14215187 0.47615023],96,14,"[0.16635912736795258, 0.4532667183848064]",113,-1
8774,[0.20027856 0.13390966],67,54,"[0.23065754032548644, 0.16311462163198792]",104,-1
8775,[0.84628652 0.4635334 ],39,94,"[0.8753265847499492, 0.4535299653068886]",17,-1
8776,[0.2933342  0.24430646],36,29,"[0.29724643836137565, 0.21152192866347855]",104,33
8777,[0.37503063 0.79506044],10,22,"[0.4053244070468948, 0.7892325425819533]",113,71
8778,[0.19251839 0.18184927],90,20,"[0.18106142669570233, 0.20480546739290073]",104,42
8779,[0.63122491 0.87142709],45,74,"[0.6387846519793019, 0.8886269005667045]",-1,-1
8780,[0.45902599 0.61386841],9,18,"[0.4095647158889755, 0.6213093728466221]",-1,-1
8781,[0.16461655 0.17268891],36,7,"[0.16040334011861732, 0.1583747599262833]",104,42
8782,[0.152756   0.73392824],58,42,"[0.17164193172035744, 0.7477907034099851]",84,18
8783,[0.31697811 0.83472479],41,82,"[0.32758089961125464, 0.809330839306685]",-1,-1
8784,[0.48963898 0.36353942],76,77,"[0.5067154617511884, 0.39780872086571867]",-1,-1
8785,[0.88298037 0.85346633],52,50,"[0.8669550309977382, 0.8414428333530212]",52,-1
8786,[0.34657499 0.58084745],54,5,"[0.3369928142177202, 0.5813431770807651]",113,-1
8787,[0.68927288 0.80722567],53,6,"[0.6704818259566957, 0.7868874266118806]",102,50
8788,[0.79577912 0.17580941],93,93,"[0.8175047550160816, 0.1805576480903363]",36,-1
8789,[0.32188745 0.26109912],17,44,"[0.34401211644161456, 0.2727474001163449]",76,17
8790,[0.32969845 0.45694073],5,2,"[0.2982944979771574, 0.4928881704977565]",-1,-1
8791,[0.79483718 0.21556382],57,9,"[0.7745160189749856, 0.22813324751878863]",36,12
8792,[0.73817575 0.74312913],32,16,"[0.7557129160895149, 0.7610612683801858]",102,57
8793,[0.19470047 0.33516779],83,21,"[0.24089021291760518, 0.30160856093346966]",-1,-1
8794,[0.16483532 0.79971236],64,78,"[0.17639698191982223, 0.8335029307302414]",59,-1
8795,[0.19119087 0.47014338],94,14,"[0.16635912736795258, 0.4532667183848064]",113,-1
8796,[0.10073461 0.45856394],42,52,"[0.10837107196086664, 0.5019908555728455]",100,-1
8797,[0.44344701 0.62500076],9,18,"[0.4095647158889755, 0.6213093728466221]",-1,-1
8798,[0.58603216 0.73501208],40,27,"[0.6091441642186142, 0.7391629772413223]",-1,-1
8799,[0.14734265 0.82614782],58,78,"[0.17639698191982223, 0.8335029307302414]",59,9
8800,[0.59042937 0.7743957 ],3,27,"[0.6091441642186142, 0.7391629772413223]",-1,-1
8801,[0.36353349 0.60337313],14,5,"[0.3369928142177202, 0.5813431770807651]",113,84
8802,[0.5689176  0.18290289],80,31,"[0.5509259779365981, 0.20365500329799469]",110,-1
8803,[0.33009023 0.7695789 ],89,26,"[0.34140158523352676, 0.7415276229463709]",113,-1
8804,[0.08050759 0.21810127],20,57,"[0.11385950246950007, 0.22156166292214274]",-1,-1
8805,[0.40163193 0.21299721],46,4,"[0.3827392388806571, 0.18315480574773338]",110,63
8806,[0.71041112 0.72139044],32,11,"[0.7285416878591984, 0.7120527989062413]",102,-1
8807,[0.24115594 0.34899952],77,21,"[0.24089021291760518, 0.30160856093346966]",113,81
8808,[0.31793267 0.52624398],8,2,"[0.2982944979771574, 0.4928881704977565]",113,78
8809,[0.16823338 0.47380381],94,14,"[0.16635912736795258, 0.4532667183848064]",113,69
8810,[0.34386497 0.6649456 ],62,12,"[0.3563557933558874, 0.6600167756750083]",113,83
8811,[0.13964485 0.12165839],66,73,"[0.15159497202623598, 0.099534542862727]",104,-1
8812,[0.20091225 0.4759957 ],7,3,"[0.22590404659055946, 0.4809143921482596]",113,81
8813,[0.19215362 0.19240792],67,20,"[0.18106142669570233, 0.20480546739290073]",104,42
8814,[0.76021637 0.52137862],82,49,"[0.7597872492020543, 0.528305606483068]",-1,10
8815,[0.19364696 0.47523803],96,3,"[0.22590404659055946, 0.4809143921482596]",113,81
8816,[0.60571931 0.77705172],59,27,"[0.6091441642186142, 0.7391629772413223]",-1,-1
8817,[0.51854356 0.40874331],76,77,"[0.5067154617511884, 0.39780872086571867]",-1,-1
8818,[0.7767616  0.30785544],38,39,"[0.7929729113380171, 0.306282578754693]",35,-1
8819,[0.48832484 0.87425691],88,63,"[0.4663233365844979, 0.874422196988726]",-1,-1
8820,[0.71492599 0.66959842],19,11,"[0.7285416878591984, 0.7120527989062413]",-1,-1
8821,[0.4289667  0.60346465],9,18,"[0.4095647158889755, 0.6213093728466221]",-1,-1
8822,[0.74706819 0.2630293 ],30,9,"[0.7745160189749856, 0.22813324751878863]",36,11
8823,[0.43070589 0.70157374],23,59,"[0.4102385111598612, 0.7308207375545044]",-1,-1
8824,[0.28062563 0.53630696],5,24,"[0.2575895391106446, 0.5636151717894005]",113,78
8825,[0.07278447 0.17198324],20,86,"[0.10460029415455299, 0.15390780514892627]",-1,-1
8826,[0.30968382 0.41254939],77,1,"[0.31345252476490787, 0.39568681619531276]",113,81
8827,[0.12976879 0.44389305],96,14,"[0.16635912736795258, 0.4532667183848064]",113,-1
8828,[0.22672163 0.54640518],8,24,"[0.2575895391106446, 0.5636151717894005]",113,-1
8829,[0.41953706 0.1483934 ],92,15,"[0.4480198330140321, 0.13770311065471516]",110,63
8830,[0.38907982 0.60971707],69,18,"[0.4095647158889755, 0.6213093728466221]",113,-1
8831,[0.46142938 0.88338047],24,63,"[0.4663233365844979, 0.874422196988726]",93,23
8832,[0.12450242 0.85817771],21,47,"[0.12002015978901225, 0.8781802626724163]",22,7
8833,[0.22044613 0.42676571],55,0,"[0.24505961735590134, 0.40258348756972934]",113,81
8834,[0.24888727 0.38863198],55,0,"[0.24505961735590134, 0.40258348756972934]",113,81
8835,[0.62607534 0.71833265],3,27,"[0.6091441642186142, 0.7391629772413223]",102,36
8836,[0.18981067 0.65666927],0,32,"[0.21070106237511496, 0.6599645039522288]",-1,43
8837,[0.16278762 0.867018  ],21,78,"[0.17639698191982223, 0.8335029307302414]",-1,-1
8838,[0.38782822 0.5719256 ],54,67,"[0.39991637370105465, 0.5429488636659977]",113,-1
8839,[0.63955729 0.71055548],81,27,"[0.6091441642186142, 0.7391629772413223]",102,-1
8840,[0.77745619 0.24463505],38,9,"[0.7745160189749856, 0.22813324751878863]",36,12
8841,[0.57504377 0.15339744],75,37,"[0.590787313093903, 0.1287873361919935]",110,59
8842,[0.57902024 0.39522796],76,64,"[0.5873954455556146, 0.4184822956881117]",110,53
8843,[0.79888111 0.6424698 ],27,53,"[0.7681832820464827, 0.6327372104307392]",102,-1
8844,[0.24825122 0.48622956],99,3,"[0.22590404659055946, 0.4809143921482596]",113,81
8845,[0.72509498 0.22087829],57,33,"[0.712147299809196, 0.21396583181069667]",36,-1
8846,[0.5566085  0.75553573],81,27,"[0.6091441642186142, 0.7391629772413223]",8,-1
8847,[0.20474327 0.13108399],20,54,"[0.23065754032548644, 0.16311462163198792]",104,-1
8848,[0.59155132 0.8302511 ],45,45,"[0.6014090517878816, 0.8253297621455221]",-1,-1
8849,[0.63743258 0.71141662],3,27,"[0.6091441642186142, 0.7391629772413223]",102,-1
8850,[0.80746063 0.28742518],86,39,"[0.7929729113380171, 0.306282578754693]",36,8
8851,[0.30923675 0.67697403],13,8,"[0.29185823944997474, 0.6822630454364129]",113,-1
8852,[0.68525698 0.26491774],80,36,"[0.718962763471204, 0.2995127644433783]",-1,-1
8853,[0.20013536 0.49487003],8,3,"[0.22590404659055946, 0.4809143921482596]",113,81
8854,[0.35230741 0.35486102],43,13,"[0.3772074110661572, 0.3667665336396509]",111,-1
8855,[0.42724397 0.20742562],2,40,"[0.4428604662933861, 0.22666876085097074]",110,63
8856,[0.46957707 0.2286677 ],61,40,"[0.4428604662933861, 0.22666876085097074]",110,-1
8857,[0.56201853 0.55607694],12,30,"[0.5893115951066175, 0.5856347360021498]",80,30
8858,[0.73038404 0.75595197],50,16,"[0.7557129160895149, 0.7610612683801858]",102,-1
8859,[0.26113032 0.34953155],55,21,"[0.24089021291760518, 0.30160856093346966]",113,-1
8860,[0.3780082  0.67048402],14,12,"[0.3563557933558874, 0.6600167756750083]",113,77
8861,[0.40039603 0.59396773],54,18,"[0.4095647158889755, 0.6213093728466221]",113,-1
8862,[0.20722279 0.65241312],25,32,"[0.21070106237511496, 0.6599645039522288]",113,44
8863,[0.56434544 0.17081433],71,31,"[0.5509259779365981, 0.20365500329799469]",110,58
8864,[0.05065966 0.47717669],42,52,"[0.10837107196086664, 0.5019908555728455]",-1,-1
8865,[0.65212923 0.91652461],31,74,"[0.6387846519793019, 0.8886269005667045]",-1,-1
8866,[0.425907   0.80294254],41,22,"[0.4053244070468948, 0.7892325425819533]",113,-1
8867,[0.34575486 0.62061179],62,5,"[0.3369928142177202, 0.5813431770807651]",113,84
8868,[0.12747468 0.66600267],25,72,"[0.13389630971446978, 0.6701017461857026]",58,-1
8869,[0.82974832 0.72198849],32,65,"[0.8683963995203289, 0.7186203255414056]",-1,-1
8870,[0.58354657 0.63085463],12,28,"[0.572088563242004, 0.6648723747855627]",81,29
8871,[0.40582799 0.31985403],17,13,"[0.3772074110661572, 0.3667665336396509]",-1,-1
8872,[0.25956451 0.38216756],55,0,"[0.24505961735590134, 0.40258348756972934]",113,81
8873,[0.14584873 0.29085363],47,19,"[0.1752933885253929, 0.2769931075732081]",-1,-1
8874,[0.38610176 0.78930455],84,22,"[0.4053244070468948, 0.7892325425819533]",113,-1
8875,[0.23501402 0.42440925],77,0,"[0.24505961735590134, 0.40258348756972934]",113,-1
8876,[0.319146   0.55774046],73,5,"[0.3369928142177202, 0.5813431770807651]",113,-1
8877,[0.61761951 0.83279471],31,45,"[0.6014090517878816, 0.8253297621455221]",102,39
8878,[0.54545319 0.14947196],18,69,"[0.5153460121236064, 0.11707314703881673]",110,-1
8879,[0.47174306 0.86054465],24,63,"[0.4663233365844979, 0.874422196988726]",93,23
8880,[0.62850669 0.67508249],40,60,"[0.6482027966760067, 0.6653053686977741]",102,-1
8881,[0.75078156 0.28046215],57,36,"[0.718962763471204, 0.2995127644433783]",36,11
8882,[0.1323517  0.12281279],79,73,"[0.15159497202623598, 0.099534542862727]",104,-1
8883,[0.33126723 0.53703932],73,5,"[0.3369928142177202, 0.5813431770807651]",113,72
8884,[0.46807072 0.80753106],24,51,"[0.47563858561263794, 0.7978986338068428]",113,-1
8885,[0.6548339  0.70399681],40,60,"[0.6482027966760067, 0.6653053686977741]",-1,-1
8886,[0.78565177 0.70964497],19,11,"[0.7285416878591984, 0.7120527989062413]",102,-1
8887,[0.30487382 0.46466897],5,2,"[0.2982944979771574, 0.4928881704977565]",113,-1
8888,[0.65368515 0.19970168],80,55,"[0.6160291566716146, 0.18582080836242268]",-1,-1
8889,[0.4074457  0.21997483],92,40,"[0.4428604662933861, 0.22666876085097074]",110,-1
8890,[0.29092524 0.21652606],1,29,"[0.29724643836137565, 0.21152192866347855]",104,-1
8891,[0.57987947 0.80046062],88,45,"[0.6014090517878816, 0.8253297621455221]",-1,-1
8892,[0.75865979 0.82921004],26,75,"[0.7159769487757391, 0.8473248623765012]",-1,-1
8893,[0.19410341 0.54674215],8,35,"[0.18006516204956544, 0.5309482406934538]",113,-1
8894,[0.70458684 0.21270977],80,33,"[0.712147299809196, 0.21396583181069667]",36,6
8895,[0.26362147 0.41185967],73,0,"[0.24505961735590134, 0.40258348756972934]",113,81
8896,[0.74170418 0.51731962],82,49,"[0.7597872492020543, 0.528305606483068]",50,10
8897,[0.25923567 0.13757786],67,54,"[0.23065754032548644, 0.16311462163198792]",-1,-1
8898,[0.76545759 0.71459142],32,11,"[0.7285416878591984, 0.7120527989062413]",102,-1
8899,[0.40563701 0.66168258],14,18,"[0.4095647158889755, 0.6213093728466221]",113,-1
8900,[0.78626952 0.5188361 ],82,49,"[0.7597872492020543, 0.528305606483068]",-1,10
8901,[0.30167793 0.56690091],54,5,"[0.3369928142177202, 0.5813431770807651]",113,-1
8902,[0.20654393 0.38505134],77,0,"[0.24505961735590134, 0.40258348756972934]",113,-1
8903,[0.60300117 0.57507366],12,30,"[0.5893115951066175, 0.5856347360021498]",77,-1
8904,[0.34269149 0.61794612],51,5,"[0.3369928142177202, 0.5813431770807651]",113,-1
8905,[0.35356654 0.44221653],48,91,"[0.38272617373285694, 0.45406707742979985]",-1,-1
8906,[0.58416311 0.16140277],75,37,"[0.590787313093903, 0.1287873361919935]",110,-1
8907,[0.71069624 0.71190745],59,11,"[0.7285416878591984, 0.7120527989062413]",102,-1
8908,[0.12056514 0.78738651],64,71,"[0.10117111935954111, 0.7754028082579668]",78,-1
8909,[0.31208945 0.62370906],51,5,"[0.3369928142177202, 0.5813431770807651]",113,80
8910,[0.57678211 0.4246422 ],76,64,"[0.5873954455556146, 0.4184822956881117]",105,-1
8911,[0.42426378 0.73374658],41,59,"[0.4102385111598612, 0.7308207375545044]",-1,-1
8912,[0.76015603 0.79174658],91,16,"[0.7557129160895149, 0.7610612683801858]",102,35
8913,[0.25070503 0.44738744],78,3,"[0.22590404659055946, 0.4809143921482596]",113,81
8914,[0.20660203 0.40436864],43,0,"[0.24505961735590134, 0.40258348756972934]",113,-1
8915,[0.34138678 0.76647248],84,26,"[0.34140158523352676, 0.7415276229463709]",113,-1
8916,[0.58885964 0.61453074],40,30,"[0.5893115951066175, 0.5856347360021498]",81,29
8917,[0.76346615 0.1923524 ],38,9,"[0.7745160189749856, 0.22813324751878863]",36,12
8918,[0.85238357 0.70058085],56,65,"[0.8683963995203289, 0.7186203255414056]",98,24
8919,[0.68923319 0.18488759],49,33,"[0.712147299809196, 0.21396583181069667]",33,-1
8920,[0.53767738 0.81367563],88,51,"[0.47563858561263794, 0.7978986338068428]",-1,-1
8921,[0.81302055 0.41961806],39,85,"[0.8330047067228752, 0.39861674914336154]",11,0
8922,[0.29630001 0.65743819],14,8,"[0.29185823944997474, 0.6822630454364129]",113,74
8923,[0.48284208 0.15357956],61,10,"[0.4982904339105401, 0.17462697492844612]",110,63
8924,[0.72730184 0.24325175],86,33,"[0.712147299809196, 0.21396583181069667]",36,-1
8925,[0.39883233 0.41693808],70,91,"[0.38272617373285694, 0.45406707742979985]",-1,-1
8926,[0.43544712 0.78179098],10,22,"[0.4053244070468948, 0.7892325425819533]",113,-1
8927,[0.82964184 0.30590486],37,39,"[0.7929729113380171, 0.306282578754693]",36,-1
8928,[0.60163105 0.38321147],72,64,"[0.5873954455556146, 0.4184822956881117]",-1,-1
8929,[0.70819751 0.36663691],44,46,"[0.6818606004752428, 0.39460805157892936]",44,5
8930,[0.30909345 0.42215204],43,1,"[0.31345252476490787, 0.39568681619531276]",113,-1
8931,[0.90149009 0.89173852],52,50,"[0.8669550309977382, 0.8414428333530212]",3,-1
8932,[0.55335073 0.45295448],33,68,"[0.5421113451424038, 0.49916034700705]",-1,-1
8933,[0.18992731 0.45335307],94,14,"[0.16635912736795258, 0.4532667183848064]",113,81
8934,[0.70970791 0.67921995],50,11,"[0.7285416878591984, 0.7120527989062413]",-1,-1
8935,[0.11688883 0.7841171 ],58,71,"[0.10117111935954111, 0.7754028082579668]",78,-1
8936,[0.56904307 0.35311114],72,23,"[0.5544996285461486, 0.3649814617648961]",110,53
8937,[0.35960922 0.72395122],84,26,"[0.34140158523352676, 0.7415276229463709]",113,-1
8938,[0.73196979 0.64523479],60,53,"[0.7681832820464827, 0.6327372104307392]",39,-1
8939,[0.75850301 0.47857741],82,49,"[0.7597872492020543, 0.528305606483068]",-1,-1
8940,[0.65862608 0.73106163],40,27,"[0.6091441642186142, 0.7391629772413223]",102,-1
8941,[0.58237956 0.442312  ],72,64,"[0.5873954455556146, 0.4184822956881117]",-1,-1
8942,[0.90995495 0.27496159],37,97,"[0.9117696710959879, 0.2607718115134211]",-1,-1
8943,[0.26529789 0.36602604],48,0,"[0.24505961735590134, 0.40258348756972934]",113,-1
8944,[0.15345002 0.19821157],20,20,"[0.18106142669570233, 0.20480546739290073]",104,42
8945,[0.26602822 0.37730541],77,0,"[0.24505961735590134, 0.40258348756972934]",113,81
8946,[0.68007964 0.68490474],19,60,"[0.6482027966760067, 0.6653053686977741]",-1,-1
8947,[0.2052712  0.49747398],34,3,"[0.22590404659055946, 0.4809143921482596]",113,81
8948,[0.53369284 0.65157068],12,28,"[0.572088563242004, 0.6648723747855627]",69,-1
8949,[0.12662112 0.53689924],87,52,"[0.10837107196086664, 0.5019908555728455]",113,-1
8950,[0.18282591 0.44843566],87,14,"[0.16635912736795258, 0.4532667183848064]",113,81
8951,[0.2383266  0.39241765],94,0,"[0.24505961735590134, 0.40258348756972934]",113,81
8952,[0.58694664 0.18396489],71,55,"[0.6160291566716146, 0.18582080836242268]",-1,-1
8953,[0.11806211 0.8642351 ],21,47,"[0.12002015978901225, 0.8781802626724163]",22,7
8954,[0.67498821 0.82598371],31,6,"[0.6704818259566957, 0.7868874266118806]",102,50
8955,[0.81508589 0.23382981],30,87,"[0.8400115250570579, 0.2635503368487671]",-1,-1
8956,[0.15087161 0.47986769],42,14,"[0.16635912736795258, 0.4532667183848064]",113,-1
8957,[0.53437384 0.69873399],3,88,"[0.49693056847195605, 0.6857701176055397]",-1,-1
8958,[0.69279357 0.77203064],3,6,"[0.6704818259566957, 0.7868874266118806]",102,-1
8959,[0.50491484 0.1399222 ],61,69,"[0.5153460121236064, 0.11707314703881673]",110,63
8960,[0.60977354 0.70547495],3,27,"[0.6091441642186142, 0.7391629772413223]",102,36
8961,[0.23026605 0.21621371],68,34,"[0.22317706824250913, 0.23387943431995686]",104,42
8962,[0.57577307 0.60037043],81,30,"[0.5893115951066175, 0.5856347360021498]",-1,-1
8963,[0.13836539 0.23601792],47,57,"[0.11385950246950007, 0.22156166292214274]",104,-1
8964,[0.23769449 0.21099895],68,34,"[0.22317706824250913, 0.23387943431995686]",104,42
8965,[0.52179645 0.34706577],72,23,"[0.5544996285461486, 0.3649814617648961]",-1,-1
8966,[0.73703164 0.66760065],50,11,"[0.7285416878591984, 0.7120527989062413]",102,-1
8967,[0.12505971 0.7514314 ],58,71,"[0.10117111935954111, 0.7754028082579668]",79,21
8968,[0.24178524 0.44402094],78,3,"[0.22590404659055946, 0.4809143921482596]",113,81
8969,[0.53991365 0.65579986],81,28,"[0.572088563242004, 0.6648723747855627]",69,-1
8970,[0.47138124 0.19472469],61,10,"[0.4982904339105401, 0.17462697492844612]",110,63
8971,[0.23906883 0.47481801],34,3,"[0.22590404659055946, 0.4809143921482596]",113,81
8972,[0.19557521 0.14346274],79,7,"[0.16040334011861732, 0.1583747599262833]",104,-1
8973,[0.10452431 0.403845  ],96,76,"[0.1271293063442913, 0.39727223545070534]",-1,-1
8974,[0.79099291 0.24930688],57,9,"[0.7745160189749856, 0.22813324751878863]",36,12
8975,[0.94594846 0.62988473],4,83,"[0.9023954923676734, 0.6253829621221342]",-1,-1
8976,[0.65282431 0.66637048],3,60,"[0.6482027966760067, 0.6653053686977741]",-1,-1
8977,[0.29459802 0.67307191],13,8,"[0.29185823944997474, 0.6822630454364129]",113,74
8978,[0.66564627 0.6691885 ],40,60,"[0.6482027966760067, 0.6653053686977741]",60,19
8979,[0.49023015 0.16097147],97,10,"[0.4982904339105401, 0.17462697492844612]",110,63
8980,[0.31844595 0.73631289],84,26,"[0.34140158523352676, 0.7415276229463709]",113,-1
8981,[0.7902389  0.59922686],19,53,"[0.7681832820464827, 0.6327372104307392]",28,13
8982,[0.24854957 0.52454645],78,24,"[0.2575895391106446, 0.5636151717894005]",113,-1
8983,[0.1938005  0.11816143],66,73,"[0.15159497202623598, 0.099534542862727]",-1,-1
8984,[0.83323149 0.83367   ],26,50,"[0.8669550309977382, 0.8414428333530212]",67,16
8985,[0.35155205 0.38939476],70,13,"[0.3772074110661572, 0.3667665336396509]",113,81
8986,[0.6797753  0.37625436],44,46,"[0.6818606004752428, 0.39460805157892936]",-1,-1
8987,[0.72985919 0.74498276],50,16,"[0.7557129160895149, 0.7610612683801858]",102,57
8988,[0.91191816 0.32713069],37,96,"[0.9242498114026001, 0.35811950872924947]",-1,-1
8989,[0.21496247 0.67158322],25,32,"[0.21070106237511496, 0.6599645039522288]",113,44
8990,[0.91562856 0.64308548],4,83,"[0.9023954923676734, 0.6253829621221342]",-1,-1
8991,[0.21221423 0.33346515],77,21,"[0.24089021291760518, 0.30160856093346966]",-1,-1
8992,[0.27807753 0.43750643],77,0,"[0.24505961735590134, 0.40258348756972934]",113,81
8993,[0.11900735 0.42401216],96,76,"[0.1271293063442913, 0.39727223545070534]",-1,-1
8994,[0.24265428 0.35247522],43,0,"[0.24505961735590134, 0.40258348756972934]",113,81
8995,[0.55542423 0.08346588],75,69,"[0.5153460121236064, 0.11707314703881673]",-1,-1
8996,[0.20227704 0.16966423],79,54,"[0.23065754032548644, 0.16311462163198792]",104,42
8997,[0.53678162 0.43962846],76,77,"[0.5067154617511884, 0.39780872086571867]",-1,-1
8998,[0.72734422 0.3204457 ],85,36,"[0.718962763471204, 0.2995127644433783]",-1,-1
8999,[0.74679762 0.20413903],49,33,"[0.712147299809196, 0.21396583181069667]",36,12
9000,[0.62128838 0.74610375],3,27,"[0.6091441642186142, 0.7391629772413223]",-1,-1
9001,[0.84321395 0.67983508],56,25,"[0.8290893185566872, 0.6663325003431528]",98,24
9002,[0.50329842 0.29621572],6,17,"[0.5266584783397147, 0.2925234389366824]",110,-1
9003,[0.36855808 0.6059495 ],62,5,"[0.3369928142177202, 0.5813431770807651]",113,84
9004,[0.47376685 0.58504537],74,38,"[0.5222833502418962, 0.5760861920194034]",9,-1
9005,[0.14842867 0.55315438],87,35,"[0.18006516204956544, 0.5309482406934538]",113,-1
9006,[0.65604457 0.73618777],81,27,"[0.6091441642186142, 0.7391629772413223]",102,-1
9007,[0.32891378 0.73545284],84,26,"[0.34140158523352676, 0.7415276229463709]",113,-1
9008,[0.83905029 0.80907049],52,48,"[0.8063574629792128, 0.8028480378432847]",-1,-1
9009,[0.3429003  0.18475384],2,4,"[0.3827392388806571, 0.18315480574773338]",110,45
9010,[0.14892947 0.42304754],96,76,"[0.1271293063442913, 0.39727223545070534]",-1,-1
9011,[0.17138547 0.16110234],66,7,"[0.16040334011861732, 0.1583747599262833]",104,42
9012,[0.24748055 0.46110932],34,3,"[0.22590404659055946, 0.4809143921482596]",113,81
9013,[0.48590817 0.2588133 ],6,17,"[0.5266584783397147, 0.2925234389366824]",29,-1
9014,[0.46311646 0.15508926],46,15,"[0.4480198330140321, 0.13770311065471516]",110,63
9015,[0.42230843 0.82086948],41,41,"[0.4045860819360065, 0.8451095848913467]",113,-1
9016,[0.47262199 0.34105361],6,77,"[0.5067154617511884, 0.39780872086571867]",-1,-1
9017,[0.18860052 0.10126275],66,73,"[0.15159497202623598, 0.099534542862727]",-1,-1
9018,[0.57805936 0.6987858 ],3,28,"[0.572088563242004, 0.6648723747855627]",69,-1
9019,[0.87833773 0.55934265],4,43,"[0.8559722074695512, 0.5768738433864216]",-1,-1
9020,[0.68484917 0.33633466],85,36,"[0.718962763471204, 0.2995127644433783]",41,-1
9021,[0.59084268 0.42652373],33,64,"[0.5873954455556146, 0.4184822956881117]",-1,-1
9022,[0.84739951 0.86552849],26,50,"[0.8669550309977382, 0.8414428333530212]",67,16
9023,[0.38650371 0.53761975],69,67,"[0.39991637370105465, 0.5429488636659977]",113,-1
9024,[0.37760118 0.14665149],2,4,"[0.3827392388806571, 0.18315480574773338]",110,-1
9025,[0.86398348 0.34364567],37,84,"[0.8747370333854485, 0.3299307577245935]",25,2
9026,[0.32207459 0.41525087],48,1,"[0.31345252476490787, 0.39568681619531276]",113,81
9027,[0.53631211 0.24122624],75,31,"[0.5509259779365981, 0.20365500329799469]",110,-1
9028,[0.83012734 0.35296656],39,85,"[0.8330047067228752, 0.39861674914336154]",-1,-1
9029,[0.77497483 0.1961221 ],38,9,"[0.7745160189749856, 0.22813324751878863]",36,12
9030,[0.42765114 0.37824694],70,13,"[0.3772074110661572, 0.3667665336396509]",-1,-1
9031,[0.444725   0.20372997],29,40,"[0.4428604662933861, 0.22666876085097074]",110,63
9032,[0.78146218 0.66698604],19,53,"[0.7681832820464827, 0.6327372104307392]",102,34
9033,[0.26130126 0.15399107],1,54,"[0.23065754032548644, 0.16311462163198792]",-1,-1
9034,[0.67746266 0.33565692],85,56,"[0.6228765219922414, 0.3379402254620158]",41,-1
9035,[0.22632986 0.432997  ],34,0,"[0.24505961735590134, 0.40258348756972934]",113,81
9036,[0.33395349 0.72631692],84,26,"[0.34140158523352676, 0.7415276229463709]",113,76
9037,[0.30581352 0.63355254],51,8,"[0.29185823944997474, 0.6822630454364129]",113,-1
9038,[0.51629558 0.36494015],72,77,"[0.5067154617511884, 0.39780872086571867]",110,-1
9039,[0.34488808 0.65127915],51,12,"[0.3563557933558874, 0.6600167756750083]",113,83
9040,[0.24914497 0.50914283],77,3,"[0.22590404659055946, 0.4809143921482596]",113,-1
9041,[0.50021013 0.16191166],61,10,"[0.4982904339105401, 0.17462697492844612]",110,63
9042,[0.85199129 0.58060902],4,43,"[0.8559722074695512, 0.5768738433864216]",99,22
9043,[0.18242565 0.7025113 ],0,42,"[0.17164193172035744, 0.7477907034099851]",107,-1
9044,[0.33819965 0.77006491],84,26,"[0.34140158523352676, 0.7415276229463709]",113,-1
9045,[0.42959567 0.80872513],41,22,"[0.4053244070468948, 0.7892325425819533]",113,-1
9046,[0.53888057 0.47487196],16,68,"[0.5421113451424038, 0.49916034700705]",2,-1
9047,[0.47517435 0.7027938 ],9,88,"[0.49693056847195605, 0.6857701176055397]",-1,-1
9048,[0.75039378 0.70560666],50,11,"[0.7285416878591984, 0.7120527989062413]",102,-1
9049,[0.7871452  0.81078181],26,48,"[0.8063574629792128, 0.8028480378432847]",65,-1
9050,[0.57949485 0.55620101],16,30,"[0.5893115951066175, 0.5856347360021498]",80,-1
9051,[0.15302703 0.13011569],90,7,"[0.16040334011861732, 0.1583747599262833]",104,42
9052,[0.22256844 0.23107318],36,34,"[0.22317706824250913, 0.23387943431995686]",104,42
9053,[0.62061979 0.13460973],80,37,"[0.590787313093903, 0.1287873361919935]",110,-1
9054,[0.80780687 0.81472004],26,48,"[0.8063574629792128, 0.8028480378432847]",67,-1
9055,[0.45043889 0.78089634],41,51,"[0.47563858561263794, 0.7978986338068428]",113,-1
9056,[0.20932967 0.51076114],99,3,"[0.22590404659055946, 0.4809143921482596]",113,81
9057,[0.49225702 0.25665226],6,17,"[0.5266584783397147, 0.2925234389366824]",29,-1
9058,[0.34962464 0.67373429],14,12,"[0.3563557933558874, 0.6600167756750083]",113,-1
9059,[0.39972467 0.88297292],24,41,"[0.4045860819360065, 0.8451095848913467]",-1,-1
9060,[0.66411025 0.4142995 ],35,46,"[0.6818606004752428, 0.39460805157892936]",43,-1
9061,[0.60894113 0.55555785],12,30,"[0.5893115951066175, 0.5856347360021498]",-1,-1
9062,[0.72154236 0.573152  ],11,80,"[0.6893002767673785, 0.5852948461925299]",-1,-1
9063,[0.06460073 0.7721929 ],58,71,"[0.10117111935954111, 0.7754028082579668]",-1,-1
9064,[0.36864699 0.16974637],92,4,"[0.3827392388806571, 0.18315480574773338]",110,-1
9065,[0.5065977  0.61029232],16,38,"[0.5222833502418962, 0.5760861920194034]",-1,-1
9066,[0.84330868 0.67681198],50,25,"[0.8290893185566872, 0.6663325003431528]",98,24
9067,[0.71723432 0.1990796 ],30,33,"[0.712147299809196, 0.21396583181069667]",36,6
9068,[0.2188214  0.39518319],83,0,"[0.24505961735590134, 0.40258348756972934]",113,-1
9069,[0.33552828 0.39732076],43,1,"[0.31345252476490787, 0.39568681619531276]",113,81
9070,[0.54853077 0.27230931],22,17,"[0.5266584783397147, 0.2925234389366824]",110,-1
9071,[0.16354523 0.17682626],67,7,"[0.16040334011861732, 0.1583747599262833]",104,42
9072,[0.7123969  0.80118037],59,6,"[0.6704818259566957, 0.7868874266118806]",102,-1
9073,[0.87656747 0.70561033],56,65,"[0.8683963995203289, 0.7186203255414056]",23,-1
9074,[0.73354355 0.3490929 ],85,36,"[0.718962763471204, 0.2995127644433783]",-1,5
9075,[0.5707762  0.73286989],3,27,"[0.6091441642186142, 0.7391629772413223]",8,-1
9076,[0.35367989 0.57619521],69,5,"[0.3369928142177202, 0.5813431770807651]",113,84
9077,[0.27258404 0.17115691],1,54,"[0.23065754032548644, 0.16311462163198792]",-1,-1
9078,[0.32266141 0.30709937],65,44,"[0.34401211644161456, 0.2727474001163449]",-1,-1
9079,[0.12877683 0.74926088],64,71,"[0.10117111935954111, 0.7754028082579668]",79,21
9080,[0.68240458 0.47876025],35,66,"[0.6892424870002536, 0.4809362987183399]",-1,-1
9081,[0.62609466 0.17129589],80,55,"[0.6160291566716146, 0.18582080836242268]",110,37
9082,[0.56202935 0.29876049],63,17,"[0.5266584783397147, 0.2925234389366824]",110,48
9083,[0.14704624 0.79660737],58,78,"[0.17639698191982223, 0.8335029307302414]",-1,-1
9084,[0.19298145 0.31822277],83,19,"[0.1752933885253929, 0.2769931075732081]",104,-1
9085,[0.80362691 0.25189211],38,9,"[0.7745160189749856, 0.22813324751878863]",36,-1
9086,[0.28264002 0.26748116],36,21,"[0.24089021291760518, 0.30160856093346966]",104,-1
9087,[0.37719256 0.85435118],10,41,"[0.4045860819360065, 0.8451095848913467]",113,-1
9088,[0.81709387 0.18584906],93,93,"[0.8175047550160816, 0.1805576480903363]",-1,-1
9089,[0.57542784 0.26933148],22,58,"[0.5903496421521437, 0.26872112132208276]",110,-1
9090,[0.22242239 0.54059642],5,24,"[0.2575895391106446, 0.5636151717894005]",113,-1
9091,[0.63879162 0.81911949],91,45,"[0.6014090517878816, 0.8253297621455221]",102,40
9092,[0.45087257 0.57233414],54,67,"[0.39991637370105465, 0.5429488636659977]",-1,-1
9093,[0.77000856 0.44251134],39,79,"[0.7440923457598303, 0.4172681159825393]",-1,-1
9094,[0.21330931 0.41038629],7,0,"[0.24505961735590134, 0.40258348756972934]",113,-1
9095,[0.17398785 0.17145316],66,7,"[0.16040334011861732, 0.1583747599262833]",104,42
9096,[0.2237794  0.62091271],25,32,"[0.21070106237511496, 0.6599645039522288]",-1,-1
9097,[0.32843101 0.64599238],14,12,"[0.3563557933558874, 0.6600167756750083]",113,-1
9098,[0.14006912 0.17399604],20,7,"[0.16040334011861732, 0.1583747599262833]",104,42
9099,[0.20116797 0.25824578],47,19,"[0.1752933885253929, 0.2769931075732081]",104,42
9100,[0.75668787 0.24663989],86,9,"[0.7745160189749856, 0.22813324751878863]",36,11
9101,[0.31278441 0.77209807],84,82,"[0.32758089961125464, 0.809330839306685]",-1,-1
9102,[0.72759884 0.54705734],11,49,"[0.7597872492020543, 0.528305606483068]",-1,-1
9103,[0.37447459 0.62619511],9,18,"[0.4095647158889755, 0.6213093728466221]",113,-1
9104,[0.15530877 0.45873058],42,14,"[0.16635912736795258, 0.4532667183848064]",113,69
9105,[0.62321553 0.83417984],31,45,"[0.6014090517878816, 0.8253297621455221]",102,39
9106,[0.53120548 0.59329593],74,38,"[0.5222833502418962, 0.5760861920194034]",80,27
9107,[0.68086237 0.76195097],91,6,"[0.6704818259566957, 0.7868874266118806]",102,-1
9108,[0.570808   0.54232225],16,30,"[0.5893115951066175, 0.5856347360021498]",80,-1
9109,[0.30545775 0.77938224],89,82,"[0.32758089961125464, 0.809330839306685]",83,-1
9110,[0.1560061  0.72241505],15,42,"[0.17164193172035744, 0.7477907034099851]",84,18
9111,[0.75847276 0.56208691],11,49,"[0.7597872492020543, 0.528305606483068]",-1,-1
9112,[0.12859456 0.76072917],58,71,"[0.10117111935954111, 0.7754028082579668]",79,21
9113,[0.66098584 0.74077239],3,6,"[0.6704818259566957, 0.7868874266118806]",102,-1
9114,[0.30410562 0.50599815],78,2,"[0.2982944979771574, 0.4928881704977565]",113,82
9115,[0.26452934 0.56367173],73,24,"[0.2575895391106446, 0.5636151717894005]",-1,-1
9116,[0.37639748 0.75946364],89,26,"[0.34140158523352676, 0.7415276229463709]",113,-1
9117,[0.23827476 0.45840669],34,3,"[0.22590404659055946, 0.4809143921482596]",113,81
9118,[0.39554658 0.15869544],46,4,"[0.3827392388806571, 0.18315480574773338]",110,62
9119,[0.73276241 0.76648001],50,16,"[0.7557129160895149, 0.7610612683801858]",102,-1
9120,[0.32116242 0.32964548],55,44,"[0.34401211644161456, 0.2727474001163449]",113,-1
9121,[0.62883322 0.83077276],45,45,"[0.6014090517878816, 0.8253297621455221]",102,39
9122,[0.78721812 0.75131995],32,16,"[0.7557129160895149, 0.7610612683801858]",102,-1
9123,[0.70858649 0.79975492],91,6,"[0.6704818259566957, 0.7868874266118806]",-1,-1
9124,[0.37609108 0.59143574],54,5,"[0.3369928142177202, 0.5813431770807651]",113,84
9125,[0.87158201 0.67391197],56,25,"[0.8290893185566872, 0.6663325003431528]",98,-1
9126,[0.54371607 0.37717116],72,23,"[0.5544996285461486, 0.3649814617648961]",-1,-1
9127,[0.40899942 0.78598612],23,22,"[0.4053244070468948, 0.7892325425819533]",113,71
9128,[0.11758513 0.47435622],87,52,"[0.10837107196086664, 0.5019908555728455]",-1,-1
9129,[0.08451025 0.7897616 ],58,71,"[0.10117111935954111, 0.7754028082579668]",-1,-1
9130,[0.18479099 0.81038868],64,78,"[0.17639698191982223, 0.8335029307302414]",-1,-1
9131,[0.53287806 0.161611  ],18,10,"[0.4982904339105401, 0.17462697492844612]",110,63
9132,[0.46103754 0.12077473],46,15,"[0.4480198330140321, 0.13770311065471516]",110,-1
9133,[0.77307915 0.47130903],82,61,"[0.8226541227267828, 0.49698240517173836]",-1,-1
9134,[0.59998937 0.13550681],75,37,"[0.590787313093903, 0.1287873361919935]",110,38
9135,[0.21903471 0.37184624],55,0,"[0.24505961735590134, 0.40258348756972934]",75,-1
9136,[0.53536439 0.25006186],22,17,"[0.5266584783397147, 0.2925234389366824]",110,-1
9137,[0.13565012 0.28233365],95,19,"[0.1752933885253929, 0.2769931075732081]",104,-1
9138,[0.19007196 0.19187738],20,20,"[0.18106142669570233, 0.20480546739290073]",104,42
9139,[0.52613111 0.50420912],16,68,"[0.5421113451424038, 0.49916034700705]",-1,-1
9140,[0.47370386 0.75096453],89,51,"[0.47563858561263794, 0.7978986338068428]",-1,-1
9141,[0.09450229 0.42590893],96,76,"[0.1271293063442913, 0.39727223545070534]",-1,-1
9142,[0.69962005 0.4613561 ],35,66,"[0.6892424870002536, 0.4809362987183399]",-1,-1
9143,[0.18366132 0.56145536],8,35,"[0.18006516204956544, 0.5309482406934538]",113,-1
9144,[0.21482875 0.63867056],25,32,"[0.21070106237511496, 0.6599645039522288]",113,44
9145,[0.3537826  0.38099271],43,13,"[0.3772074110661572, 0.3667665336396509]",113,81
9146,[0.38281164 0.31823211],65,13,"[0.3772074110661572, 0.3667665336396509]",57,-1
9147,[0.67727341 0.81948805],31,6,"[0.6704818259566957, 0.7868874266118806]",102,50
9148,[0.18856646 0.10830378],67,73,"[0.15159497202623598, 0.099534542862727]",-1,-1
9149,[0.7586424  0.53819547],82,49,"[0.7597872492020543, 0.528305606483068]",50,10
9150,[0.80510508 0.35857305],86,85,"[0.8330047067228752, 0.39861674914336154]",31,-1
9151,[0.45535062 0.75822399],10,51,"[0.47563858561263794, 0.7978986338068428]",-1,-1
9152,[0.25663319 0.42488425],77,0,"[0.24505961735590134, 0.40258348756972934]",113,81
9153,[0.52662978 0.56293404],74,38,"[0.5222833502418962, 0.5760861920194034]",80,31
9154,[0.65730631 0.78187146],31,6,"[0.6704818259566957, 0.7868874266118806]",102,-1
9155,[0.83671058 0.30061327],86,87,"[0.8400115250570579, 0.2635503368487671]",-1,-1
9156,[0.11275225 0.18367089],95,86,"[0.10460029415455299, 0.15390780514892627]",104,-1
9157,[0.65930978 0.41106035],44,46,"[0.6818606004752428, 0.39460805157892936]",43,-1
9158,[0.53976759 0.8420108 ],88,89,"[0.5577955894805164, 0.8749894575544954]",-1,-1
9159,[0.21986683 0.51846596],7,3,"[0.22590404659055946, 0.4809143921482596]",113,81
9160,[0.21184178 0.42021103],94,0,"[0.24505961735590134, 0.40258348756972934]",113,-1
9161,[0.11813463 0.4012299 ],96,76,"[0.1271293063442913, 0.39727223545070534]",-1,-1
9162,[0.15781615 0.58002424],15,70,"[0.16883511008014604, 0.6108734061004485]",-1,-1
9163,[0.87230778 0.80819844],52,50,"[0.8669550309977382, 0.8414428333530212]",54,15
9164,[0.62019798 0.44392302],72,64,"[0.5873954455556146, 0.4184822956881117]",-1,-1
9165,[0.3295958  0.38111794],70,1,"[0.31345252476490787, 0.39568681619531276]",113,-1
9166,[0.90598959 0.5484517 ],4,43,"[0.8559722074695512, 0.5768738433864216]",-1,-1
9167,[0.86303651 0.4304331 ],39,94,"[0.8753265847499492, 0.4535299653068886]",-1,-1
9168,[0.72775035 0.337931  ],85,36,"[0.718962763471204, 0.2995127644433783]",-1,-1
9169,[0.68890642 0.28797472],85,36,"[0.718962763471204, 0.2995127644433783]",34,-1
9170,[0.24663928 0.50387108],5,3,"[0.22590404659055946, 0.4809143921482596]",113,-1
9171,[0.78258621 0.20611296],38,9,"[0.7745160189749856, 0.22813324751878863]",36,12
9172,[0.5450886  0.41644173],72,64,"[0.5873954455556146, 0.4184822956881117]",110,-1
9173,[0.63005823 0.85235815],45,74,"[0.6387846519793019, 0.8886269005667045]",102,-1
9174,[0.67256378 0.33713282],85,56,"[0.6228765219922414, 0.3379402254620158]",-1,-1
9175,[0.81633125 0.59220098],27,43,"[0.8559722074695512, 0.5768738433864216]",-1,-1
9176,[0.32446733 0.55684192],62,5,"[0.3369928142177202, 0.5813431770807651]",113,-1
9177,[0.31177535 0.75599152],23,26,"[0.34140158523352676, 0.7415276229463709]",112,-1
9178,[0.73526609 0.74698917],50,16,"[0.7557129160895149, 0.7610612683801858]",102,57
9179,[0.2343759 0.8643564],64,78,"[0.17639698191982223, 0.8335029307302414]",-1,-1
9180,[0.37773165 0.34667937],70,13,"[0.3772074110661572, 0.3667665336396509]",111,-1
9181,[0.14441812 0.45266472],87,14,"[0.16635912736795258, 0.4532667183848064]",113,-1
9182,[0.31215794 0.62971444],51,12,"[0.3563557933558874, 0.6600167756750083]",113,-1
9183,[0.89452012 0.35696664],37,96,"[0.9242498114026001, 0.35811950872924947]",-1,-1
9184,[0.76172527 0.72580454],60,16,"[0.7557129160895149, 0.7610612683801858]",102,-1
9185,[0.41115124 0.36775187],70,13,"[0.3772074110661572, 0.3667665336396509]",-1,-1
9186,[0.57737283 0.53600421],74,68,"[0.5421113451424038, 0.49916034700705]",-1,-1
9187,[0.16143059 0.84874003],21,78,"[0.17639698191982223, 0.8335029307302414]",59,-1
9188,[0.80896241 0.25044491],38,87,"[0.8400115250570579, 0.2635503368487671]",-1,-1
9189,[0.3624383  0.56748385],62,5,"[0.3369928142177202, 0.5813431770807651]",113,-1
9190,[0.35386075 0.6065286 ],62,5,"[0.3369928142177202, 0.5813431770807651]",113,84
9191,[0.27649692 0.67473087],98,8,"[0.29185823944997474, 0.6822630454364129]",113,73
9192,[0.77608666 0.44190787],39,79,"[0.7440923457598303, 0.4172681159825393]",-1,-1
9193,[0.58058847 0.70926393],3,27,"[0.6091441642186142, 0.7391629772413223]",69,-1
9194,[0.75163595 0.24193424],30,9,"[0.7745160189749856, 0.22813324751878863]",36,11
9195,[0.43174281 0.19716148],61,40,"[0.4428604662933861, 0.22666876085097074]",110,-1
9196,[0.19484241 0.1308575 ],90,7,"[0.16040334011861732, 0.1583747599262833]",104,-1
9197,[0.20520861 0.49370596],77,3,"[0.22590404659055946, 0.4809143921482596]",113,81
9198,[0.22379522 0.70838412],98,81,"[0.2526303993585153, 0.7288181375759063]",106,-1
9199,[0.56178846 0.36587435],72,23,"[0.5544996285461486, 0.3649814617648961]",110,53
9200,[0.55827451 0.3807845 ],33,23,"[0.5544996285461486, 0.3649814617648961]",110,53
9201,[0.56551032 0.14483079],71,37,"[0.590787313093903, 0.1287873361919935]",110,59
9202,[0.61959628 0.82274697],45,45,"[0.6014090517878816, 0.8253297621455221]",102,-1
9203,[0.63048766 0.73176828],59,27,"[0.6091441642186142, 0.7391629772413223]",102,36
9204,[0.56909968 0.43220814],76,64,"[0.5873954455556146, 0.4184822956881117]",105,-1
9205,[0.73002222 0.51197297],11,49,"[0.7597872492020543, 0.528305606483068]",50,10
9206,[0.63652259 0.17479059],80,55,"[0.6160291566716146, 0.18582080836242268]",110,-1
9207,[0.54627333 0.29428643],6,17,"[0.5266584783397147, 0.2925234389366824]",110,48
9208,[0.1684952  0.46498536],87,14,"[0.16635912736795258, 0.4532667183848064]",113,-1
9209,[0.24475846 0.55459474],8,24,"[0.2575895391106446, 0.5636151717894005]",113,-1
9210,[0.25466403 0.79061689],64,81,"[0.2526303993585153, 0.7288181375759063]",-1,-1
9211,[0.80408615 0.82233939],32,48,"[0.8063574629792128, 0.8028480378432847]",-1,-1
9212,[0.2999559  0.54714561],69,24,"[0.2575895391106446, 0.5636151717894005]",113,78
9213,[0.12001988 0.8740795 ],21,47,"[0.12002015978901225, 0.8781802626724163]",22,7
9214,[0.52591173 0.18494464],71,10,"[0.4982904339105401, 0.17462697492844612]",110,63
9215,[0.75207719 0.19984598],30,9,"[0.7745160189749856, 0.22813324751878863]",36,12
9216,[0.18906756 0.63269373],15,70,"[0.16883511008014604, 0.6108734061004485]",113,-1
9217,[0.83851755 0.45617785],28,94,"[0.8753265847499492, 0.4535299653068886]",-1,-1
9218,[0.184789   0.19520918],20,20,"[0.18106142669570233, 0.20480546739290073]",104,42
9219,[0.39765878 0.75970091],41,22,"[0.4053244070468948, 0.7892325425819533]",113,-1
9220,[0.638598   0.80730391],59,6,"[0.6704818259566957, 0.7868874266118806]",102,40
9221,[0.55228019 0.27439108],6,17,"[0.5266584783397147, 0.2925234389366824]",110,48
9222,[0.62182105 0.23281896],85,55,"[0.6160291566716146, 0.18582080836242268]",-1,-1
9223,[0.49108784 0.20579025],29,10,"[0.4982904339105401, 0.17462697492844612]",110,-1
9224,[0.75242374 0.22372508],30,9,"[0.7745160189749856, 0.22813324751878863]",36,-1
9225,[0.74185523 0.13901163],49,62,"[0.7592128314241189, 0.15406303015764497]",-1,-1
9226,[0.27661906 0.48970532],7,2,"[0.2982944979771574, 0.4928881704977565]",113,81
9227,[0.2893205  0.61802487],25,5,"[0.3369928142177202, 0.5813431770807651]",-1,-1
9228,[0.82987883 0.26009068],38,87,"[0.8400115250570579, 0.2635503368487671]",-1,-1
9229,[0.34982565 0.35554613],43,13,"[0.3772074110661572, 0.3667665336396509]",111,-1
9230,[0.16457634 0.67573331],0,72,"[0.13389630971446978, 0.6701017461857026]",-1,-1
9231,[0.24207267 0.36623986],55,0,"[0.24505961735590134, 0.40258348756972934]",113,81
9232,[0.28573346 0.40154659],99,1,"[0.31345252476490787, 0.39568681619531276]",113,81
9233,[0.32345973 0.62877699],62,12,"[0.3563557933558874, 0.6600167756750083]",113,80
9234,[0.38144196 0.19617527],2,4,"[0.3827392388806571, 0.18315480574773338]",110,63
9235,[0.27991101 0.56379207],5,24,"[0.2575895391106446, 0.5636151717894005]",113,-1
9236,[0.83968296 0.3664315 ],37,85,"[0.8330047067228752, 0.39861674914336154]",-1,-1
9237,[0.21538006 0.53045816],8,35,"[0.18006516204956544, 0.5309482406934538]",113,81
9238,[0.13871961 0.2032633 ],95,57,"[0.11385950246950007, 0.22156166292214274]",104,42
9239,[0.21685497 0.68807127],0,32,"[0.21070106237511496, 0.6599645039522288]",-1,-1
9240,[0.62313739 0.16389687],75,55,"[0.6160291566716146, 0.18582080836242268]",110,-1
9241,[0.63750776 0.5884265 ],12,30,"[0.5893115951066175, 0.5856347360021498]",13,-1
9242,[0.72629354 0.7798799 ],50,16,"[0.7557129160895149, 0.7610612683801858]",102,56
9243,[0.20158016 0.20907334],68,20,"[0.18106142669570233, 0.20480546739290073]",104,42
9244,[0.6856662  0.26954423],85,36,"[0.718962763471204, 0.2995127644433783]",-1,-1
9245,[0.75252228 0.27255735],57,36,"[0.718962763471204, 0.2995127644433783]",36,11
9246,[0.20434638 0.32348467],36,21,"[0.24089021291760518, 0.30160856093346966]",104,-1
9247,[0.596518   0.46702909],33,64,"[0.5873954455556146, 0.4184822956881117]",-1,-1
9248,[0.85572985 0.86878472],52,50,"[0.8669550309977382, 0.8414428333530212]",-1,-1
9249,[0.19538698 0.23139402],67,34,"[0.22317706824250913, 0.23387943431995686]",104,42
9250,[0.35098629 0.34407791],70,13,"[0.3772074110661572, 0.3667665336396509]",111,-1
9251,[0.58041324 0.24827959],22,58,"[0.5903496421521437, 0.26872112132208276]",110,-1
9252,[0.38099676 0.38477004],65,13,"[0.3772074110661572, 0.3667665336396509]",113,-1
9253,[0.84927242 0.31843374],86,84,"[0.8747370333854485, 0.3299307577245935]",-1,-1
9254,[0.7549541  0.24875881],93,9,"[0.7745160189749856, 0.22813324751878863]",36,11
9255,[0.1710421 0.2700746],67,19,"[0.1752933885253929, 0.2769931075732081]",104,42
9256,[0.41374677 0.82702392],24,41,"[0.4045860819360065, 0.8451095848913467]",113,70
9257,[0.4596511  0.20561064],97,40,"[0.4428604662933861, 0.22666876085097074]",110,63
9258,[0.16549141 0.15710338],95,7,"[0.16040334011861732, 0.1583747599262833]",104,42
9259,[0.12095001 0.50575487],42,52,"[0.10837107196086664, 0.5019908555728455]",113,-1
9260,[0.59353014 0.63963291],40,28,"[0.572088563242004, 0.6648723747855627]",81,29
9261,[0.32112347 0.6495515 ],14,12,"[0.3563557933558874, 0.6600167756750083]",113,-1
9262,[0.74601315 0.33346431],85,36,"[0.718962763471204, 0.2995127644433783]",-1,-1
9263,[0.81543528 0.65535862],19,25,"[0.8290893185566872, 0.6663325003431528]",102,24
9264,[0.41698406 0.37744655],65,13,"[0.3772074110661572, 0.3667665336396509]",-1,-1
9265,[0.54689977 0.22106189],22,31,"[0.5509259779365981, 0.20365500329799469]",110,-1
9266,[0.22394794 0.67442018],0,32,"[0.21070106237511496, 0.6599645039522288]",113,44
9267,[0.78900828 0.24718877],38,9,"[0.7745160189749856, 0.22813324751878863]",36,12
9268,[0.66939068 0.69949203],3,60,"[0.6482027966760067, 0.6653053686977741]",-1,-1
9269,[0.46112803 0.61762195],16,18,"[0.4095647158889755, 0.6213093728466221]",-1,-1
9270,[0.86004268 0.84890687],26,50,"[0.8669550309977382, 0.8414428333530212]",-1,-1
9271,[0.2620512  0.58380785],5,24,"[0.2575895391106446, 0.5636151717894005]",-1,-1
9272,[0.73331562 0.82062347],26,75,"[0.7159769487757391, 0.8473248623765012]",42,-1
9273,[0.20621723 0.34282076],47,21,"[0.24089021291760518, 0.30160856093346966]",-1,-1
9274,[0.15075341 0.12526297],66,73,"[0.15159497202623598, 0.099534542862727]",104,42
9275,[0.77631094 0.76150834],32,16,"[0.7557129160895149, 0.7610612683801858]",-1,-1
9276,[0.39830925 0.73879137],23,59,"[0.4102385111598612, 0.7308207375545044]",113,67
9277,[0.79441408 0.18280416],93,93,"[0.8175047550160816, 0.1805576480903363]",36,-1
9278,[0.56033509 0.62664893],81,28,"[0.572088563242004, 0.6648723747855627]",-1,-1
9279,[0.35968279 0.63071899],51,12,"[0.3563557933558874, 0.6600167756750083]",113,-1
9280,[0.62398861 0.73406703],40,27,"[0.6091441642186142, 0.7391629772413223]",102,36
9281,[0.79055818 0.78248401],52,48,"[0.8063574629792128, 0.8028480378432847]",-1,-1
9282,[0.21598066 0.20958046],36,34,"[0.22317706824250913, 0.23387943431995686]",104,42
9283,[0.16143932 0.53789889],7,35,"[0.18006516204956544, 0.5309482406934538]",113,64
9284,[0.13038619 0.14949567],20,86,"[0.10460029415455299, 0.15390780514892627]",104,42
9285,[0.60056631 0.45516753],35,64,"[0.5873954455556146, 0.4184822956881117]",5,-1
9286,[0.49005677 0.41958477],76,77,"[0.5067154617511884, 0.39780872086571867]",-1,-1
9287,[0.31997214 0.34964515],48,1,"[0.31345252476490787, 0.39568681619531276]",113,-1
9288,[0.76819544 0.7237835 ],32,16,"[0.7557129160895149, 0.7610612683801858]",102,-1
9289,[0.17946712 0.42299815],96,14,"[0.16635912736795258, 0.4532667183848064]",113,-1
9290,[0.51503948 0.66167958],81,88,"[0.49693056847195605, 0.6857701176055397]",-1,-1
9291,[0.77006535 0.19344411],57,9,"[0.7745160189749856, 0.22813324751878863]",36,12
9292,[0.17103856 0.16293279],20,7,"[0.16040334011861732, 0.1583747599262833]",104,42
9293,[0.24839278 0.38256061],43,0,"[0.24505961735590134, 0.40258348756972934]",113,81
9294,[0.53057857 0.14637702],71,69,"[0.5153460121236064, 0.11707314703881673]",110,63
9295,[0.5513839  0.17723659],18,31,"[0.5509259779365981, 0.20365500329799469]",110,-1
9296,[0.58216401 0.35186836],6,23,"[0.5544996285461486, 0.3649814617648961]",110,-1
9297,[0.21830173 0.64578067],15,32,"[0.21070106237511496, 0.6599645039522288]",113,44
9298,[0.69203019 0.77681713],59,6,"[0.6704818259566957, 0.7868874266118806]",102,50
9299,[0.21618245 0.15760511],66,54,"[0.23065754032548644, 0.16311462163198792]",-1,-1
9300,[0.87377866 0.60517971],4,43,"[0.8559722074695512, 0.5768738433864216]",99,22
9301,[0.55634816 0.78147243],88,45,"[0.6014090517878816, 0.8253297621455221]",-1,-1
9302,[0.37649827 0.84338762],88,41,"[0.4045860819360065, 0.8451095848913467]",113,-1
9303,[0.84908638 0.53589839],28,43,"[0.8559722074695512, 0.5768738433864216]",73,22
9304,[0.60630568 0.17299999],75,55,"[0.6160291566716146, 0.18582080836242268]",110,-1
9305,[0.69214621 0.82832662],31,75,"[0.7159769487757391, 0.8473248623765012]",102,-1
9306,[0.53545174 0.53606147],16,68,"[0.5421113451424038, 0.49916034700705]",-1,-1
9307,[0.67876508 0.49496043],35,66,"[0.6892424870002536, 0.4809362987183399]",40,-1
9308,[0.66384412 0.8097132 ],31,6,"[0.6704818259566957, 0.7868874266118806]",102,-1
9309,[0.56764679 0.2546929 ],22,58,"[0.5903496421521437, 0.26872112132208276]",110,-1
9310,[0.75205952 0.29833891],86,36,"[0.718962763471204, 0.2995127644433783]",36,-1
9311,[0.17857446 0.86367021],21,78,"[0.17639698191982223, 0.8335029307302414]",-1,-1
9312,[0.77561642 0.74337076],50,16,"[0.7557129160895149, 0.7610612683801858]",102,-1
9313,[0.64796906 0.74917254],53,27,"[0.6091441642186142, 0.7391629772413223]",102,-1
9314,[0.76349178 0.71614379],50,11,"[0.7285416878591984, 0.7120527989062413]",102,-1
9315,[0.4520789  0.39175725],70,77,"[0.5067154617511884, 0.39780872086571867]",-1,-1
9316,[0.14713607 0.24611671],90,57,"[0.11385950246950007, 0.22156166292214274]",104,-1
9317,[0.2746416  0.43293449],99,0,"[0.24505961735590134, 0.40258348756972934]",113,81
9318,[0.58155322 0.1799792 ],75,55,"[0.6160291566716146, 0.18582080836242268]",110,-1
9319,[0.24647358 0.68675766],0,81,"[0.2526303993585153, 0.7288181375759063]",113,-1
9320,[0.20596931 0.69469786],25,32,"[0.21070106237511496, 0.6599645039522288]",-1,-1
9321,[0.2618229  0.45061037],78,3,"[0.22590404659055946, 0.4809143921482596]",113,81
9322,[0.32461105 0.40360304],55,1,"[0.31345252476490787, 0.39568681619531276]",113,81
9323,[0.80086153 0.54398051],28,49,"[0.7597872492020543, 0.528305606483068]",49,10
9324,[0.56286663 0.68196626],81,28,"[0.572088563242004, 0.6648723747855627]",69,26
9325,[0.15898343 0.55821164],87,35,"[0.18006516204956544, 0.5309482406934538]",-1,-1
9326,[0.42106999 0.84857241],24,41,"[0.4045860819360065, 0.8451095848913467]",113,-1
9327,[0.59781233 0.47443272],76,64,"[0.5873954455556146, 0.4184822956881117]",-1,-1
9328,[0.40104361 0.57810181],69,67,"[0.39991637370105465, 0.5429488636659977]",113,-1
9329,[0.2003304 0.7414251],0,42,"[0.17164193172035744, 0.7477907034099851]",88,-1
9330,[0.122835   0.23086532],47,57,"[0.11385950246950007, 0.22156166292214274]",104,-1
9331,[0.27716991 0.40808328],99,0,"[0.24505961735590134, 0.40258348756972934]",113,81
9332,[0.44677614 0.14731236],29,15,"[0.4480198330140321, 0.13770311065471516]",110,63
9333,[0.59255231 0.34196413],63,56,"[0.6228765219922414, 0.3379402254620158]",110,-1
9334,[0.41312727 0.21032797],92,40,"[0.4428604662933861, 0.22666876085097074]",110,63
9335,[0.47540169 0.79901184],88,51,"[0.47563858561263794, 0.7978986338068428]",113,-1
9336,[0.71897134 0.42546122],35,79,"[0.7440923457598303, 0.4172681159825393]",43,4
9337,[0.55939202 0.8140386 ],53,45,"[0.6014090517878816, 0.8253297621455221]",-1,-1
9338,[0.57809131 0.85115108],45,89,"[0.5577955894805164, 0.8749894575544954]",-1,-1
9339,[0.2165805  0.66925801],0,32,"[0.21070106237511496, 0.6599645039522288]",113,44
9340,[0.72477067 0.55115177],11,49,"[0.7597872492020543, 0.528305606483068]",-1,-1
9341,[0.17324336 0.19406697],67,20,"[0.18106142669570233, 0.20480546739290073]",104,42
9342,[0.42021435 0.16115318],46,15,"[0.4480198330140321, 0.13770311065471516]",110,63
9343,[0.28352229 0.42580054],77,1,"[0.31345252476490787, 0.39568681619531276]",113,-1
9344,[0.39176698 0.13319199],17,92,"[0.3725508188236613, 0.1071489353939289]",-1,-1
9345,[0.15003288 0.50830361],87,35,"[0.18006516204956544, 0.5309482406934538]",113,66
9346,[0.63891069 0.37503348],44,56,"[0.6228765219922414, 0.3379402254620158]",-1,-1
9347,[0.26134402 0.45217129],77,3,"[0.22590404659055946, 0.4809143921482596]",113,81
9348,[0.13430876 0.16192909],20,7,"[0.16040334011861732, 0.1583747599262833]",104,42
9349,[0.65086725 0.19590182],80,55,"[0.6160291566716146, 0.18582080836242268]",-1,-1
9350,[0.46830441 0.34277417],76,77,"[0.5067154617511884, 0.39780872086571867]",-1,-1
9351,[0.77436457 0.74430924],50,16,"[0.7557129160895149, 0.7610612683801858]",102,-1
9352,[0.20350183 0.17709338],79,54,"[0.23065754032548644, 0.16311462163198792]",104,42
9353,[0.35095098 0.5332253 ],69,67,"[0.39991637370105465, 0.5429488636659977]",113,-1
9354,[0.89857141 0.33141814],37,84,"[0.8747370333854485, 0.3299307577245935]",25,-1
9355,[0.37298915 0.7737396 ],89,22,"[0.4053244070468948, 0.7892325425819533]",113,71
9356,[0.70093591 0.42492953],35,46,"[0.6818606004752428, 0.39460805157892936]",43,4
9357,[0.32039427 0.67037958],14,8,"[0.29185823944997474, 0.6822630454364129]",113,83
9358,[0.68764321 0.69051721],60,11,"[0.7285416878591984, 0.7120527989062413]",-1,-1
9359,[0.08824198 0.69423369],25,72,"[0.13389630971446978, 0.6701017461857026]",-1,-1
9360,[0.27261246 0.46930733],34,2,"[0.2982944979771574, 0.4928881704977565]",113,81
9361,[0.5251144  0.12947627],71,69,"[0.5153460121236064, 0.11707314703881673]",110,-1
9362,[0.90028889 0.26545886],37,97,"[0.9117696710959879, 0.2607718115134211]",-1,-1
9363,[0.60985987 0.89697329],31,74,"[0.6387846519793019, 0.8886269005667045]",91,-1
9364,[0.76328363 0.7059796 ],60,11,"[0.7285416878591984, 0.7120527989062413]",102,-1
9365,[0.61170971 0.29124935],22,58,"[0.5903496421521437, 0.26872112132208276]",-1,-1
9366,[0.49606745 0.25076029],97,17,"[0.5266584783397147, 0.2925234389366824]",29,-1
9367,[0.69629974 0.22224173],49,33,"[0.712147299809196, 0.21396583181069667]",36,-1
9368,[0.62726025 0.72023231],3,27,"[0.6091441642186142, 0.7391629772413223]",102,36
9369,[0.53533916 0.28889628],22,17,"[0.5266584783397147, 0.2925234389366824]",110,48
9370,[0.40555997 0.18673147],2,4,"[0.3827392388806571, 0.18315480574773338]",110,63
9371,[0.20156345 0.24355374],36,34,"[0.22317706824250913, 0.23387943431995686]",104,42
9372,[0.39726663 0.7245777 ],23,59,"[0.4102385111598612, 0.7308207375545044]",113,67
9373,[0.58111009 0.34857682],72,23,"[0.5544996285461486, 0.3649814617648961]",110,53
9374,[0.84804628 0.84382219],26,50,"[0.8669550309977382, 0.8414428333530212]",67,16
9375,[0.69295258 0.38044357],85,46,"[0.6818606004752428, 0.39460805157892936]",45,5
9376,[0.29266948 0.35824171],43,1,"[0.31345252476490787, 0.39568681619531276]",113,81
9377,[0.71728506 0.41436232],44,79,"[0.7440923457598303, 0.4172681159825393]",43,4
9378,[0.50525085 0.14835145],29,10,"[0.4982904339105401, 0.17462697492844612]",110,63
9379,[0.18603586 0.66614991],25,32,"[0.21070106237511496, 0.6599645039522288]",113,43
9380,[0.47601595 0.15083025],46,15,"[0.4480198330140321, 0.13770311065471516]",110,63
9381,[0.29658129 0.36437782],77,1,"[0.31345252476490787, 0.39568681619531276]",113,81
9382,[0.86613518 0.8219072 ],52,50,"[0.8669550309977382, 0.8414428333530212]",54,-1
9383,[0.54109853 0.52287082],16,68,"[0.5421113451424038, 0.49916034700705]",-1,-1
9384,[0.41562286 0.34239993],70,13,"[0.3772074110661572, 0.3667665336396509]",-1,-1
9385,[0.68314028 0.80053139],53,6,"[0.6704818259566957, 0.7868874266118806]",102,50
9386,[0.58200672 0.5581395 ],74,30,"[0.5893115951066175, 0.5856347360021498]",80,-1
9387,[0.48239516 0.20504517],61,10,"[0.4982904339105401, 0.17462697492844612]",-1,-1
9388,[0.83582745 0.43202927],39,85,"[0.8330047067228752, 0.39861674914336154]",12,-1
9389,[0.75226943 0.10573118],49,62,"[0.7592128314241189, 0.15406303015764497]",-1,-1
9390,[0.47998284 0.63642783],9,88,"[0.49693056847195605, 0.6857701176055397]",-1,-1
9391,[0.41412203 0.86196375],10,41,"[0.4045860819360065, 0.8451095848913467]",93,-1
9392,[0.26087097 0.38597923],43,0,"[0.24505961735590134, 0.40258348756972934]",113,81
9393,[0.378802  0.3996345],70,13,"[0.3772074110661572, 0.3667665336396509]",113,81
9394,[0.56501581 0.60272291],74,30,"[0.5893115951066175, 0.5856347360021498]",81,29
9395,[0.19362445 0.2421577 ],90,34,"[0.22317706824250913, 0.23387943431995686]",104,42
9396,[0.42331189 0.79568746],88,22,"[0.4053244070468948, 0.7892325425819533]",113,-1
9397,[0.57916023 0.64373812],81,28,"[0.572088563242004, 0.6648723747855627]",81,29
9398,[0.43220102 0.81066805],24,22,"[0.4053244070468948, 0.7892325425819533]",113,71
9399,[0.10276847 0.23732503],95,57,"[0.11385950246950007, 0.22156166292214274]",-1,-1
9400,[0.52780834 0.59291587],12,38,"[0.5222833502418962, 0.5760861920194034]",80,27
9401,[0.64877221 0.88187757],31,74,"[0.6387846519793019, 0.8886269005667045]",63,-1
9402,[0.27760994 0.49711656],8,2,"[0.2982944979771574, 0.4928881704977565]",113,81
9403,[0.21057233 0.2078904 ],68,34,"[0.22317706824250913, 0.23387943431995686]",104,42
9404,[0.74341353 0.20096339],93,33,"[0.712147299809196, 0.21396583181069667]",36,12
9405,[0.23322408 0.23171267],90,34,"[0.22317706824250913, 0.23387943431995686]",104,42
9406,[0.3207008  0.32003784],70,44,"[0.34401211644161456, 0.2727474001163449]",-1,-1
9407,[0.09873149 0.25708499],95,57,"[0.11385950246950007, 0.22156166292214274]",-1,-1
9408,[0.49918902 0.16387768],29,10,"[0.4982904339105401, 0.17462697492844612]",110,63
9409,[0.22923897 0.63926973],25,32,"[0.21070106237511496, 0.6599645039522288]",113,-1
9410,[0.58354677 0.89938145],45,89,"[0.5577955894805164, 0.8749894575544954]",-1,-1
9411,[0.32523663 0.80167569],23,82,"[0.32758089961125464, 0.809330839306685]",82,-1
9412,[0.48659903 0.15030901],97,10,"[0.4982904339105401, 0.17462697492844612]",110,63
9413,[0.26659896 0.71712708],84,81,"[0.2526303993585153, 0.7288181375759063]",113,-1
9414,[0.62306724 0.14324281],80,37,"[0.590787313093903, 0.1287873361919935]",110,38
9415,[0.32305534 0.57194357],51,5,"[0.3369928142177202, 0.5813431770807651]",113,-1
9416,[0.31905806 0.62232076],5,5,"[0.3369928142177202, 0.5813431770807651]",113,80
9417,[0.48909114 0.86744205],24,63,"[0.4663233365844979, 0.874422196988726]",-1,-1
9418,[0.4158592  0.78191926],41,22,"[0.4053244070468948, 0.7892325425819533]",113,-1
9419,[0.20328459 0.16629664],67,54,"[0.23065754032548644, 0.16311462163198792]",104,42
9420,[0.38989187 0.65710555],54,12,"[0.3563557933558874, 0.6600167756750083]",113,-1
9421,[0.14627619 0.63057277],15,70,"[0.16883511008014604, 0.6108734061004485]",113,-1
9422,[0.89954733 0.27002633],37,97,"[0.9117696710959879, 0.2607718115134211]",-1,-1
9423,[0.25291646 0.59908918],5,24,"[0.2575895391106446, 0.5636151717894005]",-1,-1
9424,[0.21306309 0.30841287],83,21,"[0.24089021291760518, 0.30160856093346966]",104,42
9425,[0.18749095 0.62287842],0,70,"[0.16883511008014604, 0.6108734061004485]",113,-1
9426,[0.7567478  0.55650067],11,49,"[0.7597872492020543, 0.528305606483068]",-1,-1
9427,[0.47870511 0.64406581],9,88,"[0.49693056847195605, 0.6857701176055397]",-1,-1
9428,[0.86327319 0.58446963],27,43,"[0.8559722074695512, 0.5768738433864216]",99,22
9429,[0.30115397 0.27375116],17,44,"[0.34401211644161456, 0.2727474001163449]",-1,-1
9430,[0.39862969 0.82284987],88,41,"[0.4045860819360065, 0.8451095848913467]",113,71
9431,[0.39410094 0.79879876],10,22,"[0.4053244070468948, 0.7892325425819533]",113,-1
9432,[0.80784615 0.75856901],32,48,"[0.8063574629792128, 0.8028480378432847]",102,46
9433,[0.57247481 0.33984981],72,23,"[0.5544996285461486, 0.3649814617648961]",110,53
9434,[0.65592549 0.81155611],31,6,"[0.6704818259566957, 0.7868874266118806]",102,-1
9435,[0.80013355 0.30952238],86,39,"[0.7929729113380171, 0.306282578754693]",-1,-1
9436,[0.37793077 0.60711682],54,18,"[0.4095647158889755, 0.6213093728466221]",113,84
9437,[0.85450271 0.64359644],27,25,"[0.8290893185566872, 0.6663325003431528]",98,-1
9438,[0.78990863 0.88901389],26,95,"[0.8179696228241676, 0.8855176666788548]",-1,-1
9439,[0.80445899 0.2080438 ],49,93,"[0.8175047550160816, 0.1805576480903363]",36,12
9440,[0.34300201 0.59760132],62,5,"[0.3369928142177202, 0.5813431770807651]",113,84
9441,[0.1424589  0.85047931],21,47,"[0.12002015978901225, 0.8781802626724163]",-1,-1
9442,[0.54649638 0.58077327],16,38,"[0.5222833502418962, 0.5760861920194034]",-1,-1
9443,[0.43990592 0.2026481 ],92,40,"[0.4428604662933861, 0.22666876085097074]",110,63
9444,[0.88407642 0.25569912],37,97,"[0.9117696710959879, 0.2607718115134211]",-1,-1
9445,[0.61977072 0.66978169],81,60,"[0.6482027966760067, 0.6653053686977741]",102,-1
9446,[0.69614978 0.54203299],35,80,"[0.6893002767673785, 0.5852948461925299]",-1,10
9447,[0.22268592 0.46561982],94,3,"[0.22590404659055946, 0.4809143921482596]",113,81
9448,[0.60018409 0.66261439],40,28,"[0.572088563242004, 0.6648723747855627]",-1,-1
9449,[0.13443506 0.43192597],42,76,"[0.1271293063442913, 0.39727223545070534]",-1,-1
9450,[0.23486817 0.21499717],68,34,"[0.22317706824250913, 0.23387943431995686]",104,42
9451,[0.9259516  0.36108881],39,96,"[0.9242498114026001, 0.35811950872924947]",-1,-1
9452,[0.40208816 0.77960386],23,22,"[0.4053244070468948, 0.7892325425819533]",113,71
9453,[0.30728625 0.56676763],62,5,"[0.3369928142177202, 0.5813431770807651]",113,-1
9454,[0.29913411 0.20799367],2,29,"[0.29724643836137565, 0.21152192866347855]",-1,-1
9455,[0.34138449 0.32040361],65,44,"[0.34401211644161456, 0.2727474001163449]",-1,-1
9456,[0.32183992 0.60102101],98,5,"[0.3369928142177202, 0.5813431770807651]",113,-1
9457,[0.05207935 0.2441978 ],95,57,"[0.11385950246950007, 0.22156166292214274]",-1,-1
9458,[0.28550593 0.39619593],77,1,"[0.31345252476490787, 0.39568681619531276]",113,81
9459,[0.4150836  0.21231593],92,40,"[0.4428604662933861, 0.22666876085097074]",110,63
9460,[0.31475402 0.23498636],2,29,"[0.29724643836137565, 0.21152192866347855]",-1,-1
9461,[0.23392522 0.2201746 ],67,34,"[0.22317706824250913, 0.23387943431995686]",104,42
9462,[0.55617774 0.32893847],63,23,"[0.5544996285461486, 0.3649814617648961]",110,53
9463,[0.15480135 0.82324495],64,78,"[0.17639698191982223, 0.8335029307302414]",59,9
9464,[0.14623542 0.68508964],0,72,"[0.13389630971446978, 0.6701017461857026]",-1,-1
9465,[0.23001138 0.19529957],68,54,"[0.23065754032548644, 0.16311462163198792]",-1,-1
9466,[0.2241326  0.37850329],94,0,"[0.24505961735590134, 0.40258348756972934]",75,-1
9467,[0.34317648 0.64046507],51,12,"[0.3563557933558874, 0.6600167756750083]",113,83
9468,[0.24790663 0.33213644],83,21,"[0.24089021291760518, 0.30160856093346966]",-1,-1
9469,[0.18789752 0.12111738],66,73,"[0.15159497202623598, 0.099534542862727]",104,-1
9470,[0.1452069  0.60327761],15,70,"[0.16883511008014604, 0.6108734061004485]",-1,-1
9471,[0.61542333 0.18541824],75,55,"[0.6160291566716146, 0.18582080836242268]",110,37
9472,[0.82050516 0.52349397],82,61,"[0.8226541227267828, 0.49698240517173836]",72,-1
9473,[0.48436357 0.49274016],74,68,"[0.5421113451424038, 0.49916034700705]",-1,-1
9474,[0.40323677 0.28926343],17,44,"[0.34401211644161456, 0.2727474001163449]",-1,-1
9475,[0.12351323 0.77329502],58,71,"[0.10117111935954111, 0.7754028082579668]",79,21
9476,[0.16350031 0.92529576],21,47,"[0.12002015978901225, 0.8781802626724163]",-1,-1
9477,[0.54759472 0.57446658],74,38,"[0.5222833502418962, 0.5760861920194034]",80,-1
9478,[0.21177258 0.47045156],87,3,"[0.22590404659055946, 0.4809143921482596]",113,81
9479,[0.37308037 0.37276007],70,13,"[0.3772074110661572, 0.3667665336396509]",113,-1
9480,[0.52588124 0.57109252],74,38,"[0.5222833502418962, 0.5760861920194034]",80,-1
9481,[0.77224974 0.22175148],38,9,"[0.7745160189749856, 0.22813324751878863]",36,12
9482,[0.40570207 0.63661995],62,18,"[0.4095647158889755, 0.6213093728466221]",113,84
9483,[0.42433546 0.5938744 ],62,18,"[0.4095647158889755, 0.6213093728466221]",-1,-1
9484,[0.41941099 0.76687639],24,22,"[0.4053244070468948, 0.7892325425819533]",113,71
9485,[0.35433602 0.61565946],54,5,"[0.3369928142177202, 0.5813431770807651]",113,84
9486,[0.37851757 0.77401663],89,22,"[0.4053244070468948, 0.7892325425819533]",113,71
9487,[0.16563811 0.16617749],66,7,"[0.16040334011861732, 0.1583747599262833]",104,42
9488,[0.3089975 0.7027742],14,8,"[0.29185823944997474, 0.6822630454364129]",113,79
9489,[0.3968815  0.79091719],89,22,"[0.4053244070468948, 0.7892325425819533]",113,-1
9490,[0.2128695  0.45049914],94,3,"[0.22590404659055946, 0.4809143921482596]",113,81
9491,[0.40865076 0.77462479],41,22,"[0.4053244070468948, 0.7892325425819533]",113,71
9492,[0.87663865 0.30805107],37,84,"[0.8747370333854485, 0.3299307577245935]",25,-1
9493,[0.24292335 0.29488679],83,21,"[0.24089021291760518, 0.30160856093346966]",104,-1
9494,[0.23868324 0.23531982],68,34,"[0.22317706824250913, 0.23387943431995686]",104,42
9495,[0.05476974 0.72151996],58,-1,-1,-1,-1
9496,[0.70689087 0.6237024 ],11,80,"[0.6893002767673785, 0.5852948461925299]",-1,-1
9497,[0.62057316 0.08135387],71,37,"[0.590787313093903, 0.1287873361919935]",-1,-1
9498,[0.38363168 0.81782943],23,41,"[0.4045860819360065, 0.8451095848913467]",113,-1
9499,[0.62930191 0.84810751],45,45,"[0.6014090517878816, 0.8253297621455221]",102,39
9500,[0.60317302 0.40470419],72,64,"[0.5873954455556146, 0.4184822956881117]",-1,-1
9501,[0.53209832 0.10093865],75,69,"[0.5153460121236064, 0.11707314703881673]",-1,-1
9502,[0.44078624 0.79531406],41,51,"[0.47563858561263794, 0.7978986338068428]",113,-1
9503,[0.70718446 0.71649161],50,11,"[0.7285416878591984, 0.7120527989062413]",102,-1
9504,[0.30564449 0.55925895],78,5,"[0.3369928142177202, 0.5813431770807651]",113,-1
9505,[0.15738143 0.12487754],79,73,"[0.15159497202623598, 0.099534542862727]",104,-1
9506,[0.29367061 0.47582456],73,2,"[0.2982944979771574, 0.4928881704977565]",113,-1
9507,[0.20613463 0.26802443],90,19,"[0.1752933885253929, 0.2769931075732081]",104,42
9508,[0.12963813 0.56056134],42,35,"[0.18006516204956544, 0.5309482406934538]",-1,-1
9509,[0.65157398 0.21989182],57,55,"[0.6160291566716146, 0.18582080836242268]",-1,-1
9510,[0.66929893 0.30296806],85,36,"[0.718962763471204, 0.2995127644433783]",-1,-1
9511,[0.52735691 0.39117685],76,77,"[0.5067154617511884, 0.39780872086571867]",110,54
9512,[0.15957193 0.49349557],87,14,"[0.16635912736795258, 0.4532667183848064]",113,66
9513,[0.76283965 0.2865216 ],86,39,"[0.7929729113380171, 0.306282578754693]",36,-1
9514,[0.20552209 0.18005999],90,54,"[0.23065754032548644, 0.16311462163198792]",104,42
9515,[0.12672953 0.13584033],66,86,"[0.10460029415455299, 0.15390780514892627]",104,-1
9516,[0.73632508 0.24737011],30,33,"[0.712147299809196, 0.21396583181069667]",36,-1
9517,[0.19518476 0.57714258],25,70,"[0.16883511008014604, 0.6108734061004485]",-1,-1
9518,[0.1835372  0.47004427],96,14,"[0.16635912736795258, 0.4532667183848064]",113,-1
9519,[0.15578248 0.54673352],42,35,"[0.18006516204956544, 0.5309482406934538]",113,64
9520,[0.91782529 0.51741791],4,-1,-1,-1,-1
9521,[0.68076485 0.82395277],59,6,"[0.6704818259566957, 0.7868874266118806]",102,-1
9522,[0.26378864 0.80445673],64,82,"[0.32758089961125464, 0.809330839306685]",-1,-1
9523,[0.19682649 0.44132397],94,14,"[0.16635912736795258, 0.4532667183848064]",113,-1
9524,[0.52935623 0.58043405],12,38,"[0.5222833502418962, 0.5760861920194034]",80,-1
9525,[0.318552   0.54527261],69,5,"[0.3369928142177202, 0.5813431770807651]",113,-1
9526,[0.34350951 0.56499871],69,5,"[0.3369928142177202, 0.5813431770807651]",113,68
9527,[0.66524884 0.68700286],3,60,"[0.6482027966760067, 0.6653053686977741]",60,19
9528,[0.35171382 0.39911423],48,1,"[0.31345252476490787, 0.39568681619531276]",113,81
9529,[0.27932434 0.59443586],98,24,"[0.2575895391106446, 0.5636151717894005]",-1,-1
9530,[0.75381246 0.29614358],85,36,"[0.718962763471204, 0.2995127644433783]",-1,-1
9531,[0.61134883 0.88081598],45,74,"[0.6387846519793019, 0.8886269005667045]",91,14
9532,[0.73462531 0.3376067 ],57,36,"[0.718962763471204, 0.2995127644433783]",-1,-1
9533,[0.29444088 0.47507749],78,2,"[0.2982944979771574, 0.4928881704977565]",113,-1
9534,[0.18730934 0.45486947],94,14,"[0.16635912736795258, 0.4532667183848064]",113,81
9535,[0.07533121 0.53496242],42,52,"[0.10837107196086664, 0.5019908555728455]",-1,-1
9536,[0.31311137 0.21249117],68,29,"[0.29724643836137565, 0.21152192866347855]",110,-1
9537,[0.30744937 0.5389666 ],69,2,"[0.2982944979771574, 0.4928881704977565]",113,78
9538,[0.62397097 0.90208025],45,74,"[0.6387846519793019, 0.8886269005667045]",91,14
9539,[0.55151842 0.30872829],63,17,"[0.5266584783397147, 0.2925234389366824]",110,-1
9540,[0.4396857  0.62126295],9,18,"[0.4095647158889755, 0.6213093728466221]",113,-1
9541,[0.36478432 0.56251748],62,5,"[0.3369928142177202, 0.5813431770807651]",113,-1
9542,[0.84369213 0.69382286],32,25,"[0.8290893185566872, 0.6663325003431528]",98,24
9543,[0.63444332 0.89899807],31,74,"[0.6387846519793019, 0.8886269005667045]",-1,-1
9544,[0.27276938 0.80075002],84,82,"[0.32758089961125464, 0.809330839306685]",-1,-1
9545,[0.73908064 0.26397589],30,36,"[0.718962763471204, 0.2995127644433783]",36,-1
9546,[0.79283657 0.27854564],38,39,"[0.7929729113380171, 0.306282578754693]",36,-1
9547,[0.83061108 0.71807987],56,65,"[0.8683963995203289, 0.7186203255414056]",-1,-1
9548,[0.29089814 0.15161754],2,29,"[0.29724643836137565, 0.21152192866347855]",-1,-1
9549,[0.79886219 0.48171719],82,61,"[0.8226541227267828, 0.49698240517173836]",71,3
9550,[0.71848227 0.63354648],19,53,"[0.7681832820464827, 0.6327372104307392]",-1,-1
9551,[0.78199732 0.2484454 ],86,9,"[0.7745160189749856, 0.22813324751878863]",36,12
9552,[0.32894648 0.54369032],8,5,"[0.3369928142177202, 0.5813431770807651]",113,72
9553,[0.16525903 0.11588701],20,73,"[0.15159497202623598, 0.099534542862727]",-1,-1
9554,[0.46081626 0.186385  ],97,10,"[0.4982904339105401, 0.17462697492844612]",110,-1
9555,[0.86633811 0.32681553],37,84,"[0.8747370333854485, 0.3299307577245935]",25,2
9556,[0.59714521 0.30230766],6,58,"[0.5903496421521437, 0.26872112132208276]",-1,-1
9557,[0.94460002 0.27611404],37,97,"[0.9117696710959879, 0.2607718115134211]",-1,-1
9558,[0.12324785 0.79189453],64,71,"[0.10117111935954111, 0.7754028082579668]",78,20
9559,[0.32835411 0.38157669],65,1,"[0.31345252476490787, 0.39568681619531276]",113,-1
9560,[0.45632603 0.12870466],46,15,"[0.4480198330140321, 0.13770311065471516]",110,-1
9561,[0.45705365 0.20703066],29,40,"[0.4428604662933861, 0.22666876085097074]",110,63
9562,[0.23863121 0.16902947],67,54,"[0.23065754032548644, 0.16311462163198792]",-1,-1
9563,[0.55702502 0.35344485],76,23,"[0.5544996285461486, 0.3649814617648961]",110,53
9564,[0.85771672 0.69692792],56,65,"[0.8683963995203289, 0.7186203255414056]",98,24
9565,[0.24554817 0.57745995],8,24,"[0.2575895391106446, 0.5636151717894005]",-1,-1
9566,[0.73874284 0.28671761],86,36,"[0.718962763471204, 0.2995127644433783]",36,-1
9567,[0.81181307 0.3099905 ],86,39,"[0.7929729113380171, 0.306282578754693]",36,-1
9568,[0.83150763 0.41873569],39,85,"[0.8330047067228752, 0.39861674914336154]",12,0
9569,[0.45887369 0.38560573],70,77,"[0.5067154617511884, 0.39780872086571867]",-1,-1
9570,[0.38704458 0.77770246],23,22,"[0.4053244070468948, 0.7892325425819533]",113,71
9571,[0.44690692 0.81555676],88,51,"[0.47563858561263794, 0.7978986338068428]",113,-1
9572,[0.58172399 0.19656562],80,31,"[0.5509259779365981, 0.20365500329799469]",110,-1
9573,[0.35757811 0.56743608],51,5,"[0.3369928142177202, 0.5813431770807651]",113,68
9574,[0.5713784  0.61402678],74,30,"[0.5893115951066175, 0.5856347360021498]",81,-1
9575,[0.45514678 0.85654098],24,63,"[0.4663233365844979, 0.874422196988726]",93,23
9576,[0.58227364 0.12392826],80,37,"[0.590787313093903, 0.1287873361919935]",-1,-1
9577,[0.49649231 0.13172383],18,69,"[0.5153460121236064, 0.11707314703881673]",110,-1
9578,[0.39691456 0.16438183],2,4,"[0.3827392388806571, 0.18315480574773338]",110,62
9579,[0.52493757 0.11200597],18,69,"[0.5153460121236064, 0.11707314703881673]",89,-1
9580,[0.14703595 0.61793604],15,70,"[0.16883511008014604, 0.6108734061004485]",-1,-1
9581,[0.17840452 0.48138098],7,14,"[0.16635912736795258, 0.4532667183848064]",113,81
9582,[0.61443337 0.54339556],12,30,"[0.5893115951066175, 0.5856347360021498]",-1,-1
9583,[0.47352065 0.55049251],74,38,"[0.5222833502418962, 0.5760861920194034]",-1,-1
9584,[0.19287816 0.5545601 ],7,35,"[0.18006516204956544, 0.5309482406934538]",113,-1
9585,[0.20783659 0.46300176],87,3,"[0.22590404659055946, 0.4809143921482596]",113,81
9586,[0.62238019 0.62806418],12,60,"[0.6482027966760067, 0.6653053686977741]",-1,-1
9587,[0.27601998 0.65552308],54,8,"[0.29185823944997474, 0.6822630454364129]",113,73
9588,[0.16438597 0.82463398],64,78,"[0.17639698191982223, 0.8335029307302414]",59,9
9589,[0.82121268 0.66192226],27,25,"[0.8290893185566872, 0.6663325003431528]",-1,-1
9590,[0.72466612 0.48330779],82,66,"[0.6892424870002536, 0.4809362987183399]",-1,-1
9591,[0.58529225 0.38687311],72,64,"[0.5873954455556146, 0.4184822956881117]",-1,-1
9592,[0.55749921 0.733723  ],81,27,"[0.6091441642186142, 0.7391629772413223]",8,-1
9593,[0.11381968 0.4724491 ],87,52,"[0.10837107196086664, 0.5019908555728455]",100,-1
9594,[0.9383838  0.24712133],37,97,"[0.9117696710959879, 0.2607718115134211]",-1,-1
9595,[0.0820641  0.53167352],87,52,"[0.10837107196086664, 0.5019908555728455]",-1,-1
9596,[0.55010365 0.20808691],18,31,"[0.5509259779365981, 0.20365500329799469]",-1,-1
9597,[0.57504982 0.23649748],71,58,"[0.5903496421521437, 0.26872112132208276]",110,-1
9598,[0.49087909 0.09962124],18,69,"[0.5153460121236064, 0.11707314703881673]",110,-1
9599,[0.39830272 0.73283392],41,59,"[0.4102385111598612, 0.7308207375545044]",113,67
9600,[0.7082354  0.24274676],38,33,"[0.712147299809196, 0.21396583181069667]",-1,-1
9601,[0.3838835  0.17593948],17,4,"[0.3827392388806571, 0.18315480574773338]",110,62
9602,[0.56966651 0.30681274],6,58,"[0.5903496421521437, 0.26872112132208276]",110,-1
9603,[0.48248294 0.10683217],18,69,"[0.5153460121236064, 0.11707314703881673]",110,51
9604,[0.21772403 0.29658306],83,21,"[0.24089021291760518, 0.30160856093346966]",104,42
9605,[0.77425225 0.70676431],60,11,"[0.7285416878591984, 0.7120527989062413]",102,-1
9606,[0.30580561 0.40266793],70,1,"[0.31345252476490787, 0.39568681619531276]",113,-1
9607,[0.19604493 0.37514336],94,0,"[0.24505961735590134, 0.40258348756972934]",-1,-1
9608,[0.52753581 0.1782465 ],61,10,"[0.4982904339105401, 0.17462697492844612]",110,-1
9609,[0.51818977 0.19074696],97,10,"[0.4982904339105401, 0.17462697492844612]",110,-1
9610,[0.73147294 0.32052187],85,36,"[0.718962763471204, 0.2995127644433783]",-1,-1
9611,[0.53909937 0.83443999],88,89,"[0.5577955894805164, 0.8749894575544954]",-1,-1
9612,[0.19164789 0.73290455],25,42,"[0.17164193172035744, 0.7477907034099851]",-1,-1
9613,[0.61908394 0.22640936],22,55,"[0.6160291566716146, 0.18582080836242268]",-1,-1
9614,[0.21270088 0.19667643],67,20,"[0.18106142669570233, 0.20480546739290073]",104,42
9615,[0.75962271 0.25302289],30,9,"[0.7745160189749856, 0.22813324751878863]",36,11
9616,[0.24008072 0.39688495],77,0,"[0.24505961735590134, 0.40258348756972934]",113,81
9617,[0.39631594 0.18690905],92,4,"[0.3827392388806571, 0.18315480574773338]",110,-1
9618,[0.6261915 0.6741674],40,60,"[0.6482027966760067, 0.6653053686977741]",102,-1
9619,[0.59303203 0.39529946],33,64,"[0.5873954455556146, 0.4184822956881117]",110,-1
9620,[0.84930261 0.55811031],28,43,"[0.8559722074695512, 0.5768738433864216]",94,22
9621,[0.31966988 0.64424084],13,12,"[0.3563557933558874, 0.6600167756750083]",113,-1
9622,[0.25671407 0.54063712],5,24,"[0.2575895391106446, 0.5636151717894005]",113,81
9623,[0.49426708 0.1615812 ],46,10,"[0.4982904339105401, 0.17462697492844612]",110,63
9624,[0.13962775 0.70839318],0,72,"[0.13389630971446978, 0.6701017461857026]",-1,-1
9625,[0.68767232 0.74285884],91,6,"[0.6704818259566957, 0.7868874266118806]",102,-1
9626,[0.09504938 0.194258  ],66,57,"[0.11385950246950007, 0.22156166292214274]",-1,-1
9627,[0.67618251 0.61348585],11,80,"[0.6893002767673785, 0.5852948461925299]",30,1
9628,[0.33901906 0.27626153],17,44,"[0.34401211644161456, 0.2727474001163449]",76,-1
9629,[0.84564537 0.27421518],30,87,"[0.8400115250570579, 0.2635503368487671]",-1,-1
9630,[0.27981877 0.5357124 ],5,24,"[0.2575895391106446, 0.5636151717894005]",113,78
9631,[0.27677535 0.49002494],73,2,"[0.2982944979771574, 0.4928881704977565]",113,81
9632,[0.84514556 0.85628625],26,50,"[0.8669550309977382, 0.8414428333530212]",67,16
9633,[0.76372151 0.74258482],19,16,"[0.7557129160895149, 0.7610612683801858]",102,-1
9634,[0.31410132 0.49938173],69,2,"[0.2982944979771574, 0.4928881704977565]",113,82
9635,[0.44185311 0.77505209],23,22,"[0.4053244070468948, 0.7892325425819533]",113,-1
9636,[0.25071556 0.71076454],0,81,"[0.2526303993585153, 0.7288181375759063]",113,-1
9637,[0.78927364 0.74123175],32,16,"[0.7557129160895149, 0.7610612683801858]",102,-1
9638,[0.14223448 0.51168256],7,52,"[0.10837107196086664, 0.5019908555728455]",113,-1
9639,[0.78722666 0.38796127],39,85,"[0.8330047067228752, 0.39861674914336154]",-1,-1
9640,[0.11828502 0.91702074],21,47,"[0.12002015978901225, 0.8781802626724163]",-1,-1
9641,[0.83048842 0.18750651],38,93,"[0.8175047550160816, 0.1805576480903363]",-1,-1
9642,[0.5752257  0.36925076],72,23,"[0.5544996285461486, 0.3649814617648961]",110,53
9643,[0.21342286 0.14190802],95,54,"[0.23065754032548644, 0.16311462163198792]",104,-1
9644,[0.15993354 0.70867222],0,42,"[0.17164193172035744, 0.7477907034099851]",-1,-1
9645,[0.69677511 0.77560598],59,6,"[0.6704818259566957, 0.7868874266118806]",102,50
9646,[0.30712477 0.64486517],14,8,"[0.29185823944997474, 0.6822630454364129]",113,-1
9647,[0.38220289 0.54211868],69,67,"[0.39991637370105465, 0.5429488636659977]",113,-1
9648,[0.790917 0.463507],82,61,"[0.8226541227267828, 0.49698240517173836]",-1,-1
9649,[0.90077598 0.47590795],39,94,"[0.8753265847499492, 0.4535299653068886]",-1,-1
9650,[0.79308866 0.21623988],93,9,"[0.7745160189749856, 0.22813324751878863]",36,12
9651,[0.82012649 0.32597584],39,39,"[0.7929729113380171, 0.306282578754693]",36,-1
9652,[0.5389165  0.29823322],63,17,"[0.5266584783397147, 0.2925234389366824]",110,48
9653,[0.32812296 0.19502116],2,29,"[0.29724643836137565, 0.21152192866347855]",110,-1
9654,[0.25660889 0.44956009],78,3,"[0.22590404659055946, 0.4809143921482596]",113,81
9655,[0.57625067 0.19779103],80,31,"[0.5509259779365981, 0.20365500329799469]",-1,-1
9656,[0.63999757 0.79448068],53,6,"[0.6704818259566957, 0.7868874266118806]",102,-1
9657,[0.3358024  0.24485679],1,44,"[0.34401211644161456, 0.2727474001163449]",-1,-1
9658,[0.62638814 0.90388506],45,74,"[0.6387846519793019, 0.8886269005667045]",-1,-1
9659,[0.90357004 0.64798757],27,83,"[0.9023954923676734, 0.6253829621221342]",-1,-1
9660,[0.62133459 0.87991724],31,74,"[0.6387846519793019, 0.8886269005667045]",-1,-1
9661,[0.52433358 0.57365683],74,38,"[0.5222833502418962, 0.5760861920194034]",80,27
9662,[0.28914661 0.50904176],78,2,"[0.2982944979771574, 0.4928881704977565]",-1,-1
9663,[0.21957635 0.27645364],36,21,"[0.24089021291760518, 0.30160856093346966]",104,42
9664,[0.13293751 0.13657808],79,86,"[0.10460029415455299, 0.15390780514892627]",104,42
9665,[0.35671607 0.5440533 ],73,5,"[0.3369928142177202, 0.5813431770807651]",113,-1
9666,[0.81535261 0.50539969],28,61,"[0.8226541227267828, 0.49698240517173836]",-1,-1
9667,[0.46211148 0.36651929],70,77,"[0.5067154617511884, 0.39780872086571867]",-1,-1
9668,[0.17516057 0.22681206],79,20,"[0.18106142669570233, 0.20480546739290073]",104,42
9669,[0.38616305 0.76586498],89,22,"[0.4053244070468948, 0.7892325425819533]",113,-1
9670,[0.84956224 0.58773033],27,43,"[0.8559722074695512, 0.5768738433864216]",99,22
9671,[0.67737722 0.77456929],53,6,"[0.6704818259566957, 0.7868874266118806]",102,50
9672,[0.11211626 0.13477456],20,86,"[0.10460029415455299, 0.15390780514892627]",97,-1
9673,[0.77160004 0.13572879],49,62,"[0.7592128314241189, 0.15406303015764497]",32,-1
9674,[0.29081412 0.65671344],98,8,"[0.29185823944997474, 0.6822630454364129]",113,74
9675,[0.6260834  0.85847061],53,74,"[0.6387846519793019, 0.8886269005667045]",102,-1
9676,[0.5262097  0.65204524],40,88,"[0.49693056847195605, 0.6857701176055397]",-1,-1
9677,[0.36561218 0.25292885],17,44,"[0.34401211644161456, 0.2727474001163449]",110,-1
9678,[0.20677496 0.52839985],42,35,"[0.18006516204956544, 0.5309482406934538]",113,81
9679,[0.4054582  0.36324598],70,13,"[0.3772074110661572, 0.3667665336396509]",113,-1
9680,[0.27532996 0.68039373],0,8,"[0.29185823944997474, 0.6822630454364129]",113,73
9681,[0.24014084 0.30237642],43,21,"[0.24089021291760518, 0.30160856093346966]",104,-1
9682,[0.22603145 0.5166206 ],34,3,"[0.22590404659055946, 0.4809143921482596]",113,81
9683,[0.10236076 0.13676299],20,86,"[0.10460029415455299, 0.15390780514892627]",97,-1
9684,[0.74526695 0.20275782],49,33,"[0.712147299809196, 0.21396583181069667]",36,12
9685,[0.38852946 0.67024799],51,12,"[0.3563557933558874, 0.6600167756750083]",113,-1
9686,[0.26963354 0.38162932],99,0,"[0.24505961735590134, 0.40258348756972934]",113,81
9687,[0.87360949 0.61597527],4,83,"[0.9023954923676734, 0.6253829621221342]",-1,-1
9688,[0.77078692 0.55600984],28,49,"[0.7597872492020543, 0.528305606483068]",49,-1
9689,[0.16358764 0.76485677],58,42,"[0.17164193172035744, 0.7477907034099851]",87,-1
9690,[0.21226711 0.13745135],66,54,"[0.23065754032548644, 0.16311462163198792]",104,-1
9691,[0.66042278 0.37734805],72,46,"[0.6818606004752428, 0.39460805157892936]",46,-1
9692,[0.33091994 0.41335945],48,1,"[0.31345252476490787, 0.39568681619531276]",113,81
9693,[0.56127315 0.66746723],81,28,"[0.572088563242004, 0.6648723747855627]",69,26
9694,[0.57196793 0.81995493],45,45,"[0.6014090517878816, 0.8253297621455221]",102,-1
9695,[0.33249313 0.22281496],92,29,"[0.29724643836137565, 0.21152192866347855]",-1,-1
9696,[0.15972415 0.59616857],25,70,"[0.16883511008014604, 0.6108734061004485]",-1,-1
9697,[0.2334603  0.67089177],0,32,"[0.21070106237511496, 0.6599645039522288]",113,-1
9698,[0.35630159 0.58352391],62,5,"[0.3369928142177202, 0.5813431770807651]",113,-1
9699,[0.38159321 0.76908108],89,22,"[0.4053244070468948, 0.7892325425819533]",113,71
9700,[0.40134304 0.81646539],24,22,"[0.4053244070468948, 0.7892325425819533]",113,71
9701,[0.47250269 0.21820439],97,40,"[0.4428604662933861, 0.22666876085097074]",110,-1
9702,[0.52826038 0.47881777],16,68,"[0.5421113451424038, 0.49916034700705]",-1,-1
9703,[0.20034324 0.52313438],7,35,"[0.18006516204956544, 0.5309482406934538]",113,81
9704,[0.56992662 0.59255189],74,30,"[0.5893115951066175, 0.5856347360021498]",81,29
9705,[0.32341283 0.4378904 ],99,1,"[0.31345252476490787, 0.39568681619531276]",113,75
9706,[0.55213203 0.40192655],76,23,"[0.5544996285461486, 0.3649814617648961]",110,53
9707,[0.47340048 0.77265251],88,51,"[0.47563858561263794, 0.7978986338068428]",-1,-1
9708,[0.30843722 0.43078676],43,1,"[0.31345252476490787, 0.39568681619531276]",113,-1
9709,[0.81275512 0.25269672],30,87,"[0.8400115250570579, 0.2635503368487671]",36,-1
9710,[0.53865757 0.22203415],22,31,"[0.5509259779365981, 0.20365500329799469]",110,60
9711,[0.38631261 0.31848351],70,13,"[0.3772074110661572, 0.3667665336396509]",57,-1
9712,[0.08943075 0.81418787],58,71,"[0.10117111935954111, 0.7754028082579668]",74,-1
9713,[0.45310395 0.12242729],97,15,"[0.4480198330140321, 0.13770311065471516]",110,-1
9714,[0.95092397 0.58020959],4,83,"[0.9023954923676734, 0.6253829621221342]",-1,-1
9715,[0.51335317 0.22498892],61,31,"[0.5509259779365981, 0.20365500329799469]",110,-1
9716,[0.66060993 0.81641996],59,6,"[0.6704818259566957, 0.7868874266118806]",102,-1
9717,[0.17205217 0.09025182],79,73,"[0.15159497202623598, 0.099534542862727]",-1,-1
9718,[0.24952869 0.50952846],77,3,"[0.22590404659055946, 0.4809143921482596]",113,-1
9719,[0.37781033 0.604987  ],9,18,"[0.4095647158889755, 0.6213093728466221]",113,84
9720,[0.6359852  0.12925319],80,37,"[0.590787313093903, 0.1287873361919935]",-1,-1
9721,[0.33403012 0.34201283],65,13,"[0.3772074110661572, 0.3667665336396509]",113,-1
9722,[0.16999895 0.21967499],90,20,"[0.18106142669570233, 0.20480546739290073]",104,42
9723,[0.39119831 0.82124458],41,41,"[0.4045860819360065, 0.8451095848913467]",113,-1
9724,[0.70956329 0.34444773],85,36,"[0.718962763471204, 0.2995127644433783]",44,-1
9725,[0.28695181 0.68744927],98,8,"[0.29185823944997474, 0.6822630454364129]",113,-1
9726,[0.28690558 0.37828442],77,1,"[0.31345252476490787, 0.39568681619531276]",113,81
9727,[0.28821457 0.68570874],98,8,"[0.29185823944997474, 0.6822630454364129]",113,-1
9728,[0.71420743 0.5982771 ],11,80,"[0.6893002767673785, 0.5852948461925299]",26,-1
9729,[0.06684928 0.84207448],58,47,"[0.12002015978901225, 0.8781802626724163]",-1,-1
9730,[0.33069242 0.34068007],65,13,"[0.3772074110661572, 0.3667665336396509]",113,-1
9731,[0.40221523 0.78094117],10,22,"[0.4053244070468948, 0.7892325425819533]",113,71
9732,[0.18198479 0.41748718],55,14,"[0.16635912736795258, 0.4532667183848064]",113,-1
9733,[0.76342553 0.51935053],4,49,"[0.7597872492020543, 0.528305606483068]",50,10
9734,[0.39202895 0.14431269],46,4,"[0.3827392388806571, 0.18315480574773338]",110,-1
9735,[0.3786812  0.77128418],23,22,"[0.4053244070468948, 0.7892325425819533]",113,71
9736,[0.21168881 0.15066455],66,54,"[0.23065754032548644, 0.16311462163198792]",104,-1
9737,[0.15747644 0.50264947],8,35,"[0.18006516204956544, 0.5309482406934538]",113,66
9738,[0.60383755 0.6440922 ],40,28,"[0.572088563242004, 0.6648723747855627]",81,-1
9739,[0.12663875 0.27692103],83,19,"[0.1752933885253929, 0.2769931075732081]",-1,-1
9740,[0.0893032  0.50445289],96,52,"[0.10837107196086664, 0.5019908555728455]",-1,-1
9741,[0.39761533 0.58092153],51,67,"[0.39991637370105465, 0.5429488636659977]",113,-1
9742,[0.84506493 0.54675361],27,43,"[0.8559722074695512, 0.5768738433864216]",-1,22
9743,[0.18009212 0.20280442],95,20,"[0.18106142669570233, 0.20480546739290073]",104,42
9744,[0.42015264 0.19083311],46,4,"[0.3827392388806571, 0.18315480574773338]",110,-1
9745,[0.29535315 0.24731082],47,29,"[0.29724643836137565, 0.21152192866347855]",104,33
9746,[0.88757939 0.71444876],56,65,"[0.8683963995203289, 0.7186203255414056]",23,-1
9747,[0.21806975 0.3397711 ],83,21,"[0.24089021291760518, 0.30160856093346966]",-1,-1
9748,[0.43289096 0.18437892],61,40,"[0.4428604662933861, 0.22666876085097074]",110,-1
9749,[0.70910185 0.19344894],57,33,"[0.712147299809196, 0.21396583181069667]",36,6
9750,[0.83489447 0.28371692],86,87,"[0.8400115250570579, 0.2635503368487671]",-1,-1
9751,[0.86574086 0.59643653],4,43,"[0.8559722074695512, 0.5768738433864216]",99,22
9752,[0.52423606 0.53322538],16,68,"[0.5421113451424038, 0.49916034700705]",80,-1
9753,[0.24186791 0.36161567],34,0,"[0.24505961735590134, 0.40258348756972934]",113,81
9754,[0.86454616 0.90422915],52,95,"[0.8179696228241676, 0.8855176666788548]",-1,-1
9755,[0.63605201 0.14598038],80,55,"[0.6160291566716146, 0.18582080836242268]",-1,-1
9756,[0.56013963 0.23484224],6,31,"[0.5509259779365981, 0.20365500329799469]",110,-1
9757,[0.30832416 0.23026572],17,29,"[0.29724643836137565, 0.21152192866347855]",-1,-1
9758,[0.31992624 0.7218385 ],98,26,"[0.34140158523352676, 0.7415276229463709]",113,-1
9759,[0.85315153 0.88603232],52,95,"[0.8179696228241676, 0.8855176666788548]",-1,-1
9760,[0.54198791 0.53319192],16,68,"[0.5421113451424038, 0.49916034700705]",-1,-1
9761,[0.67408503 0.1836647 ],80,90,"[0.6807795084802507, 0.1410405480143203]",33,-1
9762,[0.17804223 0.6359724 ],15,70,"[0.16883511008014604, 0.6108734061004485]",113,43
9763,[0.2976996  0.72133495],14,8,"[0.29185823944997474, 0.6822630454364129]",113,79
9764,[0.49810681 0.8495187 ],24,63,"[0.4663233365844979, 0.874422196988726]",-1,-1
9765,[0.39213112 0.64972198],54,18,"[0.4095647158889755, 0.6213093728466221]",113,-1
9766,[0.69710212 0.49610686],35,66,"[0.6892424870002536, 0.4809362987183399]",-1,-1
9767,[0.75257964 0.27262187],86,36,"[0.718962763471204, 0.2995127644433783]",36,11
9768,[0.13628111 0.43867159],96,14,"[0.16635912736795258, 0.4532667183848064]",113,-1
9769,[0.09420389 0.11706842],66,86,"[0.10460029415455299, 0.15390780514892627]",-1,-1
9770,[0.15126976 0.08773845],79,73,"[0.15159497202623598, 0.099534542862727]",-1,-1
9771,[0.60669639 0.66683261],3,28,"[0.572088563242004, 0.6648723747855627]",101,-1
9772,[0.75932794 0.22962788],30,9,"[0.7745160189749856, 0.22813324751878863]",36,12
9773,[0.24046634 0.18146579],1,54,"[0.23065754032548644, 0.16311462163198792]",104,-1
9774,[0.73075065 0.73221222],60,11,"[0.7285416878591984, 0.7120527989062413]",102,-1
9775,[0.1775663  0.50634583],42,35,"[0.18006516204956544, 0.5309482406934538]",113,-1
9776,[0.803293   0.73223332],32,16,"[0.7557129160895149, 0.7610612683801858]",102,46
9777,[0.56934559 0.5314618 ],74,68,"[0.5421113451424038, 0.49916034700705]",80,-1
9778,[0.7592482  0.78630752],50,16,"[0.7557129160895149, 0.7610612683801858]",102,35
9779,[0.44911453 0.17084704],97,15,"[0.4480198330140321, 0.13770311065471516]",110,63
9780,[0.34364082 0.3972826 ],65,1,"[0.31345252476490787, 0.39568681619531276]",113,81
9781,[0.4367788  0.15713326],92,15,"[0.4480198330140321, 0.13770311065471516]",110,63
9782,[0.5728554  0.40399533],33,64,"[0.5873954455556146, 0.4184822956881117]",110,-1
9783,[0.74917116 0.22323881],30,9,"[0.7745160189749856, 0.22813324751878863]",36,12
9784,[0.27222939 0.45017278],99,2,"[0.2982944979771574, 0.4928881704977565]",113,81
9785,[0.41789842 0.7680542 ],89,22,"[0.4053244070468948, 0.7892325425819533]",113,71
9786,[0.28947249 0.69203382],13,8,"[0.29185823944997474, 0.6822630454364129]",113,-1
9787,[0.47017835 0.23171368],61,40,"[0.4428604662933861, 0.22666876085097074]",110,-1
9788,[0.71812915 0.44015162],35,79,"[0.7440923457598303, 0.4172681159825393]",43,4
9789,[0.82637349 0.52295689],39,61,"[0.8226541227267828, 0.49698240517173836]",72,-1
9790,[0.73295391 0.75488553],60,16,"[0.7557129160895149, 0.7610612683801858]",102,56
9791,[0.74771239 0.26601837],38,36,"[0.718962763471204, 0.2995127644433783]",36,11
9792,[0.21912977 0.20433225],36,34,"[0.22317706824250913, 0.23387943431995686]",104,42
9793,[0.81364527 0.77965058],32,48,"[0.8063574629792128, 0.8028480378432847]",86,32
9794,[0.8012514  0.41356002],39,85,"[0.8330047067228752, 0.39861674914336154]",11,-1
9795,[0.59269218 0.42341506],33,64,"[0.5873954455556146, 0.4184822956881117]",-1,-1
9796,[0.4763223  0.79513974],88,51,"[0.47563858561263794, 0.7978986338068428]",113,-1
9797,[0.41227416 0.3675706 ],70,13,"[0.3772074110661572, 0.3667665336396509]",-1,-1
9798,[0.67676751 0.60736085],11,80,"[0.6893002767673785, 0.5852948461925299]",30,1
9799,[0.33740401 0.52834173],69,2,"[0.2982944979771574, 0.4928881704977565]",113,72
9800,[0.4101525 0.86196  ],24,41,"[0.4045860819360065, 0.8451095848913467]",-1,-1
9801,[0.72712551 0.68569282],19,11,"[0.7285416878591984, 0.7120527989062413]",102,-1
9802,[0.57325555 0.6473949 ],12,28,"[0.572088563242004, 0.6648723747855627]",-1,-1
9803,[0.25891793 0.69607605],98,81,"[0.2526303993585153, 0.7288181375759063]",113,-1
9804,[0.6959388  0.43640456],82,46,"[0.6818606004752428, 0.39460805157892936]",43,4
9805,[0.20280809 0.63166594],25,32,"[0.21070106237511496, 0.6599645039522288]",-1,-1
9806,[0.02506251 0.81448586],21,-1,-1,-1,-1
9807,[0.06070023 0.2358892 ],95,57,"[0.11385950246950007, 0.22156166292214274]",-1,-1
9808,[0.9173747  0.65651983],27,83,"[0.9023954923676734, 0.6253829621221342]",-1,-1
9809,[0.69758123 0.67754708],19,11,"[0.7285416878591984, 0.7120527989062413]",-1,-1
9810,[0.75181221 0.25582723],30,9,"[0.7745160189749856, 0.22813324751878863]",36,11
9811,[0.42199339 0.7900376 ],23,22,"[0.4053244070468948, 0.7892325425819533]",113,-1
9812,[0.17267484 0.19011794],90,20,"[0.18106142669570233, 0.20480546739290073]",104,42
9813,[0.16348838 0.4984782 ],42,35,"[0.18006516204956544, 0.5309482406934538]",113,-1
9814,[0.38195092 0.76740263],10,22,"[0.4053244070468948, 0.7892325425819533]",113,71
9815,[0.31305749 0.21693857],68,29,"[0.29724643836137565, 0.21152192866347855]",110,-1
9816,[0.29278458 0.45039556],77,2,"[0.2982944979771574, 0.4928881704977565]",113,81
9817,[0.48056395 0.55763304],74,38,"[0.5222833502418962, 0.5760861920194034]",-1,-1
9818,[0.18680187 0.29255836],83,19,"[0.1752933885253929, 0.2769931075732081]",104,-1
9819,[0.21995505 0.5288614 ],8,35,"[0.18006516204956544, 0.5309482406934538]",113,81
9820,[0.20021053 0.42747858],94,14,"[0.16635912736795258, 0.4532667183848064]",113,-1
9821,[0.81254653 0.85945181],26,95,"[0.8179696228241676, 0.8855176666788548]",56,-1
9822,[0.37598834 0.59835428],51,18,"[0.4095647158889755, 0.6213093728466221]",113,84
9823,[0.64246693 0.80246824],53,6,"[0.6704818259566957, 0.7868874266118806]",102,40
9824,[0.54178567 0.58110874],74,38,"[0.5222833502418962, 0.5760861920194034]",-1,-1
9825,[0.64038873 0.70616011],3,60,"[0.6482027966760067, 0.6653053686977741]",102,-1
9826,[0.36271954 0.15504228],46,4,"[0.3827392388806571, 0.18315480574773338]",-1,-1
9827,[0.41990962 0.54201647],69,67,"[0.39991637370105465, 0.5429488636659977]",-1,-1
9828,[0.38571599 0.74863269],89,59,"[0.4102385111598612, 0.7308207375545044]",113,-1
9829,[0.6855604  0.64718208],40,60,"[0.6482027966760067, 0.6653053686977741]",-1,-1
9830,[0.34810942 0.25307902],92,44,"[0.34401211644161456, 0.2727474001163449]",-1,-1
9831,[0.81320314 0.16298976],38,93,"[0.8175047550160816, 0.1805576480903363]",-1,-1
9832,[0.51185907 0.3306503 ],6,17,"[0.5266584783397147, 0.2925234389366824]",-1,-1
9833,[0.35688907 0.36605091],70,13,"[0.3772074110661572, 0.3667665336396509]",111,-1
9834,[0.37012032 0.67416968],14,12,"[0.3563557933558874, 0.6600167756750083]",113,77
9835,[0.34043023 0.48852416],69,2,"[0.2982944979771574, 0.4928881704977565]",-1,-1
9836,[0.4153108  0.79249621],23,22,"[0.4053244070468948, 0.7892325425819533]",113,-1
9837,[0.53138168 0.25017855],61,17,"[0.5266584783397147, 0.2925234389366824]",110,-1
9838,[0.26275703 0.46463842],99,3,"[0.22590404659055946, 0.4809143921482596]",113,81
9839,[0.64948359 0.86930357],31,74,"[0.6387846519793019, 0.8886269005667045]",63,-1
9840,[0.28485343 0.18006541],1,29,"[0.29724643836137565, 0.21152192866347855]",51,-1
9841,[0.15800134 0.70268609],0,72,"[0.13389630971446978, 0.6701017461857026]",-1,-1
9842,[0.57303041 0.59303931],16,30,"[0.5893115951066175, 0.5856347360021498]",81,29
9843,[0.24594382 0.1450053 ],67,54,"[0.23065754032548644, 0.16311462163198792]",-1,-1
9844,[0.85450465 0.40571212],39,85,"[0.8330047067228752, 0.39861674914336154]",12,0
9845,[0.48778475 0.19158144],46,10,"[0.4982904339105401, 0.17462697492844612]",110,-1
9846,[0.82724375 0.64990501],27,25,"[0.8290893185566872, 0.6663325003431528]",102,24
9847,[0.79972646 0.20406443],93,93,"[0.8175047550160816, 0.1805576480903363]",36,-1
9848,[0.59447831 0.69244067],40,28,"[0.572088563242004, 0.6648723747855627]",-1,-1
9849,[0.33891721 0.52860125],5,5,"[0.3369928142177202, 0.5813431770807651]",113,-1
9850,[0.25868908 0.43961909],34,0,"[0.24505961735590134, 0.40258348756972934]",113,81
9851,[0.56358565 0.87488607],88,89,"[0.5577955894805164, 0.8749894575544954]",-1,-1
9852,[0.57362169 0.81279598],45,45,"[0.6014090517878816, 0.8253297621455221]",-1,-1
9853,[0.73760262 0.62621347],19,53,"[0.7681832820464827, 0.6327372104307392]",-1,-1
9854,[0.40115252 0.4264207 ],65,91,"[0.38272617373285694, 0.45406707742979985]",-1,-1
9855,[0.40804555 0.68710394],9,59,"[0.4102385111598612, 0.7308207375545044]",113,-1
9856,[0.59822507 0.59713497],12,30,"[0.5893115951066175, 0.5856347360021498]",77,-1
9857,[0.64183294 0.74411894],50,27,"[0.6091441642186142, 0.7391629772413223]",102,-1
9858,[0.27139137 0.58664953],25,24,"[0.2575895391106446, 0.5636151717894005]",-1,-1
9859,[0.87717955 0.83269176],52,50,"[0.8669550309977382, 0.8414428333530212]",-1,-1
9860,[0.64109156 0.39489286],72,46,"[0.6818606004752428, 0.39460805157892936]",38,-1
9861,[0.82104287 0.32072726],86,39,"[0.7929729113380171, 0.306282578754693]",36,-1
9862,[0.17998134 0.48239705],8,14,"[0.16635912736795258, 0.4532667183848064]",113,81
9863,[0.61230391 0.53913588],12,30,"[0.5893115951066175, 0.5856347360021498]",-1,-1
9864,[0.47981179 0.25807412],61,40,"[0.4428604662933861, 0.22666876085097074]",29,-1
9865,[0.3721466  0.60999366],54,18,"[0.4095647158889755, 0.6213093728466221]",113,84
9866,[0.79014076 0.34193871],86,39,"[0.7929729113380171, 0.306282578754693]",-1,-1
9867,[0.52599978 0.42316779],76,77,"[0.5067154617511884, 0.39780872086571867]",110,-1
9868,[0.45400959 0.20013058],61,40,"[0.4428604662933861, 0.22666876085097074]",110,63
9869,[0.65813645 0.75684758],59,6,"[0.6704818259566957, 0.7868874266118806]",102,-1
9870,[0.3245259 0.1047458],2,92,"[0.3725508188236613, 0.1071489353939289]",-1,-1
9871,[0.24048629 0.44467832],99,3,"[0.22590404659055946, 0.4809143921482596]",113,81
9872,[0.75256324 0.76047156],60,16,"[0.7557129160895149, 0.7610612683801858]",102,-1
9873,[0.75021138 0.12401765],49,62,"[0.7592128314241189, 0.15406303015764497]",-1,-1
9874,[0.17659705 0.50549411],87,35,"[0.18006516204956544, 0.5309482406934538]",-1,-1
9875,[0.13397412 0.77178211],58,71,"[0.10117111935954111, 0.7754028082579668]",79,21
9876,[0.37127942 0.14459663],46,92,"[0.3725508188236613, 0.1071489353939289]",-1,-1
9877,[0.31001758 0.5871369 ],51,5,"[0.3369928142177202, 0.5813431770807651]",113,-1
9878,[0.820968   0.79434442],26,48,"[0.8063574629792128, 0.8028480378432847]",86,32
9879,[0.5644179  0.11530644],18,37,"[0.590787313093903, 0.1287873361919935]",109,-1
9880,[0.12353706 0.20486776],47,57,"[0.11385950246950007, 0.22156166292214274]",104,42
9881,[0.67968331 0.87100853],31,75,"[0.7159769487757391, 0.8473248623765012]",-1,-1
9882,[0.16513496 0.17055767],67,7,"[0.16040334011861732, 0.1583747599262833]",104,42
9883,[0.21467079 0.87024703],64,78,"[0.17639698191982223, 0.8335029307302414]",-1,-1
9884,[0.24883653 0.50569454],5,3,"[0.22590404659055946, 0.4809143921482596]",113,-1
9885,[0.72067441 0.77730055],91,16,"[0.7557129160895149, 0.7610612683801858]",102,56
9886,[0.33056565 0.72841456],13,26,"[0.34140158523352676, 0.7415276229463709]",113,-1
9887,[0.74903799 0.78829027],50,16,"[0.7557129160895149, 0.7610612683801858]",102,35
9888,[0.75426431 0.78752682],91,16,"[0.7557129160895149, 0.7610612683801858]",102,35
9889,[0.76511709 0.24573103],38,9,"[0.7745160189749856, 0.22813324751878863]",36,-1
9890,[0.26401473 0.49689813],99,2,"[0.2982944979771574, 0.4928881704977565]",113,81
9891,[0.47679445 0.57961116],9,38,"[0.5222833502418962, 0.5760861920194034]",9,-1
9892,[0.34271024 0.69776647],13,12,"[0.3563557933558874, 0.6600167756750083]",113,-1
9893,[0.28144504 0.72358591],98,81,"[0.2526303993585153, 0.7288181375759063]",113,-1
9894,[0.56755352 0.60276341],74,30,"[0.5893115951066175, 0.5856347360021498]",81,29
9895,[0.41525746 0.19726194],46,4,"[0.3827392388806571, 0.18315480574773338]",110,63
9896,[0.23531012 0.4411928 ],8,0,"[0.24505961735590134, 0.40258348756972934]",113,81
9897,[0.1149    0.7916453],58,71,"[0.10117111935954111, 0.7754028082579668]",78,-1
9898,[0.41774625 0.87384768],10,41,"[0.4045860819360065, 0.8451095848913467]",-1,23
9899,[0.58857601 0.58391058],12,30,"[0.5893115951066175, 0.5856347360021498]",77,28
9900,[0.16861692 0.95431034],21,-1,-1,-1,-1
9901,[0.20211347 0.17889649],79,54,"[0.23065754032548644, 0.16311462163198792]",104,42
9902,[0.2089336  0.64548728],15,32,"[0.21070106237511496, 0.6599645039522288]",113,44
9903,[0.44529809 0.28516673],17,40,"[0.4428604662933861, 0.22666876085097074]",-1,-1
9904,[0.70811202 0.67630127],11,11,"[0.7285416878591984, 0.7120527989062413]",-1,-1
9905,[0.79255721 0.28697271],86,39,"[0.7929729113380171, 0.306282578754693]",36,8
9906,[0.24137934 0.36675177],94,0,"[0.24505961735590134, 0.40258348756972934]",113,81
9907,[0.32281773 0.73636912],13,26,"[0.34140158523352676, 0.7415276229463709]",113,-1
9908,[0.1358806  0.42572906],96,76,"[0.1271293063442913, 0.39727223545070534]",108,-1
9909,[0.54086513 0.59970891],74,38,"[0.5222833502418962, 0.5760861920194034]",80,27
9910,[0.76872823 0.12165422],49,62,"[0.7592128314241189, 0.15406303015764497]",-1,-1
9911,[0.83685993 0.87208644],52,95,"[0.8179696228241676, 0.8855176666788548]",67,-1
9912,[0.68255309 0.24301807],57,33,"[0.712147299809196, 0.21396583181069667]",-1,-1
9913,[0.3328093  0.53663589],5,5,"[0.3369928142177202, 0.5813431770807651]",113,72
9914,[0.24949616 0.73756855],98,81,"[0.2526303993585153, 0.7288181375759063]",-1,-1
9915,[0.55777    0.22827668],6,31,"[0.5509259779365981, 0.20365500329799469]",-1,-1
9916,[0.3716043  0.64021375],14,12,"[0.3563557933558874, 0.6600167756750083]",113,-1
9917,[0.34452726 0.66143851],13,12,"[0.3563557933558874, 0.6600167756750083]",113,83
9918,[0.15873902 0.84034429],21,78,"[0.17639698191982223, 0.8335029307302414]",59,9
9919,[0.17357819 0.79209308],58,78,"[0.17639698191982223, 0.8335029307302414]",-1,-1
9920,[0.74016767 0.73743528],60,11,"[0.7285416878591984, 0.7120527989062413]",102,57
9921,[0.38033034 0.63552298],51,18,"[0.4095647158889755, 0.6213093728466221]",113,-1
9922,[0.36348153 0.75633223],89,26,"[0.34140158523352676, 0.7415276229463709]",113,-1
9923,[0.1224834  0.74861522],58,71,"[0.10117111935954111, 0.7754028082579668]",79,21
9924,[0.30240999 0.53199946],62,2,"[0.2982944979771574, 0.4928881704977565]",113,78
9925,[0.59911047 0.5770345 ],74,30,"[0.5893115951066175, 0.5856347360021498]",77,28
9926,[0.41729191 0.19010195],46,4,"[0.3827392388806571, 0.18315480574773338]",110,-1
9927,[0.39891732 0.62779125],13,18,"[0.4095647158889755, 0.6213093728466221]",113,84
9928,[0.26062469 0.23772839],1,34,"[0.22317706824250913, 0.23387943431995686]",104,-1
9929,[0.39340819 0.72006765],23,59,"[0.4102385111598612, 0.7308207375545044]",113,67
9930,[0.16846268 0.82811872],64,78,"[0.17639698191982223, 0.8335029307302414]",59,9
9931,[0.38128169 0.11267214],2,92,"[0.3725508188236613, 0.1071489353939289]",-1,-1
9932,[0.60503363 0.42495609],33,64,"[0.5873954455556146, 0.4184822956881117]",-1,-1
9933,[0.34242337 0.59571894],14,5,"[0.3369928142177202, 0.5813431770807651]",113,84
9934,[0.47322615 0.16985609],97,10,"[0.4982904339105401, 0.17462697492844612]",110,63
9935,[0.4599565  0.25361572],6,40,"[0.4428604662933861, 0.22666876085097074]",-1,-1
9936,[0.79349695 0.2512656 ],86,9,"[0.7745160189749856, 0.22813324751878863]",36,-1
9937,[0.52711362 0.31837746],6,17,"[0.5266584783397147, 0.2925234389366824]",110,49
9938,[0.34283731 0.56608571],69,5,"[0.3369928142177202, 0.5813431770807651]",113,68
9939,[0.78936408 0.21933849],93,9,"[0.7745160189749856, 0.22813324751878863]",36,12
9940,[0.50361371 0.24763127],22,17,"[0.5266584783397147, 0.2925234389366824]",29,-1
9941,[0.69805354 0.80330239],91,6,"[0.6704818259566957, 0.7868874266118806]",102,-1
9942,[0.3777732  0.21853676],17,4,"[0.3827392388806571, 0.18315480574773338]",110,63
9943,[0.27301037 0.49374572],7,2,"[0.2982944979771574, 0.4928881704977565]",113,81
9944,[0.84561339 0.51191296],28,61,"[0.8226541227267828, 0.49698240517173836]",68,-1
9945,[0.14074363 0.20615267],20,57,"[0.11385950246950007, 0.22156166292214274]",104,42
9946,[0.3027316 0.718233 ],13,8,"[0.29185823944997474, 0.6822630454364129]",113,79
9947,[0.61679082 0.85957768],31,74,"[0.6387846519793019, 0.8886269005667045]",-1,-1
9948,[0.22716231 0.51823461],87,3,"[0.22590404659055946, 0.4809143921482596]",113,-1
9949,[0.22402333 0.56760033],8,24,"[0.2575895391106446, 0.5636151717894005]",-1,-1
9950,[0.57215973 0.5668653 ],74,30,"[0.5893115951066175, 0.5856347360021498]",80,30
9951,[0.78658524 0.16422468],57,62,"[0.7592128314241189, 0.15406303015764497]",36,-1
9952,[0.17568768 0.24968438],47,19,"[0.1752933885253929, 0.2769931075732081]",104,42
9953,[0.2859807  0.72105475],98,81,"[0.2526303993585153, 0.7288181375759063]",113,-1
9954,[0.85051934 0.69338968],32,65,"[0.8683963995203289, 0.7186203255414056]",98,24
9955,[0.33930674 0.51776459],73,2,"[0.2982944979771574, 0.4928881704977565]",-1,-1
9956,[0.15814209 0.2979286 ],83,19,"[0.1752933885253929, 0.2769931075732081]",-1,-1
9957,[0.17630786 0.88642559],21,78,"[0.17639698191982223, 0.8335029307302414]",-1,-1
9958,[0.49027352 0.74723575],41,51,"[0.47563858561263794, 0.7978986338068428]",-1,-1
9959,[0.47536646 0.16057859],29,10,"[0.4982904339105401, 0.17462697492844612]",110,63
9960,[0.77737662 0.32663923],85,39,"[0.7929729113380171, 0.306282578754693]",35,-1
9961,[0.28263789 0.73902238],84,81,"[0.2526303993585153, 0.7288181375759063]",-1,-1
9962,[0.14497161 0.7225114 ],0,42,"[0.17164193172035744, 0.7477907034099851]",84,18
9963,[0.31446289 0.47983565],73,2,"[0.2982944979771574, 0.4928881704977565]",113,82
9964,[0.35050257 0.71640594],14,26,"[0.34140158523352676, 0.7415276229463709]",113,76
9965,[0.81117328 0.83285074],26,48,"[0.8063574629792128, 0.8028480378432847]",-1,-1
9966,[0.74621524 0.40855164],35,79,"[0.7440923457598303, 0.4172681159825393]",-1,-1
9967,[0.12980592 0.76901727],58,71,"[0.10117111935954111, 0.7754028082579668]",79,21
9968,[0.40583064 0.41086927],70,91,"[0.38272617373285694, 0.45406707742979985]",-1,-1
9969,[0.19239864 0.38966117],94,0,"[0.24505961735590134, 0.40258348756972934]",-1,-1
9970,[0.57159209 0.29967142],6,58,"[0.5903496421521437, 0.26872112132208276]",110,48
9971,[0.55592995 0.60589927],16,30,"[0.5893115951066175, 0.5856347360021498]",81,-1
9972,[0.12914188 0.23495449],67,57,"[0.11385950246950007, 0.22156166292214274]",104,-1
9973,[0.19155458 0.4552037 ],7,14,"[0.16635912736795258, 0.4532667183848064]",113,81
9974,[0.37409671 0.2643746 ],17,44,"[0.34401211644161456, 0.2727474001163449]",-1,-1
9975,[0.88823702 0.67821255],4,65,"[0.8683963995203289, 0.7186203255414056]",-1,-1
9976,[0.72952973 0.2165051 ],57,33,"[0.712147299809196, 0.21396583181069667]",36,-1
9977,[0.79924927 0.88974427],26,95,"[0.8179696228241676, 0.8855176666788548]",-1,-1
9978,[0.47265578 0.21394368],61,40,"[0.4428604662933861, 0.22666876085097074]",-1,-1
9979,[0.17241775 0.44831656],94,14,"[0.16635912736795258, 0.4532667183848064]",113,-1
9980,[0.71692684 0.74354831],60,11,"[0.7285416878591984, 0.7120527989062413]",-1,-1
9981,[0.59992052 0.61561278],12,30,"[0.5893115951066175, 0.5856347360021498]",81,29
9982,[0.09177179 0.14312868],95,86,"[0.10460029415455299, 0.15390780514892627]",-1,-1
9983,[0.81503932 0.29791538],86,39,"[0.7929729113380171, 0.306282578754693]",36,8
9984,[0.28437575 0.79047732],84,82,"[0.32758089961125464, 0.809330839306685]",-1,-1
9985,[0.35743297 0.63569357],14,12,"[0.3563557933558874, 0.6600167756750083]",113,-1
9986,[0.37303304 0.13104492],2,92,"[0.3725508188236613, 0.1071489353939289]",-1,-1
9987,[0.14108935 0.15817913],36,7,"[0.16040334011861732, 0.1583747599262833]",104,42
9988,[0.57420122 0.48165725],33,68,"[0.5421113451424038, 0.49916034700705]",1,-1
9989,[0.2761982  0.20905882],1,29,"[0.29724643836137565, 0.21152192866347855]",104,-1
9990,[0.212556   0.28771034],83,21,"[0.24089021291760518, 0.30160856093346966]",104,42
9991,[0.19760765 0.26787692],83,19,"[0.1752933885253929, 0.2769931075732081]",104,42
9992,[0.3549168  0.64882605],14,12,"[0.3563557933558874, 0.6600167756750083]",113,-1
9993,[0.73031989 0.27696013],30,36,"[0.718962763471204, 0.2995127644433783]",36,-1
9994,[0.60480862 0.78848846],59,45,"[0.6014090517878816, 0.8253297621455221]",-1,-1
9995,[0.58494921 0.30110246],72,58,"[0.5903496421521437, 0.26872112132208276]",-1,-1
9996,[0.07756916 0.74862815],58,71,"[0.10117111935954111, 0.7754028082579668]",-1,-1
9997,[0.10028904 0.45943189],42,52,"[0.10837107196086664, 0.5019908555728455]",100,-1
9998,[0.77591285 0.13472861],49,62,"[0.7592128314241189, 0.15406303015764497]",32,-1
9999,[0.77516765 0.50854816],82,49,"[0.7597872492020543, 0.528305606483068]",50,10
