,datum,blob,snowball_label,snowball_center,hdbscan_eom_label,hdbscan_leaf_label
0,[0.28153098 0.40480316],6,8,"[0.27392971195344684, 0.45973140540928376]",748,-1
1,[0.2896678  0.51899165],7,8,"[0.27392971195344684, 0.45973140540928376]",-1,14
2,[0.86968354 0.75735231],1,-1,-1,-1,-1
3,[0.45977469 0.62336384],4,-1,-1,704,-1
4,[0.39386299 0.3106502 ],6,1,"[0.3897435781344088, 0.3417040596068965]",1050,-1
5,[0.33183075 0.52233264],7,0,"[0.383291892093257, 0.5586820702346661]",-1,-1
6,[0.39330011 0.35486443],2,1,"[0.3897435781344088, 0.3417040596068965]",-1,-1
7,[0.51325369 0.47002922],8,6,"[0.5164739970238864, 0.5319253761973344]",-1,-1
8,[0.47603705 0.43286723],5,-1,-1,-1,-1
9,[0.29565448 0.2865659 ],0,9,"[0.3110394802231661, 0.23517199738277297]",1554,-1
10,[0.43305466 0.4408313 ],6,-1,-1,404,-1
11,[0.39009757 0.5394588 ],3,0,"[0.383291892093257, 0.5586820702346661]",1808,-1
12,[0.36013192 0.57803008],3,0,"[0.383291892093257, 0.5586820702346661]",-1,12
13,[0.32794398 0.44934424],2,8,"[0.27392971195344684, 0.45973140540928376]",941,-1
14,[0.43547648 0.5064451 ],3,-1,-1,1059,-1
15,[0.73302545 0.73884034],1,4,"[0.7726811996944247, 0.7249303226766757]",-1,0
16,[0.20052677 0.34223831],2,5,"[0.23231087327800656, 0.30304944505444303]",944,-1
17,[0.63526405 0.71370322],9,-1,-1,283,-1
18,[0.36320216 0.49155978],4,-1,-1,-1,-1
19,[0.77115293 0.71744324],1,4,"[0.7726811996944247, 0.7249303226766757]",-1,0
20,[0.79470619 0.46314809],8,-1,-1,-1,-1
21,[0.74349128 0.69584926],1,4,"[0.7726811996944247, 0.7249303226766757]",435,0
22,[0.76766745 0.77394821],1,4,"[0.7726811996944247, 0.7249303226766757]",-1,0
23,[0.24065096 0.57156692],4,7,"[0.2817018170798153, 0.5849768676672948]",1357,-1
24,[0.8779439  0.69783168],1,-1,-1,-1,-1
25,[0.73423665 0.62847208],1,-1,-1,-1,0
26,[0.36437944 0.31498812],6,1,"[0.3897435781344088, 0.3417040596068965]",-1,-1
27,[0.38293953 0.47442424],3,-1,-1,771,-1
28,[0.69967169 0.76362444],1,-1,-1,228,0
29,[0.56626368 0.50065792],5,6,"[0.5164739970238864, 0.5319253761973344]",852,-1
30,[0.74161891 0.73162445],1,4,"[0.7726811996944247, 0.7249303226766757]",452,0
31,[0.2699763  0.56202432],4,7,"[0.2817018170798153, 0.5849768676672948]",-1,-1
32,[0.405097   0.60724217],3,0,"[0.383291892093257, 0.5586820702346661]",1697,-1
33,[0.33196108 0.35425917],2,1,"[0.3897435781344088, 0.3417040596068965]",1368,-1
34,[0.73317786 0.76181422],1,4,"[0.7726811996944247, 0.7249303226766757]",-1,0
35,[0.4792145  0.62989953],5,-1,-1,647,-1
36,[0.6621176  0.42009499],8,3,"[0.6815204869410737, 0.47689852788858716]",515,-1
37,[0.41100107 0.24026763],6,-1,-1,657,-1
38,[0.34082887 0.55341988],4,0,"[0.383291892093257, 0.5586820702346661]",-1,17
39,[0.37244157 0.25451292],6,9,"[0.3110394802231661, 0.23517199738277297]",675,-1
40,[0.72324638 0.68601016],9,4,"[0.7726811996944247, 0.7249303226766757]",393,0
41,[0.58210698 0.44068935],8,-1,-1,-1,-1
42,[0.25490428 0.34409388],0,5,"[0.23231087327800656, 0.30304944505444303]",-1,-1
43,[0.67585687 0.46214221],8,3,"[0.6815204869410737, 0.47689852788858716]",735,-1
44,[0.88878733 0.62944278],1,-1,-1,-1,-1
45,[0.38553751 0.50290122],4,0,"[0.383291892093257, 0.5586820702346661]",1448,-1
46,[0.34045512 0.62564992],3,-1,-1,1695,-1
47,[0.21019215 0.58856265],7,-1,-1,181,-1
48,[0.6527785  0.53854757],8,3,"[0.6815204869410737, 0.47689852788858716]",668,-1
49,[0.53865437 0.50821645],5,6,"[0.5164739970238864, 0.5319253761973344]",1140,-1
50,[0.23752987 0.58686818],4,7,"[0.2817018170798153, 0.5849768676672948]",-1,-1
51,[0.51354358 0.68075834],9,-1,-1,-1,-1
52,[0.59950773 0.6285539 ],9,2,"[0.5921204552873188, 0.6383928111301557]",1347,6
53,[0.67343107 0.54290055],9,3,"[0.6815204869410737, 0.47689852788858716]",-1,-1
54,[0.40344793 0.43319784],7,-1,-1,363,-1
55,[0.56207229 0.51596416],5,6,"[0.5164739970238864, 0.5319253761973344]",770,-1
56,[0.31713483 0.37341449],2,-1,-1,-1,-1
57,[0.30501707 0.29749873],6,9,"[0.3110394802231661, 0.23517199738277297]",-1,11
58,[0.55354557 0.53840149],5,6,"[0.5164739970238864, 0.5319253761973344]",1409,-1
59,[0.26547548 0.57919474],4,7,"[0.2817018170798153, 0.5849768676672948]",1669,-1
60,[0.23816431 0.40859406],2,8,"[0.27392971195344684, 0.45973140540928376]",-1,-1
61,[0.74385574 0.69184686],1,4,"[0.7726811996944247, 0.7249303226766757]",435,0
62,[0.46112485 0.60189365],3,-1,-1,1235,-1
63,[0.34396556 0.67365903],4,-1,-1,298,-1
64,[0.24342579 0.33950057],2,5,"[0.23231087327800656, 0.30304944505444303]",1565,-1
65,[0.34097722 0.3005019 ],0,1,"[0.3897435781344088, 0.3417040596068965]",-1,-1
66,[0.3053005  0.45388776],7,8,"[0.27392971195344684, 0.45973140540928376]",-1,-1
67,[0.35113152 0.57835758],4,0,"[0.383291892093257, 0.5586820702346661]",-1,-1
68,[0.51374878 0.50162681],5,6,"[0.5164739970238864, 0.5319253761973344]",661,-1
69,[0.3173074  0.31682261],0,-1,-1,-1,-1
70,[0.39534347 0.25422247],6,-1,-1,850,-1
71,[0.56258772 0.64623414],9,2,"[0.5921204552873188, 0.6383928111301557]",1219,-1
72,[0.27997967 0.39423786],7,8,"[0.27392971195344684, 0.45973140540928376]",1066,-1
73,[0.77525689 0.77578305],1,4,"[0.7726811996944247, 0.7249303226766757]",410,0
74,[0.59660541 0.52057063],9,-1,-1,1102,-1
75,[0.79906563 0.70275613],1,4,"[0.7726811996944247, 0.7249303226766757]",-1,0
76,[0.74494858 0.46305557],8,3,"[0.6815204869410737, 0.47689852788858716]",-1,-1
77,[0.28336912 0.44038501],7,8,"[0.27392971195344684, 0.45973140540928376]",1240,-1
78,[0.31346599 0.46306149],4,8,"[0.27392971195344684, 0.45973140540928376]",-1,-1
79,[0.6754612  0.68662061],1,-1,-1,387,-1
80,[0.85116406 0.72984361],1,-1,-1,-1,0
81,[0.63128504 0.63369978],9,2,"[0.5921204552873188, 0.6383928111301557]",1161,-1
82,[0.5202935  0.24091141],6,-1,-1,-1,-1
83,[0.40551851 0.6474136 ],4,-1,-1,589,-1
84,[0.20641565 0.52873565],7,-1,-1,-1,-1
85,[0.29374068 0.3010113 ],0,5,"[0.23231087327800656, 0.30304944505444303]",1618,-1
86,[0.24938232 0.54701448],4,7,"[0.2817018170798153, 0.5849768676672948]",1700,-1
87,[0.2641753  0.44478611],7,8,"[0.27392971195344684, 0.45973140540928376]",-1,-1
88,[0.61355467 0.68871194],9,2,"[0.5921204552873188, 0.6383928111301557]",-1,-1
89,[0.74397312 0.70094726],1,4,"[0.7726811996944247, 0.7249303226766757]",-1,0
90,[0.32563477 0.64964307],3,-1,-1,614,-1
91,[0.77062049 0.70163353],1,4,"[0.7726811996944247, 0.7249303226766757]",448,0
92,[0.59782745 0.52469409],8,-1,-1,1102,-1
93,[0.60986127 0.62717415],9,2,"[0.5921204552873188, 0.6383928111301557]",1336,-1
94,[0.37902908 0.33935132],2,1,"[0.3897435781344088, 0.3417040596068965]",1122,-1
95,[0.65269672 0.45608491],8,3,"[0.6815204869410737, 0.47689852788858716]",801,-1
96,[0.37110844 0.41375113],7,-1,-1,721,-1
97,[0.36702356 0.52940678],4,0,"[0.383291892093257, 0.5586820702346661]",1934,-1
98,[0.46253174 0.62038938],3,-1,-1,704,-1
99,[0.54733974 0.54360989],5,6,"[0.5164739970238864, 0.5319253761973344]",1408,-1
100,[0.58401151 0.56156749],9,-1,-1,-1,-1
101,[0.2979795  0.41390285],7,8,"[0.27392971195344684, 0.45973140540928376]",1074,-1
102,[0.2313513  0.49489144],4,8,"[0.27392971195344684, 0.45973140540928376]",1091,-1
103,[0.60916219 0.5887903 ],9,2,"[0.5921204552873188, 0.6383928111301557]",-1,-1
104,[0.30177351 0.28917363],0,9,"[0.3110394802231661, 0.23517199738277297]",-1,11
105,[0.49197836 0.32994308],6,-1,-1,-1,-1
106,[0.35071996 0.34609575],6,1,"[0.3897435781344088, 0.3417040596068965]",-1,-1
107,[0.56851662 0.51229081],5,6,"[0.5164739970238864, 0.5319253761973344]",-1,-1
108,[0.3182624  0.56562505],4,7,"[0.2817018170798153, 0.5849768676672948]",1972,-1
109,[0.33182614 0.51746362],7,0,"[0.383291892093257, 0.5586820702346661]",1904,-1
110,[0.30074689 0.31455946],0,5,"[0.23231087327800656, 0.30304944505444303]",1661,-1
111,[0.59580471 0.51200332],9,-1,-1,844,-1
112,[0.36165782 0.4120598 ],7,-1,-1,-1,-1
113,[0.6552718  0.50060072],8,3,"[0.6815204869410737, 0.47689852788858716]",816,-1
114,[0.86791502 0.56370524],1,-1,-1,-1,-1
115,[0.25724455 0.56300639],7,7,"[0.2817018170798153, 0.5849768676672948]",1699,-1
116,[0.28769986 0.35421836],2,-1,-1,-1,-1
117,[0.4245741  0.57068445],3,0,"[0.383291892093257, 0.5586820702346661]",1467,-1
118,[0.38664214 0.57189295],4,0,"[0.383291892093257, 0.5586820702346661]",1771,-1
119,[0.61872564 0.42045046],8,-1,-1,-1,-1
120,[0.60180532 0.74475574],1,-1,-1,-1,-1
121,[0.63079325 0.47821663],8,3,"[0.6815204869410737, 0.47689852788858716]",-1,-1
122,[0.73129733 0.54904099],8,-1,-1,-1,-1
123,[0.37521769 0.43036821],3,-1,-1,683,-1
124,[0.31061118 0.35053237],6,-1,-1,1630,8
125,[0.69964728 0.66962986],1,-1,-1,-1,0
126,[0.67977725 0.49441358],5,3,"[0.6815204869410737, 0.47689852788858716]",826,-1
127,[0.35944945 0.6061609 ],4,0,"[0.383291892093257, 0.5586820702346661]",-1,-1
128,[0.30781189 0.60952061],7,7,"[0.2817018170798153, 0.5849768676672948]",-1,-1
129,[0.18543234 0.57786327],4,-1,-1,102,-1
130,[0.29529816 0.44349657],6,8,"[0.27392971195344684, 0.45973140540928376]",1240,-1
131,[0.20995318 0.25608708],0,5,"[0.23231087327800656, 0.30304944505444303]",-1,-1
132,[0.3035643  0.23567413],0,9,"[0.3110394802231661, 0.23517199738277297]",1492,-1
133,[0.71866239 0.53363738],8,3,"[0.6815204869410737, 0.47689852788858716]",516,-1
134,[0.88894278 0.71690227],1,-1,-1,-1,-1
135,[0.60495796 0.52424993],8,-1,-1,1102,-1
136,[0.36318267 0.52399059],3,0,"[0.383291892093257, 0.5586820702346661]",-1,-1
137,[0.81712306 0.82819281],1,-1,-1,139,-1
138,[0.46920256 0.33789595],6,-1,-1,-1,-1
139,[0.42735367 0.54935984],3,0,"[0.383291892093257, 0.5586820702346661]",1205,-1
140,[0.29687062 0.52712235],3,7,"[0.2817018170798153, 0.5849768676672948]",1788,-1
141,[0.30771141 0.40417047],6,8,"[0.27392971195344684, 0.45973140540928376]",928,-1
142,[0.33360934 0.24031946],6,9,"[0.3110394802231661, 0.23517199738277297]",1001,-1
143,[0.33489332 0.61411282],3,7,"[0.2817018170798153, 0.5849768676672948]",-1,-1
144,[0.43330618 0.49845822],5,-1,-1,-1,-1
145,[0.29539965 0.55861672],7,7,"[0.2817018170798153, 0.5849768676672948]",-1,-1
146,[0.76430551 0.79657259],1,-1,-1,-1,0
147,[0.64138591 0.68038263],9,2,"[0.5921204552873188, 0.6383928111301557]",-1,-1
148,[0.20981662 0.51700039],7,-1,-1,1090,-1
149,[0.40478871 0.61001016],3,0,"[0.383291892093257, 0.5586820702346661]",1697,-1
150,[0.46093981 0.53154692],5,6,"[0.5164739970238864, 0.5319253761973344]",-1,-1
151,[0.62976449 0.71528118],9,-1,-1,-1,-1
152,[0.63130888 0.54787965],8,-1,-1,-1,-1
153,[0.31841735 0.53777075],7,7,"[0.2817018170798153, 0.5849768676672948]",1932,-1
154,[0.25352917 0.59248162],4,7,"[0.2817018170798153, 0.5849768676672948]",755,-1
155,[0.68873886 0.44804967],8,3,"[0.6815204869410737, 0.47689852788858716]",-1,-1
156,[0.31706003 0.64293384],4,7,"[0.2817018170798153, 0.5849768676672948]",887,-1
157,[0.64985196 0.7567109 ],9,-1,-1,-1,-1
158,[0.52673598 0.59153512],9,6,"[0.5164739970238864, 0.5319253761973344]",1372,-1
159,[0.5469531  0.61492344],9,2,"[0.5921204552873188, 0.6383928111301557]",1216,-1
160,[0.36214267 0.52670568],7,0,"[0.383291892093257, 0.5586820702346661]",1934,-1
161,[0.28447393 0.56424202],4,7,"[0.2817018170798153, 0.5849768676672948]",-1,13
162,[0.6098349  0.42495326],8,-1,-1,285,-1
163,[0.73826245 0.46996782],8,3,"[0.6815204869410737, 0.47689852788858716]",-1,-1
164,[0.3528217  0.61013489],4,0,"[0.383291892093257, 0.5586820702346661]",-1,-1
165,[0.33555498 0.30233285],0,1,"[0.3897435781344088, 0.3417040596068965]",-1,-1
166,[0.39536555 0.45907716],6,-1,-1,-1,-1
167,[0.51562216 0.20427581],6,-1,-1,-1,-1
168,[0.71250235 0.48537438],8,3,"[0.6815204869410737, 0.47689852788858716]",-1,-1
169,[0.4268219  0.33159017],6,1,"[0.3897435781344088, 0.3417040596068965]",-1,-1
170,[0.40335391 0.34060824],2,1,"[0.3897435781344088, 0.3417040596068965]",-1,-1
171,[0.65041295 0.56398046],9,-1,-1,1110,-1
172,[0.33370659 0.53896683],4,0,"[0.383291892093257, 0.5586820702346661]",1949,-1
173,[0.33745618 0.49472419],4,-1,-1,1880,-1
174,[0.25726234 0.56959698],7,7,"[0.2817018170798153, 0.5849768676672948]",-1,-1
175,[0.77175757 0.79306108],1,4,"[0.7726811996944247, 0.7249303226766757]",-1,0
176,[0.3306657  0.30118266],0,9,"[0.3110394802231661, 0.23517199738277297]",1659,10
177,[0.81819664 0.80324961],1,-1,-1,120,0
178,[0.34145133 0.31441571],2,1,"[0.3897435781344088, 0.3417040596068965]",-1,-1
179,[0.57670552 0.43281201],8,-1,-1,252,-1
180,[0.34251886 0.60090941],3,0,"[0.383291892093257, 0.5586820702346661]",1861,-1
181,[0.28515065 0.42198894],7,8,"[0.27392971195344684, 0.45973140540928376]",1075,-1
182,[0.43979151 0.35192997],6,1,"[0.3897435781344088, 0.3417040596068965]",-1,-1
183,[0.24609182 0.37313158],2,-1,-1,1149,-1
184,[0.32258729 0.58813449],3,7,"[0.2817018170798153, 0.5849768676672948]",-1,-1
185,[0.64825019 0.48790656],8,3,"[0.6815204869410737, 0.47689852788858716]",818,1
186,[0.33039044 0.3931773 ],6,-1,-1,1215,-1
187,[0.29725611 0.51073972],3,8,"[0.27392971195344684, 0.45973140540928376]",-1,-1
188,[0.33388242 0.56725121],3,0,"[0.383291892093257, 0.5586820702346661]",1975,-1
189,[0.2315129  0.27615249],2,5,"[0.23231087327800656, 0.30304944505444303]",-1,-1
190,[0.74494817 0.77444167],1,4,"[0.7726811996944247, 0.7249303226766757]",301,0
191,[0.45030383 0.59245575],3,-1,-1,1238,4
192,[0.26163575 0.42116581],7,8,"[0.27392971195344684, 0.45973140540928376]",-1,-1
193,[0.26303605 0.34336522],2,5,"[0.23231087327800656, 0.30304944505444303]",-1,-1
194,[0.31228615 0.27561704],2,9,"[0.3110394802231661, 0.23517199738277297]",1506,-1
195,[0.3669906  0.40257938],2,1,"[0.3897435781344088, 0.3417040596068965]",718,-1
196,[0.76362576 0.62783366],1,-1,-1,-1,0
197,[0.35852676 0.52015834],3,0,"[0.383291892093257, 0.5586820702346661]",1921,-1
198,[0.6784359  0.42131912],8,3,"[0.6815204869410737, 0.47689852788858716]",-1,-1
199,[0.78120902 0.61661906],1,-1,-1,-1,-1
200,[0.24926501 0.2594979 ],2,5,"[0.23231087327800656, 0.30304944505444303]",1310,-1
201,[0.65588393 0.49186789],8,3,"[0.6815204869410737, 0.47689852788858716]",-1,1
202,[0.52093424 0.68029764],9,-1,-1,-1,-1
203,[0.8827856  0.75010266],1,-1,-1,-1,-1
204,[0.5797301  0.45062553],5,-1,-1,-1,-1
205,[0.75227899 0.66725734],1,4,"[0.7726811996944247, 0.7249303226766757]",-1,0
206,[0.29950962 0.19506667],0,9,"[0.3110394802231661, 0.23517199738277297]",425,-1
207,[0.47670026 0.29784003],6,-1,-1,-1,-1
208,[0.28482322 0.15765521],0,-1,-1,-1,-1
209,[0.30369863 0.43879397],7,8,"[0.27392971195344684, 0.45973140540928376]",1083,-1
210,[0.40322986 0.53271798],4,0,"[0.383291892093257, 0.5586820702346661]",1642,-1
211,[0.65650243 0.50862086],8,3,"[0.6815204869410737, 0.47689852788858716]",-1,-1
212,[0.20512036 0.60276674],3,-1,-1,181,-1
213,[0.24441268 0.4332936 ],2,8,"[0.27392971195344684, 0.45973140540928376]",696,-1
214,[0.82902812 0.74653332],1,4,"[0.7726811996944247, 0.7249303226766757]",406,0
215,[0.32592959 0.49688862],4,8,"[0.27392971195344684, 0.45973140540928376]",1787,-1
216,[0.35911756 0.50582258],7,0,"[0.383291892093257, 0.5586820702346661]",1897,-1
217,[0.85467228 0.83951044],1,-1,-1,-1,-1
218,[0.58576253 0.58462405],5,2,"[0.5921204552873188, 0.6383928111301557]",-1,-1
219,[0.76285061 0.6451345 ],1,-1,-1,199,0
220,[0.26950791 0.24791716],2,9,"[0.3110394802231661, 0.23517199738277297]",-1,-1
221,[0.25854682 0.3511842 ],2,5,"[0.23231087327800656, 0.30304944505444303]",1587,-1
222,[0.26780715 0.58696548],4,7,"[0.2817018170798153, 0.5849768676672948]",1655,-1
223,[0.88895846 0.75191472],1,-1,-1,-1,-1
224,[0.36384144 0.28407777],6,1,"[0.3897435781344088, 0.3417040596068965]",1172,-1
225,[0.18702614 0.42430588],2,-1,-1,144,-1
226,[0.37290332 0.59077951],4,0,"[0.383291892093257, 0.5586820702346661]",1846,-1
227,[0.26442621 0.53123732],7,7,"[0.2817018170798153, 0.5849768676672948]",-1,-1
228,[0.32721953 0.51914918],7,0,"[0.383291892093257, 0.5586820702346661]",1905,-1
229,[0.19516328 0.40324934],0,-1,-1,201,-1
230,[0.44033174 0.35558034],6,1,"[0.3897435781344088, 0.3417040596068965]",-1,-1
231,[0.32069296 0.58254872],3,7,"[0.2817018170798153, 0.5849768676672948]",-1,-1
232,[0.17530391 0.24430381],0,-1,-1,172,-1
233,[0.70298107 0.63947842],9,-1,-1,-1,-1
234,[0.56756922 0.6824058 ],9,2,"[0.5921204552873188, 0.6383928111301557]",1034,-1
235,[0.34556941 0.28267068],0,9,"[0.3110394802231661, 0.23517199738277297]",1252,-1
236,[0.56453985 0.46839274],8,-1,-1,533,-1
237,[0.25264194 0.48203532],7,8,"[0.27392971195344684, 0.45973140540928376]",1710,-1
238,[0.36397376 0.68468073],3,-1,-1,-1,-1
239,[0.34679573 0.34334727],6,1,"[0.3897435781344088, 0.3417040596068965]",-1,-1
240,[0.48814271 0.53646014],5,6,"[0.5164739970238864, 0.5319253761973344]",961,-1
241,[0.40017713 0.30862399],6,1,"[0.3897435781344088, 0.3417040596068965]",930,-1
242,[0.59054483 0.48437612],5,-1,-1,561,-1
243,[0.29895624 0.26973192],0,9,"[0.3110394802231661, 0.23517199738277297]",1509,-1
244,[0.65039337 0.55454655],5,-1,-1,-1,-1
245,[0.84618806 0.81353909],1,-1,-1,-1,-1
246,[0.57484112 0.48341059],5,-1,-1,772,-1
247,[0.67265278 0.72592604],1,-1,-1,196,0
248,[0.48888203 0.44486714],3,-1,-1,-1,-1
249,[0.27090159 0.26963128],2,5,"[0.23231087327800656, 0.30304944505444303]",1635,-1
250,[0.57789571 0.54341887],5,6,"[0.5164739970238864, 0.5319253761973344]",1233,-1
251,[0.38499986 0.29214501],6,1,"[0.3897435781344088, 0.3417040596068965]",-1,-1
252,[0.78369501 0.74060471],1,4,"[0.7726811996944247, 0.7249303226766757]",-1,0
253,[0.38221425 0.4811905 ],7,-1,-1,1042,-1
254,[0.38437176 0.51301352],5,0,"[0.383291892093257, 0.5586820702346661]",-1,-1
255,[0.65361885 0.69680945],9,-1,-1,489,-1
256,[0.24887969 0.33781102],0,5,"[0.23231087327800656, 0.30304944505444303]",-1,-1
257,[0.51086583 0.72964929],9,-1,-1,116,-1
258,[0.3919643  0.24844502],2,-1,-1,-1,-1
259,[0.24336887 0.49217462],7,8,"[0.27392971195344684, 0.45973140540928376]",-1,-1
260,[0.61697092 0.72236472],9,-1,-1,212,-1
261,[0.35093322 0.48006508],3,-1,-1,-1,-1
262,[0.49587257 0.61541078],3,-1,-1,918,-1
263,[0.40304926 0.42559567],6,-1,-1,-1,-1
264,[0.36795803 0.31994014],2,1,"[0.3897435781344088, 0.3417040596068965]",1546,-1
265,[0.45412773 0.61885129],3,-1,-1,-1,-1
266,[0.71465808 0.35057485],8,-1,-1,-1,-1
267,[0.41934646 0.34303548],6,1,"[0.3897435781344088, 0.3417040596068965]",-1,-1
268,[0.3113385  0.49131237],4,8,"[0.27392971195344684, 0.45973140540928376]",1872,-1
269,[0.46677855 0.35647288],6,-1,-1,-1,-1
270,[0.79247945 0.88392307],1,-1,-1,-1,-1
271,[0.35508312 0.68795443],4,-1,-1,-1,-1
272,[0.29938264 0.48360855],7,8,"[0.27392971195344684, 0.45973140540928376]",-1,-1
273,[0.41677526 0.31228327],6,1,"[0.3897435781344088, 0.3417040596068965]",977,-1
274,[0.77309675 0.70884238],1,4,"[0.7726811996944247, 0.7249303226766757]",476,0
275,[0.59507717 0.59022611],9,2,"[0.5921204552873188, 0.6383928111301557]",-1,-1
276,[0.3460073  0.23619016],0,9,"[0.3110394802231661, 0.23517199738277297]",633,-1
277,[0.6251249  0.59193764],9,2,"[0.5921204552873188, 0.6383928111301557]",1209,-1
278,[0.29120202 0.33410615],0,5,"[0.23231087327800656, 0.30304944505444303]",1591,-1
279,[0.2979747  0.32793272],0,-1,-1,1660,-1
280,[0.33929761 0.51362097],4,0,"[0.383291892093257, 0.5586820702346661]",-1,-1
281,[0.7085711  0.79881837],1,-1,-1,-1,0
282,[0.75315823 0.67548371],1,4,"[0.7726811996944247, 0.7249303226766757]",-1,0
283,[0.40692828 0.63171032],3,-1,-1,-1,-1
284,[0.31435271 0.57706814],4,7,"[0.2817018170798153, 0.5849768676672948]",1961,-1
285,[0.36902226 0.52851854],4,0,"[0.383291892093257, 0.5586820702346661]",1934,-1
286,[0.45246827 0.30536603],6,-1,-1,-1,-1
287,[0.45843032 0.29942275],6,-1,-1,473,-1
288,[0.59089863 0.41075442],8,-1,-1,153,-1
289,[0.37891121 0.30534951],2,1,"[0.3897435781344088, 0.3417040596068965]",1464,-1
290,[0.27959079 0.66239598],3,-1,-1,-1,-1
291,[0.56362766 0.62050992],5,2,"[0.5921204552873188, 0.6383928111301557]",1284,-1
292,[0.32814404 0.31282051],6,1,"[0.3897435781344088, 0.3417040596068965]",1679,-1
293,[0.55511015 0.60323818],5,2,"[0.5921204552873188, 0.6383928111301557]",1342,-1
294,[0.83925779 0.66288186],1,-1,-1,-1,0
295,[0.40805799 0.58976494],3,0,"[0.383291892093257, 0.5586820702346661]",1708,-1
296,[0.38809022 0.23151874],2,-1,-1,-1,-1
297,[0.31469883 0.60533025],3,7,"[0.2817018170798153, 0.5849768676672948]",1936,-1
298,[0.56379719 0.58511389],5,2,"[0.5921204552873188, 0.6383928111301557]",-1,6
299,[0.32482544 0.46911127],7,8,"[0.27392971195344684, 0.45973140540928376]",-1,-1
300,[0.42170623 0.27716299],0,-1,-1,-1,-1
301,[0.73571984 0.69868831],1,4,"[0.7726811996944247, 0.7249303226766757]",437,0
302,[0.35031674 0.43932607],6,-1,-1,-1,-1
303,[0.21119408 0.5196715 ],7,-1,-1,1090,-1
304,[0.25068729 0.30153312],2,5,"[0.23231087327800656, 0.30304944505444303]",1590,-1
305,[0.58387866 0.56900734],5,2,"[0.5921204552873188, 0.6383928111301557]",1445,-1
306,[0.59844976 0.61292098],5,2,"[0.5921204552873188, 0.6383928111301557]",1417,-1
307,[0.37812344 0.58408526],7,0,"[0.383291892093257, 0.5586820702346661]",-1,12
308,[0.44356511 0.59514367],3,-1,-1,1229,-1
309,[0.5380287  0.69179117],9,-1,-1,555,-1
310,[0.5672172 0.6242063],9,2,"[0.5921204552873188, 0.6383928111301557]",-1,-1
311,[0.2735636  0.45201176],7,8,"[0.27392971195344684, 0.45973140540928376]",-1,-1
312,[0.30788259 0.50790161],4,8,"[0.27392971195344684, 0.45973140540928376]",-1,-1
313,[0.87260189 0.70800109],1,-1,-1,136,0
314,[0.43527445 0.57560403],3,0,"[0.383291892093257, 0.5586820702346661]",1167,-1
315,[0.25732876 0.32229637],2,5,"[0.23231087327800656, 0.30304944505444303]",1517,-1
316,[0.52015294 0.51921655],5,6,"[0.5164739970238864, 0.5319253761973344]",-1,-1
317,[0.39547481 0.48273104],7,-1,-1,-1,-1
318,[0.34144414 0.40042552],2,-1,-1,-1,-1
319,[0.63917882 0.65238754],9,2,"[0.5921204552873188, 0.6383928111301557]",645,-1
320,[0.45014307 0.35474524],6,1,"[0.3897435781344088, 0.3417040596068965]",-1,-1
321,[0.42725115 0.60549839],3,0,"[0.383291892093257, 0.5586820702346661]",1574,-1
322,[0.3619444  0.31095088],6,1,"[0.3897435781344088, 0.3417040596068965]",1540,-1
323,[0.37567774 0.21189395],6,9,"[0.3110394802231661, 0.23517199738277297]",-1,-1
324,[0.24558356 0.27280495],0,5,"[0.23231087327800656, 0.30304944505444303]",-1,-1
325,[0.30447768 0.53162827],7,7,"[0.2817018170798153, 0.5849768676672948]",-1,-1
326,[0.61329306 0.47735024],5,3,"[0.6815204869410737, 0.47689852788858716]",-1,-1
327,[0.37008718 0.58764627],4,0,"[0.383291892093257, 0.5586820702346661]",1846,12
328,[0.27535356 0.37974025],2,-1,-1,1105,-1
329,[0.72803932 0.47858673],8,3,"[0.6815204869410737, 0.47689852788858716]",779,-1
330,[0.68287394 0.49575572],8,3,"[0.6815204869410737, 0.47689852788858716]",-1,2
331,[0.40797915 0.33707575],6,1,"[0.3897435781344088, 0.3417040596068965]",-1,-1
332,[0.37586122 0.58741497],3,0,"[0.383291892093257, 0.5586820702346661]",-1,12
333,[0.69959979 0.59099867],9,-1,-1,-1,-1
334,[0.6717789  0.48810407],8,3,"[0.6815204869410737, 0.47689852788858716]",-1,-1
335,[0.43668139 0.52963317],3,0,"[0.383291892093257, 0.5586820702346661]",-1,-1
336,[0.75918329 0.64242891],1,-1,-1,199,0
337,[0.65431342 0.46709712],8,3,"[0.6815204869410737, 0.47689852788858716]",-1,1
338,[0.34705812 0.62070246],7,-1,-1,1830,-1
339,[0.40369532 0.29400896],6,1,"[0.3897435781344088, 0.3417040596068965]",-1,-1
340,[0.28276378 0.4746756 ],7,8,"[0.27392971195344684, 0.45973140540928376]",-1,-1
341,[0.3003424  0.46454704],4,8,"[0.27392971195344684, 0.45973140540928376]",-1,-1
342,[0.36019743 0.28387906],6,1,"[0.3897435781344088, 0.3417040596068965]",1171,-1
343,[0.23760703 0.38829077],2,-1,-1,912,-1
344,[0.63969597 0.77428266],9,-1,-1,-1,-1
345,[0.28453792 0.39489014],0,8,"[0.27392971195344684, 0.45973140540928376]",1066,-1
346,[0.24472714 0.41336246],4,8,"[0.27392971195344684, 0.45973140540928376]",697,-1
347,[0.41125033 0.60959525],3,0,"[0.383291892093257, 0.5586820702346661]",-1,-1
348,[0.21341699 0.24778875],0,5,"[0.23231087327800656, 0.30304944505444303]",895,-1
349,[0.61497525 0.59498722],8,2,"[0.5921204552873188, 0.6383928111301557]",-1,-1
350,[0.30029889 0.49265271],7,8,"[0.27392971195344684, 0.45973140540928376]",-1,-1
351,[0.19593492 0.44946311],7,-1,-1,100,-1
352,[0.92811876 0.8374374 ],1,-1,-1,-1,-1
353,[0.55771571 0.56979572],5,6,"[0.5164739970238864, 0.5319253761973344]",-1,6
354,[0.60708782 0.66731097],9,2,"[0.5921204552873188, 0.6383928111301557]",-1,-1
355,[0.52615019 0.66817743],9,-1,-1,919,-1
356,[0.70755042 0.5325108 ],8,3,"[0.6815204869410737, 0.47689852788858716]",516,-1
357,[0.18926032 0.29233864],0,5,"[0.23231087327800656, 0.30304944505444303]",-1,-1
358,[0.29906831 0.24329842],0,9,"[0.3110394802231661, 0.23517199738277297]",1174,-1
359,[0.25846628 0.63887224],4,7,"[0.2817018170798153, 0.5849768676672948]",-1,-1
360,[0.69623906 0.73595114],9,-1,-1,-1,0
361,[0.29333446 0.283613  ],0,9,"[0.3110394802231661, 0.23517199738277297]",1554,-1
362,[0.62250289 0.56117156],9,-1,-1,-1,-1
363,[0.44108442 0.56615219],3,0,"[0.383291892093257, 0.5586820702346661]",-1,-1
364,[0.5560326  0.63925544],9,2,"[0.5921204552873188, 0.6383928111301557]",1278,6
365,[0.65321461 0.80926702],1,-1,-1,-1,-1
366,[0.32150534 0.35374265],2,1,"[0.3897435781344088, 0.3417040596068965]",1485,-1
367,[0.2443752  0.46328104],7,8,"[0.27392971195344684, 0.45973140540928376]",1151,-1
368,[0.31606186 0.5367097 ],7,7,"[0.2817018170798153, 0.5849768676672948]",1932,-1
369,[0.26950127 0.22837268],0,9,"[0.3110394802231661, 0.23517199738277297]",-1,-1
370,[0.33237022 0.59386013],4,7,"[0.2817018170798153, 0.5849768676672948]",1942,-1
371,[0.18770678 0.51839776],4,-1,-1,-1,-1
372,[0.51180752 0.32551604],6,-1,-1,-1,-1
373,[0.35654627 0.53901688],3,0,"[0.383291892093257, 0.5586820702346661]",-1,-1
374,[0.32588318 0.51875637],4,0,"[0.383291892093257, 0.5586820702346661]",1905,-1
375,[0.24968451 0.33381006],2,5,"[0.23231087327800656, 0.30304944505444303]",-1,-1
376,[0.63274783 0.51051412],8,3,"[0.6815204869410737, 0.47689852788858716]",869,1
377,[0.45285667 0.53048529],5,6,"[0.5164739970238864, 0.5319253761973344]",1306,-1
378,[0.32597244 0.57460396],3,7,"[0.2817018170798153, 0.5849768676672948]",-1,-1
379,[0.24949551 0.19507065],0,-1,-1,-1,-1
380,[0.23940111 0.37600082],0,-1,-1,-1,-1
381,[0.22359569 0.35008564],0,5,"[0.23231087327800656, 0.30304944505444303]",1129,-1
382,[0.24421376 0.57990491],7,7,"[0.2817018170798153, 0.5849768676672948]",1563,-1
383,[0.46126689 0.48147782],3,-1,-1,-1,-1
384,[0.33910308 0.54611356],5,0,"[0.383291892093257, 0.5586820702346661]",-1,-1
385,[0.31804351 0.57856052],4,7,"[0.2817018170798153, 0.5849768676672948]",1962,-1
386,[0.74913329 0.34221385],8,-1,-1,-1,-1
387,[0.28313472 0.22298271],0,9,"[0.3110394802231661, 0.23517199738277297]",1356,-1
388,[0.74241593 0.47667737],8,3,"[0.6815204869410737, 0.47689852788858716]",-1,-1
389,[0.30964762 0.62918572],4,7,"[0.2817018170798153, 0.5849768676672948]",1297,-1
390,[0.25187733 0.55299226],7,7,"[0.2817018170798153, 0.5849768676672948]",-1,-1
391,[0.44124996 0.581851  ],3,0,"[0.383291892093257, 0.5586820702346661]",-1,-1
392,[0.74954983 0.51336342],8,-1,-1,-1,-1
393,[0.46829147 0.59142687],4,-1,-1,-1,4
394,[0.41267728 0.66245165],3,-1,-1,-1,-1
395,[0.48275635 0.60019733],5,-1,-1,1153,-1
396,[0.30291561 0.39655817],0,8,"[0.27392971195344684, 0.45973140540928376]",1067,-1
397,[0.17875282 0.27012207],2,5,"[0.23231087327800656, 0.30304944505444303]",458,-1
398,[0.8311355 0.6392253],1,-1,-1,-1,0
399,[0.28050823 0.47460816],7,8,"[0.27392971195344684, 0.45973140540928376]",-1,-1
400,[0.48122812 0.63789482],5,-1,-1,647,-1
401,[0.57594636 0.57152502],5,2,"[0.5921204552873188, 0.6383928111301557]",1447,-1
402,[0.68715613 0.8671379 ],1,-1,-1,-1,-1
403,[0.25807919 0.21029564],2,9,"[0.3110394802231661, 0.23517199738277297]",-1,-1
404,[0.58239627 0.490076  ],8,-1,-1,632,-1
405,[0.50525216 0.66492403],9,-1,-1,-1,-1
406,[0.23002495 0.30667271],2,5,"[0.23231087327800656, 0.30304944505444303]",1486,-1
407,[0.62972314 0.55556041],5,-1,-1,1104,-1
408,[0.34777848 0.5319643 ],7,0,"[0.383291892093257, 0.5586820702346661]",1946,-1
409,[0.29942017 0.21651765],0,9,"[0.3110394802231661, 0.23517199738277297]",-1,-1
410,[0.31801258 0.42480181],7,8,"[0.27392971195344684, 0.45973140540928376]",1017,-1
411,[0.29338148 0.27535535],0,9,"[0.3110394802231661, 0.23517199738277297]",-1,-1
412,[0.23478211 0.61483763],3,7,"[0.2817018170798153, 0.5849768676672948]",-1,-1
413,[0.26180932 0.59877004],4,7,"[0.2817018170798153, 0.5849768676672948]",1646,-1
414,[0.78166134 0.81242007],1,-1,-1,-1,0
415,[0.51532391 0.60651704],5,-1,-1,1230,-1
416,[0.3260155 0.4050129],7,-1,-1,948,-1
417,[0.2438958  0.17431171],0,-1,-1,-1,-1
418,[0.29017836 0.59947621],7,7,"[0.2817018170798153, 0.5849768676672948]",1693,-1
419,[0.6739576  0.57883339],8,-1,-1,-1,-1
420,[0.16151895 0.26214145],0,-1,-1,-1,-1
421,[0.32871158 0.47752143],7,8,"[0.27392971195344684, 0.45973140540928376]",1475,-1
422,[0.55032311 0.45468621],5,-1,-1,-1,-1
423,[0.24032259 0.45255612],7,8,"[0.27392971195344684, 0.45973140540928376]",-1,-1
424,[0.30822612 0.59877013],4,7,"[0.2817018170798153, 0.5849768676672948]",1820,-1
425,[0.32072778 0.31637628],2,-1,-1,1673,-1
426,[0.37434452 0.54154537],3,0,"[0.383291892093257, 0.5586820702346661]",1811,-1
427,[0.22256495 0.33384351],2,5,"[0.23231087327800656, 0.30304944505444303]",1338,-1
428,[0.88645028 0.77345624],1,-1,-1,-1,-1
429,[0.25720534 0.29387323],2,5,"[0.23231087327800656, 0.30304944505444303]",-1,-1
430,[0.37898689 0.25953567],6,-1,-1,790,-1
431,[0.39449327 0.63691993],3,-1,-1,-1,-1
432,[0.58549549 0.6267018 ],9,2,"[0.5921204552873188, 0.6383928111301557]",1333,-1
433,[0.3940511  0.46900313],5,-1,-1,583,-1
434,[0.72541004 0.72058112],1,4,"[0.7726811996944247, 0.7249303226766757]",352,0
435,[0.47019149 0.54833566],3,6,"[0.5164739970238864, 0.5319253761973344]",839,-1
436,[0.37253125 0.23802522],6,9,"[0.3110394802231661, 0.23517199738277297]",-1,-1
437,[0.28386988 0.348425  ],0,5,"[0.23231087327800656, 0.30304944505444303]",1584,-1
438,[0.55062726 0.71938402],9,-1,-1,245,-1
439,[0.79605305 0.52216279],8,-1,-1,69,-1
440,[0.27093565 0.3727888 ],7,-1,-1,1265,-1
441,[0.36364832 0.32096961],6,1,"[0.3897435781344088, 0.3417040596068965]",1545,-1
442,[0.7855012  0.73848639],1,4,"[0.7726811996944247, 0.7249303226766757]",-1,0
443,[0.29192065 0.49360507],7,8,"[0.27392971195344684, 0.45973140540928376]",1791,-1
444,[0.38787363 0.52341754],3,0,"[0.383291892093257, 0.5586820702346661]",1777,-1
445,[0.21707055 0.26960936],2,5,"[0.23231087327800656, 0.30304944505444303]",-1,-1
446,[0.44350397 0.54879835],5,0,"[0.383291892093257, 0.5586820702346661]",1295,-1
447,[0.68534146 0.39346932],8,-1,-1,-1,-1
448,[0.7810611  0.77650325],1,4,"[0.7726811996944247, 0.7249303226766757]",407,0
449,[0.26091802 0.38065642],0,-1,-1,-1,-1
450,[0.34479616 0.54631555],3,0,"[0.383291892093257, 0.5586820702346661]",-1,-1
451,[0.73663809 0.51347372],8,3,"[0.6815204869410737, 0.47689852788858716]",480,-1
452,[0.37362292 0.24944124],6,9,"[0.3110394802231661, 0.23517199738277297]",-1,-1
453,[0.50543811 0.60926539],9,-1,-1,1133,-1
454,[0.3568857  0.38899772],2,1,"[0.3897435781344088, 0.3417040596068965]",993,-1
455,[0.31583794 0.55043377],3,7,"[0.2817018170798153, 0.5849768676672948]",-1,17
456,[0.24474859 0.30910472],2,5,"[0.23231087327800656, 0.30304944505444303]",-1,-1
457,[0.2552856  0.31138217],0,5,"[0.23231087327800656, 0.30304944505444303]",-1,-1
458,[0.67064115 0.47551807],8,3,"[0.6815204869410737, 0.47689852788858716]",-1,-1
459,[0.51823014 0.46430698],5,6,"[0.5164739970238864, 0.5319253761973344]",-1,-1
460,[0.5391544  0.76423409],9,-1,-1,-1,-1
461,[0.61780801 0.48298452],8,3,"[0.6815204869410737, 0.47689852788858716]",-1,-1
462,[0.67038905 0.43761696],8,3,"[0.6815204869410737, 0.47689852788858716]",-1,-1
463,[0.31144719 0.49069629],7,8,"[0.27392971195344684, 0.45973140540928376]",-1,-1
464,[0.3807139  0.59127685],5,0,"[0.383291892093257, 0.5586820702346661]",-1,-1
465,[0.23459746 0.10777255],0,-1,-1,-1,-1
466,[0.75899313 0.64311   ],1,-1,-1,199,0
467,[0.46677393 0.45407139],6,-1,-1,291,-1
468,[0.76022578 0.74476386],1,4,"[0.7726811996944247, 0.7249303226766757]",430,0
469,[0.27273614 0.43525948],7,8,"[0.27392971195344684, 0.45973140540928376]",1239,-1
470,[0.12639559 0.30121034],2,-1,-1,-1,-1
471,[0.4744395  0.52951619],5,6,"[0.5164739970238864, 0.5319253761973344]",957,-1
472,[0.22945805 0.38775558],2,-1,-1,912,-1
473,[0.30683927 0.5542221 ],7,7,"[0.2817018170798153, 0.5849768676672948]",-1,-1
474,[0.32632004 0.55620767],3,7,"[0.2817018170798153, 0.5849768676672948]",-1,17
475,[0.39148529 0.29057309],6,1,"[0.3897435781344088, 0.3417040596068965]",-1,-1
476,[0.59308895 0.54895367],8,-1,-1,-1,-1
477,[0.40070942 0.50472598],4,0,"[0.383291892093257, 0.5586820702346661]",1455,-1
478,[0.76783264 0.40809473],8,-1,-1,65,-1
479,[0.63934124 0.47003628],8,3,"[0.6815204869410737, 0.47689852788858716]",-1,-1
480,[0.49500886 0.53987764],5,6,"[0.5164739970238864, 0.5319253761973344]",-1,-1
481,[0.36684    0.60902539],3,0,"[0.383291892093257, 0.5586820702346661]",1752,-1
482,[0.24822924 0.44259216],2,8,"[0.27392971195344684, 0.45973140540928376]",-1,-1
483,[0.48631373 0.47262167],5,6,"[0.5164739970238864, 0.5319253761973344]",-1,-1
484,[0.69568003 0.50958058],8,3,"[0.6815204869410737, 0.47689852788858716]",807,-1
485,[0.76827035 0.73068561],1,4,"[0.7726811996944247, 0.7249303226766757]",469,0
486,[0.31745279 0.59421342],4,7,"[0.2817018170798153, 0.5849768676672948]",1937,-1
487,[0.33795702 0.64696685],4,-1,-1,900,-1
488,[0.35973835 0.49787643],4,0,"[0.383291892093257, 0.5586820702346661]",1761,-1
489,[0.22121279 0.15534649],0,-1,-1,-1,-1
490,[0.25398533 0.25070529],2,5,"[0.23231087327800656, 0.30304944505444303]",-1,-1
491,[0.53903696 0.55752458],5,6,"[0.5164739970238864, 0.5319253761973344]",1406,6
492,[0.33684421 0.32135395],2,1,"[0.3897435781344088, 0.3417040596068965]",-1,10
493,[0.73181755 0.64534943],1,-1,-1,184,0
494,[0.26810532 0.19029184],0,9,"[0.3110394802231661, 0.23517199738277297]",-1,-1
495,[0.26493395 0.55003486],4,7,"[0.2817018170798153, 0.5849768676672948]",-1,-1
496,[0.38913276 0.6189675 ],3,0,"[0.383291892093257, 0.5586820702346661]",-1,-1
497,[0.7768361  0.63515466],1,-1,-1,176,0
498,[0.21672837 0.62159306],4,-1,-1,-1,-1
499,[0.34118211 0.68604939],7,-1,-1,-1,-1
500,[0.3823694  0.54754986],7,0,"[0.383291892093257, 0.5586820702346661]",-1,-1
501,[0.33399837 0.28714234],2,9,"[0.3110394802231661, 0.23517199738277297]",1652,-1
502,[0.24287525 0.24810747],2,5,"[0.23231087327800656, 0.30304944505444303]",-1,-1
503,[0.47998248 0.34384404],6,-1,-1,-1,-1
504,[0.37188147 0.50458722],7,0,"[0.383291892093257, 0.5586820702346661]",1766,-1
505,[0.61729942 0.57834576],9,2,"[0.5921204552873188, 0.6383928111301557]",1273,-1
506,[0.82237901 0.72391554],1,4,"[0.7726811996944247, 0.7249303226766757]",-1,0
507,[0.36333417 0.57069191],4,0,"[0.383291892093257, 0.5586820702346661]",1850,-1
508,[0.20552402 0.2790463 ],0,5,"[0.23231087327800656, 0.30304944505444303]",-1,-1
509,[0.37973068 0.53371621],3,0,"[0.383291892093257, 0.5586820702346661]",-1,-1
510,[0.30395874 0.26984747],6,9,"[0.3110394802231661, 0.23517199738277297]",1511,-1
511,[0.46399105 0.63344524],5,-1,-1,-1,-1
512,[0.28562776 0.4372957 ],2,8,"[0.27392971195344684, 0.45973140540928376]",-1,-1
513,[0.24320966 0.58262514],7,7,"[0.2817018170798153, 0.5849768676672948]",-1,-1
514,[0.54421219 0.68776109],5,2,"[0.5921204552873188, 0.6383928111301557]",560,-1
515,[0.78598734 0.55108802],8,-1,-1,15,-1
516,[0.25044685 0.40807826],2,8,"[0.27392971195344684, 0.45973140540928376]",-1,-1
517,[0.55883561 0.49895386],8,6,"[0.5164739970238864, 0.5319253761973344]",845,-1
518,[0.70088836 0.61022602],9,-1,-1,-1,-1
519,[0.39198049 0.27913939],6,1,"[0.3897435781344088, 0.3417040596068965]",1076,-1
520,[0.31863782 0.29218354],0,9,"[0.3110394802231661, 0.23517199738277297]",-1,-1
521,[0.81762713 0.69388171],1,4,"[0.7726811996944247, 0.7249303226766757]",365,0
522,[0.53186955 0.434454  ],5,-1,-1,146,-1
523,[0.77279759 0.44861398],8,-1,-1,92,-1
524,[0.25210338 0.20351075],0,9,"[0.3110394802231661, 0.23517199738277297]",746,-1
525,[0.39687103 0.52867336],7,0,"[0.383291892093257, 0.5586820702346661]",-1,-1
526,[0.60150014 0.42390093],8,-1,-1,-1,-1
527,[0.3598702  0.32661181],6,1,"[0.3897435781344088, 0.3417040596068965]",1407,-1
528,[0.33841918 0.33274641],6,1,"[0.3897435781344088, 0.3417040596068965]",-1,-1
529,[0.20557707 0.31056363],0,5,"[0.23231087327800656, 0.30304944505444303]",-1,-1
530,[0.23688812 0.53053179],7,-1,-1,-1,-1
531,[0.45814799 0.65860158],3,-1,-1,-1,-1
532,[0.19852854 0.60406402],7,-1,-1,-1,-1
533,[0.70799514 0.38654489],8,-1,-1,151,-1
534,[0.43769397 0.34245296],6,1,"[0.3897435781344088, 0.3417040596068965]",793,-1
535,[0.43091533 0.59920943],3,0,"[0.383291892093257, 0.5586820702346661]",1574,-1
536,[0.69007039 0.50849176],8,3,"[0.6815204869410737, 0.47689852788858716]",807,-1
537,[0.27503938 0.53129158],4,7,"[0.2817018170798153, 0.5849768676672948]",1882,-1
538,[0.41493331 0.55860156],3,0,"[0.383291892093257, 0.5586820702346661]",-1,-1
539,[0.30625605 0.51645398],3,8,"[0.27392971195344684, 0.45973140540928376]",1881,-1
540,[0.80335072 0.45082984],8,-1,-1,-1,-1
541,[0.76946533 0.75492889],1,4,"[0.7726811996944247, 0.7249303226766757]",413,0
542,[0.68621004 0.65920633],9,-1,-1,-1,0
543,[0.24645134 0.50549104],7,8,"[0.27392971195344684, 0.45973140540928376]",1759,-1
544,[0.21398606 0.34460858],2,5,"[0.23231087327800656, 0.30304944505444303]",1128,-1
545,[0.27345552 0.45863317],7,8,"[0.27392971195344684, 0.45973140540928376]",1248,-1
546,[0.48355578 0.72838339],9,-1,-1,-1,-1
547,[0.6968443  0.75184975],1,-1,-1,319,0
548,[0.27828681 0.3231079 ],2,5,"[0.23231087327800656, 0.30304944505444303]",1585,9
549,[0.75075175 0.75277275],1,4,"[0.7726811996944247, 0.7249303226766757]",-1,0
550,[0.37119003 0.42205233],6,-1,-1,683,-1
551,[0.22842166 0.53579447],7,-1,-1,1477,-1
552,[0.35274885 0.48786263],4,-1,-1,1747,-1
553,[0.61155509 0.63037428],9,2,"[0.5921204552873188, 0.6383928111301557]",-1,-1
554,[0.41038193 0.37727272],6,1,"[0.3897435781344088, 0.3417040596068965]",-1,-1
555,[0.25926077 0.57170578],7,7,"[0.2817018170798153, 0.5849768676672948]",1562,-1
556,[0.2288172  0.22238499],0,-1,-1,871,-1
557,[0.71894977 0.51253184],8,3,"[0.6815204869410737, 0.47689852788858716]",-1,-1
558,[0.58503122 0.62848988],9,2,"[0.5921204552873188, 0.6383928111301557]",-1,-1
559,[0.47443809 0.53697646],3,6,"[0.5164739970238864, 0.5319253761973344]",962,-1
560,[0.28558693 0.39492447],2,8,"[0.27392971195344684, 0.45973140540928376]",1066,-1
561,[0.30475298 0.55794826],3,7,"[0.2817018170798153, 0.5849768676672948]",-1,-1
562,[0.72706569 0.71591115],1,4,"[0.7726811996944247, 0.7249303226766757]",351,0
563,[0.331409   0.29682666],6,9,"[0.3110394802231661, 0.23517199738277297]",-1,-1
564,[0.26796065 0.34284128],0,5,"[0.23231087327800656, 0.30304944505444303]",-1,-1
565,[0.66296375 0.46286601],8,3,"[0.6815204869410737, 0.47689852788858716]",797,-1
566,[0.3487141  0.34413412],2,1,"[0.3897435781344088, 0.3417040596068965]",-1,-1
567,[0.39328121 0.45240765],3,-1,-1,-1,-1
568,[0.60131427 0.49931861],5,-1,-1,843,-1
569,[0.35080961 0.51752438],7,0,"[0.383291892093257, 0.5586820702346661]",1926,-1
570,[0.53720375 0.52197253],5,6,"[0.5164739970238864, 0.5319253761973344]",-1,3
571,[0.38122281 0.33210807],6,1,"[0.3897435781344088, 0.3417040596068965]",1476,-1
572,[0.63215497 0.77310929],1,-1,-1,-1,-1
573,[0.73339069 0.33946788],8,-1,-1,-1,-1
574,[0.26006694 0.24614391],0,9,"[0.3110394802231661, 0.23517199738277297]",1138,-1
575,[0.32373169 0.59770849],3,7,"[0.2817018170798153, 0.5849768676672948]",-1,-1
576,[0.33526826 0.32620279],6,1,"[0.3897435781344088, 0.3417040596068965]",-1,-1
577,[0.53895078 0.574141  ],5,6,"[0.5164739970238864, 0.5319253761973344]",-1,-1
578,[0.75814269 0.50548624],8,-1,-1,-1,-1
579,[0.25425109 0.29221445],2,5,"[0.23231087327800656, 0.30304944505444303]",1645,-1
580,[0.70978662 0.54797394],8,-1,-1,563,-1
581,[0.56968128 0.63213271],9,2,"[0.5921204552873188, 0.6383928111301557]",1286,-1
582,[0.56043174 0.53734641],9,6,"[0.5164739970238864, 0.5319253761973344]",1409,-1
583,[0.37258282 0.20819819],0,9,"[0.3110394802231661, 0.23517199738277297]",171,-1
584,[0.41475446 0.61516374],3,0,"[0.383291892093257, 0.5586820702346661]",-1,-1
585,[0.38762221 0.57303076],4,0,"[0.383291892093257, 0.5586820702346661]",1771,-1
586,[0.85199138 0.6913496 ],1,-1,-1,-1,0
587,[0.67920255 0.49338289],8,3,"[0.6815204869410737, 0.47689852788858716]",826,2
588,[0.25765627 0.40032387],0,8,"[0.27392971195344684, 0.45973140540928376]",-1,-1
589,[0.56561651 0.66942728],9,2,"[0.5921204552873188, 0.6383928111301557]",1033,-1
590,[0.34281642 0.27647051],2,9,"[0.3110394802231661, 0.23517199738277297]",1118,-1
591,[0.2777772  0.35078735],2,5,"[0.23231087327800656, 0.30304944505444303]",-1,-1
592,[0.61261675 0.71316311],9,-1,-1,212,-1
593,[0.27284431 0.55935352],4,7,"[0.2817018170798153, 0.5849768676672948]",-1,-1
594,[0.76329574 0.72760706],1,4,"[0.7726811996944247, 0.7249303226766757]",-1,0
595,[0.9140393  0.70855513],1,-1,-1,-1,-1
596,[0.31879718 0.12410897],0,-1,-1,-1,-1
597,[0.31440749 0.68058216],4,-1,-1,-1,-1
598,[0.28809287 0.52651687],7,7,"[0.2817018170798153, 0.5849768676672948]",1911,14
599,[0.50209111 0.58317088],5,6,"[0.5164739970238864, 0.5319253761973344]",-1,-1
600,[0.64227568 0.38442854],8,-1,-1,-1,-1
601,[0.48052821 0.48316327],5,6,"[0.5164739970238864, 0.5319253761973344]",-1,-1
602,[0.35496725 0.38607004],2,1,"[0.3897435781344088, 0.3417040596068965]",993,-1
603,[0.35244764 0.6101938 ],3,0,"[0.383291892093257, 0.5586820702346661]",1833,-1
604,[0.75603007 0.54141657],1,-1,-1,-1,-1
605,[0.29461647 0.51832266],4,8,"[0.27392971195344684, 0.45973140540928376]",-1,14
606,[0.67318896 0.57232439],8,-1,-1,542,-1
607,[0.63575882 0.56439508],8,-1,-1,1103,-1
608,[0.56835573 0.50183198],8,6,"[0.5164739970238864, 0.5319253761973344]",-1,-1
609,[0.20312864 0.21679827],0,-1,-1,-1,-1
610,[0.18595236 0.6058089 ],4,-1,-1,-1,-1
611,[0.61252057 0.61649011],9,2,"[0.5921204552873188, 0.6383928111301557]",-1,-1
612,[0.80996448 0.72612952],1,4,"[0.7726811996944247, 0.7249303226766757]",456,0
613,[0.37559021 0.3713727 ],6,1,"[0.3897435781344088, 0.3417040596068965]",1057,-1
614,[0.68081441 0.58271216],8,-1,-1,-1,-1
615,[0.39562987 0.60319826],3,0,"[0.383291892093257, 0.5586820702346661]",-1,-1
616,[0.88614372 0.65490659],1,-1,-1,-1,-1
617,[0.24455074 0.37263874],2,-1,-1,1149,-1
618,[0.18952108 0.44741069],2,-1,-1,100,-1
619,[0.46977051 0.51650886],5,6,"[0.5164739970238864, 0.5319253761973344]",1002,-1
620,[0.66339543 0.68240269],9,-1,-1,-1,-1
621,[0.70295771 0.5175262 ],8,3,"[0.6815204869410737, 0.47689852788858716]",570,-1
622,[0.68007375 0.45583825],8,3,"[0.6815204869410737, 0.47689852788858716]",735,-1
623,[0.16626958 0.25902228],0,-1,-1,-1,-1
624,[0.21288156 0.32197329],0,5,"[0.23231087327800656, 0.30304944505444303]",-1,-1
625,[0.34505236 0.30819569],0,1,"[0.3897435781344088, 0.3417040596068965]",-1,-1
626,[0.2374632  0.42535398],7,8,"[0.27392971195344684, 0.45973140540928376]",-1,-1
627,[0.30934985 0.52509496],4,7,"[0.2817018170798153, 0.5849768676672948]",-1,-1
628,[0.35987818 0.58214052],3,0,"[0.383291892093257, 0.5586820702346661]",1847,12
629,[0.48452913 0.36963396],6,-1,-1,-1,-1
630,[0.81514109 0.71132415],1,4,"[0.7726811996944247, 0.7249303226766757]",378,0
631,[0.40882071 0.24128812],2,-1,-1,657,-1
632,[0.29693044 0.68303433],3,-1,-1,85,-1
633,[0.33965626 0.56403514],3,0,"[0.383291892093257, 0.5586820702346661]",1848,-1
634,[0.36689142 0.48450853],7,-1,-1,1561,-1
635,[0.4540341  0.47771514],7,-1,-1,-1,-1
636,[0.81341945 0.71010182],1,4,"[0.7726811996944247, 0.7249303226766757]",378,0
637,[0.25667578 0.25422458],0,5,"[0.23231087327800656, 0.30304944505444303]",-1,-1
638,[0.21750641 0.35396768],2,5,"[0.23231087327800656, 0.30304944505444303]",1127,-1
639,[0.33546401 0.29053116],6,9,"[0.3110394802231661, 0.23517199738277297]",1651,-1
640,[0.79796869 0.73486104],1,4,"[0.7726811996944247, 0.7249303226766757]",433,0
641,[0.37666734 0.43143594],6,-1,-1,683,-1
642,[0.55124497 0.42854262],8,-1,-1,-1,-1
643,[0.2357049  0.34861319],0,5,"[0.23231087327800656, 0.30304944505444303]",-1,-1
644,[0.65366401 0.40404633],8,-1,-1,-1,-1
645,[0.3704552  0.60562385],3,0,"[0.383291892093257, 0.5586820702346661]",-1,-1
646,[0.2060478  0.32062204],0,5,"[0.23231087327800656, 0.30304944505444303]",1038,-1
647,[0.26739566 0.4767926 ],7,8,"[0.27392971195344684, 0.45973140540928376]",1600,-1
648,[0.61657062 0.52897026],8,-1,-1,863,-1
649,[0.55314387 0.62537023],9,2,"[0.5921204552873188, 0.6383928111301557]",-1,-1
650,[0.18784847 0.47072106],7,-1,-1,210,-1
651,[0.34629303 0.58924718],4,0,"[0.383291892093257, 0.5586820702346661]",1834,-1
652,[0.38651805 0.30733767],6,1,"[0.3897435781344088, 0.3417040596068965]",-1,-1
653,[0.35801755 0.27179832],6,9,"[0.3110394802231661, 0.23517199738277297]",1156,-1
654,[0.69359637 0.4388603 ],8,3,"[0.6815204869410737, 0.47689852788858716]",-1,-1
655,[0.33563589 0.36849615],0,1,"[0.3897435781344088, 0.3417040596068965]",1349,-1
656,[0.44418259 0.61917353],3,-1,-1,707,-1
657,[0.61820084 0.43086607],5,-1,-1,285,-1
658,[0.51489529 0.60058169],5,6,"[0.5164739970238864, 0.5319253761973344]",-1,-1
659,[0.43758413 0.29534809],6,1,"[0.3897435781344088, 0.3417040596068965]",-1,-1
660,[0.26882171 0.31060303],0,5,"[0.23231087327800656, 0.30304944505444303]",1585,-1
661,[0.76501697 0.61615839],1,-1,-1,-1,-1
662,[0.2933548  0.49662751],7,8,"[0.27392971195344684, 0.45973140540928376]",-1,-1
663,[0.21198847 0.53364208],7,-1,-1,853,-1
664,[0.31352646 0.24456345],2,9,"[0.3110394802231661, 0.23517199738277297]",-1,-1
665,[0.62595883 0.58229924],9,2,"[0.5921204552873188, 0.6383928111301557]",-1,-1
666,[0.21045032 0.41128793],2,-1,-1,202,-1
667,[0.45197287 0.72744418],3,-1,-1,-1,-1
668,[0.23627042 0.6326868 ],4,7,"[0.2817018170798153, 0.5849768676672948]",347,-1
669,[0.38296411 0.70162601],3,-1,-1,-1,-1
670,[0.24180057 0.48547555],7,8,"[0.27392971195344684, 0.45973140540928376]",-1,-1
671,[0.59449563 0.67595723],9,2,"[0.5921204552873188, 0.6383928111301557]",709,-1
672,[0.20020108 0.58891323],4,-1,-1,181,-1
673,[0.75552191 0.48497269],8,-1,-1,507,-1
674,[0.46063016 0.36545761],6,-1,-1,442,-1
675,[0.12676354 0.25278143],0,-1,-1,-1,-1
676,[0.31495378 0.39563594],2,-1,-1,-1,-1
677,[0.44671542 0.51119675],3,-1,-1,1059,-1
678,[0.29273288 0.37397662],2,-1,-1,1092,-1
679,[0.31188575 0.51718183],4,8,"[0.27392971195344684, 0.45973140540928376]",-1,15
680,[0.62811226 0.72565112],9,-1,-1,-1,-1
681,[0.28943383 0.38907415],2,-1,-1,-1,-1
682,[0.31376988 0.50274409],7,8,"[0.27392971195344684, 0.45973140540928376]",-1,-1
683,[0.31597479 0.31998596],6,-1,-1,1672,-1
684,[0.22372255 0.33231759],2,5,"[0.23231087327800656, 0.30304944505444303]",1338,-1
685,[0.2379167  0.49285948],7,8,"[0.27392971195344684, 0.45973140540928376]",1280,-1
686,[0.2703385  0.32416632],0,5,"[0.23231087327800656, 0.30304944505444303]",1585,-1
687,[0.33164294 0.51325574],7,0,"[0.383291892093257, 0.5586820702346661]",-1,-1
688,[0.40533279 0.53584398],5,0,"[0.383291892093257, 0.5586820702346661]",1643,-1
689,[0.34792743 0.60590287],3,0,"[0.383291892093257, 0.5586820702346661]",1833,-1
690,[0.67582827 0.5053248 ],8,3,"[0.6815204869410737, 0.47689852788858716]",827,-1
691,[0.335174   0.57366337],3,0,"[0.383291892093257, 0.5586820702346661]",1979,-1
692,[0.3114378  0.30936009],2,-1,-1,-1,-1
693,[0.59005259 0.41375861],8,-1,-1,153,-1
694,[0.35742289 0.27904501],6,9,"[0.3110394802231661, 0.23517199738277297]",-1,-1
695,[0.73092297 0.73716589],1,4,"[0.7726811996944247, 0.7249303226766757]",381,0
696,[0.42594821 0.46733204],4,-1,-1,609,-1
697,[0.60982397 0.61934595],9,2,"[0.5921204552873188, 0.6383928111301557]",-1,-1
698,[0.25068224 0.14709085],2,-1,-1,-1,-1
699,[0.50379858 0.55578653],5,6,"[0.5164739970238864, 0.5319253761973344]",1185,-1
700,[0.30548449 0.20557329],0,9,"[0.3110394802231661, 0.23517199738277297]",652,-1
701,[0.37092896 0.54925584],3,0,"[0.383291892093257, 0.5586820702346661]",1804,-1
702,[0.66292168 0.77562856],1,-1,-1,-1,-1
703,[0.68603868 0.41717461],8,3,"[0.6815204869410737, 0.47689852788858716]",592,-1
704,[0.29782601 0.41142927],0,8,"[0.27392971195344684, 0.45973140540928376]",1074,-1
705,[0.54142483 0.53961257],9,6,"[0.5164739970238864, 0.5319253761973344]",-1,-1
706,[0.4884141  0.61092516],9,-1,-1,918,-1
707,[0.19803754 0.24167887],0,-1,-1,897,-1
708,[0.33519649 0.38655649],2,-1,-1,-1,-1
709,[0.16977622 0.47617135],7,-1,-1,-1,-1
710,[0.3403976  0.62586858],4,-1,-1,1695,-1
711,[0.28849651 0.45548606],7,8,"[0.27392971195344684, 0.45973140540928376]",-1,-1
712,[0.36319746 0.2894073 ],6,1,"[0.3897435781344088, 0.3417040596068965]",1542,-1
713,[0.54793113 0.52197903],5,6,"[0.5164739970238864, 0.5319253761973344]",899,-1
714,[0.43003663 0.45940008],7,-1,-1,-1,-1
715,[0.43649788 0.24232886],6,-1,-1,178,-1
716,[0.36881161 0.32947812],0,1,"[0.3897435781344088, 0.3417040596068965]",1536,-1
717,[0.43008356 0.2788791 ],6,-1,-1,-1,-1
718,[0.68582987 0.52688594],8,3,"[0.6815204869410737, 0.47689852788858716]",-1,-1
719,[0.3178371  0.53969261],4,7,"[0.2817018170798153, 0.5849768676672948]",1932,-1
720,[0.39811916 0.61713013],3,0,"[0.383291892093257, 0.5586820702346661]",-1,-1
721,[0.53574009 0.63391098],9,2,"[0.5921204552873188, 0.6383928111301557]",1257,-1
722,[0.30799254 0.28444806],0,9,"[0.3110394802231661, 0.23517199738277297]",1614,-1
723,[0.72355075 0.64362836],1,-1,-1,-1,0
724,[0.19019814 0.522698  ],7,-1,-1,166,-1
725,[0.72910271 0.66119871],1,-1,-1,-1,0
726,[0.19418891 0.23562525],2,-1,-1,-1,-1
727,[0.76246203 0.7339064 ],1,4,"[0.7726811996944247, 0.7249303226766757]",468,0
728,[0.52196714 0.6237116 ],9,-1,-1,1143,-1
729,[0.67386935 0.57108369],9,-1,-1,542,-1
730,[0.29425529 0.39386992],6,8,"[0.27392971195344684, 0.45973140540928376]",1067,-1
731,[0.18447874 0.21569753],0,-1,-1,-1,-1
732,[0.47524363 0.70069766],5,-1,-1,-1,-1
733,[0.44479448 0.47635619],5,-1,-1,547,-1
734,[0.23655725 0.15991203],0,-1,-1,-1,-1
735,[0.49406477 0.61773659],5,-1,-1,918,-1
736,[0.75037463 0.31565   ],8,-1,-1,-1,-1
737,[0.47679048 0.50892065],5,6,"[0.5164739970238864, 0.5319253761973344]",-1,-1
738,[0.63032008 0.52665681],9,-1,-1,864,-1
739,[0.31612094 0.21815818],0,9,"[0.3110394802231661, 0.23517199738277297]",-1,-1
740,[0.23606489 0.27126982],0,5,"[0.23231087327800656, 0.30304944505444303]",1363,-1
741,[0.37851891 0.40089335],7,1,"[0.3897435781344088, 0.3417040596068965]",722,-1
742,[0.28592781 0.33068999],6,5,"[0.23231087327800656, 0.30304944505444303]",-1,-1
743,[0.21444727 0.21937821],0,-1,-1,-1,-1
744,[0.37918341 0.54687226],3,0,"[0.383291892093257, 0.5586820702346661]",1805,-1
745,[0.41821276 0.61729304],3,0,"[0.383291892093257, 0.5586820702346661]",1474,-1
746,[0.55568861 0.6491303 ],9,2,"[0.5921204552873188, 0.6383928111301557]",1212,-1
747,[0.3011022  0.36845211],2,-1,-1,1594,-1
748,[0.64197241 0.65508379],9,2,"[0.5921204552873188, 0.6383928111301557]",-1,-1
749,[0.27597582 0.54328051],4,7,"[0.2817018170798153, 0.5849768676672948]",-1,-1
750,[0.35812219 0.37040216],6,1,"[0.3897435781344088, 0.3417040596068965]",1079,-1
751,[0.66059929 0.35056002],8,-1,-1,-1,-1
752,[0.75245062 0.74237437],1,4,"[0.7726811996944247, 0.7249303226766757]",451,0
753,[0.23924665 0.31949839],0,5,"[0.23231087327800656, 0.30304944505444303]",1494,-1
754,[0.74494546 0.75988098],1,4,"[0.7726811996944247, 0.7249303226766757]",418,0
755,[0.59738111 0.58434234],9,2,"[0.5921204552873188, 0.6383928111301557]",1326,5
756,[0.61971902 0.48731345],8,3,"[0.6815204869410737, 0.47689852788858716]",789,-1
757,[0.70080688 0.69435278],1,-1,-1,335,0
758,[0.44345558 0.30462093],6,1,"[0.3897435781344088, 0.3417040596068965]",492,-1
759,[0.44406259 0.54326506],3,0,"[0.383291892093257, 0.5586820702346661]",1249,-1
760,[0.32473559 0.33257423],2,1,"[0.3897435781344088, 0.3417040596068965]",1613,-1
761,[0.59711593 0.54666618],5,-1,-1,1292,-1
762,[0.30002968 0.19800297],0,9,"[0.3110394802231661, 0.23517199738277297]",425,-1
763,[0.31065253 0.33931657],0,-1,-1,-1,8
764,[0.27989883 0.59642811],3,7,"[0.2817018170798153, 0.5849768676672948]",-1,-1
765,[0.4126777 0.3967192],6,1,"[0.3897435781344088, 0.3417040596068965]",758,-1
766,[0.70079824 0.4910992 ],8,3,"[0.6815204869410737, 0.47689852788858716]",831,2
767,[0.6582589  0.71805721],9,-1,-1,253,-1
768,[0.35809205 0.54296243],4,0,"[0.383291892093257, 0.5586820702346661]",-1,-1
769,[0.53416648 0.62974767],5,2,"[0.5921204552873188, 0.6383928111301557]",1141,-1
770,[0.80098265 0.68672552],1,4,"[0.7726811996944247, 0.7249303226766757]",354,0
771,[0.39714145 0.31789573],6,1,"[0.3897435781344088, 0.3417040596068965]",-1,-1
772,[0.43686605 0.56706234],5,0,"[0.383291892093257, 0.5586820702346661]",-1,-1
773,[0.3744591  0.60502143],4,0,"[0.383291892093257, 0.5586820702346661]",1755,-1
774,[0.28424162 0.37028518],2,-1,-1,-1,-1
775,[0.82082163 0.70523387],1,4,"[0.7726811996944247, 0.7249303226766757]",-1,0
776,[0.56220574 0.54996377],5,6,"[0.5164739970238864, 0.5319253761973344]",1405,-1
777,[0.88856069 0.75616001],1,-1,-1,-1,-1
778,[0.57037094 0.70199692],5,2,"[0.5921204552873188, 0.6383928111301557]",511,-1
779,[0.56590604 0.43930907],8,-1,-1,-1,-1
780,[0.29630979 0.29425812],0,9,"[0.3110394802231661, 0.23517199738277297]",-1,11
781,[0.72549939 0.79937055],1,-1,-1,90,0
782,[0.32780667 0.43665779],7,8,"[0.27392971195344684, 0.45973140540928376]",940,-1
783,[0.41873214 0.57561094],3,0,"[0.383291892093257, 0.5586820702346661]",-1,-1
784,[0.34355602 0.32492863],0,1,"[0.3897435781344088, 0.3417040596068965]",1575,-1
785,[0.62003403 0.72244826],9,-1,-1,212,-1
786,[0.68528873 0.43641809],8,3,"[0.6815204869410737, 0.47689852788858716]",-1,-1
787,[0.45823699 0.62723329],4,-1,-1,-1,-1
788,[0.66942482 0.58858255],8,-1,-1,-1,-1
789,[0.36054768 0.45810636],4,-1,-1,860,-1
790,[0.23268149 0.27791117],0,5,"[0.23231087327800656, 0.30304944505444303]",1531,-1
791,[0.30824399 0.2164578 ],0,9,"[0.3110394802231661, 0.23517199738277297]",-1,-1
792,[0.36643631 0.31275977],6,1,"[0.3897435781344088, 0.3417040596068965]",-1,-1
793,[0.53876768 0.68331705],9,2,"[0.5921204552873188, 0.6383928111301557]",-1,-1
794,[0.49075662 0.6522269 ],5,-1,-1,-1,-1
795,[0.25381622 0.32106801],2,5,"[0.23231087327800656, 0.30304944505444303]",1501,7
796,[0.63336015 0.55921911],8,-1,-1,1104,-1
797,[0.40998465 0.2911475 ],6,1,"[0.3897435781344088, 0.3417040596068965]",923,-1
798,[0.72730111 0.55882497],9,-1,-1,-1,-1
799,[0.25708928 0.27047101],2,5,"[0.23231087327800656, 0.30304944505444303]",1548,-1
800,[0.64501859 0.71783183],1,-1,-1,-1,-1
801,[0.22501533 0.46757489],4,8,"[0.27392971195344684, 0.45973140540928376]",724,-1
802,[0.60061865 0.49520587],9,-1,-1,-1,-1
803,[0.29113006 0.29186472],6,5,"[0.23231087327800656, 0.30304944505444303]",1689,11
804,[0.82916269 0.68449038],1,4,"[0.7726811996944247, 0.7249303226766757]",-1,0
805,[0.33461794 0.35659478],6,1,"[0.3897435781344088, 0.3417040596068965]",1367,-1
806,[0.74477807 0.43037202],8,-1,-1,-1,-1
807,[0.58157217 0.74840566],9,-1,-1,-1,-1
808,[0.26976787 0.32555815],0,5,"[0.23231087327800656, 0.30304944505444303]",1585,-1
809,[0.40913831 0.54223679],3,0,"[0.383291892093257, 0.5586820702346661]",-1,-1
810,[0.34785269 0.38898522],2,1,"[0.3897435781344088, 0.3417040596068965]",994,-1
811,[0.38851014 0.57601171],7,0,"[0.383291892093257, 0.5586820702346661]",1771,-1
812,[0.36905079 0.30897765],6,1,"[0.3897435781344088, 0.3417040596068965]",1472,-1
813,[0.27861748 0.55704822],7,7,"[0.2817018170798153, 0.5849768676672948]",-1,13
814,[0.78067639 0.65337209],1,-1,-1,-1,0
815,[0.54467078 0.71107024],5,-1,-1,-1,-1
816,[0.68261275 0.52260651],9,3,"[0.6815204869410737, 0.47689852788858716]",-1,-1
817,[0.29975931 0.38581927],7,-1,-1,1208,-1
818,[0.4540468  0.58096007],5,-1,-1,1223,4
819,[0.79845995 0.69638677],1,4,"[0.7726811996944247, 0.7249303226766757]",353,0
820,[0.7729143  0.77054404],1,4,"[0.7726811996944247, 0.7249303226766757]",410,0
821,[0.31012031 0.54368512],4,7,"[0.2817018170798153, 0.5849768676672948]",1986,17
822,[0.49832468 0.48787721],5,6,"[0.5164739970238864, 0.5319253761973344]",-1,-1
823,[0.78003202 0.73244932],1,4,"[0.7726811996944247, 0.7249303226766757]",470,0
824,[0.21769014 0.40064507],7,-1,-1,502,-1
825,[0.31101414 0.24855365],0,9,"[0.3110394802231661, 0.23517199738277297]",1499,-1
826,[0.58267281 0.61177378],9,2,"[0.5921204552873188, 0.6383928111301557]",-1,6
827,[0.26801623 0.30256149],0,5,"[0.23231087327800656, 0.30304944505444303]",1656,-1
828,[0.31061812 0.43344787],0,8,"[0.27392971195344684, 0.45973140540928376]",1081,-1
829,[0.32911211 0.64072066],4,-1,-1,886,-1
830,[0.29607113 0.28378544],2,9,"[0.3110394802231661, 0.23517199738277297]",1554,-1
831,[0.26693621 0.51725185],7,8,"[0.27392971195344684, 0.45973140540928376]",1582,-1
832,[0.75530134 0.71157362],1,4,"[0.7726811996944247, 0.7249303226766757]",-1,0
833,[0.33344222 0.36253625],6,1,"[0.3897435781344088, 0.3417040596068965]",1367,-1
834,[0.7185412  0.73257952],1,4,"[0.7726811996944247, 0.7249303226766757]",381,0
835,[0.40354155 0.61948341],3,0,"[0.383291892093257, 0.5586820702346661]",1577,-1
836,[0.2394081  0.54056651],7,7,"[0.2817018170798153, 0.5849768676672948]",1480,-1
837,[0.67739144 0.8036406 ],1,-1,-1,-1,-1
838,[0.35637765 0.56015217],3,0,"[0.383291892093257, 0.5586820702346661]",1952,-1
839,[0.52391848 0.51073141],5,6,"[0.5164739970238864, 0.5319253761973344]",1176,-1
840,[0.50203679 0.54534786],5,6,"[0.5164739970238864, 0.5319253761973344]",1186,-1
841,[0.29262704 0.61885237],4,7,"[0.2817018170798153, 0.5849768676672948]",-1,-1
842,[0.28930322 0.1756687 ],0,9,"[0.3110394802231661, 0.23517199738277297]",425,-1
843,[0.38646395 0.58383112],4,0,"[0.383291892093257, 0.5586820702346661]",1826,-1
844,[0.29068575 0.60055332],4,7,"[0.2817018170798153, 0.5849768676672948]",1693,-1
845,[0.23418561 0.27126283],0,5,"[0.23231087327800656, 0.30304944505444303]",1363,-1
846,[0.20388633 0.38959072],2,-1,-1,193,-1
847,[0.25712282 0.42544132],2,8,"[0.27392971195344684, 0.45973140540928376]",692,-1
848,[0.79147746 0.79461853],1,-1,-1,318,0
849,[0.60992933 0.68236771],5,2,"[0.5921204552873188, 0.6383928111301557]",658,-1
850,[0.54579501 0.58473367],5,6,"[0.5164739970238864, 0.5319253761973344]",1432,6
851,[0.36960535 0.46936547],3,-1,-1,1055,-1
852,[0.72152518 0.649268  ],1,-1,-1,237,0
853,[0.21563787 0.43409612],7,8,"[0.27392971195344684, 0.45973140540928376]",-1,-1
854,[0.85375874 0.70997344],1,-1,-1,313,0
855,[0.66415759 0.50198189],9,3,"[0.6815204869410737, 0.47689852788858716]",-1,-1
856,[0.29254511 0.32392325],0,5,"[0.23231087327800656, 0.30304944505444303]",1621,-1
857,[0.64347873 0.33850121],8,-1,-1,13,-1
858,[0.61689652 0.50659705],8,-1,-1,-1,-1
859,[0.72605448 0.75342401],1,4,"[0.7726811996944247, 0.7249303226766757]",422,0
860,[0.24953348 0.29504237],6,5,"[0.23231087327800656, 0.30304944505444303]",-1,-1
861,[0.21396825 0.37446082],0,-1,-1,-1,-1
862,[0.41502569 0.49199352],3,-1,-1,1058,-1
863,[0.31845532 0.52406711],4,-1,-1,-1,-1
864,[0.54519441 0.5568832 ],5,6,"[0.5164739970238864, 0.5319253761973344]",1406,6
865,[0.30521406 0.31204809],0,-1,-1,1648,-1
866,[0.36521815 0.58991232],4,0,"[0.383291892093257, 0.5586820702346661]",-1,-1
867,[0.83754143 0.68791019],1,-1,-1,308,0
868,[0.54569215 0.53398993],5,6,"[0.5164739970238864, 0.5319253761973344]",1375,-1
869,[0.29831458 0.48357939],7,8,"[0.27392971195344684, 0.45973140540928376]",-1,-1
870,[0.56789472 0.55944475],9,6,"[0.5164739970238864, 0.5319253761973344]",1362,-1
871,[0.20147835 0.54859521],4,-1,-1,644,-1
872,[0.78885455 0.69544815],1,4,"[0.7726811996944247, 0.7249303226766757]",448,0
873,[0.34070643 0.50932678],7,0,"[0.383291892093257, 0.5586820702346661]",1880,-1
874,[0.28649791 0.25336305],2,9,"[0.3110394802231661, 0.23517199738277297]",1612,-1
875,[0.36661705 0.65895995],7,-1,-1,701,-1
876,[0.32229127 0.3173603 ],2,-1,-1,1673,10
877,[0.18300463 0.46336481],7,-1,-1,210,-1
878,[0.49439596 0.19801207],6,-1,-1,-1,-1
879,[0.67861161 0.78515914],1,-1,-1,-1,-1
880,[0.64184576 0.57349407],5,-1,-1,810,-1
881,[0.53276078 0.57266992],9,6,"[0.5164739970238864, 0.5319253761973344]",1371,-1
882,[0.35580289 0.54412925],3,0,"[0.383291892093257, 0.5586820702346661]",-1,-1
883,[0.667329   0.44393886],8,3,"[0.6815204869410737, 0.47689852788858716]",732,-1
884,[0.37926716 0.57255848],3,0,"[0.383291892093257, 0.5586820702346661]",-1,-1
885,[0.35912964 0.58702746],3,0,"[0.383291892093257, 0.5586820702346661]",-1,12
886,[0.32962876 0.5544312 ],3,0,"[0.383291892093257, 0.5586820702346661]",-1,17
887,[0.32270201 0.45386102],3,8,"[0.27392971195344684, 0.45973140540928376]",-1,-1
888,[0.271892   0.22437779],0,9,"[0.3110394802231661, 0.23517199738277297]",1334,-1
889,[0.28091873 0.52053034],7,8,"[0.27392971195344684, 0.45973140540928376]",1886,14
890,[0.76365334 0.41300233],8,-1,-1,-1,-1
891,[0.48800715 0.50512635],5,6,"[0.5164739970238864, 0.5319253761973344]",-1,-1
892,[0.31854143 0.30011629],6,9,"[0.3110394802231661, 0.23517199738277297]",1647,-1
893,[0.69076067 0.60759124],9,-1,-1,267,-1
894,[0.38528258 0.60430594],4,0,"[0.383291892093257, 0.5586820702346661]",1753,-1
895,[0.54249814 0.74476379],9,-1,-1,-1,-1
896,[0.39479647 0.199983  ],6,-1,-1,-1,-1
897,[0.50380709 0.50096481],5,6,"[0.5164739970238864, 0.5319253761973344]",725,-1
898,[0.32289571 0.25754706],0,9,"[0.3110394802231661, 0.23517199738277297]",1484,-1
899,[0.26058308 0.55641845],4,7,"[0.2817018170798153, 0.5849768676672948]",-1,-1
900,[0.25039032 0.10854997],2,-1,-1,-1,-1
901,[0.2584252  0.54386161],7,7,"[0.2817018170798153, 0.5849768676672948]",1559,-1
902,[0.55404228 0.58627681],5,2,"[0.5921204552873188, 0.6383928111301557]",1431,6
903,[0.37659362 0.53847688],3,0,"[0.383291892093257, 0.5586820702346661]",1813,-1
904,[0.83453353 0.83147296],1,-1,-1,-1,-1
905,[0.40155924 0.38765586],6,1,"[0.3897435781344088, 0.3417040596068965]",762,-1
906,[0.74186193 0.72553413],1,4,"[0.7726811996944247, 0.7249303226766757]",411,0
907,[0.71537483 0.6946645 ],1,4,"[0.7726811996944247, 0.7249303226766757]",393,0
908,[0.58923572 0.50155846],5,-1,-1,841,-1
909,[0.45873306 0.5932058 ],3,-1,-1,-1,4
910,[0.30585574 0.27761379],0,9,"[0.3110394802231661, 0.23517199738277297]",-1,-1
911,[0.24183023 0.311265  ],0,5,"[0.23231087327800656, 0.30304944505444303]",1567,-1
912,[0.31973989 0.24218297],2,9,"[0.3110394802231661, 0.23517199738277297]",1490,-1
913,[0.61899545 0.6034902 ],8,2,"[0.5921204552873188, 0.6383928111301557]",1200,-1
914,[0.34758987 0.37444042],2,1,"[0.3897435781344088, 0.3417040596068965]",-1,-1
915,[0.24315629 0.47952998],7,8,"[0.27392971195344684, 0.45973140540928376]",-1,-1
916,[0.33631916 0.43488093],4,8,"[0.27392971195344684, 0.45973140540928376]",-1,-1
917,[0.28422465 0.59514023],3,7,"[0.2817018170798153, 0.5849768676672948]",-1,-1
918,[0.40363157 0.63443348],3,-1,-1,-1,-1
919,[0.23718277 0.33216274],0,5,"[0.23231087327800656, 0.30304944505444303]",-1,-1
920,[0.50671501 0.63934441],9,-1,-1,-1,-1
921,[0.23197011 0.39696926],2,-1,-1,-1,-1
922,[0.51377161 0.43427472],8,-1,-1,-1,-1
923,[0.25180949 0.43364934],7,8,"[0.27392971195344684, 0.45973140540928376]",-1,-1
924,[0.66467065 0.66562603],9,-1,-1,638,-1
925,[0.40717278 0.55027314],7,0,"[0.383291892093257, 0.5586820702346661]",-1,-1
926,[0.43172033 0.2943331 ],6,1,"[0.3897435781344088, 0.3417040596068965]",-1,-1
927,[0.48801484 0.52808065],5,6,"[0.5164739970238864, 0.5319253761973344]",-1,-1
928,[0.35973514 0.53064716],3,0,"[0.383291892093257, 0.5586820702346661]",1935,-1
929,[0.38901407 0.57725761],4,0,"[0.383291892093257, 0.5586820702346661]",-1,-1
930,[0.5745653  0.58212463],5,2,"[0.5921204552873188, 0.6383928111301557]",1453,6
931,[0.3285306  0.23406506],2,9,"[0.3110394802231661, 0.23517199738277297]",1001,-1
932,[0.3839988  0.52331124],3,0,"[0.383291892093257, 0.5586820702346661]",1777,-1
933,[0.45644357 0.33891128],0,1,"[0.3897435781344088, 0.3417040596068965]",-1,-1
934,[0.72836673 0.84457822],1,-1,-1,31,-1
935,[0.51360072 0.66832623],9,-1,-1,-1,-1
936,[0.31443749 0.2649102 ],0,9,"[0.3110394802231661, 0.23517199738277297]",1508,-1
937,[0.41664519 0.47127197],5,-1,-1,716,-1
938,[0.19309619 0.3116285 ],0,5,"[0.23231087327800656, 0.30304944505444303]",-1,-1
939,[0.25098955 0.30979169],2,5,"[0.23231087327800656, 0.30304944505444303]",-1,-1
940,[0.37700796 0.30080064],6,1,"[0.3897435781344088, 0.3417040596068965]",-1,-1
941,[0.37619561 0.51056831],4,0,"[0.383291892093257, 0.5586820702346661]",1764,-1
942,[0.67900218 0.47761916],8,3,"[0.6815204869410737, 0.47689852788858716]",814,2
943,[0.2663552  0.28134353],2,5,"[0.23231087327800656, 0.30304944505444303]",-1,-1
944,[0.31340871 0.32139321],2,-1,-1,1672,-1
945,[0.73537215 0.63319604],9,-1,-1,184,0
946,[0.40723491 0.56424934],3,0,"[0.383291892093257, 0.5586820702346661]",1692,-1
947,[0.72319949 0.70455677],1,4,"[0.7726811996944247, 0.7249303226766757]",350,0
948,[0.54839823 0.68850302],5,2,"[0.5921204552873188, 0.6383928111301557]",631,-1
949,[0.23294744 0.38322814],2,-1,-1,912,-1
950,[0.44562798 0.58332488],3,0,"[0.383291892093257, 0.5586820702346661]",-1,-1
951,[0.27312869 0.22522412],0,9,"[0.3110394802231661, 0.23517199738277297]",1334,-1
952,[0.44067944 0.36957645],6,1,"[0.3897435781344088, 0.3417040596068965]",553,-1
953,[0.49510897 0.34529314],6,-1,-1,-1,-1
954,[0.34887486 0.33165524],2,1,"[0.3897435781344088, 0.3417040596068965]",1414,-1
955,[0.54646457 0.50854095],5,6,"[0.5164739970238864, 0.5319253761973344]",906,-1
956,[0.26650709 0.30005194],0,5,"[0.23231087327800656, 0.30304944505444303]",-1,-1
957,[0.29558487 0.34331176],6,-1,-1,1619,-1
958,[0.34285503 0.37388304],2,1,"[0.3897435781344088, 0.3417040596068965]",-1,-1
959,[0.66569769 0.46181315],8,3,"[0.6815204869410737, 0.47689852788858716]",797,-1
960,[0.3773455  0.60589241],3,0,"[0.383291892093257, 0.5586820702346661]",1755,-1
961,[0.33606864 0.30871596],6,1,"[0.3897435781344088, 0.3417040596068965]",1680,-1
962,[0.34374149 0.56508561],4,0,"[0.383291892093257, 0.5586820702346661]",1902,-1
963,[0.42059565 0.28291876],6,1,"[0.3897435781344088, 0.3417040596068965]",765,-1
964,[0.72873078 0.73621952],1,4,"[0.7726811996944247, 0.7249303226766757]",381,0
965,[0.31511925 0.55566424],7,7,"[0.2817018170798153, 0.5849768676672948]",1981,-1
966,[0.56179378 0.58963913],5,2,"[0.5921204552873188, 0.6383928111301557]",-1,-1
967,[0.65032475 0.66990871],9,2,"[0.5921204552873188, 0.6383928111301557]",641,-1
968,[0.45312791 0.57437995],3,-1,-1,1222,-1
969,[0.70914117 0.46827044],8,3,"[0.6815204869410737, 0.47689852788858716]",-1,-1
970,[0.29172245 0.46576684],3,8,"[0.27392971195344684, 0.45973140540928376]",-1,-1
971,[0.75788002 0.60499617],1,-1,-1,-1,-1
972,[0.35341096 0.5160253 ],4,0,"[0.383291892093257, 0.5586820702346661]",1926,-1
973,[0.23298994 0.27983506],0,5,"[0.23231087327800656, 0.30304944505444303]",1531,-1
974,[0.25291779 0.29159179],0,5,"[0.23231087327800656, 0.30304944505444303]",-1,-1
975,[0.23590444 0.48048806],7,8,"[0.27392971195344684, 0.45973140540928376]",-1,-1
976,[0.51079164 0.46544756],5,6,"[0.5164739970238864, 0.5319253761973344]",-1,-1
977,[0.50008663 0.55663266],5,6,"[0.5164739970238864, 0.5319253761973344]",1185,-1
978,[0.25047552 0.41189314],2,8,"[0.27392971195344684, 0.45973140540928376]",700,-1
979,[0.59672736 0.5770404 ],9,2,"[0.5921204552873188, 0.6383928111301557]",1326,5
980,[0.60259737 0.51545315],8,-1,-1,-1,-1
981,[0.32724613 0.46173877],3,8,"[0.27392971195344684, 0.45973140540928376]",-1,-1
982,[0.55518575 0.59474558],5,2,"[0.5921204552873188, 0.6383928111301557]",-1,6
983,[0.55162467 0.60467495],5,2,"[0.5921204552873188, 0.6383928111301557]",-1,-1
984,[0.2103224  0.51891764],4,-1,-1,1090,-1
985,[0.21196279 0.52024948],7,-1,-1,1090,-1
986,[0.57284239 0.49255561],5,6,"[0.5164739970238864, 0.5319253761973344]",847,-1
987,[0.50192351 0.56516222],5,6,"[0.5164739970238864, 0.5319253761973344]",1322,-1
988,[0.36295611 0.58652614],3,0,"[0.383291892093257, 0.5586820702346661]",1847,12
989,[0.37974173 0.2838731 ],6,1,"[0.3897435781344088, 0.3417040596068965]",1027,-1
990,[0.28826037 0.49351292],7,8,"[0.27392971195344684, 0.45973140540928376]",-1,-1
991,[0.23795946 0.46637653],7,8,"[0.27392971195344684, 0.45973140540928376]",-1,-1
992,[0.37295439 0.70269636],5,-1,-1,-1,-1
993,[0.76557469 0.49457714],8,-1,-1,190,-1
994,[0.86140007 0.61590571],1,-1,-1,11,-1
995,[0.42984223 0.56918873],3,0,"[0.383291892093257, 0.5586820702346661]",-1,-1
996,[0.69002186 0.52953202],8,3,"[0.6815204869410737, 0.47689852788858716]",-1,-1
997,[0.38743069 0.49830337],4,0,"[0.383291892093257, 0.5586820702346661]",1448,-1
998,[0.51579245 0.66582443],9,-1,-1,-1,-1
999,[0.26722461 0.34588848],2,5,"[0.23231087327800656, 0.30304944505444303]",-1,-1
1000,[0.48099883 0.528381  ],9,6,"[0.5164739970238864, 0.5319253761973344]",960,-1
1001,[0.25596404 0.26507558],0,5,"[0.23231087327800656, 0.30304944505444303]",-1,-1
1002,[0.33643691 0.57178652],3,0,"[0.383291892093257, 0.5586820702346661]",1979,-1
1003,[0.3575357  0.54337514],3,0,"[0.383291892093257, 0.5586820702346661]",-1,-1
1004,[0.18379884 0.2510207 ],0,-1,-1,676,-1
1005,[0.68478367 0.47901953],8,3,"[0.6815204869410737, 0.47689852788858716]",814,-1
1006,[0.43148709 0.60355132],3,0,"[0.383291892093257, 0.5586820702346661]",1574,-1
1007,[0.85183757 0.72727291],1,-1,-1,-1,0
1008,[0.36778447 0.23478891],6,9,"[0.3110394802231661, 0.23517199738277297]",-1,-1
1009,[0.72478847 0.59701789],9,-1,-1,-1,-1
1010,[0.47729799 0.60799074],5,-1,-1,737,-1
1011,[0.33876151 0.26893694],6,9,"[0.3110394802231661, 0.23517199738277297]",-1,-1
1012,[0.32858607 0.6055374 ],4,7,"[0.2817018170798153, 0.5849768676672948]",1544,-1
1013,[0.47445119 0.59352046],5,-1,-1,-1,-1
1014,[0.52068047 0.58260208],5,6,"[0.5164739970238864, 0.5319253761973344]",-1,6
1015,[0.6590934  0.72421398],9,-1,-1,-1,-1
1016,[0.55742115 0.64269276],9,2,"[0.5921204552873188, 0.6383928111301557]",-1,-1
1017,[0.3050723  0.17978111],0,9,"[0.3110394802231661, 0.23517199738277297]",-1,-1
1018,[0.61082619 0.55632776],5,-1,-1,-1,-1
1019,[0.3883523  0.30017036],6,1,"[0.3897435781344088, 0.3417040596068965]",-1,-1
1020,[0.42225335 0.30563093],6,1,"[0.3897435781344088, 0.3417040596068965]",977,-1
1021,[0.57034186 0.62435697],9,2,"[0.5921204552873188, 0.6383928111301557]",1285,-1
1022,[0.55677481 0.55641807],5,6,"[0.5164739970238864, 0.5319253761973344]",1403,-1
1023,[0.14548335 0.3068826 ],0,-1,-1,-1,-1
1024,[0.35428481 0.40215042],2,-1,-1,905,-1
1025,[0.40396856 0.26170189],6,-1,-1,842,-1
1026,[0.34592268 0.53122372],3,0,"[0.383291892093257, 0.5586820702346661]",1946,-1
1027,[0.16793757 0.4667315 ],2,-1,-1,-1,-1
1028,[0.56205639 0.67212791],5,2,"[0.5921204552873188, 0.6383928111301557]",769,-1
1029,[0.3786826  0.36085328],6,1,"[0.3897435781344088, 0.3417040596068965]",1060,-1
1030,[0.55434573 0.62753566],9,2,"[0.5921204552873188, 0.6383928111301557]",-1,6
1031,[0.29024667 0.48064174],3,8,"[0.27392971195344684, 0.45973140540928376]",-1,-1
1032,[0.52265111 0.46290277],5,6,"[0.5164739970238864, 0.5319253761973344]",602,-1
1033,[0.74974645 0.69174654],1,4,"[0.7726811996944247, 0.7249303226766757]",-1,0
1034,[0.30322276 0.60596029],4,7,"[0.2817018170798153, 0.5849768676672948]",-1,-1
1035,[0.1848497  0.36968172],2,-1,-1,-1,-1
1036,[0.34699732 0.58057596],3,0,"[0.383291892093257, 0.5586820702346661]",1842,-1
1037,[0.78667158 0.66029711],1,4,"[0.7726811996944247, 0.7249303226766757]",326,0
1038,[0.220167   0.24581315],2,5,"[0.23231087327800656, 0.30304944505444303]",-1,-1
1039,[0.42347378 0.34321708],6,1,"[0.3897435781344088, 0.3417040596068965]",973,-1
1040,[0.77130234 0.70715518],1,4,"[0.7726811996944247, 0.7249303226766757]",-1,0
1041,[0.78315226 0.4056725 ],8,-1,-1,-1,-1
1042,[0.33214787 0.3133003 ],2,1,"[0.3897435781344088, 0.3417040596068965]",-1,10
1043,[0.3310482  0.51236463],3,0,"[0.383291892093257, 0.5586820702346661]",-1,-1
1044,[0.40862661 0.33711068],6,1,"[0.3897435781344088, 0.3417040596068965]",-1,-1
1045,[0.41362147 0.38350478],6,1,"[0.3897435781344088, 0.3417040596068965]",-1,-1
1046,[0.2675721  0.27756157],0,5,"[0.23231087327800656, 0.30304944505444303]",-1,-1
1047,[0.31448923 0.27545826],0,9,"[0.3110394802231661, 0.23517199738277297]",1506,-1
1048,[0.54821611 0.65018555],5,2,"[0.5921204552873188, 0.6383928111301557]",-1,-1
1049,[0.29520889 0.38557074],6,-1,-1,-1,-1
1050,[0.61034253 0.35637781],8,-1,-1,-1,-1
1051,[0.32372349 0.32869378],2,1,"[0.3897435781344088, 0.3417040596068965]",-1,-1
1052,[0.26885868 0.30034926],0,5,"[0.23231087327800656, 0.30304944505444303]",-1,-1
1053,[0.30209854 0.34419839],0,-1,-1,1626,8
1054,[0.40466665 0.24137616],6,-1,-1,-1,-1
1055,[0.48619138 0.45892526],5,-1,-1,279,-1
1056,[0.81614997 0.40417373],8,-1,-1,-1,-1
1057,[0.27581389 0.20386116],0,9,"[0.3110394802231661, 0.23517199738277297]",648,-1
1058,[0.30057155 0.18983224],0,9,"[0.3110394802231661, 0.23517199738277297]",425,-1
1059,[0.18155717 0.34069232],2,5,"[0.23231087327800656, 0.30304944505444303]",-1,-1
1060,[0.54228053 0.70896986],9,-1,-1,-1,-1
1061,[0.37362555 0.37980408],6,1,"[0.3897435781344088, 0.3417040596068965]",1006,-1
1062,[0.25695377 0.38468642],2,-1,-1,1221,-1
1063,[0.71583412 0.50553904],1,3,"[0.6815204869410737, 0.47689852788858716]",-1,-1
1064,[0.37127102 0.46185083],4,-1,-1,1055,-1
1065,[0.28246063 0.61815727],4,7,"[0.2817018170798153, 0.5849768676672948]",878,-1
1066,[0.81102071 0.71366496],1,4,"[0.7726811996944247, 0.7249303226766757]",-1,0
1067,[0.5380034  0.70145379],5,-1,-1,-1,-1
1068,[0.2804788  0.63462138],4,7,"[0.2817018170798153, 0.5849768676672948]",588,-1
1069,[0.39650347 0.64552198],3,-1,-1,589,-1
1070,[0.59774494 0.6173122 ],9,2,"[0.5921204552873188, 0.6383928111301557]",-1,-1
1071,[0.26022416 0.38735479],2,-1,-1,-1,-1
1072,[0.30128579 0.57969425],4,7,"[0.2817018170798153, 0.5849768676672948]",-1,-1
1073,[0.27664779 0.48873168],7,8,"[0.27392971195344684, 0.45973140540928376]",-1,-1
1074,[0.78669267 0.74232434],1,4,"[0.7726811996944247, 0.7249303226766757]",471,0
1075,[0.39846328 0.23002254],6,-1,-1,204,-1
1076,[0.51880694 0.54088335],9,6,"[0.5164739970238864, 0.5319253761973344]",1181,3
1077,[0.34615668 0.55974475],3,0,"[0.383291892093257, 0.5586820702346661]",-1,-1
1078,[0.44424516 0.5665148 ],3,0,"[0.383291892093257, 0.5586820702346661]",1281,-1
1079,[0.55146391 0.67665292],9,2,"[0.5921204552873188, 0.6383928111301557]",686,-1
1080,[0.23396313 0.29154064],6,5,"[0.23231087327800656, 0.30304944505444303]",-1,-1
1081,[0.61444556 0.53978345],5,-1,-1,-1,-1
1082,[0.4515651  0.16495658],6,-1,-1,-1,-1
1083,[0.19612996 0.20730869],0,-1,-1,227,-1
1084,[0.30586573 0.60116718],4,7,"[0.2817018170798153, 0.5849768676672948]",1820,-1
1085,[0.57488523 0.49479355],5,6,"[0.5164739970238864, 0.5319253761973344]",847,-1
1086,[0.63505106 0.35883305],8,-1,-1,25,-1
1087,[0.68272331 0.47231415],8,3,"[0.6815204869410737, 0.47689852788858716]",-1,2
1088,[0.42243723 0.65909122],5,-1,-1,183,-1
1089,[0.50709396 0.57706371],5,6,"[0.5164739970238864, 0.5319253761973344]",1381,6
1090,[0.30004631 0.3507358 ],0,-1,-1,1551,-1
1091,[0.36465792 0.44146375],7,-1,-1,-1,-1
1092,[0.40323792 0.29173374],6,1,"[0.3897435781344088, 0.3417040596068965]",-1,-1
1093,[0.31953585 0.57507177],4,7,"[0.2817018170798153, 0.5849768676672948]",1962,17
1094,[0.46748244 0.45588822],6,-1,-1,291,-1
1095,[0.7713478  0.64599399],1,-1,-1,-1,0
1096,[0.87774122 0.85724153],1,-1,-1,-1,-1
1097,[0.64207372 0.41260071],8,-1,-1,265,-1
1098,[0.3888218  0.27718471],6,1,"[0.3897435781344088, 0.3417040596068965]",-1,-1
1099,[0.41062927 0.65711324],3,-1,-1,-1,-1
1100,[0.52938792 0.74166882],9,-1,-1,-1,-1
1101,[0.64132571 0.52843067],8,3,"[0.6815204869410737, 0.47689852788858716]",861,-1
1102,[0.56135886 0.54363617],9,6,"[0.5164739970238864, 0.5319253761973344]",-1,6
1103,[0.48651905 0.42075572],5,-1,-1,-1,-1
1104,[0.18218187 0.29874673],0,5,"[0.23231087327800656, 0.30304944505444303]",-1,-1
1105,[0.67678295 0.66320547],9,-1,-1,482,-1
1106,[0.33417012 0.28406911],0,9,"[0.3110394802231661, 0.23517199738277297]",1652,-1
1107,[0.32810805 0.55179822],3,0,"[0.383291892093257, 0.5586820702346661]",1959,-1
1108,[0.70351246 0.61377202],9,-1,-1,276,-1
1109,[0.56748962 0.74397523],9,-1,-1,-1,-1
1110,[0.28063282 0.21855933],2,9,"[0.3110394802231661, 0.23517199738277297]",1355,-1
1111,[0.69191483 0.5098494 ],8,3,"[0.6815204869410737, 0.47689852788858716]",807,-1
1112,[0.41347552 0.53251866],6,0,"[0.383291892093257, 0.5586820702346661]",1244,-1
1113,[0.34340021 0.53895047],4,0,"[0.383291892093257, 0.5586820702346661]",1965,16
1114,[0.59987956 0.63801877],9,2,"[0.5921204552873188, 0.6383928111301557]",-1,-1
1115,[0.46354926 0.57059751],5,6,"[0.5164739970238864, 0.5319253761973344]",1231,-1
1116,[0.50201585 0.44587298],5,-1,-1,223,-1
1117,[0.37698182 0.30377262],6,1,"[0.3897435781344088, 0.3417040596068965]",-1,-1
1118,[0.22629014 0.60303379],7,7,"[0.2817018170798153, 0.5849768676672948]",-1,-1
1119,[0.26669181 0.49754339],7,8,"[0.27392971195344684, 0.45973140540928376]",1778,-1
1120,[0.32425449 0.58362904],3,7,"[0.2817018170798153, 0.5849768676672948]",-1,-1
1121,[0.52897304 0.4944332 ],5,6,"[0.5164739970238864, 0.5319253761973344]",1096,-1
1122,[0.79080804 0.84703093],1,-1,-1,21,-1
1123,[0.81307877 0.67616514],1,4,"[0.7726811996944247, 0.7249303226766757]",-1,0
1124,[0.41171884 0.58689628],5,0,"[0.383291892093257, 0.5586820702346661]",-1,-1
1125,[0.29602705 0.39641861],2,8,"[0.27392971195344684, 0.45973140540928376]",1067,-1
1126,[0.33607053 0.34812336],6,1,"[0.3897435781344088, 0.3417040596068965]",-1,-1
1127,[0.40214027 0.33067778],6,1,"[0.3897435781344088, 0.3417040596068965]",1000,-1
1128,[0.3063652 0.4341483],0,8,"[0.27392971195344684, 0.45973140540928376]",1081,-1
1129,[0.31564    0.44736913],4,8,"[0.27392971195344684, 0.45973140540928376]",-1,-1
1130,[0.33055611 0.63190324],4,7,"[0.2817018170798153, 0.5849768676672948]",-1,-1
1131,[0.66966684 0.39127136],8,-1,-1,241,-1
1132,[0.36942209 0.42450558],4,-1,-1,-1,-1
1133,[0.37672296 0.31944315],6,1,"[0.3897435781344088, 0.3417040596068965]",-1,-1
1134,[0.45959393 0.34927712],6,-1,-1,531,-1
1135,[0.36286634 0.61601282],4,0,"[0.383291892093257, 0.5586820702346661]",-1,-1
1136,[0.4553124  0.60084357],3,-1,-1,-1,-1
1137,[0.34102829 0.37429661],6,1,"[0.3897435781344088, 0.3417040596068965]",1349,-1
1138,[0.2736575  0.34049796],6,5,"[0.23231087327800656, 0.30304944505444303]",1608,-1
1139,[0.72372839 0.443225  ],8,3,"[0.6815204869410737, 0.47689852788858716]",-1,-1
1140,[0.29307099 0.7625958 ],4,-1,-1,-1,-1
1141,[0.81317106 0.79736093],1,-1,-1,177,0
1142,[0.57898906 0.48098456],8,-1,-1,772,-1
1143,[0.38639221 0.55242973],7,0,"[0.383291892093257, 0.5586820702346661]",-1,-1
1144,[0.36555482 0.51770784],5,0,"[0.383291892093257, 0.5586820702346661]",1900,-1
1145,[0.29864787 0.48313415],7,8,"[0.27392971195344684, 0.45973140540928376]",-1,-1
1146,[0.46646482 0.47786396],5,-1,-1,664,-1
1147,[0.79720417 0.74438688],1,4,"[0.7726811996944247, 0.7249303226766757]",450,0
1148,[0.8190783  0.72519137],1,4,"[0.7726811996944247, 0.7249303226766757]",456,0
1149,[0.36717788 0.31860741],6,1,"[0.3897435781344088, 0.3417040596068965]",1546,-1
1150,[0.20773911 0.59437552],4,-1,-1,181,-1
1151,[0.48224764 0.53935681],5,6,"[0.5164739970238864, 0.5319253761973344]",959,-1
1152,[0.38999643 0.4260984 ],4,-1,-1,-1,-1
1153,[0.44759569 0.60285039],5,-1,-1,-1,-1
1154,[0.84528092 0.82177243],1,-1,-1,-1,-1
1155,[0.26255534 0.3241127 ],0,5,"[0.23231087327800656, 0.30304944505444303]",1518,-1
1156,[0.76485252 0.58723645],1,-1,-1,57,-1
1157,[0.24933885 0.45291293],4,8,"[0.27392971195344684, 0.45973140540928376]",-1,-1
1158,[0.20376855 0.43111494],4,-1,-1,194,-1
1159,[0.77927191 0.73409946],1,4,"[0.7726811996944247, 0.7249303226766757]",470,0
1160,[0.22362204 0.32778169],0,5,"[0.23231087327800656, 0.30304944505444303]",1338,-1
1161,[0.47719245 0.34286998],6,-1,-1,529,-1
1162,[0.42633009 0.30168176],6,1,"[0.3897435781344088, 0.3417040596068965]",975,-1
1163,[0.86419911 0.68324114],1,-1,-1,81,-1
1164,[0.251613   0.16480448],0,-1,-1,148,-1
1165,[0.33705601 0.49745566],3,-1,-1,1880,-1
1166,[0.60895831 0.47850417],9,-1,-1,-1,-1
1167,[0.46280071 0.67716868],9,-1,-1,-1,-1
1168,[0.32538521 0.36305165],2,1,"[0.3897435781344088, 0.3417040596068965]",-1,-1
1169,[0.35058792 0.28084296],2,9,"[0.3110394802231661, 0.23517199738277297]",-1,-1
1170,[0.13777935 0.57060348],7,-1,-1,-1,-1
1171,[0.28882202 0.23881349],0,9,"[0.3110394802231661, 0.23517199738277297]",-1,-1
1172,[0.64635496 0.61998197],5,2,"[0.5921204552873188, 0.6383928111301557]",1072,-1
1173,[0.30511591 0.46019349],7,8,"[0.27392971195344684, 0.45973140540928376]",1732,-1
1174,[0.17425122 0.58007567],4,-1,-1,-1,-1
1175,[0.58452103 0.59070952],9,2,"[0.5921204552873188, 0.6383928111301557]",-1,-1
1176,[0.65598835 0.58278397],8,-1,-1,1014,-1
1177,[0.2609402  0.60211079],4,7,"[0.2817018170798153, 0.5849768676672948]",1646,-1
1178,[0.2375414  0.31795412],0,5,"[0.23231087327800656, 0.30304944505444303]",-1,-1
1179,[0.26750653 0.50799468],7,8,"[0.27392971195344684, 0.45973140540928376]",1789,-1
1180,[0.24705807 0.26447218],6,5,"[0.23231087327800656, 0.30304944505444303]",1310,-1
1181,[0.36864146 0.39244193],2,1,"[0.3897435781344088, 0.3417040596068965]",-1,-1
1182,[0.51734246 0.56775653],5,6,"[0.5164739970238864, 0.5319253761973344]",1379,-1
1183,[0.63858592 0.61723837],5,2,"[0.5921204552873188, 0.6383928111301557]",-1,-1
1184,[0.36014362 0.29507718],6,1,"[0.3897435781344088, 0.3417040596068965]",-1,-1
1185,[0.55579162 0.50849407],5,6,"[0.5164739970238864, 0.5319253761973344]",770,-1
1186,[0.35382887 0.5833381 ],3,0,"[0.383291892093257, 0.5586820702346661]",-1,-1
1187,[0.87154056 0.71706275],1,-1,-1,-1,0
1188,[0.25633213 0.15322276],0,-1,-1,140,-1
1189,[0.54396336 0.56143582],9,6,"[0.5164739970238864, 0.5319253761973344]",1406,6
1190,[0.24835828 0.39818257],2,8,"[0.27392971195344684, 0.45973140540928376]",649,-1
1191,[0.92392864 0.66975412],1,-1,-1,-1,-1
1192,[0.30997309 0.269585  ],2,9,"[0.3110394802231661, 0.23517199738277297]",-1,-1
1193,[0.30817305 0.54164662],7,7,"[0.2817018170798153, 0.5849768676672948]",-1,17
1194,[0.14625654 0.31245614],2,-1,-1,-1,-1
1195,[0.722913   0.51421612],8,3,"[0.6815204869410737, 0.47689852788858716]",-1,-1
1196,[0.6481136  0.48156148],8,3,"[0.6815204869410737, 0.47689852788858716]",-1,1
1197,[0.41825107 0.54449935],3,0,"[0.383291892093257, 0.5586820702346661]",1713,-1
1198,[0.27767365 0.60062402],3,7,"[0.2817018170798153, 0.5849768676672948]",1032,-1
1199,[0.6477445  0.65828498],9,2,"[0.5921204552873188, 0.6383928111301557]",643,-1
1200,[0.40126367 0.58162803],5,0,"[0.383291892093257, 0.5586820702346661]",1767,-1
1201,[0.77395424 0.72764053],1,4,"[0.7726811996944247, 0.7249303226766757]",469,0
1202,[0.35816653 0.54126673],3,0,"[0.383291892093257, 0.5586820702346661]",-1,-1
1203,[0.37395406 0.31171909],2,1,"[0.3897435781344088, 0.3417040596068965]",-1,-1
1204,[0.3203699  0.32874334],2,-1,-1,-1,-1
1205,[0.30696839 0.33295485],2,-1,-1,-1,8
1206,[0.32067985 0.2547747 ],0,9,"[0.3110394802231661, 0.23517199738277297]",-1,-1
1207,[0.28545137 0.2630108 ],0,9,"[0.3110394802231661, 0.23517199738277297]",-1,-1
1208,[0.25790991 0.58490776],3,7,"[0.2817018170798153, 0.5849768676672948]",1514,-1
1209,[0.48627837 0.32542602],6,-1,-1,-1,-1
1210,[0.54247231 0.58545276],5,6,"[0.5164739970238864, 0.5319253761973344]",1432,-1
1211,[0.68659707 0.58096432],8,-1,-1,-1,-1
1212,[0.53867847 0.56909777],5,6,"[0.5164739970238864, 0.5319253761973344]",-1,6
1213,[0.24078439 0.36760653],2,5,"[0.23231087327800656, 0.30304944505444303]",1149,-1
1214,[0.27247067 0.27371899],0,5,"[0.23231087327800656, 0.30304944505444303]",1636,11
1215,[0.26644195 0.46672503],7,8,"[0.27392971195344684, 0.45973140540928376]",1595,-1
1216,[0.3237522  0.46098936],7,8,"[0.27392971195344684, 0.45973140540928376]",1556,-1
1217,[0.40816844 0.49853293],3,0,"[0.383291892093257, 0.5586820702346661]",1456,-1
1218,[0.56009544 0.70404517],9,-1,-1,-1,-1
1219,[0.35213847 0.22529238],0,9,"[0.3110394802231661, 0.23517199738277297]",-1,-1
1220,[0.22012686 0.15076077],0,-1,-1,-1,-1
1221,[0.68905477 0.76524481],1,-1,-1,230,0
1222,[0.3939753  0.35922562],6,1,"[0.3897435781344088, 0.3417040596068965]",-1,-1
1223,[0.2960416  0.38198077],2,-1,-1,-1,-1
1224,[0.31953416 0.56218023],7,7,"[0.2817018170798153, 0.5849768676672948]",1977,-1
1225,[0.77013454 0.7124612 ],1,4,"[0.7726811996944247, 0.7249303226766757]",-1,0
1226,[0.29881731 0.42112091],2,8,"[0.27392971195344684, 0.45973140540928376]",1074,-1
1227,[0.64304186 0.59351405],9,2,"[0.5921204552873188, 0.6383928111301557]",1187,-1
1228,[0.91954785 0.69160462],1,-1,-1,-1,-1
1229,[0.29638754 0.38135216],0,-1,-1,1208,-1
1230,[0.49357963 0.45184781],9,-1,-1,-1,-1
1231,[0.75614364 0.73564277],1,4,"[0.7726811996944247, 0.7249303226766757]",468,0
1232,[0.320976   0.64310037],7,-1,-1,887,-1
1233,[0.45986239 0.58050293],5,-1,-1,1232,4
1234,[0.6563855  0.40410202],8,-1,-1,-1,-1
1235,[0.52997836 0.74670557],9,-1,-1,-1,-1
1236,[0.42018765 0.33466127],6,1,"[0.3897435781344088, 0.3417040596068965]",-1,-1
1237,[0.60340974 0.60272556],9,2,"[0.5921204552873188, 0.6383928111301557]",1328,-1
1238,[0.76353208 0.65144655],1,-1,-1,325,0
1239,[0.7543192  0.85965718],1,-1,-1,24,-1
1240,[0.36277541 0.50082918],3,0,"[0.383291892093257, 0.5586820702346661]",-1,-1
1241,[0.35568563 0.60224359],4,0,"[0.383291892093257, 0.5586820702346661]",1818,-1
1242,[0.89521345 0.70112648],1,-1,-1,-1,-1
1243,[0.31050978 0.32347464],6,-1,-1,1672,-1
1244,[0.41797154 0.53881466],5,0,"[0.383291892093257, 0.5586820702346661]",1713,-1
1245,[0.34809902 0.53794416],7,0,"[0.383291892093257, 0.5586820702346661]",1970,16
1246,[0.36651507 0.47656522],4,-1,-1,-1,-1
1247,[0.25278241 0.57354742],4,7,"[0.2817018170798153, 0.5849768676672948]",1563,-1
1248,[0.3160361  0.55473167],3,7,"[0.2817018170798153, 0.5849768676672948]",1981,17
1249,[0.14078858 0.42233621],2,-1,-1,-1,-1
1250,[0.3741474  0.58056598],3,0,"[0.383291892093257, 0.5586820702346661]",-1,12
1251,[0.8117568  0.70233929],1,4,"[0.7726811996944247, 0.7249303226766757]",-1,0
1252,[0.79127393 0.75965359],1,4,"[0.7726811996944247, 0.7249303226766757]",377,0
1253,[0.30660384 0.56580855],4,7,"[0.2817018170798153, 0.5849768676672948]",1925,-1
1254,[0.29436862 0.35911935],2,-1,-1,1479,-1
1255,[0.34812358 0.5151106 ],7,0,"[0.383291892093257, 0.5586820702346661]",1927,-1
1256,[0.32767675 0.54237412],4,0,"[0.383291892093257, 0.5586820702346661]",-1,-1
1257,[0.23220501 0.62547688],4,7,"[0.2817018170798153, 0.5849768676672948]",347,-1
1258,[0.25437088 0.2360079 ],2,9,"[0.3110394802231661, 0.23517199738277297]",-1,-1
1259,[0.30879482 0.60227593],4,7,"[0.2817018170798153, 0.5849768676672948]",1726,-1
1260,[0.43507729 0.57746174],5,0,"[0.383291892093257, 0.5586820702346661]",1167,-1
1261,[0.39722712 0.66342672],3,-1,-1,-1,-1
1262,[0.55099441 0.63543378],9,2,"[0.5921204552873188, 0.6383928111301557]",-1,-1
1263,[0.20768476 0.41083537],2,-1,-1,202,-1
1264,[0.32039516 0.58151899],4,7,"[0.2817018170798153, 0.5849768676672948]",1963,-1
1265,[0.73476442 0.42409655],8,-1,-1,317,-1
1266,[0.72302823 0.80901363],1,-1,-1,89,-1
1267,[0.24027876 0.53311686],7,7,"[0.2817018170798153, 0.5849768676672948]",1488,-1
1268,[0.79928298 0.65709204],1,-1,-1,-1,0
1269,[0.64776793 0.69699027],9,-1,-1,489,-1
1270,[0.20321483 0.27210997],0,5,"[0.23231087327800656, 0.30304944505444303]",1111,-1
1271,[0.66352675 0.49414707],8,3,"[0.6815204869410737, 0.47689852788858716]",-1,-1
1272,[0.42911719 0.62748088],7,-1,-1,483,-1
1273,[0.33081781 0.36305153],2,1,"[0.3897435781344088, 0.3417040596068965]",1367,-1
1274,[0.28107314 0.53683216],4,7,"[0.2817018170798153, 0.5849768676672948]",1894,14
1275,[0.27028466 0.27511406],2,5,"[0.23231087327800656, 0.30304944505444303]",-1,-1
1276,[0.37822334 0.57070556],3,0,"[0.383291892093257, 0.5586820702346661]",-1,-1
1277,[0.32720191 0.46328105],7,8,"[0.27392971195344684, 0.45973140540928376]",-1,-1
1278,[0.29957927 0.43845255],2,8,"[0.27392971195344684, 0.45973140540928376]",-1,-1
1279,[0.82535344 0.75943243],1,4,"[0.7726811996944247, 0.7249303226766757]",368,0
1280,[0.5898186  0.61966548],9,2,"[0.5921204552873188, 0.6383928111301557]",-1,6
1281,[0.2861379  0.43406382],7,8,"[0.27392971195344684, 0.45973140540928376]",1070,-1
1282,[0.67165057 0.52910254],8,3,"[0.6815204869410737, 0.47689852788858716]",-1,-1
1283,[0.40330364 0.52885268],3,0,"[0.383291892093257, 0.5586820702346661]",1641,-1
1284,[0.38858499 0.36884265],6,1,"[0.3897435781344088, 0.3417040596068965]",1064,-1
1285,[0.31487156 0.24772335],0,9,"[0.3110394802231661, 0.23517199738277297]",1499,-1
1286,[0.20330911 0.48030622],7,-1,-1,185,-1
1287,[0.35687782 0.18401115],0,9,"[0.3110394802231661, 0.23517199738277297]",58,-1
1288,[0.34509261 0.28565317],0,9,"[0.3110394802231661, 0.23517199738277297]",-1,-1
1289,[0.52624472 0.479879  ],5,6,"[0.5164739970238864, 0.5319253761973344]",926,-1
1290,[0.30519581 0.34712878],6,-1,-1,-1,8
1291,[0.2542457  0.24193784],2,9,"[0.3110394802231661, 0.23517199738277297]",-1,-1
1292,[0.19057206 0.47976142],7,-1,-1,-1,-1
1293,[0.44383108 0.48051598],3,-1,-1,547,-1
1294,[0.3629232  0.35615969],6,1,"[0.3897435781344088, 0.3417040596068965]",1245,-1
1295,[0.78493352 0.70581373],1,4,"[0.7726811996944247, 0.7249303226766757]",478,0
1296,[0.47896004 0.52255284],5,6,"[0.5164739970238864, 0.5319253761973344]",1002,-1
1297,[0.54796611 0.50874028],5,6,"[0.5164739970238864, 0.5319253761973344]",906,-1
1298,[0.25189373 0.47630358],7,8,"[0.27392971195344684, 0.45973140540928376]",1527,-1
1299,[0.63208315 0.47456014],8,3,"[0.6815204869410737, 0.47689852788858716]",-1,-1
1300,[0.33549655 0.48816282],4,8,"[0.27392971195344684, 0.45973140540928376]",-1,-1
1301,[0.58285673 0.61601301],9,2,"[0.5921204552873188, 0.6383928111301557]",1419,-1
1302,[0.59991022 0.58388071],9,2,"[0.5921204552873188, 0.6383928111301557]",1326,5
1303,[0.32219693 0.52719744],3,0,"[0.383291892093257, 0.5586820702346661]",1943,-1
1304,[0.34174226 0.60377362],3,0,"[0.383291892093257, 0.5586820702346661]",1861,-1
1305,[0.28752315 0.58629531],4,7,"[0.2817018170798153, 0.5849768676672948]",1810,-1
1306,[0.36708477 0.3334999 ],6,1,"[0.3897435781344088, 0.3417040596068965]",1535,-1
1307,[0.47793874 0.45339325],5,-1,-1,-1,-1
1308,[0.27520321 0.55379925],7,7,"[0.2817018170798153, 0.5849768676672948]",-1,-1
1309,[0.27990618 0.60395833],3,7,"[0.2817018170798153, 0.5849768676672948]",1032,-1
1310,[0.66639589 0.61865618],9,-1,-1,495,-1
1311,[0.75438012 0.70800138],1,4,"[0.7726811996944247, 0.7249303226766757]",463,0
1312,[0.28716622 0.23249058],0,9,"[0.3110394802231661, 0.23517199738277297]",-1,-1
1313,[0.58699224 0.62168423],9,2,"[0.5921204552873188, 0.6383928111301557]",-1,-1
1314,[0.27638351 0.25368864],6,9,"[0.3110394802231661, 0.23517199738277297]",-1,-1
1315,[0.31832683 0.4486944 ],7,8,"[0.27392971195344684, 0.45973140540928376]",-1,-1
1316,[0.3102262  0.64653442],4,7,"[0.2817018170798153, 0.5849768676672948]",590,-1
1317,[0.21965693 0.18822348],0,-1,-1,375,-1
1318,[0.77170737 0.74530054],1,4,"[0.7726811996944247, 0.7249303226766757]",430,0
1319,[0.42064743 0.41026287],6,-1,-1,-1,-1
1320,[0.38996466 0.37071022],6,1,"[0.3897435781344088, 0.3417040596068965]",1064,-1
1321,[0.81777605 0.75930803],1,4,"[0.7726811996944247, 0.7249303226766757]",405,0
1322,[0.75331199 0.84195454],1,-1,-1,31,-1
1323,[0.46681364 0.2651581 ],6,-1,-1,-1,-1
1324,[0.23887667 0.5270392 ],7,-1,-1,-1,-1
1325,[0.33403156 0.5798756 ],4,7,"[0.2817018170798153, 0.5849768676672948]",1980,-1
1326,[0.30986029 0.51726705],7,8,"[0.27392971195344684, 0.45973140540928376]",-1,15
1327,[0.34259119 0.66833718],4,-1,-1,298,-1
1328,[0.54906685 0.64841784],9,2,"[0.5921204552873188, 0.6383928111301557]",-1,-1
1329,[0.50364655 0.59549531],5,6,"[0.5164739970238864, 0.5319253761973344]",1063,-1
1330,[0.42628788 0.52697359],4,0,"[0.383291892093257, 0.5586820702346661]",-1,-1
1331,[0.28127579 0.65700329],4,-1,-1,187,-1
1332,[0.29821375 0.50570402],7,8,"[0.27392971195344684, 0.45973140540928376]",1889,-1
1333,[0.71162978 0.53181382],8,3,"[0.6815204869410737, 0.47689852788858716]",516,-1
1334,[0.64807237 0.41075137],8,-1,-1,521,-1
1335,[0.68257803 0.79630568],1,-1,-1,-1,-1
1336,[0.23482652 0.16051387],0,-1,-1,-1,-1
1337,[0.39884925 0.27532183],6,1,"[0.3897435781344088, 0.3417040596068965]",-1,-1
1338,[0.31410557 0.49243316],7,8,"[0.27392971195344684, 0.45973140540928376]",1872,-1
1339,[0.21822043 0.30020452],0,5,"[0.23231087327800656, 0.30304944505444303]",-1,-1
1340,[0.34812182 0.390161  ],2,1,"[0.3897435781344088, 0.3417040596068965]",994,-1
1341,[0.3647789 0.6424591],4,-1,-1,-1,-1
1342,[0.23061622 0.35410385],2,5,"[0.23231087327800656, 0.30304944505444303]",1129,-1
1343,[0.23483728 0.40122896],2,-1,-1,-1,-1
1344,[0.56519255 0.69899515],9,2,"[0.5921204552873188, 0.6383928111301557]",-1,-1
1345,[0.42012435 0.5486351 ],4,0,"[0.383291892093257, 0.5586820702346661]",1714,-1
1346,[0.67955395 0.45644549],8,3,"[0.6815204869410737, 0.47689852788858716]",735,-1
1347,[0.26367655 0.20380293],0,9,"[0.3110394802231661, 0.23517199738277297]",-1,-1
1348,[0.28376071 0.40348166],4,8,"[0.27392971195344684, 0.45973140540928376]",748,-1
1349,[0.30605813 0.49875758],3,8,"[0.27392971195344684, 0.45973140540928376]",1888,-1
1350,[0.36487947 0.29441915],6,1,"[0.3897435781344088, 0.3417040596068965]",1542,-1
1351,[0.79151383 0.67284836],1,4,"[0.7726811996944247, 0.7249303226766757]",396,0
1352,[0.67665283 0.42556859],8,3,"[0.6815204869410737, 0.47689852788858716]",-1,-1
1353,[0.15876023 0.33212703],2,-1,-1,108,-1
1354,[0.73012043 0.73363221],1,4,"[0.7726811996944247, 0.7249303226766757]",381,0
1355,[0.60123225 0.58318664],9,2,"[0.5921204552873188, 0.6383928111301557]",1326,5
1356,[0.58438923 0.67621407],5,2,"[0.5921204552873188, 0.6383928111301557]",-1,-1
1357,[0.57254344 0.54914194],9,6,"[0.5164739970238864, 0.5319253761973344]",-1,-1
1358,[0.70909501 0.51497954],8,3,"[0.6815204869410737, 0.47689852788858716]",-1,-1
1359,[0.17500908 0.16865006],0,-1,-1,71,-1
1360,[0.89467412 0.68096255],1,-1,-1,29,-1
1361,[0.32439322 0.59813689],4,7,"[0.2817018170798153, 0.5849768676672948]",1939,-1
1362,[0.58972868 0.57876686],5,2,"[0.5921204552873188, 0.6383928111301557]",1325,-1
1363,[0.24429196 0.32164883],2,5,"[0.23231087327800656, 0.30304944505444303]",-1,7
1364,[0.31105605 0.25289807],6,9,"[0.3110394802231661, 0.23517199738277297]",1499,-1
1365,[0.59187374 0.5616893 ],5,-1,-1,1253,-1
1366,[0.39600205 0.61018036],3,0,"[0.383291892093257, 0.5586820702346661]",1725,-1
1367,[0.56284495 0.3153878 ],6,-1,-1,-1,-1
1368,[0.24695543 0.36963435],2,5,"[0.23231087327800656, 0.30304944505444303]",-1,-1
1369,[0.69549799 0.62348097],8,-1,-1,-1,-1
1370,[0.29787451 0.45897479],7,8,"[0.27392971195344684, 0.45973140540928376]",-1,-1
1371,[0.47250588 0.37487565],6,-1,-1,320,-1
1372,[0.26473097 0.35615954],6,5,"[0.23231087327800656, 0.30304944505444303]",1564,-1
1373,[0.50412382 0.55748772],3,6,"[0.5164739970238864, 0.5319253761973344]",1185,-1
1374,[0.29790299 0.46929218],4,8,"[0.27392971195344684, 0.45973140540928376]",-1,-1
1375,[0.3133945  0.33149549],2,-1,-1,-1,8
1376,[0.33627025 0.54627639],3,0,"[0.383291892093257, 0.5586820702346661]",-1,-1
1377,[0.3162874  0.54468214],3,7,"[0.2817018170798153, 0.5849768676672948]",-1,17
1378,[0.24335329 0.56128666],7,7,"[0.2817018170798153, 0.5849768676672948]",-1,-1
1379,[0.25256792 0.61299489],4,7,"[0.2817018170798153, 0.5849768676672948]",-1,-1
1380,[0.34896258 0.36333391],6,1,"[0.3897435781344088, 0.3417040596068965]",-1,-1
1381,[0.61451714 0.60949449],9,2,"[0.5921204552873188, 0.6383928111301557]",1200,-1
1382,[0.62405222 0.72805795],9,-1,-1,212,-1
1383,[0.58856835 0.63428983],9,2,"[0.5921204552873188, 0.6383928111301557]",1337,-1
1384,[0.49807845 0.56575621],5,6,"[0.5164739970238864, 0.5319253761973344]",-1,-1
1385,[0.751013   0.74152747],1,4,"[0.7726811996944247, 0.7249303226766757]",451,0
1386,[0.81360821 0.72831061],1,4,"[0.7726811996944247, 0.7249303226766757]",-1,0
1387,[0.61668045 0.55673076],5,-1,-1,-1,-1
1388,[0.32659206 0.70224527],4,-1,-1,-1,-1
1389,[0.46977281 0.48012202],5,6,"[0.5164739970238864, 0.5319253761973344]",-1,-1
1390,[0.54578878 0.57670076],9,6,"[0.5164739970238864, 0.5319253761973344]",1410,6
1391,[0.27063053 0.3933275 ],7,8,"[0.27392971195344684, 0.45973140540928376]",1019,-1
1392,[0.75873899 0.6636347 ],1,4,"[0.7726811996944247, 0.7249303226766757]",-1,0
1393,[0.37011724 0.57859384],7,0,"[0.383291892093257, 0.5586820702346661]",1866,-1
1394,[0.20761552 0.2644711 ],2,5,"[0.23231087327800656, 0.30304944505444303]",-1,-1
1395,[0.5661984  0.53732357],5,6,"[0.5164739970238864, 0.5319253761973344]",1401,6
1396,[0.52664364 0.62202971],5,2,"[0.5921204552873188, 0.6383928111301557]",-1,-1
1397,[0.90793387 0.69803004],1,-1,-1,-1,-1
1398,[0.21287843 0.30061531],0,5,"[0.23231087327800656, 0.30304944505444303]",909,-1
1399,[0.54182829 0.74315122],9,-1,-1,-1,-1
1400,[0.27315438 0.41304275],7,8,"[0.27392971195344684, 0.45973140540928376]",747,-1
1401,[0.32098404 0.35154918],2,1,"[0.3897435781344088, 0.3417040596068965]",1485,-1
1402,[0.37550716 0.44444933],4,-1,-1,-1,-1
1403,[0.31667281 0.25909176],0,9,"[0.3110394802231661, 0.23517199738277297]",1491,-1
1404,[0.40702627 0.59595446],4,0,"[0.383291892093257, 0.5586820702346661]",1717,-1
1405,[0.80529716 0.6498928 ],1,-1,-1,-1,0
1406,[0.29703901 0.61803642],4,7,"[0.2817018170798153, 0.5849768676672948]",856,-1
1407,[0.35527491 0.48444838],4,-1,-1,1746,-1
1408,[0.71494712 0.75199842],1,4,"[0.7726811996944247, 0.7249303226766757]",345,0
1409,[0.40822254 0.32641897],6,1,"[0.3897435781344088, 0.3417040596068965]",-1,-1
1410,[0.24623625 0.25900261],0,5,"[0.23231087327800656, 0.30304944505444303]",1310,-1
1411,[0.53521645 0.58237242],5,6,"[0.5164739970238864, 0.5319253761973344]",-1,-1
1412,[0.45319368 0.58462841],5,-1,-1,-1,4
1413,[0.33240436 0.28826592],2,9,"[0.3110394802231661, 0.23517199738277297]",1652,-1
1414,[0.26754374 0.27500055],2,5,"[0.23231087327800656, 0.30304944505444303]",-1,-1
1415,[0.31765551 0.62133384],4,7,"[0.2817018170798153, 0.5849768676672948]",1395,-1
1416,[0.26082153 0.39548351],2,8,"[0.27392971195344684, 0.45973140540928376]",945,-1
1417,[0.68118835 0.56895664],8,-1,-1,464,-1
1418,[0.30165315 0.25952382],0,9,"[0.3110394802231661, 0.23517199738277297]",-1,-1
1419,[0.64994047 0.62770098],9,2,"[0.5921204552873188, 0.6383928111301557]",1158,-1
1420,[0.25375951 0.48046786],4,8,"[0.27392971195344684, 0.45973140540928376]",1710,-1
1421,[0.72481316 0.70382298],1,4,"[0.7726811996944247, 0.7249303226766757]",350,0
1422,[0.36544541 0.59233571],3,0,"[0.383291892093257, 0.5586820702346661]",1836,-1
1423,[0.31654321 0.33831279],2,-1,-1,1615,-1
1424,[0.28816956 0.55125802],4,7,"[0.2817018170798153, 0.5849768676672948]",-1,-1
1425,[0.37192831 0.28329572],6,1,"[0.3897435781344088, 0.3417040596068965]",-1,-1
1426,[0.27204544 0.24523498],0,9,"[0.3110394802231661, 0.23517199738277297]",1524,-1
1427,[0.56000007 0.60532888],9,2,"[0.5921204552873188, 0.6383928111301557]",-1,-1
1428,[0.63527669 0.56108441],8,-1,-1,1104,-1
1429,[0.50882682 0.64645444],5,-1,-1,-1,-1
1430,[0.69311853 0.554381  ],8,-1,-1,600,-1
1431,[0.63436397 0.5238064 ],8,3,"[0.6815204869410737, 0.47689852788858716]",-1,-1
1432,[0.54655133 0.49833693],5,6,"[0.5164739970238864, 0.5319253761973344]",-1,-1
1433,[0.32019677 0.34538338],2,1,"[0.3897435781344088, 0.3417040596068965]",-1,-1
1434,[0.35991154 0.3498092 ],6,1,"[0.3897435781344088, 0.3417040596068965]",1350,-1
1435,[0.65841967 0.48172642],8,3,"[0.6815204869410737, 0.47689852788858716]",825,1
1436,[0.52747807 0.69243207],5,-1,-1,555,-1
1437,[0.27634712 0.52109597],4,8,"[0.27392971195344684, 0.45973140540928376]",1887,14
1438,[0.30186278 0.38496321],2,-1,-1,1208,-1
1439,[0.86598355 0.79127335],1,-1,-1,-1,-1
1440,[0.31767814 0.50649805],7,8,"[0.27392971195344684, 0.45973140540928376]",1922,-1
1441,[0.44303471 0.40694603],6,-1,-1,-1,-1
1442,[0.39236102 0.29905313],0,1,"[0.3897435781344088, 0.3417040596068965]",1396,-1
1443,[0.58279446 0.57303058],9,2,"[0.5921204552873188, 0.6383928111301557]",-1,-1
1444,[0.1328473  0.21989591],0,-1,-1,-1,-1
1445,[0.31539644 0.63154642],4,7,"[0.2817018170798153, 0.5849768676672948]",1297,-1
1446,[0.73419306 0.4953746 ],8,3,"[0.6815204869410737, 0.47689852788858716]",-1,-1
1447,[0.70608476 0.73530362],1,4,"[0.7726811996944247, 0.7249303226766757]",383,0
1448,[0.59779699 0.41498442],8,-1,-1,-1,-1
1449,[0.34749292 0.60275452],4,0,"[0.383291892093257, 0.5586820702346661]",1833,-1
1450,[0.52429632 0.4867454 ],5,6,"[0.5164739970238864, 0.5319253761973344]",-1,-1
1451,[0.60501692 0.55020575],5,-1,-1,1293,-1
1452,[0.52705168 0.50760277],5,6,"[0.5164739970238864, 0.5319253761973344]",-1,-1
1453,[0.32489532 0.56927825],4,7,"[0.2817018170798153, 0.5849768676672948]",1976,-1
1454,[0.66215541 0.37769946],8,-1,-1,-1,-1
1455,[0.5490134  0.50656001],9,6,"[0.5164739970238864, 0.5319253761973344]",906,-1
1456,[0.331087   0.30846792],2,1,"[0.3897435781344088, 0.3417040596068965]",1679,10
1457,[0.22691911 0.35190727],2,5,"[0.23231087327800656, 0.30304944505444303]",1129,-1
1458,[0.34720755 0.37019208],6,1,"[0.3897435781344088, 0.3417040596068965]",1079,-1
1459,[0.36999571 0.38248884],7,1,"[0.3897435781344088, 0.3417040596068965]",-1,-1
1460,[0.33379168 0.34601968],6,1,"[0.3897435781344088, 0.3417040596068965]",-1,-1
1461,[0.31596696 0.40227878],2,-1,-1,-1,-1
1462,[0.81333497 0.65204575],1,-1,-1,255,0
1463,[0.25777623 0.24118718],0,9,"[0.3110394802231661, 0.23517199738277297]",1137,-1
1464,[0.32068836 0.3179391 ],2,-1,-1,1673,10
1465,[0.751011   0.84184963],1,-1,-1,31,-1
1466,[0.35084514 0.19891441],2,9,"[0.3110394802231661, 0.23517199738277297]",161,-1
1467,[0.4155473  0.40084403],6,1,"[0.3897435781344088, 0.3417040596068965]",758,-1
1468,[0.28923578 0.48520028],3,8,"[0.27392971195344684, 0.45973140540928376]",-1,-1
1469,[0.4028097  0.33998659],6,1,"[0.3897435781344088, 0.3417040596068965]",-1,-1
1470,[0.44300644 0.51366388],5,-1,-1,1059,-1
1471,[0.35604423 0.37539338],6,1,"[0.3897435781344088, 0.3417040596068965]",-1,-1
1472,[0.39979203 0.52530555],3,0,"[0.383291892093257, 0.5586820702346661]",1641,-1
1473,[0.19999515 0.4594386 ],7,-1,-1,330,-1
1474,[0.7676417  0.71069758],1,4,"[0.7726811996944247, 0.7249303226766757]",-1,0
1475,[0.50388784 0.58554893],5,6,"[0.5164739970238864, 0.5319253761973344]",-1,-1
1476,[0.60974435 0.66861105],9,2,"[0.5921204552873188, 0.6383928111301557]",1112,-1
1477,[0.24874603 0.31402232],2,5,"[0.23231087327800656, 0.30304944505444303]",-1,-1
1478,[0.65136228 0.3513017 ],8,-1,-1,13,-1
1479,[0.32447829 0.51301721],7,-1,-1,1920,-1
1480,[0.33243177 0.56233792],7,0,"[0.383291892093257, 0.5586820702346661]",-1,-1
1481,[0.34209641 0.28808118],6,9,"[0.3110394802231661, 0.23517199738277297]",-1,-1
1482,[0.38494931 0.21131376],6,-1,-1,174,-1
1483,[0.30701173 0.40180837],7,8,"[0.27392971195344684, 0.45973140540928376]",928,-1
1484,[0.21101553 0.22948474],0,-1,-1,898,-1
1485,[0.31216688 0.49238429],7,8,"[0.27392971195344684, 0.45973140540928376]",1872,-1
1486,[0.49129692 0.56195602],3,6,"[0.5164739970238864, 0.5319253761973344]",-1,-1
1487,[0.28275904 0.24694676],2,9,"[0.3110394802231661, 0.23517199738277297]",1602,-1
1488,[0.23172422 0.56107121],7,7,"[0.2817018170798153, 0.5849768676672948]",-1,-1
1489,[0.25294685 0.32116309],0,5,"[0.23231087327800656, 0.30304944505444303]",1501,7
1490,[0.36246108 0.59925226],3,0,"[0.383291892093257, 0.5586820702346661]",-1,-1
1491,[0.28310723 0.51411926],7,8,"[0.27392971195344684, 0.45973140540928376]",-1,-1
1492,[0.71192064 0.38602189],8,-1,-1,149,-1
1493,[0.57041096 0.66213888],9,2,"[0.5921204552873188, 0.6383928111301557]",-1,-1
1494,[0.28519392 0.57706533],3,7,"[0.2817018170798153, 0.5849768676672948]",-1,-1
1495,[0.77356915 0.53732836],8,-1,-1,-1,-1
1496,[0.25279641 0.36739103],2,5,"[0.23231087327800656, 0.30304944505444303]",-1,-1
1497,[0.32519417 0.59421164],3,7,"[0.2817018170798153, 0.5849768676672948]",-1,-1
1498,[0.29552325 0.35658309],2,-1,-1,1479,-1
1499,[0.56388285 0.5506407 ],5,6,"[0.5164739970238864, 0.5319253761973344]",1405,6
1500,[0.40113275 0.45830532],3,-1,-1,-1,-1
1501,[0.44066338 0.38305356],6,1,"[0.3897435781344088, 0.3417040596068965]",741,-1
1502,[0.24510706 0.48356891],7,8,"[0.27392971195344684, 0.45973140540928376]",1710,-1
1503,[0.20325485 0.45782174],7,-1,-1,330,-1
1504,[0.80716056 0.72340972],1,4,"[0.7726811996944247, 0.7249303226766757]",456,0
1505,[0.50996912 0.49999057],3,6,"[0.5164739970238864, 0.5319253761973344]",661,-1
1506,[0.6544501  0.47248122],8,3,"[0.6815204869410737, 0.47689852788858716]",-1,1
1507,[0.72076478 0.49461642],8,3,"[0.6815204869410737, 0.47689852788858716]",680,-1
1508,[0.32943864 0.30452395],6,-1,-1,1659,10
1509,[0.30539469 0.61315615],4,7,"[0.2817018170798153, 0.5849768676672948]",1762,-1
1510,[0.6419871  0.50189409],8,3,"[0.6815204869410737, 0.47689852788858716]",866,-1
1511,[0.53308738 0.64380402],9,2,"[0.5921204552873188, 0.6383928111301557]",1259,-1
1512,[0.51032856 0.58372175],5,6,"[0.5164739970238864, 0.5319253761973344]",1377,-1
1513,[0.24942062 0.27620401],0,5,"[0.23231087327800656, 0.30304944505444303]",-1,-1
1514,[0.62825689 0.42297801],8,-1,-1,264,-1
1515,[0.22879149 0.25363253],0,5,"[0.23231087327800656, 0.30304944505444303]",885,-1
1516,[0.67403808 0.40827871],8,3,"[0.6815204869410737, 0.47689852788858716]",592,-1
1517,[0.66808207 0.65804561],1,-1,-1,636,-1
1518,[0.24809025 0.15651476],0,-1,-1,-1,-1
1519,[0.69142417 0.67307195],1,-1,-1,388,0
1520,[0.6750897  0.54214332],8,3,"[0.6815204869410737, 0.47689852788858716]",-1,-1
1521,[0.30955908 0.32647259],6,-1,-1,1677,-1
1522,[0.65534285 0.40563459],8,-1,-1,520,-1
1523,[0.4178339  0.58714584],5,0,"[0.383291892093257, 0.5586820702346661]",-1,-1
1524,[0.26345337 0.42753386],2,8,"[0.27392971195344684, 0.45973140540928376]",692,-1
1525,[0.56371549 0.62736501],9,2,"[0.5921204552873188, 0.6383928111301557]",-1,6
1526,[0.6809767  0.59198054],8,-1,-1,267,-1
1527,[0.22351834 0.5373957 ],3,-1,-1,-1,-1
1528,[0.28869028 0.32140915],0,5,"[0.23231087327800656, 0.30304944505444303]",-1,9
1529,[0.35518058 0.28244809],2,9,"[0.3110394802231661, 0.23517199738277297]",1393,-1
1530,[0.2501917  0.27996217],2,5,"[0.23231087327800656, 0.30304944505444303]",1530,-1
1531,[0.31328942 0.64195772],4,7,"[0.2817018170798153, 0.5849768676672948]",-1,-1
1532,[0.28103347 0.48132877],4,8,"[0.27392971195344684, 0.45973140540928376]",1728,-1
1533,[0.70145697 0.49902415],8,3,"[0.6815204869410737, 0.47689852788858716]",-1,2
1534,[0.67163461 0.60934482],9,-1,-1,-1,-1
1535,[0.60035213 0.66216246],9,2,"[0.5921204552873188, 0.6383928111301557]",-1,-1
1536,[0.37559237 0.55992998],3,0,"[0.383291892093257, 0.5586820702346661]",-1,-1
1537,[0.47455461 0.53982945],5,6,"[0.5164739970238864, 0.5319253761973344]",962,-1
1538,[0.29900964 0.18657164],0,9,"[0.3110394802231661, 0.23517199738277297]",425,-1
1539,[0.26499459 0.33978501],2,5,"[0.23231087327800656, 0.30304944505444303]",1538,-1
1540,[0.24210661 0.37615018],0,-1,-1,1149,-1
1541,[0.7210601  0.68995144],1,4,"[0.7726811996944247, 0.7249303226766757]",393,0
1542,[0.33291636 0.44786334],3,8,"[0.27392971195344684, 0.45973140540928376]",-1,-1
1543,[0.30868131 0.29613257],0,9,"[0.3110394802231661, 0.23517199738277297]",1614,-1
1544,[0.30838193 0.34248838],0,-1,-1,1593,8
1545,[0.29997136 0.57481341],7,7,"[0.2817018170798153, 0.5849768676672948]",1839,-1
1546,[0.40249767 0.56319375],3,0,"[0.383291892093257, 0.5586820702346661]",1748,-1
1547,[0.28668837 0.32406032],2,5,"[0.23231087327800656, 0.30304944505444303]",-1,-1
1548,[0.26002106 0.62390349],3,7,"[0.2817018170798153, 0.5849768676672948]",496,-1
1549,[0.32766372 0.32794674],6,1,"[0.3897435781344088, 0.3417040596068965]",-1,-1
1550,[0.45343815 0.63364214],4,-1,-1,-1,-1
1551,[0.57301954 0.55425888],5,6,"[0.5164739970238864, 0.5319253761973344]",-1,-1
1552,[0.28667413 0.49085217],7,8,"[0.27392971195344684, 0.45973140540928376]",-1,-1
1553,[0.70017195 0.43246715],8,3,"[0.6815204869410737, 0.47689852788858716]",596,-1
1554,[0.33953885 0.30952528],6,1,"[0.3897435781344088, 0.3417040596068965]",-1,-1
1555,[0.23341613 0.28523679],2,5,"[0.23231087327800656, 0.30304944505444303]",1531,-1
1556,[0.545888   0.57127741],5,6,"[0.5164739970238864, 0.5319253761973344]",-1,6
1557,[0.17908347 0.20423993],0,-1,-1,-1,-1
1558,[0.45081806 0.33993389],6,1,"[0.3897435781344088, 0.3417040596068965]",-1,-1
1559,[0.32142095 0.24035037],2,9,"[0.3110394802231661, 0.23517199738277297]",1490,-1
1560,[0.61310405 0.70623663],9,-1,-1,287,-1
1561,[0.32958617 0.54545401],4,0,"[0.383291892093257, 0.5586820702346661]",-1,-1
1562,[0.29677143 0.51501702],7,8,"[0.27392971195344684, 0.45973140540928376]",-1,-1
1563,[0.32273909 0.49082771],7,8,"[0.27392971195344684, 0.45973140540928376]",1868,-1
1564,[0.24971179 0.31808951],2,5,"[0.23231087327800656, 0.30304944505444303]",-1,7
1565,[0.56073359 0.52523272],8,6,"[0.5164739970238864, 0.5319253761973344]",-1,-1
1566,[0.56270468 0.45180612],5,-1,-1,-1,-1
1567,[0.31581253 0.54872108],4,7,"[0.2817018170798153, 0.5849768676672948]",1989,17
1568,[0.34891884 0.6281402 ],3,-1,-1,-1,-1
1569,[0.2248191  0.25937464],0,5,"[0.23231087327800656, 0.30304944505444303]",-1,-1
1570,[0.42593921 0.63658937],4,-1,-1,366,-1
1571,[0.63749639 0.45642033],8,3,"[0.6815204869410737, 0.47689852788858716]",-1,-1
1572,[0.34419385 0.69420018],3,-1,-1,66,-1
1573,[0.28345761 0.5330618 ],3,7,"[0.2817018170798153, 0.5849768676672948]",1893,14
1574,[0.73822106 0.68337379],1,4,"[0.7726811996944247, 0.7249303226766757]",-1,0
1575,[0.44236961 0.62649668],3,-1,-1,698,-1
1576,[0.78528133 0.70334333],1,4,"[0.7726811996944247, 0.7249303226766757]",478,0
1577,[0.25251493 0.37861074],2,-1,-1,-1,-1
1578,[0.24486353 0.52709696],7,7,"[0.2817018170798153, 0.5849768676672948]",1488,-1
1579,[0.19166145 0.35612774],2,5,"[0.23231087327800656, 0.30304944505444303]",-1,-1
1580,[0.27544255 0.32543733],2,5,"[0.23231087327800656, 0.30304944505444303]",1585,9
1581,[0.35983571 0.5800442 ],3,0,"[0.383291892093257, 0.5586820702346661]",-1,12
1582,[0.62901871 0.68336519],9,2,"[0.5921204552873188, 0.6383928111301557]",-1,-1
1583,[0.36771953 0.45740251],3,-1,-1,-1,-1
1584,[0.60099761 0.43950164],8,-1,-1,-1,-1
1585,[0.65398667 0.50005913],8,3,"[0.6815204869410737, 0.47689852788858716]",816,-1
1586,[0.34836826 0.28480266],0,9,"[0.3110394802231661, 0.23517199738277297]",-1,-1
1587,[0.24821644 0.25838694],0,5,"[0.23231087327800656, 0.30304944505444303]",1310,-1
1588,[0.50412714 0.55201679],5,6,"[0.5164739970238864, 0.5319253761973344]",-1,-1
1589,[0.23617458 0.34385278],2,5,"[0.23231087327800656, 0.30304944505444303]",1522,-1
1590,[0.22494534 0.38582221],2,-1,-1,912,-1
1591,[0.32844701 0.62993002],4,7,"[0.2817018170798153, 0.5849768676672948]",-1,-1
1592,[0.31982291 0.40858033],6,8,"[0.27392971195344684, 0.45973140540928376]",-1,-1
1593,[0.32245072 0.21803133],2,9,"[0.3110394802231661, 0.23517199738277297]",-1,-1
1594,[0.2260453 0.4361658],3,8,"[0.27392971195344684, 0.45973140540928376]",271,-1
1595,[0.67810025 0.42986147],8,3,"[0.6815204869410737, 0.47689852788858716]",-1,-1
1596,[0.2788241 0.5251201],4,7,"[0.2817018170798153, 0.5849768676672948]",1887,-1
1597,[0.67030743 0.73303912],1,-1,-1,-1,0
1598,[0.31512596 0.58389476],3,7,"[0.2817018170798153, 0.5849768676672948]",1967,17
1599,[0.38821662 0.56136428],4,0,"[0.383291892093257, 0.5586820702346661]",-1,-1
1600,[0.73906422 0.52202509],8,-1,-1,-1,-1
1601,[0.54452983 0.63425053],9,2,"[0.5921204552873188, 0.6383928111301557]",-1,-1
1602,[0.13491246 0.24823583],0,-1,-1,-1,-1
1603,[0.24718862 0.376964  ],0,-1,-1,1149,-1
1604,[0.34223909 0.32165471],6,1,"[0.3897435781344088, 0.3417040596068965]",1575,-1
1605,[0.27166749 0.46262337],2,8,"[0.27392971195344684, 0.45973140540928376]",-1,-1
1606,[0.79122863 0.68039855],9,4,"[0.7726811996944247, 0.7249303226766757]",-1,0
1607,[0.16321897 0.48972409],7,-1,-1,-1,-1
1608,[0.4329026  0.44150129],7,-1,-1,404,-1
1609,[0.81767738 0.65570657],1,-1,-1,255,0
1610,[0.72489414 0.51065481],8,3,"[0.6815204869410737, 0.47689852788858716]",574,-1
1611,[0.43868205 0.46398076],5,-1,-1,-1,-1
1612,[0.29381367 0.20282229],6,9,"[0.3110394802231661, 0.23517199738277297]",425,-1
1613,[0.36496386 0.50520274],4,0,"[0.383291892093257, 0.5586820702346661]",1899,-1
1614,[0.5741058  0.58892176],9,2,"[0.5921204552873188, 0.6383928111301557]",-1,6
1615,[0.44843207 0.57805119],3,0,"[0.383291892093257, 0.5586820702346661]",-1,-1
1616,[0.34342483 0.45845766],2,8,"[0.27392971195344684, 0.45973140540928376]",1387,-1
1617,[0.37582545 0.31096802],2,1,"[0.3897435781344088, 0.3417040596068965]",-1,-1
1618,[0.61884533 0.50016397],8,3,"[0.6815204869410737, 0.47689852788858716]",865,-1
1619,[0.37270826 0.63479027],3,-1,-1,784,-1
1620,[0.18125054 0.22818402],0,-1,-1,-1,-1
1621,[0.36739642 0.66086561],3,-1,-1,701,-1
1622,[0.2326166  0.58570706],4,7,"[0.2817018170798153, 0.5849768676672948]",506,-1
1623,[0.76792036 0.62532336],1,-1,-1,-1,0
1624,[0.27736022 0.32309022],2,5,"[0.23231087327800656, 0.30304944505444303]",1585,-1
1625,[0.37070793 0.43310355],4,-1,-1,683,-1
1626,[0.23870634 0.18106237],0,-1,-1,175,-1
1627,[0.58878269 0.5780853 ],5,2,"[0.5921204552873188, 0.6383928111301557]",1325,-1
1628,[0.33446821 0.58989828],3,7,"[0.2817018170798153, 0.5849768676672948]",1940,-1
1629,[0.66613544 0.56431353],8,-1,-1,892,-1
1630,[0.88726145 0.60650183],1,-1,-1,-1,-1
1631,[0.32584979 0.61395524],4,7,"[0.2817018170798153, 0.5849768676672948]",1544,-1
1632,[0.32398563 0.60742428],7,7,"[0.2817018170798153, 0.5849768676672948]",1544,-1
1633,[0.30264934 0.65158557],4,7,"[0.2817018170798153, 0.5849768676672948]",590,-1
1634,[0.51878414 0.59449963],9,6,"[0.5164739970238864, 0.5319253761973344]",-1,-1
1635,[0.34239391 0.29223415],0,9,"[0.3110394802231661, 0.23517199738277297]",1666,-1
1636,[0.83546455 0.64745739],1,-1,-1,170,0
1637,[0.28961054 0.54595549],4,7,"[0.2817018170798153, 0.5849768676672948]",-1,14
1638,[0.3270437  0.21216098],0,9,"[0.3110394802231661, 0.23517199738277297]",888,-1
1639,[0.26953137 0.27133418],2,5,"[0.23231087327800656, 0.30304944505444303]",1635,-1
1640,[0.89502293 0.71262054],1,-1,-1,119,-1
1641,[0.26605161 0.43274356],7,8,"[0.27392971195344684, 0.45973140540928376]",1175,-1
1642,[0.69840763 0.39489025],8,-1,-1,217,-1
1643,[0.50877545 0.68782764],9,-1,-1,274,-1
1644,[0.26599583 0.44725649],4,8,"[0.27392971195344684, 0.45973140540928376]",1250,-1
1645,[0.23273459 0.36082204],2,5,"[0.23231087327800656, 0.30304944505444303]",-1,-1
1646,[0.5458846  0.43471716],6,-1,-1,-1,-1
1647,[0.27718079 0.36757157],2,-1,-1,1265,-1
1648,[0.32168442 0.47425724],7,8,"[0.27392971195344684, 0.45973140540928376]",-1,-1
1649,[0.2880541  0.63076013],7,7,"[0.2817018170798153, 0.5849768676672948]",588,-1
1650,[0.50511935 0.53949512],5,6,"[0.5164739970238864, 0.5319253761973344]",1186,3
1651,[0.38295718 0.55921086],4,0,"[0.383291892093257, 0.5586820702346661]",1814,-1
1652,[0.33484255 0.58252192],7,7,"[0.2817018170798153, 0.5849768676672948]",-1,-1
1653,[0.21147557 0.33664541],2,5,"[0.23231087327800656, 0.30304944505444303]",949,-1
1654,[0.42610249 0.36937738],6,1,"[0.3897435781344088, 0.3417040596068965]",-1,-1
1655,[0.3209098  0.50195226],7,8,"[0.27392971195344684, 0.45973140540928376]",1809,-1
1656,[0.41245561 0.40987031],6,-1,-1,-1,-1
1657,[0.22955448 0.26286033],0,5,"[0.23231087327800656, 0.30304944505444303]",-1,-1
1658,[0.23168681 0.33944161],0,5,"[0.23231087327800656, 0.30304944505444303]",1522,-1
1659,[0.33371803 0.43756712],2,8,"[0.27392971195344684, 0.45973140540928376]",941,-1
1660,[0.23756603 0.47803213],4,8,"[0.27392971195344684, 0.45973140540928376]",-1,-1
1661,[0.11423613 0.25403501],0,-1,-1,-1,-1
1662,[0.36321024 0.53673415],7,0,"[0.383291892093257, 0.5586820702346661]",1934,-1
1663,[0.51925479 0.51619712],9,6,"[0.5164739970238864, 0.5319253761973344]",-1,-1
1664,[0.40179955 0.5819155 ],3,0,"[0.383291892093257, 0.5586820702346661]",1767,-1
1665,[0.688697   0.48438054],8,3,"[0.6815204869410737, 0.47689852788858716]",-1,2
1666,[0.69308004 0.46216957],8,3,"[0.6815204869410737, 0.47689852788858716]",806,-1
1667,[0.51118    0.56458695],5,6,"[0.5164739970238864, 0.5319253761973344]",-1,-1
1668,[0.29062332 0.36309798],0,-1,-1,-1,-1
1669,[0.3161162  0.36182618],2,-1,-1,-1,-1
1670,[0.33164802 0.51647755],7,0,"[0.383291892093257, 0.5586820702346661]",1904,-1
1671,[0.31379543 0.3102185 ],0,-1,-1,-1,-1
1672,[0.49510984 0.59249631],9,6,"[0.5164739970238864, 0.5319253761973344]",752,-1
1673,[0.62853297 0.65102871],9,2,"[0.5921204552873188, 0.6383928111301557]",-1,-1
1674,[0.76752976 0.44052298],8,-1,-1,-1,-1
1675,[0.37447017 0.37382074],6,1,"[0.3897435781344088, 0.3417040596068965]",-1,-1
1676,[0.26930621 0.55265707],4,7,"[0.2817018170798153, 0.5849768676672948]",1698,-1
1677,[0.67664945 0.46364517],8,3,"[0.6815204869410737, 0.47689852788858716]",735,2
1678,[0.4040711  0.31081868],6,1,"[0.3897435781344088, 0.3417040596068965]",930,-1
1679,[0.28786528 0.49232127],7,8,"[0.27392971195344684, 0.45973140540928376]",-1,-1
1680,[0.7234575  0.68151595],1,4,"[0.7726811996944247, 0.7249303226766757]",390,0
1681,[0.40278208 0.20573269],0,-1,-1,174,-1
1682,[0.2814255  0.37196499],0,-1,-1,-1,-1
1683,[0.34097515 0.34075926],6,1,"[0.3897435781344088, 0.3417040596068965]",953,-1
1684,[0.78763153 0.70375438],1,4,"[0.7726811996944247, 0.7249303226766757]",478,0
1685,[0.31350563 0.42246376],7,8,"[0.27392971195344684, 0.45973140540928376]",-1,-1
1686,[0.43378508 0.42485009],6,-1,-1,-1,-1
1687,[0.54139955 0.46999925],5,6,"[0.5164739970238864, 0.5319253761973344]",-1,-1
1688,[0.22026165 0.31073813],2,5,"[0.23231087327800656, 0.30304944505444303]",1421,-1
1689,[0.48247165 0.64618945],5,-1,-1,647,-1
1690,[0.17074195 0.282835  ],0,5,"[0.23231087327800656, 0.30304944505444303]",726,-1
1691,[0.35777867 0.70423564],4,-1,-1,-1,-1
1692,[0.47592315 0.54629678],3,6,"[0.5164739970238864, 0.5319253761973344]",854,-1
1693,[0.32408848 0.55224756],3,7,"[0.2817018170798153, 0.5849768676672948]",1990,17
1694,[0.30172685 0.45381613],2,8,"[0.27392971195344684, 0.45973140540928376]",-1,-1
1695,[0.58030801 0.65620487],9,2,"[0.5921204552873188, 0.6383928111301557]",1124,-1
1696,[0.41812372 0.61895995],3,0,"[0.383291892093257, 0.5586820702346661]",1474,-1
1697,[0.69271834 0.79683168],1,-1,-1,-1,-1
1698,[0.67158741 0.51028274],8,3,"[0.6815204869410737, 0.47689852788858716]",827,2
1699,[0.62077833 0.49284465],5,3,"[0.6815204869410737, 0.47689852788858716]",-1,-1
1700,[0.23919675 0.24957048],0,5,"[0.23231087327800656, 0.30304944505444303]",1319,-1
1701,[0.69561221 0.69948806],9,-1,-1,335,0
1702,[0.54606642 0.60499555],5,2,"[0.5921204552873188, 0.6383928111301557]",-1,-1
1703,[0.58997069 0.52119534],8,-1,-1,1102,-1
1704,[0.37929688 0.57553401],7,0,"[0.383291892093257, 0.5586820702346661]",1865,-1
1705,[0.74160814 0.52196957],8,-1,-1,-1,-1
1706,[0.61736204 0.70507187],9,-1,-1,287,-1
1707,[0.26530372 0.52029053],4,8,"[0.27392971195344684, 0.45973140540928376]",1582,-1
1708,[0.47437384 0.51190207],5,6,"[0.5164739970238864, 0.5319253761973344]",-1,-1
1709,[0.36528825 0.46631902],7,-1,-1,1055,-1
1710,[0.33061099 0.49908062],3,8,"[0.27392971195344684, 0.45973140540928376]",1750,-1
1711,[0.3905803  0.56687513],3,0,"[0.383291892093257, 0.5586820702346661]",1771,-1
1712,[0.24716492 0.18138709],0,-1,-1,344,-1
1713,[0.28526826 0.54974193],7,7,"[0.2817018170798153, 0.5849768676672948]",1912,-1
1714,[0.63828452 0.53190045],9,3,"[0.6815204869410737, 0.47689852788858716]",-1,-1
1715,[0.20993824 0.36334405],2,5,"[0.23231087327800656, 0.30304944505444303]",903,-1
1716,[0.27818453 0.47778293],7,8,"[0.27392971195344684, 0.45973140540928376]",-1,-1
1717,[0.59253043 0.40557615],8,-1,-1,-1,-1
1718,[0.33794751 0.51265449],3,0,"[0.383291892093257, 0.5586820702346661]",1880,-1
1719,[0.28404048 0.36580548],2,-1,-1,-1,-1
1720,[0.35445558 0.36845495],6,1,"[0.3897435781344088, 0.3417040596068965]",1079,-1
1721,[0.79465889 0.50650036],8,-1,-1,-1,-1
1722,[0.30962159 0.62315771],4,7,"[0.2817018170798153, 0.5849768676672948]",1131,-1
1723,[0.3312923  0.59318486],4,7,"[0.2817018170798153, 0.5849768676672948]",1942,-1
1724,[0.39524715 0.48724485],7,-1,-1,1036,-1
1725,[0.38690518 0.45534926],7,-1,-1,-1,-1
1726,[0.80445411 0.82586989],1,-1,-1,141,-1
1727,[0.30353894 0.37091143],2,-1,-1,1594,-1
1728,[0.60099703 0.7142216 ],9,-1,-1,423,-1
1729,[0.56396384 0.50316143],5,6,"[0.5164739970238864, 0.5319253761973344]",852,-1
1730,[0.32671651 0.38149778],2,-1,-1,1011,-1
1731,[0.58699411 0.6094677 ],9,2,"[0.5921204552873188, 0.6383928111301557]",-1,6
1732,[0.38972446 0.56998462],3,0,"[0.383291892093257, 0.5586820702346661]",1771,-1
1733,[0.61693984 0.65001457],9,2,"[0.5921204552873188, 0.6383928111301557]",-1,-1
1734,[0.47904817 0.64293743],5,-1,-1,647,-1
1735,[0.66198319 0.79764791],1,-1,-1,-1,-1
1736,[0.41741444 0.33531484],6,1,"[0.3897435781344088, 0.3417040596068965]",-1,-1
1737,[0.54051291 0.63791228],9,2,"[0.5921204552873188, 0.6383928111301557]",-1,-1
1738,[0.72084848 0.63146128],9,-1,-1,184,0
1739,[0.34439152 0.53009914],7,0,"[0.383291892093257, 0.5586820702346661]",1946,-1
1740,[0.51037822 0.45922873],5,-1,-1,-1,-1
1741,[0.40290489 0.59387899],4,0,"[0.383291892093257, 0.5586820702346661]",-1,-1
1742,[0.70868435 0.57667525],9,-1,-1,-1,-1
1743,[0.76199538 0.70378259],1,4,"[0.7726811996944247, 0.7249303226766757]",460,0
1744,[0.45756713 0.26926883],0,-1,-1,585,-1
1745,[0.29947276 0.68587315],3,-1,-1,85,-1
1746,[0.32888495 0.23445701],2,9,"[0.3110394802231661, 0.23517199738277297]",1001,-1
1747,[0.1879144  0.26582305],2,5,"[0.23231087327800656, 0.30304944505444303]",-1,-1
1748,[0.68818766 0.71787322],1,-1,-1,-1,0
1749,[0.78024998 0.70126283],1,4,"[0.7726811996944247, 0.7249303226766757]",438,0
1750,[0.46519539 0.43159328],6,-1,-1,-1,-1
1751,[0.81101364 0.39711015],8,-1,-1,-1,-1
1752,[0.50319785 0.58542697],9,6,"[0.5164739970238864, 0.5319253761973344]",1266,-1
1753,[0.419547   0.47159558],7,-1,-1,716,-1
1754,[0.29660369 0.59457305],7,7,"[0.2817018170798153, 0.5849768676672948]",1820,-1
1755,[0.338418   0.46037818],4,8,"[0.27392971195344684, 0.45973140540928376]",1387,-1
1756,[0.55641379 0.60971516],5,2,"[0.5921204552873188, 0.6383928111301557]",-1,-1
1757,[0.27401863 0.36404911],2,-1,-1,1265,-1
1758,[0.31753365 0.1794135 ],6,9,"[0.3110394802231661, 0.23517199738277297]",232,-1
1759,[0.62127954 0.57074187],5,-1,-1,-1,-1
1760,[0.6644348  0.47988775],8,3,"[0.6815204869410737, 0.47689852788858716]",829,1
1761,[0.68644564 0.76496897],1,-1,-1,-1,0
1762,[0.28438478 0.3827323 ],7,-1,-1,-1,-1
1763,[0.45170247 0.54628538],3,6,"[0.5164739970238864, 0.5319253761973344]",1289,-1
1764,[0.73851247 0.83491119],1,-1,-1,-1,-1
1765,[0.37342019 0.40905776],2,1,"[0.3897435781344088, 0.3417040596068965]",723,-1
1766,[0.54053218 0.47905431],9,6,"[0.5164739970238864, 0.5319253761973344]",756,-1
1767,[0.53304068 0.57993744],5,6,"[0.5164739970238864, 0.5319253761973344]",1372,-1
1768,[0.78412686 0.70363276],1,4,"[0.7726811996944247, 0.7249303226766757]",478,0
1769,[0.18638137 0.4826942 ],7,-1,-1,214,-1
1770,[0.70308604 0.45157098],8,3,"[0.6815204869410737, 0.47689852788858716]",594,-1
1771,[0.61033891 0.6248957 ],5,2,"[0.5921204552873188, 0.6383928111301557]",1336,-1
1772,[0.41129151 0.48131788],3,-1,-1,-1,-1
1773,[0.87376053 0.74925401],1,-1,-1,-1,0
1774,[0.34273215 0.38200964],0,1,"[0.3897435781344088, 0.3417040596068965]",995,-1
1775,[0.32844904 0.32519136],6,1,"[0.3897435781344088, 0.3417040596068965]",1683,-1
1776,[0.65012096 0.771622  ],1,-1,-1,-1,-1
1777,[0.50573186 0.52674082],5,6,"[0.5164739970238864, 0.5319253761973344]",-1,-1
1778,[0.60439147 0.51518761],5,-1,-1,1102,-1
1779,[0.2140162  0.59326692],7,7,"[0.2817018170798153, 0.5849768676672948]",181,-1
1780,[0.24325471 0.59083492],4,7,"[0.2817018170798153, 0.5849768676672948]",929,-1
1781,[0.30677373 0.42304989],7,8,"[0.27392971195344684, 0.45973140540928376]",-1,-1
1782,[0.38044205 0.59778069],4,0,"[0.383291892093257, 0.5586820702346661]",-1,-1
1783,[0.24187219 0.42769192],2,8,"[0.27392971195344684, 0.45973140540928376]",-1,-1
1784,[0.26338712 0.40478383],7,8,"[0.27392971195344684, 0.45973140540928376]",1008,-1
1785,[0.31400117 0.3503963 ],6,-1,-1,1633,8
1786,[0.33502831 0.20791584],0,9,"[0.3110394802231661, 0.23517199738277297]",674,-1
1787,[0.28056926 0.39692842],2,8,"[0.27392971195344684, 0.45973140540928376]",1066,-1
1788,[0.78967249 0.7467791 ],1,4,"[0.7726811996944247, 0.7249303226766757]",445,0
1789,[0.3650027  0.62666666],3,-1,-1,-1,-1
1790,[0.81643743 0.77580076],1,4,"[0.7726811996944247, 0.7249303226766757]",254,0
1791,[0.77010751 0.69217001],1,4,"[0.7726811996944247, 0.7249303226766757]",448,0
1792,[0.51451293 0.54646159],5,6,"[0.5164739970238864, 0.5319253761973344]",1186,3
1793,[0.28926258 0.23533681],0,9,"[0.3110394802231661, 0.23517199738277297]",-1,-1
1794,[0.64381847 0.56599264],8,-1,-1,1110,-1
1795,[0.81210797 0.65277518],1,-1,-1,255,0
1796,[0.64392488 0.3674661 ],8,-1,-1,112,-1
1797,[0.58228845 0.42412904],8,-1,-1,252,-1
1798,[0.42098546 0.39918962],6,1,"[0.3897435781344088, 0.3417040596068965]",-1,-1
1799,[0.24490013 0.50004317],7,8,"[0.27392971195344684, 0.45973140540928376]",-1,-1
1800,[0.22137615 0.25330739],0,5,"[0.23231087327800656, 0.30304944505444303]",1021,-1
1801,[0.29866321 0.41748792],2,8,"[0.27392971195344684, 0.45973140540928376]",1074,-1
1802,[0.47322506 0.5357581 ],5,6,"[0.5164739970238864, 0.5319253761973344]",962,-1
1803,[0.463883   0.28358825],6,-1,-1,-1,-1
1804,[0.33388339 0.53475109],7,0,"[0.383291892093257, 0.5586820702346661]",1948,-1
1805,[0.44254709 0.33579173],6,1,"[0.3897435781344088, 0.3417040596068965]",788,-1
1806,[0.26151638 0.27153397],0,5,"[0.23231087327800656, 0.30304944505444303]",1534,-1
1807,[0.30724262 0.48322668],3,8,"[0.27392971195344684, 0.45973140540928376]",-1,-1
1808,[0.23259683 0.57281397],4,7,"[0.2817018170798153, 0.5849768676672948]",1358,-1
1809,[0.53490804 0.7222562 ],5,-1,-1,-1,-1
1810,[0.50585947 0.56972437],3,6,"[0.5164739970238864, 0.5319253761973344]",1380,-1
1811,[0.36617646 0.56605023],3,0,"[0.383291892093257, 0.5586820702346661]",-1,12
1812,[0.45646339 0.54422441],5,6,"[0.5164739970238864, 0.5319253761973344]",-1,-1
1813,[0.59060816 0.57423001],9,2,"[0.5921204552873188, 0.6383928111301557]",1326,-1
1814,[0.676319   0.36333326],8,-1,-1,-1,-1
1815,[0.38718176 0.23871604],2,-1,-1,-1,-1
1816,[0.69041037 0.50350275],5,3,"[0.6815204869410737, 0.47689852788858716]",-1,2
1817,[0.4595887  0.52960454],5,6,"[0.5164739970238864, 0.5319253761973344]",-1,-1
1818,[0.30137518 0.30142671],0,9,"[0.3110394802231661, 0.23517199738277297]",-1,-1
1819,[0.67986753 0.75518755],1,-1,-1,-1,0
1820,[0.63148042 0.49383048],8,3,"[0.6815204869410737, 0.47689852788858716]",-1,-1
1821,[0.40315948 0.52843675],3,0,"[0.383291892093257, 0.5586820702346661]",1641,-1
1822,[0.28400752 0.28405566],2,5,"[0.23231087327800656, 0.30304944505444303]",-1,-1
1823,[0.90442344 0.66186657],1,-1,-1,22,-1
1824,[0.24012026 0.47390277],7,8,"[0.27392971195344684, 0.45973140540928376]",-1,-1
1825,[0.60329449 0.60964992],9,2,"[0.5921204552873188, 0.6383928111301557]",1301,-1
1826,[0.69383725 0.49402138],8,3,"[0.6815204869410737, 0.47689852788858716]",836,2
1827,[0.62404214 0.5479113 ],8,-1,-1,-1,-1
1828,[0.67168931 0.47393239],8,3,"[0.6815204869410737, 0.47689852788858716]",-1,-1
1829,[0.18862495 0.38049511],2,-1,-1,-1,-1
1830,[0.31846872 0.58166787],4,7,"[0.2817018170798153, 0.5849768676672948]",1963,-1
1831,[0.60202913 0.40206167],8,-1,-1,164,-1
1832,[0.3453844 0.5171168],7,0,"[0.383291892093257, 0.5586820702346661]",-1,-1
1833,[0.40256335 0.50427864],4,0,"[0.383291892093257, 0.5586820702346661]",1455,-1
1834,[0.24009093 0.41673576],0,8,"[0.27392971195344684, 0.45973140540928376]",691,-1
1835,[0.23594046 0.2389418 ],0,5,"[0.23231087327800656, 0.30304944505444303]",1314,-1
1836,[0.24098193 0.32017905],2,5,"[0.23231087327800656, 0.30304944505444303]",1494,7
1837,[0.60471446 0.58299625],9,2,"[0.5921204552873188, 0.6383928111301557]",1326,5
1838,[0.474422   0.66250325],5,-1,-1,551,-1
1839,[0.32644789 0.50832754],7,-1,-1,1920,-1
1840,[0.70814507 0.62206805],9,-1,-1,-1,-1
1841,[0.45293462 0.36982661],6,1,"[0.3897435781344088, 0.3417040596068965]",441,-1
1842,[0.23490961 0.46650542],7,8,"[0.27392971195344684, 0.45973140540928376]",-1,-1
1843,[0.22765849 0.52131952],7,-1,-1,-1,-1
1844,[0.37702373 0.59359908],4,0,"[0.383291892093257, 0.5586820702346661]",-1,-1
1845,[0.36985037 0.5309662 ],3,0,"[0.383291892093257, 0.5586820702346661]",1934,-1
1846,[0.33159426 0.08501553],0,-1,-1,-1,-1
1847,[0.54855108 0.62008409],5,2,"[0.5921204552873188, 0.6383928111301557]",1269,-1
1848,[0.47753113 0.56321808],4,6,"[0.5164739970238864, 0.5319253761973344]",1010,-1
1849,[0.58516192 0.45187224],8,-1,-1,607,-1
1850,[0.39673963 0.57530518],4,0,"[0.383291892093257, 0.5586820702346661]",1770,-1
1851,[0.45962589 0.46425019],6,-1,-1,291,-1
1852,[0.73265159 0.73217   ],1,4,"[0.7726811996944247, 0.7249303226766757]",381,0
1853,[0.24373248 0.50546378],4,8,"[0.27392971195344684, 0.45973140540928376]",-1,-1
1854,[0.25693564 0.59040259],4,7,"[0.2817018170798153, 0.5849768676672948]",754,-1
1855,[0.51874255 0.58699866],9,6,"[0.5164739970238864, 0.5319253761973344]",-1,-1
1856,[0.42200364 0.43234115],6,-1,-1,403,-1
1857,[0.34611307 0.51976433],7,0,"[0.383291892093257, 0.5586820702346661]",-1,-1
1858,[0.49017138 0.45490959],5,-1,-1,-1,-1
1859,[0.67596672 0.81780222],1,-1,-1,-1,-1
1860,[0.45244466 0.67760833],5,-1,-1,-1,-1
1861,[0.69563478 0.41626362],8,3,"[0.6815204869410737, 0.47689852788858716]",503,-1
1862,[0.36231801 0.60623753],4,0,"[0.383291892093257, 0.5586820702346661]",-1,-1
1863,[0.60212771 0.58351501],9,2,"[0.5921204552873188, 0.6383928111301557]",1326,5
1864,[0.32848077 0.55848169],4,7,"[0.2817018170798153, 0.5849768676672948]",-1,-1
1865,[0.39274432 0.59020028],3,0,"[0.383291892093257, 0.5586820702346661]",1722,-1
1866,[0.37479362 0.56254681],4,0,"[0.383291892093257, 0.5586820702346661]",1832,-1
1867,[0.37531736 0.61363656],7,0,"[0.383291892093257, 0.5586820702346661]",1513,-1
1868,[0.23606483 0.35530698],2,5,"[0.23231087327800656, 0.30304944505444303]",1130,-1
1869,[0.59420344 0.52682557],5,-1,-1,1102,-1
1870,[0.28851439 0.21139601],0,9,"[0.3110394802231661, 0.23517199738277297]",1028,-1
1871,[0.52229221 0.56819742],5,6,"[0.5164739970238864, 0.5319253761973344]",-1,-1
1872,[0.72011062 0.73872192],1,4,"[0.7726811996944247, 0.7249303226766757]",-1,0
1873,[0.42109431 0.45918128],6,-1,-1,713,-1
1874,[0.30603745 0.497925  ],7,8,"[0.27392971195344684, 0.45973140540928376]",1888,-1
1875,[0.35371259 0.29241681],2,1,"[0.3897435781344088, 0.3417040596068965]",1667,-1
1876,[0.35533944 0.29572576],6,1,"[0.3897435781344088, 0.3417040596068965]",-1,-1
1877,[0.63541552 0.62886749],9,2,"[0.5921204552873188, 0.6383928111301557]",-1,-1
1878,[0.32247285 0.47979425],7,8,"[0.27392971195344684, 0.45973140540928376]",1475,-1
1879,[0.30475234 0.54479361],4,7,"[0.2817018170798153, 0.5849768676672948]",-1,-1
1880,[0.71950333 0.53602063],8,-1,-1,516,-1
1881,[0.19697373 0.40508123],0,-1,-1,201,-1
1882,[0.55548528 0.6444246 ],9,2,"[0.5921204552873188, 0.6383928111301557]",-1,-1
1883,[0.53343184 0.4938338 ],5,6,"[0.5164739970238864, 0.5319253761973344]",1096,-1
1884,[0.7941443  0.67105998],1,4,"[0.7726811996944247, 0.7249303226766757]",-1,0
1885,[0.37898741 0.32649785],6,1,"[0.3897435781344088, 0.3417040596068965]",1476,-1
1886,[0.40102335 0.64577576],3,-1,-1,589,-1
1887,[0.4117172  0.61679416],4,0,"[0.383291892093257, 0.5586820702346661]",-1,-1
1888,[0.42374646 0.36067372],6,1,"[0.3897435781344088, 0.3417040596068965]",682,-1
1889,[0.24177178 0.30424192],2,5,"[0.23231087327800656, 0.30304944505444303]",1567,-1
1890,[0.54265136 0.59985653],9,2,"[0.5921204552873188, 0.6383928111301557]",1422,-1
1891,[0.37918298 0.30734561],6,1,"[0.3897435781344088, 0.3417040596068965]",1464,-1
1892,[0.80300428 0.46553409],8,-1,-1,-1,-1
1893,[0.26885692 0.51214949],7,8,"[0.27392971195344684, 0.45973140540928376]",-1,-1
1894,[0.23164995 0.2852499 ],0,5,"[0.23231087327800656, 0.30304944505444303]",1531,-1
1895,[0.53170022 0.47971124],8,6,"[0.5164739970238864, 0.5319253761973344]",926,-1
1896,[0.50861197 0.47043522],3,6,"[0.5164739970238864, 0.5319253761973344]",248,-1
1897,[0.3924594  0.51662549],4,0,"[0.383291892093257, 0.5586820702346661]",1634,-1
1898,[0.30102723 0.17901365],0,9,"[0.3110394802231661, 0.23517199738277297]",-1,-1
1899,[0.37713606 0.61097397],3,0,"[0.383291892093257, 0.5586820702346661]",1513,-1
1900,[0.50481346 0.52233855],5,6,"[0.5164739970238864, 0.5319253761973344]",942,-1
1901,[0.34105797 0.26148623],6,9,"[0.3110394802231661, 0.23517199738277297]",958,-1
1902,[0.40271344 0.2793357 ],6,1,"[0.3897435781344088, 0.3417040596068965]",-1,-1
1903,[0.21835067 0.38831314],2,-1,-1,-1,-1
1904,[0.28653529 0.54320453],4,7,"[0.2817018170798153, 0.5849768676672948]",-1,-1
1905,[0.23220589 0.52853553],7,-1,-1,1477,-1
1906,[0.7674433  0.69609892],1,4,"[0.7726811996944247, 0.7249303226766757]",448,0
1907,[0.46459413 0.2059263 ],6,-1,-1,-1,-1
1908,[0.28178645 0.2541758 ],2,9,"[0.3110394802231661, 0.23517199738277297]",-1,-1
1909,[0.48556399 0.50825643],5,6,"[0.5164739970238864, 0.5319253761973344]",-1,-1
1910,[0.36400855 0.33299389],0,1,"[0.3897435781344088, 0.3417040596068965]",1532,-1
1911,[0.29512761 0.57417204],4,7,"[0.2817018170798153, 0.5849768676672948]",-1,-1
1912,[0.64889707 0.73997994],1,-1,-1,-1,-1
1913,[0.28784095 0.22310645],0,9,"[0.3110394802231661, 0.23517199738277297]",-1,-1
1914,[0.44673978 0.5090949 ],6,-1,-1,1059,-1
1915,[0.44053947 0.40179837],2,-1,-1,426,-1
1916,[0.73899111 0.76212884],1,4,"[0.7726811996944247, 0.7249303226766757]",415,0
1917,[0.41186273 0.33956871],6,1,"[0.3897435781344088, 0.3417040596068965]",-1,-1
1918,[0.24560323 0.64061138],4,7,"[0.2817018170798153, 0.5849768676672948]",-1,-1
1919,[0.75289998 0.77895623],1,4,"[0.7726811996944247, 0.7249303226766757]",372,0
1920,[0.44890509 0.35723124],6,1,"[0.3897435781344088, 0.3417040596068965]",-1,-1
1921,[0.39682758 0.29875333],2,1,"[0.3897435781344088, 0.3417040596068965]",-1,-1
1922,[0.7173089  0.69245942],1,4,"[0.7726811996944247, 0.7249303226766757]",393,0
1923,[0.23148168 0.60447186],4,7,"[0.2817018170798153, 0.5849768676672948]",-1,-1
1924,[0.57832809 0.57857288],5,2,"[0.5921204552873188, 0.6383928111301557]",-1,-1
1925,[0.47629579 0.58330388],5,6,"[0.5164739970238864, 0.5319253761973344]",-1,-1
1926,[0.41763437 0.31128756],2,1,"[0.3897435781344088, 0.3417040596068965]",977,-1
1927,[0.39151899 0.56169242],3,0,"[0.383291892093257, 0.5586820702346661]",-1,-1
1928,[0.81773646 0.66910229],1,-1,-1,-1,0
1929,[0.13653973 0.25932751],0,-1,-1,-1,-1
1930,[0.64678098 0.43734279],8,3,"[0.6815204869410737, 0.47689852788858716]",-1,-1
1931,[0.3394225  0.59548536],4,0,"[0.383291892093257, 0.5586820702346661]",1863,-1
1932,[0.31121303 0.25754705],0,9,"[0.3110394802231661, 0.23517199738277297]",-1,-1
1933,[0.33285649 0.22569529],0,9,"[0.3110394802231661, 0.23517199738277297]",-1,-1
1934,[0.87274378 0.74566066],1,-1,-1,87,0
1935,[0.85944647 0.63968571],1,-1,-1,-1,-1
1936,[0.64897654 0.59134805],5,-1,-1,1013,-1
1937,[0.28872322 0.53039788],7,7,"[0.2817018170798153, 0.5849768676672948]",1911,-1
1938,[0.59315026 0.51954365],5,-1,-1,1102,-1
1939,[0.38162472 0.53848238],3,0,"[0.383291892093257, 0.5586820702346661]",-1,-1
1940,[0.23577616 0.31079925],2,5,"[0.23231087327800656, 0.30304944505444303]",1566,-1
1941,[0.12723743 0.29663908],0,-1,-1,-1,-1
1942,[0.36697473 0.24573404],6,9,"[0.3110394802231661, 0.23517199738277297]",675,-1
1943,[0.25105562 0.62399395],4,7,"[0.2817018170798153, 0.5849768676672948]",-1,-1
1944,[0.33352532 0.50797328],7,-1,-1,-1,15
1945,[0.69868403 0.80259673],1,-1,-1,106,-1
1946,[0.48326927 0.54501303],5,6,"[0.5164739970238864, 0.5319253761973344]",959,-1
1947,[0.6924601  0.35049487],8,-1,-1,-1,-1
1948,[0.49458272 0.5354266 ],9,6,"[0.5164739970238864, 0.5319253761973344]",-1,-1
1949,[0.26486213 0.23289108],0,9,"[0.3110394802231661, 0.23517199738277297]",1137,-1
1950,[0.74979785 0.74782919],1,4,"[0.7726811996944247, 0.7249303226766757]",-1,0
1951,[0.38010706 0.3586003 ],6,1,"[0.3897435781344088, 0.3417040596068965]",-1,-1
1952,[0.64760294 0.601489  ],9,2,"[0.5921204552873188, 0.6383928111301557]",-1,-1
1953,[0.64703045 0.41349063],8,-1,-1,521,-1
1954,[0.21884497 0.2731314 ],0,5,"[0.23231087327800656, 0.30304944505444303]",-1,-1
1955,[0.38329084 0.52384639],3,0,"[0.383291892093257, 0.5586820702346661]",-1,-1
1956,[0.50651105 0.54400758],5,6,"[0.5164739970238864, 0.5319253761973344]",1186,3
1957,[0.62461705 0.53306041],5,-1,-1,774,-1
1958,[0.67662009 0.68751939],1,-1,-1,387,-1
1959,[0.50263953 0.5447307 ],5,6,"[0.5164739970238864, 0.5319253761973344]",1186,-1
1960,[0.35153488 0.54217377],7,0,"[0.383291892093257, 0.5586820702346661]",-1,16
1961,[0.38061351 0.31846259],6,1,"[0.3897435781344088, 0.3417040596068965]",-1,-1
1962,[0.34010469 0.46037385],2,8,"[0.27392971195344684, 0.45973140540928376]",1387,-1
1963,[0.27120983 0.52966519],7,7,"[0.2817018170798153, 0.5849768676672948]",1853,-1
1964,[0.36740338 0.63908829],4,-1,-1,784,-1
1965,[0.34714319 0.56778807],4,0,"[0.383291892093257, 0.5586820702346661]",1901,-1
1966,[0.25569948 0.33509758],0,5,"[0.23231087327800656, 0.30304944505444303]",1399,-1
1967,[0.33869991 0.45148275],7,8,"[0.27392971195344684, 0.45973140540928376]",1387,-1
1968,[0.29196111 0.38841904],6,-1,-1,1068,-1
1969,[0.8784735  0.73186824],1,-1,-1,87,0
1970,[0.41356706 0.45520577],5,-1,-1,-1,-1
1971,[0.53570712 0.62729451],9,2,"[0.5921204552873188, 0.6383928111301557]",1141,-1
1972,[0.30110331 0.58368281],4,7,"[0.2817018170798153, 0.5849768676672948]",1819,-1
1973,[0.74002179 0.57068903],8,-1,-1,-1,-1
1974,[0.39922175 0.28168626],6,1,"[0.3897435781344088, 0.3417040596068965]",1077,-1
1975,[0.53153883 0.43349962],5,-1,-1,146,-1
1976,[0.45207631 0.54830202],3,6,"[0.5164739970238864, 0.5319253761973344]",-1,-1
1977,[0.43854399 0.3776269 ],6,1,"[0.3897435781344088, 0.3417040596068965]",741,-1
1978,[0.28093557 0.29110453],2,5,"[0.23231087327800656, 0.30304944505444303]",1687,11
1979,[0.22244704 0.37081559],2,5,"[0.23231087327800656, 0.30304944505444303]",-1,-1
1980,[0.79618468 0.76654249],1,4,"[0.7726811996944247, 0.7249303226766757]",427,0
1981,[0.28875006 0.4575084 ],7,8,"[0.27392971195344684, 0.45973140540928376]",-1,-1
1982,[0.67189896 0.52269497],8,3,"[0.6815204869410737, 0.47689852788858716]",828,-1
1983,[0.4977175  0.66471276],5,-1,-1,712,-1
1984,[0.38058835 0.43143273],6,-1,-1,683,-1
1985,[0.90913008 0.6678488 ],1,-1,-1,22,-1
1986,[0.44063073 0.54851936],3,0,"[0.383291892093257, 0.5586820702346661]",1296,-1
1987,[0.61970282 0.53993732],5,-1,-1,734,-1
1988,[0.34646152 0.19212287],6,9,"[0.3110394802231661, 0.23517199738277297]",-1,-1
1989,[0.78303258 0.73697292],1,4,"[0.7726811996944247, 0.7249303226766757]",470,0
1990,[0.36507152 0.46473491],7,-1,-1,-1,-1
1991,[0.2115317  0.37607747],2,-1,-1,-1,-1
1992,[0.59343238 0.81268858],9,-1,-1,-1,-1
1993,[0.70331551 0.69935584],1,-1,-1,-1,0
1994,[0.17080773 0.39120923],2,-1,-1,-1,-1
1995,[0.18202092 0.35210546],0,-1,-1,-1,-1
1996,[0.45642964 0.52965149],3,6,"[0.5164739970238864, 0.5319253761973344]",1305,-1
1997,[0.53560626 0.3275824 ],6,-1,-1,-1,-1
1998,[0.3544487  0.58364352],3,0,"[0.383291892093257, 0.5586820702346661]",1843,-1
1999,[0.17885528 0.53659165],7,-1,-1,-1,-1
2000,[0.7030265  0.64514759],9,-1,-1,221,0
2001,[0.58984326 0.75074036],9,-1,-1,-1,-1
2002,[0.44015143 0.4825393 ],5,-1,-1,-1,-1
2003,[0.3920127  0.53990888],4,0,"[0.383291892093257, 0.5586820702346661]",1808,-1
2004,[0.31324772 0.29227878],0,9,"[0.3110394802231661, 0.23517199738277297]",1614,-1
2005,[0.25332919 0.21692603],0,9,"[0.3110394802231661, 0.23517199738277297]",990,-1
2006,[0.25246896 0.43419755],4,8,"[0.27392971195344684, 0.45973140540928376]",-1,-1
2007,[0.26131942 0.57828247],7,7,"[0.2817018170798153, 0.5849768676672948]",-1,-1
2008,[0.30305516 0.31417365],0,-1,-1,-1,-1
2009,[0.64741142 0.67090824],9,2,"[0.5921204552873188, 0.6383928111301557]",641,-1
2010,[0.81791443 0.78810293],1,-1,-1,-1,0
2011,[0.37776833 0.55422992],4,0,"[0.383291892093257, 0.5586820702346661]",-1,-1
2012,[0.51142462 0.7293362 ],9,-1,-1,116,-1
2013,[0.21467287 0.34664285],2,5,"[0.23231087327800656, 0.30304944505444303]",1128,-1
2014,[0.55613709 0.38408605],8,-1,-1,-1,-1
2015,[0.61270212 0.43761304],8,-1,-1,-1,-1
2016,[0.54896958 0.67653162],9,2,"[0.5921204552873188, 0.6383928111301557]",686,-1
2017,[0.50670166 0.2755631 ],6,-1,-1,-1,-1
2018,[0.18488018 0.3362443 ],2,5,"[0.23231087327800656, 0.30304944505444303]",-1,-1
2019,[0.4749169  0.55740789],9,6,"[0.5164739970238864, 0.5319253761973344]",1084,-1
2020,[0.30255144 0.20750683],0,9,"[0.3110394802231661, 0.23517199738277297]",-1,-1
2021,[0.26828769 0.50942882],3,8,"[0.27392971195344684, 0.45973140540928376]",-1,-1
2022,[0.24739747 0.55443954],7,7,"[0.2817018170798153, 0.5849768676672948]",1706,-1
2023,[0.67347782 0.72434199],1,-1,-1,196,0
2024,[0.54775991 0.60668001],9,2,"[0.5921204552873188, 0.6383928111301557]",-1,-1
2025,[0.27118633 0.44883738],7,8,"[0.27392971195344684, 0.45973140540928376]",-1,-1
2026,[0.47895383 0.32518742],6,-1,-1,-1,-1
2027,[0.52037736 0.62548088],3,-1,-1,1143,-1
2028,[0.70023965 0.47349333],8,3,"[0.6815204869410737, 0.47689852788858716]",802,-1
2029,[0.33034525 0.30466369],6,-1,-1,1659,10
2030,[0.27822837 0.35783529],2,-1,-1,1264,-1
2031,[0.53063171 0.6083435 ],5,2,"[0.5921204552873188, 0.6383928111301557]",1203,-1
2032,[0.58714001 0.55241   ],5,-1,-1,-1,-1
2033,[0.33103378 0.31027342],0,1,"[0.3897435781344088, 0.3417040596068965]",1679,-1
2034,[0.26432381 0.60573447],7,7,"[0.2817018170798153, 0.5849768676672948]",-1,-1
2035,[0.36579659 0.35517314],0,1,"[0.3897435781344088, 0.3417040596068965]",1245,-1
2036,[0.35689978 0.43444563],3,-1,-1,884,-1
2037,[0.55530623 0.490359  ],5,6,"[0.5164739970238864, 0.5319253761973344]",845,-1
2038,[0.28176887 0.55307403],3,7,"[0.2817018170798153, 0.5849768676672948]",1917,-1
2039,[0.42276705 0.42718027],6,-1,-1,-1,-1
2040,[0.48004827 0.3548197 ],6,-1,-1,-1,-1
2041,[0.55103904 0.56218417],5,6,"[0.5164739970238864, 0.5319253761973344]",1406,6
2042,[0.56362097 0.61118846],5,2,"[0.5921204552873188, 0.6383928111301557]",-1,-1
2043,[0.76296325 0.75028707],1,4,"[0.7726811996944247, 0.7249303226766757]",430,0
2044,[0.33776068 0.50343656],7,-1,-1,1880,-1
2045,[0.50606113 0.66364145],9,-1,-1,-1,-1
2046,[0.71129946 0.4606074 ],8,3,"[0.6815204869410737, 0.47689852788858716]",717,-1
2047,[0.63148582 0.53605415],8,-1,-1,-1,-1
2048,[0.25846748 0.64587162],4,7,"[0.2817018170798153, 0.5849768676672948]",324,-1
2049,[0.30850459 0.26243033],0,9,"[0.3110394802231661, 0.23517199738277297]",-1,-1
2050,[0.52232244 0.47492454],5,6,"[0.5164739970238864, 0.5319253761973344]",-1,-1
2051,[0.55284271 0.49662584],5,6,"[0.5164739970238864, 0.5319253761973344]",-1,-1
2052,[0.53633835 0.57569242],9,6,"[0.5164739970238864, 0.5319253761973344]",-1,-1
2053,[0.25808257 0.56433241],7,7,"[0.2817018170798153, 0.5849768676672948]",1699,-1
2054,[0.81683034 0.72422999],1,4,"[0.7726811996944247, 0.7249303226766757]",456,0
2055,[0.28637467 0.54507594],7,7,"[0.2817018170798153, 0.5849768676672948]",1907,-1
2056,[0.4089706  0.52121014],3,0,"[0.383291892093257, 0.5586820702346661]",1637,-1
2057,[0.20686743 0.35363385],2,5,"[0.23231087327800656, 0.30304944505444303]",749,-1
2058,[0.22194654 0.21734112],0,-1,-1,-1,-1
2059,[0.69191138 0.72561017],1,-1,-1,322,0
2060,[0.33414518 0.55812063],4,0,"[0.383291892093257, 0.5586820702346661]",1971,-1
2061,[0.49367904 0.48995753],5,6,"[0.5164739970238864, 0.5319253761973344]",605,-1
2062,[0.55700212 0.55653983],5,6,"[0.5164739970238864, 0.5319253761973344]",1403,-1
2063,[0.51548294 0.54012053],5,6,"[0.5164739970238864, 0.5319253761973344]",1181,3
2064,[0.34101772 0.53968772],4,0,"[0.383291892093257, 0.5586820702346661]",-1,16
2065,[0.30675097 0.47291552],4,8,"[0.27392971195344684, 0.45973140540928376]",-1,-1
2066,[0.35009943 0.56581484],3,0,"[0.383291892093257, 0.5586820702346661]",-1,-1
2067,[0.47138964 0.63169533],9,-1,-1,647,-1
2068,[0.33329798 0.43627968],6,8,"[0.27392971195344684, 0.45973140540928376]",941,-1
2069,[0.69719358 0.39086013],8,-1,-1,217,-1
2070,[0.28715577 0.37913622],7,-1,-1,1099,-1
2071,[0.60991802 0.45403427],8,-1,-1,-1,-1
2072,[0.46028574 0.32525666],6,-1,-1,-1,-1
2073,[0.47701608 0.28714951],6,-1,-1,-1,-1
2074,[0.57383441 0.41542941],5,-1,-1,-1,-1
2075,[0.40548063 0.47250113],7,-1,-1,714,-1
2076,[0.2600471  0.24651668],2,9,"[0.3110394802231661, 0.23517199738277297]",1138,-1
2077,[0.36844351 0.52225306],3,0,"[0.383291892093257, 0.5586820702346661]",-1,-1
2078,[0.34428645 0.36419105],6,1,"[0.3897435781344088, 0.3417040596068965]",1354,-1
2079,[0.32912224 0.33966531],2,1,"[0.3897435781344088, 0.3417040596068965]",1616,-1
2080,[0.66304112 0.49748345],8,3,"[0.6815204869410737, 0.47689852788858716]",-1,-1
2081,[0.67389129 0.58038345],8,-1,-1,-1,-1
2082,[0.39594866 0.63007309],3,-1,-1,751,-1
2083,[0.29475132 0.30704774],0,5,"[0.23231087327800656, 0.30304944505444303]",1650,-1
2084,[0.34670583 0.27621059],2,9,"[0.3110394802231661, 0.23517199738277297]",1119,-1
2085,[0.39930484 0.36715953],6,1,"[0.3897435781344088, 0.3417040596068965]",-1,-1
2086,[0.20097817 0.5047516 ],4,-1,-1,211,-1
2087,[0.2763057  0.41533186],7,8,"[0.27392971195344684, 0.45973140540928376]",747,-1
2088,[0.76752443 0.49655269],8,-1,-1,190,-1
2089,[0.22284213 0.63446392],4,-1,-1,-1,-1
2090,[0.39460966 0.29114015],6,1,"[0.3897435781344088, 0.3417040596068965]",-1,-1
2091,[0.36433264 0.37781911],0,1,"[0.3897435781344088, 0.3417040596068965]",1009,-1
2092,[0.33102658 0.59013573],4,7,"[0.2817018170798153, 0.5849768676672948]",1941,-1
2093,[0.60478156 0.66025582],9,2,"[0.5921204552873188, 0.6383928111301557]",-1,-1
2094,[0.36763135 0.26777972],6,9,"[0.3110394802231661, 0.23517199738277297]",-1,-1
2095,[0.24288689 0.56429959],4,7,"[0.2817018170798153, 0.5849768676672948]",-1,-1
2096,[0.47128104 0.49249235],5,6,"[0.5164739970238864, 0.5319253761973344]",875,-1
2097,[0.35487775 0.46381905],4,-1,-1,-1,-1
2098,[0.3086941  0.28966157],0,9,"[0.3110394802231661, 0.23517199738277297]",-1,11
2099,[0.37886068 0.58987689],7,0,"[0.383291892093257, 0.5586820702346661]",1846,-1
2100,[0.33972142 0.58705474],4,0,"[0.383291892093257, 0.5586820702346661]",-1,-1
2101,[0.30625976 0.23330026],0,9,"[0.3110394802231661, 0.23517199738277297]",-1,-1
2102,[0.5233543  0.60703688],5,-1,-1,-1,-1
2103,[0.71657027 0.45359616],8,3,"[0.6815204869410737, 0.47689852788858716]",-1,-1
2104,[0.30091278 0.50173833],3,8,"[0.27392971195344684, 0.45973140540928376]",-1,-1
2105,[0.19046976 0.24454935],0,-1,-1,-1,-1
2106,[0.60774787 0.59463928],9,2,"[0.5921204552873188, 0.6383928111301557]",1327,-1
2107,[0.58882551 0.71590373],9,-1,-1,423,-1
2108,[0.40804852 0.30177243],6,1,"[0.3897435781344088, 0.3417040596068965]",-1,-1
2109,[0.62992953 0.51105392],5,3,"[0.6815204869410737, 0.47689852788858716]",869,-1
2110,[0.32764407 0.62726183],3,7,"[0.2817018170798153, 0.5849768676672948]",-1,-1
2111,[0.71246556 0.59757054],1,-1,-1,-1,-1
2112,[0.66806061 0.48221154],8,3,"[0.6815204869410737, 0.47689852788858716]",830,-1
2113,[0.33862727 0.55890789],3,0,"[0.383291892093257, 0.5586820702346661]",-1,-1
2114,[0.33833945 0.4689687 ],3,8,"[0.27392971195344684, 0.45973140540928376]",-1,-1
2115,[0.3195237 0.6281468],4,7,"[0.2817018170798153, 0.5849768676672948]",1395,-1
2116,[0.34348561 0.36232735],6,1,"[0.3897435781344088, 0.3417040596068965]",1354,-1
2117,[0.37794859 0.53884099],4,0,"[0.383291892093257, 0.5586820702346661]",1813,-1
2118,[0.45726834 0.55012886],5,6,"[0.5164739970238864, 0.5319253761973344]",-1,-1
2119,[0.4693956  0.51568481],3,6,"[0.5164739970238864, 0.5319253761973344]",1002,-1
2120,[0.49142441 0.45694788],5,-1,-1,-1,-1
2121,[0.37211012 0.59197195],3,0,"[0.383291892093257, 0.5586820702346661]",1846,12
2122,[0.48861751 0.48577059],5,6,"[0.5164739970238864, 0.5319253761973344]",606,-1
2123,[0.41003116 0.54051621],3,0,"[0.383291892093257, 0.5586820702346661]",-1,-1
2124,[0.25527578 0.35074576],2,5,"[0.23231087327800656, 0.30304944505444303]",1587,-1
2125,[0.36182229 0.30134288],6,1,"[0.3897435781344088, 0.3417040596068965]",1543,-1
2126,[0.71992814 0.51212212],8,3,"[0.6815204869410737, 0.47689852788858716]",573,-1
2127,[0.41014773 0.3164416 ],6,1,"[0.3897435781344088, 0.3417040596068965]",-1,-1
2128,[0.26543165 0.48580646],7,8,"[0.27392971195344684, 0.45973140540928376]",-1,-1
2129,[0.57627396 0.53277975],5,6,"[0.5164739970238864, 0.5319253761973344]",1400,-1
2130,[0.33333039 0.43805978],2,8,"[0.27392971195344684, 0.45973140540928376]",941,-1
2131,[0.40934148 0.58423221],4,0,"[0.383291892093257, 0.5586820702346661]",1715,-1
2132,[0.30247065 0.41209431],7,8,"[0.27392971195344684, 0.45973140540928376]",1074,-1
2133,[0.41357503 0.59464276],3,0,"[0.383291892093257, 0.5586820702346661]",1719,-1
2134,[0.19970154 0.32666051],0,5,"[0.23231087327800656, 0.30304944505444303]",1039,-1
2135,[0.40872841 0.55902211],3,0,"[0.383291892093257, 0.5586820702346661]",1740,-1
2136,[0.48849297 0.45353448],5,-1,-1,-1,-1
2137,[0.25129285 0.43181622],7,8,"[0.27392971195344684, 0.45973140540928376]",-1,-1
2138,[0.28104537 0.60226761],4,7,"[0.2817018170798153, 0.5849768676672948]",-1,-1
2139,[0.23024016 0.36869885],0,5,"[0.23231087327800656, 0.30304944505444303]",1085,-1
2140,[0.36749093 0.50620172],3,0,"[0.383291892093257, 0.5586820702346661]",-1,-1
2141,[0.36574619 0.2431886 ],2,9,"[0.3110394802231661, 0.23517199738277297]",675,-1
2142,[0.32844635 0.48304731],4,8,"[0.27392971195344684, 0.45973140540928376]",1831,-1
2143,[0.31678811 0.24307648],2,9,"[0.3110394802231661, 0.23517199738277297]",-1,-1
2144,[0.499444   0.59977875],5,6,"[0.5164739970238864, 0.5319253761973344]",1063,-1
2145,[0.49626134 0.31827579],6,-1,-1,-1,-1
2146,[0.55646005 0.4773104 ],5,6,"[0.5164739970238864, 0.5319253761973344]",744,-1
2147,[0.24838013 0.35970016],6,5,"[0.23231087327800656, 0.30304944505444303]",-1,-1
2148,[0.24885452 0.51996978],4,8,"[0.27392971195344684, 0.45973140540928376]",-1,-1
2149,[0.72924238 0.40518837],8,-1,-1,316,-1
2150,[0.6936442  0.82283116],1,-1,-1,-1,-1
2151,[0.27416675 0.54529243],4,7,"[0.2817018170798153, 0.5849768676672948]",-1,-1
2152,[0.25472629 0.44824717],2,8,"[0.27392971195344684, 0.45973140540928376]",-1,-1
2153,[0.79889767 0.63696305],9,-1,-1,-1,0
2154,[0.35259873 0.25120893],0,9,"[0.3110394802231661, 0.23517199738277297]",-1,-1
2155,[0.3788401  0.57671484],4,0,"[0.383291892093257, 0.5586820702346661]",1865,-1
2156,[0.31410411 0.3399066 ],2,-1,-1,1623,8
2157,[0.19270721 0.21943821],0,-1,-1,557,-1
2158,[0.37803088 0.4799195 ],7,-1,-1,771,-1
2159,[0.45065935 0.64180772],9,-1,-1,-1,-1
2160,[0.66253446 0.71927931],9,-1,-1,-1,-1
2161,[0.61389847 0.62062299],9,2,"[0.5921204552873188, 0.6383928111301557]",1335,-1
2162,[0.60732457 0.64146496],9,2,"[0.5921204552873188, 0.6383928111301557]",1332,-1
2163,[0.37500252 0.31285641],2,1,"[0.3897435781344088, 0.3417040596068965]",-1,-1
2164,[0.52652283 0.53770266],5,6,"[0.5164739970238864, 0.5319253761973344]",1177,-1
2165,[0.38178983 0.35249844],6,1,"[0.3897435781344088, 0.3417040596068965]",1086,-1
2166,[0.36964319 0.57276739],3,0,"[0.383291892093257, 0.5586820702346661]",-1,12
2167,[0.31650098 0.51566433],7,-1,-1,1922,-1
2168,[0.39605395 0.56158532],3,0,"[0.383291892093257, 0.5586820702346661]",-1,-1
2169,[0.32844417 0.56504419],4,7,"[0.2817018170798153, 0.5849768676672948]",-1,-1
2170,[0.97115548 0.80683971],1,-1,-1,-1,-1
2171,[0.22002228 0.29298108],0,5,"[0.23231087327800656, 0.30304944505444303]",-1,-1
2172,[0.26467539 0.24224491],0,9,"[0.3110394802231661, 0.23517199738277297]",1345,-1
2173,[0.28559146 0.53123933],7,7,"[0.2817018170798153, 0.5849768676672948]",-1,-1
2174,[0.32033384 0.15640197],0,-1,-1,41,-1
2175,[0.42278305 0.28771544],6,1,"[0.3897435781344088, 0.3417040596068965]",765,-1
2176,[0.27460345 0.43068646],7,8,"[0.27392971195344684, 0.45973140540928376]",-1,-1
2177,[0.76067828 0.69981375],1,4,"[0.7726811996944247, 0.7249303226766757]",460,0
2178,[0.59683798 0.44622937],8,-1,-1,616,-1
2179,[0.64239888 0.48989288],8,3,"[0.6815204869410737, 0.47689852788858716]",819,1
2180,[0.36726798 0.72226933],3,-1,-1,-1,-1
2181,[0.77442265 0.45263193],8,-1,-1,92,-1
2182,[0.64553489 0.42339097],8,3,"[0.6815204869410737, 0.47689852788858716]",-1,-1
2183,[0.21895626 0.55233092],7,-1,-1,-1,-1
2184,[0.64841333 0.60305075],9,2,"[0.5921204552873188, 0.6383928111301557]",613,-1
2185,[0.45195047 0.44612778],5,-1,-1,-1,-1
2186,[0.59471235 0.58879745],9,2,"[0.5921204552873188, 0.6383928111301557]",-1,-1
2187,[0.64442788 0.49232994],8,3,"[0.6815204869410737, 0.47689852788858716]",819,1
2188,[0.25035283 0.39912464],7,8,"[0.27392971195344684, 0.45973140540928376]",649,-1
2189,[0.66639668 0.74694108],1,-1,-1,109,0
2190,[0.67654786 0.38033564],8,-1,-1,159,-1
2191,[0.67097327 0.51210103],8,3,"[0.6815204869410737, 0.47689852788858716]",827,2
2192,[0.79946473 0.70753387],1,4,"[0.7726811996944247, 0.7249303226766757]",-1,0
2193,[0.25918478 0.48282313],7,8,"[0.27392971195344684, 0.45973140540928376]",1709,-1
2194,[0.35941465 0.40400276],3,1,"[0.3897435781344088, 0.3417040596068965]",-1,-1
2195,[0.60339039 0.44743203],5,-1,-1,616,-1
2196,[0.78121881 0.43133157],8,-1,-1,-1,-1
2197,[0.33459577 0.59657252],3,7,"[0.2817018170798153, 0.5849768676672948]",-1,-1
2198,[0.36794208 0.60058804],7,0,"[0.383291892093257, 0.5586820702346661]",1755,-1
2199,[0.68238847 0.49898236],9,3,"[0.6815204869410737, 0.47689852788858716]",-1,2
2200,[0.34825894 0.51543695],3,0,"[0.383291892093257, 0.5586820702346661]",1927,-1
2201,[0.40991095 0.49017617],6,-1,-1,-1,-1
2202,[0.73182216 0.65787528],1,-1,-1,-1,0
2203,[0.76252827 0.7354746 ],1,4,"[0.7726811996944247, 0.7249303226766757]",-1,0
2204,[0.27209422 0.49625317],2,8,"[0.27392971195344684, 0.45973140540928376]",1780,-1
2205,[0.34722757 0.52370989],3,0,"[0.383291892093257, 0.5586820702346661]",-1,-1
2206,[0.30449538 0.51735681],7,8,"[0.27392971195344684, 0.45973140540928376]",1881,-1
2207,[0.73361806 0.80907473],1,-1,-1,-1,0
2208,[0.5173376  0.47331217],5,6,"[0.5164739970238864, 0.5319253761973344]",-1,-1
2209,[0.30859754 0.33682169],0,-1,-1,-1,8
2210,[0.3271243  0.55740784],4,7,"[0.2817018170798153, 0.5849768676672948]",-1,17
2211,[0.40562905 0.49476851],4,0,"[0.383291892093257, 0.5586820702346661]",-1,-1
2212,[0.24291792 0.53135039],7,7,"[0.2817018170798153, 0.5849768676672948]",1488,-1
2213,[0.31050693 0.21359217],0,9,"[0.3110394802231661, 0.23517199738277297]",-1,-1
2214,[0.51610292 0.54465314],3,6,"[0.5164739970238864, 0.5319253761973344]",-1,-1
2215,[0.58526349 0.60011464],5,2,"[0.5921204552873188, 0.6383928111301557]",1351,-1
2216,[0.52027848 0.63053122],5,-1,-1,-1,-1
2217,[0.40604976 0.40529987],0,1,"[0.3897435781344088, 0.3417040596068965]",-1,-1
2218,[0.76459818 0.62061448],1,-1,-1,-1,-1
2219,[0.23481743 0.20804085],0,-1,-1,-1,-1
2220,[0.49968076 0.51271419],5,6,"[0.5164739970238864, 0.5319253761973344]",-1,-1
2221,[0.34010618 0.63900314],3,-1,-1,900,-1
2222,[0.24332091 0.3594003 ],2,5,"[0.23231087327800656, 0.30304944505444303]",1569,-1
2223,[0.57726572 0.6660548 ],9,2,"[0.5921204552873188, 0.6383928111301557]",1121,-1
2224,[0.33672396 0.49369449],3,-1,-1,-1,-1
2225,[0.38388199 0.45427296],6,-1,-1,-1,-1
2226,[0.24635826 0.61071993],4,7,"[0.2817018170798153, 0.5849768676672948]",514,-1
2227,[0.89393884 0.74476731],1,-1,-1,-1,-1
2228,[0.33933601 0.48538922],4,-1,-1,-1,-1
2229,[0.32359811 0.57851176],4,7,"[0.2817018170798153, 0.5849768676672948]",-1,-1
2230,[0.32871711 0.52074655],3,0,"[0.383291892093257, 0.5586820702346661]",-1,-1
2231,[0.47702007 0.26800632],6,-1,-1,-1,-1
2232,[0.30308569 0.32906924],0,-1,-1,-1,-1
2233,[0.58758166 0.54415116],9,-1,-1,-1,-1
2234,[0.51568518 0.57067324],5,6,"[0.5164739970238864, 0.5319253761973344]",-1,-1
2235,[0.51073227 0.51533682],5,6,"[0.5164739970238864, 0.5319253761973344]",858,-1
2236,[0.39699547 0.49809242],3,0,"[0.383291892093257, 0.5586820702346661]",-1,-1
2237,[0.75589631 0.7623733 ],1,4,"[0.7726811996944247, 0.7249303226766757]",417,0
2238,[0.33584494 0.41694369],6,-1,-1,917,-1
2239,[0.41917357 0.53302064],4,0,"[0.383291892093257, 0.5586820702346661]",1469,-1
2240,[0.41810508 0.55971115],5,0,"[0.383291892093257, 0.5586820702346661]",-1,-1
2241,[0.36433415 0.50767905],7,0,"[0.383291892093257, 0.5586820702346661]",1899,-1
2242,[0.41502468 0.6370653 ],3,-1,-1,1046,-1
2243,[0.44925924 0.42445874],6,-1,-1,-1,-1
2244,[0.55880062 0.53901937],9,6,"[0.5164739970238864, 0.5319253761973344]",-1,-1
2245,[0.61005165 0.74714937],9,-1,-1,-1,-1
2246,[0.8081938  0.84012126],1,-1,-1,38,-1
2247,[0.60221396 0.54092126],9,-1,-1,-1,-1
2248,[0.33889266 0.55440877],3,0,"[0.383291892093257, 0.5586820702346661]",-1,17
2249,[0.34152119 0.5300544 ],3,0,"[0.383291892093257, 0.5586820702346661]",1946,16
2250,[0.7118515  0.44495242],8,3,"[0.6815204869410737, 0.47689852788858716]",594,-1
2251,[0.67539967 0.55470693],8,-1,-1,-1,-1
2252,[0.31689304 0.28977465],0,9,"[0.3110394802231661, 0.23517199738277297]",1580,-1
2253,[0.30645368 0.59298795],4,7,"[0.2817018170798153, 0.5849768676672948]",1820,-1
2254,[0.51660654 0.51574259],5,6,"[0.5164739970238864, 0.5319253761973344]",1180,-1
2255,[0.30766686 0.31225268],2,-1,-1,1648,-1
2256,[0.26599615 0.4858492 ],7,8,"[0.27392971195344684, 0.45973140540928376]",-1,-1
2257,[0.32318493 0.22328123],0,9,"[0.3110394802231661, 0.23517199738277297]",968,-1
2258,[0.74578502 0.57267506],8,-1,-1,-1,-1
2259,[0.8051978  0.67562077],1,4,"[0.7726811996944247, 0.7249303226766757]",359,0
2260,[0.347451   0.57670417],3,0,"[0.383291892093257, 0.5586820702346661]",1842,-1
2261,[0.36031346 0.53221955],4,0,"[0.383291892093257, 0.5586820702346661]",1935,-1
2262,[0.21711305 0.36178916],0,5,"[0.23231087327800656, 0.30304944505444303]",-1,-1
2263,[0.33180386 0.5407433 ],7,0,"[0.383291892093257, 0.5586820702346661]",1949,-1
2264,[0.6666125  0.63246939],9,-1,-1,-1,-1
2265,[0.34396584 0.29346302],6,1,"[0.3897435781344088, 0.3417040596068965]",1666,-1
2266,[0.54371813 0.66503393],3,2,"[0.5921204552873188, 0.6383928111301557]",-1,-1
2267,[0.41580257 0.38125638],0,1,"[0.3897435781344088, 0.3417040596068965]",763,-1
2268,[0.61933506 0.66264454],9,2,"[0.5921204552873188, 0.6383928111301557]",-1,-1
2269,[0.40217299 0.55788296],3,0,"[0.383291892093257, 0.5586820702346661]",1749,-1
2270,[0.41768054 0.57774449],3,0,"[0.383291892093257, 0.5586820702346661]",-1,-1
2271,[0.34542982 0.50977954],7,0,"[0.383291892093257, 0.5586820702346661]",-1,-1
2272,[0.31298976 0.33771441],2,-1,-1,-1,8
2273,[0.18037865 0.62754542],7,-1,-1,-1,-1
2274,[0.25652208 0.27554485],0,5,"[0.23231087327800656, 0.30304944505444303]",1548,-1
2275,[0.25997129 0.41340322],2,8,"[0.27392971195344684, 0.45973140540928376]",-1,-1
2276,[0.25489322 0.30542533],2,5,"[0.23231087327800656, 0.30304944505444303]",1639,-1
2277,[0.27375969 0.12713154],0,-1,-1,-1,-1
2278,[0.35956142 0.44225446],3,-1,-1,-1,-1
2279,[0.39260098 0.32797757],0,1,"[0.3897435781344088, 0.3417040596068965]",-1,-1
2280,[0.43076478 0.49067039],3,-1,-1,-1,-1
2281,[0.37426579 0.30222171],6,1,"[0.3897435781344088, 0.3417040596068965]",-1,-1
2282,[0.25770143 0.21195542],2,9,"[0.3110394802231661, 0.23517199738277297]",991,-1
2283,[0.21253067 0.2487535 ],0,5,"[0.23231087327800656, 0.30304944505444303]",-1,-1
2284,[0.4507612  0.59034292],4,-1,-1,1238,4
2285,[0.58034815 0.59618393],9,2,"[0.5921204552873188, 0.6383928111301557]",1443,6
2286,[0.40027401 0.52224372],4,0,"[0.383291892093257, 0.5586820702346661]",1641,-1
2287,[0.49793066 0.52936767],5,6,"[0.5164739970238864, 0.5319253761973344]",1186,-1
2288,[0.49473672 0.72456493],9,-1,-1,-1,-1
2289,[0.43816069 0.61716652],4,-1,-1,706,-1
2290,[0.44327408 0.60380559],3,-1,-1,1493,-1
2291,[0.56600534 0.52382361],5,6,"[0.5164739970238864, 0.5319253761973344]",-1,-1
2292,[0.56119873 0.66035686],9,2,"[0.5921204552873188, 0.6383928111301557]",1045,-1
2293,[0.17870407 0.35716128],0,-1,-1,-1,-1
2294,[0.48732864 0.57507857],5,6,"[0.5164739970238864, 0.5319253761973344]",-1,-1
2295,[0.19967565 0.24281504],2,5,"[0.23231087327800656, 0.30304944505444303]",897,-1
2296,[0.61551558 0.50820187],8,-1,-1,-1,-1
2297,[0.76900866 0.65097923],1,-1,-1,-1,0
2298,[0.71554744 0.34873298],8,-1,-1,-1,-1
2299,[0.26018578 0.32622375],0,5,"[0.23231087327800656, 0.30304944505444303]",-1,-1
2300,[0.24474477 0.19587783],0,-1,-1,-1,-1
2301,[0.8103583  0.82564373],1,-1,-1,-1,-1
2302,[0.56703242 0.22158066],6,-1,-1,-1,-1
2303,[0.25638706 0.49451092],4,8,"[0.27392971195344684, 0.45973140540928376]",-1,-1
2304,[0.64328475 0.44337358],8,3,"[0.6815204869410737, 0.47689852788858716]",-1,-1
2305,[0.27731921 0.49154135],7,8,"[0.27392971195344684, 0.45973140540928376]",-1,-1
2306,[0.24434495 0.57020558],4,7,"[0.2817018170798153, 0.5849768676672948]",1357,-1
2307,[0.73989831 0.69075509],1,4,"[0.7726811996944247, 0.7249303226766757]",440,0
2308,[0.31787708 0.13363629],0,-1,-1,36,-1
2309,[0.40328088 0.49974354],3,0,"[0.383291892093257, 0.5586820702346661]",-1,-1
2310,[0.6357525  0.42325309],8,-1,-1,-1,-1
2311,[0.74609051 0.72398294],1,4,"[0.7726811996944247, 0.7249303226766757]",-1,0
2312,[0.37332902 0.50074917],4,0,"[0.383291892093257, 0.5586820702346661]",1741,-1
2313,[0.42556954 0.63753312],3,-1,-1,366,-1
2314,[0.2536211 0.3508311],2,5,"[0.23231087327800656, 0.30304944505444303]",1587,-1
2315,[0.32592504 0.60763657],3,7,"[0.2817018170798153, 0.5849768676672948]",1544,-1
2316,[0.5019411  0.57022081],9,6,"[0.5164739970238864, 0.5319253761973344]",1380,-1
2317,[0.28310282 0.44776363],7,8,"[0.27392971195344684, 0.45973140540928376]",-1,-1
2318,[0.77157732 0.66961158],1,4,"[0.7726811996944247, 0.7249303226766757]",-1,0
2319,[0.76123164 0.71276052],1,4,"[0.7726811996944247, 0.7249303226766757]",-1,0
2320,[0.28088927 0.26183417],0,9,"[0.3110394802231661, 0.23517199738277297]",-1,-1
2321,[0.40875173 0.31261503],6,1,"[0.3897435781344088, 0.3417040596068965]",925,-1
2322,[0.28442753 0.61234826],4,7,"[0.2817018170798153, 0.5849768676672948]",-1,-1
2323,[0.27017035 0.39690451],2,8,"[0.27392971195344684, 0.45973140540928376]",-1,-1
2324,[0.42617931 0.56299146],3,0,"[0.383291892093257, 0.5586820702346661]",-1,-1
2325,[0.38415842 0.27916664],6,1,"[0.3897435781344088, 0.3417040596068965]",-1,-1
2326,[0.39879479 0.64727651],9,-1,-1,589,-1
2327,[0.3654316  0.55518013],4,0,"[0.383291892093257, 0.5586820702346661]",1793,-1
2328,[0.41122288 0.60878581],4,0,"[0.383291892093257, 0.5586820702346661]",-1,-1
2329,[0.61110435 0.57751193],8,2,"[0.5921204552873188, 0.6383928111301557]",-1,-1
2330,[0.40749677 0.41120128],6,-1,-1,-1,-1
2331,[0.18448994 0.4722805 ],7,-1,-1,-1,-1
2332,[0.45890989 0.56889616],5,6,"[0.5164739970238864, 0.5319253761973344]",1231,-1
2333,[0.38405531 0.57967818],3,0,"[0.383291892093257, 0.5586820702346661]",1825,-1
2334,[0.66301978 0.54635761],8,-1,-1,670,-1
2335,[0.66731918 0.47072061],8,3,"[0.6815204869410737, 0.47689852788858716]",-1,-1
2336,[0.34574084 0.64085488],4,-1,-1,900,-1
2337,[0.22713947 0.47222751],2,8,"[0.27392971195344684, 0.45973140540928376]",724,-1
2338,[0.63376888 0.44998914],8,3,"[0.6815204869410737, 0.47689852788858716]",618,-1
2339,[0.60632835 0.67384056],9,2,"[0.5921204552873188, 0.6383928111301557]",-1,-1
2340,[0.65985722 0.61387843],9,-1,-1,-1,-1
2341,[0.28377423 0.38037713],0,-1,-1,-1,-1
2342,[0.47819707 0.36022793],6,-1,-1,-1,-1
2343,[0.64845935 0.68843918],9,-1,-1,-1,-1
2344,[0.6986733  0.41400377],8,3,"[0.6815204869410737, 0.47689852788858716]",503,-1
2345,[0.3238545  0.24241825],0,9,"[0.3110394802231661, 0.23517199738277297]",-1,-1
2346,[0.86069984 0.66767267],1,-1,-1,81,-1
2347,[0.17848863 0.28464319],0,5,"[0.23231087327800656, 0.30304944505444303]",726,-1
2348,[0.82544875 0.64443899],1,-1,-1,-1,0
2349,[0.24436275 0.3004797 ],0,5,"[0.23231087327800656, 0.30304944505444303]",1589,-1
2350,[0.27061685 0.47056565],7,8,"[0.27392971195344684, 0.45973140540928376]",-1,-1
2351,[0.17374558 0.28198832],0,5,"[0.23231087327800656, 0.30304944505444303]",726,-1
2352,[0.56487426 0.49748235],5,6,"[0.5164739970238864, 0.5319253761973344]",852,-1
2353,[0.24616653 0.24140063],2,5,"[0.23231087327800656, 0.30304944505444303]",983,-1
2354,[0.39894424 0.35579978],6,1,"[0.3897435781344088, 0.3417040596068965]",-1,-1
2355,[0.28056188 0.53161548],4,7,"[0.2817018170798153, 0.5849768676672948]",1883,14
2356,[0.61070526 0.44156534],8,-1,-1,-1,-1
2357,[0.41340372 0.59389212],3,0,"[0.383291892093257, 0.5586820702346661]",1719,-1
2358,[0.27183383 0.58083279],7,7,"[0.2817018170798153, 0.5849768676672948]",1670,-1
2359,[0.32642922 0.55850985],7,7,"[0.2817018170798153, 0.5849768676672948]",1983,-1
2360,[0.63160848 0.36065661],8,-1,-1,25,-1
2361,[0.37806047 0.5740169 ],3,0,"[0.383291892093257, 0.5586820702346661]",1865,-1
2362,[0.293327   0.47149286],4,8,"[0.27392971195344684, 0.45973140540928376]",1731,-1
2363,[0.34302565 0.31257748],2,1,"[0.3897435781344088, 0.3417040596068965]",-1,-1
2364,[0.27515194 0.4287345 ],2,8,"[0.27392971195344684, 0.45973140540928376]",-1,-1
2365,[0.1959946  0.23818139],0,-1,-1,-1,-1
2366,[0.21311298 0.33200796],0,5,"[0.23231087327800656, 0.30304944505444303]",-1,-1
2367,[0.79901333 0.69547467],1,4,"[0.7726811996944247, 0.7249303226766757]",353,0
2368,[0.51819737 0.24984845],6,-1,-1,-1,-1
2369,[0.11513234 0.38207848],2,-1,-1,-1,-1
2370,[0.62068149 0.70549937],9,-1,-1,287,-1
2371,[0.53456941 0.45056563],5,-1,-1,198,-1
2372,[0.65614227 0.48159547],8,3,"[0.6815204869410737, 0.47689852788858716]",825,1
2373,[0.32042303 0.36327754],2,-1,-1,1485,-1
2374,[0.56691019 0.62048879],9,2,"[0.5921204552873188, 0.6383928111301557]",-1,-1
2375,[0.59306    0.69065063],9,2,"[0.5921204552873188, 0.6383928111301557]",654,-1
2376,[0.20912722 0.26983294],0,5,"[0.23231087327800656, 0.30304944505444303]",1111,-1
2377,[0.69220126 0.49358467],8,3,"[0.6815204869410737, 0.47689852788858716]",836,2
2378,[0.55285989 0.59952567],9,2,"[0.5921204552873188, 0.6383928111301557]",1342,-1
2379,[0.26267028 0.53274593],4,7,"[0.2817018170798153, 0.5849768676672948]",1743,-1
2380,[0.21656895 0.25985902],2,5,"[0.23231087327800656, 0.30304944505444303]",1021,-1
2381,[0.59300543 0.52942756],5,-1,-1,1102,-1
2382,[0.32059973 0.33450342],6,1,"[0.3897435781344088, 0.3417040596068965]",-1,-1
2383,[0.2629594  0.38581804],2,-1,-1,-1,-1
2384,[0.78570927 0.60159101],1,-1,-1,-1,-1
2385,[0.27989151 0.39890055],0,8,"[0.27392971195344684, 0.45973140540928376]",-1,-1
2386,[0.35832115 0.66008683],3,-1,-1,-1,-1
2387,[0.59747   0.5597938],9,-1,-1,-1,-1
2388,[0.77318637 0.81851865],1,-1,-1,-1,0
2389,[0.14725543 0.29495655],2,-1,-1,91,-1
2390,[0.34686994 0.5678693 ],3,0,"[0.383291892093257, 0.5586820702346661]",1901,-1
2391,[0.41002645 0.65731169],3,-1,-1,-1,-1
2392,[0.67908911 0.45131944],8,3,"[0.6815204869410737, 0.47689852788858716]",735,-1
2393,[0.4693988 0.2862581],6,-1,-1,272,-1
2394,[0.50638874 0.61821878],5,-1,-1,-1,-1
2395,[0.58297329 0.52285752],9,6,"[0.5164739970238864, 0.5319253761973344]",-1,-1
2396,[0.22189146 0.48609089],4,8,"[0.27392971195344684, 0.45973140540928376]",-1,-1
2397,[0.58417445 0.61654699],9,2,"[0.5921204552873188, 0.6383928111301557]",-1,-1
2398,[0.50271631 0.61519458],9,-1,-1,-1,-1
2399,[0.2974714  0.67060274],3,-1,-1,226,-1
2400,[0.52559935 0.65664648],5,2,"[0.5921204552873188, 0.6383928111301557]",-1,-1
2401,[0.73117341 0.7331599 ],1,4,"[0.7726811996944247, 0.7249303226766757]",381,0
2402,[0.53339726 0.62711666],5,2,"[0.5921204552873188, 0.6383928111301557]",1141,-1
2403,[0.37634869 0.55633641],3,0,"[0.383291892093257, 0.5586820702346661]",-1,-1
2404,[0.41594216 0.60105452],4,0,"[0.383291892093257, 0.5586820702346661]",-1,-1
2405,[0.47799615 0.31315714],6,-1,-1,-1,-1
2406,[0.59304837 0.65383385],9,2,"[0.5921204552873188, 0.6383928111301557]",-1,-1
2407,[0.72137117 0.69857359],1,4,"[0.7726811996944247, 0.7249303226766757]",-1,0
2408,[0.46160351 0.5913203 ],7,-1,-1,1235,4
2409,[0.32401423 0.47867377],7,8,"[0.27392971195344684, 0.45973140540928376]",1475,-1
2410,[0.40043883 0.47259016],4,-1,-1,-1,-1
2411,[0.5295785  0.56947609],5,6,"[0.5164739970238864, 0.5319253761973344]",1371,-1
2412,[0.50401508 0.59718674],5,6,"[0.5164739970238864, 0.5319253761973344]",1063,-1
2413,[0.77711334 0.75558029],1,4,"[0.7726811996944247, 0.7249303226766757]",413,0
2414,[0.67066865 0.78901805],1,-1,-1,-1,-1
2415,[0.70213447 0.44101529],8,3,"[0.6815204869410737, 0.47689852788858716]",-1,-1
2416,[0.30950743 0.55550839],7,7,"[0.2817018170798153, 0.5849768676672948]",-1,17
2417,[0.74852086 0.78683361],1,4,"[0.7726811996944247, 0.7249303226766757]",-1,0
2418,[0.37411158 0.58304291],3,0,"[0.383291892093257, 0.5586820702346661]",1867,12
2419,[0.40808609 0.66899492],3,-1,-1,-1,-1
2420,[0.44403239 0.31794428],2,1,"[0.3897435781344088, 0.3417040596068965]",-1,-1
2421,[0.19718124 0.30738317],0,5,"[0.23231087327800656, 0.30304944505444303]",777,-1
2422,[0.35174784 0.44365164],0,-1,-1,1193,-1
2423,[0.68132116 0.68202855],9,-1,-1,-1,-1
2424,[0.53313727 0.58086868],9,6,"[0.5164739970238864, 0.5319253761973344]",1372,-1
2425,[0.27260947 0.13428788],0,-1,-1,56,-1
2426,[0.48594568 0.52268154],5,6,"[0.5164739970238864, 0.5319253761973344]",936,-1
2427,[0.22976741 0.32989492],0,5,"[0.23231087327800656, 0.30304944505444303]",-1,-1
2428,[0.34152049 0.48382381],4,-1,-1,1891,-1
2429,[0.60530623 0.47591968],8,-1,-1,-1,-1
2430,[0.34950113 0.47648532],3,-1,-1,1890,-1
2431,[0.13324684 0.46825767],7,-1,-1,-1,-1
2432,[0.34218511 0.3376856 ],2,1,"[0.3897435781344088, 0.3417040596068965]",-1,-1
2433,[0.61583904 0.57603304],9,2,"[0.5921204552873188, 0.6383928111301557]",-1,-1
2434,[0.29513228 0.48454029],4,8,"[0.27392971195344684, 0.45973140540928376]",1798,-1
2435,[0.31228477 0.40926459],7,8,"[0.27392971195344684, 0.45973140540928376]",928,-1
2436,[0.69695758 0.72600442],1,-1,-1,-1,0
2437,[0.53604358 0.69946596],9,-1,-1,-1,-1
2438,[0.5883325  0.57834276],5,2,"[0.5921204552873188, 0.6383928111301557]",1325,-1
2439,[0.30331081 0.51354249],7,8,"[0.27392971195344684, 0.45973140540928376]",-1,-1
2440,[0.30354724 0.51425635],4,8,"[0.27392971195344684, 0.45973140540928376]",-1,-1
2441,[0.78497768 0.68061842],1,4,"[0.7726811996944247, 0.7249303226766757]",397,0
2442,[0.79890714 0.77873868],1,4,"[0.7726811996944247, 0.7249303226766757]",401,0
2443,[0.41771998 0.5639217 ],3,0,"[0.383291892093257, 0.5586820702346661]",1736,-1
2444,[0.46255296 0.40518645],6,-1,-1,207,-1
2445,[0.7146316  0.41289255],8,-1,-1,-1,-1
2446,[0.24700739 0.28820432],2,5,"[0.23231087327800656, 0.30304944505444303]",1640,-1
2447,[0.1804005  0.21025894],0,-1,-1,-1,-1
2448,[0.31887211 0.61384045],4,7,"[0.2817018170798153, 0.5849768676672948]",1763,-1
2449,[0.22565109 0.56972469],7,7,"[0.2817018170798153, 0.5849768676672948]",1123,-1
2450,[0.63288306 0.64134535],9,2,"[0.5921204552873188, 0.6383928111301557]",-1,-1
2451,[0.85020726 0.72162021],1,-1,-1,-1,0
2452,[0.82909112 0.38291712],8,-1,-1,-1,-1
2453,[0.5303123  0.65597658],9,2,"[0.5921204552873188, 0.6383928111301557]",1199,-1
2454,[0.54938855 0.60742045],9,2,"[0.5921204552873188, 0.6383928111301557]",-1,-1
2455,[0.40971621 0.39416369],6,1,"[0.3897435781344088, 0.3417040596068965]",758,-1
2456,[0.35995823 0.40802163],2,-1,-1,877,-1
2457,[0.69250339 0.50523646],8,3,"[0.6815204869410737, 0.47689852788858716]",-1,-1
2458,[0.62294037 0.59218788],9,2,"[0.5921204552873188, 0.6383928111301557]",1209,-1
2459,[0.4348171  0.60911105],4,-1,-1,-1,-1
2460,[0.30689016 0.29478293],2,9,"[0.3110394802231661, 0.23517199738277297]",1614,11
2461,[0.29996537 0.63836684],3,7,"[0.2817018170798153, 0.5849768676672948]",-1,-1
2462,[0.28671286 0.39900567],2,8,"[0.27392971195344684, 0.45973140540928376]",-1,-1
2463,[0.60574797 0.60252782],9,2,"[0.5921204552873188, 0.6383928111301557]",1328,-1
2464,[0.3508796 0.2924233],2,1,"[0.3897435781344088, 0.3417040596068965]",1667,-1
2465,[0.13445836 0.26399202],0,-1,-1,40,-1
2466,[0.28802428 0.71339814],7,-1,-1,-1,-1
2467,[0.55730462 0.76085235],9,-1,-1,-1,-1
2468,[0.42711925 0.53632131],5,0,"[0.383291892093257, 0.5586820702346661]",-1,-1
2469,[0.28479128 0.46106126],7,8,"[0.27392971195344684, 0.45973140540928376]",1243,-1
2470,[0.34266593 0.52726369],3,0,"[0.383291892093257, 0.5586820702346661]",1931,-1
2471,[0.3487197  0.32631412],6,1,"[0.3897435781344088, 0.3417040596068965]",1413,-1
2472,[0.49048252 0.49746664],5,6,"[0.5164739970238864, 0.5319253761973344]",-1,-1
2473,[0.3782024  0.58662749],4,0,"[0.383291892093257, 0.5586820702346661]",-1,-1
2474,[0.6027834 0.6487279],9,2,"[0.5921204552873188, 0.6383928111301557]",1321,-1
2475,[0.66313471 0.66777809],9,-1,-1,638,-1
2476,[0.29269714 0.58155198],3,7,"[0.2817018170798153, 0.5849768676672948]",-1,-1
2477,[0.30690858 0.58034589],4,7,"[0.2817018170798153, 0.5849768676672948]",1966,-1
2478,[0.349067   0.67345068],4,-1,-1,298,-1
2479,[0.69919901 0.59164173],1,-1,-1,-1,-1
2480,[0.348384   0.33345545],2,1,"[0.3897435781344088, 0.3417040596068965]",1414,-1
2481,[0.71876599 0.51420491],8,3,"[0.6815204869410737, 0.47689852788858716]",573,-1
2482,[0.73023425 0.86840689],1,-1,-1,-1,-1
2483,[0.35473211 0.53762581],3,0,"[0.383291892093257, 0.5586820702346661]",-1,-1
2484,[0.31466469 0.50516706],4,8,"[0.27392971195344684, 0.45973140540928376]",1922,-1
2485,[0.21714447 0.18846356],0,-1,-1,-1,-1
2486,[0.45965862 0.65044802],9,-1,-1,-1,-1
2487,[0.33647488 0.39624847],2,-1,-1,984,-1
2488,[0.69489668 0.47518692],5,3,"[0.6815204869410737, 0.47689852788858716]",-1,-1
2489,[0.61030828 0.68223084],9,2,"[0.5921204552873188, 0.6383928111301557]",658,-1
2490,[0.43781361 0.66411528],5,-1,-1,138,-1
2491,[0.30150686 0.38988574],2,-1,-1,-1,-1
2492,[0.35177139 0.32644455],0,1,"[0.3897435781344088, 0.3417040596068965]",1413,-1
2493,[0.48172861 0.65361716],5,-1,-1,647,-1
2494,[0.73700764 0.45758731],8,3,"[0.6815204869410737, 0.47689852788858716]",-1,-1
2495,[0.4980395  0.53180985],5,6,"[0.5164739970238864, 0.5319253761973344]",1186,-1
2496,[0.66337183 0.5216221 ],8,3,"[0.6815204869410737, 0.47689852788858716]",-1,-1
2497,[0.43479459 0.37370905],6,1,"[0.3897435781344088, 0.3417040596068965]",-1,-1
2498,[0.65746192 0.62831819],9,2,"[0.5921204552873188, 0.6383928111301557]",1157,-1
2499,[0.69899776 0.3344668 ],8,-1,-1,-1,-1
2500,[0.67718269 0.7094403 ],1,-1,-1,-1,0
2501,[0.46484122 0.36255207],6,-1,-1,442,-1
2502,[0.16783525 0.20659588],0,-1,-1,-1,-1
2503,[0.50191743 0.5039281 ],3,6,"[0.5164739970238864, 0.5319253761973344]",725,-1
2504,[0.17972934 0.29375311],0,5,"[0.23231087327800656, 0.30304944505444303]",-1,-1
2505,[0.36532896 0.59368995],4,0,"[0.383291892093257, 0.5586820702346661]",1836,-1
2506,[0.37525964 0.58295481],3,0,"[0.383291892093257, 0.5586820702346661]",1867,12
2507,[0.42259326 0.69304798],3,-1,-1,-1,-1
2508,[0.71689392 0.7013441 ],1,4,"[0.7726811996944247, 0.7249303226766757]",-1,0
2509,[0.4504853  0.59183355],5,-1,-1,1238,4
2510,[0.39841002 0.51969956],3,0,"[0.383291892093257, 0.5586820702346661]",-1,-1
2511,[0.52593711 0.65220211],5,2,"[0.5921204552873188, 0.6383928111301557]",1199,-1
2512,[0.37795462 0.53261943],3,0,"[0.383291892093257, 0.5586820702346661]",-1,-1
2513,[0.23665049 0.28696077],0,5,"[0.23231087327800656, 0.30304944505444303]",1531,-1
2514,[0.38039798 0.57056699],3,0,"[0.383291892093257, 0.5586820702346661]",1845,-1
2515,[0.55827432 0.51305706],8,6,"[0.5164739970238864, 0.5319253761973344]",770,-1
2516,[0.50041422 0.56448032],3,6,"[0.5164739970238864, 0.5319253761973344]",1322,-1
2517,[0.47453583 0.22780154],6,-1,-1,67,-1
2518,[0.31556094 0.53174442],3,7,"[0.2817018170798153, 0.5849768676672948]",1841,-1
2519,[0.19144758 0.45017613],7,-1,-1,100,-1
2520,[0.43227887 0.3044596 ],6,1,"[0.3897435781344088, 0.3417040596068965]",-1,-1
2521,[0.26358072 0.45697067],7,8,"[0.27392971195344684, 0.45973140540928376]",-1,-1
2522,[0.30957458 0.59198108],7,7,"[0.2817018170798153, 0.5849768676672948]",1820,-1
2523,[0.80302156 0.70233979],1,4,"[0.7726811996944247, 0.7249303226766757]",-1,0
2524,[0.34651439 0.3641426 ],6,1,"[0.3897435781344088, 0.3417040596068965]",-1,-1
2525,[0.66599161 0.63065663],9,-1,-1,-1,-1
2526,[0.40146078 0.48708211],4,-1,-1,1036,-1
2527,[0.58121638 0.66897817],9,2,"[0.5921204552873188, 0.6383928111301557]",1121,-1
2528,[0.30463954 0.59210899],7,7,"[0.2817018170798153, 0.5849768676672948]",1820,-1
2529,[0.32029361 0.5716411 ],3,7,"[0.2817018170798153, 0.5849768676672948]",1973,-1
2530,[0.32522753 0.5479959 ],4,7,"[0.2817018170798153, 0.5849768676672948]",-1,17
2531,[0.42414978 0.30453848],6,1,"[0.3897435781344088, 0.3417040596068965]",-1,-1
2532,[0.30276019 0.63052863],4,7,"[0.2817018170798153, 0.5849768676672948]",1069,-1
2533,[0.34508139 0.35723304],2,1,"[0.3897435781344088, 0.3417040596068965]",-1,-1
2534,[0.         0.31899635],2,-1,-1,-1,-1
2535,[0.43741328 0.25304031],2,-1,-1,240,-1
2536,[0.2458311  0.54533096],7,7,"[0.2817018170798153, 0.5849768676672948]",-1,-1
2537,[0.29982184 0.29569653],0,9,"[0.3110394802231661, 0.23517199738277297]",1690,11
2538,[0.53278792 0.58091175],5,6,"[0.5164739970238864, 0.5319253761973344]",1372,-1
2539,[0.36459986 0.52299372],7,0,"[0.383291892093257, 0.5586820702346661]",1934,-1
2540,[0.65487893 0.6248172 ],9,2,"[0.5921204552873188, 0.6383928111301557]",-1,-1
2541,[0.27531127 0.36747797],0,-1,-1,1265,-1
2542,[0.71524867 0.73128677],1,4,"[0.7726811996944247, 0.7249303226766757]",-1,0
2543,[0.55092209 0.63058418],5,2,"[0.5921204552873188, 0.6383928111301557]",-1,-1
2544,[0.20181655 0.25815164],2,5,"[0.23231087327800656, 0.30304944505444303]",1012,-1
2545,[0.31093539 0.51176767],4,8,"[0.27392971195344684, 0.45973140540928376]",1922,15
2546,[0.23683685 0.25867353],2,5,"[0.23231087327800656, 0.30304944505444303]",885,-1
2547,[0.31579362 0.28384371],0,9,"[0.3110394802231661, 0.23517199738277297]",-1,-1
2548,[0.3361686  0.29097397],0,9,"[0.3110394802231661, 0.23517199738277297]",1651,10
2549,[0.31705498 0.29423284],0,9,"[0.3110394802231661, 0.23517199738277297]",-1,-1
2550,[0.50851142 0.72486331],9,-1,-1,116,-1
2551,[0.30833374 0.68387714],3,-1,-1,-1,-1
2552,[0.80965414 0.71611812],1,4,"[0.7726811996944247, 0.7249303226766757]",-1,0
2553,[0.40216437 0.32903736],6,1,"[0.3897435781344088, 0.3417040596068965]",1000,-1
2554,[0.32187026 0.57494993],3,7,"[0.2817018170798153, 0.5849768676672948]",1974,-1
2555,[0.46070364 0.52068699],5,6,"[0.5164739970238864, 0.5319253761973344]",-1,-1
2556,[0.60427752 0.69592681],9,2,"[0.5921204552873188, 0.6383928111301557]",-1,-1
2557,[0.25577104 0.31852254],2,5,"[0.23231087327800656, 0.30304944505444303]",1501,7
2558,[0.72740144 0.54301938],8,-1,-1,289,-1
2559,[0.29851584 0.30030384],6,5,"[0.23231087327800656, 0.30304944505444303]",-1,-1
2560,[0.68080642 0.69167201],1,-1,-1,387,-1
2561,[0.31997968 0.56208893],3,7,"[0.2817018170798153, 0.5849768676672948]",1977,-1
2562,[0.31650581 0.36258307],2,-1,-1,-1,-1
2563,[0.65487837 0.50685621],8,3,"[0.6815204869410737, 0.47689852788858716]",-1,-1
2564,[0.39085983 0.46355313],4,-1,-1,584,-1
2565,[0.14047287 0.59535522],7,-1,-1,-1,-1
2566,[0.29815419 0.32427889],2,5,"[0.23231087327800656, 0.30304944505444303]",1661,-1
2567,[0.80991072 0.66834713],1,4,"[0.7726811996944247, 0.7249303226766757]",-1,0
2568,[0.79559441 0.63740795],1,-1,-1,231,0
2569,[0.31512358 0.63224487],7,7,"[0.2817018170798153, 0.5849768676672948]",1297,-1
2570,[0.79562228 0.6244415 ],1,-1,-1,77,-1
2571,[0.26851173 0.66349648],4,-1,-1,-1,-1
2572,[0.31018443 0.39425348],2,-1,-1,-1,-1
2573,[0.78079486 0.71039539],1,4,"[0.7726811996944247, 0.7249303226766757]",-1,0
2574,[0.48563278 0.54489841],5,6,"[0.5164739970238864, 0.5319253761973344]",-1,-1
2575,[0.86681224 0.73859014],1,-1,-1,-1,0
2576,[0.39253497 0.51932727],4,0,"[0.383291892093257, 0.5586820702346661]",1634,-1
2577,[0.28029999 0.51460463],7,8,"[0.27392971195344684, 0.45973140540928376]",1887,14
2578,[0.26107483 0.22481443],0,9,"[0.3110394802231661, 0.23517199738277297]",988,-1
2579,[0.72393802 0.67597106],1,4,"[0.7726811996944247, 0.7249303226766757]",390,0
2580,[0.49810695 0.69422987],3,-1,-1,-1,-1
2581,[0.61018079 0.64353756],9,2,"[0.5921204552873188, 0.6383928111301557]",-1,-1
2582,[0.53558259 0.62769547],5,2,"[0.5921204552873188, 0.6383928111301557]",1141,-1
2583,[0.31887516 0.55296574],4,7,"[0.2817018170798153, 0.5849768676672948]",-1,17
2584,[0.50729276 0.48968409],5,6,"[0.5164739970238864, 0.5319253761973344]",605,-1
2585,[0.4314862  0.48277189],3,-1,-1,767,-1
2586,[0.82962192 0.72214805],1,4,"[0.7726811996944247, 0.7249303226766757]",-1,0
2587,[0.18594254 0.41931666],2,-1,-1,144,-1
2588,[0.18195834 0.58516397],4,-1,-1,-1,-1
2589,[0.77855048 0.73102985],1,4,"[0.7726811996944247, 0.7249303226766757]",470,0
2590,[0.36637332 0.56455988],3,0,"[0.383291892093257, 0.5586820702346661]",1856,12
2591,[0.35194852 0.40848213],7,-1,-1,880,-1
2592,[0.56510319 0.56563628],9,6,"[0.5164739970238864, 0.5319253761973344]",-1,-1
2593,[0.34985218 0.43372185],7,-1,-1,-1,-1
2594,[0.57991437 0.65047414],9,2,"[0.5921204552873188, 0.6383928111301557]",-1,-1
2595,[0.77179801 0.54681816],8,-1,-1,84,-1
2596,[0.47906056 0.35313335],6,-1,-1,-1,-1
2597,[0.7610145  0.65256196],1,-1,-1,325,0
2598,[0.60667411 0.54299256],5,-1,-1,-1,-1
2599,[0.63599968 0.66372829],9,2,"[0.5921204552873188, 0.6383928111301557]",-1,-1
2600,[0.60546018 0.62354215],9,2,"[0.5921204552873188, 0.6383928111301557]",-1,-1
2601,[0.24050318 0.5021626 ],7,8,"[0.27392971195344684, 0.45973140540928376]",-1,-1
2602,[0.24074832 0.6941035 ],4,-1,-1,-1,-1
2603,[0.33824467 0.58501558],3,0,"[0.383291892093257, 0.5586820702346661]",-1,-1
2604,[0.62032511 0.62295884],9,2,"[0.5921204552873188, 0.6383928111301557]",-1,-1
2605,[0.58810714 0.50657077],5,-1,-1,-1,-1
2606,[0.36474591 0.47997947],4,-1,-1,-1,-1
2607,[0.1373696  0.35660182],2,-1,-1,-1,-1
2608,[0.26302567 0.33267684],0,5,"[0.23231087327800656, 0.30304944505444303]",1601,-1
2609,[0.2903389  0.59009319],4,7,"[0.2817018170798153, 0.5849768676672948]",1810,-1
2610,[0.38340947 0.31054251],6,1,"[0.3897435781344088, 0.3417040596068965]",-1,-1
2611,[0.60901041 0.65149824],9,2,"[0.5921204552873188, 0.6383928111301557]",-1,-1
2612,[0.31621525 0.39892529],7,-1,-1,-1,-1
2613,[0.57199478 0.56437787],9,6,"[0.5164739970238864, 0.5319253761973344]",-1,-1
2614,[0.58007912 0.47821924],5,-1,-1,772,-1
2615,[0.45869162 0.71168441],9,-1,-1,-1,-1
2616,[0.67725126 0.5049224 ],8,3,"[0.6815204869410737, 0.47689852788858716]",-1,-1
2617,[0.31681601 0.58017095],4,7,"[0.2817018170798153, 0.5849768676672948]",-1,17
2618,[0.4366262  0.62121023],3,-1,-1,706,-1
2619,[0.27308263 0.3513646 ],2,5,"[0.23231087327800656, 0.30304944505444303]",1550,-1
2620,[0.7626835  0.66255724],1,4,"[0.7726811996944247, 0.7249303226766757]",-1,0
2621,[0.1911702  0.46839688],4,-1,-1,210,-1
2622,[0.71862305 0.52737581],8,3,"[0.6815204869410737, 0.47689852788858716]",-1,-1
2623,[0.67617587 0.46963218],8,3,"[0.6815204869410737, 0.47689852788858716]",804,-1
2624,[0.28635762 0.51661304],4,8,"[0.27392971195344684, 0.45973140540928376]",1915,14
2625,[0.2875689  0.37669249],7,-1,-1,1099,-1
2626,[0.32479482 0.59229345],7,7,"[0.2817018170798153, 0.5849768676672948]",-1,-1
2627,[0.31119286 0.27519852],0,9,"[0.3110394802231661, 0.23517199738277297]",1506,-1
2628,[0.72602109 0.48026441],8,3,"[0.6815204869410737, 0.47689852788858716]",779,-1
2629,[0.71159483 0.66827687],9,-1,-1,-1,0
2630,[0.73074178 0.73402422],1,4,"[0.7726811996944247, 0.7249303226766757]",381,0
2631,[0.26584302 0.57173784],7,7,"[0.2817018170798153, 0.5849768676672948]",1571,-1
2632,[0.3527074 0.3008663],0,1,"[0.3897435781344088, 0.3417040596068965]",1529,-1
2633,[0.49015249 0.2602637 ],6,-1,-1,118,-1
2634,[0.5377857 0.546554 ],5,6,"[0.5164739970238864, 0.5319253761973344]",1365,-1
2635,[0.41148148 0.57979073],4,0,"[0.383291892093257, 0.5586820702346661]",1715,-1
2636,[0.3005098  0.25620529],2,9,"[0.3110394802231661, 0.23517199738277297]",1201,-1
2637,[0.38613121 0.34171803],2,1,"[0.3897435781344088, 0.3417040596068965]",-1,-1
2638,[0.20740159 0.45254447],2,8,"[0.27392971195344684, 0.45973140540928376]",-1,-1
2639,[0.35337268 0.2840138 ],6,9,"[0.3110394802231661, 0.23517199738277297]",1393,-1
2640,[0.60955957 0.55381573],8,-1,-1,-1,-1
2641,[0.34668211 0.52712238],4,0,"[0.383291892093257, 0.5586820702346661]",1947,-1
2642,[0.21050448 0.51877644],4,-1,-1,1090,-1
2643,[0.58745256 0.54100609],5,-1,-1,1282,-1
2644,[0.62117642 0.59095823],9,2,"[0.5921204552873188, 0.6383928111301557]",-1,-1
2645,[0.31605497 0.60760191],4,7,"[0.2817018170798153, 0.5849768676672948]",1936,-1
2646,[0.59309893 0.55578606],9,-1,-1,-1,-1
2647,[0.20530426 0.28395044],0,5,"[0.23231087327800656, 0.30304944505444303]",-1,-1
2648,[0.29974185 0.50390025],4,8,"[0.27392971195344684, 0.45973140540928376]",-1,-1
2649,[0.30668625 0.52516952],3,7,"[0.2817018170798153, 0.5849768676672948]",1918,-1
2650,[0.31855274 0.42433872],2,8,"[0.27392971195344684, 0.45973140540928376]",1017,-1
2651,[0.23053446 0.5279866 ],7,-1,-1,1477,-1
2652,[0.56200633 0.54423163],5,6,"[0.5164739970238864, 0.5319253761973344]",-1,6
2653,[0.77311213 0.81388377],1,-1,-1,-1,0
2654,[0.3016079  0.16084047],0,-1,-1,-1,-1
2655,[0.73523583 0.40106671],8,-1,-1,269,-1
2656,[0.6472688  0.54145959],5,-1,-1,1106,-1
2657,[0.62955939 0.44961943],8,3,"[0.6815204869410737, 0.47689852788858716]",-1,-1
2658,[0.42006249 0.50919283],3,0,"[0.383291892093257, 0.5586820702346661]",1439,-1
2659,[0.33285045 0.63177622],7,7,"[0.2817018170798153, 0.5849768676672948]",-1,-1
2660,[0.54275442 0.56450458],5,6,"[0.5164739970238864, 0.5319253761973344]",-1,6
2661,[0.23665655 0.2646711 ],2,5,"[0.23231087327800656, 0.30304944505444303]",1363,-1
2662,[0.3865375  0.34476124],6,1,"[0.3897435781344088, 0.3417040596068965]",-1,-1
2663,[0.40257274 0.58984424],3,0,"[0.383291892093257, 0.5586820702346661]",1708,-1
2664,[0.28188092 0.55349552],7,7,"[0.2817018170798153, 0.5849768676672948]",1917,-1
2665,[0.55392788 0.58679611],9,2,"[0.5921204552873188, 0.6383928111301557]",1431,6
2666,[0.7234916  0.81086699],1,-1,-1,89,-1
2667,[0.34164347 0.27398353],0,9,"[0.3110394802231661, 0.23517199738277297]",1119,-1
2668,[0.23868244 0.48732811],4,8,"[0.27392971195344684, 0.45973140540928376]",1279,-1
2669,[0.14168911 0.57047131],4,-1,-1,-1,-1
2670,[0.44197412 0.62947661],4,-1,-1,698,-1
2671,[0.60236735 0.4897495 ],9,-1,-1,837,-1
2672,[0.27398758 0.67402671],4,-1,-1,-1,-1
2673,[0.79243822 0.77178473],1,4,"[0.7726811996944247, 0.7249303226766757]",-1,0
2674,[0.38454662 0.34965257],6,1,"[0.3897435781344088, 0.3417040596068965]",-1,-1
2675,[0.22916543 0.28485519],2,5,"[0.23231087327800656, 0.30304944505444303]",-1,-1
2676,[0.51881937 0.65425953],5,-1,-1,728,-1
2677,[0.53755254 0.70582845],9,-1,-1,-1,-1
2678,[0.23916057 0.47584334],7,8,"[0.27392971195344684, 0.45973140540928376]",1707,-1
2679,[0.29995365 0.19960387],2,9,"[0.3110394802231661, 0.23517199738277297]",425,-1
2680,[0.59226462 0.5952764 ],9,2,"[0.5921204552873188, 0.6383928111301557]",-1,-1
2681,[0.40692328 0.27748102],6,1,"[0.3897435781344088, 0.3417040596068965]",-1,-1
2682,[0.75499453 0.62958024],9,-1,-1,-1,0
2683,[0.67913796 0.67626572],1,-1,-1,-1,-1
2684,[0.39236132 0.35744406],6,1,"[0.3897435781344088, 0.3417040596068965]",-1,-1
2685,[0.38813065 0.487279  ],3,-1,-1,-1,-1
2686,[0.59346416 0.67532842],9,2,"[0.5921204552873188, 0.6383928111301557]",709,-1
2687,[0.59217027 0.4802565 ],8,-1,-1,561,-1
2688,[0.55754262 0.56219009],9,6,"[0.5164739970238864, 0.5319253761973344]",1406,-1
2689,[0.61580901 0.54501343],5,-1,-1,734,-1
2690,[0.34783972 0.28769805],6,9,"[0.3110394802231661, 0.23517199738277297]",-1,-1
2691,[0.65280417 0.65762998],9,2,"[0.5921204552873188, 0.6383928111301557]",-1,-1
2692,[0.32940337 0.28058062],0,9,"[0.3110394802231661, 0.23517199738277297]",1520,-1
2693,[0.34080135 0.57424613],4,0,"[0.383291892093257, 0.5586820702346661]",-1,-1
2694,[0.3524662  0.49561451],4,-1,-1,1871,-1
2695,[0.44714814 0.59469857],5,-1,-1,-1,4
2696,[0.50815354 0.22818717],6,-1,-1,-1,-1
2697,[0.20996202 0.13464817],0,-1,-1,-1,-1
2698,[0.23763074 0.50675728],7,8,"[0.27392971195344684, 0.45973140540928376]",1552,-1
2699,[0.30159564 0.32229833],2,-1,-1,-1,-1
2700,[0.30392491 0.11500852],0,-1,-1,-1,-1
2701,[0.77033117 0.67307533],1,4,"[0.7726811996944247, 0.7249303226766757]",389,0
2702,[0.54224798 0.55418332],5,6,"[0.5164739970238864, 0.5319253761973344]",1406,-1
2703,[0.40232976 0.34571024],6,1,"[0.3897435781344088, 0.3417040596068965]",997,-1
2704,[0.67551897 0.41987248],8,3,"[0.6815204869410737, 0.47689852788858716]",612,-1
2705,[0.75585596 0.71256552],1,4,"[0.7726811996944247, 0.7249303226766757]",462,0
2706,[0.20126333 0.32789659],7,5,"[0.23231087327800656, 0.30304944505444303]",1039,-1
2707,[0.62515551 0.49411225],8,3,"[0.6815204869410737, 0.47689852788858716]",789,-1
2708,[0.30359501 0.63148283],4,7,"[0.2817018170798153, 0.5849768676672948]",1069,-1
2709,[0.41222081 0.47843297],7,-1,-1,715,-1
2710,[0.5948112 0.6080707],9,2,"[0.5921204552873188, 0.6383928111301557]",1428,-1
2711,[0.83078785 0.82336838],1,-1,-1,-1,-1
2712,[0.25566202 0.27134176],0,5,"[0.23231087327800656, 0.30304944505444303]",1548,-1
2713,[0.57844192 0.65226245],9,2,"[0.5921204552873188, 0.6383928111301557]",1124,-1
2714,[0.18914198 0.30735556],0,5,"[0.23231087327800656, 0.30304944505444303]",-1,-1
2715,[0.37321132 0.56577206],4,0,"[0.383291892093257, 0.5586820702346661]",-1,-1
2716,[0.56722677 0.6342519 ],5,2,"[0.5921204552873188, 0.6383928111301557]",-1,-1
2717,[0.34078806 0.40045388],6,-1,-1,-1,-1
2718,[0.46518416 0.58299236],5,-1,-1,1232,-1
2719,[0.80616722 0.71303798],1,4,"[0.7726811996944247, 0.7249303226766757]",-1,0
2720,[0.39517387 0.31360637],6,1,"[0.3897435781344088, 0.3417040596068965]",1050,-1
2721,[0.60000683 0.52408719],8,-1,-1,1102,-1
2722,[0.15420555 0.52938234],7,-1,-1,-1,-1
2723,[0.28404283 0.48283447],4,8,"[0.27392971195344684, 0.45973140540928376]",-1,-1
2724,[0.65014783 0.58062663],5,-1,-1,-1,-1
2725,[0.22271866 0.26781849],2,5,"[0.23231087327800656, 0.30304944505444303]",1024,-1
2726,[0.27139067 0.48818189],7,8,"[0.27392971195344684, 0.45973140540928376]",1797,-1
2727,[0.39580483 0.58043795],4,0,"[0.383291892093257, 0.5586820702346661]",-1,-1
2728,[0.50019526 0.51563027],5,6,"[0.5164739970238864, 0.5319253761973344]",890,-1
2729,[0.34576093 0.60777011],3,0,"[0.383291892093257, 0.5586820702346661]",-1,-1
2730,[0.33867047 0.51949338],4,0,"[0.383291892093257, 0.5586820702346661]",-1,-1
2731,[0.68906468 0.46375488],8,3,"[0.6815204869410737, 0.47689852788858716]",813,-1
2732,[0.30291423 0.34792024],2,-1,-1,-1,-1
2733,[0.6619095  0.54820178],8,-1,-1,670,-1
2734,[0.52131079 0.48561466],5,6,"[0.5164739970238864, 0.5319253761973344]",-1,-1
2735,[0.79174164 0.61472818],1,-1,-1,78,-1
2736,[0.30554043 0.62498807],4,7,"[0.2817018170798153, 0.5849768676672948]",1131,-1
2737,[0.34003177 0.32700439],2,1,"[0.3897435781344088, 0.3417040596068965]",-1,-1
2738,[0.57218831 0.6419193 ],5,2,"[0.5921204552873188, 0.6383928111301557]",-1,-1
2739,[0.23163896 0.41974121],7,8,"[0.27392971195344684, 0.45973140540928376]",499,-1
2740,[0.32522389 0.37488269],6,-1,-1,-1,-1
2741,[0.44998373 0.65705757],3,-1,-1,-1,-1
2742,[0.76806571 0.76963834],1,4,"[0.7726811996944247, 0.7249303226766757]",-1,0
2743,[0.27518004 0.3325616 ],2,5,"[0.23231087327800656, 0.30304944505444303]",1598,-1
2744,[0.72166612 0.74333305],1,4,"[0.7726811996944247, 0.7249303226766757]",-1,0
2745,[0.25794392 0.43455176],7,8,"[0.27392971195344684, 0.45973140540928376]",-1,-1
2746,[0.83658523 0.77054318],1,-1,-1,258,0
2747,[0.30338514 0.21401859],0,9,"[0.3110394802231661, 0.23517199738277297]",1016,-1
2748,[0.61339582 0.61310268],9,2,"[0.5921204552873188, 0.6383928111301557]",-1,-1
2749,[0.3679539  0.47376904],6,-1,-1,-1,-1
2750,[0.30327001 0.2919408 ],0,9,"[0.3110394802231661, 0.23517199738277297]",1685,11
2751,[0.26706872 0.48175046],7,8,"[0.27392971195344684, 0.45973140540928376]",-1,-1
2752,[0.29485021 0.54378547],7,7,"[0.2817018170798153, 0.5849768676672948]",1907,-1
2753,[0.16890606 0.23517189],0,-1,-1,-1,-1
2754,[0.5010212  0.57232745],5,6,"[0.5164739970238864, 0.5319253761973344]",1380,-1
2755,[0.57125976 0.64981837],9,2,"[0.5921204552873188, 0.6383928111301557]",-1,-1
2756,[0.59516978 0.67785366],9,2,"[0.5921204552873188, 0.6383928111301557]",709,-1
2757,[0.13643706 0.33085932],2,-1,-1,-1,-1
2758,[0.42178394 0.58396789],5,0,"[0.383291892093257, 0.5586820702346661]",1711,-1
2759,[0.32097509 0.41551907],2,8,"[0.27392971195344684, 0.45973140540928376]",-1,-1
2760,[0.68288582 0.77103235],1,-1,-1,-1,0
2761,[0.80785633 0.77762428],1,4,"[0.7726811996944247, 0.7249303226766757]",-1,0
2762,[0.21585655 0.40158449],7,-1,-1,502,-1
2763,[0.44338996 0.56464891],5,0,"[0.383291892093257, 0.5586820702346661]",1281,-1
2764,[0.32439611 0.39571997],6,-1,-1,1215,-1
2765,[0.66964157 0.4840863 ],8,3,"[0.6815204869410737, 0.47689852788858716]",830,-1
2766,[0.3168098  0.50200317],7,8,"[0.27392971195344684, 0.45973140540928376]",-1,-1
2767,[0.48665607 0.6276838 ],9,-1,-1,647,-1
2768,[0.31803011 0.36372317],2,-1,-1,1485,-1
2769,[0.43771453 0.52035697],3,0,"[0.383291892093257, 0.5586820702346661]",1435,-1
2770,[0.84441358 0.69408203],1,-1,-1,309,0
2771,[0.75932704 0.76466587],1,4,"[0.7726811996944247, 0.7249303226766757]",417,0
2772,[0.21200386 0.5195193 ],4,-1,-1,1090,-1
2773,[0.75503045 0.45607516],8,-1,-1,263,-1
2774,[0.21761277 0.3264038 ],0,5,"[0.23231087327800656, 0.30304944505444303]",-1,-1
2775,[0.47126817 0.59393624],5,-1,-1,1235,-1
2776,[0.62274915 0.49732961],5,3,"[0.6815204869410737, 0.47689852788858716]",-1,-1
2777,[0.70671009 0.66845558],1,-1,-1,414,0
2778,[0.19119796 0.27054413],0,5,"[0.23231087327800656, 0.30304944505444303]",-1,-1
2779,[0.3519585  0.23972075],2,9,"[0.3110394802231661, 0.23517199738277297]",633,-1
2780,[0.31580728 0.5140467 ],3,8,"[0.27392971195344684, 0.45973140540928376]",1922,15
2781,[0.69510795 0.497302  ],8,3,"[0.6815204869410737, 0.47689852788858716]",-1,2
2782,[0.22341771 0.31031762],2,5,"[0.23231087327800656, 0.30304944505444303]",-1,-1
2783,[0.29388963 0.38209873],2,-1,-1,-1,-1
2784,[0.41264262 0.5944734 ],3,0,"[0.383291892093257, 0.5586820702346661]",1719,-1
2785,[0.6731927  0.61396362],9,-1,-1,299,-1
2786,[0.30975728 0.50132344],4,8,"[0.27392971195344684, 0.45973140540928376]",1922,-1
2787,[0.53846568 0.55349687],9,6,"[0.5164739970238864, 0.5319253761973344]",-1,-1
2788,[0.44260041 0.36700682],6,1,"[0.3897435781344088, 0.3417040596068965]",553,-1
2789,[0.61840841 0.39049329],8,-1,-1,70,-1
2790,[0.34110024 0.41410307],4,-1,-1,917,-1
2791,[0.59867398 0.66711542],5,2,"[0.5921204552873188, 0.6383928111301557]",-1,-1
2792,[0.38797617 0.45302719],2,-1,-1,-1,-1
2793,[0.57996873 0.76332842],9,-1,-1,-1,-1
2794,[0.5407859  0.50349019],5,6,"[0.5164739970238864, 0.5319253761973344]",-1,-1
2795,[0.35237425 0.47142632],7,-1,-1,-1,-1
2796,[0.81033787 0.71581728],1,4,"[0.7726811996944247, 0.7249303226766757]",-1,0
2797,[0.2739981  0.19962803],0,9,"[0.3110394802231661, 0.23517199738277297]",-1,-1
2798,[0.5347958  0.60850598],5,2,"[0.5921204552873188, 0.6383928111301557]",1203,-1
2799,[0.26261314 0.50532121],3,8,"[0.27392971195344684, 0.45973140540928376]",-1,-1
2800,[0.51930222 0.35059889],6,-1,-1,63,-1
2801,[0.59941374 0.5443137 ],9,-1,-1,-1,-1
2802,[0.65648722 0.58250912],9,-1,-1,1014,-1
2803,[0.32151001 0.49771607],4,8,"[0.27392971195344684, 0.45973140540928376]",1809,-1
2804,[0.40805697 0.35386488],6,1,"[0.3897435781344088, 0.3417040596068965]",986,-1
2805,[0.24542543 0.23031014],0,9,"[0.3110394802231661, 0.23517199738277297]",-1,-1
2806,[0.29236085 0.57053384],4,7,"[0.2817018170798153, 0.5849768676672948]",-1,-1
2807,[0.58780692 0.59616076],9,2,"[0.5921204552873188, 0.6383928111301557]",1351,-1
2808,[0.70747017 0.41731176],8,3,"[0.6815204869410737, 0.47689852788858716]",540,-1
2809,[0.54448527 0.6479135 ],5,2,"[0.5921204552873188, 0.6383928111301557]",-1,-1
2810,[0.34739417 0.31551351],0,1,"[0.3897435781344088, 0.3417040596068965]",1525,-1
2811,[0.47229076 0.34055499],6,-1,-1,529,-1
2812,[0.33328492 0.53882297],7,0,"[0.383291892093257, 0.5586820702346661]",-1,-1
2813,[0.50991771 0.34312113],6,-1,-1,-1,-1
2814,[0.65181046 0.42646954],8,3,"[0.6815204869410737, 0.47689852788858716]",783,-1
2815,[0.49912421 0.61390586],5,-1,-1,918,-1
2816,[0.61120247 0.557112  ],8,-1,-1,-1,-1
2817,[0.22299323 0.24886966],0,5,"[0.23231087327800656, 0.30304944505444303]",-1,-1
2818,[0.27814    0.27588724],0,9,"[0.3110394802231661, 0.23517199738277297]",-1,-1
2819,[0.74649472 0.52989338],8,-1,-1,222,-1
2820,[0.36560392 0.37822418],6,1,"[0.3897435781344088, 0.3417040596068965]",1009,-1
2821,[0.27271132 0.53976919],7,7,"[0.2817018170798153, 0.5849768676672948]",-1,-1
2822,[0.64105304 0.4848441 ],8,3,"[0.6815204869410737, 0.47689852788858716]",-1,1
2823,[0.34143128 0.54112712],4,0,"[0.383291892093257, 0.5586820702346661]",1953,16
2824,[0.33457485 0.55813612],4,0,"[0.383291892093257, 0.5586820702346661]",1971,-1
2825,[0.47952623 0.49438105],5,6,"[0.5164739970238864, 0.5319253761973344]",875,-1
2826,[0.82912304 0.76419921],1,4,"[0.7726811996944247, 0.7249303226766757]",314,0
2827,[0.51842448 0.59014058],5,6,"[0.5164739970238864, 0.5319253761973344]",1382,-1
2828,[0.74426943 0.50031243],8,3,"[0.6815204869410737, 0.47689852788858716]",-1,-1
2829,[0.40157845 0.56467151],5,0,"[0.383291892093257, 0.5586820702346661]",1748,-1
2830,[0.44197177 0.34441495],6,1,"[0.3897435781344088, 0.3417040596068965]",-1,-1
2831,[0.64483723 0.60487784],1,2,"[0.5921204552873188, 0.6383928111301557]",613,-1
2832,[0.4120132  0.48707841],3,-1,-1,-1,-1
2833,[0.33622174 0.2599119 ],6,9,"[0.3110394802231661, 0.23517199738277297]",-1,-1
2834,[0.45644523 0.41173326],6,-1,-1,206,-1
2835,[0.32176902 0.60536602],3,7,"[0.2817018170798153, 0.5849768676672948]",-1,-1
2836,[0.58073187 0.72282051],9,-1,-1,510,-1
2837,[0.75733146 0.6619697 ],1,4,"[0.7726811996944247, 0.7249303226766757]",379,0
2838,[0.30845567 0.55108108],4,7,"[0.2817018170798153, 0.5849768676672948]",-1,17
2839,[0.37441564 0.27050331],0,-1,-1,-1,-1
2840,[0.70958293 0.73013443],1,4,"[0.7726811996944247, 0.7249303226766757]",-1,0
2841,[0.38739532 0.55795819],3,0,"[0.383291892093257, 0.5586820702346661]",1774,-1
2842,[0.54423862 0.69931032],9,-1,-1,-1,-1
2843,[0.33486704 0.50533512],4,-1,-1,-1,-1
2844,[0.49115053 0.31603335],6,-1,-1,72,-1
2845,[0.51641446 0.65030169],9,-1,-1,-1,-1
2846,[0.67009262 0.72004889],1,-1,-1,253,-1
2847,[0.53522649 0.49712085],5,6,"[0.5164739970238864, 0.5319253761973344]",1096,-1
2848,[0.30786926 0.42917099],7,8,"[0.27392971195344684, 0.45973140540928376]",-1,-1
2849,[0.81091869 0.70836529],1,4,"[0.7726811996944247, 0.7249303226766757]",-1,0
2850,[0.29673756 0.70543084],4,-1,-1,-1,-1
2851,[0.35492596 0.63169436],4,-1,-1,-1,-1
2852,[0.3807364  0.37053833],6,1,"[0.3897435781344088, 0.3417040596068965]",-1,-1
2853,[0.24746391 0.5418502 ],4,7,"[0.2817018170798153, 0.5849768676672948]",-1,-1
2854,[0.60577114 0.53832056],5,-1,-1,1246,-1
2855,[0.26650801 0.43006241],4,8,"[0.27392971195344684, 0.45973140540928376]",1175,-1
2856,[0.3035441  0.39976191],7,8,"[0.27392971195344684, 0.45973140540928376]",-1,-1
2857,[0.76932929 0.76666734],1,4,"[0.7726811996944247, 0.7249303226766757]",410,0
2858,[0.29084948 0.49632769],7,8,"[0.27392971195344684, 0.45973140540928376]",1791,-1
2859,[0.40132571 0.54362794],7,0,"[0.383291892093257, 0.5586820702346661]",1631,-1
2860,[0.35127235 0.57191032],4,0,"[0.383291892093257, 0.5586820702346661]",1859,-1
2861,[0.32332406 0.36458386],2,-1,-1,1392,-1
2862,[0.30115631 0.57260692],4,7,"[0.2817018170798153, 0.5849768676672948]",-1,-1
2863,[0.60747968 0.55012505],5,-1,-1,1293,-1
2864,[0.37853864 0.62456395],4,0,"[0.383291892093257, 0.5586820702346661]",679,-1
2865,[0.43133068 0.50555967],5,-1,-1,-1,-1
2866,[0.62951578 0.60243399],5,2,"[0.5921204552873188, 0.6383928111301557]",1207,-1
2867,[0.64113039 0.58174638],8,-1,-1,-1,-1
2868,[0.37537024 0.33699065],6,1,"[0.3897435781344088, 0.3417040596068965]",-1,-1
2869,[0.26823034 0.57989534],3,7,"[0.2817018170798153, 0.5849768676672948]",1669,-1
2870,[0.28182718 0.26297298],2,9,"[0.3110394802231661, 0.23517199738277297]",-1,-1
2871,[0.31453869 0.33150986],6,-1,-1,1604,-1
2872,[0.44713225 0.5106795 ],3,-1,-1,1059,-1
2873,[0.61784395 0.69137443],9,2,"[0.5921204552873188, 0.6383928111301557]",662,-1
2874,[0.43132753 0.43740887],4,-1,-1,404,-1
2875,[0.56840628 0.72075984],9,-1,-1,-1,-1
2876,[0.38813778 0.67639994],3,-1,-1,-1,-1
2877,[0.4936351  0.53274547],5,6,"[0.5164739970238864, 0.5319253761973344]",-1,-1
2878,[0.71199333 0.55028607],9,-1,-1,563,-1
2879,[0.52769664 0.60301346],5,-1,-1,-1,-1
2880,[0.63465922 0.6810546 ],9,2,"[0.5921204552873188, 0.6383928111301557]",-1,-1
2881,[0.56053498 0.59994096],5,2,"[0.5921204552873188, 0.6383928111301557]",1342,-1
2882,[0.38708828 0.33806625],2,1,"[0.3897435781344088, 0.3417040596068965]",1476,-1
2883,[0.34821798 0.6071265 ],3,0,"[0.383291892093257, 0.5586820702346661]",1833,-1
2884,[0.44356488 0.30593536],6,1,"[0.3897435781344088, 0.3417040596068965]",492,-1
2885,[0.73560527 0.53989529],8,-1,-1,289,-1
2886,[0.28636806 0.51390829],7,8,"[0.27392971195344684, 0.45973140540928376]",1915,14
2887,[0.18924734 0.35180894],2,5,"[0.23231087327800656, 0.30304944505444303]",-1,-1
2888,[0.32021193 0.35062752],2,-1,-1,1485,-1
2889,[0.63442954 0.51398584],8,3,"[0.6815204869410737, 0.47689852788858716]",-1,1
2890,[0.83759251 0.6406972 ],1,-1,-1,-1,0
2891,[0.33599063 0.22415676],6,9,"[0.3110394802231661, 0.23517199738277297]",-1,-1
2892,[0.39524475 0.58943649],4,0,"[0.383291892093257, 0.5586820702346661]",1722,-1
2893,[0.31337352 0.54724523],4,7,"[0.2817018170798153, 0.5849768676672948]",1988,17
2894,[0.82422628 0.79509379],1,-1,-1,191,0
2895,[0.31085659 0.2822385 ],2,9,"[0.3110394802231661, 0.23517199738277297]",1614,-1
2896,[0.51073136 0.48617685],5,6,"[0.5164739970238864, 0.5319253761973344]",-1,-1
2897,[0.64701904 0.65004308],9,2,"[0.5921204552873188, 0.6383928111301557]",-1,-1
2898,[0.74413117 0.45243451],8,3,"[0.6815204869410737, 0.47689852788858716]",-1,-1
2899,[0.28164345 0.35384436],2,-1,-1,-1,-1
2900,[0.7380735  0.39771147],8,-1,-1,269,-1
2901,[0.38413368 0.22932387],2,-1,-1,-1,-1
2902,[0.22488213 0.27267201],0,5,"[0.23231087327800656, 0.30304944505444303]",-1,-1
2903,[0.2314707  0.20195209],0,-1,-1,-1,-1
2904,[0.26875781 0.29805165],6,5,"[0.23231087327800656, 0.30304944505444303]",1657,-1
2905,[0.62857669 0.69017272],9,2,"[0.5921204552873188, 0.6383928111301557]",-1,-1
2906,[0.67971944 0.49023727],8,3,"[0.6815204869410737, 0.47689852788858716]",-1,-1
2907,[0.33093751 0.58228659],3,7,"[0.2817018170798153, 0.5849768676672948]",1980,-1
2908,[0.21164111 0.44160164],7,8,"[0.27392971195344684, 0.45973140540928376]",266,-1
2909,[0.64278314 0.82523527],1,-1,-1,-1,-1
2910,[0.67798967 0.75402089],1,-1,-1,155,0
2911,[0.37859601 0.54485122],4,0,"[0.383291892093257, 0.5586820702346661]",1805,-1
2912,[0.38591263 0.4233692 ],6,-1,-1,-1,-1
2913,[0.35485249 0.33452138],2,1,"[0.3897435781344088, 0.3417040596068965]",-1,-1
2914,[0.81019367 0.7872793 ],1,-1,-1,294,0
2915,[0.32112413 0.48885139],7,8,"[0.27392971195344684, 0.45973140540928376]",1868,-1
2916,[0.34322327 0.60094135],4,0,"[0.383291892093257, 0.5586820702346661]",1861,-1
2917,[0.30295156 0.24727167],0,9,"[0.3110394802231661, 0.23517199738277297]",-1,-1
2918,[0.26122099 0.32270087],0,5,"[0.23231087327800656, 0.30304944505444303]",1518,-1
2919,[0.74150635 0.72343113],1,4,"[0.7726811996944247, 0.7249303226766757]",411,0
2920,[0.56473072 0.64824265],9,2,"[0.5921204552873188, 0.6383928111301557]",1219,-1
2921,[0.4963028  0.22992877],6,-1,-1,-1,-1
2922,[0.71403627 0.68949552],1,4,"[0.7726811996944247, 0.7249303226766757]",-1,0
2923,[0.43788563 0.30315063],6,1,"[0.3897435781344088, 0.3417040596068965]",-1,-1
2924,[0.38018774 0.56343401],3,0,"[0.383291892093257, 0.5586820702346661]",-1,-1
2925,[0.23363529 0.35541363],0,5,"[0.23231087327800656, 0.30304944505444303]",1130,-1
2926,[0.70430398 0.73234196],1,4,"[0.7726811996944247, 0.7249303226766757]",383,0
2927,[0.17428423 0.54234152],7,-1,-1,-1,-1
2928,[0.66575465 0.65802436],9,-1,-1,636,-1
2929,[0.79172634 0.75997479],1,4,"[0.7726811996944247, 0.7249303226766757]",377,0
2930,[0.20391825 0.37148945],2,-1,-1,-1,-1
2931,[0.38527864 0.24254317],0,-1,-1,-1,-1
2932,[0.66603177 0.77712163],9,-1,-1,-1,-1
2933,[0.69095621 0.3592278 ],8,-1,-1,-1,-1
2934,[0.7501847  0.49013963],8,3,"[0.6815204869410737, 0.47689852788858716]",508,-1
2935,[0.72891775 0.38691392],8,-1,-1,149,-1
2936,[0.70265092 0.42147412],8,3,"[0.6815204869410737, 0.47689852788858716]",593,-1
2937,[0.56964041 0.70597151],9,-1,-1,511,-1
2938,[0.27174658 0.5142148 ],4,8,"[0.27392971195344684, 0.45973140540928376]",1887,-1
2939,[0.59947956 0.51130365],8,-1,-1,844,-1
2940,[0.60482738 0.5392284 ],5,-1,-1,-1,-1
2941,[0.27573354 0.22470351],0,9,"[0.3110394802231661, 0.23517199738277297]",-1,-1
2942,[0.27200441 0.49745093],7,8,"[0.27392971195344684, 0.45973140540928376]",1779,-1
2943,[0.26510308 0.20859781],0,9,"[0.3110394802231661, 0.23517199738277297]",-1,-1
2944,[0.87946668 0.64646242],1,-1,-1,-1,-1
2945,[0.52476656 0.53463084],5,6,"[0.5164739970238864, 0.5319253761973344]",1177,-1
2946,[0.42552419 0.40948373],6,-1,-1,-1,-1
2947,[0.61610756 0.64814094],9,2,"[0.5921204552873188, 0.6383928111301557]",-1,-1
2948,[0.46390436 0.46876012],5,-1,-1,-1,-1
2949,[0.34900161 0.25013399],2,9,"[0.3110394802231661, 0.23517199738277297]",-1,-1
2950,[0.24949783 0.51368318],4,8,"[0.27392971195344684, 0.45973140540928376]",-1,-1
2951,[0.31372074 0.57140331],3,7,"[0.2817018170798153, 0.5849768676672948]",1925,-1
2952,[0.45053617 0.65859253],3,-1,-1,-1,-1
2953,[0.69656965 0.50439052],8,3,"[0.6815204869410737, 0.47689852788858716]",-1,2
2954,[0.7924891  0.71710146],1,4,"[0.7726811996944247, 0.7249303226766757]",-1,0
2955,[0.39606213 0.51633105],3,0,"[0.383291892093257, 0.5586820702346661]",1634,-1
2956,[0.27705301 0.44086074],7,8,"[0.27392971195344684, 0.45973140540928376]",-1,-1
2957,[0.63580545 0.4424144 ],8,3,"[0.6815204869410737, 0.47689852788858716]",-1,-1
2958,[0.39251768 0.30256865],6,1,"[0.3897435781344088, 0.3417040596068965]",-1,-1
2959,[0.76614332 0.68102235],1,4,"[0.7726811996944247, 0.7249303226766757]",-1,0
2960,[0.72567074 0.83011234],1,-1,-1,50,-1
2961,[0.21721552 0.4966933 ],7,8,"[0.27392971195344684, 0.45973140540928376]",598,-1
2962,[0.4040826  0.54296811],3,0,"[0.383291892093257, 0.5586820702346661]",1631,-1
2963,[0.6636121 0.519041 ],9,3,"[0.6815204869410737, 0.47689852788858716]",-1,-1
2964,[0.3226525  0.22500158],0,9,"[0.3110394802231661, 0.23517199738277297]",968,-1
2965,[0.35782717 0.29918711],0,1,"[0.3897435781344088, 0.3417040596068965]",1537,-1
2966,[0.26462238 0.2740237 ],0,5,"[0.23231087327800656, 0.30304944505444303]",1534,-1
2967,[0.47403753 0.27132915],6,-1,-1,-1,-1
2968,[0.61721068 0.47649677],5,3,"[0.6815204869410737, 0.47689852788858716]",-1,-1
2969,[0.24630895 0.26857883],0,5,"[0.23231087327800656, 0.30304944505444303]",-1,-1
2970,[0.22924585 0.36087143],2,5,"[0.23231087327800656, 0.30304944505444303]",1126,-1
2971,[0.60874166 0.41169985],8,-1,-1,164,-1
2972,[0.76562226 0.34378694],8,-1,-1,-1,-1
2973,[0.39499359 0.41875365],4,-1,-1,-1,-1
2974,[0.65997787 0.51719831],8,3,"[0.6815204869410737, 0.47689852788858716]",782,-1
2975,[0.31134371 0.28352794],6,9,"[0.3110394802231661, 0.23517199738277297]",1614,-1
2976,[0.36356521 0.6044108 ],3,0,"[0.383291892093257, 0.5586820702346661]",-1,-1
2977,[0.31925731 0.57990662],3,7,"[0.2817018170798153, 0.5849768676672948]",-1,-1
2978,[0.48364109 0.60908944],9,-1,-1,-1,-1
2979,[0.19252821 0.30585089],2,5,"[0.23231087327800656, 0.30304944505444303]",-1,-1
2980,[0.19501142 0.34014154],0,5,"[0.23231087327800656, 0.30304944505444303]",-1,-1
2981,[0.3439913  0.54182589],4,0,"[0.383291892093257, 0.5586820702346661]",-1,16
2982,[0.25666965 0.57844884],4,7,"[0.2817018170798153, 0.5849768676672948]",1562,-1
2983,[0.22926609 0.28004721],0,5,"[0.23231087327800656, 0.30304944505444303]",-1,-1
2984,[0.29289983 0.28374247],0,9,"[0.3110394802231661, 0.23517199738277297]",1554,-1
2985,[0.66864747 0.73762704],1,-1,-1,-1,0
2986,[0.56041402 0.62857813],5,2,"[0.5921204552873188, 0.6383928111301557]",1278,6
2987,[0.56451871 0.6331678 ],5,2,"[0.5921204552873188, 0.6383928111301557]",-1,6
2988,[0.53448597 0.48360662],8,6,"[0.5164739970238864, 0.5319253761973344]",-1,-1
2989,[0.28852122 0.67284466],4,-1,-1,-1,-1
2990,[0.29528101 0.58001024],7,7,"[0.2817018170798153, 0.5849768676672948]",1840,-1
2991,[0.5865607  0.52575195],9,-1,-1,1102,-1
2992,[0.41433522 0.30013884],2,1,"[0.3897435781344088, 0.3417040596068965]",889,-1
2993,[0.57716363 0.62375114],9,2,"[0.5921204552873188, 0.6383928111301557]",-1,-1
2994,[0.35111585 0.42878303],7,-1,-1,-1,-1
2995,[0.31985001 0.3490898 ],6,-1,-1,1485,-1
2996,[0.51026802 0.51987685],5,6,"[0.5164739970238864, 0.5319253761973344]",-1,-1
2997,[0.50338606 0.25257593],6,-1,-1,-1,-1
2998,[0.34301608 0.59585639],4,0,"[0.383291892093257, 0.5586820702346661]",-1,-1
2999,[0.38294238 0.30017499],2,1,"[0.3897435781344088, 0.3417040596068965]",1463,-1
3000,[0.35257924 0.50837494],3,0,"[0.383291892093257, 0.5586820702346661]",-1,-1
3001,[0.50033209 0.66921867],5,-1,-1,712,-1
3002,[0.29440457 0.50087672],7,8,"[0.27392971195344684, 0.45973140540928376]",-1,-1
3003,[0.28019454 0.40127326],7,8,"[0.27392971195344684, 0.45973140540928376]",-1,-1
3004,[0.83396888 0.74756724],1,4,"[0.7726811996944247, 0.7249303226766757]",406,0
3005,[0.64950447 0.47163126],8,3,"[0.6815204869410737, 0.47689852788858716]",824,1
3006,[0.60193669 0.67946704],9,2,"[0.5921204552873188, 0.6383928111301557]",-1,-1
3007,[0.21500436 0.52236542],7,-1,-1,-1,-1
3008,[0.68513918 0.55528224],8,-1,-1,673,-1
3009,[0.28952214 0.40504005],7,8,"[0.27392971195344684, 0.45973140540928376]",-1,-1
3010,[0.71011425 0.58360882],8,-1,-1,229,-1
3011,[0.35265368 0.40031188],6,1,"[0.3897435781344088, 0.3417040596068965]",905,-1
3012,[0.34626122 0.61050283],4,0,"[0.383291892093257, 0.5586820702346661]",1830,-1
3013,[0.3012815  0.33175058],2,-1,-1,1660,-1
3014,[0.68634784 0.6277984 ],9,-1,-1,-1,-1
3015,[0.50249605 0.51530013],5,6,"[0.5164739970238864, 0.5319253761973344]",890,-1
3016,[0.2984012  0.58567314],4,7,"[0.2817018170798153, 0.5849768676672948]",-1,-1
3017,[0.323912   0.65166858],3,-1,-1,614,-1
3018,[0.24913392 0.41167541],0,8,"[0.27392971195344684, 0.45973140540928376]",700,-1
3019,[0.36186343 0.33375035],2,1,"[0.3897435781344088, 0.3417040596068965]",-1,-1
3020,[0.27191857 0.42147729],0,8,"[0.27392971195344684, 0.45973140540928376]",-1,-1
3021,[0.31451394 0.42563998],2,8,"[0.27392971195344684, 0.45973140540928376]",-1,-1
3022,[0.82076107 0.73936448],1,4,"[0.7726811996944247, 0.7249303226766757]",-1,0
3023,[0.44944063 0.4094106 ],6,-1,-1,207,-1
3024,[0.37305304 0.3512478 ],6,1,"[0.3897435781344088, 0.3417040596068965]",1245,-1
3025,[0.62901634 0.54502952],9,-1,-1,-1,-1
3026,[0.74721689 0.81853282],1,-1,-1,103,0
3027,[0.42137281 0.5306915 ],3,0,"[0.383291892093257, 0.5586820702346661]",1469,-1
3028,[0.16680393 0.29772051],2,5,"[0.23231087327800656, 0.30304944505444303]",-1,-1
3029,[0.4345365  0.57435066],3,0,"[0.383291892093257, 0.5586820702346661]",-1,-1
3030,[0.7916158  0.73528337],1,4,"[0.7726811996944247, 0.7249303226766757]",471,0
3031,[0.28357388 0.49039514],7,8,"[0.27392971195344684, 0.45973140540928376]",-1,-1
3032,[0.53843466 0.68572135],5,-1,-1,555,-1
3033,[0.6269036  0.64157139],9,2,"[0.5921204552873188, 0.6383928111301557]",1163,-1
3034,[0.39756602 0.59167495],3,0,"[0.383291892093257, 0.5586820702346661]",1723,-1
3035,[0.36848314 0.28461762],6,1,"[0.3897435781344088, 0.3417040596068965]",1172,-1
3036,[0.67773419 0.58361435],9,-1,-1,-1,-1
3037,[0.38116808 0.54461829],4,0,"[0.383291892093257, 0.5586820702346661]",1805,-1
3038,[0.57154438 0.54741071],5,6,"[0.5164739970238864, 0.5319253761973344]",-1,-1
3039,[0.31252742 0.35789552],7,-1,-1,-1,-1
3040,[0.44768496 0.23769708],6,-1,-1,-1,-1
3041,[0.32509687 0.29742039],2,9,"[0.3110394802231661, 0.23517199738277297]",-1,-1
3042,[0.36427485 0.46804406],7,-1,-1,-1,-1
3043,[0.3411952  0.48814341],3,-1,-1,-1,-1
3044,[0.77898732 0.58586161],8,-1,-1,-1,-1
3045,[0.41650568 0.56298915],5,0,"[0.383291892093257, 0.5586820702346661]",1736,-1
3046,[0.59920641 0.48099075],5,-1,-1,-1,-1
3047,[0.35188471 0.26368107],6,9,"[0.3110394802231661, 0.23517199738277297]",951,-1
3048,[0.23341501 0.20654881],0,-1,-1,-1,-1
3049,[0.44753012 0.54007307],5,0,"[0.383291892093257, 0.5586820702346661]",-1,-1
3050,[0.72952928 0.52060559],5,3,"[0.6815204869410737, 0.47689852788858716]",487,-1
3051,[0.5186443  0.61911034],5,-1,-1,-1,-1
3052,[0.36730701 0.22539667],6,9,"[0.3110394802231661, 0.23517199738277297]",484,-1
3053,[0.60399358 0.65297883],9,2,"[0.5921204552873188, 0.6383928111301557]",-1,-1
3054,[0.39198181 0.60273375],3,0,"[0.383291892093257, 0.5586820702346661]",-1,-1
3055,[0.28928732 0.24651796],6,9,"[0.3110394802231661, 0.23517199738277297]",-1,-1
3056,[0.24790775 0.2236033 ],0,9,"[0.3110394802231661, 0.23517199738277297]",985,-1
3057,[0.59379771 0.6208479 ],9,2,"[0.5921204552873188, 0.6383928111301557]",1343,6
3058,[0.33855013 0.57041712],7,0,"[0.383291892093257, 0.5586820702346661]",-1,-1
3059,[0.3892957  0.33717336],6,1,"[0.3897435781344088, 0.3417040596068965]",1476,-1
3060,[0.80934544 0.70341611],1,4,"[0.7726811996944247, 0.7249303226766757]",365,0
3061,[0.42203149 0.46990622],3,-1,-1,716,-1
3062,[0.60381109 0.5514249 ],9,-1,-1,-1,-1
3063,[0.34920413 0.51555424],4,0,"[0.383291892093257, 0.5586820702346661]",1927,-1
3064,[0.28335431 0.31629529],2,5,"[0.23231087327800656, 0.30304944505444303]",-1,-1
3065,[0.41678609 0.72379078],3,-1,-1,-1,-1
3066,[0.3343538 0.4191248],6,-1,-1,917,-1
3067,[0.2312621  0.48425865],7,8,"[0.27392971195344684, 0.45973140540928376]",-1,-1
3068,[0.22922952 0.55533522],3,7,"[0.2817018170798153, 0.5849768676672948]",-1,-1
3069,[0.30950822 0.56026853],4,7,"[0.2817018170798153, 0.5849768676672948]",1968,-1
3070,[0.28146549 0.35922069],0,-1,-1,1260,-1
3071,[0.39356172 0.27164693],6,-1,-1,1076,-1
3072,[0.33920648 0.41633103],6,-1,-1,917,-1
3073,[0.26134112 0.55261133],7,7,"[0.2817018170798153, 0.5849768676672948]",1704,-1
3074,[0.2046216  0.36912276],2,-1,-1,-1,-1
3075,[0.15001961 0.56026263],7,-1,-1,35,-1
3076,[0.26548792 0.41719461],7,8,"[0.27392971195344684, 0.45973140540928376]",695,-1
3077,[0.2226723  0.45539669],7,8,"[0.27392971195344684, 0.45973140540928376]",-1,-1
3078,[0.32632763 0.38375357],6,-1,-1,1011,-1
3079,[0.24158956 0.55880482],4,7,"[0.2817018170798153, 0.5849768676672948]",-1,-1
3080,[0.33972121 0.26034465],2,9,"[0.3110394802231661, 0.23517199738277297]",-1,-1
3081,[0.71746815 0.40980172],8,-1,-1,-1,-1
3082,[0.59860955 0.59181823],5,2,"[0.5921204552873188, 0.6383928111301557]",1318,-1
3083,[0.25079147 0.4523079 ],2,8,"[0.27392971195344684, 0.45973140540928376]",931,-1
3084,[0.30683765 0.39624991],2,-1,-1,-1,-1
3085,[0.61817452 0.50186274],8,3,"[0.6815204869410737, 0.47689852788858716]",-1,-1
3086,[0.70948877 0.44306929],8,3,"[0.6815204869410737, 0.47689852788858716]",594,-1
3087,[0.21433653 0.55413483],7,-1,-1,-1,-1
3088,[0.59576736 0.5861643 ],9,2,"[0.5921204552873188, 0.6383928111301557]",1326,5
3089,[0.11028984 0.30861442],2,-1,-1,-1,-1
3090,[0.3203578 0.4605487],4,8,"[0.27392971195344684, 0.45973140540928376]",1556,-1
3091,[0.60293656 0.4970572 ],5,-1,-1,843,-1
3092,[0.7877141 0.5501068],8,-1,-1,15,-1
3093,[0.42938818 0.51612796],5,0,"[0.383291892093257, 0.5586820702346661]",1439,-1
3094,[0.3022641  0.63682185],4,7,"[0.2817018170798153, 0.5849768676672948]",-1,-1
3095,[0.73944432 0.75191189],1,4,"[0.7726811996944247, 0.7249303226766757]",418,0
3096,[0.53096159 0.55414037],5,6,"[0.5164739970238864, 0.5319253761973344]",1359,-1
3097,[0.59762997 0.61577547],9,2,"[0.5921204552873188, 0.6383928111301557]",1417,-1
3098,[0.31320115 0.54998553],7,7,"[0.2817018170798153, 0.5849768676672948]",-1,17
3099,[0.76161649 0.72349791],1,4,"[0.7726811996944247, 0.7249303226766757]",469,0
3100,[0.32919592 0.27513598],0,9,"[0.3110394802231661, 0.23517199738277297]",-1,-1
3101,[0.35431613 0.66090478],3,-1,-1,298,-1
3102,[0.29501638 0.2268807 ],6,9,"[0.3110394802231661, 0.23517199738277297]",-1,-1
3103,[0.30753175 0.21132185],0,9,"[0.3110394802231661, 0.23517199738277297]",-1,-1
3104,[0.31620303 0.24887476],2,9,"[0.3110394802231661, 0.23517199738277297]",1499,-1
3105,[0.3623777  0.59001149],7,0,"[0.383291892093257, 0.5586820702346661]",-1,12
3106,[0.42747672 0.30226318],2,1,"[0.3897435781344088, 0.3417040596068965]",975,-1
3107,[0.60129528 0.52894835],5,-1,-1,1023,-1
3108,[0.61739638 0.39552609],8,-1,-1,70,-1
3109,[0.26793149 0.54167518],4,7,"[0.2817018170798153, 0.5849768676672948]",1743,-1
3110,[0.55942013 0.4981385 ],5,6,"[0.5164739970238864, 0.5319253761973344]",845,-1
3111,[0.29971945 0.28992051],0,9,"[0.3110394802231661, 0.23517199738277297]",-1,11
3112,[0.3195757  0.31523251],2,-1,-1,1673,-1
3113,[0.36472697 0.33704004],2,1,"[0.3897435781344088, 0.3417040596068965]",-1,-1
3114,[0.6609858  0.59164735],9,-1,-1,544,-1
3115,[0.26950586 0.58609719],7,7,"[0.2817018170798153, 0.5849768676672948]",1655,-1
3116,[0.27266673 0.61939518],7,7,"[0.2817018170798153, 0.5849768676672948]",-1,-1
3117,[0.346951   0.25543316],6,9,"[0.3110394802231661, 0.23517199738277297]",954,-1
3118,[0.22094135 0.28442144],0,5,"[0.23231087327800656, 0.30304944505444303]",1114,-1
3119,[0.66022271 0.48033564],8,3,"[0.6815204869410737, 0.47689852788858716]",825,1
3120,[0.68825987 0.7272415 ],1,-1,-1,322,0
3121,[0.231513   0.30054769],0,5,"[0.23231087327800656, 0.30304944505444303]",1468,-1
3122,[0.7115941  0.69059146],1,-1,-1,-1,0
3123,[0.28852206 0.32649876],2,5,"[0.23231087327800656, 0.30304944505444303]",-1,-1
3124,[0.31733169 0.59369621],3,7,"[0.2817018170798153, 0.5849768676672948]",1937,-1
3125,[0.29186624 0.51595704],4,8,"[0.27392971195344684, 0.45973140540928376]",1914,14
3126,[0.24182009 0.16092695],0,-1,-1,-1,-1
3127,[0.4293897  0.58863674],4,0,"[0.383291892093257, 0.5586820702346661]",1703,-1
3128,[0.28011703 0.21451465],0,9,"[0.3110394802231661, 0.23517199738277297]",1355,-1
3129,[0.5897082  0.57048747],5,2,"[0.5921204552873188, 0.6383928111301557]",1326,-1
3130,[0.28902553 0.25880357],2,9,"[0.3110394802231661, 0.23517199738277297]",1609,-1
3131,[0.31143391 0.54473397],3,7,"[0.2817018170798153, 0.5849768676672948]",1988,17
3132,[0.57585534 0.69324191],9,2,"[0.5921204552873188, 0.6383928111301557]",-1,-1
3133,[0.34424799 0.48642229],3,-1,-1,1891,-1
3134,[0.6527037  0.63814742],9,2,"[0.5921204552873188, 0.6383928111301557]",-1,-1
3135,[0.53685779 0.53316964],5,6,"[0.5164739970238864, 0.5319253761973344]",1150,-1
3136,[0.40888475 0.61627855],3,0,"[0.383291892093257, 0.5586820702346661]",-1,-1
3137,[0.85156258 0.82642255],1,-1,-1,-1,-1
3138,[0.33354658 0.60680181],3,7,"[0.2817018170798153, 0.5849768676672948]",-1,-1
3139,[0.1805985  0.30262152],2,5,"[0.23231087327800656, 0.30304944505444303]",549,-1
3140,[0.32152956 0.4247667 ],7,8,"[0.27392971195344684, 0.45973140540928376]",1017,-1
3141,[0.27921145 0.40946148],2,8,"[0.27392971195344684, 0.45973140540928376]",-1,-1
3142,[0.4962242  0.56068868],5,6,"[0.5164739970238864, 0.5319253761973344]",1183,-1
3143,[0.31048733 0.36046206],6,-1,-1,-1,-1
3144,[0.62695951 0.53543401],8,-1,-1,-1,-1
3145,[0.59163406 0.56744556],5,-1,-1,-1,5
3146,[0.47206306 0.58883776],3,-1,-1,-1,-1
3147,[0.27032322 0.34769546],2,5,"[0.23231087327800656, 0.30304944505444303]",1592,-1
3148,[0.79867867 0.67311957],1,4,"[0.7726811996944247, 0.7249303226766757]",359,0
3149,[0.52282416 0.6676617 ],9,-1,-1,-1,-1
3150,[0.76186828 0.73216494],1,4,"[0.7726811996944247, 0.7249303226766757]",468,0
3151,[0.82741722 0.69650386],1,4,"[0.7726811996944247, 0.7249303226766757]",-1,0
3152,[0.61680731 0.72537481],9,-1,-1,212,-1
3153,[0.27589366 0.52305275],7,7,"[0.2817018170798153, 0.5849768676672948]",1887,-1
3154,[0.34905259 0.59702248],4,0,"[0.383291892093257, 0.5586820702346661]",1833,-1
3155,[0.73677834 0.52960484],8,-1,-1,-1,-1
3156,[0.6376906  0.53852639],5,-1,-1,1117,-1
3157,[0.58214208 0.54586156],5,6,"[0.5164739970238864, 0.5319253761973344]",-1,-1
3158,[0.44195772 0.58960983],5,0,"[0.383291892093257, 0.5586820702346661]",-1,-1
3159,[0.44748827 0.61906792],3,-1,-1,707,-1
3160,[0.35417413 0.25590365],6,9,"[0.3110394802231661, 0.23517199738277297]",954,-1
3161,[0.40184371 0.22779632],6,-1,-1,204,-1
3162,[0.37756984 0.49526466],4,0,"[0.383291892093257, 0.5586820702346661]",-1,-1
3163,[0.54161805 0.64531954],5,2,"[0.5921204552873188, 0.6383928111301557]",-1,-1
3164,[0.61501837 0.44697541],8,-1,-1,-1,-1
3165,[0.80140029 0.72996557],1,4,"[0.7726811996944247, 0.7249303226766757]",-1,0
3166,[0.30467445 0.20371625],0,9,"[0.3110394802231661, 0.23517199738277297]",-1,-1
3167,[0.36472817 0.52360182],4,0,"[0.383291892093257, 0.5586820702346661]",1934,-1
3168,[0.86611255 0.68111342],1,-1,-1,81,-1
3169,[0.80059499 0.67078492],1,4,"[0.7726811996944247, 0.7249303226766757]",359,0
3170,[0.41984617 0.49145753],3,-1,-1,-1,-1
3171,[0.20166796 0.49132453],2,-1,-1,-1,-1
3172,[0.42977934 0.32858452],6,1,"[0.3897435781344088, 0.3417040596068965]",979,-1
3173,[0.73483261 0.81753547],1,-1,-1,-1,0
3174,[0.41120887 0.65316378],5,-1,-1,-1,-1
3175,[0.69678707 0.57587062],8,-1,-1,-1,-1
3176,[0.34011571 0.46441347],7,8,"[0.27392971195344684, 0.45973140540928376]",1387,-1
3177,[0.52898201 0.47432774],9,6,"[0.5164739970238864, 0.5319253761973344]",-1,-1
3178,[0.20455478 0.40451254],2,-1,-1,202,-1
3179,[0.60272083 0.64866017],9,2,"[0.5921204552873188, 0.6383928111301557]",1321,-1
3180,[0.35561863 0.58835018],3,0,"[0.383291892093257, 0.5586820702346661]",1828,-1
3181,[0.29361556 0.32317544],2,5,"[0.23231087327800656, 0.30304944505444303]",1621,-1
3182,[0.257159   0.52421097],7,7,"[0.2817018170798153, 0.5849768676672948]",1727,-1
3183,[0.60996988 0.46519908],8,-1,-1,615,-1
3184,[0.36840099 0.57243474],3,0,"[0.383291892093257, 0.5586820702346661]",-1,12
3185,[0.6999354  0.47609103],8,3,"[0.6815204869410737, 0.47689852788858716]",802,-1
3186,[0.19009482 0.65284042],4,-1,-1,19,-1
3187,[0.49224173 0.59935089],3,-1,-1,-1,-1
3188,[0.39722724 0.33334081],6,1,"[0.3897435781344088, 0.3417040596068965]",1003,-1
3189,[0.33222684 0.49081827],3,8,"[0.27392971195344684, 0.45973140540928376]",1827,-1
3190,[0.47118696 0.51756146],5,6,"[0.5164739970238864, 0.5319253761973344]",1002,-1
3191,[0.20430013 0.19807752],2,-1,-1,227,-1
3192,[0.27908445 0.35465669],2,5,"[0.23231087327800656, 0.30304944505444303]",-1,-1
3193,[0.57186545 0.5656734 ],5,6,"[0.5164739970238864, 0.5319253761973344]",-1,-1
3194,[0.34698393 0.68270234],3,-1,-1,298,-1
3195,[0.2642074  0.24606814],0,9,"[0.3110394802231661, 0.23517199738277297]",1345,-1
3196,[0.34900483 0.35000475],2,1,"[0.3897435781344088, 0.3417040596068965]",1352,-1
3197,[0.30339233 0.42950805],7,8,"[0.27392971195344684, 0.45973140540928376]",-1,-1
3198,[0.67558817 0.47067102],8,3,"[0.6815204869410737, 0.47689852788858716]",804,-1
3199,[0.58413286 0.56996442],9,2,"[0.5921204552873188, 0.6383928111301557]",-1,-1
3200,[0.59117574 0.73927614],5,-1,-1,-1,-1
3201,[0.2736755  0.61239695],4,7,"[0.2817018170798153, 0.5849768676672948]",-1,-1
3202,[0.58518143 0.64591414],5,2,"[0.5921204552873188, 0.6383928111301557]",1189,-1
3203,[0.31314896 0.41661946],2,8,"[0.27392971195344684, 0.45973140540928376]",1017,-1
3204,[0.530328   0.58780965],5,6,"[0.5164739970238864, 0.5319253761973344]",1372,-1
3205,[0.31795232 0.26407679],2,9,"[0.3110394802231661, 0.23517199738277297]",1508,-1
3206,[0.67465961 0.44107212],8,3,"[0.6815204869410737, 0.47689852788858716]",735,-1
3207,[0.46214622 0.58571532],3,-1,-1,-1,-1
3208,[0.75618925 0.7638556 ],1,4,"[0.7726811996944247, 0.7249303226766757]",417,0
3209,[0.52808991 0.61033186],5,2,"[0.5921204552873188, 0.6383928111301557]",-1,-1
3210,[0.50526286 0.62241308],5,-1,-1,-1,-1
3211,[0.39060918 0.43945536],3,-1,-1,-1,-1
3212,[0.57998019 0.54986347],8,6,"[0.5164739970238864, 0.5319253761973344]",-1,-1
3213,[0.75382764 0.74665611],1,4,"[0.7726811996944247, 0.7249303226766757]",430,0
3214,[0.29251981 0.31368113],6,5,"[0.23231087327800656, 0.30304944505444303]",-1,-1
3215,[0.90472895 0.79609398],1,-1,-1,-1,-1
3216,[0.45676537 0.44599859],5,-1,-1,-1,-1
3217,[0.54294338 0.75332251],9,-1,-1,-1,-1
3218,[0.56771675 0.5920633 ],5,2,"[0.5921204552873188, 0.6383928111301557]",1437,6
3219,[0.77071598 0.69208465],1,4,"[0.7726811996944247, 0.7249303226766757]",448,0
3220,[0.39917884 0.32629831],2,1,"[0.3897435781344088, 0.3417040596068965]",-1,-1
3221,[0.49351859 0.60920275],5,-1,-1,918,-1
3222,[0.72817501 0.51458983],8,3,"[0.6815204869410737, 0.47689852788858716]",-1,-1
3223,[0.68405093 0.48240216],8,3,"[0.6815204869410737, 0.47689852788858716]",-1,-1
3224,[0.34954983 0.54050411],7,0,"[0.383291892093257, 0.5586820702346661]",1969,16
3225,[0.34776831 0.25505231],6,9,"[0.3110394802231661, 0.23517199738277297]",-1,-1
3226,[0.31674078 0.26630538],2,9,"[0.3110394802231661, 0.23517199738277297]",1508,-1
3227,[0.67970242 0.40883953],8,3,"[0.6815204869410737, 0.47689852788858716]",592,-1
3228,[0.65927893 0.71276517],9,-1,-1,-1,-1
3229,[0.41523103 0.61989185],3,0,"[0.383291892093257, 0.5586820702346661]",1474,-1
3230,[0.90098016 0.70059034],1,-1,-1,-1,-1
3231,[0.72436503 0.75818529],1,4,"[0.7726811996944247, 0.7249303226766757]",-1,0
3232,[0.39629856 0.53630584],3,0,"[0.383291892093257, 0.5586820702346661]",1629,-1
3233,[0.26756325 0.60114987],4,7,"[0.2817018170798153, 0.5849768676672948]",-1,-1
3234,[0.74475952 0.50051785],8,3,"[0.6815204869410737, 0.47689852788858716]",-1,-1
3235,[0.31355977 0.34210465],6,-1,-1,1623,8
3236,[0.42237835 0.37507634],6,1,"[0.3897435781344088, 0.3417040596068965]",681,-1
3237,[0.39821254 0.57411383],4,0,"[0.383291892093257, 0.5586820702346661]",-1,-1
3238,[0.21838609 0.56792286],4,7,"[0.2817018170798153, 0.5849768676672948]",690,-1
3239,[0.44346211 0.37019064],6,1,"[0.3897435781344088, 0.3417040596068965]",553,-1
3240,[0.3591795  0.63345263],3,-1,-1,1304,-1
3241,[0.36641156 0.35378789],2,1,"[0.3897435781344088, 0.3417040596068965]",1245,-1
3242,[0.23725728 0.32018442],0,5,"[0.23231087327800656, 0.30304944505444303]",1494,-1
3243,[0.25202019 0.48158446],7,8,"[0.27392971195344684, 0.45973140540928376]",1710,-1
3244,[0.7642646  0.74137396],1,4,"[0.7726811996944247, 0.7249303226766757]",-1,0
3245,[0.90126243 0.68191435],1,-1,-1,29,-1
3246,[0.33178912 0.23973767],2,9,"[0.3110394802231661, 0.23517199738277297]",1001,-1
3247,[0.76692035 0.79102346],1,4,"[0.7726811996944247, 0.7249303226766757]",369,0
3248,[0.44891089 0.55961354],4,0,"[0.383291892093257, 0.5586820702346661]",-1,-1
3249,[0.54689388 0.57672853],5,6,"[0.5164739970238864, 0.5319253761973344]",1410,6
3250,[0.13052485 0.42389901],2,-1,-1,-1,-1
3251,[0.31384234 0.28298612],2,9,"[0.3110394802231661, 0.23517199738277297]",-1,-1
3252,[0.44842401 0.5514008 ],5,0,"[0.383291892093257, 0.5586820702346661]",-1,-1
3253,[0.84094089 0.65325503],1,-1,-1,162,0
3254,[0.30465792 0.18824112],6,9,"[0.3110394802231661, 0.23517199738277297]",-1,-1
3255,[0.237107   0.34204156],0,5,"[0.23231087327800656, 0.30304944505444303]",1522,-1
3256,[0.64622189 0.63063084],9,2,"[0.5921204552873188, 0.6383928111301557]",-1,-1
3257,[0.5110611  0.50821818],3,6,"[0.5164739970238864, 0.5319253761973344]",661,-1
3258,[0.28776936 0.57294   ],7,7,"[0.2817018170798153, 0.5849768676672948]",1773,-1
3259,[0.34863248 0.593298  ],3,0,"[0.383291892093257, 0.5586820702346661]",-1,-1
3260,[0.53003975 0.51000269],6,6,"[0.5164739970238864, 0.5319253761973344]",-1,-1
3261,[0.70010568 0.39090963],8,-1,-1,217,-1
3262,[0.68126864 0.54583039],5,3,"[0.6815204869410737, 0.47689852788858716]",672,-1
3263,[0.32251287 0.33304703],2,1,"[0.3897435781344088, 0.3417040596068965]",1613,-1
3264,[0.6910646  0.44695128],8,3,"[0.6815204869410737, 0.47689852788858716]",-1,-1
3265,[0.28028156 0.20352599],0,9,"[0.3110394802231661, 0.23517199738277297]",648,-1
3266,[0.38284501 0.49783114],7,0,"[0.383291892093257, 0.5586820702346661]",1448,-1
3267,[0.65524716 0.48255358],8,3,"[0.6815204869410737, 0.47689852788858716]",-1,1
3268,[0.3734723  0.39798276],4,1,"[0.3897435781344088, 0.3417040596068965]",722,-1
3269,[0.34339738 0.25995431],0,9,"[0.3110394802231661, 0.23517199738277297]",-1,-1
3270,[0.47918759 0.43046641],5,-1,-1,-1,-1
3271,[0.51221807 0.53416186],5,6,"[0.5164739970238864, 0.5319253761973344]",1182,3
3272,[0.08966514 0.24746163],0,-1,-1,-1,-1
3273,[0.19973887 0.54462222],7,-1,-1,323,-1
3274,[0.34356421 0.57686   ],4,0,"[0.383291892093257, 0.5586820702346661]",-1,-1
3275,[0.4224586  0.50823825],5,0,"[0.383291892093257, 0.5586820702346661]",1439,-1
3276,[0.57086032 0.49051604],5,6,"[0.5164739970238864, 0.5319253761973344]",848,-1
3277,[0.13322493 0.2132118 ],0,-1,-1,61,-1
3278,[0.69768762 0.72582675],1,-1,-1,-1,0
3279,[0.60718768 0.61521647],9,2,"[0.5921204552873188, 0.6383928111301557]",-1,-1
3280,[0.42169364 0.28332607],6,1,"[0.3897435781344088, 0.3417040596068965]",765,-1
3281,[0.73935479 0.66631676],1,4,"[0.7726811996944247, 0.7249303226766757]",-1,0
3282,[0.48433152 0.62540011],9,-1,-1,647,-1
3283,[0.39383437 0.2901584 ],6,1,"[0.3897435781344088, 0.3417040596068965]",-1,-1
3284,[0.50696405 0.57379591],5,6,"[0.5164739970238864, 0.5319253761973344]",1381,-1
3285,[0.55576106 0.66360667],9,2,"[0.5921204552873188, 0.6383928111301557]",-1,-1
3286,[0.33464701 0.5110597 ],3,0,"[0.383291892093257, 0.5586820702346661]",1880,15
3287,[0.50178838 0.56269529],5,6,"[0.5164739970238864, 0.5319253761973344]",1322,-1
3288,[0.39693434 0.38527743],6,1,"[0.3897435781344088, 0.3417040596068965]",759,-1
3289,[0.69162007 0.5010345 ],8,3,"[0.6815204869410737, 0.47689852788858716]",-1,2
3290,[0.21279461 0.48126881],7,8,"[0.27392971195344684, 0.45973140540928376]",-1,-1
3291,[0.40262936 0.59726109],4,0,"[0.383291892093257, 0.5586820702346661]",1724,-1
3292,[0.4008144 0.6225902],3,0,"[0.383291892093257, 0.5586820702346661]",1577,-1
3293,[0.647545   0.42808818],8,3,"[0.6815204869410737, 0.47689852788858716]",-1,-1
3294,[0.39835096 0.2391562 ],6,-1,-1,657,-1
3295,[0.55891983 0.43129063],5,-1,-1,251,-1
3296,[0.59643117 0.54665157],5,-1,-1,-1,-1
3297,[0.26935677 0.36154396],0,5,"[0.23231087327800656, 0.30304944505444303]",-1,-1
3298,[0.46328199 0.65704305],9,-1,-1,-1,-1
3299,[0.30481093 0.53339979],4,7,"[0.2817018170798153, 0.5849768676672948]",1982,-1
3300,[0.2679994  0.20611679],0,9,"[0.3110394802231661, 0.23517199738277297]",-1,-1
3301,[0.44536457 0.30769576],6,1,"[0.3897435781344088, 0.3417040596068965]",492,-1
3302,[0.29220243 0.45576596],7,8,"[0.27392971195344684, 0.45973140540928376]",1242,-1
3303,[0.73003072 0.50162854],8,3,"[0.6815204869410737, 0.47689852788858716]",572,-1
3304,[0.47038793 0.39243498],6,-1,-1,-1,-1
3305,[0.27928483 0.30134481],0,5,"[0.23231087327800656, 0.30304944505444303]",-1,-1
3306,[0.30472668 0.3184016 ],0,-1,-1,-1,-1
3307,[0.2881129 0.5796904],4,7,"[0.2817018170798153, 0.5849768676672948]",-1,-1
3308,[0.48141797 0.389934  ],5,-1,-1,-1,-1
3309,[0.60412194 0.61135646],9,2,"[0.5921204552873188, 0.6383928111301557]",1301,-1
3310,[0.64086355 0.40810368],8,-1,-1,265,-1
3311,[0.58817205 0.64212227],9,2,"[0.5921204552873188, 0.6383928111301557]",1132,-1
3312,[0.64158914 0.54860223],8,-1,-1,1116,-1
3313,[0.44930216 0.54722032],3,0,"[0.383291892093257, 0.5586820702346661]",-1,-1
3314,[0.34924654 0.36853465],2,1,"[0.3897435781344088, 0.3417040596068965]",-1,-1
3315,[0.78268209 0.49167656],8,-1,-1,-1,-1
3316,[0.40391858 0.21833749],6,-1,-1,-1,-1
3317,[0.38719065 0.3043345 ],6,1,"[0.3897435781344088, 0.3417040596068965]",-1,-1
3318,[0.29872108 0.63995985],3,7,"[0.2817018170798153, 0.5849768676672948]",-1,-1
3319,[0.27720315 0.5446096 ],7,7,"[0.2817018170798153, 0.5849768676672948]",1769,-1
3320,[0.28958735 0.51477635],4,8,"[0.27392971195344684, 0.45973140540928376]",-1,14
3321,[0.17956834 0.36293257],2,-1,-1,-1,-1
3322,[0.79121884 0.74747196],1,4,"[0.7726811996944247, 0.7249303226766757]",445,0
3323,[0.52232136 0.5543214 ],5,6,"[0.5164739970238864, 0.5319253761973344]",-1,-1
3324,[0.22859471 0.54643397],4,7,"[0.2817018170798153, 0.5849768676672948]",-1,-1
3325,[0.83962443 0.74800855],1,-1,-1,-1,0
3326,[0.3515373  0.61897601],3,0,"[0.383291892093257, 0.5586820702346661]",1830,-1
3327,[0.45156543 0.62702002],5,-1,-1,-1,-1
3328,[0.64301358 0.60717231],9,2,"[0.5921204552873188, 0.6383928111301557]",613,-1
3329,[0.26531458 0.19978938],2,9,"[0.3110394802231661, 0.23517199738277297]",-1,-1
3330,[0.29134265 0.37609517],2,-1,-1,1092,-1
3331,[0.43987085 0.53333925],5,0,"[0.383291892093257, 0.5586820702346661]",-1,-1
3332,[0.30026504 0.575062  ],4,7,"[0.2817018170798153, 0.5849768676672948]",1839,-1
3333,[0.63181024 0.58013562],8,-1,-1,1194,-1
3334,[0.17302996 0.26527217],0,-1,-1,-1,-1
3335,[0.55204402 0.52527042],5,6,"[0.5164739970238864, 0.5319253761973344]",1390,-1
3336,[0.42536589 0.58692277],3,0,"[0.383291892093257, 0.5586820702346661]",1712,-1
3337,[0.67006095 0.5081473 ],8,3,"[0.6815204869410737, 0.47689852788858716]",827,2
3338,[0.29078996 0.45163377],2,8,"[0.27392971195344684, 0.45973140540928376]",1242,-1
3339,[0.66852993 0.59889654],9,-1,-1,-1,-1
3340,[0.2722971  0.23056118],0,9,"[0.3110394802231661, 0.23517199738277297]",-1,-1
3341,[0.6792198  0.48698963],8,3,"[0.6815204869410737, 0.47689852788858716]",787,-1
3342,[0.50417636 0.53084737],5,6,"[0.5164739970238864, 0.5319253761973344]",-1,-1
3343,[0.58355208 0.5567025 ],5,-1,-1,1254,-1
3344,[0.23604608 0.48605769],7,8,"[0.27392971195344684, 0.45973140540928376]",1279,-1
3345,[0.56376571 0.47675339],5,-1,-1,684,-1
3346,[0.60831825 0.59930692],5,2,"[0.5921204552873188, 0.6383928111301557]",1328,6
3347,[0.23225601 0.53201831],3,-1,-1,1477,-1
3348,[0.22978495 0.50475791],7,8,"[0.27392971195344684, 0.45973140540928376]",924,-1
3349,[0.46003096 0.51255638],3,6,"[0.5164739970238864, 0.5319253761973344]",564,-1
3350,[0.32730591 0.5781172 ],3,7,"[0.2817018170798153, 0.5849768676672948]",-1,-1
3351,[0.68599946 0.47848568],8,3,"[0.6815204869410737, 0.47689852788858716]",814,-1
3352,[0.71386471 0.76792755],1,-1,-1,-1,0
3353,[0.26907682 0.39362982],2,8,"[0.27392971195344684, 0.45973140540928376]",1019,-1
3354,[0.62878561 0.50948325],9,3,"[0.6815204869410737, 0.47689852788858716]",869,-1
3355,[0.28820853 0.31159924],2,5,"[0.23231087327800656, 0.30304944505444303]",-1,-1
3356,[0.35005326 0.49885268],3,0,"[0.383291892093257, 0.5586820702346661]",-1,-1
3357,[0.5099772 0.5459001],5,6,"[0.5164739970238864, 0.5319253761973344]",1186,3
3358,[0.55291042 0.51840878],5,6,"[0.5164739970238864, 0.5319253761973344]",1300,-1
3359,[0.29429    0.50909803],3,8,"[0.27392971195344684, 0.45973140540928376]",-1,-1
3360,[0.35862588 0.47015904],4,-1,-1,1560,-1
3361,[0.32589758 0.22943243],0,9,"[0.3110394802231661, 0.23517199738277297]",-1,-1
3362,[0.25430963 0.42828415],2,8,"[0.27392971195344684, 0.45973140540928376]",-1,-1
3363,[0.32806333 0.63392753],4,7,"[0.2817018170798153, 0.5849768676672948]",677,-1
3364,[0.30333266 0.62077499],4,7,"[0.2817018170798153, 0.5849768676672948]",-1,-1
3365,[0.56169633 0.51360165],9,6,"[0.5164739970238864, 0.5319253761973344]",770,-1
3366,[0.28788957 0.51834768],3,8,"[0.27392971195344684, 0.45973140540928376]",1915,14
3367,[0.50516593 0.48847845],5,6,"[0.5164739970238864, 0.5319253761973344]",605,-1
3368,[0.71017888 0.74145983],1,4,"[0.7726811996944247, 0.7249303226766757]",416,0
3369,[0.40430305 0.57895726],3,0,"[0.383291892093257, 0.5586820702346661]",-1,-1
3370,[0.62897937 0.41351271],8,-1,-1,265,-1
3371,[0.34728559 0.61564092],3,0,"[0.383291892093257, 0.5586820702346661]",1830,-1
3372,[0.3479523  0.29376997],2,1,"[0.3897435781344088, 0.3417040596068965]",-1,-1
3373,[0.26330919 0.51420995],7,8,"[0.27392971195344684, 0.45973140540928376]",-1,-1
3374,[0.41162705 0.56891163],5,0,"[0.383291892093257, 0.5586820702346661]",1738,-1
3375,[0.21728834 0.56682302],7,7,"[0.2817018170798153, 0.5849768676672948]",-1,-1
3376,[0.23853458 0.22134966],0,-1,-1,-1,-1
3377,[0.46623894 0.55137821],5,6,"[0.5164739970238864, 0.5319253761973344]",1267,-1
3378,[0.17381459 0.29735706],0,5,"[0.23231087327800656, 0.30304944505444303]",-1,-1
3379,[0.25052217 0.38570688],6,-1,-1,1147,-1
3380,[0.5499878  0.68725209],9,2,"[0.5921204552873188, 0.6383928111301557]",630,-1
3381,[0.34401339 0.29401488],2,1,"[0.3897435781344088, 0.3417040596068965]",1666,-1
3382,[0.56766418 0.47690193],5,-1,-1,684,-1
3383,[0.33474188 0.53089012],4,0,"[0.383291892093257, 0.5586820702346661]",1948,-1
3384,[0.19437282 0.31021234],2,5,"[0.23231087327800656, 0.30304944505444303]",777,-1
3385,[0.26747172 0.57293985],4,7,"[0.2817018170798153, 0.5849768676672948]",-1,-1
3386,[0.55607097 0.68744546],5,2,"[0.5921204552873188, 0.6383928111301557]",630,-1
3387,[0.27060165 0.64719224],7,7,"[0.2817018170798153, 0.5849768676672948]",-1,-1
3388,[0.24315895 0.31399965],2,5,"[0.23231087327800656, 0.30304944505444303]",1567,-1
3389,[0.43171633 0.55472784],3,0,"[0.383291892093257, 0.5586820702346661]",1294,-1
3390,[0.53029992 0.59145189],9,6,"[0.5164739970238864, 0.5319253761973344]",1372,-1
3391,[0.33048586 0.38254789],6,-1,-1,-1,-1
3392,[0.35066719 0.47424149],7,-1,-1,-1,-1
3393,[0.23434209 0.32387102],0,5,"[0.23231087327800656, 0.30304944505444303]",1494,-1
3394,[0.34876245 0.53578166],7,0,"[0.383291892093257, 0.5586820702346661]",-1,16
3395,[0.65515563 0.63364424],9,2,"[0.5921204552873188, 0.6383928111301557]",-1,-1
3396,[0.56773893 0.41035254],8,-1,-1,114,-1
3397,[0.24684993 0.39104326],2,-1,-1,-1,-1
3398,[0.73662366 0.70754482],1,4,"[0.7726811996944247, 0.7249303226766757]",436,0
3399,[0.76704219 0.78018143],1,4,"[0.7726811996944247, 0.7249303226766757]",-1,0
3400,[0.5607312  0.58388893],9,2,"[0.5921204552873188, 0.6383928111301557]",1444,6
3401,[0.65434121 0.53444915],8,3,"[0.6815204869410737, 0.47689852788858716]",668,-1
3402,[0.56275499 0.50312272],5,6,"[0.5164739970238864, 0.5319253761973344]",852,-1
3403,[0.48388364 0.59504945],5,-1,-1,1153,-1
3404,[0.41861807 0.55174627],3,0,"[0.383291892093257, 0.5586820702346661]",-1,-1
3405,[0.58717397 0.5807403 ],9,2,"[0.5921204552873188, 0.6383928111301557]",1324,-1
3406,[0.66494921 0.56092811],9,-1,-1,-1,-1
3407,[0.24553196 0.53321016],7,7,"[0.2817018170798153, 0.5849768676672948]",1488,-1
3408,[0.81938119 0.66125894],1,-1,-1,255,0
3409,[0.43180256 0.50655167],5,-1,-1,-1,-1
3410,[0.23298761 0.27147755],0,5,"[0.23231087327800656, 0.30304944505444303]",1363,-1
3411,[0.61461135 0.63666463],9,2,"[0.5921204552873188, 0.6383928111301557]",-1,-1
3412,[0.35731632 0.49017777],3,-1,-1,1747,-1
3413,[0.47991627 0.58223269],5,6,"[0.5164739970238864, 0.5319253761973344]",1226,-1
3414,[0.63100077 0.53398673],9,-1,-1,-1,-1
3415,[0.19056617 0.3283047 ],2,5,"[0.23231087327800656, 0.30304944505444303]",-1,-1
3416,[0.31150603 0.57297454],4,7,"[0.2817018170798153, 0.5849768676672948]",1925,-1
3417,[0.5890077  0.65511609],5,2,"[0.5921204552873188, 0.6383928111301557]",1125,-1
3418,[0.34608086 0.50102754],3,0,"[0.383291892093257, 0.5586820702346661]",-1,-1
3419,[0.69226067 0.47898159],8,3,"[0.6815204869410737, 0.47689852788858716]",-1,-1
3420,[0.5948506  0.54369085],8,-1,-1,-1,-1
3421,[0.39840958 0.47178322],5,-1,-1,-1,-1
3422,[0.31101524 0.58056749],7,7,"[0.2817018170798153, 0.5849768676672948]",-1,-1
3423,[0.28737619 0.31403088],6,5,"[0.23231087327800656, 0.30304944505444303]",1605,-1
3424,[0.26080813 0.47769742],3,8,"[0.27392971195344684, 0.45973140540928376]",1600,-1
3425,[0.2559218  0.21876517],0,9,"[0.3110394802231661, 0.23517199738277297]",-1,-1
3426,[0.34305411 0.21111858],0,9,"[0.3110394802231661, 0.23517199738277297]",-1,-1
3427,[0.6627502  0.54038317],9,3,"[0.6815204869410737, 0.47689852788858716]",-1,-1
3428,[0.50055903 0.67590407],9,-1,-1,-1,-1
3429,[0.30881104 0.55967868],4,7,"[0.2817018170798153, 0.5849768676672948]",-1,-1
3430,[0.47309902 0.3162747 ],6,-1,-1,281,-1
3431,[0.31338907 0.34096891],2,-1,-1,1623,8
3432,[0.74270449 0.46741776],8,3,"[0.6815204869410737, 0.47689852788858716]",513,-1
3433,[0.53819074 0.47382214],5,6,"[0.5164739970238864, 0.5319253761973344]",-1,-1
3434,[0.65450929 0.58547126],5,-1,-1,1014,-1
3435,[0.87660177 0.72260614],1,-1,-1,-1,0
3436,[0.25766734 0.53883884],7,7,"[0.2817018170798153, 0.5849768676672948]",-1,-1
3437,[0.21422244 0.27846945],2,5,"[0.23231087327800656, 0.30304944505444303]",-1,-1
3438,[0.84777498 0.74895371],1,-1,-1,-1,0
3439,[0.38225555 0.66182534],3,-1,-1,-1,-1
3440,[0.29053432 0.52303698],4,7,"[0.2817018170798153, 0.5849768676672948]",1910,14
3441,[0.36756699 0.33902608],6,1,"[0.3897435781344088, 0.3417040596068965]",-1,-1
3442,[0.26201588 0.57596712],4,7,"[0.2817018170798153, 0.5849768676672948]",-1,-1
3443,[0.26264845 0.46524747],2,8,"[0.27392971195344684, 0.45973140540928376]",1595,-1
3444,[0.41558078 0.62164138],3,-1,-1,1474,-1
3445,[0.18682296 0.42997646],7,-1,-1,-1,-1
3446,[0.40465021 0.4714883 ],3,-1,-1,714,-1
3447,[0.46992827 0.54604294],5,6,"[0.5164739970238864, 0.5319253761973344]",-1,-1
3448,[0.84845384 0.76658488],1,-1,-1,-1,0
3449,[0.63128306 0.56861157],5,-1,-1,1195,-1
3450,[0.25428493 0.21800015],0,9,"[0.3110394802231661, 0.23517199738277297]",990,-1
3451,[0.69336904 0.76229798],1,-1,-1,230,0
3452,[0.29771946 0.31395394],2,5,"[0.23231087327800656, 0.30304944505444303]",1661,-1
3453,[0.33348174 0.51574474],3,0,"[0.383291892093257, 0.5586820702346661]",1892,-1
3454,[0.39635647 0.64352657],4,-1,-1,589,-1
3455,[0.45742698 0.58995391],3,-1,-1,1238,4
3456,[0.55474902 0.50029162],5,6,"[0.5164739970238864, 0.5319253761973344]",-1,-1
3457,[0.3790861  0.24121767],6,9,"[0.3110394802231661, 0.23517199738277297]",-1,-1
3458,[0.4629544  0.55697096],3,6,"[0.5164739970238864, 0.5319253761973344]",1084,-1
3459,[0.26329551 0.52521819],3,7,"[0.2817018170798153, 0.5849768676672948]",1727,-1
3460,[0.62912669 0.57753461],9,-1,-1,1194,-1
3461,[0.23249093 0.18995378],0,-1,-1,-1,-1
3462,[0.5913039  0.50988365],5,-1,-1,-1,-1
3463,[0.34558556 0.64098164],3,-1,-1,900,-1
3464,[0.41089619 0.28842157],2,1,"[0.3897435781344088, 0.3417040596068965]",922,-1
3465,[0.23422013 0.56986209],7,7,"[0.2817018170798153, 0.5849768676672948]",1358,-1
3466,[0.73793126 0.80534068],1,-1,-1,288,0
3467,[0.3069022  0.31288376],2,-1,-1,1648,-1
3468,[0.24908196 0.24651501],0,5,"[0.23231087327800656, 0.30304944505444303]",-1,-1
3469,[0.26509121 0.53151065],7,7,"[0.2817018170798153, 0.5849768676672948]",-1,-1
3470,[0.47819719 0.52336819],5,6,"[0.5164739970238864, 0.5319253761973344]",-1,-1
3471,[0.34222162 0.47021431],4,8,"[0.27392971195344684, 0.45973140540928376]",1758,-1
3472,[0.80519135 0.79937938],1,-1,-1,-1,0
3473,[0.35257384 0.5156206 ],3,0,"[0.383291892093257, 0.5586820702346661]",1926,-1
3474,[0.78911694 0.68176984],1,4,"[0.7726811996944247, 0.7249303226766757]",-1,0
3475,[0.51641474 0.60467601],5,-1,-1,1230,-1
3476,[0.42133906 0.50067882],3,0,"[0.383291892093257, 0.5586820702346661]",-1,-1
3477,[0.25962899 0.24919917],2,9,"[0.3110394802231661, 0.23517199738277297]",-1,-1
3478,[0.72521504 0.38449559],8,-1,-1,-1,-1
3479,[0.36122133 0.33620472],6,1,"[0.3897435781344088, 0.3417040596068965]",1532,-1
3480,[0.3555596  0.32834452],6,1,"[0.3897435781344088, 0.3417040596068965]",1407,-1
3481,[0.33048615 0.60018394],3,7,"[0.2817018170798153, 0.5849768676672948]",-1,-1
3482,[0.45147879 0.56701499],5,0,"[0.383291892093257, 0.5586820702346661]",1276,-1
3483,[0.19498471 0.48963978],7,-1,-1,-1,-1
3484,[0.41723601 0.45137432],6,-1,-1,-1,-1
3485,[0.47347021 0.58901882],5,-1,-1,1226,-1
3486,[0.34060498 0.53185537],7,0,"[0.383291892093257, 0.5586820702346661]",-1,16
3487,[0.27821666 0.3371762 ],0,5,"[0.23231087327800656, 0.30304944505444303]",-1,9
3488,[0.32776368 0.23377301],2,9,"[0.3110394802231661, 0.23517199738277297]",1001,-1
3489,[0.5590725  0.49291853],5,6,"[0.5164739970238864, 0.5319253761973344]",845,-1
3490,[0.2119496  0.20030102],0,-1,-1,-1,-1
3491,[0.73055363 0.76142904],1,4,"[0.7726811996944247, 0.7249303226766757]",-1,0
3492,[0.47606885 0.52645055],5,6,"[0.5164739970238864, 0.5319253761973344]",-1,-1
3493,[0.5699332  0.50758983],8,6,"[0.5164739970238864, 0.5319253761973344]",851,-1
3494,[0.33705921 0.5794537 ],4,0,"[0.383291892093257, 0.5586820702346661]",-1,-1
3495,[0.4247469  0.69903121],3,-1,-1,43,-1
3496,[0.24325794 0.23422608],0,9,"[0.3110394802231661, 0.23517199738277297]",983,-1
3497,[0.70440336 0.62450338],9,-1,-1,234,-1
3498,[0.79587883 0.51942769],8,-1,-1,69,-1
3499,[0.73869834 0.43078677],8,-1,-1,-1,-1
3500,[0.28501698 0.29995206],2,5,"[0.23231087327800656, 0.30304944505444303]",1578,-1
3501,[0.20051708 0.3101766 ],0,5,"[0.23231087327800656, 0.30304944505444303]",-1,-1
3502,[0.68017472 0.7384194 ],1,-1,-1,-1,0
3503,[0.26606475 0.30507269],2,5,"[0.23231087327800656, 0.30304944505444303]",-1,-1
3504,[0.27727522 0.52222597],7,8,"[0.27392971195344684, 0.45973140540928376]",1887,-1
3505,[0.39485807 0.53109134],3,0,"[0.383291892093257, 0.5586820702346661]",-1,-1
3506,[0.57627713 0.68714682],9,2,"[0.5921204552873188, 0.6383928111301557]",915,-1
3507,[0.74193662 0.6814278 ],1,4,"[0.7726811996944247, 0.7249303226766757]",-1,0
3508,[0.39221113 0.2950879 ],6,1,"[0.3897435781344088, 0.3417040596068965]",-1,-1
3509,[0.83480992 0.67020455],1,-1,-1,-1,0
3510,[0.26779118 0.36781561],0,-1,-1,-1,-1
3511,[0.26918114 0.34759107],2,5,"[0.23231087327800656, 0.30304944505444303]",1592,-1
3512,[0.58337261 0.52091662],8,6,"[0.5164739970238864, 0.5319253761973344]",1035,-1
3513,[0.73311589 0.43260898],8,3,"[0.6815204869410737, 0.47689852788858716]",317,-1
3514,[0.6007528  0.53691441],5,-1,-1,-1,-1
3515,[0.31947964 0.59816943],7,7,"[0.2817018170798153, 0.5849768676672948]",-1,-1
3516,[0.77748906 0.50224858],8,-1,-1,-1,-1
3517,[0.6432848  0.59228799],5,2,"[0.5921204552873188, 0.6383928111301557]",-1,-1
3518,[0.60833094 0.36254378],8,-1,-1,-1,-1
3519,[0.52336327 0.51584586],5,6,"[0.5164739970238864, 0.5319253761973344]",-1,-1
3520,[0.48762992 0.62975473],3,-1,-1,647,-1
3521,[0.79567857 0.70227526],1,4,"[0.7726811996944247, 0.7249303226766757]",-1,0
3522,[0.24544026 0.50079046],7,8,"[0.27392971195344684, 0.45973140540928376]",1759,-1
3523,[0.55250849 0.4891887 ],5,6,"[0.5164739970238864, 0.5319253761973344]",-1,-1
3524,[0.41027677 0.56374379],5,0,"[0.383291892093257, 0.5586820702346661]",-1,-1
3525,[0.82071226 0.71593252],1,4,"[0.7726811996944247, 0.7249303226766757]",360,0
3526,[0.74953254 0.62604281],1,-1,-1,-1,0
3527,[0.3196885  0.45984366],7,8,"[0.27392971195344684, 0.45973140540928376]",1556,-1
3528,[0.60297858 0.69817726],9,2,"[0.5921204552873188, 0.6383928111301557]",-1,-1
3529,[0.67178829 0.38912615],8,-1,-1,-1,-1
3530,[0.47947277 0.49930332],5,6,"[0.5164739970238864, 0.5319253761973344]",876,-1
3531,[0.45236755 0.64443929],3,-1,-1,-1,-1
3532,[0.23624029 0.24088897],0,5,"[0.23231087327800656, 0.30304944505444303]",1314,-1
3533,[0.13077456 0.53475903],7,-1,-1,-1,-1
3534,[0.19655197 0.19314779],0,-1,-1,227,-1
3535,[0.56456601 0.63566495],9,2,"[0.5921204552873188, 0.6383928111301557]",-1,6
3536,[0.26704265 0.13406978],0,-1,-1,56,-1
3537,[0.23671945 0.17133413],0,-1,-1,175,-1
3538,[0.68168713 0.45506223],8,3,"[0.6815204869410737, 0.47689852788858716]",735,-1
3539,[0.27541505 0.35767823],2,5,"[0.23231087327800656, 0.30304944505444303]",-1,-1
3540,[0.3667212  0.51593447],3,0,"[0.383291892093257, 0.5586820702346661]",1900,-1
3541,[0.36401971 0.61935172],3,0,"[0.383291892093257, 0.5586820702346661]",-1,-1
3542,[0.5905331 0.5459444],9,-1,-1,1290,-1
3543,[0.64414959 0.60953906],9,2,"[0.5921204552873188, 0.6383928111301557]",613,-1
3544,[0.50355922 0.60167593],9,-1,-1,-1,-1
3545,[0.41534452 0.34781763],6,1,"[0.3897435781344088, 0.3417040596068965]",-1,-1
3546,[0.47081306 0.5565647 ],5,6,"[0.5164739970238864, 0.5319253761973344]",1084,-1
3547,[0.37585735 0.56323009],7,0,"[0.383291892093257, 0.5586820702346661]",-1,-1
3548,[0.32269149 0.25692388],2,9,"[0.3110394802231661, 0.23517199738277297]",1484,-1
3549,[0.63845671 0.59005713],5,2,"[0.5921204552873188, 0.6383928111301557]",1187,-1
3550,[0.75040329 0.91396569],1,-1,-1,-1,-1
3551,[0.36484516 0.49274018],4,0,"[0.383291892093257, 0.5586820702346661]",-1,-1
3552,[0.32644745 0.25053893],0,9,"[0.3110394802231661, 0.23517199738277297]",1489,-1
3553,[0.72838072 0.40612475],8,-1,-1,-1,-1
3554,[0.2570498  0.26998745],0,5,"[0.23231087327800656, 0.30304944505444303]",1548,-1
3555,[0.64921449 0.68299869],9,-1,-1,444,-1
3556,[0.2676461  0.61120896],3,7,"[0.2817018170798153, 0.5849768676672948]",-1,-1
3557,[0.40282864 0.5276094 ],3,0,"[0.383291892093257, 0.5586820702346661]",1641,-1
3558,[0.32505313 0.58827252],4,7,"[0.2817018170798153, 0.5849768676672948]",-1,-1
3559,[0.4001182  0.33703027],6,1,"[0.3897435781344088, 0.3417040596068965]",-1,-1
3560,[0.31376882 0.26574125],6,9,"[0.3110394802231661, 0.23517199738277297]",1508,-1
3561,[0.28008254 0.37786987],2,-1,-1,-1,-1
3562,[0.70658539 0.7354381 ],1,4,"[0.7726811996944247, 0.7249303226766757]",383,0
3563,[0.59871465 0.64293524],9,2,"[0.5921204552873188, 0.6383928111301557]",-1,-1
3564,[0.50288989 0.52920157],5,6,"[0.5164739970238864, 0.5319253761973344]",-1,-1
3565,[0.70109193 0.53583566],8,3,"[0.6815204869410737, 0.47689852788858716]",-1,-1
3566,[0.31021866 0.58427198],4,7,"[0.2817018170798153, 0.5849768676672948]",1967,-1
3567,[0.47263163 0.39902519],6,-1,-1,-1,-1
3568,[0.5886973 0.676582 ],9,2,"[0.5921204552873188, 0.6383928111301557]",710,-1
3569,[0.26018431 0.16251767],0,-1,-1,-1,-1
3570,[0.26271906 0.52480247],7,7,"[0.2817018170798153, 0.5849768676672948]",1727,-1
3571,[0.53080244 0.56628461],5,6,"[0.5164739970238864, 0.5319253761973344]",-1,-1
3572,[0.26311441 0.21059692],0,9,"[0.3110394802231661, 0.23517199738277297]",991,-1
3573,[0.34369623 0.45284803],4,-1,-1,-1,-1
3574,[0.34953778 0.22824835],0,9,"[0.3110394802231661, 0.23517199738277297]",-1,-1
3575,[0.46292456 0.53885369],4,6,"[0.5164739970238864, 0.5319253761973344]",-1,-1
3576,[0.39473599 0.55564092],4,0,"[0.383291892093257, 0.5586820702346661]",1568,-1
3577,[0.35069751 0.55738542],3,0,"[0.383291892093257, 0.5586820702346661]",-1,-1
3578,[0.63123641 0.49721186],8,3,"[0.6815204869410737, 0.47689852788858716]",795,-1
3579,[0.21945821 0.31769224],2,5,"[0.23231087327800656, 0.30304944505444303]",1340,-1
3580,[0.34427389 0.49796806],4,-1,-1,1880,-1
3581,[0.34829772 0.6290689 ],4,-1,-1,-1,-1
3582,[0.38389561 0.54967483],4,0,"[0.383291892093257, 0.5586820702346661]",1816,-1
3583,[0.35616317 0.3891266 ],2,1,"[0.3897435781344088, 0.3417040596068965]",993,-1
3584,[0.45399366 0.54759612],3,6,"[0.5164739970238864, 0.5319253761973344]",1289,-1
3585,[0.71767304 0.66430048],9,-1,-1,358,0
3586,[0.90353498 0.75721965],1,-1,-1,-1,-1
3587,[0.37806204 0.36784946],6,1,"[0.3897435781344088, 0.3417040596068965]",1062,-1
3588,[0.31020557 0.3501415 ],7,-1,-1,1630,8
3589,[0.32739902 0.44996563],7,8,"[0.27392971195344684, 0.45973140540928376]",-1,-1
3590,[0.28541274 0.51216358],3,8,"[0.27392971195344684, 0.45973140540928376]",-1,-1
3591,[0.29784367 0.32918363],2,-1,-1,1660,-1
3592,[0.33372033 0.64021726],4,-1,-1,-1,-1
3593,[0.67773337 0.53757862],8,3,"[0.6815204869410737, 0.47689852788858716]",673,-1
3594,[0.43121321 0.21311763],6,-1,-1,73,-1
3595,[0.28409523 0.29859418],0,5,"[0.23231087327800656, 0.30304944505444303]",1578,-1
3596,[0.65813787 0.51506341],8,3,"[0.6815204869410737, 0.47689852788858716]",782,-1
3597,[0.28602466 0.53271365],4,7,"[0.2817018170798153, 0.5849768676672948]",-1,14
3598,[0.38920033 0.62208052],4,0,"[0.383291892093257, 0.5586820702346661]",-1,-1
3599,[0.29069205 0.39358014],6,8,"[0.27392971195344684, 0.45973140540928376]",1066,-1
3600,[0.53250529 0.60390069],9,2,"[0.5921204552873188, 0.6383928111301557]",1203,-1
3601,[0.441527   0.38967401],6,-1,-1,-1,-1
3602,[0.37242485 0.43475277],6,-1,-1,-1,-1
3603,[0.55303506 0.52934455],5,6,"[0.5164739970238864, 0.5319253761973344]",-1,-1
3604,[0.69237658 0.73642605],1,-1,-1,-1,0
3605,[0.24190504 0.62340366],7,7,"[0.2817018170798153, 0.5849768676672948]",347,-1
3606,[0.35281427 0.61273214],3,0,"[0.383291892093257, 0.5586820702346661]",-1,-1
3607,[0.40284229 0.5520533 ],4,0,"[0.383291892093257, 0.5586820702346661]",1745,-1
3608,[0.28710174 0.22009618],0,9,"[0.3110394802231661, 0.23517199738277297]",1071,-1
3609,[0.56861161 0.59348002],5,2,"[0.5921204552873188, 0.6383928111301557]",1437,-1
3610,[0.59698345 0.45010133],8,-1,-1,616,-1
3611,[0.59628806 0.65247887],9,2,"[0.5921204552873188, 0.6383928111301557]",1125,-1
3612,[0.81695898 0.70132993],1,4,"[0.7726811996944247, 0.7249303226766757]",-1,0
3613,[0.62009166 0.62899489],9,2,"[0.5921204552873188, 0.6383928111301557]",-1,-1
3614,[0.57243435 0.59829303],9,2,"[0.5921204552873188, 0.6383928111301557]",-1,6
3615,[0.59775199 0.55245128],5,-1,-1,-1,-1
3616,[0.67577551 0.44842394],8,3,"[0.6815204869410737, 0.47689852788858716]",-1,-1
3617,[0.26284401 0.52337115],4,7,"[0.2817018170798153, 0.5849768676672948]",1727,-1
3618,[0.41911709 0.63174553],3,-1,-1,-1,-1
3619,[0.35646084 0.21529201],0,9,"[0.3110394802231661, 0.23517199738277297]",-1,-1
3620,[0.36201384 0.62753429],3,-1,-1,1304,-1
3621,[0.59090912 0.50576264],8,-1,-1,841,-1
3622,[0.35884861 0.67544437],3,-1,-1,-1,-1
3623,[0.36968709 0.28736539],6,1,"[0.3897435781344088, 0.3417040596068965]",1172,-1
3624,[0.35574268 0.40845216],6,-1,-1,-1,-1
3625,[0.40965282 0.41709403],6,-1,-1,-1,-1
3626,[0.55046401 0.48848642],5,6,"[0.5164739970238864, 0.5319253761973344]",-1,-1
3627,[0.22321805 0.53750303],4,-1,-1,-1,-1
3628,[0.60417921 0.42540171],8,-1,-1,284,-1
3629,[0.29426213 0.4641781 ],7,8,"[0.27392971195344684, 0.45973140540928376]",-1,-1
3630,[0.37612641 0.31778089],6,1,"[0.3897435781344088, 0.3417040596068965]",1462,-1
3631,[0.78841166 0.74025993],1,4,"[0.7726811996944247, 0.7249303226766757]",471,0
3632,[0.67491343 0.71485273],1,-1,-1,-1,0
3633,[0.33022005 0.44120477],2,8,"[0.27392971195344684, 0.45973140540928376]",941,-1
3634,[0.61850721 0.52746523],5,-1,-1,863,-1
3635,[0.18509553 0.27478136],2,5,"[0.23231087327800656, 0.30304944505444303]",458,-1
3636,[0.41918147 0.57703458],3,0,"[0.383291892093257, 0.5586820702346661]",-1,-1
3637,[0.33703905 0.54403189],7,0,"[0.383291892093257, 0.5586820702346661]",-1,-1
3638,[0.23010954 0.53398187],7,-1,-1,1477,-1
3639,[0.27260056 0.32328819],2,5,"[0.23231087327800656, 0.30304944505444303]",1585,9
3640,[0.71206743 0.46300343],8,3,"[0.6815204869410737, 0.47689852788858716]",717,-1
3641,[0.60502482 0.49843924],9,-1,-1,843,-1
3642,[0.6778068 0.4474467],8,3,"[0.6815204869410737, 0.47689852788858716]",735,-1
3643,[0.65756565 0.7333791 ],1,-1,-1,195,0
3644,[0.29583592 0.40874627],7,8,"[0.27392971195344684, 0.45973140540928376]",-1,-1
3645,[0.30396032 0.38881253],6,-1,-1,-1,-1
3646,[0.47460987 0.59915168],9,-1,-1,-1,-1
3647,[0.30329344 0.54979662],7,7,"[0.2817018170798153, 0.5849768676672948]",-1,-1
3648,[0.67143061 0.45087232],8,3,"[0.6815204869410737, 0.47689852788858716]",694,-1
3649,[0.71258523 0.73939046],1,4,"[0.7726811996944247, 0.7249303226766757]",416,0
3650,[0.56421505 0.60871871],9,2,"[0.5921204552873188, 0.6383928111301557]",-1,-1
3651,[0.29059566 0.28844566],0,9,"[0.3110394802231661, 0.23517199738277297]",-1,11
3652,[0.23500716 0.5117083 ],7,8,"[0.27392971195344684, 0.45973140540928376]",1552,-1
3653,[0.2230004  0.32869361],0,5,"[0.23231087327800656, 0.30304944505444303]",1338,-1
3654,[0.27348543 0.20489169],0,9,"[0.3110394802231661, 0.23517199738277297]",648,-1
3655,[0.31441699 0.5603929 ],7,7,"[0.2817018170798153, 0.5849768676672948]",1968,-1
3656,[0.32529406 0.70354001],3,-1,-1,48,-1
3657,[0.69037797 0.73360143],9,-1,-1,322,0
3658,[0.19047513 0.42003479],7,-1,-1,144,-1
3659,[0.62387538 0.68258451],9,2,"[0.5921204552873188, 0.6383928111301557]",660,-1
3660,[0.7367944  0.74497152],1,4,"[0.7726811996944247, 0.7249303226766757]",452,0
3661,[0.76044052 0.80389062],1,-1,-1,296,0
3662,[0.76019498 0.66473462],1,4,"[0.7726811996944247, 0.7249303226766757]",379,0
3663,[0.21158911 0.49983323],4,-1,-1,599,-1
3664,[0.33527957 0.56000757],4,0,"[0.383291892093257, 0.5586820702346661]",1971,-1
3665,[0.23105131 0.44110907],7,8,"[0.27392971195344684, 0.45973140540928376]",586,-1
3666,[0.54854432 0.62111992],9,2,"[0.5921204552873188, 0.6383928111301557]",1269,-1
3667,[0.67033184 0.49209504],8,3,"[0.6815204869410737, 0.47689852788858716]",796,-1
3668,[0.72805511 0.74687173],1,4,"[0.7726811996944247, 0.7249303226766757]",420,0
3669,[0.30210256 0.52522029],7,7,"[0.2817018170798153, 0.5849768676672948]",1788,-1
3670,[0.49507114 0.48827227],5,6,"[0.5164739970238864, 0.5319253761973344]",-1,-1
3671,[0.73173475 0.58670724],9,-1,-1,55,-1
3672,[0.23493854 0.38314425],2,-1,-1,912,-1
3673,[0.36598588 0.62295753],3,0,"[0.383291892093257, 0.5586820702346661]",1303,-1
3674,[0.66306069 0.79922052],1,-1,-1,-1,-1
3675,[0.39671223 0.27902836],6,1,"[0.3897435781344088, 0.3417040596068965]",-1,-1
3676,[0.61692907 0.43171913],8,-1,-1,285,-1
3677,[0.23586276 0.34288709],0,5,"[0.23231087327800656, 0.30304944505444303]",1522,-1
3678,[0.47718562 0.61630101],3,-1,-1,737,-1
3679,[0.54865409 0.51922603],5,6,"[0.5164739970238864, 0.5319253761973344]",-1,-1
3680,[0.306405   0.21929673],6,9,"[0.3110394802231661, 0.23517199738277297]",972,-1
3681,[0.38887794 0.63596985],3,-1,-1,-1,-1
3682,[0.73785037 0.70990224],1,4,"[0.7726811996944247, 0.7249303226766757]",-1,0
3683,[0.63275376 0.61351179],5,2,"[0.5921204552873188, 0.6383928111301557]",740,-1
3684,[0.66338238 0.44359045],8,3,"[0.6815204869410737, 0.47689852788858716]",732,-1
3685,[0.35536046 0.54123825],7,0,"[0.383291892093257, 0.5586820702346661]",-1,-1
3686,[0.31523797 0.53007745],7,7,"[0.2817018170798153, 0.5849768676672948]",1841,-1
3687,[0.20600031 0.36225615],2,5,"[0.23231087327800656, 0.30304944505444303]",903,-1
3688,[0.68507194 0.79338705],1,-1,-1,104,-1
3689,[0.42928105 0.29859227],6,1,"[0.3897435781344088, 0.3417040596068965]",975,-1
3690,[0.27034125 0.34769404],2,5,"[0.23231087327800656, 0.30304944505444303]",1592,-1
3691,[0.41800199 0.47393968],7,-1,-1,716,-1
3692,[0.40502019 0.36432657],2,1,"[0.3897435781344088, 0.3417040596068965]",980,-1
3693,[0.54199272 0.63187482],9,2,"[0.5921204552873188, 0.6383928111301557]",1262,-1
3694,[0.33048599 0.31219206],6,1,"[0.3897435781344088, 0.3417040596068965]",-1,-1
3695,[0.79838116 0.77339459],1,4,"[0.7726811996944247, 0.7249303226766757]",401,0
3696,[0.29957708 0.37898497],2,-1,-1,1208,-1
3697,[0.18744143 0.36982826],2,-1,-1,-1,-1
3698,[0.3703816  0.22448746],0,9,"[0.3110394802231661, 0.23517199738277297]",484,-1
3699,[0.38170951 0.52262048],3,0,"[0.383291892093257, 0.5586820702346661]",-1,-1
3700,[0.69988456 0.52477748],8,3,"[0.6815204869410737, 0.47689852788858716]",571,-1
3701,[0.34047152 0.49271994],3,-1,-1,1880,-1
3702,[0.54542659 0.44539766],5,-1,-1,-1,-1
3703,[0.43245378 0.40778502],6,-1,-1,-1,-1
3704,[0.62095464 0.67875546],1,2,"[0.5921204552873188, 0.6383928111301557]",660,-1
3705,[0.21364193 0.4151075 ],2,-1,-1,-1,-1
3706,[0.34943684 0.49716871],7,-1,-1,1871,-1
3707,[0.34317103 0.6518474 ],3,-1,-1,730,-1
3708,[0.65861762 0.59895454],9,-1,-1,545,-1
3709,[0.39786915 0.5266935 ],6,0,"[0.383291892093257, 0.5586820702346661]",-1,-1
3710,[0.24436728 0.5895772 ],4,7,"[0.2817018170798153, 0.5849768676672948]",929,-1
3711,[0.68282655 0.50349748],8,3,"[0.6815204869410737, 0.47689852788858716]",-1,2
3712,[0.36935227 0.44127169],2,-1,-1,-1,-1
3713,[0.44273647 0.30598294],2,1,"[0.3897435781344088, 0.3417040596068965]",492,-1
3714,[0.42314323 0.60567513],5,0,"[0.383291892093257, 0.5586820702346661]",-1,-1
3715,[0.29579079 0.27351216],0,9,"[0.3110394802231661, 0.23517199738277297]",-1,-1
3716,[0.79412416 0.64459285],1,-1,-1,231,0
3717,[0.56943372 0.59298024],5,2,"[0.5921204552873188, 0.6383928111301557]",1437,-1
3718,[0.59734101 0.51874697],5,-1,-1,1102,-1
3719,[0.36470937 0.64931708],4,-1,-1,913,-1
3720,[0.4160616  0.52671776],5,0,"[0.383291892093257, 0.5586820702346661]",1470,-1
3721,[0.21499819 0.38447484],2,-1,-1,-1,-1
3722,[0.23683292 0.26556969],0,5,"[0.23231087327800656, 0.30304944505444303]",1363,-1
3723,[0.69525731 0.47134412],8,3,"[0.6815204869410737, 0.47689852788858716]",-1,-1
3724,[0.50682372 0.59479206],5,6,"[0.5164739970238864, 0.5319253761973344]",-1,-1
3725,[0.51292903 0.59103992],5,6,"[0.5164739970238864, 0.5319253761973344]",-1,-1
3726,[0.61753498 0.59017661],8,2,"[0.5921204552873188, 0.6383928111301557]",1204,-1
3727,[0.36173276 0.58656761],3,0,"[0.383291892093257, 0.5586820702346661]",1847,12
3728,[0.53633731 0.44155224],8,-1,-1,-1,-1
3729,[0.26241484 0.56513311],4,7,"[0.2817018170798153, 0.5849768676672948]",1851,-1
3730,[0.39179824 0.50109607],3,0,"[0.383291892093257, 0.5586820702346661]",-1,-1
3731,[0.61731136 0.66776255],5,2,"[0.5921204552873188, 0.6383928111301557]",1112,-1
3732,[0.3355183  0.53182227],4,0,"[0.383291892093257, 0.5586820702346661]",1948,-1
3733,[0.23918928 0.61702985],4,7,"[0.2817018170798153, 0.5849768676672948]",-1,-1
3734,[0.39729403 0.6340854 ],3,-1,-1,-1,-1
3735,[0.1660612  0.54592135],7,-1,-1,-1,-1
3736,[0.55870875 0.64277988],9,2,"[0.5921204552873188, 0.6383928111301557]",-1,-1
3737,[0.58812715 0.70455584],9,2,"[0.5921204552873188, 0.6383928111301557]",-1,-1
3738,[0.84022192 0.67040069],1,-1,-1,306,0
3739,[0.64050003 0.43904537],8,3,"[0.6815204869410737, 0.47689852788858716]",-1,-1
3740,[0.57439087 0.65211523],9,2,"[0.5921204552873188, 0.6383928111301557]",1124,-1
3741,[0.21416213 0.37679531],2,-1,-1,-1,-1
3742,[0.3376325  0.54375964],7,0,"[0.383291892093257, 0.5586820702346661]",1945,-1
3743,[0.23101911 0.33290165],2,5,"[0.23231087327800656, 0.30304944505444303]",-1,-1
3744,[0.23595928 0.27221647],2,5,"[0.23231087327800656, 0.30304944505444303]",1363,-1
3745,[0.35204677 0.28821395],2,1,"[0.3897435781344088, 0.3417040596068965]",-1,-1
3746,[0.31521606 0.4890373 ],3,8,"[0.27392971195344684, 0.45973140540928376]",1857,-1
3747,[0.59375694 0.62989161],5,2,"[0.5921204552873188, 0.6383928111301557]",-1,-1
3748,[0.37602566 0.40513461],7,1,"[0.3897435781344088, 0.3417040596068965]",-1,-1
3749,[0.3674449  0.33958565],2,1,"[0.3897435781344088, 0.3417040596068965]",-1,-1
3750,[0.74263772 0.52728083],8,-1,-1,-1,-1
3751,[0.27098086 0.22455416],0,9,"[0.3110394802231661, 0.23517199738277297]",-1,-1
3752,[0.33084967 0.47372411],6,8,"[0.27392971195344684, 0.45973140540928376]",-1,-1
3753,[0.14680929 0.61472526],7,-1,-1,-1,-1
3754,[0.62327457 0.46712749],8,3,"[0.6815204869410737, 0.47689852788858716]",-1,-1
3755,[0.37593618 0.63412708],3,-1,-1,-1,-1
3756,[0.23208057 0.55529629],7,7,"[0.2817018170798153, 0.5849768676672948]",-1,-1
3757,[0.51864541 0.34126567],6,-1,-1,-1,-1
3758,[0.30992581 0.65739241],4,-1,-1,302,-1
3759,[0.47288078 0.52632013],5,6,"[0.5164739970238864, 0.5319253761973344]",-1,-1
3760,[0.56718967 0.60126458],5,2,"[0.5921204552873188, 0.6383928111301557]",-1,-1
3761,[0.23600276 0.3984955 ],2,-1,-1,-1,-1
3762,[0.7679118  0.59415895],1,-1,-1,57,-1
3763,[0.69249844 0.70162657],1,-1,-1,335,0
3764,[0.39468284 0.35345005],2,1,"[0.3897435781344088, 0.3417040596068965]",-1,-1
3765,[0.43904312 0.48693617],5,-1,-1,-1,-1
3766,[0.37704714 0.27781294],6,1,"[0.3897435781344088, 0.3417040596068965]",1168,-1
3767,[0.53186963 0.60812704],3,2,"[0.5921204552873188, 0.6383928111301557]",1203,-1
3768,[0.29028142 0.24543967],0,9,"[0.3110394802231661, 0.23517199738277297]",1465,-1
3769,[0.35099853 0.17460972],6,-1,-1,-1,-1
3770,[0.30260797 0.49221587],4,8,"[0.27392971195344684, 0.45973140540928376]",-1,-1
3771,[0.52011032 0.35379917],6,-1,-1,63,-1
3772,[0.61528044 0.46615245],8,3,"[0.6815204869410737, 0.47689852788858716]",-1,-1
3773,[0.37926718 0.64621434],3,-1,-1,537,-1
3774,[0.27854461 0.44593173],7,8,"[0.27392971195344684, 0.45973140540928376]",-1,-1
3775,[0.31909676 0.32951809],6,-1,-1,-1,-1
3776,[0.51242568 0.64292442],5,-1,-1,937,-1
3777,[0.25749559 0.54057381],7,7,"[0.2817018170798153, 0.5849768676672948]",1559,-1
3778,[0.18642356 0.48057552],7,-1,-1,214,-1
3779,[0.44289405 0.23245943],6,-1,-1,178,-1
3780,[0.54506971 0.58597845],5,6,"[0.5164739970238864, 0.5319253761973344]",-1,6
3781,[0.64743103 0.44027922],8,3,"[0.6815204869410737, 0.47689852788858716]",-1,-1
3782,[0.35197445 0.35291647],2,1,"[0.3897435781344088, 0.3417040596068965]",-1,-1
3783,[0.56967155 0.46553384],5,-1,-1,-1,-1
3784,[0.30788366 0.45967777],4,8,"[0.27392971195344684, 0.45973140540928376]",1732,-1
3785,[0.30087172 0.57650466],7,7,"[0.2817018170798153, 0.5849768676672948]",1839,-1
3786,[0.29855071 0.62192461],4,7,"[0.2817018170798153, 0.5849768676672948]",-1,-1
3787,[0.66803784 0.55856413],8,-1,-1,-1,-1
3788,[0.72617714 0.63996647],1,-1,-1,184,0
3789,[0.41692898 0.52064039],3,0,"[0.383291892093257, 0.5586820702346661]",1471,-1
3790,[0.26342405 0.5046069 ],7,8,"[0.27392971195344684, 0.45973140540928376]",1776,-1
3791,[0.72421413 0.72061851],1,4,"[0.7726811996944247, 0.7249303226766757]",352,0
3792,[0.65152534 0.68410688],1,-1,-1,444,-1
3793,[0.64389932 0.55862415],9,-1,-1,-1,-1
3794,[0.25427615 0.32981311],7,5,"[0.23231087327800656, 0.30304944505444303]",-1,-1
3795,[0.66777793 0.41838452],8,3,"[0.6815204869410737, 0.47689852788858716]",-1,-1
3796,[0.38790631 0.47330546],4,-1,-1,582,-1
3797,[0.70457191 0.61211455],1,-1,-1,276,-1
3798,[0.78998893 0.58869409],1,-1,-1,-1,-1
3799,[0.28373756 0.36002394],2,-1,-1,-1,-1
3800,[0.65737033 0.5165714 ],8,3,"[0.6815204869410737, 0.47689852788858716]",782,-1
3801,[0.53257381 0.64017987],9,2,"[0.5921204552873188, 0.6383928111301557]",1259,-1
3802,[0.65573956 0.37751796],8,-1,-1,242,-1
3803,[0.23270548 0.31661888],2,5,"[0.23231087327800656, 0.30304944505444303]",-1,-1
3804,[0.28710771 0.62139811],7,7,"[0.2817018170798153, 0.5849768676672948]",878,-1
3805,[0.31452528 0.2686413 ],0,9,"[0.3110394802231661, 0.23517199738277297]",1508,-1
3806,[0.80097276 0.67535996],1,4,"[0.7726811996944247, 0.7249303226766757]",359,0
3807,[0.37262422 0.46398842],3,-1,-1,1055,-1
3808,[0.35762864 0.22104745],6,9,"[0.3110394802231661, 0.23517199738277297]",485,-1
3809,[0.32698763 0.35801624],2,1,"[0.3897435781344088, 0.3417040596068965]",-1,-1
3810,[0.58975675 0.68055608],9,2,"[0.5921204552873188, 0.6383928111301557]",710,-1
3811,[0.2815527  0.46491491],7,8,"[0.27392971195344684, 0.45973140540928376]",-1,-1
3812,[0.35972005 0.27351911],0,9,"[0.3110394802231661, 0.23517199738277297]",1156,-1
3813,[0.35694831 0.30404503],2,1,"[0.3897435781344088, 0.3417040596068965]",1537,-1
3814,[0.30303006 0.32920011],2,-1,-1,-1,-1
3815,[0.82355984 0.38289984],8,-1,-1,-1,-1
3816,[0.4722105  0.54504149],5,6,"[0.5164739970238864, 0.5319253761973344]",-1,-1
3817,[0.62383205 0.50813017],5,3,"[0.6815204869410737, 0.47689852788858716]",-1,-1
3818,[0.32632554 0.48084072],3,8,"[0.27392971195344684, 0.45973140540928376]",-1,-1
3819,[0.52051283 0.61018028],5,-1,-1,1230,-1
3820,[0.66712742 0.57046882],8,-1,-1,-1,-1
3821,[0.47558233 0.55491008],3,6,"[0.5164739970238864, 0.5319253761973344]",1084,-1
3822,[0.38684562 0.55497943],3,0,"[0.383291892093257, 0.5586820702346661]",-1,-1
3823,[0.7801964 0.7325262],1,4,"[0.7726811996944247, 0.7249303226766757]",470,0
3824,[0.44416533 0.33693233],6,1,"[0.3897435781344088, 0.3417040596068965]",788,-1
3825,[0.79095085 0.60613374],1,-1,-1,78,-1
3826,[0.22647844 0.22167076],0,-1,-1,871,-1
3827,[0.31188731 0.19323637],0,9,"[0.3110394802231661, 0.23517199738277297]",-1,-1
3828,[0.31111412 0.52861316],7,7,"[0.2817018170798153, 0.5849768676672948]",1844,-1
3829,[0.85015424 0.82884499],1,-1,-1,-1,-1
3830,[0.70000545 0.80381208],1,-1,-1,106,-1
3831,[0.19532368 0.25287507],0,5,"[0.23231087327800656, 0.30304944505444303]",-1,-1
3832,[0.36146187 0.54692797],4,0,"[0.383291892093257, 0.5586820702346661]",1790,-1
3833,[0.50161683 0.64085777],5,-1,-1,260,-1
3834,[0.42027113 0.49335894],3,-1,-1,-1,-1
3835,[0.56695876 0.59023625],5,2,"[0.5921204552873188, 0.6383928111301557]",1437,6
3836,[0.35143154 0.3530774 ],6,1,"[0.3897435781344088, 0.3417040596068965]",-1,-1
3837,[0.24246546 0.30515417],0,5,"[0.23231087327800656, 0.30304944505444303]",1567,-1
3838,[0.34114592 0.52808553],7,0,"[0.383291892093257, 0.5586820702346661]",-1,-1
3839,[0.54388249 0.5699095 ],9,6,"[0.5164739970238864, 0.5319253761973344]",-1,6
3840,[0.32704283 0.28651216],0,9,"[0.3110394802231661, 0.23517199738277297]",1520,-1
3841,[0.33696004 0.43882849],7,8,"[0.27392971195344684, 0.45973140540928376]",941,-1
3842,[0.37955162 0.52188805],3,0,"[0.383291892093257, 0.5586820702346661]",-1,-1
3843,[0.62870464 0.45761238],8,3,"[0.6815204869410737, 0.47689852788858716]",619,-1
3844,[0.59606076 0.62245598],9,2,"[0.5921204552873188, 0.6383928111301557]",-1,6
3845,[0.84525791 0.72200166],1,-1,-1,311,0
3846,[0.37111493 0.39393042],6,1,"[0.3897435781344088, 0.3417040596068965]",-1,-1
3847,[0.24724404 0.41109157],2,8,"[0.27392971195344684, 0.45973140540928376]",-1,-1
3848,[0.35846718 0.70109722],3,-1,-1,-1,-1
3849,[0.60911106 0.62827474],9,2,"[0.5921204552873188, 0.6383928111301557]",1336,-1
3850,[0.60091876 0.61810068],9,2,"[0.5921204552873188, 0.6383928111301557]",-1,-1
3851,[0.77059802 0.52564118],8,-1,-1,-1,-1
3852,[0.48576979 0.61735778],3,-1,-1,-1,-1
3853,[0.2169019  0.39792067],2,-1,-1,502,-1
3854,[0.25291609 0.48737733],7,8,"[0.27392971195344684, 0.45973140540928376]",1709,-1
3855,[0.16494813 0.37942495],7,-1,-1,-1,-1
3856,[0.45698879 0.61587862],3,-1,-1,703,-1
3857,[0.71947728 0.44898029],8,3,"[0.6815204869410737, 0.47689852788858716]",693,-1
3858,[0.19232148 0.20796175],0,-1,-1,-1,-1
3859,[0.28244388 0.20277749],2,9,"[0.3110394802231661, 0.23517199738277297]",648,-1
3860,[0.36650607 0.30736344],0,1,"[0.3897435781344088, 0.3417040596068965]",-1,-1
3861,[0.32757705 0.62261552],7,7,"[0.2817018170798153, 0.5849768676672948]",-1,-1
3862,[0.57789332 0.5780691 ],9,2,"[0.5921204552873188, 0.6383928111301557]",-1,6
3863,[0.73494484 0.53924541],8,-1,-1,289,-1
3864,[0.73969926 0.73349207],1,4,"[0.7726811996944247, 0.7249303226766757]",452,0
3865,[0.4146374  0.48351065],3,-1,-1,-1,-1
3866,[0.70196765 0.42783144],8,3,"[0.6815204869410737, 0.47689852788858716]",596,-1
3867,[0.61462909 0.61939804],9,2,"[0.5921204552873188, 0.6383928111301557]",-1,-1
3868,[0.44053643 0.46607657],3,-1,-1,-1,-1
3869,[0.45855845 0.34943246],6,1,"[0.3897435781344088, 0.3417040596068965]",531,-1
3870,[0.72817355 0.45159189],8,3,"[0.6815204869410737, 0.47689852788858716]",693,-1
3871,[0.43436787 0.50445175],5,-1,-1,-1,-1
3872,[0.29588627 0.21266789],0,9,"[0.3110394802231661, 0.23517199738277297]",1016,-1
3873,[0.30588407 0.28562053],2,9,"[0.3110394802231661, 0.23517199738277297]",-1,11
3874,[0.30801437 0.32628044],6,-1,-1,1677,-1
3875,[0.41541352 0.3671468 ],6,1,"[0.3897435781344088, 0.3417040596068965]",976,-1
3876,[0.30149564 0.42384159],7,8,"[0.27392971195344684, 0.45973140540928376]",1074,-1
3877,[0.60672618 0.48438223],8,-1,-1,837,-1
3878,[0.45998111 0.38389657],6,-1,-1,-1,-1
3879,[0.23792036 0.29476615],0,5,"[0.23231087327800656, 0.30304944505444303]",1298,-1
3880,[0.75812384 0.43187873],8,-1,-1,94,-1
3881,[0.21784166 0.31104165],0,5,"[0.23231087327800656, 0.30304944505444303]",-1,-1
3882,[0.53631133 0.55128634],5,6,"[0.5164739970238864, 0.5319253761973344]",1359,-1
3883,[0.69721016 0.75569652],1,-1,-1,319,0
3884,[0.57926798 0.70717923],9,2,"[0.5921204552873188, 0.6383928111301557]",-1,-1
3885,[0.40664174 0.34555982],2,1,"[0.3897435781344088, 0.3417040596068965]",-1,-1
3886,[0.62598437 0.55289174],8,-1,-1,-1,-1
3887,[0.26182074 0.37483122],2,-1,-1,1221,-1
3888,[0.81553138 0.72590438],1,4,"[0.7726811996944247, 0.7249303226766757]",-1,0
3889,[0.26850341 0.51014981],4,8,"[0.27392971195344684, 0.45973140540928376]",1789,-1
3890,[0.7195938  0.50375156],8,3,"[0.6815204869410737, 0.47689852788858716]",-1,-1
3891,[0.26886061 0.26221794],0,9,"[0.3110394802231661, 0.23517199738277297]",-1,-1
3892,[0.72921817 0.86157234],1,-1,-1,-1,-1
3893,[0.39366767 0.6729631 ],3,-1,-1,247,-1
3894,[0.59591754 0.56656111],5,-1,-1,1315,5
3895,[0.81105336 0.65874787],1,-1,-1,255,0
3896,[0.73316855 0.45126466],8,3,"[0.6815204869410737, 0.47689852788858716]",-1,-1
3897,[0.62186664 0.49151076],8,3,"[0.6815204869410737, 0.47689852788858716]",789,-1
3898,[0.22495288 0.33794426],2,5,"[0.23231087327800656, 0.30304944505444303]",-1,-1
3899,[0.25071164 0.27277694],2,5,"[0.23231087327800656, 0.30304944505444303]",1541,-1
3900,[0.27827085 0.66575302],3,-1,-1,-1,-1
3901,[0.51138235 0.56432867],5,6,"[0.5164739970238864, 0.5319253761973344]",1376,-1
3902,[0.28210817 0.2339847 ],0,9,"[0.3110394802231661, 0.23517199738277297]",-1,-1
3903,[0.79350977 0.60897253],1,-1,-1,78,-1
3904,[0.6549956  0.51940099],8,3,"[0.6815204869410737, 0.47689852788858716]",782,-1
3905,[0.13969848 0.29599114],0,-1,-1,-1,-1
3906,[0.24022106 0.3046665 ],0,5,"[0.23231087327800656, 0.30304944505444303]",-1,-1
3907,[0.39628299 0.60566642],3,0,"[0.383291892093257, 0.5586820702346661]",-1,-1
3908,[0.61261124 0.65699638],5,2,"[0.5921204552873188, 0.6383928111301557]",902,-1
3909,[0.63423473 0.43767251],8,3,"[0.6815204869410737, 0.47689852788858716]",678,-1
3910,[0.2654748 0.5187108],4,8,"[0.27392971195344684, 0.45973140540928376]",1582,-1
3911,[0.19320967 0.31616658],0,5,"[0.23231087327800656, 0.30304944505444303]",857,-1
3912,[0.75078243 0.38896444],8,-1,-1,-1,-1
3913,[0.46605988 0.49463701],3,6,"[0.5164739970238864, 0.5319253761973344]",-1,-1
3914,[0.6711949  0.50784383],8,3,"[0.6815204869410737, 0.47689852788858716]",827,2
3915,[0.27372242 0.19361942],0,9,"[0.3110394802231661, 0.23517199738277297]",648,-1
3916,[0.71411379 0.55395762],8,-1,-1,563,-1
3917,[0.28728766 0.65888893],3,-1,-1,-1,-1
3918,[0.37464229 0.53527185],3,0,"[0.383291892093257, 0.5586820702346661]",-1,-1
3919,[0.68676313 0.44916809],8,3,"[0.6815204869410737, 0.47689852788858716]",735,-1
3920,[0.21569539 0.29499249],2,5,"[0.23231087327800656, 0.30304944505444303]",-1,-1
3921,[0.30252109 0.36456878],0,-1,-1,-1,-1
3922,[0.34104021 0.482882  ],7,-1,-1,1891,-1
3923,[0.12467606 0.28326228],2,-1,-1,-1,-1
3924,[0.6345431  0.62762312],9,2,"[0.5921204552873188, 0.6383928111301557]",1160,-1
3925,[0.56225487 0.29148157],6,-1,-1,-1,-1
3926,[0.33812669 0.56609706],3,0,"[0.383291892093257, 0.5586820702346661]",-1,-1
3927,[0.30333297 0.31614185],2,-1,-1,1661,-1
3928,[0.30351022 0.40427404],6,8,"[0.27392971195344684, 0.45973140540928376]",-1,-1
3929,[0.59583444 0.71367035],9,-1,-1,423,-1
3930,[0.36348429 0.59261691],3,0,"[0.383291892093257, 0.5586820702346661]",1836,-1
3931,[0.33235054 0.59966657],3,7,"[0.2817018170798153, 0.5849768676672948]",1864,-1
3932,[0.42107091 0.66265423],4,-1,-1,183,-1
3933,[0.37930696 0.576355  ],3,0,"[0.383291892093257, 0.5586820702346661]",1865,-1
3934,[0.67505603 0.74096853],1,-1,-1,197,0
3935,[0.55774724 0.56431997],5,6,"[0.5164739970238864, 0.5319253761973344]",1406,6
3936,[0.37570722 0.22510417],6,9,"[0.3110394802231661, 0.23517199738277297]",484,-1
3937,[0.32023888 0.47297852],7,8,"[0.27392971195344684, 0.45973140540928376]",1523,-1
3938,[0.28388021 0.61979327],4,7,"[0.2817018170798153, 0.5849768676672948]",878,-1
3939,[0.24724476 0.31946793],0,5,"[0.23231087327800656, 0.30304944505444303]",-1,7
3940,[0.40987588 0.42072387],6,-1,-1,-1,-1
3941,[0.25177908 0.46351219],7,8,"[0.27392971195344684, 0.45973140540928376]",-1,-1
3942,[0.7382143  0.49415692],9,3,"[0.6815204869410737, 0.47689852788858716]",-1,-1
3943,[0.54207217 0.61858867],5,2,"[0.5921204552873188, 0.6383928111301557]",1270,-1
3944,[0.29763548 0.44847055],7,8,"[0.27392971195344684, 0.45973140540928376]",-1,-1
3945,[0.69687572 0.50017697],8,3,"[0.6815204869410737, 0.47689852788858716]",-1,2
3946,[0.62360711 0.76826109],9,-1,-1,-1,-1
3947,[0.28666826 0.37886932],0,-1,-1,1099,-1
3948,[0.74596862 0.69000128],1,4,"[0.7726811996944247, 0.7249303226766757]",440,0
3949,[0.28654417 0.49225985],4,8,"[0.27392971195344684, 0.45973140540928376]",-1,-1
3950,[0.30483217 0.33363645],2,-1,-1,1676,-1
3951,[0.67058459 0.75688848],1,-1,-1,155,-1
3952,[0.45731354 0.57443778],3,-1,-1,-1,4
3953,[0.45584909 0.59473105],5,-1,-1,1238,4
3954,[0.48113755 0.54738875],5,6,"[0.5164739970238864, 0.5319253761973344]",-1,-1
3955,[0.29183564 0.45009833],7,8,"[0.27392971195344684, 0.45973140540928376]",1242,-1
3956,[0.64242031 0.68389203],9,2,"[0.5921204552873188, 0.6383928111301557]",488,-1
3957,[0.29562691 0.56549527],3,7,"[0.2817018170798153, 0.5849768676672948]",1870,-1
3958,[0.27863641 0.52617847],4,7,"[0.2817018170798153, 0.5849768676672948]",-1,14
3959,[0.45470072 0.48878856],5,-1,-1,546,-1
3960,[0.38558758 0.39790501],6,1,"[0.3897435781344088, 0.3417040596068965]",-1,-1
3961,[0.3903593  0.36446161],2,1,"[0.3897435781344088, 0.3417040596068965]",1064,-1
3962,[0.31177197 0.18808485],0,9,"[0.3110394802231661, 0.23517199738277297]",-1,-1
3963,[0.29469971 0.33294679],6,5,"[0.23231087327800656, 0.30304944505444303]",1591,-1
3964,[0.28945598 0.39574261],2,8,"[0.27392971195344684, 0.45973140540928376]",1066,-1
3965,[0.40699612 0.5800605 ],4,0,"[0.383291892093257, 0.5586820702346661]",-1,-1
3966,[0.4031622  0.34507864],6,1,"[0.3897435781344088, 0.3417040596068965]",997,-1
3967,[0.29180755 0.15408394],0,-1,-1,-1,-1
3968,[0.72963391 0.48049111],8,3,"[0.6815204869410737, 0.47689852788858716]",779,-1
3969,[0.79229374 0.67422648],1,4,"[0.7726811996944247, 0.7249303226766757]",-1,0
3970,[0.3403903  0.56220955],3,0,"[0.383291892093257, 0.5586820702346661]",1848,-1
3971,[0.40760443 0.62277111],3,0,"[0.383291892093257, 0.5586820702346661]",-1,-1
3972,[0.31498178 0.5987962 ],7,7,"[0.2817018170798153, 0.5849768676672948]",-1,-1
3973,[0.20235731 0.5725348 ],4,-1,-1,-1,-1
3974,[0.22683821 0.48060691],7,8,"[0.27392971195344684, 0.45973140540928376]",1022,-1
3975,[0.37649875 0.3596658 ],6,1,"[0.3897435781344088, 0.3417040596068965]",1060,-1
3976,[0.7653934  0.80842803],1,-1,-1,296,0
3977,[0.88861792 0.74268477],1,-1,-1,87,-1
3978,[0.80124064 0.74712329],1,4,"[0.7726811996944247, 0.7249303226766757]",450,0
3979,[0.33430452 0.61924582],3,7,"[0.2817018170798153, 0.5849768676672948]",1694,-1
3980,[0.43247885 0.56664345],3,0,"[0.383291892093257, 0.5586820702346661]",-1,-1
3981,[0.35152824 0.25681315],6,9,"[0.3110394802231661, 0.23517199738277297]",954,-1
3982,[0.44828297 0.56021076],5,0,"[0.383291892093257, 0.5586820702346661]",1276,-1
3983,[0.32544112 0.55636341],4,7,"[0.2817018170798153, 0.5849768676672948]",-1,17
3984,[0.32450238 0.55237054],7,7,"[0.2817018170798153, 0.5849768676672948]",1990,17
3985,[0.37240012 0.54699857],4,0,"[0.383291892093257, 0.5586820702346661]",1804,-1
3986,[0.3113066  0.53596992],4,7,"[0.2817018170798153, 0.5849768676672948]",-1,-1
3987,[0.39712571 0.2653745 ],6,-1,-1,838,-1
3988,[0.55456571 0.56057305],9,6,"[0.5164739970238864, 0.5319253761973344]",1406,6
3989,[0.54675727 0.59415239],9,2,"[0.5921204552873188, 0.6383928111301557]",1422,6
3990,[0.49058787 0.62549732],9,-1,-1,-1,-1
3991,[0.15637618 0.18194058],0,-1,-1,-1,-1
3992,[0.33922099 0.3382482 ],2,1,"[0.3897435781344088, 0.3417040596068965]",953,-1
3993,[0.32725617 0.49174028],7,8,"[0.27392971195344684, 0.45973140540928376]",1827,-1
3994,[0.38088081 0.36652377],6,1,"[0.3897435781344088, 0.3417040596068965]",1062,-1
3995,[0.6434628  0.51858429],5,3,"[0.6815204869410737, 0.47689852788858716]",-1,-1
3996,[0.7842909  0.80708458],1,-1,-1,-1,0
3997,[0.3463848  0.61128215],4,0,"[0.383291892093257, 0.5586820702346661]",1830,-1
3998,[0.31506374 0.67375163],4,-1,-1,-1,-1
3999,[0.56247321 0.54044686],5,6,"[0.5164739970238864, 0.5319253761973344]",-1,6
4000,[0.30596532 0.57459648],3,7,"[0.2817018170798153, 0.5849768676672948]",-1,-1
4001,[0.28045946 0.26620585],0,9,"[0.3110394802231661, 0.23517199738277297]",-1,-1
4002,[0.30148803 0.53530776],4,7,"[0.2817018170798153, 0.5849768676672948]",-1,-1
4003,[0.43144619 0.33681231],6,1,"[0.3897435781344088, 0.3417040596068965]",-1,-1
4004,[0.66578339 0.60662481],9,-1,-1,-1,-1
4005,[0.27519255 0.42050215],0,8,"[0.27392971195344684, 0.45973140540928376]",-1,-1
4006,[0.74522225 0.77085681],1,4,"[0.7726811996944247, 0.7249303226766757]",-1,0
4007,[0.28887062 0.48554748],7,8,"[0.27392971195344684, 0.45973140540928376]",-1,-1
4008,[0.71299456 0.78142057],1,-1,-1,-1,0
4009,[0.63842779 0.48636852],8,3,"[0.6815204869410737, 0.47689852788858716]",-1,-1
4010,[0.38469585 0.5405085 ],5,0,"[0.383291892093257, 0.5586820702346661]",1812,-1
4011,[0.6662537  0.52216733],8,3,"[0.6815204869410737, 0.47689852788858716]",-1,-1
4012,[0.42184389 0.49741909],3,-1,-1,-1,-1
4013,[0.31306846 0.54111294],3,7,"[0.2817018170798153, 0.5849768676672948]",-1,17
4014,[0.29845687 0.35396609],0,-1,-1,-1,-1
4015,[0.83303507 0.67528027],1,-1,-1,307,0
4016,[0.21360096 0.51953551],4,-1,-1,1090,-1
4017,[0.73705848 0.43603784],8,3,"[0.6815204869410737, 0.47689852788858716]",-1,-1
4018,[0.29194374 0.21646135],0,9,"[0.3110394802231661, 0.23517199738277297]",-1,-1
4019,[0.42548221 0.50886444],3,0,"[0.383291892093257, 0.5586820702346661]",-1,-1
4020,[0.54615218 0.64704833],9,2,"[0.5921204552873188, 0.6383928111301557]",-1,-1
4021,[0.16020186 0.44838809],7,-1,-1,-1,-1
4022,[0.22075412 0.56423615],4,7,"[0.2817018170798153, 0.5849768676672948]",690,-1
4023,[0.31465296 0.58916243],7,7,"[0.2817018170798153, 0.5849768676672948]",-1,-1
4024,[0.34838939 0.49698871],3,-1,-1,1871,-1
4025,[0.28088699 0.66905741],4,-1,-1,88,-1
4026,[0.34372809 0.50266933],3,0,"[0.383291892093257, 0.5586820702346661]",-1,-1
4027,[0.33973185 0.37163407],0,1,"[0.3897435781344088, 0.3417040596068965]",1349,-1
4028,[0.38924086 0.39189048],6,1,"[0.3897435781344088, 0.3417040596068965]",952,-1
4029,[0.2537204  0.35654394],2,5,"[0.23231087327800656, 0.30304944505444303]",1025,-1
4030,[0.23838689 0.36676709],2,5,"[0.23231087327800656, 0.30304944505444303]",-1,-1
4031,[0.32599517 0.43902079],7,8,"[0.27392971195344684, 0.45973140540928376]",-1,-1
4032,[0.74479081 0.47677796],8,3,"[0.6815204869410737, 0.47689852788858716]",-1,-1
4033,[0.74661954 0.6982784 ],1,4,"[0.7726811996944247, 0.7249303226766757]",435,0
4034,[0.23001629 0.56387364],7,7,"[0.2817018170798153, 0.5849768676672948]",-1,-1
4035,[0.48507341 0.572554  ],5,6,"[0.5164739970238864, 0.5319253761973344]",1225,-1
4036,[0.5176801  0.53358159],9,6,"[0.5164739970238864, 0.5319253761973344]",-1,3
4037,[0.31919535 0.27991308],6,9,"[0.3110394802231661, 0.23517199738277297]",1576,-1
4038,[0.34235348 0.28476468],2,9,"[0.3110394802231661, 0.23517199738277297]",-1,-1
4039,[0.61007808 0.53824091],8,-1,-1,1246,-1
4040,[0.40534233 0.59117338],4,0,"[0.383291892093257, 0.5586820702346661]",-1,-1
4041,[0.91797731 0.71329803],1,-1,-1,-1,-1
4042,[0.38121539 0.4095063 ],6,1,"[0.3897435781344088, 0.3417040596068965]",723,-1
4043,[0.40225111 0.71400626],3,-1,-1,-1,-1
4044,[0.58441954 0.60546511],9,2,"[0.5921204552873188, 0.6383928111301557]",1424,-1
4045,[0.71631988 0.65111865],1,-1,-1,-1,0
4046,[0.65281886 0.5417823 ],9,-1,-1,655,-1
4047,[0.43757636 0.58210369],3,0,"[0.383291892093257, 0.5586820702346661]",-1,-1
4048,[0.20459524 0.26043827],2,5,"[0.23231087327800656, 0.30304944505444303]",1012,-1
4049,[0.61702178 0.48492771],8,3,"[0.6815204869410737, 0.47689852788858716]",789,-1
4050,[0.20033207 0.53637131],4,-1,-1,-1,-1
4051,[0.31347575 0.31773368],2,-1,-1,1672,10
4052,[0.7237328  0.74650343],1,4,"[0.7726811996944247, 0.7249303226766757]",421,0
4053,[0.3606385  0.61584811],3,0,"[0.383291892093257, 0.5586820702346661]",-1,-1
4054,[0.64762996 0.62660837],9,2,"[0.5921204552873188, 0.6383928111301557]",1158,-1
4055,[0.30768145 0.33058639],0,-1,-1,1678,-1
4056,[0.58016405 0.48172523],8,-1,-1,-1,-1
4057,[0.55608951 0.47534329],8,6,"[0.5164739970238864, 0.5319253761973344]",744,-1
4058,[0.36780016 0.53721246],4,0,"[0.383291892093257, 0.5586820702346661]",-1,-1
4059,[0.47479844 0.66959367],3,-1,-1,-1,-1
4060,[0.41306511 0.26519684],0,-1,-1,640,-1
4061,[0.39985349 0.52436582],7,0,"[0.383291892093257, 0.5586820702346661]",1641,-1
4062,[0.27319894 0.42861155],7,8,"[0.27392971195344684, 0.45973140540928376]",-1,-1
4063,[0.35354802 0.50124628],3,0,"[0.383291892093257, 0.5586820702346661]",1802,-1
4064,[0.21206579 0.18563689],0,-1,-1,-1,-1
4065,[0.37769059 0.3966697 ],6,1,"[0.3897435781344088, 0.3417040596068965]",722,-1
4066,[0.32270108 0.59346225],4,7,"[0.2817018170798153, 0.5849768676672948]",1938,-1
4067,[0.50623069 0.68104457],9,-1,-1,-1,-1
4068,[0.25127738 0.32593158],2,5,"[0.23231087327800656, 0.30304944505444303]",-1,7
4069,[0.33815412 0.48022461],4,8,"[0.27392971195344684, 0.45973140540928376]",-1,-1
4070,[0.57533466 0.71465557],9,-1,-1,512,-1
4071,[0.45534053 0.48307781],5,-1,-1,-1,-1
4072,[0.6523019  0.61440421],9,2,"[0.5921204552873188, 0.6383928111301557]",1072,-1
4073,[0.75008718 0.6252479 ],1,-1,-1,-1,0
4074,[0.44813038 0.55785968],3,0,"[0.383291892093257, 0.5586820702346661]",-1,-1
4075,[0.32572928 0.55388199],3,7,"[0.2817018170798153, 0.5849768676672948]",1990,17
4076,[0.31138643 0.13326111],0,-1,-1,36,-1
4077,[0.67312482 0.6952103 ],1,-1,-1,-1,-1
4078,[0.45875675 0.31896354],6,-1,-1,-1,-1
4079,[0.44958832 0.50078966],5,-1,-1,859,-1
4080,[0.70466879 0.5419094 ],8,3,"[0.6815204869410737, 0.47689852788858716]",519,-1
4081,[0.30633257 0.56662191],4,7,"[0.2817018170798153, 0.5849768676672948]",1925,-1
4082,[0.27248216 0.24763384],0,9,"[0.3110394802231661, 0.23517199738277297]",-1,-1
4083,[0.30726159 0.61241943],7,7,"[0.2817018170798153, 0.5849768676672948]",1762,-1
4084,[0.70935233 0.45465873],8,3,"[0.6815204869410737, 0.47689852788858716]",594,-1
4085,[0.49468581 0.55499527],5,6,"[0.5164739970238864, 0.5319253761973344]",1183,-1
4086,[0.4624246  0.44679227],5,-1,-1,-1,-1
4087,[0.33896897 0.27284271],2,9,"[0.3110394802231661, 0.23517199738277297]",-1,-1
4088,[0.36264188 0.61942088],3,0,"[0.383291892093257, 0.5586820702346661]",-1,-1
4089,[0.66064966 0.54668832],9,-1,-1,670,-1
4090,[0.40419726 0.35041585],6,1,"[0.3897435781344088, 0.3417040596068965]",-1,-1
4091,[0.37325456 0.57730531],7,0,"[0.383291892093257, 0.5586820702346661]",-1,12
4092,[0.32827625 0.54375695],7,0,"[0.383291892093257, 0.5586820702346661]",-1,-1
4093,[0.28483362 0.55150815],7,7,"[0.2817018170798153, 0.5849768676672948]",1912,-1
4094,[0.14756207 0.26288687],0,-1,-1,-1,-1
4095,[0.22761375 0.27137131],2,5,"[0.23231087327800656, 0.30304944505444303]",-1,-1
4096,[0.28321873 0.50968483],7,8,"[0.27392971195344684, 0.45973140540928376]",1835,-1
4097,[0.77363116 0.50144416],8,-1,-1,190,-1
4098,[0.71375614 0.757393  ],1,4,"[0.7726811996944247, 0.7249303226766757]",-1,0
4099,[0.22163305 0.41644216],7,8,"[0.27392971195344684, 0.45973140540928376]",-1,-1
4100,[0.87955597 0.7079736 ],1,-1,-1,136,0
4101,[0.40119731 0.51920124],7,0,"[0.383291892093257, 0.5586820702346661]",-1,-1
4102,[0.26913019 0.39604448],0,8,"[0.27392971195344684, 0.45973140540928376]",1019,-1
4103,[0.63645885 0.54907413],9,-1,-1,-1,-1
4104,[0.31409227 0.65922674],3,-1,-1,-1,-1
4105,[0.32560427 0.51095921],3,-1,-1,1920,-1
4106,[0.52808567 0.52206649],9,6,"[0.5164739970238864, 0.5319253761973344]",1188,-1
4107,[0.28440892 0.57973194],3,7,"[0.2817018170798153, 0.5849768676672948]",1800,-1
4108,[0.30287181 0.53875979],4,7,"[0.2817018170798153, 0.5849768676672948]",-1,-1
4109,[0.27216655 0.32834259],2,5,"[0.23231087327800656, 0.30304944505444303]",-1,9
4110,[0.27506767 0.41308366],7,8,"[0.27392971195344684, 0.45973140540928376]",747,-1
4111,[0.51433407 0.52570346],5,6,"[0.5164739970238864, 0.5319253761973344]",-1,-1
4112,[0.63819727 0.66025644],9,2,"[0.5921204552873188, 0.6383928111301557]",646,-1
4113,[0.58609885 0.63587759],9,2,"[0.5921204552873188, 0.6383928111301557]",-1,-1
4114,[0.63494678 0.4930049 ],8,3,"[0.6815204869410737, 0.47689852788858716]",-1,-1
4115,[0.32923583 0.34589349],6,1,"[0.3897435781344088, 0.3417040596068965]",1617,-1
4116,[0.24721539 0.22000525],0,9,"[0.3110394802231661, 0.23517199738277297]",985,-1
4117,[0.62695285 0.60880232],9,2,"[0.5921204552873188, 0.6383928111301557]",-1,-1
4118,[0.33040804 0.14906897],2,-1,-1,-1,-1
4119,[0.60605901 0.46231819],8,-1,-1,615,-1
4120,[0.31709118 0.53346126],7,7,"[0.2817018170798153, 0.5849768676672948]",-1,-1
4121,[0.2411648  0.25524837],0,5,"[0.23231087327800656, 0.30304944505444303]",1320,-1
4122,[0.19649332 0.33413211],2,5,"[0.23231087327800656, 0.30304944505444303]",874,-1
4123,[0.68307877 0.59328235],9,-1,-1,267,-1
4124,[0.61431028 0.56142074],9,-1,-1,910,-1
4125,[0.28874566 0.28469925],0,9,"[0.3110394802231661, 0.23517199738277297]",1665,-1
4126,[0.32926178 0.64265595],4,-1,-1,886,-1
4127,[0.26430345 0.37086041],2,-1,-1,1221,-1
4128,[0.67003713 0.72575185],9,-1,-1,196,0
4129,[0.65086498 0.46778466],8,3,"[0.6815204869410737, 0.47689852788858716]",-1,1
4130,[0.58929392 0.61253611],9,2,"[0.5921204552873188, 0.6383928111301557]",1427,-1
4131,[0.86721657 0.66656949],1,-1,-1,-1,-1
4132,[0.71958479 0.71388912],1,4,"[0.7726811996944247, 0.7249303226766757]",349,0
4133,[0.3441271 0.6128514],4,0,"[0.383291892093257, 0.5586820702346661]",1830,-1
4134,[0.21710965 0.49334741],4,8,"[0.27392971195344684, 0.45973140540928376]",-1,-1
4135,[0.34197967 0.37135952],7,1,"[0.3897435781344088, 0.3417040596068965]",-1,-1
4136,[0.36709748 0.58157363],3,0,"[0.383291892093257, 0.5586820702346661]",-1,12
4137,[0.63254178 0.40738343],8,-1,-1,265,-1
4138,[0.29801463 0.52206468],4,7,"[0.2817018170798153, 0.5849768676672948]",-1,-1
4139,[0.51843656 0.32238466],6,-1,-1,42,-1
4140,[0.34456215 0.47268422],3,-1,-1,1758,-1
4141,[0.40166561 0.28200568],6,1,"[0.3897435781344088, 0.3417040596068965]",-1,-1
4142,[0.36354043 0.51252844],5,0,"[0.383291892093257, 0.5586820702346661]",-1,-1
4143,[0.79347004 0.82675965],1,-1,-1,-1,-1
4144,[0.63638418 0.5121579 ],8,3,"[0.6815204869410737, 0.47689852788858716]",-1,1
4145,[0.44560993 0.23401654],6,-1,-1,178,-1
4146,[0.48753978 0.63759643],5,-1,-1,647,-1
4147,[0.30734796 0.52558294],4,7,"[0.2817018170798153, 0.5849768676672948]",1918,-1
4148,[0.46753496 0.37823101],6,-1,-1,320,-1
4149,[0.32800558 0.27959057],2,9,"[0.3110394802231661, 0.23517199738277297]",1520,-1
4150,[0.18113148 0.26546115],2,5,"[0.23231087327800656, 0.30304944505444303]",505,-1
4151,[0.3289162  0.58045152],4,7,"[0.2817018170798153, 0.5849768676672948]",1980,-1
4152,[0.38182721 0.65267063],3,-1,-1,-1,-1
4153,[0.30019485 0.33298908],2,-1,-1,-1,-1
4154,[0.16215514 0.21673211],0,-1,-1,74,-1
4155,[0.62640439 0.5662719 ],5,-1,-1,-1,-1
4156,[0.35647523 0.34658954],2,1,"[0.3897435781344088, 0.3417040596068965]",-1,-1
4157,[0.47023326 0.4035034 ],6,-1,-1,-1,-1
4158,[0.37343632 0.36269495],6,1,"[0.3897435781344088, 0.3417040596068965]",1088,-1
4159,[0.23577391 0.49566215],7,8,"[0.27392971195344684, 0.45973140540928376]",1280,-1
4160,[0.54492068 0.38639772],6,-1,-1,47,-1
4161,[0.83124646 0.79731417],1,-1,-1,-1,0
4162,[0.28178041 0.67087096],4,-1,-1,88,-1
4163,[0.67110861 0.59897185],9,-1,-1,543,-1
4164,[0.25928337 0.3166675 ],2,5,"[0.23231087327800656, 0.30304944505444303]",-1,-1
4165,[0.24596149 0.47543323],7,8,"[0.27392971195344684, 0.45973140540928376]",-1,-1
4166,[0.41641082 0.35683887],6,1,"[0.3897435781344088, 0.3417040596068965]",982,-1
4167,[0.37051274 0.373604  ],2,1,"[0.3897435781344088, 0.3417040596068965]",-1,-1
4168,[0.26246159 0.62445357],4,7,"[0.2817018170798153, 0.5849768676672948]",496,-1
4169,[0.86390035 0.71235309],1,-1,-1,-1,0
4170,[0.54823099 0.69618025],9,-1,-1,-1,-1
4171,[0.35666836 0.50248568],3,0,"[0.383291892093257, 0.5586820702346661]",-1,-1
4172,[0.66390576 0.61119866],9,-1,-1,-1,-1
4173,[0.34083543 0.28041877],2,9,"[0.3110394802231661, 0.23517199738277297]",-1,-1
4174,[0.34139481 0.67540138],3,-1,-1,298,-1
4175,[0.32005657 0.68310509],3,-1,-1,-1,-1
4176,[0.31185074 0.58347953],4,7,"[0.2817018170798153, 0.5849768676672948]",1967,-1
4177,[0.41449148 0.30007699],6,1,"[0.3897435781344088, 0.3417040596068965]",889,-1
4178,[0.64715193 0.74047456],1,-1,-1,-1,-1
4179,[0.3725669  0.51592992],5,0,"[0.383291892093257, 0.5586820702346661]",-1,-1
4180,[0.84564222 0.65659552],1,-1,-1,162,0
4181,[0.37093447 0.31652948],6,1,"[0.3897435781344088, 0.3417040596068965]",-1,-1
4182,[0.30125715 0.29518821],0,9,"[0.3110394802231661, 0.23517199738277297]",1690,11
4183,[0.57456141 0.52890981],8,6,"[0.5164739970238864, 0.5319253761973344]",-1,-1
4184,[0.35887088 0.63474234],4,-1,-1,-1,-1
4185,[0.18113452 0.15407022],0,-1,-1,-1,-1
4186,[0.65703232 0.66234993],9,2,"[0.5921204552873188, 0.6383928111301557]",639,-1
4187,[0.82373144 0.67010321],1,-1,-1,-1,0
4188,[0.37441208 0.55809463],4,0,"[0.383291892093257, 0.5586820702346661]",1855,-1
4189,[0.52464585 0.51231319],5,6,"[0.5164739970238864, 0.5319253761973344]",1176,-1
4190,[0.27735739 0.52509742],7,7,"[0.2817018170798153, 0.5849768676672948]",1887,14
4191,[0.16240558 0.17573218],0,-1,-1,-1,-1
4192,[0.27365967 0.58868443],4,7,"[0.2817018170798153, 0.5849768676672948]",-1,-1
4193,[0.40037588 0.68871748],3,-1,-1,-1,-1
4194,[0.65065801 0.44955085],8,3,"[0.6815204869410737, 0.47689852788858716]",-1,-1
4195,[0.28863519 0.52632306],4,7,"[0.2817018170798153, 0.5849768676672948]",1911,14
4196,[0.27294041 0.23102231],0,9,"[0.3110394802231661, 0.23517199738277297]",-1,-1
4197,[0.57866612 0.59963869],5,2,"[0.5921204552873188, 0.6383928111301557]",1443,6
4198,[0.61525488 0.70759295],9,-1,-1,287,-1
4199,[0.31355967 0.62172293],4,7,"[0.2817018170798153, 0.5849768676672948]",-1,-1
4200,[0.66642392 0.51655598],8,3,"[0.6815204869410737, 0.47689852788858716]",-1,2
4201,[0.54470444 0.49514446],5,6,"[0.5164739970238864, 0.5319253761973344]",-1,-1
4202,[0.28756982 0.33713678],0,5,"[0.23231087327800656, 0.30304944505444303]",-1,-1
4203,[0.45347032 0.37819709],6,-1,-1,441,-1
4204,[0.5574305  0.56742487],9,6,"[0.5164739970238864, 0.5319253761973344]",1406,6
4205,[0.67116963 0.68636902],1,-1,-1,-1,-1
4206,[0.34133474 0.53554106],3,0,"[0.383291892093257, 0.5586820702346661]",1954,16
4207,[0.33993211 0.48542064],3,-1,-1,-1,-1
4208,[0.34531592 0.58732096],3,0,"[0.383291892093257, 0.5586820702346661]",-1,-1
4209,[0.20752995 0.29609889],0,5,"[0.23231087327800656, 0.30304944505444303]",-1,-1
4210,[0.63307109 0.5640709 ],5,-1,-1,-1,-1
4211,[0.72884218 0.78001345],1,-1,-1,250,0
4212,[0.74173495 0.51211296],8,3,"[0.6815204869410737, 0.47689852788858716]",480,-1
4213,[0.54929636 0.58701027],5,6,"[0.5164739970238864, 0.5319253761973344]",-1,6
4214,[0.34756737 0.47034057],7,-1,-1,1758,-1
4215,[0.55258779 0.54043538],5,6,"[0.5164739970238864, 0.5319253761973344]",1409,-1
4216,[0.36047782 0.28294499],6,1,"[0.3897435781344088, 0.3417040596068965]",1171,-1
4217,[0.58392888 0.64391154],9,2,"[0.5921204552873188, 0.6383928111301557]",1189,-1
4218,[0.30749164 0.27346948],2,9,"[0.3110394802231661, 0.23517199738277297]",-1,-1
4219,[0.14522929 0.28896376],0,-1,-1,91,-1
4220,[0.78119037 0.69554449],1,4,"[0.7726811996944247, 0.7249303226766757]",448,0
4221,[0.34551839 0.28514747],2,9,"[0.3110394802231661, 0.23517199738277297]",-1,-1
4222,[0.45270571 0.28418654],6,-1,-1,-1,-1
4223,[0.72102765 0.73637802],9,4,"[0.7726811996944247, 0.7249303226766757]",381,0
4224,[0.33856011 0.35375114],2,1,"[0.3897435781344088, 0.3417040596068965]",-1,-1
4225,[0.2710895  0.55275468],7,7,"[0.2817018170798153, 0.5849768676672948]",1698,-1
4226,[0.37343263 0.57912171],4,0,"[0.383291892093257, 0.5586820702346661]",1866,12
4227,[0.63841059 0.49168292],5,3,"[0.6815204869410737, 0.47689852788858716]",819,-1
4228,[0.62788712 0.56292962],9,-1,-1,-1,-1
4229,[0.27412227 0.65714563],4,-1,-1,-1,-1
4230,[0.18588736 0.57125279],7,-1,-1,102,-1
4231,[0.3152945  0.49183369],4,8,"[0.27392971195344684, 0.45973140540928376]",1872,-1
4232,[0.3839929  0.65499201],4,-1,-1,536,-1
4233,[0.52817274 0.55378402],5,6,"[0.5164739970238864, 0.5319253761973344]",-1,-1
4234,[0.33122568 0.57327024],7,7,"[0.2817018170798153, 0.5849768676672948]",-1,-1
4235,[0.61257739 0.45193574],8,-1,-1,621,-1
4236,[0.45885274 0.34061592],6,1,"[0.3897435781344088, 0.3417040596068965]",531,-1
4237,[0.51929852 0.59124093],5,6,"[0.5164739970238864, 0.5319253761973344]",1382,-1
4238,[0.32004195 0.52150336],4,-1,-1,1824,-1
4239,[0.25488286 0.50195466],7,8,"[0.27392971195344684, 0.45973140540928376]",-1,-1
4240,[0.81423107 0.79269994],1,-1,-1,-1,0
4241,[0.77982    0.74037401],1,4,"[0.7726811996944247, 0.7249303226766757]",-1,0
4242,[0.67527705 0.63340043],9,-1,-1,-1,-1
4243,[0.27721643 0.47211437],7,8,"[0.27392971195344684, 0.45973140540928376]",1596,-1
4244,[0.2260744  0.31092713],2,5,"[0.23231087327800656, 0.30304944505444303]",1486,-1
4245,[0.25269902 0.43464412],2,8,"[0.27392971195344684, 0.45973140540928376]",-1,-1
4246,[0.53961024 0.53451292],5,6,"[0.5164739970238864, 0.5319253761973344]",1150,-1
4247,[0.26054895 0.47455701],7,8,"[0.27392971195344684, 0.45973140540928376]",-1,-1
4248,[0.74892947 0.60571005],1,-1,-1,-1,-1
4249,[0.29510745 0.34181197],0,-1,-1,1619,-1
4250,[0.37246646 0.46081897],4,-1,-1,-1,-1
4251,[0.44087784 0.43162665],6,-1,-1,160,-1
4252,[0.19834563 0.51982111],3,-1,-1,-1,-1
4253,[0.23586479 0.29046825],0,5,"[0.23231087327800656, 0.30304944505444303]",-1,-1
4254,[0.60088524 0.58422535],5,2,"[0.5921204552873188, 0.6383928111301557]",1326,5
4255,[0.57821031 0.65625274],9,2,"[0.5921204552873188, 0.6383928111301557]",1124,-1
4256,[0.90000519 0.7774279 ],1,-1,-1,-1,-1
4257,[0.53735544 0.55927726],5,6,"[0.5164739970238864, 0.5319253761973344]",-1,6
4258,[0.27047784 0.39294466],2,8,"[0.27392971195344684, 0.45973140540928376]",1019,-1
4259,[0.20729686 0.26050055],2,5,"[0.23231087327800656, 0.30304944505444303]",-1,-1
4260,[0.58533846 0.56723153],9,-1,-1,-1,-1
4261,[0.35584692 0.54153709],7,0,"[0.383291892093257, 0.5586820702346661]",-1,-1
4262,[0.53719894 0.50340293],5,6,"[0.5164739970238864, 0.5319253761973344]",1139,-1
4263,[0.20438995 0.54750872],4,-1,-1,644,-1
4264,[0.35455893 0.25783741],0,9,"[0.3110394802231661, 0.23517199738277297]",954,-1
4265,[0.27735702 0.31666905],0,5,"[0.23231087327800656, 0.30304944505444303]",1585,9
4266,[0.41699435 0.2978029 ],6,1,"[0.3897435781344088, 0.3417040596068965]",889,-1
4267,[0.24429809 0.45106955],2,8,"[0.27392971195344684, 0.45973140540928376]",932,-1
4268,[0.35289871 0.31568096],2,1,"[0.3897435781344088, 0.3417040596068965]",1526,-1
4269,[0.52606518 0.65024176],9,2,"[0.5921204552873188, 0.6383928111301557]",1199,-1
4270,[0.25978576 0.42686933],7,8,"[0.27392971195344684, 0.45973140540928376]",692,-1
4271,[0.43397634 0.53895369],7,0,"[0.383291892093257, 0.5586820702346661]",1136,-1
4272,[0.082168   0.56345417],7,-1,-1,-1,-1
4273,[0.23539061 0.50141706],7,8,"[0.27392971195344684, 0.45973140540928376]",-1,-1
4274,[0.22803702 0.23518673],0,5,"[0.23231087327800656, 0.30304944505444303]",-1,-1
4275,[0.39546328 0.45086802],7,-1,-1,-1,-1
4276,[0.8406891  0.67162032],1,-1,-1,306,0
4277,[0.56218236 0.75344727],9,-1,-1,-1,-1
4278,[0.32875762 0.48695856],7,8,"[0.27392971195344684, 0.45973140540928376]",1827,-1
4279,[0.23493722 0.42588878],7,8,"[0.27392971195344684, 0.45973140540928376]",-1,-1
4280,[0.30382129 0.48906422],7,8,"[0.27392971195344684, 0.45973140540928376]",1873,-1
4281,[0.79090714 0.81763429],1,-1,-1,-1,0
4282,[0.37407994 0.66141849],3,-1,-1,-1,-1
4283,[0.75351307 0.40799524],8,-1,-1,-1,-1
4284,[0.29427555 0.34153107],2,-1,-1,-1,-1
4285,[0.34527942 0.32001082],6,1,"[0.3897435781344088, 0.3417040596068965]",-1,-1
4286,[0.2820061  0.39375191],0,8,"[0.27392971195344684, 0.45973140540928376]",1066,-1
4287,[0.28363121 0.57952812],3,7,"[0.2817018170798153, 0.5849768676672948]",1800,-1
4288,[0.58338064 0.55372441],8,-1,-1,1254,-1
4289,[0.38507541 0.42965797],6,-1,-1,-1,-1
4290,[0.22207439 0.46982081],4,8,"[0.27392971195344684, 0.45973140540928376]",-1,-1
4291,[0.56683509 0.56077135],9,6,"[0.5164739970238864, 0.5319253761973344]",1362,-1
4292,[0.22632444 0.43674193],2,8,"[0.27392971195344684, 0.45973140540928376]",-1,-1
4293,[0.72855415 0.5293548 ],8,-1,-1,-1,-1
4294,[0.59422672 0.51117842],8,-1,-1,-1,-1
4295,[0.35048995 0.54139349],7,0,"[0.383291892093257, 0.5586820702346661]",1969,16
4296,[0.61266624 0.62187863],9,2,"[0.5921204552873188, 0.6383928111301557]",1335,-1
4297,[0.60213584 0.7225755 ],9,-1,-1,-1,-1
4298,[0.77241668 0.72746926],1,4,"[0.7726811996944247, 0.7249303226766757]",469,0
4299,[0.59128951 0.46250685],5,-1,-1,608,-1
4300,[0.80267896 0.57092233],1,-1,-1,-1,-1
4301,[0.86207114 0.74822402],1,-1,-1,130,0
4302,[0.29947912 0.59879692],3,7,"[0.2817018170798153, 0.5849768676672948]",1662,-1
4303,[0.7244282  0.42067259],8,-1,-1,-1,-1
4304,[0.45028064 0.54132039],3,6,"[0.5164739970238864, 0.5319253761973344]",1277,-1
4305,[0.21917892 0.20450132],0,-1,-1,-1,-1
4306,[0.78863244 0.67293972],1,4,"[0.7726811996944247, 0.7249303226766757]",396,0
4307,[0.22611974 0.39007697],2,-1,-1,-1,-1
4308,[0.60767004 0.60803871],9,2,"[0.5921204552873188, 0.6383928111301557]",-1,-1
4309,[0.48083587 0.60114892],4,-1,-1,1153,-1
4310,[0.54853112 0.51025076],5,6,"[0.5164739970238864, 0.5319253761973344]",906,-1
4311,[0.46568062 0.44016647],5,-1,-1,179,-1
4312,[0.7122375 0.7516042],1,4,"[0.7726811996944247, 0.7249303226766757]",345,0
4313,[0.28366418 0.38435268],2,-1,-1,1094,-1
4314,[0.22474712 0.23004971],0,-1,-1,872,-1
4315,[0.30647169 0.53631222],7,7,"[0.2817018170798153, 0.5849768676672948]",1982,-1
4316,[0.79064766 0.72075229],1,4,"[0.7726811996944247, 0.7249303226766757]",-1,0
4317,[0.284676   0.35638361],2,-1,-1,-1,-1
4318,[0.68995737 0.65695657],9,-1,-1,482,0
4319,[0.32204357 0.32439923],6,1,"[0.3897435781344088, 0.3417040596068965]",1671,-1
4320,[0.38575119 0.55031956],4,0,"[0.383291892093257, 0.5586820702346661]",-1,-1
4321,[0.42749798 0.65528178],3,-1,-1,-1,-1
4322,[0.4070818  0.34201038],6,1,"[0.3897435781344088, 0.3417040596068965]",998,-1
4323,[0.2418217  0.32911536],2,5,"[0.23231087327800656, 0.30304944505444303]",-1,-1
4324,[0.18570811 0.33280504],0,5,"[0.23231087327800656, 0.30304944505444303]",-1,-1
4325,[0.4192571  0.33867058],6,1,"[0.3897435781344088, 0.3417040596068965]",974,-1
4326,[0.56756961 0.66013198],9,2,"[0.5921204552873188, 0.6383928111301557]",-1,-1
4327,[0.35607312 0.52264827],4,0,"[0.383291892093257, 0.5586820702346661]",-1,-1
4328,[0.195988   0.34885164],2,5,"[0.23231087327800656, 0.30304944505444303]",-1,-1
4329,[0.53982574 0.59835545],5,2,"[0.5921204552873188, 0.6383928111301557]",-1,-1
4330,[0.24596561 0.48035628],7,8,"[0.27392971195344684, 0.45973140540928376]",-1,-1
4331,[0.33614421 0.43281458],7,8,"[0.27392971195344684, 0.45973140540928376]",941,-1
4332,[0.63143382 0.61125585],9,2,"[0.5921204552873188, 0.6383928111301557]",-1,-1
4333,[0.38749321 0.60245154],5,0,"[0.383291892093257, 0.5586820702346661]",-1,-1
4334,[0.45203529 0.5225105 ],5,6,"[0.5164739970238864, 0.5319253761973344]",-1,-1
4335,[0.26642252 0.32521483],2,5,"[0.23231087327800656, 0.30304944505444303]",1585,-1
4336,[0.29012111 0.39197726],7,8,"[0.27392971195344684, 0.45973140540928376]",1066,-1
4337,[0.30467172 0.27540945],6,9,"[0.3110394802231661, 0.23517199738277297]",-1,-1
4338,[0.33737769 0.36932216],2,1,"[0.3897435781344088, 0.3417040596068965]",1349,-1
4339,[0.27409091 0.52857729],4,7,"[0.2817018170798153, 0.5849768676672948]",-1,14
4340,[0.51016956 0.41939578],5,-1,-1,-1,-1
4341,[0.40906852 0.39099734],6,1,"[0.3897435781344088, 0.3417040596068965]",763,-1
4342,[0.34487396 0.6795571 ],3,-1,-1,298,-1
4343,[0.26322431 0.66880528],3,-1,-1,86,-1
4344,[0.46567939 0.36612353],6,-1,-1,-1,-1
4345,[0.32657075 0.27950737],2,9,"[0.3110394802231661, 0.23517199738277297]",-1,-1
4346,[0.62898593 0.53026204],5,-1,-1,-1,-1
4347,[0.31899847 0.49563955],3,8,"[0.27392971195344684, 0.45973140540928376]",-1,-1
4348,[0.64951941 0.40356676],8,-1,-1,-1,-1
4349,[0.3897868  0.27921888],6,1,"[0.3897435781344088, 0.3417040596068965]",1076,-1
4350,[0.40953231 0.49456862],3,0,"[0.383291892093257, 0.5586820702346661]",1456,-1
4351,[0.55913883 0.57146135],9,6,"[0.5164739970238864, 0.5319253761973344]",-1,6
4352,[0.47708822 0.52622124],5,6,"[0.5164739970238864, 0.5319253761973344]",957,-1
4353,[0.54372294 0.68933456],9,-1,-1,560,-1
4354,[0.37043536 0.48250479],3,-1,-1,1561,-1
4355,[0.88976517 0.74772117],1,-1,-1,87,-1
4356,[0.53397712 0.49901593],5,6,"[0.5164739970238864, 0.5319253761973344]",-1,-1
4357,[0.7177008  0.85143246],1,-1,-1,-1,-1
4358,[0.3961852 0.2392399],6,-1,-1,-1,-1
4359,[0.22082298 0.5435985 ],4,-1,-1,-1,-1
4360,[0.66900084 0.58066428],9,-1,-1,-1,-1
4361,[0.32718691 0.47637401],7,8,"[0.27392971195344684, 0.45973140540928376]",1475,-1
4362,[0.73253136 0.70865942],1,4,"[0.7726811996944247, 0.7249303226766757]",434,0
4363,[0.34641959 0.51456595],4,0,"[0.383291892093257, 0.5586820702346661]",1927,-1
4364,[0.56627114 0.68992134],9,2,"[0.5921204552873188, 0.6383928111301557]",629,-1
4365,[0.54102983 0.63284509],9,2,"[0.5921204552873188, 0.6383928111301557]",1262,-1
4366,[0.31930348 0.53319733],7,7,"[0.2817018170798153, 0.5849768676672948]",1932,-1
4367,[0.54428197 0.64167031],5,2,"[0.5921204552873188, 0.6383928111301557]",-1,-1
4368,[0.25203298 0.59992383],7,7,"[0.2817018170798153, 0.5849768676672948]",-1,-1
4369,[0.78776587 0.72223339],1,4,"[0.7726811996944247, 0.7249303226766757]",-1,0
4370,[0.24373698 0.25678563],0,5,"[0.23231087327800656, 0.30304944505444303]",1308,-1
4371,[0.55911847 0.65290068],9,2,"[0.5921204552873188, 0.6383928111301557]",1196,-1
4372,[0.37899149 0.36372173],2,1,"[0.3897435781344088, 0.3417040596068965]",1062,-1
4373,[0.79063552 0.42471605],8,-1,-1,-1,-1
4374,[0.27273274 0.58255374],3,7,"[0.2817018170798153, 0.5849768676672948]",1670,-1
4375,[0.59057524 0.63264189],9,2,"[0.5921204552873188, 0.6383928111301557]",1337,-1
4376,[0.6931433  0.40460903],8,-1,-1,509,-1
4377,[0.43568831 0.28758299],6,-1,-1,719,-1
4378,[0.33842978 0.32665748],2,1,"[0.3897435781344088, 0.3417040596068965]",1682,-1
4379,[0.63716631 0.54758791],5,-1,-1,-1,-1
4380,[0.68862127 0.68592878],1,-1,-1,382,-1
4381,[0.62477373 0.54682175],5,-1,-1,-1,-1
4382,[0.36056622 0.53681649],4,0,"[0.383291892093257, 0.5586820702346661]",1944,-1
4383,[0.41403952 0.30038702],6,1,"[0.3897435781344088, 0.3417040596068965]",889,-1
4384,[0.27124968 0.53493651],4,7,"[0.2817018170798153, 0.5849768676672948]",-1,-1
4385,[0.38982664 0.4140763 ],7,-1,-1,501,-1
4386,[0.38274604 0.38614002],6,1,"[0.3897435781344088, 0.3417040596068965]",-1,-1
4387,[0.64444917 0.41858688],8,3,"[0.6815204869410737, 0.47689852788858716]",-1,-1
4388,[0.17752091 0.32754174],2,5,"[0.23231087327800656, 0.30304944505444303]",497,-1
4389,[0.38890283 0.56728021],5,0,"[0.383291892093257, 0.5586820702346661]",1771,-1
4390,[0.30224927 0.31637938],0,-1,-1,1661,-1
4391,[0.30669559 0.40882083],3,8,"[0.27392971195344684, 0.45973140540928376]",928,-1
4392,[0.3126559  0.31993362],2,-1,-1,1672,-1
4393,[0.32819623 0.56936075],3,7,"[0.2817018170798153, 0.5849768676672948]",-1,-1
4394,[0.5837607 0.7448886],9,-1,-1,123,-1
4395,[0.31324226 0.41958729],6,8,"[0.27392971195344684, 0.45973140540928376]",1017,-1
4396,[0.32562885 0.28324648],6,9,"[0.3110394802231661, 0.23517199738277297]",1520,-1
4397,[0.71952975 0.76484544],1,4,"[0.7726811996944247, 0.7249303226766757]",-1,0
4398,[0.28712621 0.58101341],4,7,"[0.2817018170798153, 0.5849768676672948]",-1,-1
4399,[0.4081733  0.28409711],6,1,"[0.3897435781344088, 0.3417040596068965]",922,-1
4400,[0.36656101 0.3803061 ],6,1,"[0.3897435781344088, 0.3417040596068965]",1009,-1
4401,[0.28111833 0.57574922],7,7,"[0.2817018170798153, 0.5849768676672948]",-1,-1
4402,[0.87721878 0.88015385],1,-1,-1,-1,-1
4403,[0.21604981 0.31841161],0,5,"[0.23231087327800656, 0.30304944505444303]",-1,-1
4404,[0.37389341 0.41138073],6,-1,-1,723,-1
4405,[0.38457645 0.40043879],6,1,"[0.3897435781344088, 0.3417040596068965]",-1,-1
4406,[0.74419468 0.46591088],8,3,"[0.6815204869410737, 0.47689852788858716]",513,-1
4407,[0.74332423 0.80540605],1,-1,-1,288,0
4408,[0.24691268 0.13052564],2,-1,-1,-1,-1
4409,[0.77098617 0.67425419],1,4,"[0.7726811996944247, 0.7249303226766757]",389,0
4410,[0.31125256 0.55982033],3,7,"[0.2817018170798153, 0.5849768676672948]",1968,-1
4411,[0.25906225 0.47662928],7,8,"[0.27392971195344684, 0.45973140540928376]",1600,-1
4412,[0.49666311 0.5326646 ],5,6,"[0.5164739970238864, 0.5319253761973344]",-1,-1
4413,[0.34533513 0.31429761],2,1,"[0.3897435781344088, 0.3417040596068965]",1525,-1
4414,[0.38943376 0.60691736],3,0,"[0.383291892093257, 0.5586820702346661]",1744,-1
4415,[0.79461922 0.64024973],1,-1,-1,231,0
4416,[0.77732391 0.69200052],1,4,"[0.7726811996944247, 0.7249303226766757]",448,0
4417,[0.70175252 0.66140884],1,-1,-1,414,0
4418,[0.32819792 0.59322832],4,7,"[0.2817018170798153, 0.5849768676672948]",1942,-1
4419,[0.46352316 0.52237341],5,6,"[0.5164739970238864, 0.5319253761973344]",1002,-1
4420,[0.36997999 0.28875609],2,1,"[0.3897435781344088, 0.3417040596068965]",-1,-1
4421,[0.28859743 0.33524865],0,5,"[0.23231087327800656, 0.30304944505444303]",-1,-1
4422,[0.70410931 0.46661315],8,3,"[0.6815204869410737, 0.47689852788858716]",717,-1
4423,[0.28743795 0.27074559],2,9,"[0.3110394802231661, 0.23517199738277297]",1627,-1
4424,[0.53322819 0.52044138],5,6,"[0.5164739970238864, 0.5319253761973344]",1173,-1
4425,[0.45639522 0.67250663],9,-1,-1,-1,-1
4426,[0.18891179 0.18422402],0,-1,-1,165,-1
4427,[0.50428362 0.48674171],5,6,"[0.5164739970238864, 0.5319253761973344]",605,-1
4428,[0.25613717 0.57461595],4,7,"[0.2817018170798153, 0.5849768676672948]",1562,-1
4429,[0.23923382 0.27951067],2,5,"[0.23231087327800656, 0.30304944505444303]",1531,-1
4430,[0.83064205 0.79063937],1,-1,-1,191,0
4431,[0.33417513 0.51747634],4,0,"[0.383291892093257, 0.5586820702346661]",-1,-1
4432,[0.36261207 0.46814709],7,-1,-1,-1,-1
4433,[0.34433349 0.63863636],4,-1,-1,900,-1
4434,[0.36962183 0.54558169],4,0,"[0.383291892093257, 0.5586820702346661]",-1,-1
4435,[0.32258653 0.27312067],6,9,"[0.3110394802231661, 0.23517199738277297]",-1,-1
4436,[0.70961926 0.42593029],8,3,"[0.6815204869410737, 0.47689852788858716]",443,-1
4437,[0.28178792 0.50202641],7,8,"[0.27392971195344684, 0.45973140540928376]",1742,-1
4438,[0.26243719 0.34520062],2,5,"[0.23231087327800656, 0.30304944505444303]",1586,-1
4439,[0.36527049 0.33420916],2,1,"[0.3897435781344088, 0.3417040596068965]",-1,-1
4440,[0.63452049 0.46695706],8,3,"[0.6815204869410737, 0.47689852788858716]",-1,-1
4441,[0.36180002 0.41112924],2,-1,-1,-1,-1
4442,[0.83199459 0.68988849],1,4,"[0.7726811996944247, 0.7249303226766757]",-1,0
4443,[0.47230181 0.48973949],5,6,"[0.5164739970238864, 0.5319253761973344]",875,-1
4444,[0.34496265 0.27761024],6,9,"[0.3110394802231661, 0.23517199738277297]",1118,-1
4445,[0.5695422  0.67572565],9,2,"[0.5921204552873188, 0.6383928111301557]",1034,-1
4446,[0.22708585 0.38731362],2,-1,-1,912,-1
4447,[0.29537552 0.67118483],7,-1,-1,226,-1
4448,[0.23985061 0.30587531],2,5,"[0.23231087327800656, 0.30304944505444303]",1567,-1
4449,[0.48601416 0.69803865],9,-1,-1,132,-1
4450,[0.37063388 0.57563369],4,0,"[0.383291892093257, 0.5586820702346661]",-1,-1
4451,[0.25242962 0.25440444],0,5,"[0.23231087327800656, 0.30304944505444303]",1312,-1
4452,[0.71481917 0.72967807],1,4,"[0.7726811996944247, 0.7249303226766757]",-1,0
4453,[0.77178271 0.74224004],1,4,"[0.7726811996944247, 0.7249303226766757]",430,0
4454,[0.30717919 0.58539018],4,7,"[0.2817018170798153, 0.5849768676672948]",-1,-1
4455,[0.69500466 0.45842336],8,3,"[0.6815204869410737, 0.47689852788858716]",-1,-1
4456,[0.38474618 0.56052017],4,0,"[0.383291892093257, 0.5586820702346661]",-1,-1
4457,[0.42387895 0.56880949],3,0,"[0.383291892093257, 0.5586820702346661]",1467,-1
4458,[0.64493595 0.53653106],9,3,"[0.6815204869410737, 0.47689852788858716]",1106,-1
4459,[0.46793856 0.61437288],4,-1,-1,907,-1
4460,[0.4096734  0.46527971],4,-1,-1,578,-1
4461,[0.89998817 0.71394401],1,-1,-1,119,-1
4462,[0.24958014 0.24451014],0,5,"[0.23231087327800656, 0.30304944505444303]",983,-1
4463,[0.38256802 0.28280113],6,1,"[0.3897435781344088, 0.3417040596068965]",1027,-1
4464,[0.47138313 0.49498651],5,6,"[0.5164739970238864, 0.5319253761973344]",-1,-1
4465,[0.5653544  0.59813312],9,2,"[0.5921204552873188, 0.6383928111301557]",-1,-1
4466,[0.26842589 0.33985754],2,5,"[0.23231087327800656, 0.30304944505444303]",-1,-1
4467,[0.37895689 0.65866249],4,-1,-1,-1,-1
4468,[0.25441037 0.46929056],7,8,"[0.27392971195344684, 0.45973140540928376]",-1,-1
4469,[0.35952819 0.3498741 ],0,1,"[0.3897435781344088, 0.3417040596068965]",1350,-1
4470,[0.65429561 0.72864257],1,-1,-1,-1,-1
4471,[0.75849842 0.72546714],1,4,"[0.7726811996944247, 0.7249303226766757]",-1,0
4472,[0.31473486 0.25289724],0,9,"[0.3110394802231661, 0.23517199738277297]",1499,-1
4473,[0.74008779 0.75451255],1,4,"[0.7726811996944247, 0.7249303226766757]",418,0
4474,[0.33585251 0.30076725],0,1,"[0.3897435781344088, 0.3417040596068965]",-1,-1
4475,[0.17662273 0.41603359],6,-1,-1,-1,-1
4476,[0.68399719 0.78303882],1,-1,-1,-1,-1
4477,[0.28669584 0.39565674],7,8,"[0.27392971195344684, 0.45973140540928376]",1066,-1
4478,[0.24953448 0.61087798],7,7,"[0.2817018170798153, 0.5849768676672948]",514,-1
4479,[0.15885311 0.53726906],7,-1,-1,53,-1
4480,[0.81373767 0.72441197],1,4,"[0.7726811996944247, 0.7249303226766757]",456,0
4481,[0.47196364 0.44754932],5,-1,-1,-1,-1
4482,[0.40486566 0.66379747],5,-1,-1,247,-1
4483,[0.33051297 0.26016225],6,9,"[0.3110394802231661, 0.23517199738277297]",-1,-1
4484,[0.4740591  0.63149856],5,-1,-1,647,-1
4485,[0.68229395 0.45614605],8,3,"[0.6815204869410737, 0.47689852788858716]",735,-1
4486,[0.78232097 0.81191073],1,-1,-1,-1,0
4487,[0.57770582 0.72327605],9,-1,-1,510,-1
4488,[0.36327941 0.33571675],6,1,"[0.3897435781344088, 0.3417040596068965]",1532,-1
4489,[0.27740393 0.27752469],6,5,"[0.23231087327800656, 0.30304944505444303]",1674,-1
4490,[0.60236482 0.5800768 ],9,2,"[0.5921204552873188, 0.6383928111301557]",1326,5
4491,[0.39908477 0.59763551],5,0,"[0.383291892093257, 0.5586820702346661]",1724,-1
4492,[0.34711186 0.58328175],4,0,"[0.383291892093257, 0.5586820702346661]",1842,-1
4493,[0.30944709 0.18278974],6,9,"[0.3110394802231661, 0.23517199738277297]",219,-1
4494,[0.68382013 0.41818093],8,3,"[0.6815204869410737, 0.47689852788858716]",592,-1
4495,[0.53162772 0.59769376],5,6,"[0.5164739970238864, 0.5319253761973344]",1329,-1
4496,[0.36055757 0.57771973],3,0,"[0.383291892093257, 0.5586820702346661]",-1,12
4497,[0.32774753 0.58615336],3,7,"[0.2817018170798153, 0.5849768676672948]",-1,-1
4498,[0.8153966  0.69248766],1,4,"[0.7726811996944247, 0.7249303226766757]",-1,0
4499,[0.26576879 0.70186613],3,-1,-1,-1,-1
4500,[0.63423703 0.71746492],9,-1,-1,283,-1
4501,[0.68918882 0.5756657 ],8,-1,-1,-1,-1
4502,[0.68436309 0.37179891],8,-1,-1,-1,-1
4503,[0.2879177 0.5242274],7,7,"[0.2817018170798153, 0.5849768676672948]",1885,14
4504,[0.3777259  0.50939512],3,0,"[0.383291892093257, 0.5586820702346661]",1764,-1
4505,[0.47712077 0.3086292 ],6,-1,-1,-1,-1
4506,[0.2914021  0.52407068],3,7,"[0.2817018170798153, 0.5849768676672948]",1910,14
4507,[0.50790684 0.32361109],6,-1,-1,-1,-1
4508,[0.36513475 0.36228554],2,1,"[0.3897435781344088, 0.3417040596068965]",1088,-1
4509,[0.60078892 0.55773718],8,-1,-1,1316,-1
4510,[0.30465363 0.28988776],0,9,"[0.3110394802231661, 0.23517199738277297]",1685,11
4511,[0.30727307 0.5519713 ],7,7,"[0.2817018170798153, 0.5849768676672948]",1985,-1
4512,[0.2346343  0.54204041],4,7,"[0.2817018170798153, 0.5849768676672948]",-1,-1
4513,[0.37268819 0.27053961],6,-1,-1,1101,-1
4514,[0.41284855 0.61280153],3,0,"[0.383291892093257, 0.5586820702346661]",1473,-1
4515,[0.26368717 0.29039939],2,5,"[0.23231087327800656, 0.30304944505444303]",1645,-1
4516,[0.23871358 0.28808313],2,5,"[0.23231087327800656, 0.30304944505444303]",1531,-1
4517,[0.75193495 0.59768423],1,-1,-1,110,-1
4518,[0.37590151 0.55163873],3,0,"[0.383291892093257, 0.5586820702346661]",-1,-1
4519,[0.28349723 0.24617416],6,9,"[0.3110394802231661, 0.23517199738277297]",1602,-1
4520,[0.24601888 0.32274013],0,5,"[0.23231087327800656, 0.30304944505444303]",1503,7
4521,[0.2317509  0.58936878],7,7,"[0.2817018170798153, 0.5849768676672948]",506,-1
4522,[0.79186486 0.72378519],1,4,"[0.7726811996944247, 0.7249303226766757]",-1,0
4523,[0.53849464 0.54586872],5,6,"[0.5164739970238864, 0.5319253761973344]",1365,6
4524,[0.26885499 0.32568815],2,5,"[0.23231087327800656, 0.30304944505444303]",1585,-1
4525,[0.54202124 0.39114088],5,-1,-1,47,-1
4526,[0.81530874 0.8151736 ],1,-1,-1,-1,0
4527,[0.4761051  0.50307794],5,6,"[0.5164739970238864, 0.5319253761973344]",876,-1
4528,[0.33106846 0.65189086],7,-1,-1,-1,-1
4529,[0.33063244 0.53152786],3,0,"[0.383291892093257, 0.5586820702346661]",1948,-1
4530,[0.53829048 0.54952397],5,6,"[0.5164739970238864, 0.5319253761973344]",-1,6
4531,[0.41964223 0.25462348],6,-1,-1,610,-1
4532,[0.34568513 0.54230726],3,0,"[0.383291892093257, 0.5586820702346661]",-1,16
4533,[0.37911957 0.49436166],3,0,"[0.383291892093257, 0.5586820702346661]",-1,-1
4534,[0.52493581 0.63931266],9,2,"[0.5921204552873188, 0.6383928111301557]",-1,-1
4535,[0.19222202 0.57310654],7,-1,-1,-1,-1
4536,[0.8900783  0.70257244],1,-1,-1,136,-1
4537,[0.71304593 0.3928488 ],8,-1,-1,150,-1
4538,[0.66898876 0.3768761 ],8,-1,-1,-1,-1
4539,[0.32914686 0.63626393],3,7,"[0.2817018170798153, 0.5849768676672948]",677,-1
4540,[0.27860961 0.46237286],7,8,"[0.27392971195344684, 0.45973140540928376]",-1,-1
4541,[0.30497416 0.23170762],0,9,"[0.3110394802231661, 0.23517199738277297]",-1,-1
4542,[0.71008948 0.87847566],1,-1,-1,-1,-1
4543,[0.32606607 0.58554715],7,7,"[0.2817018170798153, 0.5849768676672948]",-1,-1
4544,[0.28914817 0.53235102],7,7,"[0.2817018170798153, 0.5849768676672948]",-1,-1
4545,[0.49378248 0.55763485],5,6,"[0.5164739970238864, 0.5319253761973344]",1183,-1
4546,[0.33531086 0.22888481],0,9,"[0.3110394802231661, 0.23517199738277297]",-1,-1
4547,[0.26948512 0.32359616],0,5,"[0.23231087327800656, 0.30304944505444303]",1585,-1
4548,[0.65930044 0.5010817 ],8,3,"[0.6815204869410737, 0.47689852788858716]",-1,-1
4549,[0.46272284 0.40849937],6,-1,-1,207,-1
4550,[0.25449429 0.28999064],0,5,"[0.23231087327800656, 0.30304944505444303]",-1,-1
4551,[0.12817727 0.3435914 ],0,-1,-1,-1,-1
4552,[0.31971186 0.51520624],3,-1,-1,1923,-1
4553,[0.50915647 0.6270717 ],9,-1,-1,-1,-1
4554,[0.62005677 0.7074281 ],9,-1,-1,287,-1
4555,[0.42555041 0.32896815],6,1,"[0.3897435781344088, 0.3417040596068965]",-1,-1
4556,[0.83796443 0.77656609],1,-1,-1,259,0
4557,[0.38496318 0.20886642],0,-1,-1,174,-1
4558,[0.20334011 0.34330784],2,5,"[0.23231087327800656, 0.30304944505444303]",944,-1
4559,[0.35070435 0.5603272 ],4,0,"[0.383291892093257, 0.5586820702346661]",1956,-1
4560,[0.26333151 0.45587705],7,8,"[0.27392971195344684, 0.45973140540928376]",1241,-1
4561,[0.5829102  0.54325706],9,6,"[0.5164739970238864, 0.5319253761973344]",1233,-1
4562,[0.26199197 0.36639103],0,5,"[0.23231087327800656, 0.30304944505444303]",-1,-1
4563,[0.46732055 0.46311845],3,-1,-1,-1,-1
4564,[0.47095862 0.64677039],3,-1,-1,-1,-1
4565,[0.29017167 0.47182772],7,8,"[0.27392971195344684, 0.45973140540928376]",1731,-1
4566,[0.28028158 0.29731015],2,5,"[0.23231087327800656, 0.30304944505444303]",-1,-1
4567,[0.33096887 0.28565428],6,9,"[0.3110394802231661, 0.23517199738277297]",-1,-1
4568,[0.27742276 0.51482183],7,8,"[0.27392971195344684, 0.45973140540928376]",1887,14
4569,[0.64223773 0.6855252 ],9,2,"[0.5921204552873188, 0.6383928111301557]",488,-1
4570,[0.43511698 0.6094313 ],3,-1,-1,1574,-1
4571,[0.66270754 0.59330903],9,-1,-1,544,-1
4572,[0.29100531 0.52237975],7,7,"[0.2817018170798153, 0.5849768676672948]",1910,14
4573,[0.67257993 0.55618476],8,-1,-1,671,-1
4574,[0.45004597 0.55246045],3,0,"[0.383291892093257, 0.5586820702346661]",-1,-1
4575,[0.29844047 0.56509336],4,7,"[0.2817018170798153, 0.5849768676672948]",-1,-1
4576,[0.62627417 0.64526313],9,2,"[0.5921204552873188, 0.6383928111301557]",1163,-1
4577,[0.3733273  0.46293074],7,-1,-1,1055,-1
4578,[0.17235893 0.59061204],7,-1,-1,-1,-1
4579,[0.38131317 0.34301665],2,1,"[0.3897435781344088, 0.3417040596068965]",1122,-1
4580,[0.22702707 0.50085123],7,8,"[0.27392971195344684, 0.45973140540928376]",-1,-1
4581,[0.4050157  0.55780112],3,0,"[0.383291892093257, 0.5586820702346661]",-1,-1
4582,[0.28473582 0.25108436],0,9,"[0.3110394802231661, 0.23517199738277297]",1603,-1
4583,[0.3227373 0.3659319],2,-1,-1,1392,-1
4584,[0.39347702 0.22325716],6,-1,-1,-1,-1
4585,[0.78348281 0.52825509],8,-1,-1,69,-1
4586,[0.20632782 0.29960069],2,5,"[0.23231087327800656, 0.30304944505444303]",685,-1
4587,[0.52697042 0.59184712],5,6,"[0.5164739970238864, 0.5319253761973344]",-1,-1
4588,[0.3735964  0.35011785],6,1,"[0.3897435781344088, 0.3417040596068965]",1245,-1
4589,[0.27349896 0.28558264],2,5,"[0.23231087327800656, 0.30304944505444303]",1675,-1
4590,[0.32522025 0.30880811],2,-1,-1,-1,10
4591,[0.32721804 0.57702639],7,7,"[0.2817018170798153, 0.5849768676672948]",1980,-1
4592,[0.49176824 0.44091804],5,-1,-1,-1,-1
4593,[0.36066025 0.61389385],3,0,"[0.383291892093257, 0.5586820702346661]",-1,-1
4594,[0.42614639 0.35544915],6,1,"[0.3897435781344088, 0.3417040596068965]",-1,-1
4595,[0.80483508 0.65986732],1,-1,-1,255,0
4596,[0.39823643 0.27569871],2,1,"[0.3897435781344088, 0.3417040596068965]",-1,-1
4597,[0.34211736 0.3327228 ],2,1,"[0.3897435781344088, 0.3417040596068965]",-1,-1
4598,[0.49123307 0.64204842],5,-1,-1,647,-1
4599,[0.37610347 0.34152941],2,1,"[0.3897435781344088, 0.3417040596068965]",1122,-1
4600,[0.30363942 0.50234377],4,8,"[0.27392971195344684, 0.45973140540928376]",1858,-1
4601,[0.38568694 0.44333591],7,-1,-1,567,-1
4602,[0.64706315 0.57987682],8,-1,-1,810,-1
4603,[0.35508288 0.53905062],3,0,"[0.383291892093257, 0.5586820702346661]",-1,16
4604,[0.42313575 0.60473833],3,0,"[0.383291892093257, 0.5586820702346661]",-1,-1
4605,[0.26072397 0.3084023 ],2,5,"[0.23231087327800656, 0.30304944505444303]",-1,-1
4606,[0.15503619 0.22560404],0,-1,-1,124,-1
4607,[0.24135843 0.28264639],0,5,"[0.23231087327800656, 0.30304944505444303]",1531,-1
4608,[0.6003451  0.68033416],9,2,"[0.5921204552873188, 0.6383928111301557]",-1,-1
4609,[0.56295245 0.44493164],5,-1,-1,-1,-1
4610,[0.64561507 0.48368455],8,3,"[0.6815204869410737, 0.47689852788858716]",820,1
4611,[0.45805954 0.59473377],5,-1,-1,1238,4
4612,[0.51654106 0.5780336 ],5,6,"[0.5164739970238864, 0.5319253761973344]",1384,6
4613,[0.35859603 0.59893475],4,0,"[0.383291892093257, 0.5586820702346661]",1817,-1
4614,[0.80951069 0.7201581 ],1,4,"[0.7726811996944247, 0.7249303226766757]",-1,0
4615,[0.78830423 0.65156084],1,-1,-1,329,0
4616,[0.27767514 0.33215185],0,5,"[0.23231087327800656, 0.30304944505444303]",1598,9
4617,[0.62022879 0.67853408],9,2,"[0.5921204552873188, 0.6383928111301557]",-1,-1
4618,[0.3487288  0.59744232],4,0,"[0.383291892093257, 0.5586820702346661]",1833,-1
4619,[0.47719268 0.49832641],5,6,"[0.5164739970238864, 0.5319253761973344]",876,-1
4620,[0.29734127 0.21870621],0,9,"[0.3110394802231661, 0.23517199738277297]",1016,-1
4621,[0.23431043 0.37192196],0,5,"[0.23231087327800656, 0.30304944505444303]",1085,-1
4622,[0.21826358 0.29205761],0,5,"[0.23231087327800656, 0.30304944505444303]",1113,-1
4623,[0.69275794 0.46215556],8,3,"[0.6815204869410737, 0.47689852788858716]",806,-1
4624,[0.32191764 0.29535577],0,9,"[0.3110394802231661, 0.23517199738277297]",-1,-1
4625,[0.48770506 0.51215011],5,6,"[0.5164739970238864, 0.5319253761973344]",936,-1
4626,[0.55615982 0.49031224],9,6,"[0.5164739970238864, 0.5319253761973344]",845,-1
4627,[0.35077518 0.51707088],7,0,"[0.383291892093257, 0.5586820702346661]",1926,-1
4628,[0.57001608 0.65772743],9,2,"[0.5921204552873188, 0.6383928111301557]",-1,-1
4629,[0.7115352  0.40532901],8,-1,-1,-1,-1
4630,[0.40814745 0.24694981],6,-1,-1,-1,-1
4631,[0.35061604 0.33521784],6,1,"[0.3897435781344088, 0.3417040596068965]",-1,-1
4632,[0.65713451 0.50435196],5,3,"[0.6815204869410737, 0.47689852788858716]",-1,-1
4633,[0.51086834 0.37346933],6,-1,-1,-1,-1
4634,[0.36640769 0.41722122],3,-1,-1,721,-1
4635,[0.25071946 0.38414792],2,-1,-1,1147,-1
4636,[0.38046905 0.54138815],7,0,"[0.383291892093257, 0.5586820702346661]",-1,-1
4637,[0.67042896 0.70722759],9,-1,-1,-1,0
4638,[0.23092901 0.42125468],2,8,"[0.27392971195344684, 0.45973140540928376]",-1,-1
4639,[0.79821879 0.51547929],8,-1,-1,-1,-1
4640,[0.27590283 0.32078019],2,5,"[0.23231087327800656, 0.30304944505444303]",1585,9
4641,[0.27921982 0.2404345 ],0,9,"[0.3110394802231661, 0.23517199738277297]",-1,-1
4642,[0.44590107 0.58932018],4,0,"[0.383291892093257, 0.5586820702346661]",1228,4
4643,[0.27186854 0.49497885],3,8,"[0.27392971195344684, 0.45973140540928376]",1780,-1
4644,[0.61292272 0.71202622],9,-1,-1,212,-1
4645,[0.7190957 0.7454127],1,4,"[0.7726811996944247, 0.7249303226766757]",416,0
4646,[0.24096317 0.54969239],4,7,"[0.2817018170798153, 0.5849768676672948]",1481,-1
4647,[0.25380235 0.34377497],6,5,"[0.23231087327800656, 0.30304944505444303]",-1,-1
4648,[0.21104588 0.2801673 ],2,5,"[0.23231087327800656, 0.30304944505444303]",-1,-1
4649,[0.44521149 0.4275682 ],6,-1,-1,-1,-1
4650,[0.55389182 0.58390334],5,6,"[0.5164739970238864, 0.5319253761973344]",-1,6
4651,[0.30634271 0.43582327],7,8,"[0.27392971195344684, 0.45973140540928376]",1081,-1
4652,[0.41915483 0.40251543],6,1,"[0.3897435781344088, 0.3417040596068965]",758,-1
4653,[0.37554307 0.60544265],3,0,"[0.383291892093257, 0.5586820702346661]",1755,-1
4654,[0.85383825 0.71329177],1,-1,-1,313,0
4655,[0.41405928 0.59496526],5,0,"[0.383291892093257, 0.5586820702346661]",1719,-1
4656,[0.44863365 0.42401758],6,-1,-1,-1,-1
4657,[0.22764402 0.6133519 ],3,7,"[0.2817018170798153, 0.5849768676672948]",246,-1
4658,[0.50601703 0.61093544],9,-1,-1,1133,-1
4659,[0.29516561 0.3420479 ],0,-1,-1,1619,-1
4660,[0.70609432 0.69908521],1,-1,-1,-1,0
4661,[0.29862576 0.27175914],0,9,"[0.3110394802231661, 0.23517199738277297]",1509,-1
4662,[0.37413718 0.67788868],3,-1,-1,-1,-1
4663,[0.44425085 0.60333671],4,-1,-1,1493,-1
4664,[0.69637281 0.48917867],8,3,"[0.6815204869410737, 0.47689852788858716]",834,2
4665,[0.26882302 0.55227661],7,7,"[0.2817018170798153, 0.5849768676672948]",1698,-1
4666,[0.2779153 0.3458211],2,5,"[0.23231087327800656, 0.30304944505444303]",1459,-1
4667,[0.29145909 0.63774542],4,7,"[0.2817018170798153, 0.5849768676672948]",-1,-1
4668,[0.76280688 0.75460364],1,4,"[0.7726811996944247, 0.7249303226766757]",-1,0
4669,[0.30859827 0.51624825],4,8,"[0.27392971195344684, 0.45973140540928376]",1881,15
4670,[0.33442334 0.5355349 ],4,0,"[0.383291892093257, 0.5586820702346661]",1948,-1
4671,[0.72545032 0.77133369],1,4,"[0.7726811996944247, 0.7249303226766757]",315,0
4672,[0.69066136 0.54931995],8,-1,-1,600,-1
4673,[0.75054692 0.83444324],1,-1,-1,31,-1
4674,[0.45962926 0.45631101],4,-1,-1,-1,-1
4675,[0.70491269 0.64538134],1,-1,-1,221,0
4676,[0.76803566 0.37792596],8,-1,-1,-1,-1
4677,[0.67430254 0.49241289],8,3,"[0.6815204869410737, 0.47689852788858716]",-1,-1
4678,[0.32438697 0.39535218],2,-1,-1,1215,-1
4679,[0.32105931 0.31819613],6,-1,-1,1673,10
4680,[0.74314119 0.62597081],1,-1,-1,-1,0
4681,[0.32853903 0.48477348],7,8,"[0.27392971195344684, 0.45973140540928376]",1827,-1
4682,[0.37654521 0.50489724],4,0,"[0.383291892093257, 0.5586820702346661]",1765,-1
4683,[0.23835789 0.33933085],2,5,"[0.23231087327800656, 0.30304944505444303]",1522,-1
4684,[0.57259343 0.7370562 ],9,-1,-1,-1,-1
4685,[0.37073741 0.56632175],7,0,"[0.383291892093257, 0.5586820702346661]",1832,12
4686,[0.36995427 0.65514457],3,-1,-1,-1,-1
4687,[0.76954563 0.81142609],1,-1,-1,-1,0
4688,[0.23415578 0.49873398],7,8,"[0.27392971195344684, 0.45973140540928376]",-1,-1
4689,[0.35448587 0.31784438],0,1,"[0.3897435781344088, 0.3417040596068965]",1526,-1
4690,[0.32638874 0.35073699],2,1,"[0.3897435781344088, 0.3417040596068965]",-1,-1
4691,[0.52952346 0.70298698],9,-1,-1,-1,-1
4692,[0.43593026 0.59174434],3,0,"[0.383291892093257, 0.5586820702346661]",-1,-1
4693,[0.81985526 0.71830573],1,4,"[0.7726811996944247, 0.7249303226766757]",-1,0
4694,[0.70786894 0.50281251],8,3,"[0.6815204869410737, 0.47689852788858716]",739,-1
4695,[0.24274437 0.25972306],2,5,"[0.23231087327800656, 0.30304944505444303]",1308,-1
4696,[0.37313032 0.57268258],3,0,"[0.383291892093257, 0.5586820702346661]",1860,12
4697,[0.5155475  0.77702791],9,-1,-1,-1,-1
4698,[0.29652058 0.4326695 ],4,8,"[0.27392971195344684, 0.45973140540928376]",1082,-1
4699,[0.4772431  0.59299117],3,-1,-1,-1,-1
4700,[0.25039477 0.62524371],4,7,"[0.2817018170798153, 0.5849768676672948]",348,-1
4701,[0.35701595 0.52469416],3,0,"[0.383291892093257, 0.5586820702346661]",1929,-1
4702,[0.68866961 0.54090752],8,3,"[0.6815204869410737, 0.47689852788858716]",673,-1
4703,[0.42004351 0.66231226],5,-1,-1,-1,-1
4704,[0.64675298 0.59152944],1,-1,-1,1013,-1
4705,[0.32347842 0.32163558],2,1,"[0.3897435781344088, 0.3417040596068965]",1671,-1
4706,[0.61625089 0.59759296],5,2,"[0.5921204552873188, 0.6383928111301557]",1210,-1
4707,[0.53097862 0.52881794],9,6,"[0.5164739970238864, 0.5319253761973344]",1165,-1
4708,[0.39092477 0.61647987],3,0,"[0.383291892093257, 0.5586820702346661]",-1,-1
4709,[0.27728587 0.3893165 ],2,-1,-1,-1,-1
4710,[0.72242644 0.40902204],8,-1,-1,-1,-1
4711,[0.7850087  0.72826784],1,4,"[0.7726811996944247, 0.7249303226766757]",474,0
4712,[0.46397991 0.31422962],6,-1,-1,281,-1
4713,[0.69484412 0.51291552],8,3,"[0.6815204869410737, 0.47689852788858716]",-1,-1
4714,[0.18796899 0.21930608],0,-1,-1,-1,-1
4715,[0.37782091 0.56722174],4,0,"[0.383291892093257, 0.5586820702346661]",-1,-1
4716,[0.2408827  0.38416384],2,-1,-1,912,-1
4717,[0.31293995 0.44228881],7,8,"[0.27392971195344684, 0.45973140540928376]",-1,-1
4718,[0.32527165 0.27378025],0,9,"[0.3110394802231661, 0.23517199738277297]",1504,-1
4719,[0.42956151 0.39173213],6,1,"[0.3897435781344088, 0.3417040596068965]",-1,-1
4720,[0.26715903 0.44973031],7,8,"[0.27392971195344684, 0.45973140540928376]",1247,-1
4721,[0.54717633 0.54656891],9,6,"[0.5164739970238864, 0.5319253761973344]",1408,6
4722,[0.32701663 0.22251271],0,9,"[0.3110394802231661, 0.23517199738277297]",969,-1
4723,[0.26869652 0.27301475],2,5,"[0.23231087327800656, 0.30304944505444303]",-1,-1
4724,[0.3420735  0.53463073],4,0,"[0.383291892093257, 0.5586820702346661]",1954,16
4725,[0.31068629 0.30165504],6,9,"[0.3110394802231661, 0.23517199738277297]",-1,-1
4726,[0.35686208 0.59417385],3,0,"[0.383291892093257, 0.5586820702346661]",1828,-1
4727,[0.29253645 0.25630638],0,9,"[0.3110394802231661, 0.23517199738277297]",1611,-1
4728,[0.27473248 0.52482674],4,7,"[0.2817018170798153, 0.5849768676672948]",-1,-1
4729,[0.26709435 0.49863683],7,8,"[0.27392971195344684, 0.45973140540928376]",1778,-1
4730,[0.55626819 0.57870983],5,6,"[0.5164739970238864, 0.5319253761973344]",1451,6
4731,[0.74701033 0.4823558 ],8,3,"[0.6815204869410737, 0.47689852788858716]",513,-1
4732,[0.57110398 0.50142216],5,6,"[0.5164739970238864, 0.5319253761973344]",-1,-1
4733,[0.48049272 0.23971189],6,-1,-1,-1,-1
4734,[0.26474538 0.56566668],4,7,"[0.2817018170798153, 0.5849768676672948]",1851,-1
4735,[0.37866808 0.19212697],6,-1,-1,127,-1
4736,[0.38461771 0.64965036],3,-1,-1,-1,-1
4737,[0.31690288 0.52846988],7,7,"[0.2817018170798153, 0.5849768676672948]",1841,-1
4738,[0.1833718 0.4479499],7,-1,-1,-1,-1
4739,[0.30077759 0.25384417],0,9,"[0.3110394802231661, 0.23517199738277297]",1201,-1
4740,[0.2688609  0.23480555],2,9,"[0.3110394802231661, 0.23517199738277297]",-1,-1
4741,[0.84568149 0.69251434],1,-1,-1,309,0
4742,[0.37140405 0.23300525],2,9,"[0.3110394802231661, 0.23517199738277297]",484,-1
4743,[0.71004739 0.44273968],8,3,"[0.6815204869410737, 0.47689852788858716]",594,-1
4744,[0.54309639 0.59872129],9,2,"[0.5921204552873188, 0.6383928111301557]",1422,-1
4745,[0.23696196 0.3533468 ],2,5,"[0.23231087327800656, 0.30304944505444303]",1130,-1
4746,[0.23742585 0.24819694],0,5,"[0.23231087327800656, 0.30304944505444303]",1319,-1
4747,[0.73192412 0.6806731 ],1,4,"[0.7726811996944247, 0.7249303226766757]",-1,0
4748,[0.45228848 0.54725671],3,6,"[0.5164739970238864, 0.5319253761973344]",1289,-1
4749,[0.18169156 0.28420212],2,5,"[0.23231087327800656, 0.30304944505444303]",726,-1
4750,[0.16617821 0.18034719],0,-1,-1,-1,-1
4751,[0.7902193  0.67395086],1,4,"[0.7726811996944247, 0.7249303226766757]",396,0
4752,[0.3325399  0.31417964],2,1,"[0.3897435781344088, 0.3417040596068965]",-1,10
4753,[0.33502128 0.46280471],3,8,"[0.27392971195344684, 0.45973140540928376]",1386,-1
4754,[0.17485444 0.28085015],0,5,"[0.23231087327800656, 0.30304944505444303]",726,-1
4755,[0.45723874 0.53954079],3,6,"[0.5164739970238864, 0.5319253761973344]",-1,-1
4756,[0.46770522 0.59859476],5,-1,-1,1235,-1
4757,[0.16303936 0.38118555],0,-1,-1,-1,-1
4758,[0.41686709 0.60340157],3,0,"[0.383291892093257, 0.5586820702346661]",-1,-1
4759,[0.51822899 0.31330008],6,-1,-1,-1,-1
4760,[0.52977495 0.56456516],5,6,"[0.5164739970238864, 0.5319253761973344]",1371,-1
4761,[0.30054957 0.30788687],2,5,"[0.23231087327800656, 0.30304944505444303]",1620,-1
4762,[0.69582481 0.50671196],8,3,"[0.6815204869410737, 0.47689852788858716]",-1,-1
4763,[0.26942875 0.34721552],0,5,"[0.23231087327800656, 0.30304944505444303]",1592,-1
4764,[0.5728164  0.58641145],9,2,"[0.5921204552873188, 0.6383928111301557]",-1,6
4765,[0.13352541 0.26297273],0,-1,-1,40,-1
4766,[0.44717598 0.54606406],5,0,"[0.383291892093257, 0.5586820702346661]",-1,-1
4767,[0.46761591 0.23493918],6,-1,-1,82,-1
4768,[0.52044275 0.3798551 ],5,-1,-1,-1,-1
4769,[0.28268126 0.60399995],4,7,"[0.2817018170798153, 0.5849768676672948]",1032,-1
4770,[0.58967905 0.52867093],8,-1,-1,1102,-1
4771,[0.42464566 0.45630999],3,-1,-1,-1,-1
4772,[0.26501777 0.24494166],0,9,"[0.3110394802231661, 0.23517199738277297]",1345,-1
4773,[0.61944062 0.39889626],8,-1,-1,70,-1
4774,[0.64995149 0.64083296],9,2,"[0.5921204552873188, 0.6383928111301557]",939,-1
4775,[0.66915256 0.67529147],9,-1,-1,-1,-1
4776,[0.23924413 0.46998653],7,8,"[0.27392971195344684, 0.45973140540928376]",-1,-1
4777,[0.38181296 0.28648606],2,1,"[0.3897435781344088, 0.3417040596068965]",1027,-1
4778,[0.62885314 0.62464459],5,2,"[0.5921204552873188, 0.6383928111301557]",1159,-1
4779,[0.2144636  0.31204102],2,5,"[0.23231087327800656, 0.30304944505444303]",1340,-1
4780,[0.68958943 0.76730751],1,-1,-1,-1,0
4781,[0.7493709  0.45876349],8,-1,-1,-1,-1
4782,[0.33236881 0.56222894],4,0,"[0.383291892093257, 0.5586820702346661]",-1,-1
4783,[0.86348591 0.77777365],1,-1,-1,-1,-1
4784,[0.16618089 0.51994306],7,-1,-1,-1,-1
4785,[0.29394274 0.29426946],0,9,"[0.3110394802231661, 0.23517199738277297]",1689,-1
4786,[0.48434979 0.59877326],9,-1,-1,1153,-1
4787,[0.16297879 0.49330311],7,-1,-1,-1,-1
4788,[0.51740179 0.5601027 ],5,6,"[0.5164739970238864, 0.5319253761973344]",1369,-1
4789,[0.70345446 0.73991639],1,-1,-1,-1,0
4790,[0.60068931 0.57850467],9,2,"[0.5921204552873188, 0.6383928111301557]",1326,5
4791,[0.26000186 0.54458547],7,7,"[0.2817018170798153, 0.5849768676672948]",1559,-1
4792,[0.33725637 0.48174344],4,8,"[0.27392971195344684, 0.45973140540928376]",1884,-1
4793,[0.48280108 0.53937259],5,6,"[0.5164739970238864, 0.5319253761973344]",959,-1
4794,[0.44242079 0.57492936],5,0,"[0.383291892093257, 0.5586820702346661]",-1,-1
4795,[0.75901718 0.69605146],1,4,"[0.7726811996944247, 0.7249303226766757]",-1,0
4796,[0.52107977 0.70920749],9,-1,-1,-1,-1
4797,[0.40231795 0.52791086],3,0,"[0.383291892093257, 0.5586820702346661]",1641,-1
4798,[0.78921932 0.75844796],1,4,"[0.7726811996944247, 0.7249303226766757]",377,0
4799,[0.41452973 0.29163362],6,1,"[0.3897435781344088, 0.3417040596068965]",923,-1
4800,[0.62837941 0.57010866],8,-1,-1,1195,-1
4801,[0.68286217 0.41440676],8,3,"[0.6815204869410737, 0.47689852788858716]",592,-1
4802,[0.5551004  0.56287786],5,6,"[0.5164739970238864, 0.5319253761973344]",1406,-1
4803,[0.1156091  0.27119716],0,-1,-1,9,-1
4804,[0.44950324 0.61726798],5,-1,-1,707,-1
4805,[0.27242185 0.19180661],0,9,"[0.3110394802231661, 0.23517199738277297]",-1,-1
4806,[0.63951674 0.52507434],5,3,"[0.6815204869410737, 0.47689852788858716]",861,-1
4807,[0.4794057  0.54958542],5,6,"[0.5164739970238864, 0.5319253761973344]",-1,-1
4808,[0.38555897 0.53504356],3,0,"[0.383291892093257, 0.5586820702346661]",-1,-1
4809,[0.24419431 0.34350702],0,5,"[0.23231087327800656, 0.30304944505444303]",1565,-1
4810,[0.48889396 0.66877482],5,-1,-1,305,-1
4811,[0.18219918 0.59711763],7,-1,-1,33,-1
4812,[0.5501823  0.57130986],5,6,"[0.5164739970238864, 0.5319253761973344]",-1,6
4813,[0.80587504 0.83769069],1,-1,-1,-1,-1
4814,[0.39689679 0.35943002],6,1,"[0.3897435781344088, 0.3417040596068965]",1061,-1
4815,[0.38376459 0.5194254 ],3,0,"[0.383291892093257, 0.5586820702346661]",-1,-1
4816,[0.34728682 0.3364553 ],2,1,"[0.3897435781344088, 0.3417040596068965]",-1,-1
4817,[0.38566368 0.50184887],7,0,"[0.383291892093257, 0.5586820702346661]",1448,-1
4818,[0.48567583 0.48474459],5,6,"[0.5164739970238864, 0.5319253761973344]",606,-1
4819,[0.72961378 0.52893659],9,-1,-1,402,-1
4820,[0.31387353 0.31464196],2,-1,-1,-1,10
4821,[0.40246777 0.60069843],3,0,"[0.383291892093257, 0.5586820702346661]",-1,-1
4822,[0.25517889 0.56613392],7,7,"[0.2817018170798153, 0.5849768676672948]",-1,-1
4823,[0.59749674 0.58576695],5,2,"[0.5921204552873188, 0.6383928111301557]",1326,5
4824,[0.25242973 0.51161803],7,8,"[0.27392971195344684, 0.45973140540928376]",-1,-1
4825,[0.70875549 0.39286344],8,-1,-1,150,-1
4826,[0.66852656 0.5428456 ],8,3,"[0.6815204869410737, 0.47689852788858716]",-1,-1
4827,[0.29240985 0.56539953],7,7,"[0.2817018170798153, 0.5849768676672948]",-1,-1
4828,[0.29779507 0.24662948],2,9,"[0.3110394802231661, 0.23517199738277297]",-1,-1
4829,[0.36248943 0.6345215 ],3,-1,-1,-1,-1
4830,[0.32439267 0.3878956 ],2,-1,-1,-1,-1
4831,[0.27734423 0.32478631],0,5,"[0.23231087327800656, 0.30304944505444303]",1585,9
4832,[0.23354607 0.34257451],2,5,"[0.23231087327800656, 0.30304944505444303]",1522,-1
4833,[0.46473255 0.56727057],5,6,"[0.5164739970238864, 0.5319253761973344]",1231,-1
4834,[0.28542452 0.29142513],2,5,"[0.23231087327800656, 0.30304944505444303]",1686,11
4835,[0.67266897 0.43420759],8,3,"[0.6815204869410737, 0.47689852788858716]",-1,-1
4836,[0.66450339 0.44940491],8,3,"[0.6815204869410737, 0.47689852788858716]",-1,-1
4837,[0.7060929  0.73441386],1,4,"[0.7726811996944247, 0.7249303226766757]",383,0
4838,[0.38729421 0.31103224],6,1,"[0.3897435781344088, 0.3417040596068965]",-1,-1
4839,[0.43929979 0.6887356 ],4,-1,-1,-1,-1
4840,[0.28813021 0.48010838],7,8,"[0.27392971195344684, 0.45973140540928376]",1799,-1
4841,[0.31704266 0.28068352],6,9,"[0.3110394802231661, 0.23517199738277297]",1576,-1
4842,[0.24817492 0.59101102],4,7,"[0.2817018170798153, 0.5849768676672948]",-1,-1
4843,[0.35557784 0.35635925],6,1,"[0.3897435781344088, 0.3417040596068965]",1261,-1
4844,[0.31092041 0.29516016],0,9,"[0.3110394802231661, 0.23517199738277297]",1614,-1
4845,[0.25089142 0.29469919],0,5,"[0.23231087327800656, 0.30304944505444303]",1644,-1
4846,[0.3337486  0.57431051],3,0,"[0.383291892093257, 0.5586820702346661]",1979,-1
4847,[0.48091747 0.50103458],5,6,"[0.5164739970238864, 0.5319253761973344]",-1,-1
4848,[0.7433688  0.53206975],8,-1,-1,-1,-1
4849,[0.58197045 0.42207317],5,-1,-1,-1,-1
4850,[0.41570622 0.52616773],4,0,"[0.383291892093257, 0.5586820702346661]",-1,-1
4851,[0.37472356 0.58914115],4,0,"[0.383291892093257, 0.5586820702346661]",1846,12
4852,[0.41575132 0.56330382],4,0,"[0.383291892093257, 0.5586820702346661]",1736,-1
4853,[0.18733405 0.14444367],2,-1,-1,-1,-1
4854,[0.37457137 0.62964394],4,-1,-1,-1,-1
4855,[0.32726841 0.5213206 ],3,0,"[0.383291892093257, 0.5586820702346661]",1905,-1
4856,[0.51626009 0.40009582],8,-1,-1,-1,-1
4857,[0.53073089 0.5008844 ],5,6,"[0.5164739970238864, 0.5319253761973344]",-1,-1
4858,[0.35382004 0.45391779],6,-1,-1,860,-1
4859,[0.42831069 0.36502887],6,1,"[0.3897435781344088, 0.3417040596068965]",682,-1
4860,[0.80677043 0.73411376],1,4,"[0.7726811996944247, 0.7249303226766757]",457,0
4861,[0.29581563 0.31916443],2,5,"[0.23231087327800656, 0.30304944505444303]",-1,9
4862,[0.75229329 0.63349152],9,-1,-1,209,0
4863,[0.73597519 0.77936463],1,4,"[0.7726811996944247, 0.7249303226766757]",301,0
4864,[0.77796432 0.70137228],1,4,"[0.7726811996944247, 0.7249303226766757]",438,0
4865,[0.29165821 0.53583424],7,7,"[0.2817018170798153, 0.5849768676672948]",1895,-1
4866,[0.3422434  0.50982962],7,0,"[0.383291892093257, 0.5586820702346661]",1880,-1
4867,[0.37891223 0.2730031 ],0,1,"[0.3897435781344088, 0.3417040596068965]",1073,-1
4868,[0.56853616 0.68052253],9,2,"[0.5921204552873188, 0.6383928111301557]",1034,-1
4869,[0.40285297 0.54392822],4,0,"[0.383291892093257, 0.5586820702346661]",1631,-1
4870,[0.7365919  0.43157922],8,-1,-1,317,-1
4871,[0.42854373 0.62258431],3,-1,-1,483,-1
4872,[0.647896   0.44525453],8,3,"[0.6815204869410737, 0.47689852788858716]",-1,-1
4873,[0.33749891 0.47290827],2,8,"[0.27392971195344684, 0.45973140540928376]",1553,-1
4874,[0.64232559 0.52213875],8,3,"[0.6815204869410737, 0.47689852788858716]",-1,-1
4875,[0.44288513 0.48481519],5,-1,-1,-1,-1
4876,[0.34693443 0.56645368],3,0,"[0.383291892093257, 0.5586820702346661]",-1,-1
4877,[0.31149649 0.54701454],4,7,"[0.2817018170798153, 0.5849768676672948]",1988,17
4878,[0.28672504 0.25475808],0,9,"[0.3110394802231661, 0.23517199738277297]",1612,-1
4879,[0.29649798 0.45978477],7,8,"[0.27392971195344684, 0.45973140540928376]",1730,-1
4880,[0.44429523 0.51102104],3,-1,-1,1059,-1
4881,[0.47410005 0.58447977],5,6,"[0.5164739970238864, 0.5319253761973344]",1226,-1
4882,[0.52717862 0.55652959],5,6,"[0.5164739970238864, 0.5319253761973344]",-1,-1
4883,[0.42151954 0.27172485],6,-1,-1,-1,-1
4884,[0.24382388 0.29380867],2,5,"[0.23231087327800656, 0.30304944505444303]",-1,-1
4885,[0.46997194 0.55452859],5,6,"[0.5164739970238864, 0.5319253761973344]",1084,-1
4886,[0.43858214 0.47163053],3,-1,-1,-1,-1
4887,[0.7174979  0.46272302],8,3,"[0.6815204869410737, 0.47689852788858716]",-1,-1
4888,[0.44054529 0.58189526],3,0,"[0.383291892093257, 0.5586820702346661]",-1,-1
4889,[0.25613671 0.34108235],2,5,"[0.23231087327800656, 0.30304944505444303]",-1,-1
4890,[0.5721199  0.63048564],9,2,"[0.5921204552873188, 0.6383928111301557]",-1,-1
4891,[0.57372344 0.57573791],5,2,"[0.5921204552873188, 0.6383928111301557]",-1,6
4892,[0.79224987 0.68646518],1,4,"[0.7726811996944247, 0.7249303226766757]",-1,0
4893,[0.28528789 0.50060669],3,8,"[0.27392971195344684, 0.45973140540928376]",1768,-1
4894,[0.58434704 0.5614148 ],8,-1,-1,-1,-1
4895,[0.64773396 0.73083966],9,-1,-1,-1,-1
4896,[0.9661526  0.80155869],1,-1,-1,-1,-1
4897,[0.58925365 0.52634172],8,-1,-1,1102,-1
4898,[0.58078852 0.59769935],5,2,"[0.5921204552873188, 0.6383928111301557]",1443,-1
4899,[0.4069112 0.490604 ],5,-1,-1,1456,-1
4900,[0.39717498 0.21038846],6,-1,-1,-1,-1
4901,[0.42899083 0.48958859],5,-1,-1,766,-1
4902,[0.69443414 0.55704628],8,-1,-1,-1,-1
4903,[0.37903441 0.46963728],7,-1,-1,-1,-1
4904,[0.33866177 0.6544922 ],4,-1,-1,901,-1
4905,[0.59630219 0.5713055 ],5,2,"[0.5921204552873188, 0.6383928111301557]",1315,5
4906,[0.82058331 0.68844754],1,4,"[0.7726811996944247, 0.7249303226766757]",-1,0
4907,[0.33165357 0.60737823],3,7,"[0.2817018170798153, 0.5849768676672948]",1544,-1
4908,[0.48342544 0.51402621],5,6,"[0.5164739970238864, 0.5319253761973344]",936,-1
4909,[0.34268396 0.56173492],3,0,"[0.383291892093257, 0.5586820702346661]",-1,-1
4910,[0.46449607 0.59969347],3,-1,-1,-1,4
4911,[0.51803674 0.5905242 ],5,6,"[0.5164739970238864, 0.5319253761973344]",-1,-1
4912,[0.38790334 0.3870074 ],6,1,"[0.3897435781344088, 0.3417040596068965]",952,-1
4913,[0.36783078 0.34650976],6,1,"[0.3897435781344088, 0.3417040596068965]",1275,-1
4914,[0.29256286 0.48695141],3,8,"[0.27392971195344684, 0.45973140540928376]",-1,-1
4915,[0.64317689 0.54667794],8,-1,-1,1116,-1
4916,[0.21879651 0.49067602],7,8,"[0.27392971195344684, 0.45973140540928376]",-1,-1
4917,[0.67121608 0.50580134],8,3,"[0.6815204869410737, 0.47689852788858716]",827,-1
4918,[0.32100574 0.64338413],3,-1,-1,887,-1
4919,[0.6589085  0.48402245],8,3,"[0.6815204869410737, 0.47689852788858716]",-1,1
4920,[0.66545515 0.4167323 ],8,3,"[0.6815204869410737, 0.47689852788858716]",515,-1
4921,[0.35297461 0.40672447],7,-1,-1,880,-1
4922,[0.44510911 0.3093685 ],6,1,"[0.3897435781344088, 0.3417040596068965]",492,-1
4923,[0.38566767 0.65600633],3,-1,-1,536,-1
4924,[0.33462351 0.56875392],7,0,"[0.383291892093257, 0.5586820702346661]",1975,-1
4925,[0.32955395 0.43458547],2,8,"[0.27392971195344684, 0.45973140540928376]",940,-1
4926,[0.24790583 0.62560149],4,7,"[0.2817018170798153, 0.5849768676672948]",348,-1
4927,[0.51051186 0.56122548],5,6,"[0.5164739970238864, 0.5319253761973344]",1376,-1
4928,[0.3662544  0.62209475],4,0,"[0.383291892093257, 0.5586820702346661]",1303,-1
4929,[0.51027729 0.47609957],5,6,"[0.5164739970238864, 0.5319253761973344]",-1,-1
4930,[0.55010175 0.50775693],5,6,"[0.5164739970238864, 0.5319253761973344]",906,-1
4931,[0.31608295 0.30182515],2,9,"[0.3110394802231661, 0.23517199738277297]",1647,-1
4932,[0.24536006 0.48573863],7,8,"[0.27392971195344684, 0.45973140540928376]",1710,-1
4933,[0.2294249  0.24101121],0,5,"[0.23231087327800656, 0.30304944505444303]",946,-1
4934,[0.66733869 0.48462415],8,3,"[0.6815204869410737, 0.47689852788858716]",830,-1
4935,[0.26801144 0.20195714],0,9,"[0.3110394802231661, 0.23517199738277297]",688,-1
4936,[0.27658863 0.54023483],7,7,"[0.2817018170798153, 0.5849768676672948]",1769,-1
4937,[0.64575429 0.5769379 ],8,-1,-1,810,-1
4938,[0.64470811 0.67239348],9,2,"[0.5921204552873188, 0.6383928111301557]",-1,-1
4939,[0.36828453 0.65869352],3,-1,-1,-1,-1
4940,[0.55165108 0.69198381],9,2,"[0.5921204552873188, 0.6383928111301557]",631,-1
4941,[0.57097096 0.44651409],5,-1,-1,-1,-1
4942,[0.43276502 0.57500666],3,0,"[0.383291892093257, 0.5586820702346661]",1167,-1
4943,[0.68072646 0.50848251],8,3,"[0.6815204869410737, 0.47689852788858716]",-1,-1
4944,[0.36674994 0.30439047],6,1,"[0.3897435781344088, 0.3417040596068965]",-1,-1
4945,[0.43315341 0.23240944],6,-1,-1,-1,-1
4946,[0.47623608 0.47875801],5,6,"[0.5164739970238864, 0.5319253761973344]",-1,-1
4947,[0.50348282 0.4939135 ],5,6,"[0.5164739970238864, 0.5319253761973344]",605,-1
4948,[0.34719727 0.30654987],0,1,"[0.3897435781344088, 0.3417040596068965]",-1,-1
4949,[0.62019329 0.51596809],8,-1,-1,862,-1
4950,[0.44541971 0.64708285],3,-1,-1,-1,-1
4951,[0.37525877 0.59447729],4,0,"[0.383291892093257, 0.5586820702346661]",-1,-1
4952,[0.24429359 0.36358414],2,5,"[0.23231087327800656, 0.30304944505444303]",-1,-1
4953,[0.59365973 0.55213437],9,-1,-1,-1,-1
4954,[0.27240628 0.26030248],0,9,"[0.3110394802231661, 0.23517199738277297]",-1,-1
4955,[0.31727842 0.54706321],4,7,"[0.2817018170798153, 0.5849768676672948]",1989,17
4956,[0.35502339 0.18945905],0,9,"[0.3110394802231661, 0.23517199738277297]",-1,-1
4957,[0.29434691 0.2299668 ],0,9,"[0.3110394802231661, 0.23517199738277297]",1370,-1
4958,[0.36448108 0.33247808],6,1,"[0.3897435781344088, 0.3417040596068965]",1535,-1
4959,[0.61849446 0.60836741],9,2,"[0.5921204552873188, 0.6383928111301557]",-1,-1
4960,[0.69496296 0.54272477],8,3,"[0.6815204869410737, 0.47689852788858716]",559,-1
4961,[0.39343094 0.28259051],6,1,"[0.3897435781344088, 0.3417040596068965]",-1,-1
4962,[0.32874904 0.55643783],3,0,"[0.383291892093257, 0.5586820702346661]",1983,17
4963,[0.59350054 0.67003269],9,2,"[0.5921204552873188, 0.6383928111301557]",-1,-1
4964,[0.44739322 0.57338287],4,0,"[0.383291892093257, 0.5586820702346661]",-1,-1
4965,[0.33195017 0.51464196],4,0,"[0.383291892093257, 0.5586820702346661]",1892,-1
4966,[0.33649719 0.39654591],2,-1,-1,984,-1
4967,[0.36675252 0.60460867],3,0,"[0.383291892093257, 0.5586820702346661]",-1,-1
4968,[0.72844602 0.56408573],8,-1,-1,125,-1
4969,[0.38347832 0.5647037 ],7,0,"[0.383291892093257, 0.5586820702346661]",-1,-1
4970,[0.69251828 0.5791432 ],9,-1,-1,-1,-1
4971,[0.54599697 0.50661845],5,6,"[0.5164739970238864, 0.5319253761973344]",906,-1
4972,[0.73126463 0.84714997],1,-1,-1,31,-1
4973,[0.85134706 0.67309217],1,-1,-1,-1,0
4974,[0.53371755 0.51505478],9,6,"[0.5164739970238864, 0.5319253761973344]",1173,-1
4975,[0.34185519 0.33638872],0,1,"[0.3897435781344088, 0.3417040596068965]",-1,-1
4976,[0.52743459 0.63324948],9,2,"[0.5921204552873188, 0.6383928111301557]",-1,-1
4977,[0.81969235 0.7740643 ],1,4,"[0.7726811996944247, 0.7249303226766757]",254,0
4978,[0.35004888 0.29554549],6,1,"[0.3897435781344088, 0.3417040596068965]",1667,-1
4979,[0.31569765 0.25790604],0,9,"[0.3110394802231661, 0.23517199738277297]",1491,-1
4980,[0.52376279 0.54872714],9,6,"[0.5164739970238864, 0.5319253761973344]",1274,-1
4981,[0.67217605 0.45450129],8,3,"[0.6815204869410737, 0.47689852788858716]",694,-1
4982,[0.36988129 0.51183912],7,0,"[0.383291892093257, 0.5586820702346661]",-1,-1
4983,[0.51854976 0.55598469],5,6,"[0.5164739970238864, 0.5319253761973344]",1369,-1
4984,[0.34204746 0.25775888],0,9,"[0.3110394802231661, 0.23517199738277297]",958,-1
4985,[0.85938095 0.73576733],1,-1,-1,-1,0
4986,[0.59590052 0.42118056],8,-1,-1,-1,-1
4987,[0.79791888 0.78036294],1,4,"[0.7726811996944247, 0.7249303226766757]",-1,0
4988,[0.55168577 0.64253547],9,2,"[0.5921204552873188, 0.6383928111301557]",-1,-1
4989,[0.58541511 0.40973239],8,-1,-1,-1,-1
4990,[0.77896068 0.47163646],8,-1,-1,-1,-1
4991,[0.81645311 0.68541145],1,4,"[0.7726811996944247, 0.7249303226766757]",362,0
4992,[0.59052556 0.45660058],5,-1,-1,607,-1
4993,[0.58749603 0.60844542],9,2,"[0.5921204552873188, 0.6383928111301557]",-1,6
4994,[0.44560736 0.68141913],3,-1,-1,-1,-1
4995,[0.69943601 0.39321533],8,-1,-1,217,-1
4996,[0.50759485 0.54076896],5,6,"[0.5164739970238864, 0.5319253761973344]",1186,3
4997,[0.4303884  0.47290903],3,-1,-1,-1,-1
4998,[0.75718326 0.66416659],1,4,"[0.7726811996944247, 0.7249303226766757]",379,0
4999,[0.35191813 0.47816927],3,-1,-1,-1,-1
5000,[0.33483766 0.58907394],4,7,"[0.2817018170798153, 0.5849768676672948]",1940,-1
5001,[0.44539232 0.20509782],6,-1,-1,-1,-1
5002,[0.70024315 0.43302676],8,3,"[0.6815204869410737, 0.47689852788858716]",596,-1
5003,[0.45587715 0.6171857 ],5,-1,-1,703,-1
5004,[0.30750844 0.48838569],7,8,"[0.27392971195344684, 0.45973140540928376]",1873,-1
5005,[0.63975034 0.72556168],1,-1,-1,282,-1
5006,[0.30454377 0.44416152],7,8,"[0.27392971195344684, 0.45973140540928376]",-1,-1
5007,[0.28905088 0.52826229],7,7,"[0.2817018170798153, 0.5849768676672948]",1911,14
5008,[0.81480724 0.79118255],1,-1,-1,-1,0
5009,[0.27624106 0.47781703],7,8,"[0.27392971195344684, 0.45973140540928376]",-1,-1
5010,[0.66925295 0.71085446],9,-1,-1,-1,0
5011,[0.28393515 0.55791028],3,7,"[0.2817018170798153, 0.5849768676672948]",1916,13
5012,[0.27533044 0.60382733],4,7,"[0.2817018170798153, 0.5849768676672948]",1032,-1
5013,[0.28239068 0.50667378],3,8,"[0.27392971195344684, 0.45973140540928376]",-1,-1
5014,[0.37348209 0.43229134],5,-1,-1,683,-1
5015,[0.54926238 0.72531286],9,-1,-1,245,-1
5016,[0.24471985 0.48694476],7,8,"[0.27392971195344684, 0.45973140540928376]",1710,-1
5017,[0.79049904 0.79755444],1,-1,-1,318,0
5018,[0.26277329 0.53404531],4,7,"[0.2817018170798153, 0.5849768676672948]",-1,-1
5019,[0.38955982 0.34420282],6,1,"[0.3897435781344088, 0.3417040596068965]",1366,-1
5020,[0.61956222 0.62449241],9,2,"[0.5921204552873188, 0.6383928111301557]",-1,-1
5021,[0.17951963 0.19791239],0,-1,-1,147,-1
5022,[0.60845836 0.54104071],5,-1,-1,-1,-1
5023,[0.31025422 0.46161831],7,8,"[0.27392971195344684, 0.45973140540928376]",1732,-1
5024,[0.38085916 0.33944516],2,1,"[0.3897435781344088, 0.3417040596068965]",-1,-1
5025,[0.26446658 0.45022001],7,8,"[0.27392971195344684, 0.45973140540928376]",-1,-1
5026,[0.48416389 0.54889427],5,6,"[0.5164739970238864, 0.5319253761973344]",-1,-1
5027,[0.48606325 0.62918246],9,-1,-1,647,-1
5028,[0.62572073 0.64030284],9,2,"[0.5921204552873188, 0.6383928111301557]",1163,-1
5029,[0.28685858 0.48404669],7,8,"[0.27392971195344684, 0.45973140540928376]",1799,-1
5030,[0.66575102 0.44396178],8,3,"[0.6815204869410737, 0.47689852788858716]",732,-1
5031,[0.70477484 0.62772022],9,-1,-1,234,-1
5032,[0.34288636 0.55018222],4,0,"[0.383291892093257, 0.5586820702346661]",-1,-1
5033,[0.36536408 0.61395802],3,0,"[0.383291892093257, 0.5586820702346661]",-1,-1
5034,[0.50128811 0.27958307],6,-1,-1,-1,-1
5035,[0.6248084  0.48026158],8,3,"[0.6815204869410737, 0.47689852788858716]",624,-1
5036,[0.16898145 0.43376633],2,-1,-1,-1,-1
5037,[0.32563834 0.60559059],4,7,"[0.2817018170798153, 0.5849768676672948]",1544,-1
5038,[0.25748216 0.21528903],0,9,"[0.3110394802231661, 0.23517199738277297]",991,-1
5039,[0.27216934 0.56330963],4,7,"[0.2817018170798153, 0.5849768676672948]",1874,-1
5040,[0.39581687 0.24994927],0,-1,-1,-1,-1
5041,[0.2225813  0.20436763],0,-1,-1,374,-1
5042,[0.53256403 0.54231432],8,6,"[0.5164739970238864, 0.5319253761973344]",1330,-1
5043,[0.50683778 0.60244105],5,-1,-1,1218,-1
5044,[0.43073954 0.42368786],7,-1,-1,403,-1
5045,[0.35902805 0.23811214],2,9,"[0.3110394802231661, 0.23517199738277297]",-1,-1
5046,[0.56404482 0.60408398],8,2,"[0.5921204552873188, 0.6383928111301557]",-1,-1
5047,[0.53302541 0.6971898 ],9,-1,-1,-1,-1
5048,[0.30528176 0.37877003],7,-1,-1,-1,-1
5049,[0.32753019 0.27432444],0,9,"[0.3110394802231661, 0.23517199738277297]",1504,-1
5050,[0.46860748 0.61291182],5,-1,-1,907,-1
5051,[0.36856287 0.56936528],4,0,"[0.383291892093257, 0.5586820702346661]",1849,12
5052,[0.54609967 0.59070664],5,6,"[0.5164739970238864, 0.5319253761973344]",1433,6
5053,[0.45306451 0.3284528 ],6,1,"[0.3897435781344088, 0.3417040596068965]",528,-1
5054,[0.77952798 0.67033529],1,4,"[0.7726811996944247, 0.7249303226766757]",-1,0
5055,[0.38401124 0.33538751],6,1,"[0.3897435781344088, 0.3417040596068965]",1476,-1
5056,[0.32387693 0.51055945],7,-1,-1,1920,-1
5057,[0.67709461 0.62583149],9,-1,-1,495,-1
5058,[0.4363387  0.28120791],6,-1,-1,-1,-1
5059,[0.3143525  0.54280094],4,7,"[0.2817018170798153, 0.5849768676672948]",1986,17
5060,[0.3558272  0.26647356],6,9,"[0.3110394802231661, 0.23517199738277297]",-1,-1
5061,[0.36882166 0.27980717],6,1,"[0.3897435781344088, 0.3417040596068965]",1170,-1
5062,[0.710538   0.50938342],9,3,"[0.6815204869410737, 0.47689852788858716]",-1,-1
5063,[0.38565664 0.56349379],3,0,"[0.383291892093257, 0.5586820702346661]",-1,-1
5064,[0.77298697 0.75988997],1,4,"[0.7726811996944247, 0.7249303226766757]",-1,0
5065,[0.46565758 0.30158257],6,-1,-1,337,-1
5066,[0.67468027 0.62989296],9,-1,-1,-1,-1
5067,[0.5555618  0.61256617],9,2,"[0.5921204552873188, 0.6383928111301557]",-1,-1
5068,[0.23796446 0.44906676],2,8,"[0.27392971195344684, 0.45973140540928376]",-1,-1
5069,[0.62397744 0.43711454],5,3,"[0.6815204869410737, 0.47689852788858716]",-1,-1
5070,[0.82792206 0.66874513],1,-1,-1,-1,0
5071,[0.63546681 0.55497721],5,-1,-1,1104,-1
5072,[0.66351863 0.72696827],1,-1,-1,-1,0
5073,[0.67266813 0.43339694],8,3,"[0.6815204869410737, 0.47689852788858716]",612,-1
5074,[0.45938688 0.41425755],6,-1,-1,206,-1
5075,[0.81379213 0.76018201],1,4,"[0.7726811996944247, 0.7249303226766757]",405,0
5076,[0.68584929 0.56050784],9,-1,-1,-1,-1
5077,[0.37251161 0.65070201],3,-1,-1,-1,-1
5078,[0.29117046 0.35617509],0,-1,-1,1479,-1
5079,[0.46276509 0.29295357],6,-1,-1,-1,-1
5080,[0.55765079 0.51794082],9,6,"[0.5164739970238864, 0.5319253761973344]",-1,-1
5081,[0.302858   0.58767028],7,7,"[0.2817018170798153, 0.5849768676672948]",1820,-1
5082,[0.406212   0.36787732],6,1,"[0.3897435781344088, 0.3417040596068965]",-1,-1
5083,[0.19846064 0.1750304 ],0,-1,-1,99,-1
5084,[0.75437994 0.70656026],1,4,"[0.7726811996944247, 0.7249303226766757]",463,0
5085,[0.55403627 0.53915712],5,6,"[0.5164739970238864, 0.5319253761973344]",1409,-1
5086,[0.70974444 0.43144377],8,3,"[0.6815204869410737, 0.47689852788858716]",538,-1
5087,[0.66160157 0.3852819 ],8,-1,-1,-1,-1
5088,[0.26446281 0.58098473],4,7,"[0.2817018170798153, 0.5849768676672948]",-1,-1
5089,[0.38209334 0.49422588],4,0,"[0.383291892093257, 0.5586820702346661]",-1,-1
5090,[0.84697548 0.82512467],1,-1,-1,-1,-1
5091,[0.81110549 0.74580166],1,4,"[0.7726811996944247, 0.7249303226766757]",-1,0
5092,[0.294001  0.3004346],0,5,"[0.23231087327800656, 0.30304944505444303]",-1,-1
5093,[0.58051798 0.68274545],9,2,"[0.5921204552873188, 0.6383928111301557]",-1,-1
5094,[0.25268557 0.49124307],7,8,"[0.27392971195344684, 0.45973140540928376]",-1,-1
5095,[0.67340452 0.48928531],8,3,"[0.6815204869410737, 0.47689852788858716]",-1,-1
5096,[0.27580071 0.33657266],2,5,"[0.23231087327800656, 0.30304944505444303]",-1,-1
5097,[0.34726807 0.524339  ],7,0,"[0.383291892093257, 0.5586820702346661]",-1,-1
5098,[0.43028407 0.59000178],3,0,"[0.383291892093257, 0.5586820702346661]",1703,-1
5099,[0.34845387 0.60708688],3,0,"[0.383291892093257, 0.5586820702346661]",1833,-1
5100,[0.66620102 0.37539037],8,-1,-1,-1,-1
5101,[0.60878422 0.62518255],9,2,"[0.5921204552873188, 0.6383928111301557]",1336,-1
5102,[0.31365427 0.56685806],7,7,"[0.2817018170798153, 0.5849768676672948]",-1,-1
5103,[0.36964108 0.50804635],7,0,"[0.383291892093257, 0.5586820702346661]",1751,-1
5104,[0.53387553 0.65180363],9,2,"[0.5921204552873188, 0.6383928111301557]",-1,-1
5105,[0.34994517 0.5407248 ],3,0,"[0.383291892093257, 0.5586820702346661]",1969,16
5106,[0.75375017 0.48284418],8,-1,-1,507,-1
5107,[0.34519574 0.19174846],2,9,"[0.3110394802231661, 0.23517199738277297]",-1,-1
5108,[0.57763177 0.68205994],9,2,"[0.5921204552873188, 0.6383928111301557]",915,-1
5109,[0.60353738 0.51951432],5,-1,-1,-1,-1
5110,[0.55612172 0.48688714],5,6,"[0.5164739970238864, 0.5319253761973344]",845,-1
5111,[0.29496152 0.31411308],2,5,"[0.23231087327800656, 0.30304944505444303]",-1,-1
5112,[0.21782189 0.36056762],2,5,"[0.23231087327800656, 0.30304944505444303]",1127,-1
5113,[0.3099262 0.5716767],4,7,"[0.2817018170798153, 0.5849768676672948]",1925,-1
5114,[0.56335299 0.56306255],5,6,"[0.5164739970238864, 0.5319253761973344]",-1,-1
5115,[0.22142933 0.58031718],7,7,"[0.2817018170798153, 0.5849768676672948]",380,-1
5116,[0.58474201 0.64256323],9,2,"[0.5921204552873188, 0.6383928111301557]",1189,-1
5117,[0.18424489 0.57393964],4,-1,-1,102,-1
5118,[0.80621035 0.8992078 ],1,-1,-1,-1,-1
5119,[0.28309428 0.31944776],2,5,"[0.23231087327800656, 0.30304944505444303]",-1,9
5120,[0.33360216 0.27994949],0,9,"[0.3110394802231661, 0.23517199738277297]",-1,-1
5121,[0.36268331 0.63027198],4,-1,-1,-1,-1
5122,[0.37783811 0.3439346 ],6,1,"[0.3897435781344088, 0.3417040596068965]",-1,-1
5123,[0.49742183 0.58780458],5,6,"[0.5164739970238864, 0.5319253761973344]",-1,-1
5124,[0.71518036 0.5538887 ],8,-1,-1,563,-1
5125,[0.43129832 0.3957429 ],6,1,"[0.3897435781344088, 0.3417040596068965]",-1,-1
5126,[0.24946964 0.1961762 ],0,-1,-1,-1,-1
5127,[0.24903939 0.59479373],7,7,"[0.2817018170798153, 0.5849768676672948]",-1,-1
5128,[0.31528298 0.41332783],6,8,"[0.27392971195344684, 0.45973140540928376]",-1,-1
5129,[0.49416637 0.37103554],6,-1,-1,200,-1
5130,[0.39177093 0.20905755],0,-1,-1,174,-1
5131,[0.61875689 0.60750916],9,2,"[0.5921204552873188, 0.6383928111301557]",1200,-1
5132,[0.20820123 0.26589366],2,5,"[0.23231087327800656, 0.30304944505444303]",1111,-1
5133,[0.26281006 0.28738054],0,5,"[0.23231087327800656, 0.30304944505444303]",-1,-1
5134,[0.63215911 0.62820542],8,2,"[0.5921204552873188, 0.6383928111301557]",-1,-1
5135,[0.41447895 0.53696329],5,0,"[0.383291892093257, 0.5586820702346661]",-1,-1
5136,[0.73358773 0.48981194],8,3,"[0.6815204869410737, 0.47689852788858716]",-1,-1
5137,[0.81015822 0.80133576],1,-1,-1,-1,0
5138,[0.64798769 0.40331593],8,-1,-1,-1,-1
5139,[0.28423582 0.23514595],0,9,"[0.3110394802231661, 0.23517199738277297]",-1,-1
5140,[0.38058284 0.51865021],3,0,"[0.383291892093257, 0.5586820702346661]",1783,-1
5141,[0.28755725 0.4244825 ],2,8,"[0.27392971195344684, 0.45973140540928376]",1075,-1
5142,[0.4744213  0.59824994],3,-1,-1,-1,4
5143,[0.48872167 0.53620022],5,6,"[0.5164739970238864, 0.5319253761973344]",961,-1
5144,[0.52916874 0.5902213 ],3,6,"[0.5164739970238864, 0.5319253761973344]",1372,-1
5145,[0.51202727 0.64455463],9,-1,-1,937,-1
5146,[0.1446421  0.41112934],2,-1,-1,-1,-1
5147,[0.41905826 0.57122763],3,0,"[0.383291892093257, 0.5586820702346661]",-1,-1
5148,[0.58515092 0.7019736 ],9,2,"[0.5921204552873188, 0.6383928111301557]",523,-1
5149,[0.65687131 0.52578008],8,3,"[0.6815204869410737, 0.47689852788858716]",776,-1
5150,[0.26288368 0.56507195],4,7,"[0.2817018170798153, 0.5849768676672948]",1851,-1
5151,[0.61401754 0.58096832],8,2,"[0.5921204552873188, 0.6383928111301557]",-1,-1
5152,[0.66378415 0.46134842],8,3,"[0.6815204869410737, 0.47689852788858716]",797,-1
5153,[0.46279425 0.59324787],5,-1,-1,1235,4
5154,[0.26177077 0.17363497],2,-1,-1,239,-1
5155,[0.3565532  0.34993585],6,1,"[0.3897435781344088, 0.3417040596068965]",-1,-1
5156,[0.31682715 0.26466977],6,9,"[0.3110394802231661, 0.23517199738277297]",1508,-1
5157,[0.42949264 0.26697788],6,-1,-1,532,-1
5158,[0.24471309 0.34934248],0,5,"[0.23231087327800656, 0.30304944505444303]",1570,-1
5159,[0.61016822 0.67628587],9,2,"[0.5921204552873188, 0.6383928111301557]",-1,-1
5160,[0.49802917 0.37224871],6,-1,-1,-1,-1
5161,[0.42061171 0.4654106 ],5,-1,-1,713,-1
5162,[0.36000639 0.49650169],4,0,"[0.383291892093257, 0.5586820702346661]",1761,-1
5163,[0.28693633 0.59852142],3,7,"[0.2817018170798153, 0.5849768676672948]",-1,-1
5164,[0.34054678 0.30576532],2,1,"[0.3897435781344088, 0.3417040596068965]",-1,-1
5165,[0.24383636 0.28537626],2,5,"[0.23231087327800656, 0.30304944505444303]",1531,-1
5166,[0.59532155 0.65614577],1,2,"[0.5921204552873188, 0.6383928111301557]",1125,-1
5167,[0.34568106 0.52005372],4,0,"[0.383291892093257, 0.5586820702346661]",-1,-1
5168,[0.31077391 0.65349758],4,-1,-1,-1,-1
5169,[0.20376083 0.35264669],0,5,"[0.23231087327800656, 0.30304944505444303]",749,-1
5170,[0.60715423 0.53160603],9,-1,-1,-1,-1
5171,[0.42214546 0.61674666],3,0,"[0.383291892093257, 0.5586820702346661]",-1,-1
5172,[0.5955163  0.41150357],5,-1,-1,-1,-1
5173,[0.14662517 0.24617746],0,-1,-1,-1,-1
5174,[0.27793711 0.31552414],2,5,"[0.23231087327800656, 0.30304944505444303]",1585,9
5175,[0.45414431 0.39445916],6,-1,-1,205,-1
5176,[0.27577659 0.56161096],7,7,"[0.2817018170798153, 0.5849768676672948]",1875,13
5177,[0.3467102  0.36207193],6,1,"[0.3897435781344088, 0.3417040596068965]",1354,-1
5178,[0.43778763 0.55834022],3,0,"[0.383291892093257, 0.5586820702346661]",1283,-1
5179,[0.45501881 0.69108855],9,-1,-1,-1,-1
5180,[0.54382874 0.55697741],5,6,"[0.5164739970238864, 0.5319253761973344]",1406,-1
5181,[0.59653256 0.57878093],9,2,"[0.5921204552873188, 0.6383928111301557]",1326,5
5182,[0.62875514 0.31078342],8,-1,-1,-1,-1
5183,[0.40549143 0.5992619 ],4,0,"[0.383291892093257, 0.5586820702346661]",-1,-1
5184,[0.48674201 0.46516579],5,-1,-1,278,-1
5185,[0.34490862 0.31466264],2,1,"[0.3897435781344088, 0.3417040596068965]",1525,-1
5186,[0.57358667 0.59005222],9,2,"[0.5921204552873188, 0.6383928111301557]",-1,6
5187,[0.28349875 0.24991709],0,9,"[0.3110394802231661, 0.23517199738277297]",1603,-1
5188,[0.33776445 0.22287478],0,9,"[0.3110394802231661, 0.23517199738277297]",-1,-1
5189,[0.69497557 0.49033052],8,3,"[0.6815204869410737, 0.47689852788858716]",834,2
5190,[0.53738166 0.53569821],5,6,"[0.5164739970238864, 0.5319253761973344]",1150,-1
5191,[0.24313548 0.52955789],7,7,"[0.2817018170798153, 0.5849768676672948]",1488,-1
5192,[0.72794164 0.67604036],9,4,"[0.7726811996944247, 0.7249303226766757]",409,0
5193,[0.25141837 0.58065085],4,7,"[0.2817018170798153, 0.5849768676672948]",-1,-1
5194,[0.83415179 0.70641432],1,4,"[0.7726811996944247, 0.7249303226766757]",-1,0
5195,[0.32998563 0.58907791],3,7,"[0.2817018170798153, 0.5849768676672948]",1941,-1
5196,[0.52782327 0.39283648],7,-1,-1,-1,-1
5197,[0.27657491 0.64677236],7,7,"[0.2817018170798153, 0.5849768676672948]",-1,-1
5198,[0.17588303 0.27295739],0,5,"[0.23231087327800656, 0.30304944505444303]",-1,-1
5199,[0.33835209 0.3163846 ],6,1,"[0.3897435781344088, 0.3417040596068965]",1653,-1
5200,[0.69390843 0.47595491],8,3,"[0.6815204869410737, 0.47689852788858716]",-1,-1
5201,[0.47080759 0.6256794 ],5,-1,-1,-1,-1
5202,[0.37563533 0.56760145],3,0,"[0.383291892093257, 0.5586820702346661]",1832,-1
5203,[0.33449978 0.30958932],2,1,"[0.3897435781344088, 0.3417040596068965]",1680,-1
5204,[0.29049679 0.55814656],7,7,"[0.2817018170798153, 0.5849768676672948]",1908,-1
5205,[0.25795865 0.18809202],0,-1,-1,-1,-1
5206,[0.61945451 0.45060213],8,3,"[0.6815204869410737, 0.47689852788858716]",-1,-1
5207,[0.30504656 0.31890799],2,-1,-1,-1,-1
5208,[0.29877274 0.53062787],4,7,"[0.2817018170798153, 0.5849768676672948]",-1,-1
5209,[0.27681671 0.31072815],6,5,"[0.23231087327800656, 0.30304944505444303]",-1,-1
5210,[0.38740502 0.60673149],3,0,"[0.383291892093257, 0.5586820702346661]",1744,-1
5211,[0.29206427 0.34068011],2,-1,-1,1591,-1
5212,[0.22240896 0.60694792],7,7,"[0.2817018170798153, 0.5849768676672948]",246,-1
5213,[0.38273377 0.55824529],3,0,"[0.383291892093257, 0.5586820702346661]",1814,-1
5214,[0.25885512 0.46377104],7,8,"[0.27392971195344684, 0.45973140540928376]",1595,-1
5215,[0.4544578  0.31640738],6,1,"[0.3897435781344088, 0.3417040596068965]",524,-1
5216,[0.39592353 0.53741104],3,0,"[0.383291892093257, 0.5586820702346661]",1629,-1
5217,[0.32673914 0.57110469],4,7,"[0.2817018170798153, 0.5849768676672948]",1976,-1
5218,[0.193817   0.65399178],4,-1,-1,-1,-1
5219,[0.28895314 0.38099349],2,-1,-1,-1,-1
5220,[0.29914781 0.3788026 ],2,-1,-1,1208,-1
5221,[0.27848845 0.32255143],2,5,"[0.23231087327800656, 0.30304944505444303]",1585,9
5222,[0.37635693 0.33079166],6,1,"[0.3897435781344088, 0.3417040596068965]",1476,-1
5223,[0.42077872 0.51852759],5,0,"[0.383291892093257, 0.5586820702346661]",-1,-1
5224,[0.60811006 0.59283791],9,2,"[0.5921204552873188, 0.6383928111301557]",1327,-1
5225,[0.37970312 0.29472581],2,1,"[0.3897435781344088, 0.3417040596068965]",-1,-1
5226,[0.27006792 0.32580726],0,5,"[0.23231087327800656, 0.30304944505444303]",1585,-1
5227,[0.29286363 0.33309219],2,5,"[0.23231087327800656, 0.30304944505444303]",1591,-1
5228,[0.44839364 0.46743928],5,-1,-1,-1,-1
5229,[0.25342535 0.2729075 ],0,5,"[0.23231087327800656, 0.30304944505444303]",-1,-1
5230,[0.70260436 0.48793097],8,3,"[0.6815204869410737, 0.47689852788858716]",-1,-1
5231,[0.27945847 0.27966665],6,5,"[0.23231087327800656, 0.30304944505444303]",-1,-1
5232,[0.4682213  0.44099006],6,-1,-1,179,-1
5233,[0.27561678 0.51286841],7,8,"[0.27392971195344684, 0.45973140540928376]",-1,-1
5234,[0.66014807 0.69277025],1,-1,-1,-1,-1
5235,[0.44957687 0.45044524],3,-1,-1,-1,-1
5236,[0.81478546 0.62963893],1,-1,-1,95,-1
5237,[0.51622459 0.58778593],9,6,"[0.5164739970238864, 0.5319253761973344]",1383,-1
5238,[0.3675628  0.56887557],4,0,"[0.383291892093257, 0.5586820702346661]",1849,12
5239,[0.70036666 0.74887556],1,-1,-1,-1,0
5240,[0.72095126 0.51024493],8,3,"[0.6815204869410737, 0.47689852788858716]",573,-1
5241,[0.37439915 0.57215557],4,0,"[0.383291892093257, 0.5586820702346661]",-1,12
5242,[0.54291639 0.50979902],5,6,"[0.5164739970238864, 0.5319253761973344]",-1,-1
5243,[0.64915952 0.61664332],5,2,"[0.5921204552873188, 0.6383928111301557]",1072,-1
5244,[0.42527955 0.57754667],5,0,"[0.383291892093257, 0.5586820702346661]",-1,-1
5245,[0.63050129 0.32604485],8,-1,-1,-1,-1
5246,[0.64179258 0.65793848],9,2,"[0.5921204552873188, 0.6383928111301557]",-1,-1
5247,[0.57468261 0.56985092],8,6,"[0.5164739970238864, 0.5319253761973344]",1446,-1
5248,[0.33428204 0.28488451],2,9,"[0.3110394802231661, 0.23517199738277297]",1652,-1
5249,[0.41915019 0.50828426],7,0,"[0.383291892093257, 0.5586820702346661]",-1,-1
5250,[0.1898517  0.37989797],2,-1,-1,-1,-1
5251,[0.67981326 0.56582806],8,-1,-1,464,-1
5252,[0.41524294 0.56891586],5,0,"[0.383291892093257, 0.5586820702346661]",-1,-1
5253,[0.20575535 0.55559529],4,-1,-1,-1,-1
5254,[0.88925201 0.76120658],1,-1,-1,-1,-1
5255,[0.30312088 0.44220486],7,8,"[0.27392971195344684, 0.45973140540928376]",1083,-1
5256,[0.74231248 0.78454943],1,4,"[0.7726811996944247, 0.7249303226766757]",-1,0
5257,[0.52925644 0.32584207],6,-1,-1,-1,-1
5258,[0.42763535 0.13958711],0,-1,-1,-1,-1
5259,[0.35733716 0.36117151],6,1,"[0.3897435781344088, 0.3417040596068965]",1079,-1
5260,[0.77477448 0.67911059],1,4,"[0.7726811996944247, 0.7249303226766757]",-1,0
5261,[0.25877279 0.27348641],2,5,"[0.23231087327800656, 0.30304944505444303]",-1,-1
5262,[0.35058855 0.35744215],6,1,"[0.3897435781344088, 0.3417040596068965]",1261,-1
5263,[0.43310591 0.28777731],6,1,"[0.3897435781344088, 0.3417040596068965]",719,-1
5264,[0.39868032 0.60704699],3,0,"[0.383291892093257, 0.5586820702346661]",-1,-1
5265,[0.3433776  0.58564589],7,0,"[0.383291892093257, 0.5586820702346661]",1842,-1
5266,[0.27339752 0.55993813],3,7,"[0.2817018170798153, 0.5849768676672948]",1875,-1
5267,[0.86055409 0.8305602 ],1,-1,-1,-1,-1
5268,[0.2137362  0.57699157],7,7,"[0.2817018170798153, 0.5849768676672948]",380,-1
5269,[0.64195923 0.5239489 ],8,3,"[0.6815204869410737, 0.47689852788858716]",-1,-1
5270,[0.30529088 0.56477087],3,7,"[0.2817018170798153, 0.5849768676672948]",1925,-1
5271,[0.20368508 0.11099076],0,-1,-1,-1,-1
5272,[0.64673672 0.53847241],8,-1,-1,-1,-1
5273,[0.20465944 0.57073118],4,-1,-1,486,-1
5274,[0.45109161 0.36067925],6,1,"[0.3897435781344088, 0.3417040596068965]",-1,-1
5275,[0.68621653 0.42583314],8,3,"[0.6815204869410737, 0.47689852788858716]",592,-1
5276,[0.34566071 0.5077007 ],7,0,"[0.383291892093257, 0.5586820702346661]",-1,-1
5277,[0.331261   0.45463377],2,8,"[0.27392971195344684, 0.45973140540928376]",-1,-1
5278,[0.42654794 0.68373391],3,-1,-1,43,-1
5279,[0.81860016 0.81365851],1,-1,-1,120,0
5280,[0.58410123 0.53443824],8,6,"[0.5164739970238864, 0.5319253761973344]",1234,-1
5281,[0.32593275 0.2336466 ],0,9,"[0.3110394802231661, 0.23517199738277297]",-1,-1
5282,[0.20197663 0.37328638],0,-1,-1,-1,-1
5283,[0.28430941 0.28949335],0,5,"[0.23231087327800656, 0.30304944505444303]",-1,11
5284,[0.67273074 0.42544477],8,3,"[0.6815204869410737, 0.47689852788858716]",612,-1
5285,[0.55708006 0.6016566 ],9,2,"[0.5921204552873188, 0.6383928111301557]",1342,-1
5286,[0.23873099 0.59877619],4,7,"[0.2817018170798153, 0.5849768676672948]",-1,-1
5287,[0.15097046 0.26556089],2,-1,-1,126,-1
5288,[0.88044225 0.74581906],1,-1,-1,87,-1
5289,[0.3853766  0.52705167],3,0,"[0.383291892093257, 0.5586820702346661]",1777,-1
5290,[0.27177859 0.42094073],0,8,"[0.27392971195344684, 0.45973140540928376]",-1,-1
5291,[0.42723883 0.34129733],6,1,"[0.3897435781344088, 0.3417040596068965]",973,-1
5292,[0.48019977 0.49102671],3,6,"[0.5164739970238864, 0.5319253761973344]",-1,-1
5293,[0.55958889 0.49090657],5,6,"[0.5164739970238864, 0.5319253761973344]",-1,-1
5294,[0.85805187 0.74850301],1,-1,-1,130,0
5295,[0.64057915 0.68452933],9,2,"[0.5921204552873188, 0.6383928111301557]",488,-1
5296,[0.24283642 0.41260406],7,8,"[0.27392971195344684, 0.45973140540928376]",697,-1
5297,[0.18689671 0.58316056],7,-1,-1,102,-1
5298,[0.46973191 0.22810286],6,-1,-1,-1,-1
5299,[0.14178029 0.64224519],7,-1,-1,-1,-1
5300,[0.84162236 0.73277139],1,4,"[0.7726811996944247, 0.7249303226766757]",-1,0
5301,[0.64008439 0.62187185],9,2,"[0.5921204552873188, 0.6383928111301557]",1154,-1
5302,[0.23118775 0.50668618],7,8,"[0.27392971195344684, 0.45973140540928376]",924,-1
5303,[0.21357429 0.43824205],2,8,"[0.27392971195344684, 0.45973140540928376]",266,-1
5304,[0.19506356 0.34436909],2,5,"[0.23231087327800656, 0.30304944505444303]",-1,-1
5305,[0.57297761 0.47861822],5,-1,-1,772,-1
5306,[0.28361452 0.47751573],4,8,"[0.27392971195344684, 0.45973140540928376]",1799,-1
5307,[0.55301113 0.56642427],9,6,"[0.5164739970238864, 0.5319253761973344]",1406,6
5308,[0.61030267 0.6265228 ],9,2,"[0.5921204552873188, 0.6383928111301557]",1336,-1
5309,[0.28748922 0.24610868],0,9,"[0.3110394802231661, 0.23517199738277297]",-1,-1
5310,[0.40886938 0.32303941],6,1,"[0.3897435781344088, 0.3417040596068965]",-1,-1
5311,[0.28142392 0.6190885 ],7,7,"[0.2817018170798153, 0.5849768676672948]",878,-1
5312,[0.66818594 0.5385121 ],8,3,"[0.6815204869410737, 0.47689852788858716]",-1,-1
5313,[0.40720179 0.58427511],3,0,"[0.383291892093257, 0.5586820702346661]",-1,-1
5314,[0.22244082 0.28499878],2,5,"[0.23231087327800656, 0.30304944505444303]",1114,-1
5315,[0.24079959 0.28904215],0,5,"[0.23231087327800656, 0.30304944505444303]",-1,-1
5316,[0.69073384 0.38378635],8,-1,-1,217,-1
5317,[0.38143118 0.31303704],6,1,"[0.3897435781344088, 0.3417040596068965]",-1,-1
5318,[0.64039926 0.66304964],9,2,"[0.5921204552873188, 0.6383928111301557]",646,-1
5319,[0.39363391 0.46096856],3,-1,-1,-1,-1
5320,[0.23082233 0.41458777],2,8,"[0.27392971195344684, 0.45973140540928376]",-1,-1
5321,[0.48078636 0.61197712],5,-1,-1,737,-1
5322,[0.72376133 0.68733388],1,4,"[0.7726811996944247, 0.7249303226766757]",393,0
5323,[0.40181533 0.23788849],6,-1,-1,657,-1
5324,[0.35918457 0.26443089],6,9,"[0.3110394802231661, 0.23517199738277297]",-1,-1
5325,[0.27295681 0.50286529],4,8,"[0.27392971195344684, 0.45973140540928376]",-1,-1
5326,[0.40475681 0.32963989],6,1,"[0.3897435781344088, 0.3417040596068965]",1000,-1
5327,[0.43088427 0.27543632],6,-1,-1,532,-1
5328,[0.49131853 0.33849924],6,-1,-1,168,-1
5329,[0.3255168  0.54600523],4,7,"[0.2817018170798153, 0.5849768676672948]",-1,-1
5330,[0.55768052 0.59959723],5,2,"[0.5921204552873188, 0.6383928111301557]",1342,-1
5331,[0.40479363 0.41422645],6,-1,-1,-1,-1
5332,[0.45372149 0.26093015],6,-1,-1,-1,-1
5333,[0.60914069 0.42309084],8,-1,-1,-1,-1
5334,[0.35537132 0.60617087],3,0,"[0.383291892093257, 0.5586820702346661]",-1,-1
5335,[0.34905333 0.54204954],3,0,"[0.383291892093257, 0.5586820702346661]",1969,16
5336,[0.31541239 0.23197141],0,9,"[0.3110394802231661, 0.23517199738277297]",1492,-1
5337,[0.40865427 0.58943845],3,0,"[0.383291892093257, 0.5586820702346661]",1708,-1
5338,[0.31723646 0.36494771],2,-1,-1,-1,-1
5339,[0.39074073 0.55459188],4,0,"[0.383291892093257, 0.5586820702346661]",1568,-1
5340,[0.40794583 0.2918201 ],0,1,"[0.3897435781344088, 0.3417040596068965]",-1,-1
5341,[0.29535418 0.14836539],2,-1,-1,-1,-1
5342,[0.55173422 0.60076637],9,2,"[0.5921204552873188, 0.6383928111301557]",1342,-1
5343,[0.31931235 0.55917564],3,7,"[0.2817018170798153, 0.5849768676672948]",1977,17
5344,[0.28293529 0.44405152],2,8,"[0.27392971195344684, 0.45973140540928376]",-1,-1
5345,[0.85155792 0.67492747],1,-1,-1,306,0
5346,[0.23497342 0.62978863],4,7,"[0.2817018170798153, 0.5849768676672948]",347,-1
5347,[0.45109517 0.40064157],6,-1,-1,-1,-1
5348,[0.26505422 0.45693074],7,8,"[0.27392971195344684, 0.45973140540928376]",1241,-1
5349,[0.35259714 0.54076473],4,0,"[0.383291892093257, 0.5586820702346661]",-1,16
5350,[0.56391905 0.61481752],5,2,"[0.5921204552873188, 0.6383928111301557]",-1,-1
5351,[0.31345274 0.4280284 ],7,8,"[0.27392971195344684, 0.45973140540928376]",-1,-1
5352,[0.12966398 0.22887366],0,-1,-1,-1,-1
5353,[0.58343328 0.49340238],5,-1,-1,632,-1
5354,[0.8229938  0.71431352],1,4,"[0.7726811996944247, 0.7249303226766757]",360,0
5355,[0.4601868  0.51234302],5,6,"[0.5164739970238864, 0.5319253761973344]",564,-1
5356,[0.33004436 0.61829101],4,7,"[0.2817018170798153, 0.5849768676672948]",-1,-1
5357,[0.30856216 0.26827369],2,9,"[0.3110394802231661, 0.23517199738277297]",-1,-1
5358,[0.48653686 0.74677822],9,-1,-1,-1,-1
5359,[0.72042908 0.44730089],8,3,"[0.6815204869410737, 0.47689852788858716]",-1,-1
5360,[0.43097895 0.56113498],9,0,"[0.383291892093257, 0.5586820702346661]",-1,-1
5361,[0.31471535 0.27327782],0,9,"[0.3110394802231661, 0.23517199738277297]",1506,-1
5362,[0.73251411 0.68932303],1,4,"[0.7726811996944247, 0.7249303226766757]",-1,0
5363,[0.2193609  0.32993542],0,5,"[0.23231087327800656, 0.30304944505444303]",1338,-1
5364,[0.26190051 0.28856406],0,5,"[0.23231087327800656, 0.30304944505444303]",-1,-1
5365,[0.69258244 0.47112193],8,3,"[0.6815204869410737, 0.47689852788858716]",-1,-1
5366,[0.19696694 0.33520736],0,5,"[0.23231087327800656, 0.30304944505444303]",874,-1
5367,[0.40152681 0.37657129],6,1,"[0.3897435781344088, 0.3417040596068965]",-1,-1
5368,[0.15573296 0.29714232],2,-1,-1,-1,-1
5369,[0.31788762 0.389129  ],6,-1,-1,1426,-1
5370,[0.17457427 0.34913212],0,-1,-1,-1,-1
5371,[0.65963941 0.37799535],8,-1,-1,242,-1
5372,[0.25695371 0.30502702],7,5,"[0.23231087327800656, 0.30304944505444303]",-1,-1
5373,[0.41332933 0.31507003],6,1,"[0.3897435781344088, 0.3417040596068965]",911,-1
5374,[0.68235739 0.55853402],8,-1,-1,-1,-1
5375,[0.24483665 0.3972425 ],0,8,"[0.27392971195344684, 0.45973140540928376]",649,-1
5376,[0.57636182 0.51760474],5,6,"[0.5164739970238864, 0.5319253761973344]",1035,-1
5377,[0.63713983 0.65566217],9,2,"[0.5921204552873188, 0.6383928111301557]",645,-1
5378,[0.55593708 0.67048448],5,2,"[0.5921204552873188, 0.6383928111301557]",769,-1
5379,[0.45790452 0.61168514],5,-1,-1,-1,-1
5380,[0.19213858 0.31491077],0,5,"[0.23231087327800656, 0.30304944505444303]",857,-1
5381,[0.19843169 0.26107524],0,5,"[0.23231087327800656, 0.30304944505444303]",1012,-1
5382,[0.5217629  0.59475274],5,6,"[0.5164739970238864, 0.5319253761973344]",-1,-1
5383,[0.77499902 0.55798992],8,-1,-1,-1,-1
5384,[0.48212968 0.60248848],9,-1,-1,1153,-1
5385,[0.38294212 0.25508131],6,-1,-1,-1,-1
5386,[0.82873996 0.67397067],1,-1,-1,-1,0
5387,[0.36655361 0.24762262],6,9,"[0.3110394802231661, 0.23517199738277297]",675,-1
5388,[0.66983997 0.44986143],8,3,"[0.6815204869410737, 0.47689852788858716]",-1,-1
5389,[0.19874634 0.33227305],0,5,"[0.23231087327800656, 0.30304944505444303]",874,-1
5390,[0.31804387 0.32031078],2,-1,-1,-1,-1
5391,[0.57587087 0.56665559],5,6,"[0.5164739970238864, 0.5319253761973344]",-1,-1
5392,[0.47820609 0.66307579],9,-1,-1,-1,-1
5393,[0.18827232 0.3310595 ],2,5,"[0.23231087327800656, 0.30304944505444303]",-1,-1
5394,[0.30266917 0.29286746],6,9,"[0.3110394802231661, 0.23517199738277297]",1685,11
5395,[0.29172716 0.53910819],3,7,"[0.2817018170798153, 0.5849768676672948]",-1,-1
5396,[0.28705155 0.59153358],7,7,"[0.2817018170798153, 0.5849768676672948]",1810,-1
5397,[0.55269606 0.66286556],9,2,"[0.5921204552873188, 0.6383928111301557]",-1,-1
5398,[0.23731135 0.28247923],0,5,"[0.23231087327800656, 0.30304944505444303]",1531,-1
5399,[0.279604   0.28372984],2,5,"[0.23231087327800656, 0.30304944505444303]",-1,-1
5400,[0.68078591 0.53499472],9,3,"[0.6815204869410737, 0.47689852788858716]",673,-1
5401,[0.79731141 0.68130734],1,4,"[0.7726811996944247, 0.7249303226766757]",354,0
5402,[0.60708878 0.48215684],8,-1,-1,-1,-1
5403,[0.22792764 0.36640705],2,5,"[0.23231087327800656, 0.30304944505444303]",1085,-1
5404,[0.51400009 0.56235275],9,6,"[0.5164739970238864, 0.5319253761973344]",1369,-1
5405,[0.19658174 0.57561358],7,-1,-1,-1,-1
5406,[0.36003973 0.54077632],7,0,"[0.383291892093257, 0.5586820702346661]",-1,-1
5407,[0.69899517 0.49799446],8,3,"[0.6815204869410737, 0.47689852788858716]",-1,2
5408,[0.43665944 0.57856202],5,0,"[0.383291892093257, 0.5586820702346661]",1167,-1
5409,[0.20738204 0.64495822],7,-1,-1,-1,-1
5410,[0.38433152 0.5719357 ],4,0,"[0.383291892093257, 0.5586820702346661]",-1,-1
5411,[0.35531663 0.49110979],4,-1,-1,1747,-1
5412,[0.2586691  0.53314412],7,7,"[0.2817018170798153, 0.5849768676672948]",-1,-1
5413,[0.72742583 0.71800485],1,4,"[0.7726811996944247, 0.7249303226766757]",-1,0
5414,[0.55879408 0.43180214],8,-1,-1,251,-1
5415,[0.55317134 0.57319813],9,6,"[0.5164739970238864, 0.5319253761973344]",1440,6
5416,[0.56720014 0.44215721],6,-1,-1,252,-1
5417,[0.71678961 0.5707587 ],8,-1,-1,-1,-1
5418,[0.34823998 0.34946526],6,1,"[0.3897435781344088, 0.3417040596068965]",1352,-1
5419,[0.39551702 0.338744  ],6,1,"[0.3897435781344088, 0.3417040596068965]",-1,-1
5420,[0.41380009 0.51999184],3,0,"[0.383291892093257, 0.5586820702346661]",-1,-1
5421,[0.59249645 0.41729193],8,-1,-1,153,-1
5422,[0.60047942 0.67495457],9,2,"[0.5921204552873188, 0.6383928111301557]",-1,-1
5423,[0.19333724 0.25560384],0,5,"[0.23231087327800656, 0.30304944505444303]",-1,-1
5424,[0.36008583 0.27853972],6,9,"[0.3110394802231661, 0.23517199738277297]",1156,-1
5425,[0.55502624 0.6075062 ],9,2,"[0.5921204552873188, 0.6383928111301557]",1341,-1
5426,[0.23892274 0.50193313],7,8,"[0.27392971195344684, 0.45973140540928376]",-1,-1
5427,[0.19794689 0.64210127],7,-1,-1,-1,-1
5428,[0.51485658 0.56761115],5,6,"[0.5164739970238864, 0.5319253761973344]",1379,-1
5429,[0.2769525  0.48328799],7,8,"[0.27392971195344684, 0.45973140540928376]",1728,-1
5430,[0.27280476 0.55286516],3,7,"[0.2817018170798153, 0.5849768676672948]",1698,-1
5431,[0.27312772 0.31643646],0,5,"[0.23231087327800656, 0.30304944505444303]",1585,9
5432,[0.33477572 0.50956458],7,0,"[0.383291892093257, 0.5586820702346661]",1880,15
5433,[0.24420944 0.53816281],4,7,"[0.2817018170798153, 0.5849768676672948]",1480,-1
5434,[0.53896298 0.64381013],9,2,"[0.5921204552873188, 0.6383928111301557]",-1,-1
5435,[0.32778198 0.53103164],3,0,"[0.383291892093257, 0.5586820702346661]",1948,-1
5436,[0.2711527  0.50182506],7,8,"[0.27392971195344684, 0.45973140540928376]",-1,-1
5437,[0.77864677 0.66509104],1,4,"[0.7726811996944247, 0.7249303226766757]",-1,0
5438,[0.40495814 0.27253803],6,-1,-1,-1,-1
5439,[0.71691539 0.46326531],8,3,"[0.6815204869410737, 0.47689852788858716]",-1,-1
5440,[0.37319361 0.57354613],4,0,"[0.383291892093257, 0.5586820702346661]",1860,12
5441,[0.41617996 0.55827286],4,0,"[0.383291892093257, 0.5586820702346661]",1739,-1
5442,[0.27695317 0.60312755],4,7,"[0.2817018170798153, 0.5849768676672948]",1032,-1
5443,[0.23717756 0.2510723 ],0,5,"[0.23231087327800656, 0.30304944505444303]",-1,-1
5444,[0.26379959 0.33899543],2,5,"[0.23231087327800656, 0.30304944505444303]",1538,-1
5445,[0.4355598  0.38694271],6,1,"[0.3897435781344088, 0.3417040596068965]",742,-1
5446,[0.31867559 0.24163038],2,9,"[0.3110394802231661, 0.23517199738277297]",1490,-1
5447,[0.38858317 0.65428998],4,-1,-1,536,-1
5448,[0.49613774 0.56339552],5,6,"[0.5164739970238864, 0.5319253761973344]",-1,-1
5449,[0.35946104 0.40554511],6,-1,-1,877,-1
5450,[0.61063243 0.68344633],9,2,"[0.5921204552873188, 0.6383928111301557]",658,-1
5451,[0.76480222 0.6942628 ],1,4,"[0.7726811996944247, 0.7249303226766757]",-1,0
5452,[0.4563582  0.41525366],6,-1,-1,206,-1
5453,[0.70672415 0.49139068],8,3,"[0.6815204869410737, 0.47689852788858716]",815,-1
5454,[0.2731604  0.33620375],2,5,"[0.23231087327800656, 0.30304944505444303]",1607,-1
5455,[0.79683477 0.79314597],1,-1,-1,-1,0
5456,[0.60859245 0.54647788],5,-1,-1,-1,-1
5457,[0.35999366 0.50892738],7,0,"[0.383291892093257, 0.5586820702346661]",1897,-1
5458,[0.60880454 0.73075345],9,-1,-1,-1,-1
5459,[0.26307205 0.46451225],7,8,"[0.27392971195344684, 0.45973140540928376]",1595,-1
5460,[0.85257479 0.75579363],1,-1,-1,130,0
5461,[0.20034793 0.31957711],0,5,"[0.23231087327800656, 0.30304944505444303]",-1,-1
5462,[0.24477909 0.44483587],7,8,"[0.27392971195344684, 0.45973140540928376]",-1,-1
5463,[0.25104311 0.29052616],2,5,"[0.23231087327800656, 0.30304944505444303]",-1,-1
5464,[0.20114197 0.36872002],2,-1,-1,-1,-1
5465,[0.44882272 0.34551763],6,1,"[0.3897435781344088, 0.3417040596068965]",525,-1
5466,[0.13688054 0.36347352],0,-1,-1,-1,-1
5467,[0.84307874 0.72921932],1,-1,-1,-1,0
5468,[0.37783859 0.60815392],4,0,"[0.383291892093257, 0.5586820702346661]",-1,-1
5469,[0.35233789 0.55881334],4,0,"[0.383291892093257, 0.5586820702346661]",-1,-1
5470,[0.77094387 0.7061251 ],1,4,"[0.7726811996944247, 0.7249303226766757]",-1,0
5471,[0.53985705 0.66771377],9,2,"[0.5921204552873188, 0.6383928111301557]",943,-1
5472,[0.63218807 0.51082254],8,3,"[0.6815204869410737, 0.47689852788858716]",869,1
5473,[0.2453189  0.48664969],7,8,"[0.27392971195344684, 0.45973140540928376]",1710,-1
5474,[0.36978476 0.38788746],6,1,"[0.3897435781344088, 0.3417040596068965]",1005,-1
5475,[0.42215878 0.34967129],6,1,"[0.3897435781344088, 0.3417040596068965]",-1,-1
5476,[0.29773702 0.53978774],3,7,"[0.2817018170798153, 0.5849768676672948]",1906,-1
5477,[0.75612026 0.79897966],1,-1,-1,-1,0
5478,[0.38457675 0.51564058],4,0,"[0.383291892093257, 0.5586820702346661]",1781,-1
5479,[0.29824645 0.52006002],7,8,"[0.27392971195344684, 0.45973140540928376]",-1,-1
5480,[0.80034352 0.72210055],1,4,"[0.7726811996944247, 0.7249303226766757]",-1,0
5481,[0.69585295 0.57026035],8,-1,-1,235,-1
5482,[0.29911361 0.47596923],4,8,"[0.27392971195344684, 0.45973140540928376]",1729,-1
5483,[0.49221608 0.23660126],6,-1,-1,-1,-1
5484,[0.29539892 0.62146051],3,7,"[0.2817018170798153, 0.5849768676672948]",1040,-1
5485,[0.73037005 0.54353833],8,-1,-1,289,-1
5486,[0.49519392 0.56398979],5,6,"[0.5164739970238864, 0.5319253761973344]",-1,-1
5487,[0.16739242 0.58552829],7,-1,-1,-1,-1
5488,[0.19938122 0.14469874],0,-1,-1,12,-1
5489,[0.54731016 0.55820657],5,6,"[0.5164739970238864, 0.5319253761973344]",1406,6
5490,[0.35908677 0.17783583],0,-1,-1,58,-1
5491,[0.37503838 0.45053219],3,-1,-1,964,-1
5492,[0.24383569 0.5317136 ],4,7,"[0.2817018170798153, 0.5849768676672948]",1488,-1
5493,[0.40424439 0.61892533],9,0,"[0.383291892093257, 0.5586820702346661]",1577,-1
5494,[0.34641421 0.48286146],4,-1,-1,1891,-1
5495,[0.18230368 0.28670566],0,5,"[0.23231087327800656, 0.30304944505444303]",-1,-1
5496,[0.41185453 0.58596451],3,0,"[0.383291892093257, 0.5586820702346661]",-1,-1
5497,[0.30890545 0.59131123],4,7,"[0.2817018170798153, 0.5849768676672948]",1820,-1
5498,[0.20474888 0.23589502],0,-1,-1,898,-1
5499,[0.30026194 0.59236447],4,7,"[0.2817018170798153, 0.5849768676672948]",1820,-1
5500,[0.79060067 0.70471684],1,4,"[0.7726811996944247, 0.7249303226766757]",478,0
5501,[0.25919162 0.30745471],2,5,"[0.23231087327800656, 0.30304944505444303]",-1,-1
5502,[0.15823589 0.55761206],4,-1,-1,35,-1
5503,[0.37622249 0.54452926],3,0,"[0.383291892093257, 0.5586820702346661]",-1,-1
5504,[0.3041329 0.6456109],4,7,"[0.2817018170798153, 0.5849768676672948]",590,-1
5505,[0.57395686 0.5997374 ],9,2,"[0.5921204552873188, 0.6383928111301557]",-1,6
5506,[0.37810115 0.38532215],6,1,"[0.3897435781344088, 0.3417040596068965]",1006,-1
5507,[0.23544781 0.51380695],4,8,"[0.27392971195344684, 0.45973140540928376]",-1,-1
5508,[0.54069945 0.58149353],5,6,"[0.5164739970238864, 0.5319253761973344]",-1,6
5509,[0.55369849 0.48138897],8,6,"[0.5164739970238864, 0.5319253761973344]",-1,-1
5510,[0.22372292 0.50635406],7,8,"[0.27392971195344684, 0.45973140540928376]",924,-1
5511,[0.61143002 0.46467455],8,-1,-1,615,-1
5512,[0.78328997 0.79177015],1,4,"[0.7726811996944247, 0.7249303226766757]",-1,0
5513,[0.47640182 0.33597297],6,-1,-1,-1,-1
5514,[0.66583242 0.43963572],5,3,"[0.6815204869410737, 0.47689852788858716]",732,-1
5515,[0.34519135 0.25088763],2,9,"[0.3110394802231661, 0.23517199738277297]",955,-1
5516,[0.37914438 0.52678512],3,0,"[0.383291892093257, 0.5586820702346661]",1784,-1
5517,[0.36174595 0.56749578],4,0,"[0.383291892093257, 0.5586820702346661]",-1,-1
5518,[0.22762849 0.29858592],2,5,"[0.23231087327800656, 0.30304944505444303]",1468,-1
5519,[0.33119505 0.33536363],6,1,"[0.3897435781344088, 0.3417040596068965]",1616,-1
5520,[0.19490919 0.28932667],0,5,"[0.23231087327800656, 0.30304944505444303]",-1,-1
5521,[0.66204512 0.47113954],8,3,"[0.6815204869410737, 0.47689852788858716]",-1,-1
5522,[0.63747026 0.6546632 ],9,2,"[0.5921204552873188, 0.6383928111301557]",645,-1
5523,[0.37144291 0.36278678],6,1,"[0.3897435781344088, 0.3417040596068965]",1088,-1
5524,[0.17623842 0.2217107 ],0,-1,-1,-1,-1
5525,[0.61748051 0.57054169],9,-1,-1,1273,-1
5526,[0.07164209 0.64150805],7,-1,-1,-1,-1
5527,[0.31638951 0.64195427],3,7,"[0.2817018170798153, 0.5849768676672948]",887,-1
5528,[0.44634133 0.34551379],6,1,"[0.3897435781344088, 0.3417040596068965]",525,-1
5529,[0.238198   0.62551093],4,7,"[0.2817018170798153, 0.5849768676672948]",347,-1
5530,[0.44494137 0.5093193 ],5,-1,-1,1059,-1
5531,[0.38704813 0.70685345],3,-1,-1,-1,-1
5532,[0.47152197 0.35604862],6,-1,-1,-1,-1
5533,[0.31249995 0.54587246],7,7,"[0.2817018170798153, 0.5849768676672948]",1988,17
5534,[0.35526261 0.53566888],4,0,"[0.383291892093257, 0.5586820702346661]",1951,-1
5535,[0.59001144 0.5008352 ],5,-1,-1,841,-1
5536,[0.27729109 0.34340723],0,5,"[0.23231087327800656, 0.30304944505444303]",1459,-1
5537,[0.60407176 0.47443157],8,-1,-1,-1,-1
5538,[0.71053265 0.63957407],9,-1,-1,238,0
5539,[0.31008287 0.54353891],4,7,"[0.2817018170798153, 0.5849768676672948]",1986,17
5540,[0.44412844 0.5781761 ],5,0,"[0.383291892093257, 0.5586820702346661]",1020,-1
5541,[0.24945514 0.32369788],2,5,"[0.23231087327800656, 0.30304944505444303]",1503,7
5542,[0.2583084  0.45263812],7,8,"[0.27392971195344684, 0.45973140540928376]",667,-1
5543,[0.60406028 0.43403828],8,-1,-1,284,-1
5544,[0.25519021 0.5579859 ],7,7,"[0.2817018170798153, 0.5849768676672948]",-1,-1
5545,[0.39045863 0.59059377],3,0,"[0.383291892093257, 0.5586820702346661]",1722,-1
5546,[0.57773682 0.53084128],5,6,"[0.5164739970238864, 0.5319253761973344]",1400,-1
5547,[0.47051463 0.57506605],5,6,"[0.5164739970238864, 0.5319253761973344]",1026,-1
5548,[0.62705812 0.80947581],1,-1,-1,-1,-1
5549,[0.52993583 0.24077899],6,-1,-1,-1,-1
5550,[0.26375091 0.569579  ],4,7,"[0.2817018170798153, 0.5849768676672948]",-1,-1
5551,[0.21963615 0.2572269 ],0,5,"[0.23231087327800656, 0.30304944505444303]",1021,-1
5552,[0.50882734 0.38441338],6,-1,-1,-1,-1
5553,[0.55781142 0.50850747],5,6,"[0.5164739970238864, 0.5319253761973344]",770,-1
5554,[0.46947507 0.35237717],6,-1,-1,-1,-1
5555,[0.49846279 0.60303805],5,-1,-1,1063,-1
5556,[0.39423546 0.55384606],4,0,"[0.383291892093257, 0.5586820702346661]",1568,-1
5557,[0.40511472 0.4931195 ],3,0,"[0.383291892093257, 0.5586820702346661]",1456,-1
5558,[0.34721012 0.46767612],3,-1,-1,-1,-1
5559,[0.84828188 0.66567107],1,-1,-1,-1,0
5560,[0.31908442 0.38958259],7,-1,-1,1426,-1
5561,[0.32832656 0.54767265],4,0,"[0.383291892093257, 0.5586820702346661]",-1,-1
5562,[0.63121101 0.69351899],9,2,"[0.5921204552873188, 0.6383928111301557]",-1,-1
5563,[0.38338029 0.31974951],6,1,"[0.3897435781344088, 0.3417040596068965]",-1,-1
5564,[0.67290831 0.37783833],8,-1,-1,-1,-1
5565,[0.42483611 0.26030685],6,-1,-1,-1,-1
5566,[0.35924326 0.53062394],7,0,"[0.383291892093257, 0.5586820702346661]",1935,-1
5567,[0.53620404 0.49750932],5,6,"[0.5164739970238864, 0.5319253761973344]",1096,-1
5568,[0.35769653 0.61977059],4,0,"[0.383291892093257, 0.5586820702346661]",-1,-1
5569,[0.81887559 0.65204292],1,-1,-1,255,0
5570,[0.33825702 0.60024342],4,7,"[0.2817018170798153, 0.5849768676672948]",1864,-1
5571,[0.25957301 0.44778547],4,8,"[0.27392971195344684, 0.45973140540928376]",667,-1
5572,[0.23045377 0.38331536],2,-1,-1,912,-1
5573,[0.3204843  0.54216349],4,7,"[0.2817018170798153, 0.5849768676672948]",-1,-1
5574,[0.31928978 0.3185052 ],0,-1,-1,1673,10
5575,[0.52209425 0.55374205],5,6,"[0.5164739970238864, 0.5319253761973344]",-1,-1
5576,[0.25054087 0.18896395],0,-1,-1,344,-1
5577,[0.34463797 0.27402812],6,9,"[0.3110394802231661, 0.23517199738277297]",1119,-1
5578,[0.41920276 0.37257308],6,1,"[0.3897435781344088, 0.3417040596068965]",-1,-1
5579,[0.40393269 0.29929213],6,1,"[0.3897435781344088, 0.3417040596068965]",-1,-1
5580,[0.22071846 0.32318151],0,5,"[0.23231087327800656, 0.30304944505444303]",1339,-1
5581,[0.31661789 0.54350113],7,7,"[0.2817018170798153, 0.5849768676672948]",-1,17
5582,[0.37586644 0.42473513],6,-1,-1,683,-1
5583,[0.42870099 0.49993714],4,-1,-1,914,-1
5584,[0.30392134 0.59191819],4,7,"[0.2817018170798153, 0.5849768676672948]",1820,-1
5585,[0.64827147 0.56343691],8,-1,-1,1110,-1
5586,[0.58914972 0.52152459],5,-1,-1,1102,-1
5587,[0.6952382  0.48987617],8,3,"[0.6815204869410737, 0.47689852788858716]",834,2
5588,[0.21596471 0.27401245],0,5,"[0.23231087327800656, 0.30304944505444303]",-1,-1
5589,[0.21336473 0.36346921],2,5,"[0.23231087327800656, 0.30304944505444303]",-1,-1
5590,[0.7431158  0.66382029],1,4,"[0.7726811996944247, 0.7249303226766757]",376,0
5591,[0.28325952 0.19736577],0,9,"[0.3110394802231661, 0.23517199738277297]",648,-1
5592,[0.36281907 0.27066084],2,9,"[0.3110394802231661, 0.23517199738277297]",1156,-1
5593,[0.32688187 0.29928113],0,9,"[0.3110394802231661, 0.23517199738277297]",1659,-1
5594,[0.24885194 0.58327334],7,7,"[0.2817018170798153, 0.5849768676672948]",-1,-1
5595,[0.2750941  0.28623204],2,5,"[0.23231087327800656, 0.30304944505444303]",-1,-1
5596,[0.29173171 0.51402449],3,8,"[0.27392971195344684, 0.45973140540928376]",1914,14
5597,[0.37313018 0.3609163 ],2,1,"[0.3897435781344088, 0.3417040596068965]",1088,-1
5598,[0.5170207  0.58398774],5,6,"[0.5164739970238864, 0.5319253761973344]",1384,6
5599,[0.50893426 0.52818402],5,6,"[0.5164739970238864, 0.5319253761973344]",-1,-1
5600,[0.34810382 0.38208553],2,1,"[0.3897435781344088, 0.3417040596068965]",-1,-1
5601,[0.75008432 0.77891681],1,4,"[0.7726811996944247, 0.7249303226766757]",372,0
5602,[0.29443912 0.58896805],4,7,"[0.2817018170798153, 0.5849768676672948]",-1,-1
5603,[0.34657301 0.53385672],7,0,"[0.383291892093257, 0.5586820702346661]",-1,16
5604,[0.39360929 0.44896854],7,-1,-1,-1,-1
5605,[0.24367679 0.47557002],7,8,"[0.27392971195344684, 0.45973140540928376]",1707,-1
5606,[0.45139472 0.27628577],6,-1,-1,720,-1
5607,[0.15208069 0.36468253],2,-1,-1,-1,-1
5608,[0.5559474  0.65419689],9,2,"[0.5921204552873188, 0.6383928111301557]",1197,-1
5609,[0.44279458 0.6020384 ],4,-1,-1,1493,-1
5610,[0.86606742 0.72008929],1,-1,-1,-1,0
5611,[0.59715461 0.65652012],9,2,"[0.5921204552873188, 0.6383928111301557]",1125,-1
5612,[0.6520523  0.65202075],9,2,"[0.5921204552873188, 0.6383928111301557]",635,-1
5613,[0.30009366 0.34198299],0,-1,-1,1626,8
5614,[0.33964227 0.45927769],2,8,"[0.27392971195344684, 0.45973140540928376]",1387,-1
5615,[0.32984769 0.28267506],6,9,"[0.3110394802231661, 0.23517199738277297]",1520,-1
5616,[0.34068939 0.60817151],4,7,"[0.2817018170798153, 0.5849768676672948]",-1,-1
5617,[0.22377914 0.53172368],4,-1,-1,1478,-1
5618,[0.17223825 0.19444357],2,-1,-1,-1,-1
5619,[0.17638252 0.45831629],7,-1,-1,-1,-1
5620,[0.69237189 0.7957929 ],1,-1,-1,104,0
5621,[0.5893399  0.55913081],5,-1,-1,1253,-1
5622,[0.2476145  0.22953325],2,9,"[0.3110394802231661, 0.23517199738277297]",985,-1
5623,[0.5978521  0.33850093],8,-1,-1,-1,-1
5624,[0.28035825 0.47515477],7,8,"[0.27392971195344684, 0.45973140540928376]",-1,-1
5625,[0.3244847  0.31397272],2,-1,-1,1679,10
5626,[0.29887275 0.66361475],4,-1,-1,-1,-1
5627,[0.38687155 0.64814754],4,-1,-1,536,-1
5628,[0.53484039 0.60890386],9,2,"[0.5921204552873188, 0.6383928111301557]",1203,-1
5629,[0.50335647 0.43929686],6,-1,-1,-1,-1
5630,[0.49497002 0.48087241],5,6,"[0.5164739970238864, 0.5319253761973344]",-1,-1
5631,[0.78379324 0.74935923],1,4,"[0.7726811996944247, 0.7249303226766757]",-1,0
5632,[0.54947323 0.58189745],5,6,"[0.5164739970238864, 0.5319253761973344]",-1,6
5633,[0.71819479 0.83490367],1,-1,-1,50,-1
5634,[0.55666611 0.60241836],9,2,"[0.5921204552873188, 0.6383928111301557]",1342,-1
5635,[0.68125929 0.41438729],8,3,"[0.6815204869410737, 0.47689852788858716]",592,-1
5636,[0.42250536 0.51517298],7,0,"[0.383291892093257, 0.5586820702346661]",1439,-1
5637,[0.28843156 0.68402247],3,-1,-1,85,-1
5638,[0.21910309 0.35012849],2,5,"[0.23231087327800656, 0.30304944505444303]",1128,-1
5639,[0.59588821 0.53826365],5,-1,-1,-1,-1
5640,[0.37700284 0.31971976],6,1,"[0.3897435781344088, 0.3417040596068965]",-1,-1
5641,[0.31587749 0.45835689],7,8,"[0.27392971195344684, 0.45973140540928376]",1556,-1
5642,[0.52335968 0.71102076],9,-1,-1,-1,-1
5643,[0.41154622 0.33178056],6,1,"[0.3897435781344088, 0.3417040596068965]",-1,-1
5644,[0.28447797 0.37779724],2,-1,-1,1099,-1
5645,[0.45592831 0.36641901],6,-1,-1,-1,-1
5646,[0.56883948 0.72858439],9,-1,-1,-1,-1
5647,[0.39841509 0.63021019],3,-1,-1,751,-1
5648,[0.36776281 0.40855422],7,-1,-1,-1,-1
5649,[0.33834112 0.65071439],3,-1,-1,-1,-1
5650,[0.67488294 0.45932959],8,3,"[0.6815204869410737, 0.47689852788858716]",735,-1
5651,[0.6938339  0.48536013],8,3,"[0.6815204869410737, 0.47689852788858716]",-1,-1
5652,[0.43900005 0.49922261],5,-1,-1,-1,-1
5653,[0.33140023 0.28246135],6,9,"[0.3110394802231661, 0.23517199738277297]",-1,-1
5654,[0.2572599  0.24635025],0,9,"[0.3110394802231661, 0.23517199738277297]",1138,-1
5655,[0.4341519  0.26360339],6,-1,-1,532,-1
5656,[0.80040151 0.63832039],1,-1,-1,-1,0
5657,[0.72342426 0.5126805 ],8,3,"[0.6815204869410737, 0.47689852788858716]",573,-1
5658,[0.61660687 0.6033233 ],9,2,"[0.5921204552873188, 0.6383928111301557]",1200,-1
5659,[0.26513303 0.26518053],0,5,"[0.23231087327800656, 0.30304944505444303]",1505,-1
5660,[0.43599473 0.42610534],6,-1,-1,-1,-1
5661,[0.41134318 0.32913961],6,1,"[0.3897435781344088, 0.3417040596068965]",996,-1
5662,[0.52945703 0.51030342],5,6,"[0.5164739970238864, 0.5319253761973344]",1176,-1
5663,[0.71872539 0.47725781],8,3,"[0.6815204869410737, 0.47689852788858716]",779,-1
5664,[0.33688325 0.54980861],3,0,"[0.383291892093257, 0.5586820702346661]",1958,-1
5665,[0.3479575  0.44630496],7,-1,-1,1193,-1
5666,[0.78367649 0.72070716],1,4,"[0.7726811996944247, 0.7249303226766757]",475,0
5667,[0.74975073 0.76609809],1,4,"[0.7726811996944247, 0.7249303226766757]",419,0
5668,[0.48580539 0.324398  ],6,-1,-1,-1,-1
5669,[0.55663937 0.52773088],9,6,"[0.5164739970238864, 0.5319253761973344]",1390,-1
5670,[0.32229594 0.57010971],3,7,"[0.2817018170798153, 0.5849768676672948]",1976,-1
5671,[0.66774649 0.47776725],8,3,"[0.6815204869410737, 0.47689852788858716]",-1,-1
5672,[0.25343804 0.35056413],0,5,"[0.23231087327800656, 0.30304944505444303]",1587,-1
5673,[0.33868384 0.54192482],3,0,"[0.383291892093257, 0.5586820702346661]",-1,-1
5674,[0.41635558 0.54503761],3,0,"[0.383291892093257, 0.5586820702346661]",1713,-1
5675,[0.44185863 0.31080293],6,1,"[0.3897435781344088, 0.3417040596068965]",492,-1
5676,[0.42513423 0.37978694],0,1,"[0.3897435781344088, 0.3417040596068965]",681,-1
5677,[0.25954529 0.39767073],2,8,"[0.27392971195344684, 0.45973140540928376]",945,-1
5678,[0.35001876 0.52159068],3,0,"[0.383291892093257, 0.5586820702346661]",-1,-1
5679,[0.31276567 0.17088665],0,9,"[0.3110394802231661, 0.23517199738277297]",-1,-1
5680,[0.24582934 0.31377895],2,5,"[0.23231087327800656, 0.30304944505444303]",-1,-1
5681,[0.59165124 0.60345068],5,2,"[0.5921204552873188, 0.6383928111301557]",1428,-1
5682,[0.83176699 0.7474414 ],1,4,"[0.7726811996944247, 0.7249303226766757]",406,0
5683,[0.66392816 0.44605421],8,3,"[0.6815204869410737, 0.47689852788858716]",732,-1
5684,[0.39980166 0.59731515],7,0,"[0.383291892093257, 0.5586820702346661]",1724,-1
5685,[0.50035075 0.69615172],9,-1,-1,-1,-1
5686,[0.40460562 0.55820275],5,0,"[0.383291892093257, 0.5586820702346661]",-1,-1
5687,[0.25443375 0.20660177],0,9,"[0.3110394802231661, 0.23517199738277297]",746,-1
5688,[0.3542194  0.51711972],3,0,"[0.383291892093257, 0.5586820702346661]",1926,-1
5689,[0.57304376 0.53728135],5,6,"[0.5164739970238864, 0.5319253761973344]",1400,6
5690,[0.27642967 0.52172827],7,8,"[0.27392971195344684, 0.45973140540928376]",1887,-1
5691,[0.3264557  0.64085206],3,-1,-1,886,-1
5692,[0.60526    0.66277971],9,2,"[0.5921204552873188, 0.6383928111301557]",1120,-1
5693,[0.22842238 0.25706454],0,5,"[0.23231087327800656, 0.30304944505444303]",885,-1
5694,[0.66106166 0.49851996],8,3,"[0.6815204869410737, 0.47689852788858716]",-1,-1
5695,[0.37675727 0.59751522],5,0,"[0.383291892093257, 0.5586820702346661]",-1,-1
5696,[0.52365383 0.57852839],5,6,"[0.5164739970238864, 0.5319253761973344]",1052,-1
5697,[0.20758741 0.2995197 ],0,5,"[0.23231087327800656, 0.30304944505444303]",-1,-1
5698,[0.41571298 0.38627456],2,1,"[0.3897435781344088, 0.3417040596068965]",763,-1
5699,[0.29812451 0.2817001 ],0,9,"[0.3110394802231661, 0.23517199738277297]",1554,-1
5700,[0.33086838 0.45827155],4,8,"[0.27392971195344684, 0.45973140540928376]",1385,-1
5701,[0.37007738 0.27973694],0,1,"[0.3897435781344088, 0.3417040596068965]",-1,-1
5702,[0.28579916 0.34436938],6,5,"[0.23231087327800656, 0.30304944505444303]",1584,-1
5703,[0.25507234 0.51162319],3,8,"[0.27392971195344684, 0.45973140540928376]",1786,-1
5704,[0.28802455 0.36298763],2,-1,-1,-1,-1
5705,[0.17288383 0.25451062],2,-1,-1,-1,-1
5706,[0.70041066 0.75208646],1,-1,-1,319,0
5707,[0.51136038 0.63646066],3,-1,-1,938,-1
5708,[0.68008601 0.47725891],8,3,"[0.6815204869410737, 0.47689852788858716]",814,2
5709,[0.52399804 0.63335008],5,2,"[0.5921204552873188, 0.6383928111301557]",-1,-1
5710,[0.3678658  0.40045406],7,1,"[0.3897435781344088, 0.3417040596068965]",718,-1
5711,[0.78223368 0.48039552],8,-1,-1,-1,-1
5712,[0.38856807 0.56792907],7,0,"[0.383291892093257, 0.5586820702346661]",1771,-1
5713,[0.86836303 0.64101864],1,-1,-1,-1,-1
5714,[0.34328289 0.53772751],3,0,"[0.383291892093257, 0.5586820702346661]",1965,16
5715,[0.78007846 0.44905792],8,-1,-1,92,-1
5716,[0.53399831 0.5816654 ],9,6,"[0.5164739970238864, 0.5319253761973344]",1372,-1
5717,[0.4397737  0.59944656],5,0,"[0.383291892093257, 0.5586820702346661]",-1,-1
5718,[0.34242247 0.63250865],4,-1,-1,-1,-1
5719,[0.67605163 0.69053492],9,-1,-1,387,-1
5720,[0.73817358 0.80589319],1,-1,-1,288,0
5721,[0.60387887 0.54040122],8,-1,-1,-1,-1
5722,[0.4107391  0.55349547],3,0,"[0.383291892093257, 0.5586820702346661]",1734,-1
5723,[0.71147713 0.73495408],1,4,"[0.7726811996944247, 0.7249303226766757]",416,0
5724,[0.62593733 0.64036862],8,2,"[0.5921204552873188, 0.6383928111301557]",1163,-1
5725,[0.3171049  0.68227909],4,-1,-1,-1,-1
5726,[0.90621556 0.64990658],1,-1,-1,-1,-1
5727,[0.69100813 0.50807178],8,3,"[0.6815204869410737, 0.47689852788858716]",807,-1
5728,[0.33736909 0.59673424],4,7,"[0.2817018170798153, 0.5849768676672948]",1863,-1
5729,[0.77590317 0.69594276],1,4,"[0.7726811996944247, 0.7249303226766757]",448,0
5730,[0.1968011 0.5177897],7,-1,-1,-1,-1
5731,[0.6928064 0.5151964],8,3,"[0.6815204869410737, 0.47689852788858716]",786,-1
5732,[0.30618333 0.47843677],7,8,"[0.27392971195344684, 0.45973140540928376]",-1,-1
5733,[0.56781728 0.66984335],9,2,"[0.5921204552873188, 0.6383928111301557]",1033,-1
5734,[0.38832711 0.55656662],3,0,"[0.383291892093257, 0.5586820702346661]",1774,-1
5735,[0.52999562 0.56936622],5,6,"[0.5164739970238864, 0.5319253761973344]",1371,-1
5736,[0.46166124 0.39428886],6,-1,-1,207,-1
5737,[0.63412161 0.46007421],8,3,"[0.6815204869410737, 0.47689852788858716]",625,-1
5738,[0.3052386  0.22062547],0,9,"[0.3110394802231661, 0.23517199738277297]",972,-1
5739,[0.38883548 0.50533439],7,0,"[0.383291892093257, 0.5586820702346661]",-1,-1
5740,[0.57415608 0.52903134],5,6,"[0.5164739970238864, 0.5319253761973344]",-1,-1
5741,[0.41299315 0.54686839],3,0,"[0.383291892093257, 0.5586820702346661]",-1,-1
5742,[0.34587465 0.52312182],7,0,"[0.383291892093257, 0.5586820702346661]",1931,-1
5743,[0.80220285 0.70896318],1,4,"[0.7726811996944247, 0.7249303226766757]",-1,0
5744,[0.72722271 0.32559901],8,-1,-1,-1,-1
5745,[0.5604186  0.34189028],6,-1,-1,-1,-1
5746,[0.44330802 0.2196604 ],6,-1,-1,-1,-1
5747,[0.56173698 0.65884401],3,2,"[0.5921204552873188, 0.6383928111301557]",1045,-1
5748,[0.26732545 0.2587177 ],0,9,"[0.3110394802231661, 0.23517199738277297]",1049,-1
5749,[0.46489074 0.53619812],3,6,"[0.5164739970238864, 0.5319253761973344]",-1,-1
5750,[0.55563729 0.54755888],5,6,"[0.5164739970238864, 0.5319253761973344]",-1,6
5751,[0.39545148 0.67776865],4,-1,-1,247,-1
5752,[0.72998157 0.45290506],8,3,"[0.6815204869410737, 0.47689852788858716]",693,-1
5753,[0.23712777 0.50838928],7,8,"[0.27392971195344684, 0.45973140540928376]",1552,-1
5754,[0.39270988 0.52639685],3,0,"[0.383291892093257, 0.5586820702346661]",-1,-1
5755,[0.2468887  0.46445507],7,8,"[0.27392971195344684, 0.45973140540928376]",-1,-1
5756,[0.27439455 0.343321  ],2,5,"[0.23231087327800656, 0.30304944505444303]",-1,-1
5757,[0.31029185 0.45374958],7,8,"[0.27392971195344684, 0.45973140540928376]",1688,-1
5758,[0.36660148 0.26149316],2,9,"[0.3110394802231661, 0.23517199738277297]",-1,-1
5759,[0.65297664 0.49865906],8,3,"[0.6815204869410737, 0.47689852788858716]",-1,-1
5760,[0.29671085 0.46157176],7,8,"[0.27392971195344684, 0.45973140540928376]",1730,-1
5761,[0.2101718  0.54616509],3,-1,-1,-1,-1
5762,[0.358182   0.62786855],3,-1,-1,1304,-1
5763,[0.58947937 0.37562979],8,-1,-1,-1,-1
5764,[0.54908251 0.59039324],9,2,"[0.5921204552873188, 0.6383928111301557]",1433,6
5765,[0.87825962 0.49505441],8,-1,-1,-1,-1
5766,[0.67055786 0.50303501],5,3,"[0.6815204869410737, 0.47689852788858716]",827,2
5767,[0.82405668 0.69085644],1,4,"[0.7726811996944247, 0.7249303226766757]",-1,0
5768,[0.21918635 0.54308963],4,-1,-1,-1,-1
5769,[0.64818389 0.61892994],1,2,"[0.5921204552873188, 0.6383928111301557]",1072,-1
5770,[0.23354062 0.28329168],0,5,"[0.23231087327800656, 0.30304944505444303]",1531,-1
5771,[0.80269229 0.73492348],1,4,"[0.7726811996944247, 0.7249303226766757]",-1,0
5772,[0.5741493  0.52416385],5,6,"[0.5164739970238864, 0.5319253761973344]",1198,-1
5773,[0.28707578 0.4716619 ],7,8,"[0.27392971195344684, 0.45973140540928376]",-1,-1
5774,[0.73187774 0.741899  ],1,4,"[0.7726811996944247, 0.7249303226766757]",-1,0
5775,[0.66976209 0.56778681],8,-1,-1,-1,-1
5776,[0.62914238 0.63860151],9,2,"[0.5921204552873188, 0.6383928111301557]",-1,-1
5777,[0.21719205 0.54762971],4,-1,-1,-1,-1
5778,[0.77399963 0.7073215 ],1,4,"[0.7726811996944247, 0.7249303226766757]",-1,0
5779,[0.61529323 0.6609832 ],9,2,"[0.5921204552873188, 0.6383928111301557]",902,-1
5780,[0.39241761 0.27028542],6,-1,-1,-1,-1
5781,[0.39949797 0.42864789],7,-1,-1,363,-1
5782,[0.44012832 0.53887255],3,0,"[0.383291892093257, 0.5586820702346661]",-1,-1
5783,[0.23853809 0.22330851],0,-1,-1,-1,-1
5784,[0.7023483  0.56611318],5,-1,-1,-1,-1
5785,[0.31258272 0.21081445],6,9,"[0.3110394802231661, 0.23517199738277297]",-1,-1
5786,[0.55209866 0.3715704 ],6,-1,-1,-1,-1
5787,[0.80262596 0.67423774],1,4,"[0.7726811996944247, 0.7249303226766757]",359,0
5788,[0.34489552 0.3819095 ],0,1,"[0.3897435781344088, 0.3417040596068965]",995,-1
5789,[0.50686749 0.61883395],5,-1,-1,-1,-1
5790,[0.35242209 0.6012577 ],3,0,"[0.383291892093257, 0.5586820702346661]",-1,-1
5791,[0.20228454 0.41656566],2,-1,-1,-1,-1
5792,[0.19712927 0.22036901],0,-1,-1,-1,-1
5793,[0.41466382 0.49707839],4,0,"[0.383291892093257, 0.5586820702346661]",-1,-1
5794,[0.35793811 0.27147877],6,9,"[0.3110394802231661, 0.23517199738277297]",1156,-1
5795,[0.48552186 0.35807713],6,-1,-1,-1,-1
5796,[0.42922064 0.58831868],3,0,"[0.383291892093257, 0.5586820702346661]",1703,-1
5797,[0.79119581 0.70970702],1,4,"[0.7726811996944247, 0.7249303226766757]",478,0
5798,[0.27377191 0.42987165],2,8,"[0.27392971195344684, 0.45973140540928376]",-1,-1
5799,[0.32636007 0.59652837],3,7,"[0.2817018170798153, 0.5849768676672948]",-1,-1
5800,[0.53308901 0.52840726],5,6,"[0.5164739970238864, 0.5319253761973344]",1165,-1
5801,[0.32086767 0.26638855],2,9,"[0.3110394802231661, 0.23517199738277297]",-1,-1
5802,[0.39458235 0.50655668],7,0,"[0.383291892093257, 0.5586820702346661]",-1,-1
5803,[0.38732628 0.48871292],7,-1,-1,-1,-1
5804,[0.4811877  0.65765729],3,-1,-1,551,-1
5805,[0.68552435 0.64376385],5,-1,-1,-1,-1
5806,[0.68749823 0.44162674],8,3,"[0.6815204869410737, 0.47689852788858716]",611,-1
5807,[0.27114123 0.48826766],4,8,"[0.27392971195344684, 0.45973140540928376]",1797,-1
5808,[0.56959518 0.52941766],9,6,"[0.5164739970238864, 0.5319253761973344]",-1,-1
5809,[0.26240717 0.59686211],4,7,"[0.2817018170798153, 0.5849768676672948]",-1,-1
5810,[0.6636349  0.55631148],9,-1,-1,-1,-1
5811,[0.38101146 0.60934153],3,0,"[0.383291892093257, 0.5586820702346661]",-1,-1
5812,[0.244113   0.20834384],6,-1,-1,-1,-1
5813,[0.13827288 0.21699083],0,-1,-1,61,-1
5814,[0.33638955 0.32101824],6,1,"[0.3897435781344088, 0.3417040596068965]",1683,-1
5815,[0.17791809 0.25024073],0,-1,-1,-1,-1
5816,[0.252784   0.35107247],2,5,"[0.23231087327800656, 0.30304944505444303]",1587,-1
5817,[0.46262906 0.4638485 ],5,-1,-1,291,-1
5818,[0.64543767 0.5466702 ],9,-1,-1,-1,-1
5819,[0.46452641 0.52483791],5,6,"[0.5164739970238864, 0.5319253761973344]",1002,-1
5820,[0.3901086  0.45833733],6,-1,-1,584,-1
5821,[0.30358701 0.44144306],7,8,"[0.27392971195344684, 0.45973140540928376]",-1,-1
5822,[0.53048505 0.4634936 ],5,6,"[0.5164739970238864, 0.5319253761973344]",556,-1
5823,[0.35874996 0.27399479],6,9,"[0.3110394802231661, 0.23517199738277297]",1156,-1
5824,[0.70230954 0.36002223],8,-1,-1,-1,-1
5825,[0.17707287 0.28464398],2,5,"[0.23231087327800656, 0.30304944505444303]",726,-1
5826,[0.59216504 0.46831639],8,-1,-1,608,-1
5827,[0.22100408 0.27661527],0,5,"[0.23231087327800656, 0.30304944505444303]",-1,-1
5828,[0.27010622 0.32256922],0,5,"[0.23231087327800656, 0.30304944505444303]",1585,-1
5829,[0.23789321 0.34072448],0,5,"[0.23231087327800656, 0.30304944505444303]",1522,-1
5830,[0.3578701  0.53751973],4,0,"[0.383291892093257, 0.5586820702346661]",-1,-1
5831,[0.17621467 0.60208137],4,-1,-1,33,-1
5832,[0.7063445 0.7849822],1,-1,-1,225,0
5833,[0.32532597 0.55629384],7,7,"[0.2817018170798153, 0.5849768676672948]",-1,17
5834,[0.70709622 0.66583234],9,-1,-1,414,0
5835,[0.34217156 0.56870945],5,0,"[0.383291892093257, 0.5586820702346661]",1878,-1
5836,[0.48592489 0.61625321],9,-1,-1,-1,-1
5837,[0.4092616  0.53229525],4,0,"[0.383291892093257, 0.5586820702346661]",-1,-1
5838,[0.20968472 0.27104108],2,5,"[0.23231087327800656, 0.30304944505444303]",1111,-1
5839,[0.36736144 0.34946253],6,1,"[0.3897435781344088, 0.3417040596068965]",-1,-1
5840,[0.81959847 0.31138664],8,-1,-1,-1,-1
5841,[0.34658229 0.54443879],4,0,"[0.383291892093257, 0.5586820702346661]",-1,16
5842,[0.66196364 0.54558732],8,-1,-1,670,-1
5843,[0.2430827  0.54676285],7,7,"[0.2817018170798153, 0.5849768676672948]",1481,-1
5844,[0.25201001 0.15096914],0,-1,-1,140,-1
5845,[0.69814512 0.47513348],8,3,"[0.6815204869410737, 0.47689852788858716]",802,-1
5846,[0.63005554 0.51800449],8,3,"[0.6815204869410737, 0.47689852788858716]",-1,-1
5847,[0.69017279 0.74754406],1,-1,-1,-1,0
5848,[0.27746865 0.52858081],4,7,"[0.2817018170798153, 0.5849768676672948]",-1,-1
5849,[0.22820733 0.3074435 ],2,5,"[0.23231087327800656, 0.30304944505444303]",1486,-1
5850,[0.57522861 0.60909631],9,2,"[0.5921204552873188, 0.6383928111301557]",1415,6
5851,[0.45111173 0.34918992],6,1,"[0.3897435781344088, 0.3417040596068965]",-1,-1
5852,[0.40428367 0.58411109],3,0,"[0.383291892093257, 0.5586820702346661]",-1,-1
5853,[0.40763769 0.28286083],6,1,"[0.3897435781344088, 0.3417040596068965]",922,-1
5854,[0.25690488 0.48929331],7,8,"[0.27392971195344684, 0.45973140540928376]",-1,-1
5855,[0.44425573 0.56519352],5,0,"[0.383291892093257, 0.5586820702346661]",1281,-1
5856,[0.30236931 0.41467678],7,8,"[0.27392971195344684, 0.45973140540928376]",1074,-1
5857,[0.33061464 0.35744128],2,1,"[0.3897435781344088, 0.3417040596068965]",1368,-1
5858,[0.44454487 0.64458829],3,-1,-1,534,-1
5859,[0.64923649 0.49634382],8,3,"[0.6815204869410737, 0.47689852788858716]",-1,1
5860,[0.35315621 0.44718397],7,-1,-1,-1,-1
5861,[0.56835847 0.62609555],9,2,"[0.5921204552873188, 0.6383928111301557]",-1,-1
5862,[0.32297258 0.62149317],7,7,"[0.2817018170798153, 0.5849768676672948]",-1,-1
5863,[0.36238146 0.22437797],6,9,"[0.3110394802231661, 0.23517199738277297]",484,-1
5864,[0.2616571  0.25424368],0,9,"[0.3110394802231661, 0.23517199738277297]",1053,-1
5865,[0.30792826 0.43742376],2,8,"[0.27392971195344684, 0.45973140540928376]",1081,-1
5866,[0.63221174 0.6763384 ],9,2,"[0.5921204552873188, 0.6383928111301557]",659,-1
5867,[0.84160212 0.65321742],1,-1,-1,162,0
5868,[0.53680696 0.64032402],5,2,"[0.5921204552873188, 0.6383928111301557]",-1,-1
5869,[0.79879366 0.47635002],8,-1,-1,-1,-1
5870,[0.55677416 0.52453395],5,6,"[0.5164739970238864, 0.5319253761973344]",1390,-1
5871,[0.25955916 0.3645103 ],2,5,"[0.23231087327800656, 0.30304944505444303]",1331,-1
5872,[0.50560426 0.63895681],5,-1,-1,-1,-1
5873,[0.24267708 0.30613129],0,5,"[0.23231087327800656, 0.30304944505444303]",1567,-1
5874,[0.34366548 0.41303272],6,-1,-1,-1,-1
5875,[0.23220743 0.28553087],0,5,"[0.23231087327800656, 0.30304944505444303]",1531,-1
5876,[0.17355387 0.2943273 ],2,5,"[0.23231087327800656, 0.30304944505444303]",726,-1
5877,[0.48235538 0.60359704],5,-1,-1,1153,-1
5878,[0.58462105 0.54279955],5,6,"[0.5164739970238864, 0.5319253761973344]",-1,-1
5879,[0.3643691  0.52895861],4,0,"[0.383291892093257, 0.5586820702346661]",1934,-1
5880,[0.23999753 0.40677779],2,8,"[0.27392971195344684, 0.45973140540928376]",-1,-1
5881,[0.19940289 0.32639848],0,5,"[0.23231087327800656, 0.30304944505444303]",1039,-1
5882,[0.61517249 0.47249641],5,3,"[0.6815204869410737, 0.47689852788858716]",622,-1
5883,[0.71321262 0.63485547],1,-1,-1,-1,0
5884,[0.26424188 0.48812759],4,8,"[0.27392971195344684, 0.45973140540928376]",-1,-1
5885,[0.18134951 0.4055622 ],2,-1,-1,-1,-1
5886,[0.3449216  0.57618466],7,0,"[0.383291892093257, 0.5586820702346661]",-1,-1
5887,[0.33407449 0.63768573],3,-1,-1,-1,-1
5888,[0.77973149 0.51866949],8,-1,-1,111,-1
5889,[0.28140168 0.55703532],4,7,"[0.2817018170798153, 0.5849768676672948]",-1,13
5890,[0.37159577 0.58636886],4,0,"[0.383291892093257, 0.5586820702346661]",1846,12
5891,[0.43451654 0.28662695],6,-1,-1,719,-1
5892,[0.28243271 0.6505823 ],3,7,"[0.2817018170798153, 0.5849768676672948]",-1,-1
5893,[0.72860571 0.42616285],8,3,"[0.6815204869410737, 0.47689852788858716]",-1,-1
5894,[0.34296431 0.27340884],2,9,"[0.3110394802231661, 0.23517199738277297]",1119,-1
5895,[0.53677791 0.26821087],6,-1,-1,-1,-1
5896,[0.25627992 0.55638769],7,7,"[0.2817018170798153, 0.5849768676672948]",1705,-1
5897,[0.3987932 0.6075117],4,0,"[0.383291892093257, 0.5586820702346661]",1725,-1
5898,[0.42160733 0.43594517],6,-1,-1,-1,-1
5899,[0.20025049 0.50365749],7,-1,-1,211,-1
5900,[0.66333817 0.57914395],9,-1,-1,-1,-1
5901,[0.46702599 0.38217363],6,-1,-1,320,-1
5902,[0.21172579 0.49714374],7,-1,-1,-1,-1
5903,[0.24833594 0.25890451],0,5,"[0.23231087327800656, 0.30304944505444303]",1310,-1
5904,[0.87367814 0.76334983],1,-1,-1,-1,-1
5905,[0.53353873 0.51959224],5,6,"[0.5164739970238864, 0.5319253761973344]",1173,3
5906,[0.50603362 0.48222566],5,6,"[0.5164739970238864, 0.5319253761973344]",-1,-1
5907,[0.23982244 0.62034731],4,7,"[0.2817018170798153, 0.5849768676672948]",347,-1
5908,[0.19279183 0.22245774],0,-1,-1,557,-1
5909,[0.78099531 0.81766131],1,-1,-1,-1,0
5910,[0.35252755 0.57386291],4,0,"[0.383291892093257, 0.5586820702346661]",-1,-1
5911,[0.54959544 0.64119687],5,2,"[0.5921204552873188, 0.6383928111301557]",-1,-1
5912,[0.22287011 0.34353643],2,5,"[0.23231087327800656, 0.30304944505444303]",-1,-1
5913,[0.33062307 0.49037852],3,8,"[0.27392971195344684, 0.45973140540928376]",1827,-1
5914,[0.82537736 0.78007881],1,-1,-1,290,0
5915,[0.26464351 0.30295222],0,5,"[0.23231087327800656, 0.30304944505444303]",1656,-1
5916,[0.19740304 0.53095722],4,-1,-1,-1,-1
5917,[0.45446983 0.3906308 ],6,-1,-1,205,-1
5918,[0.28490786 0.4656182 ],7,8,"[0.27392971195344684, 0.45973140540928376]",-1,-1
5919,[0.28142787 0.21326888],2,9,"[0.3110394802231661, 0.23517199738277297]",1355,-1
5920,[0.75748376 0.7155998 ],1,4,"[0.7726811996944247, 0.7249303226766757]",462,0
5921,[0.68592949 0.60051294],9,-1,-1,267,-1
5922,[0.782861  0.7707535],1,4,"[0.7726811996944247, 0.7249303226766757]",407,0
5923,[0.73315085 0.4244983 ],8,-1,-1,317,-1
5924,[0.41494601 0.23605971],6,-1,-1,-1,-1
5925,[0.77782272 0.71408342],1,4,"[0.7726811996944247, 0.7249303226766757]",477,0
5926,[0.47220563 0.57644925],5,6,"[0.5164739970238864, 0.5319253761973344]",1026,-1
5927,[0.28963889 0.27820502],2,9,"[0.3110394802231661, 0.23517199738277297]",1555,-1
5928,[0.63808891 0.56409268],8,-1,-1,1103,-1
5929,[0.4018833  0.52982645],5,0,"[0.383291892093257, 0.5586820702346661]",1641,-1
5930,[0.69676739 0.79243177],1,-1,-1,-1,0
5931,[0.67622146 0.60853756],9,-1,-1,447,-1
5932,[0.11959958 0.51726419],7,-1,-1,-1,-1
5933,[0.49439569 0.50347254],5,6,"[0.5164739970238864, 0.5319253761973344]",-1,-1
5934,[0.29298089 0.55179944],7,7,"[0.2817018170798153, 0.5849768676672948]",-1,-1
5935,[0.49438942 0.25351356],6,-1,-1,-1,-1
5936,[0.62163782 0.4509211 ],8,3,"[0.6815204869410737, 0.47689852788858716]",620,-1
5937,[0.29350665 0.29800168],6,5,"[0.23231087327800656, 0.30304944505444303]",1690,-1
5938,[0.22503085 0.10918177],0,-1,-1,-1,-1
5939,[0.55691407 0.51836148],5,6,"[0.5164739970238864, 0.5319253761973344]",1300,-1
5940,[0.39993469 0.63048595],4,-1,-1,751,-1
5941,[0.57624279 0.49892437],5,6,"[0.5164739970238864, 0.5319253761973344]",847,-1
5942,[0.63640574 0.45040495],8,3,"[0.6815204869410737, 0.47689852788858716]",618,-1
5943,[0.30244791 0.23728646],0,9,"[0.3110394802231661, 0.23517199738277297]",1492,-1
5944,[0.27256528 0.4955121 ],7,8,"[0.27392971195344684, 0.45973140540928376]",1780,-1
5945,[0.67101488 0.44118152],8,3,"[0.6815204869410737, 0.47689852788858716]",-1,-1
5946,[0.270496   0.62127105],4,7,"[0.2817018170798153, 0.5849768676672948]",-1,-1
5947,[0.36686996 0.25364085],2,9,"[0.3110394802231661, 0.23517199738277297]",-1,-1
5948,[0.32657164 0.37979825],0,-1,-1,-1,-1
5949,[0.41805902 0.4620654 ],5,-1,-1,-1,-1
5950,[0.72919944 0.45815578],8,3,"[0.6815204869410737, 0.47689852788858716]",-1,-1
5951,[0.77451198 0.49723069],8,-1,-1,-1,-1
5952,[0.66001912 0.53381986],8,3,"[0.6815204869410737, 0.47689852788858716]",668,-1
5953,[0.44552432 0.72045927],3,-1,-1,-1,-1
5954,[0.34459545 0.53057795],4,0,"[0.383291892093257, 0.5586820702346661]",1946,-1
5955,[0.3815645 0.1932801],0,-1,-1,-1,-1
5956,[0.24752196 0.28340402],0,5,"[0.23231087327800656, 0.30304944505444303]",-1,-1
5957,[0.58575775 0.62185035],5,2,"[0.5921204552873188, 0.6383928111301557]",-1,-1
5958,[0.23104542 0.4749145 ],7,8,"[0.27392971195344684, 0.45973140540928376]",724,-1
5959,[0.25110117 0.52691917],7,7,"[0.2817018170798153, 0.5849768676672948]",-1,-1
5960,[0.20975429 0.23503771],0,-1,-1,898,-1
5961,[0.62922094 0.67960196],9,2,"[0.5921204552873188, 0.6383928111301557]",-1,-1
5962,[0.29666736 0.47549275],7,8,"[0.27392971195344684, 0.45973140540928376]",1729,-1
5963,[0.45578964 0.57853594],5,-1,-1,-1,-1
5964,[0.78453008 0.76241525],1,4,"[0.7726811996944247, 0.7249303226766757]",-1,0
5965,[0.28274107 0.33204431],2,5,"[0.23231087327800656, 0.30304944505444303]",-1,-1
5966,[0.52883851 0.67521443],5,-1,-1,642,-1
5967,[0.21805169 0.42015623],7,8,"[0.27392971195344684, 0.45973140540928376]",498,-1
5968,[0.32686779 0.39464249],6,-1,-1,1215,-1
5969,[0.60074491 0.39172179],8,-1,-1,-1,-1
5970,[0.25945224 0.4591918 ],3,8,"[0.27392971195344684, 0.45973140540928376]",-1,-1
5971,[0.39566242 0.40977525],6,1,"[0.3897435781344088, 0.3417040596068965]",501,-1
5972,[0.54244234 0.52288395],5,6,"[0.5164739970238864, 0.5319253761973344]",899,-1
5973,[0.41806089 0.52397275],4,0,"[0.383291892093257, 0.5586820702346661]",1470,-1
5974,[0.36914874 0.38473629],6,1,"[0.3897435781344088, 0.3417040596068965]",-1,-1
5975,[0.35823948 0.58904088],3,0,"[0.383291892093257, 0.5586820702346661]",1828,-1
5976,[0.29541669 0.45054304],2,8,"[0.27392971195344684, 0.45973140540928376]",-1,-1
5977,[0.45094444 0.48336857],5,-1,-1,-1,-1
5978,[0.43486717 0.57091576],3,0,"[0.383291892093257, 0.5586820702346661]",1164,-1
5979,[0.25287103 0.31980988],6,5,"[0.23231087327800656, 0.30304944505444303]",1501,7
5980,[0.3040932  0.27281593],6,9,"[0.3110394802231661, 0.23517199738277297]",1511,-1
5981,[0.3200717  0.24662004],0,9,"[0.3110394802231661, 0.23517199738277297]",-1,-1
5982,[0.60678145 0.64556936],5,2,"[0.5921204552873188, 0.6383928111301557]",1321,-1
5983,[0.40380073 0.52611093],4,0,"[0.383291892093257, 0.5586820702346661]",1641,-1
5984,[0.54125873 0.53215725],9,6,"[0.5164739970238864, 0.5319253761973344]",1150,-1
5985,[0.24761037 0.1133928 ],0,-1,-1,-1,-1
5986,[0.76938524 0.60373753],1,-1,-1,-1,-1
5987,[0.40792239 0.57455492],3,0,"[0.383291892093257, 0.5586820702346661]",-1,-1
5988,[0.23816067 0.36208797],2,5,"[0.23231087327800656, 0.30304944505444303]",-1,-1
5989,[0.44978236 0.64693564],3,-1,-1,-1,-1
5990,[0.69272151 0.51932313],9,3,"[0.6815204869410737, 0.47689852788858716]",786,-1
5991,[0.48879694 0.5796557 ],5,6,"[0.5164739970238864, 0.5319253761973344]",-1,-1
5992,[0.79799807 0.76058015],1,4,"[0.7726811996944247, 0.7249303226766757]",-1,0
5993,[0.38352543 0.38196602],6,1,"[0.3897435781344088, 0.3417040596068965]",-1,-1
5994,[0.23890539 0.33671813],2,5,"[0.23231087327800656, 0.30304944505444303]",1522,-1
5995,[0.27409973 0.36242281],0,-1,-1,1265,-1
5996,[0.6265234  0.59285047],9,2,"[0.5921204552873188, 0.6383928111301557]",1209,-1
5997,[0.60496119 0.68646658],9,2,"[0.5921204552873188, 0.6383928111301557]",-1,-1
5998,[0.31802258 0.36066319],2,-1,-1,1485,-1
5999,[0.29816367 0.26000292],2,9,"[0.3110394802231661, 0.23517199738277297]",-1,-1
6000,[0.40460297 0.61659481],3,0,"[0.383291892093257, 0.5586820702346661]",-1,-1
6001,[0.80721581 0.69530537],1,4,"[0.7726811996944247, 0.7249303226766757]",-1,0
6002,[0.2769767  0.33810786],0,5,"[0.23231087327800656, 0.30304944505444303]",-1,-1
6003,[0.41959263 0.43803368],5,-1,-1,-1,-1
6004,[0.71523516 0.48032527],8,3,"[0.6815204869410737, 0.47689852788858716]",-1,-1
6005,[0.1885867  0.23728374],0,-1,-1,535,-1
6006,[0.60645122 0.4653744 ],5,-1,-1,615,-1
6007,[0.29313584 0.64053649],4,7,"[0.2817018170798153, 0.5849768676672948]",-1,-1
6008,[0.29252143 0.55875478],3,7,"[0.2817018170798153, 0.5849768676672948]",-1,-1
6009,[0.39014388 0.49011935],3,0,"[0.383291892093257, 0.5586820702346661]",-1,-1
6010,[0.5679512  0.63178413],9,2,"[0.5921204552873188, 0.6383928111301557]",1286,-1
6011,[0.22965769 0.50781423],4,8,"[0.27392971195344684, 0.45973140540928376]",924,-1
6012,[0.44773722 0.18686231],6,-1,-1,-1,-1
6013,[0.51490949 0.49621614],5,6,"[0.5164739970238864, 0.5319253761973344]",661,-1
6014,[0.30929866 0.32121887],2,-1,-1,1672,-1
6015,[0.46286639 0.65006052],5,-1,-1,-1,-1
6016,[0.6165912  0.69073315],9,2,"[0.5921204552873188, 0.6383928111301557]",662,-1
6017,[0.38539646 0.28363296],6,1,"[0.3897435781344088, 0.3417040596068965]",-1,-1
6018,[0.33318549 0.35993061],2,1,"[0.3897435781344088, 0.3417040596068965]",-1,-1
6019,[0.59568999 0.68793532],9,2,"[0.5921204552873188, 0.6383928111301557]",654,-1
6020,[0.54187031 0.58444354],5,6,"[0.5164739970238864, 0.5319253761973344]",1432,-1
6021,[0.52571922 0.54439538],5,6,"[0.5164739970238864, 0.5319253761973344]",-1,-1
6022,[0.33799185 0.64018816],4,-1,-1,-1,-1
6023,[0.2983323  0.59469269],3,7,"[0.2817018170798153, 0.5849768676672948]",1820,-1
6024,[0.4030001  0.28586581],6,1,"[0.3897435781344088, 0.3417040596068965]",1043,-1
6025,[0.28983562 0.64707733],4,7,"[0.2817018170798153, 0.5849768676672948]",-1,-1
6026,[0.34882009 0.71483697],4,-1,-1,-1,-1
6027,[0.30255008 0.50626721],7,8,"[0.27392971195344684, 0.45973140540928376]",1858,-1
6028,[0.53021563 0.45858244],6,-1,-1,556,-1
6029,[0.43503502 0.30337976],6,1,"[0.3897435781344088, 0.3417040596068965]",-1,-1
6030,[0.22951635 0.3534515 ],0,5,"[0.23231087327800656, 0.30304944505444303]",-1,-1
6031,[0.57872997 0.5312777 ],5,6,"[0.5164739970238864, 0.5319253761973344]",1400,-1
6032,[0.38572315 0.29465565],6,1,"[0.3897435781344088, 0.3417040596068965]",-1,-1
6033,[0.23775054 0.28268357],2,5,"[0.23231087327800656, 0.30304944505444303]",1531,-1
6034,[0.45949874 0.25112698],6,-1,-1,-1,-1
6035,[0.54409063 0.5742314 ],5,6,"[0.5164739970238864, 0.5319253761973344]",1410,-1
6036,[0.31187063 0.24636476],0,9,"[0.3110394802231661, 0.23517199738277297]",-1,-1
6037,[0.4192689  0.47898708],3,-1,-1,-1,-1
6038,[0.65300982 0.49486481],8,3,"[0.6815204869410737, 0.47689852788858716]",-1,-1
6039,[0.33488543 0.56262791],7,0,"[0.383291892093257, 0.5586820702346661]",-1,-1
6040,[0.29750748 0.55209689],3,7,"[0.2817018170798153, 0.5849768676672948]",-1,-1
6041,[0.37567414 0.62629612],5,0,"[0.383291892093257, 0.5586820702346661]",679,-1
6042,[0.47327505 0.62477097],9,-1,-1,736,-1
6043,[0.51320029 0.61751256],5,-1,-1,-1,-1
6044,[0.72425182 0.46664218],8,3,"[0.6815204869410737, 0.47689852788858716]",780,-1
6045,[0.30367501 0.46375655],4,8,"[0.27392971195344684, 0.45973140540928376]",1732,-1
6046,[0.26621736 0.17801281],0,-1,-1,239,-1
6047,[0.71591743 0.61433715],1,-1,-1,233,-1
6048,[0.54009741 0.48918919],5,6,"[0.5164739970238864, 0.5319253761973344]",927,-1
6049,[0.35611648 0.57872844],3,0,"[0.383291892093257, 0.5586820702346661]",-1,-1
6050,[0.53369138 0.54746118],5,6,"[0.5164739970238864, 0.5319253761973344]",-1,-1
6051,[0.71818455 0.41801706],8,3,"[0.6815204869410737, 0.47689852788858716]",443,-1
6052,[0.80648991 0.90674336],1,-1,-1,-1,-1
6053,[0.27274695 0.31476255],2,5,"[0.23231087327800656, 0.30304944505444303]",1585,9
6054,[0.85393296 0.68993885],1,-1,-1,-1,0
6055,[0.88588546 0.78341471],1,-1,-1,-1,-1
6056,[0.64569262 0.56393245],9,-1,-1,1110,-1
6057,[0.47701359 0.64167802],4,-1,-1,647,-1
6058,[0.39533423 0.55410987],4,0,"[0.383291892093257, 0.5586820702346661]",1568,-1
6059,[0.36772943 0.46551955],7,-1,-1,1055,-1
6060,[0.57001143 0.58368832],5,2,"[0.5921204552873188, 0.6383928111301557]",1457,6
6061,[0.1433824  0.25213521],0,-1,-1,-1,-1
6062,[0.70742784 0.7281861 ],1,4,"[0.7726811996944247, 0.7249303226766757]",384,0
6063,[0.15245286 0.48727062],7,-1,-1,-1,-1
6064,[0.2888919  0.61740426],7,7,"[0.2817018170798153, 0.5849768676672948]",878,-1
6065,[0.23435046 0.4176105 ],2,8,"[0.27392971195344684, 0.45973140540928376]",-1,-1
6066,[0.34307964 0.59184909],4,0,"[0.383291892093257, 0.5586820702346661]",1834,-1
6067,[0.25771261 0.55218434],4,7,"[0.2817018170798153, 0.5849768676672948]",-1,-1
6068,[0.29485456 0.57680722],4,7,"[0.2817018170798153, 0.5849768676672948]",-1,-1
6069,[0.43962789 0.39269964],6,-1,-1,-1,-1
6070,[0.74816539 0.73276974],1,4,"[0.7726811996944247, 0.7249303226766757]",424,0
6071,[0.56290525 0.5763819 ],9,6,"[0.5164739970238864, 0.5319253761973344]",-1,6
6072,[0.40489873 0.60574503],4,0,"[0.383291892093257, 0.5586820702346661]",-1,-1
6073,[0.18769251 0.16912971],0,-1,-1,-1,-1
6074,[0.36896848 0.55024494],3,0,"[0.383291892093257, 0.5586820702346661]",-1,-1
6075,[0.31341484 0.57699916],4,7,"[0.2817018170798153, 0.5849768676672948]",1961,-1
6076,[0.26748457 0.33445426],0,5,"[0.23231087327800656, 0.30304944505444303]",-1,-1
6077,[0.32629631 0.57827397],4,7,"[0.2817018170798153, 0.5849768676672948]",1980,-1
6078,[0.5380932  0.52773673],9,6,"[0.5164739970238864, 0.5319253761973344]",-1,-1
6079,[0.64265805 0.47345536],8,3,"[0.6815204869410737, 0.47689852788858716]",-1,-1
6080,[0.17949648 0.27266128],2,5,"[0.23231087327800656, 0.30304944505444303]",458,-1
6081,[0.85692654 0.77010615],1,-1,-1,-1,-1
6082,[0.40923923 0.18038986],6,-1,-1,-1,-1
6083,[0.35799956 0.60143073],3,0,"[0.383291892093257, 0.5586820702346661]",1817,-1
6084,[0.23883888 0.30273029],2,5,"[0.23231087327800656, 0.30304944505444303]",-1,-1
6085,[0.39922778 0.67949978],3,-1,-1,-1,-1
6086,[0.56014052 0.70095212],9,-1,-1,-1,-1
6087,[0.30772073 0.49313502],7,8,"[0.27392971195344684, 0.45973140540928376]",1888,-1
6088,[0.22458736 0.29143578],0,5,"[0.23231087327800656, 0.30304944505444303]",-1,-1
6089,[0.33276725 0.5222222 ],3,0,"[0.383291892093257, 0.5586820702346661]",1877,-1
6090,[0.32139678 0.1917705 ],0,9,"[0.3110394802231661, 0.23517199738277297]",292,-1
6091,[0.64880278 0.47613332],8,3,"[0.6815204869410737, 0.47689852788858716]",824,1
6092,[0.2838719  0.36228888],6,-1,-1,1260,-1
6093,[0.58351128 0.55503744],5,-1,-1,-1,-1
6094,[0.42729663 0.20767776],0,-1,-1,-1,-1
6095,[0.52190187 0.53393181],5,6,"[0.5164739970238864, 0.5319253761973344]",1177,-1
6096,[0.52875857 0.65339081],5,2,"[0.5921204552873188, 0.6383928111301557]",-1,-1
6097,[0.7021663  0.50077531],8,3,"[0.6815204869410737, 0.47689852788858716]",-1,-1
6098,[0.51815129 0.65405894],5,-1,-1,728,-1
6099,[0.59655191 0.67705167],9,2,"[0.5921204552873188, 0.6383928111301557]",709,-1
6100,[0.23007337 0.52549216],3,-1,-1,1477,-1
6101,[0.77950393 0.71979061],1,4,"[0.7726811996944247, 0.7249303226766757]",-1,0
6102,[0.28855788 0.31660301],2,5,"[0.23231087327800656, 0.30304944505444303]",-1,-1
6103,[0.24962503 0.31402188],0,5,"[0.23231087327800656, 0.30304944505444303]",1501,-1
6104,[0.37952009 0.23418335],0,9,"[0.3110394802231661, 0.23517199738277297]",484,-1
6105,[0.43698228 0.54393551],5,0,"[0.383291892093257, 0.5586820702346661]",1296,-1
6106,[0.28110404 0.33409303],2,5,"[0.23231087327800656, 0.30304944505444303]",1598,-1
6107,[0.35691402 0.57490901],4,0,"[0.383291892093257, 0.5586820702346661]",-1,12
6108,[0.25981159 0.53257408],7,7,"[0.2817018170798153, 0.5849768676672948]",1743,-1
6109,[0.64593097 0.6451563 ],9,2,"[0.5921204552873188, 0.6383928111301557]",-1,-1
6110,[0.32022742 0.48550773],3,8,"[0.27392971195344684, 0.45973140540928376]",-1,-1
6111,[0.41126291 0.2746859 ],6,-1,-1,921,-1
6112,[0.57597208 0.66120227],9,2,"[0.5921204552873188, 0.6383928111301557]",-1,-1
6113,[0.80143359 0.59697853],1,-1,-1,-1,-1
6114,[0.69116962 0.42874488],8,3,"[0.6815204869410737, 0.47689852788858716]",597,-1
6115,[0.36118725 0.51411292],3,0,"[0.383291892093257, 0.5586820702346661]",1899,-1
6116,[0.32176986 0.24223499],0,9,"[0.3110394802231661, 0.23517199738277297]",1490,-1
6117,[0.48028403 0.27987762],6,-1,-1,-1,-1
6118,[0.15586997 0.31997964],2,-1,-1,203,-1
6119,[0.38499169 0.5336159 ],4,0,"[0.383291892093257, 0.5586820702346661]",-1,-1
6120,[0.289383   0.29294631],0,5,"[0.23231087327800656, 0.30304944505444303]",1684,-1
6121,[0.35613608 0.47102164],3,-1,-1,-1,-1
6122,[0.35658412 0.23343954],0,9,"[0.3110394802231661, 0.23517199738277297]",-1,-1
6123,[0.34611271 0.41201549],6,-1,-1,-1,-1
6124,[0.56353123 0.49053354],5,6,"[0.5164739970238864, 0.5319253761973344]",-1,-1
6125,[0.18582067 0.46280189],7,-1,-1,-1,-1
6126,[0.27772176 0.32187397],2,5,"[0.23231087327800656, 0.30304944505444303]",1585,9
6127,[0.3512636  0.31583079],2,1,"[0.3897435781344088, 0.3417040596068965]",1526,-1
6128,[0.33268374 0.17183162],6,9,"[0.3110394802231661, 0.23517199738277297]",98,-1
6129,[0.27410811 0.26585303],2,9,"[0.3110394802231661, 0.23517199738277297]",-1,-1
6130,[0.25896715 0.34952953],0,5,"[0.23231087327800656, 0.30304944505444303]",1586,-1
6131,[0.56210881 0.55886041],5,6,"[0.5164739970238864, 0.5319253761973344]",1362,6
6132,[0.27133646 0.27931094],2,5,"[0.23231087327800656, 0.30304944505444303]",-1,11
6133,[0.26392082 0.42384617],2,8,"[0.27392971195344684, 0.45973140540928376]",-1,-1
6134,[0.54773815 0.72326846],5,-1,-1,245,-1
6135,[0.49214556 0.42060227],5,-1,-1,-1,-1
6136,[0.34003907 0.52133503],3,0,"[0.383291892093257, 0.5586820702346661]",-1,-1
6137,[0.35529263 0.29189037],0,1,"[0.3897435781344088, 0.3417040596068965]",1667,-1
6138,[0.62554012 0.65725102],9,2,"[0.5921204552873188, 0.6383928111301557]",-1,-1
6139,[0.71373451 0.36417357],8,-1,-1,51,-1
6140,[0.70287939 0.43574953],8,3,"[0.6815204869410737, 0.47689852788858716]",596,-1
6141,[0.28576766 0.26774842],0,9,"[0.3110394802231661, 0.23517199738277297]",1627,-1
6142,[0.43223777 0.439815  ],6,-1,-1,404,-1
6143,[0.83106837 0.85021105],1,-1,-1,-1,-1
6144,[0.69108686 0.46757777],8,3,"[0.6815204869410737, 0.47689852788858716]",813,-1
6145,[0.55585117 0.67053338],9,2,"[0.5921204552873188, 0.6383928111301557]",769,-1
6146,[0.22583817 0.39903621],7,-1,-1,-1,-1
6147,[0.40009403 0.56062454],3,0,"[0.383291892093257, 0.5586820702346661]",1749,-1
6148,[0.57785226 0.51893824],5,6,"[0.5164739970238864, 0.5319253761973344]",1035,-1
6149,[0.65517639 0.43961772],8,3,"[0.6815204869410737, 0.47689852788858716]",-1,-1
6150,[0.26374309 0.34800546],2,5,"[0.23231087327800656, 0.30304944505444303]",1586,-1
6151,[0.57482469 0.535613  ],5,6,"[0.5164739970238864, 0.5319253761973344]",1400,6
6152,[0.83881463 0.77108386],1,-1,-1,258,0
6153,[0.39078678 0.34629259],2,1,"[0.3897435781344088, 0.3417040596068965]",1366,-1
6154,[0.32548537 0.55335382],7,7,"[0.2817018170798153, 0.5849768676672948]",1990,17
6155,[0.25826903 0.50044982],7,8,"[0.27392971195344684, 0.45973140540928376]",-1,-1
6156,[0.28630365 0.3951789 ],7,8,"[0.27392971195344684, 0.45973140540928376]",1066,-1
6157,[0.75719071 0.69279824],1,4,"[0.7726811996944247, 0.7249303226766757]",459,0
6158,[0.25649909 0.47057188],7,8,"[0.27392971195344684, 0.45973140540928376]",-1,-1
6159,[0.48309665 0.52621562],3,6,"[0.5164739970238864, 0.5319253761973344]",-1,-1
6160,[0.89575295 0.66449276],1,-1,-1,-1,-1
6161,[0.48963231 0.48290282],5,6,"[0.5164739970238864, 0.5319253761973344]",-1,-1
6162,[0.41338552 0.52062306],3,0,"[0.383291892093257, 0.5586820702346661]",-1,-1
6163,[0.28743387 0.47593772],4,8,"[0.27392971195344684, 0.45973140540928376]",1799,-1
6164,[0.31681224 0.30372083],6,9,"[0.3110394802231661, 0.23517199738277297]",-1,-1
6165,[0.29177777 0.32761533],2,5,"[0.23231087327800656, 0.30304944505444303]",-1,-1
6166,[0.66992344 0.51076143],8,3,"[0.6815204869410737, 0.47689852788858716]",827,2
6167,[0.3610594  0.41233046],7,-1,-1,-1,-1
6168,[0.34391933 0.2819644 ],6,9,"[0.3110394802231661, 0.23517199738277297]",-1,-1
6169,[0.43396875 0.33975988],6,1,"[0.3897435781344088, 0.3417040596068965]",793,-1
6170,[0.25402985 0.35437297],0,5,"[0.23231087327800656, 0.30304944505444303]",-1,-1
6171,[0.39025761 0.47240774],7,-1,-1,582,-1
6172,[0.35740304 0.26796155],0,9,"[0.3110394802231661, 0.23517199738277297]",-1,-1
6173,[0.33741598 0.54507301],3,0,"[0.383291892093257, 0.5586820702346661]",1945,-1
6174,[0.35023426 0.31104111],6,1,"[0.3897435781344088, 0.3417040596068965]",-1,-1
6175,[0.73708717 0.72657873],1,4,"[0.7726811996944247, 0.7249303226766757]",411,0
6176,[0.74604808 0.63964015],1,-1,-1,209,0
6177,[0.57925672 0.515287  ],8,6,"[0.5164739970238864, 0.5319253761973344]",-1,-1
6178,[0.63917462 0.69807934],9,-1,-1,-1,-1
6179,[0.25674196 0.56909262],3,7,"[0.2817018170798153, 0.5849768676672948]",-1,-1
6180,[0.56677389 0.52975664],5,6,"[0.5164739970238864, 0.5319253761973344]",1373,-1
6181,[0.326182   0.33183391],2,1,"[0.3897435781344088, 0.3417040596068965]",-1,-1
6182,[0.52499615 0.57981205],9,6,"[0.5164739970238864, 0.5319253761973344]",1052,-1
6183,[0.43143251 0.36058637],6,1,"[0.3897435781344088, 0.3417040596068965]",682,-1
6184,[0.84610618 0.72132497],1,-1,-1,311,0
6185,[0.33091109 0.56515044],4,0,"[0.383291892093257, 0.5586820702346661]",-1,-1
6186,[0.62321992 0.68833811],9,2,"[0.5921204552873188, 0.6383928111301557]",-1,-1
6187,[0.24494369 0.25289927],2,5,"[0.23231087327800656, 0.30304944505444303]",-1,-1
6188,[0.62067968 0.65192169],9,2,"[0.5921204552873188, 0.6383928111301557]",-1,-1
6189,[0.48440389 0.39098045],6,-1,-1,-1,-1
6190,[0.42730937 0.49845563],4,-1,-1,914,-1
6191,[0.18856169 0.30060867],2,5,"[0.23231087327800656, 0.30304944505444303]",-1,-1
6192,[0.52411517 0.67533101],5,-1,-1,-1,-1
6193,[0.72010086 0.43876224],8,3,"[0.6815204869410737, 0.47689852788858716]",-1,-1
6194,[0.55686729 0.46851566],8,-1,-1,757,-1
6195,[0.29175705 0.34740622],2,-1,-1,1583,-1
6196,[0.81139237 0.68307944],1,4,"[0.7726811996944247, 0.7249303226766757]",362,0
6197,[0.44980568 0.53492248],3,6,"[0.5164739970238864, 0.5319253761973344]",-1,-1
6198,[0.76970105 0.79012912],1,4,"[0.7726811996944247, 0.7249303226766757]",369,0
6199,[0.59104064 0.57641113],5,2,"[0.5921204552873188, 0.6383928111301557]",-1,-1
6200,[0.75335397 0.51565549],8,-1,-1,480,-1
6201,[0.32590622 0.67912302],4,-1,-1,156,-1
6202,[0.34823712 0.4073667 ],3,-1,-1,880,-1
6203,[0.56234391 0.53851805],5,6,"[0.5164739970238864, 0.5319253761973344]",-1,6
6204,[0.25899346 0.51340594],7,8,"[0.27392971195344684, 0.45973140540928376]",1785,-1
6205,[0.54976658 0.6932621 ],9,2,"[0.5921204552873188, 0.6383928111301557]",631,-1
6206,[0.39661318 0.26170327],6,-1,-1,838,-1
6207,[0.8235247  0.73902979],1,4,"[0.7726811996944247, 0.7249303226766757]",-1,0
6208,[0.2648911 0.49922  ],7,8,"[0.27392971195344684, 0.45973140540928376]",1778,-1
6209,[0.80568154 0.78734047],1,-1,-1,294,0
6210,[0.50803091 0.36287098],6,-1,-1,-1,-1
6211,[0.3380681  0.53315683],4,0,"[0.383291892093257, 0.5586820702346661]",1948,16
6212,[0.63309214 0.6856761 ],9,2,"[0.5921204552873188, 0.6383928111301557]",-1,-1
6213,[0.51393759 0.63798433],9,-1,-1,-1,-1
6214,[0.42026005 0.25314952],2,-1,-1,-1,-1
6215,[0.43059536 0.48445022],3,-1,-1,767,-1
6216,[0.44549697 0.5032994 ],5,-1,-1,859,-1
6217,[0.61759555 0.64646985],9,2,"[0.5921204552873188, 0.6383928111301557]",-1,-1
6218,[0.25109388 0.23039016],0,9,"[0.3110394802231661, 0.23517199738277297]",985,-1
6219,[0.30689736 0.23840253],2,9,"[0.3110394802231661, 0.23517199738277297]",-1,-1
6220,[0.36674872 0.62636915],3,0,"[0.383291892093257, 0.5586820702346661]",1303,-1
6221,[0.49439884 0.6379207 ],9,-1,-1,647,-1
6222,[0.64856439 0.56101915],8,-1,-1,1110,-1
6223,[0.35160473 0.50701686],4,0,"[0.383291892093257, 0.5586820702346661]",1801,-1
6224,[0.37539977 0.57826557],7,0,"[0.383291892093257, 0.5586820702346661]",-1,12
6225,[0.19586293 0.56614718],7,-1,-1,-1,-1
6226,[0.41437808 0.48688808],4,-1,-1,1058,-1
6227,[0.64511249 0.69344955],9,-1,-1,-1,-1
6228,[0.39199138 0.56399855],3,0,"[0.383291892093257, 0.5586820702346661]",1772,-1
6229,[0.27951879 0.49643709],7,8,"[0.27392971195344684, 0.45973140540928376]",1795,-1
6230,[0.53252522 0.56368091],5,6,"[0.5164739970238864, 0.5319253761973344]",-1,-1
6231,[0.28416058 0.41812419],7,8,"[0.27392971195344684, 0.45973140540928376]",1075,-1
6232,[0.77709452 0.69061828],1,4,"[0.7726811996944247, 0.7249303226766757]",-1,0
6233,[0.62416099 0.60613798],5,2,"[0.5921204552873188, 0.6383928111301557]",1200,-1
6234,[0.33400517 0.29758801],2,9,"[0.3110394802231661, 0.23517199738277297]",-1,10
6235,[0.24631729 0.20022458],2,-1,-1,526,-1
6236,[0.3053243  0.53758443],4,7,"[0.2817018170798153, 0.5849768676672948]",1982,-1
6237,[0.34014539 0.54754813],3,0,"[0.383291892093257, 0.5586820702346661]",-1,-1
6238,[0.34806312 0.50438431],3,0,"[0.383291892093257, 0.5586820702346661]",-1,-1
6239,[0.67660572 0.39433635],8,-1,-1,241,-1
6240,[0.65098292 0.69231108],9,-1,-1,-1,-1
6241,[0.33044009 0.4217133 ],7,8,"[0.27392971195344684, 0.45973140540928376]",917,-1
6242,[0.32033895 0.31249628],2,-1,-1,1663,-1
6243,[0.42429219 0.39690434],2,1,"[0.3897435781344088, 0.3417040596068965]",-1,-1
6244,[0.37746946 0.22476848],0,9,"[0.3110394802231661, 0.23517199738277297]",484,-1
6245,[0.81412073 0.72959148],1,4,"[0.7726811996944247, 0.7249303226766757]",-1,0
6246,[0.22448964 0.19366813],0,-1,-1,375,-1
6247,[0.60446965 0.52383419],5,-1,-1,1102,-1
6248,[0.75991272 0.77800081],1,4,"[0.7726811996944247, 0.7249303226766757]",371,0
6249,[0.36475967 0.51519899],3,0,"[0.383291892093257, 0.5586820702346661]",1900,-1
6250,[0.32118945 0.46865635],2,8,"[0.27392971195344684, 0.45973140540928376]",1523,-1
6251,[0.61253293 0.66755743],9,2,"[0.5921204552873188, 0.6383928111301557]",1112,-1
6252,[0.3500367  0.60401407],4,0,"[0.383291892093257, 0.5586820702346661]",1833,-1
6253,[0.26768048 0.4423781 ],2,8,"[0.27392971195344684, 0.45973140540928376]",-1,-1
6254,[0.40326688 0.4668035 ],3,-1,-1,-1,-1
6255,[0.20570613 0.24921429],2,5,"[0.23231087327800656, 0.30304944505444303]",896,-1
6256,[0.71522842 0.72170169],1,4,"[0.7726811996944247, 0.7249303226766757]",-1,0
6257,[0.78453306 0.69898924],1,4,"[0.7726811996944247, 0.7249303226766757]",-1,0
6258,[0.38400966 0.47420556],3,-1,-1,771,-1
6259,[0.40824755 0.5777793 ],4,0,"[0.383291892093257, 0.5586820702346661]",1715,-1
6260,[0.3348534  0.50212511],4,-1,-1,-1,15
6261,[0.64707375 0.44170957],8,3,"[0.6815204869410737, 0.47689852788858716]",-1,-1
6262,[0.14928768 0.24212338],0,-1,-1,-1,-1
6263,[0.66352104 0.56332034],9,-1,-1,892,-1
6264,[0.63595632 0.54141027],5,-1,-1,1117,-1
6265,[0.4344383  0.31251792],6,1,"[0.3897435781344088, 0.3417040596068965]",628,-1
6266,[0.41933579 0.32191088],6,1,"[0.3897435781344088, 0.3417040596068965]",-1,-1
6267,[0.33460826 0.5968702 ],4,7,"[0.2817018170798153, 0.5849768676672948]",-1,-1
6268,[0.39196797 0.33331486],6,1,"[0.3897435781344088, 0.3417040596068965]",-1,-1
6269,[0.22392521 0.28477322],2,5,"[0.23231087327800656, 0.30304944505444303]",-1,-1
6270,[0.34628458 0.22660351],2,9,"[0.3110394802231661, 0.23517199738277297]",566,-1
6271,[0.34940136 0.44740827],7,-1,-1,-1,-1
6272,[0.68700763 0.58931208],8,-1,-1,-1,-1
6273,[0.46494974 0.37324137],6,-1,-1,320,-1
6274,[0.256458   0.31144368],2,5,"[0.23231087327800656, 0.30304944505444303]",-1,-1
6275,[0.5604703  0.68550456],9,2,"[0.5921204552873188, 0.6383928111301557]",630,-1
6276,[0.32222791 0.57593419],7,7,"[0.2817018170798153, 0.5849768676672948]",1974,-1
6277,[0.29634991 0.28311445],2,9,"[0.3110394802231661, 0.23517199738277297]",1554,-1
6278,[0.47316944 0.49280094],4,6,"[0.5164739970238864, 0.5319253761973344]",875,-1
6279,[0.74292192 0.73650348],1,4,"[0.7726811996944247, 0.7249303226766757]",452,0
6280,[0.35254453 0.57532692],7,0,"[0.383291892093257, 0.5586820702346661]",-1,-1
6281,[0.318805   0.58380407],4,7,"[0.2817018170798153, 0.5849768676672948]",1963,-1
6282,[0.61384134 0.49841567],8,-1,-1,843,-1
6283,[0.29536859 0.53416718],3,7,"[0.2817018170798153, 0.5849768676672948]",1895,-1
6284,[0.47795477 0.44971584],5,-1,-1,180,-1
6285,[0.47210923 0.55859029],5,6,"[0.5164739970238864, 0.5319253761973344]",1084,-1
6286,[0.80565992 0.79803587],1,-1,-1,-1,0
6287,[0.26188915 0.5243012 ],7,7,"[0.2817018170798153, 0.5849768676672948]",1727,-1
6288,[0.29374304 0.25955697],0,9,"[0.3110394802231661, 0.23517199738277297]",-1,-1
6289,[0.28054936 0.27758754],0,9,"[0.3110394802231661, 0.23517199738277297]",-1,-1
6290,[0.28607666 0.31815786],0,5,"[0.23231087327800656, 0.30304944505444303]",-1,-1
6291,[0.5308254  0.62628834],3,2,"[0.5921204552873188, 0.6383928111301557]",1141,-1
6292,[0.38296044 0.48752939],7,-1,-1,1042,-1
6293,[0.30420223 0.36666096],2,-1,-1,1594,-1
6294,[0.56751668 0.68056215],9,2,"[0.5921204552873188, 0.6383928111301557]",1034,-1
6295,[0.52284243 0.54974298],5,6,"[0.5164739970238864, 0.5319253761973344]",1274,-1
6296,[0.68215412 0.65912035],9,-1,-1,-1,-1
6297,[0.7577088  0.76285293],1,4,"[0.7726811996944247, 0.7249303226766757]",417,0
6298,[0.33048414 0.29472635],0,9,"[0.3110394802231661, 0.23517199738277297]",1658,-1
6299,[0.42656377 0.4065329 ],6,-1,-1,-1,-1
6300,[0.82845118 0.73111096],1,4,"[0.7726811996944247, 0.7249303226766757]",-1,0
6301,[0.37014524 0.52988511],3,0,"[0.383291892093257, 0.5586820702346661]",1934,-1
6302,[0.69594307 0.8092721 ],1,-1,-1,105,-1
6303,[0.52723432 0.57487779],5,6,"[0.5164739970238864, 0.5319253761973344]",-1,-1
6304,[0.2281767  0.36088664],7,5,"[0.23231087327800656, 0.30304944505444303]",-1,-1
6305,[0.42225548 0.33269229],6,1,"[0.3897435781344088, 0.3417040596068965]",-1,-1
6306,[0.54374711 0.65211214],9,2,"[0.5921204552873188, 0.6383928111301557]",1056,-1
6307,[0.37207202 0.52152924],7,0,"[0.383291892093257, 0.5586820702346661]",-1,-1
6308,[0.28986457 0.32452818],2,5,"[0.23231087327800656, 0.30304944505444303]",1621,-1
6309,[0.37083926 0.2708034 ],6,9,"[0.3110394802231661, 0.23517199738277297]",1101,-1
6310,[0.32356546 0.33225945],2,1,"[0.3897435781344088, 0.3417040596068965]",1613,-1
6311,[0.34985908 0.57771786],3,0,"[0.383291892093257, 0.5586820702346661]",-1,-1
6312,[0.43496432 0.40255533],6,-1,-1,-1,-1
6313,[0.36116258 0.34872454],6,1,"[0.3897435781344088, 0.3417040596068965]",1350,-1
6314,[0.26674758 0.46654818],7,8,"[0.27392971195344684, 0.45973140540928376]",1595,-1
6315,[0.4595408  0.53680192],5,6,"[0.5164739970238864, 0.5319253761973344]",-1,-1
6316,[0.21387072 0.30490933],2,5,"[0.23231087327800656, 0.30304944505444303]",-1,-1
6317,[0.19304646 0.2910939 ],0,5,"[0.23231087327800656, 0.30304944505444303]",-1,-1
6318,[0.3915357  0.56069253],4,0,"[0.383291892093257, 0.5586820702346661]",-1,-1
6319,[0.15681352 0.34451533],0,-1,-1,64,-1
6320,[0.39616416 0.61015941],3,0,"[0.383291892093257, 0.5586820702346661]",1725,-1
6321,[0.47731493 0.61600105],5,-1,-1,737,-1
6322,[0.4147567  0.62079449],3,0,"[0.383291892093257, 0.5586820702346661]",1474,-1
6323,[0.5813453 0.6378872],5,2,"[0.5921204552873188, 0.6383928111301557]",1095,-1
6324,[0.6875568  0.80680581],1,-1,-1,-1,-1
6325,[0.23353782 0.53640916],7,7,"[0.2817018170798153, 0.5849768676672948]",-1,-1
6326,[0.31018474 0.59361032],4,7,"[0.2817018170798153, 0.5849768676672948]",1820,-1
6327,[0.3862596  0.36530167],2,1,"[0.3897435781344088, 0.3417040596068965]",1064,-1
6328,[0.24056698 0.51965356],4,8,"[0.27392971195344684, 0.45973140540928376]",-1,-1
6329,[0.32329794 0.51023346],3,-1,-1,1920,-1
6330,[0.41501197 0.54439186],3,0,"[0.383291892093257, 0.5586820702346661]",-1,-1
6331,[0.53984656 0.62114564],9,2,"[0.5921204552873188, 0.6383928111301557]",1270,-1
6332,[0.25505492 0.30123456],2,5,"[0.23231087327800656, 0.30304944505444303]",-1,-1
6333,[0.35739944 0.3093576 ],2,1,"[0.3897435781344088, 0.3417040596068965]",-1,-1
6334,[0.3426096 0.5533921],4,0,"[0.383291892093257, 0.5586820702346661]",1955,-1
6335,[0.68824918 0.52196093],8,3,"[0.6815204869410737, 0.47689852788858716]",786,-1
6336,[0.65844559 0.605707  ],9,-1,-1,545,-1
6337,[0.19535744 0.21565789],0,-1,-1,-1,-1
6338,[0.45216102 0.56170216],3,0,"[0.383291892093257, 0.5586820702346661]",1276,-1
6339,[0.37258877 0.44567188],7,-1,-1,-1,-1
6340,[0.18224532 0.26903503],2,5,"[0.23231087327800656, 0.30304944505444303]",-1,-1
6341,[0.59313296 0.63470064],9,2,"[0.5921204552873188, 0.6383928111301557]",-1,-1
6342,[0.27506001 0.33052396],0,5,"[0.23231087327800656, 0.30304944505444303]",-1,-1
6343,[0.16697569 0.28560823],0,5,"[0.23231087327800656, 0.30304944505444303]",-1,-1
6344,[0.45651405 0.56228987],4,6,"[0.5164739970238864, 0.5319253761973344]",1271,-1
6345,[0.53987555 0.58759218],5,6,"[0.5164739970238864, 0.5319253761973344]",-1,6
6346,[0.73051905 0.78143769],1,-1,-1,250,0
6347,[0.6569523 0.6465109],9,2,"[0.5921204552873188, 0.6383928111301557]",-1,-1
6348,[0.57939164 0.37489309],8,-1,-1,-1,-1
6349,[0.37857709 0.34851207],6,1,"[0.3897435781344088, 0.3417040596068965]",-1,-1
6350,[0.57067135 0.39605801],8,-1,-1,115,-1
6351,[0.37405836 0.50165123],6,0,"[0.383291892093257, 0.5586820702346661]",-1,-1
6352,[0.32308392 0.38276359],3,-1,-1,-1,-1
6353,[0.56145708 0.51315313],5,6,"[0.5164739970238864, 0.5319253761973344]",770,-1
6354,[0.36396798 0.28404706],2,1,"[0.3897435781344088, 0.3417040596068965]",1172,-1
6355,[0.26562487 0.2661888 ],0,5,"[0.23231087327800656, 0.30304944505444303]",1505,-1
6356,[0.47320969 0.36073531],6,-1,-1,-1,-1
6357,[0.30328468 0.66260958],4,-1,-1,-1,-1
6358,[0.33567386 0.47246049],3,8,"[0.27392971195344684, 0.45973140540928376]",1553,-1
6359,[0.34184087 0.32144952],6,1,"[0.3897435781344088, 0.3417040596068965]",1575,-1
6360,[0.34464863 0.49118229],4,-1,-1,-1,-1
6361,[0.35013081 0.5414479 ],7,0,"[0.383291892093257, 0.5586820702346661]",1969,16
6362,[0.33828972 0.34782072],6,1,"[0.3897435781344088, 0.3417040596068965]",-1,-1
6363,[0.26759402 0.38629565],2,-1,-1,-1,-1
6364,[0.27738444 0.41931124],6,8,"[0.27392971195344684, 0.45973140540928376]",-1,-1
6365,[0.57566661 0.56784489],8,6,"[0.5164739970238864, 0.5319253761973344]",-1,-1
6366,[0.28374549 0.36882054],2,-1,-1,-1,-1
6367,[0.30610272 0.46376349],7,8,"[0.27392971195344684, 0.45973140540928376]",1732,-1
6368,[0.23815193 0.18980464],0,-1,-1,-1,-1
6369,[0.26078245 0.3851463 ],2,-1,-1,1221,-1
6370,[0.72418329 0.44056116],8,3,"[0.6815204869410737, 0.47689852788858716]",562,-1
6371,[0.62911589 0.43923107],8,3,"[0.6815204869410737, 0.47689852788858716]",-1,-1
6372,[0.43476651 0.53651852],5,0,"[0.383291892093257, 0.5586820702346661]",1136,-1
6373,[0.21888457 0.27135606],0,5,"[0.23231087327800656, 0.30304944505444303]",1024,-1
6374,[0.57415201 0.53835829],9,6,"[0.5164739970238864, 0.5319253761973344]",-1,6
6375,[0.28326805 0.2871675 ],0,5,"[0.23231087327800656, 0.30304944505444303]",1681,-1
6376,[0.23147863 0.29269052],0,5,"[0.23231087327800656, 0.30304944505444303]",1461,-1
6377,[0.31917515 0.28468859],0,9,"[0.3110394802231661, 0.23517199738277297]",1576,-1
6378,[0.14142005 0.2041925 ],2,-1,-1,-1,-1
6379,[0.24456185 0.20234351],6,-1,-1,526,-1
6380,[0.33772859 0.55605747],7,0,"[0.383291892093257, 0.5586820702346661]",-1,17
6381,[0.31714111 0.49326912],4,8,"[0.27392971195344684, 0.45973140540928376]",-1,-1
6382,[0.27487775 0.22028957],0,9,"[0.3110394802231661, 0.23517199738277297]",-1,-1
6383,[0.45458289 0.65487492],4,-1,-1,-1,-1
6384,[0.36094761 0.30402664],6,1,"[0.3897435781344088, 0.3417040596068965]",1543,-1
6385,[0.38343709 0.3448249 ],0,1,"[0.3897435781344088, 0.3417040596068965]",-1,-1
6386,[0.34144432 0.4180124 ],4,-1,-1,917,-1
6387,[0.60822653 0.52324781],8,-1,-1,1102,-1
6388,[0.5140768  0.60153559],5,6,"[0.5164739970238864, 0.5319253761973344]",1230,-1
6389,[0.71149419 0.50930108],8,3,"[0.6815204869410737, 0.47689852788858716]",-1,-1
6390,[0.29777625 0.21587426],2,9,"[0.3110394802231661, 0.23517199738277297]",1016,-1
6391,[0.30916169 0.6209817 ],4,7,"[0.2817018170798153, 0.5849768676672948]",1131,-1
6392,[0.69314369 0.72454874],1,-1,-1,-1,0
6393,[0.39691727 0.4862178 ],4,-1,-1,1036,-1
6394,[0.36930241 0.35247119],6,1,"[0.3897435781344088, 0.3417040596068965]",1245,-1
6395,[0.81601174 0.4932717 ],8,-1,-1,16,-1
6396,[0.59063991 0.65608041],5,2,"[0.5921204552873188, 0.6383928111301557]",1125,-1
6397,[0.28313708 0.33639222],2,5,"[0.23231087327800656, 0.30304944505444303]",1598,-1
6398,[0.15591211 0.44617381],7,-1,-1,-1,-1
6399,[0.30878284 0.47157182],3,8,"[0.27392971195344684, 0.45973140540928376]",1733,-1
6400,[0.22156175 0.41930266],7,8,"[0.27392971195344684, 0.45973140540928376]",498,-1
6401,[0.75960846 0.74712065],1,4,"[0.7726811996944247, 0.7249303226766757]",430,0
6402,[0.64058886 0.54312967],9,-1,-1,1116,-1
6403,[0.53229168 0.50219416],5,6,"[0.5164739970238864, 0.5319253761973344]",1139,-1
6404,[0.77940795 0.74492875],1,4,"[0.7726811996944247, 0.7249303226766757]",-1,0
6405,[0.32078581 0.59600762],3,7,"[0.2817018170798153, 0.5849768676672948]",-1,-1
6406,[0.23202414 0.54187097],4,7,"[0.2817018170798153, 0.5849768676672948]",-1,-1
6407,[0.42888563 0.47815564],5,-1,-1,767,-1
6408,[0.26546312 0.12136615],0,-1,-1,20,-1
6409,[0.72527273 0.65372602],1,-1,-1,-1,0
6410,[0.80754732 0.7666337 ],1,4,"[0.7726811996944247, 0.7249303226766757]",428,0
6411,[0.63479146 0.66975588],9,2,"[0.5921204552873188, 0.6383928111301557]",659,-1
6412,[0.77807846 0.69235629],1,4,"[0.7726811996944247, 0.7249303226766757]",448,0
6413,[0.65446291 0.64965885],9,2,"[0.5921204552873188, 0.6383928111301557]",635,-1
6414,[0.39188706 0.57536841],3,0,"[0.383291892093257, 0.5586820702346661]",-1,-1
6415,[0.51271512 0.3914897 ],6,-1,-1,44,-1
6416,[0.56169327 0.3399251 ],6,-1,-1,-1,-1
6417,[0.59983955 0.45434421],8,-1,-1,-1,-1
6418,[0.64999092 0.47311866],8,3,"[0.6815204869410737, 0.47689852788858716]",824,1
6419,[0.56766427 0.57941327],5,2,"[0.5921204552873188, 0.6383928111301557]",1458,6
6420,[0.55424724 0.60816179],9,2,"[0.5921204552873188, 0.6383928111301557]",1341,-1
6421,[0.1895513  0.29773233],0,5,"[0.23231087327800656, 0.30304944505444303]",-1,-1
6422,[0.48374206 0.57606734],5,6,"[0.5164739970238864, 0.5319253761973344]",1225,-1
6423,[0.85956371 0.73479939],1,-1,-1,-1,0
6424,[0.51311617 0.62351387],5,-1,-1,-1,-1
6425,[0.77845179 0.45368509],8,-1,-1,-1,-1
6426,[0.2952971  0.27187312],2,9,"[0.3110394802231661, 0.23517199738277297]",-1,-1
6427,[0.60033185 0.60494271],9,2,"[0.5921204552873188, 0.6383928111301557]",1307,6
6428,[0.28761518 0.35883401],6,-1,-1,-1,-1
6429,[0.27915487 0.55008656],4,7,"[0.2817018170798153, 0.5849768676672948]",-1,-1
6430,[0.30491532 0.30797043],0,-1,-1,-1,-1
6431,[0.83728957 0.63982211],1,-1,-1,-1,0
6432,[0.39751711 0.26205893],6,-1,-1,838,-1
6433,[0.67534448 0.65789053],1,-1,-1,-1,-1
6434,[0.72854436 0.4023061 ],8,-1,-1,316,-1
6435,[0.3012066  0.54443451],3,7,"[0.2817018170798153, 0.5849768676672948]",-1,-1
6436,[0.27457479 0.62325604],4,7,"[0.2817018170798153, 0.5849768676672948]",-1,-1
6437,[0.38603846 0.52347269],3,0,"[0.383291892093257, 0.5586820702346661]",1777,-1
6438,[0.34876155 0.61986141],7,-1,-1,1830,-1
6439,[0.42429111 0.65966648],4,-1,-1,183,-1
6440,[0.79442867 0.6620999 ],1,4,"[0.7726811996944247, 0.7249303226766757]",-1,0
6441,[0.70788885 0.725496  ],1,4,"[0.7726811996944247, 0.7249303226766757]",-1,0
6442,[0.56678928 0.43821125],8,-1,-1,252,-1
6443,[0.83293307 0.67815031],1,-1,-1,-1,0
6444,[0.47667589 0.54013484],5,6,"[0.5164739970238864, 0.5319253761973344]",-1,-1
6445,[0.68286332 0.68552896],1,-1,-1,-1,-1
6446,[0.28958734 0.32293803],2,5,"[0.23231087327800656, 0.30304944505444303]",1621,-1
6447,[0.19495991 0.25217877],2,5,"[0.23231087327800656, 0.30304944505444303]",-1,-1
6448,[0.27324999 0.21272574],0,9,"[0.3110394802231661, 0.23517199738277297]",-1,-1
6449,[0.48640214 0.5411216 ],3,6,"[0.5164739970238864, 0.5319253761973344]",959,-1
6450,[0.64110575 0.63712211],9,2,"[0.5921204552873188, 0.6383928111301557]",-1,-1
6451,[0.72442914 0.46807332],8,3,"[0.6815204869410737, 0.47689852788858716]",-1,-1
6452,[0.38345244 0.53938662],3,0,"[0.383291892093257, 0.5586820702346661]",1812,-1
6453,[0.29932911 0.4176081 ],7,8,"[0.27392971195344684, 0.45973140540928376]",1074,-1
6454,[0.90520125 0.70016598],1,-1,-1,-1,-1
6455,[0.56513384 0.60682944],9,2,"[0.5921204552873188, 0.6383928111301557]",-1,-1
6456,[0.7180343  0.52426801],8,3,"[0.6815204869410737, 0.47689852788858716]",569,-1
6457,[0.34178866 0.30954925],2,1,"[0.3897435781344088, 0.3417040596068965]",-1,-1
6458,[0.3072429  0.34236082],0,-1,-1,1593,8
6459,[0.3917103  0.63072401],3,-1,-1,751,-1
6460,[0.30813066 0.40846229],2,8,"[0.27392971195344684, 0.45973140540928376]",928,-1
6461,[0.37861996 0.55423575],4,0,"[0.383291892093257, 0.5586820702346661]",1816,-1
6462,[0.82824258 0.82604462],1,-1,-1,122,-1
6463,[0.28687832 0.54468611],7,7,"[0.2817018170798153, 0.5849768676672948]",1907,-1
6464,[0.51062797 0.5424688 ],9,6,"[0.5164739970238864, 0.5319253761973344]",-1,3
6465,[0.28855161 0.55424432],3,7,"[0.2817018170798153, 0.5849768676672948]",-1,13
6466,[0.2838084  0.31854373],2,5,"[0.23231087327800656, 0.30304944505444303]",-1,9
6467,[0.69427153 0.71730991],9,-1,-1,343,0
6468,[0.71382634 0.75798213],1,4,"[0.7726811996944247, 0.7249303226766757]",-1,0
6469,[0.3807687  0.23643393],0,9,"[0.3110394802231661, 0.23517199738277297]",-1,-1
6470,[0.61727329 0.46409795],8,3,"[0.6815204869410737, 0.47689852788858716]",-1,-1
6471,[0.28831312 0.56800369],4,7,"[0.2817018170798153, 0.5849768676672948]",1896,-1
6472,[0.26473987 0.50103102],7,8,"[0.27392971195344684, 0.45973140540928376]",1778,-1
6473,[0.38625708 0.61769544],3,0,"[0.383291892093257, 0.5586820702346661]",-1,-1
6474,[0.37078988 0.34040989],6,1,"[0.3897435781344088, 0.3417040596068965]",-1,-1
6475,[0.73417493 0.78507753],1,-1,-1,-1,0
6476,[0.51659373 0.53260354],5,6,"[0.5164739970238864, 0.5319253761973344]",1191,3
6477,[0.35160992 0.501477  ],3,0,"[0.383291892093257, 0.5586820702346661]",1802,-1
6478,[0.67603001 0.7049884 ],1,-1,-1,-1,0
6479,[0.72203099 0.77330045],1,-1,-1,315,0
6480,[0.70338412 0.41250025],8,3,"[0.6815204869410737, 0.47689852788858716]",540,-1
6481,[0.29789995 0.48330865],7,8,"[0.27392971195344684, 0.45973140540928376]",1798,-1
6482,[0.56258161 0.71535632],9,-1,-1,-1,-1
6483,[0.2426266  0.47628005],7,8,"[0.27392971195344684, 0.45973140540928376]",1707,-1
6484,[0.31830885 0.60312938],4,7,"[0.2817018170798153, 0.5849768676672948]",-1,-1
6485,[0.31448619 0.46690738],4,8,"[0.27392971195344684, 0.45973140540928376]",-1,-1
6486,[0.63259541 0.62581805],9,2,"[0.5921204552873188, 0.6383928111301557]",1159,-1
6487,[0.40670662 0.59607639],3,0,"[0.383291892093257, 0.5586820702346661]",1717,-1
6488,[0.23240092 0.22384866],2,-1,-1,-1,-1
6489,[0.35384521 0.28391049],6,9,"[0.3110394802231661, 0.23517199738277297]",1393,-1
6490,[0.474725   0.50768379],3,6,"[0.5164739970238864, 0.5319253761973344]",-1,-1
6491,[0.30958434 0.73994988],3,-1,-1,-1,-1
6492,[0.33254418 0.43536784],2,8,"[0.27392971195344684, 0.45973140540928376]",941,-1
6493,[0.62679216 0.62181803],9,2,"[0.5921204552873188, 0.6383928111301557]",-1,-1
6494,[0.36629455 0.2868129 ],0,1,"[0.3897435781344088, 0.3417040596068965]",-1,-1
6495,[0.26816564 0.2304621 ],0,9,"[0.3110394802231661, 0.23517199738277297]",1137,-1
6496,[0.67323205 0.39724289],8,-1,-1,-1,-1
6497,[0.32073736 0.38982628],2,-1,-1,1426,-1
6498,[0.34995445 0.21246848],0,9,"[0.3110394802231661, 0.23517199738277297]",500,-1
6499,[0.2372769  0.55313516],7,7,"[0.2817018170798153, 0.5849768676672948]",1411,-1
6500,[0.53066244 0.58042052],5,6,"[0.5164739970238864, 0.5319253761973344]",1372,-1
6501,[0.29326726 0.60358401],4,7,"[0.2817018170798153, 0.5849768676672948]",1693,-1
6502,[0.65804154 0.62764603],9,2,"[0.5921204552873188, 0.6383928111301557]",-1,-1
6503,[0.26206377 0.31399495],0,5,"[0.23231087327800656, 0.30304944505444303]",-1,-1
6504,[0.38096737 0.24439019],6,-1,-1,-1,-1
6505,[0.26475231 0.26836302],0,5,"[0.23231087327800656, 0.30304944505444303]",-1,-1
6506,[0.6584952  0.55618066],8,-1,-1,-1,-1
6507,[0.38781397 0.56745397],3,0,"[0.383291892093257, 0.5586820702346661]",-1,-1
6508,[0.33247935 0.34244106],0,1,"[0.3897435781344088, 0.3417040596068965]",-1,-1
6509,[0.67918794 0.44383035],8,3,"[0.6815204869410737, 0.47689852788858716]",735,-1
6510,[0.34800394 0.4181085 ],6,-1,-1,-1,-1
6511,[0.83163841 0.64132767],1,-1,-1,170,0
6512,[0.28588547 0.5283492 ],4,7,"[0.2817018170798153, 0.5849768676672948]",1911,14
6513,[0.25351554 0.39055923],7,-1,-1,-1,-1
6514,[0.22060382 0.22923217],0,-1,-1,872,-1
6515,[0.19201732 0.42571156],7,-1,-1,-1,-1
6516,[0.17632279 0.25685729],0,-1,-1,505,-1
6517,[0.5788041  0.61733272],9,2,"[0.5921204552873188, 0.6383928111301557]",1419,-1
6518,[0.25510555 0.34972345],2,5,"[0.23231087327800656, 0.30304944505444303]",-1,-1
6519,[0.70315092 0.72110553],9,4,"[0.7726811996944247, 0.7249303226766757]",-1,0
6520,[0.74680006 0.45903479],8,3,"[0.6815204869410737, 0.47689852788858716]",-1,-1
6521,[0.3109776  0.48616875],7,8,"[0.27392971195344684, 0.45973140540928376]",-1,-1
6522,[0.62953954 0.62463248],9,2,"[0.5921204552873188, 0.6383928111301557]",1159,-1
6523,[0.49748481 0.27707638],6,-1,-1,-1,-1
6524,[0.30862046 0.33017546],2,-1,-1,1678,-1
6525,[0.58045719 0.64404129],9,2,"[0.5921204552873188, 0.6383928111301557]",1189,-1
6526,[0.23632726 0.24135775],0,5,"[0.23231087327800656, 0.30304944505444303]",-1,-1
6527,[0.22457061 0.59966693],4,7,"[0.2817018170798153, 0.5849768676672948]",246,-1
6528,[0.38115372 0.61638776],4,0,"[0.383291892093257, 0.5586820702346661]",1513,-1
6529,[0.78082538 0.77716497],1,4,"[0.7726811996944247, 0.7249303226766757]",407,0
6530,[0.35935468 0.42163374],6,-1,-1,-1,-1
6531,[0.2462644  0.49256144],7,8,"[0.27392971195344684, 0.45973140540928376]",1735,-1
6532,[0.29315952 0.52459764],7,7,"[0.2817018170798153, 0.5849768676672948]",-1,-1
6533,[0.28799381 0.48998569],7,8,"[0.27392971195344684, 0.45973140540928376]",-1,-1
6534,[0.74314808 0.77630054],1,4,"[0.7726811996944247, 0.7249303226766757]",301,0
6535,[0.71251818 0.57826975],1,-1,-1,229,-1
6536,[0.5753488  0.60508028],9,2,"[0.5921204552873188, 0.6383928111301557]",1415,6
6537,[0.22685312 0.4261285 ],7,8,"[0.27392971195344684, 0.45973140540928376]",656,-1
6538,[0.55308866 0.46143429],5,-1,-1,-1,-1
6539,[0.36809944 0.36644452],2,1,"[0.3897435781344088, 0.3417040596068965]",-1,-1
6540,[0.30293009 0.34431293],6,-1,-1,-1,8
6541,[0.40203968 0.39602686],6,1,"[0.3897435781344088, 0.3417040596068965]",762,-1
6542,[0.31457719 0.36904877],2,-1,-1,-1,-1
6543,[0.39884841 0.59896818],7,0,"[0.383291892093257, 0.5586820702346661]",1724,-1
6544,[0.23143949 0.29333161],2,5,"[0.23231087327800656, 0.30304944505444303]",-1,-1
6545,[0.70129636 0.68741831],1,-1,-1,-1,0
6546,[0.71667458 0.43829819],8,3,"[0.6815204869410737, 0.47689852788858716]",-1,-1
6547,[0.64323109 0.5024602 ],8,3,"[0.6815204869410737, 0.47689852788858716]",866,-1
6548,[0.50007846 0.29706624],6,-1,-1,-1,-1
6549,[0.32755568 0.66749897],4,-1,-1,-1,-1
6550,[0.71737321 0.67943186],9,-1,-1,391,0
6551,[0.27415658 0.18078599],0,9,"[0.3110394802231661, 0.23517199738277297]",355,-1
6552,[0.82008019 0.74229602],1,4,"[0.7726811996944247, 0.7249303226766757]",-1,0
6553,[0.63842877 0.49484874],8,3,"[0.6815204869410737, 0.47689852788858716]",819,1
6554,[0.26426943 0.50963684],4,8,"[0.27392971195344684, 0.45973140540928376]",1789,-1
6555,[0.64026385 0.48983352],8,3,"[0.6815204869410737, 0.47689852788858716]",819,1
6556,[0.6642985  0.74532826],9,-1,-1,109,0
6557,[0.24742109 0.32871759],2,5,"[0.23231087327800656, 0.30304944505444303]",1502,-1
6558,[0.43234307 0.25819723],6,-1,-1,-1,-1
6559,[0.31844992 0.52082908],4,-1,-1,-1,-1
6560,[0.53497367 0.50168115],5,6,"[0.5164739970238864, 0.5319253761973344]",1139,-1
6561,[0.44427606 0.61930068],3,-1,-1,707,-1
6562,[0.27073941 0.42990606],7,8,"[0.27392971195344684, 0.45973140540928376]",1175,-1
6563,[0.44778266 0.51114611],3,-1,-1,1059,-1
6564,[0.60587821 0.54866956],5,-1,-1,1293,-1
6565,[0.41735841 0.57289299],3,0,"[0.383291892093257, 0.5586820702346661]",-1,-1
6566,[0.34444793 0.62242355],4,-1,-1,-1,-1
6567,[0.37113028 0.53523698],3,0,"[0.383291892093257, 0.5586820702346661]",-1,-1
6568,[0.68732277 0.40132941],8,-1,-1,-1,-1
6569,[0.49044545 0.59712922],5,-1,-1,-1,-1
6570,[0.24523965 0.57715006],4,7,"[0.2817018170798153, 0.5849768676672948]",1563,-1
6571,[0.29257856 0.62249327],4,7,"[0.2817018170798153, 0.5849768676672948]",1040,-1
6572,[0.30801471 0.36450654],6,-1,-1,-1,-1
6573,[0.28173021 0.53935585],7,7,"[0.2817018170798153, 0.5849768676672948]",1894,-1
6574,[0.60704306 0.60193576],5,2,"[0.5921204552873188, 0.6383928111301557]",1328,6
6575,[0.56159575 0.59764535],9,2,"[0.5921204552873188, 0.6383928111301557]",-1,-1
6576,[0.48631311 0.31410947],6,-1,-1,72,-1
6577,[0.2632404  0.22555431],0,9,"[0.3110394802231661, 0.23517199738277297]",988,-1
6578,[0.36050387 0.49820458],7,0,"[0.383291892093257, 0.5586820702346661]",1761,-1
6579,[0.25301531 0.45877091],7,8,"[0.27392971195344684, 0.45973140540928376]",-1,-1
6580,[0.33173135 0.35344851],6,1,"[0.3897435781344088, 0.3417040596068965]",1368,-1
6581,[0.25668284 0.37280249],2,-1,-1,-1,-1
6582,[0.76544632 0.72377297],1,4,"[0.7726811996944247, 0.7249303226766757]",469,0
6583,[0.76311774 0.78421561],1,4,"[0.7726811996944247, 0.7249303226766757]",-1,0
6584,[0.55671875 0.66367118],9,2,"[0.5921204552873188, 0.6383928111301557]",-1,-1
6585,[0.67670846 0.44396744],8,3,"[0.6815204869410737, 0.47689852788858716]",735,-1
6586,[0.42266597 0.34864486],6,1,"[0.3897435781344088, 0.3417040596068965]",-1,-1
6587,[0.2115456  0.36316363],2,5,"[0.23231087327800656, 0.30304944505444303]",903,-1
6588,[0.30431821 0.39440881],2,-1,-1,-1,-1
6589,[0.83494873 0.76885859],1,-1,-1,-1,0
6590,[0.33170838 0.61394388],3,7,"[0.2817018170798153, 0.5849768676672948]",1544,-1
6591,[0.28639909 0.274322  ],2,9,"[0.3110394802231661, 0.23517199738277297]",1555,-1
6592,[0.34187201 0.33362394],0,1,"[0.3897435781344088, 0.3417040596068965]",-1,-1
6593,[0.71298362 0.68255015],1,-1,-1,391,0
6594,[0.70130402 0.5123061 ],8,3,"[0.6815204869410737, 0.47689852788858716]",-1,-1
6595,[0.24228419 0.34681782],0,5,"[0.23231087327800656, 0.30304944505444303]",-1,-1
6596,[0.40079605 0.56028236],3,0,"[0.383291892093257, 0.5586820702346661]",1749,-1
6597,[0.4326163  0.38836182],6,1,"[0.3897435781344088, 0.3417040596068965]",742,-1
6598,[0.4336708  0.61177246],3,-1,-1,-1,-1
6599,[0.33210335 0.62273786],4,7,"[0.2817018170798153, 0.5849768676672948]",-1,-1
6600,[0.44227666 0.35887497],6,1,"[0.3897435781344088, 0.3417040596068965]",552,-1
6601,[0.44179448 0.48008791],5,-1,-1,547,-1
6602,[0.45527072 0.35032923],6,1,"[0.3897435781344088, 0.3417040596068965]",-1,-1
6603,[0.23454998 0.34121114],0,5,"[0.23231087327800656, 0.30304944505444303]",1522,-1
6604,[0.34599674 0.3841018 ],4,1,"[0.3897435781344088, 0.3417040596068965]",995,-1
6605,[0.26477821 0.37745075],0,-1,-1,1221,-1
6606,[0.34990863 0.32558719],6,1,"[0.3897435781344088, 0.3417040596068965]",1413,-1
6607,[0.4867098 0.5584094],5,6,"[0.5164739970238864, 0.5319253761973344]",1184,-1
6608,[0.44435154 0.47639105],5,-1,-1,547,-1
6609,[0.52489213 0.62850747],5,2,"[0.5921204552873188, 0.6383928111301557]",1143,-1
6610,[0.25202962 0.64147673],4,7,"[0.2817018170798153, 0.5849768676672948]",324,-1
6611,[0.55926763 0.60149517],9,2,"[0.5921204552873188, 0.6383928111301557]",1342,-1
6612,[0.75572973 0.57672285],8,-1,-1,-1,-1
6613,[0.62331745 0.60288079],9,2,"[0.5921204552873188, 0.6383928111301557]",1200,-1
6614,[0.46028016 0.39470147],5,-1,-1,207,-1
6615,[0.83571333 0.83971214],1,-1,-1,18,-1
6616,[0.44596304 0.54908329],3,0,"[0.383291892093257, 0.5586820702346661]",1295,-1
6617,[0.32958342 0.47880413],3,8,"[0.27392971195344684, 0.45973140540928376]",1475,-1
6618,[0.42695696 0.52967457],3,0,"[0.383291892093257, 0.5586820702346661]",-1,-1
6619,[0.46356409 0.61830976],3,-1,-1,-1,-1
6620,[0.30914631 0.3343496 ],2,-1,-1,-1,-1
6621,[0.67585637 0.58916908],9,-1,-1,338,-1
6622,[0.36990689 0.606175  ],4,0,"[0.383291892093257, 0.5586820702346661]",-1,-1
6623,[0.48724966 0.36187594],6,-1,-1,208,-1
6624,[0.50117529 0.69991544],9,-1,-1,-1,-1
6625,[0.46354458 0.48279016],5,-1,-1,664,-1
6626,[0.20942906 0.28662994],2,5,"[0.23231087327800656, 0.30304944505444303]",1109,-1
6627,[0.24219701 0.27929015],2,5,"[0.23231087327800656, 0.30304944505444303]",1531,-1
6628,[0.56950656 0.76953744],1,-1,-1,-1,-1
6629,[0.30390648 0.54071687],4,7,"[0.2817018170798153, 0.5849768676672948]",-1,-1
6630,[0.32993486 0.34361409],2,1,"[0.3897435781344088, 0.3417040596068965]",1617,-1
6631,[0.40715656 0.11125643],2,-1,-1,-1,-1
6632,[0.39832689 0.57809222],4,0,"[0.383291892093257, 0.5586820702346661]",-1,-1
6633,[0.29024325 0.3203761 ],6,5,"[0.23231087327800656, 0.30304944505444303]",1621,-1
6634,[0.25646037 0.34146929],2,5,"[0.23231087327800656, 0.30304944505444303]",-1,-1
6635,[0.56191497 0.63054553],9,2,"[0.5921204552873188, 0.6383928111301557]",1278,6
6636,[0.54779433 0.53497934],8,6,"[0.5164739970238864, 0.5319253761973344]",1375,-1
6637,[0.69362706 0.66221859],9,-1,-1,414,0
6638,[0.77597858 0.7264631 ],1,4,"[0.7726811996944247, 0.7249303226766757]",469,0
6639,[0.47854222 0.55612103],5,6,"[0.5164739970238864, 0.5319253761973344]",-1,-1
6640,[0.71554621 0.49386514],8,3,"[0.6815204869410737, 0.47689852788858716]",680,-1
6641,[0.27590955 0.27947885],0,5,"[0.23231087327800656, 0.30304944505444303]",1675,-1
6642,[0.20746881 0.37582612],2,-1,-1,-1,-1
6643,[0.17844048 0.32139564],0,5,"[0.23231087327800656, 0.30304944505444303]",-1,-1
6644,[0.51254136 0.48862529],8,6,"[0.5164739970238864, 0.5319253761973344]",605,-1
6645,[0.29673426 0.3581691 ],2,-1,-1,1479,-1
6646,[0.21959449 0.21655427],0,-1,-1,-1,-1
6647,[0.22010417 0.19772891],0,-1,-1,-1,-1
6648,[0.38691346 0.48187036],3,-1,-1,1042,-1
6649,[0.33210824 0.48385717],3,8,"[0.27392971195344684, 0.45973140540928376]",-1,-1
6650,[0.64271633 0.68800749],9,-1,-1,-1,-1
6651,[0.27968785 0.49650926],7,8,"[0.27392971195344684, 0.45973140540928376]",1795,-1
6652,[0.27819621 0.34071802],0,5,"[0.23231087327800656, 0.30304944505444303]",-1,9
6653,[0.61309584 0.54437915],8,-1,-1,734,-1
6654,[0.63852076 0.52551295],8,3,"[0.6815204869410737, 0.47689852788858716]",861,-1
6655,[0.25662613 0.48462965],7,8,"[0.27392971195344684, 0.45973140540928376]",1709,-1
6656,[0.68877705 0.47497262],8,3,"[0.6815204869410737, 0.47689852788858716]",809,2
6657,[0.28942539 0.57381383],4,7,"[0.2817018170798153, 0.5849768676672948]",-1,-1
6658,[0.28357023 0.35657059],7,-1,-1,-1,-1
6659,[0.40914265 0.51677675],7,0,"[0.383291892093257, 0.5586820702346661]",1638,-1
6660,[0.30927716 0.53888762],3,7,"[0.2817018170798153, 0.5849768676672948]",1986,-1
6661,[0.3797599  0.34660608],6,1,"[0.3897435781344088, 0.3417040596068965]",1122,-1
6662,[0.72557855 0.60325837],9,-1,-1,-1,-1
6663,[0.36806668 0.31825284],6,1,"[0.3897435781344088, 0.3417040596068965]",1546,-1
6664,[0.34301091 0.57571027],3,0,"[0.383291892093257, 0.5586820702346661]",-1,-1
6665,[0.39602264 0.31938608],2,1,"[0.3897435781344088, 0.3417040596068965]",-1,-1
6666,[0.32993142 0.49243475],4,8,"[0.27392971195344684, 0.45973140540928376]",1827,-1
6667,[0.18551939 0.28997985],0,5,"[0.23231087327800656, 0.30304944505444303]",-1,-1
6668,[0.19025488 0.54545749],3,-1,-1,323,-1
6669,[0.15836595 0.31747507],2,-1,-1,203,-1
6670,[0.24834294 0.54291355],7,7,"[0.2817018170798153, 0.5849768676672948]",-1,-1
6671,[0.30459367 0.66007385],4,-1,-1,558,-1
6672,[0.44611948 0.53925556],5,0,"[0.383291892093257, 0.5586820702346661]",1249,-1
6673,[0.16565999 0.22494137],0,-1,-1,-1,-1
6674,[0.29948573 0.36792583],0,-1,-1,1594,-1
6675,[0.46385584 0.47408808],5,-1,-1,664,-1
6676,[0.51045862 0.62979186],5,-1,-1,934,-1
6677,[0.60994919 0.53232359],9,-1,-1,1213,-1
6678,[0.79944337 0.84654695],1,-1,-1,38,-1
6679,[0.5771583  0.39851378],8,-1,-1,115,-1
6680,[0.45134038 0.41762294],6,-1,-1,-1,-1
6681,[0.30205506 0.58122061],4,7,"[0.2817018170798153, 0.5849768676672948]",1819,-1
6682,[0.48659115 0.62659697],5,-1,-1,647,-1
6683,[0.37790977 0.33916669],6,1,"[0.3897435781344088, 0.3417040596068965]",-1,-1
6684,[0.11892669 0.56577141],7,-1,-1,-1,-1
6685,[0.24218477 0.32593854],0,5,"[0.23231087327800656, 0.30304944505444303]",1503,7
6686,[0.85539137 0.64718172],1,-1,-1,32,-1
6687,[0.14533758 0.29613958],0,-1,-1,91,-1
6688,[0.6841011  0.50128628],8,3,"[0.6815204869410737, 0.47689852788858716]",827,2
6689,[0.33741995 0.631399  ],7,-1,-1,1047,-1
6690,[0.59663195 0.62543421],9,2,"[0.5921204552873188, 0.6383928111301557]",1346,6
6691,[0.40533393 0.22675253],6,-1,-1,204,-1
6692,[0.48268792 0.48079903],5,6,"[0.5164739970238864, 0.5319253761973344]",-1,-1
6693,[0.18397644 0.66470615],4,-1,-1,-1,-1
6694,[0.41465369 0.24764288],2,-1,-1,-1,-1
6695,[0.26951686 0.49427361],7,8,"[0.27392971195344684, 0.45973140540928376]",-1,-1
6696,[0.33405011 0.35853527],2,1,"[0.3897435781344088, 0.3417040596068965]",1367,-1
6697,[0.20520522 0.32445448],0,5,"[0.23231087327800656, 0.30304944505444303]",1037,-1
6698,[0.43910941 0.38000306],6,1,"[0.3897435781344088, 0.3417040596068965]",741,-1
6699,[0.23229717 0.28210816],2,5,"[0.23231087327800656, 0.30304944505444303]",1531,-1
6700,[0.69192085 0.83281323],1,-1,-1,-1,-1
6701,[0.34383638 0.58230773],4,0,"[0.383291892093257, 0.5586820702346661]",1842,-1
6702,[0.46126275 0.61229538],5,-1,-1,-1,-1
6703,[0.40789618 0.54511881],3,0,"[0.383291892093257, 0.5586820702346661]",-1,-1
6704,[0.26346336 0.56396216],4,7,"[0.2817018170798153, 0.5849768676672948]",1851,-1
6705,[0.5856065  0.63937881],9,2,"[0.5921204552873188, 0.6383928111301557]",-1,-1
6706,[0.21465916 0.50930049],7,-1,-1,-1,-1
6707,[0.2996207  0.30322903],0,5,"[0.23231087327800656, 0.30304944505444303]",1691,-1
6708,[0.46163032 0.5527885 ],7,6,"[0.5164739970238864, 0.5319253761973344]",1267,-1
6709,[0.36545201 0.52630766],3,0,"[0.383291892093257, 0.5586820702346661]",1934,-1
6710,[0.45456878 0.59272058],3,-1,-1,1238,4
6711,[0.29479131 0.52621762],7,7,"[0.2817018170798153, 0.5849768676672948]",1788,-1
6712,[0.20763135 0.24562789],0,5,"[0.23231087327800656, 0.30304944505444303]",896,-1
6713,[0.57161635 0.6662247 ],9,2,"[0.5921204552873188, 0.6383928111301557]",1033,-1
6714,[0.68749938 0.77624524],1,-1,-1,-1,0
6715,[0.32486445 0.51915802],4,-1,-1,-1,-1
6716,[0.7721851  0.77820029],1,4,"[0.7726811996944247, 0.7249303226766757]",-1,0
6717,[0.59374821 0.49320423],5,-1,-1,-1,-1
6718,[0.30057611 0.64802476],4,7,"[0.2817018170798153, 0.5849768676672948]",590,-1
6719,[0.24685136 0.61523526],3,7,"[0.2817018170798153, 0.5849768676672948]",514,-1
6720,[0.33881563 0.23950561],6,9,"[0.3110394802231661, 0.23517199738277297]",-1,-1
6721,[0.40813732 0.35639415],6,1,"[0.3897435781344088, 0.3417040596068965]",986,-1
6722,[0.28454736 0.53722489],4,7,"[0.2817018170798153, 0.5849768676672948]",-1,-1
6723,[0.40037345 0.59578085],4,0,"[0.383291892093257, 0.5586820702346661]",1724,-1
6724,[0.29124046 0.46408905],7,8,"[0.27392971195344684, 0.45973140540928376]",-1,-1
6725,[0.29320805 0.58241217],4,7,"[0.2817018170798153, 0.5849768676672948]",1840,-1
6726,[0.87749693 0.70644656],1,-1,-1,136,0
6727,[0.37591972 0.47781034],6,-1,-1,771,-1
6728,[0.17892507 0.46779127],7,-1,-1,210,-1
6729,[0.60431769 0.64948969],9,2,"[0.5921204552873188, 0.6383928111301557]",1321,-1
6730,[0.36448498 0.23354551],6,9,"[0.3110394802231661, 0.23517199738277297]",-1,-1
6731,[0.65270296 0.40983808],8,-1,-1,520,-1
6732,[0.23041335 0.40705238],2,8,"[0.27392971195344684, 0.45973140540928376]",-1,-1
6733,[0.24745853 0.56294073],4,7,"[0.2817018170798153, 0.5849768676672948]",-1,-1
6734,[0.71419348 0.64893701],9,-1,-1,221,0
6735,[0.36543093 0.50890986],7,0,"[0.383291892093257, 0.5586820702346661]",-1,-1
6736,[0.82656981 0.72127333],1,4,"[0.7726811996944247, 0.7249303226766757]",-1,0
6737,[0.29308883 0.22357668],0,9,"[0.3110394802231661, 0.23517199738277297]",-1,-1
6738,[0.28034626 0.50009988],4,8,"[0.27392971195344684, 0.45973140540928376]",-1,-1
6739,[0.60984489 0.49466889],5,-1,-1,843,-1
6740,[0.3890723 0.5264488],3,0,"[0.383291892093257, 0.5586820702346661]",-1,-1
6741,[0.32184477 0.33766168],2,1,"[0.3897435781344088, 0.3417040596068965]",-1,-1
6742,[0.66166224 0.41598666],8,3,"[0.6815204869410737, 0.47689852788858716]",-1,-1
6743,[0.761034   0.74781003],1,4,"[0.7726811996944247, 0.7249303226766757]",430,0
6744,[0.24199622 0.65947839],4,-1,-1,49,-1
6745,[0.35705329 0.58116851],4,0,"[0.383291892093257, 0.5586820702346661]",1843,-1
6746,[0.68097297 0.66385115],1,-1,-1,482,-1
6747,[0.54527141 0.47360937],5,6,"[0.5164739970238864, 0.5319253761973344]",756,-1
6748,[0.35409953 0.52516053],4,0,"[0.383291892093257, 0.5586820702346661]",-1,-1
6749,[0.6571399  0.52998759],5,3,"[0.6815204869410737, 0.47689852788858716]",-1,-1
6750,[0.4454131  0.53962173],3,0,"[0.383291892093257, 0.5586820702346661]",1249,-1
6751,[0.39984929 0.6023238 ],4,0,"[0.383291892093257, 0.5586820702346661]",1724,-1
6752,[0.34118377 0.5479802 ],4,0,"[0.383291892093257, 0.5586820702346661]",-1,-1
6753,[0.27785249 0.47184051],7,8,"[0.27392971195344684, 0.45973140540928376]",1596,-1
6754,[0.39037832 0.17933585],6,-1,-1,-1,-1
6755,[0.70062872 0.43285802],8,3,"[0.6815204869410737, 0.47689852788858716]",596,-1
6756,[0.58495986 0.64555283],9,2,"[0.5921204552873188, 0.6383928111301557]",1189,-1
6757,[0.48328072 0.51173178],5,6,"[0.5164739970238864, 0.5319253761973344]",936,-1
6758,[0.34948288 0.60119413],3,0,"[0.383291892093257, 0.5586820702346661]",1833,-1
6759,[0.39463358 0.36083798],6,1,"[0.3897435781344088, 0.3417040596068965]",1061,-1
6760,[0.38693586 0.53023563],5,0,"[0.383291892093257, 0.5586820702346661]",1777,-1
6761,[0.31270882 0.27459818],0,9,"[0.3110394802231661, 0.23517199738277297]",1506,-1
6762,[0.22603706 0.36234492],6,5,"[0.23231087327800656, 0.30304944505444303]",-1,-1
6763,[0.32856523 0.41924682],2,8,"[0.27392971195344684, 0.45973140540928376]",917,-1
6764,[0.5510584  0.68312528],9,2,"[0.5921204552873188, 0.6383928111301557]",-1,-1
6765,[0.60038688 0.65500606],9,2,"[0.5921204552873188, 0.6383928111301557]",-1,-1
6766,[0.4136063  0.50706936],3,0,"[0.383291892093257, 0.5586820702346661]",1438,-1
6767,[0.33249594 0.59717809],3,7,"[0.2817018170798153, 0.5849768676672948]",-1,-1
6768,[0.31894122 0.49192916],7,8,"[0.27392971195344684, 0.45973140540928376]",-1,-1
6769,[0.423427   0.50270685],3,0,"[0.383291892093257, 0.5586820702346661]",-1,-1
6770,[0.43379922 0.53274047],3,0,"[0.383291892093257, 0.5586820702346661]",-1,-1
6771,[0.27203697 0.44570519],4,8,"[0.27392971195344684, 0.45973140540928376]",1251,-1
6772,[0.65363144 0.49079557],8,3,"[0.6815204869410737, 0.47689852788858716]",818,1
6773,[0.40382898 0.59775603],3,0,"[0.383291892093257, 0.5586820702346661]",1724,-1
6774,[0.83851606 0.7408478 ],1,4,"[0.7726811996944247, 0.7249303226766757]",342,0
6775,[0.78100063 0.73886119],1,4,"[0.7726811996944247, 0.7249303226766757]",-1,0
6776,[0.85076516 0.68400731],1,-1,-1,-1,0
6777,[0.31551287 0.27867208],2,9,"[0.3110394802231661, 0.23517199738277297]",-1,-1
6778,[0.24602311 0.30006055],0,5,"[0.23231087327800656, 0.30304944505444303]",1589,-1
6779,[0.71237511 0.5850032 ],9,-1,-1,229,-1
6780,[0.32863339 0.36393231],2,1,"[0.3897435781344088, 0.3417040596068965]",-1,-1
6781,[0.53195344 0.41106692],8,-1,-1,-1,-1
6782,[0.38205673 0.51214075],3,0,"[0.383291892093257, 0.5586820702346661]",-1,-1
6783,[0.25490872 0.70533336],4,-1,-1,6,-1
6784,[0.16196549 0.55362915],4,-1,-1,-1,-1
6785,[0.20150296 0.25313343],2,5,"[0.23231087327800656, 0.30304944505444303]",-1,-1
6786,[0.43721153 0.61066779],3,-1,-1,-1,-1
6787,[0.33168725 0.28806146],6,9,"[0.3110394802231661, 0.23517199738277297]",-1,-1
6788,[0.61007943 0.67075179],9,2,"[0.5921204552873188, 0.6383928111301557]",-1,-1
6789,[0.67988478 0.42216726],8,3,"[0.6815204869410737, 0.47689852788858716]",-1,-1
6790,[0.34134234 0.4150701 ],6,-1,-1,917,-1
6791,[0.57206077 0.70226955],9,2,"[0.5921204552873188, 0.6383928111301557]",511,-1
6792,[0.48296836 0.59307891],3,6,"[0.5164739970238864, 0.5319253761973344]",-1,-1
6793,[0.25782549 0.25122687],0,9,"[0.3110394802231661, 0.23517199738277297]",-1,-1
6794,[0.24017224 0.34708923],2,5,"[0.23231087327800656, 0.30304944505444303]",1497,-1
6795,[0.57518917 0.54997265],9,6,"[0.5164739970238864, 0.5319253761973344]",-1,-1
6796,[0.51188576 0.53718423],5,6,"[0.5164739970238864, 0.5319253761973344]",1182,3
6797,[0.2150638  0.32791797],0,5,"[0.23231087327800656, 0.30304944505444303]",1038,-1
6798,[0.34947721 0.54319466],3,0,"[0.383291892093257, 0.5586820702346661]",-1,16
6799,[0.5764491  0.64316353],9,2,"[0.5921204552873188, 0.6383928111301557]",1214,6
6800,[0.29788919 0.64058307],7,7,"[0.2817018170798153, 0.5849768676672948]",-1,-1
6801,[0.27047376 0.69367319],4,-1,-1,-1,-1
6802,[0.43752632 0.55187671],4,0,"[0.383291892093257, 0.5586820702346661]",1294,-1
6803,[0.38721495 0.53197369],4,0,"[0.383291892093257, 0.5586820702346661]",1777,-1
6804,[0.64188166 0.50338281],9,3,"[0.6815204869410737, 0.47689852788858716]",866,-1
6805,[0.42768224 0.43727359],6,-1,-1,404,-1
6806,[0.27118102 0.44928957],7,8,"[0.27392971195344684, 0.45973140540928376]",-1,-1
6807,[0.65583613 0.60889847],9,-1,-1,-1,-1
6808,[0.49058659 0.61247331],3,-1,-1,918,-1
6809,[0.7384074  0.60734055],1,-1,-1,-1,-1
6810,[0.26738699 0.29006961],0,5,"[0.23231087327800656, 0.30304944505444303]",-1,-1
6811,[0.3622937  0.42090232],2,-1,-1,883,-1
6812,[0.31365955 0.30569308],6,-1,-1,1647,-1
6813,[0.35024067 0.34242933],2,1,"[0.3897435781344088, 0.3417040596068965]",-1,-1
6814,[0.86664516 0.74694556],1,-1,-1,-1,0
6815,[0.18422237 0.19194273],0,-1,-1,165,-1
6816,[0.4042093  0.50966673],4,0,"[0.383291892093257, 0.5586820702346661]",-1,-1
6817,[0.20491931 0.32113685],2,5,"[0.23231087327800656, 0.30304944505444303]",-1,-1
6818,[0.29824429 0.52146525],3,7,"[0.2817018170798153, 0.5849768676672948]",-1,-1
6819,[0.55770371 0.40610654],5,-1,-1,-1,-1
6820,[0.24678409 0.43345567],7,8,"[0.27392971195344684, 0.45973140540928376]",-1,-1
6821,[0.31015137 0.37175635],2,-1,-1,-1,-1
6822,[0.28553305 0.57810149],3,7,"[0.2817018170798153, 0.5849768676672948]",-1,-1
6823,[0.61172661 0.58077466],9,2,"[0.5921204552873188, 0.6383928111301557]",-1,-1
6824,[0.33330449 0.27425229],2,9,"[0.3110394802231661, 0.23517199738277297]",-1,-1
6825,[0.61083283 0.51751559],8,-1,-1,-1,-1
6826,[0.6070056  0.58398119],9,2,"[0.5921204552873188, 0.6383928111301557]",-1,-1
6827,[0.32805734 0.30029675],2,9,"[0.3110394802231661, 0.23517199738277297]",1659,-1
6828,[0.74705505 0.55967074],8,-1,-1,-1,-1
6829,[0.3862537 0.3390191],2,1,"[0.3897435781344088, 0.3417040596068965]",1476,-1
6830,[0.24269637 0.45020865],2,8,"[0.27392971195344684, 0.45973140540928376]",932,-1
6831,[0.35822807 0.34156778],2,1,"[0.3897435781344088, 0.3417040596068965]",-1,-1
6832,[0.35343451 0.52926551],7,0,"[0.383291892093257, 0.5586820702346661]",-1,-1
6833,[0.31493532 0.3417075 ],0,-1,-1,1623,8
6834,[0.35870705 0.46798394],6,-1,-1,1560,-1
6835,[0.53443951 0.5084385 ],5,6,"[0.5164739970238864, 0.5319253761973344]",-1,-1
6836,[0.31310617 0.55331871],7,7,"[0.2817018170798153, 0.5849768676672948]",-1,17
6837,[0.46502621 0.61076738],9,-1,-1,-1,-1
6838,[0.27747235 0.42536248],7,8,"[0.27392971195344684, 0.45973140540928376]",-1,-1
6839,[0.56770805 0.43641898],8,-1,-1,252,-1
6840,[0.23434248 0.5214443 ],3,-1,-1,1477,-1
6841,[0.38618374 0.30265303],6,1,"[0.3897435781344088, 0.3417040596068965]",1463,-1
6842,[0.29060945 0.37652052],2,-1,-1,1092,-1
6843,[0.69457153 0.46985037],8,3,"[0.6815204869410737, 0.47689852788858716]",-1,-1
6844,[0.79531257 0.77001066],1,4,"[0.7726811996944247, 0.7249303226766757]",-1,0
6845,[0.24049537 0.31072987],2,5,"[0.23231087327800656, 0.30304944505444303]",1567,-1
6846,[0.24210128 0.56543921],4,7,"[0.2817018170798153, 0.5849768676672948]",-1,-1
6847,[0.24738056 0.35274247],0,5,"[0.23231087327800656, 0.30304944505444303]",-1,-1
6848,[0.64821015 0.41425807],8,-1,-1,521,-1
6849,[0.73354314 0.47612281],8,3,"[0.6815204869410737, 0.47689852788858716]",-1,-1
6850,[0.35144499 0.46394717],7,-1,-1,-1,-1
6851,[0.56320002 0.420054  ],8,-1,-1,-1,-1
6852,[0.2614745  0.47689867],7,8,"[0.27392971195344684, 0.45973140540928376]",1600,-1
6853,[0.65118782 0.64008262],9,2,"[0.5921204552873188, 0.6383928111301557]",939,-1
6854,[0.34928827 0.55777476],4,0,"[0.383291892093257, 0.5586820702346661]",1956,-1
6855,[0.43774413 0.60915498],5,-1,-1,-1,-1
6856,[0.59049499 0.51676789],8,-1,-1,1102,-1
6857,[0.2269889  0.51129765],7,8,"[0.27392971195344684, 0.45973140540928376]",-1,-1
6858,[0.54907511 0.38677831],5,-1,-1,47,-1
6859,[0.55739971 0.59305053],9,2,"[0.5921204552873188, 0.6383928111301557]",-1,-1
6860,[0.79046254 0.81348709],1,-1,-1,142,0
6861,[0.35520922 0.3037903 ],6,1,"[0.3897435781344088, 0.3417040596068965]",1537,-1
6862,[0.29353037 0.30190941],6,5,"[0.23231087327800656, 0.30304944505444303]",1618,-1
6863,[0.53962733 0.63180443],9,2,"[0.5921204552873188, 0.6383928111301557]",1262,-1
6864,[0.38814547 0.62211409],4,0,"[0.383291892093257, 0.5586820702346661]",-1,-1
6865,[0.48513331 0.63628246],5,-1,-1,-1,-1
6866,[0.42137776 0.30507055],6,1,"[0.3897435781344088, 0.3417040596068965]",-1,-1
6867,[0.66007254 0.55514915],9,-1,-1,-1,-1
6868,[0.51244103 0.5691921 ],5,6,"[0.5164739970238864, 0.5319253761973344]",-1,-1
6869,[0.5710907 0.4878367],5,-1,-1,848,-1
6870,[0.39047024 0.2981097 ],2,1,"[0.3897435781344088, 0.3417040596068965]",-1,-1
6871,[0.17559748 0.31383757],2,5,"[0.23231087327800656, 0.30304944505444303]",-1,-1
6872,[0.66771189 0.39671299],8,-1,-1,-1,-1
6873,[0.50056033 0.25153107],6,-1,-1,-1,-1
6874,[0.74609438 0.55457398],8,-1,-1,-1,-1
6875,[0.78137201 0.75429143],1,4,"[0.7726811996944247, 0.7249303226766757]",412,0
6876,[0.26118397 0.51605327],4,8,"[0.27392971195344684, 0.45973140540928376]",-1,-1
6877,[0.228886   0.45576257],7,8,"[0.27392971195344684, 0.45973140540928376]",587,-1
6878,[0.37191758 0.52374214],3,0,"[0.383291892093257, 0.5586820702346661]",-1,-1
6879,[0.62417735 0.61960299],9,2,"[0.5921204552873188, 0.6383928111301557]",-1,-1
6880,[0.62565876 0.67005619],9,2,"[0.5921204552873188, 0.6383928111301557]",660,-1
6881,[0.79295157 0.6995468 ],1,4,"[0.7726811996944247, 0.7249303226766757]",-1,0
6882,[0.7476149  0.80795747],1,-1,-1,288,0
6883,[0.303174  0.5217506],7,7,"[0.2817018170798153, 0.5849768676672948]",-1,-1
6884,[0.51122547 0.57748501],3,6,"[0.5164739970238864, 0.5319253761973344]",1377,-1
6885,[0.6666593  0.65752627],9,-1,-1,636,-1
6886,[0.27404227 0.47593771],7,8,"[0.27392971195344684, 0.45973140540928376]",1599,-1
6887,[0.69751227 0.71947753],1,-1,-1,343,0
6888,[0.31081533 0.6449628 ],4,7,"[0.2817018170798153, 0.5849768676672948]",590,-1
6889,[0.77973374 0.75298914],1,4,"[0.7726811996944247, 0.7249303226766757]",412,0
6890,[0.42842584 0.42119484],6,-1,-1,403,-1
6891,[0.38840078 0.63767712],3,-1,-1,-1,-1
6892,[0.24710902 0.21773375],0,9,"[0.3110394802231661, 0.23517199738277297]",-1,-1
6893,[0.56853573 0.63219888],9,2,"[0.5921204552873188, 0.6383928111301557]",1286,-1
6894,[0.37332701 0.58956262],3,0,"[0.383291892093257, 0.5586820702346661]",1846,12
6895,[0.61802836 0.63409186],9,2,"[0.5921204552873188, 0.6383928111301557]",-1,-1
6896,[0.69483295 0.61687408],9,-1,-1,275,-1
6897,[0.61297907 0.69468142],9,2,"[0.5921204552873188, 0.6383928111301557]",-1,-1
6898,[0.62119115 0.5225958 ],8,-1,-1,-1,-1
6899,[0.5111662  0.57583031],5,6,"[0.5164739970238864, 0.5319253761973344]",-1,-1
6900,[0.36165317 0.48464973],3,-1,-1,-1,-1
6901,[0.33885527 0.52445535],3,0,"[0.383291892093257, 0.5586820702346661]",-1,-1
6902,[0.19921499 0.28400747],2,5,"[0.23231087327800656, 0.30304944505444303]",-1,-1
6903,[0.4177616  0.57315079],3,0,"[0.383291892093257, 0.5586820702346661]",-1,-1
6904,[0.27802954 0.5063378 ],7,8,"[0.27392971195344684, 0.45973140540928376]",1760,-1
6905,[0.77370767 0.7381834 ],1,4,"[0.7726811996944247, 0.7249303226766757]",-1,0
6906,[0.38936012 0.24140628],6,-1,-1,832,-1
6907,[0.21168923 0.49683978],7,-1,-1,598,-1
6908,[0.7151817  0.52819161],8,3,"[0.6815204869410737, 0.47689852788858716]",-1,-1
6909,[0.59111409 0.6136176 ],9,2,"[0.5921204552873188, 0.6383928111301557]",1427,6
6910,[0.27844915 0.43712429],7,8,"[0.27392971195344684, 0.45973140540928376]",-1,-1
6911,[0.29413091 0.4085251 ],2,8,"[0.27392971195344684, 0.45973140540928376]",1074,-1
6912,[0.48333969 0.43221222],6,-1,-1,117,-1
6913,[0.67832293 0.50163777],8,3,"[0.6815204869410737, 0.47689852788858716]",827,-1
6914,[0.34646844 0.59841561],3,0,"[0.383291892093257, 0.5586820702346661]",-1,-1
6915,[0.42259146 0.53753118],4,0,"[0.383291892093257, 0.5586820702346661]",-1,-1
6916,[0.51489962 0.63325034],9,-1,-1,-1,-1
6917,[0.68996554 0.52520386],8,3,"[0.6815204869410737, 0.47689852788858716]",786,-1
6918,[0.58292329 0.48753445],5,-1,-1,632,-1
6919,[0.22905855 0.35778011],2,5,"[0.23231087327800656, 0.30304944505444303]",-1,-1
6920,[0.78136583 0.72164299],1,4,"[0.7726811996944247, 0.7249303226766757]",475,0
6921,[0.46037496 0.22324001],6,-1,-1,-1,-1
6922,[0.25800666 0.32167058],0,5,"[0.23231087327800656, 0.30304944505444303]",-1,-1
6923,[0.42931997 0.36293817],6,1,"[0.3897435781344088, 0.3417040596068965]",682,-1
6924,[0.30308466 0.28959036],0,9,"[0.3110394802231661, 0.23517199738277297]",-1,-1
6925,[0.72941031 0.71603538],1,4,"[0.7726811996944247, 0.7249303226766757]",351,0
6926,[0.59951736 0.66060219],9,2,"[0.5921204552873188, 0.6383928111301557]",-1,-1
6927,[0.23941787 0.43356152],7,8,"[0.27392971195344684, 0.45973140540928376]",-1,-1
6928,[0.54065156 0.58967228],9,6,"[0.5164739970238864, 0.5319253761973344]",-1,6
6929,[0.20750069 0.32005163],0,5,"[0.23231087327800656, 0.30304944505444303]",-1,-1
6930,[0.40037256 0.3410022 ],6,1,"[0.3897435781344088, 0.3417040596068965]",-1,-1
6931,[0.77874826 0.73468747],1,4,"[0.7726811996944247, 0.7249303226766757]",470,0
6932,[0.7844136  0.63568257],1,-1,-1,-1,0
6933,[0.30899356 0.59311624],4,7,"[0.2817018170798153, 0.5849768676672948]",1820,-1
6934,[0.29632297 0.46282364],7,8,"[0.27392971195344684, 0.45973140540928376]",1730,-1
6935,[0.29388012 0.22872583],2,9,"[0.3110394802231661, 0.23517199738277297]",1370,-1
6936,[0.70536764 0.50731518],8,3,"[0.6815204869410737, 0.47689852788858716]",739,-1
6937,[0.57311953 0.50966516],8,6,"[0.5164739970238864, 0.5319253761973344]",-1,-1
6938,[0.40569134 0.57455015],5,0,"[0.383291892093257, 0.5586820702346661]",-1,-1
6939,[0.37997292 0.30417671],0,1,"[0.3897435781344088, 0.3417040596068965]",1464,-1
6940,[0.59956701 0.61303501],9,2,"[0.5921204552873188, 0.6383928111301557]",-1,-1
6941,[0.42724056 0.60331731],4,0,"[0.383291892093257, 0.5586820702346661]",1574,-1
6942,[0.69673876 0.62261421],1,-1,-1,275,-1
6943,[0.56945544 0.47694118],5,-1,-1,-1,-1
6944,[0.55335222 0.65449893],9,2,"[0.5921204552873188, 0.6383928111301557]",1197,-1
6945,[0.69437863 0.51248061],8,3,"[0.6815204869410737, 0.47689852788858716]",-1,-1
6946,[0.80699248 0.70016847],1,4,"[0.7726811996944247, 0.7249303226766757]",-1,0
6947,[0.86980654 0.72182313],1,-1,-1,-1,0
6948,[0.30574159 0.41356881],2,8,"[0.27392971195344684, 0.45973140540928376]",-1,-1
6949,[0.53421287 0.56530758],5,6,"[0.5164739970238864, 0.5319253761973344]",1360,-1
6950,[0.26758423 0.33357607],0,5,"[0.23231087327800656, 0.30304944505444303]",1601,-1
6951,[0.25611465 0.58934155],7,7,"[0.2817018170798153, 0.5849768676672948]",754,-1
6952,[0.2989941  0.30928097],2,5,"[0.23231087327800656, 0.30304944505444303]",1620,-1
6953,[0.2869414  0.56087356],3,7,"[0.2817018170798153, 0.5849768676672948]",-1,13
6954,[0.56917492 0.65292456],9,2,"[0.5921204552873188, 0.6383928111301557]",-1,-1
6955,[0.54637238 0.46871811],5,6,"[0.5164739970238864, 0.5319253761973344]",-1,-1
6956,[0.40138496 0.6012817 ],3,0,"[0.383291892093257, 0.5586820702346661]",1724,-1
6957,[0.39434488 0.53481908],4,0,"[0.383291892093257, 0.5586820702346661]",-1,-1
6958,[0.68075295 0.67157861],1,-1,-1,-1,-1
6959,[0.60987006 0.68062709],9,2,"[0.5921204552873188, 0.6383928111301557]",658,-1
6960,[0.32819928 0.21888143],0,9,"[0.3110394802231661, 0.23517199738277297]",-1,-1
6961,[0.68685545 0.49299218],8,3,"[0.6815204869410737, 0.47689852788858716]",-1,2
6962,[0.82153807 0.65895163],1,-1,-1,255,0
6963,[0.62277254 0.69513371],9,2,"[0.5921204552873188, 0.6383928111301557]",663,-1
6964,[0.75466649 0.81989066],1,-1,-1,-1,0
6965,[0.36461216 0.2447601 ],2,9,"[0.3110394802231661, 0.23517199738277297]",675,-1
6966,[0.32824916 0.51366154],4,-1,-1,-1,15
6967,[0.3362431 0.552945 ],4,0,"[0.383291892093257, 0.5586820702346661]",1957,-1
6968,[0.80427424 0.67810843],1,4,"[0.7726811996944247, 0.7249303226766757]",359,0
6969,[0.29124238 0.51351177],4,8,"[0.27392971195344684, 0.45973140540928376]",1914,14
6970,[0.29162429 0.33849846],2,5,"[0.23231087327800656, 0.30304944505444303]",1591,-1
6971,[0.62359948 0.82823595],9,-1,-1,-1,-1
6972,[0.72618628 0.71041876],1,4,"[0.7726811996944247, 0.7249303226766757]",351,0
6973,[0.20268391 0.36093426],2,5,"[0.23231087327800656, 0.30304944505444303]",-1,-1
6974,[0.4865127 0.4358081],3,-1,-1,117,-1
6975,[0.38440213 0.64870632],3,-1,-1,537,-1
6976,[0.2839417 0.4670946],7,8,"[0.27392971195344684, 0.45973140540928376]",-1,-1
6977,[0.38856488 0.41549555],7,-1,-1,-1,-1
6978,[0.21914315 0.22468607],0,-1,-1,872,-1
6979,[0.64270162 0.44250985],8,3,"[0.6815204869410737, 0.47689852788858716]",798,-1
6980,[0.51480927 0.53202181],5,6,"[0.5164739970238864, 0.5319253761973344]",1191,3
6981,[0.82049631 0.68139117],1,4,"[0.7726811996944247, 0.7249303226766757]",361,0
6982,[0.24810444 0.49362077],7,8,"[0.27392971195344684, 0.45973140540928376]",1735,-1
6983,[0.34284543 0.5716611 ],7,0,"[0.383291892093257, 0.5586820702346661]",1878,-1
6984,[0.31451305 0.236188  ],0,9,"[0.3110394802231661, 0.23517199738277297]",1492,-1
6985,[0.82803536 0.73853825],1,4,"[0.7726811996944247, 0.7249303226766757]",-1,0
6986,[0.3453979  0.23584729],0,9,"[0.3110394802231661, 0.23517199738277297]",633,-1
6987,[0.65295982 0.41440597],8,3,"[0.6815204869410737, 0.47689852788858716]",521,-1
6988,[0.58664886 0.58703414],9,2,"[0.5921204552873188, 0.6383928111301557]",-1,-1
6989,[0.226719   0.52350957],7,-1,-1,-1,-1
6990,[0.67508539 0.67696553],9,-1,-1,385,-1
6991,[0.23673562 0.32528285],7,5,"[0.23231087327800656, 0.30304944505444303]",-1,-1
6992,[0.58628358 0.59076356],9,2,"[0.5921204552873188, 0.6383928111301557]",-1,-1
6993,[0.3737136  0.54871036],3,0,"[0.383291892093257, 0.5586820702346661]",1804,-1
6994,[0.25610083 0.55045781],3,7,"[0.2817018170798153, 0.5849768676672948]",-1,-1
6995,[0.75620578 0.71659909],1,4,"[0.7726811996944247, 0.7249303226766757]",462,0
6996,[0.47855267 0.37584167],6,-1,-1,-1,-1
6997,[0.54527494 0.4768963 ],8,6,"[0.5164739970238864, 0.5319253761973344]",-1,-1
6998,[0.33464392 0.31106133],0,1,"[0.3897435781344088, 0.3417040596068965]",-1,-1
6999,[0.32243044 0.22391819],6,9,"[0.3110394802231661, 0.23517199738277297]",968,-1
7000,[0.3342819  0.55958503],3,0,"[0.383291892093257, 0.5586820702346661]",1971,-1
7001,[0.62785836 0.57163361],8,-1,-1,1195,-1
7002,[0.24928363 0.29874147],2,5,"[0.23231087327800656, 0.30304944505444303]",1590,-1
7003,[0.39940291 0.38747099],6,1,"[0.3897435781344088, 0.3417040596068965]",762,-1
7004,[0.34393615 0.322729  ],2,1,"[0.3897435781344088, 0.3417040596068965]",1575,-1
7005,[0.34816569 0.586382  ],3,0,"[0.383291892093257, 0.5586820702346661]",1842,-1
7006,[0.66067081 0.53687325],9,3,"[0.6815204869410737, 0.47689852788858716]",-1,-1
7007,[0.19877279 0.50234884],4,-1,-1,211,-1
7008,[0.21922661 0.60105679],7,7,"[0.2817018170798153, 0.5849768676672948]",246,-1
7009,[0.41854653 0.45525458],6,-1,-1,713,-1
7010,[0.24929578 0.59937045],4,7,"[0.2817018170798153, 0.5849768676672948]",-1,-1
7011,[0.79286026 0.73523196],1,4,"[0.7726811996944247, 0.7249303226766757]",471,0
7012,[0.37307135 0.54740972],4,0,"[0.383291892093257, 0.5586820702346661]",1804,-1
7013,[0.73012752 0.74511488],1,4,"[0.7726811996944247, 0.7249303226766757]",-1,0
7014,[0.3021716  0.27652837],6,9,"[0.3110394802231661, 0.23517199738277297]",-1,-1
7015,[0.50445852 0.59174726],5,6,"[0.5164739970238864, 0.5319253761973344]",1093,-1
7016,[0.46608253 0.56296488],5,6,"[0.5164739970238864, 0.5319253761973344]",-1,-1
7017,[0.3789969  0.54675266],4,0,"[0.383291892093257, 0.5586820702346661]",1805,-1
7018,[0.64940014 0.34418308],8,-1,-1,13,-1
7019,[0.78887509 0.48581697],8,-1,-1,-1,-1
7020,[0.60597083 0.45977887],8,-1,-1,-1,-1
7021,[0.28304525 0.66053768],3,-1,-1,187,-1
7022,[0.21917177 0.33233063],2,5,"[0.23231087327800656, 0.30304944505444303]",-1,-1
7023,[0.35419338 0.57045213],4,0,"[0.383291892093257, 0.5586820702346661]",-1,-1
7024,[0.8325492  0.68205003],1,-1,-1,-1,0
7025,[0.46367333 0.56931534],3,6,"[0.5164739970238864, 0.5319253761973344]",1231,-1
7026,[0.36004576 0.4367078 ],4,-1,-1,-1,-1
7027,[0.32072125 0.50016314],4,8,"[0.27392971195344684, 0.45973140540928376]",1809,-1
7028,[0.78735286 0.71698348],1,4,"[0.7726811996944247, 0.7249303226766757]",-1,0
7029,[0.3315228  0.55804559],3,0,"[0.383291892093257, 0.5586820702346661]",-1,-1
7030,[0.36818758 0.29794838],2,1,"[0.3897435781344088, 0.3417040596068965]",1528,-1
7031,[0.65594033 0.39842711],8,-1,-1,242,-1
7032,[0.20554936 0.31738034],2,5,"[0.23231087327800656, 0.30304944505444303]",-1,-1
7033,[0.73515291 0.6873768 ],9,4,"[0.7726811996944247, 0.7249303226766757]",429,0
7034,[0.32484951 0.31886722],0,1,"[0.3897435781344088, 0.3417040596068965]",-1,10
7035,[0.66188894 0.59438952],9,-1,-1,544,-1
7036,[0.3628687  0.56076525],3,0,"[0.383291892093257, 0.5586820702346661]",-1,-1
7037,[0.59000589 0.65972591],9,2,"[0.5921204552873188, 0.6383928111301557]",1125,-1
7038,[0.36641335 0.33179906],2,1,"[0.3897435781344088, 0.3417040596068965]",1535,-1
7039,[0.35351462 0.39073802],7,1,"[0.3897435781344088, 0.3417040596068965]",-1,-1
7040,[0.37113099 0.51929281],3,0,"[0.383291892093257, 0.5586820702346661]",-1,-1
7041,[0.70979861 0.48769269],8,3,"[0.6815204869410737, 0.47689852788858716]",815,-1
7042,[0.31972303 0.31614841],2,-1,-1,1673,10
7043,[0.29903686 0.42395645],2,8,"[0.27392971195344684, 0.45973140540928376]",-1,-1
7044,[0.36463208 0.33850694],2,1,"[0.3897435781344088, 0.3417040596068965]",1532,-1
7045,[0.36942317 0.47329686],4,-1,-1,-1,-1
7046,[0.26465116 0.3733307 ],7,-1,-1,1221,-1
7047,[0.38274373 0.35395324],2,1,"[0.3897435781344088, 0.3417040596068965]",1086,-1
7048,[0.46982794 0.58494568],9,-1,-1,-1,-1
7049,[0.71465857 0.72361727],1,4,"[0.7726811996944247, 0.7249303226766757]",-1,0
7050,[0.50867424 0.40835284],5,-1,-1,-1,-1
7051,[0.1550226  0.19783234],0,-1,-1,68,-1
7052,[0.69527881 0.49873069],8,3,"[0.6815204869410737, 0.47689852788858716]",-1,2
7053,[0.45873838 0.48365352],5,-1,-1,-1,-1
7054,[0.62363468 0.40541216],8,-1,-1,-1,-1
7055,[0.77847386 0.51519027],8,-1,-1,111,-1
7056,[0.27362712 0.35026474],2,5,"[0.23231087327800656, 0.30304944505444303]",1550,-1
7057,[0.82823557 0.77834308],1,-1,-1,290,0
7058,[0.33722745 0.5536068 ],7,0,"[0.383291892093257, 0.5586820702346661]",1957,17
7059,[0.5413392  0.69612028],9,-1,-1,-1,-1
7060,[0.31453594 0.55674743],7,7,"[0.2817018170798153, 0.5849768676672948]",1981,17
7061,[0.26385817 0.44270602],7,8,"[0.27392971195344684, 0.45973140540928376]",-1,-1
7062,[0.5685304  0.52304348],9,6,"[0.5164739970238864, 0.5319253761973344]",-1,-1
7063,[0.26068815 0.56624076],4,7,"[0.2817018170798153, 0.5849768676672948]",-1,-1
7064,[0.22251066 0.58446916],7,7,"[0.2817018170798153, 0.5849768676672948]",380,-1
7065,[0.32489618 0.49259564],2,8,"[0.27392971195344684, 0.45973140540928376]",-1,-1
7066,[0.4216935  0.52252733],3,0,"[0.383291892093257, 0.5586820702346661]",-1,-1
7067,[0.32595717 0.62586906],4,7,"[0.2817018170798153, 0.5849768676672948]",1395,-1
7068,[0.67944805 0.65392035],9,-1,-1,-1,-1
7069,[0.28116955 0.38593015],7,-1,-1,-1,-1
7070,[0.29687138 0.65034845],4,7,"[0.2817018170798153, 0.5849768676672948]",-1,-1
7071,[0.74591581 0.79953653],1,-1,-1,-1,0
7072,[0.27618273 0.21434279],0,9,"[0.3110394802231661, 0.23517199738277297]",1355,-1
7073,[0.70443196 0.55983765],9,-1,-1,563,-1
7074,[0.83439492 0.71758211],1,4,"[0.7726811996944247, 0.7249303226766757]",-1,0
7075,[0.38032373 0.47104041],4,-1,-1,-1,-1
7076,[0.87951263 0.68969955],1,-1,-1,-1,-1
7077,[0.53232182 0.54679674],5,6,"[0.5164739970238864, 0.5319253761973344]",-1,-1
7078,[0.42374809 0.42881173],6,-1,-1,403,-1
7079,[0.24236008 0.55867868],7,7,"[0.2817018170798153, 0.5849768676672948]",-1,-1
7080,[0.37934856 0.56476745],3,0,"[0.383291892093257, 0.5586820702346661]",-1,-1
7081,[0.57664536 0.51712696],5,6,"[0.5164739970238864, 0.5319253761973344]",1035,-1
7082,[0.26538662 0.4080374 ],2,8,"[0.27392971195344684, 0.45973140540928376]",1007,-1
7083,[0.87348651 0.82931644],1,-1,-1,-1,-1
7084,[0.66439291 0.46206517],8,3,"[0.6815204869410737, 0.47689852788858716]",797,-1
7085,[0.66762178 0.56439986],8,-1,-1,892,-1
7086,[0.32099362 0.28649613],0,9,"[0.3110394802231661, 0.23517199738277297]",-1,11
7087,[0.61541238 0.51663337],8,-1,-1,-1,-1
7088,[0.91158444 0.71757216],1,-1,-1,-1,-1
7089,[0.62708137 0.40937256],8,-1,-1,265,-1
7090,[0.21584817 0.48554462],7,8,"[0.27392971195344684, 0.45973140540928376]",-1,-1
7091,[0.38567806 0.66817149],3,-1,-1,-1,-1
7092,[0.62858883 0.42171159],8,-1,-1,264,-1
7093,[0.55390589 0.44555305],5,-1,-1,249,-1
7094,[0.32350452 0.39001207],2,-1,-1,1426,-1
7095,[0.44231567 0.596377  ],5,-1,-1,1229,-1
7096,[0.46044833 0.25739111],6,-1,-1,-1,-1
7097,[0.79764358 0.64890578],1,-1,-1,-1,0
7098,[0.4538007  0.37196249],6,-1,-1,441,-1
7099,[0.78596603 0.44168097],8,-1,-1,-1,-1
7100,[0.27708545 0.30209229],0,5,"[0.23231087327800656, 0.30304944505444303]",1581,-1
7101,[0.25509991 0.4867156 ],7,8,"[0.27392971195344684, 0.45973140540928376]",1709,-1
7102,[0.27366897 0.26335306],0,9,"[0.3110394802231661, 0.23517199738277297]",1606,-1
7103,[0.23971666 0.27355134],0,5,"[0.23231087327800656, 0.30304944505444303]",1363,-1
7104,[0.28913511 0.54235522],7,7,"[0.2817018170798153, 0.5849768676672948]",1907,14
7105,[0.09336216 0.28399179],0,-1,-1,-1,-1
7106,[0.49281487 0.41521982],5,-1,-1,52,-1
7107,[0.45964548 0.57752626],5,-1,-1,1232,4
7108,[0.65683062 0.62756365],9,2,"[0.5921204552873188, 0.6383928111301557]",1157,-1
7109,[0.27501235 0.27110078],2,9,"[0.3110394802231661, 0.23517199738277297]",-1,-1
7110,[0.22892979 0.29548716],2,5,"[0.23231087327800656, 0.30304944505444303]",1461,-1
7111,[0.3212593  0.32193873],6,-1,-1,-1,-1
7112,[0.23276853 0.56800787],7,7,"[0.2817018170798153, 0.5849768676672948]",1358,-1
7113,[0.31882322 0.46495124],7,8,"[0.27392971195344684, 0.45973140540928376]",1556,-1
7114,[0.26542294 0.55418067],7,7,"[0.2817018170798153, 0.5849768676672948]",1704,-1
7115,[0.40825352 0.53261849],4,0,"[0.383291892093257, 0.5586820702346661]",-1,-1
7116,[0.27293408 0.24395635],0,9,"[0.3110394802231661, 0.23517199738277297]",1524,-1
7117,[0.6688257  0.63996253],9,-1,-1,581,-1
7118,[0.37122969 0.58833018],3,0,"[0.383291892093257, 0.5586820702346661]",1846,12
7119,[0.71019703 0.44152545],8,3,"[0.6815204869410737, 0.47689852788858716]",594,-1
7120,[0.73091689 0.81395121],1,-1,-1,-1,0
7121,[0.27659898 0.31005371],2,5,"[0.23231087327800656, 0.30304944505444303]",-1,-1
7122,[0.46984819 0.60572238],5,-1,-1,908,-1
7123,[0.49015018 0.38863618],6,-1,-1,-1,-1
7124,[0.49274358 0.67559564],5,-1,-1,304,-1
7125,[0.24942779 0.57250033],4,7,"[0.2817018170798153, 0.5849768676672948]",1563,-1
7126,[0.25368168 0.3363441 ],2,5,"[0.23231087327800656, 0.30304944505444303]",1399,-1
7127,[0.71917102 0.4182631 ],8,3,"[0.6815204869410737, 0.47689852788858716]",443,-1
7128,[0.25103409 0.34979033],2,5,"[0.23231087327800656, 0.30304944505444303]",-1,-1
7129,[0.80393634 0.75409493],1,4,"[0.7726811996944247, 0.7249303226766757]",-1,0
7130,[0.81769579 0.82081688],1,-1,-1,-1,-1
7131,[0.21240546 0.28568088],2,5,"[0.23231087327800656, 0.30304944505444303]",1109,-1
7132,[0.82474575 0.75814242],1,4,"[0.7726811996944247, 0.7249303226766757]",368,0
7133,[0.40466342 0.38068223],6,1,"[0.3897435781344088, 0.3417040596068965]",-1,-1
7134,[0.47701861 0.59040752],5,-1,-1,1227,-1
7135,[0.75857556 0.71553671],1,4,"[0.7726811996944247, 0.7249303226766757]",462,0
7136,[0.45924661 0.63811817],5,-1,-1,-1,-1
7137,[0.37478309 0.68792254],3,-1,-1,-1,-1
7138,[0.45453805 0.52524731],5,6,"[0.5164739970238864, 0.5319253761973344]",1302,-1
7139,[0.46461136 0.438818  ],5,-1,-1,-1,-1
7140,[0.30565161 0.43355545],7,8,"[0.27392971195344684, 0.45973140540928376]",1081,-1
7141,[0.44026971 0.63827303],4,-1,-1,-1,-1
7142,[0.25997205 0.47807294],7,8,"[0.27392971195344684, 0.45973140540928376]",-1,-1
7143,[0.44538205 0.64300543],3,-1,-1,534,-1
7144,[0.73981941 0.67325624],1,4,"[0.7726811996944247, 0.7249303226766757]",376,0
7145,[0.26541864 0.2123728 ],0,9,"[0.3110394802231661, 0.23517199738277297]",991,-1
7146,[0.4862586  0.27418353],6,-1,-1,-1,-1
7147,[0.53579268 0.59598878],9,6,"[0.5164739970238864, 0.5319253761973344]",-1,-1
7148,[0.69471127 0.70810968],1,-1,-1,343,0
7149,[0.31009352 0.40750251],2,8,"[0.27392971195344684, 0.45973140540928376]",928,-1
7150,[0.17163744 0.39361183],2,-1,-1,133,-1
7151,[0.61555158 0.52833235],8,-1,-1,863,-1
7152,[0.43021053 0.39066815],6,1,"[0.3897435781344088, 0.3417040596068965]",-1,-1
7153,[0.60199597 0.7288819 ],9,-1,-1,-1,-1
7154,[0.38688302 0.57074902],3,0,"[0.383291892093257, 0.5586820702346661]",-1,-1
7155,[0.26031717 0.2755707 ],0,5,"[0.23231087327800656, 0.30304944505444303]",-1,-1
7156,[0.23621397 0.49198476],7,8,"[0.27392971195344684, 0.45973140540928376]",1280,-1
7157,[0.63058274 0.47699151],8,3,"[0.6815204869410737, 0.47689852788858716]",-1,-1
7158,[0.60350092 0.48445814],9,-1,-1,-1,-1
7159,[0.60638965 0.46825545],8,-1,-1,-1,-1
7160,[0.77637154 0.7108957 ],1,4,"[0.7726811996944247, 0.7249303226766757]",476,0
7161,[0.36295428 0.69589921],4,-1,-1,-1,-1
7162,[0.27945267 0.53475547],7,7,"[0.2817018170798153, 0.5849768676672948]",-1,14
7163,[0.51801965 0.62754216],5,-1,-1,1143,-1
7164,[0.77106905 0.76561588],1,4,"[0.7726811996944247, 0.7249303226766757]",410,0
7165,[0.49598279 0.67587155],9,-1,-1,304,-1
7166,[0.18582757 0.23187928],2,-1,-1,-1,-1
7167,[0.64423589 0.39830564],8,-1,-1,-1,-1
7168,[0.73031135 0.44101409],8,3,"[0.6815204869410737, 0.47689852788858716]",-1,-1
7169,[0.29989218 0.30646353],0,5,"[0.23231087327800656, 0.30304944505444303]",-1,-1
7170,[0.37665782 0.40388708],6,1,"[0.3897435781344088, 0.3417040596068965]",-1,-1
7171,[0.36094393 0.54097129],3,0,"[0.383291892093257, 0.5586820702346661]",-1,-1
7172,[0.82284666 0.7081728 ],1,4,"[0.7726811996944247, 0.7249303226766757]",-1,0
7173,[0.6126725  0.72626687],9,-1,-1,-1,-1
7174,[0.33313638 0.57987564],4,7,"[0.2817018170798153, 0.5849768676672948]",1980,-1
7175,[0.2212818  0.39933084],2,-1,-1,502,-1
7176,[0.40202304 0.55075734],3,0,"[0.383291892093257, 0.5586820702346661]",-1,-1
7177,[0.32202077 0.4703547 ],2,8,"[0.27392971195344684, 0.45973140540928376]",1523,-1
7178,[0.37564238 0.51306863],3,0,"[0.383291892093257, 0.5586820702346661]",1764,-1
7179,[0.46678733 0.58600232],3,-1,-1,-1,-1
7180,[0.57888069 0.68740409],9,2,"[0.5921204552873188, 0.6383928111301557]",915,-1
7181,[0.67881145 0.44260008],5,3,"[0.6815204869410737, 0.47689852788858716]",735,-1
7182,[0.44018753 0.37835325],6,1,"[0.3897435781344088, 0.3417040596068965]",741,-1
7183,[0.2461783  0.53185066],7,7,"[0.2817018170798153, 0.5849768676672948]",1488,-1
7184,[0.25931498 0.61893393],4,7,"[0.2817018170798153, 0.5849768676672948]",-1,-1
7185,[0.25738666 0.46417761],7,8,"[0.27392971195344684, 0.45973140540928376]",1595,-1
7186,[0.23307517 0.3537393 ],0,5,"[0.23231087327800656, 0.30304944505444303]",1130,-1
7187,[0.78695123 0.36228976],8,-1,-1,-1,-1
7188,[0.82569674 0.68280353],1,4,"[0.7726811996944247, 0.7249303226766757]",-1,0
7189,[0.44935845 0.58739373],5,-1,-1,1228,4
7190,[0.5437368  0.59811576],5,2,"[0.5921204552873188, 0.6383928111301557]",1422,-1
7191,[0.51556186 0.52559272],5,6,"[0.5164739970238864, 0.5319253761973344]",1192,-1
7192,[0.16088165 0.20338957],0,-1,-1,68,-1
7193,[0.77896367 0.77290737],1,4,"[0.7726811996944247, 0.7249303226766757]",-1,0
7194,[0.29021409 0.35881748],2,-1,-1,1479,-1
7195,[0.70299805 0.66039456],1,-1,-1,414,0
7196,[0.74858494 0.8408996 ],1,-1,-1,31,-1
7197,[0.33247372 0.41186428],6,-1,-1,917,-1
7198,[0.29601276 0.48304809],4,8,"[0.27392971195344684, 0.45973140540928376]",1798,-1
7199,[0.48044598 0.46508141],5,-1,-1,278,-1
7200,[0.32424868 0.32492752],2,1,"[0.3897435781344088, 0.3417040596068965]",1671,-1
7201,[0.31065451 0.3615374 ],2,-1,-1,-1,-1
7202,[0.22864391 0.47079945],7,8,"[0.27392971195344684, 0.45973140540928376]",724,-1
7203,[0.83333611 0.60151303],1,-1,-1,-1,-1
7204,[0.4481068  0.61739861],3,-1,-1,707,-1
7205,[0.60757945 0.42368494],5,-1,-1,284,-1
7206,[0.89560348 0.71915497],1,-1,-1,119,-1
7207,[0.38831174 0.25111565],6,-1,-1,833,-1
7208,[0.607813   0.45941747],8,-1,-1,-1,-1
7209,[0.58607626 0.62771471],9,2,"[0.5921204552873188, 0.6383928111301557]",1333,-1
7210,[0.63962341 0.57324218],9,-1,-1,811,-1
7211,[0.7242436 0.6434962],1,-1,-1,-1,0
7212,[0.75575053 0.4861827 ],8,-1,-1,507,-1
7213,[0.58174894 0.4808814 ],8,-1,-1,772,-1
7214,[0.43114903 0.37436682],6,1,"[0.3897435781344088, 0.3417040596068965]",681,-1
7215,[0.57976435 0.53418617],5,6,"[0.5164739970238864, 0.5319253761973344]",-1,-1
7216,[0.65994738 0.41902494],8,3,"[0.6815204869410737, 0.47689852788858716]",-1,-1
7217,[0.71156004 0.49293023],8,3,"[0.6815204869410737, 0.47689852788858716]",-1,-1
7218,[0.72439616 0.44946498],8,3,"[0.6815204869410737, 0.47689852788858716]",-1,-1
7219,[0.38868   0.4679225],7,-1,-1,-1,-1
7220,[0.24455261 0.18312349],0,-1,-1,344,-1
7221,[0.74816836 0.48767218],8,3,"[0.6815204869410737, 0.47689852788858716]",508,-1
7222,[0.38292517 0.30291118],6,1,"[0.3897435781344088, 0.3417040596068965]",1463,-1
7223,[0.73568913 0.75569376],1,4,"[0.7726811996944247, 0.7249303226766757]",-1,0
7224,[0.25359053 0.21557619],0,9,"[0.3110394802231661, 0.23517199738277297]",990,-1
7225,[0.35881347 0.31006289],6,1,"[0.3897435781344088, 0.3417040596068965]",-1,-1
7226,[0.44514142 0.56216171],4,0,"[0.383291892093257, 0.5586820702346661]",1281,-1
7227,[0.66796966 0.66283288],1,-1,-1,-1,-1
7228,[0.31430702 0.51836326],7,-1,-1,1922,-1
7229,[0.23617162 0.46523722],2,8,"[0.27392971195344684, 0.45973140540928376]",-1,-1
7230,[0.49010158 0.26169584],6,-1,-1,118,-1
7231,[0.5274677  0.61680724],9,2,"[0.5921204552873188, 0.6383928111301557]",-1,-1
7232,[0.21176455 0.53186607],7,-1,-1,853,-1
7233,[0.81016448 0.43080004],8,-1,-1,-1,-1
7234,[0.7918102  0.78544961],1,4,"[0.7726811996944247, 0.7249303226766757]",-1,0
7235,[0.55850961 0.54727116],5,6,"[0.5164739970238864, 0.5319253761973344]",1409,-1
7236,[0.2821947  0.25820972],0,9,"[0.3110394802231661, 0.23517199738277297]",-1,-1
7237,[0.78930305 0.70638423],1,4,"[0.7726811996944247, 0.7249303226766757]",478,0
7238,[0.28155565 0.62962893],4,7,"[0.2817018170798153, 0.5849768676672948]",588,-1
7239,[0.47614508 0.62346311],5,-1,-1,736,-1
7240,[0.31844892 0.54785631],4,7,"[0.2817018170798153, 0.5849768676672948]",1989,17
7241,[0.7591283  0.45286435],8,-1,-1,263,-1
7242,[0.38302009 0.30712428],2,1,"[0.3897435781344088, 0.3417040596068965]",-1,-1
7243,[0.71174718 0.31092813],8,-1,-1,-1,-1
7244,[0.28279986 0.4942223 ],7,8,"[0.27392971195344684, 0.45973140540928376]",-1,-1
7245,[0.55909273 0.52290859],5,6,"[0.5164739970238864, 0.5319253761973344]",-1,-1
7246,[0.34903054 0.5007381 ],4,0,"[0.383291892093257, 0.5586820702346661]",-1,-1
7247,[0.16828182 0.26642265],0,-1,-1,220,-1
7248,[0.37120048 0.36685576],6,1,"[0.3897435781344088, 0.3417040596068965]",-1,-1
7249,[0.82804073 0.47139626],8,-1,-1,-1,-1
7250,[0.34569007 0.48066065],3,-1,-1,1891,-1
7251,[0.48571805 0.67434286],5,-1,-1,305,-1
7252,[0.27611084 0.7124586 ],3,-1,-1,-1,-1
7253,[0.25142525 0.5202236 ],4,8,"[0.27392971195344684, 0.45973140540928376]",-1,-1
7254,[0.33491814 0.27384099],6,9,"[0.3110394802231661, 0.23517199738277297]",-1,-1
7255,[0.66895687 0.61289531],8,-1,-1,-1,-1
7256,[0.56877516 0.46404027],8,-1,-1,517,-1
7257,[0.79347379 0.71382943],1,4,"[0.7726811996944247, 0.7249303226766757]",478,0
7258,[0.3759607  0.54134279],3,0,"[0.383291892093257, 0.5586820702346661]",1811,-1
7259,[0.33415992 0.31663011],6,1,"[0.3897435781344088, 0.3417040596068965]",1683,-1
7260,[0.38822363 0.55852865],3,0,"[0.383291892093257, 0.5586820702346661]",1774,-1
7261,[0.70653371 0.53298255],8,3,"[0.6815204869410737, 0.47689852788858716]",-1,-1
7262,[0.28645261 0.47507454],7,8,"[0.27392971195344684, 0.45973140540928376]",1799,-1
7263,[0.36385416 0.50118481],4,0,"[0.383291892093257, 0.5586820702346661]",-1,-1
7264,[0.47945136 0.46078945],5,-1,-1,-1,-1
7265,[0.22739579 0.41453883],2,8,"[0.27392971195344684, 0.45973140540928376]",499,-1
7266,[0.3631164  0.43096893],7,-1,-1,-1,-1
7267,[0.69812531 0.47537739],8,3,"[0.6815204869410737, 0.47689852788858716]",-1,-1
7268,[0.31910377 0.54836409],4,7,"[0.2817018170798153, 0.5849768676672948]",1989,17
7269,[0.53643553 0.63673484],9,2,"[0.5921204552873188, 0.6383928111301557]",1257,-1
7270,[0.64295186 0.56855169],9,-1,-1,-1,-1
7271,[0.42028636 0.54929855],3,0,"[0.383291892093257, 0.5586820702346661]",1714,-1
7272,[0.21653009 0.20093829],0,-1,-1,374,-1
7273,[0.42277106 0.72665012],9,-1,-1,-1,-1
7274,[0.746063   0.74135668],1,4,"[0.7726811996944247, 0.7249303226766757]",453,0
7275,[0.23441869 0.33914605],2,5,"[0.23231087327800656, 0.30304944505444303]",1522,-1
7276,[0.44962219 0.45201787],3,-1,-1,270,-1
7277,[0.5217668  0.62356113],5,-1,-1,1143,-1
7278,[0.47451431 0.26060488],6,-1,-1,-1,-1
7279,[0.43770034 0.59896045],4,0,"[0.383291892093257, 0.5586820702346661]",-1,-1
7280,[0.28560533 0.29142509],0,5,"[0.23231087327800656, 0.30304944505444303]",1686,11
7281,[0.612502   0.62523642],9,2,"[0.5921204552873188, 0.6383928111301557]",-1,-1
7282,[0.37380371 0.50064797],4,0,"[0.383291892093257, 0.5586820702346661]",-1,-1
7283,[0.28168994 0.33802413],0,5,"[0.23231087327800656, 0.30304944505444303]",-1,-1
7284,[0.67993898 0.45670069],8,3,"[0.6815204869410737, 0.47689852788858716]",735,-1
7285,[0.35263047 0.31110008],6,1,"[0.3897435781344088, 0.3417040596068965]",-1,-1
7286,[0.3582205  0.17226356],6,-1,-1,-1,-1
7287,[0.62714798 0.54921265],5,-1,-1,1100,-1
7288,[0.33551416 0.24340585],2,9,"[0.3110394802231661, 0.23517199738277297]",-1,-1
7289,[0.29708855 0.54868167],3,7,"[0.2817018170798153, 0.5849768676672948]",1838,-1
7290,[0.34207168 0.58696602],3,0,"[0.383291892093257, 0.5586820702346661]",-1,-1
7291,[0.86703352 0.70510777],1,-1,-1,-1,0
7292,[0.66939462 0.66616701],9,-1,-1,-1,-1
7293,[0.6814564  0.82606992],1,-1,-1,23,-1
7294,[0.33698523 0.41330369],6,-1,-1,917,-1
7295,[0.7452049  0.43056973],8,-1,-1,-1,-1
7296,[0.39817835 0.38921246],6,1,"[0.3897435781344088, 0.3417040596068965]",-1,-1
7297,[0.64388845 0.54187476],8,-1,-1,1116,-1
7298,[0.30692789 0.51889023],4,8,"[0.27392971195344684, 0.45973140540928376]",1881,-1
7299,[0.30558585 0.27460781],6,9,"[0.3110394802231661, 0.23517199738277297]",-1,-1
7300,[0.64722236 0.406018  ],8,-1,-1,-1,-1
7301,[0.78711489 0.72546354],1,4,"[0.7726811996944247, 0.7249303226766757]",-1,0
7302,[0.17411858 0.2469222 ],0,-1,-1,172,-1
7303,[0.79819274 0.45962123],8,-1,-1,-1,-1
7304,[0.47183404 0.66960203],3,-1,-1,-1,-1
7305,[0.31230975 0.49371903],4,8,"[0.27392971195344684, 0.45973140540928376]",1872,-1
7306,[0.56524271 0.53615447],5,6,"[0.5164739970238864, 0.5319253761973344]",-1,6
7307,[0.35664708 0.48332775],4,-1,-1,1746,-1
7308,[0.23206359 0.487889  ],2,8,"[0.27392971195344684, 0.45973140540928376]",1280,-1
7309,[0.58118858 0.47332027],8,-1,-1,772,-1
7310,[0.56886826 0.65200297],9,2,"[0.5921204552873188, 0.6383928111301557]",-1,-1
7311,[0.5545035  0.53624161],5,6,"[0.5164739970238864, 0.5319253761973344]",-1,-1
7312,[0.3242999  0.33705939],2,1,"[0.3897435781344088, 0.3417040596068965]",-1,-1
7313,[0.24046078 0.29600889],0,5,"[0.23231087327800656, 0.30304944505444303]",1298,-1
7314,[0.4408719  0.59385687],5,0,"[0.383291892093257, 0.5586820702346661]",-1,-1
7315,[0.39561777 0.61327951],3,0,"[0.383291892093257, 0.5586820702346661]",1725,-1
7316,[0.41286651 0.27327157],6,-1,-1,921,-1
7317,[0.37664543 0.58799796],3,0,"[0.383291892093257, 0.5586820702346661]",-1,12
7318,[0.17508623 0.17167286],0,-1,-1,-1,-1
7319,[0.32356447 0.59250426],3,7,"[0.2817018170798153, 0.5849768676672948]",-1,-1
7320,[0.66162404 0.38147517],8,-1,-1,242,-1
7321,[0.48801603 0.54400443],5,6,"[0.5164739970238864, 0.5319253761973344]",-1,-1
7322,[0.64283446 0.49599864],8,3,"[0.6815204869410737, 0.47689852788858716]",-1,1
7323,[0.37824473 0.22000059],0,9,"[0.3110394802231661, 0.23517199738277297]",484,-1
7324,[0.75302919 0.53221847],8,-1,-1,222,-1
7325,[0.45597859 0.58174405],5,-1,-1,1223,4
7326,[0.33432962 0.56014055],5,0,"[0.383291892093257, 0.5586820702346661]",1971,-1
7327,[0.25832769 0.54917274],7,7,"[0.2817018170798153, 0.5849768676672948]",-1,-1
7328,[0.49498082 0.58901641],5,6,"[0.5164739970238864, 0.5319253761973344]",-1,-1
7329,[0.70657927 0.42031437],8,3,"[0.6815204869410737, 0.47689852788858716]",540,-1
7330,[0.52559647 0.66146075],9,-1,-1,920,-1
7331,[0.81462816 0.60839606],1,-1,-1,-1,-1
7332,[0.71332997 0.63872092],9,-1,-1,238,0
7333,[0.2946773  0.29777095],2,5,"[0.23231087327800656, 0.30304944505444303]",-1,11
7334,[0.32311851 0.44985888],3,8,"[0.27392971195344684, 0.45973140540928376]",941,-1
7335,[0.22641799 0.58231758],4,7,"[0.2817018170798153, 0.5849768676672948]",-1,-1
7336,[0.25499598 0.39658455],2,8,"[0.27392971195344684, 0.45973140540928376]",649,-1
7337,[0.58089357 0.51886459],8,6,"[0.5164739970238864, 0.5319253761973344]",1035,-1
7338,[0.69608637 0.4783547 ],8,3,"[0.6815204869410737, 0.47689852788858716]",808,-1
7339,[0.33289707 0.64332508],4,-1,-1,-1,-1
7340,[0.18991588 0.53411471],4,-1,-1,-1,-1
7341,[0.17135766 0.50801666],4,-1,-1,76,-1
7342,[0.28296989 0.60545875],7,7,"[0.2817018170798153, 0.5849768676672948]",-1,-1
7343,[0.58798864 0.56091251],8,-1,-1,1253,-1
7344,[0.24700685 0.50305769],7,8,"[0.27392971195344684, 0.45973140540928376]",-1,-1
7345,[0.40150901 0.58940987],3,0,"[0.383291892093257, 0.5586820702346661]",-1,-1
7346,[0.69171403 0.38410986],8,-1,-1,217,-1
7347,[0.32629401 0.21800327],0,9,"[0.3110394802231661, 0.23517199738277297]",-1,-1
7348,[0.68390202 0.74827867],1,-1,-1,-1,0
7349,[0.76213846 0.77118479],1,4,"[0.7726811996944247, 0.7249303226766757]",-1,0
7350,[0.25715185 0.56423025],4,7,"[0.2817018170798153, 0.5849768676672948]",1699,-1
7351,[0.29040318 0.43841862],3,8,"[0.27392971195344684, 0.45973140540928376]",1240,-1
7352,[0.76830393 0.50857617],8,-1,-1,-1,-1
7353,[0.59399245 0.62130666],9,2,"[0.5921204552873188, 0.6383928111301557]",1343,6
7354,[0.31030392 0.5203841 ],4,-1,-1,1919,-1
7355,[0.1804455  0.40597731],0,-1,-1,-1,-1
7356,[0.42550644 0.32488982],6,1,"[0.3897435781344088, 0.3417040596068965]",-1,-1
7357,[0.62138686 0.51830323],8,-1,-1,862,-1
7358,[0.39150486 0.36690738],0,1,"[0.3897435781344088, 0.3417040596068965]",-1,-1
7359,[0.27559368 0.31624377],2,5,"[0.23231087327800656, 0.30304944505444303]",1585,9
7360,[0.70700256 0.68460231],1,-1,-1,339,0
7361,[0.41188644 0.59823527],3,0,"[0.383291892093257, 0.5586820702346661]",-1,-1
7362,[0.51890315 0.67581816],9,-1,-1,449,-1
7363,[0.29227145 0.22192316],0,9,"[0.3110394802231661, 0.23517199738277297]",-1,-1
7364,[0.40824361 0.52527456],3,0,"[0.383291892093257, 0.5586820702346661]",-1,-1
7365,[0.29770465 0.59998036],7,7,"[0.2817018170798153, 0.5849768676672948]",-1,-1
7366,[0.67383559 0.58263901],8,-1,-1,-1,-1
7367,[0.56772165 0.73712192],9,-1,-1,-1,-1
7368,[0.75342096 0.69960262],1,4,"[0.7726811996944247, 0.7249303226766757]",-1,0
7369,[0.49349689 0.52321543],5,6,"[0.5164739970238864, 0.5319253761973344]",936,-1
7370,[0.2524932  0.54854853],7,7,"[0.2817018170798153, 0.5849768676672948]",-1,-1
7371,[0.3077016  0.31574691],6,-1,-1,-1,-1
7372,[0.23309745 0.60639648],7,7,"[0.2817018170798153, 0.5849768676672948]",-1,-1
7373,[0.3794322  0.35350878],0,1,"[0.3897435781344088, 0.3417040596068965]",-1,-1
7374,[0.29839544 0.53554681],7,7,"[0.2817018170798153, 0.5849768676672948]",-1,-1
7375,[0.30027477 0.57550784],4,7,"[0.2817018170798153, 0.5849768676672948]",1839,-1
7376,[0.20185181 0.25217584],0,5,"[0.23231087327800656, 0.30304944505444303]",-1,-1
7377,[0.42440543 0.29896031],6,1,"[0.3897435781344088, 0.3417040596068965]",-1,-1
7378,[0.81922394 0.69127462],1,4,"[0.7726811996944247, 0.7249303226766757]",-1,0
7379,[0.41611558 0.55770313],3,0,"[0.383291892093257, 0.5586820702346661]",1739,-1
7380,[0.32083661 0.52164156],4,-1,-1,1824,-1
7381,[0.27118981 0.41762176],7,8,"[0.27392971195344684, 0.45973140540928376]",-1,-1
7382,[0.68138784 0.70453933],1,-1,-1,-1,0
7383,[0.29147165 0.24478487],0,9,"[0.3110394802231661, 0.23517199738277297]",1465,-1
7384,[0.53452609 0.42444448],5,-1,-1,-1,-1
7385,[0.54637376 0.45645934],5,-1,-1,-1,-1
7386,[0.41886033 0.59411541],3,0,"[0.383291892093257, 0.5586820702346661]",-1,-1
7387,[0.13165988 0.52359192],7,-1,-1,-1,-1
7388,[0.37831786 0.60473733],3,0,"[0.383291892093257, 0.5586820702346661]",-1,-1
7389,[0.5768949  0.74563969],9,-1,-1,-1,-1
7390,[0.44353901 0.6091399 ],3,-1,-1,-1,-1
7391,[0.82246555 0.74604916],1,4,"[0.7726811996944247, 0.7249303226766757]",-1,0
7392,[0.75626719 0.68359616],1,4,"[0.7726811996944247, 0.7249303226766757]",-1,0
7393,[0.11208222 0.32538641],0,-1,-1,-1,-1
7394,[0.60279379 0.579116  ],9,2,"[0.5921204552873188, 0.6383928111301557]",1326,5
7395,[0.70325815 0.60474503],8,-1,-1,273,-1
7396,[0.3272987  0.38341708],6,-1,-1,1011,-1
7397,[0.45858847 0.46090396],5,-1,-1,291,-1
7398,[0.18260579 0.45274387],7,-1,-1,-1,-1
7399,[0.7606078  0.71672847],1,4,"[0.7726811996944247, 0.7249303226766757]",-1,0
7400,[0.28082982 0.2934992 ],0,5,"[0.23231087327800656, 0.30304944505444303]",1687,11
7401,[0.1862053  0.24929044],0,-1,-1,676,-1
7402,[0.32155372 0.6029309 ],7,7,"[0.2817018170798153, 0.5849768676672948]",1939,-1
7403,[0.36870055 0.32759218],6,1,"[0.3897435781344088, 0.3417040596068965]",1536,-1
7404,[0.52050798 0.56135926],9,6,"[0.5164739970238864, 0.5319253761973344]",1369,-1
7405,[0.74381561 0.82782072],1,-1,-1,-1,-1
7406,[0.30552849 0.55783533],7,7,"[0.2817018170798153, 0.5849768676672948]",-1,-1
7407,[0.36808219 0.56866951],3,0,"[0.383291892093257, 0.5586820702346661]",1849,12
7408,[0.28448213 0.32633114],2,5,"[0.23231087327800656, 0.30304944505444303]",-1,-1
7409,[0.78064117 0.71519545],1,4,"[0.7726811996944247, 0.7249303226766757]",477,0
7410,[0.40936892 0.28396462],6,1,"[0.3897435781344088, 0.3417040596068965]",922,-1
7411,[0.15485363 0.20134497],0,-1,-1,68,-1
7412,[0.32969476 0.59348022],4,7,"[0.2817018170798153, 0.5849768676672948]",-1,-1
7413,[0.20270765 0.18213979],0,-1,-1,-1,-1
7414,[0.61660243 0.43232949],8,-1,-1,285,-1
7415,[0.47905467 0.53671343],5,6,"[0.5164739970238864, 0.5319253761973344]",-1,-1
7416,[0.36419956 0.53545338],7,0,"[0.383291892093257, 0.5586820702346661]",1934,-1
7417,[0.33243918 0.29063682],2,9,"[0.3110394802231661, 0.23517199738277297]",-1,-1
7418,[0.43676149 0.50589311],3,-1,-1,1059,-1
7419,[0.6309221  0.60037864],9,2,"[0.5921204552873188, 0.6383928111301557]",1207,-1
7420,[0.41337362 0.56682297],3,0,"[0.383291892093257, 0.5586820702346661]",-1,-1
7421,[0.77907009 0.69373799],1,4,"[0.7726811996944247, 0.7249303226766757]",448,0
7422,[0.44838692 0.54689806],5,0,"[0.383291892093257, 0.5586820702346661]",1295,-1
7423,[0.18197169 0.65171074],4,-1,-1,-1,-1
7424,[0.52294861 0.62616035],9,-1,-1,1143,-1
7425,[0.76205826 0.79014237],1,4,"[0.7726811996944247, 0.7249303226766757]",369,0
7426,[0.31147367 0.29799068],2,9,"[0.3110394802231661, 0.23517199738277297]",1614,-1
7427,[0.71141998 0.82228394],1,-1,-1,-1,-1
7428,[0.60122739 0.48840244],8,-1,-1,-1,-1
7429,[0.68458653 0.75085008],1,-1,-1,-1,0
7430,[0.60844662 0.47285166],8,-1,-1,-1,-1
7431,[0.3046158  0.56627031],4,7,"[0.2817018170798153, 0.5849768676672948]",1925,-1
7432,[0.54988224 0.53072576],5,6,"[0.5164739970238864, 0.5319253761973344]",-1,-1
7433,[0.55382951 0.58981842],9,2,"[0.5921204552873188, 0.6383928111301557]",-1,-1
7434,[0.60829043 0.62217425],9,2,"[0.5921204552873188, 0.6383928111301557]",-1,-1
7435,[0.3103516  0.29708828],6,9,"[0.3110394802231661, 0.23517199738277297]",1614,-1
7436,[0.41336894 0.26739092],6,-1,-1,640,-1
7437,[0.64275394 0.4446492 ],8,3,"[0.6815204869410737, 0.47689852788858716]",-1,-1
7438,[0.69284045 0.85353742],1,-1,-1,-1,-1
7439,[0.2443719  0.43367456],6,8,"[0.27392971195344684, 0.45973140540928376]",696,-1
7440,[0.73766932 0.42302722],8,-1,-1,317,-1
7441,[0.41712988 0.36765761],6,1,"[0.3897435781344088, 0.3417040596068965]",-1,-1
7442,[0.6543011  0.46753478],8,3,"[0.6815204869410737, 0.47689852788858716]",-1,1
7443,[0.26071939 0.23703756],2,9,"[0.3110394802231661, 0.23517199738277297]",1137,-1
7444,[0.4331825  0.23725567],6,-1,-1,-1,-1
7445,[0.77431383 0.60694736],1,-1,-1,-1,-1
7446,[0.30689293 0.33907057],2,-1,-1,-1,8
7447,[0.39042472 0.25828497],6,-1,-1,-1,-1
7448,[0.3282838  0.60945079],7,7,"[0.2817018170798153, 0.5849768676672948]",1544,-1
7449,[0.2225618  0.22887068],0,-1,-1,872,-1
7450,[0.31497969 0.43904747],7,8,"[0.27392971195344684, 0.45973140540928376]",-1,-1
7451,[0.33411513 0.5594538 ],4,0,"[0.383291892093257, 0.5586820702346661]",1971,-1
7452,[0.57210151 0.55117114],8,6,"[0.5164739970238864, 0.5319253761973344]",-1,-1
7453,[0.60730325 0.59807394],9,2,"[0.5921204552873188, 0.6383928111301557]",1327,-1
7454,[0.51742317 0.62101753],5,-1,-1,-1,-1
7455,[0.3658439  0.48753685],3,-1,-1,1561,-1
7456,[0.63125732 0.59923071],8,2,"[0.5921204552873188, 0.6383928111301557]",-1,-1
7457,[0.31435486 0.5176488 ],3,-1,-1,1922,15
7458,[0.52518876 0.51042983],5,6,"[0.5164739970238864, 0.5319253761973344]",1176,-1
7459,[0.33127509 0.55450305],7,0,"[0.383291892093257, 0.5586820702346661]",-1,17
7460,[0.33621229 0.25353538],2,9,"[0.3110394802231661, 0.23517199738277297]",-1,-1
7461,[0.28849075 0.5086467 ],7,8,"[0.27392971195344684, 0.45973140540928376]",1913,-1
7462,[0.36653936 0.30968366],6,1,"[0.3897435781344088, 0.3417040596068965]",-1,-1
7463,[0.82828638 0.74732769],1,4,"[0.7726811996944247, 0.7249303226766757]",-1,0
7464,[0.29739159 0.36403046],2,-1,-1,-1,-1
7465,[0.31704053 0.53058372],3,7,"[0.2817018170798153, 0.5849768676672948]",1841,-1
7466,[0.60232696 0.57145294],5,2,"[0.5921204552873188, 0.6383928111301557]",-1,5
7467,[0.248937   0.32272431],0,5,"[0.23231087327800656, 0.30304944505444303]",1503,7
7468,[0.24535042 0.53891417],7,7,"[0.2817018170798153, 0.5849768676672948]",-1,-1
7469,[0.31076034 0.24449118],0,9,"[0.3110394802231661, 0.23517199738277297]",1499,-1
7470,[0.36355516 0.54718095],5,0,"[0.383291892093257, 0.5586820702346661]",1790,-1
7471,[0.26547617 0.22573811],2,9,"[0.3110394802231661, 0.23517199738277297]",-1,-1
7472,[0.78226156 0.71657307],1,4,"[0.7726811996944247, 0.7249303226766757]",477,0
7473,[0.24147437 0.35288802],6,5,"[0.23231087327800656, 0.30304944505444303]",-1,-1
7474,[0.6035592  0.65041859],9,2,"[0.5921204552873188, 0.6383928111301557]",1321,-1
7475,[0.731125   0.45296212],8,3,"[0.6815204869410737, 0.47689852788858716]",693,-1
7476,[0.40841143 0.34325089],6,1,"[0.3897435781344088, 0.3417040596068965]",998,-1
7477,[0.58431127 0.65922428],8,2,"[0.5921204552873188, 0.6383928111301557]",1124,-1
7478,[0.71086431 0.48513927],8,3,"[0.6815204869410737, 0.47689852788858716]",-1,-1
7479,[0.29878504 0.54013489],4,7,"[0.2817018170798153, 0.5849768676672948]",-1,-1
7480,[0.20446403 0.41729691],2,-1,-1,-1,-1
7481,[0.27223115 0.3366157 ],2,5,"[0.23231087327800656, 0.30304944505444303]",1607,-1
7482,[0.61087573 0.45593492],8,-1,-1,621,-1
7483,[0.26072386 0.33359048],2,5,"[0.23231087327800656, 0.30304944505444303]",1538,-1
7484,[0.40617057 0.50175955],3,0,"[0.383291892093257, 0.5586820702346661]",-1,-1
7485,[0.67251023 0.46804226],8,3,"[0.6815204869410737, 0.47689852788858716]",-1,-1
7486,[0.24253611 0.5781178 ],4,7,"[0.2817018170798153, 0.5849768676672948]",-1,-1
7487,[0.39417339 0.50414063],3,0,"[0.383291892093257, 0.5586820702346661]",1449,-1
7488,[0.24716859 0.60485513],4,7,"[0.2817018170798153, 0.5849768676672948]",-1,-1
7489,[0.69642916 0.75690855],1,-1,-1,-1,0
7490,[0.34019545 0.19684491],0,9,"[0.3110394802231661, 0.23517199738277297]",256,-1
7491,[0.47082313 0.51697259],5,6,"[0.5164739970238864, 0.5319253761973344]",1002,-1
7492,[0.39458118 0.23002149],0,-1,-1,204,-1
7493,[0.33448787 0.19097396],0,9,"[0.3110394802231661, 0.23517199738277297]",256,-1
7494,[0.35458859 0.27294672],6,9,"[0.3110394802231661, 0.23517199738277297]",1156,-1
7495,[0.25478028 0.4879312 ],7,8,"[0.27392971195344684, 0.45973140540928376]",1709,-1
7496,[0.4250559  0.49780282],3,-1,-1,914,-1
7497,[0.61282175 0.45683069],8,-1,-1,621,-1
7498,[0.25749386 0.65208787],7,-1,-1,-1,-1
7499,[0.38617703 0.28776018],6,1,"[0.3897435781344088, 0.3417040596068965]",-1,-1
7500,[0.50727784 0.71666097],9,-1,-1,-1,-1
7501,[0.26457668 0.35122789],2,5,"[0.23231087327800656, 0.30304944505444303]",1592,-1
7502,[0.42827286 0.59715129],5,0,"[0.383291892093257, 0.5586820702346661]",-1,-1
7503,[0.25894634 0.28170992],0,5,"[0.23231087327800656, 0.30304944505444303]",-1,-1
7504,[0.71048475 0.5644884 ],8,-1,-1,563,-1
7505,[0.27684945 0.29510453],2,5,"[0.23231087327800656, 0.30304944505444303]",1654,-1
7506,[0.29639804 0.52614686],3,7,"[0.2817018170798153, 0.5849768676672948]",1788,-1
7507,[0.17235724 0.30709478],0,5,"[0.23231087327800656, 0.30304944505444303]",-1,-1
7508,[0.24076284 0.27682262],0,5,"[0.23231087327800656, 0.30304944505444303]",-1,-1
7509,[0.79116184 0.74913241],1,4,"[0.7726811996944247, 0.7249303226766757]",445,0
7510,[0.37853086 0.50690248],3,0,"[0.383291892093257, 0.5586820702346661]",-1,-1
7511,[0.37171389 0.53979117],4,0,"[0.383291892093257, 0.5586820702346661]",-1,-1
7512,[0.33677007 0.5036197 ],4,-1,-1,1880,15
7513,[0.28943508 0.17572673],0,9,"[0.3110394802231661, 0.23517199738277297]",425,-1
7514,[0.68575452 0.46718661],8,3,"[0.6815204869410737, 0.47689852788858716]",-1,-1
7515,[0.65047286 0.2990729 ],8,-1,-1,-1,-1
7516,[0.38804575 0.3640041 ],6,1,"[0.3897435781344088, 0.3417040596068965]",1064,-1
7517,[0.49374263 0.27212848],6,-1,-1,118,-1
7518,[0.35615842 0.39720356],2,1,"[0.3897435781344088, 0.3417040596068965]",904,-1
7519,[0.49176286 0.45219304],5,-1,-1,-1,-1
7520,[0.30933516 0.48299891],4,8,"[0.27392971195344684, 0.45973140540928376]",1873,-1
7521,[0.37158777 0.6201377 ],4,0,"[0.383291892093257, 0.5586820702346661]",-1,-1
7522,[0.50967126 0.71347389],9,-1,-1,-1,-1
7523,[0.40894515 0.33007876],6,1,"[0.3897435781344088, 0.3417040596068965]",999,-1
7524,[0.68323773 0.63835964],9,-1,-1,493,-1
7525,[0.27085151 0.4040531 ],2,8,"[0.27392971195344684, 0.45973140540928376]",-1,-1
7526,[0.38898445 0.2659743 ],6,-1,-1,-1,-1
7527,[0.33318018 0.2491363 ],2,9,"[0.3110394802231661, 0.23517199738277297]",1489,-1
7528,[0.27736611 0.60121566],3,7,"[0.2817018170798153, 0.5849768676672948]",1032,-1
7529,[0.33333149 0.61190484],4,7,"[0.2817018170798153, 0.5849768676672948]",1544,-1
7530,[0.66018436 0.55263484],8,-1,-1,-1,-1
7531,[0.27103725 0.60555427],4,7,"[0.2817018170798153, 0.5849768676672948]",-1,-1
7532,[0.25119038 0.25738189],0,5,"[0.23231087327800656, 0.30304944505444303]",1310,-1
7533,[0.40828239 0.280813  ],6,1,"[0.3897435781344088, 0.3417040596068965]",922,-1
7534,[0.4338294  0.41695541],6,-1,-1,-1,-1
7535,[0.78086876 0.42340346],8,-1,-1,59,-1
7536,[0.26622702 0.46854572],2,8,"[0.27392971195344684, 0.45973140540928376]",1595,-1
7537,[0.3657323  0.31288782],6,1,"[0.3897435781344088, 0.3417040596068965]",-1,-1
7538,[0.69753416 0.42346327],8,3,"[0.6815204869410737, 0.47689852788858716]",-1,-1
7539,[0.7198056  0.88581773],1,-1,-1,-1,-1
7540,[0.79401292 0.52168303],8,-1,-1,69,-1
7541,[0.79910312 0.56792985],1,-1,-1,-1,-1
7542,[0.66204655 0.65600026],9,-1,-1,-1,-1
7543,[0.52331089 0.58673057],5,6,"[0.5164739970238864, 0.5319253761973344]",-1,-1
7544,[0.6012225  0.69608286],9,2,"[0.5921204552873188, 0.6383928111301557]",653,-1
7545,[0.60913487 0.55988999],5,-1,-1,-1,-1
7546,[0.18351099 0.53097219],7,-1,-1,-1,-1
7547,[0.22780281 0.45775218],7,8,"[0.27392971195344684, 0.45973140540928376]",587,-1
7548,[0.33798806 0.26478203],2,9,"[0.3110394802231661, 0.23517199738277297]",-1,-1
7549,[0.72616526 0.41974314],8,-1,-1,-1,-1
7550,[0.51515013 0.54342712],5,6,"[0.5164739970238864, 0.5319253761973344]",-1,-1
7551,[0.25243977 0.66177618],4,-1,-1,49,-1
7552,[0.64297211 0.62439112],9,2,"[0.5921204552873188, 0.6383928111301557]",-1,-1
7553,[0.37707243 0.32799766],6,1,"[0.3897435781344088, 0.3417040596068965]",1476,-1
7554,[0.41046356 0.45574307],7,-1,-1,-1,-1
7555,[0.32078031 0.24796027],2,9,"[0.3110394802231661, 0.23517199738277297]",-1,-1
7556,[0.49859086 0.45762085],5,-1,-1,-1,-1
7557,[0.56284931 0.64541269],9,2,"[0.5921204552873188, 0.6383928111301557]",1219,-1
7558,[0.27095079 0.32347205],2,5,"[0.23231087327800656, 0.30304944505444303]",1585,9
7559,[0.22131155 0.50638853],4,-1,-1,-1,-1
7560,[0.22409392 0.481928  ],7,8,"[0.27392971195344684, 0.45973140540928376]",1022,-1
7561,[0.7591477  0.67579815],1,4,"[0.7726811996944247, 0.7249303226766757]",-1,0
7562,[0.41568737 0.33747314],6,1,"[0.3897435781344088, 0.3417040596068965]",-1,-1
7563,[0.20742467 0.59399861],3,-1,-1,181,-1
7564,[0.32444304 0.57474905],7,7,"[0.2817018170798153, 0.5849768676672948]",1974,-1
7565,[0.20232121 0.329239  ],2,5,"[0.23231087327800656, 0.30304944505444303]",-1,-1
7566,[0.70993584 0.71852899],1,4,"[0.7726811996944247, 0.7249303226766757]",384,0
7567,[0.80701163 0.66283407],1,-1,-1,-1,0
7568,[0.29487687 0.54775502],4,7,"[0.2817018170798153, 0.5849768676672948]",-1,-1
7569,[0.64022465 0.67318411],9,2,"[0.5921204552873188, 0.6383928111301557]",-1,-1
7570,[0.17895561 0.19841601],0,-1,-1,147,-1
7571,[0.26600224 0.52860833],4,7,"[0.2817018170798153, 0.5849768676672948]",1853,-1
7572,[0.38584199 0.52017163],4,0,"[0.383291892093257, 0.5586820702346661]",-1,-1
7573,[0.20480126 0.23310775],2,-1,-1,898,-1
7574,[0.61927759 0.3860265 ],8,-1,-1,-1,-1
7575,[0.46659281 0.5618068 ],5,6,"[0.5164739970238864, 0.5319253761973344]",-1,-1
7576,[0.74492976 0.67265464],1,4,"[0.7726811996944247, 0.7249303226766757]",-1,0
7577,[0.73354288 0.40794432],8,-1,-1,316,-1
7578,[0.32755791 0.4418708 ],4,8,"[0.27392971195344684, 0.45973140540928376]",941,-1
7579,[0.5176837  0.28831826],6,-1,-1,-1,-1
7580,[0.72208176 0.43917719],8,3,"[0.6815204869410737, 0.47689852788858716]",562,-1
7581,[0.39354647 0.27708873],6,1,"[0.3897435781344088, 0.3417040596068965]",1076,-1
7582,[0.29255707 0.27149667],0,9,"[0.3110394802231661, 0.23517199738277297]",1495,-1
7583,[0.1655156  0.18226779],2,-1,-1,-1,-1
7584,[0.2886539 0.5596265],4,7,"[0.2817018170798153, 0.5849768676672948]",1908,-1
7585,[0.47561714 0.52043847],5,6,"[0.5164739970238864, 0.5319253761973344]",1002,-1
7586,[0.55902197 0.49088197],5,6,"[0.5164739970238864, 0.5319253761973344]",845,-1
7587,[0.68372141 0.71563783],1,-1,-1,-1,0
7588,[0.30957666 0.5855589 ],7,7,"[0.2817018170798153, 0.5849768676672948]",1967,-1
7589,[0.59712943 0.53982781],5,-1,-1,1291,-1
7590,[0.31745154 0.55610419],7,7,"[0.2817018170798153, 0.5849768676672948]",-1,17
7591,[0.44957853 0.28081832],6,-1,-1,720,-1
7592,[0.23929396 0.28141518],0,5,"[0.23231087327800656, 0.30304944505444303]",1531,-1
7593,[0.34387776 0.53265879],3,0,"[0.383291892093257, 0.5586820702346661]",1946,16
7594,[0.52634936 0.60265603],9,-1,-1,1364,-1
7595,[0.45253556 0.59445667],5,-1,-1,-1,4
7596,[0.39742544 0.30576111],6,1,"[0.3897435781344088, 0.3417040596068965]",1396,-1
7597,[0.76399725 0.71410204],1,4,"[0.7726811996944247, 0.7249303226766757]",467,0
7598,[0.70975505 0.48806178],8,3,"[0.6815204869410737, 0.47689852788858716]",815,-1
7599,[0.35063704 0.56783001],4,0,"[0.383291892093257, 0.5586820702346661]",-1,-1
7600,[0.34323072 0.53104796],4,0,"[0.383291892093257, 0.5586820702346661]",1946,16
7601,[0.42583356 0.3205424 ],6,1,"[0.3897435781344088, 0.3417040596068965]",-1,-1
7602,[0.64310969 0.55255038],8,-1,-1,1115,-1
7603,[0.37558575 0.55449099],3,0,"[0.383291892093257, 0.5586820702346661]",-1,-1
7604,[0.252236   0.40730412],2,8,"[0.27392971195344684, 0.45973140540928376]",-1,-1
7605,[0.46321611 0.4724349 ],9,-1,-1,-1,-1
7606,[0.47659931 0.56200558],5,6,"[0.5164739970238864, 0.5319253761973344]",-1,-1
7607,[0.30067014 0.51091607],7,8,"[0.27392971195344684, 0.45973140540928376]",1852,-1
7608,[0.34850055 0.55630107],7,0,"[0.383291892093257, 0.5586820702346661]",-1,-1
7609,[0.16866373 0.50480626],7,-1,-1,76,-1
7610,[0.29535695 0.52587747],7,7,"[0.2817018170798153, 0.5849768676672948]",1788,-1
7611,[0.35152944 0.30911868],0,1,"[0.3897435781344088, 0.3417040596068965]",-1,-1
7612,[0.5729831  0.60538576],5,2,"[0.5921204552873188, 0.6383928111301557]",1415,-1
7613,[0.443147   0.50745506],5,-1,-1,1059,-1
7614,[0.37557448 0.5442814 ],4,0,"[0.383291892093257, 0.5586820702346661]",-1,-1
7615,[0.65793825 0.45807576],8,3,"[0.6815204869410737, 0.47689852788858716]",-1,-1
7616,[0.59454016 0.47100113],5,-1,-1,-1,-1
7617,[0.22885132 0.30090325],0,5,"[0.23231087327800656, 0.30304944505444303]",1468,-1
7618,[0.67849347 0.50217728],8,3,"[0.6815204869410737, 0.47689852788858716]",827,-1
7619,[0.59679234 0.59151248],8,2,"[0.5921204552873188, 0.6383928111301557]",1318,-1
7620,[0.56127232 0.50144888],5,6,"[0.5164739970238864, 0.5319253761973344]",-1,-1
7621,[0.39044873 0.61376717],3,0,"[0.383291892093257, 0.5586820702346661]",1721,-1
7622,[0.41878737 0.33033282],6,1,"[0.3897435781344088, 0.3417040596068965]",989,-1
7623,[0.70980998 0.49255488],8,3,"[0.6815204869410737, 0.47689852788858716]",-1,-1
7624,[0.3096233  0.62332544],4,7,"[0.2817018170798153, 0.5849768676672948]",1131,-1
7625,[0.48677581 0.50096571],5,6,"[0.5164739970238864, 0.5319253761973344]",873,-1
7626,[0.39631045 0.32760048],6,1,"[0.3897435781344088, 0.3417040596068965]",-1,-1
7627,[0.33274184 0.62269179],4,7,"[0.2817018170798153, 0.5849768676672948]",-1,-1
7628,[0.40338749 0.4414455 ],7,-1,-1,363,-1
7629,[0.53128718 0.58600066],5,6,"[0.5164739970238864, 0.5319253761973344]",-1,-1
7630,[0.73017943 0.74148506],1,4,"[0.7726811996944247, 0.7249303226766757]",-1,0
7631,[0.52435692 0.56382882],5,6,"[0.5164739970238864, 0.5319253761973344]",-1,-1
7632,[0.67026148 0.44517368],8,3,"[0.6815204869410737, 0.47689852788858716]",-1,-1
7633,[0.32282305 0.31052123],6,-1,-1,1663,-1
7634,[0.32398451 0.30885561],6,-1,-1,-1,-1
7635,[0.32149719 0.61994153],4,7,"[0.2817018170798153, 0.5849768676672948]",1395,-1
7636,[0.28763028 0.50431648],4,8,"[0.27392971195344684, 0.45973140540928376]",-1,-1
7637,[0.23955318 0.56119323],4,7,"[0.2817018170798153, 0.5849768676672948]",-1,-1
7638,[0.44880602 0.45849831],5,-1,-1,-1,-1
7639,[0.25804282 0.42445447],7,8,"[0.27392971195344684, 0.45973140540928376]",692,-1
7640,[0.43871042 0.39401424],6,-1,-1,426,-1
7641,[0.48839032 0.58195576],5,6,"[0.5164739970238864, 0.5319253761973344]",-1,-1
7642,[0.30656265 0.28938348],0,9,"[0.3110394802231661, 0.23517199738277297]",1685,11
7643,[0.37260383 0.22800556],6,9,"[0.3110394802231661, 0.23517199738277297]",484,-1
7644,[0.44149091 0.3170069 ],6,1,"[0.3897435781344088, 0.3417040596068965]",-1,-1
7645,[0.63263868 0.5473428 ],8,-1,-1,-1,-1
7646,[0.31877646 0.53061169],7,7,"[0.2817018170798153, 0.5849768676672948]",-1,-1
7647,[0.31390651 0.61125614],7,7,"[0.2817018170798153, 0.5849768676672948]",1763,-1
7648,[0.16493546 0.62001838],7,-1,-1,-1,-1
7649,[0.33859038 0.30709063],0,1,"[0.3897435781344088, 0.3417040596068965]",-1,-1
7650,[0.17736054 0.56458014],7,-1,-1,-1,-1
7651,[0.27071785 0.37288231],2,-1,-1,1265,-1
7652,[0.56213367 0.66728831],9,2,"[0.5921204552873188, 0.6383928111301557]",-1,-1
7653,[0.43830673 0.43393064],5,-1,-1,-1,-1
7654,[0.33564262 0.30557361],6,1,"[0.3897435781344088, 0.3417040596068965]",-1,-1
7655,[0.23817147 0.35333033],2,5,"[0.23231087327800656, 0.30304944505444303]",-1,-1
7656,[0.46824074 0.51519759],3,6,"[0.5164739970238864, 0.5319253761973344]",1002,-1
7657,[0.3825829 0.4766492],4,-1,-1,771,-1
7658,[0.65882418 0.46196207],8,3,"[0.6815204869410737, 0.47689852788858716]",-1,-1
7659,[0.35790405 0.54677858],4,0,"[0.383291892093257, 0.5586820702346661]",-1,-1
7660,[0.4600983  0.41205807],6,-1,-1,206,-1
7661,[0.37915493 0.68679043],4,-1,-1,-1,-1
7662,[0.60280381 0.45602452],8,-1,-1,-1,-1
7663,[0.57924619 0.75455381],9,-1,-1,-1,-1
7664,[0.30653272 0.67060856],3,-1,-1,-1,-1
7665,[0.78842381 0.74660883],1,4,"[0.7726811996944247, 0.7249303226766757]",445,0
7666,[0.22667971 0.37928629],2,-1,-1,-1,-1
7667,[0.64164161 0.5140116 ],5,3,"[0.6815204869410737, 0.47689852788858716]",866,-1
7668,[0.73694625 0.74217457],1,4,"[0.7726811996944247, 0.7249303226766757]",452,0
7669,[0.21202134 0.2921269 ],0,5,"[0.23231087327800656, 0.30304944505444303]",-1,-1
7670,[0.64315108 0.43167332],8,3,"[0.6815204869410737, 0.47689852788858716]",731,-1
7671,[0.70326026 0.55686471],8,-1,-1,563,-1
7672,[0.45214585 0.32659614],6,1,"[0.3897435781344088, 0.3417040596068965]",-1,-1
7673,[0.34960435 0.21053301],0,9,"[0.3110394802231661, 0.23517199738277297]",500,-1
7674,[0.47819399 0.64644112],5,-1,-1,-1,-1
7675,[0.39627744 0.30666034],6,1,"[0.3897435781344088, 0.3417040596068965]",-1,-1
7676,[0.41492169 0.41773509],6,-1,-1,575,-1
7677,[0.90277447 0.61542901],1,-1,-1,-1,-1
7678,[0.52893586 0.47922191],5,6,"[0.5164739970238864, 0.5319253761973344]",926,-1
7679,[0.24690934 0.40112011],2,8,"[0.27392971195344684, 0.45973140540928376]",649,-1
7680,[0.37540652 0.54675372],7,0,"[0.383291892093257, 0.5586820702346661]",-1,-1
7681,[0.3972871  0.49028726],7,0,"[0.383291892093257, 0.5586820702346661]",-1,-1
7682,[0.31990568 0.26253639],0,9,"[0.3110394802231661, 0.23517199738277297]",-1,-1
7683,[0.58822758 0.48212825],5,-1,-1,-1,-1
7684,[0.65773408 0.47972339],8,3,"[0.6815204869410737, 0.47689852788858716]",825,1
7685,[0.28138107 0.50951931],7,8,"[0.27392971195344684, 0.45973140540928376]",1835,-1
7686,[0.59528772 0.53732175],5,-1,-1,-1,-1
7687,[0.44912058 0.26500447],6,-1,-1,-1,-1
7688,[0.33894299 0.18071995],0,9,"[0.3110394802231661, 0.23517199738277297]",-1,-1
7689,[0.76760839 0.57308565],1,-1,-1,-1,-1
7690,[0.44698731 0.37351112],5,1,"[0.3897435781344088, 0.3417040596068965]",-1,-1
7691,[0.31144793 0.36993101],2,-1,-1,-1,-1
7692,[0.85692381 0.77776086],1,-1,-1,-1,-1
7693,[0.8251611  0.70308064],1,4,"[0.7726811996944247, 0.7249303226766757]",-1,0
7694,[0.65176951 0.55544209],8,-1,-1,1108,-1
7695,[0.34454296 0.63436956],4,-1,-1,1048,-1
7696,[0.25238637 0.20668456],2,9,"[0.3110394802231661, 0.23517199738277297]",746,-1
7697,[0.19399798 0.22912234],0,-1,-1,-1,-1
7698,[0.65066182 0.61630166],9,2,"[0.5921204552873188, 0.6383928111301557]",1072,-1
7699,[0.34376298 0.27311169],2,9,"[0.3110394802231661, 0.23517199738277297]",1119,-1
7700,[0.65736701 0.6626984 ],9,2,"[0.5921204552873188, 0.6383928111301557]",-1,-1
7701,[0.56382134 0.61918627],9,2,"[0.5921204552873188, 0.6383928111301557]",-1,-1
7702,[0.66654563 0.67942531],1,-1,-1,385,-1
7703,[0.24561802 0.32982111],2,5,"[0.23231087327800656, 0.30304944505444303]",1502,-1
7704,[0.5538415  0.64818653],9,2,"[0.5921204552873188, 0.6383928111301557]",1212,-1
7705,[0.30503233 0.53886296],3,7,"[0.2817018170798153, 0.5849768676672948]",-1,-1
7706,[0.19895409 0.40688477],2,-1,-1,-1,-1
7707,[0.84234372 0.69179934],1,-1,-1,309,0
7708,[0.37095966 0.26267266],0,9,"[0.3110394802231661, 0.23517199738277297]",1101,-1
7709,[0.4565993  0.56375048],5,6,"[0.5164739970238864, 0.5319253761973344]",-1,-1
7710,[0.6097636  0.69737871],1,2,"[0.5921204552873188, 0.6383928111301557]",518,-1
7711,[0.36914867 0.55977627],3,0,"[0.383291892093257, 0.5586820702346661]",1856,12
7712,[0.61306964 0.5828901 ],9,2,"[0.5921204552873188, 0.6383928111301557]",-1,-1
7713,[0.53611837 0.64612383],9,2,"[0.5921204552873188, 0.6383928111301557]",-1,-1
7714,[0.2416253  0.36893646],2,5,"[0.23231087327800656, 0.30304944505444303]",1149,-1
7715,[0.40661019 0.46615557],7,-1,-1,-1,-1
7716,[0.4040626  0.35084108],6,1,"[0.3897435781344088, 0.3417040596068965]",997,-1
7717,[0.34223975 0.50952022],3,0,"[0.383291892093257, 0.5586820702346661]",1880,-1
7718,[0.7999798 0.7086349],1,4,"[0.7726811996944247, 0.7249303226766757]",479,0
7719,[0.2991688  0.47329908],3,8,"[0.27392971195344684, 0.45973140540928376]",1729,-1
7720,[0.50495543 0.49459249],5,6,"[0.5164739970238864, 0.5319253761973344]",605,-1
7721,[0.23282685 0.60144055],4,7,"[0.2817018170798153, 0.5849768676672948]",-1,-1
7722,[0.36053706 0.64327554],3,-1,-1,1206,-1
7723,[0.40622459 0.57001894],4,0,"[0.383291892093257, 0.5586820702346661]",1737,-1
7724,[0.18306291 0.18653274],0,-1,-1,165,-1
7725,[0.30620476 0.45946606],7,8,"[0.27392971195344684, 0.45973140540928376]",1732,-1
7726,[0.60300531 0.70508758],9,2,"[0.5921204552873188, 0.6383928111301557]",-1,-1
7727,[0.23461236 0.57784242],7,7,"[0.2817018170798153, 0.5849768676672948]",1344,-1
7728,[0.33324542 0.51868667],4,0,"[0.383291892093257, 0.5586820702346661]",-1,-1
7729,[0.38903874 0.24045997],6,-1,-1,832,-1
7730,[0.43816601 0.4880422 ],5,-1,-1,-1,-1
7731,[0.7782728  0.80751765],1,-1,-1,-1,0
7732,[0.38316467 0.63802699],3,-1,-1,785,-1
7733,[0.54862864 0.33644263],6,-1,-1,-1,-1
7734,[0.17301493 0.2416582 ],0,-1,-1,172,-1
7735,[0.57747771 0.65512148],9,2,"[0.5921204552873188, 0.6383928111301557]",1124,-1
7736,[0.43713013 0.65161376],3,-1,-1,286,-1
7737,[0.65689956 0.47084239],8,3,"[0.6815204869410737, 0.47689852788858716]",-1,1
7738,[0.25764191 0.33021468],0,5,"[0.23231087327800656, 0.30304944505444303]",-1,-1
7739,[0.36183973 0.58898049],3,0,"[0.383291892093257, 0.5586820702346661]",-1,12
7740,[0.48985183 0.61003409],9,-1,-1,918,-1
7741,[0.61035343 0.40824553],8,-1,-1,-1,-1
7742,[0.61010209 0.63812402],9,2,"[0.5921204552873188, 0.6383928111301557]",-1,-1
7743,[0.25223569 0.24700063],0,5,"[0.23231087327800656, 0.30304944505444303]",-1,-1
7744,[0.34505466 0.42899853],7,-1,-1,-1,-1
7745,[0.35034701 0.37326824],2,1,"[0.3897435781344088, 0.3417040596068965]",1079,-1
7746,[0.33396118 0.36818022],0,1,"[0.3897435781344088, 0.3417040596068965]",-1,-1
7747,[0.35236628 0.29166815],6,1,"[0.3897435781344088, 0.3417040596068965]",1667,-1
7748,[0.38988509 0.62242137],4,0,"[0.383291892093257, 0.5586820702346661]",-1,-1
7749,[0.57146571 0.52393259],5,6,"[0.5164739970238864, 0.5319253761973344]",1198,-1
7750,[0.23533572 0.15286488],0,-1,-1,-1,-1
7751,[0.30561725 0.35929487],6,-1,-1,-1,-1
7752,[0.63461145 0.64019567],9,2,"[0.5921204552873188, 0.6383928111301557]",-1,-1
7753,[0.36061267 0.5318568 ],4,0,"[0.383291892093257, 0.5586820702346661]",1935,-1
7754,[0.6404362  0.50809293],8,3,"[0.6815204869410737, 0.47689852788858716]",866,-1
7755,[0.14421045 0.40099208],7,-1,-1,-1,-1
7756,[0.27363639 0.4450158 ],2,8,"[0.27392971195344684, 0.45973140540928376]",1251,-1
7757,[0.5781003 0.4738148],8,-1,-1,772,-1
7758,[0.71472957 0.71681642],1,4,"[0.7726811996944247, 0.7249303226766757]",-1,0
7759,[0.63105324 0.47227734],5,3,"[0.6815204869410737, 0.47689852788858716]",623,-1
7760,[0.70730391 0.53677764],9,3,"[0.6815204869410737, 0.47689852788858716]",-1,-1
7761,[0.23534648 0.52377716],4,-1,-1,1477,-1
7762,[0.72274732 0.73127092],1,4,"[0.7726811996944247, 0.7249303226766757]",-1,0
7763,[0.54867815 0.67583792],5,2,"[0.5921204552873188, 0.6383928111301557]",686,-1
7764,[0.7032006  0.93612984],1,-1,-1,-1,-1
7765,[0.306379   0.57976077],3,7,"[0.2817018170798153, 0.5849768676672948]",1966,-1
7766,[0.36892695 0.28543744],6,1,"[0.3897435781344088, 0.3417040596068965]",1172,-1
7767,[0.54151715 0.5696584 ],9,6,"[0.5164739970238864, 0.5319253761973344]",-1,6
7768,[0.15816733 0.26646949],0,-1,-1,126,-1
7769,[0.64448977 0.5979016 ],9,2,"[0.5921204552873188, 0.6383928111301557]",-1,-1
7770,[0.33079545 0.46852583],7,8,"[0.27392971195344684, 0.45973140540928376]",1523,-1
7771,[0.73815357 0.73800269],1,4,"[0.7726811996944247, 0.7249303226766757]",452,0
7772,[0.7170738  0.69704812],1,4,"[0.7726811996944247, 0.7249303226766757]",-1,0
7773,[0.27485585 0.48341908],4,8,"[0.27392971195344684, 0.45973140540928376]",-1,-1
7774,[0.65304122 0.50256864],8,3,"[0.6815204869410737, 0.47689852788858716]",-1,-1
7775,[0.23661607 0.54727494],4,7,"[0.2817018170798153, 0.5849768676672948]",1411,-1
7776,[0.58640295 0.46073111],5,-1,-1,-1,-1
7777,[0.37139425 0.34903147],2,1,"[0.3897435781344088, 0.3417040596068965]",-1,-1
7778,[0.25266901 0.70280354],4,-1,-1,6,-1
7779,[0.70000186 0.43100643],8,3,"[0.6815204869410737, 0.47689852788858716]",596,-1
7780,[0.17603874 0.22584397],2,-1,-1,-1,-1
7781,[0.45701097 0.55000324],5,6,"[0.5164739970238864, 0.5319253761973344]",-1,-1
7782,[0.27402338 0.2603887 ],0,9,"[0.3110394802231661, 0.23517199738277297]",1606,-1
7783,[0.78495008 0.67442119],1,4,"[0.7726811996944247, 0.7249303226766757]",-1,0
7784,[0.55845248 0.51916691],5,6,"[0.5164739970238864, 0.5319253761973344]",-1,-1
7785,[0.59719673 0.62829321],5,2,"[0.5921204552873188, 0.6383928111301557]",1346,6
7786,[0.30964396 0.43610452],7,8,"[0.27392971195344684, 0.45973140540928376]",-1,-1
7787,[0.4362361  0.53155702],4,0,"[0.383291892093257, 0.5586820702346661]",1135,-1
7788,[0.76372586 0.50954215],8,-1,-1,-1,-1
7789,[0.56595106 0.68849515],9,2,"[0.5921204552873188, 0.6383928111301557]",629,-1
7790,[0.30978977 0.17458202],0,9,"[0.3110394802231661, 0.23517199738277297]",-1,-1
7791,[0.25659665 0.22710623],0,9,"[0.3110394802231661, 0.23517199738277297]",-1,-1
7792,[0.57342945 0.49506028],5,6,"[0.5164739970238864, 0.5319253761973344]",847,-1
7793,[0.31480629 0.52639906],3,7,"[0.2817018170798153, 0.5849768676672948]",1841,-1
7794,[0.35505241 0.3180368 ],6,1,"[0.3897435781344088, 0.3417040596068965]",1526,-1
7795,[0.81056845 0.43937693],8,-1,-1,-1,-1
7796,[0.28911573 0.59991002],3,7,"[0.2817018170798153, 0.5849768676672948]",1693,-1
7797,[0.33155087 0.53015624],7,0,"[0.383291892093257, 0.5586820702346661]",-1,-1
7798,[0.41439581 0.35213582],6,1,"[0.3897435781344088, 0.3417040596068965]",981,-1
7799,[0.51446217 0.60628776],5,-1,-1,1230,-1
7800,[0.8365384  0.68716201],1,-1,-1,308,0
7801,[0.27769169 0.3280262 ],2,5,"[0.23231087327800656, 0.30304944505444303]",-1,9
7802,[0.36508966 0.51978737],7,0,"[0.383291892093257, 0.5586820702346661]",-1,-1
7803,[0.70375226 0.45772089],8,3,"[0.6815204869410737, 0.47689852788858716]",-1,-1
7804,[0.83011291 0.66094042],1,-1,-1,-1,0
7805,[0.3800795  0.28375106],6,1,"[0.3897435781344088, 0.3417040596068965]",1027,-1
7806,[0.30467295 0.51549497],7,8,"[0.27392971195344684, 0.45973140540928376]",1881,-1
7807,[0.59126993 0.55505196],9,-1,-1,-1,-1
7808,[0.34190396 0.39121463],6,1,"[0.3897435781344088, 0.3417040596068965]",992,-1
7809,[0.41411826 0.37049315],6,1,"[0.3897435781344088, 0.3417040596068965]",-1,-1
7810,[0.39029221 0.24073451],0,-1,-1,832,-1
7811,[0.27786377 0.21198536],0,9,"[0.3110394802231661, 0.23517199738277297]",-1,-1
7812,[0.26272931 0.46519751],2,8,"[0.27392971195344684, 0.45973140540928376]",1595,-1
7813,[0.87550484 0.6293049 ],1,-1,-1,-1,-1
7814,[0.2949125  0.46978315],7,8,"[0.27392971195344684, 0.45973140540928376]",1730,-1
7815,[0.21319558 0.29316941],2,5,"[0.23231087327800656, 0.30304944505444303]",-1,-1
7816,[0.18289456 0.3238207 ],2,5,"[0.23231087327800656, 0.30304944505444303]",-1,-1
7817,[0.39246882 0.71633296],3,-1,-1,-1,-1
7818,[0.34202445 0.34858712],6,1,"[0.3897435781344088, 0.3417040596068965]",-1,-1
7819,[0.75262042 0.7501381 ],1,4,"[0.7726811996944247, 0.7249303226766757]",-1,0
7820,[0.27374235 0.46881572],7,8,"[0.27392971195344684, 0.45973140540928376]",-1,-1
7821,[0.26002286 0.29179762],2,5,"[0.23231087327800656, 0.30304944505444303]",1645,-1
7822,[0.34393804 0.52344224],4,0,"[0.383291892093257, 0.5586820702346661]",1931,-1
7823,[0.83885933 0.6469732 ],1,-1,-1,170,0
7824,[0.39080345 0.41126002],7,1,"[0.3897435781344088, 0.3417040596068965]",501,-1
7825,[0.38122209 0.55390041],3,0,"[0.383291892093257, 0.5586820702346661]",1816,-1
7826,[0.76178256 0.69165665],1,4,"[0.7726811996944247, 0.7249303226766757]",-1,0
7827,[0.27174461 0.33497721],2,5,"[0.23231087327800656, 0.30304944505444303]",1607,9
7828,[0.30277617 0.26685561],2,9,"[0.3110394802231661, 0.23517199738277297]",1511,-1
7829,[0.35662705 0.47528632],3,-1,-1,-1,-1
7830,[0.41588166 0.59508937],3,0,"[0.383291892093257, 0.5586820702346661]",1719,-1
7831,[0.15686889 0.33804672],0,-1,-1,108,-1
7832,[0.18951571 0.31420964],0,5,"[0.23231087327800656, 0.30304944505444303]",857,-1
7833,[0.24906857 0.21465714],2,9,"[0.3110394802231661, 0.23517199738277297]",990,-1
7834,[0.40353922 0.28345325],6,1,"[0.3897435781344088, 0.3417040596068965]",1043,-1
7835,[0.1642607  0.58383442],7,-1,-1,-1,-1
7836,[0.83323097 0.66805268],1,-1,-1,-1,0
7837,[0.39637224 0.30455184],2,1,"[0.3897435781344088, 0.3417040596068965]",1396,-1
7838,[0.27822924 0.46151915],7,8,"[0.27392971195344684, 0.45973140540928376]",-1,-1
7839,[0.48459051 0.59764568],5,-1,-1,1153,-1
7840,[0.23786331 0.30681593],0,5,"[0.23231087327800656, 0.30304944505444303]",1567,-1
7841,[0.32087339 0.48979856],7,8,"[0.27392971195344684, 0.45973140540928376]",1868,-1
7842,[0.60718494 0.57356629],9,2,"[0.5921204552873188, 0.6383928111301557]",-1,-1
7843,[0.23278783 0.23721916],2,5,"[0.23231087327800656, 0.30304944505444303]",-1,-1
7844,[0.59291097 0.57381657],5,2,"[0.5921204552873188, 0.6383928111301557]",1326,5
7845,[0.33331298 0.29978291],2,9,"[0.3110394802231661, 0.23517199738277297]",-1,-1
7846,[0.26583758 0.30356885],0,5,"[0.23231087327800656, 0.30304944505444303]",1656,-1
7847,[0.41279214 0.51665591],3,0,"[0.383291892093257, 0.5586820702346661]",-1,-1
7848,[0.73147316 0.45696209],8,3,"[0.6815204869410737, 0.47689852788858716]",-1,-1
7849,[0.31638501 0.50689509],7,8,"[0.27392971195344684, 0.45973140540928376]",1922,15
7850,[0.77843264 0.47711227],8,-1,-1,-1,-1
7851,[0.28132921 0.49068918],4,8,"[0.27392971195344684, 0.45973140540928376]",1796,-1
7852,[0.34232229 0.57051324],4,0,"[0.383291892093257, 0.5586820702346661]",1878,-1
7853,[0.67257297 0.61712293],9,-1,-1,299,-1
7854,[0.500019  0.4533148],5,-1,-1,223,-1
7855,[0.2853628 0.6469754],4,7,"[0.2817018170798153, 0.5849768676672948]",-1,-1
7856,[0.52414349 0.67867473],9,-1,-1,-1,-1
7857,[0.23667341 0.37438378],2,-1,-1,-1,-1
7858,[0.29606164 0.58991202],4,7,"[0.2817018170798153, 0.5849768676672948]",-1,-1
7859,[0.19586053 0.243349  ],2,5,"[0.23231087327800656, 0.30304944505444303]",897,-1
7860,[0.30517628 0.3483106 ],2,-1,-1,1628,-1
7861,[0.34574636 0.36957192],2,1,"[0.3897435781344088, 0.3417040596068965]",1079,-1
7862,[0.3970661  0.58314823],4,0,"[0.383291892093257, 0.5586820702346661]",-1,-1
7863,[0.29641719 0.24664139],0,9,"[0.3110394802231661, 0.23517199738277297]",-1,-1
7864,[0.18999336 0.57971965],4,-1,-1,102,-1
7865,[0.66688827 0.47060259],8,3,"[0.6815204869410737, 0.47689852788858716]",-1,-1
7866,[0.22612371 0.2735857 ],0,5,"[0.23231087327800656, 0.30304944505444303]",1031,-1
7867,[0.26622609 0.32594098],0,5,"[0.23231087327800656, 0.30304944505444303]",1585,-1
7868,[0.50821461 0.60091799],5,6,"[0.5164739970238864, 0.5319253761973344]",1218,-1
7869,[0.23756115 0.31885108],0,5,"[0.23231087327800656, 0.30304944505444303]",-1,-1
7870,[0.24263692 0.29930258],2,5,"[0.23231087327800656, 0.30304944505444303]",-1,-1
7871,[0.5356029  0.52019112],5,6,"[0.5164739970238864, 0.5319253761973344]",1173,-1
7872,[0.23470467 0.27420339],2,5,"[0.23231087327800656, 0.30304944505444303]",1363,-1
7873,[0.28867152 0.62957728],4,7,"[0.2817018170798153, 0.5849768676672948]",-1,-1
7874,[0.40850176 0.26691745],6,-1,-1,-1,-1
7875,[0.18426281 0.23090648],0,-1,-1,-1,-1
7876,[0.27471264 0.60344633],7,7,"[0.2817018170798153, 0.5849768676672948]",1032,-1
7877,[0.36686396 0.57168904],4,0,"[0.383291892093257, 0.5586820702346661]",-1,12
7878,[0.52457101 0.46809587],8,6,"[0.5164739970238864, 0.5319253761973344]",-1,-1
7879,[0.27098997 0.34058101],2,5,"[0.23231087327800656, 0.30304944505444303]",-1,-1
7880,[0.31450258 0.16036833],0,-1,-1,41,-1
7881,[0.57593068 0.49691768],5,6,"[0.5164739970238864, 0.5319253761973344]",847,-1
7882,[0.73824655 0.68074763],1,4,"[0.7726811996944247, 0.7249303226766757]",439,0
7883,[0.7334991  0.80545675],1,-1,-1,288,0
7884,[0.19915032 0.24226182],0,5,"[0.23231087327800656, 0.30304944505444303]",897,-1
7885,[0.54585197 0.60923634],5,2,"[0.5921204552873188, 0.6383928111301557]",-1,-1
7886,[0.47393227 0.23538534],6,-1,-1,-1,-1
7887,[0.24360373 0.24272363],0,5,"[0.23231087327800656, 0.30304944505444303]",983,-1
7888,[0.49115636 0.55416194],5,6,"[0.5164739970238864, 0.5319253761973344]",1183,-1
7889,[0.74593788 0.45153332],8,3,"[0.6815204869410737, 0.47689852788858716]",263,-1
7890,[0.77728845 0.48901993],8,-1,-1,189,-1
7891,[0.39928947 0.40119743],6,1,"[0.3897435781344088, 0.3417040596068965]",-1,-1
7892,[0.35159391 0.53919158],4,0,"[0.383291892093257, 0.5586820702346661]",1964,-1
7893,[0.87526646 0.64673261],1,-1,-1,30,-1
7894,[0.6158706 0.4273455],8,-1,-1,285,-1
7895,[0.80480447 0.76515561],1,4,"[0.7726811996944247, 0.7249303226766757]",428,0
7896,[0.52865899 0.59786377],9,6,"[0.5164739970238864, 0.5319253761973344]",1329,-1
7897,[0.51274983 0.55203377],9,6,"[0.5164739970238864, 0.5319253761973344]",-1,-1
7898,[0.32727834 0.53457221],7,0,"[0.383291892093257, 0.5586820702346661]",-1,-1
7899,[0.50561286 0.57189144],5,6,"[0.5164739970238864, 0.5319253761973344]",-1,-1
7900,[0.46066639 0.37490817],6,-1,-1,320,-1
7901,[0.56450723 0.46749763],5,-1,-1,533,-1
7902,[0.3183001  0.31802344],0,-1,-1,1673,10
7903,[0.72355165 0.7598803 ],1,4,"[0.7726811996944247, 0.7249303226766757]",-1,0
7904,[0.36170493 0.29015917],2,1,"[0.3897435781344088, 0.3417040596068965]",1542,-1
7905,[0.81198111 0.50066866],8,-1,-1,16,-1
7906,[0.36722953 0.48588886],7,-1,-1,1561,-1
7907,[0.2289206  0.30705833],2,5,"[0.23231087327800656, 0.30304944505444303]",1486,-1
7908,[0.47097317 0.578946  ],4,6,"[0.5164739970238864, 0.5319253761973344]",1026,-1
7909,[0.34025832 0.26213066],2,9,"[0.3110394802231661, 0.23517199738277297]",958,-1
7910,[0.50805202 0.52820204],8,6,"[0.5164739970238864, 0.5319253761973344]",-1,-1
7911,[0.18735801 0.30871143],0,5,"[0.23231087327800656, 0.30304944505444303]",-1,-1
7912,[0.27116403 0.19073795],0,9,"[0.3110394802231661, 0.23517199738277297]",-1,-1
7913,[0.43715651 0.50734114],5,-1,-1,1059,-1
7914,[0.26517641 0.37157673],2,-1,-1,1221,-1
7915,[0.66143649 0.42384232],8,3,"[0.6815204869410737, 0.47689852788858716]",-1,-1
7916,[0.45328476 0.60601638],5,-1,-1,-1,-1
7917,[0.29583508 0.26606991],0,9,"[0.3110394802231661, 0.23517199738277297]",1496,-1
7918,[0.61568666 0.71962812],1,-1,-1,212,-1
7919,[0.81148682 0.67803532],1,4,"[0.7726811996944247, 0.7249303226766757]",-1,0
7920,[0.27339424 0.55155156],3,7,"[0.2817018170798153, 0.5849768676672948]",1698,-1
7921,[0.50497139 0.49376431],5,6,"[0.5164739970238864, 0.5319253761973344]",605,-1
7922,[0.33548274 0.29245897],0,9,"[0.3110394802231661, 0.23517199738277297]",1651,-1
7923,[0.51551432 0.56882355],9,6,"[0.5164739970238864, 0.5319253761973344]",1379,-1
7924,[0.25698551 0.35026104],2,5,"[0.23231087327800656, 0.30304944505444303]",1587,-1
7925,[0.37062655 0.37760063],6,1,"[0.3897435781344088, 0.3417040596068965]",-1,-1
7926,[0.80986888 0.61837361],1,-1,-1,-1,-1
7927,[0.39671155 0.61708357],3,0,"[0.383291892093257, 0.5586820702346661]",-1,-1
7928,[0.33561698 0.5284022 ],4,0,"[0.383291892093257, 0.5586820702346661]",-1,-1
7929,[0.35633532 0.54446994],7,0,"[0.383291892093257, 0.5586820702346661]",-1,-1
7930,[0.66501004 0.42931771],8,3,"[0.6815204869410737, 0.47689852788858716]",-1,-1
7931,[0.57995213 0.61724406],9,2,"[0.5921204552873188, 0.6383928111301557]",1419,-1
7932,[0.12807678 0.29641375],0,-1,-1,-1,-1
7933,[0.35493733 0.47030092],4,-1,-1,-1,-1
7934,[0.38471627 0.51849866],3,0,"[0.383291892093257, 0.5586820702346661]",1781,-1
7935,[0.3414757  0.60238619],4,0,"[0.383291892093257, 0.5586820702346661]",1861,-1
7936,[0.2950171 0.320191 ],2,5,"[0.23231087327800656, 0.30304944505444303]",-1,9
7937,[0.71613773 0.47041376],8,3,"[0.6815204869410737, 0.47689852788858716]",780,-1
7938,[0.29062912 0.45859584],7,8,"[0.27392971195344684, 0.45973140540928376]",-1,-1
7939,[0.37560167 0.55762139],4,0,"[0.383291892093257, 0.5586820702346661]",-1,-1
7940,[0.23499806 0.35398982],2,5,"[0.23231087327800656, 0.30304944505444303]",1130,-1
7941,[0.47084536 0.21971428],6,-1,-1,-1,-1
7942,[0.34212382 0.32078599],2,1,"[0.3897435781344088, 0.3417040596068965]",1575,-1
7943,[0.43276388 0.51767624],5,0,"[0.383291892093257, 0.5586820702346661]",1434,-1
7944,[0.15019301 0.23731334],0,-1,-1,-1,-1
7945,[0.67088012 0.55041916],8,-1,-1,670,-1
7946,[0.19244682 0.23357887],0,-1,-1,-1,-1
7947,[0.3898694  0.26982296],6,-1,-1,-1,-1
7948,[0.45766564 0.58345281],5,-1,-1,-1,4
7949,[0.31492672 0.59207007],4,7,"[0.2817018170798153, 0.5849768676672948]",-1,-1
7950,[0.65680492 0.6516131 ],9,2,"[0.5921204552873188, 0.6383928111301557]",635,-1
7951,[0.6575205  0.41100394],8,-1,-1,520,-1
7952,[0.40233538 0.49355859],4,0,"[0.383291892093257, 0.5586820702346661]",-1,-1
7953,[0.63865867 0.72395253],9,-1,-1,282,-1
7954,[0.2898695  0.55933298],4,7,"[0.2817018170798153, 0.5849768676672948]",1908,-1
7955,[0.38211395 0.50190045],4,0,"[0.383291892093257, 0.5586820702346661]",-1,-1
7956,[0.54160438 0.63982996],5,2,"[0.5921204552873188, 0.6383928111301557]",1256,-1
7957,[0.27359517 0.26939398],2,9,"[0.3110394802231661, 0.23517199738277297]",-1,-1
7958,[0.34357866 0.34710074],6,1,"[0.3897435781344088, 0.3417040596068965]",1352,-1
7959,[0.33658766 0.50690715],3,0,"[0.383291892093257, 0.5586820702346661]",1880,15
7960,[0.40469968 0.52141199],3,0,"[0.383291892093257, 0.5586820702346661]",-1,-1
7961,[0.43392206 0.48161083],6,-1,-1,767,-1
7962,[0.55015124 0.61213314],9,2,"[0.5921204552873188, 0.6383928111301557]",-1,-1
7963,[0.83221155 0.76277101],1,-1,-1,-1,0
7964,[0.35831385 0.33954054],6,1,"[0.3897435781344088, 0.3417040596068965]",1500,-1
7965,[0.2811785 0.1792474],0,9,"[0.3110394802231661, 0.23517199738277297]",355,-1
7966,[0.2501973  0.24354437],0,9,"[0.3110394802231661, 0.23517199738277297]",983,-1
7967,[0.8163593  0.74163286],1,4,"[0.7726811996944247, 0.7249303226766757]",446,0
7968,[0.33136376 0.45861236],7,8,"[0.27392971195344684, 0.45973140540928376]",1385,-1
7969,[0.529012   0.49832743],5,6,"[0.5164739970238864, 0.5319253761973344]",-1,-1
7970,[0.37250269 0.6044643 ],4,0,"[0.383291892093257, 0.5586820702346661]",1755,-1
7971,[0.43662404 0.37840569],6,1,"[0.3897435781344088, 0.3417040596068965]",741,-1
7972,[0.58668934 0.5453705 ],9,-1,-1,-1,-1
7973,[0.36112107 0.40465038],2,1,"[0.3897435781344088, 0.3417040596068965]",-1,-1
7974,[0.18071224 0.25217382],2,-1,-1,-1,-1
7975,[0.43206932 0.59526093],5,0,"[0.383291892093257, 0.5586820702346661]",-1,-1
7976,[0.62107891 0.62571796],9,2,"[0.5921204552873188, 0.6383928111301557]",-1,-1
7977,[0.32339581 0.46868563],7,8,"[0.27392971195344684, 0.45973140540928376]",1523,-1
7978,[0.37833143 0.66339955],4,-1,-1,702,-1
7979,[0.83849666 0.75010392],1,-1,-1,406,0
7980,[0.21263187 0.61313293],4,-1,-1,-1,-1
7981,[0.27931697 0.33406592],2,5,"[0.23231087327800656, 0.30304944505444303]",1598,-1
7982,[0.37973498 0.52395474],3,0,"[0.383291892093257, 0.5586820702346661]",-1,-1
7983,[0.39663823 0.61520491],3,0,"[0.383291892093257, 0.5586820702346661]",-1,-1
7984,[0.57648602 0.53773286],5,6,"[0.5164739970238864, 0.5319253761973344]",-1,6
7985,[0.59988435 0.71298944],9,-1,-1,423,-1
7986,[0.43709343 0.58525223],3,0,"[0.383291892093257, 0.5586820702346661]",1436,-1
7987,[0.50347757 0.51687713],5,6,"[0.5164739970238864, 0.5319253761973344]",890,-1
7988,[0.79947209 0.67256679],1,4,"[0.7726811996944247, 0.7249303226766757]",359,0
7989,[0.32621874 0.26261276],2,9,"[0.3110394802231661, 0.23517199738277297]",-1,-1
7990,[0.50313255 0.57701135],5,6,"[0.5164739970238864, 0.5319253761973344]",-1,6
7991,[0.26342406 0.55782763],3,7,"[0.2817018170798153, 0.5849768676672948]",-1,-1
7992,[0.2837788 0.2890858],2,5,"[0.23231087327800656, 0.30304944505444303]",-1,11
7993,[0.19750068 0.45773214],7,-1,-1,-1,-1
7994,[0.27049746 0.5494705 ],3,7,"[0.2817018170798153, 0.5849768676672948]",1698,-1
7995,[0.51129799 0.63633278],9,-1,-1,938,-1
7996,[0.44312403 0.27477451],6,-1,-1,-1,-1
7997,[0.3227896  0.36952876],2,-1,-1,1392,-1
7998,[0.81537666 0.6575785 ],1,-1,-1,255,0
7999,[0.22020463 0.29788064],0,5,"[0.23231087327800656, 0.30304944505444303]",-1,-1
8000,[0.39732109 0.44356433],3,-1,-1,567,-1
8001,[0.73138476 0.77433952],1,4,"[0.7726811996944247, 0.7249303226766757]",-1,0
8002,[0.64941282 0.42934254],8,3,"[0.6815204869410737, 0.47689852788858716]",783,-1
8003,[0.2878937 0.5521738],7,7,"[0.2817018170798153, 0.5849768676672948]",-1,-1
8004,[0.61828058 0.52469335],8,-1,-1,863,-1
8005,[0.6842387  0.73533651],1,-1,-1,-1,0
8006,[0.65170214 0.61965795],9,2,"[0.5921204552873188, 0.6383928111301557]",-1,-1
8007,[0.20755065 0.51785945],4,-1,-1,-1,-1
8008,[0.41586992 0.61225963],3,0,"[0.383291892093257, 0.5586820702346661]",1473,-1
8009,[0.18664266 0.34982795],2,5,"[0.23231087327800656, 0.30304944505444303]",-1,-1
8010,[0.5121077  0.52298585],5,6,"[0.5164739970238864, 0.5319253761973344]",-1,-1
8011,[0.27342681 0.29404601],2,5,"[0.23231087327800656, 0.30304944505444303]",1654,-1
8012,[0.4334864  0.46292311],3,-1,-1,-1,-1
8013,[0.51966088 0.46093894],5,-1,-1,-1,-1
8014,[0.28304673 0.30712471],2,5,"[0.23231087327800656, 0.30304944505444303]",1578,-1
8015,[0.13956694 0.48832336],7,-1,-1,-1,-1
8016,[0.64228431 0.78771651],9,-1,-1,-1,-1
8017,[0.3346048 0.3545981],0,1,"[0.3897435781344088, 0.3417040596068965]",1368,-1
8018,[0.74706937 0.71523746],1,4,"[0.7726811996944247, 0.7249303226766757]",367,0
8019,[0.38963779 0.56380506],3,0,"[0.383291892093257, 0.5586820702346661]",1772,-1
8020,[0.30529698 0.37149497],2,-1,-1,1594,-1
8021,[0.47697512 0.44299783],5,-1,-1,-1,-1
8022,[0.83861535 0.70189362],1,4,"[0.7726811996944247, 0.7249303226766757]",346,0
8023,[0.31197506 0.55166857],4,7,"[0.2817018170798153, 0.5849768676672948]",-1,17
8024,[0.73863912 0.51549025],8,3,"[0.6815204869410737, 0.47689852788858716]",480,-1
8025,[0.27673021 0.28123384],0,5,"[0.23231087327800656, 0.30304944505444303]",1675,-1
8026,[0.56054286 0.62283098],9,2,"[0.5921204552873188, 0.6383928111301557]",1284,-1
8027,[0.35932593 0.42597913],7,-1,-1,883,-1
8028,[0.40862086 0.40266245],6,1,"[0.3897435781344088, 0.3417040596068965]",-1,-1
8029,[0.62842479 0.50138207],8,3,"[0.6815204869410737, 0.47689852788858716]",-1,-1
8030,[0.59646872 0.72310069],9,-1,-1,-1,-1
8031,[0.55004293 0.48210232],5,6,"[0.5164739970238864, 0.5319253761973344]",-1,-1
8032,[0.54248931 0.58726267],5,6,"[0.5164739970238864, 0.5319253761973344]",-1,6
8033,[0.36752814 0.57108932],3,0,"[0.383291892093257, 0.5586820702346661]",-1,12
8034,[0.35344216 0.58748239],4,0,"[0.383291892093257, 0.5586820702346661]",-1,-1
8035,[0.35978404 0.52413223],4,0,"[0.383291892093257, 0.5586820702346661]",-1,-1
8036,[0.53016148 0.66302119],9,2,"[0.5921204552873188, 0.6383928111301557]",-1,-1
8037,[0.41303112 0.66914969],9,-1,-1,-1,-1
8038,[0.25601249 0.35641849],7,5,"[0.23231087327800656, 0.30304944505444303]",1025,-1
8039,[0.69725007 0.42828872],8,3,"[0.6815204869410737, 0.47689852788858716]",597,-1
8040,[0.40876108 0.50134543],5,0,"[0.383291892093257, 0.5586820702346661]",-1,-1
8041,[0.45645184 0.43061566],5,-1,-1,-1,-1
8042,[0.38263901 0.25406109],6,-1,-1,-1,-1
8043,[0.83881426 0.60402419],1,-1,-1,-1,-1
8044,[0.30547707 0.40269801],2,8,"[0.27392971195344684, 0.45973140540928376]",928,-1
8045,[0.29390172 0.438716  ],7,8,"[0.27392971195344684, 0.45973140540928376]",1240,-1
8046,[0.53186337 0.46286196],5,-1,-1,556,-1
8047,[0.53777942 0.65817111],9,2,"[0.5921204552873188, 0.6383928111301557]",1056,-1
8048,[0.43555838 0.36672178],6,1,"[0.3897435781344088, 0.3417040596068965]",-1,-1
8049,[0.24543504 0.31798049],2,5,"[0.23231087327800656, 0.30304944505444303]",-1,7
8050,[0.39974439 0.58835488],3,0,"[0.383291892093257, 0.5586820702346661]",-1,-1
8051,[0.80959152 0.76900682],1,4,"[0.7726811996944247, 0.7249303226766757]",-1,0
8052,[0.30947423 0.65842937],3,-1,-1,302,-1
8053,[0.38247738 0.5993397 ],4,0,"[0.383291892093257, 0.5586820702346661]",1753,-1
8054,[0.38826474 0.47281877],4,-1,-1,582,-1
8055,[0.40137806 0.40908799],6,1,"[0.3897435781344088, 0.3417040596068965]",-1,-1
8056,[0.26453009 0.21352469],0,9,"[0.3110394802231661, 0.23517199738277297]",991,-1
8057,[0.12141207 0.35413576],2,-1,-1,-1,-1
8058,[0.56402086 0.56829709],5,6,"[0.5164739970238864, 0.5319253761973344]",-1,-1
8059,[0.30519542 0.33206578],0,-1,-1,-1,-1
8060,[0.30902164 0.61088987],4,7,"[0.2817018170798153, 0.5849768676672948]",1762,-1
8061,[0.65125996 0.6347343 ],5,2,"[0.5921204552873188, 0.6383928111301557]",-1,-1
8062,[0.52108931 0.5930793 ],5,6,"[0.5164739970238864, 0.5319253761973344]",-1,-1
8063,[0.43281599 0.21905845],6,-1,-1,73,-1
8064,[0.18490718 0.30396683],0,5,"[0.23231087327800656, 0.30304944505444303]",549,-1
8065,[0.21116379 0.21477506],0,-1,-1,708,-1
8066,[0.27633276 0.47466763],2,8,"[0.27392971195344684, 0.45973140540928376]",-1,-1
8067,[0.35674499 0.45417574],7,-1,-1,860,-1
8068,[0.28449023 0.57628022],4,7,"[0.2817018170798153, 0.5849768676672948]",1773,-1
8069,[0.33249894 0.54679969],3,0,"[0.383291892093257, 0.5586820702346661]",-1,-1
8070,[0.58788062 0.77242028],9,-1,-1,-1,-1
8071,[0.41331671 0.32908724],6,1,"[0.3897435781344088, 0.3417040596068965]",996,-1
8072,[0.21421035 0.2855784 ],0,5,"[0.23231087327800656, 0.30304944505444303]",1109,-1
8073,[0.3733572  0.52263864],3,0,"[0.383291892093257, 0.5586820702346661]",1934,-1
8074,[0.31155012 0.29854586],2,9,"[0.3110394802231661, 0.23517199738277297]",1614,-1
8075,[0.39697016 0.39435476],2,1,"[0.3897435781344088, 0.3417040596068965]",-1,-1
8076,[0.61187155 0.68481476],9,2,"[0.5921204552873188, 0.6383928111301557]",-1,-1
8077,[0.79802553 0.86196372],1,-1,-1,-1,-1
8078,[0.41589681 0.36351891],6,1,"[0.3897435781344088, 0.3417040596068965]",976,-1
8079,[0.39913337 0.42676225],7,-1,-1,363,-1
8080,[0.36318266 0.58209714],3,0,"[0.383291892093257, 0.5586820702346661]",1847,12
8081,[0.49735681 0.57586204],5,6,"[0.5164739970238864, 0.5319253761973344]",1380,-1
8082,[0.33138739 0.47694241],7,8,"[0.27392971195344684, 0.45973140540928376]",1475,-1
8083,[0.74995951 0.72976079],1,4,"[0.7726811996944247, 0.7249303226766757]",424,0
8084,[0.33868834 0.62694727],3,-1,-1,1695,-1
8085,[0.43836949 0.58630085],9,0,"[0.383291892093257, 0.5586820702346661]",1436,-1
8086,[0.41009545 0.62032   ],9,0,"[0.383291892093257, 0.5586820702346661]",-1,-1
8087,[0.27230571 0.24004919],2,9,"[0.3110394802231661, 0.23517199738277297]",1524,-1
8088,[0.33305396 0.61721797],4,7,"[0.2817018170798153, 0.5849768676672948]",-1,-1
8089,[0.29472859 0.33854377],2,-1,-1,-1,-1
8090,[0.56612639 0.47827224],5,-1,-1,684,-1
8091,[0.59635344 0.54709042],9,-1,-1,-1,-1
8092,[0.74246512 0.68770128],1,4,"[0.7726811996944247, 0.7249303226766757]",440,0
8093,[0.36023618 0.23108012],6,9,"[0.3110394802231661, 0.23517199738277297]",-1,-1
8094,[0.37134688 0.52434596],4,0,"[0.383291892093257, 0.5586820702346661]",-1,-1
8095,[0.24064302 0.35735618],0,5,"[0.23231087327800656, 0.30304944505444303]",1569,-1
8096,[0.67210212 0.44840154],8,3,"[0.6815204869410737, 0.47689852788858716]",-1,-1
8097,[0.38158362 0.5982257 ],5,0,"[0.383291892093257, 0.5586820702346661]",-1,-1
8098,[0.30056682 0.24233164],0,9,"[0.3110394802231661, 0.23517199738277297]",1174,-1
8099,[0.74408322 0.42180878],8,-1,-1,-1,-1
8100,[0.44220324 0.50144291],6,-1,-1,-1,-1
8101,[0.29170295 0.1837922 ],6,9,"[0.3110394802231661, 0.23517199738277297]",425,-1
8102,[0.71849132 0.38774445],8,-1,-1,149,-1
8103,[0.33904983 0.6339852 ],4,-1,-1,1047,-1
8104,[0.30690151 0.48597077],4,8,"[0.27392971195344684, 0.45973140540928376]",1873,-1
8105,[0.24753226 0.28733588],2,5,"[0.23231087327800656, 0.30304944505444303]",1640,-1
8106,[0.67652174 0.53004327],8,3,"[0.6815204869410737, 0.47689852788858716]",673,-1
8107,[0.22780433 0.45169363],7,8,"[0.27392971195344684, 0.45973140540928376]",587,-1
8108,[0.40869184 0.48830636],7,-1,-1,1058,-1
8109,[0.35802484 0.62758516],3,-1,-1,1304,-1
8110,[0.34710915 0.47054561],3,-1,-1,1758,-1
8111,[0.82181227 0.78055515],1,-1,-1,-1,0
8112,[0.33478718 0.57571225],7,0,"[0.383291892093257, 0.5586820702346661]",1979,-1
8113,[0.32712882 0.38246621],6,-1,-1,1011,-1
8114,[0.72309766 0.45977934],8,3,"[0.6815204869410737, 0.47689852788858716]",-1,-1
8115,[0.65662692 0.5380151 ],5,3,"[0.6815204869410737, 0.47689852788858716]",668,-1
8116,[0.28262724 0.55691315],7,7,"[0.2817018170798153, 0.5849768676672948]",1916,13
8117,[0.32062792 0.60009841],3,7,"[0.2817018170798153, 0.5849768676672948]",1939,-1
8118,[0.3337389  0.25049853],0,9,"[0.3110394802231661, 0.23517199738277297]",967,-1
8119,[0.64443053 0.60381295],9,2,"[0.5921204552873188, 0.6383928111301557]",613,-1
8120,[0.27877988 0.28831876],0,5,"[0.23231087327800656, 0.30304944505444303]",-1,11
8121,[0.13257545 0.15590434],0,-1,-1,2,-1
8122,[0.41541496 0.46032484],2,-1,-1,713,-1
8123,[0.26828051 0.45312878],4,8,"[0.27392971195344684, 0.45973140540928376]",1247,-1
8124,[0.21575203 0.27967362],0,5,"[0.23231087327800656, 0.30304944505444303]",-1,-1
8125,[0.84198486 0.73728416],1,-1,-1,-1,0
8126,[0.79412542 0.79955385],1,-1,-1,318,0
8127,[0.30292301 0.34259071],6,-1,-1,-1,8
8128,[0.39040398 0.22281505],0,-1,-1,-1,-1
8129,[0.40771099 0.38419856],6,1,"[0.3897435781344088, 0.3417040596068965]",-1,-1
8130,[0.62868246 0.6556096 ],9,2,"[0.5921204552873188, 0.6383928111301557]",-1,-1
8131,[0.38573534 0.36999975],6,1,"[0.3897435781344088, 0.3417040596068965]",-1,-1
8132,[0.3335377  0.20901528],6,9,"[0.3110394802231661, 0.23517199738277297]",674,-1
8133,[0.62770287 0.42436728],8,-1,-1,264,-1
8134,[0.80505042 0.65519306],1,-1,-1,-1,0
8135,[0.27691499 0.31447254],0,5,"[0.23231087327800656, 0.30304944505444303]",1585,9
8136,[0.18879074 0.34138504],0,5,"[0.23231087327800656, 0.30304944505444303]",764,-1
8137,[0.50924552 0.34288611],6,-1,-1,-1,-1
8138,[0.32419327 0.63860085],4,7,"[0.2817018170798153, 0.5849768676672948]",677,-1
8139,[0.57459106 0.54231872],5,6,"[0.5164739970238864, 0.5319253761973344]",-1,-1
8140,[0.27321664 0.30170115],7,5,"[0.23231087327800656, 0.30304944505444303]",1657,-1
8141,[0.55357236 0.68214158],5,2,"[0.5921204552873188, 0.6383928111301557]",-1,-1
8142,[0.26187549 0.33895234],2,5,"[0.23231087327800656, 0.30304944505444303]",1538,-1
8143,[0.32765421 0.36919724],6,1,"[0.3897435781344088, 0.3417040596068965]",-1,-1
8144,[0.48523476 0.70039689],9,-1,-1,-1,-1
8145,[0.80363653 0.44334847],8,-1,-1,-1,-1
8146,[0.38315508 0.45572819],4,-1,-1,-1,-1
8147,[0.81863606 0.72692581],1,4,"[0.7726811996944247, 0.7249303226766757]",456,0
8148,[0.73812158 0.82659168],1,-1,-1,103,-1
8149,[0.33805888 0.51027151],2,0,"[0.383291892093257, 0.5586820702346661]",1880,-1
8150,[0.63434834 0.51008705],8,3,"[0.6815204869410737, 0.47689852788858716]",869,1
8151,[0.27191842 0.54166852],7,7,"[0.2817018170798153, 0.5849768676672948]",-1,-1
8152,[0.52279626 0.54975267],5,6,"[0.5164739970238864, 0.5319253761973344]",1274,-1
8153,[0.39465598 0.40951471],6,1,"[0.3897435781344088, 0.3417040596068965]",501,-1
8154,[0.60002834 0.61908705],9,2,"[0.5921204552873188, 0.6383928111301557]",-1,-1
8155,[0.55314703 0.59896137],5,2,"[0.5921204552873188, 0.6383928111301557]",1342,-1
8156,[0.4600256  0.34858466],6,-1,-1,531,-1
8157,[0.4002031  0.27750346],6,1,"[0.3897435781344088, 0.3417040596068965]",-1,-1
8158,[0.30316415 0.5536435 ],4,7,"[0.2817018170798153, 0.5849768676672948]",1930,-1
8159,[0.78794206 0.72149512],1,4,"[0.7726811996944247, 0.7249303226766757]",475,0
8160,[0.34555193 0.59044155],4,0,"[0.383291892093257, 0.5586820702346661]",1834,-1
8161,[0.72586648 0.73520193],1,4,"[0.7726811996944247, 0.7249303226766757]",381,0
8162,[0.4813849  0.36110475],6,-1,-1,208,-1
8163,[0.36198382 0.30382684],0,1,"[0.3897435781344088, 0.3417040596068965]",1543,-1
8164,[0.27726981 0.59629174],7,7,"[0.2817018170798153, 0.5849768676672948]",-1,-1
8165,[0.59280699 0.68049743],9,2,"[0.5921204552873188, 0.6383928111301557]",710,-1
8166,[0.29620203 0.42334702],7,8,"[0.27392971195344684, 0.45973140540928376]",-1,-1
8167,[0.44536443 0.47551441],6,-1,-1,547,-1
8168,[0.61616208 0.60567393],9,2,"[0.5921204552873188, 0.6383928111301557]",1200,-1
8169,[0.24993326 0.21318408],0,9,"[0.3110394802231661, 0.23517199738277297]",990,-1
8170,[0.38436743 0.69234084],5,-1,-1,-1,-1
8171,[0.36213657 0.49497955],7,0,"[0.383291892093257, 0.5586820702346661]",1761,-1
8172,[0.37189722 0.36919403],6,1,"[0.3897435781344088, 0.3417040596068965]",-1,-1
8173,[0.60641628 0.6259544 ],9,2,"[0.5921204552873188, 0.6383928111301557]",-1,-1
8174,[0.22793429 0.32314374],0,5,"[0.23231087327800656, 0.30304944505444303]",-1,-1
8175,[0.57755644 0.58959009],9,2,"[0.5921204552873188, 0.6383928111301557]",-1,6
8176,[0.78645439 0.66212281],1,4,"[0.7726811996944247, 0.7249303226766757]",326,0
8177,[0.5941496  0.50270771],5,-1,-1,-1,-1
8178,[0.73155838 0.73442983],1,4,"[0.7726811996944247, 0.7249303226766757]",381,0
8179,[0.5227698  0.68275758],9,-1,-1,-1,-1
8180,[0.53410306 0.50710279],5,6,"[0.5164739970238864, 0.5319253761973344]",-1,-1
8181,[0.32761235 0.34448238],2,1,"[0.3897435781344088, 0.3417040596068965]",-1,-1
8182,[0.29830266 0.19836665],0,9,"[0.3110394802231661, 0.23517199738277297]",425,-1
8183,[0.32443315 0.62824192],3,7,"[0.2817018170798153, 0.5849768676672948]",-1,-1
8184,[0.35405688 0.32007708],6,1,"[0.3897435781344088, 0.3417040596068965]",-1,-1
8185,[0.81902951 0.77603777],1,4,"[0.7726811996944247, 0.7249303226766757]",254,0
8186,[0.39875745 0.2246889 ],0,-1,-1,204,-1
8187,[0.65519117 0.61704383],9,2,"[0.5921204552873188, 0.6383928111301557]",-1,-1
8188,[0.51765898 0.36453118],6,-1,-1,-1,-1
8189,[0.76066972 0.33963624],8,-1,-1,-1,-1
8190,[0.49599526 0.70544752],3,-1,-1,-1,-1
8191,[0.24841486 0.29146857],0,5,"[0.23231087327800656, 0.30304944505444303]",1640,-1
8192,[0.41428402 0.29352694],6,1,"[0.3897435781344088, 0.3417040596068965]",923,-1
8193,[0.23874585 0.28655571],0,5,"[0.23231087327800656, 0.30304944505444303]",1531,-1
8194,[0.53736841 0.54458844],5,6,"[0.5164739970238864, 0.5319253761973344]",1365,-1
8195,[0.33525504 0.61897149],4,7,"[0.2817018170798153, 0.5849768676672948]",1694,-1
8196,[0.55467155 0.64182313],9,2,"[0.5921204552873188, 0.6383928111301557]",-1,-1
8197,[0.49253678 0.6387326 ],9,-1,-1,647,-1
8198,[0.26476379 0.49889972],7,8,"[0.27392971195344684, 0.45973140540928376]",1778,-1
8199,[0.58348636 0.5077319 ],8,-1,-1,-1,-1
8200,[0.33750464 0.53476602],3,0,"[0.383291892093257, 0.5586820702346661]",-1,16
8201,[0.14847136 0.56068528],4,-1,-1,35,-1
8202,[0.29306675 0.28437674],0,9,"[0.3110394802231661, 0.23517199738277297]",1554,-1
8203,[0.27321794 0.34075951],2,5,"[0.23231087327800656, 0.30304944505444303]",1608,-1
8204,[0.40401669 0.55035956],3,0,"[0.383291892093257, 0.5586820702346661]",1745,-1
8205,[0.28777339 0.58945482],4,7,"[0.2817018170798153, 0.5849768676672948]",1810,-1
8206,[0.55822119 0.72859085],9,-1,-1,-1,-1
8207,[0.31866861 0.62280563],3,7,"[0.2817018170798153, 0.5849768676672948]",1395,-1
8208,[0.67504592 0.5108923 ],8,3,"[0.6815204869410737, 0.47689852788858716]",-1,-1
8209,[0.30609134 0.58476917],4,7,"[0.2817018170798153, 0.5849768676672948]",-1,-1
8210,[0.74894109 0.49348434],8,3,"[0.6815204869410737, 0.47689852788858716]",508,-1
8211,[0.32990077 0.54871638],4,0,"[0.383291892093257, 0.5586820702346661]",1960,-1
8212,[0.30441137 0.46212877],7,8,"[0.27392971195344684, 0.45973140540928376]",1732,-1
8213,[0.3257765 0.5247563],4,0,"[0.383291892093257, 0.5586820702346661]",1943,-1
8214,[0.25136542 0.51416985],4,8,"[0.27392971195344684, 0.45973140540928376]",-1,-1
8215,[0.39750525 0.2620208 ],0,-1,-1,838,-1
8216,[0.46758449 0.66942254],5,-1,-1,137,-1
8217,[0.47936184 0.58853072],5,6,"[0.5164739970238864, 0.5319253761973344]",-1,-1
8218,[0.64931465 0.56481908],9,-1,-1,1110,-1
8219,[0.30056855 0.33806089],6,-1,-1,-1,8
8220,[0.40603794 0.61416949],3,0,"[0.383291892093257, 0.5586820702346661]",-1,-1
8221,[0.2547245 0.2353962],0,9,"[0.3110394802231661, 0.23517199738277297]",-1,-1
8222,[0.52236678 0.47971481],5,6,"[0.5164739970238864, 0.5319253761973344]",604,-1
8223,[0.8362705  0.69805367],1,4,"[0.7726811996944247, 0.7249303226766757]",-1,0
8224,[0.56624038 0.65078923],9,2,"[0.5921204552873188, 0.6383928111301557]",-1,-1
8225,[0.33128833 0.19377506],6,9,"[0.3110394802231661, 0.23517199738277297]",256,-1
8226,[0.75602968 0.78062584],1,4,"[0.7726811996944247, 0.7249303226766757]",-1,0
8227,[0.41552947 0.2278545 ],6,-1,-1,-1,-1
8228,[0.3492474  0.49707745],7,-1,-1,1871,-1
8229,[0.34296952 0.52456967],7,0,"[0.383291892093257, 0.5586820702346661]",1931,-1
8230,[0.37446745 0.6049176 ],3,0,"[0.383291892093257, 0.5586820702346661]",1755,-1
8231,[0.37931404 0.36507493],6,1,"[0.3897435781344088, 0.3417040596068965]",1062,-1
8232,[0.54824974 0.53937177],5,6,"[0.5164739970238864, 0.5319253761973344]",-1,-1
8233,[0.4511066  0.56286005],5,0,"[0.383291892093257, 0.5586820702346661]",1276,-1
8234,[0.37013913 0.2625887 ],6,9,"[0.3110394802231661, 0.23517199738277297]",1101,-1
8235,[0.24913318 0.29058346],2,5,"[0.23231087327800656, 0.30304944505444303]",1640,-1
8236,[0.3995757  0.39131201],6,1,"[0.3897435781344088, 0.3417040596068965]",762,-1
8237,[0.38018692 0.52650503],4,0,"[0.383291892093257, 0.5586820702346661]",1784,-1
8238,[0.36048226 0.24787212],0,9,"[0.3110394802231661, 0.23517199738277297]",-1,-1
8239,[0.37287419 0.35320158],2,1,"[0.3897435781344088, 0.3417040596068965]",-1,-1
8240,[0.7617828  0.60133919],8,-1,-1,-1,-1
8241,[0.60034341 0.38561166],8,-1,-1,97,-1
8242,[0.63220502 0.52266492],8,3,"[0.6815204869410737, 0.47689852788858716]",864,-1
8243,[0.33653176 0.48366185],3,8,"[0.27392971195344684, 0.45973140540928376]",1884,-1
8244,[0.60591195 0.73485462],1,-1,-1,-1,-1
8245,[0.24629086 0.26406403],0,5,"[0.23231087327800656, 0.30304944505444303]",1310,-1
8246,[0.24694821 0.49084267],4,8,"[0.27392971195344684, 0.45973140540928376]",-1,-1
8247,[0.29126088 0.33850156],2,5,"[0.23231087327800656, 0.30304944505444303]",-1,-1
8248,[0.6259913  0.56649566],9,-1,-1,-1,-1
8249,[0.47733346 0.22660449],6,-1,-1,67,-1
8250,[0.24739608 0.54480004],7,7,"[0.2817018170798153, 0.5849768676672948]",1700,-1
8251,[0.48614704 0.53229449],3,6,"[0.5164739970238864, 0.5319253761973344]",961,-1
8252,[0.28620939 0.52048891],7,8,"[0.27392971195344684, 0.45973140540928376]",-1,14
8253,[0.43081953 0.55365457],3,0,"[0.383291892093257, 0.5586820702346661]",-1,-1
8254,[0.47672447 0.53410803],5,6,"[0.5164739970238864, 0.5319253761973344]",963,-1
8255,[0.61374835 0.56238043],9,-1,-1,910,-1
8256,[0.75906524 0.75984995],1,4,"[0.7726811996944247, 0.7249303226766757]",-1,0
8257,[0.47259606 0.51767025],5,6,"[0.5164739970238864, 0.5319253761973344]",1002,-1
8258,[0.67398526 0.41074408],8,3,"[0.6815204869410737, 0.47689852788858716]",592,-1
8259,[0.83391604 0.758492  ],1,4,"[0.7726811996944247, 0.7249303226766757]",-1,0
8260,[0.52478852 0.55698913],5,6,"[0.5164739970238864, 0.5319253761973344]",-1,-1
8261,[0.20479454 0.24025564],0,5,"[0.23231087327800656, 0.30304944505444303]",-1,-1
8262,[0.18142027 0.52981715],4,-1,-1,-1,-1
8263,[0.33435302 0.29744988],0,9,"[0.3110394802231661, 0.23517199738277297]",-1,10
8264,[0.22854315 0.51623822],4,-1,-1,-1,-1
8265,[0.20070809 0.34756953],2,5,"[0.23231087327800656, 0.30304944505444303]",-1,-1
8266,[0.29701796 0.42698078],2,8,"[0.27392971195344684, 0.45973140540928376]",1075,-1
8267,[0.27020523 0.11835407],0,-1,-1,20,-1
8268,[0.83074427 0.61487318],1,-1,-1,54,-1
8269,[0.20695031 0.17031286],0,-1,-1,-1,-1
8270,[0.43664587 0.33524004],6,1,"[0.3897435781344088, 0.3417040596068965]",-1,-1
8271,[0.32080912 0.51488229],4,-1,-1,1923,-1
8272,[0.27313608 0.33847213],6,5,"[0.23231087327800656, 0.30304944505444303]",1607,-1
8273,[0.26935195 0.51294565],7,8,"[0.27392971195344684, 0.45973140540928376]",-1,-1
8274,[0.38578614 0.49981705],4,0,"[0.383291892093257, 0.5586820702346661]",-1,-1
8275,[0.62501173 0.53677771],8,-1,-1,774,-1
8276,[0.27353597 0.50109888],4,8,"[0.27392971195344684, 0.45973140540928376]",1779,-1
8277,[0.64006587 0.32608795],8,-1,-1,-1,-1
8278,[0.46390443 0.31782246],6,-1,-1,281,-1
8279,[0.27534142 0.58638378],3,7,"[0.2817018170798153, 0.5849768676672948]",-1,-1
8280,[0.44698588 0.66415928],9,-1,-1,138,-1
8281,[0.40242514 0.23103303],6,-1,-1,-1,-1
8282,[0.30656084 0.48585159],7,8,"[0.27392971195344684, 0.45973140540928376]",1873,-1
8283,[0.27727794 0.5908054 ],4,7,"[0.2817018170798153, 0.5849768676672948]",1572,-1
8284,[0.27132786 0.45873506],6,8,"[0.27392971195344684, 0.45973140540928376]",1248,-1
8285,[0.77051749 0.77032408],1,4,"[0.7726811996944247, 0.7249303226766757]",410,0
8286,[0.29153345 0.60086077],7,7,"[0.2817018170798153, 0.5849768676672948]",1693,-1
8287,[0.59649246 0.65441096],9,2,"[0.5921204552873188, 0.6383928111301557]",1125,-1
8288,[0.39127071 0.59441611],3,0,"[0.383291892093257, 0.5586820702346661]",-1,-1
8289,[0.71749731 0.45050183],8,3,"[0.6815204869410737, 0.47689852788858716]",693,-1
8290,[0.36531404 0.16262462],0,-1,-1,-1,-1
8291,[0.41133631 0.68673177],4,-1,-1,-1,-1
8292,[0.70460098 0.48998496],8,3,"[0.6815204869410737, 0.47689852788858716]",-1,-1
8293,[0.2373666  0.45777201],0,8,"[0.27392971195344684, 0.45973140540928376]",-1,-1
8294,[0.49634576 0.21822751],6,-1,-1,-1,-1
8295,[0.41297924 0.40721961],6,1,"[0.3897435781344088, 0.3417040596068965]",-1,-1
8296,[0.66128752 0.72513813],1,-1,-1,195,-1
8297,[0.73127916 0.42821295],8,3,"[0.6815204869410737, 0.47689852788858716]",317,-1
8298,[0.28355044 0.30356308],0,5,"[0.23231087327800656, 0.30304944505444303]",1578,-1
8299,[0.14686911 0.32566106],0,-1,-1,-1,-1
8300,[0.43053774 0.37269628],6,1,"[0.3897435781344088, 0.3417040596068965]",681,-1
8301,[0.64397562 0.74286881],1,-1,-1,-1,-1
8302,[0.81244538 0.67012261],1,4,"[0.7726811996944247, 0.7249303226766757]",-1,0
8303,[0.39196931 0.37212184],6,1,"[0.3897435781344088, 0.3417040596068965]",-1,-1
8304,[0.20240773 0.28677475],2,5,"[0.23231087327800656, 0.30304944505444303]",-1,-1
8305,[0.5467051 0.6298247],9,2,"[0.5921204552873188, 0.6383928111301557]",1263,-1
8306,[0.31804091 0.31165905],2,-1,-1,1663,-1
8307,[0.1850298  0.20127364],2,-1,-1,-1,-1
8308,[0.4364677  0.60666629],5,-1,-1,1574,-1
8309,[0.69691908 0.44520292],8,3,"[0.6815204869410737, 0.47689852788858716]",595,-1
8310,[0.2859441 0.2284748],0,9,"[0.3110394802231661, 0.23517199738277297]",-1,-1
8311,[0.69547801 0.47998311],8,3,"[0.6815204869410737, 0.47689852788858716]",808,-1
8312,[0.68848185 0.59348886],9,-1,-1,267,-1
8313,[0.32805148 0.51055958],4,-1,-1,1920,-1
8314,[0.81998575 0.72702409],1,4,"[0.7726811996944247, 0.7249303226766757]",456,0
8315,[0.21686462 0.31675918],0,5,"[0.23231087327800656, 0.30304944505444303]",1340,-1
8316,[0.7428306  0.84501401],1,-1,-1,31,-1
8317,[0.2224218  0.42824154],2,8,"[0.27392971195344684, 0.45973140540928376]",-1,-1
8318,[0.49791026 0.58459299],5,6,"[0.5164739970238864, 0.5319253761973344]",1266,-1
8319,[0.28788514 0.29063859],0,5,"[0.23231087327800656, 0.30304944505444303]",-1,11
8320,[0.72649574 0.78501762],1,-1,-1,-1,0
8321,[0.27790072 0.44241543],7,8,"[0.27392971195344684, 0.45973140540928376]",-1,-1
8322,[0.25166937 0.63029617],4,7,"[0.2817018170798153, 0.5849768676672948]",348,-1
8323,[0.38642753 0.44444672],7,-1,-1,567,-1
8324,[0.28716871 0.43201802],7,8,"[0.27392971195344684, 0.45973140540928376]",1070,-1
8325,[0.58858696 0.68931564],9,2,"[0.5921204552873188, 0.6383928111301557]",-1,-1
8326,[0.37396283 0.5358481 ],3,0,"[0.383291892093257, 0.5586820702346661]",1807,-1
8327,[0.30789327 0.56558952],7,7,"[0.2817018170798153, 0.5849768676672948]",-1,-1
8328,[0.51823203 0.59831977],9,6,"[0.5164739970238864, 0.5319253761973344]",-1,-1
8329,[0.27029159 0.59729316],7,7,"[0.2817018170798153, 0.5849768676672948]",1655,-1
8330,[0.15852195 0.23714007],2,-1,-1,-1,-1
8331,[0.35245007 0.25074673],6,9,"[0.3110394802231661, 0.23517199738277297]",-1,-1
8332,[0.33887837 0.62020738],4,7,"[0.2817018170798153, 0.5849768676672948]",1694,-1
8333,[0.43466148 0.21200451],6,-1,-1,73,-1
8334,[0.39206887 0.36089427],6,1,"[0.3897435781344088, 0.3417040596068965]",-1,-1
8335,[0.30675784 0.59829187],4,7,"[0.2817018170798153, 0.5849768676672948]",1820,-1
8336,[0.47469424 0.62992244],4,-1,-1,647,-1
8337,[0.42174925 0.41705841],6,-1,-1,-1,-1
8338,[0.40346776 0.16819949],6,-1,-1,-1,-1
8339,[0.29203088 0.31752789],2,5,"[0.23231087327800656, 0.30304944505444303]",1621,-1
8340,[0.48397691 0.50124793],5,6,"[0.5164739970238864, 0.5319253761973344]",873,-1
8341,[0.63287313 0.46055057],8,3,"[0.6815204869410737, 0.47689852788858716]",625,-1
8342,[0.28455365 0.24796515],0,9,"[0.3110394802231661, 0.23517199738277297]",1602,-1
8343,[0.49858159 0.5053553 ],5,6,"[0.5164739970238864, 0.5319253761973344]",725,-1
8344,[0.56086612 0.65782725],9,2,"[0.5921204552873188, 0.6383928111301557]",-1,-1
8345,[0.79424751 0.77254848],1,4,"[0.7726811996944247, 0.7249303226766757]",-1,0
8346,[0.63827899 0.52026707],8,3,"[0.6815204869410737, 0.47689852788858716]",861,1
8347,[0.26389539 0.32289576],6,5,"[0.23231087327800656, 0.30304944505444303]",-1,-1
8348,[0.5731405  0.62663822],9,2,"[0.5921204552873188, 0.6383928111301557]",-1,-1
8349,[0.60471469 0.62792968],9,2,"[0.5921204552873188, 0.6383928111301557]",-1,-1
8350,[0.71712377 0.48957235],8,3,"[0.6815204869410737, 0.47689852788858716]",680,-1
8351,[0.75777124 0.83225325],1,-1,-1,-1,-1
8352,[0.3320691  0.54480906],4,0,"[0.383291892093257, 0.5586820702346661]",-1,-1
8353,[0.64401326 0.53360692],8,3,"[0.6815204869410737, 0.47689852788858716]",-1,-1
8354,[0.20056511 0.19238818],2,-1,-1,227,-1
8355,[0.70570243 0.46791109],8,3,"[0.6815204869410737, 0.47689852788858716]",717,-1
8356,[0.35436397 0.41152528],2,-1,-1,-1,-1
8357,[0.76003886 0.82192328],1,-1,-1,-1,0
8358,[0.25392348 0.28391364],2,5,"[0.23231087327800656, 0.30304944505444303]",1530,-1
8359,[0.46010624 0.66807211],3,-1,-1,137,-1
8360,[0.47465214 0.50963633],5,6,"[0.5164739970238864, 0.5319253761973344]",-1,-1
8361,[0.29647826 0.31156534],6,5,"[0.23231087327800656, 0.30304944505444303]",-1,-1
8362,[0.54551627 0.60927176],9,2,"[0.5921204552873188, 0.6383928111301557]",1217,-1
8363,[0.42226104 0.53121645],7,0,"[0.383291892093257, 0.5586820702346661]",1469,-1
8364,[0.34953399 0.22496788],0,9,"[0.3110394802231661, 0.23517199738277297]",566,-1
8365,[0.34317927 0.53626465],3,0,"[0.383291892093257, 0.5586820702346661]",1965,16
8366,[0.31521438 0.54205093],3,7,"[0.2817018170798153, 0.5849768676672948]",-1,17
8367,[0.36539792 0.31352456],6,1,"[0.3897435781344088, 0.3417040596068965]",-1,-1
8368,[0.75813228 0.45048118],8,-1,-1,263,-1
8369,[0.30135069 0.49579482],4,8,"[0.27392971195344684, 0.45973140540928376]",-1,-1
8370,[0.20878828 0.45064222],2,8,"[0.27392971195344684, 0.45973140540928376]",-1,-1
8371,[0.42744261 0.5384169 ],7,0,"[0.383291892093257, 0.5586820702346661]",1134,-1
8372,[0.76397247 0.76270898],1,4,"[0.7726811996944247, 0.7249303226766757]",-1,0
8373,[0.27934385 0.30986759],6,5,"[0.23231087327800656, 0.30304944505444303]",-1,-1
8374,[0.22928697 0.36847626],2,5,"[0.23231087327800656, 0.30304944505444303]",1085,-1
8375,[0.38741325 0.52620245],3,0,"[0.383291892093257, 0.5586820702346661]",1777,-1
8376,[0.30295676 0.55099233],7,7,"[0.2817018170798153, 0.5849768676672948]",-1,-1
8377,[0.33228399 0.57153779],4,7,"[0.2817018170798153, 0.5849768676672948]",-1,-1
8378,[0.43815752 0.30561439],6,1,"[0.3897435781344088, 0.3417040596068965]",-1,-1
8379,[0.35335973 0.51680029],4,0,"[0.383291892093257, 0.5586820702346661]",1926,-1
8380,[0.73688667 0.80633739],1,-1,-1,288,0
8381,[0.60178628 0.38712185],8,-1,-1,97,-1
8382,[0.31015076 0.50305922],7,8,"[0.27392971195344684, 0.45973140540928376]",1922,-1
8383,[0.15997173 0.29149728],2,-1,-1,-1,-1
8384,[0.49815368 0.59629632],9,6,"[0.5164739970238864, 0.5319253761973344]",1063,-1
8385,[0.2970933  0.75885408],3,-1,-1,-1,-1
8386,[0.28397072 0.59922196],7,7,"[0.2817018170798153, 0.5849768676672948]",-1,-1
8387,[0.45307396 0.3264094 ],6,1,"[0.3897435781344088, 0.3417040596068965]",-1,-1
8388,[0.81672718 0.73461978],1,4,"[0.7726811996944247, 0.7249303226766757]",-1,0
8389,[0.33519782 0.35391393],6,1,"[0.3897435781344088, 0.3417040596068965]",1368,-1
8390,[0.66991494 0.55456108],8,-1,-1,-1,-1
8391,[0.17961217 0.33993891],2,5,"[0.23231087327800656, 0.30304944505444303]",-1,-1
8392,[0.43562618 0.6875204 ],3,-1,-1,-1,-1
8393,[0.38043373 0.44681993],4,-1,-1,-1,-1
8394,[0.54423727 0.60186617],9,2,"[0.5921204552873188, 0.6383928111301557]",-1,-1
8395,[0.3769841 0.4077718],6,1,"[0.3897435781344088, 0.3417040596068965]",723,-1
8396,[0.78732695 0.71944788],1,4,"[0.7726811996944247, 0.7249303226766757]",475,0
8397,[0.67953765 0.66469242],9,-1,-1,482,-1
8398,[0.33757104 0.53128101],3,0,"[0.383291892093257, 0.5586820702346661]",-1,-1
8399,[0.29290481 0.2396512 ],0,9,"[0.3110394802231661, 0.23517199738277297]",-1,-1
8400,[0.69172512 0.48212521],8,3,"[0.6815204869410737, 0.47689852788858716]",-1,-1
8401,[0.54887312 0.51361293],8,6,"[0.5164739970238864, 0.5319253761973344]",-1,-1
8402,[0.22416277 0.47678365],7,8,"[0.27392971195344684, 0.45973140540928376]",-1,-1
8403,[0.32201136 0.45598399],7,8,"[0.27392971195344684, 0.45973140540928376]",-1,-1
8404,[0.38533212 0.50797319],3,0,"[0.383291892093257, 0.5586820702346661]",-1,-1
8405,[0.31498428 0.343505  ],0,-1,-1,1623,8
8406,[0.25714596 0.48440482],7,8,"[0.27392971195344684, 0.45973140540928376]",1709,-1
8407,[0.68285865 0.64497264],1,-1,-1,490,-1
8408,[0.21030044 0.31980453],0,5,"[0.23231087327800656, 0.30304944505444303]",-1,-1
8409,[0.26077246 0.40541368],7,8,"[0.27392971195344684, 0.45973140540928376]",1008,-1
8410,[0.26784898 0.32510141],2,5,"[0.23231087327800656, 0.30304944505444303]",1585,-1
8411,[0.25216078 0.32402395],2,5,"[0.23231087327800656, 0.30304944505444303]",-1,7
8412,[0.64444741 0.37286671],8,-1,-1,112,-1
8413,[0.19439909 0.50036264],7,-1,-1,-1,-1
8414,[0.89288001 0.69835765],1,-1,-1,-1,-1
8415,[0.85196182 0.74969113],1,-1,-1,130,0
8416,[0.47034245 0.56672204],5,6,"[0.5164739970238864, 0.5319253761973344]",1155,-1
8417,[0.28270829 0.3800636 ],2,-1,-1,1098,-1
8418,[0.56673245 0.5867992 ],5,2,"[0.5921204552873188, 0.6383928111301557]",1437,6
8419,[0.36982398 0.36233233],6,1,"[0.3897435781344088, 0.3417040596068965]",1088,-1
8420,[0.66424767 0.77577061],9,-1,-1,-1,-1
8421,[0.38910202 0.68095703],3,-1,-1,-1,-1
8422,[0.70381476 0.59934708],1,-1,-1,-1,-1
8423,[0.26767094 0.53886849],7,7,"[0.2817018170798153, 0.5849768676672948]",1743,-1
8424,[0.34490049 0.51419113],4,0,"[0.383291892093257, 0.5586820702346661]",1927,-1
8425,[0.19387824 0.30800097],2,5,"[0.23231087327800656, 0.30304944505444303]",777,-1
8426,[0.45788487 0.49108595],5,-1,-1,666,-1
8427,[0.51396735 0.52889178],8,6,"[0.5164739970238864, 0.5319253761973344]",-1,3
8428,[0.80765424 0.77344025],1,4,"[0.7726811996944247, 0.7249303226766757]",-1,0
8429,[0.69916177 0.41509569],8,3,"[0.6815204869410737, 0.47689852788858716]",503,-1
8430,[0.55992979 0.65987811],9,2,"[0.5921204552873188, 0.6383928111301557]",1045,-1
8431,[0.22244987 0.31291889],2,5,"[0.23231087327800656, 0.30304944505444303]",-1,-1
8432,[0.23980231 0.43181387],2,8,"[0.27392971195344684, 0.45973140540928376]",689,-1
8433,[0.34761569 0.57724   ],3,0,"[0.383291892093257, 0.5586820702346661]",1842,-1
8434,[0.30040061 0.2481941 ],0,9,"[0.3110394802231661, 0.23517199738277297]",1202,-1
8435,[0.4952578  0.75840406],9,-1,-1,4,-1
8436,[0.31031066 0.24629061],0,9,"[0.3110394802231661, 0.23517199738277297]",1499,-1
8437,[0.29399723 0.42001256],7,8,"[0.27392971195344684, 0.45973140540928376]",-1,-1
8438,[0.4223017  0.59231499],5,0,"[0.383291892093257, 0.5586820702346661]",1702,-1
8439,[0.86461941 0.67154176],1,-1,-1,81,-1
8440,[0.31010526 0.561932  ],7,7,"[0.2817018170798153, 0.5849768676672948]",1968,-1
8441,[0.33442758 0.58657513],4,7,"[0.2817018170798153, 0.5849768676672948]",-1,-1
8442,[0.34643396 0.23738472],6,9,"[0.3110394802231661, 0.23517199738277297]",633,-1
8443,[0.48762558 0.58664746],5,6,"[0.5164739970238864, 0.5319253761973344]",-1,-1
8444,[0.31826387 0.58221776],4,7,"[0.2817018170798153, 0.5849768676672948]",1963,-1
8445,[0.26532115 0.51766705],7,8,"[0.27392971195344684, 0.45973140540928376]",1582,-1
8446,[0.2851956  0.56023017],4,7,"[0.2817018170798153, 0.5849768676672948]",-1,13
8447,[0.47500159 0.53368902],5,6,"[0.5164739970238864, 0.5319253761973344]",962,-1
8448,[0.62067351 0.57026057],5,-1,-1,1273,-1
8449,[0.37075578 0.61634899],3,0,"[0.383291892093257, 0.5586820702346661]",-1,-1
8450,[0.3234896  0.42680931],4,8,"[0.27392971195344684, 0.45973140540928376]",-1,-1
8451,[0.57992882 0.62831979],5,2,"[0.5921204552873188, 0.6383928111301557]",1309,-1
8452,[0.30455846 0.44067547],7,8,"[0.27392971195344684, 0.45973140540928376]",-1,-1
8453,[0.22766225 0.28034617],0,5,"[0.23231087327800656, 0.30304944505444303]",-1,-1
8454,[0.29136661 0.43928325],7,8,"[0.27392971195344684, 0.45973140540928376]",1240,-1
8455,[0.3915023  0.51066695],7,0,"[0.383291892093257, 0.5586820702346661]",1781,-1
8456,[0.27919573 0.49591736],7,8,"[0.27392971195344684, 0.45973140540928376]",1795,-1
8457,[0.28609507 0.35146443],2,-1,-1,1584,-1
8458,[0.6051351  0.71296776],5,-1,-1,-1,-1
8459,[0.59152187 0.66170053],9,2,"[0.5921204552873188, 0.6383928111301557]",1125,-1
8460,[0.35560328 0.58190391],3,0,"[0.383291892093257, 0.5586820702346661]",1843,-1
8461,[0.33028973 0.44325444],7,8,"[0.27392971195344684, 0.45973140540928376]",941,-1
8462,[0.34251388 0.27297724],6,9,"[0.3110394802231661, 0.23517199738277297]",1119,-1
8463,[0.79173466 0.70445666],1,4,"[0.7726811996944247, 0.7249303226766757]",478,0
8464,[0.15699623 0.32280009],2,-1,-1,-1,-1
8465,[0.38533749 0.57910341],4,0,"[0.383291892093257, 0.5586820702346661]",1825,-1
8466,[0.47956913 0.4942377 ],3,6,"[0.5164739970238864, 0.5319253761973344]",875,-1
8467,[0.46378776 0.35699703],6,-1,-1,-1,-1
8468,[0.21695153 0.60978533],7,7,"[0.2817018170798153, 0.5849768676672948]",-1,-1
8469,[0.38918839 0.54555844],3,0,"[0.383291892093257, 0.5586820702346661]",-1,-1
8470,[0.70718017 0.46446887],8,3,"[0.6815204869410737, 0.47689852788858716]",717,-1
8471,[0.5150361  0.69364366],9,-1,-1,-1,-1
8472,[0.20317917 0.57291173],4,-1,-1,486,-1
8473,[0.7385509  0.72774769],1,4,"[0.7726811996944247, 0.7249303226766757]",411,0
8474,[0.82049837 0.64449505],1,-1,-1,-1,0
8475,[0.25089772 0.35012735],2,5,"[0.23231087327800656, 0.30304944505444303]",-1,-1
8476,[0.41733083 0.59679291],4,0,"[0.383291892093257, 0.5586820702346661]",1719,-1
8477,[0.63347361 0.50669099],8,3,"[0.6815204869410737, 0.47689852788858716]",866,1
8478,[0.77502655 0.69860951],1,4,"[0.7726811996944247, 0.7249303226766757]",-1,0
8479,[0.7298113  0.49248089],8,3,"[0.6815204869410737, 0.47689852788858716]",-1,-1
8480,[0.60178826 0.55649941],9,-1,-1,-1,-1
8481,[0.29237116 0.44590013],7,8,"[0.27392971195344684, 0.45973140540928376]",1240,-1
8482,[0.6037253  0.50732127],8,-1,-1,844,-1
8483,[0.18974641 0.66318027],4,-1,-1,-1,-1
8484,[0.63145056 0.55285277],5,-1,-1,-1,-1
8485,[0.36526523 0.29887742],2,1,"[0.3897435781344088, 0.3417040596068965]",1542,-1
8486,[0.65899018 0.44882524],8,3,"[0.6815204869410737, 0.47689852788858716]",732,-1
8487,[0.08478034 0.30189273],2,-1,-1,0,-1
8488,[0.37234523 0.50610152],7,0,"[0.383291892093257, 0.5586820702346661]",1766,-1
8489,[0.4494201 0.6001593],3,-1,-1,1237,-1
8490,[0.30067604 0.55840978],4,7,"[0.2817018170798153, 0.5849768676672948]",-1,-1
8491,[0.41111465 0.51100845],3,0,"[0.383291892093257, 0.5586820702346661]",-1,-1
8492,[0.73824754 0.48040591],8,3,"[0.6815204869410737, 0.47689852788858716]",-1,-1
8493,[0.34109152 0.55514195],4,0,"[0.383291892093257, 0.5586820702346661]",1955,-1
8494,[0.4422492 0.3986676],6,-1,-1,426,-1
8495,[0.48693862 0.50172042],5,6,"[0.5164739970238864, 0.5319253761973344]",873,-1
8496,[0.54167207 0.5624734 ],8,6,"[0.5164739970238864, 0.5319253761973344]",-1,6
8497,[0.22434115 0.57849459],3,7,"[0.2817018170798153, 0.5849768676672948]",380,-1
8498,[0.52473687 0.53581145],8,6,"[0.5164739970238864, 0.5319253761973344]",1177,-1
8499,[0.77566016 0.79123023],1,4,"[0.7726811996944247, 0.7249303226766757]",-1,0
8500,[0.27128565 0.22030179],0,9,"[0.3110394802231661, 0.23517199738277297]",-1,-1
8501,[0.47269922 0.57986445],3,6,"[0.5164739970238864, 0.5319253761973344]",1026,-1
8502,[0.31289158 0.50832497],4,8,"[0.27392971195344684, 0.45973140540928376]",1922,15
8503,[0.26662594 0.67253637],3,-1,-1,86,-1
8504,[0.81368511 0.62727911],1,-1,-1,95,-1
8505,[0.24180076 0.54437219],7,7,"[0.2817018170798153, 0.5849768676672948]",1480,-1
8506,[0.27964292 0.25868386],6,9,"[0.3110394802231661, 0.23517199738277297]",1606,-1
8507,[0.3065958  0.57060761],7,7,"[0.2817018170798153, 0.5849768676672948]",1925,-1
8508,[0.32344299 0.39949263],0,-1,-1,1215,-1
8509,[0.58348888 0.47255953],8,-1,-1,-1,-1
8510,[0.43924461 0.54839734],5,0,"[0.383291892093257, 0.5586820702346661]",1296,-1
8511,[0.38332209 0.29362873],0,1,"[0.3897435781344088, 0.3417040596068965]",-1,-1
8512,[0.30248213 0.35246678],0,-1,-1,1551,-1
8513,[0.71622572 0.36311488],8,-1,-1,-1,-1
8514,[0.39092261 0.37011134],6,1,"[0.3897435781344088, 0.3417040596068965]",1064,-1
8515,[0.2717659  0.51574868],4,8,"[0.27392971195344684, 0.45973140540928376]",-1,-1
8516,[0.42574649 0.36800958],6,1,"[0.3897435781344088, 0.3417040596068965]",682,-1
8517,[0.80797727 0.7330646 ],1,4,"[0.7726811996944247, 0.7249303226766757]",457,0
8518,[0.33458999 0.21064326],2,9,"[0.3110394802231661, 0.23517199738277297]",674,-1
8519,[0.31143581 0.5310189 ],7,7,"[0.2817018170798153, 0.5849768676672948]",1844,-1
8520,[0.25628309 0.33303945],2,5,"[0.23231087327800656, 0.30304944505444303]",-1,-1
8521,[0.40066256 0.48749793],3,-1,-1,1036,-1
8522,[0.32848186 0.52370883],7,0,"[0.383291892093257, 0.5586820702346661]",-1,-1
8523,[0.32107656 0.32040105],0,-1,-1,-1,-1
8524,[0.61148414 0.51495556],8,-1,-1,-1,-1
8525,[0.55792616 0.49770447],5,6,"[0.5164739970238864, 0.5319253761973344]",845,-1
8526,[0.34991013 0.61862827],3,0,"[0.383291892093257, 0.5586820702346661]",1830,-1
8527,[0.29710051 0.52390083],7,7,"[0.2817018170798153, 0.5849768676672948]",1788,-1
8528,[0.3570014  0.34976116],0,1,"[0.3897435781344088, 0.3417040596068965]",1350,-1
8529,[0.37486519 0.24992848],6,9,"[0.3110394802231661, 0.23517199738277297]",-1,-1
8530,[0.34802173 0.46941756],4,-1,-1,1758,-1
8531,[0.59822716 0.66513159],9,2,"[0.5921204552873188, 0.6383928111301557]",-1,-1
8532,[0.76096786 0.54280472],8,-1,-1,84,-1
8533,[0.33519515 0.52092063],7,0,"[0.383291892093257, 0.5586820702346661]",-1,-1
8534,[0.29168126 0.39977056],7,8,"[0.27392971195344684, 0.45973140540928376]",-1,-1
8535,[0.2087663  0.33624717],2,5,"[0.23231087327800656, 0.30304944505444303]",949,-1
8536,[0.51573346 0.58592186],5,6,"[0.5164739970238864, 0.5319253761973344]",1383,-1
8537,[0.31487786 0.46556183],7,8,"[0.27392971195344684, 0.45973140540928376]",-1,-1
8538,[0.26799869 0.57729117],4,7,"[0.2817018170798153, 0.5849768676672948]",1669,-1
8539,[0.47062812 0.31239924],6,-1,-1,-1,-1
8540,[0.52216424 0.49573543],5,6,"[0.5164739970238864, 0.5319253761973344]",1097,-1
8541,[0.62575496 0.64531423],9,2,"[0.5921204552873188, 0.6383928111301557]",1163,-1
8542,[0.33940474 0.58718924],3,0,"[0.383291892093257, 0.5586820702346661]",1834,-1
8543,[0.29178306 0.48551523],7,8,"[0.27392971195344684, 0.45973140540928376]",1798,-1
8544,[0.17943719 0.39231759],2,-1,-1,133,-1
8545,[0.66229346 0.46051832],8,3,"[0.6815204869410737, 0.47689852788858716]",797,-1
8546,[0.5557353  0.49718828],5,6,"[0.5164739970238864, 0.5319253761973344]",-1,-1
8547,[0.27763842 0.6823752 ],4,-1,-1,-1,-1
8548,[0.26408045 0.17446428],0,-1,-1,239,-1
8549,[0.36394061 0.55294045],4,0,"[0.383291892093257, 0.5586820702346661]",1793,-1
8550,[0.38599944 0.62692739],3,0,"[0.383291892093257, 0.5586820702346661]",894,-1
8551,[0.36297858 0.52561768],7,0,"[0.383291892093257, 0.5586820702346661]",1934,-1
8552,[0.56243852 0.43382669],8,-1,-1,251,-1
8553,[0.29827324 0.27122277],2,9,"[0.3110394802231661, 0.23517199738277297]",1509,-1
8554,[0.37114671 0.62416279],3,0,"[0.383291892093257, 0.5586820702346661]",-1,-1
8555,[0.2541576  0.35718733],2,5,"[0.23231087327800656, 0.30304944505444303]",1025,-1
8556,[0.2848103  0.33623108],6,5,"[0.23231087327800656, 0.30304944505444303]",-1,-1
8557,[0.36153129 0.39648133],6,1,"[0.3897435781344088, 0.3417040596068965]",-1,-1
8558,[0.23489409 0.27801134],2,5,"[0.23231087327800656, 0.30304944505444303]",1531,-1
8559,[0.3282284  0.25759909],2,9,"[0.3110394802231661, 0.23517199738277297]",-1,-1
8560,[0.7469268  0.45902824],8,3,"[0.6815204869410737, 0.47689852788858716]",-1,-1
8561,[0.56671352 0.6894439 ],9,2,"[0.5921204552873188, 0.6383928111301557]",629,-1
8562,[0.27498528 0.54125756],7,7,"[0.2817018170798153, 0.5849768676672948]",1769,-1
8563,[0.30103684 0.21290595],2,9,"[0.3110394802231661, 0.23517199738277297]",1016,-1
8564,[0.30518914 0.57385391],4,7,"[0.2817018170798153, 0.5849768676672948]",-1,-1
8565,[0.21934795 0.2558413 ],0,5,"[0.23231087327800656, 0.30304944505444303]",1021,-1
8566,[0.33138897 0.39682672],2,-1,-1,-1,-1
8567,[0.76790332 0.72805433],1,4,"[0.7726811996944247, 0.7249303226766757]",469,0
8568,[0.25538808 0.31464227],6,5,"[0.23231087327800656, 0.30304944505444303]",-1,-1
8569,[0.25954067 0.22441852],0,9,"[0.3110394802231661, 0.23517199738277297]",988,-1
8570,[0.26728221 0.57659337],3,7,"[0.2817018170798153, 0.5849768676672948]",-1,-1
8571,[0.39237026 0.47941392],6,-1,-1,-1,-1
8572,[0.28201421 0.44873753],7,8,"[0.27392971195344684, 0.45973140540928376]",-1,-1
8573,[0.38043165 0.30400622],6,1,"[0.3897435781344088, 0.3417040596068965]",1464,-1
8574,[0.58081243 0.56300031],5,-1,-1,1394,-1
8575,[0.76076207 0.39772922],8,-1,-1,-1,-1
8576,[0.25710353 0.59039195],4,7,"[0.2817018170798153, 0.5849768676672948]",754,-1
8577,[0.31146218 0.50092898],7,8,"[0.27392971195344684, 0.45973140540928376]",-1,-1
8578,[0.27453288 0.4497793 ],7,8,"[0.27392971195344684, 0.45973140540928376]",1251,-1
8579,[0.80817102 0.72445202],1,4,"[0.7726811996944247, 0.7249303226766757]",456,0
8580,[0.79965811 0.767157  ],1,4,"[0.7726811996944247, 0.7249303226766757]",427,0
8581,[0.59015678 0.63688901],9,2,"[0.5921204552873188, 0.6383928111301557]",-1,-1
8582,[0.5201579  0.69632241],9,-1,-1,-1,-1
8583,[0.84592593 0.6737723 ],1,-1,-1,306,0
8584,[0.79728596 0.67556279],1,4,"[0.7726811996944247, 0.7249303226766757]",-1,0
8585,[0.32729709 0.60281672],3,7,"[0.2817018170798153, 0.5849768676672948]",-1,-1
8586,[0.3331391  0.29376498],2,9,"[0.3110394802231661, 0.23517199738277297]",-1,-1
8587,[0.73522911 0.57361025],8,-1,-1,-1,-1
8588,[0.62204676 0.43689183],8,-1,-1,-1,-1
8589,[0.33270221 0.24192864],0,9,"[0.3110394802231661, 0.23517199738277297]",1001,-1
8590,[0.66490872 0.61199124],9,-1,-1,-1,-1
8591,[0.31695747 0.5823475 ],4,7,"[0.2817018170798153, 0.5849768676672948]",1963,-1
8592,[0.28370787 0.20055382],0,9,"[0.3110394802231661, 0.23517199738277297]",648,-1
8593,[0.68530329 0.53090852],8,3,"[0.6815204869410737, 0.47689852788858716]",-1,-1
8594,[0.64106539 0.37368379],8,-1,-1,112,-1
8595,[0.77085373 0.7498467 ],1,4,"[0.7726811996944247, 0.7249303226766757]",413,0
8596,[0.4487364  0.38302169],6,-1,-1,-1,-1
8597,[0.68630601 0.51945107],8,3,"[0.6815204869410737, 0.47689852788858716]",786,-1
8598,[0.28818198 0.60325569],7,7,"[0.2817018170798153, 0.5849768676672948]",1693,-1
8599,[0.61204393 0.53844258],8,-1,-1,1246,-1
8600,[0.76865678 0.79403342],1,4,"[0.7726811996944247, 0.7249303226766757]",-1,0
8601,[0.28448262 0.49760549],4,8,"[0.27392971195344684, 0.45973140540928376]",1768,-1
8602,[0.31890971 0.27671332],2,9,"[0.3110394802231661, 0.23517199738277297]",-1,-1
8603,[0.16744292 0.33648824],0,-1,-1,-1,-1
8604,[0.56978895 0.48768877],8,6,"[0.5164739970238864, 0.5319253761973344]",848,-1
8605,[0.28823432 0.3787172 ],6,-1,-1,1099,-1
8606,[0.67913416 0.69184107],9,-1,-1,387,-1
8607,[0.61774779 0.57041052],5,-1,-1,1273,-1
8608,[0.38420273 0.53121195],3,0,"[0.383291892093257, 0.5586820702346661]",1782,-1
8609,[0.47231195 0.38312579],6,-1,-1,-1,-1
8610,[0.30184415 0.55122141],3,7,"[0.2817018170798153, 0.5849768676672948]",-1,-1
8611,[0.68059379 0.50263864],8,3,"[0.6815204869410737, 0.47689852788858716]",827,2
8612,[0.37422288 0.45105807],3,-1,-1,-1,-1
8613,[0.54694349 0.55132589],5,6,"[0.5164739970238864, 0.5319253761973344]",1406,6
8614,[0.37950619 0.5226919 ],3,0,"[0.383291892093257, 0.5586820702346661]",1784,-1
8615,[0.21550794 0.31282308],0,5,"[0.23231087327800656, 0.30304944505444303]",1340,-1
8616,[0.44517909 0.32148994],6,1,"[0.3897435781344088, 0.3417040596068965]",-1,-1
8617,[0.57524854 0.54689588],8,6,"[0.5164739970238864, 0.5319253761973344]",-1,-1
8618,[0.36696734 0.32388993],2,1,"[0.3897435781344088, 0.3417040596068965]",-1,-1
8619,[0.3761969  0.31642201],6,1,"[0.3897435781344088, 0.3417040596068965]",1462,-1
8620,[0.35762162 0.51984477],3,0,"[0.383291892093257, 0.5586820702346661]",1921,-1
8621,[0.6456102  0.48540177],8,3,"[0.6815204869410737, 0.47689852788858716]",-1,1
8622,[0.23744003 0.27014456],0,5,"[0.23231087327800656, 0.30304944505444303]",1363,-1
8623,[0.43355115 0.45203257],3,-1,-1,-1,-1
8624,[0.39718782 0.31238363],6,1,"[0.3897435781344088, 0.3417040596068965]",-1,-1
8625,[0.42286858 0.61368376],3,0,"[0.383291892093257, 0.5586820702346661]",-1,-1
8626,[0.53325648 0.64247159],5,2,"[0.5921204552873188, 0.6383928111301557]",1259,-1
8627,[0.64193236 0.7264402 ],1,-1,-1,282,-1
8628,[0.23644256 0.43250529],7,8,"[0.27392971195344684, 0.45973140540928376]",689,-1
8629,[0.34124243 0.49654502],3,-1,-1,1880,-1
8630,[0.59371499 0.71431505],9,-1,-1,423,-1
8631,[0.34132932 0.67693973],3,-1,-1,298,-1
8632,[0.68541271 0.82139683],1,-1,-1,23,-1
8633,[0.71140583 0.50239758],8,3,"[0.6815204869410737, 0.47689852788858716]",739,-1
8634,[0.25657319 0.24692593],2,9,"[0.3110394802231661, 0.23517199738277297]",1138,-1
8635,[0.28046845 0.51388915],7,8,"[0.27392971195344684, 0.45973140540928376]",1887,-1
8636,[0.64174095 0.55171514],9,-1,-1,-1,-1
8637,[0.33024881 0.60169862],3,7,"[0.2817018170798153, 0.5849768676672948]",-1,-1
8638,[0.57226027 0.58009613],5,2,"[0.5921204552873188, 0.6383928111301557]",-1,6
8639,[0.7324975  0.53731854],8,-1,-1,289,-1
8640,[0.74660086 0.58804053],1,-1,-1,110,-1
8641,[0.5468623  0.47757634],5,6,"[0.5164739970238864, 0.5319253761973344]",-1,-1
8642,[0.72973381 0.50455421],8,3,"[0.6815204869410737, 0.47689852788858716]",-1,-1
8643,[0.18055914 0.47900306],7,-1,-1,214,-1
8644,[0.45230174 0.35252633],6,1,"[0.3897435781344088, 0.3417040596068965]",-1,-1
8645,[0.31865175 0.54433753],3,7,"[0.2817018170798153, 0.5849768676672948]",-1,17
8646,[0.77410871 0.70749721],1,4,"[0.7726811996944247, 0.7249303226766757]",476,0
8647,[0.55650374 0.57482396],4,6,"[0.5164739970238864, 0.5319253761973344]",1451,6
8648,[0.40491941 0.20983515],6,-1,-1,-1,-1
8649,[0.65562295 0.5841434 ],9,-1,-1,1014,-1
8650,[0.52830479 0.57177155],8,6,"[0.5164739970238864, 0.5319253761973344]",1371,-1
8651,[0.55353497 0.74570061],9,-1,-1,-1,-1
8652,[0.55301405 0.48624067],5,6,"[0.5164739970238864, 0.5319253761973344]",-1,-1
8653,[0.51584795 0.56152687],9,6,"[0.5164739970238864, 0.5319253761973344]",1369,-1
8654,[0.21651933 0.2126535 ],0,-1,-1,-1,-1
8655,[0.66789411 0.60760734],9,-1,-1,-1,-1
8656,[0.44965435 0.47871422],5,-1,-1,-1,-1
8657,[0.27064107 0.41637799],3,8,"[0.27392971195344684, 0.45973140540928376]",747,-1
8658,[0.56163873 0.58076874],9,2,"[0.5921204552873188, 0.6383928111301557]",1444,6
8659,[0.25366563 0.33751135],2,5,"[0.23231087327800656, 0.30304944505444303]",1399,-1
8660,[0.32783979 0.4586487 ],2,8,"[0.27392971195344684, 0.45973140540928376]",-1,-1
8661,[0.35660173 0.58862502],4,0,"[0.383291892093257, 0.5586820702346661]",1828,-1
8662,[0.28914692 0.52919472],4,7,"[0.2817018170798153, 0.5849768676672948]",1911,14
8663,[0.26634364 0.59009393],4,7,"[0.2817018170798153, 0.5849768676672948]",1655,-1
8664,[0.63833982 0.567631  ],9,-1,-1,-1,-1
8665,[0.58821775 0.59710412],9,2,"[0.5921204552873188, 0.6383928111301557]",-1,-1
8666,[0.44317648 0.35046582],6,1,"[0.3897435781344088, 0.3417040596068965]",-1,-1
8667,[0.68980785 0.4989974 ],8,3,"[0.6815204869410737, 0.47689852788858716]",-1,2
8668,[0.65378911 0.54903421],5,-1,-1,655,-1
8669,[0.34527539 0.42083217],2,-1,-1,-1,-1
8670,[0.34007025 0.62042792],4,7,"[0.2817018170798153, 0.5849768676672948]",1695,-1
8671,[0.49030823 0.2535755 ],6,-1,-1,-1,-1
8672,[0.77462183 0.73540996],1,4,"[0.7726811996944247, 0.7249303226766757]",-1,0
8673,[0.36593564 0.59491008],3,0,"[0.383291892093257, 0.5586820702346661]",1836,-1
8674,[0.31597302 0.23882116],2,9,"[0.3110394802231661, 0.23517199738277297]",-1,-1
8675,[0.54280998 0.50336982],5,6,"[0.5164739970238864, 0.5319253761973344]",-1,-1
8676,[0.35668428 0.42421369],6,-1,-1,883,-1
8677,[0.35698593 0.45634571],3,-1,-1,860,-1
8678,[0.39532591 0.55383881],3,0,"[0.383291892093257, 0.5586820702346661]",1568,-1
8679,[0.60839643 0.6883697 ],9,2,"[0.5921204552873188, 0.6383928111301557]",-1,-1
8680,[0.27251756 0.19606538],2,9,"[0.3110394802231661, 0.23517199738277297]",-1,-1
8681,[0.32679698 0.15909436],0,-1,-1,-1,-1
8682,[0.32433555 0.64714406],3,-1,-1,-1,-1
8683,[0.75073578 0.42529707],8,-1,-1,-1,-1
8684,[0.84759279 0.68582673],1,-1,-1,-1,0
8685,[0.26343213 0.48301539],7,8,"[0.27392971195344684, 0.45973140540928376]",-1,-1
8686,[0.70171995 0.41154816],8,3,"[0.6815204869410737, 0.47689852788858716]",540,-1
8687,[0.34980279 0.54303659],3,0,"[0.383291892093257, 0.5586820702346661]",1969,16
8688,[0.68739208 0.39204447],8,-1,-1,217,-1
8689,[0.41498651 0.4029832 ],6,1,"[0.3897435781344088, 0.3417040596068965]",758,-1
8690,[0.40023306 0.54126625],3,0,"[0.383291892093257, 0.5586820702346661]",-1,-1
8691,[0.37016682 0.60186046],4,0,"[0.383291892093257, 0.5586820702346661]",1755,-1
8692,[0.63040526 0.48970219],8,3,"[0.6815204869410737, 0.47689852788858716]",-1,-1
8693,[0.37864458 0.54701532],7,0,"[0.383291892093257, 0.5586820702346661]",1805,-1
8694,[0.53944061 0.60344703],5,2,"[0.5921204552873188, 0.6383928111301557]",-1,-1
8695,[0.36698538 0.52423333],3,0,"[0.383291892093257, 0.5586820702346661]",-1,-1
8696,[0.63771593 0.54075532],8,-1,-1,1117,-1
8697,[0.67604443 0.48359221],8,3,"[0.6815204869410737, 0.47689852788858716]",-1,-1
8698,[0.40666143 0.52574546],7,0,"[0.383291892093257, 0.5586820702346661]",-1,-1
8699,[0.68215131 0.72458804],1,-1,-1,236,0
8700,[0.18535845 0.47674648],7,-1,-1,-1,-1
8701,[0.30584818 0.31211072],2,-1,-1,1648,-1
8702,[0.45224867 0.58865207],9,-1,-1,1238,4
8703,[0.43279911 0.24813798],6,-1,-1,-1,-1
8704,[0.26189645 0.58832052],4,7,"[0.2817018170798153, 0.5849768676672948]",-1,-1
8705,[0.34627095 0.34606222],2,1,"[0.3897435781344088, 0.3417040596068965]",-1,-1
8706,[0.19685283 0.53348582],7,-1,-1,-1,-1
8707,[0.18673626 0.63799982],7,-1,-1,-1,-1
8708,[0.43088441 0.28977702],6,1,"[0.3897435781344088, 0.3417040596068965]",-1,-1
8709,[0.32792474 0.55553771],4,7,"[0.2817018170798153, 0.5849768676672948]",-1,17
8710,[0.58024247 0.67425269],5,2,"[0.5921204552873188, 0.6383928111301557]",1121,-1
8711,[0.31288688 0.2175761 ],0,9,"[0.3110394802231661, 0.23517199738277297]",-1,-1
8712,[0.48324684 0.48291418],3,6,"[0.5164739970238864, 0.5319253761973344]",606,-1
8713,[0.22849625 0.22541664],0,-1,-1,-1,-1
8714,[0.71244293 0.35164751],8,-1,-1,51,-1
8715,[0.54985553 0.35310132],6,-1,-1,14,-1
8716,[0.489511   0.62116059],9,-1,-1,-1,-1
8717,[0.50633891 0.57517649],9,6,"[0.5164739970238864, 0.5319253761973344]",1381,-1
8718,[0.44212924 0.28384763],6,-1,-1,-1,-1
8719,[0.34916489 0.50129765],3,0,"[0.383291892093257, 0.5586820702346661]",-1,-1
8720,[0.24723878 0.24194302],2,5,"[0.23231087327800656, 0.30304944505444303]",983,-1
8721,[0.20876    0.47362439],7,8,"[0.27392971195344684, 0.45973140540928376]",-1,-1
8722,[0.31378245 0.49857749],4,8,"[0.27392971195344684, 0.45973140540928376]",1822,-1
8723,[0.54808413 0.52341176],5,6,"[0.5164739970238864, 0.5319253761973344]",-1,-1
8724,[0.68980257 0.52324558],8,3,"[0.6815204869410737, 0.47689852788858716]",786,-1
8725,[0.48200781 0.65212626],5,-1,-1,647,-1
8726,[0.31305918 0.47687762],3,8,"[0.27392971195344684, 0.45973140540928376]",-1,-1
8727,[0.27683505 0.40436289],7,8,"[0.27392971195344684, 0.45973140540928376]",-1,-1
8728,[0.46905492 0.50384945],5,6,"[0.5164739970238864, 0.5319253761973344]",753,-1
8729,[0.1729986 0.4013175],2,-1,-1,-1,-1
8730,[0.52308357 0.64169188],9,2,"[0.5921204552873188, 0.6383928111301557]",-1,-1
8731,[0.31938768 0.50259853],4,8,"[0.27392971195344684, 0.45973140540928376]",-1,-1
8732,[0.90977214 0.72926328],1,-1,-1,-1,-1
8733,[0.79703032 0.72762381],1,4,"[0.7726811996944247, 0.7249303226766757]",-1,0
8734,[0.15850705 0.3903813 ],0,-1,-1,-1,-1
8735,[0.310731   0.61544652],4,7,"[0.2817018170798153, 0.5849768676672948]",-1,-1
8736,[0.28523881 0.16789371],0,-1,-1,-1,-1
8737,[0.35646036 0.39615914],2,1,"[0.3897435781344088, 0.3417040596068965]",904,-1
8738,[0.31959206 0.55159039],4,7,"[0.2817018170798153, 0.5849768676672948]",-1,17
8739,[0.37943149 0.34926193],2,1,"[0.3897435781344088, 0.3417040596068965]",1122,-1
8740,[0.25559644 0.5838783 ],4,7,"[0.2817018170798153, 0.5849768676672948]",1514,-1
8741,[0.34995455 0.48302313],7,-1,-1,1854,-1
8742,[0.34658327 0.53184071],7,0,"[0.383291892093257, 0.5586820702346661]",1946,16
8743,[0.47399349 0.49353432],5,6,"[0.5164739970238864, 0.5319253761973344]",875,-1
8744,[0.26904074 0.30342083],2,5,"[0.23231087327800656, 0.30304944505444303]",1656,-1
8745,[0.27447122 0.57929394],4,7,"[0.2817018170798153, 0.5849768676672948]",1670,-1
8746,[0.26283504 0.31692624],2,5,"[0.23231087327800656, 0.30304944505444303]",1516,-1
8747,[0.38918913 0.39401627],7,1,"[0.3897435781344088, 0.3417040596068965]",952,-1
8748,[0.51120814 0.50219584],9,6,"[0.5164739970238864, 0.5319253761973344]",661,-1
8749,[0.77208314 0.72525746],1,4,"[0.7726811996944247, 0.7249303226766757]",469,0
8750,[0.76842259 0.68973539],1,4,"[0.7726811996944247, 0.7249303226766757]",-1,0
8751,[0.26340207 0.54042309],7,7,"[0.2817018170798153, 0.5849768676672948]",1743,-1
8752,[0.56482386 0.62198738],5,2,"[0.5921204552873188, 0.6383928111301557]",1284,-1
8753,[0.323131   0.26070577],0,9,"[0.3110394802231661, 0.23517199738277297]",-1,-1
8754,[0.56643546 0.68006134],9,2,"[0.5921204552873188, 0.6383928111301557]",1034,-1
8755,[0.65076828 0.71881973],9,-1,-1,280,-1
8756,[0.73276033 0.66907303],9,4,"[0.7726811996944247, 0.7249303226766757]",356,0
8757,[0.57651648 0.6059121 ],9,2,"[0.5921204552873188, 0.6383928111301557]",1415,6
8758,[0.65719081 0.47552009],8,3,"[0.6815204869410737, 0.47689852788858716]",-1,1
8759,[0.42173794 0.36184875],6,1,"[0.3897435781344088, 0.3417040596068965]",682,-1
8760,[0.7350431  0.72171946],1,4,"[0.7726811996944247, 0.7249303226766757]",-1,0
8761,[0.80750974 0.45870395],8,-1,-1,-1,-1
8762,[0.17137162 0.35536517],0,-1,-1,-1,-1
8763,[0.5194469 0.6473365],9,-1,-1,-1,-1
8764,[0.61337031 0.42183891],8,-1,-1,-1,-1
8765,[0.82733528 0.74857299],1,4,"[0.7726811996944247, 0.7249303226766757]",-1,0
8766,[0.72330223 0.76933929],1,4,"[0.7726811996944247, 0.7249303226766757]",315,0
8767,[0.33751138 0.616101  ],3,7,"[0.2817018170798153, 0.5849768676672948]",-1,-1
8768,[0.62396817 0.6044957 ],9,2,"[0.5921204552873188, 0.6383928111301557]",1200,-1
8769,[0.84734576 0.66609188],1,-1,-1,-1,0
8770,[0.25112528 0.42368214],7,8,"[0.27392971195344684, 0.45973140540928376]",-1,-1
8771,[0.59085669 0.48571118],8,-1,-1,561,-1
8772,[0.27650818 0.31175309],2,5,"[0.23231087327800656, 0.30304944505444303]",-1,-1
8773,[0.47864624 0.55206486],5,6,"[0.5164739970238864, 0.5319253761973344]",-1,-1
8774,[0.21556473 0.42614645],7,8,"[0.27392971195344684, 0.45973140540928376]",332,-1
8775,[0.27309631 0.18953753],0,9,"[0.3110394802231661, 0.23517199738277297]",-1,-1
8776,[0.27795326 0.57106437],4,7,"[0.2817018170798153, 0.5849768676672948]",-1,-1
8777,[0.62752377 0.46243392],8,3,"[0.6815204869410737, 0.47689852788858716]",-1,-1
8778,[0.35107321 0.60854819],4,0,"[0.383291892093257, 0.5586820702346661]",1833,-1
8779,[0.37424159 0.61032112],3,0,"[0.383291892093257, 0.5586820702346661]",-1,-1
8780,[0.5236384  0.55623067],9,6,"[0.5164739970238864, 0.5319253761973344]",-1,-1
8781,[0.53187752 0.48565149],5,6,"[0.5164739970238864, 0.5319253761973344]",927,-1
8782,[0.49686372 0.74907851],9,-1,-1,4,-1
8783,[0.4358078  0.27398503],6,-1,-1,-1,-1
8784,[0.58675155 0.59162052],5,2,"[0.5921204552873188, 0.6383928111301557]",-1,-1
8785,[0.27954326 0.38381173],2,-1,-1,1098,-1
8786,[0.83138427 0.77203908],1,-1,-1,-1,0
8787,[0.58299162 0.72569188],9,-1,-1,-1,-1
8788,[0.19007778 0.24821393],0,5,"[0.23231087327800656, 0.30304944505444303]",676,-1
8789,[0.5906676 0.4551029],5,-1,-1,607,-1
8790,[0.7893013  0.76863245],1,4,"[0.7726811996944247, 0.7249303226766757]",-1,0
8791,[0.30474787 0.56395853],7,7,"[0.2817018170798153, 0.5849768676672948]",-1,-1
8792,[0.56841982 0.55741628],5,6,"[0.5164739970238864, 0.5319253761973344]",1362,-1
8793,[0.29727453 0.58734852],3,7,"[0.2817018170798153, 0.5849768676672948]",-1,-1
8794,[0.76062874 0.87081789],1,-1,-1,-1,-1
8795,[0.46889157 0.60789173],5,-1,-1,908,-1
8796,[0.18631468 0.20455572],0,-1,-1,147,-1
8797,[0.29967021 0.35766327],2,-1,-1,-1,-1
8798,[0.2534634 0.6375265],7,7,"[0.2817018170798153, 0.5849768676672948]",-1,-1
8799,[0.7104441  0.44849406],8,3,"[0.6815204869410737, 0.47689852788858716]",594,-1
8800,[0.79673788 0.81303556],1,-1,-1,142,0
8801,[0.24290378 0.43450239],2,8,"[0.27392971195344684, 0.45973140540928376]",696,-1
8802,[0.94184083 0.706139  ],1,-1,-1,-1,-1
8803,[0.35392437 0.38522407],6,1,"[0.3897435781344088, 0.3417040596068965]",-1,-1
8804,[0.51162109 0.62835758],5,-1,-1,934,-1
8805,[0.40505793 0.31085006],2,1,"[0.3897435781344088, 0.3417040596068965]",930,-1
8806,[0.28343379 0.52494548],4,7,"[0.2817018170798153, 0.5849768676672948]",-1,14
8807,[0.66101877 0.58093153],9,-1,-1,-1,-1
8808,[0.35426464 0.2413857 ],2,9,"[0.3110394802231661, 0.23517199738277297]",634,-1
8809,[0.23533692 0.39874481],7,-1,-1,-1,-1
8810,[0.40390777 0.58269548],3,0,"[0.383291892093257, 0.5586820702346661]",1767,-1
8811,[0.40068585 0.53633664],5,0,"[0.383291892093257, 0.5586820702346661]",1642,-1
8812,[0.78890096 0.72583177],1,4,"[0.7726811996944247, 0.7249303226766757]",-1,0
8813,[0.23980397 0.55458509],7,7,"[0.2817018170798153, 0.5849768676672948]",1411,-1
8814,[0.45766365 0.499856  ],3,6,"[0.5164739970238864, 0.5319253761973344]",753,-1
8815,[0.34126535 0.39665184],2,-1,-1,-1,-1
8816,[0.14567175 0.2898771 ],0,-1,-1,91,-1
8817,[0.31563928 0.50540932],3,8,"[0.27392971195344684, 0.45973140540928376]",1922,15
8818,[0.31149252 0.27687347],6,9,"[0.3110394802231661, 0.23517199738277297]",-1,-1
8819,[0.55709119 0.52104036],8,6,"[0.5164739970238864, 0.5319253761973344]",1300,-1
8820,[0.31864246 0.5719035 ],3,7,"[0.2817018170798153, 0.5849768676672948]",-1,-1
8821,[0.42045738 0.28601103],6,1,"[0.3897435781344088, 0.3417040596068965]",765,-1
8822,[0.25482771 0.42041129],2,8,"[0.27392971195344684, 0.45973140540928376]",-1,-1
8823,[0.35571066 0.62570107],3,-1,-1,1304,-1
8824,[0.758556   0.71360218],1,4,"[0.7726811996944247, 0.7249303226766757]",462,0
8825,[0.57150556 0.65862008],9,2,"[0.5921204552873188, 0.6383928111301557]",-1,-1
8826,[0.21792179 0.25708833],0,5,"[0.23231087327800656, 0.30304944505444303]",1021,-1
8827,[0.75165548 0.59501975],1,-1,-1,110,-1
8828,[0.68849092 0.78269165],1,-1,-1,-1,0
8829,[0.18966345 0.37392239],2,-1,-1,-1,-1
8830,[0.75911095 0.74736751],1,4,"[0.7726811996944247, 0.7249303226766757]",430,0
8831,[0.43815866 0.57511981],3,0,"[0.383291892093257, 0.5586820702346661]",-1,-1
8832,[0.26250139 0.37704449],2,-1,-1,1221,-1
8833,[0.33837375 0.32474077],6,1,"[0.3897435781344088, 0.3417040596068965]",-1,-1
8834,[0.27773969 0.40745155],2,8,"[0.27392971195344684, 0.45973140540928376]",748,-1
8835,[0.36664384 0.48510986],4,-1,-1,1561,-1
8836,[0.40340144 0.64409656],7,-1,-1,-1,-1
8837,[0.84498787 0.56851575],1,-1,-1,-1,-1
8838,[0.41865575 0.60886589],3,0,"[0.383291892093257, 0.5586820702346661]",-1,-1
8839,[0.27453568 0.44849495],7,8,"[0.27392971195344684, 0.45973140540928376]",1251,-1
8840,[0.51094987 0.4977772 ],5,6,"[0.5164739970238864, 0.5319253761973344]",661,-1
8841,[0.37835956 0.5954905 ],7,0,"[0.383291892093257, 0.5586820702346661]",-1,-1
8842,[0.42955049 0.52327126],3,0,"[0.383291892093257, 0.5586820702346661]",1430,-1
8843,[0.55718721 0.51340546],5,6,"[0.5164739970238864, 0.5319253761973344]",770,-1
8844,[0.30947293 0.52090403],4,7,"[0.2817018170798153, 0.5849768676672948]",1919,-1
8845,[0.25643945 0.56109929],7,7,"[0.2817018170798153, 0.5849768676672948]",1705,-1
8846,[0.29005794 0.68705653],4,-1,-1,85,-1
8847,[0.55032029 0.52186895],8,6,"[0.5164739970238864, 0.5319253761973344]",899,-1
8848,[0.68286096 0.47051286],8,3,"[0.6815204869410737, 0.47689852788858716]",814,2
8849,[0.593799   0.54688394],8,-1,-1,1290,-1
8850,[0.70851741 0.48952009],8,3,"[0.6815204869410737, 0.47689852788858716]",815,-1
8851,[0.271748   0.41840075],7,8,"[0.27392971195344684, 0.45973140540928376]",747,-1
8852,[0.29387062 0.43869653],7,8,"[0.27392971195344684, 0.45973140540928376]",1240,-1
8853,[0.57903609 0.65940855],9,2,"[0.5921204552873188, 0.6383928111301557]",1124,-1
8854,[0.26097936 0.33951554],0,5,"[0.23231087327800656, 0.30304944505444303]",-1,-1
8855,[0.55922319 0.56501415],5,6,"[0.5164739970238864, 0.5319253761973344]",1406,6
8856,[0.29437041 0.6159134 ],4,7,"[0.2817018170798153, 0.5849768676672948]",856,-1
8857,[0.84115601 0.71190297],1,4,"[0.7726811996944247, 0.7249303226766757]",-1,0
8858,[0.49193928 0.56905857],9,6,"[0.5164739970238864, 0.5319253761973344]",1378,-1
8859,[0.62957063 0.586638  ],9,2,"[0.5921204552873188, 0.6383928111301557]",-1,-1
8860,[0.32965453 0.21934763],0,9,"[0.3110394802231661, 0.23517199738277297]",891,-1
8861,[0.61168253 0.53458582],8,-1,-1,1213,-1
8862,[0.33762615 0.36600455],2,1,"[0.3897435781344088, 0.3417040596068965]",-1,-1
8863,[0.32188907 0.29412173],2,9,"[0.3110394802231661, 0.23517199738277297]",-1,-1
8864,[0.67227438 0.5397061 ],8,3,"[0.6815204869410737, 0.47689852788858716]",673,-1
8865,[0.74875515 0.72517881],1,4,"[0.7726811996944247, 0.7249303226766757]",-1,0
8866,[0.57445694 0.65327952],9,2,"[0.5921204552873188, 0.6383928111301557]",-1,-1
8867,[0.81070045 0.7656669 ],1,4,"[0.7726811996944247, 0.7249303226766757]",-1,0
8868,[0.4088376  0.59498689],3,0,"[0.383291892093257, 0.5586820702346661]",1717,-1
8869,[0.30415053 0.53713838],3,7,"[0.2817018170798153, 0.5849768676672948]",1982,-1
8870,[0.46968858 0.47796804],5,-1,-1,664,-1
8871,[0.58465228 0.62568612],9,2,"[0.5921204552873188, 0.6383928111301557]",1333,-1
8872,[0.67581635 0.39382511],8,-1,-1,241,-1
8873,[0.30186984 0.25116159],2,9,"[0.3110394802231661, 0.23517199738277297]",1202,-1
8874,[0.22852416 0.55360879],4,7,"[0.2817018170798153, 0.5849768676672948]",-1,-1
8875,[0.71027969 0.4333118 ],8,3,"[0.6815204869410737, 0.47689852788858716]",538,-1
8876,[0.32961948 0.55174751],4,0,"[0.383291892093257, 0.5586820702346661]",-1,17
8877,[0.35594025 0.53987528],7,0,"[0.383291892093257, 0.5586820702346661]",-1,-1
8878,[0.27232834 0.46862318],7,8,"[0.27392971195344684, 0.45973140540928376]",-1,-1
8879,[0.23936367 0.29352777],2,5,"[0.23231087327800656, 0.30304944505444303]",1298,-1
8880,[0.24069421 0.44293194],7,8,"[0.27392971195344684, 0.45973140540928376]",-1,-1
8881,[0.21301761 0.3447609 ],0,5,"[0.23231087327800656, 0.30304944505444303]",1128,-1
8882,[0.33045012 0.37266533],0,1,"[0.3897435781344088, 0.3417040596068965]",-1,-1
8883,[0.35477034 0.48290908],7,-1,-1,-1,-1
8884,[0.33899357 0.48788102],3,-1,-1,-1,-1
8885,[0.36257548 0.53688592],3,0,"[0.383291892093257, 0.5586820702346661]",-1,-1
8886,[0.37183999 0.57899492],7,0,"[0.383291892093257, 0.5586820702346661]",1866,12
8887,[0.77520991 0.71404695],1,4,"[0.7726811996944247, 0.7249303226766757]",477,0
8888,[0.39907928 0.31926011],6,1,"[0.3897435781344088, 0.3417040596068965]",-1,-1
8889,[0.47224805 0.49171104],5,6,"[0.5164739970238864, 0.5319253761973344]",875,-1
8890,[0.63081129 0.53560667],9,-1,-1,-1,-1
8891,[0.48784583 0.61689004],9,-1,-1,918,-1
8892,[0.27487098 0.22781862],0,9,"[0.3110394802231661, 0.23517199738277297]",-1,-1
8893,[0.76165313 0.39987952],8,-1,-1,-1,-1
8894,[0.66755214 0.50203638],8,3,"[0.6815204869410737, 0.47689852788858716]",-1,-1
8895,[0.4478083  0.55511243],4,0,"[0.383291892093257, 0.5586820702346661]",-1,-1
8896,[0.4818158  0.57518702],5,6,"[0.5164739970238864, 0.5319253761973344]",1225,-1
8897,[0.51624985 0.70982172],9,-1,-1,-1,-1
8898,[0.82632116 0.62754265],1,-1,-1,62,-1
8899,[0.31952841 0.25636156],2,9,"[0.3110394802231661, 0.23517199738277297]",-1,-1
8900,[0.25679434 0.47245201],7,8,"[0.27392971195344684, 0.45973140540928376]",-1,-1
8901,[0.71527238 0.41560538],8,3,"[0.6815204869410737, 0.47689852788858716]",-1,-1
8902,[0.28198086 0.35400427],2,-1,-1,-1,-1
8903,[0.67442796 0.68959695],1,-1,-1,387,-1
8904,[0.48768005 0.53545589],5,6,"[0.5164739970238864, 0.5319253761973344]",961,-1
8905,[0.25942676 0.50452321],4,8,"[0.27392971195344684, 0.45973140540928376]",1776,-1
8906,[0.33113509 0.49513713],3,8,"[0.27392971195344684, 0.45973140540928376]",-1,-1
8907,[0.63237934 0.63587565],9,2,"[0.5921204552873188, 0.6383928111301557]",1161,-1
8908,[0.28757944 0.17300276],0,9,"[0.3110394802231661, 0.23517199738277297]",-1,-1
8909,[0.34198926 0.2691177 ],0,9,"[0.3110394802231661, 0.23517199738277297]",-1,-1
8910,[0.38906969 0.45822488],4,-1,-1,584,-1
8911,[0.26124427 0.23888288],0,9,"[0.3110394802231661, 0.23517199738277297]",1137,-1
8912,[0.76244952 0.51261199],8,-1,-1,-1,-1
8913,[0.30018203 0.28826155],6,9,"[0.3110394802231661, 0.23517199738277297]",-1,11
8914,[0.71620365 0.71546387],1,4,"[0.7726811996944247, 0.7249303226766757]",349,0
8915,[0.64061376 0.51222481],8,3,"[0.6815204869410737, 0.47689852788858716]",866,1
8916,[0.63330431 0.57439143],9,-1,-1,1195,-1
8917,[0.24896425 0.23923745],0,9,"[0.3110394802231661, 0.23517199738277297]",983,-1
8918,[0.79333279 0.62796028],1,-1,-1,77,0
8919,[0.24740393 0.50571126],4,8,"[0.27392971195344684, 0.45973140540928376]",1759,-1
8920,[0.18890966 0.26041406],0,5,"[0.23231087327800656, 0.30304944505444303]",-1,-1
8921,[0.20035702 0.3890135 ],2,-1,-1,193,-1
8922,[0.32926781 0.60719772],4,7,"[0.2817018170798153, 0.5849768676672948]",1544,-1
8923,[0.45118786 0.49700455],3,-1,-1,-1,-1
8924,[0.67116022 0.48571996],8,3,"[0.6815204869410737, 0.47689852788858716]",830,-1
8925,[0.76864539 0.64893379],1,-1,-1,325,0
8926,[0.59297166 0.64058476],5,2,"[0.5921204552873188, 0.6383928111301557]",-1,-1
8927,[0.35147485 0.50307982],4,0,"[0.383291892093257, 0.5586820702346661]",-1,-1
8928,[0.29562602 0.57869669],7,7,"[0.2817018170798153, 0.5849768676672948]",1840,-1
8929,[0.33202789 0.53267578],3,0,"[0.383291892093257, 0.5586820702346661]",1948,-1
8930,[0.25526816 0.44305794],2,8,"[0.27392971195344684, 0.45973140540928376]",-1,-1
8931,[0.73132033 0.53903346],8,-1,-1,289,-1
8932,[0.39686416 0.42616531],6,-1,-1,363,-1
8933,[0.53581637 0.41058261],5,-1,-1,-1,-1
8934,[0.73027518 0.60095623],1,-1,-1,-1,-1
8935,[0.24806952 0.32376449],2,5,"[0.23231087327800656, 0.30304944505444303]",1503,7
8936,[0.80043862 0.67335282],1,4,"[0.7726811996944247, 0.7249303226766757]",359,0
8937,[0.28976641 0.22637082],0,9,"[0.3110394802231661, 0.23517199738277297]",-1,-1
8938,[0.41329352 0.36842001],5,1,"[0.3897435781344088, 0.3417040596068965]",976,-1
8939,[0.58788045 0.57180293],8,2,"[0.5921204552873188, 0.6383928111301557]",-1,-1
8940,[0.64529449 0.44969205],8,3,"[0.6815204869410737, 0.47689852788858716]",-1,-1
8941,[0.33098123 0.29970717],6,9,"[0.3110394802231661, 0.23517199738277297]",1659,-1
8942,[0.55009054 0.60133825],5,2,"[0.5921204552873188, 0.6383928111301557]",-1,-1
8943,[0.38413186 0.60733403],3,0,"[0.383291892093257, 0.5586820702346661]",-1,-1
8944,[0.60162559 0.62241976],5,2,"[0.5921204552873188, 0.6383928111301557]",-1,6
8945,[0.26965653 0.29668251],0,5,"[0.23231087327800656, 0.30304944505444303]",1657,-1
8946,[0.48534213 0.5024555 ],3,6,"[0.5164739970238864, 0.5319253761973344]",873,-1
8947,[0.38059406 0.55969156],3,0,"[0.383291892093257, 0.5586820702346661]",1814,-1
8948,[0.36979553 0.50704655],3,0,"[0.383291892093257, 0.5586820702346661]",1751,-1
8949,[0.31757692 0.37595813],4,-1,-1,1015,-1
8950,[0.42877073 0.56690007],5,0,"[0.383291892093257, 0.5586820702346661]",1467,-1
8951,[0.54278933 0.54287005],5,6,"[0.5164739970238864, 0.5319253761973344]",1402,-1
8952,[0.58840678 0.45063851],8,-1,-1,607,-1
8953,[0.5383148  0.66937208],5,2,"[0.5921204552873188, 0.6383928111301557]",943,-1
8954,[0.30997559 0.49902827],7,8,"[0.27392971195344684, 0.45973140540928376]",-1,-1
8955,[0.71077446 0.43990569],8,3,"[0.6815204869410737, 0.47689852788858716]",594,-1
8956,[0.21636236 0.29192953],0,5,"[0.23231087327800656, 0.30304944505444303]",1113,-1
8957,[0.48293146 0.36230766],6,-1,-1,208,-1
8958,[0.3249507  0.56497389],7,7,"[0.2817018170798153, 0.5849768676672948]",1977,-1
8959,[0.42389481 0.67813535],4,-1,-1,-1,-1
8960,[0.48375625 0.43457655],5,-1,-1,117,-1
8961,[0.79892145 0.69461904],1,4,"[0.7726811996944247, 0.7249303226766757]",353,0
8962,[0.26261644 0.24115561],2,9,"[0.3110394802231661, 0.23517199738277297]",-1,-1
8963,[0.63359773 0.48290109],8,3,"[0.6815204869410737, 0.47689852788858716]",-1,-1
8964,[0.36330963 0.57146274],3,0,"[0.383291892093257, 0.5586820702346661]",1850,-1
8965,[0.44524236 0.50140742],3,-1,-1,-1,-1
8966,[0.21890967 0.22744233],0,-1,-1,872,-1
8967,[0.70420815 0.52741012],8,3,"[0.6815204869410737, 0.47689852788858716]",-1,-1
8968,[0.40163893 0.39341607],6,1,"[0.3897435781344088, 0.3417040596068965]",762,-1
8969,[0.66776129 0.6328292 ],9,-1,-1,580,-1
8970,[0.29995304 0.18696756],0,9,"[0.3110394802231661, 0.23517199738277297]",425,-1
8971,[0.46535688 0.33762667],6,-1,-1,-1,-1
8972,[0.29485306 0.21600658],0,9,"[0.3110394802231661, 0.23517199738277297]",1016,-1
8973,[0.24796219 0.45180804],3,8,"[0.27392971195344684, 0.45973140540928376]",931,-1
8974,[0.69037414 0.73264398],1,-1,-1,322,0
8975,[0.23878153 0.29565006],2,5,"[0.23231087327800656, 0.30304944505444303]",1298,-1
8976,[0.45439052 0.63036421],9,-1,-1,705,-1
8977,[0.39751249 0.58044679],4,0,"[0.383291892093257, 0.5586820702346661]",1767,-1
8978,[0.82767823 0.71149008],1,4,"[0.7726811996944247, 0.7249303226766757]",360,0
8979,[0.57094227 0.42823779],8,-1,-1,252,-1
8980,[0.52704333 0.54150222],5,6,"[0.5164739970238864, 0.5319253761973344]",-1,-1
8981,[0.7673147  0.65569218],1,4,"[0.7726811996944247, 0.7249303226766757]",-1,0
8982,[0.47581775 0.64541614],9,-1,-1,-1,-1
8983,[0.31903796 0.26860849],0,9,"[0.3110394802231661, 0.23517199738277297]",1507,-1
8984,[0.80688883 0.35091089],8,-1,-1,-1,-1
8985,[0.4939052  0.58323826],4,6,"[0.5164739970238864, 0.5319253761973344]",-1,-1
8986,[0.28710633 0.319099  ],2,5,"[0.23231087327800656, 0.30304944505444303]",-1,-1
8987,[0.23929527 0.27104538],0,5,"[0.23231087327800656, 0.30304944505444303]",1363,-1
8988,[0.77489833 0.75709232],1,4,"[0.7726811996944247, 0.7249303226766757]",413,0
8989,[0.30539101 0.24768973],0,9,"[0.3110394802231661, 0.23517199738277297]",-1,-1
8990,[0.3339827 0.5839843],7,7,"[0.2817018170798153, 0.5849768676672948]",-1,-1
8991,[0.57232649 0.48234964],5,-1,-1,-1,-1
8992,[0.39393651 0.26210139],6,-1,-1,838,-1
8993,[0.65374376 0.41264991],8,3,"[0.6815204869410737, 0.47689852788858716]",-1,-1
8994,[0.24262604 0.32633439],0,5,"[0.23231087327800656, 0.30304944505444303]",1503,7
8995,[0.58631373 0.76210469],9,-1,-1,-1,-1
8996,[0.71002463 0.4455883 ],8,3,"[0.6815204869410737, 0.47689852788858716]",594,-1
8997,[0.26388027 0.35283208],0,5,"[0.23231087327800656, 0.30304944505444303]",-1,-1
8998,[0.3235536  0.61507733],3,7,"[0.2817018170798153, 0.5849768676672948]",1544,-1
8999,[0.7296466  0.47587112],8,3,"[0.6815204869410737, 0.47689852788858716]",779,-1
9000,[0.323482  0.6283161],4,7,"[0.2817018170798153, 0.5849768676672948]",1395,-1
9001,[0.5496912  0.49103574],5,6,"[0.5164739970238864, 0.5319253761973344]",846,-1
9002,[0.64607359 0.44759112],8,3,"[0.6815204869410737, 0.47689852788858716]",799,-1
9003,[0.24608817 0.47085008],7,8,"[0.27392971195344684, 0.45973140540928376]",1152,-1
9004,[0.33041982 0.48778474],7,8,"[0.27392971195344684, 0.45973140540928376]",1827,-1
9005,[0.6966422  0.52469035],8,3,"[0.6815204869410737, 0.47689852788858716]",571,-1
9006,[0.35153313 0.46039034],6,-1,-1,-1,-1
9007,[0.40399513 0.61088091],3,0,"[0.383291892093257, 0.5586820702346661]",1697,-1
9008,[0.57079948 0.59279492],9,2,"[0.5921204552873188, 0.6383928111301557]",-1,6
9009,[0.55622075 0.70550807],9,-1,-1,-1,-1
9010,[0.40572633 0.31906569],6,1,"[0.3897435781344088, 0.3417040596068965]",-1,-1
9011,[0.30913126 0.55385246],7,7,"[0.2817018170798153, 0.5849768676672948]",-1,17
9012,[0.32325798 0.55267249],4,7,"[0.2817018170798153, 0.5849768676672948]",1990,17
9013,[0.26266825 0.26648649],0,5,"[0.23231087327800656, 0.30304944505444303]",-1,-1
9014,[0.31386075 0.24523339],0,9,"[0.3110394802231661, 0.23517199738277297]",-1,-1
9015,[0.82987315 0.62900856],1,-1,-1,62,-1
9016,[0.27059552 0.48315845],7,8,"[0.27392971195344684, 0.45973140540928376]",-1,-1
9017,[0.42735556 0.29998127],6,1,"[0.3897435781344088, 0.3417040596068965]",975,-1
9018,[0.27035499 0.33465523],2,5,"[0.23231087327800656, 0.30304944505444303]",1607,-1
9019,[0.20472893 0.52682684],7,-1,-1,-1,-1
9020,[0.6396277 0.5769104],8,-1,-1,-1,-1
9021,[0.57641818 0.7608298 ],9,-1,-1,-1,-1
9022,[0.69299042 0.58449046],8,-1,-1,-1,-1
9023,[0.48903187 0.60226321],5,-1,-1,-1,-1
9024,[0.56088717 0.64748853],9,2,"[0.5921204552873188, 0.6383928111301557]",1212,-1
9025,[0.20351034 0.30666192],2,5,"[0.23231087327800656, 0.30304944505444303]",-1,-1
9026,[0.72552929 0.49654075],8,3,"[0.6815204869410737, 0.47689852788858716]",-1,-1
9027,[0.51210944 0.50637194],5,6,"[0.5164739970238864, 0.5319253761973344]",661,-1
9028,[0.32845719 0.39121441],6,-1,-1,-1,-1
9029,[0.29990529 0.60223254],4,7,"[0.2817018170798153, 0.5849768676672948]",1662,-1
9030,[0.27756136 0.36977612],2,-1,-1,1265,-1
9031,[0.31803847 0.39061749],6,-1,-1,1426,-1
9032,[0.82266536 0.69257641],1,4,"[0.7726811996944247, 0.7249303226766757]",-1,0
9033,[0.32326053 0.29180083],2,9,"[0.3110394802231661, 0.23517199738277297]",1579,-1
9034,[0.40879519 0.60668089],3,0,"[0.383291892093257, 0.5586820702346661]",1697,-1
9035,[0.31522475 0.50399957],4,8,"[0.27392971195344684, 0.45973140540928376]",1922,15
9036,[0.24422946 0.34392533],2,5,"[0.23231087327800656, 0.30304944505444303]",1565,-1
9037,[0.37547732 0.65957881],3,-1,-1,702,-1
9038,[0.34357353 0.55659067],3,0,"[0.383291892093257, 0.5586820702346661]",1955,-1
9039,[0.57092761 0.52783834],9,6,"[0.5164739970238864, 0.5319253761973344]",-1,-1
9040,[0.72483026 0.55689403],8,-1,-1,-1,-1
9041,[0.38275098 0.54001975],5,0,"[0.383291892093257, 0.5586820702346661]",1812,-1
9042,[0.77529079 0.66005885],1,4,"[0.7726811996944247, 0.7249303226766757]",-1,0
9043,[0.68071558 0.63036167],1,-1,-1,-1,-1
9044,[0.27976893 0.53167992],7,7,"[0.2817018170798153, 0.5849768676672948]",1883,14
9045,[0.42340678 0.53133837],4,0,"[0.383291892093257, 0.5586820702346661]",1469,-1
9046,[0.26401371 0.3934222 ],6,8,"[0.27392971195344684, 0.45973140540928376]",945,-1
9047,[0.31652615 0.29843701],2,9,"[0.3110394802231661, 0.23517199738277297]",-1,-1
9048,[0.7513816  0.62745082],1,-1,-1,209,0
9049,[0.50517345 0.613732  ],5,-1,-1,1133,-1
9050,[0.23078733 0.44752593],2,8,"[0.27392971195344684, 0.45973140540928376]",587,-1
9051,[0.61874853 0.54039205],8,-1,-1,734,-1
9052,[0.25224296 0.56823067],7,7,"[0.2817018170798153, 0.5849768676672948]",1515,-1
9053,[0.31470672 0.34993297],6,-1,-1,1633,8
9054,[0.62888576 0.44325603],8,3,"[0.6815204869410737, 0.47689852788858716]",-1,-1
9055,[0.39579008 0.61181287],3,0,"[0.383291892093257, 0.5586820702346661]",1725,-1
9056,[0.47583254 0.57602651],5,6,"[0.5164739970238864, 0.5319253761973344]",1026,-1
9057,[0.66484026 0.53351293],8,3,"[0.6815204869410737, 0.47689852788858716]",669,-1
9058,[0.35578552 0.41486022],2,-1,-1,882,-1
9059,[0.34479591 0.37721178],2,1,"[0.3897435781344088, 0.3417040596068965]",-1,-1
9060,[0.65981328 0.63802728],9,2,"[0.5921204552873188, 0.6383928111301557]",580,-1
9061,[0.49010022 0.59045649],3,6,"[0.5164739970238864, 0.5319253761973344]",752,-1
9062,[0.75062711 0.83465364],1,-1,-1,31,-1
9063,[0.78129575 0.44983801],8,-1,-1,92,-1
9064,[0.21736874 0.46051264],7,8,"[0.27392971195344684, 0.45973140540928376]",331,-1
9065,[0.52863171 0.64676945],5,2,"[0.5921204552873188, 0.6383928111301557]",-1,-1
9066,[0.45909283 0.46414787],3,-1,-1,291,-1
9067,[0.28254051 0.50426607],7,8,"[0.27392971195344684, 0.45973140540928376]",1742,-1
9068,[0.24949595 0.46353976],7,8,"[0.27392971195344684, 0.45973140540928376]",1148,-1
9069,[0.63095482 0.41901897],8,-1,-1,264,-1
9070,[0.9363296  0.76896018],1,-1,-1,-1,-1
9071,[0.22067767 0.64877358],7,-1,-1,-1,-1
9072,[0.29156317 0.30303956],0,5,"[0.23231087327800656, 0.30304944505444303]",-1,-1
9073,[0.62603605 0.46888585],8,3,"[0.6815204869410737, 0.47689852788858716]",626,-1
9074,[0.26855847 0.35066155],2,5,"[0.23231087327800656, 0.30304944505444303]",-1,-1
9075,[0.52200391 0.71813698],9,-1,-1,-1,-1
9076,[0.22380455 0.5150586 ],4,-1,-1,-1,-1
9077,[0.27022623 0.50220853],4,8,"[0.27392971195344684, 0.45973140540928376]",-1,-1
9078,[0.33089086 0.6712571 ],3,-1,-1,-1,-1
9079,[0.38386924 0.23763295],6,-1,-1,-1,-1
9080,[0.28723847 0.38507914],0,-1,-1,1094,-1
9081,[0.33097482 0.26690348],0,9,"[0.3110394802231661, 0.23517199738277297]",1030,-1
9082,[0.30258546 0.63143233],4,7,"[0.2817018170798153, 0.5849768676672948]",1069,-1
9083,[0.82632348 0.71746571],1,4,"[0.7726811996944247, 0.7249303226766757]",-1,0
9084,[0.60348554 0.44594306],8,-1,-1,-1,-1
9085,[0.5864266  0.60147799],9,2,"[0.5921204552873188, 0.6383928111301557]",-1,-1
9086,[0.38785498 0.55004103],3,0,"[0.383291892093257, 0.5586820702346661]",1815,-1
9087,[0.41798005 0.50560671],3,0,"[0.383291892093257, 0.5586820702346661]",-1,-1
9088,[0.70788955 0.74424954],1,4,"[0.7726811996944247, 0.7249303226766757]",416,0
9089,[0.24139346 0.47522019],4,8,"[0.27392971195344684, 0.45973140540928376]",1707,-1
9090,[0.46804586 0.42673571],5,-1,-1,128,-1
9091,[0.09360974 0.30915483],0,-1,-1,0,-1
9092,[0.23990438 0.38073457],2,-1,-1,-1,-1
9093,[0.3065203  0.59175045],4,7,"[0.2817018170798153, 0.5849768676672948]",1820,-1
9094,[0.57182047 0.62547057],9,2,"[0.5921204552873188, 0.6383928111301557]",1285,-1
9095,[0.39274763 0.59519505],3,0,"[0.383291892093257, 0.5586820702346661]",-1,-1
9096,[0.34315899 0.3008873 ],0,1,"[0.3897435781344088, 0.3417040596068965]",-1,-1
9097,[0.24544453 0.30566317],2,5,"[0.23231087327800656, 0.30304944505444303]",-1,-1
9098,[0.55300265 0.65354448],9,2,"[0.5921204552873188, 0.6383928111301557]",-1,-1
9099,[0.37571763 0.49900231],4,0,"[0.383291892093257, 0.5586820702346661]",-1,-1
9100,[0.22801601 0.16206446],2,-1,-1,-1,-1
9101,[0.28992672 0.2809227 ],0,9,"[0.3110394802231661, 0.23517199738277297]",1555,-1
9102,[0.52055384 0.61816354],5,-1,-1,1146,-1
9103,[0.17505357 0.57396183],4,-1,-1,101,-1
9104,[0.29883043 0.46885794],4,8,"[0.27392971195344684, 0.45973140540928376]",-1,-1
9105,[0.31949584 0.41955362],3,8,"[0.27392971195344684, 0.45973140540928376]",1017,-1
9106,[0.53318297 0.5109499 ],5,6,"[0.5164739970238864, 0.5319253761973344]",-1,-1
9107,[0.31990351 0.52120643],3,-1,-1,1824,-1
9108,[0.13630439 0.58838272],7,-1,-1,-1,-1
9109,[0.33283301 0.19808846],0,9,"[0.3110394802231661, 0.23517199738277297]",256,-1
9110,[0.26796597 0.21871358],0,9,"[0.3110394802231661, 0.23517199738277297]",987,-1
9111,[0.44081227 0.45012249],6,-1,-1,-1,-1
9112,[0.1969845  0.52206084],7,-1,-1,166,-1
9113,[0.40830802 0.29580615],6,1,"[0.3897435781344088, 0.3417040596068965]",-1,-1
9114,[0.6780098  0.41668455],8,3,"[0.6815204869410737, 0.47689852788858716]",-1,-1
9115,[0.46774543 0.59612947],5,-1,-1,1235,4
9116,[0.76596956 0.74556587],1,4,"[0.7726811996944247, 0.7249303226766757]",430,0
9117,[0.3945557  0.53042458],4,0,"[0.383291892093257, 0.5586820702346661]",-1,-1
9118,[0.79463253 0.80333026],1,-1,-1,-1,0
9119,[0.60071022 0.57581308],5,2,"[0.5921204552873188, 0.6383928111301557]",1326,5
9120,[0.61637714 0.67069266],9,2,"[0.5921204552873188, 0.6383928111301557]",-1,-1
9121,[0.70743136 0.74563217],1,4,"[0.7726811996944247, 0.7249303226766757]",-1,0
9122,[0.431635   0.26265671],6,-1,-1,532,-1
9123,[0.53770404 0.66200474],5,2,"[0.5921204552873188, 0.6383928111301557]",1056,-1
9124,[0.4398397 0.4541608],3,-1,-1,-1,-1
9125,[0.27869772 0.56465607],4,7,"[0.2817018170798153, 0.5849768676672948]",1879,13
9126,[0.29087394 0.60051337],4,7,"[0.2817018170798153, 0.5849768676672948]",1693,-1
9127,[0.29472118 0.46845694],7,8,"[0.27392971195344684, 0.45973140540928376]",1730,-1
9128,[0.53221109 0.68878002],9,-1,-1,555,-1
9129,[0.37013159 0.56536333],3,0,"[0.383291892093257, 0.5586820702346661]",1856,12
9130,[0.39915556 0.49372266],4,0,"[0.383291892093257, 0.5586820702346661]",-1,-1
9131,[0.59016755 0.51758536],9,-1,-1,1102,-1
9132,[0.19756297 0.53750117],7,-1,-1,323,-1
9133,[0.64069658 0.47452754],8,3,"[0.6815204869410737, 0.47689852788858716]",823,-1
9134,[0.60870377 0.57036977],5,-1,-1,1273,-1
9135,[0.67188261 0.47999033],8,3,"[0.6815204869410737, 0.47689852788858716]",-1,-1
9136,[0.36212792 0.52358223],4,0,"[0.383291892093257, 0.5586820702346661]",-1,-1
9137,[0.55837148 0.61912165],9,2,"[0.5921204552873188, 0.6383928111301557]",-1,-1
9138,[0.26234387 0.40438395],7,8,"[0.27392971195344684, 0.45973140540928376]",1008,-1
9139,[0.27303035 0.27147052],2,5,"[0.23231087327800656, 0.30304944505444303]",1635,11
9140,[0.25269565 0.35759666],6,5,"[0.23231087327800656, 0.30304944505444303]",-1,-1
9141,[0.66739476 0.48629814],8,3,"[0.6815204869410737, 0.47689852788858716]",830,1
9142,[0.71416015 0.85296082],1,-1,-1,-1,-1
9143,[0.67011189 0.3669138 ],8,-1,-1,-1,-1
9144,[0.49381066 0.56926134],5,6,"[0.5164739970238864, 0.5319253761973344]",1378,-1
9145,[0.48099635 0.71156685],9,-1,-1,129,-1
9146,[0.67339311 0.45249467],8,3,"[0.6815204869410737, 0.47689852788858716]",694,-1
9147,[0.82663814 0.7360151 ],1,4,"[0.7726811996944247, 0.7249303226766757]",-1,0
9148,[0.68815327 0.6229017 ],9,-1,-1,494,-1
9149,[0.26566321 0.50844169],7,8,"[0.27392971195344684, 0.45973140540928376]",1789,-1
9150,[0.34902367 0.40779328],7,-1,-1,880,-1
9151,[0.4811871  0.23465241],6,-1,-1,-1,-1
9152,[0.40536471 0.70835912],4,-1,-1,-1,-1
9153,[0.81026909 0.70098715],1,4,"[0.7726811996944247, 0.7249303226766757]",365,0
9154,[0.34699223 0.27524364],0,9,"[0.3110394802231661, 0.23517199738277297]",-1,-1
9155,[0.20057177 0.32422088],2,5,"[0.23231087327800656, 0.30304944505444303]",1039,-1
9156,[0.39838606 0.21175005],0,-1,-1,-1,-1
9157,[0.34538718 0.36116653],2,1,"[0.3897435781344088, 0.3417040596068965]",1354,-1
9158,[0.24396284 0.37436663],2,-1,-1,1149,-1
9159,[0.12971351 0.3794438 ],2,-1,-1,-1,-1
9160,[0.30338915 0.46053703],3,8,"[0.27392971195344684, 0.45973140540928376]",1732,-1
9161,[0.74765909 0.82497246],1,-1,-1,-1,-1
9162,[0.48305304 0.31084176],6,-1,-1,-1,-1
9163,[0.239258   0.25899003],0,5,"[0.23231087327800656, 0.30304944505444303]",885,-1
9164,[0.75613373 0.78369465],1,4,"[0.7726811996944247, 0.7249303226766757]",-1,0
9165,[0.77242371 0.76616155],1,4,"[0.7726811996944247, 0.7249303226766757]",410,0
9166,[0.48185398 0.47263498],5,6,"[0.5164739970238864, 0.5319253761973344]",-1,-1
9167,[0.43880992 0.60448801],3,-1,-1,-1,-1
9168,[0.63550138 0.4586324 ],8,3,"[0.6815204869410737, 0.47689852788858716]",625,-1
9169,[0.33175634 0.39038691],2,-1,-1,1215,-1
9170,[0.38173328 0.64662252],4,-1,-1,537,-1
9171,[0.89454383 0.70859719],1,-1,-1,-1,-1
9172,[0.82141254 0.81264024],1,-1,-1,120,0
9173,[0.31072798 0.44073604],7,8,"[0.27392971195344684, 0.45973140540928376]",1081,-1
9174,[0.38955783 0.32814038],2,1,"[0.3897435781344088, 0.3417040596068965]",-1,-1
9175,[0.39692148 0.62128412],5,0,"[0.383291892093257, 0.5586820702346661]",1577,-1
9176,[0.46474778 0.60017269],5,-1,-1,-1,4
9177,[0.50829901 0.58001582],9,6,"[0.5164739970238864, 0.5319253761973344]",-1,-1
9178,[0.60500816 0.53482079],5,-1,-1,-1,-1
9179,[0.35895546 0.5018041 ],7,0,"[0.383291892093257, 0.5586820702346661]",-1,-1
9180,[0.68966576 0.7147161 ],1,-1,-1,343,0
9181,[0.31718824 0.34371663],2,-1,-1,1624,8
9182,[0.570487   0.62858802],9,2,"[0.5921204552873188, 0.6383928111301557]",1287,-1
9183,[0.68078507 0.48885265],8,3,"[0.6815204869410737, 0.47689852788858716]",787,-1
9184,[0.52679932 0.64278842],9,2,"[0.5921204552873188, 0.6383928111301557]",-1,-1
9185,[0.67393627 0.63702315],9,-1,-1,581,-1
9186,[0.24759105 0.55009529],7,7,"[0.2817018170798153, 0.5849768676672948]",1700,-1
9187,[0.32039415 0.50754431],7,8,"[0.27392971195344684, 0.45973140540928376]",1922,15
9188,[0.60541197 0.63848759],9,2,"[0.5921204552873188, 0.6383928111301557]",1332,-1
9189,[0.34230518 0.4321344 ],6,-1,-1,-1,-1
9190,[0.37171025 0.33428438],6,1,"[0.3897435781344088, 0.3417040596068965]",1476,-1
9191,[0.61599102 0.5667744 ],9,-1,-1,-1,-1
9192,[0.28577894 0.29887991],2,5,"[0.23231087327800656, 0.30304944505444303]",1578,-1
9193,[0.29103533 0.33799258],6,5,"[0.23231087327800656, 0.30304944505444303]",-1,-1
9194,[0.74828501 0.68531185],1,4,"[0.7726811996944247, 0.7249303226766757]",-1,0
9195,[0.53147087 0.60743132],5,2,"[0.5921204552873188, 0.6383928111301557]",1203,-1
9196,[0.38691158 0.61047797],3,0,"[0.383291892093257, 0.5586820702346661]",1720,-1
9197,[0.28694356 0.58026717],4,7,"[0.2817018170798153, 0.5849768676672948]",-1,-1
9198,[0.73061805 0.68464111],1,4,"[0.7726811996944247, 0.7249303226766757]",429,0
9199,[0.41118417 0.39098971],2,1,"[0.3897435781344088, 0.3417040596068965]",763,-1
9200,[0.21597937 0.46010947],3,8,"[0.27392971195344684, 0.45973140540928376]",-1,-1
9201,[0.18882996 0.18766559],0,-1,-1,165,-1
9202,[0.33661637 0.57115588],4,0,"[0.383291892093257, 0.5586820702346661]",-1,-1
9203,[0.26657765 0.5805626 ],4,7,"[0.2817018170798153, 0.5849768676672948]",1669,-1
9204,[0.56028897 0.62407082],9,2,"[0.5921204552873188, 0.6383928111301557]",-1,-1
9205,[0.46567294 0.50411333],3,6,"[0.5164739970238864, 0.5319253761973344]",753,-1
9206,[0.39346669 0.58840484],3,0,"[0.383291892093257, 0.5586820702346661]",1722,-1
9207,[0.4634402 0.5655639],5,6,"[0.5164739970238864, 0.5319253761973344]",-1,-1
9208,[0.67565734 0.77703144],1,-1,-1,83,-1
9209,[0.24953284 0.44519154],7,8,"[0.27392971195344684, 0.45973140540928376]",-1,-1
9210,[0.29636962 0.55938939],4,7,"[0.2817018170798153, 0.5849768676672948]",1870,-1
9211,[0.88103302 0.78156292],1,-1,-1,26,-1
9212,[0.23881108 0.54216097],7,7,"[0.2817018170798153, 0.5849768676672948]",1480,-1
9213,[0.23500466 0.27057558],0,5,"[0.23231087327800656, 0.30304944505444303]",1363,-1
9214,[0.5040008  0.51415491],9,6,"[0.5164739970238864, 0.5319253761973344]",890,-1
9215,[0.42276558 0.53922711],5,0,"[0.383291892093257, 0.5586820702346661]",-1,-1
9216,[0.30837291 0.41439534],7,8,"[0.27392971195344684, 0.45973140540928376]",-1,-1
9217,[0.32903253 0.44696236],2,8,"[0.27392971195344684, 0.45973140540928376]",941,-1
9218,[0.46820851 0.33291923],6,-1,-1,-1,-1
9219,[0.78203781 0.61668982],1,-1,-1,-1,-1
9220,[0.18700771 0.50110659],7,-1,-1,215,-1
9221,[0.55263083 0.63810373],5,2,"[0.5921204552873188, 0.6383928111301557]",1278,-1
9222,[0.36333323 0.4018714 ],6,1,"[0.3897435781344088, 0.3417040596068965]",-1,-1
9223,[0.42992026 0.51510244],5,0,"[0.383291892093257, 0.5586820702346661]",1439,-1
9224,[0.56385678 0.48110842],8,6,"[0.5164739970238864, 0.5319253761973344]",684,-1
9225,[0.26729833 0.32537455],0,5,"[0.23231087327800656, 0.30304944505444303]",1585,-1
9226,[0.33428924 0.29220378],2,9,"[0.3110394802231661, 0.23517199738277297]",-1,-1
9227,[0.42807059 0.30007709],6,1,"[0.3897435781344088, 0.3417040596068965]",975,-1
9228,[0.3273195 0.3032132],0,9,"[0.3110394802231661, 0.23517199738277297]",-1,-1
9229,[0.62638482 0.46606501],8,3,"[0.6815204869410737, 0.47689852788858716]",626,-1
9230,[0.7460068  0.73951496],1,4,"[0.7726811996944247, 0.7249303226766757]",453,0
9231,[0.36184439 0.31230394],2,1,"[0.3897435781344088, 0.3417040596068965]",1540,-1
9232,[0.36411372 0.39393343],6,1,"[0.3897435781344088, 0.3417040596068965]",-1,-1
9233,[0.49010829 0.63028711],4,-1,-1,647,-1
9234,[0.67671222 0.68438005],1,-1,-1,387,-1
9235,[0.38601493 0.58107163],3,0,"[0.383291892093257, 0.5586820702346661]",1825,-1
9236,[0.34898162 0.23700771],0,9,"[0.3110394802231661, 0.23517199738277297]",633,-1
9237,[0.2174379 0.1902462],2,-1,-1,-1,-1
9238,[0.44005053 0.51963766],5,0,"[0.383291892093257, 0.5586820702346661]",1435,-1
9239,[0.4151758  0.31084059],6,1,"[0.3897435781344088, 0.3417040596068965]",977,-1
9240,[0.29145487 0.19141391],0,9,"[0.3110394802231661, 0.23517199738277297]",425,-1
9241,[0.53571014 0.56939108],5,6,"[0.5164739970238864, 0.5319253761973344]",-1,-1
9242,[0.26438195 0.2143608 ],0,9,"[0.3110394802231661, 0.23517199738277297]",-1,-1
9243,[0.34289757 0.21514655],0,9,"[0.3110394802231661, 0.23517199738277297]",-1,-1
9244,[0.30196091 0.37668761],6,-1,-1,-1,-1
9245,[0.28499924 0.51644772],7,8,"[0.27392971195344684, 0.45973140540928376]",-1,14
9246,[0.45347763 0.27074441],6,-1,-1,585,-1
9247,[0.3069162  0.51513046],4,8,"[0.27392971195344684, 0.45973140540928376]",1881,15
9248,[0.30051184 0.30218612],2,9,"[0.3110394802231661, 0.23517199738277297]",1691,-1
9249,[0.73895857 0.66317164],1,-1,-1,-1,0
9250,[0.40194008 0.5650218 ],4,0,"[0.383291892093257, 0.5586820702346661]",1748,-1
9251,[0.63122793 0.7209539 ],9,-1,-1,-1,-1
9252,[0.28074585 0.49013944],3,8,"[0.27392971195344684, 0.45973140540928376]",1796,-1
9253,[0.42868865 0.59047143],3,0,"[0.383291892093257, 0.5586820702346661]",1703,-1
9254,[0.37289698 0.26878949],2,-1,-1,1101,-1
9255,[0.37549004 0.64669772],4,-1,-1,-1,-1
9256,[0.27030048 0.19977594],0,9,"[0.3110394802231661, 0.23517199738277297]",688,-1
9257,[0.72734924 0.75023539],1,4,"[0.7726811996944247, 0.7249303226766757]",420,0
9258,[0.51792557 0.57822566],5,6,"[0.5164739970238864, 0.5319253761973344]",1384,6
9259,[0.43789673 0.6466964 ],5,-1,-1,-1,-1
9260,[0.58928015 0.66534272],9,2,"[0.5921204552873188, 0.6383928111301557]",1125,-1
9261,[0.43923258 0.63328483],3,-1,-1,698,-1
9262,[0.65589643 0.48592718],8,3,"[0.6815204869410737, 0.47689852788858716]",-1,-1
9263,[0.54891112 0.48995179],5,6,"[0.5164739970238864, 0.5319253761973344]",846,-1
9264,[0.24880704 0.45006683],7,8,"[0.27392971195344684, 0.45973140540928376]",-1,-1
9265,[0.26964034 0.65039686],3,7,"[0.2817018170798153, 0.5849768676672948]",-1,-1
9266,[0.15932712 0.33071482],2,-1,-1,108,-1
9267,[0.33335607 0.19967917],2,9,"[0.3110394802231661, 0.23517199738277297]",-1,-1
9268,[0.27001716 0.29752962],2,5,"[0.23231087327800656, 0.30304944505444303]",1657,-1
9269,[0.6614297  0.36159568],8,-1,-1,-1,-1
9270,[0.17058108 0.34584107],0,-1,-1,-1,-1
9271,[0.51550362 0.70391531],9,-1,-1,-1,-1
9272,[0.55819174 0.48843836],5,6,"[0.5164739970238864, 0.5319253761973344]",845,-1
9273,[0.07499866 0.18569976],0,-1,-1,-1,-1
9274,[0.28068797 0.38865913],2,-1,-1,-1,-1
9275,[0.37783834 0.54647598],4,0,"[0.383291892093257, 0.5586820702346661]",1805,-1
9276,[0.38344374 0.60098868],3,0,"[0.383291892093257, 0.5586820702346661]",1753,-1
9277,[0.59599848 0.61390817],9,2,"[0.5921204552873188, 0.6383928111301557]",-1,-1
9278,[0.44608225 0.34563861],6,1,"[0.3897435781344088, 0.3417040596068965]",525,-1
9279,[0.84435729 0.70369085],1,-1,-1,-1,0
9280,[0.336307   0.39426818],2,-1,-1,984,-1
9281,[0.30748977 0.52755814],4,7,"[0.2817018170798153, 0.5849768676672948]",-1,-1
9282,[0.62058553 0.54692301],9,-1,-1,-1,-1
9283,[0.31307084 0.48161994],7,8,"[0.27392971195344684, 0.45973140540928376]",-1,-1
9284,[0.21880414 0.40760967],2,-1,-1,502,-1
9285,[0.35916375 0.55135248],3,0,"[0.383291892093257, 0.5586820702346661]",-1,-1
9286,[0.37443907 0.29570515],6,1,"[0.3897435781344088, 0.3417040596068965]",1454,-1
9287,[0.42643692 0.41896663],6,-1,-1,-1,-1
9288,[0.83797528 0.57084758],8,-1,-1,-1,-1
9289,[0.69534649 0.65626869],9,-1,-1,-1,0
9290,[0.36472393 0.606764  ],4,0,"[0.383291892093257, 0.5586820702346661]",1752,-1
9291,[0.18536509 0.24798342],0,-1,-1,-1,-1
9292,[0.43294729 0.60136056],3,0,"[0.383291892093257, 0.5586820702346661]",-1,-1
9293,[0.47141644 0.2117406 ],6,-1,-1,-1,-1
9294,[0.25075646 0.57503754],7,7,"[0.2817018170798153, 0.5849768676672948]",1563,-1
9295,[0.24530222 0.19731208],0,-1,-1,526,-1
9296,[0.5844907  0.68158676],9,2,"[0.5921204552873188, 0.6383928111301557]",-1,-1
9297,[0.27549216 0.45498206],7,8,"[0.27392971195344684, 0.45973140540928376]",1248,-1
9298,[0.21890752 0.2335625 ],0,-1,-1,872,-1
9299,[0.51562111 0.51688837],9,6,"[0.5164739970238864, 0.5319253761973344]",-1,-1
9300,[0.4058398  0.43810703],5,-1,-1,363,-1
9301,[0.34231091 0.59032512],3,0,"[0.383291892093257, 0.5586820702346661]",1834,-1
9302,[0.31033047 0.17647033],2,9,"[0.3110394802231661, 0.23517199738277297]",219,-1
9303,[0.3187402  0.25322417],6,9,"[0.3110394802231661, 0.23517199738277297]",-1,-1
9304,[0.38197981 0.28081481],6,1,"[0.3897435781344088, 0.3417040596068965]",1027,-1
9305,[0.41955669 0.17372622],6,-1,-1,-1,-1
9306,[0.26962543 0.58162087],3,7,"[0.2817018170798153, 0.5849768676672948]",1669,-1
9307,[0.73330634 0.74455223],1,4,"[0.7726811996944247, 0.7249303226766757]",-1,0
9308,[0.64626213 0.73387729],1,-1,-1,-1,-1
9309,[0.51396086 0.56142619],5,6,"[0.5164739970238864, 0.5319253761973344]",-1,-1
9310,[0.22911126 0.31250663],2,5,"[0.23231087327800656, 0.30304944505444303]",-1,-1
9311,[0.29966628 0.27178349],6,9,"[0.3110394802231661, 0.23517199738277297]",1509,-1
9312,[0.43380123 0.31676093],6,1,"[0.3897435781344088, 0.3417040596068965]",-1,-1
9313,[0.25900426 0.28304029],2,5,"[0.23231087327800656, 0.30304944505444303]",-1,-1
9314,[0.42279158 0.51269979],3,0,"[0.383291892093257, 0.5586820702346661]",1439,-1
9315,[0.67692664 0.43512703],8,3,"[0.6815204869410737, 0.47689852788858716]",612,-1
9316,[0.73561293 0.65007367],1,-1,-1,-1,0
9317,[0.3574377  0.32887193],6,1,"[0.3897435781344088, 0.3417040596068965]",1407,-1
9318,[0.77027441 0.7261577 ],1,4,"[0.7726811996944247, 0.7249303226766757]",469,0
9319,[0.32076326 0.36879393],2,-1,-1,1392,-1
9320,[0.29146698 0.54107957],7,7,"[0.2817018170798153, 0.5849768676672948]",1907,-1
9321,[0.67746814 0.44487668],8,3,"[0.6815204869410737, 0.47689852788858716]",735,-1
9322,[0.25229776 0.47221103],7,8,"[0.27392971195344684, 0.45973140540928376]",1527,-1
9323,[0.49180239 0.59959128],5,-1,-1,-1,-1
9324,[0.3086191 0.4703613],7,8,"[0.27392971195344684, 0.45973140540928376]",1733,-1
9325,[0.40664615 0.35248844],6,1,"[0.3897435781344088, 0.3417040596068965]",986,-1
9326,[0.3913528  0.58282873],3,0,"[0.383291892093257, 0.5586820702346661]",1701,-1
9327,[0.33272224 0.55085576],4,0,"[0.383291892093257, 0.5586820702346661]",-1,17
9328,[0.72233045 0.45622046],8,3,"[0.6815204869410737, 0.47689852788858716]",693,-1
9329,[0.35332298 0.48652889],7,-1,-1,1747,-1
9330,[0.21109476 0.30573841],0,5,"[0.23231087327800656, 0.30304944505444303]",-1,-1
9331,[0.38101342 0.55952483],3,0,"[0.383291892093257, 0.5586820702346661]",1814,-1
9332,[0.38463515 0.4342367 ],7,-1,-1,683,-1
9333,[0.79654654 0.70156003],1,4,"[0.7726811996944247, 0.7249303226766757]",-1,0
9334,[0.21010425 0.29474492],2,5,"[0.23231087327800656, 0.30304944505444303]",-1,-1
9335,[0.31411723 0.57648013],4,7,"[0.2817018170798153, 0.5849768676672948]",1961,-1
9336,[0.35756931 0.33896864],6,1,"[0.3897435781344088, 0.3417040596068965]",1500,-1
9337,[0.61835225 0.57177984],5,-1,-1,1273,-1
9338,[0.26860886 0.47556929],2,8,"[0.27392971195344684, 0.45973140540928376]",1600,-1
9339,[0.64259627 0.52516324],8,3,"[0.6815204869410737, 0.47689852788858716]",861,-1
9340,[0.53748304 0.73676384],9,-1,-1,-1,-1
9341,[0.3654336  0.30056287],2,1,"[0.3897435781344088, 0.3417040596068965]",-1,-1
9342,[0.57129643 0.53599152],5,6,"[0.5164739970238864, 0.5319253761973344]",1400,6
9343,[0.3826485  0.53593727],3,0,"[0.383291892093257, 0.5586820702346661]",-1,-1
9344,[0.57004815 0.64155242],9,2,"[0.5921204552873188, 0.6383928111301557]",1220,-1
9345,[0.24241033 0.23084324],0,9,"[0.3110394802231661, 0.23517199738277297]",-1,-1
9346,[0.45230738 0.61577109],7,-1,-1,-1,-1
9347,[0.80372283 0.70642891],1,4,"[0.7726811996944247, 0.7249303226766757]",-1,0
9348,[0.3071437  0.27712054],2,9,"[0.3110394802231661, 0.23517199738277297]",1614,-1
9349,[0.46138205 0.33287353],6,-1,-1,530,-1
9350,[0.80679618 0.73856455],1,4,"[0.7726811996944247, 0.7249303226766757]",-1,0
9351,[0.58580096 0.68754722],5,2,"[0.5921204552873188, 0.6383928111301557]",-1,-1
9352,[0.25430066 0.34464814],2,5,"[0.23231087327800656, 0.30304944505444303]",1398,-1
9353,[0.70250681 0.72954866],1,-1,-1,-1,0
9354,[0.66348172 0.42035143],8,3,"[0.6815204869410737, 0.47689852788858716]",515,-1
9355,[0.38586941 0.19044541],0,-1,-1,-1,-1
9356,[0.58027135 0.53062162],5,6,"[0.5164739970238864, 0.5319253761973344]",1400,-1
9357,[0.36237985 0.53740164],4,0,"[0.383291892093257, 0.5586820702346661]",-1,-1
9358,[0.47561842 0.34303066],6,-1,-1,529,-1
9359,[0.42349706 0.34132128],6,1,"[0.3897435781344088, 0.3417040596068965]",973,-1
9360,[0.32461111 0.50388437],7,8,"[0.27392971195344684, 0.45973140540928376]",-1,-1
9361,[0.65597135 0.43152444],8,3,"[0.6815204869410737, 0.47689852788858716]",-1,-1
9362,[0.45497497 0.23781803],6,-1,-1,-1,-1
9363,[0.50749497 0.50294487],5,6,"[0.5164739970238864, 0.5319253761973344]",-1,-1
9364,[0.41453073 0.33520714],2,1,"[0.3897435781344088, 0.3417040596068965]",-1,-1
9365,[0.31940775 0.28353411],6,9,"[0.3110394802231661, 0.23517199738277297]",1576,-1
9366,[0.37961287 0.16323893],6,-1,-1,-1,-1
9367,[0.25067469 0.16366573],0,-1,-1,148,-1
9368,[0.6869047  0.41619538],8,3,"[0.6815204869410737, 0.47689852788858716]",592,-1
9369,[0.26916262 0.32888077],0,5,"[0.23231087327800656, 0.30304944505444303]",-1,9
9370,[0.20725846 0.31780304],0,5,"[0.23231087327800656, 0.30304944505444303]",-1,-1
9371,[0.61396615 0.51872001],5,-1,-1,-1,-1
9372,[0.66756731 0.46609071],8,3,"[0.6815204869410737, 0.47689852788858716]",805,-1
9373,[0.60355146 0.65436933],9,2,"[0.5921204552873188, 0.6383928111301557]",-1,-1
9374,[0.44617107 0.55012542],3,0,"[0.383291892093257, 0.5586820702346661]",1295,-1
9375,[0.56531103 0.47917074],5,-1,-1,684,-1
9376,[0.24342983 0.24454551],0,5,"[0.23231087327800656, 0.30304944505444303]",-1,-1
9377,[0.30494069 0.50871218],3,8,"[0.27392971195344684, 0.45973140540928376]",-1,-1
9378,[0.22250058 0.25026918],0,5,"[0.23231087327800656, 0.30304944505444303]",1021,-1
9379,[0.08725562 0.30036658],0,-1,-1,0,-1
9380,[0.28381322 0.5234062 ],4,7,"[0.2817018170798153, 0.5849768676672948]",-1,14
9381,[0.59709774 0.46749985],8,-1,-1,-1,-1
9382,[0.49344764 0.55971768],5,6,"[0.5164739970238864, 0.5319253761973344]",-1,-1
9383,[0.61348282 0.63599765],9,2,"[0.5921204552873188, 0.6383928111301557]",-1,-1
9384,[0.62631239 0.5239214 ],9,-1,-1,-1,-1
9385,[0.89631384 0.73394802],1,-1,-1,-1,-1
9386,[0.62354101 0.63197102],5,2,"[0.5921204552873188, 0.6383928111301557]",1162,-1
9387,[0.26355496 0.4038124 ],7,8,"[0.27392971195344684, 0.45973140540928376]",1008,-1
9388,[0.68566166 0.4354898 ],8,3,"[0.6815204869410737, 0.47689852788858716]",-1,-1
9389,[0.71734622 0.46955272],8,3,"[0.6815204869410737, 0.47689852788858716]",780,-1
9390,[0.71882405 0.54684504],8,-1,-1,-1,-1
9391,[0.33771393 0.40327836],2,-1,-1,-1,-1
9392,[0.34417331 0.27087412],0,9,"[0.3110394802231661, 0.23517199738277297]",1119,-1
9393,[0.7327288  0.71126289],1,4,"[0.7726811996944247, 0.7249303226766757]",434,0
9394,[0.53956713 0.27054136],6,-1,-1,-1,-1
9395,[0.3080184  0.55625031],7,7,"[0.2817018170798153, 0.5849768676672948]",1984,-1
9396,[0.21909115 0.5807355 ],7,7,"[0.2817018170798153, 0.5849768676672948]",380,-1
9397,[0.23594019 0.54664871],7,7,"[0.2817018170798153, 0.5849768676672948]",1411,-1
9398,[0.1963522  0.59475189],7,-1,-1,-1,-1
9399,[0.24929019 0.38679405],7,-1,-1,1147,-1
9400,[0.65831924 0.67312289],9,-1,-1,-1,-1
9401,[0.50675928 0.5968997 ],5,6,"[0.5164739970238864, 0.5319253761973344]",-1,-1
9402,[0.21582561 0.23213723],0,-1,-1,-1,-1
9403,[0.55917952 0.44863942],8,-1,-1,249,-1
9404,[0.2435077  0.30328404],2,5,"[0.23231087327800656, 0.30304944505444303]",1567,-1
9405,[0.31330781 0.6832345 ],4,-1,-1,85,-1
9406,[0.61029866 0.64572947],9,2,"[0.5921204552873188, 0.6383928111301557]",1332,-1
9407,[0.76189711 0.74463646],1,4,"[0.7726811996944247, 0.7249303226766757]",430,0
9408,[0.68914616 0.43632617],8,3,"[0.6815204869410737, 0.47689852788858716]",611,-1
9409,[0.2453792  0.45791213],7,8,"[0.27392971195344684, 0.45973140540928376]",-1,-1
9410,[0.377069   0.35885118],6,1,"[0.3897435781344088, 0.3417040596068965]",1060,-1
9411,[0.17529726 0.37317252],2,-1,-1,145,-1
9412,[0.68087031 0.40633751],8,-1,-1,-1,-1
9413,[0.30443523 0.58905376],7,7,"[0.2817018170798153, 0.5849768676672948]",1820,-1
9414,[0.5154466  0.49861179],5,6,"[0.5164739970238864, 0.5319253761973344]",661,-1
9415,[0.50555903 0.46007358],5,-1,-1,-1,-1
9416,[0.6764907  0.38211574],8,-1,-1,159,-1
9417,[0.47262661 0.58369551],5,6,"[0.5164739970238864, 0.5319253761973344]",-1,-1
9418,[0.45287512 0.63934119],5,-1,-1,-1,-1
9419,[0.80287738 0.81437833],1,-1,-1,-1,0
9420,[0.57183881 0.60428888],9,2,"[0.5921204552873188, 0.6383928111301557]",1415,-1
9421,[0.7975656  0.66835817],1,4,"[0.7726811996944247, 0.7249303226766757]",-1,0
9422,[0.32561954 0.32446089],6,1,"[0.3897435781344088, 0.3417040596068965]",-1,-1
9423,[0.74233563 0.5884292 ],9,-1,-1,110,-1
9424,[0.6556432  0.40882422],8,-1,-1,520,-1
9425,[0.30148954 0.63571782],7,7,"[0.2817018170798153, 0.5849768676672948]",-1,-1
9426,[0.4012766  0.53369951],5,0,"[0.383291892093257, 0.5586820702346661]",1642,-1
9427,[0.35201791 0.47584411],7,-1,-1,-1,-1
9428,[0.29062845 0.32475414],2,5,"[0.23231087327800656, 0.30304944505444303]",1621,-1
9429,[0.60022944 0.58035833],9,2,"[0.5921204552873188, 0.6383928111301557]",1326,5
9430,[0.27674545 0.43291947],2,8,"[0.27392971195344684, 0.45973140540928376]",1236,-1
9431,[0.40180916 0.6479051 ],3,-1,-1,589,-1
9432,[0.54174325 0.63598426],9,2,"[0.5921204552873188, 0.6383928111301557]",1262,-1
9433,[0.38867687 0.38990381],6,1,"[0.3897435781344088, 0.3417040596068965]",952,-1
9434,[0.74940405 0.80527699],1,-1,-1,288,0
9435,[0.32385679 0.62727384],3,7,"[0.2817018170798153, 0.5849768676672948]",1395,-1
9436,[0.47093073 0.65878424],9,-1,-1,-1,-1
9437,[0.58820239 0.61934433],9,2,"[0.5921204552873188, 0.6383928111301557]",1418,6
9438,[0.65257727 0.45448209],5,3,"[0.6815204869410737, 0.47689852788858716]",801,-1
9439,[0.7871314  0.70910192],1,4,"[0.7726811996944247, 0.7249303226766757]",-1,0
9440,[0.20640563 0.34163965],2,5,"[0.23231087327800656, 0.30304944505444303]",-1,-1
9441,[0.43073936 0.34916905],6,1,"[0.3897435781344088, 0.3417040596068965]",-1,-1
9442,[0.24417947 0.4657187 ],2,8,"[0.27392971195344684, 0.45973140540928376]",1151,-1
9443,[0.32297113 0.52877119],7,0,"[0.383291892093257, 0.5586820702346661]",1943,-1
9444,[0.35554819 0.30072576],0,1,"[0.3897435781344088, 0.3417040596068965]",1537,-1
9445,[0.47579431 0.65923236],5,-1,-1,551,-1
9446,[0.24202827 0.27178777],2,5,"[0.23231087327800656, 0.30304944505444303]",1363,-1
9447,[0.65059537 0.65052764],9,2,"[0.5921204552873188, 0.6383928111301557]",-1,-1
9448,[0.51473121 0.59905991],3,6,"[0.5164739970238864, 0.5319253761973344]",-1,-1
9449,[0.81516369 0.76637548],1,4,"[0.7726811996944247, 0.7249303226766757]",-1,0
9450,[0.34562439 0.56462956],7,0,"[0.383291892093257, 0.5586820702346661]",1902,-1
9451,[0.85013976 0.76976594],1,-1,-1,-1,0
9452,[0.56829936 0.44795988],5,-1,-1,-1,-1
9453,[0.41080625 0.26365863],6,-1,-1,640,-1
9454,[0.26313051 0.32161717],2,5,"[0.23231087327800656, 0.30304944505444303]",-1,-1
9455,[0.19095864 0.23212214],0,-1,-1,-1,-1
9456,[0.71933106 0.78000575],1,-1,-1,-1,0
9457,[0.2065714 0.5093743],4,-1,-1,-1,-1
9458,[0.7852475  0.73924537],1,4,"[0.7726811996944247, 0.7249303226766757]",471,0
9459,[0.29198199 0.44905583],7,8,"[0.27392971195344684, 0.45973140540928376]",1242,-1
9460,[0.60852819 0.42757513],8,-1,-1,-1,-1
9461,[0.69134863 0.69201323],1,-1,-1,-1,-1
9462,[0.19609892 0.29333106],0,5,"[0.23231087327800656, 0.30304944505444303]",933,-1
9463,[0.78921914 0.70285718],1,4,"[0.7726811996944247, 0.7249303226766757]",-1,0
9464,[0.23740045 0.26987494],0,5,"[0.23231087327800656, 0.30304944505444303]",1363,-1
9465,[0.48622946 0.71164191],9,-1,-1,129,-1
9466,[0.67635347 0.38287231],8,-1,-1,159,-1
9467,[0.42821924 0.47194484],3,-1,-1,-1,-1
9468,[0.27409908 0.33343912],2,5,"[0.23231087327800656, 0.30304944505444303]",-1,9
9469,[0.5871779  0.42547691],5,-1,-1,-1,-1
9470,[0.55181061 0.64997551],9,2,"[0.5921204552873188, 0.6383928111301557]",-1,-1
9471,[0.49176424 0.29972463],6,-1,-1,173,-1
9472,[0.2842016  0.58299692],3,7,"[0.2817018170798153, 0.5849768676672948]",1810,-1
9473,[0.23132289 0.34391338],0,5,"[0.23231087327800656, 0.30304944505444303]",-1,-1
9474,[0.52789235 0.43822052],5,-1,-1,146,-1
9475,[0.80332625 0.71559196],1,4,"[0.7726811996944247, 0.7249303226766757]",-1,0
9476,[0.88694456 0.72938849],1,-1,-1,-1,-1
9477,[0.43436139 0.54573106],9,0,"[0.383291892093257, 0.5586820702346661]",-1,-1
9478,[0.31457403 0.39035754],2,-1,-1,-1,-1
9479,[0.46793524 0.56751253],3,6,"[0.5164739970238864, 0.5319253761973344]",1155,-1
9480,[0.29432734 0.46495608],7,8,"[0.27392971195344684, 0.45973140540928376]",-1,-1
9481,[0.29142096 0.3549956 ],0,-1,-1,1479,-1
9482,[0.45155924 0.57950658],3,-1,-1,1223,-1
9483,[0.57329626 0.57951584],9,2,"[0.5921204552873188, 0.6383928111301557]",1452,6
9484,[0.12922616 0.46634963],7,-1,-1,-1,-1
9485,[0.40726223 0.4556679 ],3,-1,-1,579,-1
9486,[0.30033971 0.59482888],4,7,"[0.2817018170798153, 0.5849768676672948]",1820,-1
9487,[0.27447633 0.26489587],0,9,"[0.3110394802231661, 0.23517199738277297]",1606,-1
9488,[0.16756363 0.17904258],0,-1,-1,-1,-1
9489,[0.31027114 0.44667843],2,8,"[0.27392971195344684, 0.45973140540928376]",-1,-1
9490,[0.46832446 0.61549901],3,-1,-1,-1,-1
9491,[0.37060694 0.46774433],6,-1,-1,1055,-1
9492,[0.38629483 0.53406789],3,0,"[0.383291892093257, 0.5586820702346661]",1777,-1
9493,[0.28218966 0.58375886],7,7,"[0.2817018170798153, 0.5849768676672948]",-1,-1
9494,[0.52636374 0.65574063],9,2,"[0.5921204552873188, 0.6383928111301557]",-1,-1
9495,[0.73458867 0.77760993],1,4,"[0.7726811996944247, 0.7249303226766757]",-1,0
9496,[0.78628979 0.76558245],1,4,"[0.7726811996944247, 0.7249303226766757]",408,0
9497,[0.70908229 0.76414594],1,-1,-1,-1,0
9498,[0.6864922  0.71093769],1,-1,-1,343,0
9499,[0.33507269 0.42501737],7,-1,-1,-1,-1
9500,[0.1501122  0.26745926],2,-1,-1,126,-1
9501,[0.29775827 0.57008883],7,7,"[0.2817018170798153, 0.5849768676672948]",1837,-1
9502,[0.28469759 0.55093799],3,7,"[0.2817018170798153, 0.5849768676672948]",1912,-1
9503,[0.25924373 0.48628191],7,8,"[0.27392971195344684, 0.45973140540928376]",-1,-1
9504,[0.29940158 0.31623041],2,5,"[0.23231087327800656, 0.30304944505444303]",1661,-1
9505,[0.57581062 0.62357674],5,2,"[0.5921204552873188, 0.6383928111301557]",-1,-1
9506,[0.57475723 0.71921801],9,-1,-1,-1,-1
9507,[0.65680048 0.69220482],9,-1,-1,-1,-1
9508,[0.48542084 0.62848658],9,-1,-1,647,-1
9509,[0.40317747 0.35913466],0,1,"[0.3897435781344088, 0.3417040596068965]",-1,-1
9510,[0.3146161  0.24574325],2,9,"[0.3110394802231661, 0.23517199738277297]",-1,-1
9511,[0.32135709 0.18400259],0,9,"[0.3110394802231661, 0.23517199738277297]",232,-1
9512,[0.79830863 0.76993996],1,4,"[0.7726811996944247, 0.7249303226766757]",-1,0
9513,[0.23337268 0.38646812],2,-1,-1,912,-1
9514,[0.43644302 0.47860758],5,-1,-1,-1,-1
9515,[0.43981297 0.62373422],5,-1,-1,-1,-1
9516,[0.56750992 0.58436555],5,2,"[0.5921204552873188, 0.6383928111301557]",1457,6
9517,[0.25613891 0.13209752],0,-1,-1,-1,-1
9518,[0.58189902 0.64034671],9,2,"[0.5921204552873188, 0.6383928111301557]",-1,-1
9519,[0.22935118 0.29489005],0,5,"[0.23231087327800656, 0.30304944505444303]",1461,-1
9520,[0.35401174 0.37194457],6,1,"[0.3897435781344088, 0.3417040596068965]",1079,-1
9521,[0.62643769 0.50645833],8,3,"[0.6815204869410737, 0.47689852788858716]",868,-1
9522,[0.27838986 0.09089107],0,-1,-1,-1,-1
9523,[0.19613158 0.20410303],0,-1,-1,227,-1
9524,[0.25042981 0.46098505],7,8,"[0.27392971195344684, 0.45973140540928376]",1148,-1
9525,[0.4610349 0.5866924],3,-1,-1,-1,4
9526,[0.32594533 0.24132238],2,9,"[0.3110394802231661, 0.23517199738277297]",-1,-1
9527,[0.37880531 0.60800596],3,0,"[0.383291892093257, 0.5586820702346661]",-1,-1
9528,[0.26812061 0.58485   ],3,7,"[0.2817018170798153, 0.5849768676672948]",1655,-1
9529,[0.47759492 0.39445828],5,-1,-1,-1,-1
9530,[0.44428933 0.58349177],3,0,"[0.383291892093257, 0.5586820702346661]",-1,-1
9531,[0.40255784 0.18725883],0,-1,-1,39,-1
9532,[0.20191806 0.5383133 ],7,-1,-1,-1,-1
9533,[0.25016921 0.3709067 ],2,-1,-1,-1,-1
9534,[0.59765098 0.58085705],5,2,"[0.5921204552873188, 0.6383928111301557]",-1,5
9535,[0.71718612 0.69492641],1,4,"[0.7726811996944247, 0.7249303226766757]",393,0
9536,[0.6416038  0.56112604],8,-1,-1,-1,-1
9537,[0.33122393 0.19157297],0,9,"[0.3110394802231661, 0.23517199738277297]",256,-1
9538,[0.76169111 0.77358636],1,4,"[0.7726811996944247, 0.7249303226766757]",371,0
9539,[0.2723672  0.53214449],7,7,"[0.2817018170798153, 0.5849768676672948]",-1,-1
9540,[0.73880512 0.54633926],8,-1,-1,-1,-1
9541,[0.57988559 0.67871299],9,2,"[0.5921204552873188, 0.6383928111301557]",-1,-1
9542,[0.35292064 0.28031294],2,9,"[0.3110394802231661, 0.23517199738277297]",1393,-1
9543,[0.4169071  0.41845771],2,-1,-1,575,-1
9544,[0.58638061 0.58364538],5,2,"[0.5921204552873188, 0.6383928111301557]",-1,-1
9545,[0.41538492 0.40148037],6,1,"[0.3897435781344088, 0.3417040596068965]",758,-1
9546,[0.33955135 0.39302401],6,-1,-1,984,-1
9547,[0.37625554 0.22177099],0,9,"[0.3110394802231661, 0.23517199738277297]",484,-1
9548,[0.45782424 0.25009719],6,-1,-1,-1,-1
9549,[0.48055117 0.54532454],3,6,"[0.5164739970238864, 0.5319253761973344]",959,-1
9550,[0.31949308 0.31138898],0,-1,-1,1663,-1
9551,[0.39605027 0.56503771],3,0,"[0.383291892093257, 0.5586820702346661]",-1,-1
9552,[0.64648607 0.45445593],8,3,"[0.6815204869410737, 0.47689852788858716]",-1,-1
9553,[0.55432888 0.71264811],9,-1,-1,245,-1
9554,[0.33649678 0.60182422],3,7,"[0.2817018170798153, 0.5849768676672948]",1864,-1
9555,[0.7373093  0.65609824],1,-1,-1,356,0
9556,[0.23093169 0.52873054],4,-1,-1,1477,-1
9557,[0.89628521 0.68163112],1,-1,-1,29,-1
9558,[0.25373279 0.26491821],0,5,"[0.23231087327800656, 0.30304944505444303]",-1,-1
9559,[0.26471578 0.21407014],0,9,"[0.3110394802231661, 0.23517199738277297]",991,-1
9560,[0.24168898 0.36562089],0,5,"[0.23231087327800656, 0.30304944505444303]",1149,-1
9561,[0.17804844 0.58642637],4,-1,-1,-1,-1
9562,[0.66759161 0.52677518],8,3,"[0.6815204869410737, 0.47689852788858716]",-1,-1
9563,[0.37298286 0.3739709 ],6,1,"[0.3897435781344088, 0.3417040596068965]",1057,-1
9564,[0.82484468 0.6641524 ],1,-1,-1,-1,0
9565,[0.29132792 0.38398078],2,-1,-1,-1,-1
9566,[0.80815276 0.72254845],1,4,"[0.7726811996944247, 0.7249303226766757]",456,0
9567,[0.79588154 0.74944455],1,4,"[0.7726811996944247, 0.7249303226766757]",-1,0
9568,[0.28766602 0.54753424],3,7,"[0.2817018170798153, 0.5849768676672948]",-1,-1
9569,[0.3853507  0.60849804],3,0,"[0.383291892093257, 0.5586820702346661]",-1,-1
9570,[0.38746029 0.32773035],2,1,"[0.3897435781344088, 0.3417040596068965]",-1,-1
9571,[0.38911697 0.51606957],3,0,"[0.383291892093257, 0.5586820702346661]",-1,-1
9572,[0.66284005 0.50250422],8,3,"[0.6815204869410737, 0.47689852788858716]",-1,-1
9573,[0.77971413 0.41242837],8,-1,-1,-1,-1
9574,[0.30728342 0.23713318],0,9,"[0.3110394802231661, 0.23517199738277297]",1492,-1
9575,[0.55896527 0.52586025],5,6,"[0.5164739970238864, 0.5319253761973344]",-1,-1
9576,[0.1721547  0.63462803],4,-1,-1,-1,-1
9577,[0.27524586 0.4451474 ],6,8,"[0.27392971195344684, 0.45973140540928376]",-1,-1
9578,[0.36452297 0.25961338],2,9,"[0.3110394802231661, 0.23517199738277297]",-1,-1
9579,[0.29003709 0.46515259],4,8,"[0.27392971195344684, 0.45973140540928376]",-1,-1
9580,[0.71761417 0.45811751],8,3,"[0.6815204869410737, 0.47689852788858716]",693,-1
9581,[0.72934604 0.41903502],8,-1,-1,316,-1
9582,[0.19497405 0.14711646],0,-1,-1,12,-1
9583,[0.31389977 0.32472634],0,-1,-1,-1,-1
9584,[0.33213008 0.26860011],2,9,"[0.3110394802231661, 0.23517199738277297]",1030,-1
9585,[0.75772562 0.74999487],1,4,"[0.7726811996944247, 0.7249303226766757]",430,0
9586,[0.41059831 0.49748651],3,0,"[0.383291892093257, 0.5586820702346661]",-1,-1
9587,[0.2502377  0.55327498],3,7,"[0.2817018170798153, 0.5849768676672948]",-1,-1
9588,[0.44501393 0.54292504],3,0,"[0.383291892093257, 0.5586820702346661]",-1,-1
9589,[0.66368794 0.59281711],9,-1,-1,544,-1
9590,[0.47223008 0.32692625],6,-1,-1,268,-1
9591,[0.351503   0.49282547],7,-1,-1,1871,-1
9592,[0.60317298 0.72905789],9,-1,-1,-1,-1
9593,[0.34434124 0.27691663],6,9,"[0.3110394802231661, 0.23517199738277297]",1118,-1
9594,[0.5945477  0.43584503],8,-1,-1,216,-1
9595,[0.30939427 0.30702495],0,-1,-1,1647,-1
9596,[0.40043076 0.2389225 ],2,-1,-1,657,-1
9597,[0.61136022 0.64339091],9,2,"[0.5921204552873188, 0.6383928111301557]",-1,-1
9598,[0.41956971 0.56392731],5,0,"[0.383291892093257, 0.5586820702346661]",1224,-1
9599,[0.27877293 0.60477789],7,7,"[0.2817018170798153, 0.5849768676672948]",1032,-1
9600,[0.305851   0.53678894],4,7,"[0.2817018170798153, 0.5849768676672948]",1982,-1
9601,[0.53824612 0.5810736 ],9,6,"[0.5164739970238864, 0.5319253761973344]",-1,6
9602,[0.83930102 0.73572397],1,4,"[0.7726811996944247, 0.7249303226766757]",342,0
9603,[0.49914128 0.57454424],3,6,"[0.5164739970238864, 0.5319253761973344]",1380,-1
9604,[0.81441239 0.75581009],1,4,"[0.7726811996944247, 0.7249303226766757]",-1,0
9605,[0.2070394  0.24814329],0,5,"[0.23231087327800656, 0.30304944505444303]",896,-1
9606,[0.343573   0.56847933],7,0,"[0.383291892093257, 0.5586820702346661]",1878,-1
9607,[0.54812124 0.63749389],9,2,"[0.5921204552873188, 0.6383928111301557]",-1,6
9608,[0.28091372 0.29450932],0,5,"[0.23231087327800656, 0.30304944505444303]",1687,-1
9609,[0.52839169 0.55915205],5,6,"[0.5164739970238864, 0.5319253761973344]",-1,-1
9610,[0.77485323 0.77445639],1,4,"[0.7726811996944247, 0.7249303226766757]",-1,0
9611,[0.25820233 0.30045548],0,5,"[0.23231087327800656, 0.30304944505444303]",-1,-1
9612,[0.72361651 0.46293644],8,3,"[0.6815204869410737, 0.47689852788858716]",780,-1
9613,[0.61723034 0.46785136],5,3,"[0.6815204869410737, 0.47689852788858716]",-1,-1
9614,[0.3270334  0.62282221],4,7,"[0.2817018170798153, 0.5849768676672948]",-1,-1
9615,[0.35167698 0.51843379],7,0,"[0.383291892093257, 0.5586820702346661]",1926,-1
9616,[0.6726692  0.74001261],1,-1,-1,197,0
9617,[0.35699929 0.19628604],0,9,"[0.3110394802231661, 0.23517199738277297]",-1,-1
9618,[0.33273763 0.47070216],6,8,"[0.27392971195344684, 0.45973140540928376]",1553,-1
9619,[0.17036756 0.23811833],0,-1,-1,172,-1
9620,[0.23461791 0.64674642],4,-1,-1,-1,-1
9621,[0.29123469 0.4730223 ],7,8,"[0.27392971195344684, 0.45973140540928376]",1731,-1
9622,[0.34526751 0.591063  ],3,0,"[0.383291892093257, 0.5586820702346661]",1834,-1
9623,[0.33470958 0.56517522],3,0,"[0.383291892093257, 0.5586820702346661]",1975,-1
9624,[0.34183205 0.48002055],4,-1,-1,-1,-1
9625,[0.24869015 0.20849846],0,9,"[0.3110394802231661, 0.23517199738277297]",990,-1
9626,[0.5372232  0.65529636],9,2,"[0.5921204552873188, 0.6383928111301557]",1056,-1
9627,[0.20667987 0.56752924],7,-1,-1,-1,-1
9628,[0.34862177 0.48005809],7,-1,-1,-1,-1
9629,[0.28042557 0.29432951],0,5,"[0.23231087327800656, 0.30304944505444303]",1687,-1
9630,[0.53930002 0.53372444],5,6,"[0.5164739970238864, 0.5319253761973344]",1150,-1
9631,[0.26640009 0.35438032],2,5,"[0.23231087327800656, 0.30304944505444303]",1564,-1
9632,[0.37064014 0.56354471],3,0,"[0.383291892093257, 0.5586820702346661]",1856,12
9633,[0.22311003 0.60162489],4,7,"[0.2817018170798153, 0.5849768676672948]",246,-1
9634,[0.27325634 0.57431421],7,7,"[0.2817018170798153, 0.5849768676672948]",1668,-1
9635,[0.48011197 0.54104407],5,6,"[0.5164739970238864, 0.5319253761973344]",959,-1
9636,[0.51627034 0.53974208],5,6,"[0.5164739970238864, 0.5319253761973344]",1181,3
9637,[0.55078537 0.43811726],5,-1,-1,-1,-1
9638,[0.21683968 0.56136374],3,7,"[0.2817018170798153, 0.5849768676672948]",-1,-1
9639,[0.28799382 0.58721986],4,7,"[0.2817018170798153, 0.5849768676672948]",1810,-1
9640,[0.28927498 0.36310878],2,-1,-1,-1,-1
9641,[0.5726996  0.54094597],5,6,"[0.5164739970238864, 0.5319253761973344]",-1,-1
9642,[0.68964229 0.50937505],8,3,"[0.6815204869410737, 0.47689852788858716]",807,-1
9643,[0.59071423 0.62659241],5,2,"[0.5921204552873188, 0.6383928111301557]",1343,6
9644,[0.14437165 0.33835107],0,-1,-1,108,-1
9645,[0.29117476 0.67301196],3,-1,-1,226,-1
9646,[0.55607051 0.64127462],9,2,"[0.5921204552873188, 0.6383928111301557]",1278,6
9647,[0.41202466 0.55994122],4,0,"[0.383291892093257, 0.5586820702346661]",1740,-1
9648,[0.53560971 0.58327944],5,6,"[0.5164739970238864, 0.5319253761973344]",1372,6
9649,[0.27168166 0.56386596],4,7,"[0.2817018170798153, 0.5849768676672948]",1874,-1
9650,[0.20555065 0.25013878],2,5,"[0.23231087327800656, 0.30304944505444303]",896,-1
9651,[0.74635419 0.69472957],9,4,"[0.7726811996944247, 0.7249303226766757]",435,0
9652,[0.71263807 0.67148024],1,-1,-1,-1,0
9653,[0.31712582 0.39873811],7,-1,-1,-1,-1
9654,[0.38417132 0.27512001],6,1,"[0.3897435781344088, 0.3417040596068965]",1073,-1
9655,[0.26395256 0.595134  ],4,7,"[0.2817018170798153, 0.5849768676672948]",1655,-1
9656,[0.36684335 0.51587075],3,0,"[0.383291892093257, 0.5586820702346661]",1900,-1
9657,[0.45426355 0.27035213],6,-1,-1,585,-1
9658,[0.7235343  0.78678824],1,-1,-1,224,0
9659,[0.32540659 0.29601056],6,9,"[0.3110394802231661, 0.23517199738277297]",-1,-1
9660,[0.35132163 0.52477199],7,0,"[0.383291892093257, 0.5586820702346661]",-1,-1
9661,[0.25246426 0.64060494],3,7,"[0.2817018170798153, 0.5849768676672948]",-1,-1
9662,[0.58777918 0.56766974],9,-1,-1,-1,5
9663,[0.34199019 0.44663715],7,8,"[0.27392971195344684, 0.45973140540928376]",1193,-1
9664,[0.25665156 0.49664258],7,8,"[0.27392971195344684, 0.45973140540928376]",-1,-1
9665,[0.16996649 0.41252761],2,-1,-1,-1,-1
9666,[0.23661228 0.16108436],0,-1,-1,-1,-1
9667,[0.28567912 0.46641462],3,8,"[0.27392971195344684, 0.45973140540928376]",-1,-1
9668,[0.30131465 0.18245669],0,9,"[0.3110394802231661, 0.23517199738277297]",425,-1
9669,[0.54620392 0.58748051],9,6,"[0.5164739970238864, 0.5319253761973344]",-1,6
9670,[0.29653992 0.34342245],2,-1,-1,1619,-1
9671,[0.62403775 0.69234287],9,2,"[0.5921204552873188, 0.6383928111301557]",663,-1
9672,[0.4349058 0.5549472],4,0,"[0.383291892093257, 0.5586820702346661]",1294,-1
9673,[0.47179208 0.58848867],5,-1,-1,1226,-1
9674,[0.69866559 0.57310888],9,-1,-1,235,-1
9675,[0.24103811 0.31084286],2,5,"[0.23231087327800656, 0.30304944505444303]",1567,-1
9676,[0.63792807 0.77528484],9,-1,-1,-1,-1
9677,[0.58524607 0.56695983],9,-1,-1,-1,-1
9678,[0.88308833 0.7349212 ],1,-1,-1,-1,-1
9679,[0.79970903 0.75964858],1,4,"[0.7726811996944247, 0.7249303226766757]",-1,0
9680,[0.38551478 0.32958032],2,1,"[0.3897435781344088, 0.3417040596068965]",-1,-1
9681,[0.8273941  0.65724471],1,-1,-1,170,0
9682,[0.24529015 0.56900608],4,7,"[0.2817018170798153, 0.5849768676672948]",1357,-1
9683,[0.21169769 0.13606896],0,-1,-1,-1,-1
9684,[0.71831935 0.76076834],1,4,"[0.7726811996944247, 0.7249303226766757]",-1,0
9685,[0.81770436 0.75572842],1,4,"[0.7726811996944247, 0.7249303226766757]",373,0
9686,[0.34976698 0.71217657],3,-1,-1,-1,-1
9687,[0.60132674 0.52345211],9,-1,-1,1102,-1
9688,[0.19204829 0.32364572],2,5,"[0.23231087327800656, 0.30304944505444303]",550,-1
9689,[0.62771581 0.53669811],8,-1,-1,-1,-1
9690,[0.70839805 0.70734031],1,4,"[0.7726811996944247, 0.7249303226766757]",-1,0
9691,[0.71398543 0.60433344],8,-1,-1,-1,-1
9692,[0.77531223 0.5342383 ],8,-1,-1,84,-1
9693,[0.26454251 0.26435583],0,5,"[0.23231087327800656, 0.30304944505444303]",1505,-1
9694,[0.32036534 0.51524238],7,-1,-1,1923,-1
9695,[0.20100932 0.20914648],0,-1,-1,-1,-1
9696,[0.68559419 0.49394413],8,3,"[0.6815204869410737, 0.47689852788858716]",835,2
9697,[0.73165437 0.76574541],1,4,"[0.7726811996944247, 0.7249303226766757]",-1,0
9698,[0.54379672 0.4727848 ],5,6,"[0.5164739970238864, 0.5319253761973344]",-1,-1
9699,[0.44283226 0.27621076],6,-1,-1,-1,-1
9700,[0.60048416 0.60848167],9,2,"[0.5921204552873188, 0.6383928111301557]",-1,-1
9701,[0.30647848 0.24277268],2,9,"[0.3110394802231661, 0.23517199738277297]",1498,-1
9702,[0.23198459 0.26448515],0,5,"[0.23231087327800656, 0.30304944505444303]",-1,-1
9703,[0.19436027 0.40612251],0,-1,-1,201,-1
9704,[0.44425581 0.28647675],6,-1,-1,-1,-1
9705,[0.31023325 0.54218107],7,7,"[0.2817018170798153, 0.5849768676672948]",1986,17
9706,[0.40010718 0.25388916],6,-1,-1,850,-1
9707,[0.47296512 0.22241503],6,-1,-1,67,-1
9708,[0.72935751 0.72355899],1,4,"[0.7726811996944247, 0.7249303226766757]",-1,0
9709,[0.69903458 0.48399283],8,3,"[0.6815204869410737, 0.47689852788858716]",-1,-1
9710,[0.39873661 0.28324112],6,1,"[0.3897435781344088, 0.3417040596068965]",1077,-1
9711,[0.26278031 0.66367129],3,-1,-1,86,-1
9712,[0.61241821 0.39652417],8,-1,-1,70,-1
9713,[0.64073909 0.71114583],9,-1,-1,-1,-1
9714,[0.26967052 0.53180586],7,7,"[0.2817018170798153, 0.5849768676672948]",-1,-1
9715,[0.37526221 0.66377956],4,-1,-1,-1,-1
9716,[0.41562046 0.38300019],6,1,"[0.3897435781344088, 0.3417040596068965]",-1,-1
9717,[0.15140261 0.33468988],2,-1,-1,108,-1
9718,[0.40117439 0.60888987],3,0,"[0.383291892093257, 0.5586820702346661]",-1,-1
9719,[0.27955856 0.21361279],2,9,"[0.3110394802231661, 0.23517199738277297]",1355,-1
9720,[0.76143374 0.77148962],1,4,"[0.7726811996944247, 0.7249303226766757]",-1,0
9721,[0.39265286 0.45728699],3,-1,-1,584,-1
9722,[0.23412022 0.16310319],0,-1,-1,175,-1
9723,[0.40083203 0.5341488 ],3,0,"[0.383291892093257, 0.5586820702346661]",1642,-1
9724,[0.66058248 0.48727447],8,3,"[0.6815204869410737, 0.47689852788858716]",-1,1
9725,[0.29136935 0.52146119],3,8,"[0.27392971195344684, 0.45973140540928376]",-1,14
9726,[0.73349287 0.8902154 ],1,-1,-1,-1,-1
9727,[0.46683814 0.32679292],6,-1,-1,-1,-1
9728,[0.22802936 0.32548271],2,5,"[0.23231087327800656, 0.30304944505444303]",1338,-1
9729,[0.37097989 0.26091359],0,9,"[0.3110394802231661, 0.23517199738277297]",1101,-1
9730,[0.24666026 0.37514827],6,-1,-1,1149,-1
9731,[0.36873287 0.33429119],6,1,"[0.3897435781344088, 0.3417040596068965]",-1,-1
9732,[0.44142158 0.60544679],5,-1,-1,-1,-1
9733,[0.51245209 0.45726909],5,-1,-1,601,-1
9734,[0.2675425  0.24788399],0,9,"[0.3110394802231661, 0.23517199738277297]",-1,-1
9735,[0.24838878 0.45623961],7,8,"[0.27392971195344684, 0.45973140540928376]",-1,-1
9736,[0.68662723 0.72979998],9,-1,-1,-1,0
9737,[0.51086766 0.61376083],9,-1,-1,-1,-1
9738,[0.3486674  0.61989478],3,-1,-1,1830,-1
9739,[0.3370373  0.35821199],4,1,"[0.3897435781344088, 0.3417040596068965]",-1,-1
9740,[0.33688998 0.61864875],3,7,"[0.2817018170798153, 0.5849768676672948]",-1,-1
9741,[0.23770106 0.33919671],0,5,"[0.23231087327800656, 0.30304944505444303]",1522,-1
9742,[0.76032671 0.58124355],8,-1,-1,-1,-1
9743,[0.72371806 0.80109092],1,-1,-1,90,0
9744,[0.42612616 0.57133931],5,0,"[0.383291892093257, 0.5586820702346661]",1467,-1
9745,[0.71485288 0.63925234],1,-1,-1,238,0
9746,[0.79360676 0.7831976 ],1,4,"[0.7726811996944247, 0.7249303226766757]",-1,0
9747,[0.33400726 0.34192733],2,1,"[0.3897435781344088, 0.3417040596068965]",1558,-1
9748,[0.29263039 0.4254124 ],7,8,"[0.27392971195344684, 0.45973140540928376]",-1,-1
9749,[0.46057728 0.2460677 ],6,-1,-1,-1,-1
9750,[0.77081596 0.73733062],1,4,"[0.7726811996944247, 0.7249303226766757]",-1,0
9751,[0.33802531 0.50672848],7,0,"[0.383291892093257, 0.5586820702346661]",1880,-1
9752,[0.58355001 0.45285963],8,-1,-1,607,-1
9753,[0.32535315 0.50160361],3,8,"[0.27392971195344684, 0.45973140540928376]",-1,-1
9754,[0.33392396 0.36381248],0,1,"[0.3897435781344088, 0.3417040596068965]",1367,-1
9755,[0.5367741  0.50124374],5,6,"[0.5164739970238864, 0.5319253761973344]",-1,-1
9756,[0.50977257 0.68494072],9,-1,-1,274,-1
9757,[0.39172848 0.28385814],6,1,"[0.3897435781344088, 0.3417040596068965]",-1,-1
9758,[0.37061573 0.23518838],6,9,"[0.3110394802231661, 0.23517199738277297]",484,-1
9759,[0.79782714 0.70440617],1,4,"[0.7726811996944247, 0.7249303226766757]",-1,0
9760,[0.24013858 0.34828649],2,5,"[0.23231087327800656, 0.30304944505444303]",1497,-1
9761,[0.47663793 0.61926713],5,-1,-1,736,-1
9762,[0.59929922 0.52346867],5,-1,-1,1102,-1
9763,[0.37270815 0.57520246],3,0,"[0.383291892093257, 0.5586820702346661]",1860,12
9764,[0.31378774 0.55413886],3,7,"[0.2817018170798153, 0.5849768676672948]",-1,17
9765,[0.37948737 0.46602731],4,-1,-1,-1,-1
9766,[0.76264838 0.71706813],1,4,"[0.7726811996944247, 0.7249303226766757]",-1,0
9767,[0.58328321 0.64406728],9,2,"[0.5921204552873188, 0.6383928111301557]",1189,-1
9768,[0.41187131 0.59106804],4,0,"[0.383291892093257, 0.5586820702346661]",1718,-1
9769,[0.2873317  0.59376029],3,7,"[0.2817018170798153, 0.5849768676672948]",-1,-1
9770,[0.62644089 0.5965616 ],9,2,"[0.5921204552873188, 0.6383928111301557]",-1,-1
9771,[0.76705755 0.76599987],1,4,"[0.7726811996944247, 0.7249303226766757]",-1,0
9772,[0.27399868 0.21412158],2,9,"[0.3110394802231661, 0.23517199738277297]",1355,-1
9773,[0.33459216 0.49991115],7,-1,-1,1880,-1
9774,[0.34261086 0.3959359 ],2,-1,-1,-1,-1
9775,[0.68130519 0.41095302],8,3,"[0.6815204869410737, 0.47689852788858716]",592,-1
9776,[0.47141937 0.42166322],6,-1,-1,-1,-1
9777,[0.75217815 0.41334615],8,-1,-1,-1,-1
9778,[0.59076458 0.46917943],5,-1,-1,608,-1
9779,[0.39334576 0.33655678],6,1,"[0.3897435781344088, 0.3417040596068965]",-1,-1
9780,[0.65317754 0.79243126],1,-1,-1,-1,-1
9781,[0.41227238 0.51475788],3,0,"[0.383291892093257, 0.5586820702346661]",-1,-1
9782,[0.54142946 0.62088862],5,2,"[0.5921204552873188, 0.6383928111301557]",1270,-1
9783,[0.28605687 0.55619582],4,7,"[0.2817018170798153, 0.5849768676672948]",-1,13
9784,[0.33316642 0.22755003],2,9,"[0.3110394802231661, 0.23517199738277297]",-1,-1
9785,[0.55976234 0.5284885 ],5,6,"[0.5164739970238864, 0.5319253761973344]",-1,-1
9786,[0.40646641 0.36508143],6,1,"[0.3897435781344088, 0.3417040596068965]",-1,-1
9787,[0.59906578 0.70252881],9,2,"[0.5921204552873188, 0.6383928111301557]",-1,-1
9788,[0.25734078 0.27212986],0,5,"[0.23231087327800656, 0.30304944505444303]",1548,-1
9789,[0.63365172 0.75030742],9,-1,-1,-1,-1
9790,[0.40553747 0.28865715],6,1,"[0.3897435781344088, 0.3417040596068965]",-1,-1
9791,[0.36351909 0.60574364],3,0,"[0.383291892093257, 0.5586820702346661]",1752,-1
9792,[0.51937372 0.52619128],5,6,"[0.5164739970238864, 0.5319253761973344]",1192,-1
9793,[0.21853786 0.34040461],0,5,"[0.23231087327800656, 0.30304944505444303]",-1,-1
9794,[0.50590837 0.60351392],5,-1,-1,-1,-1
9795,[0.47207792 0.70351005],9,-1,-1,-1,-1
9796,[0.74927623 0.61306691],9,-1,-1,-1,-1
9797,[0.72968425 0.65447444],1,-1,-1,-1,0
9798,[0.25404815 0.51020876],4,8,"[0.27392971195344684, 0.45973140540928376]",1786,-1
9799,[0.29372737 0.33409585],2,5,"[0.23231087327800656, 0.30304944505444303]",1591,-1
9800,[0.44268325 0.40100058],6,-1,-1,426,-1
9801,[0.34454106 0.34950468],2,1,"[0.3897435781344088, 0.3417040596068965]",1352,-1
9802,[0.5973381  0.56817617],9,-1,-1,1315,-1
9803,[0.53521357 0.59337728],9,6,"[0.5164739970238864, 0.5319253761973344]",1429,-1
9804,[0.45604679 0.47702761],5,-1,-1,-1,-1
9805,[0.49902366 0.50931565],5,6,"[0.5164739970238864, 0.5319253761973344]",-1,-1
9806,[0.281094   0.34254285],6,5,"[0.23231087327800656, 0.30304944505444303]",-1,-1
9807,[0.19821892 0.38073847],2,-1,-1,-1,-1
9808,[0.76875421 0.54207257],8,-1,-1,84,-1
9809,[0.37376704 0.32606049],2,1,"[0.3897435781344088, 0.3417040596068965]",-1,-1
9810,[0.34558829 0.65384925],3,-1,-1,730,-1
9811,[0.41689334 0.56000341],5,0,"[0.383291892093257, 0.5586820702346661]",1739,-1
9812,[0.60153754 0.54849395],8,-1,-1,1293,-1
9813,[0.35309248 0.6062817 ],3,0,"[0.383291892093257, 0.5586820702346661]",-1,-1
9814,[0.18083292 0.26525423],2,5,"[0.23231087327800656, 0.30304944505444303]",-1,-1
9815,[0.57021137 0.70374129],9,2,"[0.5921204552873188, 0.6383928111301557]",511,-1
9816,[0.31697999 0.5169362 ],4,-1,-1,1922,-1
9817,[0.38855118 0.46755375],7,-1,-1,582,-1
9818,[0.22932058 0.30108294],0,5,"[0.23231087327800656, 0.30304944505444303]",1468,-1
9819,[0.66032868 0.65248175],9,2,"[0.5921204552873188, 0.6383928111301557]",-1,-1
9820,[0.54176866 0.61777131],5,2,"[0.5921204552873188, 0.6383928111301557]",1270,-1
9821,[0.50895512 0.49140514],5,6,"[0.5164739970238864, 0.5319253761973344]",605,-1
9822,[0.14599806 0.33962108],0,-1,-1,108,-1
9823,[0.71572269 0.38400587],8,-1,-1,-1,-1
9824,[0.20814267 0.2872783 ],2,5,"[0.23231087327800656, 0.30304944505444303]",1109,-1
9825,[0.76655312 0.82596673],1,-1,-1,-1,-1
9826,[0.24886615 0.38453589],6,-1,-1,1147,-1
9827,[0.3110185  0.36557101],2,-1,-1,1483,-1
9828,[0.6445438  0.66298958],9,2,"[0.5921204552873188, 0.6383928111301557]",646,-1
9829,[0.42360081 0.68809748],3,-1,-1,-1,-1
9830,[0.51453718 0.6123795 ],5,-1,-1,1144,-1
9831,[0.77038803 0.76649534],1,4,"[0.7726811996944247, 0.7249303226766757]",410,0
9832,[0.18630638 0.18793261],0,-1,-1,165,-1
9833,[0.35179353 0.52497251],4,0,"[0.383291892093257, 0.5586820702346661]",-1,-1
9834,[0.40470873 0.24872122],6,-1,-1,849,-1
9835,[0.72527168 0.52721545],8,3,"[0.6815204869410737, 0.47689852788858716]",-1,-1
9836,[0.33874974 0.38528119],2,1,"[0.3897435781344088, 0.3417040596068965]",-1,-1
9837,[0.26705616 0.35380164],6,5,"[0.23231087327800656, 0.30304944505444303]",-1,-1
9838,[0.69822066 0.52252038],8,3,"[0.6815204869410737, 0.47689852788858716]",571,-1
9839,[0.32993888 0.31114499],0,1,"[0.3897435781344088, 0.3417040596068965]",1679,-1
9840,[0.23919501 0.2744826 ],0,5,"[0.23231087327800656, 0.30304944505444303]",-1,-1
9841,[0.33833806 0.65572335],3,-1,-1,901,-1
9842,[0.43219449 0.50936489],5,0,"[0.383291892093257, 0.5586820702346661]",-1,-1
9843,[0.70172707 0.86562547],1,-1,-1,-1,-1
9844,[0.70343766 0.42981849],8,3,"[0.6815204869410737, 0.47689852788858716]",596,-1
9845,[0.45041367 0.51221917],5,6,"[0.5164739970238864, 0.5319253761973344]",-1,-1
9846,[0.71241615 0.46955161],8,3,"[0.6815204869410737, 0.47689852788858716]",780,-1
9847,[0.47591875 0.5362893 ],9,6,"[0.5164739970238864, 0.5319253761973344]",-1,-1
9848,[0.5763265  0.64122934],9,2,"[0.5921204552873188, 0.6383928111301557]",1214,6
9849,[0.62064507 0.46248749],8,3,"[0.6815204869410737, 0.47689852788858716]",-1,-1
9850,[0.72261026 0.4860081 ],8,3,"[0.6815204869410737, 0.47689852788858716]",680,-1
9851,[0.18953362 0.22804988],0,-1,-1,-1,-1
9852,[0.61446616 0.66599119],9,2,"[0.5921204552873188, 0.6383928111301557]",1112,-1
9853,[0.29923484 0.49605264],3,8,"[0.27392971195344684, 0.45973140540928376]",-1,-1
9854,[0.15529441 0.19879832],0,-1,-1,68,-1
9855,[0.57758548 0.65392786],9,2,"[0.5921204552873188, 0.6383928111301557]",1124,-1
9856,[0.30759681 0.25076686],2,9,"[0.3110394802231661, 0.23517199738277297]",1499,-1
9857,[0.17018021 0.40621994],7,-1,-1,-1,-1
9858,[0.31175137 0.52655383],3,7,"[0.2817018170798153, 0.5849768676672948]",1844,15
9859,[0.22366548 0.26338849],0,5,"[0.23231087327800656, 0.30304944505444303]",-1,-1
9860,[0.37570222 0.51828866],7,0,"[0.383291892093257, 0.5586820702346661]",-1,-1
9861,[0.73116311 0.57470901],9,-1,-1,-1,-1
9862,[0.43037849 0.52691923],3,0,"[0.383291892093257, 0.5586820702346661]",1430,-1
9863,[0.45485012 0.55792124],3,6,"[0.5164739970238864, 0.5319253761973344]",-1,-1
9864,[0.6074465  0.59385583],9,2,"[0.5921204552873188, 0.6383928111301557]",1327,-1
9865,[0.3623499  0.55099428],7,0,"[0.383291892093257, 0.5586820702346661]",-1,-1
9866,[0.27445096 0.35923097],2,-1,-1,-1,-1
9867,[0.46698825 0.48165251],5,-1,-1,-1,-1
9868,[0.1565853  0.21039642],0,-1,-1,74,-1
9869,[0.37299679 0.26732369],6,9,"[0.3110394802231661, 0.23517199738277297]",1101,-1
9870,[0.77932042 0.68713566],1,4,"[0.7726811996944247, 0.7249303226766757]",-1,0
9871,[0.61993457 0.60566694],9,2,"[0.5921204552873188, 0.6383928111301557]",-1,-1
9872,[0.75459468 0.74752468],1,4,"[0.7726811996944247, 0.7249303226766757]",430,0
9873,[0.56433024 0.68824689],5,2,"[0.5921204552873188, 0.6383928111301557]",629,-1
9874,[0.33044711 0.62502701],7,7,"[0.2817018170798153, 0.5849768676672948]",-1,-1
9875,[0.28094092 0.36317238],2,-1,-1,1260,-1
9876,[0.65463409 0.74278745],9,-1,-1,-1,0
9877,[0.55852168 0.65523612],9,2,"[0.5921204552873188, 0.6383928111301557]",1196,-1
9878,[0.55231976 0.62055624],9,2,"[0.5921204552873188, 0.6383928111301557]",-1,-1
9879,[0.6626312  0.40699884],8,-1,-1,-1,-1
9880,[0.42066221 0.53131074],3,0,"[0.383291892093257, 0.5586820702346661]",1469,-1
9881,[0.35110275 0.27803976],6,9,"[0.3110394802231661, 0.23517199738277297]",-1,-1
9882,[0.51961597 0.60520489],5,-1,-1,1230,-1
9883,[0.38853393 0.51306595],3,0,"[0.383291892093257, 0.5586820702346661]",1781,-1
9884,[0.56429085 0.58250318],5,2,"[0.5921204552873188, 0.6383928111301557]",-1,6
9885,[0.77393075 0.40672681],8,-1,-1,65,-1
9886,[0.26750737 0.55909693],4,7,"[0.2817018170798153, 0.5849768676672948]",-1,-1
9887,[0.87542064 0.7815281 ],1,-1,-1,26,-1
9888,[0.29497984 0.29110562],2,9,"[0.3110394802231661, 0.23517199738277297]",1689,11
9889,[0.25503544 0.52439475],7,7,"[0.2817018170798153, 0.5849768676672948]",1727,-1
9890,[0.62373067 0.68361039],9,2,"[0.5921204552873188, 0.6383928111301557]",660,-1
9891,[0.81440704 0.84126503],1,-1,-1,-1,-1
9892,[0.26628304 0.5436631 ],7,7,"[0.2817018170798153, 0.5849768676672948]",-1,-1
9893,[0.21263232 0.51465383],4,-1,-1,-1,-1
9894,[0.18962717 0.35945283],2,-1,-1,504,-1
9895,[0.61312478 0.6588991 ],9,2,"[0.5921204552873188, 0.6383928111301557]",902,-1
9896,[0.35864084 0.53034561],3,0,"[0.383291892093257, 0.5586820702346661]",1935,-1
9897,[0.3407292  0.50421137],3,0,"[0.383291892093257, 0.5586820702346661]",1880,-1
9898,[0.75959853 0.68059943],1,4,"[0.7726811996944247, 0.7249303226766757]",395,0
9899,[0.23606938 0.39272176],2,-1,-1,-1,-1
9900,[0.26753629 0.20160097],0,9,"[0.3110394802231661, 0.23517199738277297]",688,-1
9901,[0.75438518 0.46801338],8,-1,-1,-1,-1
9902,[0.81801063 0.85714831],1,-1,-1,-1,-1
9903,[0.23979345 0.26795518],0,5,"[0.23231087327800656, 0.30304944505444303]",1363,-1
9904,[0.23987419 0.17142565],0,-1,-1,175,-1
9905,[0.84248357 0.71019673],1,-1,-1,-1,0
9906,[0.54367573 0.57560937],9,6,"[0.5164739970238864, 0.5319253761973344]",1410,6
9907,[0.33516124 0.70797501],3,-1,-1,-1,-1
9908,[0.37897319 0.24871373],6,9,"[0.3110394802231661, 0.23517199738277297]",-1,-1
9909,[0.31854147 0.3911724 ],7,-1,-1,1426,-1
9910,[0.52246024 0.52655751],5,6,"[0.5164739970238864, 0.5319253761973344]",-1,3
9911,[0.26507667 0.55461697],7,7,"[0.2817018170798153, 0.5849768676672948]",1704,-1
9912,[0.2835792  0.18377623],0,9,"[0.3110394802231661, 0.23517199738277297]",-1,-1
9913,[0.34060517 0.41727419],4,-1,-1,917,-1
9914,[0.53570904 0.45194452],5,-1,-1,-1,-1
9915,[0.5454728  0.55979233],5,6,"[0.5164739970238864, 0.5319253761973344]",1406,6
9916,[0.23290972 0.52550062],7,-1,-1,1477,-1
9917,[0.28639004 0.47662704],7,8,"[0.27392971195344684, 0.45973140540928376]",1799,-1
9918,[0.33051079 0.31786803],2,1,"[0.3897435781344088, 0.3417040596068965]",1683,10
9919,[0.76178983 0.6988789 ],1,4,"[0.7726811996944247, 0.7249303226766757]",460,0
9920,[0.31665684 0.53825651],4,7,"[0.2817018170798153, 0.5849768676672948]",1932,-1
9921,[0.80435875 0.36149613],8,-1,-1,-1,-1
9922,[0.28654721 0.57535922],4,7,"[0.2817018170798153, 0.5849768676672948]",1773,-1
9923,[0.25943232 0.51148433],7,8,"[0.27392971195344684, 0.45973140540928376]",-1,-1
9924,[0.23372974 0.43690715],7,8,"[0.27392971195344684, 0.45973140540928376]",-1,-1
9925,[0.69913936 0.46003999],8,3,"[0.6815204869410737, 0.47689852788858716]",-1,-1
9926,[0.43127156 0.58000794],3,0,"[0.383291892093257, 0.5586820702346661]",-1,-1
9927,[0.27567576 0.39467211],2,8,"[0.27392971195344684, 0.45973140540928376]",-1,-1
9928,[0.78218846 0.72384475],1,4,"[0.7726811996944247, 0.7249303226766757]",475,0
9929,[0.66446635 0.44177522],8,3,"[0.6815204869410737, 0.47689852788858716]",732,-1
9930,[0.30673848 0.59769321],4,7,"[0.2817018170798153, 0.5849768676672948]",1820,-1
9931,[0.22862795 0.59349446],4,7,"[0.2817018170798153, 0.5849768676672948]",506,-1
9932,[0.43815025 0.46583073],5,-1,-1,-1,-1
9933,[0.70097443 0.43758978],8,3,"[0.6815204869410737, 0.47689852788858716]",596,-1
9934,[0.44721551 0.23199715],6,-1,-1,178,-1
9935,[0.59139701 0.57155332],5,2,"[0.5921204552873188, 0.6383928111301557]",-1,-1
9936,[0.34176829 0.53517328],4,0,"[0.383291892093257, 0.5586820702346661]",1954,16
9937,[0.50823907 0.52905953],5,6,"[0.5164739970238864, 0.5319253761973344]",-1,-1
9938,[0.28503846 0.56294473],3,7,"[0.2817018170798153, 0.5849768676672948]",-1,13
9939,[0.23373514 0.6056387 ],7,7,"[0.2817018170798153, 0.5849768676672948]",-1,-1
9940,[0.77586712 0.71520038],1,4,"[0.7726811996944247, 0.7249303226766757]",477,0
9941,[0.31083444 0.21867894],2,9,"[0.3110394802231661, 0.23517199738277297]",-1,-1
9942,[0.67441177 0.47094525],8,3,"[0.6815204869410737, 0.47689852788858716]",804,-1
9943,[0.60077439 0.56914923],9,2,"[0.5921204552873188, 0.6383928111301557]",-1,5
9944,[0.44521801 0.47837376],4,-1,-1,547,-1
9945,[0.27803679 0.27090666],0,9,"[0.3110394802231661, 0.23517199738277297]",-1,-1
9946,[0.48263101 0.55719177],5,6,"[0.5164739970238864, 0.5319253761973344]",-1,-1
9947,[0.20145875 0.55341967],4,-1,-1,-1,-1
9948,[0.56580842 0.5995958 ],5,2,"[0.5921204552873188, 0.6383928111301557]",-1,-1
9949,[0.7427907  0.74361961],1,4,"[0.7726811996944247, 0.7249303226766757]",454,0
9950,[0.74448991 0.68721514],1,4,"[0.7726811996944247, 0.7249303226766757]",-1,0
9951,[0.34825013 0.58094135],4,0,"[0.383291892093257, 0.5586820702346661]",1842,-1
9952,[0.50268764 0.560567  ],5,6,"[0.5164739970238864, 0.5319253761973344]",1322,-1
9953,[0.26372477 0.17020511],0,-1,-1,239,-1
9954,[0.46497458 0.37754334],6,-1,-1,320,-1
9955,[0.63897415 0.59362993],8,2,"[0.5921204552873188, 0.6383928111301557]",1187,-1
9956,[0.40826258 0.27790046],6,1,"[0.3897435781344088, 0.3417040596068965]",922,-1
9957,[0.70106792 0.4898177 ],5,3,"[0.6815204869410737, 0.47689852788858716]",831,2
9958,[0.26533948 0.2395372 ],0,9,"[0.3110394802231661, 0.23517199738277297]",-1,-1
9959,[0.28470885 0.30427393],2,5,"[0.23231087327800656, 0.30304944505444303]",1578,-1
9960,[0.27159963 0.31264312],0,5,"[0.23231087327800656, 0.30304944505444303]",1585,9
9961,[0.42909436 0.42659796],6,-1,-1,-1,-1
9962,[0.64096644 0.52808915],8,3,"[0.6815204869410737, 0.47689852788858716]",861,-1
9963,[0.30922661 0.55169797],4,7,"[0.2817018170798153, 0.5849768676672948]",-1,17
9964,[0.26849922 0.5062235 ],7,8,"[0.27392971195344684, 0.45973140540928376]",1789,-1
9965,[0.29440599 0.51479359],7,8,"[0.27392971195344684, 0.45973140540928376]",-1,-1
9966,[0.76380009 0.73642411],1,4,"[0.7726811996944247, 0.7249303226766757]",-1,0
9967,[0.37857538 0.6610658 ],3,-1,-1,-1,-1
9968,[0.19870478 0.20857081],0,-1,-1,-1,-1
9969,[0.41794906 0.57637259],4,0,"[0.383291892093257, 0.5586820702346661]",-1,-1
9970,[0.77800543 0.33631289],8,-1,-1,-1,-1
9971,[0.61734983 0.56947645],5,-1,-1,1273,-1
9972,[0.21115247 0.47563725],2,8,"[0.27392971195344684, 0.45973140540928376]",591,-1
9973,[0.58793421 0.55062429],8,-1,-1,-1,-1
9974,[0.15104588 0.22425307],0,-1,-1,-1,-1
9975,[0.27718908 0.48144721],7,8,"[0.27392971195344684, 0.45973140540928376]",1728,-1
9976,[0.37839597 0.62269729],3,0,"[0.383291892093257, 0.5586820702346661]",-1,-1
9977,[0.34175798 0.49493105],4,-1,-1,1880,-1
9978,[0.26727734 0.32252176],0,5,"[0.23231087327800656, 0.30304944505444303]",-1,-1
9979,[0.2431362  0.44846281],7,8,"[0.27392971195344684, 0.45973140540928376]",932,-1
9980,[0.40437233 0.5281773 ],3,0,"[0.383291892093257, 0.5586820702346661]",1641,-1
9981,[0.25147924 0.26310409],0,5,"[0.23231087327800656, 0.30304944505444303]",1310,-1
9982,[0.57672507 0.46736863],9,-1,-1,-1,-1
9983,[0.69623589 0.65642495],9,-1,-1,414,0
9984,[0.37085281 0.60873193],4,0,"[0.383291892093257, 0.5586820702346661]",-1,-1
9985,[0.38036356 0.26850025],6,-1,-1,1073,-1
9986,[0.26955996 0.40214588],2,8,"[0.27392971195344684, 0.45973140540928376]",-1,-1
9987,[0.27475398 0.54269594],4,7,"[0.2817018170798153, 0.5849768676672948]",-1,-1
9988,[0.51320633 0.59717317],9,6,"[0.5164739970238864, 0.5319253761973344]",-1,-1
9989,[0.36964466 0.48115459],7,-1,-1,1561,-1
9990,[0.41965416 0.46707582],3,-1,-1,716,-1
9991,[0.44924152 0.31300348],6,1,"[0.3897435781344088, 0.3417040596068965]",-1,-1
9992,[0.69377663 0.80655222],1,-1,-1,-1,-1
9993,[0.63259134 0.63317279],5,2,"[0.5921204552873188, 0.6383928111301557]",1161,-1
9994,[0.82594061 0.77775129],1,-1,-1,290,0
9995,[0.27604367 0.53187808],4,7,"[0.2817018170798153, 0.5849768676672948]",1882,-1
9996,[0.5239146  0.52229005],5,6,"[0.5164739970238864, 0.5319253761973344]",1192,-1
9997,[0.25848359 0.25177429],2,9,"[0.3110394802231661, 0.23517199738277297]",-1,-1
9998,[0.33198036 0.50337603],4,-1,-1,1909,-1
9999,[0.53716067 0.38704175],6,-1,-1,-1,-1
10000,[0.31343515 0.3648814 ],6,-1,-1,-1,-1
10001,[0.42459695 0.58107755],4,0,"[0.383291892093257, 0.5586820702346661]",-1,-1
10002,[0.17911348 0.3427329 ],7,5,"[0.23231087327800656, 0.30304944505444303]",-1,-1
10003,[0.57877049 0.61315115],9,2,"[0.5921204552873188, 0.6383928111301557]",-1,-1
10004,[0.28197656 0.52157403],7,8,"[0.27392971195344684, 0.45973140540928376]",1886,-1
10005,[0.58421706 0.64365624],9,2,"[0.5921204552873188, 0.6383928111301557]",1189,-1
10006,[0.18665521 0.28586847],0,5,"[0.23231087327800656, 0.30304944505444303]",-1,-1
10007,[0.42528289 0.48169319],3,-1,-1,767,-1
10008,[0.25832203 0.3058468 ],0,5,"[0.23231087327800656, 0.30304944505444303]",-1,-1
10009,[0.27374062 0.47619208],7,8,"[0.27392971195344684, 0.45973140540928376]",1599,-1
10010,[0.68879135 0.65272496],9,-1,-1,-1,0
10011,[0.31843356 0.48740079],7,8,"[0.27392971195344684, 0.45973140540928376]",1869,-1
10012,[0.23874916 0.70261585],4,-1,-1,6,-1
10013,[0.59274214 0.60686081],9,2,"[0.5921204552873188, 0.6383928111301557]",1428,6
10014,[0.61349422 0.66382501],9,2,"[0.5921204552873188, 0.6383928111301557]",-1,-1
10015,[0.79787584 0.72263263],1,4,"[0.7726811996944247, 0.7249303226766757]",461,0
10016,[0.27105402 0.35937612],6,5,"[0.23231087327800656, 0.30304944505444303]",-1,-1
10017,[0.74752731 0.76225707],1,4,"[0.7726811996944247, 0.7249303226766757]",-1,0
10018,[0.19369175 0.53294241],7,-1,-1,-1,-1
10019,[0.26833526 0.57310544],7,7,"[0.2817018170798153, 0.5849768676672948]",-1,-1
10020,[0.61777015 0.72901012],9,-1,-1,-1,-1
10021,[0.39657471 0.57779663],3,0,"[0.383291892093257, 0.5586820702346661]",1767,-1
10022,[0.80003199 0.50979466],8,-1,-1,-1,-1
10023,[0.42081921 0.63141921],5,-1,-1,-1,-1
10024,[0.79050134 0.62537389],1,-1,-1,77,0
10025,[0.57191039 0.61944867],9,2,"[0.5921204552873188, 0.6383928111301557]",-1,-1
10026,[0.49514996 0.65777018],5,-1,-1,-1,-1
10027,[0.40321164 0.53733399],4,0,"[0.383291892093257, 0.5586820702346661]",1643,-1
10028,[0.79194344 0.64336888],1,-1,-1,-1,0
10029,[0.24810614 0.60444216],4,7,"[0.2817018170798153, 0.5849768676672948]",514,-1
10030,[0.5502572  0.58031644],8,6,"[0.5164739970238864, 0.5319253761973344]",1450,6
10031,[0.42763728 0.51282242],3,0,"[0.383291892093257, 0.5586820702346661]",-1,-1
10032,[0.27686159 0.27365423],0,9,"[0.3110394802231661, 0.23517199738277297]",-1,-1
10033,[0.27948197 0.23966628],0,9,"[0.3110394802231661, 0.23517199738277297]",-1,-1
10034,[0.3156717  0.37024231],2,-1,-1,-1,-1
10035,[0.5417924  0.55452719],5,6,"[0.5164739970238864, 0.5319253761973344]",1406,6
10036,[0.3121831 0.3653635],6,-1,-1,-1,-1
10037,[0.3924049  0.57812272],7,0,"[0.383291892093257, 0.5586820702346661]",-1,-1
10038,[0.61356747 0.49699979],8,-1,-1,843,-1
10039,[0.24766784 0.24279067],2,5,"[0.23231087327800656, 0.30304944505444303]",983,-1
10040,[0.59065466 0.45283076],8,-1,-1,607,-1
10041,[0.71879645 0.45097675],8,3,"[0.6815204869410737, 0.47689852788858716]",693,-1
10042,[0.57870717 0.64294985],5,2,"[0.5921204552873188, 0.6383928111301557]",-1,-1
10043,[0.54220801 0.54257012],5,6,"[0.5164739970238864, 0.5319253761973344]",-1,-1
10044,[0.18954933 0.31634152],2,5,"[0.23231087327800656, 0.30304944505444303]",857,-1
10045,[0.35804413 0.3565432 ],2,1,"[0.3897435781344088, 0.3417040596068965]",-1,-1
10046,[0.2634366  0.46923286],4,8,"[0.27392971195344684, 0.45973140540928376]",1595,-1
10047,[0.63047687 0.47161479],8,3,"[0.6815204869410737, 0.47689852788858716]",623,-1
10048,[0.42050456 0.28342826],6,1,"[0.3897435781344088, 0.3417040596068965]",765,-1
10049,[0.64010268 0.48740124],8,3,"[0.6815204869410737, 0.47689852788858716]",819,1
10050,[0.3088707  0.31252603],0,-1,-1,1648,-1
10051,[0.34127696 0.48796534],7,-1,-1,-1,-1
10052,[0.6729924  0.77049786],1,-1,-1,-1,-1
10053,[0.50065822 0.59735302],5,6,"[0.5164739970238864, 0.5319253761973344]",1063,-1
10054,[0.4157732  0.38779292],3,1,"[0.3897435781344088, 0.3417040596068965]",763,-1
10055,[0.45970489 0.53895556],3,6,"[0.5164739970238864, 0.5319253761973344]",-1,-1
10056,[0.65165762 0.44330395],8,3,"[0.6815204869410737, 0.47689852788858716]",-1,-1
10057,[0.18986287 0.33572014],0,5,"[0.23231087327800656, 0.30304944505444303]",-1,-1
10058,[0.58848236 0.48627129],8,-1,-1,-1,-1
10059,[0.71838775 0.79426657],1,-1,-1,-1,0
10060,[0.22343234 0.58019147],7,7,"[0.2817018170798153, 0.5849768676672948]",380,-1
10061,[0.2131178  0.29093451],0,5,"[0.23231087327800656, 0.30304944505444303]",-1,-1
10062,[0.77094279 0.4682676 ],8,-1,-1,-1,-1
10063,[0.30927718 0.2358423 ],2,9,"[0.3110394802231661, 0.23517199738277297]",1492,-1
10064,[0.59625638 0.52306194],5,-1,-1,1102,-1
10065,[0.32520003 0.25835213],0,9,"[0.3110394802231661, 0.23517199738277297]",1484,-1
10066,[0.60718728 0.66938596],9,2,"[0.5921204552873188, 0.6383928111301557]",-1,-1
10067,[0.66020708 0.46790766],8,3,"[0.6815204869410737, 0.47689852788858716]",-1,-1
10068,[0.29728614 0.26670828],2,9,"[0.3110394802231661, 0.23517199738277297]",1496,-1
10069,[0.36578728 0.29699366],0,1,"[0.3897435781344088, 0.3417040596068965]",1542,-1
10070,[0.33517612 0.28511937],0,9,"[0.3110394802231661, 0.23517199738277297]",1652,-1
10071,[0.56038867 0.47046587],8,-1,-1,-1,-1
10072,[0.58085003 0.51520972],9,6,"[0.5164739970238864, 0.5319253761973344]",1035,-1
10073,[0.48284626 0.48488153],5,6,"[0.5164739970238864, 0.5319253761973344]",606,-1
10074,[0.33527248 0.5545368 ],3,0,"[0.383291892093257, 0.5586820702346661]",1957,17
10075,[0.52144343 0.55257232],5,6,"[0.5164739970238864, 0.5319253761973344]",-1,-1
10076,[0.28647272 0.55248228],7,7,"[0.2817018170798153, 0.5849768676672948]",-1,-1
10077,[0.55370048 0.57205378],9,6,"[0.5164739970238864, 0.5319253761973344]",-1,6
10078,[0.52922663 0.64800127],9,2,"[0.5921204552873188, 0.6383928111301557]",1199,-1
10079,[0.51973194 0.51320773],5,6,"[0.5164739970238864, 0.5319253761973344]",1179,-1
10080,[0.33726691 0.60382229],4,7,"[0.2817018170798153, 0.5849768676672948]",-1,-1
10081,[0.49197849 0.53570882],5,6,"[0.5164739970238864, 0.5319253761973344]",-1,-1
10082,[0.273403   0.33590974],0,5,"[0.23231087327800656, 0.30304944505444303]",1607,-1
10083,[0.2946739  0.53902751],3,7,"[0.2817018170798153, 0.5849768676672948]",-1,14
10084,[0.24670147 0.54318035],4,7,"[0.2817018170798153, 0.5849768676672948]",-1,-1
10085,[0.44166414 0.27668433],6,-1,-1,-1,-1
10086,[0.2986047  0.43556078],4,8,"[0.27392971195344684, 0.45973140540928376]",-1,-1
10087,[0.63948276 0.59153872],9,2,"[0.5921204552873188, 0.6383928111301557]",1187,-1
10088,[0.69415955 0.48474462],5,3,"[0.6815204869410737, 0.47689852788858716]",-1,-1
10089,[0.57472901 0.55336568],9,6,"[0.5164739970238864, 0.5319253761973344]",1362,-1
10090,[0.5438934 0.5560834],5,6,"[0.5164739970238864, 0.5319253761973344]",1406,-1
10091,[0.30585799 0.56956568],7,7,"[0.2817018170798153, 0.5849768676672948]",1925,-1
10092,[0.31501525 0.58127941],4,7,"[0.2817018170798153, 0.5849768676672948]",-1,17
10093,[0.5387228  0.49872701],8,6,"[0.5164739970238864, 0.5319253761973344]",1096,-1
10094,[0.50414242 0.75341249],9,-1,-1,4,-1
10095,[0.41006119 0.64740741],3,-1,-1,589,-1
10096,[0.50255672 0.50202217],9,6,"[0.5164739970238864, 0.5319253761973344]",725,-1
10097,[0.48564773 0.55130284],5,6,"[0.5164739970238864, 0.5319253761973344]",-1,-1
10098,[0.60318876 0.64116643],9,2,"[0.5921204552873188, 0.6383928111301557]",-1,-1
10099,[0.31754094 0.34373863],2,-1,-1,1624,8
10100,[0.40295359 0.35250495],6,1,"[0.3897435781344088, 0.3417040596068965]",-1,-1
10101,[0.28289722 0.36766294],2,-1,-1,-1,-1
10102,[0.28397756 0.32830522],2,5,"[0.23231087327800656, 0.30304944505444303]",-1,-1
10103,[0.49152651 0.53653475],5,6,"[0.5164739970238864, 0.5319253761973344]",-1,-1
10104,[0.22699123 0.24031194],6,5,"[0.23231087327800656, 0.30304944505444303]",946,-1
10105,[0.29394248 0.2498715 ],0,9,"[0.3110394802231661, 0.23517199738277297]",1465,-1
10106,[0.48267729 0.34837078],6,-1,-1,-1,-1
10107,[0.30986749 0.59638773],3,7,"[0.2817018170798153, 0.5849768676672948]",-1,-1
10108,[0.67926309 0.44698919],8,3,"[0.6815204869410737, 0.47689852788858716]",735,-1
10109,[0.73257674 0.51954965],8,3,"[0.6815204869410737, 0.47689852788858716]",487,-1
10110,[0.62464278 0.63220831],9,2,"[0.5921204552873188, 0.6383928111301557]",1162,-1
10111,[0.35406772 0.53419199],3,0,"[0.383291892093257, 0.5586820702346661]",1951,-1
10112,[0.56923    0.65324654],9,2,"[0.5921204552873188, 0.6383928111301557]",-1,-1
10113,[0.46172576 0.29042807],6,-1,-1,-1,-1
10114,[0.50474481 0.25985906],6,-1,-1,-1,-1
10115,[0.36095491 0.62168478],3,0,"[0.383291892093257, 0.5586820702346661]",-1,-1
10116,[0.25955022 0.44693513],7,8,"[0.27392971195344684, 0.45973140540928376]",667,-1
10117,[0.31089393 0.04913973],0,-1,-1,-1,-1
10118,[0.38894903 0.30453847],2,1,"[0.3897435781344088, 0.3417040596068965]",-1,-1
10119,[0.22052702 0.46110865],7,8,"[0.27392971195344684, 0.45973140540928376]",331,-1
10120,[0.69655418 0.45604211],8,3,"[0.6815204869410737, 0.47689852788858716]",-1,-1
10121,[0.53292544 0.4618691 ],8,-1,-1,556,-1
10122,[0.27826341 0.52041098],7,8,"[0.27392971195344684, 0.45973140540928376]",-1,14
10123,[0.32561925 0.5366383 ],3,0,"[0.383291892093257, 0.5586820702346661]",1933,-1
10124,[0.29081184 0.44036608],7,8,"[0.27392971195344684, 0.45973140540928376]",1240,-1
10125,[0.59558172 0.63095864],9,2,"[0.5921204552873188, 0.6383928111301557]",-1,6
10126,[0.27870443 0.37375847],2,-1,-1,-1,-1
10127,[0.29203628 0.23304791],0,9,"[0.3110394802231661, 0.23517199738277297]",1370,-1
10128,[0.63430678 0.43761171],8,3,"[0.6815204869410737, 0.47689852788858716]",678,-1
10129,[0.34695956 0.63575173],4,-1,-1,-1,-1
10130,[0.29583133 0.52934466],3,7,"[0.2817018170798153, 0.5849768676672948]",-1,-1
10131,[0.42080727 0.24631119],6,-1,-1,-1,-1
10132,[0.31189994 0.55437119],3,7,"[0.2817018170798153, 0.5849768676672948]",-1,17
10133,[0.37706535 0.52865986],3,0,"[0.383291892093257, 0.5586820702346661]",-1,-1
10134,[0.77665299 0.8296994 ],1,-1,-1,-1,-1
10135,[0.30447253 0.37390506],2,-1,-1,-1,-1
10136,[0.3164663  0.26237875],0,9,"[0.3110394802231661, 0.23517199738277297]",-1,-1
10137,[0.73665115 0.74285084],1,4,"[0.7726811996944247, 0.7249303226766757]",452,0
10138,[0.61698507 0.41387702],8,-1,-1,-1,-1
10139,[0.42281824 0.35066483],6,1,"[0.3897435781344088, 0.3417040596068965]",-1,-1
10140,[0.38820932 0.3677177 ],6,1,"[0.3897435781344088, 0.3417040596068965]",1064,-1
10141,[0.33758743 0.50264798],3,-1,-1,1880,-1
10142,[0.47070102 0.52276474],5,6,"[0.5164739970238864, 0.5319253761973344]",1002,-1
10143,[0.81876196 0.72460143],1,4,"[0.7726811996944247, 0.7249303226766757]",456,0
10144,[0.31762946 0.59890187],3,7,"[0.2817018170798153, 0.5849768676672948]",-1,-1
10145,[0.42130609 0.30823367],6,1,"[0.3897435781344088, 0.3417040596068965]",977,-1
10146,[0.57919253 0.66988078],9,2,"[0.5921204552873188, 0.6383928111301557]",1121,-1
10147,[0.30509478 0.48178392],7,8,"[0.27392971195344684, 0.45973140540928376]",-1,-1
10148,[0.34488344 0.47716728],3,-1,-1,-1,-1
10149,[0.28840173 0.53318322],7,7,"[0.2817018170798153, 0.5849768676672948]",-1,14
10150,[0.51519473 0.53128344],5,6,"[0.5164739970238864, 0.5319253761973344]",1191,3
10151,[0.72182563 0.65449225],1,-1,-1,-1,0
10152,[0.77193098 0.788591  ],1,4,"[0.7726811996944247, 0.7249303226766757]",-1,0
10153,[0.60369423 0.59887094],9,2,"[0.5921204552873188, 0.6383928111301557]",-1,-1
10154,[0.48856153 0.51353875],4,6,"[0.5164739970238864, 0.5319253761973344]",936,-1
10155,[0.27485563 0.53957446],7,7,"[0.2817018170798153, 0.5849768676672948]",1769,-1
10156,[0.26008653 0.18325742],0,-1,-1,239,-1
10157,[0.37284912 0.67545235],3,-1,-1,-1,-1
10158,[0.33906231 0.58681818],3,0,"[0.383291892093257, 0.5586820702346661]",1834,-1
10159,[0.60354579 0.5916875 ],5,2,"[0.5921204552873188, 0.6383928111301557]",-1,-1
10160,[0.20372151 0.60892232],4,-1,-1,-1,-1
10161,[0.33752364 0.43944171],7,8,"[0.27392971195344684, 0.45973140540928376]",941,-1
10162,[0.26555379 0.53853245],4,7,"[0.2817018170798153, 0.5849768676672948]",1743,-1
10163,[0.33126647 0.52803886],4,0,"[0.383291892093257, 0.5586820702346661]",-1,-1
10164,[0.27117437 0.62458284],4,7,"[0.2817018170798153, 0.5849768676672948]",394,-1
10165,[0.54037692 0.67660501],9,2,"[0.5921204552873188, 0.6383928111301557]",687,-1
10166,[0.32097916 0.29070229],2,9,"[0.3110394802231661, 0.23517199738277297]",1579,-1
10167,[0.2576491  0.55191922],7,7,"[0.2817018170798153, 0.5849768676672948]",-1,-1
10168,[0.27035508 0.5440747 ],4,7,"[0.2817018170798153, 0.5849768676672948]",-1,-1
10169,[0.65220461 0.55623626],5,-1,-1,1108,-1
10170,[0.30396384 0.50038917],7,8,"[0.27392971195344684, 0.45973140540928376]",1858,-1
10171,[0.69179309 0.54487992],8,3,"[0.6815204869410737, 0.47689852788858716]",-1,-1
10172,[0.33672182 0.3090767 ],6,1,"[0.3897435781344088, 0.3417040596068965]",1680,-1
10173,[0.83602239 0.73507104],1,4,"[0.7726811996944247, 0.7249303226766757]",342,0
10174,[0.24184625 0.48320723],4,8,"[0.27392971195344684, 0.45973140540928376]",1707,-1
10175,[0.57578735 0.51556938],8,6,"[0.5164739970238864, 0.5319253761973344]",1035,-1
10176,[0.5290529  0.47031444],5,6,"[0.5164739970238864, 0.5319253761973344]",-1,-1
10177,[0.29350988 0.34804374],6,-1,-1,1583,-1
10178,[0.71739399 0.43307673],8,3,"[0.6815204869410737, 0.47689852788858716]",-1,-1
10179,[0.29459366 0.24225103],2,9,"[0.3110394802231661, 0.23517199738277297]",1465,-1
10180,[0.48758214 0.53759679],9,6,"[0.5164739970238864, 0.5319253761973344]",961,-1
10181,[0.52433885 0.53407814],9,6,"[0.5164739970238864, 0.5319253761973344]",1177,-1
10182,[0.28911642 0.42121329],7,8,"[0.27392971195344684, 0.45973140540928376]",-1,-1
10183,[0.718567   0.48240492],8,3,"[0.6815204869410737, 0.47689852788858716]",-1,-1
10184,[0.38353032 0.31889956],6,1,"[0.3897435781344088, 0.3417040596068965]",1142,-1
10185,[0.3446419  0.54491151],3,0,"[0.383291892093257, 0.5586820702346661]",-1,-1
10186,[0.29193664 0.29870659],0,5,"[0.23231087327800656, 0.30304944505444303]",-1,-1
10187,[0.3021984  0.40849006],7,8,"[0.27392971195344684, 0.45973140540928376]",-1,-1
10188,[0.66495437 0.56196382],8,-1,-1,892,-1
10189,[0.4945992  0.48019845],3,6,"[0.5164739970238864, 0.5319253761973344]",-1,-1
10190,[0.78524067 0.83580894],1,-1,-1,21,-1
10191,[0.75832167 0.70281674],1,4,"[0.7726811996944247, 0.7249303226766757]",460,0
10192,[0.44894368 0.25269154],6,-1,-1,-1,-1
10193,[0.27933181 0.3118302 ],2,5,"[0.23231087327800656, 0.30304944505444303]",1585,-1
10194,[0.37400044 0.39495824],6,1,"[0.3897435781344088, 0.3417040596068965]",-1,-1
10195,[0.37737383 0.62599956],3,0,"[0.383291892093257, 0.5586820702346661]",679,-1
10196,[0.30945026 0.37355354],0,-1,-1,1588,-1
10197,[0.68812812 0.63833535],8,-1,-1,493,-1
10198,[0.60189826 0.44886219],5,-1,-1,616,-1
10199,[0.19156121 0.30509698],2,5,"[0.23231087327800656, 0.30304944505444303]",-1,-1
10200,[0.28467945 0.45631462],7,8,"[0.27392971195344684, 0.45973140540928376]",1243,-1
10201,[0.27876779 0.39392147],2,8,"[0.27392971195344684, 0.45973140540928376]",1066,-1
10202,[0.67389516 0.68608129],1,-1,-1,387,-1
10203,[0.1620681  0.31937592],0,-1,-1,203,-1
10204,[0.34641856 0.28808731],6,9,"[0.3110394802231661, 0.23517199738277297]",-1,-1
10205,[0.17587048 0.2290691 ],0,-1,-1,-1,-1
10206,[0.38052522 0.22750537],6,9,"[0.3110394802231661, 0.23517199738277297]",-1,-1
10207,[0.55561569 0.52945319],5,6,"[0.5164739970238864, 0.5319253761973344]",1390,-1
10208,[0.62216151 0.51674056],8,-1,-1,862,-1
10209,[0.34439039 0.36332382],7,1,"[0.3897435781344088, 0.3417040596068965]",1354,-1
10210,[0.89848837 0.77970019],1,-1,-1,-1,-1
10211,[0.37266426 0.63853077],5,-1,-1,-1,-1
10212,[0.15954412 0.19406077],0,-1,-1,68,-1
10213,[0.4138555  0.39098623],6,1,"[0.3897435781344088, 0.3417040596068965]",763,-1
10214,[0.59398251 0.6058623 ],9,2,"[0.5921204552873188, 0.6383928111301557]",1428,-1
10215,[0.39983452 0.24300124],6,-1,-1,657,-1
10216,[0.72135674 0.39692807],8,-1,-1,-1,-1
10217,[0.37203042 0.26700898],6,9,"[0.3110394802231661, 0.23517199738277297]",1101,-1
10218,[0.19365612 0.52293616],4,-1,-1,166,-1
10219,[0.7757951  0.59285019],1,-1,-1,-1,-1
10220,[0.43304984 0.58767511],5,0,"[0.383291892093257, 0.5586820702346661]",1436,-1
10221,[0.78532279 0.66418829],1,4,"[0.7726811996944247, 0.7249303226766757]",326,0
10222,[0.31101238 0.29613825],2,9,"[0.3110394802231661, 0.23517199738277297]",1614,-1
10223,[0.33617098 0.63165067],3,-1,-1,1047,-1
10224,[0.48523727 0.64035274],9,-1,-1,647,-1
10225,[0.27343936 0.37411287],2,-1,-1,-1,-1
10226,[0.20000467 0.21442855],0,-1,-1,-1,-1
10227,[0.25978437 0.38249049],2,-1,-1,1221,-1
10228,[0.38899785 0.60570812],3,0,"[0.383291892093257, 0.5586820702346661]",1744,-1
10229,[0.3856772  0.48154823],4,-1,-1,1042,-1
10230,[0.50716463 0.57758235],9,6,"[0.5164739970238864, 0.5319253761973344]",-1,6
10231,[0.24700711 0.4910762 ],7,8,"[0.27392971195344684, 0.45973140540928376]",-1,-1
10232,[0.77599102 0.50385091],8,-1,-1,190,-1
10233,[0.71587159 0.56953264],8,-1,-1,-1,-1
10234,[0.31008981 0.52126202],7,7,"[0.2817018170798153, 0.5849768676672948]",1919,-1
10235,[0.75690185 0.51412914],8,-1,-1,-1,-1
10236,[0.61395896 0.39281234],8,-1,-1,70,-1
10237,[0.41102585 0.55318602],5,0,"[0.383291892093257, 0.5586820702346661]",1734,-1
10238,[0.54823432 0.59916265],5,2,"[0.5921204552873188, 0.6383928111301557]",-1,-1
10239,[0.37107874 0.34318151],2,1,"[0.3897435781344088, 0.3417040596068965]",-1,-1
10240,[0.60790229 0.57538321],5,2,"[0.5921204552873188, 0.6383928111301557]",-1,-1
10241,[0.5887369  0.67266427],9,2,"[0.5921204552873188, 0.6383928111301557]",710,-1
10242,[0.30895924 0.33644296],2,-1,-1,-1,8
10243,[0.25759163 0.38573349],2,-1,-1,1221,-1
10244,[0.34270338 0.32507263],6,1,"[0.3897435781344088, 0.3417040596068965]",1575,-1
10245,[0.30824465 0.36155585],2,-1,-1,-1,-1
10246,[0.39275433 0.58261974],3,0,"[0.383291892093257, 0.5586820702346661]",1701,-1
10247,[0.49841235 0.61506764],3,-1,-1,918,-1
10248,[0.31802721 0.25951185],0,9,"[0.3110394802231661, 0.23517199738277297]",1491,-1
10249,[0.34420417 0.60600878],4,0,"[0.383291892093257, 0.5586820702346661]",-1,-1
10250,[0.42660082 0.30981477],6,1,"[0.3897435781344088, 0.3417040596068965]",-1,-1
10251,[0.85543378 0.47545464],8,-1,-1,-1,-1
10252,[0.62736567 0.70454423],1,-1,-1,287,-1
10253,[0.65790904 0.47842477],8,3,"[0.6815204869410737, 0.47689852788858716]",-1,-1
10254,[0.29422477 0.30649155],0,5,"[0.23231087327800656, 0.30304944505444303]",1650,-1
10255,[0.41744369 0.34526231],6,1,"[0.3897435781344088, 0.3417040596068965]",-1,-1
10256,[0.3269296  0.55373163],3,7,"[0.2817018170798153, 0.5849768676672948]",-1,17
10257,[0.27662713 0.55892155],7,7,"[0.2817018170798153, 0.5849768676672948]",1875,13
10258,[0.5862743  0.73468139],9,-1,-1,-1,-1
10259,[0.80679999 0.67569725],1,4,"[0.7726811996944247, 0.7249303226766757]",359,0
10260,[0.26483248 0.36670097],0,-1,-1,-1,-1
10261,[0.30689684 0.46884038],7,8,"[0.27392971195344684, 0.45973140540928376]",1733,-1
10262,[0.54357792 0.55433432],5,6,"[0.5164739970238864, 0.5319253761973344]",1406,6
10263,[0.43992013 0.56108349],5,0,"[0.383291892093257, 0.5586820702346661]",1283,-1
10264,[0.46320034 0.58470706],5,-1,-1,1232,-1
10265,[0.34120401 0.50030694],4,-1,-1,-1,15
10266,[0.18691231 0.32156667],0,5,"[0.23231087327800656, 0.30304944505444303]",-1,-1
10267,[0.24176548 0.55576203],7,7,"[0.2817018170798153, 0.5849768676672948]",-1,-1
10268,[0.83098505 0.70021887],1,4,"[0.7726811996944247, 0.7249303226766757]",-1,0
10269,[0.27810483 0.56726903],7,7,"[0.2817018170798153, 0.5849768676672948]",-1,-1
10270,[0.41439096 0.53173301],7,0,"[0.383291892093257, 0.5586820702346661]",1244,-1
10271,[0.69882147 0.55494832],8,-1,-1,563,-1
10272,[0.35319197 0.32834479],6,1,"[0.3897435781344088, 0.3417040596068965]",-1,-1
10273,[0.37924671 0.58897701],4,0,"[0.383291892093257, 0.5586820702346661]",1846,-1
10274,[0.52146404 0.33230392],6,-1,-1,42,-1
10275,[0.38136574 0.19680174],6,-1,-1,127,-1
10276,[0.59812436 0.47699776],8,-1,-1,-1,-1
10277,[0.53017749 0.62341152],5,2,"[0.5921204552873188, 0.6383928111301557]",-1,-1
10278,[0.35473282 0.62343615],3,-1,-1,-1,-1
10279,[0.66144656 0.47481502],8,3,"[0.6815204869410737, 0.47689852788858716]",825,-1
10280,[0.24435412 0.56931734],4,7,"[0.2817018170798153, 0.5849768676672948]",1357,-1
10281,[0.29728873 0.55103652],7,7,"[0.2817018170798153, 0.5849768676672948]",-1,-1
10282,[0.29708249 0.29781343],6,9,"[0.3110394802231661, 0.23517199738277297]",-1,11
10283,[0.40077771 0.32319308],6,1,"[0.3897435781344088, 0.3417040596068965]",966,-1
10284,[0.39287648 0.20686031],6,-1,-1,174,-1
10285,[0.3518982  0.56534527],3,0,"[0.383291892093257, 0.5586820702346661]",-1,-1
10286,[0.55926103 0.67682734],5,2,"[0.5921204552873188, 0.6383928111301557]",768,-1
10287,[0.5474324  0.56179102],9,6,"[0.5164739970238864, 0.5319253761973344]",-1,6
10288,[0.23160818 0.62783119],7,7,"[0.2817018170798153, 0.5849768676672948]",347,-1
10289,[0.78822011 0.76631348],1,4,"[0.7726811996944247, 0.7249303226766757]",408,0
10290,[0.31871553 0.35984575],2,-1,-1,1485,-1
10291,[0.2955884  0.51118343],4,8,"[0.27392971195344684, 0.45973140540928376]",-1,-1
10292,[0.66852347 0.3282744 ],8,-1,-1,-1,-1
10293,[0.3639928  0.60128672],4,0,"[0.383291892093257, 0.5586820702346661]",-1,-1
10294,[0.23939689 0.35715699],0,5,"[0.23231087327800656, 0.30304944505444303]",1569,-1
10295,[0.18686806 0.47522209],7,-1,-1,-1,-1
10296,[0.36640317 0.53275993],4,0,"[0.383291892093257, 0.5586820702346661]",1934,-1
10297,[0.22378568 0.20493004],2,-1,-1,374,-1
10298,[0.63421736 0.56704574],8,-1,-1,-1,-1
10299,[0.14970568 0.33648629],0,-1,-1,108,-1
10300,[0.7823907 0.7747587],1,4,"[0.7726811996944247, 0.7249303226766757]",407,0
10301,[0.25889474 0.45475725],4,8,"[0.27392971195344684, 0.45973140540928376]",-1,-1
10302,[0.19871325 0.19456991],0,-1,-1,227,-1
10303,[0.51518962 0.7101197 ],9,-1,-1,-1,-1
10304,[0.28550493 0.14786851],0,-1,-1,-1,-1
10305,[0.43970693 0.19930726],6,-1,-1,-1,-1
10306,[0.33901683 0.37001949],2,1,"[0.3897435781344088, 0.3417040596068965]",1349,-1
10307,[0.59687502 0.60065759],9,2,"[0.5921204552873188, 0.6383928111301557]",-1,-1
10308,[0.76259947 0.75729308],1,4,"[0.7726811996944247, 0.7249303226766757]",-1,0
10309,[0.74257938 0.76131158],1,4,"[0.7726811996944247, 0.7249303226766757]",418,0
10310,[0.68198645 0.66313671],9,-1,-1,482,-1
10311,[0.18256478 0.07416594],0,-1,-1,-1,-1
10312,[0.7169833  0.73456077],1,4,"[0.7726811996944247, 0.7249303226766757]",-1,0
10313,[0.31222197 0.30578311],2,-1,-1,1647,-1
10314,[0.56940156 0.75489898],9,-1,-1,-1,-1
10315,[0.48350081 0.62384909],5,-1,-1,-1,-1
10316,[0.40346636 0.25129285],0,-1,-1,-1,-1
10317,[0.32201949 0.27059377],2,9,"[0.3110394802231661, 0.23517199738277297]",-1,-1
10318,[0.37264309 0.43277966],6,-1,-1,683,-1
10319,[0.64388709 0.72892796],9,-1,-1,-1,-1
10320,[0.69423334 0.7062727 ],1,-1,-1,343,0
10321,[0.50633868 0.57237508],5,6,"[0.5164739970238864, 0.5319253761973344]",1381,-1
10322,[0.53664957 0.60869716],9,2,"[0.5921204552873188, 0.6383928111301557]",1203,-1
10323,[0.78137958 0.49341364],8,-1,-1,-1,-1
10324,[0.68392564 0.7017286 ],9,-1,-1,-1,0
10325,[0.37463305 0.50166673],3,0,"[0.383291892093257, 0.5586820702346661]",-1,-1
10326,[0.84760572 0.57531838],1,-1,-1,-1,-1
10327,[0.32848101 0.53914885],3,0,"[0.383291892093257, 0.5586820702346661]",-1,-1
10328,[0.59008478 0.5896588 ],8,2,"[0.5921204552873188, 0.6383928111301557]",-1,-1
10329,[0.32529033 0.53666104],4,0,"[0.383291892093257, 0.5586820702346661]",1933,-1
10330,[0.76909575 0.68458255],1,4,"[0.7726811996944247, 0.7249303226766757]",-1,0
10331,[0.31408031 0.22353511],2,9,"[0.3110394802231661, 0.23517199738277297]",970,-1
10332,[0.42641605 0.42429963],6,-1,-1,403,-1
10333,[0.34625098 0.62027657],4,-1,-1,1830,-1
10334,[0.53575996 0.46525507],8,6,"[0.5164739970238864, 0.5319253761973344]",-1,-1
10335,[0.32401083 0.25713841],0,9,"[0.3110394802231661, 0.23517199738277297]",1484,-1
10336,[0.36994666 0.53234316],3,0,"[0.383291892093257, 0.5586820702346661]",1934,-1
10337,[0.31132909 0.45525926],2,8,"[0.27392971195344684, 0.45973140540928376]",1688,-1
10338,[0.33324406 0.48359149],7,8,"[0.27392971195344684, 0.45973140540928376]",1831,-1
10339,[0.3371715  0.32212951],6,1,"[0.3897435781344088, 0.3417040596068965]",1683,-1
10340,[0.23740032 0.36292191],0,5,"[0.23231087327800656, 0.30304944505444303]",-1,-1
10341,[0.37165879 0.47579591],4,-1,-1,1211,-1
10342,[0.85130818 0.69698766],1,-1,-1,-1,0
10343,[0.5782061  0.60657514],5,2,"[0.5921204552873188, 0.6383928111301557]",-1,6
10344,[0.40135811 0.38291862],6,1,"[0.3897435781344088, 0.3417040596068965]",-1,-1
10345,[0.39050511 0.27232865],2,1,"[0.3897435781344088, 0.3417040596068965]",-1,-1
10346,[0.6695698  0.57664117],9,-1,-1,-1,-1
10347,[0.77816509 0.74092858],1,4,"[0.7726811996944247, 0.7249303226766757]",-1,0
10348,[0.54564477 0.64197998],9,2,"[0.5921204552873188, 0.6383928111301557]",1255,-1
10349,[0.48500979 0.58547199],5,6,"[0.5164739970238864, 0.5319253761973344]",-1,-1
10350,[0.41946537 0.51220616],3,0,"[0.383291892093257, 0.5586820702346661]",1439,-1
10351,[0.29442511 0.2510549 ],0,9,"[0.3110394802231661, 0.23517199738277297]",-1,-1
10352,[0.70617853 0.46636767],8,3,"[0.6815204869410737, 0.47689852788858716]",717,-1
10353,[0.19572737 0.29372556],0,5,"[0.23231087327800656, 0.30304944505444303]",933,-1
10354,[0.6404557  0.36880826],8,-1,-1,-1,-1
10355,[0.67960849 0.62672537],8,-1,-1,495,-1
10356,[0.7067044  0.64334226],9,-1,-1,-1,0
10357,[0.33050313 0.19813981],0,9,"[0.3110394802231661, 0.23517199738277297]",256,-1
10358,[0.32936697 0.2890565 ],0,9,"[0.3110394802231661, 0.23517199738277297]",-1,-1
10359,[0.42977579 0.62758038],3,-1,-1,483,-1
10360,[0.50071939 0.50608658],5,6,"[0.5164739970238864, 0.5319253761973344]",725,-1
10361,[0.43676336 0.59810766],5,0,"[0.383291892093257, 0.5586820702346661]",-1,-1
10362,[0.55661637 0.66202003],9,2,"[0.5921204552873188, 0.6383928111301557]",-1,-1
10363,[0.42879099 0.4103575 ],5,-1,-1,-1,-1
10364,[0.25177725 0.49913226],7,8,"[0.27392971195344684, 0.45973140540928376]",-1,-1
10365,[0.34754897 0.54245965],4,0,"[0.383291892093257, 0.5586820702346661]",-1,16
10366,[0.72653589 0.74254011],1,4,"[0.7726811996944247, 0.7249303226766757]",-1,0
10367,[0.624254   0.51996773],8,-1,-1,-1,-1
10368,[0.39620155 0.4198854 ],6,-1,-1,-1,-1
10369,[0.41034106 0.52153977],3,0,"[0.383291892093257, 0.5586820702346661]",1637,-1
10370,[0.23883401 0.5135346 ],7,8,"[0.27392971195344684, 0.45973140540928376]",1552,-1
10371,[0.47951779 0.55824905],5,6,"[0.5164739970238864, 0.5319253761973344]",-1,-1
10372,[0.31272655 0.35273262],0,-1,-1,-1,8
10373,[0.28123666 0.45906263],4,8,"[0.27392971195344684, 0.45973140540928376]",1243,-1
10374,[0.36740404 0.34795365],6,1,"[0.3897435781344088, 0.3417040596068965]",-1,-1
10375,[0.26341599 0.46774172],7,8,"[0.27392971195344684, 0.45973140540928376]",1595,-1
10376,[0.32609493 0.56728185],4,7,"[0.2817018170798153, 0.5849768676672948]",1976,-1
10377,[0.33679359 0.49619137],4,-1,-1,1880,-1
10378,[0.57493906 0.66414436],5,2,"[0.5921204552873188, 0.6383928111301557]",-1,-1
10379,[0.23918419 0.28665722],0,5,"[0.23231087327800656, 0.30304944505444303]",1531,-1
10380,[0.27077367 0.5259093 ],7,7,"[0.2817018170798153, 0.5849768676672948]",-1,-1
10381,[0.57097219 0.55589214],5,6,"[0.5164739970238864, 0.5319253761973344]",1362,-1
10382,[0.29494842 0.27148408],0,9,"[0.3110394802231661, 0.23517199738277297]",-1,-1
10383,[0.26495236 0.38174126],2,-1,-1,-1,-1
10384,[0.53022001 0.57114042],5,6,"[0.5164739970238864, 0.5319253761973344]",1371,-1
10385,[0.57808474 0.72467865],9,-1,-1,-1,-1
10386,[0.28377723 0.55283244],7,7,"[0.2817018170798153, 0.5849768676672948]",1912,-1
10387,[0.81227204 0.68492733],1,4,"[0.7726811996944247, 0.7249303226766757]",362,0
10388,[0.83541845 0.65560704],1,-1,-1,-1,0
10389,[0.23088215 0.257107  ],0,5,"[0.23231087327800656, 0.30304944505444303]",885,-1
10390,[0.35562574 0.27325046],6,9,"[0.3110394802231661, 0.23517199738277297]",1156,-1
10391,[0.39875416 0.55072834],7,0,"[0.383291892093257, 0.5586820702346661]",-1,-1
10392,[0.24248109 0.50181675],7,8,"[0.27392971195344684, 0.45973140540928376]",-1,-1
10393,[0.3309979  0.29355421],2,9,"[0.3110394802231661, 0.23517199738277297]",1658,-1
10394,[0.43653953 0.31975573],6,1,"[0.3897435781344088, 0.3417040596068965]",-1,-1
10395,[0.38848922 0.5427657 ],4,0,"[0.383291892093257, 0.5586820702346661]",1803,-1
10396,[0.81723013 0.7286613 ],1,4,"[0.7726811996944247, 0.7249303226766757]",456,0
10397,[0.27470486 0.51577241],7,8,"[0.27392971195344684, 0.45973140540928376]",1887,-1
10398,[0.283679 0.600796],7,7,"[0.2817018170798153, 0.5849768676672948]",-1,-1
10399,[0.42629553 0.53085581],3,0,"[0.383291892093257, 0.5586820702346661]",1469,-1
10400,[0.32923947 0.35681365],6,1,"[0.3897435781344088, 0.3417040596068965]",-1,-1
10401,[0.27515461 0.29525463],2,5,"[0.23231087327800656, 0.30304944505444303]",1654,-1
10402,[0.37730952 0.25985715],0,-1,-1,790,-1
10403,[0.38470427 0.24421109],0,-1,-1,-1,-1
10404,[0.19863007 0.60382918],7,-1,-1,-1,-1
10405,[0.26679861 0.17557073],0,-1,-1,239,-1
10406,[0.28225073 0.51123254],7,8,"[0.27392971195344684, 0.45973140540928376]",1835,-1
10407,[0.36683726 0.61070086],3,0,"[0.383291892093257, 0.5586820702346661]",-1,-1
10408,[0.23825529 0.19773908],0,-1,-1,-1,-1
10409,[0.46965707 0.65466763],5,-1,-1,-1,-1
10410,[0.30640378 0.53853836],7,7,"[0.2817018170798153, 0.5849768676672948]",-1,-1
10411,[0.2132179  0.30028621],2,5,"[0.23231087327800656, 0.30304944505444303]",909,-1
10412,[0.48014   0.2626251],6,-1,-1,-1,-1
10413,[0.26384514 0.3920568 ],0,8,"[0.27392971195344684, 0.45973140540928376]",945,-1
10414,[0.29262232 0.59331395],4,7,"[0.2817018170798153, 0.5849768676672948]",1810,-1
10415,[0.66985545 0.55521923],5,-1,-1,671,-1
10416,[0.32295352 0.19939432],2,9,"[0.3110394802231661, 0.23517199738277297]",-1,-1
10417,[0.68612531 0.41033906],8,3,"[0.6815204869410737, 0.47689852788858716]",-1,-1
10418,[0.88308669 0.76012258],1,-1,-1,-1,-1
10419,[0.25165379 0.46716739],7,8,"[0.27392971195344684, 0.45973140540928376]",-1,-1
10420,[0.35264628 0.32014403],2,1,"[0.3897435781344088, 0.3417040596068965]",-1,-1
10421,[0.25418692 0.49691047],3,8,"[0.27392971195344684, 0.45973140540928376]",1775,-1
10422,[0.35690407 0.61555309],4,0,"[0.383291892093257, 0.5586820702346661]",1821,-1
10423,[0.65923178 0.74953182],9,-1,-1,-1,-1
10424,[0.4971257  0.54117808],5,6,"[0.5164739970238864, 0.5319253761973344]",-1,-1
10425,[0.32602805 0.5364063 ],7,0,"[0.383291892093257, 0.5586820702346661]",1933,-1
10426,[0.63985863 0.39803953],8,-1,-1,-1,-1
10427,[0.35219395 0.28838645],0,1,"[0.3897435781344088, 0.3417040596068965]",-1,-1
10428,[0.42409209 0.59212282],4,0,"[0.383291892093257, 0.5586820702346661]",1702,-1
10429,[0.58892244 0.39157742],8,-1,-1,-1,-1
10430,[0.39321896 0.31970561],6,1,"[0.3897435781344088, 0.3417040596068965]",-1,-1
10431,[0.17671274 0.36120531],2,-1,-1,-1,-1
10432,[0.56853964 0.66504753],9,2,"[0.5921204552873188, 0.6383928111301557]",-1,-1
10433,[0.36914977 0.26704954],0,9,"[0.3110394802231661, 0.23517199738277297]",-1,-1
10434,[0.6718536  0.41865401],8,3,"[0.6815204869410737, 0.47689852788858716]",-1,-1
10435,[0.43460867 0.58168582],4,0,"[0.383291892093257, 0.5586820702346661]",-1,-1
10436,[0.24240198 0.32050761],0,5,"[0.23231087327800656, 0.30304944505444303]",1494,7
10437,[0.2492845  0.57220186],3,7,"[0.2817018170798153, 0.5849768676672948]",1563,-1
10438,[0.33441229 0.5154111 ],4,0,"[0.383291892093257, 0.5586820702346661]",1892,-1
10439,[0.28868981 0.55888825],4,7,"[0.2817018170798153, 0.5849768676672948]",1908,13
10440,[0.3319779  0.32548742],2,1,"[0.3897435781344088, 0.3417040596068965]",-1,-1
10441,[0.78837541 0.46735622],8,-1,-1,-1,-1
10442,[0.25840758 0.40611698],2,8,"[0.27392971195344684, 0.45973140540928376]",1008,-1
10443,[0.21242511 0.27579508],0,5,"[0.23231087327800656, 0.30304944505444303]",-1,-1
10444,[0.3863591  0.55461469],7,0,"[0.383291892093257, 0.5586820702346661]",-1,-1
10445,[0.61766064 0.65516163],9,2,"[0.5921204552873188, 0.6383928111301557]",-1,-1
10446,[0.35705718 0.65695986],3,-1,-1,576,-1
10447,[0.46566808 0.50924759],7,6,"[0.5164739970238864, 0.5319253761973344]",-1,-1
10448,[0.38074777 0.2690624 ],6,-1,-1,-1,-1
10449,[0.36667128 0.33837784],6,1,"[0.3897435781344088, 0.3417040596068965]",-1,-1
10450,[0.37193816 0.28204741],2,1,"[0.3897435781344088, 0.3417040596068965]",-1,-1
10451,[0.521207   0.47366744],5,6,"[0.5164739970238864, 0.5319253761973344]",604,-1
10452,[0.31104939 0.55798694],4,7,"[0.2817018170798153, 0.5849768676672948]",-1,-1
10453,[0.32873203 0.48889336],3,8,"[0.27392971195344684, 0.45973140540928376]",1827,-1
10454,[0.33674501 0.53423544],3,0,"[0.383291892093257, 0.5586820702346661]",1948,16
10455,[0.32992814 0.3089528 ],2,1,"[0.3897435781344088, 0.3417040596068965]",-1,-1
10456,[0.18968856 0.45998396],7,-1,-1,-1,-1
10457,[0.53749041 0.43499183],5,-1,-1,-1,-1
10458,[0.34092586 0.53672973],3,0,"[0.383291892093257, 0.5586820702346661]",1954,16
10459,[0.28398513 0.30744397],0,5,"[0.23231087327800656, 0.30304944505444303]",1578,-1
10460,[0.21692456 0.28351762],0,5,"[0.23231087327800656, 0.30304944505444303]",1114,-1
10461,[0.77427919 0.73844316],1,4,"[0.7726811996944247, 0.7249303226766757]",-1,0
10462,[0.52078315 0.64182226],9,-1,-1,-1,-1
10463,[0.39347015 0.6182    ],3,0,"[0.383291892093257, 0.5586820702346661]",1721,-1
10464,[0.22086778 0.56428321],4,7,"[0.2817018170798153, 0.5849768676672948]",690,-1
10465,[0.22318724 0.39874373],2,-1,-1,502,-1
10466,[0.270827   0.34477802],0,5,"[0.23231087327800656, 0.30304944505444303]",1592,-1
10467,[0.63526022 0.71284949],9,-1,-1,283,-1
10468,[0.60522512 0.49749882],8,-1,-1,843,-1
10469,[0.20114238 0.3927963 ],2,-1,-1,193,-1
10470,[0.30531584 0.60128563],7,7,"[0.2817018170798153, 0.5849768676672948]",1820,-1
10471,[0.63219569 0.79631017],9,-1,-1,-1,-1
10472,[0.2675279  0.48960801],7,8,"[0.27392971195344684, 0.45973140540928376]",-1,-1
10473,[0.37540961 0.13910175],0,-1,-1,-1,-1
10474,[0.56447742 0.55971027],9,6,"[0.5164739970238864, 0.5319253761973344]",1362,-1
10475,[0.36386934 0.57086108],7,0,"[0.383291892093257, 0.5586820702346661]",1850,-1
10476,[0.77483246 0.77527649],1,4,"[0.7726811996944247, 0.7249303226766757]",410,0
10477,[0.81814054 0.48564054],8,-1,-1,16,-1
10478,[0.63417419 0.42930314],8,3,"[0.6815204869410737, 0.47689852788858716]",-1,-1
10479,[0.35756344 0.29995643],6,1,"[0.3897435781344088, 0.3417040596068965]",1537,-1
10480,[0.24557228 0.40591847],2,8,"[0.27392971195344684, 0.45973140540928376]",-1,-1
10481,[0.58301813 0.73017439],9,-1,-1,-1,-1
10482,[0.3409333  0.59125708],3,0,"[0.383291892093257, 0.5586820702346661]",1834,-1
10483,[0.66236333 0.64461479],1,-1,-1,-1,-1
10484,[0.17130146 0.28842788],0,5,"[0.23231087327800656, 0.30304944505444303]",726,-1
10485,[0.44053864 0.71295666],9,-1,-1,-1,-1
10486,[0.34007628 0.62448957],3,-1,-1,1695,-1
10487,[0.38480611 0.52286203],4,0,"[0.383291892093257, 0.5586820702346661]",1777,-1
10488,[0.36082205 0.31579784],6,1,"[0.3897435781344088, 0.3417040596068965]",-1,-1
10489,[0.44338979 0.49142928],3,-1,-1,-1,-1
10490,[0.13635341 0.42661776],2,-1,-1,-1,-1
10491,[0.58703536 0.51993094],5,-1,-1,1102,-1
10492,[0.25855137 0.5160348 ],4,8,"[0.27392971195344684, 0.45973140540928376]",1785,-1
10493,[0.66886304 0.6951842 ],9,-1,-1,-1,-1
10494,[0.45705577 0.34241995],6,1,"[0.3897435781344088, 0.3417040596068965]",531,-1
10495,[0.15798555 0.35338057],2,-1,-1,64,-1
10496,[0.28140458 0.17956652],0,9,"[0.3110394802231661, 0.23517199738277297]",355,-1
10497,[0.52177225 0.49909906],5,6,"[0.5164739970238864, 0.5319253761973344]",1097,-1
10498,[0.74735036 0.68167263],1,4,"[0.7726811996944247, 0.7249303226766757]",439,0
10499,[0.56973114 0.52586883],5,6,"[0.5164739970238864, 0.5319253761973344]",-1,-1
10500,[0.68656581 0.65897056],1,-1,-1,482,0
10501,[0.81353612 0.65754876],1,-1,-1,255,0
10502,[0.59887771 0.59358916],9,2,"[0.5921204552873188, 0.6383928111301557]",1318,-1
10503,[0.42330801 0.33096791],6,1,"[0.3897435781344088, 0.3417040596068965]",-1,-1
10504,[0.23911412 0.28175059],0,5,"[0.23231087327800656, 0.30304944505444303]",1531,-1
10505,[0.26217405 0.20789781],0,9,"[0.3110394802231661, 0.23517199738277297]",-1,-1
10506,[0.25924203 0.49057763],7,8,"[0.27392971195344684, 0.45973140540928376]",-1,-1
10507,[0.377897   0.27143968],6,-1,-1,1073,-1
10508,[0.20111976 0.2584769 ],0,5,"[0.23231087327800656, 0.30304944505444303]",1012,-1
10509,[0.25802965 0.48420044],2,8,"[0.27392971195344684, 0.45973140540928376]",1709,-1
10510,[0.78014465 0.72413282],1,4,"[0.7726811996944247, 0.7249303226766757]",-1,0
10511,[0.25087066 0.25089198],0,5,"[0.23231087327800656, 0.30304944505444303]",1313,-1
10512,[0.21272544 0.53919412],7,-1,-1,-1,-1
10513,[0.49261796 0.52759789],5,6,"[0.5164739970238864, 0.5319253761973344]",-1,-1
10514,[0.45652933 0.27694142],6,-1,-1,-1,-1
10515,[0.32739308 0.68331345],3,-1,-1,156,-1
10516,[0.72424399 0.45465807],8,3,"[0.6815204869410737, 0.47689852788858716]",693,-1
10517,[0.54080405 0.53232826],9,6,"[0.5164739970238864, 0.5319253761973344]",1150,-1
10518,[0.55802182 0.55172771],9,6,"[0.5164739970238864, 0.5319253761973344]",-1,-1
10519,[0.26742101 0.4971655 ],7,8,"[0.27392971195344684, 0.45973140540928376]",1778,-1
10520,[0.41621907 0.6991358 ],3,-1,-1,-1,-1
10521,[0.36917526 0.51294498],7,0,"[0.383291892093257, 0.5586820702346661]",-1,-1
10522,[0.31822403 0.41816129],7,8,"[0.27392971195344684, 0.45973140540928376]",1017,-1
10523,[0.78162296 0.77353944],1,4,"[0.7726811996944247, 0.7249303226766757]",407,0
10524,[0.56504618 0.62074007],9,2,"[0.5921204552873188, 0.6383928111301557]",1284,-1
10525,[0.36652285 0.3947862 ],6,1,"[0.3897435781344088, 0.3417040596068965]",-1,-1
10526,[0.78614149 0.77769363],1,4,"[0.7726811996944247, 0.7249303226766757]",-1,0
10527,[0.20867319 0.54942837],7,-1,-1,644,-1
10528,[0.34655058 0.36776708],2,1,"[0.3897435781344088, 0.3417040596068965]",1079,-1
10529,[0.39445022 0.56995009],4,0,"[0.383291892093257, 0.5586820702346661]",-1,-1
10530,[0.78804539 0.66682873],1,4,"[0.7726811996944247, 0.7249303226766757]",326,0
10531,[0.3247504  0.56934386],3,7,"[0.2817018170798153, 0.5849768676672948]",1976,-1
10532,[0.39516891 0.61674076],3,0,"[0.383291892093257, 0.5586820702346661]",-1,-1
10533,[0.54291919 0.5530053 ],5,6,"[0.5164739970238864, 0.5319253761973344]",1406,6
10534,[0.61876367 0.49109087],5,3,"[0.6815204869410737, 0.47689852788858716]",789,-1
10535,[0.39076516 0.45561943],4,-1,-1,584,-1
10536,[0.31258807 0.42601444],6,8,"[0.27392971195344684, 0.45973140540928376]",-1,-1
10537,[0.50750532 0.49091667],5,6,"[0.5164739970238864, 0.5319253761973344]",605,-1
10538,[0.39460392 0.25019305],6,-1,-1,850,-1
10539,[0.53564533 0.68952323],9,-1,-1,555,-1
10540,[0.44361093 0.66355105],9,-1,-1,-1,-1
10541,[0.23369045 0.37147369],2,5,"[0.23231087327800656, 0.30304944505444303]",1085,-1
10542,[0.7336113 0.4364894],8,3,"[0.6815204869410737, 0.47689852788858716]",317,-1
10543,[0.31023582 0.57096804],4,7,"[0.2817018170798153, 0.5849768676672948]",1925,-1
10544,[0.58401261 0.43467935],5,-1,-1,-1,-1
10545,[0.42304657 0.32542624],6,1,"[0.3897435781344088, 0.3417040596068965]",-1,-1
10546,[0.48837113 0.63378415],5,-1,-1,647,-1
10547,[0.35325163 0.37835278],2,1,"[0.3897435781344088, 0.3417040596068965]",1078,-1
10548,[0.68629275 0.46470193],8,3,"[0.6815204869410737, 0.47689852788858716]",813,2
10549,[0.6474004  0.62972149],9,2,"[0.5921204552873188, 0.6383928111301557]",1158,-1
10550,[0.32237837 0.19689433],0,9,"[0.3110394802231661, 0.23517199738277297]",292,-1
10551,[0.33443468 0.49959139],4,-1,-1,1880,-1
10552,[0.36356795 0.58613007],3,0,"[0.383291892093257, 0.5586820702346661]",1847,-1
10553,[0.73804313 0.79821161],1,-1,-1,-1,0
10554,[0.19341818 0.20659192],0,-1,-1,-1,-1
10555,[0.19882733 0.57697201],7,-1,-1,-1,-1
10556,[0.76027361 0.49955854],8,-1,-1,188,-1
10557,[0.28188658 0.47727335],7,8,"[0.27392971195344684, 0.45973140540928376]",1799,-1
10558,[0.36070091 0.53742802],7,0,"[0.383291892093257, 0.5586820702346661]",1944,-1
10559,[0.29619568 0.35173408],2,-1,-1,-1,-1
10560,[0.34048745 0.61639862],5,7,"[0.2817018170798153, 0.5849768676672948]",-1,-1
10561,[0.56318008 0.54252659],5,6,"[0.5164739970238864, 0.5319253761973344]",-1,6
10562,[0.22970504 0.37015785],2,5,"[0.23231087327800656, 0.30304944505444303]",1085,-1
10563,[0.59890733 0.50112526],8,-1,-1,843,-1
10564,[0.30865549 0.47935754],7,8,"[0.27392971195344684, 0.45973140540928376]",1873,-1
10565,[0.25510812 0.50949652],4,8,"[0.27392971195344684, 0.45973140540928376]",1786,-1
10566,[0.55214266 0.3039654 ],6,-1,-1,-1,-1
10567,[0.4166649  0.38378081],6,1,"[0.3897435781344088, 0.3417040596068965]",763,-1
10568,[0.14386681 0.33402585],0,-1,-1,-1,-1
10569,[0.24095305 0.54936325],4,7,"[0.2817018170798153, 0.5849768676672948]",1481,-1
10570,[0.20508249 0.10173895],0,-1,-1,-1,-1
10571,[0.28227788 0.32352348],0,5,"[0.23231087327800656, 0.30304944505444303]",1585,-1
10572,[0.3264473 0.2861888],2,9,"[0.3110394802231661, 0.23517199738277297]",1520,-1
10573,[0.57612189 0.57406702],9,2,"[0.5921204552873188, 0.6383928111301557]",-1,-1
10574,[0.2321038 0.2226773],0,-1,-1,-1,-1
10575,[0.68320594 0.51011454],8,3,"[0.6815204869410737, 0.47689852788858716]",-1,-1
10576,[0.32687541 0.58537135],3,7,"[0.2817018170798153, 0.5849768676672948]",-1,-1
10577,[0.32886578 0.58449976],3,7,"[0.2817018170798153, 0.5849768676672948]",-1,-1
10578,[0.25995751 0.58129659],7,7,"[0.2817018170798153, 0.5849768676672948]",-1,-1
10579,[0.41565978 0.54807049],7,0,"[0.383291892093257, 0.5586820702346661]",-1,-1
10580,[0.5303508  0.65670609],9,2,"[0.5921204552873188, 0.6383928111301557]",1199,-1
10581,[0.41120956 0.56632557],5,0,"[0.383291892093257, 0.5586820702346661]",-1,-1
10582,[0.24674763 0.39203881],2,-1,-1,-1,-1
10583,[0.7884264  0.68818001],1,4,"[0.7726811996944247, 0.7249303226766757]",448,0
10584,[0.58079673 0.49773014],8,-1,-1,-1,-1
10585,[0.78156281 0.71666672],1,4,"[0.7726811996944247, 0.7249303226766757]",477,0
10586,[0.20774303 0.30508151],0,5,"[0.23231087327800656, 0.30304944505444303]",685,-1
10587,[0.25382341 0.57253831],4,7,"[0.2817018170798153, 0.5849768676672948]",1562,-1
10588,[0.20516937 0.42148393],7,-1,-1,-1,-1
10589,[0.77088557 0.5397916 ],8,-1,-1,84,-1
10590,[0.44042027 0.37056989],6,1,"[0.3897435781344088, 0.3417040596068965]",553,-1
10591,[0.25137351 0.562962  ],7,7,"[0.2817018170798153, 0.5849768676672948]",-1,-1
10592,[0.32145547 0.38836537],7,-1,-1,1426,-1
10593,[0.67190018 0.62900102],1,-1,-1,-1,-1
10594,[0.82519306 0.75598926],1,4,"[0.7726811996944247, 0.7249303226766757]",368,0
10595,[0.73021518 0.50936663],5,3,"[0.6815204869410737, 0.47689852788858716]",-1,-1
10596,[0.64807321 0.45118352],8,3,"[0.6815204869410737, 0.47689852788858716]",-1,-1
10597,[0.41036031 0.57894517],4,0,"[0.383291892093257, 0.5586820702346661]",1715,-1
10598,[0.71919114 0.51587479],8,3,"[0.6815204869410737, 0.47689852788858716]",573,-1
10599,[0.42834447 0.31035316],2,1,"[0.3897435781344088, 0.3417040596068965]",-1,-1
10600,[0.60674503 0.64350698],9,2,"[0.5921204552873188, 0.6383928111301557]",1332,-1
10601,[0.5753928  0.73650085],9,-1,-1,-1,-1
10602,[0.26251391 0.29109392],2,5,"[0.23231087327800656, 0.30304944505444303]",1645,-1
10603,[0.35498295 0.49603315],7,0,"[0.383291892093257, 0.5586820702346661]",1871,-1
10604,[0.28107774 0.48474767],7,8,"[0.27392971195344684, 0.45973140540928376]",1728,-1
10605,[0.29272495 0.44488458],3,8,"[0.27392971195344684, 0.45973140540928376]",1240,-1
10606,[0.49431423 0.56232877],9,6,"[0.5164739970238864, 0.5319253761973344]",1183,-1
10607,[0.3196124  0.24052949],2,9,"[0.3110394802231661, 0.23517199738277297]",1490,-1
10608,[0.34331356 0.32842727],2,1,"[0.3897435781344088, 0.3417040596068965]",-1,-1
10609,[0.25649437 0.2881433 ],2,5,"[0.23231087327800656, 0.30304944505444303]",-1,-1
10610,[0.34109083 0.60355121],3,0,"[0.383291892093257, 0.5586820702346661]",1861,-1
10611,[0.67818971 0.7093583 ],9,-1,-1,-1,0
10612,[0.3922213  0.31574255],6,1,"[0.3897435781344088, 0.3417040596068965]",1050,-1
10613,[0.25852924 0.52277053],3,8,"[0.27392971195344684, 0.45973140540928376]",1727,-1
10614,[0.24710427 0.5088871 ],4,8,"[0.27392971195344684, 0.45973140540928376]",1759,-1
10615,[0.27315469 0.32564981],0,5,"[0.23231087327800656, 0.30304944505444303]",1585,9
10616,[0.15585795 0.40839172],2,-1,-1,134,-1
10617,[0.36885166 0.26149444],6,9,"[0.3110394802231661, 0.23517199738277297]",1101,-1
10618,[0.31540768 0.35364663],6,-1,-1,1633,8
10619,[0.35683842 0.32502588],2,1,"[0.3897435781344088, 0.3417040596068965]",1407,-1
10620,[0.39605633 0.34585967],2,1,"[0.3897435781344088, 0.3417040596068965]",-1,-1
10621,[0.22391699 0.36610706],2,5,"[0.23231087327800656, 0.30304944505444303]",-1,-1
10622,[0.55811226 0.60232394],9,2,"[0.5921204552873188, 0.6383928111301557]",1342,-1
10623,[0.33138153 0.24840724],0,9,"[0.3110394802231661, 0.23517199738277297]",1489,-1
10624,[0.22633556 0.48494188],7,8,"[0.27392971195344684, 0.45973140540928376]",-1,-1
10625,[0.34672353 0.25998939],0,9,"[0.3110394802231661, 0.23517199738277297]",-1,-1
10626,[0.50358995 0.58979406],5,6,"[0.5164739970238864, 0.5319253761973344]",1093,-1
10627,[0.53821481 0.48577461],5,6,"[0.5164739970238864, 0.5319253761973344]",927,-1
10628,[0.92430541 0.75688347],1,-1,-1,-1,-1
10629,[0.60405343 0.52006105],8,-1,-1,-1,-1
10630,[0.29589901 0.56772734],4,7,"[0.2817018170798153, 0.5849768676672948]",-1,-1
10631,[0.49019146 0.36050314],6,-1,-1,208,-1
10632,[0.42385251 0.33756411],6,1,"[0.3897435781344088, 0.3417040596068965]",974,-1
10633,[0.32871494 0.64995268],4,-1,-1,614,-1
10634,[0.42391791 0.23789297],6,-1,-1,-1,-1
10635,[0.45607635 0.52808959],5,6,"[0.5164739970238864, 0.5319253761973344]",1305,-1
10636,[0.5697357  0.60888852],9,2,"[0.5921204552873188, 0.6383928111301557]",-1,6
10637,[0.59921557 0.44591551],8,-1,-1,616,-1
10638,[0.37933812 0.28672431],0,1,"[0.3897435781344088, 0.3417040596068965]",1027,-1
10639,[0.81764275 0.67940087],1,4,"[0.7726811996944247, 0.7249303226766757]",-1,0
10640,[0.24386659 0.56029735],7,7,"[0.2817018170798153, 0.5849768676672948]",-1,-1
10641,[0.33108571 0.69373893],3,-1,-1,-1,-1
10642,[0.59230447 0.45913861],5,-1,-1,607,-1
10643,[0.21286027 0.45117897],2,8,"[0.27392971195344684, 0.45973140540928376]",-1,-1
10644,[0.2961126  0.50162127],7,8,"[0.27392971195344684, 0.45973140540928376]",-1,-1
10645,[0.3359418  0.49426065],4,-1,-1,1880,-1
10646,[0.50613229 0.6659474 ],9,-1,-1,-1,-1
10647,[0.39139335 0.23792368],6,-1,-1,-1,-1
10648,[0.20521233 0.29538692],0,5,"[0.23231087327800656, 0.30304944505444303]",-1,-1
10649,[0.80128711 0.60517156],1,-1,-1,-1,-1
10650,[0.64985341 0.65244127],1,2,"[0.5921204552873188, 0.6383928111301557]",-1,-1
10651,[0.68843823 0.60503024],1,-1,-1,267,-1
10652,[0.2727363  0.47490922],7,8,"[0.27392971195344684, 0.45973140540928376]",1599,-1
10653,[0.28094105 0.63728471],3,7,"[0.2817018170798153, 0.5849768676672948]",588,-1
10654,[0.31020276 0.33557591],6,-1,-1,-1,8
10655,[0.3866377  0.40961216],6,1,"[0.3897435781344088, 0.3417040596068965]",-1,-1
10656,[0.80214015 0.69686709],1,4,"[0.7726811996944247, 0.7249303226766757]",353,0
10657,[0.80811861 0.68847736],1,4,"[0.7726811996944247, 0.7249303226766757]",362,0
10658,[0.3215586  0.34479084],0,1,"[0.3897435781344088, 0.3417040596068965]",-1,-1
10659,[0.76598116 0.55013057],8,-1,-1,-1,-1
10660,[0.64632792 0.71869747],9,-1,-1,-1,-1
10661,[0.46249724 0.23145762],6,-1,-1,-1,-1
10662,[0.82089116 0.68305664],1,4,"[0.7726811996944247, 0.7249303226766757]",361,0
10663,[0.50177491 0.52306025],5,6,"[0.5164739970238864, 0.5319253761973344]",-1,-1
10664,[0.62475354 0.51099317],8,3,"[0.6815204869410737, 0.47689852788858716]",-1,-1
10665,[0.289517   0.31024675],2,5,"[0.23231087327800656, 0.30304944505444303]",-1,-1
10666,[0.51122306 0.50818278],5,6,"[0.5164739970238864, 0.5319253761973344]",661,-1
10667,[0.37093031 0.31830003],6,1,"[0.3897435781344088, 0.3417040596068965]",-1,-1
10668,[0.39361692 0.5639199 ],4,0,"[0.383291892093257, 0.5586820702346661]",-1,-1
10669,[0.24207766 0.57295213],7,7,"[0.2817018170798153, 0.5849768676672948]",1357,-1
10670,[0.25503201 0.30608053],2,5,"[0.23231087327800656, 0.30304944505444303]",1639,-1
10671,[0.83849599 0.76102506],1,-1,-1,297,0
10672,[0.19921576 0.36554569],0,-1,-1,-1,-1
10673,[0.31610238 0.35353054],2,-1,-1,1633,8
10674,[0.59563702 0.50276662],9,-1,-1,-1,-1
10675,[0.28084517 0.49082962],7,8,"[0.27392971195344684, 0.45973140540928376]",1796,-1
10676,[0.74042961 0.69014633],1,4,"[0.7726811996944247, 0.7249303226766757]",440,0
10677,[0.29896138 0.57806092],3,7,"[0.2817018170798153, 0.5849768676672948]",1840,-1
10678,[0.27223029 0.51223498],7,8,"[0.27392971195344684, 0.45973140540928376]",1887,-1
10679,[0.24539167 0.28591602],2,5,"[0.23231087327800656, 0.30304944505444303]",1531,-1
10680,[0.67889321 0.37690651],8,-1,-1,159,-1
10681,[0.6274622  0.56342462],9,-1,-1,-1,-1
10682,[0.25801941 0.33908437],2,5,"[0.23231087327800656, 0.30304944505444303]",1538,-1
10683,[0.49330317 0.64009483],5,-1,-1,647,-1
10684,[0.50787688 0.58820151],5,6,"[0.5164739970238864, 0.5319253761973344]",1093,-1
10685,[0.46620297 0.63460916],9,-1,-1,-1,-1
10686,[0.38278941 0.28351374],6,1,"[0.3897435781344088, 0.3417040596068965]",1027,-1
10687,[0.20980096 0.40934925],2,-1,-1,202,-1
10688,[0.5174829  0.58361533],5,6,"[0.5164739970238864, 0.5319253761973344]",-1,6
10689,[0.34072475 0.36822096],6,1,"[0.3897435781344088, 0.3417040596068965]",-1,-1
10690,[0.40575891 0.57165252],4,0,"[0.383291892093257, 0.5586820702346661]",1737,-1
10691,[0.30749983 0.58001809],4,7,"[0.2817018170798153, 0.5849768676672948]",-1,-1
10692,[0.26183585 0.6766495 ],4,-1,-1,-1,-1
10693,[0.90540934 0.76300612],1,-1,-1,-1,-1
10694,[0.86341048 0.77482142],1,-1,-1,-1,-1
10695,[0.4617515  0.55854148],3,6,"[0.5164739970238864, 0.5319253761973344]",-1,-1
10696,[0.36590669 0.56959932],3,0,"[0.383291892093257, 0.5586820702346661]",1849,-1
10697,[0.4044825  0.56341287],3,0,"[0.383291892093257, 0.5586820702346661]",-1,-1
10698,[0.74496943 0.65286871],1,-1,-1,-1,0
10699,[0.62060008 0.52649021],8,-1,-1,863,-1
10700,[0.42493724 0.31561278],6,1,"[0.3897435781344088, 0.3417040596068965]",978,-1
10701,[0.40250732 0.55396729],3,0,"[0.383291892093257, 0.5586820702346661]",1745,-1
10702,[0.45811582 0.5048996 ],3,6,"[0.5164739970238864, 0.5319253761973344]",753,-1
10703,[0.61407707 0.49491227],8,3,"[0.6815204869410737, 0.47689852788858716]",843,-1
10704,[0.34245152 0.62379373],4,-1,-1,-1,-1
10705,[0.62542667 0.47612225],8,3,"[0.6815204869410737, 0.47689852788858716]",-1,-1
10706,[0.39660527 0.52891157],3,0,"[0.383291892093257, 0.5586820702346661]",-1,-1
10707,[0.77595823 0.74894509],1,4,"[0.7726811996944247, 0.7249303226766757]",-1,0
10708,[0.3704572  0.22438079],6,9,"[0.3110394802231661, 0.23517199738277297]",484,-1
10709,[0.22650865 0.47906935],7,8,"[0.27392971195344684, 0.45973140540928376]",1022,-1
10710,[0.33474324 0.41503551],3,-1,-1,917,-1
10711,[0.62253897 0.48022848],8,3,"[0.6815204869410737, 0.47689852788858716]",-1,-1
10712,[0.19065635 0.39869413],2,-1,-1,-1,-1
10713,[0.68559825 0.47425438],8,3,"[0.6815204869410737, 0.47689852788858716]",809,2
10714,[0.2146224  0.48930802],7,8,"[0.27392971195344684, 0.45973140540928376]",-1,-1
10715,[0.35905357 0.49088224],3,-1,-1,1747,-1
10716,[0.68580174 0.52564755],8,3,"[0.6815204869410737, 0.47689852788858716]",786,-1
10717,[0.35080795 0.55432409],3,0,"[0.383291892093257, 0.5586820702346661]",-1,-1
10718,[0.78208726 0.81841839],1,-1,-1,163,0
10719,[0.61031298 0.48415425],8,-1,-1,837,-1
10720,[0.29822529 0.57795357],4,7,"[0.2817018170798153, 0.5849768676672948]",1840,-1
10721,[0.34128283 0.35339615],6,1,"[0.3897435781344088, 0.3417040596068965]",-1,-1
10722,[0.61795213 0.56323647],8,-1,-1,910,-1
10723,[0.27307352 0.25248819],2,9,"[0.3110394802231661, 0.23517199738277297]",-1,-1
10724,[0.53954426 0.64751123],9,2,"[0.5921204552873188, 0.6383928111301557]",-1,-1
10725,[0.31861006 0.45394172],3,8,"[0.27392971195344684, 0.45973140540928376]",1557,-1
10726,[0.32697833 0.4650483 ],4,8,"[0.27392971195344684, 0.45973140540928376]",-1,-1
10727,[0.31030848 0.17113184],0,9,"[0.3110394802231661, 0.23517199738277297]",-1,-1
10728,[0.32965594 0.5295023 ],3,0,"[0.383291892093257, 0.5586820702346661]",-1,-1
10729,[0.40285772 0.51667541],4,0,"[0.383291892093257, 0.5586820702346661]",-1,-1
10730,[0.48324882 0.25080442],6,-1,-1,-1,-1
10731,[0.27684605 0.27765338],2,5,"[0.23231087327800656, 0.30304944505444303]",1674,-1
10732,[0.18937587 0.36086573],2,-1,-1,-1,-1
10733,[0.25316698 0.37737705],2,-1,-1,-1,-1
10734,[0.24051569 0.64229957],4,-1,-1,-1,-1
10735,[0.57532727 0.5188434 ],5,6,"[0.5164739970238864, 0.5319253761973344]",1035,-1
10736,[0.20470478 0.22771929],0,-1,-1,-1,-1
10737,[0.22499841 0.24003869],2,5,"[0.23231087327800656, 0.30304944505444303]",946,-1
10738,[0.53730981 0.48467411],5,6,"[0.5164739970238864, 0.5319253761973344]",-1,-1
10739,[0.2030868  0.53456324],7,-1,-1,-1,-1
10740,[0.37536901 0.29527652],6,1,"[0.3897435781344088, 0.3417040596068965]",-1,-1
10741,[0.63354395 0.73808501],5,-1,-1,-1,-1
10742,[0.68833474 0.45570707],8,3,"[0.6815204869410737, 0.47689852788858716]",-1,-1
10743,[0.56410087 0.67943291],9,2,"[0.5921204552873188, 0.6383928111301557]",1034,-1
10744,[0.56040511 0.55254015],9,6,"[0.5164739970238864, 0.5319253761973344]",-1,-1
10745,[0.63128848 0.50790806],8,3,"[0.6815204869410737, 0.47689852788858716]",-1,1
10746,[0.33702644 0.55283487],7,0,"[0.383291892093257, 0.5586820702346661]",1957,17
10747,[0.63721596 0.46009406],5,3,"[0.6815204869410737, 0.47689852788858716]",625,-1
10748,[0.25913995 0.6100118 ],3,7,"[0.2817018170798153, 0.5849768676672948]",-1,-1
10749,[0.4442904  0.60038369],3,-1,-1,-1,-1
10750,[0.66312482 0.61742606],9,-1,-1,-1,-1
10751,[0.72905158 0.62408442],1,-1,-1,131,0
10752,[0.21585964 0.57339245],7,7,"[0.2817018170798153, 0.5849768676672948]",-1,-1
10753,[0.83820076 0.73485771],1,4,"[0.7726811996944247, 0.7249303226766757]",342,0
10754,[0.35588039 0.45549613],7,-1,-1,860,-1
10755,[0.24204336 0.24616563],0,5,"[0.23231087327800656, 0.30304944505444303]",-1,-1
10756,[0.73746884 0.50298328],8,3,"[0.6815204869410737, 0.47689852788858716]",568,-1
10757,[0.2381835  0.27207342],0,5,"[0.23231087327800656, 0.30304944505444303]",1363,-1
10758,[0.67210878 0.52352705],9,3,"[0.6815204869410737, 0.47689852788858716]",-1,-1
10759,[0.22507599 0.41354767],7,8,"[0.27392971195344684, 0.45973140540928376]",499,-1
10760,[0.30033474 0.2929655 ],6,9,"[0.3110394802231661, 0.23517199738277297]",-1,11
10761,[0.31171273 0.21293469],6,9,"[0.3110394802231661, 0.23517199738277297]",-1,-1
10762,[0.70404252 0.63051786],9,-1,-1,234,-1
10763,[0.35343992 0.64916068],4,-1,-1,576,-1
10764,[0.2481266  0.51934531],4,8,"[0.27392971195344684, 0.45973140540928376]",-1,-1
10765,[0.37023344 0.5275238 ],4,0,"[0.383291892093257, 0.5586820702346661]",1934,-1
10766,[0.35587884 0.45493962],7,-1,-1,860,-1
10767,[0.47271588 0.38214617],6,-1,-1,321,-1
10768,[0.56844901 0.59916508],9,2,"[0.5921204552873188, 0.6383928111301557]",-1,-1
10769,[0.62010123 0.44819181],8,3,"[0.6815204869410737, 0.47689852788858716]",621,-1
10770,[0.30799066 0.59520246],7,7,"[0.2817018170798153, 0.5849768676672948]",1820,-1
10771,[0.55882381 0.63345068],9,2,"[0.5921204552873188, 0.6383928111301557]",1278,6
10772,[0.28087588 0.29058739],0,5,"[0.23231087327800656, 0.30304944505444303]",1687,11
10773,[0.34306498 0.48261004],7,-1,-1,1891,-1
10774,[0.42822871 0.47330263],3,-1,-1,-1,-1
10775,[0.39031032 0.31531755],0,1,"[0.3897435781344088, 0.3417040596068965]",1050,-1
10776,[0.42213965 0.63244211],3,-1,-1,-1,-1
10777,[0.27465628 0.20181775],0,9,"[0.3110394802231661, 0.23517199738277297]",648,-1
10778,[0.2799635  0.61603565],3,7,"[0.2817018170798153, 0.5849768676672948]",-1,-1
10779,[0.29382041 0.2124054 ],0,9,"[0.3110394802231661, 0.23517199738277297]",1016,-1
10780,[0.30905123 0.48113142],3,8,"[0.27392971195344684, 0.45973140540928376]",1873,-1
10781,[0.37645362 0.56236724],4,0,"[0.383291892093257, 0.5586820702346661]",-1,-1
10782,[0.43504226 0.27503466],6,-1,-1,532,-1
10783,[0.27414158 0.36703436],2,-1,-1,-1,-1
10784,[0.13028434 0.36247311],0,-1,-1,-1,-1
10785,[0.78367278 0.64900341],1,-1,-1,329,0
10786,[0.36480077 0.31758761],2,1,"[0.3897435781344088, 0.3417040596068965]",-1,-1
10787,[0.22339073 0.33090653],0,5,"[0.23231087327800656, 0.30304944505444303]",1338,-1
10788,[0.86445095 0.75326654],1,-1,-1,130,0
10789,[0.5287104  0.43434329],5,-1,-1,146,-1
10790,[0.27891665 0.39525886],2,8,"[0.27392971195344684, 0.45973140540928376]",1066,-1
10791,[0.33766239 0.44537202],7,8,"[0.27392971195344684, 0.45973140540928376]",-1,-1
10792,[0.36283855 0.59444108],3,0,"[0.383291892093257, 0.5586820702346661]",1836,-1
10793,[0.37450665 0.36220671],6,1,"[0.3897435781344088, 0.3417040596068965]",1088,-1
10794,[0.27541139 0.55936349],3,7,"[0.2817018170798153, 0.5849768676672948]",1875,-1
10795,[0.32806433 0.57923922],3,7,"[0.2817018170798153, 0.5849768676672948]",1980,-1
10796,[0.51578052 0.61927487],9,-1,-1,1144,-1
10797,[0.318088   0.19608822],0,9,"[0.3110394802231661, 0.23517199738277297]",292,-1
10798,[0.46263068 0.69841857],4,-1,-1,-1,-1
10799,[0.63154254 0.58073235],5,2,"[0.5921204552873188, 0.6383928111301557]",1194,-1
10800,[0.43539975 0.59758432],3,0,"[0.383291892093257, 0.5586820702346661]",-1,-1
10801,[0.51174543 0.68992601],5,-1,-1,274,-1
10802,[0.24111521 0.26682383],2,5,"[0.23231087327800656, 0.30304944505444303]",-1,-1
10803,[0.3223477  0.54290839],7,7,"[0.2817018170798153, 0.5849768676672948]",-1,-1
10804,[0.15497474 0.56463787],7,-1,-1,35,-1
10805,[0.62707501 0.54268076],5,-1,-1,-1,-1
10806,[0.35428532 0.30674494],2,1,"[0.3897435781344088, 0.3417040596068965]",-1,-1
10807,[0.39811065 0.49398054],3,0,"[0.383291892093257, 0.5586820702346661]",-1,-1
10808,[0.41258368 0.57458125],4,0,"[0.383291892093257, 0.5586820702346661]",-1,-1
10809,[0.33656332 0.41620594],7,-1,-1,917,-1
10810,[0.33716727 0.45084546],3,8,"[0.27392971195344684, 0.45973140540928376]",1387,-1
10811,[0.71920553 0.43768423],8,3,"[0.6815204869410737, 0.47689852788858716]",-1,-1
10812,[0.75947321 0.48505284],8,-1,-1,-1,-1
10813,[0.66415692 0.66440608],1,-1,-1,638,-1
10814,[0.66205616 0.39859341],8,-1,-1,-1,-1
10815,[0.18384489 0.38056532],0,-1,-1,-1,-1
10816,[0.32587963 0.41299638],6,8,"[0.27392971195344684, 0.45973140540928376]",-1,-1
10817,[0.27538643 0.34729299],2,5,"[0.23231087327800656, 0.30304944505444303]",-1,-1
10818,[0.61875905 0.6702718 ],5,2,"[0.5921204552873188, 0.6383928111301557]",1112,-1
10819,[0.79215131 0.75929493],1,4,"[0.7726811996944247, 0.7249303226766757]",377,0
10820,[0.75904906 0.66007399],1,4,"[0.7726811996944247, 0.7249303226766757]",379,0
10821,[0.27550185 0.49346207],4,8,"[0.27392971195344684, 0.45973140540928376]",1794,-1
10822,[0.24587637 0.33116768],2,5,"[0.23231087327800656, 0.30304944505444303]",-1,-1
10823,[0.65197092 0.51042438],8,3,"[0.6815204869410737, 0.47689852788858716]",781,-1
10824,[0.51130566 0.6303744 ],9,-1,-1,934,-1
10825,[0.33756387 0.50991345],7,0,"[0.383291892093257, 0.5586820702346661]",1880,-1
10826,[0.24241895 0.52655705],7,-1,-1,-1,-1
10827,[0.21173793 0.47731227],7,8,"[0.27392971195344684, 0.45973140540928376]",-1,-1
10828,[0.84431879 0.81456977],1,-1,-1,-1,-1
10829,[0.45537034 0.53302329],9,6,"[0.5164739970238864, 0.5319253761973344]",-1,-1
10830,[0.80492548 0.84479636],1,-1,-1,38,-1
10831,[0.75782726 0.6243774 ],1,-1,-1,-1,-1
10832,[0.24321346 0.62864712],7,7,"[0.2817018170798153, 0.5849768676672948]",-1,-1
10833,[0.33047728 0.56751797],4,7,"[0.2817018170798153, 0.5849768676672948]",-1,-1
10834,[0.21753332 0.42060099],2,8,"[0.27392971195344684, 0.45973140540928376]",-1,-1
10835,[0.20844924 0.21681995],2,-1,-1,708,-1
10836,[0.36555963 0.49026488],4,-1,-1,-1,-1
10837,[0.35962287 0.56064573],3,0,"[0.383291892093257, 0.5586820702346661]",-1,-1
10838,[0.80429108 0.6007084 ],1,-1,-1,-1,-1
10839,[0.76380568 0.70692881],1,4,"[0.7726811996944247, 0.7249303226766757]",460,0
10840,[0.6961929  0.46584416],8,3,"[0.6815204869410737, 0.47689852788858716]",-1,-1
10841,[0.72473272 0.63199969],9,-1,-1,184,0
10842,[0.21564807 0.4545862 ],7,8,"[0.27392971195344684, 0.45973140540928376]",-1,-1
10843,[0.41453454 0.5039207 ],3,0,"[0.383291892093257, 0.5586820702346661]",1438,-1
10844,[0.50948826 0.58529336],5,6,"[0.5164739970238864, 0.5319253761973344]",-1,-1
10845,[0.26466003 0.48200187],4,8,"[0.27392971195344684, 0.45973140540928376]",-1,-1
10846,[0.33748441 0.31491851],6,1,"[0.3897435781344088, 0.3417040596068965]",1653,-1
10847,[0.29352031 0.55613541],3,7,"[0.2817018170798153, 0.5849768676672948]",-1,-1
10848,[0.81122389 0.59208187],1,-1,-1,-1,-1
10849,[0.3976758  0.30960617],6,1,"[0.3897435781344088, 0.3417040596068965]",-1,-1
10850,[0.56249512 0.68226471],9,2,"[0.5921204552873188, 0.6383928111301557]",-1,-1
10851,[0.72043783 0.75138662],1,4,"[0.7726811996944247, 0.7249303226766757]",-1,0
10852,[0.78558874 0.64636218],1,-1,-1,329,0
10853,[0.40861529 0.65367473],4,-1,-1,-1,-1
10854,[0.25219155 0.28248809],2,5,"[0.23231087327800656, 0.30304944505444303]",1530,-1
10855,[0.25155616 0.22140909],0,9,"[0.3110394802231661, 0.23517199738277297]",-1,-1
10856,[0.89305535 0.7051963 ],1,-1,-1,136,-1
10857,[0.24971538 0.38639264],7,-1,-1,1147,-1
10858,[0.78872669 0.8169852 ],1,-1,-1,-1,0
10859,[0.31744642 0.43831018],7,8,"[0.27392971195344684, 0.45973140540928376]",-1,-1
10860,[0.71097846 0.69901239],9,4,"[0.7726811996944247, 0.7249303226766757]",392,0
10861,[0.71555999 0.60484219],8,-1,-1,-1,-1
10862,[0.30803492 0.58452321],4,7,"[0.2817018170798153, 0.5849768676672948]",1967,-1
10863,[0.23532378 0.43040266],0,8,"[0.27392971195344684, 0.45973140540928376]",689,-1
10864,[0.69219975 0.42760312],8,3,"[0.6815204869410737, 0.47689852788858716]",597,-1
10865,[0.74715523 0.4893933 ],8,3,"[0.6815204869410737, 0.47689852788858716]",508,-1
10866,[0.77266627 0.644957  ],1,-1,-1,-1,0
10867,[0.52137201 0.42217048],5,-1,-1,-1,-1
10868,[0.19654751 0.67541084],7,-1,-1,8,-1
10869,[0.6060753 0.6279097],5,2,"[0.5921204552873188, 0.6383928111301557]",-1,-1
10870,[0.26067542 0.47874792],7,8,"[0.27392971195344684, 0.45973140540928376]",-1,-1
10871,[0.43002736 0.25144376],2,-1,-1,-1,-1
10872,[0.30354604 0.27929534],0,9,"[0.3110394802231661, 0.23517199738277297]",-1,-1
10873,[0.65327443 0.38598137],8,-1,-1,242,-1
10874,[0.54780048 0.49280373],5,6,"[0.5164739970238864, 0.5319253761973344]",846,-1
10875,[0.78176201 0.79252058],1,4,"[0.7726811996944247, 0.7249303226766757]",-1,0
10876,[0.63143905 0.42681956],8,-1,-1,-1,-1
10877,[0.80018079 0.67499054],1,4,"[0.7726811996944247, 0.7249303226766757]",359,0
10878,[0.34950141 0.55940522],3,0,"[0.383291892093257, 0.5586820702346661]",1956,-1
10879,[0.36466058 0.5610483 ],3,0,"[0.383291892093257, 0.5586820702346661]",1856,-1
10880,[0.52801519 0.59622361],5,6,"[0.5164739970238864, 0.5319253761973344]",1329,-1
10881,[0.53273201 0.54834278],4,6,"[0.5164739970238864, 0.5319253761973344]",1359,-1
10882,[0.2826247  0.57947279],7,7,"[0.2817018170798153, 0.5849768676672948]",1800,-1
10883,[0.24463213 0.61558057],4,7,"[0.2817018170798153, 0.5849768676672948]",-1,-1
10884,[0.40491199 0.55111164],4,0,"[0.383291892093257, 0.5586820702346661]",1745,-1
10885,[0.2915838  0.70128516],4,-1,-1,-1,-1
10886,[0.36178312 0.56211221],4,0,"[0.383291892093257, 0.5586820702346661]",1823,-1
10887,[0.70840917 0.56016805],8,-1,-1,-1,-1
10888,[0.27298229 0.35232543],2,5,"[0.23231087327800656, 0.30304944505444303]",1550,-1
10889,[0.54648237 0.50676511],5,6,"[0.5164739970238864, 0.5319253761973344]",906,-1
10890,[0.37001598 0.30297051],6,1,"[0.3897435781344088, 0.3417040596068965]",1472,-1
10891,[0.35919962 0.62151436],3,0,"[0.383291892093257, 0.5586820702346661]",-1,-1
10892,[0.7715987  0.73652491],1,4,"[0.7726811996944247, 0.7249303226766757]",-1,0
10893,[0.30051819 0.49967925],7,8,"[0.27392971195344684, 0.45973140540928376]",-1,-1
10894,[0.36525336 0.26579275],6,9,"[0.3110394802231661, 0.23517199738277297]",1156,-1
10895,[0.20890847 0.34572615],2,5,"[0.23231087327800656, 0.30304944505444303]",-1,-1
10896,[0.46449647 0.69073822],5,-1,-1,-1,-1
10897,[0.18143435 0.67539384],4,-1,-1,-1,-1
10898,[0.3036755  0.36711131],2,-1,-1,1594,-1
10899,[0.31792734 0.54524592],7,7,"[0.2817018170798153, 0.5849768676672948]",-1,17
10900,[0.55870882 0.6674336 ],9,2,"[0.5921204552873188, 0.6383928111301557]",-1,-1
10901,[0.45293379 0.54683545],3,6,"[0.5164739970238864, 0.5319253761973344]",1289,-1
10902,[0.58980401 0.56590931],5,-1,-1,-1,-1
10903,[0.70126377 0.53741837],8,3,"[0.6815204869410737, 0.47689852788858716]",559,-1
10904,[0.43201607 0.3398083 ],6,1,"[0.3897435781344088, 0.3417040596068965]",-1,-1
10905,[0.39432781 0.39365142],5,1,"[0.3897435781344088, 0.3417040596068965]",-1,-1
10906,[0.27608757 0.31417032],0,5,"[0.23231087327800656, 0.30304944505444303]",1585,-1
10907,[0.36948979 0.42774155],6,-1,-1,683,-1
10908,[0.74068226 0.57409719],8,-1,-1,110,-1
10909,[0.27692836 0.49446742],4,8,"[0.27392971195344684, 0.45973140540928376]",1794,-1
10910,[0.37102822 0.50363457],7,0,"[0.383291892093257, 0.5586820702346661]",-1,-1
10911,[0.24287873 0.38542714],0,-1,-1,912,-1
10912,[0.46282988 0.52819938],3,6,"[0.5164739970238864, 0.5319253761973344]",-1,-1
10913,[0.87674972 0.73549378],1,-1,-1,87,0
10914,[0.18731961 0.28021419],0,5,"[0.23231087327800656, 0.30304944505444303]",-1,-1
10915,[0.19711076 0.52341457],7,-1,-1,166,-1
10916,[0.69837758 0.42274724],8,3,"[0.6815204869410737, 0.47689852788858716]",-1,-1
10917,[0.67638965 0.45541119],8,3,"[0.6815204869410737, 0.47689852788858716]",735,-1
10918,[0.35723957 0.50164827],7,0,"[0.383291892093257, 0.5586820702346661]",-1,-1
10919,[0.80746354 0.71805252],1,4,"[0.7726811996944247, 0.7249303226766757]",456,0
10920,[0.55251876 0.35733423],5,-1,-1,14,-1
10921,[0.41046127 0.26304569],2,-1,-1,640,-1
10922,[0.5662498  0.61792437],9,2,"[0.5921204552873188, 0.6383928111301557]",-1,-1
10923,[0.28476075 0.17771179],0,9,"[0.3110394802231661, 0.23517199738277297]",355,-1
10924,[0.40575154 0.40286914],2,1,"[0.3897435781344088, 0.3417040596068965]",-1,-1
10925,[0.22087922 0.44565382],4,8,"[0.27392971195344684, 0.45973140540928376]",-1,-1
10926,[0.33456812 0.26895428],0,9,"[0.3110394802231661, 0.23517199738277297]",1030,-1
10927,[0.35733934 0.63633102],3,-1,-1,-1,-1
10928,[0.31113074 0.17916033],0,9,"[0.3110394802231661, 0.23517199738277297]",219,-1
10929,[0.16728434 0.53476762],7,-1,-1,-1,-1
10930,[0.42763241 0.3256302 ],6,1,"[0.3897435781344088, 0.3417040596068965]",-1,-1
10931,[0.62165553 0.58017198],9,2,"[0.5921204552873188, 0.6383928111301557]",1272,-1
10932,[0.76291849 0.41798199],8,-1,-1,75,-1
10933,[0.40001008 0.39680316],6,1,"[0.3897435781344088, 0.3417040596068965]",-1,-1
10934,[0.32201007 0.56365788],7,7,"[0.2817018170798153, 0.5849768676672948]",1977,17
10935,[0.3068568  0.37468382],2,-1,-1,1588,-1
10936,[0.46524604 0.3491158 ],2,-1,-1,531,-1
10937,[0.63230353 0.49051342],9,3,"[0.6815204869410737, 0.47689852788858716]",-1,-1
10938,[0.30862307 0.54978617],4,7,"[0.2817018170798153, 0.5849768676672948]",1987,17
10939,[0.18527787 0.53794349],7,-1,-1,-1,-1
10940,[0.4485054  0.54460253],5,0,"[0.383291892093257, 0.5586820702346661]",1295,-1
10941,[0.25901406 0.26566062],2,5,"[0.23231087327800656, 0.30304944505444303]",1533,-1
10942,[0.31343678 0.58397662],4,7,"[0.2817018170798153, 0.5849768676672948]",1967,-1
10943,[0.4707217  0.40718614],6,-1,-1,-1,-1
10944,[0.3733821  0.45923599],7,-1,-1,1054,-1
10945,[0.41939139 0.55621066],3,0,"[0.383291892093257, 0.5586820702346661]",-1,-1
10946,[0.65902973 0.62108677],8,2,"[0.5921204552873188, 0.6383928111301557]",-1,-1
10947,[0.43925389 0.60728403],9,-1,-1,-1,-1
10948,[0.69092031 0.54636494],8,-1,-1,-1,-1
10949,[0.44618787 0.3998521 ],6,-1,-1,-1,-1
10950,[0.31039874 0.54155495],3,7,"[0.2817018170798153, 0.5849768676672948]",1986,-1
10951,[0.41881354 0.23018825],6,-1,-1,-1,-1
10952,[0.25622986 0.37997415],7,-1,-1,1147,-1
10953,[0.61032262 0.68834441],1,2,"[0.5921204552873188, 0.6383928111301557]",-1,-1
10954,[0.6499956  0.72227986],9,-1,-1,280,-1
10955,[0.27024986 0.17553248],0,-1,-1,239,-1
10956,[0.43188518 0.53710192],5,0,"[0.383291892093257, 0.5586820702346661]",1134,-1
10957,[0.40239933 0.20802681],6,-1,-1,174,-1
10958,[0.20773827 0.40758066],7,-1,-1,202,-1
10959,[0.36142288 0.53193882],7,0,"[0.383291892093257, 0.5586820702346661]",-1,-1
10960,[0.30116371 0.43534512],2,8,"[0.27392971195344684, 0.45973140540928376]",1082,-1
10961,[0.20709371 0.27418079],0,5,"[0.23231087327800656, 0.30304944505444303]",-1,-1
10962,[0.34355556 0.39143359],7,1,"[0.3897435781344088, 0.3417040596068965]",992,-1
10963,[0.36783121 0.55811538],7,0,"[0.383291892093257, 0.5586820702346661]",-1,12
10964,[0.21241439 0.5801316 ],3,7,"[0.2817018170798153, 0.5849768676672948]",-1,-1
10965,[0.22628493 0.53883369],7,-1,-1,-1,-1
10966,[0.33259252 0.595638  ],4,7,"[0.2817018170798153, 0.5849768676672948]",-1,-1
10967,[0.39219229 0.46752482],7,-1,-1,583,-1
10968,[0.38023724 0.43242244],6,-1,-1,683,-1
10969,[0.37301693 0.30747274],2,1,"[0.3897435781344088, 0.3417040596068965]",1472,-1
10970,[0.21031436 0.28082505],0,5,"[0.23231087327800656, 0.30304944505444303]",-1,-1
10971,[0.34814595 0.5705395 ],7,0,"[0.383291892093257, 0.5586820702346661]",-1,17
10972,[0.31112339 0.56792563],4,7,"[0.2817018170798153, 0.5849768676672948]",-1,-1
10973,[0.34619352 0.57928031],4,0,"[0.383291892093257, 0.5586820702346661]",1842,-1
10974,[0.49518718 0.35936394],6,-1,-1,208,-1
10975,[0.71871351 0.48066776],8,3,"[0.6815204869410737, 0.47689852788858716]",779,-1
10976,[0.65592422 0.4403526 ],8,3,"[0.6815204869410737, 0.47689852788858716]",-1,-1
10977,[0.23396445 0.17755491],0,-1,-1,-1,-1
10978,[0.53726606 0.37513208],5,-1,-1,-1,-1
10979,[0.27877206 0.34550133],6,5,"[0.23231087327800656, 0.30304944505444303]",1459,-1
10980,[0.62148136 0.76670303],9,-1,-1,-1,-1
10981,[0.2581934  0.35062562],7,5,"[0.23231087327800656, 0.30304944505444303]",1587,-1
10982,[0.4819866  0.33563145],6,-1,-1,-1,-1
10983,[0.70610109 0.4711778 ],8,3,"[0.6815204869410737, 0.47689852788858716]",717,-1
10984,[0.31863326 0.53530174],4,7,"[0.2817018170798153, 0.5849768676672948]",1932,-1
10985,[0.68108007 0.3841722 ],8,-1,-1,159,-1
10986,[0.58502634 0.64017408],5,2,"[0.5921204552873188, 0.6383928111301557]",-1,-1
10987,[0.26422226 0.4095249 ],7,8,"[0.27392971195344684, 0.45973140540928376]",1007,-1
10988,[0.33939652 0.40680376],7,-1,-1,-1,-1
10989,[0.32951103 0.58380434],4,7,"[0.2817018170798153, 0.5849768676672948]",1980,17
10990,[0.45662009 0.41574883],3,-1,-1,206,-1
10991,[0.34496722 0.40769901],6,-1,-1,-1,-1
10992,[0.33573044 0.25258218],0,9,"[0.3110394802231661, 0.23517199738277297]",967,-1
10993,[0.60155173 0.46388321],8,-1,-1,-1,-1
10994,[0.37285813 0.55867607],3,0,"[0.383291892093257, 0.5586820702346661]",1855,-1
10995,[0.21664175 0.35866191],2,5,"[0.23231087327800656, 0.30304944505444303]",1127,-1
10996,[0.62508949 0.46788259],8,3,"[0.6815204869410737, 0.47689852788858716]",626,-1
10997,[0.22877435 0.31959558],0,5,"[0.23231087327800656, 0.30304944505444303]",-1,-1
10998,[0.6029155  0.70309102],9,2,"[0.5921204552873188, 0.6383928111301557]",-1,-1
10999,[0.23598577 0.57926261],4,7,"[0.2817018170798153, 0.5849768676672948]",1344,-1
11000,[0.59120557 0.49750371],8,-1,-1,-1,-1
11001,[0.38265123 0.15479919],0,-1,-1,-1,-1
11002,[0.41852217 0.66946848],3,-1,-1,-1,-1
11003,[0.38057435 0.57920511],3,0,"[0.383291892093257, 0.5586820702346661]",-1,-1
11004,[0.18156496 0.5225281 ],7,-1,-1,-1,-1
11005,[0.63038765 0.35037803],8,-1,-1,-1,-1
11006,[0.31474832 0.39300472],6,-1,-1,1425,-1
11007,[0.60457755 0.48600999],8,-1,-1,837,-1
11008,[0.76158624 0.70678019],1,4,"[0.7726811996944247, 0.7249303226766757]",460,0
11009,[0.59592974 0.63874631],9,2,"[0.5921204552873188, 0.6383928111301557]",-1,-1
11010,[0.41881546 0.52508487],3,0,"[0.383291892093257, 0.5586820702346661]",-1,-1
11011,[0.30459161 0.46678268],2,8,"[0.27392971195344684, 0.45973140540928376]",-1,-1
11012,[0.55120901 0.60913396],9,2,"[0.5921204552873188, 0.6383928111301557]",1341,-1
11013,[0.37561894 0.28924629],6,1,"[0.3897435781344088, 0.3417040596068965]",-1,-1
11014,[0.65994006 0.60611037],9,-1,-1,545,-1
11015,[0.37663893 0.34072702],6,1,"[0.3897435781344088, 0.3417040596068965]",1122,-1
11016,[0.38965184 0.36894239],6,1,"[0.3897435781344088, 0.3417040596068965]",1064,-1
11017,[0.20305483 0.38862721],7,-1,-1,193,-1
11018,[0.30231579 0.19268315],0,9,"[0.3110394802231661, 0.23517199738277297]",425,-1
11019,[0.41612823 0.38769835],6,1,"[0.3897435781344088, 0.3417040596068965]",763,-1
11020,[0.68249039 0.38036284],8,-1,-1,159,-1
11021,[0.37777251 0.32942071],6,1,"[0.3897435781344088, 0.3417040596068965]",1476,-1
11022,[0.67869511 0.48114174],8,3,"[0.6815204869410737, 0.47689852788858716]",-1,-1
11023,[0.53859248 0.42816095],5,-1,-1,146,-1
11024,[0.25720642 0.36593892],2,5,"[0.23231087327800656, 0.30304944505444303]",1331,-1
11025,[0.62708525 0.46798864],8,3,"[0.6815204869410737, 0.47689852788858716]",626,-1
11026,[0.28638762 0.48268295],7,8,"[0.27392971195344684, 0.45973140540928376]",1799,-1
11027,[0.36628885 0.64904737],4,-1,-1,913,-1
11028,[0.72370331 0.51305322],8,3,"[0.6815204869410737, 0.47689852788858716]",573,-1
11029,[0.48749953 0.60202208],5,-1,-1,918,-1
11030,[0.33322309 0.28836539],0,9,"[0.3110394802231661, 0.23517199738277297]",1652,-1
11031,[0.31999562 0.52576244],7,-1,-1,-1,-1
11032,[0.52556291 0.61951652],9,2,"[0.5921204552873188, 0.6383928111301557]",-1,-1
11033,[0.32758527 0.28368478],2,9,"[0.3110394802231661, 0.23517199738277297]",1520,-1
11034,[0.25747692 0.47734026],7,8,"[0.27392971195344684, 0.45973140540928376]",-1,-1
11035,[0.17127504 0.60467739],4,-1,-1,33,-1
11036,[0.28875861 0.17525309],0,9,"[0.3110394802231661, 0.23517199738277297]",-1,-1
11037,[0.31545785 0.52757332],4,7,"[0.2817018170798153, 0.5849768676672948]",1841,-1
11038,[0.20348129 0.4790556 ],7,-1,-1,185,-1
11039,[0.40311412 0.36354214],6,1,"[0.3897435781344088, 0.3417040596068965]",980,-1
11040,[0.40916591 0.64317876],5,-1,-1,589,-1
11041,[0.49293355 0.64340218],5,-1,-1,647,-1
11042,[0.30206482 0.57429794],3,7,"[0.2817018170798153, 0.5849768676672948]",1839,-1
11043,[0.2774711  0.28255935],2,5,"[0.23231087327800656, 0.30304944505444303]",1675,-1
11044,[0.24909898 0.28975759],0,5,"[0.23231087327800656, 0.30304944505444303]",1640,-1
11045,[0.30372781 0.30592012],0,-1,-1,-1,-1
11046,[0.22236922 0.39264328],0,-1,-1,-1,-1
11047,[0.3583016  0.28299757],6,1,"[0.3897435781344088, 0.3417040596068965]",1171,-1
11048,[0.27599961 0.31636061],2,5,"[0.23231087327800656, 0.30304944505444303]",1585,9
11049,[0.23158675 0.18873714],0,-1,-1,-1,-1
11050,[0.26794012 0.33949592],0,5,"[0.23231087327800656, 0.30304944505444303]",-1,-1
11051,[0.46622751 0.25166034],6,-1,-1,-1,-1
11052,[0.30969743 0.25313175],6,9,"[0.3110394802231661, 0.23517199738277297]",1499,-1
11053,[0.42474704 0.53145816],5,0,"[0.383291892093257, 0.5586820702346661]",1469,-1
11054,[0.36755609 0.45166425],4,-1,-1,1051,-1
11055,[0.59119357 0.63312558],5,2,"[0.5921204552873188, 0.6383928111301557]",1337,-1
11056,[0.54815908 0.63512166],5,2,"[0.5921204552873188, 0.6383928111301557]",-1,-1
11057,[0.73631073 0.53790786],8,-1,-1,289,-1
11058,[0.80255225 0.79210794],1,-1,-1,-1,0
11059,[0.48983651 0.27192182],6,-1,-1,118,-1
11060,[0.50755856 0.54682412],9,6,"[0.5164739970238864, 0.5319253761973344]",-1,3
11061,[0.48908888 0.60582415],5,-1,-1,918,-1
11062,[0.40554446 0.33618166],2,1,"[0.3897435781344088, 0.3417040596068965]",-1,-1
11063,[0.34944127 0.29542596],6,1,"[0.3897435781344088, 0.3417040596068965]",1667,-1
11064,[0.79407148 0.76700105],1,4,"[0.7726811996944247, 0.7249303226766757]",427,0
11065,[0.28335732 0.39699882],2,8,"[0.27392971195344684, 0.45973140540928376]",1066,-1
11066,[0.30729652 0.58964284],7,7,"[0.2817018170798153, 0.5849768676672948]",1820,-1
11067,[0.46594227 0.59635001],5,-1,-1,1235,-1
11068,[0.70258424 0.58272127],9,-1,-1,-1,-1
11069,[0.76584882 0.64688536],1,-1,-1,-1,0
11070,[0.85617906 0.71465363],1,-1,-1,313,0
11071,[0.38269494 0.26403621],0,-1,-1,-1,-1
11072,[0.21503027 0.36888573],0,5,"[0.23231087327800656, 0.30304944505444303]",903,-1
11073,[0.26498608 0.25107245],2,9,"[0.3110394802231661, 0.23517199738277297]",-1,-1
11074,[0.3059988  0.48520006],7,8,"[0.27392971195344684, 0.45973140540928376]",1873,-1
11075,[0.813248 0.786215],1,-1,-1,294,0
11076,[0.30503879 0.21331909],2,9,"[0.3110394802231661, 0.23517199738277297]",1016,-1
11077,[0.24231725 0.3727632 ],2,-1,-1,1149,-1
11078,[0.64993091 0.77701626],1,-1,-1,-1,-1
11079,[0.50917719 0.78265787],9,-1,-1,-1,-1
11080,[0.48866579 0.56957692],5,6,"[0.5164739970238864, 0.5319253761973344]",-1,-1
11081,[0.48736295 0.57413372],9,6,"[0.5164739970238864, 0.5319253761973344]",-1,-1
11082,[0.38147376 0.58851725],3,0,"[0.383291892093257, 0.5586820702346661]",-1,-1
11083,[0.36774904 0.45051176],3,-1,-1,1051,-1
11084,[0.30075185 0.23474485],2,9,"[0.3110394802231661, 0.23517199738277297]",-1,-1
11085,[0.59270817 0.56843966],8,2,"[0.5921204552873188, 0.6383928111301557]",1315,5
11086,[0.25901524 0.38727226],2,-1,-1,1221,-1
11087,[0.54369667 0.47969813],5,6,"[0.5164739970238864, 0.5319253761973344]",-1,-1
11088,[0.27372916 0.2612485 ],0,9,"[0.3110394802231661, 0.23517199738277297]",1606,-1
11089,[0.19302309 0.35810758],0,5,"[0.23231087327800656, 0.30304944505444303]",-1,-1
11090,[0.30738463 0.3567947 ],0,-1,-1,-1,-1
11091,[0.64806703 0.63633496],9,2,"[0.5921204552873188, 0.6383928111301557]",939,-1
11092,[0.80178434 0.67013188],1,4,"[0.7726811996944247, 0.7249303226766757]",-1,0
11093,[0.4339802  0.48355888],3,-1,-1,767,-1
11094,[0.66974039 0.51335812],5,3,"[0.6815204869410737, 0.47689852788858716]",-1,2
11095,[0.3387484  0.59106859],4,0,"[0.383291892093257, 0.5586820702346661]",-1,-1
11096,[0.57202473 0.62216679],9,2,"[0.5921204552873188, 0.6383928111301557]",-1,-1
11097,[0.79614181 0.50208454],8,-1,-1,-1,-1
11098,[0.83552156 0.69208966],1,-1,-1,-1,0
11099,[0.4145387  0.56047634],3,0,"[0.383291892093257, 0.5586820702346661]",-1,-1
11100,[0.67946634 0.4705894 ],8,3,"[0.6815204869410737, 0.47689852788858716]",-1,-1
11101,[0.69161836 0.71500141],9,-1,-1,343,0
11102,[0.21663381 0.59809529],4,7,"[0.2817018170798153, 0.5849768676672948]",-1,-1
11103,[0.62067877 0.56240401],9,-1,-1,910,-1
11104,[0.69984479 0.51099572],8,3,"[0.6815204869410737, 0.47689852788858716]",-1,-1
11105,[0.6181852  0.78017501],9,-1,-1,-1,-1
11106,[0.78433102 0.72871499],1,4,"[0.7726811996944247, 0.7249303226766757]",474,0
11107,[0.35898176 0.64258236],3,-1,-1,1206,-1
11108,[0.47129511 0.34271343],6,-1,-1,529,-1
11109,[0.4887335 0.3177825],6,-1,-1,-1,-1
11110,[0.69949024 0.47805402],8,3,"[0.6815204869410737, 0.47689852788858716]",802,-1
11111,[0.75766353 0.69196701],1,4,"[0.7726811996944247, 0.7249303226766757]",459,0
11112,[0.32083919 0.24076901],6,9,"[0.3110394802231661, 0.23517199738277297]",1490,-1
11113,[0.25269574 0.38800757],2,-1,-1,1147,-1
11114,[0.65836883 0.40278792],8,-1,-1,-1,-1
11115,[0.38171689 0.29684409],6,1,"[0.3897435781344088, 0.3417040596068965]",1463,-1
11116,[0.63887206 0.38833493],8,-1,-1,157,-1
11117,[0.39513481 0.51477463],4,0,"[0.383291892093257, 0.5586820702346661]",1634,-1
11118,[0.12793278 0.16721209],0,-1,-1,-1,-1
11119,[0.27225591 0.41223244],7,8,"[0.27392971195344684, 0.45973140540928376]",747,-1
11120,[0.59174906 0.73596818],9,-1,-1,-1,-1
11121,[0.62495894 0.4781003 ],5,3,"[0.6815204869410737, 0.47689852788858716]",624,-1
11122,[0.36499792 0.61702326],4,0,"[0.383291892093257, 0.5586820702346661]",-1,-1
11123,[0.25373749 0.25655073],0,5,"[0.23231087327800656, 0.30304944505444303]",1312,-1
11124,[0.29821933 0.54734727],4,7,"[0.2817018170798153, 0.5849768676672948]",-1,-1
11125,[0.3307144  0.52664659],7,0,"[0.383291892093257, 0.5586820702346661]",-1,-1
11126,[0.38356801 0.25371167],0,-1,-1,833,-1
11127,[0.38978337 0.49928047],5,0,"[0.383291892093257, 0.5586820702346661]",1448,-1
11128,[0.38938777 0.32067526],6,1,"[0.3897435781344088, 0.3417040596068965]",-1,-1
11129,[0.75594771 0.45035789],8,-1,-1,263,-1
11130,[0.76647416 0.73161253],9,4,"[0.7726811996944247, 0.7249303226766757]",469,0
11131,[0.30492099 0.61137214],4,7,"[0.2817018170798153, 0.5849768676672948]",1762,-1
11132,[0.76451979 0.7069347 ],1,4,"[0.7726811996944247, 0.7249303226766757]",-1,0
11133,[0.26267727 0.20607462],0,9,"[0.3110394802231661, 0.23517199738277297]",-1,-1
11134,[0.64936763 0.61453522],9,2,"[0.5921204552873188, 0.6383928111301557]",1072,-1
11135,[0.59429745 0.70311782],9,2,"[0.5921204552873188, 0.6383928111301557]",-1,-1
11136,[0.54209105 0.52230352],5,6,"[0.5164739970238864, 0.5319253761973344]",899,-1
11137,[0.79596397 0.76574063],1,4,"[0.7726811996944247, 0.7249303226766757]",427,0
11138,[0.3995567 0.4873254],3,-1,-1,1036,-1
11139,[0.72360246 0.4811566 ],8,3,"[0.6815204869410737, 0.47689852788858716]",779,-1
11140,[0.37342674 0.50530546],3,0,"[0.383291892093257, 0.5586820702346661]",1766,-1
11141,[0.42028966 0.64988595],3,-1,-1,-1,-1
11142,[0.88219103 0.65729641],1,-1,-1,-1,-1
11143,[0.16585622 0.27644404],0,-1,-1,-1,-1
11144,[0.703202   0.51173049],8,3,"[0.6815204869410737, 0.47689852788858716]",739,-1
11145,[0.40906808 0.33464501],6,1,"[0.3897435781344088, 0.3417040596068965]",999,-1
11146,[0.65215887 0.47631183],8,3,"[0.6815204869410737, 0.47689852788858716]",824,1
11147,[0.79652402 0.68095732],1,4,"[0.7726811996944247, 0.7249303226766757]",-1,0
11148,[0.23375086 0.56572673],7,7,"[0.2817018170798153, 0.5849768676672948]",1358,-1
11149,[0.54911601 0.61494153],5,2,"[0.5921204552873188, 0.6383928111301557]",1216,-1
11150,[0.61934069 0.55985318],8,-1,-1,-1,-1
11151,[0.64368137 0.53082463],8,3,"[0.6815204869410737, 0.47689852788858716]",861,-1
11152,[0.31304401 0.20771698],0,9,"[0.3110394802231661, 0.23517199738277297]",-1,-1
11153,[0.76009207 0.78807163],1,4,"[0.7726811996944247, 0.7249303226766757]",369,0
11154,[0.51671533 0.64112888],9,-1,-1,-1,-1
11155,[0.5836539  0.56569104],5,-1,-1,1445,-1
11156,[0.46631299 0.63082722],3,-1,-1,-1,-1
11157,[0.40133221 0.51529455],3,0,"[0.383291892093257, 0.5586820702346661]",-1,-1
11158,[0.73278306 0.56387862],1,-1,-1,-1,-1
11159,[0.28744787 0.5851911 ],4,7,"[0.2817018170798153, 0.5849768676672948]",1810,-1
11160,[0.44293718 0.31273175],6,1,"[0.3897435781344088, 0.3417040596068965]",492,-1
11161,[0.25919932 0.49964536],4,8,"[0.27392971195344684, 0.45973140540928376]",-1,-1
11162,[0.30812081 0.32128112],6,-1,-1,-1,-1
11163,[0.26547396 0.58316041],4,7,"[0.2817018170798153, 0.5849768676672948]",-1,-1
11164,[0.23901214 0.41542204],7,8,"[0.27392971195344684, 0.45973140540928376]",-1,-1
11165,[0.28820414 0.558564  ],3,7,"[0.2817018170798153, 0.5849768676672948]",1908,13
11166,[0.51895045 0.43427621],5,-1,-1,-1,-1
11167,[0.43493005 0.32048283],6,1,"[0.3897435781344088, 0.3417040596068965]",577,-1
11168,[0.17487816 0.50091324],7,-1,-1,-1,-1
11169,[0.23867744 0.54547809],7,7,"[0.2817018170798153, 0.5849768676672948]",-1,-1
11170,[0.43764606 0.66452508],3,-1,-1,138,-1
11171,[0.43837099 0.5978047 ],3,0,"[0.383291892093257, 0.5586820702346661]",-1,-1
11172,[0.64617796 0.54022302],8,-1,-1,1106,-1
11173,[0.23782283 0.494739  ],7,8,"[0.27392971195344684, 0.45973140540928376]",1280,-1
11174,[0.40889413 0.52315303],4,0,"[0.383291892093257, 0.5586820702346661]",1637,-1
11175,[0.35948744 0.39346008],6,1,"[0.3897435781344088, 0.3417040596068965]",-1,-1
11176,[0.4031394  0.46860224],6,-1,-1,-1,-1
11177,[0.44483471 0.60104419],3,-1,-1,1493,-1
11178,[0.81365508 0.76324894],1,4,"[0.7726811996944247, 0.7249303226766757]",405,0
11179,[0.78379218 0.42297138],8,-1,-1,59,-1
11180,[0.3347689  0.49488207],4,-1,-1,1880,-1
11181,[0.42403988 0.45519854],5,-1,-1,-1,-1
11182,[0.54271592 0.55632442],3,6,"[0.5164739970238864, 0.5319253761973344]",1406,6
11183,[0.57436333 0.57531126],5,2,"[0.5921204552873188, 0.6383928111301557]",-1,6
11184,[0.27687862 0.45816087],2,8,"[0.27392971195344684, 0.45973140540928376]",-1,-1
11185,[0.36334721 0.53310303],4,0,"[0.383291892093257, 0.5586820702346661]",1934,-1
11186,[0.43571853 0.26612555],6,-1,-1,-1,-1
11187,[0.37682936 0.33378621],6,1,"[0.3897435781344088, 0.3417040596068965]",1476,-1
11188,[0.56373114 0.59571637],5,2,"[0.5921204552873188, 0.6383928111301557]",-1,-1
11189,[0.26970536 0.37584069],0,-1,-1,-1,-1
11190,[0.73059826 0.64723236],1,-1,-1,-1,0
11191,[0.41077607 0.59258359],5,0,"[0.383291892093257, 0.5586820702346661]",-1,-1
11192,[0.50087907 0.47979308],5,6,"[0.5164739970238864, 0.5319253761973344]",-1,-1
11193,[0.75416807 0.75872955],1,4,"[0.7726811996944247, 0.7249303226766757]",-1,0
11194,[0.37002385 0.24770709],6,9,"[0.3110394802231661, 0.23517199738277297]",675,-1
11195,[0.5027455  0.57132288],5,6,"[0.5164739970238864, 0.5319253761973344]",1380,-1
11196,[0.20460612 0.19026007],2,-1,-1,227,-1
11197,[0.34865676 0.62279845],4,-1,-1,-1,-1
11198,[0.47553606 0.38958143],6,-1,-1,-1,-1
11199,[0.69489166 0.49216099],8,3,"[0.6815204869410737, 0.47689852788858716]",834,2
11200,[0.18310442 0.30379089],0,5,"[0.23231087327800656, 0.30304944505444303]",549,-1
11201,[0.55179229 0.60834644],9,2,"[0.5921204552873188, 0.6383928111301557]",1341,-1
11202,[0.50614446 0.54933046],5,6,"[0.5164739970238864, 0.5319253761973344]",-1,3
11203,[0.76004265 0.79637859],1,-1,-1,-1,0
11204,[0.22706003 0.19579297],2,-1,-1,375,-1
11205,[0.20122607 0.49765882],7,-1,-1,-1,-1
11206,[0.21045208 0.22742817],0,-1,-1,898,-1
11207,[0.35502692 0.59796895],3,0,"[0.383291892093257, 0.5586820702346661]",-1,-1
11208,[0.50166475 0.64097922],5,-1,-1,260,-1
11209,[0.23452979 0.1822334 ],0,-1,-1,-1,-1
11210,[0.35342477 0.64127111],4,-1,-1,950,-1
11211,[0.560971   0.65467976],9,2,"[0.5921204552873188, 0.6383928111301557]",1196,-1
11212,[0.83636725 0.67559926],1,-1,-1,307,0
11213,[0.96699138 0.63158715],1,-1,-1,-1,-1
11214,[0.55646051 0.55480157],5,6,"[0.5164739970238864, 0.5319253761973344]",1403,-1
11215,[0.6381651  0.38988007],8,-1,-1,157,-1
11216,[0.41375218 0.32176453],6,1,"[0.3897435781344088, 0.3417040596068965]",-1,-1
11217,[0.38159218 0.42054689],6,-1,-1,-1,-1
11218,[0.30477147 0.50980807],4,8,"[0.27392971195344684, 0.45973140540928376]",-1,-1
11219,[0.6441836  0.67694664],9,2,"[0.5921204552873188, 0.6383928111301557]",-1,-1
11220,[0.46424514 0.59111901],5,-1,-1,1235,4
11221,[0.57238055 0.59356965],9,2,"[0.5921204552873188, 0.6383928111301557]",1442,6
11222,[0.68648173 0.4796521 ],8,3,"[0.6815204869410737, 0.47689852788858716]",814,2
11223,[0.6538968  0.54864138],8,-1,-1,655,-1
11224,[0.20167126 0.27077149],0,5,"[0.23231087327800656, 0.30304944505444303]",-1,-1
11225,[0.63446416 0.63498946],9,2,"[0.5921204552873188, 0.6383928111301557]",1161,-1
11226,[0.28976831 0.33209818],0,5,"[0.23231087327800656, 0.30304944505444303]",-1,-1
11227,[0.31856666 0.37688489],2,-1,-1,1015,-1
11228,[0.35612202 0.48863639],4,-1,-1,1747,-1
11229,[0.45684274 0.40426145],6,-1,-1,207,-1
11230,[0.67733953 0.67133958],9,-1,-1,-1,-1
11231,[0.58185667 0.5401585 ],5,6,"[0.5164739970238864, 0.5319253761973344]",1233,-1
11232,[0.37307067 0.65898791],3,-1,-1,-1,-1
11233,[0.32353083 0.36812563],0,-1,-1,1392,-1
11234,[0.26342529 0.30146035],0,5,"[0.23231087327800656, 0.30304944505444303]",-1,-1
11235,[0.24503548 0.52596858],7,7,"[0.2817018170798153, 0.5849768676672948]",-1,-1
11236,[0.78951574 0.859651  ],1,-1,-1,-1,-1
11237,[0.33085885 0.5087554 ],7,-1,-1,-1,-1
11238,[0.39784099 0.4022205 ],4,1,"[0.3897435781344088, 0.3417040596068965]",-1,-1
11239,[0.29559904 0.61509422],3,7,"[0.2817018170798153, 0.5849768676672948]",856,-1
11240,[0.37484942 0.42956578],7,-1,-1,683,-1
11241,[0.41732261 0.58833353],3,0,"[0.383291892093257, 0.5586820702346661]",-1,-1
11242,[0.53828428 0.61897817],3,2,"[0.5921204552873188, 0.6383928111301557]",1270,-1
11243,[0.42968827 0.61800519],4,-1,-1,-1,-1
11244,[0.83118749 0.70816598],1,4,"[0.7726811996944247, 0.7249303226766757]",-1,0
11245,[0.33085716 0.54947575],7,0,"[0.383291892093257, 0.5586820702346661]",1960,-1
11246,[0.82296253 0.71361086],1,4,"[0.7726811996944247, 0.7249303226766757]",360,0
11247,[0.23093931 0.17807945],0,-1,-1,-1,-1
11248,[0.27984418 0.53019141],4,7,"[0.2817018170798153, 0.5849768676672948]",1883,14
11249,[0.56993918 0.60050743],9,2,"[0.5921204552873188, 0.6383928111301557]",-1,6
11250,[0.26631578 0.25843435],0,9,"[0.3110394802231661, 0.23517199738277297]",1049,-1
11251,[0.59194998 0.61432343],9,2,"[0.5921204552873188, 0.6383928111301557]",1427,6
11252,[0.67404134 0.51676894],8,3,"[0.6815204869410737, 0.47689852788858716]",817,-1
11253,[0.33905022 0.24518789],0,9,"[0.3110394802231661, 0.23517199738277297]",-1,-1
11254,[0.77170037 0.40557373],8,-1,-1,65,-1
11255,[0.70063434 0.82556345],1,-1,-1,-1,-1
11256,[0.36857642 0.59220196],3,0,"[0.383291892093257, 0.5586820702346661]",-1,-1
11257,[0.62897367 0.54245516],8,-1,-1,1107,-1
11258,[0.69466155 0.52751681],8,3,"[0.6815204869410737, 0.47689852788858716]",-1,-1
11259,[0.38062098 0.65558892],3,-1,-1,-1,-1
11260,[0.76094328 0.7016808 ],1,4,"[0.7726811996944247, 0.7249303226766757]",460,0
11261,[0.53762617 0.50675328],5,6,"[0.5164739970238864, 0.5319253761973344]",1140,-1
11262,[0.18903854 0.41778602],2,-1,-1,144,-1
11263,[0.3469768 0.5695143],3,0,"[0.383291892093257, 0.5586820702346661]",1901,-1
11264,[0.60206149 0.61311168],9,2,"[0.5921204552873188, 0.6383928111301557]",-1,-1
11265,[0.63833893 0.41118181],8,-1,-1,265,-1
11266,[0.48948247 0.59083504],3,6,"[0.5164739970238864, 0.5319253761973344]",752,-1
11267,[0.37634561 0.56150811],3,0,"[0.383291892093257, 0.5586820702346661]",1832,-1
11268,[0.61682362 0.63640451],9,2,"[0.5921204552873188, 0.6383928111301557]",-1,-1
11269,[0.37640208 0.47737772],4,-1,-1,771,-1
11270,[0.2865063  0.58873555],7,7,"[0.2817018170798153, 0.5849768676672948]",1810,-1
11271,[0.59980016 0.4996755 ],5,-1,-1,843,-1
11272,[0.57656972 0.4356124 ],8,-1,-1,252,-1
11273,[0.32598256 0.65268643],4,-1,-1,614,-1
11274,[0.22041954 0.3363255 ],0,5,"[0.23231087327800656, 0.30304944505444303]",-1,-1
11275,[0.8739299  0.65091019],1,-1,-1,30,-1
11276,[0.4757024  0.58654247],3,6,"[0.5164739970238864, 0.5319253761973344]",-1,-1
11277,[0.80043286 0.84785838],1,-1,-1,38,-1
11278,[0.27148922 0.33941629],2,5,"[0.23231087327800656, 0.30304944505444303]",-1,-1
11279,[0.32383823 0.44428865],2,8,"[0.27392971195344684, 0.45973140540928376]",941,-1
11280,[0.34447603 0.53351823],4,0,"[0.383291892093257, 0.5586820702346661]",-1,16
11281,[0.68723578 0.55635688],8,-1,-1,-1,-1
11282,[0.79383116 0.63636492],1,-1,-1,-1,0
11283,[0.38990874 0.45400672],4,-1,-1,-1,-1
11284,[0.24876311 0.63027753],4,7,"[0.2817018170798153, 0.5849768676672948]",348,-1
11285,[0.24293175 0.47368617],4,8,"[0.27392971195344684, 0.45973140540928376]",-1,-1
11286,[0.16350723 0.44053444],7,-1,-1,-1,-1
11287,[0.28845787 0.49971023],7,8,"[0.27392971195344684, 0.45973140540928376]",1768,-1
11288,[0.25421248 0.2948181 ],2,5,"[0.23231087327800656, 0.30304944505444303]",-1,-1
11289,[0.51926118 0.52372601],5,6,"[0.5164739970238864, 0.5319253761973344]",1192,-1
11290,[0.31290238 0.46082352],7,8,"[0.27392971195344684, 0.45973140540928376]",-1,-1
11291,[0.74457768 0.67926957],1,4,"[0.7726811996944247, 0.7249303226766757]",439,0
11292,[0.58150157 0.45014488],8,-1,-1,-1,-1
11293,[0.47606263 0.63916314],9,-1,-1,647,-1
11294,[0.65167119 0.47925972],8,3,"[0.6815204869410737, 0.47689852788858716]",824,1
11295,[0.36797539 0.60103294],3,0,"[0.383291892093257, 0.5586820702346661]",-1,-1
11296,[0.31131066 0.6211303 ],4,7,"[0.2817018170798153, 0.5849768676672948]",1131,-1
11297,[0.30839379 0.55708409],7,7,"[0.2817018170798153, 0.5849768676672948]",1984,-1
11298,[0.24568497 0.35196801],2,5,"[0.23231087327800656, 0.30304944505444303]",1570,-1
11299,[0.14859522 0.30440452],0,-1,-1,-1,-1
11300,[0.30679834 0.4371564 ],2,8,"[0.27392971195344684, 0.45973140540928376]",-1,-1
11301,[0.38797926 0.69633608],4,-1,-1,-1,-1
11302,[0.27380838 0.34665399],2,5,"[0.23231087327800656, 0.30304944505444303]",1592,-1
11303,[0.69760211 0.63700284],1,-1,-1,493,-1
11304,[0.77673673 0.78782839],1,4,"[0.7726811996944247, 0.7249303226766757]",-1,0
11305,[0.81442913 0.72335125],1,4,"[0.7726811996944247, 0.7249303226766757]",456,0
11306,[0.25384133 0.50988207],4,8,"[0.27392971195344684, 0.45973140540928376]",1786,-1
11307,[0.57778243 0.57211231],5,2,"[0.5921204552873188, 0.6383928111301557]",-1,-1
11308,[0.25312694 0.69642974],7,-1,-1,6,-1
11309,[0.44153029 0.41252927],6,-1,-1,-1,-1
11310,[0.32246576 0.56280295],3,7,"[0.2817018170798153, 0.5849768676672948]",1977,-1
11311,[0.4700683  0.55078223],5,6,"[0.5164739970238864, 0.5319253761973344]",839,-1
11312,[0.33953568 0.605986  ],4,7,"[0.2817018170798153, 0.5849768676672948]",-1,-1
11313,[0.22061099 0.53019031],7,-1,-1,1478,-1
11314,[0.53267094 0.55360685],5,6,"[0.5164739970238864, 0.5319253761973344]",1359,-1
11315,[0.32681661 0.28603121],2,9,"[0.3110394802231661, 0.23517199738277297]",1520,-1
11316,[0.31895927 0.28869461],2,9,"[0.3110394802231661, 0.23517199738277297]",-1,-1
11317,[0.19295259 0.50480492],7,-1,-1,-1,-1
11318,[0.7101078  0.40568037],8,-1,-1,-1,-1
11319,[0.60983851 0.46394594],8,-1,-1,615,-1
11320,[0.33989651 0.49165365],4,-1,-1,1880,-1
11321,[0.32157584 0.56866427],4,7,"[0.2817018170798153, 0.5849768676672948]",1976,-1
11322,[0.33751834 0.58516366],3,0,"[0.383291892093257, 0.5586820702346661]",-1,-1
11323,[0.35357036 0.3341578 ],6,1,"[0.3897435781344088, 0.3417040596068965]",-1,-1
11324,[0.2842567  0.47900998],7,8,"[0.27392971195344684, 0.45973140540928376]",1799,-1
11325,[0.30948623 0.48464049],3,8,"[0.27392971195344684, 0.45973140540928376]",-1,-1
11326,[0.35614454 0.44793294],6,-1,-1,-1,-1
11327,[0.46229709 0.52006473],4,6,"[0.5164739970238864, 0.5319253761973344]",-1,-1
11328,[0.27900127 0.58884074],4,7,"[0.2817018170798153, 0.5849768676672948]",1572,-1
11329,[0.34682919 0.519624  ],3,0,"[0.383291892093257, 0.5586820702346661]",-1,-1
11330,[0.6659698  0.81762602],1,-1,-1,23,-1
11331,[0.60189101 0.51183203],5,-1,-1,844,-1
11332,[0.77316121 0.5057406 ],8,-1,-1,190,-1
11333,[0.2809102  0.31857308],0,5,"[0.23231087327800656, 0.30304944505444303]",-1,9
11334,[0.32440756 0.57036909],3,7,"[0.2817018170798153, 0.5849768676672948]",1976,-1
11335,[0.64662374 0.5126484 ],9,3,"[0.6815204869410737, 0.47689852788858716]",866,-1
11336,[0.40624852 0.29118202],6,1,"[0.3897435781344088, 0.3417040596068965]",-1,-1
11337,[0.30008268 0.36406906],2,-1,-1,-1,-1
11338,[0.23630387 0.31445326],0,5,"[0.23231087327800656, 0.30304944505444303]",1566,-1
11339,[0.46421996 0.48759797],5,6,"[0.5164739970238864, 0.5319253761973344]",665,-1
11340,[0.36706291 0.3390449 ],6,1,"[0.3897435781344088, 0.3417040596068965]",-1,-1
11341,[0.66300861 0.44578019],8,3,"[0.6815204869410737, 0.47689852788858716]",732,-1
11342,[0.34849374 0.6151176 ],4,0,"[0.383291892093257, 0.5586820702346661]",-1,-1
11343,[0.71846996 0.6776399 ],1,-1,-1,-1,0
11344,[0.88135552 0.74622817],1,-1,-1,87,-1
11345,[0.54474181 0.58364106],3,6,"[0.5164739970238864, 0.5319253761973344]",1432,6
11346,[0.41193662 0.48119668],6,-1,-1,715,-1
11347,[0.74895819 0.3932185 ],8,-1,-1,-1,-1
11348,[0.35856111 0.61745996],3,0,"[0.383291892093257, 0.5586820702346661]",-1,-1
11349,[0.53450894 0.49357087],5,6,"[0.5164739970238864, 0.5319253761973344]",1096,-1
11350,[0.52036897 0.73567968],9,-1,-1,-1,-1
11351,[0.49639235 0.5220184 ],5,6,"[0.5164739970238864, 0.5319253761973344]",936,-1
11352,[0.61508774 0.53385832],8,-1,-1,-1,-1
11353,[0.86780786 0.68815581],1,-1,-1,80,-1
11354,[0.28161076 0.24724298],2,9,"[0.3110394802231661, 0.23517199738277297]",-1,-1
11355,[0.24019674 0.17064295],2,-1,-1,175,-1
11356,[0.73853186 0.67708386],1,4,"[0.7726811996944247, 0.7249303226766757]",-1,0
11357,[0.35250292 0.36836606],6,1,"[0.3897435781344088, 0.3417040596068965]",1079,-1
11358,[0.57280135 0.70199625],9,2,"[0.5921204552873188, 0.6383928111301557]",511,-1
11359,[0.17664911 0.33528036],2,5,"[0.23231087327800656, 0.30304944505444303]",-1,-1
11360,[0.68111488 0.52040221],9,3,"[0.6815204869410737, 0.47689852788858716]",-1,-1
11361,[0.67115712 0.42445263],8,3,"[0.6815204869410737, 0.47689852788858716]",612,-1
11362,[0.60900961 0.38128889],5,-1,-1,-1,-1
11363,[0.83388485 0.78354901],1,-1,-1,-1,0
11364,[0.58305242 0.72145679],9,-1,-1,510,-1
11365,[0.21351375 0.24465588],0,5,"[0.23231087327800656, 0.30304944505444303]",895,-1
11366,[0.553084   0.70053453],9,-1,-1,-1,-1
11367,[0.31633498 0.55386261],4,7,"[0.2817018170798153, 0.5849768676672948]",-1,17
11368,[0.2475244  0.27905114],2,5,"[0.23231087327800656, 0.30304944505444303]",-1,-1
11369,[0.53635907 0.57869735],9,6,"[0.5164739970238864, 0.5319253761973344]",-1,-1
11370,[0.60701265 0.66079076],9,2,"[0.5921204552873188, 0.6383928111301557]",1120,-1
11371,[0.47260414 0.31667372],6,-1,-1,-1,-1
11372,[0.86405542 0.66251102],1,-1,-1,-1,-1
11373,[0.40728383 0.63913572],3,-1,-1,-1,-1
11374,[0.26545785 0.47687528],7,8,"[0.27392971195344684, 0.45973140540928376]",1600,-1
11375,[0.49948821 0.5503658 ],5,6,"[0.5164739970238864, 0.5319253761973344]",-1,-1
11376,[0.84262368 0.67856753],1,-1,-1,-1,0
11377,[0.25768459 0.1986054 ],2,9,"[0.3110394802231661, 0.23517199738277297]",746,-1
11378,[0.40779245 0.53333854],3,0,"[0.383291892093257, 0.5586820702346661]",-1,-1
11379,[0.39280992 0.62789709],3,0,"[0.383291892093257, 0.5586820702346661]",-1,-1
11380,[0.32955847 0.43763201],2,8,"[0.27392971195344684, 0.45973140540928376]",-1,-1
11381,[0.6133925  0.73696411],9,-1,-1,213,-1
11382,[0.35806565 0.37898419],6,1,"[0.3897435781344088, 0.3417040596068965]",-1,-1
11383,[0.63475904 0.47143935],8,3,"[0.6815204869410737, 0.47689852788858716]",-1,-1
11384,[0.276663   0.35988997],0,-1,-1,1264,-1
11385,[0.29488015 0.44545234],7,8,"[0.27392971195344684, 0.45973140540928376]",1240,-1
11386,[0.1806424  0.57264711],4,-1,-1,101,-1
11387,[0.68440897 0.79025827],1,-1,-1,-1,-1
11388,[0.27440522 0.34977595],2,5,"[0.23231087327800656, 0.30304944505444303]",1550,-1
11389,[0.30125098 0.60932652],4,7,"[0.2817018170798153, 0.5849768676672948]",1268,-1
11390,[0.47289624 0.51780001],5,6,"[0.5164739970238864, 0.5319253761973344]",1002,-1
11391,[0.29598939 0.37090262],2,-1,-1,-1,-1
11392,[0.23312729 0.16217324],2,-1,-1,175,-1
11393,[0.62510303 0.58981825],9,2,"[0.5921204552873188, 0.6383928111301557]",-1,-1
11394,[0.70644025 0.73109061],1,4,"[0.7726811996944247, 0.7249303226766757]",-1,0
11395,[0.34914745 0.21758208],2,9,"[0.3110394802231661, 0.23517199738277297]",500,-1
11396,[0.25503547 0.51237533],7,8,"[0.27392971195344684, 0.45973140540928376]",1786,-1
11397,[0.67202352 0.59850495],1,-1,-1,-1,-1
11398,[0.68498001 0.48835933],5,3,"[0.6815204869410737, 0.47689852788858716]",787,2
11399,[0.30082104 0.40292529],6,8,"[0.27392971195344684, 0.45973140540928376]",-1,-1
11400,[0.43398922 0.64126314],3,-1,-1,481,-1
11401,[0.79485788 0.73592748],1,4,"[0.7726811996944247, 0.7249303226766757]",-1,0
11402,[0.32612576 0.53075219],7,0,"[0.383291892093257, 0.5586820702346661]",-1,-1
11403,[0.26766192 0.23109904],0,9,"[0.3110394802231661, 0.23517199738277297]",-1,-1
11404,[0.36136396 0.34119287],6,1,"[0.3897435781344088, 0.3417040596068965]",-1,-1
11405,[0.50898289 0.49383778],7,6,"[0.5164739970238864, 0.5319253761973344]",605,-1
11406,[0.30391255 0.3006441 ],0,9,"[0.3110394802231661, 0.23517199738277297]",-1,-1
11407,[0.22751965 0.54011107],7,-1,-1,-1,-1
11408,[0.52212536 0.48889453],5,6,"[0.5164739970238864, 0.5319253761973344]",-1,-1
11409,[0.4895782  0.37101685],6,-1,-1,-1,-1
11410,[0.66697611 0.73201444],1,-1,-1,195,0
11411,[0.70744538 0.88410284],1,-1,-1,-1,-1
11412,[0.37264051 0.59009058],3,0,"[0.383291892093257, 0.5586820702346661]",1846,12
11413,[0.40930457 0.34274882],6,1,"[0.3897435781344088, 0.3417040596068965]",998,-1
11414,[0.74396116 0.48961514],8,3,"[0.6815204869410737, 0.47689852788858716]",508,-1
11415,[0.52977957 0.58175356],9,6,"[0.5164739970238864, 0.5319253761973344]",-1,-1
11416,[0.37040451 0.66847425],3,-1,-1,-1,-1
11417,[0.24931295 0.5319186 ],4,7,"[0.2817018170798153, 0.5849768676672948]",-1,-1
11418,[0.21519019 0.59848391],4,7,"[0.2817018170798153, 0.5849768676672948]",181,-1
11419,[0.2961672  0.17471557],0,9,"[0.3110394802231661, 0.23517199738277297]",-1,-1
11420,[0.58345368 0.47825431],8,-1,-1,-1,-1
11421,[0.34992064 0.37622359],2,1,"[0.3897435781344088, 0.3417040596068965]",1078,-1
11422,[0.83506153 0.67450153],1,-1,-1,307,0
11423,[0.74226934 0.39169208],8,-1,-1,-1,-1
11424,[0.22304502 0.58865324],4,7,"[0.2817018170798153, 0.5849768676672948]",380,-1
11425,[0.61633616 0.49120699],8,3,"[0.6815204869410737, 0.47689852788858716]",789,-1
11426,[0.40006926 0.67466049],3,-1,-1,247,-1
11427,[0.25461951 0.54244535],4,7,"[0.2817018170798153, 0.5849768676672948]",-1,-1
11428,[0.41671089 0.4692703 ],7,-1,-1,716,-1
11429,[0.28883567 0.25380548],0,9,"[0.3110394802231661, 0.23517199738277297]",1612,-1
11430,[0.20187161 0.28501287],2,5,"[0.23231087327800656, 0.30304944505444303]",-1,-1
11431,[0.3582069  0.48892173],7,-1,-1,1747,-1
11432,[0.59786051 0.47321352],8,-1,-1,-1,-1
11433,[0.64503995 0.64250224],9,2,"[0.5921204552873188, 0.6383928111301557]",939,-1
11434,[0.1136865  0.32686752],0,-1,-1,-1,-1
11435,[0.63082616 0.53337782],8,-1,-1,-1,-1
11436,[0.25924528 0.41366564],7,8,"[0.27392971195344684, 0.45973140540928376]",-1,-1
11437,[0.22736677 0.31364601],0,5,"[0.23231087327800656, 0.30304944505444303]",-1,-1
11438,[0.38154743 0.29584244],6,1,"[0.3897435781344088, 0.3417040596068965]",-1,-1
11439,[0.32810013 0.39283668],6,-1,-1,1215,-1
11440,[0.33732775 0.55161334],4,0,"[0.383291892093257, 0.5586820702346661]",1957,-1
11441,[0.19347448 0.36860621],2,-1,-1,-1,-1
11442,[0.33332396 0.41190472],6,-1,-1,917,-1
11443,[0.22938509 0.30710594],2,5,"[0.23231087327800656, 0.30304944505444303]",1486,-1
11444,[0.31224236 0.489628  ],3,8,"[0.27392971195344684, 0.45973140540928376]",-1,-1
11445,[0.29462757 0.29861311],2,5,"[0.23231087327800656, 0.30304944505444303]",-1,11
11446,[0.33410912 0.55872119],4,0,"[0.383291892093257, 0.5586820702346661]",1971,-1
11447,[0.20938479 0.45340318],7,8,"[0.27392971195344684, 0.45973140540928376]",-1,-1
11448,[0.71622668 0.48444504],8,3,"[0.6815204869410737, 0.47689852788858716]",-1,-1
11449,[0.5246612  0.48968392],5,6,"[0.5164739970238864, 0.5319253761973344]",-1,-1
11450,[0.76392545 0.54710504],8,-1,-1,84,-1
11451,[0.44509861 0.33295682],6,1,"[0.3897435781344088, 0.3417040596068965]",788,-1
11452,[0.39835947 0.4341347 ],6,-1,-1,363,-1
11453,[0.34355953 0.53915936],3,0,"[0.383291892093257, 0.5586820702346661]",1965,16
11454,[0.4144797  0.58284702],9,0,"[0.383291892093257, 0.5586820702346661]",1716,-1
11455,[0.78213742 0.4186088 ],8,-1,-1,59,-1
11456,[0.32613331 0.18584875],6,9,"[0.3110394802231661, 0.23517199738277297]",232,-1
11457,[0.712234   0.76278857],1,-1,-1,-1,0
11458,[0.71675208 0.74408775],1,4,"[0.7726811996944247, 0.7249303226766757]",416,0
11459,[0.71306582 0.78376789],1,-1,-1,-1,0
11460,[0.64342539 0.58833383],9,-1,-1,1178,-1
11461,[0.77381715 0.76708497],1,4,"[0.7726811996944247, 0.7249303226766757]",410,0
11462,[0.37936271 0.29424397],0,1,"[0.3897435781344088, 0.3417040596068965]",-1,-1
11463,[0.29763348 0.19125419],0,9,"[0.3110394802231661, 0.23517199738277297]",425,-1
11464,[0.25955924 0.43145617],7,8,"[0.27392971195344684, 0.45973140540928376]",-1,-1
11465,[0.79134994 0.69433623],1,4,"[0.7726811996944247, 0.7249303226766757]",-1,0
11466,[0.54600957 0.5427626 ],9,6,"[0.5164739970238864, 0.5319253761973344]",-1,6
11467,[0.3802707  0.26850666],2,-1,-1,1073,-1
11468,[0.78755946 0.68713664],1,4,"[0.7726811996944247, 0.7249303226766757]",448,0
11469,[0.59131058 0.71340588],9,-1,-1,423,-1
11470,[0.2149378 0.570753 ],7,7,"[0.2817018170798153, 0.5849768676672948]",-1,-1
11471,[0.20219995 0.60647807],4,-1,-1,181,-1
11472,[0.68308876 0.48765523],8,3,"[0.6815204869410737, 0.47689852788858716]",787,-1
11473,[0.37127653 0.25896252],6,9,"[0.3110394802231661, 0.23517199738277297]",1101,-1
11474,[0.30919483 0.58315439],7,7,"[0.2817018170798153, 0.5849768676672948]",1967,-1
11475,[0.27567084 0.35243638],6,5,"[0.23231087327800656, 0.30304944505444303]",-1,-1
11476,[0.81474016 0.83073294],1,-1,-1,139,-1
11477,[0.34417989 0.69172229],3,-1,-1,-1,-1
11478,[0.25961266 0.27600864],0,5,"[0.23231087327800656, 0.30304944505444303]",1548,-1
11479,[0.27900056 0.33531505],2,5,"[0.23231087327800656, 0.30304944505444303]",1598,9
11480,[0.33073568 0.55503315],3,0,"[0.383291892093257, 0.5586820702346661]",-1,17
11481,[0.32205206 0.46182839],7,8,"[0.27392971195344684, 0.45973140540928376]",1556,-1
11482,[0.54137472 0.49872478],5,6,"[0.5164739970238864, 0.5319253761973344]",-1,-1
11483,[0.80343228 0.71701628],1,4,"[0.7726811996944247, 0.7249303226766757]",-1,0
11484,[0.76694277 0.75777213],1,4,"[0.7726811996944247, 0.7249303226766757]",-1,0
11485,[0.41676472 0.40596397],6,1,"[0.3897435781344088, 0.3417040596068965]",758,-1
11486,[0.21741865 0.40298858],2,-1,-1,502,-1
11487,[0.31481011 0.54674231],7,7,"[0.2817018170798153, 0.5849768676672948]",-1,17
11488,[0.46957179 0.5687445 ],5,6,"[0.5164739970238864, 0.5319253761973344]",1155,-1
11489,[0.37113951 0.22370379],0,9,"[0.3110394802231661, 0.23517199738277297]",484,-1
11490,[0.63613961 0.46657974],8,3,"[0.6815204869410737, 0.47689852788858716]",-1,-1
11491,[0.37286819 0.29077705],6,1,"[0.3897435781344088, 0.3417040596068965]",-1,-1
11492,[0.7756668  0.78813112],1,4,"[0.7726811996944247, 0.7249303226766757]",-1,0
11493,[0.67789238 0.4539806 ],8,3,"[0.6815204869410737, 0.47689852788858716]",735,-1
11494,[0.56791346 0.57983235],9,2,"[0.5921204552873188, 0.6383928111301557]",1458,6
11495,[0.34510659 0.30334946],6,1,"[0.3897435781344088, 0.3417040596068965]",1529,-1
11496,[0.22211189 0.2087495 ],0,-1,-1,-1,-1
11497,[0.35023984 0.49618239],3,-1,-1,1871,-1
11498,[0.45061629 0.26749737],6,-1,-1,-1,-1
11499,[0.2868075  0.62866662],7,7,"[0.2817018170798153, 0.5849768676672948]",588,-1
11500,[0.58709544 0.49895492],8,-1,-1,841,-1
11501,[0.31772323 0.42163375],7,8,"[0.27392971195344684, 0.45973140540928376]",1017,-1
11502,[0.51704813 0.45756352],5,-1,-1,601,-1
11503,[0.28944774 0.23473511],0,9,"[0.3110394802231661, 0.23517199738277297]",-1,-1
11504,[0.39668764 0.6365685 ],3,-1,-1,-1,-1
11505,[0.48425294 0.58506027],5,6,"[0.5164739970238864, 0.5319253761973344]",-1,-1
11506,[0.80239422 0.78764742],1,4,"[0.7726811996944247, 0.7249303226766757]",-1,0
11507,[0.36590754 0.58417477],3,0,"[0.383291892093257, 0.5586820702346661]",1847,12
11508,[0.61105132 0.53069068],5,-1,-1,1213,-1
11509,[0.31675789 0.59264438],7,7,"[0.2817018170798153, 0.5849768676672948]",1937,-1
11510,[0.37273044 0.33274311],6,1,"[0.3897435781344088, 0.3417040596068965]",-1,-1
11511,[0.2662966  0.34833516],0,5,"[0.23231087327800656, 0.30304944505444303]",1592,-1
11512,[0.32105698 0.24499088],0,9,"[0.3110394802231661, 0.23517199738277297]",-1,-1
11513,[0.36604824 0.6030533 ],3,0,"[0.383291892093257, 0.5586820702346661]",-1,-1
11514,[0.46682869 0.44421293],5,-1,-1,179,-1
11515,[0.57683806 0.64090172],9,2,"[0.5921204552873188, 0.6383928111301557]",1214,-1
11516,[0.79355177 0.75662906],1,4,"[0.7726811996944247, 0.7249303226766757]",-1,0
11517,[0.72974906 0.72325725],1,4,"[0.7726811996944247, 0.7249303226766757]",-1,0
11518,[0.57017608 0.75707717],9,-1,-1,-1,-1
11519,[0.29961549 0.24291774],0,9,"[0.3110394802231661, 0.23517199738277297]",1174,-1
11520,[0.13612334 0.20794335],0,-1,-1,-1,-1
11521,[0.24540981 0.45552061],7,8,"[0.27392971195344684, 0.45973140540928376]",931,-1
11522,[0.23221691 0.4411356 ],7,8,"[0.27392971195344684, 0.45973140540928376]",586,-1
11523,[0.23262026 0.52749014],4,-1,-1,1477,-1
11524,[0.59657194 0.63766639],9,2,"[0.5921204552873188, 0.6383928111301557]",1166,-1
11525,[0.75241325 0.5152739 ],8,-1,-1,480,-1
11526,[0.59308715 0.54797593],5,-1,-1,1290,-1
11527,[0.29693312 0.54100527],7,7,"[0.2817018170798153, 0.5849768676672948]",1906,-1
11528,[0.22445165 0.32879855],0,5,"[0.23231087327800656, 0.30304944505444303]",1338,-1
11529,[0.64383336 0.62656761],9,2,"[0.5921204552873188, 0.6383928111301557]",1158,-1
11530,[0.54771606 0.55987824],5,6,"[0.5164739970238864, 0.5319253761973344]",1406,6
11531,[0.33140005 0.31663712],6,1,"[0.3897435781344088, 0.3417040596068965]",-1,10
11532,[0.28006764 0.49518434],4,8,"[0.27392971195344684, 0.45973140540928376]",-1,-1
11533,[0.6931517  0.52229754],8,3,"[0.6815204869410737, 0.47689852788858716]",786,-1
11534,[0.19533289 0.36262943],2,-1,-1,-1,-1
11535,[0.80219892 0.72539889],1,4,"[0.7726811996944247, 0.7249303226766757]",455,0
11536,[0.58939272 0.46214021],5,-1,-1,-1,-1
11537,[0.59026071 0.41648017],8,-1,-1,153,-1
11538,[0.65566424 0.53755376],8,3,"[0.6815204869410737, 0.47689852788858716]",668,-1
11539,[0.5123914  0.54035913],5,6,"[0.5164739970238864, 0.5319253761973344]",-1,3
11540,[0.17829003 0.18843757],0,-1,-1,-1,-1
11541,[0.3444563  0.55404578],4,0,"[0.383291892093257, 0.5586820702346661]",1955,-1
11542,[0.22190928 0.16481999],0,-1,-1,-1,-1
11543,[0.29179693 0.22016993],0,9,"[0.3110394802231661, 0.23517199738277297]",-1,-1
11544,[0.70958875 0.71788507],1,4,"[0.7726811996944247, 0.7249303226766757]",384,0
11545,[0.60484538 0.57687068],9,2,"[0.5921204552873188, 0.6383928111301557]",1326,5
11546,[0.54889674 0.52652787],5,6,"[0.5164739970238864, 0.5319253761973344]",-1,-1
11547,[0.73584815 0.70141381],1,4,"[0.7726811996944247, 0.7249303226766757]",437,0
11548,[0.31454159 0.31889009],2,-1,-1,1672,-1
11549,[0.53993037 0.54791632],9,6,"[0.5164739970238864, 0.5319253761973344]",-1,-1
11550,[0.19557891 0.23239971],0,-1,-1,-1,-1
11551,[0.48103758 0.60835631],9,-1,-1,737,-1
11552,[0.49583286 0.55296885],5,6,"[0.5164739970238864, 0.5319253761973344]",-1,-1
11553,[0.11304397 0.39311625],2,-1,-1,-1,-1
11554,[0.59935197 0.58767284],9,2,"[0.5921204552873188, 0.6383928111301557]",1326,-1
11555,[0.42349143 0.54991517],3,0,"[0.383291892093257, 0.5586820702346661]",-1,-1
11556,[0.34550812 0.31569794],2,1,"[0.3897435781344088, 0.3417040596068965]",1525,-1
11557,[0.49986482 0.49801197],5,6,"[0.5164739970238864, 0.5319253761973344]",-1,-1
11558,[0.2964233  0.53265697],3,7,"[0.2817018170798153, 0.5849768676672948]",1895,-1
11559,[0.78057658 0.62811434],1,-1,-1,-1,0
11560,[0.24647533 0.29058634],2,5,"[0.23231087327800656, 0.30304944505444303]",-1,-1
11561,[0.37518147 0.28812542],2,1,"[0.3897435781344088, 0.3417040596068965]",-1,-1
11562,[0.46654971 0.47564976],5,-1,-1,664,-1
11563,[0.46111042 0.38019996],6,-1,-1,320,-1
11564,[0.27235242 0.26282425],0,9,"[0.3110394802231661, 0.23517199738277297]",1606,-1
11565,[0.28162985 0.53504063],3,7,"[0.2817018170798153, 0.5849768676672948]",-1,-1
11566,[0.18359408 0.48065231],7,-1,-1,214,-1
11567,[0.79251998 0.83669957],1,-1,-1,21,-1
11568,[0.27475566 0.38070323],2,-1,-1,1105,-1
11569,[0.35211158 0.30449398],6,1,"[0.3897435781344088, 0.3417040596068965]",-1,-1
11570,[0.31961545 0.34020023],2,-1,-1,-1,8
11571,[0.29390344 0.19452393],6,9,"[0.3110394802231661, 0.23517199738277297]",425,-1
11572,[0.25958069 0.18244934],0,-1,-1,239,-1
11573,[0.34313485 0.32785933],2,1,"[0.3897435781344088, 0.3417040596068965]",-1,-1
11574,[0.28518167 0.26573811],2,9,"[0.3110394802231661, 0.23517199738277297]",-1,-1
11575,[0.36526843 0.64289556],4,-1,-1,-1,-1
11576,[0.51033097 0.53496919],9,6,"[0.5164739970238864, 0.5319253761973344]",1182,3
11577,[0.34570746 0.38389367],6,1,"[0.3897435781344088, 0.3417040596068965]",995,-1
11578,[0.39574926 0.40821024],2,1,"[0.3897435781344088, 0.3417040596068965]",-1,-1
11579,[0.5378082  0.57916535],5,6,"[0.5164739970238864, 0.5319253761973344]",-1,6
11580,[0.48228919 0.16980188],6,-1,-1,-1,-1
11581,[0.25404778 0.59482985],4,7,"[0.2817018170798153, 0.5849768676672948]",755,-1
11582,[0.33854067 0.44451607],7,8,"[0.27392971195344684, 0.45973140540928376]",-1,-1
11583,[0.5130043  0.50465091],5,6,"[0.5164739970238864, 0.5319253761973344]",661,-1
11584,[0.37945783 0.61569678],3,0,"[0.383291892093257, 0.5586820702346661]",1513,-1
11585,[0.74492697 0.49428182],8,3,"[0.6815204869410737, 0.47689852788858716]",-1,-1
11586,[0.19109189 0.48661358],7,-1,-1,214,-1
11587,[0.33072863 0.51618665],7,0,"[0.383291892093257, 0.5586820702346661]",1904,15
11588,[0.32124274 0.57827373],4,7,"[0.2817018170798153, 0.5849768676672948]",-1,-1
11589,[0.77985064 0.7948198 ],1,-1,-1,-1,0
11590,[0.39396084 0.51810864],3,0,"[0.383291892093257, 0.5586820702346661]",1634,-1
11591,[0.78215635 0.68792531],1,4,"[0.7726811996944247, 0.7249303226766757]",-1,0
11592,[0.25994128 0.42028496],2,8,"[0.27392971195344684, 0.45973140540928376]",-1,-1
11593,[0.62398299 0.57435797],9,-1,-1,-1,-1
11594,[0.61905284 0.42908643],8,-1,-1,285,-1
11595,[0.21711005 0.51608504],7,-1,-1,1090,-1
11596,[0.57220394 0.5533663 ],5,6,"[0.5164739970238864, 0.5319253761973344]",1362,-1
11597,[0.27873118 0.21986664],6,9,"[0.3110394802231661, 0.23517199738277297]",1356,-1
11598,[0.44040625 0.53452658],3,0,"[0.383291892093257, 0.5586820702346661]",-1,-1
11599,[0.34339454 0.49717993],4,-1,-1,-1,-1
11600,[0.37094377 0.52667345],3,0,"[0.383291892093257, 0.5586820702346661]",1934,-1
11601,[0.28584518 0.58334776],4,7,"[0.2817018170798153, 0.5849768676672948]",1810,-1
11602,[0.42527935 0.27099389],6,-1,-1,-1,-1
11603,[0.54887621 0.6493291 ],5,2,"[0.5921204552873188, 0.6383928111301557]",-1,-1
11604,[0.26337408 0.36219601],6,5,"[0.23231087327800656, 0.30304944505444303]",1416,-1
11605,[0.72197398 0.39769048],8,-1,-1,-1,-1
11606,[0.41852198 0.42025101],6,-1,-1,-1,-1
11607,[0.27043404 0.37670951],2,-1,-1,-1,-1
11608,[0.50727945 0.39057275],8,-1,-1,44,-1
11609,[0.41203186 0.26825148],6,-1,-1,-1,-1
11610,[0.23313121 0.37070642],7,5,"[0.23231087327800656, 0.30304944505444303]",1085,-1
11611,[0.44023636 0.51122637],3,-1,-1,1059,-1
11612,[0.56847488 0.58320249],9,2,"[0.5921204552873188, 0.6383928111301557]",1457,6
11613,[0.66887543 0.66981728],9,-1,-1,-1,-1
11614,[0.31738483 0.20128166],0,9,"[0.3110394802231661, 0.23517199738277297]",293,-1
11615,[0.5345274  0.73137318],9,-1,-1,-1,-1
11616,[0.21150688 0.27677878],0,5,"[0.23231087327800656, 0.30304944505444303]",-1,-1
11617,[0.25044355 0.60414866],7,7,"[0.2817018170798153, 0.5849768676672948]",514,-1
11618,[0.33349039 0.27508903],2,9,"[0.3110394802231661, 0.23517199738277297]",-1,-1
11619,[0.32373958 0.34348668],2,1,"[0.3897435781344088, 0.3417040596068965]",-1,-1
11620,[0.39172205 0.50762309],3,0,"[0.383291892093257, 0.5586820702346661]",-1,-1
11621,[0.3484412  0.38344545],7,1,"[0.3897435781344088, 0.3417040596068965]",-1,-1
11622,[0.25442529 0.20069219],0,9,"[0.3110394802231661, 0.23517199738277297]",746,-1
11623,[0.6487858  0.66535402],9,2,"[0.5921204552873188, 0.6383928111301557]",641,-1
11624,[0.19599914 0.33374855],2,5,"[0.23231087327800656, 0.30304944505444303]",874,-1
11625,[0.56549601 0.45327199],8,-1,-1,-1,-1
11626,[0.28621856 0.43776263],7,8,"[0.27392971195344684, 0.45973140540928376]",-1,-1
11627,[0.56333456 0.67404089],9,2,"[0.5921204552873188, 0.6383928111301557]",-1,-1
11628,[0.38331298 0.46824036],4,-1,-1,-1,-1
11629,[0.43098631 0.27951682],6,-1,-1,-1,-1
11630,[0.8281561  0.66004707],1,-1,-1,170,0
11631,[0.77973252 0.69540042],1,4,"[0.7726811996944247, 0.7249303226766757]",448,0
11632,[0.31162231 0.35619575],2,-1,-1,1633,-1
11633,[0.71637895 0.74466016],1,4,"[0.7726811996944247, 0.7249303226766757]",416,0
11634,[0.741404  0.4746305],8,3,"[0.6815204869410737, 0.47689852788858716]",513,-1
11635,[0.43608357 0.52735305],3,0,"[0.383291892093257, 0.5586820702346661]",-1,-1
11636,[0.65338998 0.58711137],9,-1,-1,1014,-1
11637,[0.40163512 0.26680896],6,-1,-1,-1,-1
11638,[0.70358761 0.48359246],8,3,"[0.6815204869410737, 0.47689852788858716]",-1,-1
11639,[0.23018131 0.2936472 ],0,5,"[0.23231087327800656, 0.30304944505444303]",1461,-1
11640,[0.43681977 0.22517598],6,-1,-1,-1,-1
11641,[0.18014399 0.25790938],2,5,"[0.23231087327800656, 0.30304944505444303]",505,-1
11642,[0.50941784 0.60179696],9,-1,-1,1218,-1
11643,[0.39355456 0.30270453],6,1,"[0.3897435781344088, 0.3417040596068965]",1396,-1
11644,[0.39863845 0.64704304],3,-1,-1,589,-1
11645,[0.38111436 0.61826502],3,0,"[0.383291892093257, 0.5586820702346661]",-1,-1
11646,[0.26725147 0.27221066],2,5,"[0.23231087327800656, 0.30304944505444303]",1635,-1
11647,[0.40680464 0.48118929],3,-1,-1,-1,-1
11648,[0.53451609 0.52154809],5,6,"[0.5164739970238864, 0.5319253761973344]",1173,-1
11649,[0.65086337 0.69577611],9,-1,-1,489,-1
11650,[0.61438934 0.48204358],8,3,"[0.6815204869410737, 0.47689852788858716]",-1,-1
11651,[0.82990952 0.75188402],1,4,"[0.7726811996944247, 0.7249303226766757]",-1,0
11652,[0.79547401 0.8213741 ],1,-1,-1,-1,-1
11653,[0.54540231 0.55471994],5,6,"[0.5164739970238864, 0.5319253761973344]",1406,6
11654,[0.57132158 0.61066168],9,2,"[0.5921204552873188, 0.6383928111301557]",-1,6
11655,[0.31281957 0.22311712],0,9,"[0.3110394802231661, 0.23517199738277297]",-1,-1
11656,[0.56409452 0.51413269],5,6,"[0.5164739970238864, 0.5319253761973344]",770,-1
11657,[0.29297454 0.55886716],7,7,"[0.2817018170798153, 0.5849768676672948]",-1,-1
11658,[0.4843054  0.52991658],3,6,"[0.5164739970238864, 0.5319253761973344]",-1,-1
11659,[0.67240532 0.74052267],1,-1,-1,197,0
11660,[0.27537435 0.57960547],7,7,"[0.2817018170798153, 0.5849768676672948]",1670,-1
11661,[0.296827   0.41450801],2,8,"[0.27392971195344684, 0.45973140540928376]",1074,-1
11662,[0.28384415 0.2555722 ],2,9,"[0.3110394802231661, 0.23517199738277297]",1606,-1
11663,[0.84182866 0.65630641],1,-1,-1,162,0
11664,[0.36651608 0.30879968],6,1,"[0.3897435781344088, 0.3417040596068965]",-1,-1
11665,[0.58413212 0.61482723],9,2,"[0.5921204552873188, 0.6383928111301557]",-1,-1
11666,[0.45145507 0.52845843],3,6,"[0.5164739970238864, 0.5319253761973344]",1306,-1
11667,[0.25229407 0.18272458],0,-1,-1,-1,-1
11668,[0.37744264 0.31707072],2,1,"[0.3897435781344088, 0.3417040596068965]",1462,-1
11669,[0.37927593 0.31639526],6,1,"[0.3897435781344088, 0.3417040596068965]",-1,-1
11670,[0.59919748 0.63428195],9,2,"[0.5921204552873188, 0.6383928111301557]",-1,-1
11671,[0.67106281 0.70462454],9,-1,-1,-1,0
11672,[0.32745882 0.32545956],0,1,"[0.3897435781344088, 0.3417040596068965]",-1,-1
11673,[0.7179236  0.32975479],8,-1,-1,-1,-1
11674,[0.73417524 0.5260338 ],1,-1,-1,-1,-1
11675,[0.28896382 0.44317948],7,8,"[0.27392971195344684, 0.45973140540928376]",1240,-1
11676,[0.55146358 0.53299775],5,6,"[0.5164739970238864, 0.5319253761973344]",-1,-1
11677,[0.3645033  0.64089304],3,-1,-1,-1,-1
11678,[0.28017007 0.20337076],0,9,"[0.3110394802231661, 0.23517199738277297]",648,-1
11679,[0.80671622 0.72029131],1,4,"[0.7726811996944247, 0.7249303226766757]",456,0
11680,[0.36866671 0.56491883],3,0,"[0.383291892093257, 0.5586820702346661]",-1,12
11681,[0.64119006 0.74514536],1,-1,-1,-1,-1
11682,[0.23677261 0.23904257],0,5,"[0.23231087327800656, 0.30304944505444303]",1314,-1
11683,[0.22847747 0.44942098],2,8,"[0.27392971195344684, 0.45973140540928376]",587,-1
11684,[0.39571279 0.3805754 ],6,1,"[0.3897435781344088, 0.3417040596068965]",759,-1
11685,[0.1993241  0.22401049],0,-1,-1,557,-1
11686,[0.7269547  0.65771236],1,-1,-1,-1,0
11687,[0.19890835 0.44874122],7,-1,-1,100,-1
11688,[0.36734662 0.51259572],4,0,"[0.383291892093257, 0.5586820702346661]",1900,-1
11689,[0.59157032 0.61200281],8,2,"[0.5921204552873188, 0.6383928111301557]",1427,6
11690,[0.31858546 0.63721058],3,7,"[0.2817018170798153, 0.5849768676672948]",887,-1
11691,[0.49843013 0.59467303],9,6,"[0.5164739970238864, 0.5319253761973344]",-1,-1
11692,[0.4671139  0.47619003],6,-1,-1,664,-1
11693,[0.36409497 0.28973111],6,1,"[0.3897435781344088, 0.3417040596068965]",1542,-1
11694,[0.30724979 0.21362155],0,9,"[0.3110394802231661, 0.23517199738277297]",1016,-1
11695,[0.55133914 0.5174429 ],5,6,"[0.5164739970238864, 0.5319253761973344]",1300,-1
11696,[0.29411868 0.39204736],6,-1,-1,1068,-1
11697,[0.52079331 0.46023097],5,-1,-1,602,-1
11698,[0.44241105 0.46218642],5,-1,-1,-1,-1
11699,[0.35915975 0.4563496 ],6,-1,-1,860,-1
11700,[0.62026313 0.62050532],9,2,"[0.5921204552873188, 0.6383928111301557]",-1,-1
11701,[0.34840968 0.41711433],6,-1,-1,870,-1
11702,[0.33403726 0.29072537],2,9,"[0.3110394802231661, 0.23517199738277297]",1651,-1
11703,[0.41055111 0.41852985],6,-1,-1,575,-1
11704,[0.69130213 0.61313033],9,-1,-1,275,-1
11705,[0.27037053 0.4542148 ],7,8,"[0.27392971195344684, 0.45973140540928376]",1247,-1
11706,[0.38409522 0.496957  ],3,0,"[0.383291892093257, 0.5586820702346661]",1448,-1
11707,[0.4032991 0.232704 ],6,-1,-1,-1,-1
11708,[0.28987937 0.40245279],2,8,"[0.27392971195344684, 0.45973140540928376]",-1,-1
11709,[0.60163738 0.57753963],5,2,"[0.5921204552873188, 0.6383928111301557]",1326,5
11710,[0.64303109 0.62141489],8,2,"[0.5921204552873188, 0.6383928111301557]",-1,-1
11711,[0.35764565 0.36434423],2,1,"[0.3897435781344088, 0.3417040596068965]",1079,-1
11712,[0.64158624 0.46457225],5,3,"[0.6815204869410737, 0.47689852788858716]",-1,-1
11713,[0.30949678 0.24863937],6,9,"[0.3110394802231661, 0.23517199738277297]",1499,-1
11714,[0.39354344 0.48848329],3,-1,-1,-1,-1
11715,[0.656429   0.63830411],9,2,"[0.5921204552873188, 0.6383928111301557]",-1,-1
11716,[0.5414044  0.49512232],5,6,"[0.5164739970238864, 0.5319253761973344]",-1,-1
11717,[0.36780609 0.59429375],4,0,"[0.383291892093257, 0.5586820702346661]",-1,-1
11718,[0.36688415 0.2624609 ],2,9,"[0.3110394802231661, 0.23517199738277297]",-1,-1
11719,[0.68510979 0.674445  ],9,-1,-1,388,-1
11720,[0.29997387 0.30528216],2,5,"[0.23231087327800656, 0.30304944505444303]",-1,-1
11721,[0.34763793 0.24470556],2,9,"[0.3110394802231661, 0.23517199738277297]",-1,-1
11722,[0.4162479  0.54045656],5,0,"[0.383291892093257, 0.5586820702346661]",1713,-1
11723,[0.70391851 0.49829309],8,3,"[0.6815204869410737, 0.47689852788858716]",-1,2
11724,[0.32415699 0.26769347],0,9,"[0.3110394802231661, 0.23517199738277297]",-1,-1
11725,[0.66697517 0.81967534],1,-1,-1,-1,-1
11726,[0.27855467 0.21484728],0,9,"[0.3110394802231661, 0.23517199738277297]",1355,-1
11727,[0.74652013 0.71380592],1,4,"[0.7726811996944247, 0.7249303226766757]",367,0
11728,[0.32463748 0.53973373],4,0,"[0.383291892093257, 0.5586820702346661]",-1,-1
11729,[0.26644461 0.23191732],0,9,"[0.3110394802231661, 0.23517199738277297]",1137,-1
11730,[0.63408798 0.4439814 ],8,3,"[0.6815204869410737, 0.47689852788858716]",-1,-1
11731,[0.33035225 0.6145368 ],3,7,"[0.2817018170798153, 0.5849768676672948]",1544,-1
11732,[0.31015137 0.55680914],3,7,"[0.2817018170798153, 0.5849768676672948]",-1,17
11733,[0.53219552 0.51506261],5,6,"[0.5164739970238864, 0.5319253761973344]",1173,-1
11734,[0.30267194 0.5733696 ],7,7,"[0.2817018170798153, 0.5849768676672948]",1839,-1
11735,[0.31960096 0.29018091],0,9,"[0.3110394802231661, 0.23517199738277297]",1580,-1
11736,[0.63502016 0.55454226],8,-1,-1,1104,-1
11737,[0.15615113 0.25006296],0,-1,-1,-1,-1
11738,[0.18279665 0.29849075],2,5,"[0.23231087327800656, 0.30304944505444303]",-1,-1
11739,[0.35914461 0.51212811],7,0,"[0.383291892093257, 0.5586820702346661]",-1,-1
11740,[0.37603821 0.3641578 ],6,1,"[0.3897435781344088, 0.3417040596068965]",-1,-1
11741,[0.49574893 0.64948398],3,-1,-1,-1,-1
11742,[0.47382245 0.62394842],9,-1,-1,736,-1
11743,[0.21707846 0.27440279],0,5,"[0.23231087327800656, 0.30304944505444303]",1024,-1
11744,[0.36213957 0.30611107],6,1,"[0.3897435781344088, 0.3417040596068965]",-1,-1
11745,[0.39812154 0.67250307],3,-1,-1,247,-1
11746,[0.77654013 0.72832631],1,4,"[0.7726811996944247, 0.7249303226766757]",469,0
11747,[0.71590792 0.66112675],1,-1,-1,358,0
11748,[0.34341599 0.36354206],6,1,"[0.3897435781344088, 0.3417040596068965]",1354,-1
11749,[0.31424845 0.09521745],0,-1,-1,-1,-1
11750,[0.35206359 0.57331785],3,0,"[0.383291892093257, 0.5586820702346661]",1859,-1
11751,[0.19638999 0.2563873 ],0,5,"[0.23231087327800656, 0.30304944505444303]",-1,-1
11752,[0.32546761 0.33225281],2,1,"[0.3897435781344088, 0.3417040596068965]",1613,-1
11753,[0.2457302  0.33419229],2,5,"[0.23231087327800656, 0.30304944505444303]",-1,-1
11754,[0.35260443 0.58776963],4,0,"[0.383291892093257, 0.5586820702346661]",-1,-1
11755,[0.27883786 0.2914662 ],2,5,"[0.23231087327800656, 0.30304944505444303]",-1,11
11756,[0.43973341 0.5882304 ],4,0,"[0.383291892093257, 0.5586820702346661]",1436,-1
11757,[0.90655516 0.80950371],1,-1,-1,-1,-1
11758,[0.26319884 0.45361073],3,8,"[0.27392971195344684, 0.45973140540928376]",-1,-1
11759,[0.27859725 0.64039835],4,7,"[0.2817018170798153, 0.5849768676672948]",-1,-1
11760,[0.77568139 0.79887019],1,-1,-1,-1,0
11761,[0.33371612 0.56636054],4,0,"[0.383291892093257, 0.5586820702346661]",1975,-1
11762,[0.68544569 0.56154655],1,-1,-1,-1,-1
11763,[0.20747681 0.509526  ],4,-1,-1,-1,-1
11764,[0.30106181 0.23254991],0,9,"[0.3110394802231661, 0.23517199738277297]",-1,-1
11765,[0.31732173 0.33888156],0,-1,-1,1615,8
11766,[0.3583501  0.59801515],4,0,"[0.383291892093257, 0.5586820702346661]",1817,-1
11767,[0.67811063 0.43491379],8,3,"[0.6815204869410737, 0.47689852788858716]",612,-1
11768,[0.73503157 0.71151394],1,4,"[0.7726811996944247, 0.7249303226766757]",434,0
11769,[0.22735256 0.29083729],0,5,"[0.23231087327800656, 0.30304944505444303]",1460,-1
11770,[0.50002346 0.22826649],6,-1,-1,-1,-1
11771,[0.71282026 0.47391555],9,3,"[0.6815204869410737, 0.47689852788858716]",780,-1
11772,[0.21102833 0.42661444],2,-1,-1,-1,-1
11773,[0.3020152  0.56681133],3,7,"[0.2817018170798153, 0.5849768676672948]",1924,-1
11774,[0.30835128 0.31287357],2,-1,-1,1648,-1
11775,[0.28789547 0.48268034],7,8,"[0.27392971195344684, 0.45973140540928376]",-1,-1
11776,[0.61436367 0.50003587],8,-1,-1,-1,-1
11777,[0.57256034 0.56701031],5,6,"[0.5164739970238864, 0.5319253761973344]",1446,-1
11778,[0.29064138 0.22085839],0,9,"[0.3110394802231661, 0.23517199738277297]",1071,-1
11779,[0.2681245  0.42996415],7,8,"[0.27392971195344684, 0.45973140540928376]",1175,-1
11780,[0.32066342 0.53411001],4,7,"[0.2817018170798153, 0.5849768676672948]",1932,-1
11781,[0.47811575 0.66949665],9,-1,-1,-1,-1
11782,[0.17456718 0.37249781],2,-1,-1,145,-1
11783,[0.5186626  0.58235355],5,6,"[0.5164739970238864, 0.5319253761973344]",1384,6
11784,[0.5092503  0.63674448],5,-1,-1,938,-1
11785,[0.51348198 0.43078171],6,-1,-1,-1,-1
11786,[0.32545389 0.56322702],7,7,"[0.2817018170798153, 0.5849768676672948]",-1,-1
11787,[0.78197126 0.84945076],1,-1,-1,21,-1
11788,[0.60875739 0.55189592],8,-1,-1,1293,-1
11789,[0.32516188 0.55351618],7,7,"[0.2817018170798153, 0.5849768676672948]",1990,17
11790,[0.16640185 0.26747091],2,-1,-1,220,-1
11791,[0.45932595 0.57785478],3,-1,-1,1232,4
11792,[0.27714343 0.56513931],3,7,"[0.2817018170798153, 0.5849768676672948]",-1,13
11793,[0.4016364  0.57216621],4,0,"[0.383291892093257, 0.5586820702346661]",-1,-1
11794,[0.71596739 0.43167095],8,3,"[0.6815204869410737, 0.47689852788858716]",-1,-1
11795,[0.71545917 0.78664321],1,-1,-1,225,0
11796,[0.33314151 0.35942748],2,1,"[0.3897435781344088, 0.3417040596068965]",1367,-1
11797,[0.63303168 0.79547587],9,-1,-1,-1,-1
11798,[0.60941996 0.50717039],8,-1,-1,-1,-1
11799,[0.62945206 0.68291093],1,2,"[0.5921204552873188, 0.6383928111301557]",-1,-1
11800,[0.5837799  0.70782198],9,2,"[0.5921204552873188, 0.6383928111301557]",-1,-1
11801,[0.43847058 0.66212294],5,-1,-1,138,-1
11802,[0.43095523 0.39693492],6,1,"[0.3897435781344088, 0.3417040596068965]",-1,-1
11803,[0.39414992 0.27875498],6,1,"[0.3897435781344088, 0.3417040596068965]",1076,-1
11804,[0.67508075 0.62357121],8,-1,-1,495,-1
11805,[0.75704264 0.35779684],8,-1,-1,27,-1
11806,[0.57705122 0.4769265 ],5,-1,-1,772,-1
11807,[0.5810863  0.58372342],5,2,"[0.5921204552873188, 0.6383928111301557]",-1,6
11808,[0.36789615 0.46437664],4,-1,-1,1055,-1
11809,[0.33059611 0.2142767 ],0,9,"[0.3110394802231661, 0.23517199738277297]",-1,-1
11810,[0.60192774 0.66263727],9,2,"[0.5921204552873188, 0.6383928111301557]",-1,-1
11811,[0.64989428 0.47681605],8,3,"[0.6815204869410737, 0.47689852788858716]",824,1
11812,[0.68479345 0.61539372],8,-1,-1,-1,-1
11813,[0.39227038 0.69312602],4,-1,-1,-1,-1
11814,[0.48935443 0.50692979],3,6,"[0.5164739970238864, 0.5319253761973344]",-1,-1
11815,[0.25125388 0.47837883],4,8,"[0.27392971195344684, 0.45973140540928376]",-1,-1
11816,[0.21463886 0.35675116],0,5,"[0.23231087327800656, 0.30304944505444303]",1127,-1
11817,[0.40657652 0.53964146],3,0,"[0.383291892093257, 0.5586820702346661]",-1,-1
11818,[0.35507395 0.47650731],7,-1,-1,-1,-1
11819,[0.66649634 0.6910297 ],1,-1,-1,386,-1
11820,[0.59321767 0.65652582],9,2,"[0.5921204552873188, 0.6383928111301557]",1125,-1
11821,[0.28988015 0.59072387],7,7,"[0.2817018170798153, 0.5849768676672948]",1810,-1
11822,[0.41937496 0.55525058],4,0,"[0.383291892093257, 0.5586820702346661]",-1,-1
11823,[0.28483449 0.23813425],0,9,"[0.3110394802231661, 0.23517199738277297]",-1,-1
11824,[0.30794074 0.25397492],2,9,"[0.3110394802231661, 0.23517199738277297]",1499,-1
11825,[0.3846492  0.59100231],4,0,"[0.383291892093257, 0.5586820702346661]",-1,-1
11826,[0.43726802 0.61940323],4,-1,-1,706,-1
11827,[0.46494819 0.52161653],5,6,"[0.5164739970238864, 0.5319253761973344]",-1,-1
11828,[0.78908845 0.79920875],1,-1,-1,318,0
11829,[0.50030832 0.64244163],9,-1,-1,260,-1
11830,[0.30531296 0.60237237],3,7,"[0.2817018170798153, 0.5849768676672948]",-1,-1
11831,[0.53755994 0.54371094],5,6,"[0.5164739970238864, 0.5319253761973344]",1365,-1
11832,[0.56650311 0.5975961 ],5,2,"[0.5921204552873188, 0.6383928111301557]",-1,-1
11833,[0.70648706 0.61892165],1,-1,-1,-1,-1
11834,[0.39174878 0.25402048],6,-1,-1,-1,-1
11835,[0.32275029 0.25252828],0,9,"[0.3110394802231661, 0.23517199738277297]",-1,-1
11836,[0.28290955 0.37767335],2,-1,-1,1098,-1
11837,[0.19957133 0.30472676],0,5,"[0.23231087327800656, 0.30304944505444303]",-1,-1
11838,[0.47841692 0.58856324],5,6,"[0.5164739970238864, 0.5319253761973344]",-1,-1
11839,[0.6950158  0.27784745],8,-1,-1,-1,-1
11840,[0.2535955  0.48158777],7,8,"[0.27392971195344684, 0.45973140540928376]",-1,-1
11841,[0.31146569 0.45383926],7,8,"[0.27392971195344684, 0.45973140540928376]",1688,-1
11842,[0.75098731 0.43224672],8,-1,-1,94,-1
11843,[0.25202308 0.41589934],7,8,"[0.27392971195344684, 0.45973140540928376]",700,-1
11844,[0.22815891 0.46066257],7,8,"[0.27392971195344684, 0.45973140540928376]",587,-1
11845,[0.41767742 0.55981202],3,0,"[0.383291892093257, 0.5586820702346661]",-1,-1
11846,[0.34005799 0.54586293],7,0,"[0.383291892093257, 0.5586820702346661]",-1,-1
11847,[0.44428196 0.61302076],5,-1,-1,-1,-1
11848,[0.27187914 0.34708499],0,5,"[0.23231087327800656, 0.30304944505444303]",1592,-1
11849,[0.31725691 0.42265709],2,8,"[0.27392971195344684, 0.45973140540928376]",1017,-1
11850,[0.58787679 0.70077195],9,2,"[0.5921204552873188, 0.6383928111301557]",-1,-1
11851,[0.26473543 0.32336214],2,5,"[0.23231087327800656, 0.30304944505444303]",-1,-1
11852,[0.35487164 0.33762358],6,1,"[0.3897435781344088, 0.3417040596068965]",-1,-1
11853,[0.59078558 0.61431096],9,2,"[0.5921204552873188, 0.6383928111301557]",1427,6
11854,[0.27051924 0.40581375],7,8,"[0.27392971195344684, 0.45973140540928376]",-1,-1
11855,[0.4061696  0.49932279],7,0,"[0.383291892093257, 0.5586820702346661]",-1,-1
11856,[0.40455163 0.60927064],4,0,"[0.383291892093257, 0.5586820702346661]",1697,-1
11857,[0.35597654 0.47856514],3,-1,-1,-1,-1
11858,[0.38081258 0.12404148],2,-1,-1,-1,-1
11859,[0.36453865 0.22659582],0,9,"[0.3110394802231661, 0.23517199738277297]",484,-1
11860,[0.23449438 0.34998701],0,5,"[0.23231087327800656, 0.30304944505444303]",-1,-1
11861,[0.70257337 0.66228292],9,-1,-1,414,0
11862,[0.28803341 0.64172886],7,7,"[0.2817018170798153, 0.5849768676672948]",738,-1
11863,[0.19569511 0.44891305],7,-1,-1,100,-1
11864,[0.34619655 0.54780332],3,0,"[0.383291892093257, 0.5586820702346661]",-1,-1
11865,[0.37581699 0.41146275],6,-1,-1,723,-1
11866,[0.64819458 0.67097326],9,2,"[0.5921204552873188, 0.6383928111301557]",-1,-1
11867,[0.36699487 0.57833683],4,0,"[0.383291892093257, 0.5586820702346661]",1866,12
11868,[0.31782739 0.48549476],7,8,"[0.27392971195344684, 0.45973140540928376]",1869,-1
11869,[0.24080914 0.62473107],4,7,"[0.2817018170798153, 0.5849768676672948]",347,-1
11870,[0.17917018 0.46620452],7,-1,-1,210,-1
11871,[0.3940187  0.29737224],6,1,"[0.3897435781344088, 0.3417040596068965]",1396,-1
11872,[0.38014692 0.62782025],4,0,"[0.383291892093257, 0.5586820702346661]",679,-1
11873,[0.35370468 0.56192797],4,0,"[0.383291892093257, 0.5586820702346661]",-1,-1
11874,[0.218885   0.32139593],0,5,"[0.23231087327800656, 0.30304944505444303]",1339,-1
11875,[0.74272939 0.66742312],1,4,"[0.7726811996944247, 0.7249303226766757]",376,0
11876,[0.56226439 0.65930963],9,2,"[0.5921204552873188, 0.6383928111301557]",1045,-1
11877,[0.42028577 0.67191218],3,-1,-1,154,-1
11878,[0.23929411 0.53399323],7,7,"[0.2817018170798153, 0.5849768676672948]",-1,-1
11879,[0.70208402 0.72105994],1,-1,-1,-1,0
11880,[0.75153978 0.77810798],1,4,"[0.7726811996944247, 0.7249303226766757]",372,0
11881,[0.75135879 0.76796374],1,4,"[0.7726811996944247, 0.7249303226766757]",419,0
11882,[0.28069918 0.58425186],7,7,"[0.2817018170798153, 0.5849768676672948]",-1,-1
11883,[0.25049815 0.62332184],3,7,"[0.2817018170798153, 0.5849768676672948]",-1,-1
11884,[0.32022187 0.33715275],2,1,"[0.3897435781344088, 0.3417040596068965]",-1,-1
11885,[0.53950413 0.55375134],8,6,"[0.5164739970238864, 0.5319253761973344]",1406,6
11886,[0.25119534 0.3362181 ],2,5,"[0.23231087327800656, 0.30304944505444303]",1399,-1
11887,[0.44640814 0.47734827],5,-1,-1,547,-1
11888,[0.45266346 0.62778625],5,-1,-1,705,-1
11889,[0.56805425 0.40494392],8,-1,-1,114,-1
11890,[0.21866579 0.25839727],0,5,"[0.23231087327800656, 0.30304944505444303]",1021,-1
11891,[0.34814607 0.40112389],7,-1,-1,-1,-1
11892,[0.31338734 0.61163836],7,7,"[0.2817018170798153, 0.5849768676672948]",1763,-1
11893,[0.70959219 0.5682049 ],8,-1,-1,563,-1
11894,[0.76311363 0.74444553],1,4,"[0.7726811996944247, 0.7249303226766757]",430,0
11895,[0.46241114 0.60391926],5,-1,-1,1235,-1
11896,[0.29969241 0.61555465],4,7,"[0.2817018170798153, 0.5849768676672948]",856,-1
11897,[0.32370186 0.69061   ],3,-1,-1,-1,-1
11898,[0.3094561  0.52067891],4,-1,-1,1919,15
11899,[0.42510339 0.63543006],3,-1,-1,366,-1
11900,[0.30926455 0.54483647],4,7,"[0.2817018170798153, 0.5849768676672948]",1986,17
11901,[0.31076307 0.54144118],4,7,"[0.2817018170798153, 0.5849768676672948]",1986,-1
11902,[0.79620089 0.70812271],1,4,"[0.7726811996944247, 0.7249303226766757]",-1,0
11903,[0.39575695 0.33146242],6,1,"[0.3897435781344088, 0.3417040596068965]",1003,-1
11904,[0.31042397 0.35912106],2,-1,-1,1632,-1
11905,[0.59079385 0.66655636],9,2,"[0.5921204552873188, 0.6383928111301557]",-1,-1
11906,[0.34356832 0.521185  ],4,0,"[0.383291892093257, 0.5586820702346661]",-1,-1
11907,[0.49046046 0.30725936],6,-1,-1,-1,-1
11908,[0.53404921 0.55091722],5,6,"[0.5164739970238864, 0.5319253761973344]",1359,-1
11909,[0.71375564 0.73170676],1,4,"[0.7726811996944247, 0.7249303226766757]",-1,0
11910,[0.66760698 0.57706339],5,-1,-1,-1,-1
11911,[0.55864808 0.62934639],9,2,"[0.5921204552873188, 0.6383928111301557]",1278,-1
11912,[0.356092   0.33457655],6,1,"[0.3897435781344088, 0.3417040596068965]",-1,-1
11913,[0.16285487 0.3474509 ],2,-1,-1,-1,-1
11914,[0.31244584 0.22795101],6,9,"[0.3110394802231661, 0.23517199738277297]",-1,-1
11915,[0.25745113 0.42444558],2,8,"[0.27392971195344684, 0.45973140540928376]",692,-1
11916,[0.60611357 0.56956269],9,-1,-1,-1,-1
11917,[0.48459358 0.56573462],3,6,"[0.5164739970238864, 0.5319253761973344]",-1,-1
11918,[0.2934423  0.23043138],0,9,"[0.3110394802231661, 0.23517199738277297]",1370,-1
11919,[0.3965425  0.38146815],6,1,"[0.3897435781344088, 0.3417040596068965]",759,-1
11920,[0.29166971 0.50696133],4,8,"[0.27392971195344684, 0.45973140540928376]",1898,-1
11921,[0.41346537 0.57820615],7,0,"[0.383291892093257, 0.5586820702346661]",-1,-1
11922,[0.60795969 0.43273359],5,-1,-1,284,-1
11923,[0.78325652 0.75808987],1,4,"[0.7726811996944247, 0.7249303226766757]",-1,0
11924,[0.54076023 0.54424815],5,6,"[0.5164739970238864, 0.5319253761973344]",1402,-1
11925,[0.66059458 0.49364648],8,3,"[0.6815204869410737, 0.47689852788858716]",-1,1
11926,[0.79751792 0.69520582],1,4,"[0.7726811996944247, 0.7249303226766757]",-1,0
11927,[0.70951291 0.81904817],1,-1,-1,-1,-1
11928,[0.7929849  0.69191703],1,4,"[0.7726811996944247, 0.7249303226766757]",-1,0
11929,[0.55022589 0.67009947],9,2,"[0.5921204552873188, 0.6383928111301557]",-1,-1
11930,[0.73169074 0.46253449],8,3,"[0.6815204869410737, 0.47689852788858716]",778,-1
11931,[0.34831216 0.71890985],4,-1,-1,-1,-1
11932,[0.39003412 0.52324246],3,0,"[0.383291892093257, 0.5586820702346661]",-1,-1
11933,[0.18304738 0.30621181],0,5,"[0.23231087327800656, 0.30304944505444303]",549,-1
11934,[0.31744161 0.56068527],4,7,"[0.2817018170798153, 0.5849768676672948]",-1,-1
11935,[0.67804171 0.45963528],8,3,"[0.6815204869410737, 0.47689852788858716]",735,-1
11936,[0.5991084  0.45171401],5,-1,-1,616,-1
11937,[0.28660154 0.31081654],0,5,"[0.23231087327800656, 0.30304944505444303]",-1,-1
11938,[0.28808095 0.27409057],0,9,"[0.3110394802231661, 0.23517199738277297]",1555,-1
11939,[0.47605102 0.54624938],5,6,"[0.5164739970238864, 0.5319253761973344]",854,-1
11940,[0.84182699 0.76031571],1,-1,-1,297,0
11941,[0.20406785 0.22853196],0,-1,-1,-1,-1
11942,[0.36692645 0.32981373],6,1,"[0.3897435781344088, 0.3417040596068965]",1536,-1
11943,[0.55312404 0.42638307],5,-1,-1,-1,-1
11944,[0.42164109 0.42511626],6,-1,-1,403,-1
11945,[0.44720865 0.58073622],3,0,"[0.383291892093257, 0.5586820702346661]",-1,-1
11946,[0.35202066 0.47835395],7,-1,-1,-1,-1
11947,[0.30302038 0.45925749],7,8,"[0.27392971195344684, 0.45973140540928376]",-1,-1
11948,[0.30973797 0.50751931],7,8,"[0.27392971195344684, 0.45973140540928376]",1922,15
11949,[0.34548677 0.44318328],4,-1,-1,-1,-1
11950,[0.57371941 0.63434657],9,2,"[0.5921204552873188, 0.6383928111301557]",-1,-1
11951,[0.28388372 0.49866581],3,8,"[0.27392971195344684, 0.45973140540928376]",1768,-1
11952,[0.35131374 0.61007061],3,0,"[0.383291892093257, 0.5586820702346661]",1833,-1
11953,[0.39465439 0.2948276 ],2,1,"[0.3897435781344088, 0.3417040596068965]",-1,-1
11954,[0.45904898 0.55264949],5,6,"[0.5164739970238864, 0.5319253761973344]",-1,-1
11955,[0.66127275 0.48816092],8,3,"[0.6815204869410737, 0.47689852788858716]",821,1
11956,[0.45261162 0.33237949],6,1,"[0.3897435781344088, 0.3417040596068965]",528,-1
11957,[0.66672877 0.66958945],9,-1,-1,638,-1
11958,[0.70842798 0.49963035],8,3,"[0.6815204869410737, 0.47689852788858716]",739,-1
11959,[0.31972283 0.46145181],7,8,"[0.27392971195344684, 0.45973140540928376]",1556,-1
11960,[0.63860442 0.49236773],8,3,"[0.6815204869410737, 0.47689852788858716]",819,-1
11961,[0.31193107 0.37585773],2,-1,-1,1423,-1
11962,[0.61902774 0.49002107],8,3,"[0.6815204869410737, 0.47689852788858716]",789,-1
11963,[0.35482095 0.36782497],6,1,"[0.3897435781344088, 0.3417040596068965]",1079,-1
11964,[0.55361125 0.71872869],9,-1,-1,245,-1
11965,[0.35515724 0.63663288],4,-1,-1,1206,-1
11966,[0.62958959 0.5149246 ],8,3,"[0.6815204869410737, 0.47689852788858716]",-1,-1
11967,[0.36983154 0.21062551],6,9,"[0.3110394802231661, 0.23517199738277297]",171,-1
11968,[0.30869    0.23979357],0,9,"[0.3110394802231661, 0.23517199738277297]",-1,-1
11969,[0.92258339 0.73425784],1,-1,-1,5,-1
11970,[0.28855585 0.60489519],7,7,"[0.2817018170798153, 0.5849768676672948]",1693,-1
11971,[0.35644974 0.53294037],3,0,"[0.383291892093257, 0.5586820702346661]",1951,-1
11972,[0.30512544 0.33626514],2,-1,-1,-1,8
11973,[0.35336988 0.61609783],3,0,"[0.383291892093257, 0.5586820702346661]",1821,-1
11974,[0.31255444 0.35464305],6,-1,-1,1633,-1
11975,[0.2446756  0.28966086],2,5,"[0.23231087327800656, 0.30304944505444303]",1640,-1
11976,[0.19373806 0.29231256],2,5,"[0.23231087327800656, 0.30304944505444303]",933,-1
11977,[0.28022828 0.51344336],7,8,"[0.27392971195344684, 0.45973140540928376]",1887,-1
11978,[0.41491651 0.59785825],4,0,"[0.383291892093257, 0.5586820702346661]",-1,-1
11979,[0.26529535 0.52556668],4,7,"[0.2817018170798153, 0.5849768676672948]",-1,-1
11980,[0.32886145 0.6617227 ],4,-1,-1,169,-1
11981,[0.25416329 0.33620461],0,5,"[0.23231087327800656, 0.30304944505444303]",1399,-1
11982,[0.25373466 0.38856549],2,-1,-1,-1,-1
11983,[0.36181621 0.27892046],0,9,"[0.3110394802231661, 0.23517199738277297]",-1,-1
11984,[0.35082629 0.54070753],3,0,"[0.383291892093257, 0.5586820702346661]",1969,16
11985,[0.75479658 0.73771308],1,4,"[0.7726811996944247, 0.7249303226766757]",-1,0
11986,[0.2206605  0.19508937],2,-1,-1,374,-1
11987,[0.66557292 0.60048166],8,-1,-1,543,-1
11988,[0.6122826  0.59099754],9,2,"[0.5921204552873188, 0.6383928111301557]",-1,-1
11989,[0.52649502 0.68673615],9,-1,-1,-1,-1
11990,[0.8058223  0.76837633],1,4,"[0.7726811996944247, 0.7249303226766757]",428,0
11991,[0.42503056 0.28534971],6,1,"[0.3897435781344088, 0.3417040596068965]",-1,-1
11992,[0.6172467  0.74927535],9,-1,-1,-1,-1
11993,[0.56733335 0.57884877],9,2,"[0.5921204552873188, 0.6383928111301557]",1458,6
11994,[0.35548283 0.46326836],3,-1,-1,-1,-1
11995,[0.52562127 0.5223604 ],5,6,"[0.5164739970238864, 0.5319253761973344]",-1,-1
11996,[0.52756334 0.50642758],5,6,"[0.5164739970238864, 0.5319253761973344]",-1,-1
11997,[0.57846529 0.67819105],9,2,"[0.5921204552873188, 0.6383928111301557]",915,-1
11998,[0.65339899 0.54925753],9,-1,-1,655,-1
11999,[0.49740316 0.53374072],9,6,"[0.5164739970238864, 0.5319253761973344]",1186,-1
12000,[0.35876019 0.29329746],6,1,"[0.3897435781344088, 0.3417040596068965]",-1,-1
12001,[0.34344734 0.58549685],5,0,"[0.383291892093257, 0.5586820702346661]",-1,-1
12002,[0.58769269 0.62352472],9,2,"[0.5921204552873188, 0.6383928111301557]",-1,-1
12003,[0.27855043 0.46675276],4,8,"[0.27392971195344684, 0.45973140540928376]",1404,-1
12004,[0.27565893 0.20194326],0,9,"[0.3110394802231661, 0.23517199738277297]",648,-1
12005,[0.77285699 0.71291494],1,4,"[0.7726811996944247, 0.7249303226766757]",-1,0
12006,[0.23986156 0.30123806],2,5,"[0.23231087327800656, 0.30304944505444303]",-1,-1
12007,[0.48042509 0.64489775],9,-1,-1,647,-1
12008,[0.78346962 0.7702965 ],1,4,"[0.7726811996944247, 0.7249303226766757]",407,0
12009,[0.31274088 0.3197278 ],2,-1,-1,1672,-1
12010,[0.47036906 0.46484574],3,-1,-1,-1,-1
12011,[0.46085646 0.27719505],6,-1,-1,-1,-1
12012,[0.4337076  0.49766511],3,-1,-1,-1,-1
12013,[0.39145586 0.61397613],4,0,"[0.383291892093257, 0.5586820702346661]",1721,-1
12014,[0.30532316 0.46845501],2,8,"[0.27392971195344684, 0.45973140540928376]",1733,-1
12015,[0.74974201 0.7835376 ],1,4,"[0.7726811996944247, 0.7249303226766757]",-1,0
12016,[0.67687902 0.59866449],9,-1,-1,-1,-1
12017,[0.73571728 0.76250905],1,4,"[0.7726811996944247, 0.7249303226766757]",415,0
12018,[0.27375112 0.37360219],0,-1,-1,-1,-1
12019,[0.58119324 0.56087682],9,-1,-1,-1,-1
12020,[0.34709771 0.36031449],6,1,"[0.3897435781344088, 0.3417040596068965]",1354,-1
12021,[0.38924685 0.31558839],6,1,"[0.3897435781344088, 0.3417040596068965]",1050,-1
12022,[0.3922776  0.55573916],3,0,"[0.383291892093257, 0.5586820702346661]",1568,-1
12023,[0.27190706 0.55105949],7,7,"[0.2817018170798153, 0.5849768676672948]",1698,-1
12024,[0.73140156 0.40310985],8,-1,-1,-1,-1
12025,[0.75288377 0.67338767],1,4,"[0.7726811996944247, 0.7249303226766757]",-1,0
12026,[0.33429796 0.14936814],0,-1,-1,-1,-1
12027,[0.36890461 0.53067629],3,0,"[0.383291892093257, 0.5586820702346661]",1934,-1
12028,[0.55463693 0.43762308],5,-1,-1,-1,-1
12029,[0.50917916 0.55656508],9,6,"[0.5164739970238864, 0.5319253761973344]",-1,-1
12030,[0.72805584 0.73840508],1,4,"[0.7726811996944247, 0.7249303226766757]",381,0
12031,[0.35091807 0.4415693 ],3,-1,-1,1193,-1
12032,[0.31055726 0.28140929],0,9,"[0.3110394802231661, 0.23517199738277297]",1614,-1
12033,[0.75916906 0.67493395],1,4,"[0.7726811996944247, 0.7249303226766757]",-1,0
12034,[0.28805826 0.62413146],4,7,"[0.2817018170798153, 0.5849768676672948]",878,-1
12035,[0.21482859 0.19337813],0,-1,-1,-1,-1
12036,[0.7770718  0.54244325],8,-1,-1,-1,-1
12037,[0.24749939 0.66846405],3,-1,-1,-1,-1
12038,[0.4499468  0.26974885],6,-1,-1,-1,-1
12039,[0.31376936 0.25989204],0,9,"[0.3110394802231661, 0.23517199738277297]",-1,-1
12040,[0.45388453 0.25604794],6,-1,-1,-1,-1
12041,[0.24970887 0.27372425],0,5,"[0.23231087327800656, 0.30304944505444303]",1541,-1
12042,[0.74599691 0.44605904],8,-1,-1,263,-1
12043,[0.30448788 0.44710279],7,8,"[0.27392971195344684, 0.45973140540928376]",-1,-1
12044,[0.79832943 0.43979923],8,-1,-1,-1,-1
12045,[0.63710006 0.45442733],8,3,"[0.6815204869410737, 0.47689852788858716]",-1,-1
12046,[0.62285944 0.71126716],1,-1,-1,287,-1
12047,[0.19234674 0.31744217],2,5,"[0.23231087327800656, 0.30304944505444303]",857,-1
12048,[0.29060464 0.50863913],7,8,"[0.27392971195344684, 0.45973140540928376]",-1,-1
12049,[0.51229991 0.50200388],5,6,"[0.5164739970238864, 0.5319253761973344]",661,-1
12050,[0.30205563 0.43269192],4,8,"[0.27392971195344684, 0.45973140540928376]",-1,-1
12051,[0.28808992 0.56882398],4,7,"[0.2817018170798153, 0.5849768676672948]",1896,-1
12052,[0.27836924 0.32947596],0,5,"[0.23231087327800656, 0.30304944505444303]",1598,-1
12053,[0.42267563 0.27665345],6,-1,-1,532,-1
12054,[0.50966937 0.610761  ],9,-1,-1,-1,-1
12055,[0.58385616 0.50111921],5,-1,-1,841,-1
12056,[0.67989114 0.56969617],8,-1,-1,464,-1
12057,[0.44779762 0.4106867 ],5,-1,-1,207,-1
12058,[0.87013876 0.6879861 ],1,-1,-1,80,-1
12059,[0.28223418 0.54111271],3,7,"[0.2817018170798153, 0.5849768676672948]",-1,-1
12060,[0.57283272 0.77757385],9,-1,-1,-1,-1
12061,[0.56838405 0.49132233],5,6,"[0.5164739970238864, 0.5319253761973344]",848,-1
12062,[0.61455847 0.67722018],9,2,"[0.5921204552873188, 0.6383928111301557]",-1,-1
12063,[0.40371475 0.36389143],2,1,"[0.3897435781344088, 0.3417040596068965]",980,-1
12064,[0.75349278 0.67974689],1,4,"[0.7726811996944247, 0.7249303226766757]",-1,0
12065,[0.23553117 0.23078403],0,-1,-1,-1,-1
12066,[0.26459465 0.1219598 ],0,-1,-1,20,-1
12067,[0.64796665 0.54742588],8,-1,-1,-1,-1
12068,[0.60295257 0.49459133],5,-1,-1,843,-1
12069,[0.50534266 0.60948413],5,-1,-1,1133,-1
12070,[0.41146722 0.61237694],9,0,"[0.383291892093257, 0.5586820702346661]",-1,-1
12071,[0.40406468 0.34287835],6,1,"[0.3897435781344088, 0.3417040596068965]",997,-1
12072,[0.31502804 0.45214305],7,8,"[0.27392971195344684, 0.45973140540928376]",-1,-1
12073,[0.73257753 0.43867148],8,3,"[0.6815204869410737, 0.47689852788858716]",-1,-1
12074,[0.29821739 0.57848433],4,7,"[0.2817018170798153, 0.5849768676672948]",1840,-1
12075,[0.29665094 0.58070073],4,7,"[0.2817018170798153, 0.5849768676672948]",1840,-1
12076,[0.2045572  0.50768007],4,-1,-1,-1,-1
12077,[0.47040327 0.45816259],5,-1,-1,291,-1
12078,[0.64191489 0.4310185 ],8,3,"[0.6815204869410737, 0.47689852788858716]",731,-1
12079,[0.56593119 0.65748802],9,2,"[0.5921204552873188, 0.6383928111301557]",1045,-1
12080,[0.20265576 0.22165636],0,-1,-1,-1,-1
12081,[0.48659869 0.52562755],5,6,"[0.5164739970238864, 0.5319253761973344]",936,-1
12082,[0.64677364 0.62893015],9,2,"[0.5921204552873188, 0.6383928111301557]",1158,-1
12083,[0.48610473 0.70008558],9,-1,-1,129,-1
12084,[0.33791281 0.2833767 ],0,9,"[0.3110394802231661, 0.23517199738277297]",-1,-1
12085,[0.48267952 0.37077384],6,-1,-1,208,-1
12086,[0.4131026  0.28036045],2,1,"[0.3897435781344088, 0.3417040596068965]",-1,-1
12087,[0.25790904 0.44604449],2,8,"[0.27392971195344684, 0.45973140540928376]",667,-1
12088,[0.3427391  0.36683591],2,1,"[0.3897435781344088, 0.3417040596068965]",-1,-1
12089,[0.36744212 0.5608831 ],3,0,"[0.383291892093257, 0.5586820702346661]",1856,-1
12090,[0.252761   0.34627631],2,5,"[0.23231087327800656, 0.30304944505444303]",-1,-1
12091,[0.33275839 0.57674148],4,7,"[0.2817018170798153, 0.5849768676672948]",1979,-1
12092,[0.6984827  0.54270506],8,3,"[0.6815204869410737, 0.47689852788858716]",559,-1
12093,[0.1911316  0.42499784],2,-1,-1,144,-1
12094,[0.79082211 0.46823575],8,-1,-1,-1,-1
12095,[0.65107239 0.68435326],9,-1,-1,444,-1
12096,[0.72847419 0.51038311],8,3,"[0.6815204869410737, 0.47689852788858716]",-1,-1
12097,[0.40584356 0.70319661],3,-1,-1,34,-1
12098,[0.3055382  0.24120573],0,9,"[0.3110394802231661, 0.23517199738277297]",-1,-1
12099,[0.34292307 0.55549498],4,0,"[0.383291892093257, 0.5586820702346661]",1955,-1
12100,[0.67203713 0.38854036],8,-1,-1,-1,-1
12101,[0.68618598 0.68012828],1,-1,-1,-1,-1
12102,[0.27925507 0.56736651],7,7,"[0.2817018170798153, 0.5849768676672948]",1879,-1
12103,[0.16975766 0.21049089],0,-1,-1,-1,-1
12104,[0.31277354 0.76496519],4,-1,-1,-1,-1
12105,[0.74405906 0.71075891],1,4,"[0.7726811996944247, 0.7249303226766757]",-1,0
12106,[0.67514219 0.59066212],9,-1,-1,338,-1
12107,[0.33157865 0.57714706],3,7,"[0.2817018170798153, 0.5849768676672948]",-1,17
12108,[0.73951112 0.4839902 ],8,3,"[0.6815204869410737, 0.47689852788858716]",773,-1
12109,[0.71863754 0.49493511],8,3,"[0.6815204869410737, 0.47689852788858716]",680,-1
12110,[0.34385516 0.34646623],2,1,"[0.3897435781344088, 0.3417040596068965]",1352,-1
12111,[0.27548378 0.581615  ],7,7,"[0.2817018170798153, 0.5849768676672948]",1670,-1
12112,[0.29862447 0.50141924],7,8,"[0.27392971195344684, 0.45973140540928376]",-1,-1
12113,[0.27344805 0.28314106],0,5,"[0.23231087327800656, 0.30304944505444303]",1675,11
12114,[0.32855814 0.34096482],6,1,"[0.3897435781344088, 0.3417040596068965]",1616,-1
12115,[0.29092511 0.32941284],2,5,"[0.23231087327800656, 0.30304944505444303]",-1,-1
12116,[0.68836265 0.51441221],8,3,"[0.6815204869410737, 0.47689852788858716]",-1,-1
12117,[0.43626995 0.33795735],6,1,"[0.3897435781344088, 0.3417040596068965]",-1,-1
12118,[0.22165261 0.52977179],7,-1,-1,1478,-1
12119,[0.25627857 0.22485916],0,9,"[0.3110394802231661, 0.23517199738277297]",988,-1
12120,[0.43069693 0.49561466],5,-1,-1,-1,-1
12121,[0.42797685 0.37973977],6,1,"[0.3897435781344088, 0.3417040596068965]",-1,-1
12122,[0.75746054 0.68383619],1,4,"[0.7726811996944247, 0.7249303226766757]",432,0
12123,[0.77430946 0.5289411 ],8,-1,-1,69,-1
12124,[0.2670588  0.52682788],7,7,"[0.2817018170798153, 0.5849768676672948]",1853,-1
12125,[0.49190447 0.50562693],5,6,"[0.5164739970238864, 0.5319253761973344]",803,-1
12126,[0.36863946 0.24832244],6,9,"[0.3110394802231661, 0.23517199738277297]",675,-1
12127,[0.44224358 0.59809532],5,-1,-1,-1,-1
12128,[0.28369371 0.56616078],7,7,"[0.2817018170798153, 0.5849768676672948]",1903,-1
12129,[0.30182201 0.66776741],5,-1,-1,-1,-1
12130,[0.31545171 0.28330376],0,9,"[0.3110394802231661, 0.23517199738277297]",1576,-1
12131,[0.60602734 0.43583126],8,-1,-1,284,-1
12132,[0.36849087 0.59086726],3,0,"[0.383291892093257, 0.5586820702346661]",1846,12
12133,[0.16233218 0.23201494],0,-1,-1,-1,-1
12134,[0.48443477 0.5690008 ],5,6,"[0.5164739970238864, 0.5319253761973344]",-1,-1
12135,[0.1876751  0.19623419],2,-1,-1,-1,-1
12136,[0.2984228  0.34189488],0,-1,-1,-1,-1
12137,[0.44197285 0.28217608],6,-1,-1,-1,-1
12138,[0.33008505 0.54599042],3,0,"[0.383291892093257, 0.5586820702346661]",-1,-1
12139,[0.33935231 0.26487603],2,9,"[0.3110394802231661, 0.23517199738277297]",958,-1
12140,[0.34816712 0.36939574],6,1,"[0.3897435781344088, 0.3417040596068965]",1079,-1
12141,[0.564874   0.54530211],5,6,"[0.5164739970238864, 0.5319253761973344]",-1,-1
12142,[0.5569315  0.55994726],9,6,"[0.5164739970238864, 0.5319253761973344]",-1,6
12143,[0.53329671 0.48225693],5,6,"[0.5164739970238864, 0.5319253761973344]",926,-1
12144,[0.73595886 0.62616915],1,-1,-1,-1,0
12145,[0.37283825 0.6451645 ],3,-1,-1,-1,-1
12146,[0.31814907 0.37768324],6,-1,-1,1015,-1
12147,[0.57400021 0.49952283],5,6,"[0.5164739970238864, 0.5319253761973344]",-1,-1
12148,[0.37604168 0.3821702 ],6,1,"[0.3897435781344088, 0.3417040596068965]",1006,-1
12149,[0.35223002 0.40317504],2,-1,-1,905,-1
12150,[0.59914016 0.66103264],9,2,"[0.5921204552873188, 0.6383928111301557]",-1,-1
12151,[0.34253211 0.60749529],4,0,"[0.383291892093257, 0.5586820702346661]",-1,-1
12152,[0.30969989 0.26811814],6,9,"[0.3110394802231661, 0.23517199738277297]",1512,-1
12153,[0.6493238  0.47618301],8,3,"[0.6815204869410737, 0.47689852788858716]",824,1
12154,[0.51579252 0.62598688],5,-1,-1,1143,-1
12155,[0.34044533 0.44573074],4,8,"[0.27392971195344684, 0.45973140540928376]",1193,-1
12156,[0.26837434 0.28388933],6,5,"[0.23231087327800656, 0.30304944505444303]",1622,-1
12157,[0.47595989 0.28105494],6,-1,-1,-1,-1
12158,[0.23523155 0.55927043],7,7,"[0.2817018170798153, 0.5849768676672948]",-1,-1
12159,[0.33001872 0.24919727],0,9,"[0.3110394802231661, 0.23517199738277297]",1489,-1
12160,[0.42106159 0.58152927],3,0,"[0.383291892093257, 0.5586820702346661]",1711,-1
12161,[0.34532989 0.63934132],7,-1,-1,900,-1
12162,[0.58156428 0.59496388],5,2,"[0.5921204552873188, 0.6383928111301557]",1443,-1
12163,[0.26389612 0.31997776],0,5,"[0.23231087327800656, 0.30304944505444303]",-1,-1
12164,[0.6646205  0.38917279],8,-1,-1,241,-1
12165,[0.70264694 0.61676189],9,-1,-1,276,-1
12166,[0.35093646 0.33613568],2,1,"[0.3897435781344088, 0.3417040596068965]",-1,-1
12167,[0.18074637 0.25631422],0,5,"[0.23231087327800656, 0.30304944505444303]",505,-1
12168,[0.34093535 0.59580685],7,0,"[0.383291892093257, 0.5586820702346661]",-1,-1
12169,[0.59001335 0.49749032],5,-1,-1,841,-1
12170,[0.49444666 0.63256953],9,-1,-1,-1,-1
12171,[0.29460214 0.44512555],4,8,"[0.27392971195344684, 0.45973140540928376]",1240,-1
12172,[0.36545619 0.63197935],3,-1,-1,-1,-1
12173,[0.2412041  0.47064214],7,8,"[0.27392971195344684, 0.45973140540928376]",-1,-1
12174,[0.51153593 0.57700972],9,6,"[0.5164739970238864, 0.5319253761973344]",-1,-1
12175,[0.30338698 0.36789657],2,-1,-1,1594,-1
12176,[0.40311788 0.61644931],3,0,"[0.383291892093257, 0.5586820702346661]",-1,-1
12177,[0.29440783 0.46842336],7,8,"[0.27392971195344684, 0.45973140540928376]",-1,-1
12178,[0.54887625 0.46077473],5,-1,-1,-1,-1
12179,[0.38483731 0.21565297],0,-1,-1,-1,-1
12180,[0.32324141 0.27131365],0,9,"[0.3110394802231661, 0.23517199738277297]",1504,-1
12181,[0.33555255 0.57579257],3,0,"[0.383291892093257, 0.5586820702346661]",1979,-1
12182,[0.28457729 0.55387694],7,7,"[0.2817018170798153, 0.5849768676672948]",-1,-1
12183,[0.63113605 0.58327295],5,2,"[0.5921204552873188, 0.6383928111301557]",-1,-1
12184,[0.7700636  0.72408852],1,4,"[0.7726811996944247, 0.7249303226766757]",469,0
12185,[0.82496412 0.69584564],1,4,"[0.7726811996944247, 0.7249303226766757]",364,0
12186,[0.33998709 0.61651369],4,7,"[0.2817018170798153, 0.5849768676672948]",-1,-1
12187,[0.26150215 0.34985721],0,5,"[0.23231087327800656, 0.30304944505444303]",1586,-1
12188,[0.2976682  0.55971062],3,7,"[0.2817018170798153, 0.5849768676672948]",-1,-1
12189,[0.19062414 0.48799965],7,-1,-1,214,-1
12190,[0.33857573 0.62334958],3,7,"[0.2817018170798153, 0.5849768676672948]",1695,-1
12191,[0.31536832 0.41857208],2,8,"[0.27392971195344684, 0.45973140540928376]",1017,-1
12192,[0.2462841  0.37445225],2,-1,-1,1149,-1
12193,[0.38698992 0.40917992],6,1,"[0.3897435781344088, 0.3417040596068965]",-1,-1
12194,[0.7088783  0.55253569],8,-1,-1,563,-1
12195,[0.5955948  0.61460503],5,2,"[0.5921204552873188, 0.6383928111301557]",-1,-1
12196,[0.46593321 0.62456063],5,-1,-1,704,-1
12197,[0.29666467 0.23293091],0,9,"[0.3110394802231661, 0.23517199738277297]",-1,-1
12198,[0.33630005 0.55532375],3,0,"[0.383291892093257, 0.5586820702346661]",1957,-1
12199,[0.54023316 0.43927799],5,-1,-1,-1,-1
12200,[0.45511969 0.50869459],4,6,"[0.5164739970238864, 0.5319253761973344]",753,-1
12201,[0.22422963 0.29792471],0,5,"[0.23231087327800656, 0.30304944505444303]",-1,-1
12202,[0.23927055 0.37031048],2,5,"[0.23231087327800656, 0.30304944505444303]",1149,-1
12203,[0.20462753 0.36740345],2,-1,-1,-1,-1
12204,[0.74331857 0.5789296 ],8,-1,-1,110,-1
12205,[0.2658461  0.29500796],2,5,"[0.23231087327800656, 0.30304944505444303]",-1,-1
12206,[0.31458101 0.55160066],3,7,"[0.2817018170798153, 0.5849768676672948]",-1,17
12207,[0.3918629  0.50441616],3,0,"[0.383291892093257, 0.5586820702346661]",1449,-1
12208,[0.23486974 0.54584327],7,7,"[0.2817018170798153, 0.5849768676672948]",1411,-1
12209,[0.31854578 0.66211145],7,-1,-1,-1,-1
12210,[0.27664732 0.34442652],0,5,"[0.23231087327800656, 0.30304944505444303]",1459,-1
12211,[0.32926938 0.23747135],0,9,"[0.3110394802231661, 0.23517199738277297]",1001,-1
12212,[0.23460526 0.15155142],0,-1,-1,-1,-1
12213,[0.58663536 0.41846487],8,-1,-1,153,-1
12214,[0.55335724 0.62278319],5,2,"[0.5921204552873188, 0.6383928111301557]",-1,-1
12215,[0.38150887 0.58432706],3,0,"[0.383291892093257, 0.5586820702346661]",-1,-1
12216,[0.31493243 0.2836154 ],2,9,"[0.3110394802231661, 0.23517199738277297]",-1,-1
12217,[0.7135849  0.79190145],1,-1,-1,225,0
12218,[0.64506925 0.60991257],8,2,"[0.5921204552873188, 0.6383928111301557]",613,-1
12219,[0.18865959 0.40475418],2,-1,-1,-1,-1
12220,[0.23090201 0.45784718],2,8,"[0.27392971195344684, 0.45973140540928376]",587,-1
12221,[0.33263964 0.54044464],3,0,"[0.383291892093257, 0.5586820702346661]",1949,-1
12222,[0.34699437 0.22085755],2,9,"[0.3110394802231661, 0.23517199738277297]",566,-1
12223,[0.33776918 0.53014924],7,0,"[0.383291892093257, 0.5586820702346661]",-1,-1
12224,[0.60350611 0.64663941],9,2,"[0.5921204552873188, 0.6383928111301557]",1321,-1
12225,[0.63399588 0.55724272],8,-1,-1,1104,-1
12226,[0.59024724 0.47341471],8,-1,-1,-1,-1
12227,[0.34301329 0.35603215],6,1,"[0.3897435781344088, 0.3417040596068965]",1353,-1
12228,[0.39673619 0.61414703],4,0,"[0.383291892093257, 0.5586820702346661]",-1,-1
12229,[0.2739838  0.28633557],2,5,"[0.23231087327800656, 0.30304944505444303]",-1,-1
12230,[0.3692655  0.56126617],3,0,"[0.383291892093257, 0.5586820702346661]",1856,12
12231,[0.22544934 0.3483951 ],0,5,"[0.23231087327800656, 0.30304944505444303]",1129,-1
12232,[0.31523383 0.25216024],0,9,"[0.3110394802231661, 0.23517199738277297]",1499,-1
12233,[0.35616885 0.36646853],6,1,"[0.3897435781344088, 0.3417040596068965]",1079,-1
12234,[0.70206648 0.43640852],8,3,"[0.6815204869410737, 0.47689852788858716]",596,-1
12235,[0.29023989 0.61266085],3,7,"[0.2817018170798153, 0.5849768676672948]",-1,-1
12236,[0.31475053 0.64933667],4,-1,-1,590,-1
12237,[0.35919801 0.1450394 ],6,-1,-1,-1,-1
12238,[0.65965142 0.66637764],8,-1,-1,-1,-1
12239,[0.1810889  0.25245275],0,-1,-1,-1,-1
12240,[0.30336976 0.35456945],2,-1,-1,1551,-1
12241,[0.66041404 0.63915673],9,2,"[0.5921204552873188, 0.6383928111301557]",-1,-1
12242,[0.80559526 0.71199618],1,4,"[0.7726811996944247, 0.7249303226766757]",-1,0
12243,[0.30813322 0.53964239],4,7,"[0.2817018170798153, 0.5849768676672948]",1986,-1
12244,[0.25029239 0.54892981],3,7,"[0.2817018170798153, 0.5849768676672948]",1700,-1
12245,[0.75460272 0.67345637],1,4,"[0.7726811996944247, 0.7249303226766757]",-1,0
12246,[0.32932513 0.60480366],4,7,"[0.2817018170798153, 0.5849768676672948]",1544,-1
12247,[0.58174118 0.70975226],9,-1,-1,-1,-1
12248,[0.29167435 0.63679562],4,7,"[0.2817018170798153, 0.5849768676672948]",-1,-1
12249,[0.72580989 0.45473297],8,3,"[0.6815204869410737, 0.47689852788858716]",693,-1
12250,[0.31887709 0.58534951],4,7,"[0.2817018170798153, 0.5849768676672948]",1963,-1
12251,[0.70413227 0.64725693],1,-1,-1,221,0
12252,[0.39537205 0.34893579],2,1,"[0.3897435781344088, 0.3417040596068965]",-1,-1
12253,[0.31029681 0.53973492],4,7,"[0.2817018170798153, 0.5849768676672948]",1986,-1
12254,[0.25134992 0.54597178],4,7,"[0.2817018170798153, 0.5849768676672948]",-1,-1
12255,[0.28180596 0.22109368],2,9,"[0.3110394802231661, 0.23517199738277297]",1356,-1
12256,[0.27623648 0.1859786 ],0,9,"[0.3110394802231661, 0.23517199738277297]",355,-1
12257,[0.44839118 0.58769966],3,-1,-1,-1,4
12258,[0.60404725 0.39509754],8,-1,-1,-1,-1
12259,[0.66562429 0.42670827],8,3,"[0.6815204869410737, 0.47689852788858716]",612,-1
12260,[0.66872678 0.54826689],9,-1,-1,670,-1
12261,[0.71051655 0.75890869],1,-1,-1,-1,0
12262,[0.28906004 0.20699359],0,9,"[0.3110394802231661, 0.23517199738277297]",-1,-1
12263,[0.30769725 0.22165354],0,9,"[0.3110394802231661, 0.23517199738277297]",-1,-1
12264,[0.75346719 0.40362429],8,-1,-1,-1,-1
12265,[0.24859984 0.70774867],7,-1,-1,6,-1
12266,[0.4453867  0.44354987],6,-1,-1,-1,-1
12267,[0.4580221  0.32840558],6,1,"[0.3897435781344088, 0.3417040596068965]",-1,-1
12268,[0.62545928 0.4730631 ],8,3,"[0.6815204869410737, 0.47689852788858716]",623,-1
12269,[0.18697758 0.19407986],0,-1,-1,-1,-1
12270,[0.43447449 0.26579809],6,-1,-1,-1,-1
12271,[0.25844257 0.54657814],4,7,"[0.2817018170798153, 0.5849768676672948]",1559,-1
12272,[0.30443936 0.65605894],4,-1,-1,558,-1
12273,[0.44336515 0.56084446],5,0,"[0.383291892093257, 0.5586820702346661]",-1,-1
12274,[0.65472647 0.60900001],9,2,"[0.5921204552873188, 0.6383928111301557]",-1,-1
12275,[0.56578712 0.47072585],5,-1,-1,533,-1
12276,[0.33133134 0.50783429],7,-1,-1,-1,-1
12277,[0.27948843 0.42816647],2,8,"[0.27392971195344684, 0.45973140540928376]",-1,-1
12278,[0.64497991 0.51898803],8,3,"[0.6815204869410737, 0.47689852788858716]",-1,-1
12279,[0.30456842 0.22643429],2,9,"[0.3110394802231661, 0.23517199738277297]",972,-1
12280,[0.6001728  0.56388624],5,-1,-1,1317,5
12281,[0.39634383 0.66972482],3,-1,-1,247,-1
12282,[0.33019569 0.4006317 ],2,-1,-1,-1,-1
12283,[0.4771446  0.50151583],5,6,"[0.5164739970238864, 0.5319253761973344]",-1,-1
12284,[0.38539533 0.21606538],6,-1,-1,174,-1
12285,[0.34184585 0.5555645 ],3,0,"[0.383291892093257, 0.5586820702346661]",1955,-1
12286,[0.62654251 0.71153502],9,-1,-1,287,-1
12287,[0.65356408 0.45198457],8,3,"[0.6815204869410737, 0.47689852788858716]",801,-1
12288,[0.31624299 0.28881443],2,9,"[0.3110394802231661, 0.23517199738277297]",1580,-1
12289,[0.62476193 0.5566418 ],9,-1,-1,651,-1
12290,[0.31015492 0.47885533],4,8,"[0.27392971195344684, 0.45973140540928376]",-1,-1
12291,[0.68174458 0.62265352],9,-1,-1,-1,-1
12292,[0.63510716 0.61344753],5,2,"[0.5921204552873188, 0.6383928111301557]",613,-1
12293,[0.16905748 0.50723454],7,-1,-1,76,-1
12294,[0.79352035 0.65729169],1,-1,-1,328,0
12295,[0.36817974 0.40754621],6,1,"[0.3897435781344088, 0.3417040596068965]",-1,-1
12296,[0.28524438 0.48291566],4,8,"[0.27392971195344684, 0.45973140540928376]",-1,-1
12297,[0.62319059 0.6553735 ],9,2,"[0.5921204552873188, 0.6383928111301557]",-1,-1
12298,[0.38599575 0.56043175],4,0,"[0.383291892093257, 0.5586820702346661]",-1,-1
12299,[0.2544549  0.27982243],0,5,"[0.23231087327800656, 0.30304944505444303]",-1,-1
12300,[0.63969572 0.46489525],8,3,"[0.6815204869410737, 0.47689852788858716]",625,-1
12301,[0.56504376 0.42681985],8,-1,-1,-1,-1
12302,[0.75664523 0.74761716],1,4,"[0.7726811996944247, 0.7249303226766757]",430,0
12303,[0.28780385 0.4262256 ],7,8,"[0.27392971195344684, 0.45973140540928376]",1075,-1
12304,[0.32351928 0.51352053],3,-1,-1,1920,-1
12305,[0.60418354 0.6691927 ],9,2,"[0.5921204552873188, 0.6383928111301557]",-1,-1
12306,[0.57569069 0.42204515],8,-1,-1,-1,-1
12307,[0.24554805 0.52071973],7,8,"[0.27392971195344684, 0.45973140540928376]",-1,-1
12308,[0.67791764 0.46375177],8,3,"[0.6815204869410737, 0.47689852788858716]",-1,-1
12309,[0.35978828 0.29084883],6,1,"[0.3897435781344088, 0.3417040596068965]",1542,-1
12310,[0.38405781 0.1389319 ],6,-1,-1,-1,-1
12311,[0.2996795  0.56936239],3,7,"[0.2817018170798153, 0.5849768676672948]",-1,-1
12312,[0.30599908 0.37483944],2,-1,-1,1588,-1
12313,[0.62291731 0.60595238],5,2,"[0.5921204552873188, 0.6383928111301557]",1200,-1
12314,[0.29664486 0.19251459],0,9,"[0.3110394802231661, 0.23517199738277297]",425,-1
12315,[0.29991856 0.40484845],2,8,"[0.27392971195344684, 0.45973140540928376]",-1,-1
12316,[0.25224747 0.3191711 ],2,5,"[0.23231087327800656, 0.30304944505444303]",1501,7
12317,[0.49134182 0.61072523],9,-1,-1,918,-1
12318,[0.34270456 0.52173125],3,0,"[0.383291892093257, 0.5586820702346661]",-1,-1
12319,[0.25996405 0.26262409],2,5,"[0.23231087327800656, 0.30304944505444303]",-1,-1
12320,[0.37123729 0.33176481],6,1,"[0.3897435781344088, 0.3417040596068965]",-1,-1
12321,[0.42564617 0.54013152],3,0,"[0.383291892093257, 0.5586820702346661]",1134,-1
12322,[0.48341252 0.537783  ],3,6,"[0.5164739970238864, 0.5319253761973344]",959,-1
12323,[0.80002299 0.61700807],1,-1,-1,-1,-1
12324,[0.24520411 0.3546371 ],2,5,"[0.23231087327800656, 0.30304944505444303]",1570,-1
12325,[0.8465311  0.87368396],1,-1,-1,-1,-1
12326,[0.54491208 0.61386305],9,2,"[0.5921204552873188, 0.6383928111301557]",-1,-1
12327,[0.30207458 0.42349434],2,8,"[0.27392971195344684, 0.45973140540928376]",-1,-1
12328,[0.5412085  0.64117866],9,2,"[0.5921204552873188, 0.6383928111301557]",1255,-1
12329,[0.34219102 0.31056417],6,1,"[0.3897435781344088, 0.3417040596068965]",-1,-1
12330,[0.42334005 0.51166429],3,0,"[0.383291892093257, 0.5586820702346661]",1439,-1
12331,[0.2039949  0.22920456],0,-1,-1,-1,-1
12332,[0.37099259 0.54177363],4,0,"[0.383291892093257, 0.5586820702346661]",-1,-1
12333,[0.21034944 0.24442884],2,5,"[0.23231087327800656, 0.30304944505444303]",895,-1
12334,[0.37782939 0.19913077],6,-1,-1,127,-1
12335,[0.56580116 0.71737292],9,-1,-1,-1,-1
12336,[0.32218391 0.42870141],2,8,"[0.27392971195344684, 0.45973140540928376]",-1,-1
12337,[0.17806402 0.36831575],7,-1,-1,-1,-1
12338,[0.19656015 0.48434954],4,-1,-1,-1,-1
12339,[0.66639169 0.40696451],8,-1,-1,-1,-1
12340,[0.38587739 0.59361199],3,0,"[0.383291892093257, 0.5586820702346661]",-1,-1
12341,[0.50103034 0.44331216],5,-1,-1,223,-1
12342,[0.36086695 0.21736025],0,9,"[0.3110394802231661, 0.23517199738277297]",-1,-1
12343,[0.59080899 0.6659722 ],9,2,"[0.5921204552873188, 0.6383928111301557]",-1,-1
12344,[0.32796702 0.55162758],7,0,"[0.383291892093257, 0.5586820702346661]",1959,-1
12345,[0.64266242 0.51303555],8,3,"[0.6815204869410737, 0.47689852788858716]",866,-1
12346,[0.37689006 0.31580067],2,1,"[0.3897435781344088, 0.3417040596068965]",1462,-1
12347,[0.40645446 0.58576331],5,0,"[0.383291892093257, 0.5586820702346661]",1708,-1
12348,[0.65389663 0.39286505],8,-1,-1,242,-1
12349,[0.17773907 0.28561046],0,5,"[0.23231087327800656, 0.30304944505444303]",-1,-1
12350,[0.57100325 0.62305191],9,2,"[0.5921204552873188, 0.6383928111301557]",-1,-1
12351,[0.56652279 0.52740738],5,6,"[0.5164739970238864, 0.5319253761973344]",1373,-1
12352,[0.36867116 0.68975749],7,-1,-1,-1,-1
12353,[0.24605501 0.52189938],4,8,"[0.27392971195344684, 0.45973140540928376]",1487,-1
12354,[0.34996641 0.58755191],3,0,"[0.383291892093257, 0.5586820702346661]",-1,-1
12355,[0.25827909 0.64512139],4,7,"[0.2817018170798153, 0.5849768676672948]",324,-1
12356,[0.53116543 0.657257  ],9,2,"[0.5921204552873188, 0.6383928111301557]",1199,-1
12357,[0.39169305 0.65235529],4,-1,-1,536,-1
12358,[0.54374668 0.68710949],9,2,"[0.5921204552873188, 0.6383928111301557]",560,-1
12359,[0.76548375 0.47359635],8,-1,-1,186,-1
12360,[0.30133073 0.42145855],7,8,"[0.27392971195344684, 0.45973140540928376]",1074,-1
12361,[0.3874177  0.34681541],6,1,"[0.3897435781344088, 0.3417040596068965]",1366,-1
12362,[0.42300581 0.59295588],5,0,"[0.383291892093257, 0.5586820702346661]",1702,-1
12363,[0.73125705 0.85245078],1,-1,-1,-1,-1
12364,[0.34376757 0.50760944],4,0,"[0.383291892093257, 0.5586820702346661]",-1,-1
12365,[0.34672187 0.66156953],4,-1,-1,298,-1
12366,[0.52137412 0.4499403 ],5,-1,-1,-1,-1
12367,[0.29555826 0.28045423],2,9,"[0.3110394802231661, 0.23517199738277297]",-1,-1
12368,[0.66407215 0.57403114],5,-1,-1,-1,-1
12369,[0.56423169 0.52606363],8,6,"[0.5164739970238864, 0.5319253761973344]",1373,-1
12370,[0.29613416 0.24761257],0,9,"[0.3110394802231661, 0.23517199738277297]",1465,-1
12371,[0.65480157 0.58343936],1,-1,-1,1014,-1
12372,[0.57723805 0.50916265],9,6,"[0.5164739970238864, 0.5319253761973344]",-1,-1
12373,[0.26135578 0.50619813],4,8,"[0.27392971195344684, 0.45973140540928376]",-1,-1
12374,[0.37689012 0.57933357],3,0,"[0.383291892093257, 0.5586820702346661]",1865,-1
12375,[0.23389557 0.51995161],4,-1,-1,-1,-1
12376,[0.20030163 0.28050437],2,5,"[0.23231087327800656, 0.30304944505444303]",-1,-1
12377,[0.55567827 0.47061694],5,-1,-1,757,-1
12378,[0.35256077 0.3140133 ],6,1,"[0.3897435781344088, 0.3417040596068965]",1526,-1
12379,[0.40532586 0.47045818],3,-1,-1,714,-1
12380,[0.34518853 0.31117991],6,1,"[0.3897435781344088, 0.3417040596068965]",1525,-1
12381,[0.60055663 0.55876238],5,-1,-1,1316,-1
12382,[0.43190836 0.55345276],3,0,"[0.383291892093257, 0.5586820702346661]",1294,-1
12383,[0.53400036 0.69468974],9,-1,-1,-1,-1
12384,[0.6921408 0.4513582],8,3,"[0.6815204869410737, 0.47689852788858716]",-1,-1
12385,[0.73268778 0.45143526],8,3,"[0.6815204869410737, 0.47689852788858716]",693,-1
12386,[0.19297465 0.61319204],7,-1,-1,-1,-1
12387,[0.43335929 0.32108901],6,1,"[0.3897435781344088, 0.3417040596068965]",577,-1
12388,[0.82813655 0.73312394],1,4,"[0.7726811996944247, 0.7249303226766757]",341,0
12389,[0.62325578 0.51200957],8,3,"[0.6815204869410737, 0.47689852788858716]",-1,-1
12390,[0.27709235 0.58341584],4,7,"[0.2817018170798153, 0.5849768676672948]",-1,-1
12391,[0.24265959 0.46078323],7,8,"[0.27392971195344684, 0.45973140540928376]",-1,-1
12392,[0.62536198 0.73605499],9,-1,-1,-1,-1
12393,[0.72275566 0.68226584],1,4,"[0.7726811996944247, 0.7249303226766757]",-1,0
12394,[0.35549233 0.32569595],6,1,"[0.3897435781344088, 0.3417040596068965]",1407,-1
12395,[0.67772472 0.4156676 ],8,3,"[0.6815204869410737, 0.47689852788858716]",-1,-1
12396,[0.29173937 0.51376066],7,8,"[0.27392971195344684, 0.45973140540928376]",1914,14
12397,[0.42511626 0.35152805],6,1,"[0.3897435781344088, 0.3417040596068965]",-1,-1
12398,[0.26563617 0.62284643],4,7,"[0.2817018170798153, 0.5849768676672948]",-1,-1
12399,[0.79159024 0.77812434],1,4,"[0.7726811996944247, 0.7249303226766757]",-1,0
12400,[0.63314358 0.43853981],8,3,"[0.6815204869410737, 0.47689852788858716]",678,-1
12401,[0.39070285 0.40931435],2,1,"[0.3897435781344088, 0.3417040596068965]",501,-1
12402,[0.61971335 0.70872697],9,-1,-1,287,-1
12403,[0.54597776 0.4383454 ],8,-1,-1,-1,-1
12404,[0.33753182 0.54846498],3,0,"[0.383291892093257, 0.5586820702346661]",1958,-1
12405,[0.39120996 0.50312138],4,0,"[0.383291892093257, 0.5586820702346661]",1449,-1
12406,[0.65919267 0.63443335],9,2,"[0.5921204552873188, 0.6383928111301557]",580,-1
12407,[0.7040938  0.64815081],9,-1,-1,221,0
12408,[0.39712333 0.31385462],6,1,"[0.3897435781344088, 0.3417040596068965]",-1,-1
12409,[0.32203796 0.31829264],2,-1,-1,1673,-1
12410,[0.747262   0.76145425],1,4,"[0.7726811996944247, 0.7249303226766757]",418,0
12411,[0.22006142 0.35808115],2,5,"[0.23231087327800656, 0.30304944505444303]",-1,-1
12412,[0.15771819 0.3535667 ],0,-1,-1,64,-1
12413,[0.28949865 0.55251309],7,7,"[0.2817018170798153, 0.5849768676672948]",-1,-1
12414,[0.30673616 0.1510144 ],0,-1,-1,-1,-1
12415,[0.72240979 0.75058157],1,4,"[0.7726811996944247, 0.7249303226766757]",421,0
12416,[0.71522305 0.45712762],8,3,"[0.6815204869410737, 0.47689852788858716]",-1,-1
12417,[0.37539082 0.61493969],3,0,"[0.383291892093257, 0.5586820702346661]",1513,-1
12418,[0.52915633 0.63923983],9,2,"[0.5921204552873188, 0.6383928111301557]",1258,-1
12419,[0.64464791 0.49162004],8,3,"[0.6815204869410737, 0.47689852788858716]",819,1
12420,[0.34566286 0.30749206],6,1,"[0.3897435781344088, 0.3417040596068965]",-1,-1
12421,[0.32299341 0.33278672],2,1,"[0.3897435781344088, 0.3417040596068965]",1613,-1
12422,[0.30564542 0.21228464],0,9,"[0.3110394802231661, 0.23517199738277297]",1016,-1
12423,[0.37421751 0.40033763],6,1,"[0.3897435781344088, 0.3417040596068965]",722,-1
12424,[0.56491025 0.50999469],5,6,"[0.5164739970238864, 0.5319253761973344]",-1,-1
12425,[0.27963073 0.28726917],0,5,"[0.23231087327800656, 0.30304944505444303]",1681,11
12426,[0.5152491  0.57652537],5,6,"[0.5164739970238864, 0.5319253761973344]",-1,6
12427,[0.6357517  0.62636602],9,2,"[0.5921204552873188, 0.6383928111301557]",1160,-1
12428,[0.23702749 0.3067325 ],2,5,"[0.23231087327800656, 0.30304944505444303]",1567,-1
12429,[0.35925416 0.51656184],3,0,"[0.383291892093257, 0.5586820702346661]",1921,-1
12430,[0.27524545 0.52012987],7,8,"[0.27392971195344684, 0.45973140540928376]",1887,-1
12431,[0.37450549 0.56446369],5,0,"[0.383291892093257, 0.5586820702346661]",1832,-1
12432,[0.35227822 0.30112035],2,1,"[0.3897435781344088, 0.3417040596068965]",1529,-1
12433,[0.24689485 0.49404201],7,8,"[0.27392971195344684, 0.45973140540928376]",-1,-1
12434,[0.79458369 0.71582246],1,4,"[0.7726811996944247, 0.7249303226766757]",-1,0
12435,[0.30914792 0.33070092],6,-1,-1,1678,8
12436,[0.45275719 0.32261556],6,1,"[0.3897435781344088, 0.3417040596068965]",527,-1
12437,[0.82265926 0.675536  ],1,-1,-1,334,0
12438,[0.22759839 0.25099555],0,5,"[0.23231087327800656, 0.30304944505444303]",885,-1
12439,[0.42741725 0.3736738 ],2,1,"[0.3897435781344088, 0.3417040596068965]",681,-1
12440,[0.32243504 0.2119377 ],2,9,"[0.3110394802231661, 0.23517199738277297]",-1,-1
12441,[0.28689013 0.64234356],4,7,"[0.2817018170798153, 0.5849768676672948]",738,-1
12442,[0.76559331 0.62450713],9,-1,-1,-1,-1
12443,[0.45109782 0.50170983],3,-1,-1,859,-1
12444,[0.36487624 0.63312183],3,-1,-1,-1,-1
12445,[0.22996399 0.38924079],0,-1,-1,-1,-1
12446,[0.69162519 0.70497542],1,-1,-1,343,0
12447,[0.40325117 0.48268821],4,-1,-1,-1,-1
12448,[0.30083337 0.24392879],2,9,"[0.3110394802231661, 0.23517199738277297]",1174,-1
12449,[0.37005896 0.20808968],0,9,"[0.3110394802231661, 0.23517199738277297]",171,-1
12450,[0.22186172 0.72981568],4,-1,-1,-1,-1
12451,[0.33886884 0.4329631 ],6,-1,-1,-1,-1
12452,[0.60372207 0.57526978],5,2,"[0.5921204552873188, 0.6383928111301557]",1326,5
12453,[0.83511271 0.69444964],1,4,"[0.7726811996944247, 0.7249303226766757]",-1,0
12454,[0.46542797 0.62155347],9,-1,-1,704,-1
12455,[0.26445686 0.36972237],0,-1,-1,1221,-1
12456,[0.51892757 0.66033675],9,-1,-1,-1,-1
12457,[0.65332749 0.81868845],1,-1,-1,-1,-1
12458,[0.57934515 0.52016649],8,6,"[0.5164739970238864, 0.5319253761973344]",1035,-1
12459,[0.22054908 0.23484672],2,5,"[0.23231087327800656, 0.30304944505444303]",872,-1
12460,[0.33623475 0.29350719],2,9,"[0.3110394802231661, 0.23517199738277297]",-1,-1
12461,[0.43318798 0.6392576 ],3,-1,-1,-1,-1
12462,[0.53913354 0.70996055],9,-1,-1,257,-1
12463,[0.33459933 0.54853541],4,0,"[0.383291892093257, 0.5586820702346661]",-1,17
12464,[0.22031731 0.40786883],7,-1,-1,502,-1
12465,[0.83136798 0.70361332],1,4,"[0.7726811996944247, 0.7249303226766757]",-1,0
12466,[0.61055984 0.65005861],9,2,"[0.5921204552873188, 0.6383928111301557]",-1,-1
12467,[0.24078331 0.47636564],4,8,"[0.27392971195344684, 0.45973140540928376]",1707,-1
12468,[0.37632038 0.60273714],4,0,"[0.383291892093257, 0.5586820702346661]",1754,-1
12469,[0.71139732 0.520927  ],8,3,"[0.6815204869410737, 0.47689852788858716]",569,-1
12470,[0.56150055 0.63212949],5,2,"[0.5921204552873188, 0.6383928111301557]",1278,-1
12471,[0.7967833  0.79339131],1,-1,-1,-1,0
12472,[0.62596672 0.49533709],5,3,"[0.6815204869410737, 0.47689852788858716]",789,-1
12473,[0.15749199 0.18388173],0,-1,-1,-1,-1
12474,[0.21615622 0.51820861],7,-1,-1,1090,-1
12475,[0.60895178 0.66474077],9,2,"[0.5921204552873188, 0.6383928111301557]",1120,-1
12476,[0.25339064 0.55571204],7,7,"[0.2817018170798153, 0.5849768676672948]",-1,-1
12477,[0.20326892 0.45791231],7,-1,-1,330,-1
12478,[0.64838571 0.54965786],8,-1,-1,-1,-1
12479,[0.3891148 0.5306895],4,0,"[0.383291892093257, 0.5586820702346661]",1777,-1
12480,[0.40896757 0.52281785],5,0,"[0.383291892093257, 0.5586820702346661]",1637,-1
12481,[0.71005523 0.72456574],1,4,"[0.7726811996944247, 0.7249303226766757]",384,0
12482,[0.52722178 0.54689395],5,6,"[0.5164739970238864, 0.5319253761973344]",-1,-1
12483,[0.70423593 0.55709329],9,-1,-1,563,-1
12484,[0.7207023  0.42588911],8,3,"[0.6815204869410737, 0.47689852788858716]",-1,-1
12485,[0.25372541 0.45555883],4,8,"[0.27392971195344684, 0.45973140540928376]",-1,-1
12486,[0.58269651 0.51488801],5,6,"[0.5164739970238864, 0.5319253761973344]",1035,-1
12487,[0.28471267 0.30235873],0,5,"[0.23231087327800656, 0.30304944505444303]",1578,-1
12488,[0.82004409 0.65936693],1,-1,-1,255,0
12489,[0.40187908 0.16055217],6,-1,-1,-1,-1
12490,[0.31690762 0.59795515],4,7,"[0.2817018170798153, 0.5849768676672948]",1937,-1
12491,[0.66401286 0.44382194],8,3,"[0.6815204869410737, 0.47689852788858716]",732,-1
12492,[0.72397781 0.72203835],1,4,"[0.7726811996944247, 0.7249303226766757]",352,0
12493,[0.40321989 0.24659862],6,-1,-1,-1,-1
12494,[0.27824286 0.50439672],7,8,"[0.27392971195344684, 0.45973140540928376]",1760,-1
12495,[0.39814108 0.56082637],4,0,"[0.383291892093257, 0.5586820702346661]",1749,-1
12496,[0.44784257 0.51901698],4,6,"[0.5164739970238864, 0.5319253761973344]",-1,-1
12497,[0.72901957 0.28749035],8,-1,-1,-1,-1
12498,[0.29980187 0.53714593],7,7,"[0.2817018170798153, 0.5849768676672948]",-1,-1
12499,[0.3451672  0.56598861],4,0,"[0.383291892093257, 0.5586820702346661]",1902,-1
12500,[0.36341349 0.28088513],6,1,"[0.3897435781344088, 0.3417040596068965]",-1,-1
12501,[0.41450352 0.36590651],6,1,"[0.3897435781344088, 0.3417040596068965]",976,-1
12502,[0.56224809 0.57163822],5,6,"[0.5164739970238864, 0.5319253761973344]",-1,6
12503,[0.31715908 0.38335413],2,-1,-1,1420,-1
12504,[0.27234029 0.44539447],4,8,"[0.27392971195344684, 0.45973140540928376]",1251,-1
12505,[0.43891097 0.65438303],3,-1,-1,286,-1
12506,[0.37729659 0.38631082],2,1,"[0.3897435781344088, 0.3417040596068965]",1006,-1
12507,[0.28706974 0.61847345],4,7,"[0.2817018170798153, 0.5849768676672948]",878,-1
12508,[0.36203924 0.25678409],2,9,"[0.3110394802231661, 0.23517199738277297]",-1,-1
12509,[0.49687315 0.35651601],6,-1,-1,208,-1
12510,[0.69936384 0.78931554],1,-1,-1,182,0
12511,[0.4812396  0.63494263],5,-1,-1,-1,-1
12512,[0.76947847 0.70493392],1,4,"[0.7726811996944247, 0.7249303226766757]",-1,0
12513,[0.87010792 0.69079762],1,-1,-1,80,-1
12514,[0.34026636 0.50690222],4,0,"[0.383291892093257, 0.5586820702346661]",1880,-1
12515,[0.58397188 0.69769931],9,2,"[0.5921204552873188, 0.6383928111301557]",523,-1
12516,[0.62228713 0.57955449],9,2,"[0.5921204552873188, 0.6383928111301557]",1272,-1
12517,[0.3513539 0.4509786],3,-1,-1,-1,-1
12518,[0.37298033 0.58146738],4,0,"[0.383291892093257, 0.5586820702346661]",1867,12
12519,[0.15223619 0.37377764],2,-1,-1,-1,-1
12520,[0.58595319 0.4453303 ],8,-1,-1,-1,-1
12521,[0.33902848 0.48752462],7,-1,-1,-1,-1
12522,[0.60385214 0.42928956],5,-1,-1,-1,-1
12523,[0.32644265 0.30044532],6,9,"[0.3110394802231661, 0.23517199738277297]",1659,-1
12524,[0.67336015 0.50479292],8,3,"[0.6815204869410737, 0.47689852788858716]",827,-1
12525,[0.39489836 0.46671556],7,-1,-1,583,-1
12526,[0.77864054 0.60181027],1,-1,-1,79,-1
12527,[0.39034373 0.33912696],6,1,"[0.3897435781344088, 0.3417040596068965]",-1,-1
12528,[0.69393293 0.42078124],8,3,"[0.6815204869410737, 0.47689852788858716]",-1,-1
12529,[0.43715418 0.5495583 ],3,0,"[0.383291892093257, 0.5586820702346661]",1294,-1
12530,[0.29348499 0.59370883],3,7,"[0.2817018170798153, 0.5849768676672948]",-1,-1
12531,[0.72233539 0.70399637],1,4,"[0.7726811996944247, 0.7249303226766757]",350,0
12532,[0.38581369 0.55830256],3,0,"[0.383291892093257, 0.5586820702346661]",1774,-1
12533,[0.34068005 0.52307356],4,0,"[0.383291892093257, 0.5586820702346661]",-1,-1
12534,[0.75461923 0.86150284],1,-1,-1,24,-1
12535,[0.30432508 0.62346212],4,7,"[0.2817018170798153, 0.5849768676672948]",1131,-1
12536,[0.40763184 0.30355031],6,1,"[0.3897435781344088, 0.3417040596068965]",-1,-1
12537,[0.37110536 0.58525041],4,0,"[0.383291892093257, 0.5586820702346661]",-1,12
12538,[0.51005455 0.5978839 ],3,6,"[0.5164739970238864, 0.5319253761973344]",-1,-1
12539,[0.86020512 0.70713942],1,-1,-1,-1,0
12540,[0.71380624 0.49091692],8,3,"[0.6815204869410737, 0.47689852788858716]",-1,-1
12541,[0.65939864 0.5676594 ],8,-1,-1,893,-1
12542,[0.30236045 0.55366183],4,7,"[0.2817018170798153, 0.5849768676672948]",1930,-1
12543,[0.65240801 0.72153288],9,-1,-1,280,-1
12544,[0.69805722 0.54527029],8,-1,-1,-1,-1
12545,[0.23166371 0.52627012],7,-1,-1,1477,-1
12546,[0.22140439 0.38672775],7,-1,-1,-1,-1
12547,[0.24492314 0.52270199],7,8,"[0.27392971195344684, 0.45973140540928376]",-1,-1
12548,[0.55820018 0.63188835],5,2,"[0.5921204552873188, 0.6383928111301557]",1278,-1
12549,[0.38436437 0.58392203],3,0,"[0.383291892093257, 0.5586820702346661]",1826,-1
12550,[0.78131967 0.75915708],1,4,"[0.7726811996944247, 0.7249303226766757]",-1,0
12551,[0.30856683 0.62663062],3,7,"[0.2817018170798153, 0.5849768676672948]",-1,-1
12552,[0.3999486  0.42170297],6,-1,-1,-1,-1
12553,[0.3890768  0.57693112],3,0,"[0.383291892093257, 0.5586820702346661]",1771,-1
12554,[0.59376275 0.55865687],5,-1,-1,-1,-1
12555,[0.73915595 0.75689875],1,4,"[0.7726811996944247, 0.7249303226766757]",418,0
12556,[0.17732975 0.70168085],7,-1,-1,-1,-1
12557,[0.47475111 0.49094552],5,6,"[0.5164739970238864, 0.5319253761973344]",875,-1
12558,[0.75136109 0.72297025],1,4,"[0.7726811996944247, 0.7249303226766757]",-1,0
12559,[0.69069965 0.70088745],1,-1,-1,-1,0
12560,[0.39762016 0.6069083 ],4,0,"[0.383291892093257, 0.5586820702346661]",1725,-1
12561,[0.32675765 0.61516244],3,7,"[0.2817018170798153, 0.5849768676672948]",1544,-1
12562,[0.22693707 0.29779862],0,5,"[0.23231087327800656, 0.30304944505444303]",1468,-1
12563,[0.52901947 0.67502226],9,-1,-1,642,-1
12564,[0.40970243 0.57302883],3,0,"[0.383291892093257, 0.5586820702346661]",1738,-1
12565,[0.38247347 0.2717266 ],6,-1,-1,1073,-1
12566,[0.28019303 0.58984679],4,7,"[0.2817018170798153, 0.5849768676672948]",1572,-1
12567,[0.48792874 0.67878126],9,-1,-1,-1,-1
12568,[0.46025757 0.42950419],5,-1,-1,-1,-1
12569,[0.66948872 0.59948905],5,-1,-1,543,-1
12570,[0.35310963 0.27524777],2,9,"[0.3110394802231661, 0.23517199738277297]",-1,-1
12571,[0.70915533 0.6502145 ],1,-1,-1,-1,0
12572,[0.31042753 0.32282671],2,-1,-1,1672,-1
12573,[0.33014075 0.39669548],6,-1,-1,-1,-1
12574,[0.47397334 0.60255106],5,-1,-1,-1,-1
12575,[0.29032921 0.31074172],2,5,"[0.23231087327800656, 0.30304944505444303]",-1,-1
12576,[0.52664037 0.62826701],5,2,"[0.5921204552873188, 0.6383928111301557]",1143,-1
12577,[0.30875924 0.6086138 ],4,7,"[0.2817018170798153, 0.5849768676672948]",-1,-1
12578,[0.64064803 0.69302072],1,-1,-1,488,-1
12579,[0.29460804 0.29357049],2,9,"[0.3110394802231661, 0.23517199738277297]",1689,11
12580,[0.36037231 0.24760021],0,9,"[0.3110394802231661, 0.23517199738277297]",-1,-1
12581,[0.29333454 0.40092855],2,8,"[0.27392971195344684, 0.45973140540928376]",-1,-1
12582,[0.38817263 0.44105072],7,-1,-1,567,-1
12583,[0.2755782  0.20690328],0,9,"[0.3110394802231661, 0.23517199738277297]",-1,-1
12584,[0.28978304 0.41230876],7,8,"[0.27392971195344684, 0.45973140540928376]",1074,-1
12585,[0.41083143 0.35630998],6,1,"[0.3897435781344088, 0.3417040596068965]",-1,-1
12586,[0.2976132  0.46465112],4,8,"[0.27392971195344684, 0.45973140540928376]",-1,-1
12587,[0.68087173 0.57074159],5,-1,-1,464,-1
12588,[0.26681362 0.44701345],7,8,"[0.27392971195344684, 0.45973140540928376]",1250,-1
12589,[0.44867718 0.39472333],6,-1,-1,-1,-1
12590,[0.49499242 0.5386975 ],5,6,"[0.5164739970238864, 0.5319253761973344]",-1,-1
12591,[0.32293419 0.40344958],7,-1,-1,-1,-1
12592,[0.33353544 0.51398079],4,0,"[0.383291892093257, 0.5586820702346661]",1892,-1
12593,[0.33708308 0.32765773],2,1,"[0.3897435781344088, 0.3417040596068965]",1682,-1
12594,[0.71227107 0.49485354],8,3,"[0.6815204869410737, 0.47689852788858716]",680,-1
12595,[0.31424337 0.52446731],4,7,"[0.2817018170798153, 0.5849768676672948]",1841,15
12596,[0.40203926 0.58040627],3,0,"[0.383291892093257, 0.5586820702346661]",1767,-1
12597,[0.52198109 0.76168597],9,-1,-1,-1,-1
12598,[0.57687933 0.6340857 ],9,2,"[0.5921204552873188, 0.6383928111301557]",1095,-1
12599,[0.34710691 0.60163262],3,0,"[0.383291892093257, 0.5586820702346661]",1833,-1
12600,[0.1963874 0.3067595],0,5,"[0.23231087327800656, 0.30304944505444303]",777,-1
12601,[0.3298408  0.30363786],6,-1,-1,1659,-1
12602,[0.75867453 0.88454035],1,-1,-1,-1,-1
12603,[0.80023713 0.75537749],1,4,"[0.7726811996944247, 0.7249303226766757]",-1,0
12604,[0.3871425  0.59273117],3,0,"[0.383291892093257, 0.5586820702346661]",-1,-1
12605,[0.30889738 0.29844684],2,9,"[0.3110394802231661, 0.23517199738277297]",1614,-1
12606,[0.44680535 0.38669253],6,-1,-1,-1,-1
12607,[0.78861354 0.6746039 ],1,4,"[0.7726811996944247, 0.7249303226766757]",396,0
12608,[0.22541226 0.48570964],7,8,"[0.27392971195344684, 0.45973140540928376]",-1,-1
12609,[0.36055558 0.34896008],2,1,"[0.3897435781344088, 0.3417040596068965]",1350,-1
12610,[0.29531   0.4240389],7,8,"[0.27392971195344684, 0.45973140540928376]",-1,-1
12611,[0.40115627 0.49752902],3,0,"[0.383291892093257, 0.5586820702346661]",-1,-1
12612,[0.57364651 0.69674497],9,2,"[0.5921204552873188, 0.6383928111301557]",-1,-1
12613,[0.30682011 0.43312647],7,8,"[0.27392971195344684, 0.45973140540928376]",1081,-1
12614,[0.62092369 0.66122138],9,2,"[0.5921204552873188, 0.6383928111301557]",711,-1
12615,[0.6681228  0.55186317],8,-1,-1,670,-1
12616,[0.51838852 0.55027315],5,6,"[0.5164739970238864, 0.5319253761973344]",-1,-1
12617,[0.38495395 0.60719577],3,0,"[0.383291892093257, 0.5586820702346661]",-1,-1
12618,[0.553755   0.41137154],5,-1,-1,-1,-1
12619,[0.30797206 0.60386886],7,7,"[0.2817018170798153, 0.5849768676672948]",1726,-1
12620,[0.75565233 0.4505107 ],8,-1,-1,263,-1
12621,[0.31372242 0.33503774],6,-1,-1,1604,-1
12622,[0.7218337  0.48920821],8,3,"[0.6815204869410737, 0.47689852788858716]",680,-1
12623,[0.73355925 0.47959188],8,3,"[0.6815204869410737, 0.47689852788858716]",-1,-1
12624,[0.31776421 0.29938566],2,9,"[0.3110394802231661, 0.23517199738277297]",1647,-1
12625,[0.33407718 0.44093229],7,8,"[0.27392971195344684, 0.45973140540928376]",941,-1
12626,[0.30307284 0.6261685 ],4,7,"[0.2817018170798153, 0.5849768676672948]",1131,-1
12627,[0.26471663 0.28498019],2,5,"[0.23231087327800656, 0.30304944505444303]",1622,-1
12628,[0.48426676 0.48558012],3,6,"[0.5164739970238864, 0.5319253761973344]",-1,-1
12629,[0.71568141 0.48482936],8,3,"[0.6815204869410737, 0.47689852788858716]",-1,-1
12630,[0.71842957 0.6622084 ],1,-1,-1,358,0
12631,[0.40374314 0.27803878],6,1,"[0.3897435781344088, 0.3417040596068965]",-1,-1
12632,[0.37397738 0.52332353],4,0,"[0.383291892093257, 0.5586820702346661]",1934,-1
12633,[0.46757453 0.47573869],5,-1,-1,664,-1
12634,[0.54847954 0.67920587],9,2,"[0.5921204552873188, 0.6383928111301557]",-1,-1
12635,[0.40109046 0.53226124],3,0,"[0.383291892093257, 0.5586820702346661]",1642,-1
12636,[0.32451117 0.31649353],0,1,"[0.3897435781344088, 0.3417040596068965]",1673,10
12637,[0.39384633 0.49431021],3,0,"[0.383291892093257, 0.5586820702346661]",-1,-1
12638,[0.35604657 0.27659407],6,9,"[0.3110394802231661, 0.23517199738277297]",-1,-1
12639,[0.26133289 0.34817403],2,5,"[0.23231087327800656, 0.30304944505444303]",1586,-1
12640,[0.3122674  0.36998284],6,-1,-1,-1,-1
12641,[0.23523435 0.72068541],4,-1,-1,-1,-1
12642,[0.76750173 0.44946233],8,-1,-1,92,-1
12643,[0.21678658 0.3214315 ],2,5,"[0.23231087327800656, 0.30304944505444303]",-1,-1
12644,[0.29100283 0.35311606],2,-1,-1,1479,-1
12645,[0.39210875 0.19276289],6,-1,-1,-1,-1
12646,[0.28813007 0.37870359],2,-1,-1,1099,-1
12647,[0.29251665 0.47095622],7,8,"[0.27392971195344684, 0.45973140540928376]",1731,-1
12648,[0.31366354 0.24417226],0,9,"[0.3110394802231661, 0.23517199738277297]",-1,-1
12649,[0.83857972 0.66616085],1,-1,-1,-1,0
12650,[0.16796709 0.27169031],0,-1,-1,220,-1
12651,[0.31677987 0.3871998 ],4,-1,-1,-1,-1
12652,[0.81398092 0.77336098],1,4,"[0.7726811996944247, 0.7249303226766757]",-1,0
12653,[0.27148145 0.47534077],7,8,"[0.27392971195344684, 0.45973140540928376]",-1,-1
12654,[0.39349033 0.42934728],3,-1,-1,363,-1
12655,[0.70553472 0.55230552],9,-1,-1,563,-1
12656,[0.2111904  0.20838975],0,-1,-1,244,-1
12657,[0.38035913 0.29286038],6,1,"[0.3897435781344088, 0.3417040596068965]",-1,-1
12658,[0.46481787 0.5781924 ],5,6,"[0.5164739970238864, 0.5319253761973344]",1232,-1
12659,[0.38492633 0.63669699],3,-1,-1,-1,-1
12660,[0.41109254 0.36407548],6,1,"[0.3897435781344088, 0.3417040596068965]",-1,-1
12661,[0.78621326 0.77797778],1,4,"[0.7726811996944247, 0.7249303226766757]",-1,0
12662,[0.29550288 0.2954028 ],2,9,"[0.3110394802231661, 0.23517199738277297]",-1,11
12663,[0.47866523 0.61550095],5,-1,-1,737,-1
12664,[0.34795447 0.67987722],3,-1,-1,298,-1
12665,[0.70444835 0.42084524],8,3,"[0.6815204869410737, 0.47689852788858716]",593,-1
12666,[0.40077884 0.60629665],4,0,"[0.383291892093257, 0.5586820702346661]",-1,-1
12667,[0.31897847 0.5749825 ],4,7,"[0.2817018170798153, 0.5849768676672948]",1962,-1
12668,[0.71542735 0.39574504],8,-1,-1,-1,-1
12669,[0.3221466  0.33089062],0,1,"[0.3897435781344088, 0.3417040596068965]",1613,-1
12670,[0.54056068 0.61870331],5,2,"[0.5921204552873188, 0.6383928111301557]",1270,-1
12671,[0.31470762 0.38189623],6,-1,-1,1420,-1
12672,[0.33034993 0.56829786],7,7,"[0.2817018170798153, 0.5849768676672948]",-1,-1
12673,[0.24612788 0.4538859 ],7,8,"[0.27392971195344684, 0.45973140540928376]",-1,-1
12674,[0.36919471 0.5563955 ],7,0,"[0.383291892093257, 0.5586820702346661]",-1,-1
12675,[0.31316706 0.33663423],2,-1,-1,-1,8
12676,[0.25444716 0.30853471],0,5,"[0.23231087327800656, 0.30304944505444303]",-1,-1
12677,[0.22553855 0.56945578],4,7,"[0.2817018170798153, 0.5849768676672948]",1123,-1
12678,[0.39886164 0.29770622],0,1,"[0.3897435781344088, 0.3417040596068965]",-1,-1
12679,[0.64911571 0.70237948],1,-1,-1,489,-1
12680,[0.78745632 0.73379529],1,4,"[0.7726811996944247, 0.7249303226766757]",-1,0
12681,[0.37241935 0.36766499],6,1,"[0.3897435781344088, 0.3417040596068965]",-1,-1
12682,[0.3319463  0.34683512],6,1,"[0.3897435781344088, 0.3417040596068965]",-1,-1
12683,[0.5204742  0.61550093],5,-1,-1,-1,-1
12684,[0.18574873 0.59518551],7,-1,-1,-1,-1
12685,[0.29526699 0.25513978],2,9,"[0.3110394802231661, 0.23517199738277297]",-1,-1
12686,[0.55058458 0.6259226 ],5,2,"[0.5921204552873188, 0.6383928111301557]",-1,-1
12687,[0.41601693 0.47447168],3,-1,-1,716,-1
12688,[0.75985577 0.5625974 ],8,-1,-1,-1,-1
12689,[0.21219272 0.5005933 ],4,-1,-1,599,-1
12690,[0.58358979 0.64493275],9,2,"[0.5921204552873188, 0.6383928111301557]",1189,-1
12691,[0.37189841 0.41485371],2,-1,-1,-1,-1
12692,[0.32126041 0.66688201],3,-1,-1,169,-1
12693,[0.33425966 0.33744944],0,1,"[0.3897435781344088, 0.3417040596068965]",1573,-1
12694,[0.61993958 0.53289148],9,-1,-1,-1,-1
12695,[0.48453558 0.53263839],5,6,"[0.5164739970238864, 0.5319253761973344]",961,-1
12696,[0.66475268 0.34174582],8,-1,-1,-1,-1
12697,[0.24965548 0.55222613],4,7,"[0.2817018170798153, 0.5849768676672948]",1700,-1
12698,[0.2570233 0.2772869],0,5,"[0.23231087327800656, 0.30304944505444303]",-1,-1
12699,[0.4365264  0.59754517],5,0,"[0.383291892093257, 0.5586820702346661]",-1,-1
12700,[0.2506192  0.31694702],2,5,"[0.23231087327800656, 0.30304944505444303]",1501,-1
12701,[0.22500303 0.57208944],3,7,"[0.2817018170798153, 0.5849768676672948]",-1,-1
12702,[0.3406347  0.41816821],6,-1,-1,917,-1
12703,[0.49101843 0.55746327],5,6,"[0.5164739970238864, 0.5319253761973344]",-1,-1
12704,[0.32068356 0.56246742],4,7,"[0.2817018170798153, 0.5849768676672948]",1977,-1
12705,[0.81366691 0.50270833],1,-1,-1,-1,-1
12706,[0.54488463 0.6126251 ],9,2,"[0.5921204552873188, 0.6383928111301557]",1216,-1
12707,[0.77968547 0.67348342],1,4,"[0.7726811996944247, 0.7249303226766757]",397,0
12708,[0.72534819 0.70039443],1,4,"[0.7726811996944247, 0.7249303226766757]",-1,0
12709,[0.32307988 0.53127497],3,0,"[0.383291892093257, 0.5586820702346661]",-1,-1
12710,[0.17454543 0.29129127],2,5,"[0.23231087327800656, 0.30304944505444303]",726,-1
12711,[0.65731474 0.49483088],8,3,"[0.6815204869410737, 0.47689852788858716]",822,1
12712,[0.41097719 0.60055138],3,0,"[0.383291892093257, 0.5586820702346661]",-1,-1
12713,[0.72412664 0.50907678],8,3,"[0.6815204869410737, 0.47689852788858716]",-1,-1
12714,[0.35325259 0.64791509],3,-1,-1,576,-1
12715,[0.28097614 0.12627547],0,-1,-1,-1,-1
12716,[0.38631738 0.49555589],3,0,"[0.383291892093257, 0.5586820702346661]",-1,-1
12717,[0.36054621 0.35830997],6,1,"[0.3897435781344088, 0.3417040596068965]",1245,-1
12718,[0.65570259 0.66314199],9,2,"[0.5921204552873188, 0.6383928111301557]",-1,-1
12719,[0.6180313  0.59619278],9,2,"[0.5921204552873188, 0.6383928111301557]",1210,-1
12720,[0.23701797 0.2826215 ],0,5,"[0.23231087327800656, 0.30304944505444303]",1531,-1
12721,[0.2965411  0.19727033],0,9,"[0.3110394802231661, 0.23517199738277297]",425,-1
12722,[0.81695802 0.73733729],1,4,"[0.7726811996944247, 0.7249303226766757]",-1,0
12723,[0.80589799 0.77900978],1,4,"[0.7726811996944247, 0.7249303226766757]",-1,0
12724,[0.25523047 0.18926739],0,-1,-1,-1,-1
12725,[0.42278707 0.48720295],3,-1,-1,-1,-1
12726,[0.33363291 0.56079321],4,0,"[0.383291892093257, 0.5586820702346661]",1971,-1
12727,[0.6614611  0.43987503],8,3,"[0.6815204869410737, 0.47689852788858716]",732,-1
12728,[0.15945784 0.27276326],2,-1,-1,-1,-1
12729,[0.56677812 0.45889785],5,-1,-1,-1,-1
12730,[0.77086947 0.66026509],1,4,"[0.7726811996944247, 0.7249303226766757]",-1,0
12731,[0.31591117 0.32677542],0,-1,-1,-1,-1
12732,[0.32845947 0.37068792],6,1,"[0.3897435781344088, 0.3417040596068965]",-1,-1
12733,[0.32413437 0.6163026 ],3,7,"[0.2817018170798153, 0.5849768676672948]",1544,-1
12734,[0.38605162 0.29683156],6,1,"[0.3897435781344088, 0.3417040596068965]",-1,-1
12735,[0.28412542 0.37373844],2,-1,-1,-1,-1
12736,[0.42122999 0.33746504],6,1,"[0.3897435781344088, 0.3417040596068965]",974,-1
12737,[0.74267079 0.81977386],1,-1,-1,103,0
12738,[0.30144001 0.3761729 ],2,-1,-1,-1,-1
12739,[0.28133788 0.28687674],0,5,"[0.23231087327800656, 0.30304944505444303]",1681,11
12740,[0.51449288 0.48172482],5,6,"[0.5164739970238864, 0.5319253761973344]",-1,-1
12741,[0.31486128 0.6062882 ],4,7,"[0.2817018170798153, 0.5849768676672948]",1936,-1
12742,[0.48102706 0.36602776],6,-1,-1,208,-1
12743,[0.49819988 0.70731598],9,-1,-1,-1,-1
12744,[0.7332159  0.63869395],1,-1,-1,184,0
12745,[0.63373203 0.52529167],8,3,"[0.6815204869410737, 0.47689852788858716]",864,-1
12746,[0.61971771 0.54004419],5,-1,-1,734,-1
12747,[0.21011684 0.32023021],0,5,"[0.23231087327800656, 0.30304944505444303]",-1,-1
12748,[0.57616093 0.64259194],9,2,"[0.5921204552873188, 0.6383928111301557]",1214,6
12749,[0.36556008 0.63565915],7,-1,-1,-1,-1
12750,[0.48694098 0.53482425],4,6,"[0.5164739970238864, 0.5319253761973344]",961,-1
12751,[0.4168846 0.3507418],6,1,"[0.3897435781344088, 0.3417040596068965]",-1,-1
12752,[0.24177547 0.31195197],0,5,"[0.23231087327800656, 0.30304944505444303]",1567,-1
12753,[0.61576974 0.6868851 ],9,2,"[0.5921204552873188, 0.6383928111301557]",662,-1
12754,[0.30188273 0.36925403],2,-1,-1,1594,-1
12755,[0.37478819 0.3498302 ],6,1,"[0.3897435781344088, 0.3417040596068965]",1245,-1
12756,[0.75284408 0.64594712],1,-1,-1,-1,0
12757,[0.39882616 0.28782019],6,1,"[0.3897435781344088, 0.3417040596068965]",1077,-1
12758,[0.30346253 0.33994238],2,-1,-1,1625,-1
12759,[0.19030448 0.2383923 ],0,-1,-1,535,-1
12760,[0.64128357 0.61065968],9,2,"[0.5921204552873188, 0.6383928111301557]",613,-1
12761,[0.60431176 0.76556093],9,-1,-1,-1,-1
12762,[0.41489836 0.62262403],3,-1,-1,1474,-1
12763,[0.67055572 0.62249833],1,-1,-1,-1,-1
12764,[0.32854779 0.55085213],4,0,"[0.383291892093257, 0.5586820702346661]",1959,-1
12765,[0.62899319 0.51173543],9,3,"[0.6815204869410737, 0.47689852788858716]",869,-1
12766,[0.20157644 0.31928821],0,5,"[0.23231087327800656, 0.30304944505444303]",-1,-1
12767,[0.30500102 0.28879214],2,9,"[0.3110394802231661, 0.23517199738277297]",1685,11
12768,[0.58102906 0.53932008],5,6,"[0.5164739970238864, 0.5319253761973344]",1233,-1
12769,[0.35825136 0.64222989],4,-1,-1,1206,-1
12770,[0.28250839 0.33766205],0,5,"[0.23231087327800656, 0.30304944505444303]",-1,-1
12771,[0.28885695 0.2873595 ],2,9,"[0.3110394802231661, 0.23517199738277297]",1665,11
12772,[0.25257431 0.48397763],7,8,"[0.27392971195344684, 0.45973140540928376]",1710,-1
12773,[0.284471   0.49894093],4,8,"[0.27392971195344684, 0.45973140540928376]",1768,-1
12774,[0.30880504 0.56363202],3,7,"[0.2817018170798153, 0.5849768676672948]",1968,-1
12775,[0.58831619 0.46721262],5,-1,-1,608,-1
12776,[0.38511094 0.58592447],3,0,"[0.383291892093257, 0.5586820702346661]",1826,-1
12777,[0.22726282 0.29845067],0,5,"[0.23231087327800656, 0.30304944505444303]",1468,-1
12778,[0.26935467 0.30632921],0,5,"[0.23231087327800656, 0.30304944505444303]",1656,-1
12779,[0.67330051 0.67602922],9,-1,-1,385,-1
12780,[0.6506717  0.63957971],9,2,"[0.5921204552873188, 0.6383928111301557]",939,-1
12781,[0.25064273 0.31078733],0,5,"[0.23231087327800656, 0.30304944505444303]",-1,-1
12782,[0.26394897 0.4721061 ],7,8,"[0.27392971195344684, 0.45973140540928376]",-1,-1
12783,[0.37031361 0.28477914],6,1,"[0.3897435781344088, 0.3417040596068965]",1172,-1
12784,[0.20812971 0.38776338],2,-1,-1,193,-1
12785,[0.50522043 0.54548942],5,6,"[0.5164739970238864, 0.5319253761973344]",1186,-1
12786,[0.28673338 0.62999198],4,7,"[0.2817018170798153, 0.5849768676672948]",588,-1
12787,[0.39132115 0.52872361],3,0,"[0.383291892093257, 0.5586820702346661]",1777,-1
12788,[0.32440965 0.54396899],4,7,"[0.2817018170798153, 0.5849768676672948]",1978,-1
12789,[0.32487759 0.6125305 ],3,7,"[0.2817018170798153, 0.5849768676672948]",1544,-1
12790,[0.39175624 0.21269943],0,-1,-1,-1,-1
12791,[0.30723416 0.52442293],7,7,"[0.2817018170798153, 0.5849768676672948]",1918,-1
12792,[0.40319714 0.53346158],5,0,"[0.383291892093257, 0.5586820702346661]",-1,-1
12793,[0.48703957 0.60572841],3,-1,-1,-1,-1
12794,[0.33966225 0.29108188],0,9,"[0.3110394802231661, 0.23517199738277297]",-1,-1
12795,[0.34154269 0.31785062],0,1,"[0.3897435781344088, 0.3417040596068965]",-1,-1
12796,[0.69457523 0.68415463],1,-1,-1,-1,-1
12797,[0.5076703  0.53129179],3,6,"[0.5164739970238864, 0.5319253761973344]",-1,3
12798,[0.65072482 0.62145616],9,2,"[0.5921204552873188, 0.6383928111301557]",-1,-1
12799,[0.36973336 0.59129546],4,0,"[0.383291892093257, 0.5586820702346661]",1846,-1
12800,[0.45445731 0.59402451],9,-1,-1,1238,4
12801,[0.38087553 0.48910907],7,0,"[0.383291892093257, 0.5586820702346661]",-1,-1
12802,[0.58487053 0.7188059 ],9,-1,-1,423,-1
12803,[0.30999615 0.57757065],4,7,"[0.2817018170798153, 0.5849768676672948]",-1,-1
12804,[0.39184148 0.669449  ],4,-1,-1,-1,-1
12805,[0.41904289 0.28845498],6,1,"[0.3897435781344088, 0.3417040596068965]",-1,-1
12806,[0.32879123 0.29714557],0,9,"[0.3110394802231661, 0.23517199738277297]",-1,-1
12807,[0.45923746 0.30838424],6,-1,-1,-1,-1
12808,[0.241358   0.43992012],2,8,"[0.27392971195344684, 0.45973140540928376]",696,-1
12809,[0.75674472 0.72576717],1,4,"[0.7726811996944247, 0.7249303226766757]",466,0
12810,[0.36362212 0.54434687],4,0,"[0.383291892093257, 0.5586820702346661]",1790,-1
12811,[0.32376477 0.31839698],0,1,"[0.3897435781344088, 0.3417040596068965]",1673,10
12812,[0.75293792 0.39511176],8,-1,-1,-1,-1
12813,[0.27821209 0.44311136],7,8,"[0.27392971195344684, 0.45973140540928376]",-1,-1
12814,[0.46615611 0.598844  ],3,-1,-1,1235,4
12815,[0.24141515 0.31521029],2,5,"[0.23231087327800656, 0.30304944505444303]",1567,-1
12816,[0.2820724  0.54546171],4,7,"[0.2817018170798153, 0.5849768676672948]",-1,-1
12817,[0.28798439 0.6191655 ],3,7,"[0.2817018170798153, 0.5849768676672948]",878,-1
12818,[0.45968006 0.62935061],3,-1,-1,-1,-1
12819,[0.31834824 0.37633113],2,-1,-1,1015,-1
12820,[0.55702415 0.543957  ],5,6,"[0.5164739970238864, 0.5319253761973344]",-1,6
12821,[0.26906989 0.24912605],0,9,"[0.3110394802231661, 0.23517199738277297]",-1,-1
12822,[0.3288886 0.2421995],2,9,"[0.3110394802231661, 0.23517199738277297]",-1,-1
12823,[0.29123981 0.51868412],4,8,"[0.27392971195344684, 0.45973140540928376]",-1,14
12824,[0.53965301 0.5585743 ],5,6,"[0.5164739970238864, 0.5319253761973344]",1406,6
12825,[0.28174327 0.67113117],4,-1,-1,88,-1
12826,[0.14128246 0.34042044],0,-1,-1,-1,-1
12827,[0.6417285  0.68820621],9,-1,-1,488,-1
12828,[0.28021718 0.51271813],7,8,"[0.27392971195344684, 0.45973140540928376]",-1,-1
12829,[0.2780607  0.58957262],7,7,"[0.2817018170798153, 0.5849768676672948]",1572,-1
12830,[0.54950314 0.54523169],5,6,"[0.5164739970238864, 0.5319253761973344]",-1,6
12831,[0.24620363 0.39894562],7,8,"[0.27392971195344684, 0.45973140540928376]",649,-1
12832,[0.34498293 0.31284881],2,1,"[0.3897435781344088, 0.3417040596068965]",1525,-1
12833,[0.24718764 0.48421816],7,8,"[0.27392971195344684, 0.45973140540928376]",1710,-1
12834,[0.50081927 0.62266607],5,-1,-1,-1,-1
12835,[0.36546915 0.27889336],2,1,"[0.3897435781344088, 0.3417040596068965]",1170,-1
12836,[0.40702636 0.56378053],3,0,"[0.383291892093257, 0.5586820702346661]",1692,-1
12837,[0.28030757 0.36058595],7,-1,-1,1260,-1
12838,[0.36919581 0.53761614],3,0,"[0.383291892093257, 0.5586820702346661]",1806,-1
12839,[0.31039292 0.48381875],3,8,"[0.27392971195344684, 0.45973140540928376]",-1,-1
12840,[0.24190203 0.2794806 ],0,5,"[0.23231087327800656, 0.30304944505444303]",1531,-1
12841,[0.66974558 0.72828126],1,-1,-1,196,0
12842,[0.3580472  0.58197854],3,0,"[0.383291892093257, 0.5586820702346661]",-1,12
12843,[0.72967739 0.49810279],8,3,"[0.6815204869410737, 0.47689852788858716]",572,-1
12844,[0.61702224 0.57972081],9,2,"[0.5921204552873188, 0.6383928111301557]",-1,-1
12845,[0.29411099 0.32321895],2,5,"[0.23231087327800656, 0.30304944505444303]",1621,9
12846,[0.2565704  0.23263103],0,9,"[0.3110394802231661, 0.23517199738277297]",-1,-1
12847,[0.52070316 0.50170479],5,6,"[0.5164739970238864, 0.5319253761973344]",-1,-1
12848,[0.43366616 0.65560949],3,-1,-1,-1,-1
12849,[0.6877709  0.54354926],8,3,"[0.6815204869410737, 0.47689852788858716]",673,-1
12850,[0.70444076 0.64960193],9,-1,-1,221,0
12851,[0.3684315  0.29605356],6,1,"[0.3897435781344088, 0.3417040596068965]",1528,-1
12852,[0.29075873 0.32662026],0,5,"[0.23231087327800656, 0.30304944505444303]",1621,-1
12853,[0.27221786 0.3827585 ],2,-1,-1,1105,-1
12854,[0.7497408  0.74360076],1,4,"[0.7726811996944247, 0.7249303226766757]",-1,0
12855,[0.40077442 0.58079907],3,0,"[0.383291892093257, 0.5586820702346661]",1767,-1
12856,[0.4142181  0.43223217],2,-1,-1,-1,-1
12857,[0.73998104 0.75667632],1,4,"[0.7726811996944247, 0.7249303226766757]",418,0
12858,[0.2122895  0.28100367],2,5,"[0.23231087327800656, 0.30304944505444303]",1109,-1
12859,[0.20594893 0.29614756],0,5,"[0.23231087327800656, 0.30304944505444303]",685,-1
12860,[0.50585598 0.63220107],5,-1,-1,935,-1
12861,[0.34042973 0.57724068],7,0,"[0.383291892093257, 0.5586820702346661]",-1,-1
12862,[0.35136327 0.51346107],7,0,"[0.383291892093257, 0.5586820702346661]",-1,-1
12863,[0.65369098 0.51923298],8,3,"[0.6815204869410737, 0.47689852788858716]",-1,-1
12864,[0.25745814 0.2951673 ],0,5,"[0.23231087327800656, 0.30304944505444303]",-1,-1
12865,[0.8351259  0.64939792],1,-1,-1,170,0
12866,[0.3127608  0.40195488],2,8,"[0.27392971195344684, 0.45973140540928376]",-1,-1
12867,[0.37135324 0.38682408],6,1,"[0.3897435781344088, 0.3417040596068965]",1005,-1
12868,[0.43088708 0.28791298],6,1,"[0.3897435781344088, 0.3417040596068965]",-1,-1
12869,[0.71592856 0.47780767],8,3,"[0.6815204869410737, 0.47689852788858716]",779,-1
12870,[0.15685093 0.23529811],0,-1,-1,124,-1
12871,[0.45224973 0.55703717],5,6,"[0.5164739970238864, 0.5319253761973344]",-1,-1
12872,[0.27047173 0.29747939],2,5,"[0.23231087327800656, 0.30304944505444303]",1657,-1
12873,[0.43252509 0.55384056],3,0,"[0.383291892093257, 0.5586820702346661]",1294,-1
12874,[0.26661322 0.63100036],4,7,"[0.2817018170798153, 0.5849768676672948]",-1,-1
12875,[0.22603393 0.50947472],7,8,"[0.27392971195344684, 0.45973140540928376]",-1,-1
12876,[0.76794571 0.40398683],8,-1,-1,65,-1
12877,[0.6050253  0.63008969],5,2,"[0.5921204552873188, 0.6383928111301557]",1347,-1
12878,[0.19702568 0.24428605],0,5,"[0.23231087327800656, 0.30304944505444303]",897,-1
12879,[0.26881487 0.19998177],0,9,"[0.3110394802231661, 0.23517199738277297]",688,-1
12880,[0.24199528 0.31231442],0,5,"[0.23231087327800656, 0.30304944505444303]",1567,-1
12881,[0.29199045 0.66633304],4,-1,-1,226,-1
12882,[0.20179247 0.50117933],7,-1,-1,211,-1
12883,[0.72804741 0.55216295],8,-1,-1,-1,-1
12884,[0.18263037 0.1983014 ],0,-1,-1,147,-1
12885,[0.60722808 0.83869792],1,-1,-1,-1,-1
12886,[0.16578254 0.55636294],7,-1,-1,-1,-1
12887,[0.65980576 0.51758754],8,3,"[0.6815204869410737, 0.47689852788858716]",782,-1
12888,[0.3299893  0.59541844],4,7,"[0.2817018170798153, 0.5849768676672948]",-1,-1
12889,[0.56350746 0.55829966],5,6,"[0.5164739970238864, 0.5319253761973344]",1362,-1
12890,[0.6521144  0.70559848],9,-1,-1,489,-1
12891,[0.43520893 0.57877364],4,0,"[0.383291892093257, 0.5586820702346661]",1167,-1
12892,[0.26294568 0.40848091],2,8,"[0.27392971195344684, 0.45973140540928376]",-1,-1
12893,[0.55466757 0.60990671],9,2,"[0.5921204552873188, 0.6383928111301557]",1341,-1
12894,[0.80449971 0.76018722],1,4,"[0.7726811996944247, 0.7249303226766757]",-1,0
12895,[0.23507577 0.34231711],6,5,"[0.23231087327800656, 0.30304944505444303]",1522,-1
12896,[0.25353913 0.26838305],0,5,"[0.23231087327800656, 0.30304944505444303]",1539,-1
12897,[0.21826944 0.36986329],0,5,"[0.23231087327800656, 0.30304944505444303]",-1,-1
12898,[0.63118403 0.42464675],8,-1,-1,264,-1
12899,[0.34613194 0.48887643],7,-1,-1,-1,-1
12900,[0.35093858 0.49607408],3,-1,-1,1871,-1
12901,[0.31062115 0.48087174],7,8,"[0.27392971195344684, 0.45973140540928376]",-1,-1
12902,[0.7229799  0.74921089],1,4,"[0.7726811996944247, 0.7249303226766757]",421,0
12903,[0.79154713 0.68081476],1,4,"[0.7726811996944247, 0.7249303226766757]",-1,0
12904,[0.69973773 0.78721607],1,-1,-1,182,0
12905,[0.14440955 0.51313308],7,-1,-1,-1,-1
12906,[0.34044296 0.56376675],7,0,"[0.383291892093257, 0.5586820702346661]",1848,-1
12907,[0.70916718 0.91692439],1,-1,-1,-1,-1
12908,[0.25341992 0.53667752],7,7,"[0.2817018170798153, 0.5849768676672948]",-1,-1
12909,[0.42383793 0.5935959 ],3,0,"[0.383291892093257, 0.5586820702346661]",1702,-1
12910,[0.18395551 0.39211635],2,-1,-1,133,-1
12911,[0.75299602 0.5307781 ],8,-1,-1,222,-1
12912,[0.54858939 0.50064037],8,6,"[0.5164739970238864, 0.5319253761973344]",792,-1
12913,[0.46105569 0.30498853],6,-1,-1,-1,-1
12914,[0.25876135 0.27459073],0,5,"[0.23231087327800656, 0.30304944505444303]",-1,-1
12915,[0.84440627 0.71964783],1,-1,-1,311,0
12916,[0.51790824 0.58418648],5,6,"[0.5164739970238864, 0.5319253761973344]",-1,6
12917,[0.4121558  0.55918303],3,0,"[0.383291892093257, 0.5586820702346661]",1740,-1
12918,[0.55852905 0.70816835],9,-1,-1,-1,-1
12919,[0.34080369 0.54218564],3,0,"[0.383291892093257, 0.5586820702346661]",1953,-1
12920,[0.81851429 0.80987162],1,-1,-1,120,0
12921,[0.85115237 0.64329129],1,-1,-1,32,-1
12922,[0.80265028 0.82341551],1,-1,-1,141,-1
12923,[0.29184179 0.2486258 ],0,9,"[0.3110394802231661, 0.23517199738277297]",-1,-1
12924,[0.33517237 0.59166785],3,7,"[0.2817018170798153, 0.5849768676672948]",-1,-1
12925,[0.36860229 0.38028452],6,1,"[0.3897435781344088, 0.3417040596068965]",1009,-1
12926,[0.71776576 0.48743955],8,3,"[0.6815204869410737, 0.47689852788858716]",680,-1
12927,[0.3431841  0.61554859],4,7,"[0.2817018170798153, 0.5849768676672948]",-1,-1
12928,[0.30453097 0.54929464],4,7,"[0.2817018170798153, 0.5849768676672948]",-1,-1
12929,[0.74687485 0.80513824],1,-1,-1,288,0
12930,[0.44642615 0.40779691],6,-1,-1,207,-1
12931,[0.26620232 0.35104436],2,5,"[0.23231087327800656, 0.30304944505444303]",-1,-1
12932,[0.30676201 0.48969224],4,8,"[0.27392971195344684, 0.45973140540928376]",1873,-1
12933,[0.19350155 0.22445614],0,-1,-1,557,-1
12934,[0.70266217 0.51324855],5,3,"[0.6815204869410737, 0.47689852788858716]",-1,-1
12935,[0.68508634 0.63816864],9,-1,-1,493,-1
12936,[0.22271209 0.5009699 ],7,8,"[0.27392971195344684, 0.45973140540928376]",-1,-1
12937,[0.27749212 0.5167421 ],3,8,"[0.27392971195344684, 0.45973140540928376]",-1,14
12938,[0.59516555 0.40140096],5,-1,-1,-1,-1
12939,[0.23581185 0.21031283],0,-1,-1,750,-1
12940,[0.6090393  0.46617897],8,-1,-1,615,-1
12941,[0.27361108 0.16968261],0,-1,-1,-1,-1
12942,[0.28885409 0.21445313],2,9,"[0.3110394802231661, 0.23517199738277297]",-1,-1
12943,[0.24640988 0.54792983],4,7,"[0.2817018170798153, 0.5849768676672948]",1700,-1
12944,[0.77782576 0.83507086],1,-1,-1,-1,-1
12945,[0.55734282 0.57540866],9,6,"[0.5164739970238864, 0.5319253761973344]",1451,6
12946,[0.28600712 0.58931052],4,7,"[0.2817018170798153, 0.5849768676672948]",1810,-1
12947,[0.48883164 0.50142356],5,6,"[0.5164739970238864, 0.5319253761973344]",873,-1
12948,[0.47744108 0.51273889],5,6,"[0.5164739970238864, 0.5319253761973344]",-1,-1
12949,[0.51548974 0.45728677],5,-1,-1,601,-1
12950,[0.60688708 0.53706334],9,-1,-1,-1,-1
12951,[0.35026032 0.49209381],3,-1,-1,1871,-1
12952,[0.45613391 0.27057418],6,-1,-1,585,-1
12953,[0.37666682 0.63528586],3,-1,-1,785,-1
12954,[0.5330415  0.65046746],5,2,"[0.5921204552873188, 0.6383928111301557]",-1,-1
12955,[0.26569504 0.56097714],4,7,"[0.2817018170798153, 0.5849768676672948]",-1,-1
12956,[0.49913966 0.63118417],5,-1,-1,-1,-1
12957,[0.1979049  0.22415614],0,-1,-1,557,-1
12958,[0.23283034 0.49224538],7,8,"[0.27392971195344684, 0.45973140540928376]",-1,-1
12959,[0.85368863 0.71983336],1,-1,-1,-1,0
12960,[0.66159292 0.55248058],9,-1,-1,-1,-1
12961,[0.54112473 0.58196995],9,6,"[0.5164739970238864, 0.5319253761973344]",1432,6
12962,[0.12116584 0.24757336],0,-1,-1,-1,-1
12963,[0.69988382 0.52846431],8,3,"[0.6815204869410737, 0.47689852788858716]",-1,-1
12964,[0.29970269 0.58322651],4,7,"[0.2817018170798153, 0.5849768676672948]",1819,-1
12965,[0.32650475 0.37262113],2,-1,-1,1391,-1
12966,[0.54535157 0.64127029],5,2,"[0.5921204552873188, 0.6383928111301557]",-1,-1
12967,[0.22909191 0.22910481],0,-1,-1,-1,-1
12968,[0.4485157  0.47692084],5,-1,-1,-1,-1
12969,[0.35518072 0.45573376],7,-1,-1,860,-1
12970,[0.5994539  0.58541639],9,2,"[0.5921204552873188, 0.6383928111301557]",1326,-1
12971,[0.22362474 0.18415813],0,-1,-1,375,-1
12972,[0.28960857 0.48040878],7,8,"[0.27392971195344684, 0.45973140540928376]",1799,-1
12973,[0.57833292 0.56299177],5,6,"[0.5164739970238864, 0.5319253761973344]",1394,-1
12974,[0.70702151 0.79039801],1,-1,-1,-1,0
12975,[0.28596677 0.55972041],7,7,"[0.2817018170798153, 0.5849768676672948]",1916,13
12976,[0.74154079 0.72411336],1,4,"[0.7726811996944247, 0.7249303226766757]",411,0
12977,[0.22347525 0.30598142],0,5,"[0.23231087327800656, 0.30304944505444303]",-1,-1
12978,[0.3833202  0.61267417],3,0,"[0.383291892093257, 0.5586820702346661]",-1,-1
12979,[0.23264992 0.31175508],2,5,"[0.23231087327800656, 0.30304944505444303]",-1,-1
12980,[0.68039277 0.62245671],9,-1,-1,-1,-1
12981,[0.31473217 0.34162465],2,-1,-1,1623,8
12982,[0.23096054 0.32915821],0,5,"[0.23231087327800656, 0.30304944505444303]",-1,-1
12983,[0.81203375 0.69899378],1,4,"[0.7726811996944247, 0.7249303226766757]",365,0
12984,[0.53752036 0.51288168],5,6,"[0.5164739970238864, 0.5319253761973344]",-1,-1
12985,[0.24799092 0.31775098],2,5,"[0.23231087327800656, 0.30304944505444303]",-1,7
12986,[0.38091984 0.51918536],7,0,"[0.383291892093257, 0.5586820702346661]",1783,-1
12987,[0.65520826 0.57128476],8,-1,-1,-1,-1
12988,[0.57799561 0.61768576],5,2,"[0.5921204552873188, 0.6383928111301557]",1419,-1
12989,[0.31674505 0.59429082],3,7,"[0.2817018170798153, 0.5849768676672948]",1937,-1
12990,[0.62271841 0.6015716 ],9,2,"[0.5921204552873188, 0.6383928111301557]",1200,-1
12991,[0.29923694 0.54641703],4,7,"[0.2817018170798153, 0.5849768676672948]",-1,-1
12992,[0.40921729 0.2748489 ],6,1,"[0.3897435781344088, 0.3417040596068965]",922,-1
12993,[0.43625848 0.49064431],3,-1,-1,-1,-1
12994,[0.5511319  0.47302254],5,6,"[0.5164739970238864, 0.5319253761973344]",-1,-1
12995,[0.27438211 0.63641342],3,7,"[0.2817018170798153, 0.5849768676672948]",-1,-1
12996,[0.57907512 0.66658898],9,2,"[0.5921204552873188, 0.6383928111301557]",1121,-1
12997,[0.16626208 0.40622261],7,-1,-1,134,-1
12998,[0.39344171 0.5881495 ],3,0,"[0.383291892093257, 0.5586820702346661]",1722,-1
12999,[0.27865493 0.52403108],7,7,"[0.2817018170798153, 0.5849768676672948]",1887,-1
13000,[0.7853274  0.71865187],1,4,"[0.7726811996944247, 0.7249303226766757]",475,0
13001,[0.52894246 0.54331739],5,6,"[0.5164739970238864, 0.5319253761973344]",-1,-1
13002,[0.27718402 0.52841136],3,7,"[0.2817018170798153, 0.5849768676672948]",-1,-1
13003,[0.30641191 0.23492399],2,9,"[0.3110394802231661, 0.23517199738277297]",1492,-1
13004,[0.70181635 0.46999008],8,3,"[0.6815204869410737, 0.47689852788858716]",-1,-1
13005,[0.30417877 0.26162351],0,9,"[0.3110394802231661, 0.23517199738277297]",-1,-1
13006,[0.79891258 0.74265897],1,4,"[0.7726811996944247, 0.7249303226766757]",450,0
13007,[0.26972073 0.20246193],0,9,"[0.3110394802231661, 0.23517199738277297]",688,-1
13008,[0.33703528 0.51716421],4,0,"[0.383291892093257, 0.5586820702346661]",1880,-1
13009,[0.33569081 0.65312704],3,-1,-1,900,-1
13010,[0.32860724 0.54392235],7,0,"[0.383291892093257, 0.5586820702346661]",-1,-1
13011,[0.71122193 0.44618212],8,3,"[0.6815204869410737, 0.47689852788858716]",594,-1
13012,[0.39256036 0.61784596],4,0,"[0.383291892093257, 0.5586820702346661]",1721,-1
13013,[0.22516551 0.37490193],0,-1,-1,-1,-1
13014,[0.3105497 0.4196545],7,8,"[0.27392971195344684, 0.45973140540928376]",1017,-1
13015,[0.5314304  0.61055732],5,2,"[0.5921204552873188, 0.6383928111301557]",1203,-1
13016,[0.27331013 0.40561362],7,8,"[0.27392971195344684, 0.45973140540928376]",-1,-1
13017,[0.23463494 0.24663783],0,5,"[0.23231087327800656, 0.30304944505444303]",-1,-1
13018,[0.3495898 0.5182305],4,0,"[0.383291892093257, 0.5586820702346661]",1926,-1
13019,[0.30109785 0.41440731],7,8,"[0.27392971195344684, 0.45973140540928376]",1074,-1
13020,[0.31095495 0.52714091],3,7,"[0.2817018170798153, 0.5849768676672948]",1844,-1
13021,[0.40179657 0.5491098 ],3,0,"[0.383291892093257, 0.5586820702346661]",-1,-1
13022,[0.6629881  0.38409346],8,-1,-1,-1,-1
13023,[0.30059362 0.26201115],0,9,"[0.3110394802231661, 0.23517199738277297]",-1,-1
13024,[0.21174028 0.18949806],0,-1,-1,-1,-1
13025,[0.29858377 0.62435442],4,7,"[0.2817018170798153, 0.5849768676672948]",1131,-1
13026,[0.39938682 0.54655636],3,0,"[0.383291892093257, 0.5586820702346661]",1631,-1
13027,[0.72154261 0.6857633 ],1,4,"[0.7726811996944247, 0.7249303226766757]",393,0
13028,[0.68569014 0.51478908],8,3,"[0.6815204869410737, 0.47689852788858716]",-1,-1
13029,[0.25769272 0.22660647],0,9,"[0.3110394802231661, 0.23517199738277297]",-1,-1
13030,[0.53002068 0.60172997],9,-1,-1,1203,-1
13031,[0.45589088 0.58829932],3,-1,-1,-1,4
13032,[0.45843408 0.57019254],3,6,"[0.5164739970238864, 0.5319253761973344]",-1,-1
13033,[0.54267105 0.57684261],9,6,"[0.5164739970238864, 0.5319253761973344]",1410,-1
13034,[0.58125294 0.67396084],9,2,"[0.5921204552873188, 0.6383928111301557]",1121,-1
13035,[0.51428105 0.54853926],5,6,"[0.5164739970238864, 0.5319253761973344]",1186,-1
13036,[0.18158645 0.48808905],7,-1,-1,-1,-1
13037,[0.78027083 0.68903724],1,4,"[0.7726811996944247, 0.7249303226766757]",-1,0
13038,[0.59565596 0.5705226 ],5,2,"[0.5921204552873188, 0.6383928111301557]",1315,5
13039,[0.21112021 0.34383082],0,5,"[0.23231087327800656, 0.30304944505444303]",-1,-1
13040,[0.63361337 0.43260421],8,3,"[0.6815204869410737, 0.47689852788858716]",-1,-1
13041,[0.78158826 0.72563871],1,4,"[0.7726811996944247, 0.7249303226766757]",-1,0
13042,[0.34627854 0.56310369],7,0,"[0.383291892093257, 0.5586820702346661]",-1,-1
13043,[0.34458009 0.5387476 ],4,0,"[0.383291892093257, 0.5586820702346661]",1965,16
13044,[0.37234387 0.42062549],2,-1,-1,-1,-1
13045,[0.23271415 0.55328458],7,7,"[0.2817018170798153, 0.5849768676672948]",1411,-1
13046,[0.60257122 0.55866983],9,-1,-1,1316,-1
13047,[0.6500167  0.64672015],1,2,"[0.5921204552873188, 0.6383928111301557]",-1,-1
13048,[0.62200281 0.5147823 ],5,-1,-1,862,-1
13049,[0.23589567 0.30905634],2,5,"[0.23231087327800656, 0.30304944505444303]",-1,-1
13050,[0.75944399 0.76763643],1,4,"[0.7726811996944247, 0.7249303226766757]",-1,0
13051,[0.61269663 0.39868974],8,-1,-1,70,-1
13052,[0.34915538 0.40115861],2,-1,-1,-1,-1
13053,[0.66818594 0.66262631],1,-1,-1,-1,-1
13054,[0.70093034 0.72721862],1,-1,-1,-1,0
13055,[0.76215773 0.81839589],1,-1,-1,-1,0
13056,[0.64386297 0.31647898],8,-1,-1,-1,-1
13057,[0.331686   0.52304796],4,0,"[0.383291892093257, 0.5586820702346661]",1877,-1
13058,[0.25621461 0.53263394],7,7,"[0.2817018170798153, 0.5849768676672948]",-1,-1
13059,[0.392973   0.29773797],6,1,"[0.3897435781344088, 0.3417040596068965]",1396,-1
13060,[0.78746526 0.70613896],1,4,"[0.7726811996944247, 0.7249303226766757]",478,0
13061,[0.23829298 0.17492055],0,-1,-1,175,-1
13062,[0.70950597 0.65631483],1,-1,-1,-1,0
13063,[0.32274922 0.54693285],7,7,"[0.2817018170798153, 0.5849768676672948]",-1,-1
13064,[0.58943058 0.58533262],9,2,"[0.5921204552873188, 0.6383928111301557]",-1,-1
13065,[0.55753294 0.56706862],5,6,"[0.5164739970238864, 0.5319253761973344]",-1,-1
13066,[0.28989046 0.48319348],7,8,"[0.27392971195344684, 0.45973140540928376]",1798,-1
13067,[0.30871568 0.45556129],7,8,"[0.27392971195344684, 0.45973140540928376]",1688,-1
13068,[0.51575812 0.44689434],5,-1,-1,-1,-1
13069,[0.32071738 0.28408579],2,9,"[0.3110394802231661, 0.23517199738277297]",-1,11
13070,[0.52406586 0.56529846],5,6,"[0.5164739970238864, 0.5319253761973344]",-1,-1
13071,[0.47235936 0.2600723 ],6,-1,-1,-1,-1
13072,[0.62849218 0.65326776],9,2,"[0.5921204552873188, 0.6383928111301557]",-1,-1
13073,[0.38194721 0.53618663],7,0,"[0.383291892093257, 0.5586820702346661]",-1,-1
13074,[0.3029335  0.38380134],6,-1,-1,-1,-1
13075,[0.62007983 0.50348388],8,3,"[0.6815204869410737, 0.47689852788858716]",867,-1
13076,[0.53969211 0.61856991],9,2,"[0.5921204552873188, 0.6383928111301557]",1270,-1
13077,[0.57757858 0.71658557],9,-1,-1,-1,-1
13078,[0.38311412 0.30981838],6,1,"[0.3897435781344088, 0.3417040596068965]",-1,-1
13079,[0.30747479 0.27754459],0,9,"[0.3110394802231661, 0.23517199738277297]",1614,-1
13080,[0.28453955 0.55569327],7,7,"[0.2817018170798153, 0.5849768676672948]",-1,13
13081,[0.2480032  0.32083915],0,5,"[0.23231087327800656, 0.30304944505444303]",1503,7
13082,[0.41125494 0.6590796 ],4,-1,-1,-1,-1
13083,[0.39528818 0.32736724],6,1,"[0.3897435781344088, 0.3417040596068965]",-1,-1
13084,[0.25861109 0.46278894],4,8,"[0.27392971195344684, 0.45973140540928376]",1595,-1
13085,[0.34847275 0.56487116],4,0,"[0.383291892093257, 0.5586820702346661]",-1,-1
13086,[0.37857102 0.56894109],3,0,"[0.383291892093257, 0.5586820702346661]",1845,-1
13087,[0.29222174 0.58017369],4,7,"[0.2817018170798153, 0.5849768676672948]",-1,-1
13088,[0.32453906 0.30530544],0,-1,-1,-1,-1
13089,[0.2445573  0.58961269],3,7,"[0.2817018170798153, 0.5849768676672948]",929,-1
13090,[0.43139688 0.69394095],3,-1,-1,-1,-1
13091,[0.65749662 0.59422415],5,-1,-1,-1,-1
13092,[0.39888948 0.56112897],3,0,"[0.383291892093257, 0.5586820702346661]",1749,-1
13093,[0.61776678 0.63637879],9,2,"[0.5921204552873188, 0.6383928111301557]",-1,-1
13094,[0.88807156 0.62931351],1,-1,-1,-1,-1
13095,[0.30442906 0.34472072],6,-1,-1,-1,-1
13096,[0.27157498 0.33172694],2,5,"[0.23231087327800656, 0.30304944505444303]",-1,9
13097,[0.29639977 0.66826271],3,-1,-1,226,-1
13098,[0.86404872 0.77797532],1,-1,-1,-1,-1
13099,[0.47820153 0.46261752],3,-1,-1,278,-1
13100,[0.23183531 0.37369566],2,-1,-1,-1,-1
13101,[0.64812275 0.60687263],9,2,"[0.5921204552873188, 0.6383928111301557]",-1,-1
13102,[0.32233353 0.49558766],7,8,"[0.27392971195344684, 0.45973140540928376]",-1,-1
13103,[0.61449237 0.49001157],8,3,"[0.6815204869410737, 0.47689852788858716]",789,-1
13104,[0.20161517 0.39005823],2,-1,-1,193,-1
13105,[0.51552297 0.36005845],6,-1,-1,-1,-1
13106,[0.38291877 0.30168506],6,1,"[0.3897435781344088, 0.3417040596068965]",1463,-1
13107,[0.75961887 0.56069654],8,-1,-1,-1,-1
13108,[0.29136376 0.58995276],4,7,"[0.2817018170798153, 0.5849768676672948]",1810,-1
13109,[0.24218894 0.5125833 ],7,8,"[0.27392971195344684, 0.45973140540928376]",1552,-1
13110,[0.29694148 0.53411287],4,7,"[0.2817018170798153, 0.5849768676672948]",1895,-1
13111,[0.7467877  0.84830433],1,-1,-1,31,-1
13112,[0.36448573 0.57871948],4,0,"[0.383291892093257, 0.5586820702346661]",-1,12
13113,[0.64749217 0.42125741],8,3,"[0.6815204869410737, 0.47689852788858716]",522,-1
13114,[0.69188783 0.75967492],1,-1,-1,230,0
13115,[0.23870194 0.37780082],2,-1,-1,1149,-1
13116,[0.50616701 0.41065679],5,-1,-1,-1,-1
13117,[0.62650987 0.45899037],8,3,"[0.6815204869410737, 0.47689852788858716]",619,-1
13118,[0.82723537 0.71522936],1,4,"[0.7726811996944247, 0.7249303226766757]",-1,0
13119,[0.27516297 0.32132252],0,5,"[0.23231087327800656, 0.30304944505444303]",1585,9
13120,[0.55726821 0.61877277],9,2,"[0.5921204552873188, 0.6383928111301557]",-1,-1
13121,[0.35361612 0.53645773],3,0,"[0.383291892093257, 0.5586820702346661]",-1,-1
13122,[0.61479293 0.57525856],8,2,"[0.5921204552873188, 0.6383928111301557]",1273,-1
13123,[0.21027113 0.49328247],7,-1,-1,-1,-1
13124,[0.26387108 0.21137314],0,9,"[0.3110394802231661, 0.23517199738277297]",991,-1
13125,[0.28455858 0.51891212],7,8,"[0.27392971195344684, 0.45973140540928376]",-1,14
13126,[0.79701255 0.74498766],1,4,"[0.7726811996944247, 0.7249303226766757]",-1,0
13127,[0.70752149 0.56419214],9,-1,-1,563,-1
13128,[0.41502598 0.68237062],3,-1,-1,-1,-1
13129,[0.19735418 0.28368638],2,5,"[0.23231087327800656, 0.30304944505444303]",-1,-1
13130,[0.3987619  0.27606033],6,1,"[0.3897435781344088, 0.3417040596068965]",-1,-1
13131,[0.26697763 0.24730709],0,9,"[0.3110394802231661, 0.23517199738277297]",1345,-1
13132,[0.76296119 0.6813164 ],1,4,"[0.7726811996944247, 0.7249303226766757]",395,0
13133,[0.68135936 0.53116623],8,3,"[0.6815204869410737, 0.47689852788858716]",673,-1
13134,[0.3859673  0.34099491],6,1,"[0.3897435781344088, 0.3417040596068965]",-1,-1
13135,[0.31887191 0.25464749],6,9,"[0.3110394802231661, 0.23517199738277297]",-1,-1
13136,[0.6902957  0.69350172],1,-1,-1,387,-1
13137,[0.68035849 0.38864933],8,-1,-1,-1,-1
13138,[0.22929697 0.30921634],0,5,"[0.23231087327800656, 0.30304944505444303]",1486,-1
13139,[0.84717281 0.70334352],1,-1,-1,-1,0
13140,[0.29801439 0.57119686],7,7,"[0.2817018170798153, 0.5849768676672948]",1837,-1
13141,[0.15464324 0.37404217],2,-1,-1,-1,-1
13142,[0.69147323 0.46900828],8,3,"[0.6815204869410737, 0.47689852788858716]",813,-1
13143,[0.73404271 0.43021538],8,-1,-1,317,-1
13144,[0.41428556 0.52336132],7,0,"[0.383291892093257, 0.5586820702346661]",-1,-1
13145,[0.44897989 0.16931992],6,-1,-1,-1,-1
13146,[0.29818305 0.19763748],0,9,"[0.3110394802231661, 0.23517199738277297]",425,-1
13147,[0.30907384 0.60014386],7,7,"[0.2817018170798153, 0.5849768676672948]",-1,-1
13148,[0.3227942  0.61731492],4,7,"[0.2817018170798153, 0.5849768676672948]",1544,-1
13149,[0.36121308 0.50636101],7,0,"[0.383291892093257, 0.5586820702346661]",1897,-1
13150,[0.25809065 0.4500154 ],4,8,"[0.27392971195344684, 0.45973140540928376]",667,-1
13151,[0.39891432 0.32508284],0,1,"[0.3897435781344088, 0.3417040596068965]",966,-1
13152,[0.54181077 0.66098644],9,2,"[0.5921204552873188, 0.6383928111301557]",-1,-1
13153,[0.74255165 0.79755713],1,-1,-1,-1,0
13154,[0.60166846 0.37381367],8,-1,-1,-1,-1
13155,[0.34449885 0.68195231],4,-1,-1,298,-1
13156,[0.26291834 0.28926373],0,5,"[0.23231087327800656, 0.30304944505444303]",1645,-1
13157,[0.78978183 0.66575712],1,4,"[0.7726811996944247, 0.7249303226766757]",326,0
13158,[0.291976   0.58750951],3,7,"[0.2817018170798153, 0.5849768676672948]",1810,-1
13159,[0.55777254 0.67794046],9,2,"[0.5921204552873188, 0.6383928111301557]",768,-1
13160,[0.51441095 0.6211273 ],9,-1,-1,-1,-1
13161,[0.27522106 0.5224297 ],7,8,"[0.27392971195344684, 0.45973140540928376]",1887,-1
13162,[0.22545217 0.30263058],2,5,"[0.23231087327800656, 0.30304944505444303]",1468,-1
13163,[0.42607863 0.37762377],6,1,"[0.3897435781344088, 0.3417040596068965]",681,-1
13164,[0.3539305  0.25020676],6,9,"[0.3110394802231661, 0.23517199738277297]",-1,-1
13165,[0.78222823 0.75007849],1,4,"[0.7726811996944247, 0.7249303226766757]",-1,0
13166,[0.7137129  0.68095026],1,-1,-1,391,0
13167,[0.25401936 0.49400086],4,8,"[0.27392971195344684, 0.45973140540928376]",-1,-1
13168,[0.34365383 0.45778455],3,8,"[0.27392971195344684, 0.45973140540928376]",1387,-1
13169,[0.7154083  0.48004873],8,3,"[0.6815204869410737, 0.47689852788858716]",-1,-1
13170,[0.20602833 0.38579883],2,-1,-1,193,-1
13171,[0.43263927 0.38654089],6,1,"[0.3897435781344088, 0.3417040596068965]",742,-1
13172,[0.27146705 0.71439075],4,-1,-1,-1,-1
13173,[0.72287078 0.44707128],8,3,"[0.6815204869410737, 0.47689852788858716]",-1,-1
13174,[0.32823829 0.32613215],6,1,"[0.3897435781344088, 0.3417040596068965]",1683,-1
13175,[0.32012096 0.55432418],4,7,"[0.2817018170798153, 0.5849768676672948]",1991,17
13176,[0.52497435 0.66566658],9,-1,-1,-1,-1
13177,[0.49467967 0.39262422],6,-1,-1,-1,-1
13178,[0.26526056 0.19503966],2,9,"[0.3110394802231661, 0.23517199738277297]",746,-1
13179,[0.54058251 0.48219628],5,6,"[0.5164739970238864, 0.5319253761973344]",-1,-1
13180,[0.31483655 0.35427249],0,-1,-1,1633,-1
13181,[0.40826012 0.56070239],3,0,"[0.383291892093257, 0.5586820702346661]",-1,-1
13182,[0.3605172  0.30408176],6,1,"[0.3897435781344088, 0.3417040596068965]",1543,-1
13183,[0.40448006 0.58935427],3,0,"[0.383291892093257, 0.5586820702346661]",1708,-1
13184,[0.18218926 0.54173872],4,-1,-1,-1,-1
13185,[0.29060123 0.38801785],6,-1,-1,-1,-1
13186,[0.30747567 0.28170072],0,9,"[0.3110394802231661, 0.23517199738277297]",1614,-1
13187,[0.4205793  0.57470152],5,0,"[0.383291892093257, 0.5586820702346661]",-1,-1
13188,[0.31980976 0.30524325],6,-1,-1,1664,-1
13189,[0.64203411 0.72814435],1,-1,-1,282,-1
13190,[0.60684323 0.51590757],9,-1,-1,1102,-1
13191,[0.25726803 0.64742115],4,7,"[0.2817018170798153, 0.5849768676672948]",324,-1
13192,[0.59041023 0.58004271],9,2,"[0.5921204552873188, 0.6383928111301557]",1325,-1
13193,[0.25414679 0.31805731],0,5,"[0.23231087327800656, 0.30304944505444303]",1501,7
13194,[0.45514434 0.47088558],5,-1,-1,-1,-1
13195,[0.39960355 0.27141268],6,-1,-1,-1,-1
13196,[0.40313691 0.6239124 ],4,0,"[0.383291892093257, 0.5586820702346661]",-1,-1
13197,[0.34966354 0.29689963],2,1,"[0.3897435781344088, 0.3417040596068965]",-1,-1
13198,[0.82855974 0.62942172],1,-1,-1,62,-1
13199,[0.57138238 0.46139755],8,-1,-1,517,-1
13200,[0.77122048 0.72951471],1,4,"[0.7726811996944247, 0.7249303226766757]",469,0
13201,[0.28635338 0.48873596],2,8,"[0.27392971195344684, 0.45973140540928376]",-1,-1
13202,[0.34145283 0.28929747],0,9,"[0.3110394802231661, 0.23517199738277297]",-1,-1
13203,[0.46120638 0.27481428],6,-1,-1,-1,-1
13204,[0.27291756 0.59792678],4,7,"[0.2817018170798153, 0.5849768676672948]",-1,-1
13205,[0.20201608 0.61119806],7,-1,-1,181,-1
13206,[0.36877842 0.11353269],0,-1,-1,-1,-1
13207,[0.87856146 0.71247852],1,-1,-1,-1,0
13208,[0.43975475 0.56876428],3,0,"[0.383291892093257, 0.5586820702346661]",-1,-1
13209,[0.29644733 0.33871051],0,-1,-1,1619,8
13210,[0.72086546 0.68691311],1,4,"[0.7726811996944247, 0.7249303226766757]",393,0
13211,[0.22945415 0.28060138],2,5,"[0.23231087327800656, 0.30304944505444303]",-1,-1
13212,[0.66036808 0.45852135],8,3,"[0.6815204869410737, 0.47689852788858716]",-1,-1
13213,[0.21959189 0.31866626],2,5,"[0.23231087327800656, 0.30304944505444303]",1340,-1
13214,[0.25931901 0.59536976],7,7,"[0.2817018170798153, 0.5849768676672948]",-1,-1
13215,[0.2966154 0.4213784],2,8,"[0.27392971195344684, 0.45973140540928376]",-1,-1
13216,[0.24734219 0.50983357],4,8,"[0.27392971195344684, 0.45973140540928376]",-1,-1
13217,[0.49727411 0.66432272],5,-1,-1,-1,-1
13218,[0.43777818 0.54688554],3,0,"[0.383291892093257, 0.5586820702346661]",1296,-1
13219,[0.69554972 0.59729129],8,-1,-1,-1,-1
13220,[0.5093955  0.70501408],9,-1,-1,-1,-1
13221,[0.46883736 0.62341632],5,-1,-1,704,-1
13222,[0.75843557 0.69616937],1,4,"[0.7726811996944247, 0.7249303226766757]",-1,0
13223,[0.28626519 0.24242883],0,9,"[0.3110394802231661, 0.23517199738277297]",-1,-1
13224,[0.92973075 0.722788  ],1,-1,-1,-1,-1
13225,[0.51414558 0.51296993],5,6,"[0.5164739970238864, 0.5319253761973344]",-1,-1
13226,[0.28938552 0.16886606],0,9,"[0.3110394802231661, 0.23517199738277297]",-1,-1
13227,[0.39690918 0.53733282],3,0,"[0.383291892093257, 0.5586820702346661]",1629,-1
13228,[0.74224264 0.4702088 ],8,3,"[0.6815204869410737, 0.47689852788858716]",513,-1
13229,[0.36956892 0.6122019 ],4,0,"[0.383291892093257, 0.5586820702346661]",-1,-1
13230,[0.27907406 0.57527161],7,7,"[0.2817018170798153, 0.5849768676672948]",-1,-1
13231,[0.24663222 0.5517368 ],4,7,"[0.2817018170798153, 0.5849768676672948]",1700,-1
13232,[0.31895718 0.51769897],7,-1,-1,-1,-1
13233,[0.74719676 0.65118582],1,-1,-1,336,0
13234,[0.26684943 0.52351607],7,7,"[0.2817018170798153, 0.5849768676672948]",-1,-1
13235,[0.50083388 0.34500775],6,-1,-1,63,-1
13236,[0.29616613 0.19295592],0,9,"[0.3110394802231661, 0.23517199738277297]",425,-1
13237,[0.67342253 0.7736607 ],1,-1,-1,83,-1
13238,[0.29621308 0.55526813],3,7,"[0.2817018170798153, 0.5849768676672948]",-1,-1
13239,[0.35324866 0.23545611],6,9,"[0.3110394802231661, 0.23517199738277297]",633,-1
13240,[0.33058899 0.37897226],2,1,"[0.3897435781344088, 0.3417040596068965]",-1,-1
13241,[0.37454208 0.411969  ],6,-1,-1,723,-1
13242,[0.64178184 0.52857112],8,3,"[0.6815204869410737, 0.47689852788858716]",861,-1
13243,[0.34950942 0.54230689],3,0,"[0.383291892093257, 0.5586820702346661]",1969,16
13244,[0.7523793  0.48656455],8,-1,-1,507,-1
13245,[0.2841362  0.31980682],2,5,"[0.23231087327800656, 0.30304944505444303]",1610,9
13246,[0.64633762 0.73127447],9,-1,-1,-1,-1
13247,[0.47632246 0.37219901],6,-1,-1,-1,-1
13248,[0.70195367 0.55772905],8,-1,-1,563,-1
13249,[0.70218413 0.80879522],1,-1,-1,105,-1
13250,[0.38594738 0.52134114],3,0,"[0.383291892093257, 0.5586820702346661]",1777,-1
13251,[0.51154442 0.57848884],9,6,"[0.5164739970238864, 0.5319253761973344]",1377,6
13252,[0.43432456 0.54535253],4,0,"[0.383291892093257, 0.5586820702346661]",1296,-1
13253,[0.37129056 0.26809094],6,9,"[0.3110394802231661, 0.23517199738277297]",1101,-1
13254,[0.19705962 0.36832194],0,-1,-1,650,-1
13255,[0.36541942 0.52806338],7,0,"[0.383291892093257, 0.5586820702346661]",1934,-1
13256,[0.27177146 0.27043146],0,5,"[0.23231087327800656, 0.30304944505444303]",1635,-1
13257,[0.71324376 0.39420303],8,-1,-1,150,-1
13258,[0.24445246 0.46965217],7,8,"[0.27392971195344684, 0.45973140540928376]",1152,-1
13259,[0.32180139 0.60095217],4,7,"[0.2817018170798153, 0.5849768676672948]",1939,-1
13260,[0.44345722 0.36136048],6,1,"[0.3897435781344088, 0.3417040596068965]",552,-1
13261,[0.55470916 0.52618856],5,6,"[0.5164739970238864, 0.5319253761973344]",1390,-1
13262,[0.32842428 0.32308431],6,1,"[0.3897435781344088, 0.3417040596068965]",-1,-1
13263,[0.68852338 0.61866179],9,-1,-1,-1,-1
13264,[0.87928347 0.70397315],1,-1,-1,-1,0
13265,[0.41771795 0.40777279],6,-1,-1,-1,-1
13266,[0.42776714 0.26769777],6,-1,-1,-1,-1
13267,[0.47403817 0.38369091],6,-1,-1,321,-1
13268,[0.65758708 0.51911582],8,3,"[0.6815204869410737, 0.47689852788858716]",782,-1
13269,[0.40627804 0.5892842 ],3,0,"[0.383291892093257, 0.5586820702346661]",1708,-1
13270,[0.55981678 0.59909455],9,2,"[0.5921204552873188, 0.6383928111301557]",1342,-1
13271,[0.48630701 0.55728528],5,6,"[0.5164739970238864, 0.5319253761973344]",1184,-1
13272,[0.79471786 0.76783845],1,4,"[0.7726811996944247, 0.7249303226766757]",427,0
13273,[0.56332735 0.52645632],8,6,"[0.5164739970238864, 0.5319253761973344]",-1,-1
13274,[0.59010609 0.63326267],9,2,"[0.5921204552873188, 0.6383928111301557]",1337,-1
13275,[0.58335003 0.57664215],9,2,"[0.5921204552873188, 0.6383928111301557]",-1,-1
13276,[0.50473845 0.38497039],5,-1,-1,-1,-1
13277,[0.63489817 0.6905885 ],9,2,"[0.5921204552873188, 0.6383928111301557]",488,-1
13278,[0.49496486 0.57286086],5,6,"[0.5164739970238864, 0.5319253761973344]",-1,-1
13279,[0.54173881 0.51385363],5,6,"[0.5164739970238864, 0.5319253761973344]",-1,-1
13280,[0.31788672 0.39732215],2,-1,-1,1425,-1
13281,[0.26354102 0.61053624],3,7,"[0.2817018170798153, 0.5849768676672948]",-1,-1
13282,[0.36411846 0.34996932],6,1,"[0.3897435781344088, 0.3417040596068965]",1350,-1
13283,[0.34971153 0.32025438],2,1,"[0.3897435781344088, 0.3417040596068965]",-1,-1
13284,[0.23681421 0.5475631 ],7,7,"[0.2817018170798153, 0.5849768676672948]",1411,-1
13285,[0.71783271 0.77800419],1,-1,-1,-1,0
13286,[0.59600489 0.65219308],9,2,"[0.5921204552873188, 0.6383928111301557]",1125,-1
13287,[0.63182634 0.43811179],8,3,"[0.6815204869410737, 0.47689852788858716]",678,-1
13288,[0.57499209 0.57909807],9,2,"[0.5921204552873188, 0.6383928111301557]",1452,6
13289,[0.28157527 0.53096768],7,7,"[0.2817018170798153, 0.5849768676672948]",1883,-1
13290,[0.45606668 0.47641752],4,-1,-1,-1,-1
13291,[0.23089048 0.14894986],0,-1,-1,-1,-1
13292,[0.30503091 0.5336559 ],7,7,"[0.2817018170798153, 0.5849768676672948]",1982,-1
13293,[0.81547824 0.71238123],1,4,"[0.7726811996944247, 0.7249303226766757]",378,0
13294,[0.82947328 0.71788463],1,4,"[0.7726811996944247, 0.7249303226766757]",-1,0
13295,[0.21503411 0.24621811],0,5,"[0.23231087327800656, 0.30304944505444303]",895,-1
13296,[0.85315914 0.68004288],1,-1,-1,-1,0
13297,[0.26174293 0.45334656],7,8,"[0.27392971195344684, 0.45973140540928376]",-1,-1
13298,[0.82822042 0.6168055 ],1,-1,-1,54,-1
13299,[0.22215999 0.30413579],2,5,"[0.23231087327800656, 0.30304944505444303]",1421,-1
13300,[0.74355104 0.74320859],1,4,"[0.7726811996944247, 0.7249303226766757]",454,0
13301,[0.38822938 0.41661529],3,-1,-1,-1,-1
13302,[0.22443295 0.47978331],7,8,"[0.27392971195344684, 0.45973140540928376]",1022,-1
13303,[0.20919366 0.2452293 ],0,5,"[0.23231087327800656, 0.30304944505444303]",-1,-1
13304,[0.73748096 0.75071124],1,4,"[0.7726811996944247, 0.7249303226766757]",418,0
13305,[0.40314587 0.62551407],3,0,"[0.383291892093257, 0.5586820702346661]",-1,-1
13306,[0.27790701 0.49611385],4,8,"[0.27392971195344684, 0.45973140540928376]",1795,-1
13307,[0.3085802  0.36014373],0,-1,-1,1632,-1
13308,[0.23146469 0.52836748],3,-1,-1,1477,-1
13309,[0.29844122 0.32056591],0,5,"[0.23231087327800656, 0.30304944505444303]",1661,-1
13310,[0.35165921 0.59679761],4,0,"[0.383291892093257, 0.5586820702346661]",-1,-1
13311,[0.86956444 0.56461963],8,-1,-1,-1,-1
13312,[0.24420783 0.30385145],0,5,"[0.23231087327800656, 0.30304944505444303]",1567,-1
13313,[0.47355138 0.55288227],3,6,"[0.5164739970238864, 0.5319253761973344]",-1,-1
13314,[0.80269666 0.74977283],1,4,"[0.7726811996944247, 0.7249303226766757]",-1,0
13315,[0.22552747 0.22452607],0,-1,-1,-1,-1
13316,[0.29477209 0.22646311],2,9,"[0.3110394802231661, 0.23517199738277297]",-1,-1
13317,[0.39340899 0.27861404],6,1,"[0.3897435781344088, 0.3417040596068965]",1076,-1
13318,[0.54931913 0.73562595],9,-1,-1,-1,-1
13319,[0.68504844 0.42496008],8,3,"[0.6815204869410737, 0.47689852788858716]",592,-1
13320,[0.30820073 0.28187213],0,9,"[0.3110394802231661, 0.23517199738277297]",1614,-1
13321,[0.72965156 0.7474535 ],1,4,"[0.7726811996944247, 0.7249303226766757]",420,0
13322,[0.2981113  0.29853245],0,9,"[0.3110394802231661, 0.23517199738277297]",1690,11
13323,[0.71783521 0.53189961],5,3,"[0.6815204869410737, 0.47689852788858716]",516,-1
13324,[0.56399279 0.55579674],5,6,"[0.5164739970238864, 0.5319253761973344]",1362,-1
13325,[0.50324156 0.5371091 ],9,6,"[0.5164739970238864, 0.5319253761973344]",1186,3
13326,[0.26693627 0.47672034],2,8,"[0.27392971195344684, 0.45973140540928376]",1600,-1
13327,[0.51999249 0.57794921],9,6,"[0.5164739970238864, 0.5319253761973344]",1384,-1
13328,[0.3464335  0.65063234],3,-1,-1,-1,-1
13329,[0.4087868  0.64040191],5,-1,-1,-1,-1
13330,[0.58337193 0.59478788],9,2,"[0.5921204552873188, 0.6383928111301557]",-1,-1
13331,[0.43178526 0.37289521],6,1,"[0.3897435781344088, 0.3417040596068965]",-1,-1
13332,[0.63957731 0.46609734],8,3,"[0.6815204869410737, 0.47689852788858716]",-1,-1
13333,[0.29839885 0.54438465],3,7,"[0.2817018170798153, 0.5849768676672948]",-1,-1
13334,[0.5881561 0.453949 ],8,-1,-1,607,-1
13335,[0.30182951 0.34265247],2,-1,-1,1626,8
13336,[0.25366009 0.59340484],3,7,"[0.2817018170798153, 0.5849768676672948]",755,-1
13337,[0.35718046 0.48320732],4,-1,-1,1746,-1
13338,[0.28946888 0.59248462],4,7,"[0.2817018170798153, 0.5849768676672948]",1810,-1
13339,[0.39522589 0.54250847],4,0,"[0.383291892093257, 0.5586820702346661]",-1,-1
13340,[0.84109288 0.77720912],1,-1,-1,259,0
13341,[0.83508639 0.64926582],1,-1,-1,170,0
13342,[0.22569478 0.34981106],0,5,"[0.23231087327800656, 0.30304944505444303]",1129,-1
13343,[0.36153765 0.47177209],3,-1,-1,1560,-1
13344,[0.69310371 0.46238163],8,3,"[0.6815204869410737, 0.47689852788858716]",806,-1
13345,[0.34904472 0.47123675],7,-1,-1,1758,-1
13346,[0.2926851  0.27603402],2,9,"[0.3110394802231661, 0.23517199738277297]",-1,-1
13347,[0.55725711 0.63074427],9,2,"[0.5921204552873188, 0.6383928111301557]",1278,-1
13348,[0.35389548 0.57660766],3,0,"[0.383291892093257, 0.5586820702346661]",-1,-1
13349,[0.49621276 0.32138905],6,-1,-1,72,-1
13350,[0.24175753 0.31535369],2,5,"[0.23231087327800656, 0.30304944505444303]",1567,-1
13351,[0.65638675 0.41027292],8,-1,-1,520,-1
13352,[0.55835294 0.74417699],9,-1,-1,-1,-1
13353,[0.38639006 0.25540196],6,-1,-1,-1,-1
13354,[0.24665411 0.32108952],0,5,"[0.23231087327800656, 0.30304944505444303]",1503,7
13355,[0.27625349 0.30401431],0,5,"[0.23231087327800656, 0.30304944505444303]",1581,-1
13356,[0.69482109 0.81192786],1,-1,-1,-1,-1
13357,[0.67969571 0.42922129],8,3,"[0.6815204869410737, 0.47689852788858716]",-1,-1
13358,[0.27687964 0.40832148],6,8,"[0.27392971195344684, 0.45973140540928376]",748,-1
13359,[0.32507612 0.47805502],2,8,"[0.27392971195344684, 0.45973140540928376]",1475,-1
13360,[0.25866875 0.26413011],2,5,"[0.23231087327800656, 0.30304944505444303]",1533,-1
13361,[0.3112227  0.23511092],0,9,"[0.3110394802231661, 0.23517199738277297]",1492,-1
13362,[0.57908884 0.59576757],9,2,"[0.5921204552873188, 0.6383928111301557]",-1,6
13363,[0.31628789 0.29970569],2,9,"[0.3110394802231661, 0.23517199738277297]",1647,-1
13364,[0.72831023 0.39165342],8,-1,-1,-1,-1
13365,[0.72465677 0.52343367],8,3,"[0.6815204869410737, 0.47689852788858716]",-1,-1
13366,[0.41913937 0.32350822],6,1,"[0.3897435781344088, 0.3417040596068965]",-1,-1
13367,[0.32294642 0.24780243],2,9,"[0.3110394802231661, 0.23517199738277297]",1490,-1
13368,[0.37890533 0.41375315],0,-1,-1,-1,-1
13369,[0.73746574 0.40911627],8,-1,-1,-1,-1
13370,[0.29257718 0.18882429],0,9,"[0.3110394802231661, 0.23517199738277297]",425,-1
13371,[0.57790266 0.67289542],9,2,"[0.5921204552873188, 0.6383928111301557]",1121,-1
13372,[0.22381314 0.47164397],7,8,"[0.27392971195344684, 0.45973140540928376]",724,-1
13373,[0.21161747 0.2312288 ],0,-1,-1,898,-1
13374,[0.48343625 0.4126862 ],5,-1,-1,-1,-1
13375,[0.66661165 0.51785622],9,3,"[0.6815204869410737, 0.47689852788858716]",828,-1
13376,[0.34346812 0.72301109],3,-1,-1,-1,-1
13377,[0.60373713 0.53120071],8,-1,-1,-1,-1
13378,[0.72225873 0.39108151],8,-1,-1,-1,-1
13379,[0.76196145 0.65868269],1,4,"[0.7726811996944247, 0.7249303226766757]",-1,0
13380,[0.28600762 0.48351818],7,8,"[0.27392971195344684, 0.45973140540928376]",-1,-1
13381,[0.23575191 0.23950043],0,5,"[0.23231087327800656, 0.30304944505444303]",1314,-1
13382,[0.70544379 0.47720518],8,3,"[0.6815204869410737, 0.47689852788858716]",-1,-1
13383,[0.45552064 0.595767  ],3,-1,-1,1238,4
13384,[0.46408661 0.47306876],3,-1,-1,664,-1
13385,[0.42372138 0.4599223 ],7,-1,-1,-1,-1
13386,[0.77965126 0.70996305],1,4,"[0.7726811996944247, 0.7249303226766757]",-1,0
13387,[0.78860153 0.33994439],8,-1,-1,-1,-1
13388,[0.31924321 0.20071685],0,9,"[0.3110394802231661, 0.23517199738277297]",293,-1
13389,[0.20490917 0.21151553],0,-1,-1,-1,-1
13390,[0.33275114 0.63507191],3,-1,-1,-1,-1
13391,[0.13186041 0.30957119],2,-1,-1,-1,-1
13392,[0.31555741 0.36762192],2,-1,-1,-1,-1
13393,[0.2407945  0.13021446],0,-1,-1,-1,-1
13394,[0.3391814 0.4908702],3,-1,-1,1880,-1
13395,[0.61267566 0.63229209],9,2,"[0.5921204552873188, 0.6383928111301557]",-1,-1
13396,[0.51901346 0.63442285],9,-1,-1,-1,-1
13397,[0.29834719 0.50378311],7,8,"[0.27392971195344684, 0.45973140540928376]",1889,-1
13398,[0.86833849 0.72081387],1,-1,-1,-1,0
13399,[0.2403215  0.35886718],2,5,"[0.23231087327800656, 0.30304944505444303]",1569,-1
13400,[0.35073322 0.23510452],6,9,"[0.3110394802231661, 0.23517199738277297]",633,-1
13401,[0.75804891 0.70668063],1,4,"[0.7726811996944247, 0.7249303226766757]",-1,0
13402,[0.7128102  0.56207949],8,-1,-1,563,-1
13403,[0.34247241 0.59369904],4,0,"[0.383291892093257, 0.5586820702346661]",1834,-1
13404,[0.33285689 0.58468555],4,7,"[0.2817018170798153, 0.5849768676672948]",-1,-1
13405,[0.46297185 0.34681644],6,-1,-1,531,-1
13406,[0.45617996 0.31144797],6,-1,-1,524,-1
13407,[0.50189917 0.59877367],9,6,"[0.5164739970238864, 0.5319253761973344]",1063,-1
13408,[0.53465457 0.55892611],5,6,"[0.5164739970238864, 0.5319253761973344]",-1,-1
13409,[0.30188771 0.40028283],2,8,"[0.27392971195344684, 0.45973140540928376]",1067,-1
13410,[0.36172257 0.28250381],6,1,"[0.3897435781344088, 0.3417040596068965]",-1,-1
13411,[0.32751815 0.34173316],0,1,"[0.3897435781344088, 0.3417040596068965]",1617,-1
13412,[0.26991293 0.57780791],4,7,"[0.2817018170798153, 0.5849768676672948]",-1,-1
13413,[0.28014605 0.20877808],2,9,"[0.3110394802231661, 0.23517199738277297]",-1,-1
13414,[0.27706675 0.58859754],4,7,"[0.2817018170798153, 0.5849768676672948]",1572,-1
13415,[0.27962974 0.31355101],2,5,"[0.23231087327800656, 0.30304944505444303]",1585,-1
13416,[0.30931991 0.18922079],2,9,"[0.3110394802231661, 0.23517199738277297]",-1,-1
13417,[0.30897381 0.26746483],0,9,"[0.3110394802231661, 0.23517199738277297]",1512,-1
13418,[0.32850869 0.37213929],2,1,"[0.3897435781344088, 0.3417040596068965]",1391,-1
13419,[0.71434091 0.50605772],8,3,"[0.6815204869410737, 0.47689852788858716]",-1,-1
13420,[0.2914526  0.25150837],6,9,"[0.3110394802231661, 0.23517199738277297]",-1,-1
13421,[0.31272148 0.67298593],3,-1,-1,169,-1
13422,[0.62377597 0.44916984],8,3,"[0.6815204869410737, 0.47689852788858716]",620,-1
13423,[0.35620092 0.53094744],3,0,"[0.383291892093257, 0.5586820702346661]",-1,-1
13424,[0.23512104 0.63000389],4,7,"[0.2817018170798153, 0.5849768676672948]",347,-1
13425,[0.30162098 0.57483081],3,7,"[0.2817018170798153, 0.5849768676672948]",1839,-1
13426,[0.40223366 0.18421237],6,-1,-1,39,-1
13427,[0.74906589 0.62445955],1,-1,-1,-1,0
13428,[0.49366767 0.61805138],5,-1,-1,918,-1
13429,[0.23326241 0.5649735 ],7,7,"[0.2817018170798153, 0.5849768676672948]",-1,-1
13430,[0.19300755 0.43415428],7,-1,-1,-1,-1
13431,[0.56046882 0.63786332],9,2,"[0.5921204552873188, 0.6383928111301557]",-1,6
13432,[0.3830499  0.52890365],4,0,"[0.383291892093257, 0.5586820702346661]",1782,-1
13433,[0.59400834 0.50655524],5,-1,-1,-1,-1
13434,[0.3798397  0.53690328],3,0,"[0.383291892093257, 0.5586820702346661]",-1,-1
13435,[0.63727745 0.65200193],9,2,"[0.5921204552873188, 0.6383928111301557]",-1,-1
13436,[0.46734843 0.61052942],5,-1,-1,907,-1
13437,[0.45753803 0.43486064],6,-1,-1,-1,-1
13438,[0.57308346 0.39173987],8,-1,-1,115,-1
13439,[0.72405526 0.71076076],1,4,"[0.7726811996944247, 0.7249303226766757]",-1,0
13440,[0.19627292 0.32846708],2,5,"[0.23231087327800656, 0.30304944505444303]",-1,-1
13441,[0.389243   0.57056229],3,0,"[0.383291892093257, 0.5586820702346661]",1771,-1
13442,[0.29961906 0.54384107],4,7,"[0.2817018170798153, 0.5849768676672948]",-1,-1
13443,[0.24917834 0.38294173],6,-1,-1,1147,-1
13444,[0.773301   0.82575009],1,-1,-1,163,-1
13445,[0.35036047 0.54827379],3,0,"[0.383291892093257, 0.5586820702346661]",1928,-1
13446,[0.32052766 0.5501338 ],7,7,"[0.2817018170798153, 0.5849768676672948]",1989,17
13447,[0.73835965 0.51377279],8,3,"[0.6815204869410737, 0.47689852788858716]",480,-1
13448,[0.71093905 0.53996592],9,3,"[0.6815204869410737, 0.47689852788858716]",519,-1
13449,[0.39226388 0.56625601],4,0,"[0.383291892093257, 0.5586820702346661]",1771,-1
13450,[0.70019216 0.56280688],8,-1,-1,-1,-1
13451,[0.34560792 0.45867489],4,-1,-1,1387,-1
13452,[0.45662691 0.58993498],3,-1,-1,1238,4
13453,[0.74221505 0.77639781],1,4,"[0.7726811996944247, 0.7249303226766757]",301,0
13454,[0.24126503 0.58088067],7,7,"[0.2817018170798153, 0.5849768676672948]",-1,-1
13455,[0.42040146 0.57522194],3,0,"[0.383291892093257, 0.5586820702346661]",-1,-1
13456,[0.15686259 0.4032764 ],2,-1,-1,-1,-1
13457,[0.63705772 0.80173138],9,-1,-1,-1,-1
13458,[0.67530611 0.39368774],8,-1,-1,241,-1
13459,[0.33558877 0.21118673],2,9,"[0.3110394802231661, 0.23517199738277297]",674,-1
13460,[0.32586776 0.47553891],7,8,"[0.27392971195344684, 0.45973140540928376]",1475,-1
13461,[0.57836499 0.66020837],9,2,"[0.5921204552873188, 0.6383928111301557]",-1,-1
13462,[0.5541994  0.55346722],5,6,"[0.5164739970238864, 0.5319253761973344]",-1,-1
13463,[0.82850065 0.7034515 ],1,4,"[0.7726811996944247, 0.7249303226766757]",360,0
13464,[0.37797092 0.53014116],3,0,"[0.383291892093257, 0.5586820702346661]",-1,-1
13465,[0.24262218 0.25501337],0,5,"[0.23231087327800656, 0.30304944505444303]",1320,-1
13466,[0.50808811 0.65039726],3,-1,-1,-1,-1
13467,[0.32705391 0.58148685],4,7,"[0.2817018170798153, 0.5849768676672948]",-1,-1
13468,[0.63255379 0.51003128],8,3,"[0.6815204869410737, 0.47689852788858716]",869,1
13469,[0.20118378 0.50837445],7,-1,-1,-1,-1
13470,[0.24543407 0.29898805],0,5,"[0.23231087327800656, 0.30304944505444303]",1589,-1
13471,[0.25675957 0.38236758],2,-1,-1,-1,-1
13472,[0.54644947 0.4462827 ],5,-1,-1,-1,-1
13473,[0.30534522 0.36681951],6,-1,-1,1594,-1
13474,[0.26087621 0.26238248],0,5,"[0.23231087327800656, 0.30304944505444303]",1053,-1
13475,[0.36101959 0.62548639],7,-1,-1,1304,-1
13476,[0.33393363 0.39440366],0,-1,-1,-1,-1
13477,[0.24689782 0.42836994],7,8,"[0.27392971195344684, 0.45973140540928376]",699,-1
13478,[0.35363641 0.31422455],6,1,"[0.3897435781344088, 0.3417040596068965]",1526,-1
13479,[0.51886284 0.53430557],5,6,"[0.5164739970238864, 0.5319253761973344]",1177,3
13480,[0.24750086 0.41601993],7,8,"[0.27392971195344684, 0.45973140540928376]",-1,-1
13481,[0.34479657 0.48195538],3,-1,-1,1891,-1
13482,[0.53192708 0.53742235],5,6,"[0.5164739970238864, 0.5319253761973344]",-1,-1
13483,[0.47766562 0.49946711],5,6,"[0.5164739970238864, 0.5319253761973344]",876,-1
13484,[0.81592877 0.79977412],1,-1,-1,177,0
13485,[0.39833624 0.2667337 ],6,-1,-1,838,-1
13486,[0.57039725 0.57555654],9,2,"[0.5921204552873188, 0.6383928111301557]",-1,6
13487,[0.56723279 0.62869925],5,2,"[0.5921204552873188, 0.6383928111301557]",-1,6
13488,[0.5939393  0.45244021],5,-1,-1,-1,-1
13489,[0.55082235 0.46724105],5,-1,-1,757,-1
13490,[0.6319066  0.52675079],5,-1,-1,864,-1
13491,[0.3290547  0.32317455],6,1,"[0.3897435781344088, 0.3417040596068965]",-1,-1
13492,[0.19315809 0.27765454],0,5,"[0.23231087327800656, 0.30304944505444303]",-1,-1
13493,[0.27405388 0.45508855],7,8,"[0.27392971195344684, 0.45973140540928376]",1248,-1
13494,[0.60751192 0.68645687],9,2,"[0.5921204552873188, 0.6383928111301557]",658,-1
13495,[0.71459645 0.8331938 ],1,-1,-1,-1,-1
13496,[0.18450112 0.38481364],2,-1,-1,133,-1
13497,[0.46830566 0.59395161],5,-1,-1,1235,-1
13498,[0.4509712  0.49035906],5,-1,-1,546,-1
13499,[0.35774277 0.64491241],3,-1,-1,1206,-1
13500,[0.60064309 0.72169717],9,-1,-1,-1,-1
13501,[0.76139042 0.77331858],1,4,"[0.7726811996944247, 0.7249303226766757]",371,0
13502,[0.33531676 0.4689427 ],7,8,"[0.27392971195344684, 0.45973140540928376]",1553,-1
13503,[0.566442   0.56853033],9,6,"[0.5164739970238864, 0.5319253761973344]",-1,-1
13504,[0.7703921  0.47763335],8,-1,-1,186,-1
13505,[0.22754239 0.30082013],0,5,"[0.23231087327800656, 0.30304944505444303]",1468,-1
13506,[0.2904645 0.1813299],0,9,"[0.3110394802231661, 0.23517199738277297]",425,-1
13507,[0.82307478 0.40939374],8,-1,-1,-1,-1
13508,[0.60878188 0.45464722],8,-1,-1,-1,-1
13509,[0.35412342 0.36499414],2,1,"[0.3897435781344088, 0.3417040596068965]",-1,-1
13510,[0.3223852  0.48149842],7,8,"[0.27392971195344684, 0.45973140540928376]",-1,-1
13511,[0.67123337 0.65866401],9,-1,-1,-1,-1
13512,[0.67402373 0.50182761],8,3,"[0.6815204869410737, 0.47689852788858716]",-1,2
13513,[0.35516318 0.58945053],4,0,"[0.383291892093257, 0.5586820702346661]",1828,-1
13514,[0.1609653 0.3350714],2,-1,-1,108,-1
13515,[0.1986592  0.28625271],0,5,"[0.23231087327800656, 0.30304944505444303]",-1,-1
13516,[0.54286    0.66440527],5,2,"[0.5921204552873188, 0.6383928111301557]",943,-1
13517,[0.40011564 0.5803354 ],4,0,"[0.383291892093257, 0.5586820702346661]",1767,-1
13518,[0.35860971 0.43321543],3,-1,-1,884,-1
13519,[0.64201497 0.60859684],8,2,"[0.5921204552873188, 0.6383928111301557]",613,-1
13520,[0.35792759 0.46773007],3,-1,-1,1560,-1
13521,[0.24249209 0.51141938],3,8,"[0.27392971195344684, 0.45973140540928376]",-1,-1
13522,[0.64710277 0.47515461],8,3,"[0.6815204869410737, 0.47689852788858716]",824,1
13523,[0.23931253 0.56974864],7,7,"[0.2817018170798153, 0.5849768676672948]",1357,-1
13524,[0.3561627  0.56134572],3,0,"[0.383291892093257, 0.5586820702346661]",1952,-1
13525,[0.59617029 0.54147995],5,-1,-1,1291,-1
13526,[0.43909995 0.21506113],6,-1,-1,73,-1
13527,[0.60931732 0.53111861],8,-1,-1,1213,-1
13528,[0.38900315 0.58885358],3,0,"[0.383291892093257, 0.5586820702346661]",-1,-1
13529,[0.3663706  0.49282148],3,0,"[0.383291892093257, 0.5586820702346661]",-1,-1
13530,[0.66481213 0.7187986 ],9,-1,-1,253,-1
13531,[0.37889322 0.51533717],3,0,"[0.383291892093257, 0.5586820702346661]",-1,-1
13532,[0.2643061  0.55657198],4,7,"[0.2817018170798153, 0.5849768676672948]",1704,-1
13533,[0.63692876 0.60640818],9,2,"[0.5921204552873188, 0.6383928111301557]",613,-1
13534,[0.14027974 0.26946349],0,-1,-1,40,-1
13535,[0.41399206 0.46782099],5,-1,-1,-1,-1
13536,[0.42394947 0.53273683],3,0,"[0.383291892093257, 0.5586820702346661]",1469,-1
13537,[0.77631802 0.70064298],1,4,"[0.7726811996944247, 0.7249303226766757]",438,0
13538,[0.26079002 0.52486234],7,7,"[0.2817018170798153, 0.5849768676672948]",1727,-1
13539,[0.22256666 0.22241693],0,-1,-1,871,-1
13540,[0.37424426 0.37855579],6,1,"[0.3897435781344088, 0.3417040596068965]",1006,-1
13541,[0.53294007 0.50437582],5,6,"[0.5164739970238864, 0.5319253761973344]",-1,-1
13542,[0.83422921 0.61099937],1,-1,-1,-1,-1
13543,[0.13009985 0.32525398],2,-1,-1,-1,-1
13544,[0.13539874 0.60830307],7,-1,-1,-1,-1
13545,[0.40533179 0.60378329],3,0,"[0.383291892093257, 0.5586820702346661]",-1,-1
13546,[0.43720587 0.32107246],6,1,"[0.3897435781344088, 0.3417040596068965]",-1,-1
13547,[0.26729892 0.21180987],2,9,"[0.3110394802231661, 0.23517199738277297]",-1,-1
13548,[0.86117236 0.65282888],1,-1,-1,-1,-1
13549,[0.30573169 0.34883562],6,-1,-1,1628,-1
13550,[0.28855166 0.5789177 ],7,7,"[0.2817018170798153, 0.5849768676672948]",-1,-1
13551,[0.88969956 0.73787917],1,-1,-1,-1,-1
13552,[0.31238928 0.35756155],2,-1,-1,1633,-1
13553,[0.35183057 0.3893338 ],7,1,"[0.3897435781344088, 0.3417040596068965]",994,-1
13554,[0.32076205 0.53985141],7,7,"[0.2817018170798153, 0.5849768676672948]",-1,-1
13555,[0.54014475 0.6344484 ],9,2,"[0.5921204552873188, 0.6383928111301557]",1262,-1
13556,[0.28320297 0.50391948],7,8,"[0.27392971195344684, 0.45973140540928376]",1742,-1
13557,[0.24061813 0.30522569],0,5,"[0.23231087327800656, 0.30304944505444303]",1567,-1
13558,[0.31057327 0.3001683 ],2,9,"[0.3110394802231661, 0.23517199738277297]",1614,11
13559,[0.20754221 0.2425221 ],0,5,"[0.23231087327800656, 0.30304944505444303]",896,-1
13560,[0.43467982 0.50020359],3,-1,-1,-1,-1
13561,[0.46181059 0.39852426],6,-1,-1,207,-1
13562,[0.77324544 0.77735533],1,4,"[0.7726811996944247, 0.7249303226766757]",410,0
13563,[0.4367389  0.34156075],6,1,"[0.3897435781344088, 0.3417040596068965]",793,-1
13564,[0.25188934 0.41105767],7,8,"[0.27392971195344684, 0.45973140540928376]",700,-1
13565,[0.75053278 0.69711127],1,4,"[0.7726811996944247, 0.7249303226766757]",-1,0
13566,[0.17437467 0.28843576],0,5,"[0.23231087327800656, 0.30304944505444303]",726,-1
13567,[0.24438921 0.40939686],7,8,"[0.27392971195344684, 0.45973140540928376]",-1,-1
13568,[0.24469636 0.37536599],0,-1,-1,1149,-1
13569,[0.53697746 0.60685046],5,2,"[0.5921204552873188, 0.6383928111301557]",-1,-1
13570,[0.24740523 0.58512018],4,7,"[0.2817018170798153, 0.5849768676672948]",929,-1
13571,[0.23794133 0.62944279],7,7,"[0.2817018170798153, 0.5849768676672948]",347,-1
13572,[0.69724121 0.48996034],8,3,"[0.6815204869410737, 0.47689852788858716]",834,2
13573,[0.51043828 0.3523694 ],6,-1,-1,-1,-1
13574,[0.45408084 0.56712185],3,-1,-1,1276,-1
13575,[0.78289526 0.85538906],1,-1,-1,21,-1
13576,[0.30269986 0.32688609],0,-1,-1,-1,-1
13577,[0.61886449 0.66600354],9,2,"[0.5921204552873188, 0.6383928111301557]",-1,-1
13578,[0.54066922 0.65895629],9,2,"[0.5921204552873188, 0.6383928111301557]",1056,-1
13579,[0.26427345 0.6120415 ],3,7,"[0.2817018170798153, 0.5849768676672948]",-1,-1
13580,[0.64690175 0.59268808],9,-1,-1,1013,-1
13581,[0.23918768 0.53797162],7,7,"[0.2817018170798153, 0.5849768676672948]",-1,-1
13582,[0.41821165 0.51981549],3,0,"[0.383291892093257, 0.5586820702346661]",1471,-1
13583,[0.36504795 0.55200061],3,0,"[0.383291892093257, 0.5586820702346661]",1793,-1
13584,[0.71905378 0.72549465],1,4,"[0.7726811996944247, 0.7249303226766757]",-1,0
13585,[0.40948912 0.34860277],6,1,"[0.3897435781344088, 0.3417040596068965]",-1,-1
13586,[0.49061369 0.27514397],6,-1,-1,-1,-1
13587,[0.77591823 0.76384595],1,4,"[0.7726811996944247, 0.7249303226766757]",-1,0
13588,[0.63578296 0.40050175],8,-1,-1,-1,-1
13589,[0.50997105 0.51640635],5,6,"[0.5164739970238864, 0.5319253761973344]",858,-1
13590,[0.45959086 0.26258691],6,-1,-1,-1,-1
13591,[0.84686085 0.7011307 ],1,-1,-1,-1,0
13592,[0.33999094 0.58939525],7,0,"[0.383291892093257, 0.5586820702346661]",-1,-1
13593,[0.89985235 0.79994583],1,-1,-1,-1,-1
13594,[0.29928267 0.14979829],0,-1,-1,-1,-1
13595,[0.21954981 0.28353468],0,5,"[0.23231087327800656, 0.30304944505444303]",1114,-1
13596,[0.24635723 0.32660104],2,5,"[0.23231087327800656, 0.30304944505444303]",-1,7
13597,[0.23876178 0.34982055],2,5,"[0.23231087327800656, 0.30304944505444303]",1497,-1
13598,[0.25512964 0.23641156],0,9,"[0.3110394802231661, 0.23517199738277297]",-1,-1
13599,[0.67106689 0.44349925],8,3,"[0.6815204869410737, 0.47689852788858716]",735,-1
13600,[0.39730104 0.51520298],7,0,"[0.383291892093257, 0.5586820702346661]",1634,-1
13601,[0.7125446 0.6591486],1,-1,-1,-1,0
13602,[0.36198101 0.27162157],0,9,"[0.3110394802231661, 0.23517199738277297]",1156,-1
13603,[0.55333879 0.46669767],5,-1,-1,757,-1
13604,[0.25968384 0.38347351],2,-1,-1,1221,-1
13605,[0.59780008 0.55800424],9,-1,-1,-1,-1
13606,[0.46379352 0.56556159],3,6,"[0.5164739970238864, 0.5319253761973344]",1231,-1
13607,[0.25296872 0.56444951],7,7,"[0.2817018170798153, 0.5849768676672948]",-1,-1
13608,[0.63441633 0.56097922],8,-1,-1,1104,-1
13609,[0.45058029 0.56520827],5,0,"[0.383291892093257, 0.5586820702346661]",1276,-1
13610,[0.29372382 0.48468264],7,8,"[0.27392971195344684, 0.45973140540928376]",1798,-1
13611,[0.44060191 0.24854583],6,-1,-1,-1,-1
13612,[0.53524482 0.5419316 ],5,6,"[0.5164739970238864, 0.5319253761973344]",1330,-1
13613,[0.39327156 0.59800645],3,0,"[0.383291892093257, 0.5586820702346661]",-1,-1
13614,[0.38274986 0.33265725],2,1,"[0.3897435781344088, 0.3417040596068965]",1476,-1
13615,[0.42527245 0.62213373],4,-1,-1,483,-1
13616,[0.32046428 0.52865798],4,7,"[0.2817018170798153, 0.5849768676672948]",-1,-1
13617,[0.7190573  0.47942573],8,3,"[0.6815204869410737, 0.47689852788858716]",779,-1
13618,[0.65993301 0.65906745],9,-1,-1,-1,-1
13619,[0.30749272 0.47123074],4,8,"[0.27392971195344684, 0.45973140540928376]",1733,-1
13620,[0.36240574 0.52201277],7,0,"[0.383291892093257, 0.5586820702346661]",-1,-1
13621,[0.31129749 0.56527475],3,7,"[0.2817018170798153, 0.5849768676672948]",-1,-1
13622,[0.28334031 0.28533046],0,5,"[0.23231087327800656, 0.30304944505444303]",1681,-1
13623,[0.29153438 0.55662465],7,7,"[0.2817018170798153, 0.5849768676672948]",-1,-1
13624,[0.38845749 0.53458315],3,0,"[0.383291892093257, 0.5586820702346661]",1777,-1
13625,[0.25920476 0.20064036],0,9,"[0.3110394802231661, 0.23517199738277297]",-1,-1
13626,[0.6394635  0.62628015],9,2,"[0.5921204552873188, 0.6383928111301557]",-1,-1
13627,[0.34946987 0.36146534],6,1,"[0.3897435781344088, 0.3417040596068965]",-1,-1
13628,[0.34555441 0.6098244 ],3,0,"[0.383291892093257, 0.5586820702346661]",1830,-1
13629,[0.37648384 0.3665903 ],6,1,"[0.3897435781344088, 0.3417040596068965]",1062,-1
13630,[0.63308124 0.55855618],5,-1,-1,1104,-1
13631,[0.2829563 0.2213234],2,9,"[0.3110394802231661, 0.23517199738277297]",1356,-1
13632,[0.28997083 0.59060672],7,7,"[0.2817018170798153, 0.5849768676672948]",1810,-1
13633,[0.33025711 0.3291235 ],2,1,"[0.3897435781344088, 0.3417040596068965]",-1,-1
13634,[0.26930526 0.55792799],3,7,"[0.2817018170798153, 0.5849768676672948]",-1,-1
13635,[0.42107368 0.5444411 ],4,0,"[0.383291892093257, 0.5586820702346661]",-1,-1
13636,[0.28889359 0.40326454],2,8,"[0.27392971195344684, 0.45973140540928376]",-1,-1
13637,[0.55957444 0.59371104],5,2,"[0.5921204552873188, 0.6383928111301557]",-1,-1
13638,[0.30097782 0.3622946 ],2,-1,-1,-1,-1
13639,[0.54227758 0.63681825],9,2,"[0.5921204552873188, 0.6383928111301557]",-1,-1
13640,[0.70074649 0.79101796],1,-1,-1,182,0
13641,[0.31804783 0.28139181],0,9,"[0.3110394802231661, 0.23517199738277297]",1576,-1
13642,[0.20658624 0.1569656 ],0,-1,-1,12,-1
13643,[0.86352527 0.70836402],1,-1,-1,-1,0
13644,[0.30263478 0.36970797],2,-1,-1,1594,-1
13645,[0.479937   0.52690798],5,6,"[0.5164739970238864, 0.5319253761973344]",-1,-1
13646,[0.20568744 0.5870111 ],4,-1,-1,181,-1
13647,[0.47851048 0.57270424],5,6,"[0.5164739970238864, 0.5319253761973344]",-1,-1
13648,[0.43800255 0.59270543],3,0,"[0.383291892093257, 0.5586820702346661]",-1,-1
13649,[0.33513773 0.48330199],4,8,"[0.27392971195344684, 0.45973140540928376]",1831,-1
13650,[0.45956027 0.57579435],4,-1,-1,-1,4
13651,[0.39701307 0.53872546],4,0,"[0.383291892093257, 0.5586820702346661]",1629,-1
13652,[0.3084902  0.35524953],2,-1,-1,-1,-1
13653,[0.68758046 0.5623236 ],9,-1,-1,-1,-1
13654,[0.5173656  0.22149905],6,-1,-1,-1,-1
13655,[0.39125307 0.34903855],6,1,"[0.3897435781344088, 0.3417040596068965]",-1,-1
13656,[0.35105774 0.48472002],7,-1,-1,-1,-1
13657,[0.73785131 0.73613739],1,4,"[0.7726811996944247, 0.7249303226766757]",452,0
13658,[0.29429333 0.44221286],3,8,"[0.27392971195344684, 0.45973140540928376]",1240,-1
13659,[0.37674634 0.30546831],6,1,"[0.3897435781344088, 0.3417040596068965]",-1,-1
13660,[0.75693315 0.69204734],1,4,"[0.7726811996944247, 0.7249303226766757]",459,0
13661,[0.2395348  0.23635644],0,5,"[0.23231087327800656, 0.30304944505444303]",-1,-1
13662,[0.26339183 0.37538684],2,-1,-1,1221,-1
13663,[0.55340006 0.71958729],9,-1,-1,245,-1
13664,[0.73554817 0.43189991],8,-1,-1,317,-1
13665,[0.51815601 0.67035262],9,-1,-1,449,-1
13666,[0.26185619 0.46340653],2,8,"[0.27392971195344684, 0.45973140540928376]",1595,-1
13667,[0.35471056 0.39250256],6,1,"[0.3897435781344088, 0.3417040596068965]",-1,-1
13668,[0.31449824 0.65050646],4,-1,-1,590,-1
13669,[0.69219949 0.60389472],1,-1,-1,267,-1
13670,[0.63242252 0.55474822],5,-1,-1,1104,-1
13671,[0.23407504 0.50215568],7,8,"[0.27392971195344684, 0.45973140540928376]",-1,-1
13672,[0.38734529 0.27081911],6,-1,-1,-1,-1
13673,[0.57861574 0.5292237 ],5,6,"[0.5164739970238864, 0.5319253761973344]",1400,-1
13674,[0.43568786 0.30694044],6,1,"[0.3897435781344088, 0.3417040596068965]",-1,-1
13675,[0.20648852 0.34117836],0,5,"[0.23231087327800656, 0.30304944505444303]",-1,-1
13676,[0.32050282 0.60577289],4,7,"[0.2817018170798153, 0.5849768676672948]",-1,-1
13677,[0.30340501 0.59350558],4,7,"[0.2817018170798153, 0.5849768676672948]",1820,-1
13678,[0.67532479 0.73114895],1,-1,-1,-1,0
13679,[0.73032903 0.66476694],1,-1,-1,-1,0
13680,[0.24248121 0.38645   ],2,-1,-1,912,-1
13681,[0.68765008 0.4009115 ],8,-1,-1,-1,-1
13682,[0.61146424 0.52706583],5,-1,-1,-1,-1
13683,[0.19912085 0.36229302],2,5,"[0.23231087327800656, 0.30304944505444303]",-1,-1
13684,[0.80686434 0.67977926],1,4,"[0.7726811996944247, 0.7249303226766757]",-1,0
13685,[0.58310275 0.38415964],8,-1,-1,-1,-1
13686,[0.31661066 0.60492117],7,7,"[0.2817018170798153, 0.5849768676672948]",1936,-1
13687,[0.21086162 0.27364952],2,5,"[0.23231087327800656, 0.30304944505444303]",1111,-1
13688,[0.87125189 0.48645992],8,-1,-1,-1,-1
13689,[0.39135745 0.51745355],4,0,"[0.383291892093257, 0.5586820702346661]",1634,-1
13690,[0.47356386 0.66017566],9,-1,-1,551,-1
13691,[0.36193978 0.27235351],2,9,"[0.3110394802231661, 0.23517199738277297]",1156,-1
13692,[0.46722714 0.34593626],6,-1,-1,-1,-1
13693,[0.15988991 0.52578323],7,-1,-1,-1,-1
13694,[0.31977917 0.52142342],7,-1,-1,1824,-1
13695,[0.29400464 0.30467754],2,5,"[0.23231087327800656, 0.30304944505444303]",-1,-1
13696,[0.25289768 0.25121901],0,5,"[0.23231087327800656, 0.30304944505444303]",-1,-1
13697,[0.29598536 0.56805051],7,7,"[0.2817018170798153, 0.5849768676672948]",-1,-1
13698,[0.43775388 0.49114929],5,-1,-1,-1,-1
13699,[0.45100016 0.37576026],6,-1,-1,441,-1
13700,[0.56759341 0.66847179],9,2,"[0.5921204552873188, 0.6383928111301557]",1033,-1
13701,[0.67908539 0.38426152],8,-1,-1,159,-1
13702,[0.31478109 0.30495638],6,9,"[0.3110394802231661, 0.23517199738277297]",1647,-1
13703,[0.27864723 0.25824763],2,9,"[0.3110394802231661, 0.23517199738277297]",1606,-1
13704,[0.39402064 0.46677039],3,-1,-1,583,-1
13705,[0.18477035 0.51626823],4,-1,-1,167,-1
13706,[0.76009504 0.71979088],1,4,"[0.7726811996944247, 0.7249303226766757]",-1,0
13707,[0.4447358 0.5117222],5,-1,-1,1059,-1
13708,[0.49367028 0.63403381],5,-1,-1,-1,-1
13709,[0.25837815 0.29005446],2,5,"[0.23231087327800656, 0.30304944505444303]",1645,-1
13710,[0.56406094 0.44178094],5,-1,-1,252,-1
13711,[0.51157369 0.61787785],5,-1,-1,-1,-1
13712,[0.54668575 0.23201927],6,-1,-1,-1,-1
13713,[0.54507642 0.61583515],9,2,"[0.5921204552873188, 0.6383928111301557]",1216,-1
13714,[0.50803603 0.6740283 ],9,-1,-1,-1,-1
13715,[0.35567206 0.51101632],7,0,"[0.383291892093257, 0.5586820702346661]",-1,-1
13716,[0.34355144 0.5388284 ],4,0,"[0.383291892093257, 0.5586820702346661]",1965,16
13717,[0.34541133 0.38804732],2,1,"[0.3897435781344088, 0.3417040596068965]",-1,-1
13718,[0.32368513 0.52442598],3,0,"[0.383291892093257, 0.5586820702346661]",1943,-1
13719,[0.20731445 0.26710902],0,5,"[0.23231087327800656, 0.30304944505444303]",1111,-1
13720,[0.52035881 0.77160161],9,-1,-1,-1,-1
13721,[0.77405414 0.76524877],1,4,"[0.7726811996944247, 0.7249303226766757]",410,0
13722,[0.82105051 0.72205788],1,4,"[0.7726811996944247, 0.7249303226766757]",-1,0
13723,[0.71170161 0.7537472 ],1,4,"[0.7726811996944247, 0.7249303226766757]",345,0
13724,[0.2600434  0.60605912],4,7,"[0.2817018170798153, 0.5849768676672948]",1646,-1
13725,[0.44332313 0.33523639],6,1,"[0.3897435781344088, 0.3417040596068965]",788,-1
13726,[0.36899568 0.35767329],6,1,"[0.3897435781344088, 0.3417040596068965]",-1,-1
13727,[0.79847245 0.42798432],8,-1,-1,-1,-1
13728,[0.26916242 0.47661064],7,8,"[0.27392971195344684, 0.45973140540928376]",1600,-1
13729,[0.28995175 0.33587172],2,5,"[0.23231087327800656, 0.30304944505444303]",1591,-1
13730,[0.35336942 0.29692597],6,1,"[0.3897435781344088, 0.3417040596068965]",-1,-1
13731,[0.36523223 0.54500391],4,0,"[0.383291892093257, 0.5586820702346661]",1790,-1
13732,[0.30638895 0.12583707],0,-1,-1,-1,-1
13733,[0.46422167 0.37411264],6,-1,-1,320,-1
13734,[0.25984973 0.3119682 ],2,5,"[0.23231087327800656, 0.30304944505444303]",-1,-1
13735,[0.6867787  0.43931327],8,3,"[0.6815204869410737, 0.47689852788858716]",611,-1
13736,[0.23059103 0.46860221],4,8,"[0.27392971195344684, 0.45973140540928376]",724,-1
13737,[0.49651089 0.27542008],6,-1,-1,-1,-1
13738,[0.28626398 0.54565377],4,7,"[0.2817018170798153, 0.5849768676672948]",1907,-1
13739,[0.70287879 0.52077363],8,3,"[0.6815204869410737, 0.47689852788858716]",570,-1
13740,[0.34352097 0.50333851],7,0,"[0.383291892093257, 0.5586820702346661]",-1,-1
13741,[0.43390561 0.32371811],6,1,"[0.3897435781344088, 0.3417040596068965]",-1,-1
13742,[0.50499435 0.54853248],5,6,"[0.5164739970238864, 0.5319253761973344]",-1,3
13743,[0.36631285 0.42260369],4,-1,-1,-1,-1
13744,[0.4846647  0.59964286],3,-1,-1,1153,-1
13745,[0.21613771 0.37978721],2,-1,-1,-1,-1
13746,[0.65208185 0.47220565],5,3,"[0.6815204869410737, 0.47689852788858716]",824,1
13747,[0.27867624 0.37916324],2,-1,-1,-1,-1
13748,[0.53475573 0.68216829],9,-1,-1,-1,-1
13749,[0.15835104 0.35079657],2,-1,-1,64,-1
13750,[0.73356617 0.71630642],1,4,"[0.7726811996944247, 0.7249303226766757]",-1,0
13751,[0.57548368 0.65618272],9,2,"[0.5921204552873188, 0.6383928111301557]",1124,-1
13752,[0.75314602 0.5160744 ],8,-1,-1,-1,-1
13753,[0.31601371 0.38647876],7,-1,-1,-1,-1
13754,[0.22972449 0.35848899],0,5,"[0.23231087327800656, 0.30304944505444303]",-1,-1
13755,[0.26398755 0.316209  ],2,5,"[0.23231087327800656, 0.30304944505444303]",-1,-1
13756,[0.26291964 0.49043519],4,8,"[0.27392971195344684, 0.45973140540928376]",-1,-1
13757,[0.31233837 0.30517621],0,-1,-1,1647,-1
13758,[0.37062601 0.37856512],6,1,"[0.3897435781344088, 0.3417040596068965]",1009,-1
13759,[0.27765882 0.30100741],6,5,"[0.23231087327800656, 0.30304944505444303]",1581,-1
13760,[0.5345807  0.55659108],5,6,"[0.5164739970238864, 0.5319253761973344]",-1,-1
13761,[0.40980808 0.33458229],6,1,"[0.3897435781344088, 0.3417040596068965]",999,-1
13762,[0.31917718 0.62475052],4,7,"[0.2817018170798153, 0.5849768676672948]",1395,-1
13763,[0.72459682 0.81085205],1,-1,-1,89,-1
13764,[0.38744092 0.38745336],6,1,"[0.3897435781344088, 0.3417040596068965]",952,-1
13765,[0.87731544 0.73809057],1,-1,-1,87,-1
13766,[0.7481277  0.74713962],1,4,"[0.7726811996944247, 0.7249303226766757]",-1,0
13767,[0.24577019 0.32698531],0,5,"[0.23231087327800656, 0.30304944505444303]",-1,7
13768,[0.3398997  0.59995257],7,0,"[0.383291892093257, 0.5586820702346661]",1864,-1
13769,[0.41403809 0.4799993 ],5,-1,-1,715,-1
13770,[0.26186391 0.47148513],7,8,"[0.27392971195344684, 0.45973140540928376]",-1,-1
13771,[0.33060872 0.49042238],3,8,"[0.27392971195344684, 0.45973140540928376]",1827,-1
13772,[0.24147677 0.49533801],4,8,"[0.27392971195344684, 0.45973140540928376]",-1,-1
13773,[0.56215988 0.55389463],5,6,"[0.5164739970238864, 0.5319253761973344]",-1,-1
13774,[0.32710788 0.41404461],2,-1,-1,-1,-1
13775,[0.32460566 0.4486334 ],4,8,"[0.27392971195344684, 0.45973140540928376]",941,-1
13776,[0.41124119 0.25118927],0,-1,-1,610,-1
13777,[0.42836809 0.53130396],5,0,"[0.383291892093257, 0.5586820702346661]",1469,-1
13778,[0.61257291 0.50172178],9,-1,-1,-1,-1
13779,[0.80758527 0.6603347 ],1,-1,-1,255,0
13780,[0.50838215 0.69121476],9,-1,-1,274,-1
13781,[0.40230092 0.4366851 ],6,-1,-1,363,-1
13782,[0.29865024 0.48820913],7,8,"[0.27392971195344684, 0.45973140540928376]",1792,-1
13783,[0.54400742 0.77915474],9,-1,-1,-1,-1
13784,[0.78214431 0.71317337],1,4,"[0.7726811996944247, 0.7249303226766757]",477,0
13785,[0.36251111 0.27110367],6,9,"[0.3110394802231661, 0.23517199738277297]",1156,-1
13786,[0.76740487 0.5630329 ],8,-1,-1,-1,-1
13787,[0.32249292 0.28662627],2,9,"[0.3110394802231661, 0.23517199738277297]",-1,-1
13788,[0.65811423 0.49429345],8,3,"[0.6815204869410737, 0.47689852788858716]",822,1
13789,[0.37602597 0.34043259],6,1,"[0.3897435781344088, 0.3417040596068965]",1122,-1
13790,[0.284947   0.41683819],2,8,"[0.27392971195344684, 0.45973140540928376]",1075,-1
13791,[0.71265952 0.55938508],9,-1,-1,-1,-1
13792,[0.49119265 0.50446371],5,6,"[0.5164739970238864, 0.5319253761973344]",803,-1
13793,[0.48139231 0.5811637 ],5,6,"[0.5164739970238864, 0.5319253761973344]",-1,-1
13794,[0.24458874 0.34902198],2,5,"[0.23231087327800656, 0.30304944505444303]",1570,-1
13795,[0.62234586 0.52025332],9,-1,-1,-1,-1
13796,[0.26255878 0.43543091],2,8,"[0.27392971195344684, 0.45973140540928376]",-1,-1
13797,[0.56733581 0.53358704],5,6,"[0.5164739970238864, 0.5319253761973344]",-1,6
13798,[0.37878092 0.47874258],7,-1,-1,771,-1
13799,[0.26634845 0.50539038],4,8,"[0.27392971195344684, 0.45973140540928376]",-1,-1
13800,[0.65768948 0.37886121],8,-1,-1,242,-1
13801,[0.35956167 0.30173212],2,1,"[0.3897435781344088, 0.3417040596068965]",-1,-1
13802,[0.30701253 0.46677069],4,8,"[0.27392971195344684, 0.45973140540928376]",1732,-1
13803,[0.2969151  0.48893971],7,8,"[0.27392971195344684, 0.45973140540928376]",1792,-1
13804,[0.20974701 0.21030865],0,-1,-1,244,-1
13805,[0.43850376 0.41990996],6,-1,-1,160,-1
13806,[0.25829469 0.20523242],0,9,"[0.3110394802231661, 0.23517199738277297]",-1,-1
13807,[0.68687932 0.54836164],8,-1,-1,673,-1
13808,[0.65776473 0.66066074],9,2,"[0.5921204552873188, 0.6383928111301557]",639,-1
13809,[0.62961803 0.40333249],8,-1,-1,265,-1
13810,[0.28157094 0.62208125],4,7,"[0.2817018170798153, 0.5849768676672948]",878,-1
13811,[0.38064354 0.3090871 ],6,1,"[0.3897435781344088, 0.3417040596068965]",1464,-1
13812,[0.32183022 0.25765903],0,9,"[0.3110394802231661, 0.23517199738277297]",1484,-1
13813,[0.31190808 0.6761594 ],3,-1,-1,-1,-1
13814,[0.22660398 0.42593562],7,8,"[0.27392971195344684, 0.45973140540928376]",656,-1
13815,[0.36950116 0.49700991],3,0,"[0.383291892093257, 0.5586820702346661]",1741,-1
13816,[0.30250852 0.28941743],2,9,"[0.3110394802231661, 0.23517199738277297]",-1,-1
13817,[0.71362788 0.57566299],8,-1,-1,-1,-1
13818,[0.56253369 0.55699487],5,6,"[0.5164739970238864, 0.5319253761973344]",1362,-1
13819,[0.2584943  0.37280017],6,-1,-1,-1,-1
13820,[0.35451812 0.47834066],3,-1,-1,1854,-1
13821,[0.48338811 0.56211801],5,6,"[0.5164739970238864, 0.5319253761973344]",-1,-1
13822,[0.40750628 0.27650897],6,1,"[0.3897435781344088, 0.3417040596068965]",922,-1
13823,[0.43149214 0.28383026],6,-1,-1,-1,-1
13824,[0.39427581 0.57284894],3,0,"[0.383291892093257, 0.5586820702346661]",-1,-1
13825,[0.35804613 0.59981777],4,0,"[0.383291892093257, 0.5586820702346661]",-1,-1
13826,[0.28683865 0.21840783],6,9,"[0.3110394802231661, 0.23517199738277297]",1071,-1
13827,[0.64020226 0.58011907],9,-1,-1,-1,-1
13828,[0.53611991 0.58191839],3,6,"[0.5164739970238864, 0.5319253761973344]",1372,6
13829,[0.10446066 0.57781154],7,-1,-1,-1,-1
13830,[0.30911951 0.43469569],7,8,"[0.27392971195344684, 0.45973140540928376]",1081,-1
13831,[0.75317296 0.50574301],8,-1,-1,-1,-1
13832,[0.41074634 0.5116177 ],3,0,"[0.383291892093257, 0.5586820702346661]",-1,-1
13833,[0.30564506 0.19799025],0,9,"[0.3110394802231661, 0.23517199738277297]",-1,-1
13834,[0.13111454 0.33166291],2,-1,-1,-1,-1
13835,[0.64886975 0.70489374],1,-1,-1,489,-1
13836,[0.70990801 0.37232333],8,-1,-1,-1,-1
13837,[0.21866843 0.28394147],0,5,"[0.23231087327800656, 0.30304944505444303]",1114,-1
13838,[0.3106237  0.45526027],2,8,"[0.27392971195344684, 0.45973140540928376]",1688,-1
13839,[0.81753081 0.69666743],1,4,"[0.7726811996944247, 0.7249303226766757]",365,0
13840,[0.18303164 0.35082154],2,5,"[0.23231087327800656, 0.30304944505444303]",504,-1
13841,[0.26638708 0.55519866],7,7,"[0.2817018170798153, 0.5849768676672948]",-1,-1
13842,[0.23365785 0.51049297],7,8,"[0.27392971195344684, 0.45973140540928376]",1552,-1
13843,[0.39643853 0.48265387],7,-1,-1,-1,-1
13844,[0.32474398 0.564439  ],4,7,"[0.2817018170798153, 0.5849768676672948]",1977,-1
13845,[0.65324499 0.61380155],8,2,"[0.5921204552873188, 0.6383928111301557]",1072,-1
13846,[0.32785006 0.58812287],3,7,"[0.2817018170798153, 0.5849768676672948]",-1,-1
13847,[0.72949905 0.66946074],1,-1,-1,356,0
13848,[0.3086367  0.33699645],2,-1,-1,-1,8
13849,[0.15057642 0.19874582],0,-1,-1,68,-1
13850,[0.34402159 0.26740079],6,9,"[0.3110394802231661, 0.23517199738277297]",-1,-1
13851,[0.37521651 0.64179264],4,-1,-1,-1,-1
13852,[0.27628882 0.42881538],2,8,"[0.27392971195344684, 0.45973140540928376]",-1,-1
13853,[0.32083146 0.44994797],4,8,"[0.27392971195344684, 0.45973140540928376]",-1,-1
13854,[0.35728301 0.45158718],6,-1,-1,860,-1
13855,[0.55841888 0.59278216],5,2,"[0.5921204552873188, 0.6383928111301557]",-1,6
13856,[0.52122765 0.52455567],5,6,"[0.5164739970238864, 0.5319253761973344]",1192,3
13857,[0.4100831  0.25341046],6,-1,-1,610,-1
13858,[0.40985289 0.57445346],3,0,"[0.383291892093257, 0.5586820702346661]",-1,-1
13859,[0.23898664 0.24914044],0,5,"[0.23231087327800656, 0.30304944505444303]",1319,-1
13860,[0.70716154 0.62702058],9,-1,-1,234,-1
13861,[0.2649304 0.3659619],0,-1,-1,-1,-1
13862,[0.71168204 0.43047942],8,3,"[0.6815204869410737, 0.47689852788858716]",538,-1
13863,[0.64154958 0.57076554],8,-1,-1,811,-1
13864,[0.22280849 0.51952589],7,-1,-1,1090,-1
13865,[0.40570996 0.45300505],4,-1,-1,-1,-1
13866,[0.60929041 0.55702119],5,-1,-1,1311,-1
13867,[0.31493616 0.49690175],7,8,"[0.27392971195344684, 0.45973140540928376]",1822,-1
13868,[0.41248468 0.32514887],6,1,"[0.3897435781344088, 0.3417040596068965]",-1,-1
13869,[0.55302946 0.4147293 ],8,-1,-1,-1,-1
13870,[0.69611777 0.6061993 ],9,-1,-1,-1,-1
13871,[0.77797442 0.78577516],1,4,"[0.7726811996944247, 0.7249303226766757]",-1,0
13872,[0.39257385 0.27337766],6,1,"[0.3897435781344088, 0.3417040596068965]",1076,-1
13873,[0.59451921 0.62429418],9,2,"[0.5921204552873188, 0.6383928111301557]",1343,-1
13874,[0.27908731 0.51459981],7,8,"[0.27392971195344684, 0.45973140540928376]",1887,-1
13875,[0.59760976 0.52499756],9,-1,-1,1102,-1
13876,[0.48113486 0.57589213],5,6,"[0.5164739970238864, 0.5319253761973344]",1225,-1
13877,[0.25038487 0.56719978],3,7,"[0.2817018170798153, 0.5849768676672948]",1515,-1
13878,[0.57719872 0.691701  ],9,2,"[0.5921204552873188, 0.6383928111301557]",915,-1
13879,[0.72948733 0.509602  ],8,3,"[0.6815204869410737, 0.47689852788858716]",-1,-1
13880,[0.17595648 0.28446487],0,5,"[0.23231087327800656, 0.30304944505444303]",726,-1
13881,[0.66806761 0.58412908],8,-1,-1,-1,-1
13882,[0.50300687 0.57181313],5,6,"[0.5164739970238864, 0.5319253761973344]",1380,-1
13883,[0.31792363 0.26575879],0,9,"[0.3110394802231661, 0.23517199738277297]",1508,-1
13884,[0.24882237 0.37938607],0,-1,-1,1147,-1
13885,[0.51046489 0.57941851],5,6,"[0.5164739970238864, 0.5319253761973344]",1377,6
13886,[0.3016069  0.23231331],0,9,"[0.3110394802231661, 0.23517199738277297]",-1,-1
13887,[0.81918209 0.54523756],1,-1,-1,-1,-1
13888,[0.53456367 0.51955981],3,6,"[0.5164739970238864, 0.5319253761973344]",1173,-1
13889,[0.63691185 0.55699607],5,-1,-1,1104,-1
13890,[0.24633074 0.56668577],4,7,"[0.2817018170798153, 0.5849768676672948]",-1,-1
13891,[0.8244587 0.6510134],1,-1,-1,-1,0
13892,[0.29709534 0.62310607],4,7,"[0.2817018170798153, 0.5849768676672948]",1131,-1
13893,[0.6620659  0.48344309],9,3,"[0.6815204869410737, 0.47689852788858716]",-1,1
13894,[0.43051252 0.48435508],4,-1,-1,767,-1
13895,[0.62877719 0.52563852],8,-1,-1,-1,-1
13896,[0.59429725 0.46205973],8,-1,-1,608,-1
13897,[0.41776073 0.54355174],3,0,"[0.383291892093257, 0.5586820702346661]",1713,-1
13898,[0.70231474 0.6580369 ],1,-1,-1,414,0
13899,[0.44703938 0.6000311 ],3,-1,-1,-1,-1
13900,[0.31599084 0.73196923],3,-1,-1,-1,-1
13901,[0.39088597 0.55976077],5,0,"[0.383291892093257, 0.5586820702346661]",1774,-1
13902,[0.36880654 0.37893804],6,1,"[0.3897435781344088, 0.3417040596068965]",1009,-1
13903,[0.36437737 0.3719622 ],2,1,"[0.3897435781344088, 0.3417040596068965]",916,-1
13904,[0.53065775 0.55297148],9,6,"[0.5164739970238864, 0.5319253761973344]",1359,-1
13905,[0.44347908 0.42939318],3,-1,-1,160,-1
13906,[0.55935215 0.52702447],5,6,"[0.5164739970238864, 0.5319253761973344]",1390,-1
13907,[0.70860158 0.75837962],1,-1,-1,-1,0
13908,[0.34761769 0.44594669],7,-1,-1,1193,-1
13909,[0.57559549 0.58182652],9,2,"[0.5921204552873188, 0.6383928111301557]",1453,6
13910,[0.84648435 0.69701048],1,-1,-1,-1,0
13911,[0.35929578 0.5361258 ],4,0,"[0.383291892093257, 0.5586820702346661]",1944,-1
13912,[0.63734786 0.50588653],8,3,"[0.6815204869410737, 0.47689852788858716]",866,1
13913,[0.35661304 0.50192861],3,0,"[0.383291892093257, 0.5586820702346661]",-1,-1
13914,[0.38813722 0.46206639],6,-1,-1,-1,-1
13915,[0.30651406 0.64571847],4,7,"[0.2817018170798153, 0.5849768676672948]",590,-1
13916,[0.28675034 0.50147016],4,8,"[0.27392971195344684, 0.45973140540928376]",1768,-1
13917,[0.24919049 0.55422491],7,7,"[0.2817018170798153, 0.5849768676672948]",1706,-1
13918,[0.41218835 0.54548456],3,0,"[0.383291892093257, 0.5586820702346661]",-1,-1
13919,[0.31502672 0.45317483],7,8,"[0.27392971195344684, 0.45973140540928376]",-1,-1
13920,[0.42987413 0.52184351],3,0,"[0.383291892093257, 0.5586820702346661]",-1,-1
13921,[0.51163004 0.6314432 ],5,-1,-1,934,-1
13922,[0.29467154 0.69599894],4,-1,-1,-1,-1
13923,[0.36143331 0.57958461],4,0,"[0.383291892093257, 0.5586820702346661]",-1,12
13924,[0.27213046 0.52881608],4,7,"[0.2817018170798153, 0.5849768676672948]",-1,-1
13925,[0.18536792 0.51164942],7,-1,-1,167,-1
13926,[0.21934672 0.34772082],0,5,"[0.23231087327800656, 0.30304944505444303]",-1,-1
13927,[0.50641539 0.60912365],5,-1,-1,1133,-1
13928,[0.32475376 0.47278521],4,8,"[0.27392971195344684, 0.45973140540928376]",-1,-1
13929,[0.51712376 0.62172051],9,-1,-1,1143,-1
13930,[0.41639352 0.27639834],6,-1,-1,921,-1
13931,[0.59571328 0.52695462],5,-1,-1,1102,-1
13932,[0.73789151 0.74398043],1,4,"[0.7726811996944247, 0.7249303226766757]",452,0
13933,[0.32642626 0.30792657],6,-1,-1,-1,-1
13934,[0.73049822 0.64110289],1,-1,-1,184,0
13935,[0.83796051 0.6787225 ],1,-1,-1,-1,0
13936,[0.6314074  0.41854918],8,-1,-1,264,-1
13937,[0.59626827 0.69067107],9,2,"[0.5921204552873188, 0.6383928111301557]",654,-1
13938,[0.33629487 0.50417599],2,-1,-1,1880,-1
13939,[0.76354637 0.78071352],1,4,"[0.7726811996944247, 0.7249303226766757]",370,0
13940,[0.89458987 0.71438102],1,-1,-1,119,-1
13941,[0.29888912 0.50912366],4,8,"[0.27392971195344684, 0.45973140540928376]",-1,-1
13942,[0.73384452 0.73515186],1,4,"[0.7726811996944247, 0.7249303226766757]",-1,0
13943,[0.38127249 0.25056842],0,-1,-1,-1,-1
13944,[0.34338507 0.25779386],6,9,"[0.3110394802231661, 0.23517199738277297]",958,-1
13945,[0.32280062 0.50895789],7,8,"[0.27392971195344684, 0.45973140540928376]",-1,-1
13946,[0.30774551 0.34721031],2,-1,-1,1628,-1
13947,[0.31834742 0.62179142],4,7,"[0.2817018170798153, 0.5849768676672948]",1395,-1
13948,[0.422398   0.51012829],4,0,"[0.383291892093257, 0.5586820702346661]",1439,-1
13949,[0.40468953 0.35580497],6,1,"[0.3897435781344088, 0.3417040596068965]",-1,-1
13950,[0.34775844 0.61004073],3,0,"[0.383291892093257, 0.5586820702346661]",-1,-1
13951,[0.40412198 0.58039401],4,0,"[0.383291892093257, 0.5586820702346661]",1767,-1
13952,[0.35554506 0.30229704],0,1,"[0.3897435781344088, 0.3417040596068965]",-1,-1
13953,[0.33870021 0.53177717],7,0,"[0.383291892093257, 0.5586820702346661]",-1,16
13954,[0.21259874 0.31057428],2,5,"[0.23231087327800656, 0.30304944505444303]",-1,-1
13955,[0.67717158 0.61939683],9,-1,-1,-1,-1
13956,[0.45881078 0.4505751 ],5,-1,-1,270,-1
13957,[0.32639888 0.38981187],6,-1,-1,-1,-1
13958,[0.32977045 0.59736315],3,7,"[0.2817018170798153, 0.5849768676672948]",-1,-1
13959,[0.50446301 0.51850426],5,6,"[0.5164739970238864, 0.5319253761973344]",-1,-1
13960,[0.37220679 0.52654377],2,0,"[0.383291892093257, 0.5586820702346661]",1934,-1
13961,[0.58024173 0.5696228 ],5,2,"[0.5921204552873188, 0.6383928111301557]",1447,-1
13962,[0.64944482 0.64041095],9,2,"[0.5921204552873188, 0.6383928111301557]",939,-1
13963,[0.40880783 0.56346813],5,0,"[0.383291892093257, 0.5586820702346661]",1692,-1
13964,[0.68118797 0.45678627],8,3,"[0.6815204869410737, 0.47689852788858716]",735,-1
13965,[0.43430171 0.607719  ],3,-1,-1,1574,-1
13966,[0.5623709  0.72883663],9,-1,-1,-1,-1
13967,[0.2668167  0.25772088],2,9,"[0.3110394802231661, 0.23517199738277297]",1049,-1
13968,[0.30916269 0.17919976],0,9,"[0.3110394802231661, 0.23517199738277297]",219,-1
13969,[0.64400432 0.63303554],9,2,"[0.5921204552873188, 0.6383928111301557]",-1,-1
13970,[0.36079997 0.2385728 ],6,9,"[0.3110394802231661, 0.23517199738277297]",-1,-1
13971,[0.25609679 0.45834531],7,8,"[0.27392971195344684, 0.45973140540928376]",-1,-1
13972,[0.31535939 0.45845407],4,8,"[0.27392971195344684, 0.45973140540928376]",1556,-1
13973,[0.72154909 0.53780638],8,-1,-1,-1,-1
13974,[0.28531839 0.3723733 ],2,-1,-1,1092,-1
13975,[0.45251145 0.69517282],9,-1,-1,-1,-1
13976,[0.30899019 0.56504456],3,7,"[0.2817018170798153, 0.5849768676672948]",-1,-1
13977,[0.50143182 0.29066167],6,-1,-1,-1,-1
13978,[0.29730732 0.48691077],7,8,"[0.27392971195344684, 0.45973140540928376]",1792,-1
13979,[0.27066445 0.51375911],4,8,"[0.27392971195344684, 0.45973140540928376]",1887,-1
13980,[0.53141683 0.71233075],9,-1,-1,-1,-1
13981,[0.29321547 0.19689564],0,9,"[0.3110394802231661, 0.23517199738277297]",425,-1
13982,[0.32591908 0.39867225],7,-1,-1,1215,-1
13983,[0.82153471 0.75525013],1,4,"[0.7726811996944247, 0.7249303226766757]",-1,0
13984,[0.30053743 0.46591015],7,8,"[0.27392971195344684, 0.45973140540928376]",1732,-1
13985,[0.82029823 0.77285686],1,4,"[0.7726811996944247, 0.7249303226766757]",254,0
13986,[0.23312667 0.2565242 ],0,5,"[0.23231087327800656, 0.30304944505444303]",885,-1
13987,[0.66526462 0.51078944],8,3,"[0.6815204869410737, 0.47689852788858716]",-1,2
13988,[0.27976548 0.50691001],3,8,"[0.27392971195344684, 0.45973140540928376]",1760,-1
13989,[0.33358557 0.40855241],7,-1,-1,948,-1
13990,[0.6911352  0.65347073],1,-1,-1,-1,0
13991,[0.4170096  0.52155056],5,0,"[0.383291892093257, 0.5586820702346661]",1471,-1
13992,[0.25920562 0.19565392],0,9,"[0.3110394802231661, 0.23517199738277297]",746,-1
13993,[0.23334787 0.35828446],0,5,"[0.23231087327800656, 0.30304944505444303]",-1,-1
13994,[0.28438157 0.3056258 ],0,5,"[0.23231087327800656, 0.30304944505444303]",1578,-1
13995,[0.62696648 0.69176909],1,2,"[0.5921204552873188, 0.6383928111301557]",663,-1
13996,[0.38082952 0.59185113],7,0,"[0.383291892093257, 0.5586820702346661]",-1,-1
13997,[0.3696912  0.20299718],0,9,"[0.3110394802231661, 0.23517199738277297]",-1,-1
13998,[0.19357067 0.2668863 ],2,5,"[0.23231087327800656, 0.30304944505444303]",-1,-1
13999,[0.26886382 0.21943427],0,9,"[0.3110394802231661, 0.23517199738277297]",987,-1
14000,[0.3783232  0.33414262],2,1,"[0.3897435781344088, 0.3417040596068965]",1476,-1
14001,[0.57770207 0.62689988],5,2,"[0.5921204552873188, 0.6383928111301557]",1309,-1
14002,[0.41743738 0.49813451],4,0,"[0.383291892093257, 0.5586820702346661]",-1,-1
14003,[0.4740624  0.53685849],5,6,"[0.5164739970238864, 0.5319253761973344]",962,-1
14004,[0.75517766 0.75959765],1,4,"[0.7726811996944247, 0.7249303226766757]",-1,0
14005,[0.67207733 0.63706639],1,-1,-1,581,-1
14006,[0.69970268 0.68336092],9,-1,-1,339,-1
14007,[0.48723426 0.38601916],6,-1,-1,-1,-1
14008,[0.57972219 0.6725496 ],9,2,"[0.5921204552873188, 0.6383928111301557]",1121,-1
14009,[0.40160241 0.5469547 ],3,0,"[0.383291892093257, 0.5586820702346661]",1631,-1
14010,[0.77418352 0.67848203],1,4,"[0.7726811996944247, 0.7249303226766757]",-1,0
14011,[0.26662091 0.40495702],2,8,"[0.27392971195344684, 0.45973140540928376]",1008,-1
14012,[0.31740277 0.39633369],2,-1,-1,1425,-1
14013,[0.31497658 0.58898115],4,7,"[0.2817018170798153, 0.5849768676672948]",1967,-1
14014,[0.43339806 0.51465858],4,0,"[0.383291892093257, 0.5586820702346661]",-1,-1
14015,[0.44110831 0.44113949],6,-1,-1,-1,-1
14016,[0.6938543 0.6374129],9,-1,-1,493,-1
14017,[0.82993088 0.67866789],1,-1,-1,-1,0
14018,[0.24636607 0.3228661 ],2,5,"[0.23231087327800656, 0.30304944505444303]",1503,7
14019,[0.16240928 0.27011731],0,-1,-1,220,-1
14020,[0.33520117 0.34225919],7,1,"[0.3897435781344088, 0.3417040596068965]",1558,-1
14021,[0.26007855 0.52687659],7,7,"[0.2817018170798153, 0.5849768676672948]",-1,-1
14022,[0.61867791 0.64663202],9,2,"[0.5921204552873188, 0.6383928111301557]",-1,-1
14023,[0.36670336 0.58524077],4,0,"[0.383291892093257, 0.5586820702346661]",1846,12
14024,[0.27511229 0.38022787],6,-1,-1,1105,-1
14025,[0.79445086 0.65907062],1,4,"[0.7726811996944247, 0.7249303226766757]",328,0
14026,[0.70050848 0.68534532],1,-1,-1,339,0
14027,[0.55255374 0.62825726],5,2,"[0.5921204552873188, 0.6383928111301557]",-1,-1
14028,[0.35131865 0.27440752],6,9,"[0.3110394802231661, 0.23517199738277297]",-1,-1
14029,[0.65731744 0.49963202],8,3,"[0.6815204869410737, 0.47689852788858716]",816,-1
14030,[0.52222756 0.53575041],5,6,"[0.5164739970238864, 0.5319253761973344]",1177,-1
14031,[0.49085016 0.33597003],6,-1,-1,168,-1
14032,[0.1678424  0.38537525],2,-1,-1,-1,-1
14033,[0.33801641 0.21702774],0,9,"[0.3110394802231661, 0.23517199738277297]",-1,-1
14034,[0.3348606  0.32302369],6,1,"[0.3897435781344088, 0.3417040596068965]",-1,-1
14035,[0.26877571 0.27034677],2,5,"[0.23231087327800656, 0.30304944505444303]",1635,11
14036,[0.17228382 0.21854491],0,-1,-1,-1,-1
14037,[0.71847016 0.35303921],8,-1,-1,-1,-1
14038,[0.28395007 0.4896584 ],2,8,"[0.27392971195344684, 0.45973140540928376]",-1,-1
14039,[0.17421752 0.25939694],2,-1,-1,-1,-1
14040,[0.74788516 0.44733753],8,-1,-1,263,-1
14041,[0.45956675 0.53136264],5,6,"[0.5164739970238864, 0.5319253761973344]",-1,-1
14042,[0.59548226 0.49017701],8,-1,-1,-1,-1
14043,[0.31587803 0.49840575],4,8,"[0.27392971195344684, 0.45973140540928376]",1822,-1
14044,[0.29680245 0.53112387],4,7,"[0.2817018170798153, 0.5849768676672948]",-1,-1
14045,[0.2241707  0.29347693],0,5,"[0.23231087327800656, 0.30304944505444303]",1460,-1
14046,[0.16928043 0.36715072],0,-1,-1,-1,-1
14047,[0.3706038  0.52185124],3,0,"[0.383291892093257, 0.5586820702346661]",-1,-1
14048,[0.43016856 0.52741551],7,0,"[0.383291892093257, 0.5586820702346661]",-1,-1
14049,[0.53442756 0.33459123],6,-1,-1,-1,-1
14050,[0.30078679 0.49284031],7,8,"[0.27392971195344684, 0.45973140540928376]",1889,-1
14051,[0.55658849 0.65138924],9,2,"[0.5921204552873188, 0.6383928111301557]",1212,-1
14052,[0.40444733 0.55074104],3,0,"[0.383291892093257, 0.5586820702346661]",1745,-1
14053,[0.43778145 0.61374085],5,-1,-1,-1,-1
14054,[0.25856853 0.5474954 ],4,7,"[0.2817018170798153, 0.5849768676672948]",1559,-1
14055,[0.49149358 0.62143534],4,-1,-1,-1,-1
14056,[0.59074462 0.50625188],5,-1,-1,841,-1
14057,[0.67429639 0.83352955],1,-1,-1,23,-1
14058,[0.55141306 0.51729553],8,6,"[0.5164739970238864, 0.5319253761973344]",1300,-1
14059,[0.4074898  0.62703133],3,-1,-1,-1,-1
14060,[0.56656698 0.57730671],5,2,"[0.5921204552873188, 0.6383928111301557]",1458,6
14061,[0.41795963 0.38726675],6,1,"[0.3897435781344088, 0.3417040596068965]",763,-1
14062,[0.72562376 0.74268784],1,4,"[0.7726811996944247, 0.7249303226766757]",-1,0
14063,[0.40762531 0.55006299],4,0,"[0.383291892093257, 0.5586820702346661]",-1,-1
14064,[0.20719157 0.44449963],7,8,"[0.27392971195344684, 0.45973140540928376]",-1,-1
14065,[0.40022149 0.54182043],4,0,"[0.383291892093257, 0.5586820702346661]",-1,-1
14066,[0.74100156 0.50174446],8,3,"[0.6815204869410737, 0.47689852788858716]",568,-1
14067,[0.63326275 0.437175  ],5,3,"[0.6815204869410737, 0.47689852788858716]",678,-1
14068,[0.87721896 0.79253597],1,-1,-1,-1,-1
14069,[0.72787874 0.77119417],1,4,"[0.7726811996944247, 0.7249303226766757]",315,0
14070,[0.18017569 0.48054589],7,-1,-1,214,-1
14071,[0.503433   0.49883936],5,6,"[0.5164739970238864, 0.5319253761973344]",725,-1
14072,[0.32596167 0.53755082],7,0,"[0.383291892093257, 0.5586820702346661]",1933,-1
14073,[0.64465284 0.60806081],9,2,"[0.5921204552873188, 0.6383928111301557]",613,-1
14074,[0.26470849 0.24713523],0,9,"[0.3110394802231661, 0.23517199738277297]",1345,-1
14075,[0.26899855 0.44167136],2,8,"[0.27392971195344684, 0.45973140540928376]",-1,-1
14076,[0.33038341 0.6539526 ],4,-1,-1,-1,-1
14077,[0.67390394 0.53845684],8,3,"[0.6815204869410737, 0.47689852788858716]",673,-1
14078,[0.30972727 0.55006758],4,7,"[0.2817018170798153, 0.5849768676672948]",1987,17
14079,[0.29837162 0.51796441],4,8,"[0.27392971195344684, 0.45973140540928376]",-1,-1
14080,[0.19541027 0.47798196],4,-1,-1,185,-1
14081,[0.32155478 0.50207016],3,8,"[0.27392971195344684, 0.45973140540928376]",1809,-1
14082,[0.34125848 0.42953687],6,-1,-1,-1,-1
14083,[0.35876708 0.64538958],3,-1,-1,-1,-1
14084,[0.489018   0.64424152],5,-1,-1,-1,-1
14085,[0.50468709 0.53892193],5,6,"[0.5164739970238864, 0.5319253761973344]",1186,3
14086,[0.53728585 0.54996341],5,6,"[0.5164739970238864, 0.5319253761973344]",-1,-1
14087,[0.33374477 0.31802768],0,1,"[0.3897435781344088, 0.3417040596068965]",1683,-1
14088,[0.56186963 0.62198749],9,2,"[0.5921204552873188, 0.6383928111301557]",1284,-1
14089,[0.66550467 0.64071143],9,-1,-1,-1,-1
14090,[0.57458926 0.68703109],9,2,"[0.5921204552873188, 0.6383928111301557]",915,-1
14091,[0.33881509 0.5530416 ],3,0,"[0.383291892093257, 0.5586820702346661]",1957,17
14092,[0.66478688 0.51115944],8,3,"[0.6815204869410737, 0.47689852788858716]",-1,2
14093,[0.22427981 0.54801041],7,7,"[0.2817018170798153, 0.5849768676672948]",-1,-1
14094,[0.44475637 0.55101401],3,0,"[0.383291892093257, 0.5586820702346661]",1295,-1
14095,[0.40545143 0.56600451],4,0,"[0.383291892093257, 0.5586820702346661]",1692,-1
14096,[0.35903402 0.5176061 ],4,0,"[0.383291892093257, 0.5586820702346661]",1921,-1
14097,[0.50393478 0.55792213],3,6,"[0.5164739970238864, 0.5319253761973344]",-1,-1
14098,[0.42947535 0.5945841 ],4,0,"[0.383291892093257, 0.5586820702346661]",-1,-1
14099,[0.55823346 0.54018819],5,6,"[0.5164739970238864, 0.5319253761973344]",1409,6
14100,[0.42803111 0.40776183],6,-1,-1,-1,-1
14101,[0.57364389 0.45829387],8,-1,-1,517,-1
14102,[0.6493448  0.46120648],8,3,"[0.6815204869410737, 0.47689852788858716]",812,-1
14103,[0.41407596 0.30623694],6,1,"[0.3897435781344088, 0.3417040596068965]",-1,-1
14104,[0.56788178 0.46929582],5,-1,-1,533,-1
14105,[0.23462916 0.54383592],4,7,"[0.2817018170798153, 0.5849768676672948]",1411,-1
14106,[0.5744715  0.38833637],8,-1,-1,-1,-1
14107,[0.28846885 0.54475299],7,7,"[0.2817018170798153, 0.5849768676672948]",1907,-1
14108,[0.28704424 0.25452756],0,9,"[0.3110394802231661, 0.23517199738277297]",1612,-1
14109,[0.64844549 0.3640071 ],8,-1,-1,-1,-1
14110,[0.28133146 0.33552615],2,5,"[0.23231087327800656, 0.30304944505444303]",1598,-1
14111,[0.43224657 0.55952661],3,0,"[0.383291892093257, 0.5586820702346661]",-1,-1
14112,[0.72316892 0.79184701],1,-1,-1,-1,0
14113,[0.28021013 0.2717088 ],6,9,"[0.3110394802231661, 0.23517199738277297]",1627,-1
14114,[0.70128478 0.51482514],8,3,"[0.6815204869410737, 0.47689852788858716]",-1,-1
14115,[0.54497393 0.59249447],5,2,"[0.5921204552873188, 0.6383928111301557]",1433,6
14116,[0.58483414 0.60716417],5,2,"[0.5921204552873188, 0.6383928111301557]",1424,-1
14117,[0.36539117 0.5832563 ],3,0,"[0.383291892093257, 0.5586820702346661]",1847,12
14118,[0.75767638 0.69057657],1,4,"[0.7726811996944247, 0.7249303226766757]",459,0
14119,[0.33122424 0.40879268],2,-1,-1,948,-1
14120,[0.57933119 0.53921975],5,6,"[0.5164739970238864, 0.5319253761973344]",1233,-1
14121,[0.45071971 0.33419295],6,1,"[0.3897435781344088, 0.3417040596068965]",-1,-1
14122,[0.55458829 0.52849985],5,6,"[0.5164739970238864, 0.5319253761973344]",1390,-1
14123,[0.30501425 0.21879403],0,9,"[0.3110394802231661, 0.23517199738277297]",972,-1
14124,[0.29346155 0.41432426],7,8,"[0.27392971195344684, 0.45973140540928376]",-1,-1
14125,[0.54032448 0.49198661],5,6,"[0.5164739970238864, 0.5319253761973344]",-1,-1
14126,[0.50458569 0.60825556],5,-1,-1,1133,-1
14127,[0.53706151 0.49663246],5,6,"[0.5164739970238864, 0.5319253761973344]",1096,-1
14128,[0.55768628 0.53082413],5,6,"[0.5164739970238864, 0.5319253761973344]",-1,-1
14129,[0.42765751 0.46998682],7,-1,-1,609,-1
14130,[0.43381832 0.23033812],6,-1,-1,-1,-1
14131,[0.34523155 0.6052026 ],3,0,"[0.383291892093257, 0.5586820702346661]",-1,-1
14132,[0.36461906 0.28968664],2,1,"[0.3897435781344088, 0.3417040596068965]",1542,-1
14133,[0.74038832 0.42825737],8,-1,-1,-1,-1
14134,[0.45272741 0.6058819 ],9,-1,-1,-1,-1
14135,[0.33757882 0.59749481],7,7,"[0.2817018170798153, 0.5849768676672948]",1863,-1
14136,[0.17883191 0.35215508],0,-1,-1,-1,-1
14137,[0.25818325 0.48563771],7,8,"[0.27392971195344684, 0.45973140540928376]",1709,-1
14138,[0.33007776 0.2161001 ],0,9,"[0.3110394802231661, 0.23517199738277297]",-1,-1
14139,[0.18748903 0.41655712],2,-1,-1,144,-1
14140,[0.34269479 0.50631558],3,0,"[0.383291892093257, 0.5586820702346661]",-1,-1
14141,[0.34502108 0.67038887],4,-1,-1,298,-1
14142,[0.77467545 0.63790113],1,-1,-1,176,0
14143,[0.73450808 0.54217631],8,-1,-1,289,-1
14144,[0.301554   0.51062956],4,8,"[0.27392971195344684, 0.45973140540928376]",1852,-1
14145,[0.38913842 0.37677011],7,1,"[0.3897435781344088, 0.3417040596068965]",-1,-1
14146,[0.6163255  0.67703686],9,2,"[0.5921204552873188, 0.6383928111301557]",-1,-1
14147,[0.74509571 0.46800259],8,3,"[0.6815204869410737, 0.47689852788858716]",513,-1
14148,[0.42618152 0.51222638],3,0,"[0.383291892093257, 0.5586820702346661]",-1,-1
14149,[0.70320342 0.70703716],1,-1,-1,343,0
14150,[0.42419316 0.30578066],6,1,"[0.3897435781344088, 0.3417040596068965]",-1,-1
14151,[0.24883357 0.26561246],2,5,"[0.23231087327800656, 0.30304944505444303]",1310,-1
14152,[0.34063014 0.23803732],6,9,"[0.3110394802231661, 0.23517199738277297]",-1,-1
14153,[0.28973183 0.56249132],7,7,"[0.2817018170798153, 0.5849768676672948]",-1,13
14154,[0.54855372 0.48233223],5,6,"[0.5164739970238864, 0.5319253761973344]",-1,-1
14155,[0.375573  0.5665786],3,0,"[0.383291892093257, 0.5586820702346661]",1832,-1
14156,[0.78340323 0.74369723],1,4,"[0.7726811996944247, 0.7249303226766757]",471,0
14157,[0.37482476 0.30448872],6,1,"[0.3897435781344088, 0.3417040596068965]",-1,-1
14158,[0.46140843 0.59738748],5,-1,-1,-1,4
14159,[0.56843564 0.59048005],9,2,"[0.5921204552873188, 0.6383928111301557]",1437,6
14160,[0.43660434 0.3413847 ],6,1,"[0.3897435781344088, 0.3417040596068965]",793,-1
14161,[0.40295946 0.31018296],2,1,"[0.3897435781344088, 0.3417040596068965]",930,-1
14162,[0.31254991 0.33970333],0,-1,-1,-1,8
14163,[0.74264247 0.44689104],8,3,"[0.6815204869410737, 0.47689852788858716]",263,-1
14164,[0.32677684 0.35203663],2,1,"[0.3897435781344088, 0.3417040596068965]",-1,-1
14165,[0.64972235 0.78989174],1,-1,-1,-1,-1
14166,[0.30844358 0.39709723],2,-1,-1,-1,-1
14167,[0.5946858  0.46329476],8,-1,-1,608,-1
14168,[0.40835686 0.32533858],2,1,"[0.3897435781344088, 0.3417040596068965]",-1,-1
14169,[0.85664248 0.82029715],1,-1,-1,-1,-1
14170,[0.81409965 0.71927294],1,4,"[0.7726811996944247, 0.7249303226766757]",-1,0
14171,[0.58620858 0.59616868],9,2,"[0.5921204552873188, 0.6383928111301557]",1351,-1
14172,[0.31906783 0.28877645],0,9,"[0.3110394802231661, 0.23517199738277297]",-1,-1
14173,[0.23393149 0.38896628],7,-1,-1,912,-1
14174,[0.45238907 0.42516983],6,-1,-1,-1,-1
14175,[0.29939487 0.50704426],7,8,"[0.27392971195344684, 0.45973140540928376]",-1,-1
14176,[0.65150225 0.6287444 ],9,2,"[0.5921204552873188, 0.6383928111301557]",1158,-1
14177,[0.29255447 0.45788209],2,8,"[0.27392971195344684, 0.45973140540928376]",-1,-1
14178,[0.5283721  0.56605225],9,6,"[0.5164739970238864, 0.5319253761973344]",1371,-1
14179,[0.60818832 0.65591106],9,2,"[0.5921204552873188, 0.6383928111301557]",-1,-1
14180,[0.38421725 0.62831106],4,0,"[0.383291892093257, 0.5586820702346661]",894,-1
14181,[0.30811192 0.48326978],4,8,"[0.27392971195344684, 0.45973140540928376]",1873,-1
14182,[0.49853192 0.57274632],9,6,"[0.5164739970238864, 0.5319253761973344]",-1,-1
14183,[0.61455671 0.6035233 ],8,2,"[0.5921204552873188, 0.6383928111301557]",1200,-1
14184,[0.3070799  0.48723584],3,8,"[0.27392971195344684, 0.45973140540928376]",1873,-1
14185,[0.54154685 0.63523485],9,2,"[0.5921204552873188, 0.6383928111301557]",1262,-1
14186,[0.47990992 0.55777916],9,6,"[0.5164739970238864, 0.5319253761973344]",-1,-1
14187,[0.25734462 0.56546893],7,7,"[0.2817018170798153, 0.5849768676672948]",1699,-1
14188,[0.52401808 0.657745  ],5,-1,-1,920,-1
14189,[0.41431277 0.35353295],6,1,"[0.3897435781344088, 0.3417040596068965]",981,-1
14190,[0.80194595 0.76820303],1,4,"[0.7726811996944247, 0.7249303226766757]",428,0
14191,[0.21816149 0.25472051],2,5,"[0.23231087327800656, 0.30304944505444303]",1021,-1
14192,[0.56713672 0.55846152],9,6,"[0.5164739970238864, 0.5319253761973344]",1362,-1
14193,[0.51078423 0.56085456],3,6,"[0.5164739970238864, 0.5319253761973344]",1376,-1
14194,[0.23854004 0.48150548],2,8,"[0.27392971195344684, 0.45973140540928376]",-1,-1
14195,[0.65324591 0.47189477],8,3,"[0.6815204869410737, 0.47689852788858716]",-1,1
14196,[0.34232007 0.56213076],5,0,"[0.383291892093257, 0.5586820702346661]",-1,-1
14197,[0.23252955 0.48834436],7,8,"[0.27392971195344684, 0.45973140540928376]",1280,-1
14198,[0.25251685 0.4933659 ],7,8,"[0.27392971195344684, 0.45973140540928376]",-1,-1
14199,[0.65269244 0.42085683],8,3,"[0.6815204869410737, 0.47689852788858716]",-1,-1
14200,[0.3204482  0.50777849],3,8,"[0.27392971195344684, 0.45973140540928376]",1922,15
14201,[0.22786855 0.25274865],0,5,"[0.23231087327800656, 0.30304944505444303]",885,-1
14202,[0.74620784 0.55430716],9,-1,-1,-1,-1
14203,[0.20347418 0.377715  ],2,-1,-1,-1,-1
14204,[0.35595175 0.67482565],3,-1,-1,-1,-1
14205,[0.66059454 0.43888764],8,3,"[0.6815204869410737, 0.47689852788858716]",732,-1
14206,[0.53409337 0.6334772 ],3,2,"[0.5921204552873188, 0.6383928111301557]",-1,-1
14207,[0.42521867 0.58599356],3,0,"[0.383291892093257, 0.5586820702346661]",-1,-1
14208,[0.66118959 0.48347307],8,3,"[0.6815204869410737, 0.47689852788858716]",825,1
14209,[0.52568314 0.65026675],9,2,"[0.5921204552873188, 0.6383928111301557]",1199,-1
14210,[0.54394882 0.56655154],9,6,"[0.5164739970238864, 0.5319253761973344]",1441,6
14211,[0.56077453 0.69191712],9,2,"[0.5921204552873188, 0.6383928111301557]",-1,-1
14212,[0.88618815 0.70401802],1,-1,-1,136,-1
14213,[0.34583583 0.28561618],0,9,"[0.3110394802231661, 0.23517199738277297]",1252,-1
14214,[0.69606211 0.56788732],9,-1,-1,235,-1
14215,[0.20483332 0.21248975],0,-1,-1,-1,-1
14216,[0.75363096 0.70786152],1,4,"[0.7726811996944247, 0.7249303226766757]",463,0
14217,[0.43876638 0.553022  ],9,0,"[0.383291892093257, 0.5586820702346661]",1294,-1
14218,[0.25490564 0.23256134],0,9,"[0.3110394802231661, 0.23517199738277297]",-1,-1
14219,[0.65006364 0.5332741 ],8,3,"[0.6815204869410737, 0.47689852788858716]",-1,-1
14220,[0.41250315 0.34450551],6,1,"[0.3897435781344088, 0.3417040596068965]",-1,-1
14221,[0.4459681 0.5658947],5,0,"[0.383291892093257, 0.5586820702346661]",1281,-1
14222,[0.28932003 0.4665994 ],2,8,"[0.27392971195344684, 0.45973140540928376]",-1,-1
14223,[0.33752951 0.31756121],2,1,"[0.3897435781344088, 0.3417040596068965]",-1,-1
14224,[0.21705325 0.40724035],2,-1,-1,502,-1
14225,[0.35802007 0.57664008],3,0,"[0.383291892093257, 0.5586820702346661]",1843,-1
14226,[0.34361003 0.65295998],3,-1,-1,730,-1
14227,[0.401781   0.50072712],7,0,"[0.383291892093257, 0.5586820702346661]",-1,-1
14228,[0.18392054 0.35432861],2,-1,-1,504,-1
14229,[0.52209299 0.49132754],5,6,"[0.5164739970238864, 0.5319253761973344]",-1,-1
14230,[0.35174297 0.28064233],6,9,"[0.3110394802231661, 0.23517199738277297]",-1,-1
14231,[0.32794069 0.31065464],2,1,"[0.3897435781344088, 0.3417040596068965]",1679,-1
14232,[0.2516376  0.48554947],7,8,"[0.27392971195344684, 0.45973140540928376]",1710,-1
14233,[0.75663228 0.35706355],8,-1,-1,-1,-1
14234,[0.25444362 0.17621611],0,-1,-1,-1,-1
14235,[0.69756919 0.41719708],8,3,"[0.6815204869410737, 0.47689852788858716]",503,-1
14236,[0.36038465 0.67697754],7,-1,-1,-1,-1
14237,[0.27475994 0.59103417],4,7,"[0.2817018170798153, 0.5849768676672948]",1572,-1
14238,[0.42852473 0.27453696],6,-1,-1,532,-1
14239,[0.69226972 0.44872842],8,3,"[0.6815204869410737, 0.47689852788858716]",-1,-1
14240,[0.40012996 0.63615478],3,-1,-1,751,-1
14241,[0.35671333 0.40022261],6,1,"[0.3897435781344088, 0.3417040596068965]",904,-1
14242,[0.3080359  0.60576083],4,7,"[0.2817018170798153, 0.5849768676672948]",1726,-1
14243,[0.68934573 0.69139696],1,-1,-1,-1,-1
14244,[0.32188171 0.56132191],4,7,"[0.2817018170798153, 0.5849768676672948]",1977,17
14245,[0.22270058 0.33506534],2,5,"[0.23231087327800656, 0.30304944505444303]",-1,-1
14246,[0.48329209 0.51069974],5,6,"[0.5164739970238864, 0.5319253761973344]",936,-1
14247,[0.26927481 0.48014828],7,8,"[0.27392971195344684, 0.45973140540928376]",-1,-1
14248,[0.16656479 0.31548338],0,5,"[0.23231087327800656, 0.30304944505444303]",203,-1
14249,[0.15686643 0.61510636],7,-1,-1,-1,-1
14250,[0.27202492 0.29697682],2,5,"[0.23231087327800656, 0.30304944505444303]",-1,-1
14251,[0.31977557 0.32097748],2,-1,-1,-1,10
14252,[0.65141916 0.70416864],9,-1,-1,489,-1
14253,[0.3190964  0.63016745],3,7,"[0.2817018170798153, 0.5849768676672948]",-1,-1
14254,[0.3460469  0.51680947],3,0,"[0.383291892093257, 0.5586820702346661]",-1,-1
14255,[0.78160371 0.68005083],1,4,"[0.7726811996944247, 0.7249303226766757]",397,0
14256,[0.32683668 0.52749906],7,0,"[0.383291892093257, 0.5586820702346661]",-1,-1
14257,[0.29657949 0.44619308],7,8,"[0.27392971195344684, 0.45973140540928376]",-1,-1
14258,[0.62040674 0.46284539],8,3,"[0.6815204869410737, 0.47689852788858716]",-1,-1
14259,[0.7352916  0.70372135],1,4,"[0.7726811996944247, 0.7249303226766757]",-1,0
14260,[0.61771343 0.59642216],9,2,"[0.5921204552873188, 0.6383928111301557]",1210,-1
14261,[0.35432366 0.28087723],0,9,"[0.3110394802231661, 0.23517199738277297]",1393,-1
14262,[0.64277718 0.51955069],9,3,"[0.6815204869410737, 0.47689852788858716]",-1,-1
14263,[0.23773329 0.18554937],0,-1,-1,-1,-1
14264,[0.43973142 0.55479506],5,0,"[0.383291892093257, 0.5586820702346661]",1294,-1
14265,[0.53043112 0.49302882],8,6,"[0.5164739970238864, 0.5319253761973344]",1096,-1
14266,[0.30935245 0.26629999],2,9,"[0.3110394802231661, 0.23517199738277297]",1512,-1
14267,[0.23563211 0.55170617],4,7,"[0.2817018170798153, 0.5849768676672948]",1411,-1
14268,[0.32344417 0.21463624],2,9,"[0.3110394802231661, 0.23517199738277297]",888,-1
14269,[0.61900885 0.42883715],5,-1,-1,285,-1
14270,[0.25961218 0.55324703],4,7,"[0.2817018170798153, 0.5849768676672948]",1704,-1
14271,[0.38410891 0.36450427],2,1,"[0.3897435781344088, 0.3417040596068965]",-1,-1
14272,[0.69287016 0.74191852],9,-1,-1,-1,0
14273,[0.42747033 0.49183496],3,-1,-1,766,-1
14274,[0.4271438  0.32613517],6,1,"[0.3897435781344088, 0.3417040596068965]",-1,-1
14275,[0.69051753 0.43873052],8,3,"[0.6815204869410737, 0.47689852788858716]",611,-1
14276,[0.30280322 0.5381373 ],7,7,"[0.2817018170798153, 0.5849768676672948]",1982,-1
14277,[0.27703144 0.51430073],3,8,"[0.27392971195344684, 0.45973140540928376]",1887,14
14278,[0.36165237 0.35891111],6,1,"[0.3897435781344088, 0.3417040596068965]",-1,-1
14279,[0.74602069 0.57590684],8,-1,-1,-1,-1
14280,[0.24039871 0.20595831],0,-1,-1,-1,-1
14281,[0.42670655 0.43784378],6,-1,-1,404,-1
14282,[0.28617182 0.44630296],4,8,"[0.27392971195344684, 0.45973140540928376]",-1,-1
14283,[0.30315833 0.51710491],3,8,"[0.27392971195344684, 0.45973140540928376]",1881,-1
14284,[0.50487419 0.45652385],5,-1,-1,223,-1
14285,[0.76124484 0.50243581],8,-1,-1,188,-1
14286,[0.77942886 0.73097059],1,4,"[0.7726811996944247, 0.7249303226766757]",470,0
14287,[0.60213552 0.49918463],8,-1,-1,843,-1
14288,[0.31733864 0.55053864],7,7,"[0.2817018170798153, 0.5849768676672948]",-1,17
14289,[0.45885678 0.51187641],3,6,"[0.5164739970238864, 0.5319253761973344]",-1,-1
14290,[0.78727649 0.69294489],1,4,"[0.7726811996944247, 0.7249303226766757]",448,0
14291,[0.68520931 0.42254468],8,3,"[0.6815204869410737, 0.47689852788858716]",592,-1
14292,[0.25089999 0.57618073],7,7,"[0.2817018170798153, 0.5849768676672948]",-1,-1
14293,[0.23461632 0.47680906],7,8,"[0.27392971195344684, 0.45973140540928376]",-1,-1
14294,[0.4316797  0.24417136],6,-1,-1,178,-1
14295,[0.25781596 0.54267475],7,7,"[0.2817018170798153, 0.5849768676672948]",1559,-1
14296,[0.2720473  0.38893014],2,-1,-1,-1,-1
14297,[0.53924302 0.55374209],5,6,"[0.5164739970238864, 0.5319253761973344]",1406,6
14298,[0.5138218  0.57861103],5,6,"[0.5164739970238864, 0.5319253761973344]",-1,6
14299,[0.41593663 0.4155504 ],7,-1,-1,575,-1
14300,[0.32921271 0.32512729],6,1,"[0.3897435781344088, 0.3417040596068965]",1683,-1
14301,[0.30716185 0.59502099],4,7,"[0.2817018170798153, 0.5849768676672948]",1820,-1
14302,[0.33301962 0.18461481],2,9,"[0.3110394802231661, 0.23517199738277297]",-1,-1
14303,[0.61488775 0.54792254],8,-1,-1,-1,-1
14304,[0.80441452 0.59831786],1,-1,-1,-1,-1
14305,[0.14460375 0.28099414],0,-1,-1,-1,-1
14306,[0.56005636 0.52208319],9,6,"[0.5164739970238864, 0.5319253761973344]",-1,-1
14307,[0.7346002  0.50164866],8,3,"[0.6815204869410737, 0.47689852788858716]",568,-1
14308,[0.69411371 0.49442635],8,3,"[0.6815204869410737, 0.47689852788858716]",836,2
14309,[0.26388221 0.54222324],4,7,"[0.2817018170798153, 0.5849768676672948]",1743,-1
14310,[0.19817644 0.28003827],0,5,"[0.23231087327800656, 0.30304944505444303]",-1,-1
14311,[0.51184636 0.40637884],5,-1,-1,-1,-1
14312,[0.74899473 0.44383121],8,-1,-1,263,-1
14313,[0.5539334  0.69984449],9,-1,-1,-1,-1
14314,[0.61244212 0.50667792],5,-1,-1,-1,-1
14315,[0.31477889 0.56469348],7,7,"[0.2817018170798153, 0.5849768676672948]",-1,-1
14316,[0.43163772 0.29863535],6,1,"[0.3897435781344088, 0.3417040596068965]",-1,-1
14317,[0.57732134 0.59365514],5,2,"[0.5921204552873188, 0.6383928111301557]",1443,6
14318,[0.38778212 0.33066803],6,1,"[0.3897435781344088, 0.3417040596068965]",1476,-1
14319,[0.52256262 0.54769868],5,6,"[0.5164739970238864, 0.5319253761973344]",1274,-1
14320,[0.3490533  0.51942165],7,0,"[0.383291892093257, 0.5586820702346661]",-1,-1
14321,[0.40088921 0.60364817],9,0,"[0.383291892093257, 0.5586820702346661]",1724,-1
14322,[0.7154475  0.63426355],9,-1,-1,-1,0
14323,[0.34981999 0.60489301],3,0,"[0.383291892093257, 0.5586820702346661]",1833,-1
14324,[0.21561914 0.54431817],4,-1,-1,644,-1
14325,[0.63817232 0.5878448 ],5,2,"[0.5921204552873188, 0.6383928111301557]",-1,-1
14326,[0.40161064 0.37390267],6,1,"[0.3897435781344088, 0.3417040596068965]",-1,-1
14327,[0.29077223 0.50398666],7,8,"[0.27392971195344684, 0.45973140540928376]",-1,-1
14328,[0.78776661 0.65562656],1,-1,-1,-1,0
14329,[0.29386922 0.60986687],4,7,"[0.2817018170798153, 0.5849768676672948]",956,-1
14330,[0.28824858 0.31324707],0,5,"[0.23231087327800656, 0.30304944505444303]",1605,-1
14331,[0.3338733  0.55791262],3,0,"[0.383291892093257, 0.5586820702346661]",1971,-1
14332,[0.79946046 0.71048256],1,4,"[0.7726811996944247, 0.7249303226766757]",-1,0
14333,[0.70207936 0.4613777 ],8,3,"[0.6815204869410737, 0.47689852788858716]",717,-1
14334,[0.15844385 0.24566102],0,-1,-1,-1,-1
14335,[0.66014965 0.60788192],9,-1,-1,-1,-1
14336,[0.66803076 0.66485604],9,-1,-1,638,-1
14337,[0.29110848 0.62349223],3,7,"[0.2817018170798153, 0.5849768676672948]",1040,-1
14338,[0.76053267 0.69285403],1,4,"[0.7726811996944247, 0.7249303226766757]",459,0
14339,[0.4388197  0.53704046],5,0,"[0.383291892093257, 0.5586820702346661]",-1,-1
14340,[0.23160325 0.46229254],7,8,"[0.27392971195344684, 0.45973140540928376]",-1,-1
14341,[0.32097043 0.46679797],4,8,"[0.27392971195344684, 0.45973140540928376]",-1,-1
14342,[0.73732414 0.73365497],1,4,"[0.7726811996944247, 0.7249303226766757]",452,0
14343,[0.71103141 0.49562036],8,3,"[0.6815204869410737, 0.47689852788858716]",-1,-1
14344,[0.45363144 0.53423585],3,6,"[0.5164739970238864, 0.5319253761973344]",-1,-1
14345,[0.6350051  0.61992496],9,2,"[0.5921204552873188, 0.6383928111301557]",-1,-1
14346,[0.52915918 0.47973098],5,6,"[0.5164739970238864, 0.5319253761973344]",926,-1
14347,[0.82804194 0.66809692],1,-1,-1,-1,0
14348,[0.75143511 0.50919238],8,-1,-1,480,-1
14349,[0.3155616  0.52789323],7,7,"[0.2817018170798153, 0.5849768676672948]",1841,-1
14350,[0.63997585 0.60533918],9,2,"[0.5921204552873188, 0.6383928111301557]",613,-1
14351,[0.69172029 0.64836282],1,-1,-1,-1,0
14352,[0.42720899 0.62298355],3,-1,-1,483,-1
14353,[0.80606327 0.73197658],1,4,"[0.7726811996944247, 0.7249303226766757]",457,0
14354,[0.75154604 0.49482248],8,-1,-1,-1,-1
14355,[0.75922473 0.70939707],1,4,"[0.7726811996944247, 0.7249303226766757]",-1,0
14356,[0.43447097 0.49024038],3,-1,-1,-1,-1
14357,[0.33185752 0.54300505],3,0,"[0.383291892093257, 0.5586820702346661]",-1,-1
14358,[0.36357112 0.47119765],4,-1,-1,1560,-1
14359,[0.61115584 0.56192515],9,-1,-1,-1,-1
14360,[0.35986305 0.47163908],7,-1,-1,1560,-1
14361,[0.37716156 0.3314858 ],6,1,"[0.3897435781344088, 0.3417040596068965]",1476,-1
14362,[0.69247525 0.65997688],1,-1,-1,-1,0
14363,[0.74641017 0.63732652],1,-1,-1,209,0
14364,[0.51191937 0.62557041],5,-1,-1,-1,-1
14365,[0.50636041 0.73567155],9,-1,-1,-1,-1
14366,[0.46371419 0.47117062],3,-1,-1,664,-1
14367,[0.30558172 0.46145762],7,8,"[0.27392971195344684, 0.45973140540928376]",1732,-1
14368,[0.21280131 0.42316477],0,-1,-1,332,-1
14369,[0.20014232 0.60787105],7,-1,-1,181,-1
14370,[0.45524559 0.24545355],6,-1,-1,-1,-1
14371,[0.32912054 0.19961513],6,9,"[0.3110394802231661, 0.23517199738277297]",256,-1
14372,[0.28761713 0.41140477],2,8,"[0.27392971195344684, 0.45973140540928376]",-1,-1
14373,[0.70230508 0.56235913],1,-1,-1,-1,-1
14374,[0.28652594 0.41656789],7,8,"[0.27392971195344684, 0.45973140540928376]",1075,-1
14375,[0.49844882 0.58627229],9,6,"[0.5164739970238864, 0.5319253761973344]",-1,-1
14376,[0.31029151 0.42007637],2,8,"[0.27392971195344684, 0.45973140540928376]",1017,-1
14377,[0.35856549 0.52425645],4,0,"[0.383291892093257, 0.5586820702346661]",1929,-1
14378,[0.41467558 0.34761191],6,1,"[0.3897435781344088, 0.3417040596068965]",-1,-1
14379,[0.17266809 0.3171305 ],2,5,"[0.23231087327800656, 0.30304944505444303]",-1,-1
14380,[0.18143917 0.22731819],0,-1,-1,-1,-1
14381,[0.32677964 0.58933123],4,7,"[0.2817018170798153, 0.5849768676672948]",-1,-1
14382,[0.30789591 0.43683687],3,8,"[0.27392971195344684, 0.45973140540928376]",1081,-1
14383,[0.73652558 0.74265784],1,4,"[0.7726811996944247, 0.7249303226766757]",452,0
14384,[0.36062597 0.51118154],7,0,"[0.383291892093257, 0.5586820702346661]",1899,-1
14385,[0.39070073 0.33951215],6,1,"[0.3897435781344088, 0.3417040596068965]",-1,-1
14386,[0.63812656 0.49773544],5,3,"[0.6815204869410737, 0.47689852788858716]",-1,1
14387,[0.32886746 0.74056414],4,-1,-1,-1,-1
14388,[0.75703076 0.63975016],8,-1,-1,199,0
14389,[0.2674899 0.288713 ],6,5,"[0.23231087327800656, 0.30304944505444303]",-1,-1
14390,[0.26320748 0.30144553],0,5,"[0.23231087327800656, 0.30304944505444303]",-1,-1
14391,[0.6925255  0.50361229],9,3,"[0.6815204869410737, 0.47689852788858716]",-1,2
14392,[0.39726673 0.28584401],0,1,"[0.3897435781344088, 0.3417040596068965]",1077,-1
14393,[0.39296475 0.2607425 ],6,-1,-1,-1,-1
14394,[0.28550383 0.24924275],0,9,"[0.3110394802231661, 0.23517199738277297]",1603,-1
14395,[0.75850417 0.68483571],1,4,"[0.7726811996944247, 0.7249303226766757]",432,0
14396,[0.49828633 0.60736245],3,-1,-1,-1,-1
14397,[0.5304237  0.30998258],6,-1,-1,-1,-1
14398,[0.47546508 0.37779881],6,-1,-1,321,-1
14399,[0.69633076 0.63396289],9,-1,-1,-1,-1
14400,[0.32692    0.63571893],3,7,"[0.2817018170798153, 0.5849768676672948]",677,-1
14401,[0.37325394 0.46796911],3,-1,-1,-1,-1
14402,[0.35913457 0.22464853],6,9,"[0.3110394802231661, 0.23517199738277297]",485,-1
14403,[0.319123   0.58650658],3,7,"[0.2817018170798153, 0.5849768676672948]",-1,-1
14404,[0.5715734  0.72195495],9,-1,-1,-1,-1
14405,[0.66475511 0.67493434],9,-1,-1,637,-1
14406,[0.51233979 0.65385426],5,-1,-1,-1,-1
14407,[0.70107025 0.69947549],1,-1,-1,335,0
14408,[0.65161036 0.54727746],8,-1,-1,655,-1
14409,[0.67625403 0.48137283],8,3,"[0.6815204869410737, 0.47689852788858716]",-1,-1
14410,[0.37002627 0.56222294],3,0,"[0.383291892093257, 0.5586820702346661]",1856,12
14411,[0.62448588 0.63218325],9,2,"[0.5921204552873188, 0.6383928111301557]",1162,-1
14412,[0.19238815 0.21313111],0,-1,-1,-1,-1
14413,[0.28581383 0.37040702],2,-1,-1,1092,-1
14414,[0.43041306 0.54809034],3,0,"[0.383291892093257, 0.5586820702346661]",-1,-1
14415,[0.79452642 0.44376345],8,-1,-1,-1,-1
14416,[0.30142115 0.53942204],4,7,"[0.2817018170798153, 0.5849768676672948]",-1,-1
14417,[0.7355818  0.68028412],1,4,"[0.7726811996944247, 0.7249303226766757]",-1,0
14418,[0.6018893  0.43129161],8,-1,-1,-1,-1
14419,[0.42719571 0.60250103],4,0,"[0.383291892093257, 0.5586820702346661]",1574,-1
14420,[0.72248801 0.51733361],8,3,"[0.6815204869410737, 0.47689852788858716]",-1,-1
14421,[0.38774119 0.49265312],7,0,"[0.383291892093257, 0.5586820702346661]",-1,-1
14422,[0.75760847 0.59770358],8,-1,-1,110,-1
14423,[0.27562986 0.19250096],0,9,"[0.3110394802231661, 0.23517199738277297]",648,-1
14424,[0.56393962 0.53281573],5,6,"[0.5164739970238864, 0.5319253761973344]",1389,6
14425,[0.70632973 0.50583258],8,3,"[0.6815204869410737, 0.47689852788858716]",739,-1
14426,[0.63660983 0.61103424],9,2,"[0.5921204552873188, 0.6383928111301557]",613,-1
14427,[0.38732977 0.587383  ],4,0,"[0.383291892093257, 0.5586820702346661]",-1,-1
14428,[0.32302536 0.51401232],4,-1,-1,-1,-1
14429,[0.38034067 0.31430143],2,1,"[0.3897435781344088, 0.3417040596068965]",-1,-1
14430,[0.70875238 0.74437461],1,4,"[0.7726811996944247, 0.7249303226766757]",416,0
14431,[0.24476065 0.21085459],0,-1,-1,-1,-1
14432,[0.46479818 0.38117464],6,-1,-1,320,-1
14433,[0.20881063 0.24379729],0,5,"[0.23231087327800656, 0.30304944505444303]",896,-1
14434,[0.86739617 0.62982749],1,-1,-1,-1,-1
14435,[0.87830558 0.74540171],1,-1,-1,87,-1
14436,[0.57005569 0.53637772],8,6,"[0.5164739970238864, 0.5319253761973344]",1400,6
14437,[0.80786182 0.70087227],1,4,"[0.7726811996944247, 0.7249303226766757]",365,0
14438,[0.80725105 0.78454008],1,4,"[0.7726811996944247, 0.7249303226766757]",294,0
14439,[0.3097103  0.46784209],4,8,"[0.27392971195344684, 0.45973140540928376]",-1,-1
14440,[0.28311447 0.39555982],2,8,"[0.27392971195344684, 0.45973140540928376]",1066,-1
14441,[0.48066948 0.53718688],5,6,"[0.5164739970238864, 0.5319253761973344]",959,-1
14442,[0.73386374 0.47226919],8,3,"[0.6815204869410737, 0.47689852788858716]",-1,-1
14443,[0.61493207 0.64402623],9,2,"[0.5921204552873188, 0.6383928111301557]",-1,-1
14444,[0.46873392 0.4029052 ],6,-1,-1,-1,-1
14445,[0.37334387 0.50428268],3,0,"[0.383291892093257, 0.5586820702346661]",1766,-1
14446,[0.63686549 0.53548068],8,-1,-1,-1,-1
14447,[0.6257452  0.45785805],8,3,"[0.6815204869410737, 0.47689852788858716]",619,-1
14448,[0.31711792 0.30188681],6,9,"[0.3110394802231661, 0.23517199738277297]",1647,-1
14449,[0.70189847 0.65805804],9,-1,-1,414,0
14450,[0.80783752 0.44344946],8,-1,-1,-1,-1
14451,[0.8190812 0.7617198],1,4,"[0.7726811996944247, 0.7249303226766757]",405,0
14452,[0.2241322  0.32967754],0,5,"[0.23231087327800656, 0.30304944505444303]",1338,-1
14453,[0.30762062 0.61747653],3,7,"[0.2817018170798153, 0.5849768676672948]",-1,-1
14454,[0.42474967 0.31705286],2,1,"[0.3897435781344088, 0.3417040596068965]",978,-1
14455,[0.24512155 0.30035803],6,5,"[0.23231087327800656, 0.30304944505444303]",1589,-1
14456,[0.37507002 0.45074848],6,-1,-1,964,-1
14457,[0.22385722 0.30111439],2,5,"[0.23231087327800656, 0.30304944505444303]",-1,-1
14458,[0.48271141 0.5152007 ],3,6,"[0.5164739970238864, 0.5319253761973344]",936,-1
14459,[0.39884551 0.44633961],6,-1,-1,-1,-1
14460,[0.56561312 0.6226447 ],5,2,"[0.5921204552873188, 0.6383928111301557]",1284,-1
14461,[0.26161564 0.15855112],0,-1,-1,-1,-1
14462,[0.6329783  0.63429727],9,2,"[0.5921204552873188, 0.6383928111301557]",1161,-1
14463,[0.2838608  0.29209511],0,5,"[0.23231087327800656, 0.30304944505444303]",1686,11
14464,[0.2738488  0.51709904],7,8,"[0.27392971195344684, 0.45973140540928376]",1887,-1
14465,[0.39171098 0.53964915],3,0,"[0.383291892093257, 0.5586820702346661]",1808,-1
14466,[0.40817866 0.47558142],3,-1,-1,-1,-1
14467,[0.5304215 0.5859793],5,6,"[0.5164739970238864, 0.5319253761973344]",1372,-1
14468,[0.27693195 0.30117042],0,5,"[0.23231087327800656, 0.30304944505444303]",1581,-1
14469,[0.36198842 0.62442687],4,0,"[0.383291892093257, 0.5586820702346661]",-1,-1
14470,[0.27648418 0.55815477],4,7,"[0.2817018170798153, 0.5849768676672948]",1875,13
14471,[0.37454758 0.31760665],6,1,"[0.3897435781344088, 0.3417040596068965]",1462,-1
14472,[0.27128104 0.3804828 ],2,-1,-1,1105,-1
14473,[0.65805743 0.44551442],8,3,"[0.6815204869410737, 0.47689852788858716]",732,-1
14474,[0.57833971 0.73338807],9,-1,-1,-1,-1
14475,[0.30844326 0.36063551],6,-1,-1,1632,-1
14476,[0.69855232 0.49480696],9,3,"[0.6815204869410737, 0.47689852788858716]",-1,2
14477,[0.32751485 0.55766301],3,7,"[0.2817018170798153, 0.5849768676672948]",1983,-1
14478,[0.70309504 0.74919976],1,-1,-1,319,0
14479,[0.56526334 0.58777795],9,2,"[0.5921204552873188, 0.6383928111301557]",-1,6
14480,[0.23709036 0.54485155],7,7,"[0.2817018170798153, 0.5849768676672948]",1411,-1
14481,[0.48204447 0.37239702],6,-1,-1,-1,-1
14482,[0.32301386 0.39901754],2,-1,-1,-1,-1
14483,[0.61511714 0.73303797],1,-1,-1,-1,-1
14484,[0.61537476 0.73850723],9,-1,-1,-1,-1
14485,[0.42542633 0.2562336 ],6,-1,-1,-1,-1
14486,[0.37177909 0.67597623],3,-1,-1,-1,-1
14487,[0.39890427 0.42008169],6,-1,-1,-1,-1
14488,[0.20879755 0.32322218],6,5,"[0.23231087327800656, 0.30304944505444303]",-1,-1
14489,[0.34336211 0.54476119],4,0,"[0.383291892093257, 0.5586820702346661]",-1,-1
14490,[0.29475858 0.61196665],7,7,"[0.2817018170798153, 0.5849768676672948]",956,-1
14491,[0.67986984 0.56059709],8,-1,-1,-1,-1
14492,[0.37915661 0.26470273],2,-1,-1,-1,-1
14493,[0.26286227 0.51119244],7,8,"[0.27392971195344684, 0.45973140540928376]",-1,-1
14494,[0.74512775 0.3694187 ],8,-1,-1,60,-1
14495,[0.38896406 0.65111238],3,-1,-1,536,-1
14496,[0.31063679 0.30596907],0,-1,-1,1647,-1
14497,[0.76127138 0.53225429],8,-1,-1,-1,-1
14498,[0.75212199 0.52308457],8,-1,-1,-1,-1
14499,[0.76008036 0.75758889],1,4,"[0.7726811996944247, 0.7249303226766757]",-1,0
14500,[0.38313441 0.63690351],4,-1,-1,785,-1
14501,[0.57483616 0.61725397],9,2,"[0.5921204552873188, 0.6383928111301557]",-1,-1
14502,[0.68115704 0.47878603],8,3,"[0.6815204869410737, 0.47689852788858716]",814,2
14503,[0.75133496 0.53758378],8,-1,-1,-1,-1
14504,[0.61382858 0.62620011],9,2,"[0.5921204552873188, 0.6383928111301557]",-1,-1
14505,[0.64537772 0.55923472],9,-1,-1,-1,-1
14506,[0.41132901 0.58088845],3,0,"[0.383291892093257, 0.5586820702346661]",-1,-1
14507,[0.29193257 0.45387609],4,8,"[0.27392971195344684, 0.45973140540928376]",1242,-1
14508,[0.41089697 0.31285154],2,1,"[0.3897435781344088, 0.3417040596068965]",925,-1
14509,[0.30673865 0.61270836],7,7,"[0.2817018170798153, 0.5849768676672948]",1762,-1
14510,[0.78578668 0.74407609],1,4,"[0.7726811996944247, 0.7249303226766757]",-1,0
14511,[0.27812865 0.59929966],4,7,"[0.2817018170798153, 0.5849768676672948]",1032,-1
14512,[0.35788149 0.36801776],6,1,"[0.3897435781344088, 0.3417040596068965]",-1,-1
14513,[0.34374903 0.5703229 ],4,0,"[0.383291892093257, 0.5586820702346661]",1878,-1
14514,[0.2950836  0.25542066],2,9,"[0.3110394802231661, 0.23517199738277297]",-1,-1
14515,[0.62248849 0.67359975],9,2,"[0.5921204552873188, 0.6383928111301557]",660,-1
14516,[0.33819786 0.63280407],4,-1,-1,1047,-1
14517,[0.30336253 0.28173071],0,9,"[0.3110394802231661, 0.23517199738277297]",1614,-1
14518,[0.32419938 0.439466  ],3,8,"[0.27392971195344684, 0.45973140540928376]",-1,-1
14519,[0.37237815 0.59766703],4,0,"[0.383291892093257, 0.5586820702346661]",-1,-1
14520,[0.37309153 0.38022   ],6,1,"[0.3897435781344088, 0.3417040596068965]",-1,-1
14521,[0.49511238 0.49639071],5,6,"[0.5164739970238864, 0.5319253761973344]",603,-1
14522,[0.58519678 0.67371906],9,2,"[0.5921204552873188, 0.6383928111301557]",-1,-1
14523,[0.95413355 0.71612521],1,-1,-1,-1,-1
14524,[0.64273405 0.54758155],9,-1,-1,-1,-1
14525,[0.48927791 0.63456145],9,-1,-1,647,-1
14526,[0.29376408 0.24835765],0,9,"[0.3110394802231661, 0.23517199738277297]",1465,-1
14527,[0.51326967 0.61089146],9,-1,-1,-1,-1
14528,[0.39385254 0.52278242],4,0,"[0.383291892093257, 0.5586820702346661]",-1,-1
14529,[0.35373199 0.34245631],6,1,"[0.3897435781344088, 0.3417040596068965]",-1,-1
14530,[0.70231736 0.69172369],1,-1,-1,-1,0
14531,[0.64686277 0.44144165],8,3,"[0.6815204869410737, 0.47689852788858716]",-1,-1
14532,[0.64569282 0.49060193],8,3,"[0.6815204869410737, 0.47689852788858716]",819,1
14533,[0.58569245 0.57938033],5,2,"[0.5921204552873188, 0.6383928111301557]",-1,-1
14534,[0.61201174 0.4702455 ],8,3,"[0.6815204869410737, 0.47689852788858716]",622,-1
14535,[0.38641883 0.25531697],6,-1,-1,-1,-1
14536,[0.37741412 0.27327045],6,1,"[0.3897435781344088, 0.3417040596068965]",1073,-1
14537,[0.27367199 0.55659649],3,7,"[0.2817018170798153, 0.5849768676672948]",-1,-1
14538,[0.5711924 0.6296701],5,2,"[0.5921204552873188, 0.6383928111301557]",1287,-1
14539,[0.20104478 0.31629431],2,5,"[0.23231087327800656, 0.30304944505444303]",-1,-1
14540,[0.61158038 0.5537366 ],9,-1,-1,-1,-1
14541,[0.27572006 0.21526845],0,9,"[0.3110394802231661, 0.23517199738277297]",-1,-1
14542,[0.4084644  0.28443911],2,1,"[0.3897435781344088, 0.3417040596068965]",922,-1
14543,[0.3152351  0.35098708],0,-1,-1,1633,8
14544,[0.2724766  0.37965894],0,-1,-1,1105,-1
14545,[0.43229428 0.53830329],5,0,"[0.383291892093257, 0.5586820702346661]",1136,-1
14546,[0.27575233 0.55658063],4,7,"[0.2817018170798153, 0.5849768676672948]",1875,-1
14547,[0.42824376 0.3521504 ],6,1,"[0.3897435781344088, 0.3417040596068965]",-1,-1
14548,[0.40161021 0.63766888],3,-1,-1,751,-1
14549,[0.3640342  0.29340126],6,1,"[0.3897435781344088, 0.3417040596068965]",1542,-1
14550,[0.59727363 0.57325885],5,2,"[0.5921204552873188, 0.6383928111301557]",-1,5
14551,[0.29661033 0.39720975],2,8,"[0.27392971195344684, 0.45973140540928376]",1067,-1
14552,[0.44333216 0.48642366],3,-1,-1,-1,-1
14553,[0.22932319 0.30150259],2,5,"[0.23231087327800656, 0.30304944505444303]",1468,-1
14554,[0.55351359 0.47855368],5,6,"[0.5164739970238864, 0.5319253761973344]",744,-1
14555,[0.57611116 0.46261381],5,-1,-1,-1,-1
14556,[0.76318972 0.65153077],1,-1,-1,325,0
14557,[0.72347247 0.57969483],9,-1,-1,-1,-1
14558,[0.60614616 0.55839825],5,-1,-1,-1,-1
14559,[0.56103607 0.61844969],9,2,"[0.5921204552873188, 0.6383928111301557]",-1,-1
14560,[0.68468985 0.54608548],8,3,"[0.6815204869410737, 0.47689852788858716]",673,-1
14561,[0.60647696 0.45367475],8,-1,-1,-1,-1
14562,[0.32941635 0.44145863],7,8,"[0.27392971195344684, 0.45973140540928376]",941,-1
14563,[0.31946469 0.34534922],6,-1,-1,-1,8
14564,[0.38009513 0.37385905],6,1,"[0.3897435781344088, 0.3417040596068965]",-1,-1
14565,[0.31706436 0.48325813],4,8,"[0.27392971195344684, 0.45973140540928376]",1869,-1
14566,[0.34049665 0.53626408],4,0,"[0.383291892093257, 0.5586820702346661]",1954,16
14567,[0.35987774 0.67019246],4,-1,-1,-1,-1
14568,[0.24184677 0.27793545],2,5,"[0.23231087327800656, 0.30304944505444303]",1531,-1
14569,[0.66141212 0.50973472],5,3,"[0.6815204869410737, 0.47689852788858716]",782,2
14570,[0.5593059  0.59778939],9,2,"[0.5921204552873188, 0.6383928111301557]",1342,-1
14571,[0.30693378 0.27309108],2,9,"[0.3110394802231661, 0.23517199738277297]",1511,-1
14572,[0.23736305 0.37202562],2,5,"[0.23231087327800656, 0.30304944505444303]",-1,-1
14573,[0.38689687 0.35864483],6,1,"[0.3897435781344088, 0.3417040596068965]",-1,-1
14574,[0.34162452 0.35744119],6,1,"[0.3897435781344088, 0.3417040596068965]",-1,-1
14575,[0.21265035 0.34717704],0,5,"[0.23231087327800656, 0.30304944505444303]",1128,-1
14576,[0.22268162 0.33186232],0,5,"[0.23231087327800656, 0.30304944505444303]",1338,-1
14577,[0.40604614 0.25400825],2,-1,-1,-1,-1
14578,[0.20841492 0.26702511],0,5,"[0.23231087327800656, 0.30304944505444303]",1111,-1
14579,[0.2368517  0.51542368],7,8,"[0.27392971195344684, 0.45973140540928376]",-1,-1
14580,[0.19694281 0.17571556],2,-1,-1,99,-1
14581,[0.43864975 0.39921365],6,-1,-1,426,-1
14582,[0.56005024 0.67311833],9,2,"[0.5921204552873188, 0.6383928111301557]",-1,-1
14583,[0.52863435 0.4946533 ],5,6,"[0.5164739970238864, 0.5319253761973344]",-1,-1
14584,[0.71323357 0.6645708 ],1,-1,-1,358,0
14585,[0.34197    0.63706422],4,-1,-1,-1,-1
14586,[0.22228454 0.51859542],7,-1,-1,1090,-1
14587,[0.36522778 0.28482718],6,1,"[0.3897435781344088, 0.3417040596068965]",1172,-1
14588,[0.8146051  0.70675783],1,4,"[0.7726811996944247, 0.7249303226766757]",-1,0
14589,[0.22076721 0.20448996],0,-1,-1,374,-1
14590,[0.73332178 0.75647446],1,4,"[0.7726811996944247, 0.7249303226766757]",-1,0
14591,[0.38065904 0.36809259],6,1,"[0.3897435781344088, 0.3417040596068965]",1062,-1
14592,[0.17895494 0.60208362],4,-1,-1,-1,-1
14593,[0.5731961  0.49187529],5,6,"[0.5164739970238864, 0.5319253761973344]",-1,-1
14594,[0.78405844 0.73001692],1,4,"[0.7726811996944247, 0.7249303226766757]",474,0
14595,[0.64935729 0.65971764],9,2,"[0.5921204552873188, 0.6383928111301557]",643,-1
14596,[0.74198212 0.68999836],1,4,"[0.7726811996944247, 0.7249303226766757]",440,0
14597,[0.59515801 0.59325995],5,2,"[0.5921204552873188, 0.6383928111301557]",1318,-1
14598,[0.52277536 0.55869912],5,6,"[0.5164739970238864, 0.5319253761973344]",-1,-1
14599,[0.78945476 0.69178017],1,4,"[0.7726811996944247, 0.7249303226766757]",448,0
14600,[0.32005463 0.39209472],6,-1,-1,-1,-1
14601,[0.43704603 0.61365171],3,-1,-1,-1,-1
14602,[0.60429125 0.70123462],9,2,"[0.5921204552873188, 0.6383928111301557]",-1,-1
14603,[0.62829469 0.54750923],9,-1,-1,1100,-1
14604,[0.73442478 0.67735085],1,4,"[0.7726811996944247, 0.7249303226766757]",409,0
14605,[0.71470919 0.74400208],1,4,"[0.7726811996944247, 0.7249303226766757]",416,0
14606,[0.61306049 0.5919881 ],9,2,"[0.5921204552873188, 0.6383928111301557]",-1,-1
14607,[0.2120772 0.574987 ],7,-1,-1,-1,-1
14608,[0.25228294 0.27112543],0,5,"[0.23231087327800656, 0.30304944505444303]",1541,-1
14609,[0.38033448 0.6851879 ],3,-1,-1,-1,-1
14610,[0.36138404 0.4826675 ],7,-1,-1,-1,-1
14611,[0.37570125 0.27510236],6,1,"[0.3897435781344088, 0.3417040596068965]",-1,-1
14612,[0.62100857 0.58602802],9,2,"[0.5921204552873188, 0.6383928111301557]",1204,-1
14613,[0.57780198 0.4029312 ],5,-1,-1,114,-1
14614,[0.57831165 0.4270624 ],8,-1,-1,252,-1
14615,[0.14788342 0.24050492],0,-1,-1,-1,-1
14616,[0.40121277 0.54463678],4,0,"[0.383291892093257, 0.5586820702346661]",1631,-1
14617,[0.41745019 0.61233979],3,0,"[0.383291892093257, 0.5586820702346661]",1473,-1
14618,[0.57283259 0.71919758],5,-1,-1,-1,-1
14619,[0.34462855 0.31577401],6,1,"[0.3897435781344088, 0.3417040596068965]",1525,-1
14620,[0.32692409 0.52199435],4,0,"[0.383291892093257, 0.5586820702346661]",1905,-1
14621,[0.36784762 0.55935541],7,0,"[0.383291892093257, 0.5586820702346661]",1856,-1
14622,[0.65836492 0.69733366],9,-1,-1,-1,-1
14623,[0.34465358 0.4478898 ],4,-1,-1,-1,-1
14624,[0.51683319 0.39459505],5,-1,-1,44,-1
14625,[0.32065526 0.4095479 ],2,8,"[0.27392971195344684, 0.45973140540928376]",-1,-1
14626,[0.36313242 0.3261801 ],6,1,"[0.3897435781344088, 0.3417040596068965]",-1,-1
14627,[0.52196798 0.61469794],5,-1,-1,-1,-1
14628,[0.68740456 0.43745411],8,3,"[0.6815204869410737, 0.47689852788858716]",611,-1
14629,[0.32782894 0.4824554 ],6,8,"[0.27392971195344684, 0.45973140540928376]",-1,-1
14630,[0.30299661 0.47922698],7,8,"[0.27392971195344684, 0.45973140540928376]",-1,-1
14631,[0.24718507 0.34485983],2,5,"[0.23231087327800656, 0.30304944505444303]",1565,-1
14632,[0.61753834 0.65844121],9,2,"[0.5921204552873188, 0.6383928111301557]",-1,-1
14633,[0.57880386 0.64064231],9,2,"[0.5921204552873188, 0.6383928111301557]",-1,-1
14634,[0.27175533 0.6450281 ],4,7,"[0.2817018170798153, 0.5849768676672948]",192,-1
14635,[0.78129448 0.70135486],1,4,"[0.7726811996944247, 0.7249303226766757]",-1,0
14636,[0.52867039 0.7790421 ],9,-1,-1,-1,-1
14637,[0.59013624 0.66728724],9,2,"[0.5921204552873188, 0.6383928111301557]",1125,-1
14638,[0.23626954 0.30402447],2,5,"[0.23231087327800656, 0.30304944505444303]",-1,-1
14639,[0.36727948 0.44118671],6,-1,-1,-1,-1
14640,[0.26208202 0.31938825],0,5,"[0.23231087327800656, 0.30304944505444303]",1518,-1
14641,[0.7016975  0.73234985],1,-1,-1,383,0
14642,[0.36634995 0.5901306 ],4,0,"[0.383291892093257, 0.5586820702346661]",-1,12
14643,[0.48167542 0.61419945],5,-1,-1,737,-1
14644,[0.80618856 0.7359118 ],1,4,"[0.7726811996944247, 0.7249303226766757]",-1,0
14645,[0.35497848 0.53837152],3,0,"[0.383291892093257, 0.5586820702346661]",-1,-1
14646,[0.76978506 0.4248964 ],8,-1,-1,75,-1
14647,[0.2290468  0.37128285],7,5,"[0.23231087327800656, 0.30304944505444303]",-1,-1
14648,[0.41808506 0.25822106],6,-1,-1,610,-1
14649,[0.74175395 0.74303841],1,4,"[0.7726811996944247, 0.7249303226766757]",454,0
14650,[0.73072638 0.60724598],8,-1,-1,-1,-1
14651,[0.35406882 0.57604392],4,0,"[0.383291892093257, 0.5586820702346661]",-1,-1
14652,[0.46613926 0.40609291],5,-1,-1,207,-1
14653,[0.53440063 0.5924257 ],5,6,"[0.5164739970238864, 0.5319253761973344]",-1,-1
14654,[0.70018202 0.73192292],1,-1,-1,-1,0
14655,[0.58929524 0.63330055],5,2,"[0.5921204552873188, 0.6383928111301557]",1337,-1
14656,[0.32037671 0.15535041],0,-1,-1,-1,-1
14657,[0.74394508 0.49981462],8,3,"[0.6815204869410737, 0.47689852788858716]",-1,-1
14658,[0.86304234 0.6649254 ],1,-1,-1,81,-1
14659,[0.55137205 0.46715652],5,-1,-1,757,-1
14660,[0.54808196 0.59001206],5,2,"[0.5921204552873188, 0.6383928111301557]",1433,6
14661,[0.56259754 0.55125256],9,6,"[0.5164739970238864, 0.5319253761973344]",-1,6
14662,[0.6482088  0.65843914],9,2,"[0.5921204552873188, 0.6383928111301557]",643,-1
14663,[0.77445838 0.66375146],1,4,"[0.7726811996944247, 0.7249303226766757]",-1,0
14664,[0.74355177 0.46133905],8,3,"[0.6815204869410737, 0.47689852788858716]",-1,-1
14665,[0.34793826 0.59818849],4,0,"[0.383291892093257, 0.5586820702346661]",1833,-1
14666,[0.60309051 0.55480221],5,-1,-1,-1,-1
14667,[0.35502231 0.5453581 ],7,0,"[0.383291892093257, 0.5586820702346661]",-1,-1
14668,[0.77377912 0.77989223],1,4,"[0.7726811996944247, 0.7249303226766757]",-1,0
14669,[0.85578198 0.66233104],1,-1,-1,-1,-1
14670,[0.22436321 0.22049964],2,-1,-1,871,-1
14671,[0.37154509 0.20095281],6,9,"[0.3110394802231661, 0.23517199738277297]",-1,-1
14672,[0.31459532 0.5974101 ],4,7,"[0.2817018170798153, 0.5849768676672948]",1937,-1
14673,[0.39098937 0.56673254],3,0,"[0.383291892093257, 0.5586820702346661]",1771,-1
14674,[0.26031444 0.55548189],4,7,"[0.2817018170798153, 0.5849768676672948]",-1,-1
14675,[0.21429037 0.32878576],2,5,"[0.23231087327800656, 0.30304944505444303]",1038,-1
14676,[0.45900713 0.32724533],6,-1,-1,-1,-1
14677,[0.32289394 0.3458336 ],0,1,"[0.3897435781344088, 0.3417040596068965]",-1,-1
14678,[0.2745163  0.44758426],7,8,"[0.27392971195344684, 0.45973140540928376]",1251,-1
14679,[0.71549354 0.74767668],1,4,"[0.7726811996944247, 0.7249303226766757]",345,0
14680,[0.36334199 0.30221572],6,1,"[0.3897435781344088, 0.3417040596068965]",1543,-1
14681,[0.5286434  0.66497125],9,2,"[0.5921204552873188, 0.6383928111301557]",-1,-1
14682,[0.28382806 0.37354201],2,-1,-1,-1,-1
14683,[0.3390377 0.145894 ],0,-1,-1,-1,-1
14684,[0.54579572 0.63147296],5,2,"[0.5921204552873188, 0.6383928111301557]",-1,-1
14685,[0.30107321 0.39369988],2,-1,-1,1067,-1
14686,[0.52651923 0.51048744],3,6,"[0.5164739970238864, 0.5319253761973344]",1176,-1
14687,[0.38782023 0.5092621 ],7,0,"[0.383291892093257, 0.5586820702346661]",-1,-1
14688,[0.49429295 0.38207147],5,-1,-1,-1,-1
14689,[0.55052882 0.50156849],5,6,"[0.5164739970238864, 0.5319253761973344]",792,-1
14690,[0.53330147 0.55739671],5,6,"[0.5164739970238864, 0.5319253761973344]",1359,-1
14691,[0.21894414 0.20327986],0,-1,-1,374,-1
14692,[0.31685822 0.27289834],0,9,"[0.3110394802231661, 0.23517199738277297]",1506,-1
14693,[0.22383313 0.52966138],4,-1,-1,-1,-1
14694,[0.40807913 0.39717116],6,1,"[0.3897435781344088, 0.3417040596068965]",758,-1
14695,[0.6731432  0.74253055],1,-1,-1,197,0
14696,[0.27603563 0.35507284],6,5,"[0.23231087327800656, 0.30304944505444303]",-1,-1
14697,[0.41971757 0.20502009],6,-1,-1,-1,-1
14698,[0.42051607 0.62245833],4,-1,-1,-1,-1
14699,[0.33189426 0.23915658],0,9,"[0.3110394802231661, 0.23517199738277297]",1001,-1
14700,[0.50338078 0.51514582],5,6,"[0.5164739970238864, 0.5319253761973344]",890,-1
14701,[0.52023741 0.69244361],9,-1,-1,-1,-1
14702,[0.21182804 0.32279369],0,5,"[0.23231087327800656, 0.30304944505444303]",1038,-1
14703,[0.33230914 0.50513017],4,-1,-1,-1,-1
14704,[0.42532333 0.33747432],2,1,"[0.3897435781344088, 0.3417040596068965]",974,-1
14705,[0.37107155 0.30805126],6,1,"[0.3897435781344088, 0.3417040596068965]",1472,-1
14706,[0.72247206 0.67205397],1,-1,-1,357,0
14707,[0.31788279 0.25235885],0,9,"[0.3110394802231661, 0.23517199738277297]",-1,-1
14708,[0.75198556 0.69462471],1,4,"[0.7726811996944247, 0.7249303226766757]",-1,0
14709,[0.18192399 0.3060078 ],0,5,"[0.23231087327800656, 0.30304944505444303]",549,-1
14710,[0.83237494 0.80752226],1,-1,-1,-1,0
14711,[0.76326061 0.71211625],1,4,"[0.7726811996944247, 0.7249303226766757]",467,0
14712,[0.39317733 0.42443522],6,-1,-1,-1,-1
14713,[0.47808031 0.42164768],3,-1,-1,-1,-1
14714,[0.58990132 0.50729108],5,-1,-1,841,-1
14715,[0.46521871 0.34909095],6,-1,-1,531,-1
14716,[0.40161909 0.5436545 ],3,0,"[0.383291892093257, 0.5586820702346661]",1631,-1
14717,[0.24834489 0.46105152],4,8,"[0.27392971195344684, 0.45973140540928376]",1148,-1
14718,[0.25883358 0.48117538],7,8,"[0.27392971195344684, 0.45973140540928376]",1709,-1
14719,[0.31873712 0.48742504],4,8,"[0.27392971195344684, 0.45973140540928376]",-1,-1
14720,[0.36334013 0.34321486],2,1,"[0.3897435781344088, 0.3417040596068965]",-1,-1
14721,[0.3821411  0.35303596],6,1,"[0.3897435781344088, 0.3417040596068965]",1086,-1
14722,[0.58562894 0.52450812],8,6,"[0.5164739970238864, 0.5319253761973344]",1102,-1
14723,[0.32873163 0.19688128],0,9,"[0.3110394802231661, 0.23517199738277297]",256,-1
14724,[0.39658213 0.63072826],4,-1,-1,751,-1
14725,[0.73004763 0.58321137],8,-1,-1,55,-1
14726,[0.40129374 0.38847699],6,1,"[0.3897435781344088, 0.3417040596068965]",762,-1
14727,[0.40295779 0.59617049],3,0,"[0.383291892093257, 0.5586820702346661]",1724,-1
14728,[0.78250493 0.53167889],8,-1,-1,-1,-1
14729,[0.30787171 0.2835784 ],2,9,"[0.3110394802231661, 0.23517199738277297]",1614,-1
14730,[0.47600524 0.64955001],3,-1,-1,-1,-1
14731,[0.30766607 0.30775822],2,-1,-1,1647,-1
14732,[0.3468422  0.60372473],7,0,"[0.383291892093257, 0.5586820702346661]",-1,-1
14733,[0.39970071 0.56748325],3,0,"[0.383291892093257, 0.5586820702346661]",-1,-1
14734,[0.5618674 0.7108481],9,-1,-1,-1,-1
14735,[0.64837206 0.44767893],8,3,"[0.6815204869410737, 0.47689852788858716]",-1,-1
14736,[0.62037272 0.51919577],8,-1,-1,-1,-1
14737,[0.51618582 0.61604902],9,-1,-1,1144,-1
14738,[0.26977318 0.51196011],4,8,"[0.27392971195344684, 0.45973140540928376]",-1,-1
14739,[0.49714714 0.55699711],5,6,"[0.5164739970238864, 0.5319253761973344]",-1,-1
14740,[0.38553852 0.48231809],3,-1,-1,1042,-1
14741,[0.27346012 0.31534884],2,5,"[0.23231087327800656, 0.30304944505444303]",1585,9
14742,[0.3565493  0.45216101],7,-1,-1,860,-1
14743,[0.31911709 0.50852455],4,8,"[0.27392971195344684, 0.45973140540928376]",1922,15
14744,[0.38401394 0.33412624],6,1,"[0.3897435781344088, 0.3417040596068965]",1476,-1
14745,[0.20179211 0.39679985],2,-1,-1,-1,-1
14746,[0.38466654 0.37287529],6,1,"[0.3897435781344088, 0.3417040596068965]",-1,-1
14747,[0.77937834 0.68513535],1,4,"[0.7726811996944247, 0.7249303226766757]",-1,0
14748,[0.55352555 0.53872239],8,6,"[0.5164739970238864, 0.5319253761973344]",1409,-1
14749,[0.27221161 0.32860504],2,5,"[0.23231087327800656, 0.30304944505444303]",-1,9
14750,[0.50285678 0.50187613],5,6,"[0.5164739970238864, 0.5319253761973344]",725,-1
14751,[0.72048286 0.69939454],1,4,"[0.7726811996944247, 0.7249303226766757]",-1,0
14752,[0.85161144 0.73630222],1,-1,-1,-1,0
14753,[0.59405205 0.5229988 ],8,-1,-1,1102,-1
14754,[0.19200226 0.296037  ],0,5,"[0.23231087327800656, 0.30304944505444303]",933,-1
14755,[0.29250157 0.30539673],0,5,"[0.23231087327800656, 0.30304944505444303]",-1,-1
14756,[0.49024668 0.49664694],5,6,"[0.5164739970238864, 0.5319253761973344]",-1,-1
14757,[0.45528608 0.6257363 ],5,-1,-1,705,-1
14758,[0.36014252 0.45357773],7,-1,-1,860,-1
14759,[0.46507646 0.61156964],5,-1,-1,-1,-1
14760,[0.53168832 0.67389263],9,-1,-1,642,-1
14761,[0.63630047 0.76037702],1,-1,-1,-1,-1
14762,[0.19504871 0.29568931],0,5,"[0.23231087327800656, 0.30304944505444303]",933,-1
14763,[0.35905431 0.44980726],3,-1,-1,-1,-1
14764,[0.44369437 0.33796014],6,1,"[0.3897435781344088, 0.3417040596068965]",788,-1
14765,[0.35720744 0.31439471],2,1,"[0.3897435781344088, 0.3417040596068965]",-1,-1
14766,[0.40125499 0.64049933],4,-1,-1,-1,-1
14767,[0.56104113 0.56604705],5,6,"[0.5164739970238864, 0.5319253761973344]",-1,-1
14768,[0.75968389 0.50059729],8,-1,-1,188,-1
14769,[0.65574753 0.45087284],8,3,"[0.6815204869410737, 0.47689852788858716]",-1,-1
14770,[0.62195166 0.60842492],9,2,"[0.5921204552873188, 0.6383928111301557]",1200,-1
14771,[0.29846883 0.269357  ],0,9,"[0.3110394802231661, 0.23517199738277297]",-1,-1
14772,[0.24782518 0.49165504],7,8,"[0.27392971195344684, 0.45973140540928376]",1735,-1
14773,[0.69224599 0.40407498],8,-1,-1,509,-1
14774,[0.27864701 0.18188836],0,9,"[0.3110394802231661, 0.23517199738277297]",355,-1
14775,[0.3397842  0.55949525],4,0,"[0.383291892093257, 0.5586820702346661]",-1,-1
14776,[0.62980203 0.57082999],9,-1,-1,1195,-1
14777,[0.20864779 0.20619418],0,-1,-1,244,-1
14778,[0.299036   0.50401488],7,8,"[0.27392971195344684, 0.45973140540928376]",1889,-1
14779,[0.33095877 0.51846581],3,0,"[0.383291892093257, 0.5586820702346661]",1904,-1
14780,[0.50782178 0.6594975 ],5,-1,-1,729,-1
14781,[0.27293572 0.29770287],2,5,"[0.23231087327800656, 0.30304944505444303]",1654,-1
14782,[0.55641322 0.49248804],8,6,"[0.5164739970238864, 0.5319253761973344]",845,-1
14783,[0.54020877 0.60056493],5,2,"[0.5921204552873188, 0.6383928111301557]",-1,-1
14784,[0.73918957 0.70703517],1,4,"[0.7726811996944247, 0.7249303226766757]",436,0
14785,[0.30072985 0.24870537],0,9,"[0.3110394802231661, 0.23517199738277297]",1202,-1
14786,[0.67290831 0.55666226],8,-1,-1,671,-1
14787,[0.54939441 0.51186752],5,6,"[0.5164739970238864, 0.5319253761973344]",906,-1
14788,[0.75667928 0.79442628],1,-1,-1,340,0
14789,[0.3342528  0.56369439],3,0,"[0.383291892093257, 0.5586820702346661]",1975,-1
14790,[0.31381471 0.24209825],0,9,"[0.3110394802231661, 0.23517199738277297]",-1,-1
14791,[0.29626252 0.59801279],4,7,"[0.2817018170798153, 0.5849768676672948]",-1,-1
14792,[0.41496312 0.56391734],3,0,"[0.383291892093257, 0.5586820702346661]",1736,-1
14793,[0.63849286 0.40655145],8,-1,-1,265,-1
14794,[0.37192324 0.26342762],2,9,"[0.3110394802231661, 0.23517199738277297]",1101,-1
14795,[0.55548096 0.50123187],8,6,"[0.5164739970238864, 0.5319253761973344]",-1,-1
14796,[0.4112305  0.48673769],4,-1,-1,1058,-1
14797,[0.44212056 0.34887377],6,1,"[0.3897435781344088, 0.3417040596068965]",-1,-1
14798,[0.38748591 0.26028968],2,-1,-1,790,-1
14799,[0.75322442 0.74071209],1,4,"[0.7726811996944247, 0.7249303226766757]",451,0
14800,[0.28391171 0.4687801 ],7,8,"[0.27392971195344684, 0.45973140540928376]",-1,-1
14801,[0.21922459 0.40020978],7,-1,-1,502,-1
14802,[0.59360209 0.65103681],9,2,"[0.5921204552873188, 0.6383928111301557]",-1,-1
14803,[0.39180451 0.65352411],3,-1,-1,536,-1
14804,[0.71761205 0.53428971],8,3,"[0.6815204869410737, 0.47689852788858716]",516,-1
14805,[0.23641458 0.50839711],7,8,"[0.27392971195344684, 0.45973140540928376]",1552,-1
14806,[0.28826405 0.31448263],2,5,"[0.23231087327800656, 0.30304944505444303]",1605,-1
14807,[0.6130494  0.46060709],8,-1,-1,-1,-1
14808,[0.71171652 0.60394286],9,-1,-1,-1,-1
14809,[0.70019283 0.48727774],8,3,"[0.6815204869410737, 0.47689852788858716]",-1,2
14810,[0.2979993  0.32582897],2,5,"[0.23231087327800656, 0.30304944505444303]",1661,-1
14811,[0.30834262 0.38204747],6,-1,-1,-1,-1
14812,[0.84734011 0.82100376],1,-1,-1,-1,-1
14813,[0.33328889 0.55759139],7,0,"[0.383291892093257, 0.5586820702346661]",1971,-1
14814,[0.37475811 0.58418331],3,0,"[0.383291892093257, 0.5586820702346661]",1867,12
14815,[0.26517737 0.56167919],7,7,"[0.2817018170798153, 0.5849768676672948]",-1,-1
14816,[0.28204987 0.28992226],0,5,"[0.23231087327800656, 0.30304944505444303]",1687,11
14817,[0.73562114 0.74412495],1,4,"[0.7726811996944247, 0.7249303226766757]",452,0
14818,[0.29328684 0.47299215],7,8,"[0.27392971195344684, 0.45973140540928376]",1731,-1
14819,[0.2261828  0.45190105],7,8,"[0.27392971195344684, 0.45973140540928376]",587,-1
14820,[0.37319064 0.46604076],6,-1,-1,1055,-1
14821,[0.66403388 0.51590382],8,3,"[0.6815204869410737, 0.47689852788858716]",-1,-1
14822,[0.24990224 0.28848272],2,5,"[0.23231087327800656, 0.30304944505444303]",-1,-1
14823,[0.27257078 0.59287887],7,7,"[0.2817018170798153, 0.5849768676672948]",-1,-1
14824,[0.21879312 0.5081086 ],7,-1,-1,-1,-1
14825,[0.56845795 0.57583843],5,2,"[0.5921204552873188, 0.6383928111301557]",1458,6
14826,[0.38150415 0.57966938],3,0,"[0.383291892093257, 0.5586820702346661]",-1,-1
14827,[0.38757387 0.58363192],3,0,"[0.383291892093257, 0.5586820702346661]",-1,-1
14828,[0.44928627 0.36345815],6,1,"[0.3897435781344088, 0.3417040596068965]",-1,-1
14829,[0.24652612 0.35391392],2,5,"[0.23231087327800656, 0.30304944505444303]",1570,-1
14830,[0.27253525 0.44194973],7,8,"[0.27392971195344684, 0.45973140540928376]",-1,-1
14831,[0.26996599 0.23315788],0,9,"[0.3110394802231661, 0.23517199738277297]",-1,-1
14832,[0.47062159 0.53355188],5,6,"[0.5164739970238864, 0.5319253761973344]",-1,-1
14833,[0.42457589 0.37742223],6,1,"[0.3897435781344088, 0.3417040596068965]",681,-1
14834,[0.23236551 0.32428126],0,5,"[0.23231087327800656, 0.30304944505444303]",-1,-1
14835,[0.26652872 0.40975179],2,8,"[0.27392971195344684, 0.45973140540928376]",1007,-1
14836,[0.30553758 0.2531353 ],0,9,"[0.3110394802231661, 0.23517199738277297]",-1,-1
14837,[0.52615687 0.65118327],9,2,"[0.5921204552873188, 0.6383928111301557]",1199,-1
14838,[0.33973571 0.34564481],6,1,"[0.3897435781344088, 0.3417040596068965]",-1,-1
14839,[0.5970142  0.43258564],8,-1,-1,-1,-1
14840,[0.72961355 0.44476241],8,3,"[0.6815204869410737, 0.47689852788858716]",-1,-1
14841,[0.23692868 0.22381032],0,-1,-1,-1,-1
14842,[0.37010076 0.4389922 ],6,-1,-1,879,-1
14843,[0.76694997 0.73062903],1,4,"[0.7726811996944247, 0.7249303226766757]",469,0
14844,[0.75589102 0.40184814],8,-1,-1,-1,-1
14845,[0.59455873 0.47309665],8,-1,-1,-1,-1
14846,[0.26967813 0.30215851],2,5,"[0.23231087327800656, 0.30304944505444303]",1656,-1
14847,[0.30729454 0.49411289],7,8,"[0.27392971195344684, 0.45973140540928376]",1888,-1
14848,[0.39586511 0.36550713],6,1,"[0.3897435781344088, 0.3417040596068965]",1061,-1
14849,[0.24904376 0.3460763 ],0,5,"[0.23231087327800656, 0.30304944505444303]",-1,-1
14850,[0.8285107  0.73866791],1,4,"[0.7726811996944247, 0.7249303226766757]",-1,0
14851,[0.35699139 0.6662218 ],4,-1,-1,-1,-1
14852,[0.73025248 0.73043797],1,4,"[0.7726811996944247, 0.7249303226766757]",381,0
14853,[0.32078816 0.63387379],4,7,"[0.2817018170798153, 0.5849768676672948]",-1,-1
14854,[0.77195842 0.45451564],8,-1,-1,92,-1
14855,[0.26917466 0.13541329],0,-1,-1,56,-1
14856,[0.3075867  0.44726033],4,8,"[0.27392971195344684, 0.45973140540928376]",-1,-1
14857,[0.48077918 0.280758  ],6,-1,-1,272,-1
14858,[0.45596382 0.59448929],3,-1,-1,1238,4
14859,[0.5889852  0.60663278],9,2,"[0.5921204552873188, 0.6383928111301557]",1428,-1
14860,[0.43701554 0.34268311],6,1,"[0.3897435781344088, 0.3417040596068965]",793,-1
14861,[0.38384151 0.63832566],4,-1,-1,785,-1
14862,[0.2690933  0.46952225],7,8,"[0.27392971195344684, 0.45973140540928376]",-1,-1
14863,[0.3038957  0.47698911],7,8,"[0.27392971195344684, 0.45973140540928376]",-1,-1
14864,[0.55737889 0.57672629],5,6,"[0.5164739970238864, 0.5319253761973344]",1451,6
14865,[0.39763629 0.53301336],3,0,"[0.383291892093257, 0.5586820702346661]",-1,-1
14866,[0.42808171 0.56140565],3,0,"[0.383291892093257, 0.5586820702346661]",1224,-1
14867,[0.32743785 0.46824844],4,8,"[0.27392971195344684, 0.45973140540928376]",1523,-1
14868,[0.72684388 0.42810846],8,3,"[0.6815204869410737, 0.47689852788858716]",-1,-1
14869,[0.71756209 0.60851037],9,-1,-1,-1,-1
14870,[0.73120714 0.31989953],8,-1,-1,-1,-1
14871,[0.6553781  0.60263197],9,-1,-1,-1,-1
14872,[0.25726413 0.5212264 ],7,8,"[0.27392971195344684, 0.45973140540928376]",-1,-1
14873,[0.4777916  0.60745684],5,-1,-1,-1,-1
14874,[0.2811286  0.38348182],2,-1,-1,1098,-1
14875,[0.40709529 0.4926673 ],5,-1,-1,1456,-1
14876,[0.43866642 0.36385968],6,1,"[0.3897435781344088, 0.3417040596068965]",-1,-1
14877,[0.35717679 0.63846092],3,-1,-1,1206,-1
14878,[0.45152934 0.55503045],3,0,"[0.383291892093257, 0.5586820702346661]",-1,-1
14879,[0.54658809 0.53137643],9,6,"[0.5164739970238864, 0.5319253761973344]",-1,-1
14880,[0.40747333 0.46411129],3,-1,-1,578,-1
14881,[0.76086927 0.78541763],1,4,"[0.7726811996944247, 0.7249303226766757]",-1,0
14882,[0.746378   0.69741306],9,4,"[0.7726811996944247, 0.7249303226766757]",435,0
14883,[0.52692355 0.66823891],9,-1,-1,919,-1
14884,[0.28074599 0.37502814],2,-1,-1,-1,-1
14885,[0.438661   0.35572712],6,1,"[0.3897435781344088, 0.3417040596068965]",-1,-1
14886,[0.78441103 0.75423005],1,4,"[0.7726811996944247, 0.7249303226766757]",-1,0
14887,[0.70093017 0.73255997],1,-1,-1,-1,0
14888,[0.39786146 0.56663149],3,0,"[0.383291892093257, 0.5586820702346661]",-1,-1
14889,[0.30348187 0.51276757],3,8,"[0.27392971195344684, 0.45973140540928376]",-1,-1
14890,[0.74075443 0.74481278],1,4,"[0.7726811996944247, 0.7249303226766757]",454,0
14891,[0.2753584  0.51416899],7,8,"[0.27392971195344684, 0.45973140540928376]",1887,14
14892,[0.21752463 0.58233771],7,7,"[0.2817018170798153, 0.5849768676672948]",380,-1
14893,[0.30253019 0.3743087 ],2,-1,-1,-1,-1
14894,[0.31761569 0.28528843],0,9,"[0.3110394802231661, 0.23517199738277297]",-1,-1
14895,[0.15838835 0.53072984],7,-1,-1,53,-1
14896,[0.84410029 0.60407211],1,-1,-1,-1,-1
14897,[0.28293916 0.53212996],3,7,"[0.2817018170798153, 0.5849768676672948]",1883,14
14898,[0.326445   0.69988096],4,-1,-1,48,-1
14899,[0.22801641 0.52136052],7,-1,-1,-1,-1
14900,[0.6401399  0.53175963],8,3,"[0.6815204869410737, 0.47689852788858716]",-1,-1
14901,[0.31851284 0.53990133],4,7,"[0.2817018170798153, 0.5849768676672948]",-1,-1
14902,[0.2855631  0.25715675],2,9,"[0.3110394802231661, 0.23517199738277297]",-1,-1
14903,[0.30895556 0.52546107],7,7,"[0.2817018170798153, 0.5849768676672948]",-1,-1
14904,[0.32594277 0.21503875],0,9,"[0.3110394802231661, 0.23517199738277297]",888,-1
14905,[0.44536241 0.48342502],6,-1,-1,-1,-1
14906,[0.33495877 0.48898628],7,8,"[0.27392971195344684, 0.45973140540928376]",1827,-1
14907,[0.73932336 0.68626884],1,4,"[0.7726811996944247, 0.7249303226766757]",-1,0
14908,[0.62713845 0.67674924],9,2,"[0.5921204552873188, 0.6383928111301557]",-1,-1
14909,[0.88008922 0.78673569],1,-1,-1,26,-1
14910,[0.24334912 0.23505824],0,9,"[0.3110394802231661, 0.23517199738277297]",983,-1
14911,[0.39040346 0.40256283],6,1,"[0.3897435781344088, 0.3417040596068965]",-1,-1
14912,[0.26368961 0.3955557 ],2,8,"[0.27392971195344684, 0.45973140540928376]",945,-1
14913,[0.20614843 0.30620306],0,5,"[0.23231087327800656, 0.30304944505444303]",-1,-1
14914,[0.54676618 0.45892733],9,-1,-1,-1,-1
14915,[0.36265498 0.47371274],3,-1,-1,-1,-1
14916,[0.35554473 0.41280972],7,-1,-1,882,-1
14917,[0.59188088 0.52320654],9,-1,-1,1102,-1
14918,[0.72318556 0.74357255],1,4,"[0.7726811996944247, 0.7249303226766757]",-1,0
14919,[0.35778814 0.54556542],4,0,"[0.383291892093257, 0.5586820702346661]",-1,-1
14920,[0.46812013 0.28398871],6,-1,-1,272,-1
14921,[0.56329418 0.533808  ],9,6,"[0.5164739970238864, 0.5319253761973344]",-1,-1
14922,[0.320642   0.46123848],4,8,"[0.27392971195344684, 0.45973140540928376]",1556,-1
14923,[0.32535425 0.39628269],6,-1,-1,1215,-1
14924,[0.28355197 0.3141407 ],2,5,"[0.23231087327800656, 0.30304944505444303]",1585,-1
14925,[0.59204661 0.65118393],9,2,"[0.5921204552873188, 0.6383928111301557]",-1,-1
14926,[0.38048058 0.60681757],4,0,"[0.383291892093257, 0.5586820702346661]",-1,-1
14927,[0.59699889 0.57037407],5,2,"[0.5921204552873188, 0.6383928111301557]",1315,5
14928,[0.57672818 0.61601192],5,2,"[0.5921204552873188, 0.6383928111301557]",1419,-1
14929,[0.24007322 0.35620857],7,5,"[0.23231087327800656, 0.30304944505444303]",-1,-1
14930,[0.80562917 0.5839104 ],1,-1,-1,-1,-1
14931,[0.39432965 0.60547728],3,0,"[0.383291892093257, 0.5586820702346661]",-1,-1
14932,[0.56652313 0.43468905],8,-1,-1,251,-1
14933,[0.68312299 0.36533402],8,-1,-1,-1,-1
14934,[0.55825915 0.3288282 ],6,-1,-1,-1,-1
14935,[0.30500965 0.59676277],7,7,"[0.2817018170798153, 0.5849768676672948]",1820,-1
14936,[0.41299317 0.6300092 ],3,-1,-1,1388,-1
14937,[0.41041115 0.58082869],4,0,"[0.383291892093257, 0.5586820702346661]",1715,-1
14938,[0.64908499 0.43357279],8,3,"[0.6815204869410737, 0.47689852788858716]",783,-1
14939,[0.41926692 0.52492854],3,0,"[0.383291892093257, 0.5586820702346661]",-1,-1
14940,[0.580696   0.62061092],9,2,"[0.5921204552873188, 0.6383928111301557]",-1,-1
14941,[0.41542137 0.57767979],3,0,"[0.383291892093257, 0.5586820702346661]",-1,-1
14942,[0.34519725 0.68128824],3,-1,-1,298,-1
14943,[0.54310305 0.68853942],9,-1,-1,560,-1
14944,[0.58473115 0.58143642],9,2,"[0.5921204552873188, 0.6383928111301557]",1324,-1
14945,[0.53698648 0.64058338],9,2,"[0.5921204552873188, 0.6383928111301557]",-1,-1
14946,[0.41930807 0.55232365],7,0,"[0.383291892093257, 0.5586820702346661]",-1,-1
14947,[0.22694747 0.49231045],4,8,"[0.27392971195344684, 0.45973140540928376]",-1,-1
14948,[0.22228591 0.27132244],0,5,"[0.23231087327800656, 0.30304944505444303]",1024,-1
14949,[0.34690964 0.5881954 ],4,0,"[0.383291892093257, 0.5586820702346661]",-1,-1
14950,[0.77715155 0.84776662],1,-1,-1,21,-1
14951,[0.60967384 0.57063911],9,2,"[0.5921204552873188, 0.6383928111301557]",1273,-1
14952,[0.82888477 0.62706558],1,-1,-1,62,-1
14953,[0.32394787 0.34005406],6,1,"[0.3897435781344088, 0.3417040596068965]",-1,-1
14954,[0.32944614 0.49950022],7,8,"[0.27392971195344684, 0.45973140540928376]",1750,-1
14955,[0.65820655 0.4434382 ],8,3,"[0.6815204869410737, 0.47689852788858716]",732,-1
14956,[0.3334459  0.48195442],3,8,"[0.27392971195344684, 0.45973140540928376]",-1,-1
14957,[0.5128877  0.48993249],5,6,"[0.5164739970238864, 0.5319253761973344]",605,-1
14958,[0.73871209 0.48210461],8,3,"[0.6815204869410737, 0.47689852788858716]",773,-1
14959,[0.23464183 0.3809551 ],7,-1,-1,912,-1
14960,[0.27655233 0.36989749],2,-1,-1,1265,-1
14961,[0.34918651 0.67121834],3,-1,-1,298,-1
14962,[0.17521502 0.27784043],0,5,"[0.23231087327800656, 0.30304944505444303]",-1,-1
14963,[0.21053284 0.22059327],0,-1,-1,708,-1
14964,[0.2331969  0.28123622],2,5,"[0.23231087327800656, 0.30304944505444303]",1531,-1
14965,[0.3806284  0.67121501],3,-1,-1,702,-1
14966,[0.38163551 0.46462919],7,-1,-1,-1,-1
14967,[0.24068914 0.56192067],7,7,"[0.2817018170798153, 0.5849768676672948]",-1,-1
14968,[0.69838911 0.43306022],8,3,"[0.6815204869410737, 0.47689852788858716]",596,-1
14969,[0.70031184 0.49082854],5,3,"[0.6815204869410737, 0.47689852788858716]",-1,2
14970,[0.29175757 0.53428225],7,7,"[0.2817018170798153, 0.5849768676672948]",-1,-1
14971,[0.32297813 0.60213327],7,7,"[0.2817018170798153, 0.5849768676672948]",1939,-1
14972,[0.21002512 0.37223857],2,-1,-1,-1,-1
14973,[0.38890577 0.56900895],4,0,"[0.383291892093257, 0.5586820702346661]",1771,-1
14974,[0.34934768 0.42884883],7,-1,-1,-1,-1
14975,[0.36718026 0.49433577],3,0,"[0.383291892093257, 0.5586820702346661]",-1,-1
14976,[0.31839397 0.56979407],4,7,"[0.2817018170798153, 0.5849768676672948]",1973,-1
14977,[0.65469963 0.46415011],8,3,"[0.6815204869410737, 0.47689852788858716]",800,-1
14978,[0.62132519 0.55357551],9,-1,-1,651,-1
14979,[0.24831828 0.46317925],7,8,"[0.27392971195344684, 0.45973140540928376]",-1,-1
14980,[0.20609935 0.32900682],2,5,"[0.23231087327800656, 0.30304944505444303]",-1,-1
14981,[0.32012873 0.62650701],4,7,"[0.2817018170798153, 0.5849768676672948]",1395,-1
14982,[0.32702566 0.34197417],2,1,"[0.3897435781344088, 0.3417040596068965]",1617,-1
14983,[0.33656038 0.60827602],4,7,"[0.2817018170798153, 0.5849768676672948]",-1,-1
14984,[0.64399684 0.68414567],9,2,"[0.5921204552873188, 0.6383928111301557]",488,-1
14985,[0.60372404 0.42365509],8,-1,-1,-1,-1
14986,[0.26814681 0.59292926],3,7,"[0.2817018170798153, 0.5849768676672948]",1655,-1
14987,[0.73436207 0.7162037 ],1,4,"[0.7726811996944247, 0.7249303226766757]",-1,0
14988,[0.37120843 0.35765979],2,1,"[0.3897435781344088, 0.3417040596068965]",-1,-1
14989,[0.1658875  0.31884803],2,5,"[0.23231087327800656, 0.30304944505444303]",203,-1
14990,[0.29839208 0.23717868],0,9,"[0.3110394802231661, 0.23517199738277297]",-1,-1
14991,[0.6169192  0.39981542],8,-1,-1,70,-1
14992,[0.19767759 0.50511322],7,-1,-1,211,-1
14993,[0.30130035 0.52966776],3,7,"[0.2817018170798153, 0.5849768676672948]",-1,-1
14994,[0.35704836 0.46539976],4,-1,-1,1560,-1
14995,[0.48659389 0.62643565],5,-1,-1,647,-1
14996,[0.44540655 0.59065854],3,0,"[0.383291892093257, 0.5586820702346661]",1228,-1
14997,[0.61193258 0.49667239],5,-1,-1,843,-1
14998,[0.84354329 0.71892754],1,-1,-1,311,0
14999,[0.25631741 0.56071185],7,7,"[0.2817018170798153, 0.5849768676672948]",1705,-1
15000,[0.25913687 0.4246177 ],7,8,"[0.27392971195344684, 0.45973140540928376]",692,-1
15001,[0.5250746 0.4587391],5,-1,-1,-1,-1
15002,[0.7321839  0.52356091],8,3,"[0.6815204869410737, 0.47689852788858716]",487,-1
15003,[0.35475988 0.58388344],3,0,"[0.383291892093257, 0.5586820702346661]",1843,-1
15004,[0.42917799 0.59097807],4,0,"[0.383291892093257, 0.5586820702346661]",1703,-1
15005,[0.6890923  0.67167863],9,-1,-1,-1,-1
15006,[0.33551585 0.37618292],2,1,"[0.3897435781344088, 0.3417040596068965]",1348,-1
15007,[0.43002198 0.69769788],3,-1,-1,-1,-1
15008,[0.8084683  0.72003272],1,4,"[0.7726811996944247, 0.7249303226766757]",456,0
15009,[0.62706081 0.53164918],8,-1,-1,-1,-1
15010,[0.40312676 0.27515096],6,1,"[0.3897435781344088, 0.3417040596068965]",-1,-1
15011,[0.65405418 0.67067307],9,2,"[0.5921204552873188, 0.6383928111301557]",-1,-1
15012,[0.3138236  0.22606294],0,9,"[0.3110394802231661, 0.23517199738277297]",970,-1
15013,[0.20498343 0.20769819],0,-1,-1,244,-1
15014,[0.26852091 0.55063747],7,7,"[0.2817018170798153, 0.5849768676672948]",1698,-1
15015,[0.23900202 0.2829013 ],0,5,"[0.23231087327800656, 0.30304944505444303]",1531,-1
15016,[0.50640973 0.61455551],9,-1,-1,-1,-1
15017,[0.40237082 0.26492127],2,-1,-1,842,-1
15018,[0.75896611 0.44046524],8,-1,-1,94,-1
15019,[0.45121874 0.6649162 ],5,-1,-1,138,-1
15020,[0.49011889 0.35889467],6,-1,-1,208,-1
15021,[0.28351587 0.49113863],4,8,"[0.27392971195344684, 0.45973140540928376]",-1,-1
15022,[0.81964472 0.69768868],1,4,"[0.7726811996944247, 0.7249303226766757]",364,0
15023,[0.44971833 0.37242816],6,1,"[0.3897435781344088, 0.3417040596068965]",441,-1
15024,[0.39590462 0.61031779],3,0,"[0.383291892093257, 0.5586820702346661]",1725,-1
15025,[0.23472874 0.27809593],2,5,"[0.23231087327800656, 0.30304944505444303]",1531,-1
15026,[0.55985267 0.41842353],8,-1,-1,-1,-1
15027,[0.5311175  0.51291668],5,6,"[0.5164739970238864, 0.5319253761973344]",-1,-1
15028,[0.64259261 0.43366631],8,3,"[0.6815204869410737, 0.47689852788858716]",731,-1
15029,[0.29433681 0.26294533],0,9,"[0.3110394802231661, 0.23517199738277297]",-1,-1
15030,[0.25254976 0.58686442],3,7,"[0.2817018170798153, 0.5849768676672948]",-1,-1
15031,[0.94188931 0.71251603],1,-1,-1,-1,-1
15032,[0.36711448 0.53407655],7,0,"[0.383291892093257, 0.5586820702346661]",1934,-1
15033,[0.7749712  0.76794092],1,4,"[0.7726811996944247, 0.7249303226766757]",410,0
15034,[0.25549949 0.58847387],4,7,"[0.2817018170798153, 0.5849768676672948]",754,-1
15035,[0.34270091 0.47375994],7,-1,-1,1757,-1
15036,[0.63513286 0.71071841],9,-1,-1,283,-1
15037,[0.27679969 0.29192726],0,5,"[0.23231087327800656, 0.30304944505444303]",-1,-1
15038,[0.43641377 0.46103249],4,-1,-1,-1,-1
15039,[0.52870052 0.71728173],5,-1,-1,-1,-1
15040,[0.39082651 0.37968801],6,1,"[0.3897435781344088, 0.3417040596068965]",-1,-1
15041,[0.30302713 0.53492275],7,7,"[0.2817018170798153, 0.5849768676672948]",-1,-1
15042,[0.33958998 0.38042484],6,1,"[0.3897435781344088, 0.3417040596068965]",-1,-1
15043,[0.76752196 0.47894548],8,-1,-1,186,-1
15044,[0.39588579 0.65470587],4,-1,-1,-1,-1
15045,[0.43514995 0.38611996],2,1,"[0.3897435781344088, 0.3417040596068965]",742,-1
15046,[0.24358906 0.27413025],2,5,"[0.23231087327800656, 0.30304944505444303]",-1,-1
15047,[0.25242653 0.22841538],0,9,"[0.3110394802231661, 0.23517199738277297]",-1,-1
15048,[0.29312512 0.57344519],4,7,"[0.2817018170798153, 0.5849768676672948]",-1,-1
15049,[0.47829031 0.59165701],5,-1,-1,-1,-1
15050,[0.39861751 0.41605144],3,-1,-1,-1,-1
15051,[0.53443862 0.55965623],9,6,"[0.5164739970238864, 0.5319253761973344]",-1,-1
15052,[0.50273095 0.76616846],9,-1,-1,4,-1
15053,[0.24936814 0.5149282 ],7,8,"[0.27392971195344684, 0.45973140540928376]",-1,-1
15054,[0.7847388  0.79196353],1,4,"[0.7726811996944247, 0.7249303226766757]",-1,0
15055,[0.27207791 0.51275351],7,8,"[0.27392971195344684, 0.45973140540928376]",1887,-1
15056,[0.39296763 0.41429378],2,-1,-1,501,-1
15057,[0.71624517 0.70340915],1,4,"[0.7726811996944247, 0.7249303226766757]",-1,0
15058,[0.29299299 0.54701325],7,7,"[0.2817018170798153, 0.5849768676672948]",-1,-1
15059,[0.911184   0.69813769],1,-1,-1,-1,-1
15060,[0.68566496 0.40815865],8,3,"[0.6815204869410737, 0.47689852788858716]",-1,-1
15061,[0.30822255 0.59280401],3,7,"[0.2817018170798153, 0.5849768676672948]",1820,-1
15062,[0.29616814 0.4378727 ],2,8,"[0.27392971195344684, 0.45973140540928376]",1240,-1
15063,[0.76991468 0.69898386],1,4,"[0.7726811996944247, 0.7249303226766757]",448,0
15064,[0.22390418 0.59525056],7,7,"[0.2817018170798153, 0.5849768676672948]",246,-1
15065,[0.5384088  0.61967435],9,2,"[0.5921204552873188, 0.6383928111301557]",1270,-1
15066,[0.30850126 0.6406982 ],4,7,"[0.2817018170798153, 0.5849768676672948]",554,-1
15067,[0.44684955 0.76386351],9,-1,-1,-1,-1
15068,[0.28348482 0.42654758],7,8,"[0.27392971195344684, 0.45973140540928376]",1075,-1
15069,[0.29515271 0.40544542],0,8,"[0.27392971195344684, 0.45973140540928376]",-1,-1
15070,[0.24466014 0.35572425],0,5,"[0.23231087327800656, 0.30304944505444303]",1570,-1
15071,[0.31248325 0.54253398],7,7,"[0.2817018170798153, 0.5849768676672948]",1986,17
15072,[0.65024009 0.4977034 ],8,3,"[0.6815204869410737, 0.47689852788858716]",-1,-1
15073,[0.3709    0.5690188],3,0,"[0.383291892093257, 0.5586820702346661]",-1,12
15074,[0.70345609 0.74405832],1,-1,-1,319,0
15075,[0.66662591 0.49786629],8,3,"[0.6815204869410737, 0.47689852788858716]",796,-1
15076,[0.6393992  0.40358295],8,-1,-1,265,-1
15077,[0.75546723 0.79770859],1,-1,-1,340,0
15078,[0.24979151 0.25935329],0,5,"[0.23231087327800656, 0.30304944505444303]",1310,-1
15079,[0.60779754 0.62565757],5,2,"[0.5921204552873188, 0.6383928111301557]",-1,-1
15080,[0.67011722 0.60446174],8,-1,-1,-1,-1
15081,[0.37879528 0.57357976],3,0,"[0.383291892093257, 0.5586820702346661]",1865,-1
15082,[0.66162402 0.57462483],9,-1,-1,-1,-1
15083,[0.53869658 0.63353877],9,2,"[0.5921204552873188, 0.6383928111301557]",1262,-1
15084,[0.31403221 0.57576433],3,7,"[0.2817018170798153, 0.5849768676672948]",1961,-1
15085,[0.31533926 0.6679914 ],3,-1,-1,169,-1
15086,[0.31209922 0.32161358],0,-1,-1,1672,-1
15087,[0.58324639 0.70174058],9,2,"[0.5921204552873188, 0.6383928111301557]",523,-1
15088,[0.5339432  0.51818907],5,6,"[0.5164739970238864, 0.5319253761973344]",1173,-1
15089,[0.3952292  0.57214624],3,0,"[0.383291892093257, 0.5586820702346661]",1770,-1
15090,[0.39158974 0.49911017],3,0,"[0.383291892093257, 0.5586820702346661]",-1,-1
15091,[0.78671911 0.60373426],1,-1,-1,78,-1
15092,[0.29026487 0.34760502],2,-1,-1,1583,-1
15093,[0.72824054 0.59884094],9,-1,-1,-1,-1
15094,[0.38410978 0.47744316],7,-1,-1,771,-1
15095,[0.80558457 0.72731329],1,4,"[0.7726811996944247, 0.7249303226766757]",455,0
15096,[0.29769713 0.63450902],7,7,"[0.2817018170798153, 0.5849768676672948]",-1,-1
15097,[0.5914741  0.66293016],9,2,"[0.5921204552873188, 0.6383928111301557]",-1,-1
15098,[0.53146982 0.47924832],5,6,"[0.5164739970238864, 0.5319253761973344]",926,-1
15099,[0.65233606 0.48832749],8,3,"[0.6815204869410737, 0.47689852788858716]",-1,1
15100,[0.26254519 0.2684656 ],2,5,"[0.23231087327800656, 0.30304944505444303]",-1,-1
15101,[0.39174861 0.5361103 ],4,0,"[0.383291892093257, 0.5586820702346661]",-1,-1
15102,[0.28824562 0.22067782],0,9,"[0.3110394802231661, 0.23517199738277297]",1071,-1
15103,[0.26069887 0.53244374],4,7,"[0.2817018170798153, 0.5849768676672948]",1743,-1
15104,[0.5125312  0.45771985],5,-1,-1,601,-1
15105,[0.63082749 0.56937473],9,-1,-1,1195,-1
15106,[0.48618934 0.67086428],9,-1,-1,305,-1
15107,[0.24999202 0.30030265],0,5,"[0.23231087327800656, 0.30304944505444303]",1590,-1
15108,[0.36749932 0.6250316 ],4,0,"[0.383291892093257, 0.5586820702346661]",1303,-1
15109,[0.32855619 0.4911886 ],7,8,"[0.27392971195344684, 0.45973140540928376]",1827,-1
15110,[0.29903149 0.30080229],0,9,"[0.3110394802231661, 0.23517199738277297]",1690,-1
15111,[0.42378456 0.56012642],3,0,"[0.383291892093257, 0.5586820702346661]",1224,-1
15112,[0.58225617 0.55744054],9,-1,-1,-1,-1
15113,[0.29889762 0.38157716],2,-1,-1,1208,-1
15114,[0.4571716  0.56004985],5,6,"[0.5164739970238864, 0.5319253761973344]",-1,-1
15115,[0.57832445 0.65422635],9,2,"[0.5921204552873188, 0.6383928111301557]",1124,-1
15116,[0.15901277 0.21323051],0,-1,-1,74,-1
15117,[0.31918842 0.30873045],2,-1,-1,1663,-1
15118,[0.3165645  0.39423826],2,-1,-1,1425,-1
15119,[0.33153566 0.25722693],0,9,"[0.3110394802231661, 0.23517199738277297]",-1,-1
15120,[0.57064648 0.58420938],5,2,"[0.5921204552873188, 0.6383928111301557]",1457,6
15121,[0.22334287 0.61197955],4,7,"[0.2817018170798153, 0.5849768676672948]",246,-1
15122,[0.30220383 0.58503779],4,7,"[0.2817018170798153, 0.5849768676672948]",-1,-1
15123,[0.27700408 0.32279105],0,5,"[0.23231087327800656, 0.30304944505444303]",1585,9
15124,[0.72227355 0.51185212],8,3,"[0.6815204869410737, 0.47689852788858716]",573,-1
15125,[0.26110404 0.56402087],3,7,"[0.2817018170798153, 0.5849768676672948]",1851,-1
15126,[0.56149694 0.51046741],5,6,"[0.5164739970238864, 0.5319253761973344]",770,-1
15127,[0.25592947 0.49896854],7,8,"[0.27392971195344684, 0.45973140540928376]",1775,-1
15128,[0.37964524 0.26666495],0,-1,-1,1073,-1
15129,[0.33790873 0.51379747],7,0,"[0.383291892093257, 0.5586820702346661]",1880,-1
15130,[0.15440412 0.34294306],2,-1,-1,108,-1
15131,[0.3727084  0.63265744],5,-1,-1,784,-1
15132,[0.25259731 0.52944751],4,7,"[0.2817018170798153, 0.5849768676672948]",-1,-1
15133,[0.655094   0.51348334],5,3,"[0.6815204869410737, 0.47689852788858716]",-1,-1
15134,[0.15409231 0.33149596],0,-1,-1,108,-1
15135,[0.38420353 0.50435696],3,0,"[0.383291892093257, 0.5586820702346661]",-1,-1
15136,[0.58100656 0.6590059 ],9,2,"[0.5921204552873188, 0.6383928111301557]",1124,-1
15137,[0.52444064 0.60425932],9,-1,-1,-1,-1
15138,[0.54663003 0.61978542],3,2,"[0.5921204552873188, 0.6383928111301557]",1269,-1
15139,[0.41031555 0.24964622],6,-1,-1,610,-1
15140,[0.52686127 0.75067596],9,-1,-1,-1,-1
15141,[0.52005637 0.63665459],5,-1,-1,-1,-1
15142,[0.2236825  0.38710469],2,-1,-1,912,-1
15143,[0.39820666 0.24453359],6,-1,-1,-1,-1
15144,[0.37437302 0.34744994],6,1,"[0.3897435781344088, 0.3417040596068965]",1245,-1
15145,[0.33282507 0.26448927],2,9,"[0.3110394802231661, 0.23517199738277297]",-1,-1
15146,[0.46923476 0.22491482],6,-1,-1,67,-1
15147,[0.58354178 0.4078887 ],8,-1,-1,-1,-1
15148,[0.39986852 0.44900492],2,-1,-1,-1,-1
15149,[0.32553264 0.50923299],7,-1,-1,1920,-1
15150,[0.85334624 0.67735085],1,-1,-1,-1,0
15151,[0.24560605 0.27630822],2,5,"[0.23231087327800656, 0.30304944505444303]",-1,-1
15152,[0.53733047 0.39159608],6,-1,-1,47,-1
15153,[0.77785105 0.85454825],1,-1,-1,-1,-1
15154,[0.32451935 0.56024463],4,7,"[0.2817018170798153, 0.5849768676672948]",-1,17
15155,[0.19409929 0.5694065 ],7,-1,-1,262,-1
15156,[0.7607085  0.54030938],8,-1,-1,84,-1
15157,[0.61245554 0.57584827],9,2,"[0.5921204552873188, 0.6383928111301557]",-1,-1
15158,[0.64073693 0.47516997],8,3,"[0.6815204869410737, 0.47689852788858716]",823,-1
15159,[0.34238495 0.5543598 ],4,0,"[0.383291892093257, 0.5586820702346661]",1955,-1
15160,[0.20994435 0.23918439],0,5,"[0.23231087327800656, 0.30304944505444303]",-1,-1
15161,[0.23431145 0.53503526],4,7,"[0.2817018170798153, 0.5849768676672948]",-1,-1
15162,[0.40313748 0.3132519 ],6,1,"[0.3897435781344088, 0.3417040596068965]",930,-1
15163,[0.49449779 0.61402424],5,-1,-1,918,-1
15164,[0.37054883 0.38665274],6,1,"[0.3897435781344088, 0.3417040596068965]",1005,-1
15165,[0.42548362 0.49898763],4,-1,-1,-1,-1
15166,[0.42020369 0.25382061],6,-1,-1,610,-1
15167,[0.59078592 0.53588788],5,-1,-1,-1,-1
15168,[0.80573702 0.81491789],1,-1,-1,-1,0
15169,[0.85770674 0.71411932],1,-1,-1,313,0
15170,[0.31283549 0.23311782],0,9,"[0.3110394802231661, 0.23517199738277297]",1492,-1
15171,[0.26910672 0.17987229],2,9,"[0.3110394802231661, 0.23517199738277297]",239,-1
15172,[0.18628366 0.48477644],7,-1,-1,214,-1
15173,[0.31801934 0.57720799],4,7,"[0.2817018170798153, 0.5849768676672948]",1962,-1
15174,[0.38409646 0.53015896],4,0,"[0.383291892093257, 0.5586820702346661]",1782,-1
15175,[0.56159715 0.43207029],8,-1,-1,251,-1
15176,[0.16155203 0.21296318],0,-1,-1,74,-1
15177,[0.43477743 0.28646117],6,-1,-1,719,-1
15178,[0.21910071 0.14397555],0,-1,-1,-1,-1
15179,[0.65404385 0.37409855],8,-1,-1,-1,-1
15180,[0.4310708  0.52658965],3,0,"[0.383291892093257, 0.5586820702346661]",1430,-1
15181,[0.29323266 0.60899268],3,7,"[0.2817018170798153, 0.5849768676672948]",-1,-1
15182,[0.32036332 0.31044319],2,-1,-1,1663,-1
15183,[0.37335668 0.45876655],5,-1,-1,-1,-1
15184,[0.65300156 0.51954229],8,3,"[0.6815204869410737, 0.47689852788858716]",776,-1
15185,[0.22852849 0.50283049],7,8,"[0.27392971195344684, 0.45973140540928376]",924,-1
15186,[0.62298878 0.66405462],9,2,"[0.5921204552873188, 0.6383928111301557]",-1,-1
15187,[0.37737917 0.59286312],4,0,"[0.383291892093257, 0.5586820702346661]",-1,-1
15188,[0.3426248  0.18554158],0,9,"[0.3110394802231661, 0.23517199738277297]",-1,-1
15189,[0.24551984 0.55752819],7,7,"[0.2817018170798153, 0.5849768676672948]",1706,-1
15190,[0.22887426 0.62395571],4,7,"[0.2817018170798153, 0.5849768676672948]",-1,-1
15191,[0.28183707 0.25625076],0,9,"[0.3110394802231661, 0.23517199738277297]",1606,-1
15192,[0.66307015 0.82249369],9,-1,-1,-1,-1
15193,[0.32498074 0.36865894],2,-1,-1,-1,-1
15194,[0.24196331 0.5384425 ],7,7,"[0.2817018170798153, 0.5849768676672948]",1480,-1
15195,[0.22256708 0.56436277],7,7,"[0.2817018170798153, 0.5849768676672948]",690,-1
15196,[0.86715558 0.81469389],1,-1,-1,-1,-1
15197,[0.52148035 0.6358263 ],9,-1,-1,-1,-1
15198,[0.478475   0.54236896],3,6,"[0.5164739970238864, 0.5319253761973344]",-1,-1
15199,[0.15425376 0.50399336],7,-1,-1,-1,-1
15200,[0.70459038 0.59125348],8,-1,-1,-1,-1
15201,[0.33075189 0.50583025],7,-1,-1,1909,-1
15202,[0.20483512 0.29695103],0,5,"[0.23231087327800656, 0.30304944505444303]",685,-1
15203,[0.68740843 0.46538575],8,3,"[0.6815204869410737, 0.47689852788858716]",813,-1
15204,[0.48030264 0.60256456],5,-1,-1,1153,-1
15205,[0.76842916 0.66172766],1,4,"[0.7726811996944247, 0.7249303226766757]",-1,0
15206,[0.81892743 0.76592379],1,4,"[0.7726811996944247, 0.7249303226766757]",-1,0
15207,[0.45278334 0.58165927],5,-1,-1,1223,4
15208,[0.44029575 0.25208252],6,-1,-1,240,-1
15209,[0.32529297 0.61635948],4,7,"[0.2817018170798153, 0.5849768676672948]",1544,-1
15210,[0.5829611  0.50401665],8,-1,-1,-1,-1
15211,[0.26082087 0.53897313],4,7,"[0.2817018170798153, 0.5849768676672948]",-1,-1
15212,[0.29618039 0.39481478],2,8,"[0.27392971195344684, 0.45973140540928376]",1067,-1
15213,[0.21833806 0.28395866],0,5,"[0.23231087327800656, 0.30304944505444303]",1114,-1
15214,[0.60670674 0.5283535 ],5,-1,-1,-1,-1
15215,[0.30407068 0.43675636],7,8,"[0.27392971195344684, 0.45973140540928376]",-1,-1
15216,[0.87519916 0.74052244],1,-1,-1,87,0
15217,[0.22878855 0.53377776],7,-1,-1,1477,-1
15218,[0.18421921 0.49903931],7,-1,-1,215,-1
15219,[0.58687463 0.59856896],9,2,"[0.5921204552873188, 0.6383928111301557]",1351,-1
15220,[0.38896741 0.53328729],4,0,"[0.383291892093257, 0.5586820702346661]",1777,-1
15221,[0.43746936 0.23555993],6,-1,-1,178,-1
15222,[0.28808639 0.55999684],4,7,"[0.2817018170798153, 0.5849768676672948]",1908,13
15223,[0.40423347 0.63501478],4,-1,-1,-1,-1
15224,[0.32839284 0.25194294],0,9,"[0.3110394802231661, 0.23517199738277297]",-1,-1
15225,[0.32955418 0.60738652],4,7,"[0.2817018170798153, 0.5849768676672948]",1544,-1
15226,[0.76928007 0.59362947],8,-1,-1,57,-1
15227,[0.54275705 0.58758895],5,6,"[0.5164739970238864, 0.5319253761973344]",-1,6
15228,[0.32159296 0.24641258],0,9,"[0.3110394802231661, 0.23517199738277297]",1490,-1
15229,[0.36089138 0.35697433],2,1,"[0.3897435781344088, 0.3417040596068965]",1245,-1
15230,[0.270218   0.31469472],0,5,"[0.23231087327800656, 0.30304944505444303]",-1,-1
15231,[0.35032391 0.32862702],2,1,"[0.3897435781344088, 0.3417040596068965]",-1,-1
15232,[0.3578142  0.32817355],2,1,"[0.3897435781344088, 0.3417040596068965]",1407,-1
15233,[0.40813599 0.08496468],6,-1,-1,-1,-1
15234,[0.82695579 0.59883088],1,-1,-1,-1,-1
15235,[0.62265392 0.5405592 ],9,-1,-1,-1,-1
15236,[0.29261228 0.32713489],0,5,"[0.23231087327800656, 0.30304944505444303]",-1,-1
15237,[0.66072315 0.71767754],1,-1,-1,253,-1
15238,[0.58570549 0.58704704],9,2,"[0.5921204552873188, 0.6383928111301557]",-1,-1
15239,[0.35928648 0.63058448],4,-1,-1,1304,-1
15240,[0.28196807 0.70867235],3,-1,-1,-1,-1
15241,[0.82913778 0.64148614],1,-1,-1,-1,0
15242,[0.70217234 0.44712138],8,3,"[0.6815204869410737, 0.47689852788858716]",-1,-1
15243,[0.69322864 0.78254485],1,-1,-1,-1,0
15244,[0.8164849  0.72236896],1,4,"[0.7726811996944247, 0.7249303226766757]",456,0
15245,[0.39204134 0.41121704],6,1,"[0.3897435781344088, 0.3417040596068965]",501,-1
15246,[0.27748327 0.52294546],4,7,"[0.2817018170798153, 0.5849768676672948]",1887,-1
15247,[0.49312909 0.67356263],9,-1,-1,304,-1
15248,[0.40586299 0.35863798],6,1,"[0.3897435781344088, 0.3417040596068965]",-1,-1
15249,[0.33401119 0.52088765],4,0,"[0.383291892093257, 0.5586820702346661]",1877,-1
15250,[0.52166554 0.53177971],5,6,"[0.5164739970238864, 0.5319253761973344]",1177,-1
15251,[0.85755235 0.74688844],1,-1,-1,130,0
15252,[0.30693597 0.34903385],2,-1,-1,1628,8
15253,[0.36669649 0.38942166],6,1,"[0.3897435781344088, 0.3417040596068965]",-1,-1
15254,[0.42478762 0.2761808 ],6,-1,-1,-1,-1
15255,[0.45025547 0.37079745],6,1,"[0.3897435781344088, 0.3417040596068965]",441,-1
15256,[0.40844962 0.60590727],7,0,"[0.383291892093257, 0.5586820702346661]",-1,-1
15257,[0.68252612 0.45283947],8,3,"[0.6815204869410737, 0.47689852788858716]",735,-1
15258,[0.45876643 0.57564483],5,-1,-1,1232,4
15259,[0.31996367 0.56016785],7,7,"[0.2817018170798153, 0.5849768676672948]",1977,17
15260,[0.39450931 0.23167953],6,-1,-1,204,-1
15261,[0.45733401 0.22714205],6,-1,-1,-1,-1
15262,[0.23073174 0.25643648],2,5,"[0.23231087327800656, 0.30304944505444303]",885,-1
15263,[0.48812554 0.51841772],5,6,"[0.5164739970238864, 0.5319253761973344]",936,-1
15264,[0.61783081 0.46428097],8,3,"[0.6815204869410737, 0.47689852788858716]",-1,-1
15265,[0.32851826 0.29677895],6,9,"[0.3110394802231661, 0.23517199738277297]",1658,-1
15266,[0.25990571 0.26505834],0,5,"[0.23231087327800656, 0.30304944505444303]",1533,-1
15267,[0.73656427 0.48486627],8,3,"[0.6815204869410737, 0.47689852788858716]",773,-1
15268,[0.36373315 0.34865046],6,1,"[0.3897435781344088, 0.3417040596068965]",1350,-1
15269,[0.18777896 0.46589562],4,-1,-1,210,-1
15270,[0.68656835 0.50537179],8,3,"[0.6815204869410737, 0.47689852788858716]",-1,-1
15271,[0.29689494 0.55542755],4,7,"[0.2817018170798153, 0.5849768676672948]",-1,-1
15272,[0.14909455 0.30033287],0,-1,-1,91,-1
15273,[0.67575467 0.83591855],1,-1,-1,23,-1
15274,[0.73614155 0.79382112],1,-1,-1,-1,0
15275,[0.38450051 0.59052006],3,0,"[0.383291892093257, 0.5586820702346661]",-1,-1
15276,[0.40135564 0.3444369 ],2,1,"[0.3897435781344088, 0.3417040596068965]",997,-1
15277,[0.36051255 0.49773724],7,0,"[0.383291892093257, 0.5586820702346661]",1761,-1
15278,[0.8588861 0.7491685],1,-1,-1,130,0
15279,[0.39600035 0.56407405],4,0,"[0.383291892093257, 0.5586820702346661]",-1,-1
15280,[0.34309261 0.60238548],3,0,"[0.383291892093257, 0.5586820702346661]",1861,-1
15281,[0.31707476 0.59206565],7,7,"[0.2817018170798153, 0.5849768676672948]",-1,-1
15282,[0.53445075 0.55323301],5,6,"[0.5164739970238864, 0.5319253761973344]",1359,-1
15283,[0.54202765 0.64645105],9,2,"[0.5921204552873188, 0.6383928111301557]",-1,-1
15284,[0.28454741 0.55780077],4,7,"[0.2817018170798153, 0.5849768676672948]",1916,13
15285,[0.37934193 0.26668372],6,-1,-1,1073,-1
15286,[0.30325073 0.43324084],7,8,"[0.27392971195344684, 0.45973140540928376]",-1,-1
15287,[0.23464651 0.54612571],7,7,"[0.2817018170798153, 0.5849768676672948]",1411,-1
15288,[0.47403318 0.33624816],6,-1,-1,-1,-1
15289,[0.18294018 0.19856897],0,-1,-1,147,-1
15290,[0.2921238 0.2333335],0,9,"[0.3110394802231661, 0.23517199738277297]",1370,-1
15291,[0.68623498 0.41549227],8,3,"[0.6815204869410737, 0.47689852788858716]",592,-1
15292,[0.24855944 0.29839954],0,5,"[0.23231087327800656, 0.30304944505444303]",-1,-1
15293,[0.40196246 0.64471305],3,-1,-1,589,-1
15294,[0.22522567 0.50399413],4,8,"[0.27392971195344684, 0.45973140540928376]",-1,-1
15295,[0.48107998 0.61201353],5,-1,-1,737,-1
15296,[0.34597297 0.58175077],3,0,"[0.383291892093257, 0.5586820702346661]",1842,-1
15297,[0.31309871 0.61328321],7,7,"[0.2817018170798153, 0.5849768676672948]",1763,-1
15298,[0.67637363 0.53796923],8,3,"[0.6815204869410737, 0.47689852788858716]",673,-1
15299,[0.41883568 0.59736997],7,0,"[0.383291892093257, 0.5586820702346661]",1719,-1
15300,[0.33001727 0.30552565],6,1,"[0.3897435781344088, 0.3417040596068965]",1659,10
15301,[0.31319409 0.27437071],2,9,"[0.3110394802231661, 0.23517199738277297]",1506,-1
15302,[0.30692945 0.26656317],0,9,"[0.3110394802231661, 0.23517199738277297]",1512,-1
15303,[0.27919279 0.56601185],7,7,"[0.2817018170798153, 0.5849768676672948]",1879,-1
15304,[0.38888468 0.44685566],6,-1,-1,567,-1
15305,[0.42277403 0.43178335],6,-1,-1,-1,-1
15306,[0.25740201 0.24901659],2,9,"[0.3110394802231661, 0.23517199738277297]",1138,-1
15307,[0.30416653 0.17120814],0,9,"[0.3110394802231661, 0.23517199738277297]",-1,-1
15308,[0.31651097 0.2814854 ],2,9,"[0.3110394802231661, 0.23517199738277297]",1576,-1
15309,[0.22406859 0.36771314],2,5,"[0.23231087327800656, 0.30304944505444303]",-1,-1
15310,[0.39345284 0.60294426],3,0,"[0.383291892093257, 0.5586820702346661]",-1,-1
15311,[0.7169941  0.73567853],1,4,"[0.7726811996944247, 0.7249303226766757]",-1,0
15312,[0.61254785 0.6692242 ],9,2,"[0.5921204552873188, 0.6383928111301557]",1112,-1
15313,[0.20668914 0.3257123 ],0,5,"[0.23231087327800656, 0.30304944505444303]",1037,-1
15314,[0.43441078 0.36170294],6,1,"[0.3897435781344088, 0.3417040596068965]",-1,-1
15315,[0.75782709 0.70602524],1,4,"[0.7726811996944247, 0.7249303226766757]",-1,0
15316,[0.35034874 0.33283425],2,1,"[0.3897435781344088, 0.3417040596068965]",1414,-1
15317,[0.30982169 0.42043614],2,8,"[0.27392971195344684, 0.45973140540928376]",1017,-1
15318,[0.42930071 0.61501717],3,-1,-1,-1,-1
15319,[0.29676862 0.34351983],2,-1,-1,-1,-1
15320,[0.37116762 0.36452444],6,1,"[0.3897435781344088, 0.3417040596068965]",-1,-1
15321,[0.6340364  0.66821245],9,2,"[0.5921204552873188, 0.6383928111301557]",659,-1
15322,[0.22331773 0.55769572],7,7,"[0.2817018170798153, 0.5849768676672948]",-1,-1
15323,[0.35309626 0.5587468 ],4,0,"[0.383291892093257, 0.5586820702346661]",-1,-1
15324,[0.22890634 0.49091281],7,8,"[0.27392971195344684, 0.45973140540928376]",1091,-1
15325,[0.84704994 0.64214384],1,-1,-1,32,-1
15326,[0.67912986 0.76991034],9,-1,-1,-1,-1
15327,[0.2909126  0.54092449],3,7,"[0.2817018170798153, 0.5849768676672948]",1907,14
15328,[0.4231796  0.40441541],6,-1,-1,-1,-1
15329,[0.26470844 0.57012423],4,7,"[0.2817018170798153, 0.5849768676672948]",1571,-1
15330,[0.24389788 0.4165564 ],2,8,"[0.27392971195344684, 0.45973140540928376]",691,-1
15331,[0.5874088  0.60540314],9,2,"[0.5921204552873188, 0.6383928111301557]",-1,-1
15332,[0.46663916 0.6064889 ],5,-1,-1,-1,-1
15333,[0.36989898 0.33063439],0,1,"[0.3897435781344088, 0.3417040596068965]",1536,-1
15334,[0.23338185 0.51251861],7,8,"[0.27392971195344684, 0.45973140540928376]",1552,-1
15335,[0.36923068 0.57247824],4,0,"[0.383291892093257, 0.5586820702346661]",-1,12
15336,[0.13984601 0.4005667 ],2,-1,-1,-1,-1
15337,[0.75923437 0.53620303],8,-1,-1,-1,-1
15338,[0.52257059 0.55594724],5,6,"[0.5164739970238864, 0.5319253761973344]",1369,-1
15339,[0.34032896 0.27276453],6,9,"[0.3110394802231661, 0.23517199738277297]",1119,-1
15340,[0.35032246 0.34506504],4,1,"[0.3897435781344088, 0.3417040596068965]",-1,-1
15341,[0.64302666 0.58832455],9,-1,-1,1178,-1
15342,[0.1905546  0.44690975],7,-1,-1,100,-1
15343,[0.18762609 0.53920871],7,-1,-1,-1,-1
15344,[0.3358777  0.55409168],4,0,"[0.383291892093257, 0.5586820702346661]",1957,17
15345,[0.59244329 0.61460388],9,2,"[0.5921204552873188, 0.6383928111301557]",1427,6
15346,[0.70000833 0.52509668],8,3,"[0.6815204869410737, 0.47689852788858716]",571,-1
15347,[0.54348038 0.63326341],9,2,"[0.5921204552873188, 0.6383928111301557]",1262,-1
15348,[0.55951477 0.4731909 ],5,-1,-1,-1,-1
15349,[0.31016936 0.69146343],4,-1,-1,-1,-1
15350,[0.34761327 0.56851139],7,0,"[0.383291892093257, 0.5586820702346661]",1901,-1
15351,[0.29575899 0.45346037],7,8,"[0.27392971195344684, 0.45973140540928376]",-1,-1
15352,[0.55202354 0.64189907],9,2,"[0.5921204552873188, 0.6383928111301557]",-1,-1
15353,[0.60020669 0.38244182],8,-1,-1,97,-1
15354,[0.67028384 0.64740441],9,-1,-1,400,-1
15355,[0.29662925 0.3015702 ],6,5,"[0.23231087327800656, 0.30304944505444303]",-1,-1
15356,[0.4666158  0.49282165],5,6,"[0.5164739970238864, 0.5319253761973344]",875,-1
15357,[0.36803876 0.63338802],3,-1,-1,-1,-1
15358,[0.27880197 0.16401682],0,-1,-1,121,-1
15359,[0.79037985 0.73674647],1,4,"[0.7726811996944247, 0.7249303226766757]",471,0
15360,[0.3038781  0.29201789],2,9,"[0.3110394802231661, 0.23517199738277297]",1685,11
15361,[0.43651833 0.58613806],5,0,"[0.383291892093257, 0.5586820702346661]",1436,-1
15362,[0.36805598 0.44949155],6,-1,-1,1051,-1
15363,[0.17434499 0.30339914],0,5,"[0.23231087327800656, 0.30304944505444303]",-1,-1
15364,[0.40226722 0.61875766],3,0,"[0.383291892093257, 0.5586820702346661]",1577,-1
15365,[0.65551167 0.52768528],9,3,"[0.6815204869410737, 0.47689852788858716]",776,-1
15366,[0.44362693 0.61602282],4,-1,-1,-1,-1
15367,[0.42568308 0.55348808],3,0,"[0.383291892093257, 0.5586820702346661]",1205,-1
15368,[0.52779332 0.45991304],5,-1,-1,556,-1
15369,[0.55565196 0.55298505],9,6,"[0.5164739970238864, 0.5319253761973344]",1403,-1
15370,[0.77059948 0.79243685],1,4,"[0.7726811996944247, 0.7249303226766757]",369,0
15371,[0.33952794 0.57554272],3,0,"[0.383291892093257, 0.5586820702346661]",-1,-1
15372,[0.24533225 0.3445767 ],2,5,"[0.23231087327800656, 0.30304944505444303]",1565,-1
15373,[0.33031754 0.33638647],0,1,"[0.3897435781344088, 0.3417040596068965]",1616,-1
15374,[0.3379852 0.6631289],4,-1,-1,-1,-1
15375,[0.63632705 0.60874478],9,2,"[0.5921204552873188, 0.6383928111301557]",613,-1
15376,[0.6607612  0.63376143],1,2,"[0.5921204552873188, 0.6383928111301557]",580,-1
15377,[0.31246422 0.62803322],4,7,"[0.2817018170798153, 0.5849768676672948]",1297,-1
15378,[0.27305121 0.14095734],0,-1,-1,56,-1
15379,[0.24168662 0.49971753],4,8,"[0.27392971195344684, 0.45973140540928376]",-1,-1
15380,[0.80700081 0.72726389],1,4,"[0.7726811996944247, 0.7249303226766757]",456,0
15381,[0.38917339 0.6815104 ],3,-1,-1,-1,-1
15382,[0.32208056 0.5534819 ],3,7,"[0.2817018170798153, 0.5849768676672948]",1991,17
15383,[0.42329687 0.46363869],7,-1,-1,-1,-1
15384,[0.30033922 0.35304824],2,-1,-1,1551,-1
15385,[0.22630235 0.38433317],2,-1,-1,-1,-1
15386,[0.67169516 0.82688882],1,-1,-1,23,-1
15387,[0.42642953 0.54901616],5,0,"[0.383291892093257, 0.5586820702346661]",1205,-1
15388,[0.20585359 0.33741708],2,5,"[0.23231087327800656, 0.30304944505444303]",-1,-1
15389,[0.15099258 0.21617354],0,-1,-1,-1,-1
15390,[0.28090841 0.34050878],0,5,"[0.23231087327800656, 0.30304944505444303]",-1,-1
15391,[0.28456032 0.53865185],3,7,"[0.2817018170798153, 0.5849768676672948]",1894,-1
15392,[0.3370818  0.51933016],3,0,"[0.383291892093257, 0.5586820702346661]",1877,-1
15393,[0.34441222 0.49966946],7,-1,-1,-1,-1
15394,[0.54159614 0.6003655 ],5,2,"[0.5921204552873188, 0.6383928111301557]",-1,-1
15395,[0.49603727 0.55665426],5,6,"[0.5164739970238864, 0.5319253761973344]",1183,-1
15396,[0.77370725 0.69560654],1,4,"[0.7726811996944247, 0.7249303226766757]",448,0
15397,[0.59118778 0.52073264],8,-1,-1,1102,-1
15398,[0.35439287 0.20186454],0,9,"[0.3110394802231661, 0.23517199738277297]",161,-1
15399,[0.54760596 0.4050669 ],5,-1,-1,-1,-1
15400,[0.75009294 0.86243594],1,-1,-1,24,-1
15401,[0.44077826 0.64402181],3,-1,-1,-1,-1
15402,[0.30951975 0.38497479],2,-1,-1,1420,-1
15403,[0.25736622 0.50982794],4,8,"[0.27392971195344684, 0.45973140540928376]",-1,-1
15404,[0.28321411 0.4293331 ],6,8,"[0.27392971195344684, 0.45973140540928376]",-1,-1
15405,[0.55838238 0.40116886],6,-1,-1,-1,-1
15406,[0.39632695 0.66034418],3,-1,-1,-1,-1
15407,[0.31456831 0.40872689],6,8,"[0.27392971195344684, 0.45973140540928376]",-1,-1
15408,[0.66979168 0.49259488],8,3,"[0.6815204869410737, 0.47689852788858716]",796,-1
15409,[0.6988599  0.62350507],1,-1,-1,-1,-1
15410,[0.37445723 0.28818204],6,1,"[0.3897435781344088, 0.3417040596068965]",-1,-1
15411,[0.60962427 0.66714419],9,2,"[0.5921204552873188, 0.6383928111301557]",-1,-1
15412,[0.33689754 0.54779074],4,0,"[0.383291892093257, 0.5586820702346661]",-1,-1
15413,[0.4157665  0.48732471],4,-1,-1,1058,-1
15414,[0.38417757 0.58090696],3,0,"[0.383291892093257, 0.5586820702346661]",-1,-1
15415,[0.33668106 0.50760415],4,0,"[0.383291892093257, 0.5586820702346661]",1880,-1
15416,[0.35506729 0.53166772],4,0,"[0.383291892093257, 0.5586820702346661]",-1,-1
15417,[0.27758813 0.27786899],0,5,"[0.23231087327800656, 0.30304944505444303]",1674,-1
15418,[0.68345667 0.46122035],8,3,"[0.6815204869410737, 0.47689852788858716]",-1,2
15419,[0.69065922 0.31002272],8,-1,-1,-1,-1
15420,[0.35581341 0.60277146],3,0,"[0.383291892093257, 0.5586820702346661]",1818,-1
15421,[0.76352452 0.80330017],1,-1,-1,296,0
15422,[0.46663672 0.58479347],5,-1,-1,1232,-1
15423,[0.55248109 0.49394266],8,6,"[0.5164739970238864, 0.5319253761973344]",-1,-1
15424,[0.53332484 0.6102129 ],9,2,"[0.5921204552873188, 0.6383928111301557]",1203,-1
15425,[0.37935839 0.57057716],4,0,"[0.383291892093257, 0.5586820702346661]",1845,-1
15426,[0.72135266 0.48798639],8,3,"[0.6815204869410737, 0.47689852788858716]",680,-1
15427,[0.37513446 0.33757953],6,1,"[0.3897435781344088, 0.3417040596068965]",-1,-1
15428,[0.81235961 0.65341798],1,-1,-1,255,0
15429,[0.28133405 0.19862388],0,9,"[0.3110394802231661, 0.23517199738277297]",-1,-1
15430,[0.30627768 0.44125523],6,8,"[0.27392971195344684, 0.45973140540928376]",-1,-1
15431,[0.41661721 0.44413158],5,-1,-1,-1,-1
15432,[0.74416943 0.51374699],8,-1,-1,480,-1
15433,[0.33557665 0.53222006],7,0,"[0.383291892093257, 0.5586820702346661]",1948,-1
15434,[0.4798164  0.15309984],6,-1,-1,-1,-1
15435,[0.50509107 0.60886116],5,-1,-1,1133,-1
15436,[0.32958267 0.40127946],2,-1,-1,-1,-1
15437,[0.25473892 0.33035492],0,5,"[0.23231087327800656, 0.30304944505444303]",-1,-1
15438,[0.37406775 0.34327351],6,1,"[0.3897435781344088, 0.3417040596068965]",-1,-1
15439,[0.30991148 0.21965249],0,9,"[0.3110394802231661, 0.23517199738277297]",-1,-1
15440,[0.44519179 0.36780727],6,1,"[0.3897435781344088, 0.3417040596068965]",-1,-1
15441,[0.2918664  0.54761421],4,7,"[0.2817018170798153, 0.5849768676672948]",-1,-1
15442,[0.25099451 0.2746386 ],2,5,"[0.23231087327800656, 0.30304944505444303]",1541,-1
15443,[0.2451674  0.29989753],0,5,"[0.23231087327800656, 0.30304944505444303]",1589,-1
15444,[0.63923499 0.59300835],9,2,"[0.5921204552873188, 0.6383928111301557]",1187,-1
15445,[0.41193909 0.59738099],4,0,"[0.383291892093257, 0.5586820702346661]",-1,-1
15446,[0.51811478 0.67448208],9,-1,-1,449,-1
15447,[0.26178667 0.30295637],2,5,"[0.23231087327800656, 0.30304944505444303]",-1,-1
15448,[0.68117616 0.4162629 ],8,3,"[0.6815204869410737, 0.47689852788858716]",592,-1
15449,[0.4480831  0.25486009],6,-1,-1,-1,-1
15450,[0.74664985 0.53168795],8,-1,-1,222,-1
15451,[0.23962953 0.47834654],7,8,"[0.27392971195344684, 0.45973140540928376]",1707,-1
15452,[0.42135989 0.30691043],6,1,"[0.3897435781344088, 0.3417040596068965]",977,-1
15453,[0.63311456 0.56232484],5,-1,-1,1104,-1
15454,[0.41564039 0.36872492],6,1,"[0.3897435781344088, 0.3417040596068965]",976,-1
15455,[0.32404386 0.52383718],7,0,"[0.383291892093257, 0.5586820702346661]",1943,-1
15456,[0.33560649 0.31916971],2,1,"[0.3897435781344088, 0.3417040596068965]",-1,-1
15457,[0.79103195 0.8281084 ],1,-1,-1,-1,-1
15458,[0.43458211 0.34475838],2,1,"[0.3897435781344088, 0.3417040596068965]",-1,-1
15459,[0.32872772 0.27874312],0,9,"[0.3110394802231661, 0.23517199738277297]",1520,-1
15460,[0.52234072 0.59697163],5,6,"[0.5164739970238864, 0.5319253761973344]",1364,-1
15461,[0.70040654 0.50677163],8,3,"[0.6815204869410737, 0.47689852788858716]",739,-1
15462,[0.74961216 0.54971305],9,-1,-1,-1,-1
15463,[0.33352396 0.2173349 ],0,9,"[0.3110394802231661, 0.23517199738277297]",891,-1
15464,[0.31016101 0.33350558],6,-1,-1,-1,8
15465,[0.52521865 0.73090592],9,-1,-1,-1,-1
15466,[0.29272263 0.30206235],0,5,"[0.23231087327800656, 0.30304944505444303]",1618,-1
15467,[0.34200178 0.33061251],2,1,"[0.3897435781344088, 0.3417040596068965]",-1,-1
15468,[0.3131403  0.19431075],0,9,"[0.3110394802231661, 0.23517199738277297]",-1,-1
15469,[0.37313168 0.47072937],7,-1,-1,-1,-1
15470,[0.36902326 0.53904523],3,0,"[0.383291892093257, 0.5586820702346661]",1806,-1
15471,[0.71401551 0.66328046],1,-1,-1,358,0
15472,[0.58623818 0.49530215],5,-1,-1,-1,-1
15473,[0.52652462 0.66878927],9,-1,-1,919,-1
15474,[0.32682134 0.6863511 ],3,-1,-1,156,-1
15475,[0.68601716 0.69103225],1,-1,-1,-1,-1
15476,[0.37711968 0.54212017],3,0,"[0.383291892093257, 0.5586820702346661]",-1,-1
15477,[0.58179829 0.51911794],5,6,"[0.5164739970238864, 0.5319253761973344]",1035,-1
15478,[0.66741132 0.58578028],8,-1,-1,-1,-1
15479,[0.6586774  0.52430397],5,3,"[0.6815204869410737, 0.47689852788858716]",-1,-1
15480,[0.41113145 0.34486228],6,1,"[0.3897435781344088, 0.3417040596068965]",998,-1
15481,[0.44525953 0.37155633],6,1,"[0.3897435781344088, 0.3417040596068965]",-1,-1
15482,[0.34686042 0.57840619],4,0,"[0.383291892093257, 0.5586820702346661]",1842,-1
15483,[0.55884897 0.4758265 ],8,-1,-1,-1,-1
15484,[0.68654497 0.76763579],1,-1,-1,-1,0
15485,[0.54169492 0.47711897],5,6,"[0.5164739970238864, 0.5319253761973344]",-1,-1
15486,[0.22470738 0.32109741],2,5,"[0.23231087327800656, 0.30304944505444303]",-1,-1
15487,[0.49285767 0.15714409],6,-1,-1,-1,-1
15488,[0.32077238 0.49916539],7,8,"[0.27392971195344684, 0.45973140540928376]",1809,-1
15489,[0.27491352 0.49854719],7,8,"[0.27392971195344684, 0.45973140540928376]",1779,-1
15490,[0.27684755 0.25935119],2,9,"[0.3110394802231661, 0.23517199738277297]",1606,-1
15491,[0.23630864 0.2334281 ],0,5,"[0.23231087327800656, 0.30304944505444303]",-1,-1
15492,[0.42920585 0.38510323],6,1,"[0.3897435781344088, 0.3417040596068965]",-1,-1
15493,[0.22351346 0.29715127],2,5,"[0.23231087327800656, 0.30304944505444303]",-1,-1
15494,[0.27986418 0.56598373],4,7,"[0.2817018170798153, 0.5849768676672948]",1879,-1
15495,[0.47310151 0.51110408],4,6,"[0.5164739970238864, 0.5319253761973344]",-1,-1
15496,[0.32871925 0.3653123 ],0,1,"[0.3897435781344088, 0.3417040596068965]",-1,-1
15497,[0.2400211  0.24639031],0,5,"[0.23231087327800656, 0.30304944505444303]",-1,-1
15498,[0.7043277  0.39548703],8,-1,-1,-1,-1
15499,[0.20454146 0.62519522],3,-1,-1,-1,-1
15500,[0.32579265 0.46499548],6,8,"[0.27392971195344684, 0.45973140540928376]",1523,-1
15501,[0.39851442 0.30228911],6,1,"[0.3897435781344088, 0.3417040596068965]",-1,-1
15502,[0.65302924 0.54528417],8,-1,-1,655,-1
15503,[0.67928597 0.69209657],1,-1,-1,387,-1
15504,[0.31761414 0.48614862],7,8,"[0.27392971195344684, 0.45973140540928376]",1869,-1
15505,[0.66519873 0.49377105],8,3,"[0.6815204869410737, 0.47689852788858716]",796,-1
15506,[0.31373091 0.33589935],2,-1,-1,-1,-1
15507,[0.38034297 0.63423495],3,-1,-1,-1,-1
15508,[0.75596642 0.71035194],1,4,"[0.7726811996944247, 0.7249303226766757]",463,0
15509,[0.4197499  0.64475757],3,-1,-1,541,-1
15510,[0.70395746 0.49133873],8,3,"[0.6815204869410737, 0.47689852788858716]",831,-1
15511,[0.78231313 0.67430875],1,4,"[0.7726811996944247, 0.7249303226766757]",397,0
15512,[0.21038869 0.24045365],2,5,"[0.23231087327800656, 0.30304944505444303]",-1,-1
15513,[0.21800847 0.23981094],0,5,"[0.23231087327800656, 0.30304944505444303]",-1,-1
15514,[0.358593   0.50587111],4,0,"[0.383291892093257, 0.5586820702346661]",1897,-1
15515,[0.45819554 0.61760754],5,-1,-1,703,-1
15516,[0.26880936 0.26794596],0,5,"[0.23231087327800656, 0.30304944505444303]",-1,-1
15517,[0.59263353 0.52706058],5,-1,-1,1102,-1
15518,[0.31790171 0.1599595 ],0,-1,-1,41,-1
15519,[0.34738854 0.48363352],6,-1,-1,-1,-1
15520,[0.54972048 0.69675101],9,-1,-1,-1,-1
15521,[0.62059647 0.53984684],8,-1,-1,734,-1
15522,[0.33542156 0.35240957],6,1,"[0.3897435781344088, 0.3417040596068965]",1368,-1
15523,[0.20330131 0.44656777],7,-1,-1,-1,-1
15524,[0.58159982 0.59508576],5,2,"[0.5921204552873188, 0.6383928111301557]",1443,-1
15525,[0.53495831 0.69291183],9,-1,-1,555,-1
15526,[0.18184289 0.56501033],7,-1,-1,-1,-1
15527,[0.61366291 0.39085564],8,-1,-1,70,-1
15528,[0.27183675 0.25307388],0,9,"[0.3110394802231661, 0.23517199738277297]",-1,-1
15529,[0.84142306 0.88066406],1,-1,-1,-1,-1
15530,[0.27698051 0.26924556],0,9,"[0.3110394802231661, 0.23517199738277297]",-1,-1
15531,[0.31538863 0.53015047],4,7,"[0.2817018170798153, 0.5849768676672948]",1841,-1
15532,[0.3353149  0.26639401],2,9,"[0.3110394802231661, 0.23517199738277297]",-1,-1
15533,[0.2528628  0.50200775],4,8,"[0.27392971195344684, 0.45973140540928376]",1759,-1
15534,[0.74506359 0.75741818],1,4,"[0.7726811996944247, 0.7249303226766757]",-1,0
15535,[0.31010781 0.5204967 ],3,-1,-1,1919,-1
15536,[0.30533339 0.59940483],4,7,"[0.2817018170798153, 0.5849768676672948]",1820,-1
15537,[0.16747435 0.3373612 ],2,-1,-1,-1,-1
15538,[0.36491522 0.35391769],2,1,"[0.3897435781344088, 0.3417040596068965]",1245,-1
15539,[0.25202354 0.71450219],7,-1,-1,6,-1
15540,[0.69815302 0.6844429 ],1,-1,-1,339,-1
15541,[0.21719066 0.62147916],7,-1,-1,-1,-1
15542,[0.64101107 0.43926516],9,3,"[0.6815204869410737, 0.47689852788858716]",-1,-1
15543,[0.26577231 0.29405664],0,5,"[0.23231087327800656, 0.30304944505444303]",-1,-1
15544,[0.81329398 0.6667694 ],1,-1,-1,-1,0
15545,[0.33450453 0.41559645],7,-1,-1,917,-1
15546,[0.29134046 0.2366828 ],2,9,"[0.3110394802231661, 0.23517199738277297]",1370,-1
15547,[0.47838765 0.39637387],6,-1,-1,-1,-1
15548,[0.42617895 0.38761607],3,1,"[0.3897435781344088, 0.3417040596068965]",761,-1
15549,[0.36714194 0.31913586],2,1,"[0.3897435781344088, 0.3417040596068965]",1546,-1
15550,[0.53327786 0.56711899],5,6,"[0.5164739970238864, 0.5319253761973344]",1360,-1
15551,[0.14298205 0.28076355],0,-1,-1,-1,-1
15552,[0.63871367 0.40637867],8,-1,-1,265,-1
15553,[0.346571   0.75399684],3,-1,-1,-1,-1
15554,[0.3030577  0.55885872],4,7,"[0.2817018170798153, 0.5849768676672948]",-1,-1
15555,[0.25648165 0.51343995],7,8,"[0.27392971195344684, 0.45973140540928376]",1785,-1
15556,[0.28364616 0.22446537],0,9,"[0.3110394802231661, 0.23517199738277297]",1356,-1
15557,[0.24957716 0.39194363],2,-1,-1,-1,-1
15558,[0.63481015 0.60506974],9,2,"[0.5921204552873188, 0.6383928111301557]",-1,-1
15559,[0.25612295 0.35714411],0,5,"[0.23231087327800656, 0.30304944505444303]",1025,-1
15560,[0.34856587 0.46286443],7,-1,-1,-1,-1
15561,[0.67211885 0.45672687],8,3,"[0.6815204869410737, 0.47689852788858716]",-1,-1
15562,[0.3380241  0.51030244],4,0,"[0.383291892093257, 0.5586820702346661]",1880,-1
15563,[0.22647494 0.61446738],4,7,"[0.2817018170798153, 0.5849768676672948]",246,-1
15564,[0.47429254 0.52711618],3,6,"[0.5164739970238864, 0.5319253761973344]",957,-1
15565,[0.38837106 0.31923673],6,1,"[0.3897435781344088, 0.3417040596068965]",-1,-1
15566,[0.28841237 0.27952646],0,9,"[0.3110394802231661, 0.23517199738277297]",1555,-1
15567,[0.30677335 0.482728  ],4,8,"[0.27392971195344684, 0.45973140540928376]",-1,-1
15568,[0.30909126 0.38564566],6,-1,-1,-1,-1
15569,[0.41317205 0.29037836],6,1,"[0.3897435781344088, 0.3417040596068965]",923,-1
15570,[0.36513171 0.59188593],7,0,"[0.383291892093257, 0.5586820702346661]",1836,-1
15571,[0.17406253 0.27135441],2,5,"[0.23231087327800656, 0.30304944505444303]",-1,-1
15572,[0.87454884 0.76174303],1,-1,-1,-1,-1
15573,[0.51669042 0.55899334],5,6,"[0.5164739970238864, 0.5319253761973344]",-1,-1
15574,[0.29173405 0.41391355],2,8,"[0.27392971195344684, 0.45973140540928376]",1074,-1
15575,[0.55451588 0.45305044],5,-1,-1,-1,-1
15576,[0.72355898 0.45096418],8,3,"[0.6815204869410737, 0.47689852788858716]",-1,-1
15577,[0.40668226 0.55618282],7,0,"[0.383291892093257, 0.5586820702346661]",-1,-1
15578,[0.27220158 0.43569884],7,8,"[0.27392971195344684, 0.45973140540928376]",1239,-1
15579,[0.32344686 0.49818588],4,8,"[0.27392971195344684, 0.45973140540928376]",1809,-1
15580,[0.41307288 0.34412935],6,1,"[0.3897435781344088, 0.3417040596068965]",-1,-1
15581,[0.53246367 0.63243063],9,2,"[0.5921204552873188, 0.6383928111301557]",-1,-1
15582,[0.76459366 0.76252288],1,4,"[0.7726811996944247, 0.7249303226766757]",417,0
15583,[0.8336976  0.67149746],1,-1,-1,307,0
15584,[0.73984583 0.48926671],8,3,"[0.6815204869410737, 0.47689852788858716]",-1,-1
15585,[0.37989307 0.54592722],5,0,"[0.383291892093257, 0.5586820702346661]",1805,-1
15586,[0.19929763 0.32696967],2,5,"[0.23231087327800656, 0.30304944505444303]",-1,-1
15587,[0.51705035 0.54053386],5,6,"[0.5164739970238864, 0.5319253761973344]",1181,3
15588,[0.30517874 0.51915431],4,8,"[0.27392971195344684, 0.45973140540928376]",1881,-1
15589,[0.63165567 0.57264529],9,-1,-1,1195,-1
15590,[0.16767097 0.286507  ],2,5,"[0.23231087327800656, 0.30304944505444303]",726,-1
15591,[0.84055059 0.77205196],1,-1,-1,258,0
15592,[0.29528751 0.29174546],6,9,"[0.3110394802231661, 0.23517199738277297]",1689,11
15593,[0.66928512 0.5296628 ],8,3,"[0.6815204869410737, 0.47689852788858716]",-1,-1
15594,[0.27619874 0.60580485],7,7,"[0.2817018170798153, 0.5849768676672948]",1032,-1
15595,[0.28998132 0.35321659],2,-1,-1,1479,-1
15596,[0.48170151 0.68153258],9,-1,-1,-1,-1
15597,[0.45031188 0.56773507],9,0,"[0.383291892093257, 0.5586820702346661]",1276,-1
15598,[0.33507673 0.37268608],2,1,"[0.3897435781344088, 0.3417040596068965]",1348,-1
15599,[0.37653965 0.64732965],4,-1,-1,-1,-1
15600,[0.61161658 0.59089693],8,2,"[0.5921204552873188, 0.6383928111301557]",-1,-1
15601,[0.40484636 0.51955863],5,0,"[0.383291892093257, 0.5586820702346661]",-1,-1
15602,[0.23266621 0.49754307],4,8,"[0.27392971195344684, 0.45973140540928376]",1091,-1
15603,[0.43002919 0.26065167],6,-1,-1,532,-1
15604,[0.34900796 0.5831513 ],3,0,"[0.383291892093257, 0.5586820702346661]",1842,-1
15605,[0.40955377 0.51845705],4,0,"[0.383291892093257, 0.5586820702346661]",1638,-1
15606,[0.39961632 0.48288254],3,-1,-1,-1,-1
15607,[0.37422615 0.22594418],6,9,"[0.3110394802231661, 0.23517199738277297]",484,-1
15608,[0.50965698 0.31989346],6,-1,-1,-1,-1
15609,[0.33291133 0.56417775],3,0,"[0.383291892093257, 0.5586820702346661]",1975,-1
15610,[0.35216346 0.36155023],2,1,"[0.3897435781344088, 0.3417040596068965]",-1,-1
15611,[0.53142545 0.6066581 ],5,2,"[0.5921204552873188, 0.6383928111301557]",1203,-1
15612,[0.49134446 0.51850447],5,6,"[0.5164739970238864, 0.5319253761973344]",936,-1
15613,[0.21707362 0.30116661],0,5,"[0.23231087327800656, 0.30304944505444303]",-1,-1
15614,[0.53887301 0.55461045],5,6,"[0.5164739970238864, 0.5319253761973344]",-1,6
15615,[0.27773319 0.51998246],7,8,"[0.27392971195344684, 0.45973140540928376]",1887,14
15616,[0.48084927 0.52948979],5,6,"[0.5164739970238864, 0.5319253761973344]",960,-1
15617,[0.21906683 0.29946189],2,5,"[0.23231087327800656, 0.30304944505444303]",-1,-1
15618,[0.31026194 0.50127823],7,8,"[0.27392971195344684, 0.45973140540928376]",1922,-1
15619,[0.29801711 0.6856521 ],4,-1,-1,85,-1
15620,[0.64612238 0.48847038],5,3,"[0.6815204869410737, 0.47689852788858716]",-1,1
15621,[0.19425634 0.26271673],0,5,"[0.23231087327800656, 0.30304944505444303]",1012,-1
15622,[0.71765559 0.63716313],1,-1,-1,238,0
15623,[0.27007741 0.3286798 ],2,5,"[0.23231087327800656, 0.30304944505444303]",1597,-1
15624,[0.81963204 0.80709816],1,-1,-1,120,0
15625,[0.48187342 0.60374203],5,-1,-1,1153,-1
15626,[0.36182863 0.30852726],6,1,"[0.3897435781344088, 0.3417040596068965]",-1,-1
15627,[0.50064766 0.60294357],9,-1,-1,-1,-1
15628,[0.5736261  0.61498265],9,2,"[0.5921204552873188, 0.6383928111301557]",1419,-1
15629,[0.53105236 0.65872858],5,2,"[0.5921204552873188, 0.6383928111301557]",1199,-1
15630,[0.25977088 0.39344805],2,8,"[0.27392971195344684, 0.45973140540928376]",-1,-1
15631,[0.42196648 0.49342453],3,-1,-1,-1,-1
15632,[0.7476764  0.68596236],1,4,"[0.7726811996944247, 0.7249303226766757]",439,0
15633,[0.66363234 0.4392503 ],8,3,"[0.6815204869410737, 0.47689852788858716]",732,-1
15634,[0.42512021 0.53634826],4,0,"[0.383291892093257, 0.5586820702346661]",-1,-1
15635,[0.3834082 0.3272528],6,1,"[0.3897435781344088, 0.3417040596068965]",1476,-1
15636,[0.4843265  0.65803659],5,-1,-1,551,-1
15637,[0.32969603 0.34489513],0,1,"[0.3897435781344088, 0.3417040596068965]",1617,-1
15638,[0.60123062 0.52117739],5,-1,-1,-1,-1
15639,[0.55566961 0.57471954],5,6,"[0.5164739970238864, 0.5319253761973344]",1451,6
15640,[0.34505219 0.50072776],4,0,"[0.383291892093257, 0.5586820702346661]",-1,-1
15641,[0.6042497  0.40599641],5,-1,-1,164,-1
15642,[0.36255856 0.26280033],6,9,"[0.3110394802231661, 0.23517199738277297]",-1,-1
15643,[0.6972735  0.54154245],8,3,"[0.6815204869410737, 0.47689852788858716]",559,-1
15644,[0.56172603 0.58380896],5,2,"[0.5921204552873188, 0.6383928111301557]",1444,6
15645,[0.36107444 0.29072025],6,1,"[0.3897435781344088, 0.3417040596068965]",1542,-1
15646,[0.79819413 0.77555402],1,4,"[0.7726811996944247, 0.7249303226766757]",401,0
15647,[0.28726956 0.31630527],0,5,"[0.23231087327800656, 0.30304944505444303]",1605,-1
15648,[0.51333852 0.5462816 ],5,6,"[0.5164739970238864, 0.5319253761973344]",1186,3
15649,[0.23666224 0.32827598],2,5,"[0.23231087327800656, 0.30304944505444303]",-1,-1
15650,[0.58028466 0.60237559],9,2,"[0.5921204552873188, 0.6383928111301557]",1424,6
15651,[0.46815933 0.30598607],6,-1,-1,337,-1
15652,[0.28592957 0.34481632],2,5,"[0.23231087327800656, 0.30304944505444303]",1584,-1
15653,[0.62626766 0.7427433 ],9,-1,-1,135,-1
15654,[0.3475799  0.18279035],2,9,"[0.3110394802231661, 0.23517199738277297]",-1,-1
15655,[0.82784568 0.70929679],1,4,"[0.7726811996944247, 0.7249303226766757]",360,0
15656,[0.34712836 0.23371435],6,9,"[0.3110394802231661, 0.23517199738277297]",633,-1
15657,[0.22808793 0.62380163],7,7,"[0.2817018170798153, 0.5849768676672948]",-1,-1
15658,[0.25888052 0.29159081],0,5,"[0.23231087327800656, 0.30304944505444303]",1645,-1
15659,[0.58893541 0.62238879],9,2,"[0.5921204552873188, 0.6383928111301557]",-1,6
15660,[0.42783142 0.32910898],6,1,"[0.3897435781344088, 0.3417040596068965]",979,-1
15661,[0.29075457 0.30509155],6,5,"[0.23231087327800656, 0.30304944505444303]",-1,-1
15662,[0.63295721 0.72119166],9,-1,-1,283,-1
15663,[0.32740317 0.50443011],3,8,"[0.27392971195344684, 0.45973140540928376]",-1,-1
15664,[0.34850235 0.47602558],4,-1,-1,-1,-1
15665,[0.29180385 0.29890832],2,5,"[0.23231087327800656, 0.30304944505444303]",-1,-1
15666,[0.27093063 0.39155327],0,8,"[0.27392971195344684, 0.45973140540928376]",1019,-1
15667,[0.34133    0.47860744],3,8,"[0.27392971195344684, 0.45973140540928376]",-1,-1
15668,[0.23658722 0.57780858],3,7,"[0.2817018170798153, 0.5849768676672948]",1344,-1
15669,[0.63860602 0.72361877],9,-1,-1,282,-1
15670,[0.34614228 0.61952465],3,-1,-1,1830,-1
15671,[0.56380342 0.53636327],5,6,"[0.5164739970238864, 0.5319253761973344]",-1,6
15672,[0.57762113 0.67137694],9,2,"[0.5921204552873188, 0.6383928111301557]",1121,-1
15673,[0.36922053 0.38139007],2,1,"[0.3897435781344088, 0.3417040596068965]",1009,-1
15674,[0.60740877 0.56424776],9,-1,-1,-1,-1
15675,[0.27298428 0.43914235],7,8,"[0.27392971195344684, 0.45973140540928376]",-1,-1
15676,[0.27962683 0.48039055],7,8,"[0.27392971195344684, 0.45973140540928376]",1728,-1
15677,[0.39222317 0.51892908],7,0,"[0.383291892093257, 0.5586820702346661]",1634,-1
15678,[0.23404747 0.2338177 ],0,5,"[0.23231087327800656, 0.30304944505444303]",-1,-1
15679,[0.2262979  0.21509089],0,-1,-1,-1,-1
15680,[0.2264243  0.51591835],7,-1,-1,1090,-1
15681,[0.34635984 0.51568173],3,0,"[0.383291892093257, 0.5586820702346661]",-1,-1
15682,[0.29392819 0.57814787],7,7,"[0.2817018170798153, 0.5849768676672948]",-1,-1
15683,[0.353216   0.39612029],6,1,"[0.3897435781344088, 0.3417040596068965]",-1,-1
15684,[0.25747996 0.3549235 ],0,5,"[0.23231087327800656, 0.30304944505444303]",-1,-1
15685,[0.28670827 0.47927492],7,8,"[0.27392971195344684, 0.45973140540928376]",1799,-1
15686,[0.2209219  0.58828765],4,7,"[0.2817018170798153, 0.5849768676672948]",380,-1
15687,[0.7329319  0.46930905],8,3,"[0.6815204869410737, 0.47689852788858716]",-1,-1
15688,[0.33772658 0.60600882],4,7,"[0.2817018170798153, 0.5849768676672948]",-1,-1
15689,[0.57136625 0.60057246],9,2,"[0.5921204552873188, 0.6383928111301557]",-1,6
15690,[0.34480049 0.38921679],2,1,"[0.3897435781344088, 0.3417040596068965]",992,-1
15691,[0.41488733 0.32610655],6,1,"[0.3897435781344088, 0.3417040596068965]",-1,-1
15692,[0.82149185 0.81640044],1,-1,-1,120,0
15693,[0.67643459 0.66700483],9,-1,-1,-1,-1
15694,[0.76002693 0.6374535 ],9,-1,-1,199,0
15695,[0.25723262 0.37935785],2,-1,-1,-1,-1
15696,[0.78690733 0.65488082],1,-1,-1,-1,0
15697,[0.57115151 0.63546474],9,2,"[0.5921204552873188, 0.6383928111301557]",-1,-1
15698,[0.59637579 0.54090125],8,-1,-1,1291,-1
15699,[0.3385394  0.29181092],0,9,"[0.3110394802231661, 0.23517199738277297]",1651,-1
15700,[0.59875442 0.59670972],5,2,"[0.5921204552873188, 0.6383928111301557]",-1,-1
15701,[0.26403128 0.56183938],4,7,"[0.2817018170798153, 0.5849768676672948]",-1,-1
15702,[0.30470965 0.58957962],3,7,"[0.2817018170798153, 0.5849768676672948]",-1,-1
15703,[0.692769  0.7643282],1,-1,-1,230,0
15704,[0.2551577  0.28746136],2,5,"[0.23231087327800656, 0.30304944505444303]",-1,-1
15705,[0.27248008 0.61905412],4,7,"[0.2817018170798153, 0.5849768676672948]",-1,-1
15706,[0.3218183  0.48999749],7,8,"[0.27392971195344684, 0.45973140540928376]",1868,-1
15707,[0.3476314  0.17680876],0,9,"[0.3110394802231661, 0.23517199738277297]",-1,-1
15708,[0.68732042 0.50103425],8,3,"[0.6815204869410737, 0.47689852788858716]",-1,2
15709,[0.27145966 0.58343785],7,7,"[0.2817018170798153, 0.5849768676672948]",-1,-1
15710,[0.86420417 0.69205173],1,-1,-1,-1,0
15711,[0.52814018 0.61448316],5,2,"[0.5921204552873188, 0.6383928111301557]",-1,-1
15712,[0.31459483 0.57580737],7,7,"[0.2817018170798153, 0.5849768676672948]",1961,-1
15713,[0.31990935 0.48339291],7,8,"[0.27392971195344684, 0.45973140540928376]",-1,-1
15714,[0.40552479 0.28576035],6,1,"[0.3897435781344088, 0.3417040596068965]",-1,-1
15715,[0.4123845  0.56956694],4,0,"[0.383291892093257, 0.5586820702346661]",1738,-1
15716,[0.21334743 0.34518666],2,5,"[0.23231087327800656, 0.30304944505444303]",1128,-1
15717,[0.26960693 0.39713842],0,8,"[0.27392971195344684, 0.45973140540928376]",1019,-1
15718,[0.34960597 0.49010909],3,-1,-1,-1,-1
15719,[0.38387028 0.53814792],3,0,"[0.383291892093257, 0.5586820702346661]",-1,-1
15720,[0.7961504  0.72488693],1,4,"[0.7726811996944247, 0.7249303226766757]",461,0
15721,[0.55599287 0.63652425],5,2,"[0.5921204552873188, 0.6383928111301557]",1278,6
15722,[0.21228482 0.4654137 ],7,8,"[0.27392971195344684, 0.45973140540928376]",331,-1
15723,[0.58514862 0.20649451],6,-1,-1,-1,-1
15724,[0.30797887 0.61202657],4,7,"[0.2817018170798153, 0.5849768676672948]",1762,-1
15725,[0.29907622 0.50762252],7,8,"[0.27392971195344684, 0.45973140540928376]",-1,-1
15726,[0.64331982 0.49076511],8,3,"[0.6815204869410737, 0.47689852788858716]",819,1
15727,[0.76758124 0.73432667],1,4,"[0.7726811996944247, 0.7249303226766757]",469,0
15728,[0.3696808  0.57853392],3,0,"[0.383291892093257, 0.5586820702346661]",1866,12
15729,[0.65060741 0.80193983],1,-1,-1,-1,-1
15730,[0.29989471 0.33062472],2,-1,-1,-1,-1
15731,[0.86788482 0.68841115],1,-1,-1,80,-1
15732,[0.58729472 0.67334927],9,2,"[0.5921204552873188, 0.6383928111301557]",710,-1
15733,[0.57870856 0.54415016],5,6,"[0.5164739970238864, 0.5319253761973344]",1233,-1
15734,[0.24817409 0.197404  ],0,-1,-1,526,-1
15735,[0.35386682 0.5677458 ],4,0,"[0.383291892093257, 0.5586820702346661]",-1,-1
15736,[0.27748112 0.47103709],6,8,"[0.27392971195344684, 0.45973140540928376]",1596,-1
15737,[0.67736231 0.53510852],8,3,"[0.6815204869410737, 0.47689852788858716]",673,-1
15738,[0.19942847 0.2692689 ],0,5,"[0.23231087327800656, 0.30304944505444303]",-1,-1
15739,[0.25160965 0.20493677],0,9,"[0.3110394802231661, 0.23517199738277297]",746,-1
15740,[0.34944068 0.41612466],7,-1,-1,870,-1
15741,[0.30857623 0.29435596],2,9,"[0.3110394802231661, 0.23517199738277297]",1614,11
15742,[0.2666764 0.1748098],0,-1,-1,239,-1
15743,[0.2901711  0.25481793],2,9,"[0.3110394802231661, 0.23517199738277297]",-1,-1
15744,[0.2818825  0.51452522],4,8,"[0.27392971195344684, 0.45973140540928376]",1887,-1
15745,[0.58276156 0.51519315],5,6,"[0.5164739970238864, 0.5319253761973344]",1035,-1
15746,[0.72678994 0.48872527],8,3,"[0.6815204869410737, 0.47689852788858716]",-1,-1
15747,[0.27459932 0.48720496],4,8,"[0.27392971195344684, 0.45973140540928376]",1797,-1
15748,[0.30012247 0.45729907],3,8,"[0.27392971195344684, 0.45973140540928376]",1374,-1
15749,[0.61310168 0.59368558],5,2,"[0.5921204552873188, 0.6383928111301557]",1323,-1
15750,[0.49766906 0.58160333],5,6,"[0.5164739970238864, 0.5319253761973344]",-1,-1
15751,[0.33115877 0.39013353],4,-1,-1,1215,-1
15752,[0.68895881 0.49468819],8,3,"[0.6815204869410737, 0.47689852788858716]",836,2
15753,[0.31130198 0.28267527],0,9,"[0.3110394802231661, 0.23517199738277297]",1614,-1
15754,[0.27452758 0.56067204],7,7,"[0.2817018170798153, 0.5849768676672948]",1875,-1
15755,[0.43118188 0.59877076],3,0,"[0.383291892093257, 0.5586820702346661]",-1,-1
15756,[0.81067749 0.65339427],1,-1,-1,255,0
15757,[0.24515872 0.23392092],0,9,"[0.3110394802231661, 0.23517199738277297]",983,-1
15758,[0.47567794 0.52176518],5,6,"[0.5164739970238864, 0.5319253761973344]",1002,-1
15759,[0.61335241 0.42355818],8,-1,-1,-1,-1
15760,[0.78858864 0.79850043],1,-1,-1,318,0
15761,[0.32250721 0.34861217],6,1,"[0.3897435781344088, 0.3417040596068965]",-1,-1
15762,[0.62795688 0.63516778],9,2,"[0.5921204552873188, 0.6383928111301557]",1162,-1
15763,[0.24384711 0.29291458],0,5,"[0.23231087327800656, 0.30304944505444303]",-1,-1
15764,[0.24208689 0.54576487],7,7,"[0.2817018170798153, 0.5849768676672948]",1481,-1
15765,[0.30100409 0.47160054],7,8,"[0.27392971195344684, 0.45973140540928376]",-1,-1
15766,[0.29024267 0.52399471],7,7,"[0.2817018170798153, 0.5849768676672948]",1910,14
15767,[0.45067214 0.2808303 ],6,-1,-1,720,-1
15768,[0.3187622  0.28571563],2,9,"[0.3110394802231661, 0.23517199738277297]",1576,-1
15769,[0.51481306 0.59488065],9,6,"[0.5164739970238864, 0.5319253761973344]",-1,-1
15770,[0.65541717 0.38102725],8,-1,-1,242,-1
15771,[0.20347595 0.35700432],2,5,"[0.23231087327800656, 0.30304944505444303]",-1,-1
15772,[0.27868126 0.48226857],4,8,"[0.27392971195344684, 0.45973140540928376]",1728,-1
15773,[0.43971175 0.49520882],3,-1,-1,-1,-1
15774,[0.16689926 0.44869771],7,-1,-1,-1,-1
15775,[0.64555403 0.42307827],5,3,"[0.6815204869410737, 0.47689852788858716]",-1,-1
15776,[0.8385316 0.6790423],1,-1,-1,-1,0
15777,[0.6848486 0.4726918],8,3,"[0.6815204869410737, 0.47689852788858716]",-1,2
15778,[0.6641379  0.41922199],8,3,"[0.6815204869410737, 0.47689852788858716]",515,-1
15779,[0.39445305 0.40140636],6,1,"[0.3897435781344088, 0.3417040596068965]",-1,-1
15780,[0.7823072  0.59501467],1,-1,-1,-1,-1
15781,[0.24752495 0.16503962],0,-1,-1,148,-1
15782,[0.71820198 0.5239518 ],8,3,"[0.6815204869410737, 0.47689852788858716]",-1,-1
15783,[0.75917058 0.70113642],1,4,"[0.7726811996944247, 0.7249303226766757]",460,0
15784,[0.2001089  0.27267385],0,5,"[0.23231087327800656, 0.30304944505444303]",-1,-1
15785,[0.36116758 0.58501659],3,0,"[0.383291892093257, 0.5586820702346661]",1847,12
15786,[0.72207838 0.66867729],1,-1,-1,357,0
15787,[0.33690927 0.37464976],2,1,"[0.3897435781344088, 0.3417040596068965]",1348,-1
15788,[0.2959517  0.48208571],7,8,"[0.27392971195344684, 0.45973140540928376]",-1,-1
15789,[0.23164307 0.28284419],0,5,"[0.23231087327800656, 0.30304944505444303]",1531,-1
15790,[0.3181158 0.5173573],7,-1,-1,-1,-1
15791,[0.51636234 0.46567139],5,6,"[0.5164739970238864, 0.5319253761973344]",-1,-1
15792,[0.39065567 0.32221406],6,1,"[0.3897435781344088, 0.3417040596068965]",-1,-1
15793,[0.40864569 0.34827797],6,1,"[0.3897435781344088, 0.3417040596068965]",986,-1
15794,[0.77152445 0.50328681],8,-1,-1,190,-1
15795,[0.31152773 0.50378305],4,8,"[0.27392971195344684, 0.45973140540928376]",1922,-1
15796,[0.36217602 0.30323088],2,1,"[0.3897435781344088, 0.3417040596068965]",1543,-1
15797,[0.55675585 0.63518584],5,2,"[0.5921204552873188, 0.6383928111301557]",1278,6
15798,[0.22886382 0.34314096],2,5,"[0.23231087327800656, 0.30304944505444303]",1521,-1
15799,[0.22273696 0.22489758],0,-1,-1,871,-1
15800,[0.3292314  0.46644274],2,8,"[0.27392971195344684, 0.45973140540928376]",1523,-1
15801,[0.2442012  0.22255041],0,9,"[0.3110394802231661, 0.23517199738277297]",-1,-1
15802,[0.18651506 0.5676274 ],7,-1,-1,-1,-1
15803,[0.2315556 0.3580872],6,5,"[0.23231087327800656, 0.30304944505444303]",1126,-1
15804,[0.67500358 0.44210872],8,3,"[0.6815204869410737, 0.47689852788858716]",735,-1
15805,[0.19196715 0.51927746],7,-1,-1,166,-1
15806,[0.30146534 0.54035925],3,7,"[0.2817018170798153, 0.5849768676672948]",-1,-1
15807,[0.15065974 0.22306663],0,-1,-1,124,-1
15808,[0.27076057 0.21088446],0,9,"[0.3110394802231661, 0.23517199738277297]",-1,-1
15809,[0.53225998 0.554549  ],9,6,"[0.5164739970238864, 0.5319253761973344]",1359,-1
15810,[0.67644003 0.59025124],9,-1,-1,338,-1
15811,[0.60171459 0.40949919],8,-1,-1,164,-1
15812,[0.26311732 0.37429943],2,-1,-1,1221,-1
15813,[0.76617445 0.3974801 ],8,-1,-1,-1,-1
15814,[0.40081684 0.2446323 ],0,-1,-1,-1,-1
15815,[0.56178289 0.48501631],8,6,"[0.5164739970238864, 0.5319253761973344]",-1,-1
15816,[0.84333304 0.69960993],1,-1,-1,-1,0
15817,[0.65401413 0.48110133],8,3,"[0.6815204869410737, 0.47689852788858716]",825,1
15818,[0.80624583 0.84492947],1,-1,-1,38,-1
15819,[0.87361449 0.6215493 ],1,-1,-1,-1,-1
15820,[0.6382752  0.67202563],9,2,"[0.5921204552873188, 0.6383928111301557]",-1,-1
15821,[0.42290172 0.42283236],2,-1,-1,403,-1
15822,[0.82117485 0.73260258],1,4,"[0.7726811996944247, 0.7249303226766757]",-1,0
15823,[0.45545766 0.35222781],6,1,"[0.3897435781344088, 0.3417040596068965]",-1,-1
15824,[0.58448642 0.61704764],5,2,"[0.5921204552873188, 0.6383928111301557]",1419,-1
15825,[0.88833927 0.85157679],1,-1,-1,-1,-1
15826,[0.34555272 0.22616741],0,9,"[0.3110394802231661, 0.23517199738277297]",566,-1
15827,[0.78958428 0.45468806],8,-1,-1,-1,-1
15828,[0.36421721 0.56972371],3,0,"[0.383291892093257, 0.5586820702346661]",1850,-1
15829,[0.3929355  0.25119742],6,-1,-1,-1,-1
15830,[0.26550746 0.59391892],4,7,"[0.2817018170798153, 0.5849768676672948]",1655,-1
15831,[0.27060946 0.26440054],6,9,"[0.3110394802231661, 0.23517199738277297]",1606,-1
15832,[0.35765145 0.57993326],4,0,"[0.383291892093257, 0.5586820702346661]",1843,12
15833,[0.27365186 0.62649857],4,7,"[0.2817018170798153, 0.5849768676672948]",394,-1
15834,[0.57466719 0.61353013],5,2,"[0.5921204552873188, 0.6383928111301557]",-1,6
15835,[0.39281225 0.22910942],6,-1,-1,204,-1
15836,[0.46428316 0.32739322],6,-1,-1,-1,-1
15837,[0.27717346 0.46333596],4,8,"[0.27392971195344684, 0.45973140540928376]",1404,-1
15838,[0.35850708 0.52466031],4,0,"[0.383291892093257, 0.5586820702346661]",1929,-1
15839,[0.63737254 0.66874939],9,2,"[0.5921204552873188, 0.6383928111301557]",-1,-1
15840,[0.14235125 0.42593446],0,-1,-1,-1,-1
15841,[0.63831082 0.47535259],8,3,"[0.6815204869410737, 0.47689852788858716]",823,-1
15842,[0.76916835 0.64220701],1,-1,-1,-1,0
15843,[0.70140192 0.75456981],1,-1,-1,-1,0
15844,[0.48240355 0.60768126],5,-1,-1,737,-1
15845,[0.50281971 0.56080221],5,6,"[0.5164739970238864, 0.5319253761973344]",1322,-1
15846,[0.29704066 0.49914591],7,8,"[0.27392971195344684, 0.45973140540928376]",1889,-1
15847,[0.68876297 0.46462127],8,3,"[0.6815204869410737, 0.47689852788858716]",813,-1
15848,[0.37807983 0.3154477 ],2,1,"[0.3897435781344088, 0.3417040596068965]",1462,-1
15849,[0.2490256  0.32167889],2,5,"[0.23231087327800656, 0.30304944505444303]",1503,7
15850,[0.59488022 0.54201812],5,-1,-1,1291,-1
15851,[0.74775928 0.46643939],8,3,"[0.6815204869410737, 0.47689852788858716]",513,-1
15852,[0.23587365 0.20589484],0,-1,-1,-1,-1
15853,[0.33407585 0.57009767],3,0,"[0.383291892093257, 0.5586820702346661]",1975,-1
15854,[0.65909333 0.72419881],9,-1,-1,-1,-1
15855,[0.29922956 0.5537147 ],7,7,"[0.2817018170798153, 0.5849768676672948]",-1,-1
15856,[0.61131993 0.60328816],9,2,"[0.5921204552873188, 0.6383928111301557]",-1,-1
15857,[0.52975584 0.63924197],9,2,"[0.5921204552873188, 0.6383928111301557]",-1,-1
15858,[0.28257476 0.26047058],2,9,"[0.3110394802231661, 0.23517199738277297]",-1,-1
15859,[0.74749872 0.45004814],8,-1,-1,263,-1
15860,[0.38800003 0.3839662 ],6,1,"[0.3897435781344088, 0.3417040596068965]",-1,-1
15861,[0.38371703 0.64467307],4,-1,-1,-1,-1
15862,[0.67945721 0.45371033],8,3,"[0.6815204869410737, 0.47689852788858716]",735,-1
15863,[0.23048398 0.44085237],4,8,"[0.27392971195344684, 0.45973140540928376]",586,-1
15864,[0.80904471 0.65417099],1,-1,-1,255,0
15865,[0.59085882 0.58347127],9,2,"[0.5921204552873188, 0.6383928111301557]",1325,-1
15866,[0.2789984  0.25389579],0,9,"[0.3110394802231661, 0.23517199738277297]",-1,-1
15867,[0.29017126 0.35785744],2,-1,-1,1479,-1
15868,[0.42758518 0.59211877],3,0,"[0.383291892093257, 0.5586820702346661]",1703,-1
15869,[0.23008837 0.18486362],0,-1,-1,-1,-1
15870,[0.74533784 0.77696502],1,4,"[0.7726811996944247, 0.7249303226766757]",301,0
15871,[0.20945757 0.34132304],0,5,"[0.23231087327800656, 0.30304944505444303]",-1,-1
15872,[0.38381398 0.25921125],2,-1,-1,790,-1
15873,[0.62979223 0.55578859],9,-1,-1,1104,-1
15874,[0.32665172 0.60356784],4,7,"[0.2817018170798153, 0.5849768676672948]",1544,-1
15875,[0.29418676 0.20595748],0,9,"[0.3110394802231661, 0.23517199738277297]",-1,-1
15876,[0.38922752 0.48099972],7,-1,-1,-1,-1
15877,[0.29958272 0.38485997],6,-1,-1,1208,-1
15878,[0.439765   0.36071577],6,1,"[0.3897435781344088, 0.3417040596068965]",552,-1
15879,[0.14488963 0.36267164],2,-1,-1,-1,-1
15880,[0.22219592 0.40791314],2,-1,-1,502,-1
15881,[0.38684718 0.36459281],6,1,"[0.3897435781344088, 0.3417040596068965]",1064,-1
15882,[0.50167089 0.615518  ],3,-1,-1,-1,-1
15883,[0.38765892 0.34923302],6,1,"[0.3897435781344088, 0.3417040596068965]",-1,-1
15884,[0.47071297 0.59270848],5,-1,-1,-1,4
15885,[0.56643726 0.57675149],5,2,"[0.5921204552873188, 0.6383928111301557]",1458,6
15886,[0.73199742 0.51932375],8,3,"[0.6815204869410737, 0.47689852788858716]",487,-1
15887,[0.44160612 0.58265599],3,0,"[0.383291892093257, 0.5586820702346661]",-1,4
15888,[0.77516938 0.36473413],8,-1,-1,-1,-1
15889,[0.16389935 0.42603441],7,-1,-1,-1,-1
15890,[0.45741623 0.35446862],6,1,"[0.3897435781344088, 0.3417040596068965]",-1,-1
15891,[0.38444704 0.51750012],3,0,"[0.383291892093257, 0.5586820702346661]",1781,-1
15892,[0.14868408 0.33831231],2,-1,-1,108,-1
15893,[0.64025968 0.62942936],9,2,"[0.5921204552873188, 0.6383928111301557]",-1,-1
15894,[0.27036809 0.55397416],7,7,"[0.2817018170798153, 0.5849768676672948]",1698,-1
15895,[0.46194738 0.57094336],5,6,"[0.5164739970238864, 0.5319253761973344]",1231,-1
15896,[0.82470983 0.66402971],1,-1,-1,-1,0
15897,[0.34289825 0.22805363],6,9,"[0.3110394802231661, 0.23517199738277297]",566,-1
15898,[0.16166241 0.30708495],0,-1,-1,-1,-1
15899,[0.81623394 0.76013662],1,4,"[0.7726811996944247, 0.7249303226766757]",405,0
15900,[0.45337469 0.7394816 ],9,-1,-1,-1,-1
15901,[0.40971941 0.54153719],3,0,"[0.383291892093257, 0.5586820702346661]",-1,-1
15902,[0.27159207 0.20746549],0,9,"[0.3110394802231661, 0.23517199738277297]",648,-1
15903,[0.28434731 0.32698974],2,5,"[0.23231087327800656, 0.30304944505444303]",-1,-1
15904,[0.2012845  0.57888146],7,-1,-1,-1,-1
15905,[0.41722571 0.29354285],6,1,"[0.3897435781344088, 0.3417040596068965]",-1,-1
15906,[0.37193258 0.4972523 ],3,0,"[0.383291892093257, 0.5586820702346661]",1741,-1
15907,[0.23334144 0.24648981],0,5,"[0.23231087327800656, 0.30304944505444303]",-1,-1
15908,[0.48826029 0.51086243],3,6,"[0.5164739970238864, 0.5319253761973344]",936,-1
15909,[0.35295072 0.34687721],2,1,"[0.3897435781344088, 0.3417040596068965]",-1,-1
15910,[0.66968005 0.42798338],8,3,"[0.6815204869410737, 0.47689852788858716]",612,-1
15911,[0.16404304 0.45675471],7,-1,-1,-1,-1
15912,[0.6398039  0.72157963],9,-1,-1,282,-1
15913,[0.45620027 0.30331743],6,-1,-1,473,-1
15914,[0.80340212 0.66272188],1,4,"[0.7726811996944247, 0.7249303226766757]",255,0
15915,[0.32456242 0.24924013],2,9,"[0.3110394802231661, 0.23517199738277297]",1489,-1
15916,[0.31117142 0.28933085],0,9,"[0.3110394802231661, 0.23517199738277297]",1614,11
15917,[0.39916527 0.67576303],3,-1,-1,247,-1
15918,[0.54562486 0.56423884],9,6,"[0.5164739970238864, 0.5319253761973344]",-1,6
15919,[0.49749066 0.60122554],9,-1,-1,1063,-1
15920,[0.31076137 0.3099297 ],6,-1,-1,1648,-1
15921,[0.7218384 0.7372182],1,4,"[0.7726811996944247, 0.7249303226766757]",381,0
15922,[0.41585915 0.63161867],3,-1,-1,1388,-1
15923,[0.51907683 0.71908576],9,-1,-1,-1,-1
15924,[0.32595347 0.47741625],7,8,"[0.27392971195344684, 0.45973140540928376]",1475,-1
15925,[0.24619408 0.58040241],4,7,"[0.2817018170798153, 0.5849768676672948]",1563,-1
15926,[0.33062249 0.25097598],0,9,"[0.3110394802231661, 0.23517199738277297]",1489,-1
15927,[0.21154836 0.4340111 ],7,8,"[0.27392971195344684, 0.45973140540928376]",266,-1
15928,[0.53434369 0.57624936],5,6,"[0.5164739970238864, 0.5319253761973344]",1372,-1
15929,[0.67217984 0.65033696],1,-1,-1,-1,-1
15930,[0.65118323 0.66751043],8,2,"[0.5921204552873188, 0.6383928111301557]",641,-1
15931,[0.74841676 0.45173031],8,-1,-1,263,-1
15932,[0.28334853 0.24428366],0,9,"[0.3110394802231661, 0.23517199738277297]",1602,-1
15933,[0.47388646 0.44729707],5,-1,-1,179,-1
15934,[0.53708804 0.65624926],5,2,"[0.5921204552873188, 0.6383928111301557]",1056,-1
15935,[0.7768334  0.67428976],1,4,"[0.7726811996944247, 0.7249303226766757]",-1,0
15936,[0.32101408 0.28857081],6,9,"[0.3110394802231661, 0.23517199738277297]",-1,-1
15937,[0.80468745 0.77746373],1,4,"[0.7726811996944247, 0.7249303226766757]",-1,0
15938,[0.47599778 0.62928638],5,-1,-1,647,-1
15939,[0.45995992 0.45179269],3,-1,-1,-1,-1
15940,[0.30351687 0.53684746],7,7,"[0.2817018170798153, 0.5849768676672948]",-1,-1
15941,[0.29762461 0.21895483],0,9,"[0.3110394802231661, 0.23517199738277297]",-1,-1
15942,[0.7574672  0.60652962],1,-1,-1,-1,-1
15943,[0.75412856 0.68751499],1,4,"[0.7726811996944247, 0.7249303226766757]",432,0
15944,[0.26349052 0.29666002],2,5,"[0.23231087327800656, 0.30304944505444303]",-1,-1
15945,[0.46696149 0.2411164 ],6,-1,-1,82,-1
15946,[0.27176425 0.48654454],4,8,"[0.27392971195344684, 0.45973140540928376]",-1,-1
15947,[0.43784644 0.51797172],5,0,"[0.383291892093257, 0.5586820702346661]",-1,-1
15948,[0.88433165 0.74768431],1,-1,-1,87,-1
15949,[0.41765254 0.37916026],6,1,"[0.3897435781344088, 0.3417040596068965]",-1,-1
15950,[0.31751525 0.55820207],3,7,"[0.2817018170798153, 0.5849768676672948]",-1,17
15951,[0.34210504 0.59113724],7,0,"[0.383291892093257, 0.5586820702346661]",1834,-1
15952,[0.52810378 0.64048486],9,2,"[0.5921204552873188, 0.6383928111301557]",-1,-1
15953,[0.34449667 0.44617316],2,-1,-1,-1,-1
15954,[0.40990885 0.30192715],6,1,"[0.3897435781344088, 0.3417040596068965]",889,-1
15955,[0.22237102 0.22253038],0,-1,-1,871,-1
15956,[0.28271619 0.61083241],3,7,"[0.2817018170798153, 0.5849768676672948]",-1,-1
15957,[0.23882873 0.49402941],4,8,"[0.27392971195344684, 0.45973140540928376]",1280,-1
15958,[0.89486203 0.76091249],1,-1,-1,-1,-1
15959,[0.74677049 0.80293646],1,-1,-1,288,0
15960,[0.40364876 0.26353099],6,-1,-1,842,-1
15961,[0.30066622 0.55961676],4,7,"[0.2817018170798153, 0.5849768676672948]",-1,-1
15962,[0.44666532 0.56344052],3,0,"[0.383291892093257, 0.5586820702346661]",1281,-1
15963,[0.36262725 0.25251463],6,9,"[0.3110394802231661, 0.23517199738277297]",-1,-1
15964,[0.77657362 0.72016309],1,4,"[0.7726811996944247, 0.7249303226766757]",-1,0
15965,[0.58485152 0.48151944],8,-1,-1,-1,-1
15966,[0.884772   0.80063644],1,-1,-1,-1,-1
15967,[0.36958131 0.29986926],0,1,"[0.3897435781344088, 0.3417040596068965]",-1,-1
15968,[0.38995423 0.3594092 ],6,1,"[0.3897435781344088, 0.3417040596068965]",1065,-1
15969,[0.31035953 0.24020207],0,9,"[0.3110394802231661, 0.23517199738277297]",1498,-1
15970,[0.44295092 0.49854741],6,-1,-1,-1,-1
15971,[0.28148251 0.40569648],0,8,"[0.27392971195344684, 0.45973140540928376]",748,-1
15972,[0.69961317 0.4354269 ],8,3,"[0.6815204869410737, 0.47689852788858716]",596,-1
15973,[0.3394174 0.5437583],3,0,"[0.383291892093257, 0.5586820702346661]",1945,-1
15974,[0.59012766 0.75252916],9,-1,-1,123,-1
15975,[0.29308261 0.62963402],4,7,"[0.2817018170798153, 0.5849768676672948]",-1,-1
15976,[0.66592647 0.41814579],8,3,"[0.6815204869410737, 0.47689852788858716]",515,-1
15977,[0.79460087 0.61030634],1,-1,-1,78,-1
15978,[0.72705331 0.69143563],1,4,"[0.7726811996944247, 0.7249303226766757]",-1,0
15979,[0.3889313  0.36407564],2,1,"[0.3897435781344088, 0.3417040596068965]",1064,-1
15980,[0.22324387 0.33162557],0,5,"[0.23231087327800656, 0.30304944505444303]",1338,-1
15981,[0.38369211 0.61652419],4,0,"[0.383291892093257, 0.5586820702346661]",-1,-1
15982,[0.5739272  0.59513553],5,2,"[0.5921204552873188, 0.6383928111301557]",1442,6
15983,[0.73740627 0.6187904 ],8,-1,-1,131,-1
15984,[0.20497305 0.59089024],4,-1,-1,181,-1
15985,[0.2800328  0.31401673],2,5,"[0.23231087327800656, 0.30304944505444303]",1585,-1
15986,[0.29465535 0.64139338],4,7,"[0.2817018170798153, 0.5849768676672948]",-1,-1
15987,[0.49299913 0.57806128],5,6,"[0.5164739970238864, 0.5319253761973344]",-1,-1
15988,[0.61644813 0.5618729 ],9,-1,-1,910,-1
15989,[0.32899983 0.33673013],2,1,"[0.3897435781344088, 0.3417040596068965]",1616,-1
15990,[0.56893003 0.62873827],9,2,"[0.5921204552873188, 0.6383928111301557]",1287,-1
15991,[0.32183047 0.23271932],0,9,"[0.3110394802231661, 0.23517199738277297]",-1,-1
15992,[0.31628752 0.16369926],0,-1,-1,-1,-1
15993,[0.57208696 0.58438097],5,2,"[0.5921204552873188, 0.6383928111301557]",-1,6
15994,[0.70359748 0.52045532],8,3,"[0.6815204869410737, 0.47689852788858716]",570,-1
15995,[0.2599808  0.23186342],0,9,"[0.3110394802231661, 0.23517199738277297]",1137,-1
15996,[0.33483736 0.58799649],3,7,"[0.2817018170798153, 0.5849768676672948]",1940,-1
15997,[0.29342997 0.38903507],2,-1,-1,1068,-1
15998,[0.84091717 0.63281647],1,-1,-1,107,-1
15999,[0.60370406 0.69144553],9,2,"[0.5921204552873188, 0.6383928111301557]",-1,-1
16000,[0.43908162 0.29502704],6,1,"[0.3897435781344088, 0.3417040596068965]",-1,-1
16001,[0.357439   0.62793923],3,-1,-1,1304,-1
16002,[0.35231859 0.60848161],3,0,"[0.383291892093257, 0.5586820702346661]",1833,-1
16003,[0.80826725 0.74960869],1,4,"[0.7726811996944247, 0.7249303226766757]",-1,0
16004,[0.27383051 0.56963208],7,7,"[0.2817018170798153, 0.5849768676672948]",-1,-1
16005,[0.54477565 0.56665239],5,6,"[0.5164739970238864, 0.5319253761973344]",1441,6
16006,[0.41130552 0.58924668],3,0,"[0.383291892093257, 0.5586820702346661]",1718,-1
16007,[0.24552003 0.62495275],7,7,"[0.2817018170798153, 0.5849768676672948]",347,-1
16008,[0.39857903 0.3390991 ],6,1,"[0.3897435781344088, 0.3417040596068965]",1004,-1
16009,[0.21500611 0.53896764],4,-1,-1,-1,-1
16010,[0.54908313 0.54759073],5,6,"[0.5164739970238864, 0.5319253761973344]",1408,-1
16011,[0.35214955 0.48120468],4,-1,-1,1854,-1
16012,[0.43965841 0.37780952],6,1,"[0.3897435781344088, 0.3417040596068965]",741,-1
16013,[0.38437281 0.58031076],3,0,"[0.383291892093257, 0.5586820702346661]",1825,-1
16014,[0.26815299 0.45309641],4,8,"[0.27392971195344684, 0.45973140540928376]",1247,-1
16015,[0.1369783  0.46288953],7,-1,-1,-1,-1
16016,[0.32180033 0.60023235],3,7,"[0.2817018170798153, 0.5849768676672948]",1939,-1
16017,[0.29167286 0.35309217],2,-1,-1,1479,-1
16018,[0.64657315 0.56721792],5,-1,-1,1110,-1
16019,[0.30602455 0.47059238],7,8,"[0.27392971195344684, 0.45973140540928376]",1733,-1
16020,[0.44078391 0.50838625],5,-1,-1,1059,-1
16021,[0.58207084 0.57841304],5,2,"[0.5921204552873188, 0.6383928111301557]",1324,6
16022,[0.67224339 0.60781195],9,-1,-1,-1,-1
16023,[0.2747848  0.43514056],7,8,"[0.27392971195344684, 0.45973140540928376]",1236,-1
16024,[0.26410409 0.54074088],7,7,"[0.2817018170798153, 0.5849768676672948]",1743,-1
16025,[0.62162849 0.47533772],5,3,"[0.6815204869410737, 0.47689852788858716]",627,-1
16026,[0.47755273 0.37432149],6,-1,-1,-1,-1
16027,[0.67431038 0.58780202],9,-1,-1,338,-1
16028,[0.221971   0.31112946],0,5,"[0.23231087327800656, 0.30304944505444303]",1421,-1
16029,[0.76636481 0.40783847],8,-1,-1,65,-1
16030,[0.20847703 0.28958223],2,5,"[0.23231087327800656, 0.30304944505444303]",1109,-1
16031,[0.35114607 0.51291589],3,0,"[0.383291892093257, 0.5586820702346661]",-1,-1
16032,[0.69251314 0.54771018],8,-1,-1,600,-1
16033,[0.59499976 0.71243935],9,-1,-1,423,-1
16034,[0.34551944 0.55938446],3,0,"[0.383291892093257, 0.5586820702346661]",-1,-1
16035,[0.48628313 0.52870448],3,6,"[0.5164739970238864, 0.5319253761973344]",-1,-1
16036,[0.44503568 0.61289169],3,-1,-1,-1,-1
16037,[0.33440204 0.6024628 ],3,7,"[0.2817018170798153, 0.5849768676672948]",1864,-1
16038,[0.53726469 0.54371866],5,6,"[0.5164739970238864, 0.5319253761973344]",1365,-1
16039,[0.41189218 0.58944114],3,0,"[0.383291892093257, 0.5586820702346661]",1718,-1
16040,[0.63579518 0.43710367],8,3,"[0.6815204869410737, 0.47689852788858716]",678,-1
16041,[0.26581665 0.61886194],4,7,"[0.2817018170798153, 0.5849768676672948]",539,-1
16042,[0.41278015 0.63808615],3,-1,-1,1046,-1
16043,[0.38327712 0.2283972 ],6,-1,-1,-1,-1
16044,[0.87495591 0.74726373],1,-1,-1,87,0
16045,[0.37115477 0.26899867],6,9,"[0.3110394802231661, 0.23517199738277297]",1101,-1
16046,[0.81467838 0.69772815],1,4,"[0.7726811996944247, 0.7249303226766757]",365,0
16047,[0.39336684 0.56785787],3,0,"[0.383291892093257, 0.5586820702346661]",-1,-1
16048,[0.43368297 0.49177422],7,-1,-1,-1,-1
16049,[0.39366124 0.32821511],6,1,"[0.3897435781344088, 0.3417040596068965]",-1,-1
16050,[0.83769754 0.70406389],1,4,"[0.7726811996944247, 0.7249303226766757]",346,0
16051,[0.72100099 0.47206297],8,3,"[0.6815204869410737, 0.47689852788858716]",-1,-1
16052,[0.68528179 0.55811183],8,-1,-1,673,-1
16053,[0.38153287 0.51468279],4,0,"[0.383291892093257, 0.5586820702346661]",-1,-1
16054,[0.75864609 0.78259448],1,4,"[0.7726811996944247, 0.7249303226766757]",-1,0
16055,[0.29621742 0.59463121],4,7,"[0.2817018170798153, 0.5849768676672948]",1820,-1
16056,[0.23452718 0.26838771],0,5,"[0.23231087327800656, 0.30304944505444303]",-1,-1
16057,[0.45869893 0.55548444],7,6,"[0.5164739970238864, 0.5319253761973344]",1271,-1
16058,[0.33631492 0.64859448],3,-1,-1,900,-1
16059,[0.59118984 0.56138909],9,-1,-1,1253,-1
16060,[0.68239837 0.40590234],8,-1,-1,-1,-1
16061,[0.4191299  0.55675483],3,0,"[0.383291892093257, 0.5586820702346661]",-1,-1
16062,[0.66016504 0.56965912],5,-1,-1,893,-1
16063,[0.6410636  0.51024364],8,3,"[0.6815204869410737, 0.47689852788858716]",866,1
16064,[0.39277198 0.31478117],6,1,"[0.3897435781344088, 0.3417040596068965]",1050,-1
16065,[0.25367344 0.51655824],4,8,"[0.27392971195344684, 0.45973140540928376]",-1,-1
16066,[0.45522949 0.16381231],6,-1,-1,-1,-1
16067,[0.34775617 0.31550367],6,1,"[0.3897435781344088, 0.3417040596068965]",1525,-1
16068,[0.23195833 0.3687024 ],2,5,"[0.23231087327800656, 0.30304944505444303]",1085,-1
16069,[0.33653551 0.50558203],3,-1,-1,1880,-1
16070,[0.52340465 0.5435151 ],3,6,"[0.5164739970238864, 0.5319253761973344]",-1,3
16071,[0.8307206  0.75014254],1,4,"[0.7726811996944247, 0.7249303226766757]",-1,0
16072,[0.26717524 0.68353656],4,-1,-1,-1,-1
16073,[0.34810119 0.30084213],6,1,"[0.3897435781344088, 0.3417040596068965]",1529,-1
16074,[0.7414339  0.51237347],8,3,"[0.6815204869410737, 0.47689852788858716]",480,-1
16075,[0.74552054 0.39292643],8,-1,-1,-1,-1
16076,[0.40214435 0.31878544],6,1,"[0.3897435781344088, 0.3417040596068965]",966,-1
16077,[0.6398816  0.73356666],9,-1,-1,-1,-1
16078,[0.61204569 0.4388343 ],8,-1,-1,-1,-1
16079,[0.67141108 0.55320104],8,-1,-1,670,-1
16080,[0.38607697 0.33072048],0,1,"[0.3897435781344088, 0.3417040596068965]",-1,-1
16081,[0.39656913 0.53824253],3,0,"[0.383291892093257, 0.5586820702346661]",1629,-1
16082,[0.45883997 0.56603044],3,6,"[0.5164739970238864, 0.5319253761973344]",-1,-1
16083,[0.59150899 0.45818321],8,-1,-1,607,-1
16084,[0.5503339  0.58189179],9,6,"[0.5164739970238864, 0.5319253761973344]",-1,6
16085,[0.32716709 0.55514783],7,7,"[0.2817018170798153, 0.5849768676672948]",-1,17
16086,[0.27573495 0.31625532],2,5,"[0.23231087327800656, 0.30304944505444303]",1585,9
16087,[0.22049572 0.29699092],2,5,"[0.23231087327800656, 0.30304944505444303]",-1,-1
16088,[0.52277649 0.61937667],9,-1,-1,1146,-1
16089,[0.52899681 0.51262309],5,6,"[0.5164739970238864, 0.5319253761973344]",-1,-1
16090,[0.34847173 0.59932945],4,0,"[0.383291892093257, 0.5586820702346661]",1833,-1
16091,[0.35425254 0.51582757],4,0,"[0.383291892093257, 0.5586820702346661]",1926,-1
16092,[0.35489194 0.50229857],7,0,"[0.383291892093257, 0.5586820702346661]",1802,-1
16093,[0.41841249 0.61233383],3,0,"[0.383291892093257, 0.5586820702346661]",1473,-1
16094,[0.629422  0.5677916],5,-1,-1,-1,-1
16095,[0.45965986 0.64953229],5,-1,-1,243,-1
16096,[0.53184997 0.61659914],5,2,"[0.5921204552873188, 0.6383928111301557]",-1,-1
16097,[0.468028 0.2386  ],6,-1,-1,82,-1
16098,[0.31041114 0.34425854],6,-1,-1,-1,8
16099,[0.28053035 0.65935228],3,-1,-1,187,-1
16100,[0.73337879 0.53047572],8,-1,-1,402,-1
16101,[0.28571689 0.36336788],2,-1,-1,1260,-1
16102,[0.30053057 0.59419896],7,7,"[0.2817018170798153, 0.5849768676672948]",1820,-1
16103,[0.71926971 0.70813558],1,4,"[0.7726811996944247, 0.7249303226766757]",-1,0
16104,[0.38485289 0.48154579],5,-1,-1,1042,-1
16105,[0.63957541 0.37821995],8,-1,-1,-1,-1
16106,[0.28569509 0.48079838],4,8,"[0.27392971195344684, 0.45973140540928376]",1799,-1
16107,[0.44686849 0.57354845],5,0,"[0.383291892093257, 0.5586820702346661]",-1,-1
16108,[0.38293218 0.63089219],3,-1,-1,894,-1
16109,[0.54135697 0.63373   ],9,2,"[0.5921204552873188, 0.6383928111301557]",1262,-1
16110,[0.55660325 0.63556839],9,2,"[0.5921204552873188, 0.6383928111301557]",1278,6
16111,[0.26883901 0.28334874],0,5,"[0.23231087327800656, 0.30304944505444303]",-1,-1
16112,[0.29851275 0.21317724],0,9,"[0.3110394802231661, 0.23517199738277297]",1016,-1
16113,[0.37110936 0.59121244],3,0,"[0.383291892093257, 0.5586820702346661]",1846,-1
16114,[0.53521372 0.64464602],9,2,"[0.5921204552873188, 0.6383928111301557]",1259,-1
16115,[0.14630539 0.15568955],0,-1,-1,2,-1
16116,[0.26483313 0.30878636],0,5,"[0.23231087327800656, 0.30304944505444303]",-1,-1
16117,[0.66134667 0.49050775],8,3,"[0.6815204869410737, 0.47689852788858716]",821,-1
16118,[0.8022777  0.72647503],1,4,"[0.7726811996944247, 0.7249303226766757]",455,0
16119,[0.20847567 0.56237626],4,-1,-1,486,-1
16120,[0.60717839 0.61221911],9,2,"[0.5921204552873188, 0.6383928111301557]",-1,-1
16121,[0.26751508 0.58257967],4,7,"[0.2817018170798153, 0.5849768676672948]",-1,-1
16122,[0.57548747 0.6397605 ],9,2,"[0.5921204552873188, 0.6383928111301557]",1214,-1
16123,[0.49506153 0.34796955],6,-1,-1,-1,-1
16124,[0.1373263  0.46987185],7,-1,-1,-1,-1
16125,[0.28748327 0.29259558],2,5,"[0.23231087327800656, 0.30304944505444303]",1684,11
16126,[0.32777238 0.65541218],4,-1,-1,614,-1
16127,[0.43064599 0.63107957],5,-1,-1,-1,-1
16128,[0.6107767  0.45150113],8,-1,-1,-1,-1
16129,[0.60193693 0.56272756],5,-1,-1,1316,-1
16130,[0.78741769 0.58347715],1,-1,-1,-1,-1
16131,[0.80174475 0.86434812],1,-1,-1,-1,-1
16132,[0.74523526 0.679447  ],1,4,"[0.7726811996944247, 0.7249303226766757]",439,0
16133,[0.29505969 0.48616987],7,8,"[0.27392971195344684, 0.45973140540928376]",-1,-1
16134,[0.63220917 0.57032044],9,-1,-1,1195,-1
16135,[0.26681435 0.53099493],3,7,"[0.2817018170798153, 0.5849768676672948]",1853,-1
16136,[0.41422377 0.5936687 ],3,0,"[0.383291892093257, 0.5586820702346661]",1719,-1
16137,[0.3188259  0.29181621],0,9,"[0.3110394802231661, 0.23517199738277297]",-1,-1
16138,[0.43052733 0.52345758],3,0,"[0.383291892093257, 0.5586820702346661]",1430,-1
16139,[0.54923127 0.75353119],9,-1,-1,-1,-1
16140,[0.80673676 0.73358915],1,4,"[0.7726811996944247, 0.7249303226766757]",457,0
16141,[0.55785825 0.68520867],9,2,"[0.5921204552873188, 0.6383928111301557]",630,-1
16142,[0.71228558 0.47315666],8,3,"[0.6815204869410737, 0.47689852788858716]",780,-1
16143,[0.43996121 0.72337275],9,-1,-1,-1,-1
16144,[0.2747214  0.29271831],0,5,"[0.23231087327800656, 0.30304944505444303]",1654,-1
16145,[0.30132078 0.39836397],2,8,"[0.27392971195344684, 0.45973140540928376]",1067,-1
16146,[0.61557943 0.58678574],8,2,"[0.5921204552873188, 0.6383928111301557]",-1,-1
16147,[0.28130008 0.46365755],7,8,"[0.27392971195344684, 0.45973140540928376]",-1,-1
16148,[0.27630269 0.53840347],7,7,"[0.2817018170798153, 0.5849768676672948]",1769,-1
16149,[0.49274303 0.48107332],8,6,"[0.5164739970238864, 0.5319253761973344]",-1,-1
16150,[0.44160022 0.49368086],3,-1,-1,617,-1
16151,[0.74275802 0.88564965],1,-1,-1,-1,-1
16152,[0.37405069 0.5677211 ],4,0,"[0.383291892093257, 0.5586820702346661]",1832,12
16153,[0.67969451 0.78021719],1,-1,-1,83,-1
16154,[0.35083219 0.29514953],6,1,"[0.3897435781344088, 0.3417040596068965]",1667,-1
16155,[0.31566661 0.62616127],3,7,"[0.2817018170798153, 0.5849768676672948]",1297,-1
16156,[0.38743959 0.33666847],2,1,"[0.3897435781344088, 0.3417040596068965]",1476,-1
16157,[0.30577023 0.40832943],0,8,"[0.27392971195344684, 0.45973140540928376]",928,-1
16158,[0.38243481 0.53019719],4,0,"[0.383291892093257, 0.5586820702346661]",1782,-1
16159,[0.72564608 0.65930204],9,-1,-1,-1,0
16160,[0.29072899 0.32091767],2,5,"[0.23231087327800656, 0.30304944505444303]",1621,-1
16161,[0.59067417 0.46477872],8,-1,-1,608,-1
16162,[0.24144132 0.26045903],0,5,"[0.23231087327800656, 0.30304944505444303]",1308,-1
16163,[0.42547746 0.71910599],3,-1,-1,-1,-1
16164,[0.25022546 0.19495537],0,-1,-1,526,-1
16165,[0.76110908 0.70734444],1,4,"[0.7726811996944247, 0.7249303226766757]",460,0
16166,[0.41906855 0.61318854],4,0,"[0.383291892093257, 0.5586820702346661]",1473,-1
16167,[0.35713585 0.70599678],3,-1,-1,-1,-1
16168,[0.31585917 0.40956794],7,8,"[0.27392971195344684, 0.45973140540928376]",-1,-1
16169,[0.13070818 0.46427914],4,-1,-1,-1,-1
16170,[0.8085577  0.78862225],1,-1,-1,294,0
16171,[0.17526379 0.57838658],7,-1,-1,-1,-1
16172,[0.30270467 0.55082005],4,7,"[0.2817018170798153, 0.5849768676672948]",-1,-1
16173,[0.54253868 0.61094954],5,2,"[0.5921204552873188, 0.6383928111301557]",1217,-1
16174,[0.54037046 0.58394518],9,6,"[0.5164739970238864, 0.5319253761973344]",1432,-1
16175,[0.29752309 0.3286439 ],0,-1,-1,1660,-1
16176,[0.20154125 0.45241032],7,-1,-1,-1,-1
16177,[0.62501615 0.59569975],9,2,"[0.5921204552873188, 0.6383928111301557]",-1,-1
16178,[0.28633147 0.34116227],2,5,"[0.23231087327800656, 0.30304944505444303]",1584,-1
16179,[0.48024311 0.5685764 ],5,6,"[0.5164739970238864, 0.5319253761973344]",-1,-1
16180,[0.43304333 0.30993465],6,1,"[0.3897435781344088, 0.3417040596068965]",628,-1
16181,[0.37082834 0.56426654],4,0,"[0.383291892093257, 0.5586820702346661]",-1,12
16182,[0.41821174 0.40399816],7,1,"[0.3897435781344088, 0.3417040596068965]",758,-1
16183,[0.19656664 0.12515023],0,-1,-1,-1,-1
16184,[0.32129457 0.25825539],2,9,"[0.3110394802231661, 0.23517199738277297]",1484,-1
16185,[0.23841558 0.55868068],4,7,"[0.2817018170798153, 0.5849768676672948]",-1,-1
16186,[0.5761318  0.67938416],9,2,"[0.5921204552873188, 0.6383928111301557]",-1,-1
16187,[0.36832337 0.57842814],3,0,"[0.383291892093257, 0.5586820702346661]",1866,12
16188,[0.36135189 0.58180576],4,0,"[0.383291892093257, 0.5586820702346661]",1847,12
16189,[0.26856279 0.38106711],2,-1,-1,-1,-1
16190,[0.61108413 0.57178015],5,2,"[0.5921204552873188, 0.6383928111301557]",1273,-1
16191,[0.79281279 0.8220579 ],1,-1,-1,141,-1
16192,[0.61157041 0.52592169],9,-1,-1,-1,-1
16193,[0.79746714 0.72469599],1,4,"[0.7726811996944247, 0.7249303226766757]",461,0
16194,[0.36397596 0.27591353],6,9,"[0.3110394802231661, 0.23517199738277297]",-1,-1
16195,[0.45891646 0.27365237],6,-1,-1,-1,-1
16196,[0.80239772 0.66982252],1,4,"[0.7726811996944247, 0.7249303226766757]",-1,0
16197,[0.24615052 0.5239319 ],4,8,"[0.27392971195344684, 0.45973140540928376]",1487,-1
16198,[0.44225639 0.48824546],3,-1,-1,-1,-1
16199,[0.31687839 0.40570592],6,8,"[0.27392971195344684, 0.45973140540928376]",-1,-1
16200,[0.67957133 0.54594222],8,3,"[0.6815204869410737, 0.47689852788858716]",672,-1
16201,[0.65546196 0.68157675],9,-1,-1,-1,-1
16202,[0.61564037 0.720944  ],9,-1,-1,212,-1
16203,[0.41377215 0.30155581],6,1,"[0.3897435781344088, 0.3417040596068965]",889,-1
16204,[0.47295972 0.57263315],3,6,"[0.5164739970238864, 0.5319253761973344]",-1,-1
16205,[0.30066071 0.30004881],6,9,"[0.3110394802231661, 0.23517199738277297]",-1,-1
16206,[0.55477342 0.71616889],9,-1,-1,245,-1
16207,[0.26778916 0.22169849],0,9,"[0.3110394802231661, 0.23517199738277297]",987,-1
16208,[0.34553496 0.58471432],3,0,"[0.383291892093257, 0.5586820702346661]",1842,-1
16209,[0.31103993 0.60356055],7,7,"[0.2817018170798153, 0.5849768676672948]",1726,-1
16210,[0.73809269 0.52085755],8,-1,-1,-1,-1
16211,[0.59965945 0.68365502],9,2,"[0.5921204552873188, 0.6383928111301557]",-1,-1
16212,[0.36988381 0.25275453],0,9,"[0.3110394802231661, 0.23517199738277297]",675,-1
16213,[0.31970924 0.5463896 ],4,7,"[0.2817018170798153, 0.5849768676672948]",1989,17
16214,[0.25460972 0.20443769],0,9,"[0.3110394802231661, 0.23517199738277297]",746,-1
16215,[0.36351736 0.53325124],4,0,"[0.383291892093257, 0.5586820702346661]",1934,-1
16216,[0.57216651 0.61888457],5,2,"[0.5921204552873188, 0.6383928111301557]",-1,6
16217,[0.77348492 0.6875099 ],1,4,"[0.7726811996944247, 0.7249303226766757]",-1,0
16218,[0.66168381 0.29390064],8,-1,-1,-1,-1
16219,[0.6935048  0.43046635],8,3,"[0.6815204869410737, 0.47689852788858716]",597,-1
16220,[0.72840287 0.70054802],1,4,"[0.7726811996944247, 0.7249303226766757]",-1,0
16221,[0.38051488 0.52878648],3,0,"[0.383291892093257, 0.5586820702346661]",-1,-1
16222,[0.711491   0.42346039],8,3,"[0.6815204869410737, 0.47689852788858716]",443,-1
16223,[0.21822091 0.2764582 ],2,5,"[0.23231087327800656, 0.30304944505444303]",-1,-1
16224,[0.66710739 0.60254055],8,-1,-1,543,-1
16225,[0.35160561 0.52009757],6,0,"[0.383291892093257, 0.5586820702346661]",-1,-1
16226,[0.37710271 0.57272256],5,0,"[0.383291892093257, 0.5586820702346661]",-1,-1
16227,[0.28650528 0.51410594],3,8,"[0.27392971195344684, 0.45973140540928376]",1915,14
16228,[0.33105828 0.23817577],2,9,"[0.3110394802231661, 0.23517199738277297]",1001,-1
16229,[0.78232061 0.75827001],1,4,"[0.7726811996944247, 0.7249303226766757]",-1,0
16230,[0.60057815 0.5592144 ],5,-1,-1,1316,-1
16231,[0.39308696 0.46316089],7,-1,-1,584,-1
16232,[0.33134217 0.29082429],2,9,"[0.3110394802231661, 0.23517199738277297]",-1,-1
16233,[0.34631811 0.58940047],7,0,"[0.383291892093257, 0.5586820702346661]",1834,-1
16234,[0.60096771 0.71746853],9,-1,-1,-1,-1
16235,[0.54088927 0.47025312],5,6,"[0.5164739970238864, 0.5319253761973344]",-1,-1
16236,[0.30597922 0.3359788 ],2,-1,-1,-1,8
16237,[0.42549619 0.51577186],4,0,"[0.383291892093257, 0.5586820702346661]",1439,-1
16238,[0.62482192 0.43467756],8,-1,-1,-1,-1
16239,[0.51513317 0.63794035],9,-1,-1,-1,-1
16240,[0.56516827 0.59172251],5,2,"[0.5921204552873188, 0.6383928111301557]",-1,-1
16241,[0.35308721 0.26394909],6,9,"[0.3110394802231661, 0.23517199738277297]",951,-1
16242,[0.40467578 0.41783465],6,-1,-1,-1,-1
16243,[0.3893957  0.63176985],4,-1,-1,-1,-1
16244,[0.79454324 0.73315304],1,4,"[0.7726811996944247, 0.7249303226766757]",-1,0
16245,[0.61148801 0.66360028],5,2,"[0.5921204552873188, 0.6383928111301557]",1120,-1
16246,[0.72831092 0.44811413],8,3,"[0.6815204869410737, 0.47689852788858716]",693,-1
16247,[0.25793297 0.1591342 ],0,-1,-1,-1,-1
16248,[0.27968884 0.58015009],4,7,"[0.2817018170798153, 0.5849768676672948]",-1,-1
16249,[0.64298825 0.45737571],8,3,"[0.6815204869410737, 0.47689852788858716]",-1,-1
16250,[0.53207085 0.50714218],5,6,"[0.5164739970238864, 0.5319253761973344]",-1,-1
16251,[0.4665228 0.5221579],5,6,"[0.5164739970238864, 0.5319253761973344]",-1,-1
16252,[0.18489148 0.27837326],2,5,"[0.23231087327800656, 0.30304944505444303]",-1,-1
16253,[0.50177694 0.51554578],5,6,"[0.5164739970238864, 0.5319253761973344]",890,-1
16254,[0.31701826 0.62310623],4,7,"[0.2817018170798153, 0.5849768676672948]",1395,-1
16255,[0.32008045 0.61527929],3,7,"[0.2817018170798153, 0.5849768676672948]",-1,-1
16256,[0.21654656 0.3345239 ],0,5,"[0.23231087327800656, 0.30304944505444303]",-1,-1
16257,[0.70113485 0.46348304],8,3,"[0.6815204869410737, 0.47689852788858716]",-1,-1
16258,[0.26338721 0.32601657],0,5,"[0.23231087327800656, 0.30304944505444303]",-1,-1
16259,[0.49058352 0.45841198],5,-1,-1,279,-1
16260,[0.43792994 0.58682598],5,0,"[0.383291892093257, 0.5586820702346661]",1436,-1
16261,[0.32318742 0.4507424 ],6,8,"[0.27392971195344684, 0.45973140540928376]",941,-1
16262,[0.57583243 0.62364411],9,2,"[0.5921204552873188, 0.6383928111301557]",-1,-1
16263,[0.25997493 0.62386447],4,7,"[0.2817018170798153, 0.5849768676672948]",496,-1
16264,[0.27465739 0.55828803],7,7,"[0.2817018170798153, 0.5849768676672948]",1875,-1
16265,[0.23447023 0.2397641 ],2,5,"[0.23231087327800656, 0.30304944505444303]",-1,-1
16266,[0.32066952 0.31214141],0,-1,-1,1663,-1
16267,[0.75759537 0.71353054],1,4,"[0.7726811996944247, 0.7249303226766757]",462,0
16268,[0.31969298 0.37611687],6,-1,-1,1015,-1
16269,[0.64978531 0.48958588],8,3,"[0.6815204869410737, 0.47689852788858716]",818,1
16270,[0.50453939 0.4719909 ],5,6,"[0.5164739970238864, 0.5319253761973344]",248,-1
16271,[0.51246587 0.53756187],5,6,"[0.5164739970238864, 0.5319253761973344]",1182,3
16272,[0.23294447 0.33816516],0,5,"[0.23231087327800656, 0.30304944505444303]",1522,-1
16273,[0.54643409 0.66244395],9,2,"[0.5921204552873188, 0.6383928111301557]",1029,-1
16274,[0.24127077 0.26991364],0,5,"[0.23231087327800656, 0.30304944505444303]",1363,-1
16275,[0.52571881 0.58862125],5,6,"[0.5164739970238864, 0.5319253761973344]",1372,-1
16276,[0.23120039 0.57460817],7,7,"[0.2817018170798153, 0.5849768676672948]",1358,-1
16277,[0.63538324 0.65748193],9,2,"[0.5921204552873188, 0.6383928111301557]",-1,-1
16278,[0.65723285 0.44787253],8,3,"[0.6815204869410737, 0.47689852788858716]",732,-1
16279,[0.50423898 0.48142768],5,6,"[0.5164739970238864, 0.5319253761973344]",-1,-1
16280,[0.55182395 0.51050453],5,6,"[0.5164739970238864, 0.5319253761973344]",-1,-1
16281,[0.21377248 0.24767812],0,5,"[0.23231087327800656, 0.30304944505444303]",895,-1
16282,[0.33857754 0.41761646],6,-1,-1,917,-1
16283,[0.57606077 0.65836252],9,2,"[0.5921204552873188, 0.6383928111301557]",1124,-1
16284,[0.48668546 0.55945757],5,6,"[0.5164739970238864, 0.5319253761973344]",1184,-1
16285,[0.32120649 0.54602261],7,7,"[0.2817018170798153, 0.5849768676672948]",1989,-1
16286,[0.6355626  0.63085939],9,2,"[0.5921204552873188, 0.6383928111301557]",-1,-1
16287,[0.250554  0.2225553],0,9,"[0.3110394802231661, 0.23517199738277297]",-1,-1
16288,[0.33838304 0.20949535],2,9,"[0.3110394802231661, 0.23517199738277297]",-1,-1
16289,[0.3011181  0.35184556],7,-1,-1,1551,-1
16290,[0.41709344 0.34339064],2,1,"[0.3897435781344088, 0.3417040596068965]",-1,-1
16291,[0.30579852 0.42145412],2,8,"[0.27392971195344684, 0.45973140540928376]",-1,-1
16292,[0.29848    0.62388486],4,7,"[0.2817018170798153, 0.5849768676672948]",1131,-1
16293,[0.65808076 0.60833806],8,-1,-1,545,-1
16294,[0.55905891 0.46981307],5,-1,-1,757,-1
16295,[0.44973687 0.53811018],3,6,"[0.5164739970238864, 0.5319253761973344]",1277,-1
16296,[0.23634518 0.3459487 ],2,5,"[0.23231087327800656, 0.30304944505444303]",-1,-1
16297,[0.34163099 0.30314808],2,1,"[0.3897435781344088, 0.3417040596068965]",-1,-1
16298,[0.37058831 0.30279972],6,1,"[0.3897435781344088, 0.3417040596068965]",-1,-1
16299,[0.82097018 0.74919882],1,4,"[0.7726811996944247, 0.7249303226766757]",-1,0
16300,[0.30234213 0.18347048],2,9,"[0.3110394802231661, 0.23517199738277297]",425,-1
16301,[0.55903861 0.67081521],5,2,"[0.5921204552873188, 0.6383928111301557]",769,-1
16302,[0.68147543 0.46421578],8,3,"[0.6815204869410737, 0.47689852788858716]",-1,2
16303,[0.33545233 0.59152732],4,7,"[0.2817018170798153, 0.5849768676672948]",-1,-1
16304,[0.28787945 0.29920446],0,5,"[0.23231087327800656, 0.30304944505444303]",-1,-1
16305,[0.57805397 0.5115438 ],8,6,"[0.5164739970238864, 0.5319253761973344]",-1,-1
16306,[0.41301723 0.52979733],5,0,"[0.383291892093257, 0.5586820702346661]",1244,-1
16307,[0.62425063 0.45822725],8,3,"[0.6815204869410737, 0.47689852788858716]",619,-1
16308,[0.196465   0.47827176],7,-1,-1,185,-1
16309,[0.58147562 0.56230077],9,-1,-1,1394,-1
16310,[0.29866407 0.39070004],2,-1,-1,-1,-1
16311,[0.3720623 0.4638899],3,-1,-1,1055,-1
16312,[0.60483964 0.50292743],5,-1,-1,844,-1
16313,[0.82820449 0.7923918 ],1,-1,-1,191,0
16314,[0.29903621 0.39411053],7,-1,-1,1067,-1
16315,[0.34496885 0.61208687],3,0,"[0.383291892093257, 0.5586820702346661]",1830,-1
16316,[0.31550448 0.52615808],7,7,"[0.2817018170798153, 0.5849768676672948]",1841,-1
16317,[0.65380992 0.3704563 ],8,-1,-1,-1,-1
16318,[0.49926849 0.68332048],5,-1,-1,-1,-1
16319,[0.19297822 0.26390726],0,5,"[0.23231087327800656, 0.30304944505444303]",1012,-1
16320,[0.852132   0.66636915],1,-1,-1,-1,0
16321,[0.63876493 0.70638499],9,-1,-1,283,-1
16322,[0.22388465 0.54599548],4,7,"[0.2817018170798153, 0.5849768676672948]",-1,-1
16323,[0.25127315 0.60304324],4,7,"[0.2817018170798153, 0.5849768676672948]",514,-1
16324,[0.3525042  0.52773089],7,0,"[0.383291892093257, 0.5586820702346661]",-1,-1
16325,[0.6712223  0.49156864],8,3,"[0.6815204869410737, 0.47689852788858716]",-1,-1
16326,[0.32787538 0.22045708],2,9,"[0.3110394802231661, 0.23517199738277297]",969,-1
16327,[0.28239552 0.53632809],3,7,"[0.2817018170798153, 0.5849768676672948]",1893,14
16328,[0.63295097 0.56882037],9,-1,-1,1195,-1
16329,[0.46282244 0.54104354],5,6,"[0.5164739970238864, 0.5319253761973344]",-1,-1
16330,[0.64318793 0.51037168],8,3,"[0.6815204869410737, 0.47689852788858716]",866,-1
16331,[0.9129587 0.5949267],1,-1,-1,-1,-1
16332,[0.61836216 0.52471255],8,-1,-1,863,-1
16333,[0.3375901  0.43366911],6,8,"[0.27392971195344684, 0.45973140540928376]",941,-1
16334,[0.28382148 0.2938511 ],2,5,"[0.23231087327800656, 0.30304944505444303]",-1,11
16335,[0.51604317 0.51315068],9,6,"[0.5164739970238864, 0.5319253761973344]",-1,-1
16336,[0.34248207 0.58859524],3,0,"[0.383291892093257, 0.5586820702346661]",-1,-1
16337,[0.88036539 0.73821913],1,-1,-1,87,-1
16338,[0.27055673 0.23839777],0,9,"[0.3110394802231661, 0.23517199738277297]",1524,-1
16339,[0.27387605 0.5563314 ],7,7,"[0.2817018170798153, 0.5849768676672948]",-1,-1
16340,[0.39893878 0.64452405],3,-1,-1,589,-1
16341,[0.52143499 0.58470199],9,6,"[0.5164739970238864, 0.5319253761973344]",-1,6
16342,[0.35255329 0.36997767],6,1,"[0.3897435781344088, 0.3417040596068965]",1079,-1
16343,[0.30085862 0.4614983 ],3,8,"[0.27392971195344684, 0.45973140540928376]",-1,-1
16344,[0.64202844 0.53464104],8,3,"[0.6815204869410737, 0.47689852788858716]",-1,-1
16345,[0.40721644 0.39270385],6,1,"[0.3897435781344088, 0.3417040596068965]",763,-1
16346,[0.56649082 0.54433333],5,6,"[0.5164739970238864, 0.5319253761973344]",1401,-1
16347,[0.7304662  0.49625021],8,3,"[0.6815204869410737, 0.47689852788858716]",-1,-1
16348,[0.2988183 0.3726117],2,-1,-1,-1,-1
16349,[0.25023633 0.53532662],4,7,"[0.2817018170798153, 0.5849768676672948]",1482,-1
16350,[0.42618151 0.61127555],3,0,"[0.383291892093257, 0.5586820702346661]",-1,-1
16351,[0.63414705 0.34769885],8,-1,-1,-1,-1
16352,[0.22166641 0.10897556],0,-1,-1,-1,-1
16353,[0.3892118  0.34540079],0,1,"[0.3897435781344088, 0.3417040596068965]",1366,-1
16354,[0.70987464 0.77987406],1,-1,-1,-1,0
16355,[0.4698321  0.62983901],3,-1,-1,647,-1
16356,[0.36969021 0.63371969],3,-1,-1,784,-1
16357,[0.25209477 0.33099772],0,5,"[0.23231087327800656, 0.30304944505444303]",-1,-1
16358,[0.42573719 0.60262465],7,0,"[0.383291892093257, 0.5586820702346661]",1574,-1
16359,[0.56837805 0.57281256],9,6,"[0.5164739970238864, 0.5319253761973344]",-1,-1
16360,[0.35835912 0.6088658 ],3,0,"[0.383291892093257, 0.5586820702346661]",1829,-1
16361,[0.28551922 0.30537569],2,5,"[0.23231087327800656, 0.30304944505444303]",1578,-1
16362,[0.41097622 0.48277712],3,-1,-1,-1,-1
16363,[0.25656666 0.58845911],7,7,"[0.2817018170798153, 0.5849768676672948]",754,-1
16364,[0.4000538  0.48353431],5,-1,-1,-1,-1
16365,[0.71077402 0.46080349],8,3,"[0.6815204869410737, 0.47689852788858716]",717,-1
16366,[0.41902034 0.30017686],6,1,"[0.3897435781344088, 0.3417040596068965]",889,-1
16367,[0.69768279 0.5255065 ],8,3,"[0.6815204869410737, 0.47689852788858716]",571,-1
16368,[0.36986057 0.35780654],6,1,"[0.3897435781344088, 0.3417040596068965]",-1,-1
16369,[0.31829106 0.52446217],4,-1,-1,-1,-1
16370,[0.39786014 0.70291769],3,-1,-1,-1,-1
16371,[0.80884489 0.45998066],8,-1,-1,-1,-1
16372,[0.41866619 0.54562758],3,0,"[0.383291892093257, 0.5586820702346661]",1713,-1
16373,[0.14330127 0.25472848],0,-1,-1,-1,-1
16374,[0.34937795 0.21409546],0,9,"[0.3110394802231661, 0.23517199738277297]",500,-1
16375,[0.27537566 0.26412291],0,9,"[0.3110394802231661, 0.23517199738277297]",1606,-1
16376,[0.28608232 0.58557421],3,7,"[0.2817018170798153, 0.5849768676672948]",1810,-1
16377,[0.39828228 0.24582384],6,-1,-1,-1,-1
16378,[0.53931104 0.71300767],9,-1,-1,257,-1
16379,[0.28135648 0.54579051],4,7,"[0.2817018170798153, 0.5849768676672948]",-1,-1
16380,[0.39082847 0.4610659 ],2,-1,-1,584,-1
16381,[0.35591992 0.3101513 ],6,1,"[0.3897435781344088, 0.3417040596068965]",-1,-1
16382,[0.15152132 0.27082692],0,-1,-1,-1,-1
16383,[0.64894572 0.33631156],8,-1,-1,13,-1
16384,[0.35419232 0.56946612],3,0,"[0.383291892093257, 0.5586820702346661]",-1,-1
16385,[0.71550233 0.6795797 ],1,-1,-1,391,0
16386,[0.60272811 0.38289194],8,-1,-1,97,-1
16387,[0.61158775 0.56597216],8,-1,-1,-1,-1
16388,[0.33621991 0.61892035],4,7,"[0.2817018170798153, 0.5849768676672948]",1694,-1
16389,[0.57718609 0.63505013],9,2,"[0.5921204552873188, 0.6383928111301557]",1095,-1
16390,[0.57303248 0.40030032],8,-1,-1,115,-1
16391,[0.23180427 0.53118527],7,-1,-1,1477,-1
16392,[0.41440472 0.52271582],3,0,"[0.383291892093257, 0.5586820702346661]",-1,-1
16393,[0.38398977 0.60339098],3,0,"[0.383291892093257, 0.5586820702346661]",1753,-1
16394,[0.63998121 0.52684552],9,3,"[0.6815204869410737, 0.47689852788858716]",861,-1
16395,[0.69290283 0.5093992 ],8,3,"[0.6815204869410737, 0.47689852788858716]",807,-1
16396,[0.36437824 0.42035055],2,-1,-1,-1,-1
16397,[0.26509962 0.4938433 ],4,8,"[0.27392971195344684, 0.45973140540928376]",-1,-1
16398,[0.48043351 0.51095228],5,6,"[0.5164739970238864, 0.5319253761973344]",936,-1
16399,[0.62771425 0.5026308 ],8,3,"[0.6815204869410737, 0.47689852788858716]",-1,-1
16400,[0.41233079 0.38994199],6,1,"[0.3897435781344088, 0.3417040596068965]",763,-1
16401,[0.64390888 0.42813165],8,3,"[0.6815204869410737, 0.47689852788858716]",-1,-1
16402,[0.66477391 0.61665892],9,-1,-1,-1,-1
16403,[0.23088613 0.48538776],7,8,"[0.27392971195344684, 0.45973140540928376]",-1,-1
16404,[0.5895947  0.61091006],9,2,"[0.5921204552873188, 0.6383928111301557]",1427,6
16405,[0.39454096 0.37193722],2,1,"[0.3897435781344088, 0.3417040596068965]",-1,-1
16406,[0.71644017 0.67067727],1,-1,-1,357,0
16407,[0.57078418 0.51575837],9,6,"[0.5164739970238864, 0.5319253761973344]",1035,-1
16408,[0.23368275 0.24409574],0,5,"[0.23231087327800656, 0.30304944505444303]",-1,-1
16409,[0.60359077 0.65552249],9,2,"[0.5921204552873188, 0.6383928111301557]",-1,-1
16410,[0.55522247 0.75199414],9,-1,-1,-1,-1
16411,[0.580273   0.68746381],5,2,"[0.5921204552873188, 0.6383928111301557]",915,-1
16412,[0.19400413 0.37926517],2,-1,-1,300,-1
16413,[0.38294829 0.55115787],3,0,"[0.383291892093257, 0.5586820702346661]",1816,-1
16414,[0.30909418 0.24455779],2,9,"[0.3110394802231661, 0.23517199738277297]",-1,-1
16415,[0.75351216 0.76623702],1,4,"[0.7726811996944247, 0.7249303226766757]",419,0
16416,[0.19731331 0.16196959],0,-1,-1,99,-1
16417,[0.22024348 0.30255783],2,5,"[0.23231087327800656, 0.30304944505444303]",1421,-1
16418,[0.48280798 0.65088709],9,-1,-1,647,-1
16419,[0.45982798 0.30338832],6,-1,-1,473,-1
16420,[0.2852986  0.34855803],0,5,"[0.23231087327800656, 0.30304944505444303]",1584,-1
16421,[0.73792703 0.7616383 ],1,4,"[0.7726811996944247, 0.7249303226766757]",415,0
16422,[0.65899516 0.70622705],9,-1,-1,489,-1
16423,[0.68727384 0.53857334],9,3,"[0.6815204869410737, 0.47689852788858716]",673,-1
16424,[0.18977474 0.34904945],0,5,"[0.23231087327800656, 0.30304944505444303]",-1,-1
16425,[0.5986073  0.53572793],5,-1,-1,-1,-1
16426,[0.26738492 0.44546896],7,8,"[0.27392971195344684, 0.45973140540928376]",1250,-1
16427,[0.36172586 0.2977152 ],2,1,"[0.3897435781344088, 0.3417040596068965]",-1,-1
16428,[0.53997157 0.50413147],5,6,"[0.5164739970238864, 0.5319253761973344]",1140,-1
16429,[0.68641606 0.42182129],8,3,"[0.6815204869410737, 0.47689852788858716]",592,-1
16430,[0.25616402 0.4607695 ],7,8,"[0.27392971195344684, 0.45973140540928376]",-1,-1
16431,[0.34270917 0.47158284],4,8,"[0.27392971195344684, 0.45973140540928376]",-1,-1
16432,[0.60932253 0.59657296],9,2,"[0.5921204552873188, 0.6383928111301557]",-1,-1
16433,[0.30464538 0.4927874 ],7,8,"[0.27392971195344684, 0.45973140540928376]",-1,-1
16434,[0.27027398 0.22954701],0,9,"[0.3110394802231661, 0.23517199738277297]",-1,-1
16435,[0.70353691 0.7627914 ],1,-1,-1,228,0
16436,[0.7155622  0.54095097],8,-1,-1,519,-1
16437,[0.3748159  0.52229817],4,0,"[0.383291892093257, 0.5586820702346661]",1934,-1
16438,[0.43166123 0.3174525 ],6,1,"[0.3897435781344088, 0.3417040596068965]",577,-1
16439,[0.22223644 0.48281334],7,8,"[0.27392971195344684, 0.45973140540928376]",-1,-1
16440,[0.4091839  0.59695361],3,0,"[0.383291892093257, 0.5586820702346661]",-1,-1
16441,[0.40714056 0.45791278],7,-1,-1,579,-1
16442,[0.35732101 0.56765498],3,0,"[0.383291892093257, 0.5586820702346661]",-1,-1
16443,[0.31047464 0.55992651],3,7,"[0.2817018170798153, 0.5849768676672948]",1968,-1
16444,[0.83509563 0.70528621],1,4,"[0.7726811996944247, 0.7249303226766757]",346,0
16445,[0.30663715 0.24338154],0,9,"[0.3110394802231661, 0.23517199738277297]",-1,-1
16446,[0.34646073 0.39544809],2,1,"[0.3897435781344088, 0.3417040596068965]",-1,-1
16447,[0.25705132 0.61253359],7,7,"[0.2817018170798153, 0.5849768676672948]",-1,-1
16448,[0.36306021 0.49381022],7,0,"[0.383291892093257, 0.5586820702346661]",1761,-1
16449,[0.31306014 0.37689302],6,-1,-1,1423,-1
16450,[0.5721038  0.60469545],5,2,"[0.5921204552873188, 0.6383928111301557]",1415,6
16451,[0.30506924 0.62949994],4,7,"[0.2817018170798153, 0.5849768676672948]",-1,-1
16452,[0.64898237 0.70671002],9,-1,-1,489,-1
16453,[0.49976277 0.63607008],5,-1,-1,-1,-1
16454,[0.36749901 0.2413527 ],0,9,"[0.3110394802231661, 0.23517199738277297]",675,-1
16455,[0.36800626 0.34640996],6,1,"[0.3897435781344088, 0.3417040596068965]",1275,-1
16456,[0.56756297 0.49161819],5,6,"[0.5164739970238864, 0.5319253761973344]",848,-1
16457,[0.30037144 0.5922366 ],4,7,"[0.2817018170798153, 0.5849768676672948]",1820,-1
16458,[0.67417466 0.58581296],8,-1,-1,-1,-1
16459,[0.27306984 0.44868798],4,8,"[0.27392971195344684, 0.45973140540928376]",1251,-1
16460,[0.78775835 0.87866689],1,-1,-1,-1,-1
16461,[0.50292508 0.43438859],5,-1,-1,-1,-1
16462,[0.54747916 0.50962468],9,6,"[0.5164739970238864, 0.5319253761973344]",906,-1
16463,[0.43182189 0.646675  ],3,-1,-1,481,-1
16464,[0.45088883 0.32294101],6,1,"[0.3897435781344088, 0.3417040596068965]",527,-1
16465,[0.26131914 0.36151778],2,5,"[0.23231087327800656, 0.30304944505444303]",1416,-1
16466,[0.4512321  0.53046485],4,6,"[0.5164739970238864, 0.5319253761973344]",1306,-1
16467,[0.35129682 0.25322079],2,9,"[0.3110394802231661, 0.23517199738277297]",-1,-1
16468,[0.25001444 0.14701988],0,-1,-1,140,-1
16469,[0.80890366 0.69938121],1,4,"[0.7726811996944247, 0.7249303226766757]",365,0
16470,[0.47500834 0.47713251],9,6,"[0.5164739970238864, 0.5319253761973344]",-1,-1
16471,[0.57526426 0.47454792],5,-1,-1,772,-1
16472,[0.8367338  0.81837688],1,-1,-1,-1,-1
16473,[0.3757159  0.50996182],4,0,"[0.383291892093257, 0.5586820702346661]",1764,-1
16474,[0.27870931 0.2501365 ],0,9,"[0.3110394802231661, 0.23517199738277297]",-1,-1
16475,[0.25980343 0.24114602],2,9,"[0.3110394802231661, 0.23517199738277297]",1137,-1
16476,[0.26639198 0.60258041],4,7,"[0.2817018170798153, 0.5849768676672948]",-1,-1
16477,[0.40192217 0.40567505],2,1,"[0.3897435781344088, 0.3417040596068965]",-1,-1
16478,[0.48423528 0.30504898],6,-1,-1,173,-1
16479,[0.65311002 0.63724009],9,2,"[0.5921204552873188, 0.6383928111301557]",-1,-1
16480,[0.32477083 0.46725027],7,8,"[0.27392971195344684, 0.45973140540928376]",1523,-1
16481,[0.21312631 0.53378424],7,-1,-1,853,-1
16482,[0.83781973 0.72130075],1,4,"[0.7726811996944247, 0.7249303226766757]",311,0
16483,[0.91031103 0.71086735],1,-1,-1,-1,-1
16484,[0.56423593 0.60203641],9,2,"[0.5921204552873188, 0.6383928111301557]",-1,-1
16485,[0.29041072 0.52167661],7,7,"[0.2817018170798153, 0.5849768676672948]",1910,14
16486,[0.33028414 0.23366707],6,9,"[0.3110394802231661, 0.23517199738277297]",1001,-1
16487,[0.3878591  0.33285949],6,1,"[0.3897435781344088, 0.3417040596068965]",1476,-1
16488,[0.64633912 0.52559632],9,3,"[0.6815204869410737, 0.47689852788858716]",-1,-1
16489,[0.52033402 0.58933805],5,6,"[0.5164739970238864, 0.5319253761973344]",1382,-1
16490,[0.79188798 0.88375511],1,-1,-1,-1,-1
16491,[0.55799269 0.49370943],5,6,"[0.5164739970238864, 0.5319253761973344]",845,-1
16492,[0.28262541 0.43745902],4,8,"[0.27392971195344684, 0.45973140540928376]",-1,-1
16493,[0.67601737 0.74639285],1,-1,-1,155,0
16494,[0.30237777 0.47533672],3,8,"[0.27392971195344684, 0.45973140540928376]",-1,-1
16495,[0.27114507 0.51890703],7,8,"[0.27392971195344684, 0.45973140540928376]",-1,-1
16496,[0.70570281 0.7803202 ],1,-1,-1,225,0
16497,[0.28673394 0.34518834],2,5,"[0.23231087327800656, 0.30304944505444303]",1584,-1
16498,[0.32046264 0.23975209],0,9,"[0.3110394802231661, 0.23517199738277297]",1490,-1
16499,[0.37590429 0.32255126],2,1,"[0.3897435781344088, 0.3417040596068965]",-1,-1
16500,[0.63033723 0.55685388],8,-1,-1,1104,-1
16501,[0.57580716 0.66295014],9,2,"[0.5921204552873188, 0.6383928111301557]",1121,-1
16502,[0.52303388 0.69745962],9,-1,-1,-1,-1
16503,[0.58952395 0.43309679],5,-1,-1,-1,-1
16504,[0.78458783 0.38419354],8,-1,-1,-1,-1
16505,[0.36285114 0.24357681],0,9,"[0.3110394802231661, 0.23517199738277297]",-1,-1
16506,[0.68749678 0.63337522],8,-1,-1,493,-1
16507,[0.28571752 0.33636636],6,5,"[0.23231087327800656, 0.30304944505444303]",-1,-1
16508,[0.37768888 0.38060182],6,1,"[0.3897435781344088, 0.3417040596068965]",1006,-1
16509,[0.66685239 0.30840154],8,-1,-1,-1,-1
16510,[0.55177091 0.5260594 ],5,6,"[0.5164739970238864, 0.5319253761973344]",-1,-1
16511,[0.61878861 0.44625444],8,3,"[0.6815204869410737, 0.47689852788858716]",621,-1
16512,[0.20232414 0.31449502],2,5,"[0.23231087327800656, 0.30304944505444303]",-1,-1
16513,[0.54614282 0.55888173],5,6,"[0.5164739970238864, 0.5319253761973344]",1406,6
16514,[0.50155513 0.55092568],5,6,"[0.5164739970238864, 0.5319253761973344]",-1,-1
16515,[0.59788077 0.67243912],9,2,"[0.5921204552873188, 0.6383928111301557]",-1,-1
16516,[0.73493086 0.6699571 ],1,4,"[0.7726811996944247, 0.7249303226766757]",-1,0
16517,[0.1646679  0.36974295],0,-1,-1,145,-1
16518,[0.28234943 0.65528267],3,-1,-1,187,-1
16519,[0.64776268 0.57134826],9,-1,-1,-1,-1
16520,[0.66560894 0.49585226],8,3,"[0.6815204869410737, 0.47689852788858716]",796,1
16521,[0.49486158 0.62661563],5,-1,-1,-1,-1
16522,[0.24777997 0.57342687],4,7,"[0.2817018170798153, 0.5849768676672948]",-1,-1
16523,[0.38600592 0.49712449],4,0,"[0.383291892093257, 0.5586820702346661]",1448,-1
16524,[0.69004926 0.7773715 ],1,-1,-1,-1,0
16525,[0.41852326 0.49141726],7,-1,-1,-1,-1
16526,[0.32176532 0.24554295],2,9,"[0.3110394802231661, 0.23517199738277297]",-1,-1
16527,[0.35072504 0.61810021],3,0,"[0.383291892093257, 0.5586820702346661]",1830,-1
16528,[0.85678698 0.68754586],1,-1,-1,-1,0
16529,[0.3012006  0.61069115],4,7,"[0.2817018170798153, 0.5849768676672948]",1268,-1
16530,[0.49850026 0.52814532],5,6,"[0.5164739970238864, 0.5319253761973344]",1186,-1
16531,[0.69340443 0.5811226 ],8,-1,-1,235,-1
16532,[0.33957053 0.29059423],2,9,"[0.3110394802231661, 0.23517199738277297]",-1,-1
16533,[0.29844855 0.47496681],3,8,"[0.27392971195344684, 0.45973140540928376]",1729,-1
16534,[0.66410916 0.65381334],9,-1,-1,-1,-1
16535,[0.35612638 0.24568131],0,9,"[0.3110394802231661, 0.23517199738277297]",634,-1
16536,[0.53507318 0.66537954],9,2,"[0.5921204552873188, 0.6383928111301557]",-1,-1
16537,[0.70715034 0.64122381],1,-1,-1,238,0
16538,[0.32212449 0.42244269],2,8,"[0.27392971195344684, 0.45973140540928376]",1017,-1
16539,[0.2267711  0.29791951],2,5,"[0.23231087327800656, 0.30304944505444303]",1468,-1
16540,[0.67170369 0.42860063],8,3,"[0.6815204869410737, 0.47689852788858716]",612,-1
16541,[0.65665783 0.48643273],8,3,"[0.6815204869410737, 0.47689852788858716]",-1,1
16542,[0.23978829 0.23716364],0,5,"[0.23231087327800656, 0.30304944505444303]",-1,-1
16543,[0.25882663 0.60431351],3,7,"[0.2817018170798153, 0.5849768676672948]",1646,-1
16544,[0.36831428 0.36027206],6,1,"[0.3897435781344088, 0.3417040596068965]",1088,-1
16545,[0.26490407 0.15290357],0,-1,-1,-1,-1
16546,[0.69390775 0.73625426],1,-1,-1,-1,0
16547,[0.18680339 0.44600876],7,-1,-1,100,-1
16548,[0.45849031 0.36709733],6,-1,-1,442,-1
16549,[0.29048325 0.52366076],7,7,"[0.2817018170798153, 0.5849768676672948]",1910,14
16550,[0.60875746 0.72475418],9,-1,-1,-1,-1
16551,[0.30905291 0.30638199],6,-1,-1,1647,-1
16552,[0.25290086 0.51711901],7,8,"[0.27392971195344684, 0.45973140540928376]",-1,-1
16553,[0.71296128 0.75221843],1,4,"[0.7726811996944247, 0.7249303226766757]",345,0
16554,[0.32402449 0.35699935],6,1,"[0.3897435781344088, 0.3417040596068965]",-1,-1
16555,[0.42457576 0.4484709 ],6,-1,-1,-1,-1
16556,[0.79284638 0.71141562],1,4,"[0.7726811996944247, 0.7249303226766757]",478,0
16557,[0.29726799 0.2363743 ],6,9,"[0.3110394802231661, 0.23517199738277297]",-1,-1
16558,[0.3278404  0.34966477],2,1,"[0.3897435781344088, 0.3417040596068965]",-1,-1
16559,[0.22129935 0.52023836],7,-1,-1,1090,-1
16560,[0.23094684 0.59501691],4,7,"[0.2817018170798153, 0.5849768676672948]",-1,-1
16561,[0.25817326 0.4356242 ],7,8,"[0.27392971195344684, 0.45973140540928376]",-1,-1
16562,[0.35824791 0.25128674],0,9,"[0.3110394802231661, 0.23517199738277297]",-1,-1
16563,[0.3248135  0.34177232],2,1,"[0.3897435781344088, 0.3417040596068965]",-1,-1
16564,[0.27325977 0.31155818],2,5,"[0.23231087327800656, 0.30304944505444303]",-1,9
16565,[0.42699274 0.50814123],4,0,"[0.383291892093257, 0.5586820702346661]",-1,-1
16566,[0.37138857 0.60356569],4,0,"[0.383291892093257, 0.5586820702346661]",-1,-1
16567,[0.58783935 0.66697775],5,2,"[0.5921204552873188, 0.6383928111301557]",-1,-1
16568,[0.57569953 0.55449458],5,6,"[0.5164739970238864, 0.5319253761973344]",-1,-1
16569,[0.41944392 0.32974334],6,1,"[0.3897435781344088, 0.3417040596068965]",989,-1
16570,[0.34616351 0.25017195],6,9,"[0.3110394802231661, 0.23517199738277297]",955,-1
16571,[0.36143615 0.15460496],6,-1,-1,-1,-1
16572,[0.18543326 0.42425439],7,-1,-1,-1,-1
16573,[0.50881037 0.69199965],9,-1,-1,274,-1
16574,[0.19502708 0.22360597],2,-1,-1,557,-1
16575,[0.7764529  0.66684755],1,4,"[0.7726811996944247, 0.7249303226766757]",-1,0
16576,[0.65593255 0.36828306],8,-1,-1,-1,-1
16577,[0.69791905 0.4966186 ],8,3,"[0.6815204869410737, 0.47689852788858716]",-1,2
16578,[0.72903958 0.46297104],8,3,"[0.6815204869410737, 0.47689852788858716]",778,-1
16579,[0.38764846 0.31530753],6,1,"[0.3897435781344088, 0.3417040596068965]",-1,-1
16580,[0.395369   0.47486199],3,-1,-1,-1,-1
16581,[0.45912544 0.4057346 ],3,-1,-1,207,-1
16582,[0.51333727 0.59898437],9,6,"[0.5164739970238864, 0.5319253761973344]",1230,-1
16583,[0.80784373 0.69956795],1,4,"[0.7726811996944247, 0.7249303226766757]",365,0
16584,[0.23240603 0.60802678],4,7,"[0.2817018170798153, 0.5849768676672948]",-1,-1
16585,[0.35941233 0.30780244],2,1,"[0.3897435781344088, 0.3417040596068965]",1540,-1
16586,[0.28788959 0.26064486],0,9,"[0.3110394802231661, 0.23517199738277297]",1609,-1
16587,[0.46498166 0.48829812],5,6,"[0.5164739970238864, 0.5319253761973344]",-1,-1
16588,[0.5197424  0.52198764],5,6,"[0.5164739970238864, 0.5319253761973344]",-1,-1
16589,[0.49898293 0.53464381],5,6,"[0.5164739970238864, 0.5319253761973344]",1186,-1
16590,[0.40924823 0.28218563],6,1,"[0.3897435781344088, 0.3417040596068965]",922,-1
16591,[0.30039968 0.08641383],0,-1,-1,-1,-1
16592,[0.31970255 0.64250263],4,7,"[0.2817018170798153, 0.5849768676672948]",887,-1
16593,[0.28283521 0.51857083],7,8,"[0.27392971195344684, 0.45973140540928376]",-1,14
16594,[0.38040464 0.67254649],3,-1,-1,-1,-1
16595,[0.68238332 0.71645614],1,-1,-1,-1,0
16596,[0.62166726 0.50394375],9,3,"[0.6815204869410737, 0.47689852788858716]",867,-1
16597,[0.58162369 0.61449225],9,2,"[0.5921204552873188, 0.6383928111301557]",-1,6
16598,[0.19815918 0.61726444],4,-1,-1,-1,-1
16599,[0.48635078 0.36088687],6,-1,-1,208,-1
16600,[0.36936148 0.505719  ],3,0,"[0.383291892093257, 0.5586820702346661]",1751,-1
16601,[0.25740628 0.45505898],7,8,"[0.27392971195344684, 0.45973140540928376]",-1,-1
16602,[0.3772613  0.63945524],5,-1,-1,785,-1
16603,[0.29834121 0.36835452],6,-1,-1,1594,-1
16604,[0.41416946 0.57001081],3,0,"[0.383291892093257, 0.5586820702346661]",1738,-1
16605,[0.25025623 0.50577855],4,8,"[0.27392971195344684, 0.45973140540928376]",1759,-1
16606,[0.37776942 0.42987051],6,-1,-1,683,-1
16607,[0.44064335 0.55494607],5,0,"[0.383291892093257, 0.5586820702346661]",1294,-1
16608,[0.34811902 0.4098633 ],2,-1,-1,880,-1
16609,[0.31737197 0.22896549],0,9,"[0.3110394802231661, 0.23517199738277297]",-1,-1
16610,[0.36468117 0.42538851],6,-1,-1,-1,-1
16611,[0.83311658 0.4402197 ],8,-1,-1,1,-1
16612,[0.36176568 0.50619854],7,0,"[0.383291892093257, 0.5586820702346661]",-1,-1
16613,[0.38435236 0.21780068],0,-1,-1,-1,-1
16614,[0.28915339 0.44246365],2,8,"[0.27392971195344684, 0.45973140540928376]",1240,-1
16615,[0.33641808 0.3276276 ],0,1,"[0.3897435781344088, 0.3417040596068965]",1682,-1
16616,[0.28112028 0.52193642],4,8,"[0.27392971195344684, 0.45973140540928376]",1886,-1
16617,[0.65310659 0.38155591],8,-1,-1,242,-1
16618,[0.28720847 0.47224845],7,8,"[0.27392971195344684, 0.45973140540928376]",-1,-1
16619,[0.4826169  0.51396429],5,6,"[0.5164739970238864, 0.5319253761973344]",936,-1
16620,[0.57231649 0.61366971],9,2,"[0.5921204552873188, 0.6383928111301557]",-1,6
16621,[0.52754975 0.62301596],9,2,"[0.5921204552873188, 0.6383928111301557]",1146,-1
16622,[0.20357798 0.23293123],0,-1,-1,898,-1
16623,[0.64172872 0.54733535],5,-1,-1,-1,-1
16624,[0.82780344 0.80919624],1,-1,-1,-1,0
16625,[0.56642942 0.48335931],8,6,"[0.5164739970238864, 0.5319253761973344]",-1,-1
16626,[0.25275613 0.36757088],2,5,"[0.23231087327800656, 0.30304944505444303]",-1,-1
16627,[0.43331594 0.56548147],4,0,"[0.383291892093257, 0.5586820702346661]",-1,-1
16628,[0.34285381 0.26701232],6,9,"[0.3110394802231661, 0.23517199738277297]",-1,-1
16629,[0.4547981  0.62586765],9,-1,-1,705,-1
16630,[0.44848235 0.47424176],5,-1,-1,548,-1
16631,[0.32520171 0.61139912],4,7,"[0.2817018170798153, 0.5849768676672948]",1544,-1
16632,[0.30047294 0.3165661 ],6,5,"[0.23231087327800656, 0.30304944505444303]",1661,-1
16633,[0.342248   0.45558352],4,8,"[0.27392971195344684, 0.45973140540928376]",-1,-1
16634,[0.22966565 0.50465172],7,8,"[0.27392971195344684, 0.45973140540928376]",924,-1
16635,[0.26526537 0.61840719],3,7,"[0.2817018170798153, 0.5849768676672948]",539,-1
16636,[0.17278455 0.58628376],7,-1,-1,-1,-1
16637,[0.70283273 0.4975056 ],8,3,"[0.6815204869410737, 0.47689852788858716]",831,2
16638,[0.38008547 0.45530938],4,-1,-1,855,-1
16639,[0.74323239 0.58372581],1,-1,-1,110,-1
16640,[0.27550415 0.49769666],4,8,"[0.27392971195344684, 0.45973140540928376]",-1,-1
16641,[0.4595785  0.55267235],3,6,"[0.5164739970238864, 0.5319253761973344]",1267,-1
16642,[0.1718556  0.51949788],7,-1,-1,-1,-1
16643,[0.3078948  0.53098223],4,7,"[0.2817018170798153, 0.5849768676672948]",-1,-1
16644,[0.35281143 0.2282844 ],0,9,"[0.3110394802231661, 0.23517199738277297]",-1,-1
16645,[0.54677104 0.48316818],3,6,"[0.5164739970238864, 0.5319253761973344]",-1,-1
16646,[0.7648461  0.73650613],1,4,"[0.7726811996944247, 0.7249303226766757]",469,0
16647,[0.36101077 0.4947967 ],7,0,"[0.383291892093257, 0.5586820702346661]",1761,-1
16648,[0.45950679 0.49105713],5,-1,-1,666,-1
16649,[0.24938848 0.30543454],2,5,"[0.23231087327800656, 0.30304944505444303]",-1,-1
16650,[0.6563551  0.65949211],9,2,"[0.5921204552873188, 0.6383928111301557]",639,-1
16651,[0.38141369 0.16046767],6,-1,-1,-1,-1
16652,[0.63221785 0.74433844],9,-1,-1,135,-1
16653,[0.65800021 0.58284312],8,-1,-1,1014,-1
16654,[0.45439725 0.44215252],6,-1,-1,-1,-1
16655,[0.42462737 0.6179098 ],3,-1,-1,-1,-1
16656,[0.32964737 0.36454576],2,1,"[0.3897435781344088, 0.3417040596068965]",1367,-1
16657,[0.64511185 0.50717568],8,3,"[0.6815204869410737, 0.47689852788858716]",-1,-1
16658,[0.7062179  0.78103891],1,-1,-1,225,0
16659,[0.19487478 0.50084794],7,-1,-1,211,-1
16660,[0.56648668 0.52824358],8,6,"[0.5164739970238864, 0.5319253761973344]",1373,-1
16661,[0.3774222  0.51568628],7,0,"[0.383291892093257, 0.5586820702346661]",-1,-1
16662,[0.52305615 0.70322213],9,-1,-1,-1,-1
16663,[0.18670338 0.49728065],7,-1,-1,215,-1
16664,[0.24350858 0.25030543],0,5,"[0.23231087327800656, 0.30304944505444303]",-1,-1
16665,[0.66560288 0.47168067],8,3,"[0.6815204869410737, 0.47689852788858716]",-1,-1
16666,[0.52358094 0.45919257],6,-1,-1,-1,-1
16667,[0.41989858 0.52246229],3,0,"[0.383291892093257, 0.5586820702346661]",-1,-1
16668,[0.68806064 0.69618654],1,-1,-1,-1,-1
16669,[0.31441496 0.55263579],3,7,"[0.2817018170798153, 0.5849768676672948]",-1,17
16670,[0.71107404 0.38057349],8,-1,-1,-1,-1
16671,[0.30005763 0.21210641],2,9,"[0.3110394802231661, 0.23517199738277297]",1016,-1
16672,[0.34679167 0.35981881],2,1,"[0.3897435781344088, 0.3417040596068965]",1354,-1
16673,[0.42322452 0.70056261],3,-1,-1,43,-1
16674,[0.34606199 0.38565819],2,1,"[0.3897435781344088, 0.3417040596068965]",995,-1
16675,[0.30011668 0.4964043 ],7,8,"[0.27392971195344684, 0.45973140540928376]",1889,-1
16676,[0.25334905 0.25567108],0,5,"[0.23231087327800656, 0.30304944505444303]",1312,-1
16677,[0.35795173 0.42534196],7,-1,-1,883,-1
16678,[0.59820252 0.5910155 ],9,2,"[0.5921204552873188, 0.6383928111301557]",1318,-1
16679,[0.18949597 0.35313034],2,5,"[0.23231087327800656, 0.30304944505444303]",-1,-1
16680,[0.52849592 0.50521757],8,6,"[0.5164739970238864, 0.5319253761973344]",-1,-1
16681,[0.60609872 0.31660202],8,-1,-1,-1,-1
16682,[0.32530882 0.25013676],0,9,"[0.3110394802231661, 0.23517199738277297]",1489,-1
16683,[0.68258867 0.49258218],8,3,"[0.6815204869410737, 0.47689852788858716]",-1,2
16684,[0.79735839 0.70406079],1,4,"[0.7726811996944247, 0.7249303226766757]",-1,0
16685,[0.55355187 0.56740535],9,6,"[0.5164739970238864, 0.5319253761973344]",1406,6
16686,[0.49453099 0.51647857],3,6,"[0.5164739970238864, 0.5319253761973344]",936,-1
16687,[0.50036658 0.52078057],9,6,"[0.5164739970238864, 0.5319253761973344]",-1,-1
16688,[0.32386214 0.64447529],4,-1,-1,886,-1
16689,[0.60796653 0.55936081],8,-1,-1,-1,-1
16690,[0.3644109 0.2768185],6,9,"[0.3110394802231661, 0.23517199738277297]",-1,-1
16691,[0.29001475 0.48029761],7,8,"[0.27392971195344684, 0.45973140540928376]",1799,-1
16692,[0.71470032 0.48393421],8,3,"[0.6815204869410737, 0.47689852788858716]",-1,-1
16693,[0.34810773 0.36027881],2,1,"[0.3897435781344088, 0.3417040596068965]",1354,-1
16694,[0.72681556 0.43994023],8,3,"[0.6815204869410737, 0.47689852788858716]",562,-1
16695,[0.56208933 0.5896202 ],5,2,"[0.5921204552873188, 0.6383928111301557]",-1,-1
16696,[0.2293942  0.29077046],2,5,"[0.23231087327800656, 0.30304944505444303]",1460,-1
16697,[0.5120571  0.64722809],5,-1,-1,-1,-1
16698,[0.22373795 0.35790294],2,5,"[0.23231087327800656, 0.30304944505444303]",-1,-1
16699,[0.30032257 0.38670959],2,-1,-1,1208,-1
16700,[0.72176322 0.43809061],8,3,"[0.6815204869410737, 0.47689852788858716]",562,-1
16701,[0.29514245 0.58494475],4,7,"[0.2817018170798153, 0.5849768676672948]",-1,-1
16702,[0.56860599 0.59045822],5,2,"[0.5921204552873188, 0.6383928111301557]",1437,6
16703,[0.27053934 0.47294598],7,8,"[0.27392971195344684, 0.45973140540928376]",-1,-1
16704,[0.28916076 0.42380323],2,8,"[0.27392971195344684, 0.45973140540928376]",1075,-1
16705,[0.82668052 0.71121937],1,4,"[0.7726811996944247, 0.7249303226766757]",360,0
16706,[0.47305862 0.60939555],5,-1,-1,-1,-1
16707,[0.28875166 0.78005322],3,-1,-1,-1,-1
16708,[0.50259177 0.63224832],9,-1,-1,-1,-1
16709,[0.35508988 0.30761652],6,1,"[0.3897435781344088, 0.3417040596068965]",-1,-1
16710,[0.49939611 0.51770053],5,6,"[0.5164739970238864, 0.5319253761973344]",-1,-1
16711,[0.54708638 0.47540128],8,6,"[0.5164739970238864, 0.5319253761973344]",756,-1
16712,[0.23812527 0.28674999],0,5,"[0.23231087327800656, 0.30304944505444303]",1531,-1
16713,[0.69641462 0.42929737],8,3,"[0.6815204869410737, 0.47689852788858716]",597,-1
16714,[0.39881001 0.48970397],4,-1,-1,1036,-1
16715,[0.30763168 0.48354012],7,8,"[0.27392971195344684, 0.45973140540928376]",1873,-1
16716,[0.22972672 0.53499867],7,-1,-1,1477,-1
16717,[0.30549049 0.38253757],2,-1,-1,-1,-1
16718,[0.63284772 0.6017508 ],9,2,"[0.5921204552873188, 0.6383928111301557]",1207,-1
16719,[0.56766924 0.71052702],9,-1,-1,-1,-1
16720,[0.26939694 0.23962757],0,9,"[0.3110394802231661, 0.23517199738277297]",1524,-1
16721,[0.28965655 0.47261326],2,8,"[0.27392971195344684, 0.45973140540928376]",1731,-1
16722,[0.40585508 0.23953123],6,-1,-1,657,-1
16723,[0.24982624 0.38121557],0,-1,-1,1147,-1
16724,[0.34201083 0.69555525],3,-1,-1,66,-1
16725,[0.22150856 0.43692817],4,8,"[0.27392971195344684, 0.45973140540928376]",271,-1
16726,[0.19103311 0.6181164 ],4,-1,-1,-1,-1
16727,[0.34629928 0.53949864],3,0,"[0.383291892093257, 0.5586820702346661]",-1,16
16728,[0.65937411 0.52402008],8,3,"[0.6815204869410737, 0.47689852788858716]",-1,-1
16729,[0.39352054 0.45705848],3,-1,-1,584,-1
16730,[0.19703926 0.31701057],0,5,"[0.23231087327800656, 0.30304944505444303]",-1,-1
16731,[0.81218134 0.71226143],1,4,"[0.7726811996944247, 0.7249303226766757]",378,0
16732,[0.24990346 0.33166212],0,5,"[0.23231087327800656, 0.30304944505444303]",1502,-1
16733,[0.24103428 0.59701497],4,7,"[0.2817018170798153, 0.5849768676672948]",-1,-1
16734,[0.32761581 0.32505109],2,1,"[0.3897435781344088, 0.3417040596068965]",-1,-1
16735,[0.63249688 0.44914952],8,3,"[0.6815204869410737, 0.47689852788858716]",-1,-1
16736,[0.72258005 0.46553762],8,3,"[0.6815204869410737, 0.47689852788858716]",780,-1
16737,[0.52857848 0.53609568],5,6,"[0.5164739970238864, 0.5319253761973344]",1177,-1
16738,[0.46646201 0.33307812],6,-1,-1,530,-1
16739,[0.36327936 0.65858226],7,-1,-1,701,-1
16740,[0.19577665 0.47697571],7,-1,-1,185,-1
16741,[0.72378761 0.47521049],8,3,"[0.6815204869410737, 0.47689852788858716]",-1,-1
16742,[0.34710824 0.39264679],6,1,"[0.3897435781344088, 0.3417040596068965]",-1,-1
16743,[0.27967913 0.62390915],3,7,"[0.2817018170798153, 0.5849768676672948]",-1,-1
16744,[0.77421754 0.42346446],8,-1,-1,-1,-1
16745,[0.23811313 0.59745751],4,7,"[0.2817018170798153, 0.5849768676672948]",-1,-1
16746,[0.67048    0.52119798],8,3,"[0.6815204869410737, 0.47689852788858716]",828,-1
16747,[0.59665219 0.44098553],8,-1,-1,216,-1
16748,[0.35325877 0.29288589],6,1,"[0.3897435781344088, 0.3417040596068965]",1667,-1
16749,[0.21975755 0.60699456],7,7,"[0.2817018170798153, 0.5849768676672948]",246,-1
16750,[0.27965793 0.47888809],4,8,"[0.27392971195344684, 0.45973140540928376]",1728,-1
16751,[0.77895586 0.5274768 ],8,-1,-1,69,-1
16752,[0.35454862 0.47403948],7,-1,-1,-1,-1
16753,[0.39765125 0.54975509],7,0,"[0.383291892093257, 0.5586820702346661]",-1,-1
16754,[0.46319253 0.51533198],9,6,"[0.5164739970238864, 0.5319253761973344]",-1,-1
16755,[0.31325669 0.51310515],3,8,"[0.27392971195344684, 0.45973140540928376]",1922,15
16756,[0.33557877 0.5891883 ],4,7,"[0.2817018170798153, 0.5849768676672948]",1940,-1
16757,[0.38334434 0.32421122],6,1,"[0.3897435781344088, 0.3417040596068965]",1476,-1
16758,[0.28353638 0.55857245],4,7,"[0.2817018170798153, 0.5849768676672948]",1916,13
16759,[0.3311742  0.50330096],4,-1,-1,1909,-1
16760,[0.32463126 0.22868445],2,9,"[0.3110394802231661, 0.23517199738277297]",-1,-1
16761,[0.71972393 0.81813857],1,-1,-1,-1,-1
16762,[0.41660284 0.25661151],2,-1,-1,610,-1
16763,[0.36208282 0.54640546],7,0,"[0.383291892093257, 0.5586820702346661]",1790,-1
16764,[0.71234024 0.46174513],8,3,"[0.6815204869410737, 0.47689852788858716]",717,-1
16765,[0.54532779 0.52358792],5,6,"[0.5164739970238864, 0.5319253761973344]",899,-1
16766,[0.38422642 0.61894649],3,0,"[0.383291892093257, 0.5586820702346661]",894,-1
16767,[0.71168164 0.60894958],1,-1,-1,-1,-1
16768,[0.38157979 0.4107748 ],2,1,"[0.3897435781344088, 0.3417040596068965]",-1,-1
16769,[0.30684455 0.48564997],7,8,"[0.27392971195344684, 0.45973140540928376]",1873,-1
16770,[0.69612805 0.55248297],8,-1,-1,600,-1
16771,[0.49465974 0.65285101],5,-1,-1,-1,-1
16772,[0.60661947 0.58075989],8,2,"[0.5921204552873188, 0.6383928111301557]",1326,-1
16773,[0.49731982 0.32561749],6,-1,-1,-1,-1
16774,[0.76442894 0.59148371],9,-1,-1,57,-1
16775,[0.54739731 0.70389459],9,-1,-1,-1,-1
16776,[0.31136342 0.53069379],3,7,"[0.2817018170798153, 0.5849768676672948]",1844,-1
16777,[0.38385012 0.65364432],4,-1,-1,536,-1
16778,[0.41557966 0.52074195],4,0,"[0.383291892093257, 0.5586820702346661]",1471,-1
16779,[0.31580189 0.33217198],6,-1,-1,1604,-1
16780,[0.1818539  0.27311745],0,5,"[0.23231087327800656, 0.30304944505444303]",458,-1
16781,[0.45691675 0.6705842 ],3,-1,-1,137,-1
16782,[0.71219092 0.43505127],8,3,"[0.6815204869410737, 0.47689852788858716]",-1,-1
16783,[0.26961954 0.6048839 ],4,7,"[0.2817018170798153, 0.5849768676672948]",-1,-1
16784,[0.30721502 0.61257647],3,7,"[0.2817018170798153, 0.5849768676672948]",1762,-1
16785,[0.49803535 0.57801432],5,6,"[0.5164739970238864, 0.5319253761973344]",-1,-1
16786,[0.35524868 0.25917548],6,9,"[0.3110394802231661, 0.23517199738277297]",-1,-1
16787,[0.28526283 0.56605724],7,7,"[0.2817018170798153, 0.5849768676672948]",1903,13
16788,[0.13757414 0.17080802],0,-1,-1,2,-1
16789,[0.60740633 0.57988567],9,2,"[0.5921204552873188, 0.6383928111301557]",1326,-1
16790,[0.7427838  0.61512992],1,-1,-1,-1,-1
16791,[0.28260382 0.31002161],2,5,"[0.23231087327800656, 0.30304944505444303]",-1,-1
16792,[0.1918155  0.30045919],2,5,"[0.23231087327800656, 0.30304944505444303]",743,-1
16793,[0.3054796  0.43363202],2,8,"[0.27392971195344684, 0.45973140540928376]",1081,-1
16794,[0.51958291 0.35091277],6,-1,-1,63,-1
16795,[0.25277884 0.33636193],0,5,"[0.23231087327800656, 0.30304944505444303]",1399,-1
16796,[0.25208521 0.35087716],2,5,"[0.23231087327800656, 0.30304944505444303]",1587,-1
16797,[0.34872532 0.47827088],3,-1,-1,1890,-1
16798,[0.45425771 0.33101437],6,1,"[0.3897435781344088, 0.3417040596068965]",528,-1
16799,[0.27223232 0.59188424],4,7,"[0.2817018170798153, 0.5849768676672948]",-1,-1
16800,[0.32546342 0.36545034],0,1,"[0.3897435781344088, 0.3417040596068965]",1392,-1
16801,[0.77392002 0.62030034],1,-1,-1,-1,-1
16802,[0.68661485 0.48149365],5,3,"[0.6815204869410737, 0.47689852788858716]",-1,-1
16803,[0.5784569  0.56163678],9,6,"[0.5164739970238864, 0.5319253761973344]",1394,-1
16804,[0.39700442 0.5889297 ],3,0,"[0.383291892093257, 0.5586820702346661]",-1,-1
16805,[0.2583362  0.54543649],4,7,"[0.2817018170798153, 0.5849768676672948]",1559,-1
16806,[0.29732487 0.30537124],0,5,"[0.23231087327800656, 0.30304944505444303]",-1,-1
16807,[0.77762745 0.72655447],1,4,"[0.7726811996944247, 0.7249303226766757]",469,0
16808,[0.32223711 0.54616547],7,7,"[0.2817018170798153, 0.5849768676672948]",1989,-1
16809,[0.74143744 0.73946111],1,4,"[0.7726811996944247, 0.7249303226766757]",-1,0
16810,[0.29760831 0.61488427],4,7,"[0.2817018170798153, 0.5849768676672948]",856,-1
16811,[0.21408841 0.32669917],0,5,"[0.23231087327800656, 0.30304944505444303]",-1,-1
16812,[0.801924   0.67607951],1,4,"[0.7726811996944247, 0.7249303226766757]",359,0
16813,[0.19528753 0.3100934 ],0,5,"[0.23231087327800656, 0.30304944505444303]",777,-1
16814,[0.56372436 0.65882107],9,2,"[0.5921204552873188, 0.6383928111301557]",1045,-1
16815,[0.75466517 0.48280653],8,-1,-1,507,-1
16816,[0.60636948 0.4366867 ],8,-1,-1,-1,-1
16817,[0.51187716 0.58664106],5,6,"[0.5164739970238864, 0.5319253761973344]",-1,-1
16818,[0.49917449 0.65635094],5,-1,-1,-1,-1
16819,[0.68885498 0.48434207],8,3,"[0.6815204869410737, 0.47689852788858716]",-1,2
16820,[0.39224852 0.57015158],7,0,"[0.383291892093257, 0.5586820702346661]",-1,-1
16821,[0.29996229 0.51443456],7,8,"[0.27392971195344684, 0.45973140540928376]",1876,-1
16822,[0.60402227 0.48728272],8,-1,-1,837,-1
16823,[0.34824937 0.59555878],4,0,"[0.383291892093257, 0.5586820702346661]",1833,-1
16824,[0.68249827 0.72586499],1,-1,-1,236,0
16825,[0.58465624 0.65314583],9,2,"[0.5921204552873188, 0.6383928111301557]",1124,-1
16826,[0.53991674 0.47436631],5,6,"[0.5164739970238864, 0.5319253761973344]",-1,-1
16827,[0.61810582 0.3399318 ],8,-1,-1,-1,-1
16828,[0.21207261 0.38440843],2,-1,-1,-1,-1
16829,[0.65061027 0.58868751],8,-1,-1,-1,-1
16830,[0.31687405 0.39276001],2,-1,-1,-1,-1
16831,[0.36533429 0.53207475],3,0,"[0.383291892093257, 0.5586820702346661]",1934,-1
16832,[0.40449673 0.28812801],6,1,"[0.3897435781344088, 0.3417040596068965]",1043,-1
16833,[0.27187089 0.20939905],0,9,"[0.3110394802231661, 0.23517199738277297]",-1,-1
16834,[0.1926138  0.46556125],7,-1,-1,210,-1
16835,[0.77773736 0.61681586],1,-1,-1,79,0
16836,[0.24863534 0.27543334],2,5,"[0.23231087327800656, 0.30304944505444303]",-1,-1
16837,[0.31193664 0.43159021],4,8,"[0.27392971195344684, 0.45973140540928376]",1081,-1
16838,[0.39189216 0.49922161],4,0,"[0.383291892093257, 0.5586820702346661]",-1,-1
16839,[0.257423   0.47782957],2,8,"[0.27392971195344684, 0.45973140540928376]",-1,-1
16840,[0.52672767 0.60681642],9,-1,-1,-1,-1
16841,[0.25201071 0.56900971],7,7,"[0.2817018170798153, 0.5849768676672948]",1515,-1
16842,[0.37472662 0.52003525],7,0,"[0.383291892093257, 0.5586820702346661]",-1,-1
16843,[0.4937791 0.6064221],5,-1,-1,918,-1
16844,[0.26595882 0.2403266 ],0,9,"[0.3110394802231661, 0.23517199738277297]",-1,-1
16845,[0.57749934 0.50550104],5,6,"[0.5164739970238864, 0.5319253761973344]",840,-1
16846,[0.59337615 0.52259724],5,-1,-1,1102,-1
16847,[0.57880563 0.63696055],5,2,"[0.5921204552873188, 0.6383928111301557]",1095,-1
16848,[0.2708894  0.24416371],0,9,"[0.3110394802231661, 0.23517199738277297]",1524,-1
16849,[0.24809794 0.55546285],7,7,"[0.2817018170798153, 0.5849768676672948]",1706,-1
16850,[0.84170057 0.77840945],1,-1,-1,259,0
16851,[0.50872948 0.53177669],5,6,"[0.5164739970238864, 0.5319253761973344]",-1,3
16852,[0.78912014 0.41547198],8,-1,-1,-1,-1
16853,[0.37635734 0.6162823 ],4,0,"[0.383291892093257, 0.5586820702346661]",1513,-1
16854,[0.45460877 0.45373936],4,-1,-1,270,-1
16855,[0.16295955 0.40935369],2,-1,-1,134,-1
16856,[0.56082227 0.58269909],5,2,"[0.5921204552873188, 0.6383928111301557]",1444,6
16857,[0.53058471 0.39266363],8,-1,-1,46,-1
16858,[0.60736008 0.71839575],9,-1,-1,423,-1
16859,[0.36179834 0.59866355],4,0,"[0.383291892093257, 0.5586820702346661]",-1,-1
16860,[0.37787202 0.36303363],6,1,"[0.3897435781344088, 0.3417040596068965]",1062,-1
16861,[0.75998328 0.73389779],1,4,"[0.7726811996944247, 0.7249303226766757]",468,0
16862,[0.57199565 0.43669044],5,-1,-1,252,-1
16863,[0.28726807 0.51310336],7,8,"[0.27392971195344684, 0.45973140540928376]",1915,14
16864,[0.470193  0.5069432],5,6,"[0.5164739970238864, 0.5319253761973344]",753,-1
16865,[0.20225667 0.27311412],0,5,"[0.23231087327800656, 0.30304944505444303]",1111,-1
16866,[0.37638215 0.40574829],6,1,"[0.3897435781344088, 0.3417040596068965]",-1,-1
16867,[0.33822884 0.31399555],6,1,"[0.3897435781344088, 0.3417040596068965]",1653,-1
16868,[0.35439417 0.43785738],7,-1,-1,-1,-1
16869,[0.25936613 0.3358698 ],2,5,"[0.23231087327800656, 0.30304944505444303]",-1,-1
16870,[0.35353421 0.5300151 ],3,0,"[0.383291892093257, 0.5586820702346661]",-1,-1
16871,[0.23899912 0.28571822],0,5,"[0.23231087327800656, 0.30304944505444303]",1531,-1
16872,[0.50561183 0.5693261 ],5,6,"[0.5164739970238864, 0.5319253761973344]",-1,-1
16873,[0.27794329 0.30763979],2,5,"[0.23231087327800656, 0.30304944505444303]",-1,-1
16874,[0.48985434 0.29592889],6,-1,-1,173,-1
16875,[0.20447249 0.54958026],7,-1,-1,644,-1
16876,[0.52043533 0.64552788],9,-1,-1,-1,-1
16877,[0.75626734 0.72218635],1,4,"[0.7726811996944247, 0.7249303226766757]",-1,0
16878,[0.24082249 0.21458222],0,-1,-1,-1,-1
16879,[0.62038419 0.58218085],9,2,"[0.5921204552873188, 0.6383928111301557]",-1,-1
16880,[0.36960399 0.22041649],2,9,"[0.3110394802231661, 0.23517199738277297]",-1,-1
16881,[0.29133221 0.5316327 ],4,7,"[0.2817018170798153, 0.5849768676672948]",-1,-1
16882,[0.65082758 0.4310281 ],8,3,"[0.6815204869410737, 0.47689852788858716]",783,-1
16883,[0.63488044 0.49730611],9,3,"[0.6815204869410737, 0.47689852788858716]",-1,-1
16884,[0.29465463 0.35892993],2,-1,-1,1479,-1
16885,[0.62806263 0.54225475],5,-1,-1,1107,-1
16886,[0.2809942  0.46750807],3,8,"[0.27392971195344684, 0.45973140540928376]",1404,-1
16887,[0.2332692  0.28853081],2,5,"[0.23231087327800656, 0.30304944505444303]",-1,-1
16888,[0.63576734 0.5678719 ],5,-1,-1,1103,-1
16889,[0.37928039 0.22236539],6,9,"[0.3110394802231661, 0.23517199738277297]",-1,-1
16890,[0.78890039 0.72860061],1,4,"[0.7726811996944247, 0.7249303226766757]",465,0
16891,[0.32841126 0.55103801],7,0,"[0.383291892093257, 0.5586820702346661]",1959,-1
16892,[0.34737131 0.52602315],3,0,"[0.383291892093257, 0.5586820702346661]",1947,-1
16893,[0.64486072 0.65755722],9,2,"[0.5921204552873188, 0.6383928111301557]",643,-1
16894,[0.31384199 0.64934552],3,-1,-1,590,-1
16895,[0.44407602 0.3287937 ],6,1,"[0.3897435781344088, 0.3417040596068965]",-1,-1
16896,[0.33101299 0.34661788],2,1,"[0.3897435781344088, 0.3417040596068965]",-1,-1
16897,[0.69351672 0.47772354],8,3,"[0.6815204869410737, 0.47689852788858716]",808,-1
16898,[0.33546245 0.41724065],6,-1,-1,917,-1
16899,[0.21323773 0.09620072],0,-1,-1,-1,-1
16900,[0.11059417 0.33529012],0,-1,-1,-1,-1
16901,[0.70718474 0.4786712 ],8,3,"[0.6815204869410737, 0.47689852788858716]",-1,-1
16902,[0.34292142 0.51991742],3,0,"[0.383291892093257, 0.5586820702346661]",-1,-1
16903,[0.19694911 0.34297363],0,5,"[0.23231087327800656, 0.30304944505444303]",-1,-1
16904,[0.34596648 0.26583507],0,9,"[0.3110394802231661, 0.23517199738277297]",-1,-1
16905,[0.46801793 0.67279546],3,-1,-1,-1,-1
16906,[0.53271781 0.54485364],5,6,"[0.5164739970238864, 0.5319253761973344]",1330,-1
16907,[0.50356229 0.51588831],8,6,"[0.5164739970238864, 0.5319253761973344]",890,-1
16908,[0.78795314 0.72202633],1,4,"[0.7726811996944247, 0.7249303226766757]",475,0
16909,[0.45270914 0.57312638],5,-1,-1,1222,-1
16910,[0.17071295 0.51615621],7,-1,-1,-1,-1
16911,[0.20452806 0.20615157],0,-1,-1,-1,-1
16912,[0.356987   0.24045531],6,9,"[0.3110394802231661, 0.23517199738277297]",-1,-1
16913,[0.32479776 0.32809   ],6,1,"[0.3897435781344088, 0.3417040596068965]",-1,-1
16914,[0.81946889 0.79428509],1,-1,-1,191,0
16915,[0.7751783  0.76937332],1,4,"[0.7726811996944247, 0.7249303226766757]",410,0
16916,[0.72854769 0.48316392],8,3,"[0.6815204869410737, 0.47689852788858716]",-1,-1
16917,[0.20193256 0.40185393],2,-1,-1,202,-1
16918,[0.3640146  0.31221397],2,1,"[0.3897435781344088, 0.3417040596068965]",-1,-1
16919,[0.40513271 0.57019236],4,0,"[0.383291892093257, 0.5586820702346661]",1737,-1
16920,[0.31700097 0.58829375],4,7,"[0.2817018170798153, 0.5849768676672948]",1967,-1
16921,[0.25389305 0.34094906],0,5,"[0.23231087327800656, 0.30304944505444303]",1398,-1
16922,[0.63104808 0.57871051],9,-1,-1,1194,-1
16923,[0.35979583 0.32947488],6,1,"[0.3897435781344088, 0.3417040596068965]",1407,-1
16924,[0.52386567 0.52436746],5,6,"[0.5164739970238864, 0.5319253761973344]",-1,-1
16925,[0.81186766 0.67156655],1,4,"[0.7726811996944247, 0.7249303226766757]",-1,0
16926,[0.78211606 0.74467787],1,4,"[0.7726811996944247, 0.7249303226766757]",-1,0
16927,[0.65210346 0.47704072],8,3,"[0.6815204869410737, 0.47689852788858716]",824,1
16928,[0.30074224 0.46702499],4,8,"[0.27392971195344684, 0.45973140540928376]",-1,-1
16929,[0.31605459 0.37270132],2,-1,-1,-1,-1
16930,[0.62966121 0.54119915],5,-1,-1,1107,-1
16931,[0.32828448 0.38338923],2,-1,-1,1011,-1
16932,[0.24855799 0.37462912],6,-1,-1,1149,-1
16933,[0.36413269 0.57427462],3,0,"[0.383291892093257, 0.5586820702346661]",-1,12
16934,[0.39236599 0.63117144],3,-1,-1,751,-1
16935,[0.37916974 0.44383215],3,-1,-1,964,-1
16936,[0.35836717 0.43239455],7,-1,-1,884,-1
16937,[0.49066507 0.26442803],6,-1,-1,118,-1
16938,[0.2919624  0.25742773],0,9,"[0.3110394802231661, 0.23517199738277297]",1611,-1
16939,[0.16402889 0.30855303],0,5,"[0.23231087327800656, 0.30304944505444303]",-1,-1
16940,[0.32701502 0.29609566],0,9,"[0.3110394802231661, 0.23517199738277297]",-1,-1
16941,[0.40843117 0.49687969],5,0,"[0.383291892093257, 0.5586820702346661]",1456,-1
16942,[0.18791579 0.34365881],2,5,"[0.23231087327800656, 0.30304944505444303]",-1,-1
16943,[0.52897725 0.565082  ],5,6,"[0.5164739970238864, 0.5319253761973344]",1371,-1
16944,[0.30771916 0.25418464],0,9,"[0.3110394802231661, 0.23517199738277297]",1499,-1
16945,[0.42470057 0.45412788],3,-1,-1,-1,-1
16946,[0.20975969 0.40542666],2,-1,-1,202,-1
16947,[0.7420777 0.6759732],1,4,"[0.7726811996944247, 0.7249303226766757]",-1,0
16948,[0.23134582 0.45252151],7,8,"[0.27392971195344684, 0.45973140540928376]",-1,-1
16949,[0.37205901 0.30654871],0,1,"[0.3897435781344088, 0.3417040596068965]",1472,-1
16950,[0.55146618 0.66911887],9,2,"[0.5921204552873188, 0.6383928111301557]",-1,-1
16951,[0.2582512  0.35808795],2,5,"[0.23231087327800656, 0.30304944505444303]",-1,-1
16952,[0.22975422 0.43985529],7,8,"[0.27392971195344684, 0.45973140540928376]",586,-1
16953,[0.8733498  0.73003131],1,-1,-1,87,0
16954,[0.72997491 0.49583735],8,3,"[0.6815204869410737, 0.47689852788858716]",-1,-1
16955,[0.19340201 0.21580327],0,-1,-1,565,-1
16956,[0.1917741  0.59079659],4,-1,-1,-1,-1
16957,[0.40218554 0.53681493],3,0,"[0.383291892093257, 0.5586820702346661]",1643,-1
16958,[0.5129936  0.35015787],6,-1,-1,63,-1
16959,[0.21280408 0.4526946 ],7,8,"[0.27392971195344684, 0.45973140540928376]",-1,-1
16960,[0.57280565 0.7127771 ],9,-1,-1,-1,-1
16961,[0.23074383 0.19817108],2,-1,-1,375,-1
16962,[0.82844914 0.73833768],1,4,"[0.7726811996944247, 0.7249303226766757]",-1,0
16963,[0.50289072 0.59321688],5,6,"[0.5164739970238864, 0.5319253761973344]",-1,-1
16964,[0.32069445 0.35880517],2,-1,-1,1485,-1
16965,[0.29570208 0.46128073],2,8,"[0.27392971195344684, 0.45973140540928376]",-1,-1
16966,[0.47677063 0.5160966 ],3,6,"[0.5164739970238864, 0.5319253761973344]",1002,-1
16967,[0.43759052 0.75211983],3,-1,-1,-1,-1
16968,[0.22230038 0.56560187],7,7,"[0.2817018170798153, 0.5849768676672948]",690,-1
16969,[0.52532798 0.46265056],5,6,"[0.5164739970238864, 0.5319253761973344]",556,-1
16970,[0.46092151 0.30870522],6,-1,-1,-1,-1
16971,[0.3823166  0.58454764],3,0,"[0.383291892093257, 0.5586820702346661]",-1,-1
16972,[0.65966293 0.4900983 ],8,3,"[0.6815204869410737, 0.47689852788858716]",821,1
16973,[0.3616327  0.51434622],7,0,"[0.383291892093257, 0.5586820702346661]",-1,-1
16974,[0.36736579 0.60621356],4,0,"[0.383291892093257, 0.5586820702346661]",-1,-1
16975,[0.34031027 0.37366512],6,1,"[0.3897435781344088, 0.3417040596068965]",1349,-1
16976,[0.31994834 0.2813577 ],2,9,"[0.3110394802231661, 0.23517199738277297]",1576,-1
16977,[0.66473742 0.65704058],5,-1,-1,636,-1
16978,[0.73435915 0.5291561 ],8,-1,-1,402,-1
16979,[0.1932755  0.30025154],0,5,"[0.23231087327800656, 0.30304944505444303]",743,-1
16980,[0.62090078 0.50815366],5,3,"[0.6815204869410737, 0.47689852788858716]",867,-1
16981,[0.50232053 0.43243772],5,-1,-1,-1,-1
16982,[0.48550205 0.74681214],9,-1,-1,-1,-1
16983,[0.50811241 0.35475521],6,-1,-1,-1,-1
16984,[0.50986042 0.55743135],3,6,"[0.5164739970238864, 0.5319253761973344]",-1,-1
16985,[0.54938299 0.66186319],9,2,"[0.5921204552873188, 0.6383928111301557]",-1,-1
16986,[0.35855663 0.49159608],7,-1,-1,-1,-1
16987,[0.54131395 0.48021697],5,6,"[0.5164739970238864, 0.5319253761973344]",756,-1
16988,[0.76723291 0.74354484],1,4,"[0.7726811996944247, 0.7249303226766757]",430,0
16989,[0.22197955 0.24344475],0,5,"[0.23231087327800656, 0.30304944505444303]",-1,-1
16990,[0.37997973 0.53120893],4,0,"[0.383291892093257, 0.5586820702346661]",-1,-1
16991,[0.29150525 0.47506562],7,8,"[0.27392971195344684, 0.45973140540928376]",1731,-1
16992,[0.81699885 0.64196623],1,-1,-1,-1,0
16993,[0.65235675 0.48857935],8,3,"[0.6815204869410737, 0.47689852788858716]",818,1
16994,[0.3379511  0.28425583],6,9,"[0.3110394802231661, 0.23517199738277297]",-1,-1
16995,[0.22911419 0.19853879],0,-1,-1,375,-1
16996,[0.64991989 0.71238174],9,-1,-1,-1,-1
16997,[0.58598622 0.45399584],8,-1,-1,607,-1
16998,[0.65963445 0.56007119],8,-1,-1,-1,-1
16999,[0.27588858 0.47568176],7,8,"[0.27392971195344684, 0.45973140540928376]",-1,-1
17000,[0.465278   0.58277632],5,-1,-1,1232,-1
17001,[0.84114134 0.69055682],1,-1,-1,309,0
17002,[0.31363656 0.37419144],2,-1,-1,1423,-1
17003,[0.36409279 0.32055733],6,1,"[0.3897435781344088, 0.3417040596068965]",1545,-1
17004,[0.5650528  0.61556157],9,2,"[0.5921204552873188, 0.6383928111301557]",-1,-1
17005,[0.4886822 0.3646202],6,-1,-1,208,-1
17006,[0.74914641 0.44257538],8,-1,-1,263,-1
17007,[0.27165255 0.5126184 ],7,8,"[0.27392971195344684, 0.45973140540928376]",1887,-1
17008,[0.36594722 0.24010594],0,9,"[0.3110394802231661, 0.23517199738277297]",675,-1
17009,[0.84935405 0.77674779],1,-1,-1,-1,0
17010,[0.56251764 0.47832758],5,-1,-1,684,-1
17011,[0.23063648 0.28491387],2,5,"[0.23231087327800656, 0.30304944505444303]",1531,-1
17012,[0.24035786 0.34824042],2,5,"[0.23231087327800656, 0.30304944505444303]",1497,-1
17013,[0.45403454 0.52317892],3,6,"[0.5164739970238864, 0.5319253761973344]",1302,-1
17014,[0.39944706 0.6346242 ],3,-1,-1,751,-1
17015,[0.57950777 0.47588333],8,-1,-1,772,-1
17016,[0.73094563 0.44925698],8,3,"[0.6815204869410737, 0.47689852788858716]",693,-1
17017,[0.2897257  0.26599238],0,9,"[0.3110394802231661, 0.23517199738277297]",-1,-1
17018,[0.41506881 0.32437748],0,1,"[0.3897435781344088, 0.3417040596068965]",-1,-1
17019,[0.33046632 0.51769539],4,0,"[0.383291892093257, 0.5586820702346661]",1904,-1
17020,[0.34713695 0.45952917],7,-1,-1,-1,-1
17021,[0.53738407 0.52210678],5,6,"[0.5164739970238864, 0.5319253761973344]",-1,3
17022,[0.65047831 0.59804616],9,-1,-1,-1,-1
17023,[0.41627445 0.36572403],6,1,"[0.3897435781344088, 0.3417040596068965]",976,-1
17024,[0.35859362 0.43976371],3,-1,-1,-1,-1
17025,[0.27578855 0.27713202],0,5,"[0.23231087327800656, 0.30304944505444303]",1674,-1
17026,[0.35868559 0.28572089],0,1,"[0.3897435781344088, 0.3417040596068965]",1171,-1
17027,[0.76550514 0.43498597],8,-1,-1,94,-1
17028,[0.19239578 0.31665982],2,5,"[0.23231087327800656, 0.30304944505444303]",857,-1
17029,[0.36078719 0.57209318],3,0,"[0.383291892093257, 0.5586820702346661]",-1,-1
17030,[0.65596404 0.59794903],9,-1,-1,-1,-1
17031,[0.33785706 0.39190329],2,-1,-1,984,-1
17032,[0.37312564 0.38576987],6,1,"[0.3897435781344088, 0.3417040596068965]",1005,-1
17033,[0.4880743  0.50339007],5,6,"[0.5164739970238864, 0.5319253761973344]",873,-1
17034,[0.58638839 0.68434478],9,2,"[0.5921204552873188, 0.6383928111301557]",-1,-1
17035,[0.47171801 0.56659967],9,6,"[0.5164739970238864, 0.5319253761973344]",-1,-1
17036,[0.84364392 0.64958324],1,-1,-1,-1,0
17037,[0.33098308 0.40699763],2,-1,-1,948,-1
17038,[0.34999043 0.58702764],3,0,"[0.383291892093257, 0.5586820702346661]",-1,-1
17039,[0.63880281 0.30587297],8,-1,-1,-1,-1
17040,[0.46866881 0.49460753],5,6,"[0.5164739970238864, 0.5319253761973344]",875,-1
17041,[0.28163707 0.70482521],4,-1,-1,-1,-1
17042,[0.65160864 0.49341187],8,3,"[0.6815204869410737, 0.47689852788858716]",-1,1
17043,[0.32692258 0.23783396],2,9,"[0.3110394802231661, 0.23517199738277297]",1001,-1
17044,[0.68382943 0.50698154],8,3,"[0.6815204869410737, 0.47689852788858716]",-1,-1
17045,[0.45548081 0.6133154 ],5,-1,-1,703,-1
17046,[0.29126667 0.42792639],7,8,"[0.27392971195344684, 0.45973140540928376]",1075,-1
17047,[0.83830682 0.76401605],1,-1,-1,-1,0
17048,[0.28731403 0.54647714],7,7,"[0.2817018170798153, 0.5849768676672948]",1907,-1
17049,[0.43632017 0.25288897],6,-1,-1,-1,-1
17050,[0.70913222 0.46623758],8,3,"[0.6815204869410737, 0.47689852788858716]",717,-1
17051,[0.22542942 0.53249383],7,-1,-1,1477,-1
17052,[0.26133876 0.60109   ],7,7,"[0.2817018170798153, 0.5849768676672948]",1646,-1
17053,[0.218026   0.53329315],7,-1,-1,-1,-1
17054,[0.2930595  0.65555467],4,-1,-1,-1,-1
17055,[0.46021586 0.2686864 ],6,-1,-1,-1,-1
17056,[0.57088417 0.43480203],8,-1,-1,252,-1
17057,[0.45134268 0.59842887],3,-1,-1,1237,4
17058,[0.26562729 0.50521485],7,8,"[0.27392971195344684, 0.45973140540928376]",-1,-1
17059,[0.56437318 0.41037092],8,-1,-1,114,-1
17060,[0.56493533 0.50348568],5,6,"[0.5164739970238864, 0.5319253761973344]",852,-1
17061,[0.30121194 0.20625247],2,9,"[0.3110394802231661, 0.23517199738277297]",-1,-1
17062,[0.52736441 0.56818714],5,6,"[0.5164739970238864, 0.5319253761973344]",1371,-1
17063,[0.65478058 0.39549624],8,-1,-1,242,-1
17064,[0.57782759 0.68916342],9,2,"[0.5921204552873188, 0.6383928111301557]",915,-1
17065,[0.46401373 0.6899879 ],9,-1,-1,-1,-1
17066,[0.44267584 0.30341273],6,1,"[0.3897435781344088, 0.3417040596068965]",492,-1
17067,[0.53847736 0.69606328],9,-1,-1,-1,-1
17068,[0.65973733 0.50561684],9,3,"[0.6815204869410737, 0.47689852788858716]",-1,-1
17069,[0.33682066 0.55986835],4,0,"[0.383291892093257, 0.5586820702346661]",-1,-1
17070,[0.69211184 0.44489933],8,3,"[0.6815204869410737, 0.47689852788858716]",-1,-1
17071,[0.31646022 0.21738679],0,9,"[0.3110394802231661, 0.23517199738277297]",-1,-1
17072,[0.78290456 0.66792315],1,4,"[0.7726811996944247, 0.7249303226766757]",-1,0
17073,[0.38388385 0.54225898],4,0,"[0.383291892093257, 0.5586820702346661]",-1,-1
17074,[0.70180641 0.43235415],8,3,"[0.6815204869410737, 0.47689852788858716]",596,-1
17075,[0.65891651 0.46313215],8,3,"[0.6815204869410737, 0.47689852788858716]",-1,-1
17076,[0.38020456 0.34120489],2,1,"[0.3897435781344088, 0.3417040596068965]",1122,-1
17077,[0.33543873 0.21540127],0,9,"[0.3110394802231661, 0.23517199738277297]",-1,-1
17078,[0.35729498 0.55520421],3,0,"[0.383291892093257, 0.5586820702346661]",-1,-1
17079,[0.35961091 0.29255896],2,1,"[0.3897435781344088, 0.3417040596068965]",1542,-1
17080,[0.25090122 0.30821397],2,5,"[0.23231087327800656, 0.30304944505444303]",-1,-1
17081,[0.78406542 0.62666845],1,-1,-1,77,0
17082,[0.70762282 0.74231764],1,4,"[0.7726811996944247, 0.7249303226766757]",416,0
17083,[0.66429283 0.56218039],8,-1,-1,892,-1
17084,[0.39697993 0.55093082],3,0,"[0.383291892093257, 0.5586820702346661]",1568,-1
17085,[0.76607777 0.75662594],1,4,"[0.7726811996944247, 0.7249303226766757]",-1,0
17086,[0.38757226 0.38982776],6,1,"[0.3897435781344088, 0.3417040596068965]",952,-1
17087,[0.39129468 0.572462  ],3,0,"[0.383291892093257, 0.5586820702346661]",-1,-1
17088,[0.26669531 0.61842714],4,7,"[0.2817018170798153, 0.5849768676672948]",539,-1
17089,[0.60613633 0.56438542],9,-1,-1,-1,-1
17090,[0.38873786 0.50184715],3,0,"[0.383291892093257, 0.5586820702346661]",-1,-1
17091,[0.44035698 0.43958382],5,-1,-1,-1,-1
17092,[0.76517452 0.7664202 ],1,4,"[0.7726811996944247, 0.7249303226766757]",-1,0
17093,[0.81834686 0.66819544],1,-1,-1,-1,0
17094,[0.64230889 0.63695433],9,2,"[0.5921204552873188, 0.6383928111301557]",939,-1
17095,[0.35537491 0.32350746],2,1,"[0.3897435781344088, 0.3417040596068965]",-1,-1
17096,[0.2358885  0.53699951],4,7,"[0.2817018170798153, 0.5849768676672948]",-1,-1
17097,[0.9174623  0.74645844],1,-1,-1,5,-1
17098,[0.50277694 0.56722846],9,6,"[0.5164739970238864, 0.5319253761973344]",1322,-1
17099,[0.45463817 0.39447015],6,-1,-1,205,-1
17100,[0.34727569 0.47665945],4,-1,-1,-1,-1
17101,[0.30546033 0.46380792],2,8,"[0.27392971195344684, 0.45973140540928376]",1732,-1
17102,[0.18742752 0.30499182],0,5,"[0.23231087327800656, 0.30304944505444303]",-1,-1
17103,[0.52594134 0.67090582],9,-1,-1,-1,-1
17104,[0.64189767 0.44970225],8,3,"[0.6815204869410737, 0.47689852788858716]",-1,-1
17105,[0.73206309 0.37533098],8,-1,-1,-1,-1
17106,[0.50999342 0.51471382],5,6,"[0.5164739970238864, 0.5319253761973344]",858,-1
17107,[0.29820988 0.53595748],3,7,"[0.2817018170798153, 0.5849768676672948]",-1,-1
17108,[0.31758679 0.6013393 ],4,7,"[0.2817018170798153, 0.5849768676672948]",-1,-1
17109,[0.25489704 0.47574215],7,8,"[0.27392971195344684, 0.45973140540928376]",-1,-1
17110,[0.48625024 0.46068122],5,-1,-1,279,-1
17111,[0.30622791 0.57840636],3,7,"[0.2817018170798153, 0.5849768676672948]",-1,-1
17112,[0.37594977 0.30301502],6,1,"[0.3897435781344088, 0.3417040596068965]",-1,-1
17113,[0.22316836 0.21506978],0,-1,-1,-1,-1
17114,[0.34716547 0.57886935],3,0,"[0.383291892093257, 0.5586820702346661]",1842,-1
17115,[0.73283508 0.42657644],8,-1,-1,317,-1
17116,[0.33713488 0.53567778],4,0,"[0.383291892093257, 0.5586820702346661]",-1,16
17117,[0.34062899 0.53647626],4,0,"[0.383291892093257, 0.5586820702346661]",1954,16
17118,[0.74834322 0.6661012 ],1,4,"[0.7726811996944247, 0.7249303226766757]",-1,0
17119,[0.42889811 0.3496776 ],6,1,"[0.3897435781344088, 0.3417040596068965]",-1,-1
17120,[0.71046153 0.34889102],8,-1,-1,51,-1
17121,[0.27822021 0.33214335],2,5,"[0.23231087327800656, 0.30304944505444303]",1598,-1
17122,[0.76686782 0.71787666],1,4,"[0.7726811996944247, 0.7249303226766757]",-1,0
17123,[0.7210914  0.47258439],8,3,"[0.6815204869410737, 0.47689852788858716]",-1,-1
17124,[0.23301122 0.54895221],7,7,"[0.2817018170798153, 0.5849768676672948]",1411,-1
17125,[0.35444295 0.33907645],6,1,"[0.3897435781344088, 0.3417040596068965]",-1,-1
17126,[0.06608703 0.22825977],0,-1,-1,-1,-1
17127,[0.35879304 0.43288452],4,-1,-1,884,-1
17128,[0.3377557  0.38027733],2,1,"[0.3897435781344088, 0.3417040596068965]",-1,-1
17129,[0.8178405  0.71918293],1,4,"[0.7726811996944247, 0.7249303226766757]",-1,0
17130,[0.78915122 0.49233948],8,-1,-1,-1,-1
17131,[0.4676245 0.7185652],9,-1,-1,-1,-1
17132,[0.27204121 0.37137087],0,-1,-1,1265,-1
17133,[0.69887774 0.74318177],1,-1,-1,-1,0
17134,[0.20238534 0.3378253 ],0,5,"[0.23231087327800656, 0.30304944505444303]",-1,-1
17135,[0.26314603 0.49101585],7,8,"[0.27392971195344684, 0.45973140540928376]",-1,-1
17136,[0.39209284 0.25702407],2,-1,-1,-1,-1
17137,[0.32817798 0.34335316],6,1,"[0.3897435781344088, 0.3417040596068965]",1617,-1
17138,[0.36150896 0.34228924],6,1,"[0.3897435781344088, 0.3417040596068965]",-1,-1
17139,[0.73835789 0.69930328],1,4,"[0.7726811996944247, 0.7249303226766757]",437,0
17140,[0.26907282 0.50314088],7,8,"[0.27392971195344684, 0.45973140540928376]",-1,-1
17141,[0.33997803 0.60719626],4,7,"[0.2817018170798153, 0.5849768676672948]",-1,-1
17142,[0.25287937 0.29641893],0,5,"[0.23231087327800656, 0.30304944505444303]",-1,-1
17143,[0.19267464 0.40248104],2,-1,-1,201,-1
17144,[0.30153011 0.43891755],7,8,"[0.27392971195344684, 0.45973140540928376]",1083,-1
17145,[0.74148147 0.69739426],1,4,"[0.7726811996944247, 0.7249303226766757]",435,0
17146,[0.28704399 0.30970322],0,5,"[0.23231087327800656, 0.30304944505444303]",-1,-1
17147,[0.6486641  0.66589678],9,2,"[0.5921204552873188, 0.6383928111301557]",-1,-1
17148,[0.34503226 0.31657489],6,1,"[0.3897435781344088, 0.3417040596068965]",1525,-1
17149,[0.56902199 0.59797861],9,2,"[0.5921204552873188, 0.6383928111301557]",-1,-1
17150,[0.26758153 0.52915675],7,7,"[0.2817018170798153, 0.5849768676672948]",1853,-1
17151,[0.41301022 0.39659752],6,1,"[0.3897435781344088, 0.3417040596068965]",758,-1
17152,[0.79014575 0.70021281],1,4,"[0.7726811996944247, 0.7249303226766757]",-1,0
17153,[0.3928128  0.29666496],6,1,"[0.3897435781344088, 0.3417040596068965]",1396,-1
17154,[0.43108272 0.3641238 ],6,1,"[0.3897435781344088, 0.3417040596068965]",682,-1
17155,[0.64495795 0.55816247],8,-1,-1,1115,-1
17156,[0.35944982 0.61109288],4,0,"[0.383291892093257, 0.5586820702346661]",-1,-1
17157,[0.3943909  0.48221073],3,-1,-1,-1,-1
17158,[0.61314888 0.60715944],9,2,"[0.5921204552873188, 0.6383928111301557]",1200,-1
17159,[0.24990852 0.48423519],7,8,"[0.27392971195344684, 0.45973140540928376]",1710,-1
17160,[0.70766688 0.50072688],8,3,"[0.6815204869410737, 0.47689852788858716]",739,-1
17161,[0.55180508 0.59922471],9,2,"[0.5921204552873188, 0.6383928111301557]",1342,6
17162,[0.64739136 0.59598542],5,2,"[0.5921204552873188, 0.6383928111301557]",-1,-1
17163,[0.273587   0.27347744],0,5,"[0.23231087327800656, 0.30304944505444303]",-1,11
17164,[0.61513288 0.55328732],8,-1,-1,-1,-1
17165,[0.53505331 0.62806473],5,2,"[0.5921204552873188, 0.6383928111301557]",1141,-1
17166,[0.5244146  0.51926826],5,6,"[0.5164739970238864, 0.5319253761973344]",-1,3
17167,[0.24649471 0.45768728],3,8,"[0.27392971195344684, 0.45973140540928376]",931,-1
17168,[0.25153596 0.47298008],7,8,"[0.27392971195344684, 0.45973140540928376]",1527,-1
17169,[0.65529215 0.44506268],8,3,"[0.6815204869410737, 0.47689852788858716]",732,-1
17170,[0.37338755 0.63558484],4,-1,-1,784,-1
17171,[0.42730378 0.3886233 ],6,1,"[0.3897435781344088, 0.3417040596068965]",761,-1
17172,[0.25091644 0.22741214],0,9,"[0.3110394802231661, 0.23517199738277297]",985,-1
17173,[0.28306943 0.62684091],4,7,"[0.2817018170798153, 0.5849768676672948]",588,-1
17174,[0.22375999 0.5309933 ],7,-1,-1,1478,-1
17175,[0.4138542  0.35857512],6,1,"[0.3897435781344088, 0.3417040596068965]",982,-1
17176,[0.28542227 0.60242164],4,7,"[0.2817018170798153, 0.5849768676672948]",-1,-1
17177,[0.45272853 0.57547725],3,-1,-1,1222,-1
17178,[0.21171537 0.27212779],0,5,"[0.23231087327800656, 0.30304944505444303]",1111,-1
17179,[0.29087371 0.1815248 ],0,9,"[0.3110394802231661, 0.23517199738277297]",425,-1
17180,[0.29560336 0.3725572 ],7,-1,-1,-1,-1
17181,[0.76006004 0.47857187],8,-1,-1,186,-1
17182,[0.40282843 0.62032916],4,0,"[0.383291892093257, 0.5586820702346661]",1577,-1
17183,[0.32247482 0.27586251],2,9,"[0.3110394802231661, 0.23517199738277297]",1519,-1
17184,[0.51918059 0.41177047],6,-1,-1,45,-1
17185,[0.28320782 0.23042666],0,9,"[0.3110394802231661, 0.23517199738277297]",-1,-1
17186,[0.36405639 0.58498261],7,0,"[0.383291892093257, 0.5586820702346661]",1847,12
17187,[0.33190677 0.54841764],4,0,"[0.383291892093257, 0.5586820702346661]",1960,-1
17188,[0.21858258 0.51929563],7,-1,-1,1090,-1
17189,[0.30697506 0.31485644],6,-1,-1,1648,-1
17190,[0.72860376 0.44049842],8,3,"[0.6815204869410737, 0.47689852788858716]",562,-1
17191,[0.40579856 0.52568981],3,0,"[0.383291892093257, 0.5586820702346661]",-1,-1
17192,[0.67203655 0.50181454],8,3,"[0.6815204869410737, 0.47689852788858716]",-1,2
17193,[0.22258941 0.4058997 ],0,-1,-1,502,-1
17194,[0.78878121 0.53780053],1,-1,-1,-1,-1
17195,[0.25347263 0.43486598],7,8,"[0.27392971195344684, 0.45973140540928376]",-1,-1
17196,[0.56977045 0.48405968],8,-1,-1,-1,-1
17197,[0.57672134 0.68271135],9,2,"[0.5921204552873188, 0.6383928111301557]",915,-1
17198,[0.20532462 0.32541483],2,5,"[0.23231087327800656, 0.30304944505444303]",1037,-1
17199,[0.47890212 0.30512641],6,-1,-1,173,-1
17200,[0.31646004 0.23056124],0,9,"[0.3110394802231661, 0.23517199738277297]",1492,-1
17201,[0.3783619  0.50188647],4,0,"[0.383291892093257, 0.5586820702346661]",-1,-1
17202,[0.30939259 0.60374701],7,7,"[0.2817018170798153, 0.5849768676672948]",1726,-1
17203,[0.40119252 0.5200493 ],3,0,"[0.383291892093257, 0.5586820702346661]",-1,-1
17204,[0.61080898 0.65696165],9,2,"[0.5921204552873188, 0.6383928111301557]",-1,-1
17205,[0.23432003 0.38836342],2,-1,-1,912,-1
17206,[0.5033025  0.56989161],5,6,"[0.5164739970238864, 0.5319253761973344]",1380,-1
17207,[0.54143972 0.57896544],5,6,"[0.5164739970238864, 0.5319253761973344]",-1,6
17208,[0.49106717 0.54647836],3,6,"[0.5164739970238864, 0.5319253761973344]",-1,-1
17209,[0.79065688 0.76540524],1,4,"[0.7726811996944247, 0.7249303226766757]",377,0
17210,[0.30917819 0.3337985 ],0,-1,-1,-1,8
17211,[0.73949409 0.77859034],1,4,"[0.7726811996944247, 0.7249303226766757]",301,0
17212,[0.37898988 0.36674215],6,1,"[0.3897435781344088, 0.3417040596068965]",1062,-1
17213,[0.29437779 0.6338476 ],7,7,"[0.2817018170798153, 0.5849768676672948]",-1,-1
17214,[0.17679552 0.4570387 ],2,-1,-1,-1,-1
17215,[0.33178602 0.50532505],3,-1,-1,1909,-1
17216,[0.70044754 0.81154994],1,-1,-1,105,-1
17217,[0.22733481 0.51780418],7,-1,-1,-1,-1
17218,[0.45042896 0.3373489 ],6,1,"[0.3897435781344088, 0.3417040596068965]",-1,-1
17219,[0.22456261 0.58733704],7,7,"[0.2817018170798153, 0.5849768676672948]",380,-1
17220,[0.33077536 0.40326088],4,-1,-1,-1,-1
17221,[0.24086893 0.5232798 ],7,-1,-1,-1,-1
17222,[0.33852034 0.60164128],4,7,"[0.2817018170798153, 0.5849768676672948]",-1,-1
17223,[0.3098361  0.45084714],6,8,"[0.27392971195344684, 0.45973140540928376]",-1,-1
17224,[0.66802034 0.50303806],8,3,"[0.6815204869410737, 0.47689852788858716]",827,2
17225,[0.15826525 0.30990936],2,-1,-1,-1,-1
17226,[0.30875743 0.22982283],0,9,"[0.3110394802231661, 0.23517199738277297]",971,-1
17227,[0.48261119 0.52108258],3,6,"[0.5164739970238864, 0.5319253761973344]",-1,-1
17228,[0.25151782 0.26400114],2,5,"[0.23231087327800656, 0.30304944505444303]",1310,-1
17229,[0.35722204 0.26936992],6,9,"[0.3110394802231661, 0.23517199738277297]",1156,-1
17230,[0.28184001 0.29658988],0,5,"[0.23231087327800656, 0.30304944505444303]",-1,11
17231,[0.62356752 0.56818821],8,-1,-1,-1,-1
17232,[0.41115708 0.49263288],4,-1,-1,-1,-1
17233,[0.46647746 0.5524477 ],5,6,"[0.5164739970238864, 0.5319253761973344]",-1,-1
17234,[0.24550706 0.18480459],0,-1,-1,344,-1
17235,[0.30348366 0.59197567],7,7,"[0.2817018170798153, 0.5849768676672948]",1820,-1
17236,[0.25506842 0.5125831 ],7,8,"[0.27392971195344684, 0.45973140540928376]",1786,-1
17237,[0.23943534 0.4418845 ],4,8,"[0.27392971195344684, 0.45973140540928376]",696,-1
17238,[0.28919709 0.52866162],4,7,"[0.2817018170798153, 0.5849768676672948]",1911,14
17239,[0.77273858 0.65454462],1,-1,-1,-1,0
17240,[0.35848919 0.22293379],6,9,"[0.3110394802231661, 0.23517199738277297]",485,-1
17241,[0.46547164 0.59672062],5,-1,-1,1235,-1
17242,[0.42136467 0.53204211],3,0,"[0.383291892093257, 0.5586820702346661]",1469,-1
17243,[0.28765005 0.26378663],2,9,"[0.3110394802231661, 0.23517199738277297]",-1,-1
17244,[0.33324775 0.52834226],4,0,"[0.383291892093257, 0.5586820702346661]",-1,-1
17245,[0.60350534 0.40294004],8,-1,-1,164,-1
17246,[0.22295701 0.26003605],0,5,"[0.23231087327800656, 0.30304944505444303]",-1,-1
17247,[0.36869893 0.58511777],4,0,"[0.383291892093257, 0.5586820702346661]",1846,12
17248,[0.66466246 0.5027271 ],8,3,"[0.6815204869410737, 0.47689852788858716]",-1,-1
17249,[0.31245434 0.32035055],0,-1,-1,1672,-1
17250,[0.29131293 0.31629147],6,5,"[0.23231087327800656, 0.30304944505444303]",-1,-1
17251,[0.68188339 0.42026285],8,3,"[0.6815204869410737, 0.47689852788858716]",592,-1
17252,[0.71916356 0.69079522],9,4,"[0.7726811996944247, 0.7249303226766757]",393,0
17253,[0.70365868 0.64683022],1,-1,-1,221,0
17254,[0.40808459 0.33374243],6,1,"[0.3897435781344088, 0.3417040596068965]",999,-1
17255,[0.29307982 0.41198536],2,8,"[0.27392971195344684, 0.45973140540928376]",1074,-1
17256,[0.43047811 0.57503737],3,0,"[0.383291892093257, 0.5586820702346661]",1167,-1
17257,[0.82613371 0.67048619],1,-1,-1,334,0
17258,[0.24469337 0.33478197],2,5,"[0.23231087327800656, 0.30304944505444303]",-1,-1
17259,[0.23887518 0.24978503],0,5,"[0.23231087327800656, 0.30304944505444303]",1319,-1
17260,[0.30875793 0.6577055 ],4,-1,-1,302,-1
17261,[0.38057429 0.55366064],3,0,"[0.383291892093257, 0.5586820702346661]",1816,-1
17262,[0.45038738 0.22247203],6,-1,-1,-1,-1
17263,[0.36509194 0.31674207],6,1,"[0.3897435781344088, 0.3417040596068965]",-1,-1
17264,[0.47946926 0.63833534],5,-1,-1,647,-1
17265,[0.44126679 0.51224853],5,-1,-1,1059,-1
17266,[0.60934328 0.51326546],8,-1,-1,-1,-1
17267,[0.65541608 0.38742777],8,-1,-1,242,-1
17268,[0.30971145 0.34677143],2,-1,-1,-1,8
17269,[0.52689154 0.42200883],5,-1,-1,-1,-1
17270,[0.41033792 0.37770174],6,1,"[0.3897435781344088, 0.3417040596068965]",-1,-1
17271,[0.41365565 0.53949538],5,0,"[0.383291892093257, 0.5586820702346661]",1713,-1
17272,[0.33508487 0.336486  ],0,1,"[0.3897435781344088, 0.3417040596068965]",1573,-1
17273,[0.79025291 0.75065158],1,4,"[0.7726811996944247, 0.7249303226766757]",445,0
17274,[0.62840302 0.48817456],8,3,"[0.6815204869410737, 0.47689852788858716]",-1,-1
17275,[0.38584954 0.26956351],6,-1,-1,-1,-1
17276,[0.32760916 0.55070324],3,0,"[0.383291892093257, 0.5586820702346661]",1959,17
17277,[0.39972448 0.56173591],3,0,"[0.383291892093257, 0.5586820702346661]",1749,-1
17278,[0.2660888  0.64562766],4,7,"[0.2817018170798153, 0.5849768676672948]",-1,-1
17279,[0.31516942 0.55030665],4,7,"[0.2817018170798153, 0.5849768676672948]",-1,17
17280,[0.6968903  0.45223999],8,3,"[0.6815204869410737, 0.47689852788858716]",-1,-1
17281,[0.34754534 0.51402201],4,0,"[0.383291892093257, 0.5586820702346661]",1927,-1
17282,[0.33094558 0.61908127],7,7,"[0.2817018170798153, 0.5849768676672948]",-1,-1
17283,[0.69581796 0.48080569],8,3,"[0.6815204869410737, 0.47689852788858716]",808,-1
17284,[0.63407008 0.58489842],8,2,"[0.5921204552873188, 0.6383928111301557]",1190,-1
17285,[0.80749795 0.67848673],1,4,"[0.7726811996944247, 0.7249303226766757]",359,0
17286,[0.75037601 0.48680327],8,3,"[0.6815204869410737, 0.47689852788858716]",-1,-1
17287,[0.37651978 0.6015909 ],7,0,"[0.383291892093257, 0.5586820702346661]",1754,-1
17288,[0.35460741 0.40835893],2,-1,-1,877,-1
17289,[0.19938972 0.32623535],0,5,"[0.23231087327800656, 0.30304944505444303]",1039,-1
17290,[0.64939646 0.58843627],9,-1,-1,1014,-1
17291,[0.30956691 0.22769911],0,9,"[0.3110394802231661, 0.23517199738277297]",971,-1
17292,[0.39543187 0.58415679],4,0,"[0.383291892093257, 0.5586820702346661]",-1,-1
17293,[0.59501923 0.75387231],9,-1,-1,-1,-1
17294,[0.38777345 0.33826322],6,1,"[0.3897435781344088, 0.3417040596068965]",1476,-1
17295,[0.68837801 0.4436298 ],8,3,"[0.6815204869410737, 0.47689852788858716]",611,-1
17296,[0.30657429 0.50399783],4,8,"[0.27392971195344684, 0.45973140540928376]",-1,-1
17297,[0.3473846  0.50493346],4,0,"[0.383291892093257, 0.5586820702346661]",-1,-1
17298,[0.19720858 0.19689084],2,-1,-1,227,-1
17299,[0.45386269 0.32284796],6,1,"[0.3897435781344088, 0.3417040596068965]",527,-1
17300,[0.73353997 0.69005716],1,4,"[0.7726811996944247, 0.7249303226766757]",-1,0
17301,[0.13194068 0.37913754],2,-1,-1,-1,-1
17302,[0.36161531 0.45811713],3,-1,-1,860,-1
17303,[0.83261263 0.71376417],1,4,"[0.7726811996944247, 0.7249303226766757]",-1,0
17304,[0.23606651 0.29721119],0,5,"[0.23231087327800656, 0.30304944505444303]",1298,-1
17305,[0.29308377 0.67696792],4,-1,-1,-1,-1
17306,[0.29323006 0.6632951 ],4,-1,-1,226,-1
17307,[0.30652252 0.34749421],2,-1,-1,1628,-1
17308,[0.40210604 0.43021504],3,-1,-1,363,-1
17309,[0.33206913 0.10275481],0,-1,-1,-1,-1
17310,[0.29302393 0.32526643],2,5,"[0.23231087327800656, 0.30304944505444303]",1621,-1
17311,[0.32715574 0.47502932],4,8,"[0.27392971195344684, 0.45973140540928376]",1475,-1
17312,[0.45985912 0.54296093],5,6,"[0.5164739970238864, 0.5319253761973344]",-1,-1
17313,[0.46886809 0.58655169],9,-1,-1,-1,4
17314,[0.59855407 0.72761413],9,-1,-1,-1,-1
17315,[0.30632387 0.53055962],7,7,"[0.2817018170798153, 0.5849768676672948]",-1,-1
17316,[0.72888875 0.69997203],1,4,"[0.7726811996944247, 0.7249303226766757]",-1,0
17317,[0.30071543 0.25741817],0,9,"[0.3110394802231661, 0.23517199738277297]",-1,-1
17318,[0.48980828 0.66305248],5,-1,-1,305,-1
17319,[0.62143687 0.47272135],9,3,"[0.6815204869410737, 0.47689852788858716]",627,-1
17320,[0.77691835 0.78343393],1,4,"[0.7726811996944247, 0.7249303226766757]",-1,0
17321,[0.32304676 0.57978215],4,7,"[0.2817018170798153, 0.5849768676672948]",-1,-1
17322,[0.73137342 0.55148624],8,-1,-1,-1,-1
17323,[0.54650303 0.56720718],5,6,"[0.5164739970238864, 0.5319253761973344]",1441,6
17324,[0.63931923 0.64467587],9,2,"[0.5921204552873188, 0.6383928111301557]",-1,-1
17325,[0.35394124 0.51082049],4,0,"[0.383291892093257, 0.5586820702346661]",-1,-1
17326,[0.2462769 0.5648835],7,7,"[0.2817018170798153, 0.5849768676672948]",-1,-1
17327,[0.24515237 0.46227777],7,8,"[0.27392971195344684, 0.45973140540928376]",-1,-1
17328,[0.2918109  0.58177006],4,7,"[0.2817018170798153, 0.5849768676672948]",-1,-1
17329,[0.31312023 0.22264653],0,9,"[0.3110394802231661, 0.23517199738277297]",-1,-1
17330,[0.54013615 0.66396921],9,2,"[0.5921204552873188, 0.6383928111301557]",-1,-1
17331,[0.24409059 0.24108251],0,5,"[0.23231087327800656, 0.30304944505444303]",-1,-1
17332,[0.22726942 0.27335525],0,5,"[0.23231087327800656, 0.30304944505444303]",1031,-1
17333,[0.29989895 0.40931868],7,8,"[0.27392971195344684, 0.45973140540928376]",-1,-1
17334,[0.5134973  0.58416582],9,6,"[0.5164739970238864, 0.5319253761973344]",-1,-1
17335,[0.4069489  0.64851035],3,-1,-1,589,-1
17336,[0.29928241 0.3782265 ],2,-1,-1,1208,-1
17337,[0.35402143 0.28640796],6,1,"[0.3897435781344088, 0.3417040596068965]",1393,-1
17338,[0.28832487 0.67868238],3,-1,-1,-1,-1
17339,[0.24991878 0.24997696],0,5,"[0.23231087327800656, 0.30304944505444303]",-1,-1
17340,[0.71742257 0.46541588],8,3,"[0.6815204869410737, 0.47689852788858716]",780,-1
17341,[0.19960833 0.34611301],2,5,"[0.23231087327800656, 0.30304944505444303]",-1,-1
17342,[0.49049002 0.60265254],5,-1,-1,-1,-1
17343,[0.73393291 0.39923027],8,-1,-1,269,-1
17344,[0.27326791 0.50334489],7,8,"[0.27392971195344684, 0.45973140540928376]",-1,-1
17345,[0.7116082  0.46339448],8,3,"[0.6815204869410737, 0.47689852788858716]",717,-1
17346,[0.72350193 0.6686387 ],1,-1,-1,-1,0
17347,[0.627986   0.43499993],8,3,"[0.6815204869410737, 0.47689852788858716]",-1,-1
17348,[0.29375551 0.54515889],3,7,"[0.2817018170798153, 0.5849768676672948]",1907,-1
17349,[0.13623154 0.34065202],0,-1,-1,-1,-1
17350,[0.2979712  0.53803818],7,7,"[0.2817018170798153, 0.5849768676672948]",-1,-1
17351,[0.3578486  0.66719077],4,-1,-1,298,-1
17352,[0.7072839  0.45443039],8,3,"[0.6815204869410737, 0.47689852788858716]",-1,-1
17353,[0.24954445 0.36272555],2,5,"[0.23231087327800656, 0.30304944505444303]",1044,-1
17354,[0.34609638 0.51182094],3,0,"[0.383291892093257, 0.5586820702346661]",-1,-1
17355,[0.80317488 0.73041104],1,4,"[0.7726811996944247, 0.7249303226766757]",-1,0
17356,[0.41564308 0.62928252],3,-1,-1,1388,-1
17357,[0.66807108 0.4314437 ],8,3,"[0.6815204869410737, 0.47689852788858716]",-1,-1
17358,[0.70450735 0.49307441],8,3,"[0.6815204869410737, 0.47689852788858716]",-1,-1
17359,[0.33901141 0.29123111],2,9,"[0.3110394802231661, 0.23517199738277297]",-1,-1
17360,[0.35826869 0.75220313],3,-1,-1,-1,-1
17361,[0.35598849 0.58076312],3,0,"[0.383291892093257, 0.5586820702346661]",1843,-1
17362,[0.28504877 0.47653684],3,8,"[0.27392971195344684, 0.45973140540928376]",1799,-1
17363,[0.20038166 0.23069157],0,-1,-1,-1,-1
17364,[0.46783337 0.39246604],6,-1,-1,-1,-1
17365,[0.39072822 0.32159613],6,1,"[0.3897435781344088, 0.3417040596068965]",965,-1
17366,[0.46505158 0.47966536],5,-1,-1,664,-1
17367,[0.34820495 0.51865208],3,0,"[0.383291892093257, 0.5586820702346661]",-1,-1
17368,[0.37898654 0.54322662],3,0,"[0.383291892093257, 0.5586820702346661]",1805,-1
17369,[0.30044428 0.46968988],7,8,"[0.27392971195344684, 0.45973140540928376]",-1,-1
17370,[0.34350092 0.64832618],4,-1,-1,-1,-1
17371,[0.47834993 0.7030708 ],9,-1,-1,-1,-1
17372,[0.32034061 0.34258748],2,1,"[0.3897435781344088, 0.3417040596068965]",-1,-1
17373,[0.26362218 0.3335179 ],0,5,"[0.23231087327800656, 0.30304944505444303]",1601,-1
17374,[0.39199519 0.54356256],4,0,"[0.383291892093257, 0.5586820702346661]",-1,-1
17375,[0.25321039 0.45439899],7,8,"[0.27392971195344684, 0.45973140540928376]",931,-1
17376,[0.79806422 0.78988976],1,4,"[0.7726811996944247, 0.7249303226766757]",-1,0
17377,[0.66031222 0.50910484],8,3,"[0.6815204869410737, 0.47689852788858716]",-1,-1
17378,[0.80360984 0.73500907],1,4,"[0.7726811996944247, 0.7249303226766757]",-1,0
17379,[0.34067593 0.4727509 ],4,8,"[0.27392971195344684, 0.45973140540928376]",-1,-1
17380,[0.37099392 0.3947832 ],3,1,"[0.3897435781344088, 0.3417040596068965]",-1,-1
17381,[0.2747242  0.62712139],4,7,"[0.2817018170798153, 0.5849768676672948]",394,-1
17382,[0.25603967 0.21122224],2,9,"[0.3110394802231661, 0.23517199738277297]",991,-1
17383,[0.49819869 0.49157542],5,6,"[0.5164739970238864, 0.5319253761973344]",605,-1
17384,[0.33906612 0.31359931],2,1,"[0.3897435781344088, 0.3417040596068965]",-1,-1
17385,[0.55996761 0.65329245],9,2,"[0.5921204552873188, 0.6383928111301557]",1196,-1
17386,[0.56955005 0.67990557],9,2,"[0.5921204552873188, 0.6383928111301557]",1034,-1
17387,[0.54615479 0.57635461],5,6,"[0.5164739970238864, 0.5319253761973344]",1410,-1
17388,[0.2418118  0.36834532],6,5,"[0.23231087327800656, 0.30304944505444303]",1149,-1
17389,[0.34809279 0.66179975],4,-1,-1,298,-1
17390,[0.43406913 0.44426717],3,-1,-1,-1,-1
17391,[0.71262334 0.70012873],1,4,"[0.7726811996944247, 0.7249303226766757]",392,0
17392,[0.63471348 0.59224236],9,2,"[0.5921204552873188, 0.6383928111301557]",-1,-1
17393,[0.78927322 0.70703866],1,4,"[0.7726811996944247, 0.7249303226766757]",478,0
17394,[0.33050766 0.38984628],6,-1,-1,1215,-1
17395,[0.15404206 0.47769975],7,-1,-1,-1,-1
17396,[0.35939586 0.40588467],2,-1,-1,877,-1
17397,[0.18406622 0.49581306],7,-1,-1,215,-1
17398,[0.43642422 0.51542228],3,0,"[0.383291892093257, 0.5586820702346661]",-1,-1
17399,[0.75088724 0.86354624],1,-1,-1,24,-1
17400,[0.60808782 0.63198581],9,2,"[0.5921204552873188, 0.6383928111301557]",1336,6
17401,[0.53419444 0.62223284],9,2,"[0.5921204552873188, 0.6383928111301557]",-1,-1
17402,[0.4319548  0.36609034],6,1,"[0.3897435781344088, 0.3417040596068965]",-1,-1
17403,[0.42196814 0.29173822],6,1,"[0.3897435781344088, 0.3417040596068965]",775,-1
17404,[0.60426052 0.52908459],5,-1,-1,1023,-1
17405,[0.60093694 0.5658522 ],5,-1,-1,1317,-1
17406,[0.32738377 0.55042952],4,0,"[0.383291892093257, 0.5586820702346661]",1959,17
17407,[0.35841529 0.60478038],3,0,"[0.383291892093257, 0.5586820702346661]",-1,-1
17408,[0.18543901 0.35610592],2,-1,-1,504,-1
17409,[0.30526483 0.15859587],0,-1,-1,-1,-1
17410,[0.46297196 0.60628619],9,-1,-1,-1,-1
17411,[0.35418888 0.18197294],0,9,"[0.3110394802231661, 0.23517199738277297]",58,-1
17412,[0.57640776 0.56508799],5,6,"[0.5164739970238864, 0.5319253761973344]",-1,-1
17413,[0.20332943 0.23466964],2,-1,-1,898,-1
17414,[0.27249311 0.34416981],2,5,"[0.23231087327800656, 0.30304944505444303]",1592,-1
17415,[0.69427893 0.66583833],1,-1,-1,-1,0
17416,[0.2758831  0.25179185],2,9,"[0.3110394802231661, 0.23517199738277297]",-1,-1
17417,[0.2750252  0.56616783],7,7,"[0.2817018170798153, 0.5849768676672948]",-1,-1
17418,[0.43975604 0.61848376],9,-1,-1,706,-1
17419,[0.35558024 0.32886402],6,1,"[0.3897435781344088, 0.3417040596068965]",1407,-1
17420,[0.32672506 0.59794873],4,7,"[0.2817018170798153, 0.5849768676672948]",-1,-1
17421,[0.34979223 0.41537325],2,-1,-1,870,-1
17422,[0.59517825 0.51157751],9,-1,-1,844,-1
17423,[0.70530275 0.39956923],8,-1,-1,-1,-1
17424,[0.41444419 0.59735377],5,0,"[0.383291892093257, 0.5586820702346661]",-1,-1
17425,[0.38096719 0.30013403],6,1,"[0.3897435781344088, 0.3417040596068965]",-1,-1
17426,[0.38266667 0.58653506],4,0,"[0.383291892093257, 0.5586820702346661]",-1,-1
17427,[0.221406   0.43164927],2,8,"[0.27392971195344684, 0.45973140540928376]",271,-1
17428,[0.2548697  0.45922631],7,8,"[0.27392971195344684, 0.45973140540928376]",-1,-1
17429,[0.32199908 0.22070734],6,9,"[0.3110394802231661, 0.23517199738277297]",-1,-1
17430,[0.24550676 0.32381747],6,5,"[0.23231087327800656, 0.30304944505444303]",1503,7
17431,[0.86093725 0.76341989],1,-1,-1,-1,-1
17432,[0.27115007 0.49135606],7,8,"[0.27392971195344684, 0.45973140540928376]",-1,-1
17433,[0.32012126 0.59026984],4,7,"[0.2817018170798153, 0.5849768676672948]",-1,-1
17434,[0.45788233 0.52421901],5,6,"[0.5164739970238864, 0.5319253761973344]",-1,-1
17435,[0.19071222 0.44862271],7,-1,-1,100,-1
17436,[0.65413859 0.39548767],8,-1,-1,242,-1
17437,[0.75027343 0.76961934],1,4,"[0.7726811996944247, 0.7249303226766757]",-1,0
17438,[0.55145907 0.64824253],5,2,"[0.5921204552873188, 0.6383928111301557]",-1,-1
17439,[0.44622151 0.62164931],5,-1,-1,707,-1
17440,[0.29685518 0.27493331],2,9,"[0.3110394802231661, 0.23517199738277297]",1510,-1
17441,[0.43181368 0.30858388],6,1,"[0.3897435781344088, 0.3417040596068965]",-1,-1
17442,[0.30938456 0.40014006],2,8,"[0.27392971195344684, 0.45973140540928376]",928,-1
17443,[0.84142224 0.79319292],1,-1,-1,-1,-1
17444,[0.36017042 0.29708521],6,1,"[0.3897435781344088, 0.3417040596068965]",-1,-1
17445,[0.57870292 0.61231933],5,2,"[0.5921204552873188, 0.6383928111301557]",-1,6
17446,[0.32361293 0.55947272],7,7,"[0.2817018170798153, 0.5849768676672948]",1977,17
17447,[0.64404753 0.50786231],5,3,"[0.6815204869410737, 0.47689852788858716]",-1,-1
17448,[0.50452641 0.62016199],9,-1,-1,-1,-1
17449,[0.65746823 0.38863895],8,-1,-1,-1,-1
17450,[0.25493324 0.47600276],7,8,"[0.27392971195344684, 0.45973140540928376]",-1,-1
17451,[0.60201392 0.55985571],5,-1,-1,1316,-1
17452,[0.86521979 0.83130771],1,-1,-1,-1,-1
17453,[0.48924654 0.56807663],5,6,"[0.5164739970238864, 0.5319253761973344]",1378,-1
17454,[0.49896717 0.60703391],5,-1,-1,-1,-1
17455,[0.28354867 0.23791907],0,9,"[0.3110394802231661, 0.23517199738277297]",-1,-1
17456,[0.21381419 0.30422983],2,5,"[0.23231087327800656, 0.30304944505444303]",-1,-1
17457,[0.27135246 0.2682072 ],0,9,"[0.3110394802231661, 0.23517199738277297]",1635,-1
17458,[0.41160489 0.50161109],3,0,"[0.383291892093257, 0.5586820702346661]",-1,-1
17459,[0.26249516 0.55590316],7,7,"[0.2817018170798153, 0.5849768676672948]",1704,-1
17460,[0.12760522 0.23802972],2,-1,-1,-1,-1
17461,[0.411848   0.70144773],4,-1,-1,34,-1
17462,[0.41834953 0.33246074],6,1,"[0.3897435781344088, 0.3417040596068965]",989,-1
17463,[0.63030884 0.57869389],9,-1,-1,1194,-1
17464,[0.48752576 0.67345163],5,-1,-1,-1,-1
17465,[0.33732023 0.57900982],7,0,"[0.383291892093257, 0.5586820702346661]",1980,-1
17466,[0.45965843 0.52541328],4,6,"[0.5164739970238864, 0.5319253761973344]",-1,-1
17467,[0.59341622 0.45113187],8,-1,-1,-1,-1
17468,[0.69152324 0.6101042 ],9,-1,-1,-1,-1
17469,[0.56973244 0.59345297],5,2,"[0.5921204552873188, 0.6383928111301557]",-1,-1
17470,[0.13264824 0.28365071],0,-1,-1,-1,-1
17471,[0.62522545 0.55482758],5,-1,-1,651,-1
17472,[0.22867743 0.60407977],7,7,"[0.2817018170798153, 0.5849768676672948]",-1,-1
17473,[0.65927988 0.73559583],1,-1,-1,195,0
17474,[0.6878189  0.40316167],8,-1,-1,-1,-1
17475,[0.39516717 0.28982074],6,1,"[0.3897435781344088, 0.3417040596068965]",-1,-1
17476,[0.35727568 0.65504872],3,-1,-1,576,-1
17477,[0.54726559 0.55638784],5,6,"[0.5164739970238864, 0.5319253761973344]",1406,6
17478,[0.55691976 0.6261353 ],9,2,"[0.5921204552873188, 0.6383928111301557]",-1,-1
17479,[0.62104003 0.59850243],5,2,"[0.5921204552873188, 0.6383928111301557]",-1,-1
17480,[0.32873894 0.2772446 ],6,9,"[0.3110394802231661, 0.23517199738277297]",-1,-1
17481,[0.81697659 0.72851262],1,4,"[0.7726811996944247, 0.7249303226766757]",456,0
17482,[0.31299004 0.25954047],2,9,"[0.3110394802231661, 0.23517199738277297]",1491,-1
17483,[0.58368539 0.48964682],9,-1,-1,632,-1
17484,[0.70818463 0.43174095],8,3,"[0.6815204869410737, 0.47689852788858716]",538,-1
17485,[0.56919428 0.58213785],8,2,"[0.5921204552873188, 0.6383928111301557]",1457,6
17486,[0.39438454 0.66333554],3,-1,-1,-1,-1
17487,[0.26510244 0.37949019],2,-1,-1,1221,-1
17488,[0.28545006 0.3209284 ],0,5,"[0.23231087327800656, 0.30304944505444303]",1610,-1
17489,[0.7154526  0.77136168],1,-1,-1,218,0
17490,[0.65923391 0.4962466 ],5,3,"[0.6815204869410737, 0.47689852788858716]",-1,-1
17491,[0.61488336 0.69864716],9,2,"[0.5921204552873188, 0.6383928111301557]",-1,-1
17492,[0.30600736 0.41165456],2,8,"[0.27392971195344684, 0.45973140540928376]",928,-1
17493,[0.25364494 0.26599999],0,5,"[0.23231087327800656, 0.30304944505444303]",-1,-1
17494,[0.30913983 0.52270141],7,7,"[0.2817018170798153, 0.5849768676672948]",1919,-1
17495,[0.69119994 0.45898876],8,3,"[0.6815204869410737, 0.47689852788858716]",806,-1
17496,[0.48548369 0.37834308],6,-1,-1,200,-1
17497,[0.7468504 0.7197022],1,4,"[0.7726811996944247, 0.7249303226766757]",367,0
17498,[0.43526706 0.73312362],9,-1,-1,-1,-1
17499,[0.60425547 0.45432843],8,-1,-1,616,-1
17500,[0.28995991 0.27776354],2,9,"[0.3110394802231661, 0.23517199738277297]",1555,-1
17501,[0.36755049 0.63693367],3,-1,-1,784,-1
17502,[0.67334918 0.51505721],8,3,"[0.6815204869410737, 0.47689852788858716]",817,-1
17503,[0.24101064 0.41686144],2,8,"[0.27392971195344684, 0.45973140540928376]",691,-1
17504,[0.22803611 0.2549354 ],2,5,"[0.23231087327800656, 0.30304944505444303]",885,-1
17505,[0.25655275 0.40498479],2,8,"[0.27392971195344684, 0.45973140540928376]",-1,-1
17506,[0.40649795 0.68485752],3,-1,-1,-1,-1
17507,[0.28992485 0.24703098],0,9,"[0.3110394802231661, 0.23517199738277297]",1465,-1
17508,[0.68424189 0.59171749],8,-1,-1,267,-1
17509,[0.28051501 0.15229065],0,-1,-1,-1,-1
17510,[0.74919205 0.63680355],1,-1,-1,209,0
17511,[0.35410711 0.4884348 ],4,-1,-1,1747,-1
17512,[0.31202692 0.33335483],0,-1,-1,-1,8
17513,[0.73848324 0.62519456],9,-1,-1,131,0
17514,[0.43407626 0.3825217 ],6,1,"[0.3897435781344088, 0.3417040596068965]",742,-1
17515,[0.35420264 0.4915538 ],7,-1,-1,-1,-1
17516,[0.33646256 0.39550774],2,-1,-1,984,-1
17517,[0.46079293 0.57234023],3,6,"[0.5164739970238864, 0.5319253761973344]",1231,-1
17518,[0.19788191 0.14953397],0,-1,-1,12,-1
17519,[0.30174562 0.51502203],4,8,"[0.27392971195344684, 0.45973140540928376]",-1,-1
17520,[0.72858663 0.46757248],8,3,"[0.6815204869410737, 0.47689852788858716]",-1,-1
17521,[0.75519765 0.5969961 ],1,-1,-1,110,-1
17522,[0.35648875 0.60609636],3,0,"[0.383291892093257, 0.5586820702346661]",-1,-1
17523,[0.52853658 0.68453996],9,-1,-1,555,-1
17524,[0.45271461 0.60664329],3,-1,-1,-1,-1
17525,[0.18115538 0.57467732],7,-1,-1,102,-1
17526,[0.6594402  0.42290641],8,3,"[0.6815204869410737, 0.47689852788858716]",-1,-1
17527,[0.60723603 0.56413048],5,-1,-1,-1,-1
17528,[0.80949006 0.65650982],1,-1,-1,255,0
17529,[0.38582138 0.48510286],3,-1,-1,1042,-1
17530,[0.75635931 0.68664099],1,4,"[0.7726811996944247, 0.7249303226766757]",432,0
17531,[0.36224844 0.5400958 ],4,0,"[0.383291892093257, 0.5586820702346661]",-1,-1
17532,[0.30287606 0.55322026],4,7,"[0.2817018170798153, 0.5849768676672948]",1930,-1
17533,[0.50007412 0.52878466],3,6,"[0.5164739970238864, 0.5319253761973344]",-1,-1
17534,[0.28323216 0.29809383],0,5,"[0.23231087327800656, 0.30304944505444303]",1578,11
17535,[0.60617921 0.70885338],9,-1,-1,-1,-1
17536,[0.36663041 0.61697898],3,0,"[0.383291892093257, 0.5586820702346661]",-1,-1
17537,[0.29575122 0.19966486],0,9,"[0.3110394802231661, 0.23517199738277297]",425,-1
17538,[0.23762455 0.50575376],3,8,"[0.27392971195344684, 0.45973140540928376]",-1,-1
17539,[0.22285965 0.53329653],7,-1,-1,1478,-1
17540,[0.26673744 0.57933338],4,7,"[0.2817018170798153, 0.5849768676672948]",1669,-1
17541,[0.37436101 0.27499361],0,1,"[0.3897435781344088, 0.3417040596068965]",-1,-1
17542,[0.7121101  0.55610855],8,-1,-1,563,-1
17543,[0.74230667 0.36580746],8,-1,-1,-1,-1
17544,[0.50628573 0.47746779],5,6,"[0.5164739970238864, 0.5319253761973344]",-1,-1
17545,[0.38031219 0.43947089],3,-1,-1,-1,-1
17546,[0.64894622 0.50036047],8,3,"[0.6815204869410737, 0.47689852788858716]",-1,-1
17547,[0.26540548 0.24313717],0,9,"[0.3110394802231661, 0.23517199738277297]",-1,-1
17548,[0.23344155 0.33331809],0,5,"[0.23231087327800656, 0.30304944505444303]",1522,-1
17549,[0.2228107  0.53898029],4,-1,-1,-1,-1
17550,[0.28171172 0.31319418],2,5,"[0.23231087327800656, 0.30304944505444303]",1585,-1
17551,[0.34175422 0.45591111],6,8,"[0.27392971195344684, 0.45973140540928376]",-1,-1
17552,[0.75671027 0.46289834],8,-1,-1,-1,-1
17553,[0.33892717 0.33445844],2,1,"[0.3897435781344088, 0.3417040596068965]",-1,-1
17554,[0.31231808 0.50548006],3,8,"[0.27392971195344684, 0.45973140540928376]",1922,15
17555,[0.25301613 0.55417469],4,7,"[0.2817018170798153, 0.5849768676672948]",1706,-1
17556,[0.58282206 0.56708581],9,-1,-1,1445,-1
17557,[0.40738952 0.59363543],3,0,"[0.383291892093257, 0.5586820702346661]",-1,-1
17558,[0.45501911 0.62657635],5,-1,-1,705,-1
17559,[0.56116933 0.49044852],5,6,"[0.5164739970238864, 0.5319253761973344]",845,-1
17560,[0.40101712 0.52423148],4,0,"[0.383291892093257, 0.5586820702346661]",1641,-1
17561,[0.1137978 0.5783505],7,-1,-1,-1,-1
17562,[0.82158042 0.72934525],1,4,"[0.7726811996944247, 0.7249303226766757]",456,0
17563,[0.43125886 0.52479766],3,0,"[0.383291892093257, 0.5586820702346661]",1430,-1
17564,[0.24852217 0.59166598],4,7,"[0.2817018170798153, 0.5849768676672948]",-1,-1
17565,[0.686      0.50390994],8,3,"[0.6815204869410737, 0.47689852788858716]",-1,-1
17566,[0.38638724 0.52790266],3,0,"[0.383291892093257, 0.5586820702346661]",1777,-1
17567,[0.74546444 0.67611811],1,4,"[0.7726811996944247, 0.7249303226766757]",-1,0
17568,[0.40474632 0.40905393],6,1,"[0.3897435781344088, 0.3417040596068965]",-1,-1
17569,[0.81673885 0.65297667],1,-1,-1,255,0
17570,[0.42070751 0.58389432],3,0,"[0.383291892093257, 0.5586820702346661]",1711,-1
17571,[0.22380711 0.65926799],4,-1,-1,-1,-1
17572,[0.44010032 0.28876701],6,-1,-1,-1,-1
17573,[0.48481106 0.63373278],5,-1,-1,647,-1
17574,[0.32929451 0.54341504],4,0,"[0.383291892093257, 0.5586820702346661]",-1,-1
17575,[0.43248033 0.31314616],6,1,"[0.3897435781344088, 0.3417040596068965]",-1,-1
17576,[0.83917125 0.814077  ],1,-1,-1,-1,-1
17577,[0.14327786 0.16605602],0,-1,-1,2,-1
17578,[0.62851703 0.52644219],8,-1,-1,864,-1
17579,[0.62342292 0.45008602],8,3,"[0.6815204869410737, 0.47689852788858716]",-1,-1
17580,[0.32250226 0.53002313],3,0,"[0.383291892093257, 0.5586820702346661]",-1,-1
17581,[0.44340009 0.47458344],3,-1,-1,547,-1
17582,[0.35556086 0.46854409],3,-1,-1,1560,-1
17583,[0.53916944 0.47631594],5,6,"[0.5164739970238864, 0.5319253761973344]",-1,-1
17584,[0.37217393 0.32276385],6,1,"[0.3897435781344088, 0.3417040596068965]",-1,-1
17585,[0.66590487 0.48503901],8,3,"[0.6815204869410737, 0.47689852788858716]",-1,1
17586,[0.32401441 0.56565028],4,7,"[0.2817018170798153, 0.5849768676672948]",1977,17
17587,[0.40974532 0.51736459],3,0,"[0.383291892093257, 0.5586820702346661]",1638,-1
17588,[0.6210137  0.56422234],9,-1,-1,-1,-1
17589,[0.52437765 0.7266053 ],9,-1,-1,-1,-1
17590,[0.87187917 0.70418941],1,-1,-1,-1,0
17591,[0.30282703 0.50553753],4,8,"[0.27392971195344684, 0.45973140540928376]",1858,-1
17592,[0.34032162 0.49098042],7,-1,-1,1880,-1
17593,[0.72281009 0.55658425],8,-1,-1,-1,-1
17594,[0.37381019 0.5876286 ],3,0,"[0.383291892093257, 0.5586820702346661]",1846,12
17595,[0.88417257 0.69849636],1,-1,-1,-1,-1
17596,[0.34198345 0.53390196],4,0,"[0.383291892093257, 0.5586820702346661]",-1,16
17597,[0.21146061 0.26450207],0,5,"[0.23231087327800656, 0.30304944505444303]",-1,-1
17598,[0.44439464 0.53508991],5,0,"[0.383291892093257, 0.5586820702346661]",-1,-1
17599,[0.42648589 0.59059666],3,0,"[0.383291892093257, 0.5586820702346661]",1703,-1
17600,[0.29310348 0.333914  ],2,5,"[0.23231087327800656, 0.30304944505444303]",1591,-1
17601,[0.29772186 0.62991849],4,7,"[0.2817018170798153, 0.5849768676672948]",1069,-1
17602,[0.34622304 0.35102159],6,1,"[0.3897435781344088, 0.3417040596068965]",1352,-1
17603,[0.48473148 0.32377595],6,-1,-1,-1,-1
17604,[0.55268723 0.35206551],6,-1,-1,14,-1
17605,[0.48840217 0.46239883],6,-1,-1,279,-1
17606,[0.36023369 0.21268514],0,9,"[0.3110394802231661, 0.23517199738277297]",-1,-1
17607,[0.3122278  0.51134252],3,8,"[0.27392971195344684, 0.45973140540928376]",1922,15
17608,[0.34759729 0.61040373],4,0,"[0.383291892093257, 0.5586820702346661]",1830,-1
17609,[0.76864956 0.84674095],1,-1,-1,-1,-1
17610,[0.36720426 0.36290619],6,1,"[0.3897435781344088, 0.3417040596068965]",-1,-1
17611,[0.29638227 0.43361817],2,8,"[0.27392971195344684, 0.45973140540928376]",1082,-1
17612,[0.29198726 0.52554431],3,7,"[0.2817018170798153, 0.5849768676672948]",1910,-1
17613,[0.77528129 0.66740318],1,4,"[0.7726811996944247, 0.7249303226766757]",-1,0
17614,[0.28835229 0.27383648],2,9,"[0.3110394802231661, 0.23517199738277297]",1555,-1
17615,[0.35652834 0.63542483],4,-1,-1,1206,-1
17616,[0.30112248 0.35492181],2,-1,-1,1551,-1
17617,[0.4064805  0.57913398],3,0,"[0.383291892093257, 0.5586820702346661]",1715,-1
17618,[0.42295249 0.3993409 ],6,1,"[0.3897435781344088, 0.3417040596068965]",-1,-1
17619,[0.30450547 0.29240066],6,9,"[0.3110394802231661, 0.23517199738277297]",1685,11
17620,[0.55336374 0.35242843],6,-1,-1,14,-1
17621,[0.76318573 0.53817375],8,-1,-1,84,-1
17622,[0.33396509 0.65152862],3,-1,-1,-1,-1
17623,[0.51402039 0.60504141],5,-1,-1,1230,-1
17624,[0.24869028 0.33293793],2,5,"[0.23231087327800656, 0.30304944505444303]",-1,-1
17625,[0.34513036 0.25302765],6,9,"[0.3110394802231661, 0.23517199738277297]",955,-1
17626,[0.23380314 0.24754665],2,5,"[0.23231087327800656, 0.30304944505444303]",1319,-1
17627,[0.31260971 0.34702696],2,-1,-1,1630,8
17628,[0.28726057 0.46815356],7,8,"[0.27392971195344684, 0.45973140540928376]",-1,-1
17629,[0.74295311 0.63827187],1,-1,-1,209,0
17630,[0.30656062 0.26836428],0,9,"[0.3110394802231661, 0.23517199738277297]",1512,-1
17631,[0.23789396 0.17483059],0,-1,-1,175,-1
17632,[0.34001906 0.61804739],4,7,"[0.2817018170798153, 0.5849768676672948]",-1,-1
17633,[0.55598253 0.63439041],9,2,"[0.5921204552873188, 0.6383928111301557]",1278,6
17634,[0.35737339 0.31546405],6,1,"[0.3897435781344088, 0.3417040596068965]",1526,-1
17635,[0.66682623 0.56525478],8,-1,-1,892,-1
17636,[0.18498016 0.36507438],2,-1,-1,-1,-1
17637,[0.35787255 0.41777156],2,-1,-1,-1,-1
17638,[0.30710341 0.4391297 ],7,8,"[0.27392971195344684, 0.45973140540928376]",1081,-1
17639,[0.37996761 0.31234392],6,1,"[0.3897435781344088, 0.3417040596068965]",1462,-1
17640,[0.29297387 0.67583647],3,-1,-1,-1,-1
17641,[0.3677738  0.52087649],3,0,"[0.383291892093257, 0.5586820702346661]",-1,-1
17642,[0.72281286 0.73580532],1,4,"[0.7726811996944247, 0.7249303226766757]",381,0
17643,[0.40374835 0.5603589 ],3,0,"[0.383291892093257, 0.5586820702346661]",-1,-1
17644,[0.73671895 0.7002627 ],1,4,"[0.7726811996944247, 0.7249303226766757]",437,0
17645,[0.21935176 0.50203464],7,8,"[0.27392971195344684, 0.45973140540928376]",-1,-1
17646,[0.30827017 0.34700517],6,-1,-1,1628,-1
17647,[0.41929495 0.31019166],2,1,"[0.3897435781344088, 0.3417040596068965]",977,-1
17648,[0.40630062 0.30099408],6,1,"[0.3897435781344088, 0.3417040596068965]",-1,-1
17649,[0.32882174 0.45992187],7,8,"[0.27392971195344684, 0.45973140540928376]",1385,-1
17650,[0.39038112 0.58194325],7,0,"[0.383291892093257, 0.5586820702346661]",1701,-1
17651,[0.3696631  0.59001543],3,0,"[0.383291892093257, 0.5586820702346661]",-1,12
17652,[0.70430407 0.68564771],1,-1,-1,339,0
17653,[0.25294401 0.57940137],3,7,"[0.2817018170798153, 0.5849768676672948]",1562,-1
17654,[0.27482482 0.3314917 ],0,5,"[0.23231087327800656, 0.30304944505444303]",1598,9
17655,[0.76755221 0.67824403],1,4,"[0.7726811996944247, 0.7249303226766757]",-1,0
17656,[0.71031463 0.72811365],1,4,"[0.7726811996944247, 0.7249303226766757]",384,0
17657,[0.59260954 0.51633135],5,-1,-1,1102,-1
17658,[0.31461379 0.53723102],3,7,"[0.2817018170798153, 0.5849768676672948]",1932,-1
17659,[0.6113817  0.59393356],9,2,"[0.5921204552873188, 0.6383928111301557]",1323,-1
17660,[0.42754289 0.41343243],6,-1,-1,-1,-1
17661,[0.72669303 0.45234313],8,3,"[0.6815204869410737, 0.47689852788858716]",693,-1
17662,[0.29379543 0.31775156],2,5,"[0.23231087327800656, 0.30304944505444303]",-1,-1
17663,[0.32149726 0.25859767],6,9,"[0.3110394802231661, 0.23517199738277297]",1484,-1
17664,[0.76036257 0.6152299 ],1,-1,-1,-1,-1
17665,[0.71712014 0.80228447],1,-1,-1,-1,0
17666,[0.63765692 0.7204593 ],9,-1,-1,282,-1
17667,[0.63343089 0.7338666 ],1,-1,-1,-1,-1
17668,[0.56834159 0.64717957],9,2,"[0.5921204552873188, 0.6383928111301557]",1219,-1
17669,[0.6806761  0.75685608],1,-1,-1,155,0
17670,[0.37476844 0.57857948],4,0,"[0.383291892093257, 0.5586820702346661]",-1,12
17671,[0.43150662 0.5241627 ],3,0,"[0.383291892093257, 0.5586820702346661]",1430,-1
17672,[0.67833748 0.433574  ],8,3,"[0.6815204869410737, 0.47689852788858716]",612,-1
17673,[0.38124355 0.4845268 ],4,-1,-1,-1,-1
17674,[0.61434623 0.61891377],8,2,"[0.5921204552873188, 0.6383928111301557]",-1,-1
17675,[0.34045143 0.3068121 ],6,1,"[0.3897435781344088, 0.3417040596068965]",-1,-1
17676,[0.28640331 0.64276579],7,7,"[0.2817018170798153, 0.5849768676672948]",738,-1
17677,[0.19323176 0.33914341],0,5,"[0.23231087327800656, 0.30304944505444303]",764,-1
17678,[0.51383566 0.50641331],5,6,"[0.5164739970238864, 0.5319253761973344]",661,-1
17679,[0.27264326 0.34576651],2,5,"[0.23231087327800656, 0.30304944505444303]",1592,-1
17680,[0.23283081 0.30644277],2,5,"[0.23231087327800656, 0.30304944505444303]",-1,-1
17681,[0.79994627 0.66307263],1,4,"[0.7726811996944247, 0.7249303226766757]",-1,0
17682,[0.44434325 0.57940287],3,0,"[0.383291892093257, 0.5586820702346661]",1020,-1
17683,[0.76596519 0.62063179],1,-1,-1,-1,-1
17684,[0.25243968 0.43056014],7,8,"[0.27392971195344684, 0.45973140540928376]",1087,-1
17685,[0.34036754 0.29639447],2,1,"[0.3897435781344088, 0.3417040596068965]",1666,-1
17686,[0.56798463 0.67539845],9,2,"[0.5921204552873188, 0.6383928111301557]",1034,-1
17687,[0.37413989 0.53011363],7,0,"[0.383291892093257, 0.5586820702346661]",1934,-1
17688,[0.6553868 0.5251894],8,3,"[0.6815204869410737, 0.47689852788858716]",776,-1
17689,[0.34389817 0.34929891],2,1,"[0.3897435781344088, 0.3417040596068965]",1352,-1
17690,[0.4910859  0.36223492],6,-1,-1,208,-1
17691,[0.66262879 0.61298035],9,-1,-1,-1,-1
17692,[0.5959045  0.62772147],9,2,"[0.5921204552873188, 0.6383928111301557]",1346,6
17693,[0.40828853 0.57162357],3,0,"[0.383291892093257, 0.5586820702346661]",1737,-1
17694,[0.46779822 0.27663739],6,-1,-1,-1,-1
17695,[0.58326094 0.60732767],5,2,"[0.5921204552873188, 0.6383928111301557]",1424,-1
17696,[0.85213211 0.64365272],1,-1,-1,32,-1
17697,[0.38420295 0.30507386],2,1,"[0.3897435781344088, 0.3417040596068965]",-1,-1
17698,[0.36413457 0.64666841],4,-1,-1,913,-1
17699,[0.38375411 0.46825964],5,-1,-1,-1,-1
17700,[0.30272353 0.34964903],6,-1,-1,-1,-1
17701,[0.21552967 0.30656439],2,5,"[0.23231087327800656, 0.30304944505444303]",-1,-1
17702,[0.14141889 0.35337245],0,-1,-1,-1,-1
17703,[0.40062346 0.2560479 ],6,-1,-1,-1,-1
17704,[0.70433579 0.68011679],1,-1,-1,-1,0
17705,[0.49602332 0.57451729],5,6,"[0.5164739970238864, 0.5319253761973344]",-1,-1
17706,[0.33667916 0.5116926 ],4,0,"[0.383291892093257, 0.5586820702346661]",1880,-1
17707,[0.6450555 0.528122 ],8,3,"[0.6815204869410737, 0.47689852788858716]",-1,-1
17708,[0.39642214 0.60872402],4,0,"[0.383291892093257, 0.5586820702346661]",1725,-1
17709,[0.28197105 0.2521771 ],0,9,"[0.3110394802231661, 0.23517199738277297]",1603,-1
17710,[0.32285491 0.3206985 ],6,-1,-1,-1,-1
17711,[0.49762833 0.52610751],9,6,"[0.5164739970238864, 0.5319253761973344]",-1,-1
17712,[0.3559388  0.35170587],2,1,"[0.3897435781344088, 0.3417040596068965]",1350,-1
17713,[0.37810012 0.36827395],6,1,"[0.3897435781344088, 0.3417040596068965]",1062,-1
17714,[0.72175709 0.76661904],1,4,"[0.7726811996944247, 0.7249303226766757]",315,0
17715,[0.75761006 0.73652757],1,4,"[0.7726811996944247, 0.7249303226766757]",-1,0
17716,[0.5361935  0.59189345],9,6,"[0.5164739970238864, 0.5319253761973344]",-1,-1
17717,[0.51434964 0.65795196],5,-1,-1,728,-1
17718,[0.40732138 0.66979533],3,-1,-1,-1,-1
17719,[0.34777853 0.40948512],6,-1,-1,880,-1
17720,[0.76434532 0.78300993],1,4,"[0.7726811996944247, 0.7249303226766757]",-1,0
17721,[0.32915507 0.51877422],7,0,"[0.383291892093257, 0.5586820702346661]",1904,-1
17722,[0.77212026 0.74303919],1,4,"[0.7726811996944247, 0.7249303226766757]",430,0
17723,[0.14328685 0.29555321],0,-1,-1,91,-1
17724,[0.48161255 0.5301637 ],4,6,"[0.5164739970238864, 0.5319253761973344]",960,-1
17725,[0.63622967 0.7139389 ],9,-1,-1,283,-1
17726,[0.32091936 0.50205624],7,8,"[0.27392971195344684, 0.45973140540928376]",1809,-1
17727,[0.46495464 0.59209893],3,-1,-1,1235,4
17728,[0.59469727 0.79113605],1,-1,-1,-1,-1
17729,[0.1787543  0.39245511],2,-1,-1,133,-1
17730,[0.42679335 0.51582813],3,0,"[0.383291892093257, 0.5586820702346661]",1439,-1
17731,[0.28074475 0.25624343],0,9,"[0.3110394802231661, 0.23517199738277297]",-1,-1
17732,[0.60846964 0.6195201 ],9,2,"[0.5921204552873188, 0.6383928111301557]",-1,-1
17733,[0.18632664 0.24028743],0,-1,-1,535,-1
17734,[0.24751811 0.15317391],0,-1,-1,-1,-1
17735,[0.53099154 0.73937562],9,-1,-1,-1,-1
17736,[0.42451144 0.51599038],5,0,"[0.383291892093257, 0.5586820702346661]",1439,-1
17737,[0.51490887 0.51420624],5,6,"[0.5164739970238864, 0.5319253761973344]",-1,-1
17738,[0.18270195 0.17429215],0,-1,-1,-1,-1
17739,[0.71339414 0.61943826],1,-1,-1,234,-1
17740,[0.56258537 0.61562248],9,2,"[0.5921204552873188, 0.6383928111301557]",-1,-1
17741,[0.59675142 0.49717211],8,-1,-1,-1,-1
17742,[0.62892733 0.65670454],9,2,"[0.5921204552873188, 0.6383928111301557]",-1,-1
17743,[0.62867427 0.54227856],8,-1,-1,1107,-1
17744,[0.71675596 0.31457532],8,-1,-1,-1,-1
17745,[0.64974433 0.37825227],8,-1,-1,-1,-1
17746,[0.37564237 0.19284829],0,-1,-1,-1,-1
17747,[0.55134083 0.57862097],5,6,"[0.5164739970238864, 0.5319253761973344]",1450,6
17748,[0.34086889 0.46302326],6,8,"[0.27392971195344684, 0.45973140540928376]",-1,-1
17749,[0.64061729 0.62307891],9,2,"[0.5921204552873188, 0.6383928111301557]",1154,-1
17750,[0.24580369 0.3890777 ],2,-1,-1,-1,-1
17751,[0.22007237 0.35387536],0,5,"[0.23231087327800656, 0.30304944505444303]",1127,-1
17752,[0.5236742  0.64198432],5,2,"[0.5921204552873188, 0.6383928111301557]",-1,-1
17753,[0.35967695 0.67813145],3,-1,-1,-1,-1
17754,[0.57697007 0.53225262],5,6,"[0.5164739970238864, 0.5319253761973344]",1400,-1
17755,[0.75521793 0.74612293],1,4,"[0.7726811996944247, 0.7249303226766757]",430,0
17756,[0.21719455 0.35213397],0,5,"[0.23231087327800656, 0.30304944505444303]",-1,-1
17757,[0.33166457 0.49022895],7,8,"[0.27392971195344684, 0.45973140540928376]",1827,-1
17758,[0.41782411 0.54174934],3,0,"[0.383291892093257, 0.5586820702346661]",-1,-1
17759,[0.64132081 0.58476277],8,-1,-1,-1,-1
17760,[0.3432266  0.55706555],4,0,"[0.383291892093257, 0.5586820702346661]",1955,-1
17761,[0.36541218 0.51733819],3,0,"[0.383291892093257, 0.5586820702346661]",1900,-1
17762,[0.34160795 0.60181731],3,0,"[0.383291892093257, 0.5586820702346661]",1861,-1
17763,[0.41997213 0.33350126],2,1,"[0.3897435781344088, 0.3417040596068965]",-1,-1
17764,[0.37052747 0.29546768],2,1,"[0.3897435781344088, 0.3417040596068965]",1528,-1
17765,[0.49703559 0.56279314],5,6,"[0.5164739970238864, 0.5319253761973344]",-1,-1
17766,[0.58290423 0.5877396 ],5,2,"[0.5921204552873188, 0.6383928111301557]",1397,-1
17767,[0.74970598 0.7267812 ],1,4,"[0.7726811996944247, 0.7249303226766757]",-1,0
17768,[0.51040018 0.58142776],5,6,"[0.5164739970238864, 0.5319253761973344]",1377,6
17769,[0.31813682 0.33607594],2,-1,-1,1615,-1
17770,[0.20980841 0.28858877],2,5,"[0.23231087327800656, 0.30304944505444303]",1109,-1
17771,[0.71542229 0.66559709],1,-1,-1,358,0
17772,[0.36353361 0.37713186],0,1,"[0.3897435781344088, 0.3417040596068965]",1009,-1
17773,[0.38398999 0.5480007 ],3,0,"[0.383291892093257, 0.5586820702346661]",-1,-1
17774,[0.7509349  0.49651633],8,-1,-1,-1,-1
17775,[0.23664515 0.55482852],7,7,"[0.2817018170798153, 0.5849768676672948]",1411,-1
17776,[0.3120132  0.58450456],7,7,"[0.2817018170798153, 0.5849768676672948]",1967,-1
17777,[0.65508628 0.57174574],8,-1,-1,-1,-1
17778,[0.24739071 0.22589774],0,9,"[0.3110394802231661, 0.23517199738277297]",985,-1
17779,[0.28611866 0.41708839],7,8,"[0.27392971195344684, 0.45973140540928376]",1075,-1
17780,[0.72009985 0.49521363],8,3,"[0.6815204869410737, 0.47689852788858716]",680,-1
17781,[0.42929139 0.24026472],6,-1,-1,178,-1
17782,[0.61954088 0.36056838],8,-1,-1,-1,-1
17783,[0.34210215 0.56074069],7,0,"[0.383291892093257, 0.5586820702346661]",-1,-1
17784,[0.3737695  0.48676535],3,-1,-1,1041,-1
17785,[0.82529272 0.59455968],1,-1,-1,-1,-1
17786,[0.78771118 0.68955572],1,4,"[0.7726811996944247, 0.7249303226766757]",448,0
17787,[0.74009756 0.6718441 ],1,4,"[0.7726811996944247, 0.7249303226766757]",-1,0
17788,[0.71574015 0.77359042],1,-1,-1,218,0
17789,[0.25556493 0.40951343],7,8,"[0.27392971195344684, 0.45973140540928376]",-1,-1
17790,[0.64057588 0.5934755 ],9,2,"[0.5921204552873188, 0.6383928111301557]",1187,-1
17791,[0.33871703 0.45216014],4,8,"[0.27392971195344684, 0.45973140540928376]",1387,-1
17792,[0.24566528 0.5867139 ],3,7,"[0.2817018170798153, 0.5849768676672948]",929,-1
17793,[0.40458037 0.1820371 ],6,-1,-1,39,-1
17794,[0.34933942 0.59943767],4,0,"[0.383291892093257, 0.5586820702346661]",-1,-1
17795,[0.29737238 0.49520734],7,8,"[0.27392971195344684, 0.45973140540928376]",1889,-1
17796,[0.76319848 0.67713063],1,4,"[0.7726811996944247, 0.7249303226766757]",-1,0
17797,[0.31199562 0.34039907],2,-1,-1,-1,8
17798,[0.7105361  0.54131038],8,-1,-1,519,-1
17799,[0.45921957 0.2663068 ],6,-1,-1,-1,-1
17800,[0.24504232 0.2083098 ],0,-1,-1,-1,-1
17801,[0.28501731 0.3905971 ],2,-1,-1,-1,-1
17802,[0.23173637 0.48510223],7,8,"[0.27392971195344684, 0.45973140540928376]",-1,-1
17803,[0.29636081 0.54137139],6,7,"[0.2817018170798153, 0.5849768676672948]",1906,-1
17804,[0.54301172 0.43482093],5,-1,-1,-1,-1
17805,[0.34280321 0.63339338],4,-1,-1,1048,-1
17806,[0.30100084 0.70588235],4,-1,-1,-1,-1
17807,[0.38907698 0.51875458],3,0,"[0.383291892093257, 0.5586820702346661]",-1,-1
17808,[0.53555167 0.57063806],5,6,"[0.5164739970238864, 0.5319253761973344]",-1,-1
17809,[0.2093179  0.33828427],2,5,"[0.23231087327800656, 0.30304944505444303]",949,-1
17810,[0.71111052 0.70186391],1,4,"[0.7726811996944247, 0.7249303226766757]",392,0
17811,[0.31552794 0.5654524 ],4,7,"[0.2817018170798153, 0.5849768676672948]",1972,-1
17812,[0.38912726 0.36381342],6,1,"[0.3897435781344088, 0.3417040596068965]",1064,-1
17813,[0.71270304 0.67148803],1,-1,-1,-1,0
17814,[0.28523502 0.4779567 ],7,8,"[0.27392971195344684, 0.45973140540928376]",1799,-1
17815,[0.42138696 0.57929776],5,0,"[0.383291892093257, 0.5586820702346661]",-1,-1
17816,[0.47645391 0.57403358],4,6,"[0.5164739970238864, 0.5319253761973344]",1026,-1
17817,[0.24113102 0.30722595],2,5,"[0.23231087327800656, 0.30304944505444303]",1567,-1
17818,[0.20439477 0.2876798 ],0,5,"[0.23231087327800656, 0.30304944505444303]",-1,-1
17819,[0.1735613  0.46638916],2,-1,-1,-1,-1
17820,[0.69870829 0.78306557],9,-1,-1,-1,0
17821,[0.52427826 0.63075518],5,2,"[0.5921204552873188, 0.6383928111301557]",-1,-1
17822,[0.27966779 0.48662064],7,8,"[0.27392971195344684, 0.45973140540928376]",1728,-1
17823,[0.27860795 0.19587153],0,9,"[0.3110394802231661, 0.23517199738277297]",-1,-1
17824,[0.71918955 0.57897432],9,-1,-1,-1,-1
17825,[0.35697256 0.5692671 ],4,0,"[0.383291892093257, 0.5586820702346661]",-1,-1
17826,[0.25263845 0.40290666],7,8,"[0.27392971195344684, 0.45973140540928376]",649,-1
17827,[0.43718992 0.31179111],6,1,"[0.3897435781344088, 0.3417040596068965]",-1,-1
17828,[0.18943856 0.55958404],7,-1,-1,-1,-1
17829,[0.40240737 0.34516674],6,1,"[0.3897435781344088, 0.3417040596068965]",997,-1
17830,[0.40053615 0.577923  ],5,0,"[0.383291892093257, 0.5586820702346661]",-1,-1
17831,[0.28035311 0.27835709],0,9,"[0.3110394802231661, 0.23517199738277297]",-1,-1
17832,[0.23342026 0.64753154],4,-1,-1,-1,-1
17833,[0.59438568 0.48092899],8,-1,-1,561,-1
17834,[0.47788832 0.37881826],6,-1,-1,-1,-1
17835,[0.67365953 0.5183385 ],8,3,"[0.6815204869410737, 0.47689852788858716]",817,-1
17836,[0.69030797 0.49412467],8,3,"[0.6815204869410737, 0.47689852788858716]",836,2
17837,[0.41165215 0.54901418],4,0,"[0.383291892093257, 0.5586820702346661]",-1,-1
17838,[0.30181541 0.35659502],2,-1,-1,-1,-1
17839,[0.74239981 0.66641062],1,4,"[0.7726811996944247, 0.7249303226766757]",376,0
17840,[0.26721648 0.46257432],7,8,"[0.27392971195344684, 0.45973140540928376]",-1,-1
17841,[0.18103856 0.43368716],7,-1,-1,-1,-1
17842,[0.19453288 0.3488572 ],2,5,"[0.23231087327800656, 0.30304944505444303]",-1,-1
17843,[0.34877059 0.37616908],6,1,"[0.3897435781344088, 0.3417040596068965]",-1,-1
17844,[0.65218146 0.50084434],8,3,"[0.6815204869410737, 0.47689852788858716]",816,-1
17845,[0.23720086 0.33664814],2,5,"[0.23231087327800656, 0.30304944505444303]",1522,-1
17846,[0.68352208 0.45339627],8,3,"[0.6815204869410737, 0.47689852788858716]",735,-1
17847,[0.31961304 0.3001475 ],0,9,"[0.3110394802231661, 0.23517199738277297]",-1,-1
17848,[0.53633554 0.75264729],9,-1,-1,-1,-1
17849,[0.51475377 0.65907294],9,-1,-1,728,-1
17850,[0.30255285 0.29449074],6,9,"[0.3110394802231661, 0.23517199738277297]",1685,11
17851,[0.33502546 0.46416897],7,8,"[0.27392971195344684, 0.45973140540928376]",1386,-1
17852,[0.52207431 0.49514618],5,6,"[0.5164739970238864, 0.5319253761973344]",-1,-1
17853,[0.43482074 0.32687177],6,1,"[0.3897435781344088, 0.3417040596068965]",-1,-1
17854,[0.3094686  0.28286504],0,9,"[0.3110394802231661, 0.23517199738277297]",1614,-1
17855,[0.67392497 0.60491492],8,-1,-1,-1,-1
17856,[0.69148101 0.60516623],1,-1,-1,267,-1
17857,[0.65360517 0.64751551],9,2,"[0.5921204552873188, 0.6383928111301557]",-1,-1
17858,[0.58453823 0.3709283 ],8,-1,-1,-1,-1
17859,[0.50841303 0.50551919],5,6,"[0.5164739970238864, 0.5319253761973344]",-1,-1
17860,[0.28265928 0.30441888],0,5,"[0.23231087327800656, 0.30304944505444303]",1578,-1
17861,[0.34290927 0.36142964],6,1,"[0.3897435781344088, 0.3417040596068965]",1354,-1
17862,[0.2010046  0.29843998],0,5,"[0.23231087327800656, 0.30304944505444303]",685,-1
17863,[0.19153606 0.50117565],7,-1,-1,-1,-1
17864,[0.65889363 0.3590014 ],8,-1,-1,-1,-1
17865,[0.3348379  0.41398449],6,-1,-1,917,-1
17866,[0.66078798 0.59924897],9,-1,-1,545,-1
17867,[0.32678299 0.28224966],2,9,"[0.3110394802231661, 0.23517199738277297]",1520,-1
17868,[0.2530464  0.33379778],2,5,"[0.23231087327800656, 0.30304944505444303]",-1,-1
17869,[0.67364847 0.7552151 ],1,-1,-1,155,-1
17870,[0.50442907 0.56376974],5,6,"[0.5164739970238864, 0.5319253761973344]",-1,-1
17871,[0.23696516 0.23699481],2,5,"[0.23231087327800656, 0.30304944505444303]",-1,-1
17872,[0.35610168 0.30462285],6,1,"[0.3897435781344088, 0.3417040596068965]",1537,-1
17873,[0.49393085 0.49124263],5,6,"[0.5164739970238864, 0.5319253761973344]",-1,-1
17874,[0.69869663 0.70546001],9,-1,-1,343,0
17875,[0.75294451 0.63376015],1,-1,-1,-1,0
17876,[0.27516304 0.45376192],7,8,"[0.27392971195344684, 0.45973140540928376]",1248,-1
17877,[0.27191342 0.51326242],7,8,"[0.27392971195344684, 0.45973140540928376]",1887,-1
17878,[0.50428172 0.66644761],3,-1,-1,-1,-1
17879,[0.15054991 0.19253511],0,-1,-1,-1,-1
17880,[0.461773   0.34297007],6,-1,-1,-1,-1
17881,[0.1675229  0.35897175],2,-1,-1,-1,-1
17882,[0.35627089 0.56097748],3,0,"[0.383291892093257, 0.5586820702346661]",1952,-1
17883,[0.38429726 0.35801805],6,1,"[0.3897435781344088, 0.3417040596068965]",-1,-1
17884,[0.21786111 0.25925435],2,5,"[0.23231087327800656, 0.30304944505444303]",1021,-1
17885,[0.23319189 0.2490252 ],0,5,"[0.23231087327800656, 0.30304944505444303]",-1,-1
17886,[0.18119356 0.51670051],4,-1,-1,167,-1
17887,[0.69913811 0.69836253],1,-1,-1,335,0
17888,[0.53890198 0.51317605],5,6,"[0.5164739970238864, 0.5319253761973344]",-1,-1
17889,[0.81140246 0.75436287],1,4,"[0.7726811996944247, 0.7249303226766757]",-1,0
17890,[0.31642101 0.59526305],3,7,"[0.2817018170798153, 0.5849768676672948]",1937,-1
17891,[0.42199469 0.53452166],3,0,"[0.383291892093257, 0.5586820702346661]",1469,-1
17892,[0.30912338 0.45951072],2,8,"[0.27392971195344684, 0.45973140540928376]",1732,-1
17893,[0.86672101 0.7668847 ],1,-1,-1,-1,-1
17894,[0.38178355 0.58866632],3,0,"[0.383291892093257, 0.5586820702346661]",-1,-1
17895,[0.41292781 0.2525197 ],6,-1,-1,610,-1
17896,[0.34828523 0.59002088],4,0,"[0.383291892093257, 0.5586820702346661]",-1,-1
17897,[0.33149494 0.23958902],0,9,"[0.3110394802231661, 0.23517199738277297]",1001,-1
17898,[0.3654086  0.52324499],3,0,"[0.383291892093257, 0.5586820702346661]",1934,-1
17899,[0.24687353 0.25033839],0,5,"[0.23231087327800656, 0.30304944505444303]",-1,-1
17900,[0.58725397 0.66176906],9,2,"[0.5921204552873188, 0.6383928111301557]",-1,-1
17901,[0.34421819 0.57741615],7,0,"[0.383291892093257, 0.5586820702346661]",-1,-1
17902,[0.31146997 0.3970179 ],7,-1,-1,928,-1
17903,[0.43344126 0.66897729],9,-1,-1,-1,-1
17904,[0.37917402 0.59328567],3,0,"[0.383291892093257, 0.5586820702346661]",-1,-1
17905,[0.8220921  0.83912533],1,-1,-1,-1,-1
17906,[0.28347928 0.6165171 ],4,7,"[0.2817018170798153, 0.5849768676672948]",-1,-1
17907,[0.33655906 0.33848539],6,1,"[0.3897435781344088, 0.3417040596068965]",-1,-1
17908,[0.28510281 0.29776446],2,5,"[0.23231087327800656, 0.30304944505444303]",1578,-1
17909,[0.25481597 0.52623299],7,7,"[0.2817018170798153, 0.5849768676672948]",-1,-1
17910,[0.62186395 0.65718452],8,2,"[0.5921204552873188, 0.6383928111301557]",-1,-1
17911,[0.68822327 0.3753258 ],8,-1,-1,-1,-1
17912,[0.62673007 0.57927856],8,2,"[0.5921204552873188, 0.6383928111301557]",-1,-1
17913,[0.75091398 0.66258097],1,4,"[0.7726811996944247, 0.7249303226766757]",-1,0
17914,[0.27383933 0.6303049 ],7,7,"[0.2817018170798153, 0.5849768676672948]",394,-1
17915,[0.18101885 0.46320399],7,-1,-1,210,-1
17916,[0.57126603 0.64780095],5,2,"[0.5921204552873188, 0.6383928111301557]",-1,-1
17917,[0.34057044 0.32583254],6,1,"[0.3897435781344088, 0.3417040596068965]",1575,-1
17918,[0.72111995 0.37479863],8,-1,-1,51,-1
17919,[0.24862328 0.55155634],7,7,"[0.2817018170798153, 0.5849768676672948]",1700,-1
17920,[0.42519182 0.28752712],6,1,"[0.3897435781344088, 0.3417040596068965]",765,-1
17921,[0.2836479  0.57490117],7,7,"[0.2817018170798153, 0.5849768676672948]",-1,-1
17922,[0.66315842 0.44344192],8,3,"[0.6815204869410737, 0.47689852788858716]",732,-1
17923,[0.23448578 0.55948387],7,7,"[0.2817018170798153, 0.5849768676672948]",-1,-1
17924,[0.56072677 0.55303764],5,6,"[0.5164739970238864, 0.5319253761973344]",-1,-1
17925,[0.27053531 0.55407374],7,7,"[0.2817018170798153, 0.5849768676672948]",1698,-1
17926,[0.37945875 0.55130751],3,0,"[0.383291892093257, 0.5586820702346661]",-1,-1
17927,[0.62779175 0.57379795],9,-1,-1,1195,-1
17928,[0.56906215 0.53866827],5,6,"[0.5164739970238864, 0.5319253761973344]",1401,-1
17929,[0.43860916 0.60578039],5,-1,-1,1574,-1
17930,[0.7530012  0.54047025],8,-1,-1,-1,-1
17931,[0.3049332  0.72990265],3,-1,-1,-1,-1
17932,[0.40994712 0.2730999 ],6,-1,-1,-1,-1
17933,[0.24805006 0.22563639],0,9,"[0.3110394802231661, 0.23517199738277297]",985,-1
17934,[0.21584928 0.58496598],4,7,"[0.2817018170798153, 0.5849768676672948]",-1,-1
17935,[0.78147794 0.60158599],9,-1,-1,79,-1
17936,[0.18364949 0.21193254],0,-1,-1,147,-1
17937,[0.32978438 0.5048707 ],4,-1,-1,1909,-1
17938,[0.29288307 0.26737539],0,9,"[0.3110394802231661, 0.23517199738277297]",1496,-1
17939,[0.40979847 0.51634006],7,0,"[0.383291892093257, 0.5586820702346661]",1638,-1
17940,[0.72165792 0.51707505],8,3,"[0.6815204869410737, 0.47689852788858716]",573,-1
17941,[0.21637535 0.52153836],7,-1,-1,-1,-1
17942,[0.39621197 0.37337811],6,1,"[0.3897435781344088, 0.3417040596068965]",-1,-1
17943,[0.71678711 0.66564812],1,-1,-1,357,0
17944,[0.62487867 0.55189663],9,-1,-1,-1,-1
17945,[0.25639702 0.57226338],7,7,"[0.2817018170798153, 0.5849768676672948]",1562,-1
17946,[0.30787895 0.24749347],0,9,"[0.3110394802231661, 0.23517199738277297]",-1,-1
17947,[0.76625069 0.72820198],1,4,"[0.7726811996944247, 0.7249303226766757]",-1,0
17948,[0.26599578 0.25713679],0,9,"[0.3110394802231661, 0.23517199738277297]",1049,-1
17949,[0.36442364 0.20146695],2,9,"[0.3110394802231661, 0.23517199738277297]",113,-1
17950,[0.69725633 0.4974461 ],8,3,"[0.6815204869410737, 0.47689852788858716]",-1,2
17951,[0.35925656 0.31647627],6,1,"[0.3897435781344088, 0.3417040596068965]",1526,-1
17952,[0.74905813 0.52789056],8,-1,-1,-1,-1
17953,[0.28221991 0.48657153],4,8,"[0.27392971195344684, 0.45973140540928376]",-1,-1
17954,[0.33623175 0.37216717],2,1,"[0.3897435781344088, 0.3417040596068965]",-1,-1
17955,[0.73978162 0.72362115],1,4,"[0.7726811996944247, 0.7249303226766757]",411,0
17956,[0.23604964 0.32981743],2,5,"[0.23231087327800656, 0.30304944505444303]",-1,-1
17957,[0.19316349 0.52838606],7,-1,-1,166,-1
17958,[0.71827226 0.61171283],8,-1,-1,233,-1
17959,[0.3447644  0.61912239],3,-1,-1,1830,-1
17960,[0.31394853 0.54258364],4,7,"[0.2817018170798153, 0.5849768676672948]",1986,17
17961,[0.30602868 0.594568  ],4,7,"[0.2817018170798153, 0.5849768676672948]",1820,-1
17962,[0.51977314 0.67595418],9,-1,-1,-1,-1
17963,[0.25468567 0.15374634],0,-1,-1,140,-1
17964,[0.32068809 0.18566263],2,9,"[0.3110394802231661, 0.23517199738277297]",-1,-1
17965,[0.34571392 0.48716607],7,-1,-1,-1,-1
17966,[0.14194278 0.5550967 ],4,-1,-1,-1,-1
17967,[0.78326271 0.74408149],1,4,"[0.7726811996944247, 0.7249303226766757]",471,0
17968,[0.72460035 0.48201002],8,3,"[0.6815204869410737, 0.47689852788858716]",-1,-1
17969,[0.31783519 0.58971728],4,7,"[0.2817018170798153, 0.5849768676672948]",-1,-1
17970,[0.23281858 0.28603095],0,5,"[0.23231087327800656, 0.30304944505444303]",1531,-1
17971,[0.22538005 0.3318764 ],2,5,"[0.23231087327800656, 0.30304944505444303]",1338,-1
17972,[0.60544655 0.43556393],8,-1,-1,284,-1
17973,[0.19903353 0.62792326],4,-1,-1,-1,-1
17974,[0.68433347 0.39381723],8,-1,-1,-1,-1
17975,[0.55962053 0.71226127],9,-1,-1,-1,-1
17976,[0.55296327 0.5456423 ],8,6,"[0.5164739970238864, 0.5319253761973344]",-1,6
17977,[0.6872146  0.73276119],1,-1,-1,322,0
17978,[0.45233196 0.40799083],6,-1,-1,207,-1
17979,[0.61211648 0.51275628],5,-1,-1,-1,-1
17980,[0.46817291 0.53132054],7,6,"[0.5164739970238864, 0.5319253761973344]",-1,-1
17981,[0.48602121 0.37895683],6,-1,-1,-1,-1
17982,[0.281078   0.43632386],4,8,"[0.27392971195344684, 0.45973140540928376]",-1,-1
17983,[0.27171997 0.55439992],4,7,"[0.2817018170798153, 0.5849768676672948]",1698,-1
17984,[0.56565365 0.5015646 ],5,6,"[0.5164739970238864, 0.5319253761973344]",852,-1
17985,[0.52492297 0.61221419],9,-1,-1,1145,-1
17986,[0.70378367 0.42188003],8,3,"[0.6815204869410737, 0.47689852788858716]",593,-1
17987,[0.31276881 0.43519232],3,8,"[0.27392971195344684, 0.45973140540928376]",-1,-1
17988,[0.59013755 0.43126624],8,-1,-1,-1,-1
17989,[0.46582016 0.28884643],6,-1,-1,-1,-1
17990,[0.59783328 0.53322165],5,-1,-1,-1,-1
17991,[0.28710638 0.60459163],4,7,"[0.2817018170798153, 0.5849768676672948]",-1,-1
17992,[0.28304234 0.25037418],2,9,"[0.3110394802231661, 0.23517199738277297]",1603,-1
17993,[0.54165033 0.64988793],9,2,"[0.5921204552873188, 0.6383928111301557]",-1,-1
17994,[0.73907185 0.60524313],1,-1,-1,-1,-1
17995,[0.65766285 0.42726894],8,3,"[0.6815204869410737, 0.47689852788858716]",783,-1
17996,[0.65121376 0.45267629],8,3,"[0.6815204869410737, 0.47689852788858716]",801,-1
17997,[0.33842456 0.46505328],3,8,"[0.27392971195344684, 0.45973140540928376]",1386,-1
17998,[0.69767726 0.41227245],8,3,"[0.6815204869410737, 0.47689852788858716]",503,-1
17999,[0.84310782 0.6860822 ],1,-1,-1,-1,0
18000,[0.25727208 0.24542932],0,9,"[0.3110394802231661, 0.23517199738277297]",-1,-1
18001,[0.22298474 0.57819542],4,7,"[0.2817018170798153, 0.5849768676672948]",380,-1
18002,[0.22359992 0.45804265],7,8,"[0.27392971195344684, 0.45973140540928376]",-1,-1
18003,[0.30075589 0.35387565],2,-1,-1,1551,-1
18004,[0.43159636 0.56352203],4,0,"[0.383291892093257, 0.5586820702346661]",-1,-1
18005,[0.34771408 0.21277618],6,9,"[0.3110394802231661, 0.23517199738277297]",500,-1
18006,[0.32333721 0.64959563],3,-1,-1,614,-1
18007,[0.57272311 0.57140511],5,6,"[0.5164739970238864, 0.5319253761973344]",-1,-1
18008,[0.2825341 0.1542936],0,-1,-1,-1,-1
18009,[0.29049228 0.23098685],0,9,"[0.3110394802231661, 0.23517199738277297]",1370,-1
18010,[0.55626043 0.4891854 ],5,6,"[0.5164739970238864, 0.5319253761973344]",845,-1
18011,[0.30505123 0.59590059],4,7,"[0.2817018170798153, 0.5849768676672948]",1820,-1
18012,[0.49293329 0.40614469],6,-1,-1,52,-1
18013,[0.33800786 0.37706062],6,1,"[0.3897435781344088, 0.3417040596068965]",-1,-1
18014,[0.4016683  0.29578569],2,1,"[0.3897435781344088, 0.3417040596068965]",-1,-1
18015,[0.3053736  0.31801351],2,-1,-1,1648,-1
18016,[0.47478884 0.58938652],3,-1,-1,1227,-1
18017,[0.47170406 0.57759971],5,6,"[0.5164739970238864, 0.5319253761973344]",1026,-1
18018,[0.76342192 0.66365073],1,4,"[0.7726811996944247, 0.7249303226766757]",-1,0
18019,[0.76907366 0.50984056],8,-1,-1,-1,-1
18020,[0.29682434 0.58781045],3,7,"[0.2817018170798153, 0.5849768676672948]",-1,-1
18021,[0.73714358 0.54980732],8,-1,-1,158,-1
18022,[0.34155391 0.57243754],4,0,"[0.383291892093257, 0.5586820702346661]",-1,-1
18023,[0.50542795 0.45518556],6,-1,-1,-1,-1
18024,[0.37927884 0.56365305],4,0,"[0.383291892093257, 0.5586820702346661]",-1,-1
18025,[0.28327376 0.53435544],7,7,"[0.2817018170798153, 0.5849768676672948]",1893,14
18026,[0.21694622 0.28969007],2,5,"[0.23231087327800656, 0.30304944505444303]",1113,-1
18027,[0.78148444 0.75148599],1,4,"[0.7726811996944247, 0.7249303226766757]",412,0
18028,[0.57471889 0.58636603],9,2,"[0.5921204552873188, 0.6383928111301557]",1453,6
18029,[0.41721769 0.53117745],3,0,"[0.383291892093257, 0.5586820702346661]",-1,-1
18030,[0.83543768 0.72673129],1,4,"[0.7726811996944247, 0.7249303226766757]",-1,0
18031,[0.31546422 0.56377712],4,7,"[0.2817018170798153, 0.5849768676672948]",1972,-1
18032,[0.33381427 0.18539211],0,9,"[0.3110394802231661, 0.23517199738277297]",256,-1
18033,[0.4981425  0.54722805],5,6,"[0.5164739970238864, 0.5319253761973344]",-1,-1
18034,[0.28574652 0.61026083],4,7,"[0.2817018170798153, 0.5849768676672948]",-1,-1
18035,[0.54718867 0.62037023],5,2,"[0.5921204552873188, 0.6383928111301557]",1269,-1
18036,[0.29969221 0.64488024],4,7,"[0.2817018170798153, 0.5849768676672948]",590,-1
18037,[0.38663255 0.51437902],4,0,"[0.383291892093257, 0.5586820702346661]",1781,-1
18038,[0.59114693 0.58171088],9,2,"[0.5921204552873188, 0.6383928111301557]",1325,-1
18039,[0.37190654 0.52706487],3,0,"[0.383291892093257, 0.5586820702346661]",1934,-1
18040,[0.33921426 0.62534883],4,-1,-1,1695,-1
18041,[0.23511858 0.44834444],7,8,"[0.27392971195344684, 0.45973140540928376]",587,-1
18042,[0.25642222 0.34048483],2,5,"[0.23231087327800656, 0.30304944505444303]",-1,-1
18043,[0.73556078 0.76471884],1,4,"[0.7726811996944247, 0.7249303226766757]",-1,0
18044,[0.27023685 0.43770475],2,8,"[0.27392971195344684, 0.45973140540928376]",1239,-1
18045,[0.27469553 0.51740035],3,8,"[0.27392971195344684, 0.45973140540928376]",1887,14
18046,[0.50300855 0.67675276],5,-1,-1,-1,-1
18047,[0.27343252 0.45980338],2,8,"[0.27392971195344684, 0.45973140540928376]",1248,-1
18048,[0.47005148 0.59832602],3,-1,-1,1235,-1
18049,[0.35893749 0.29172665],2,1,"[0.3897435781344088, 0.3417040596068965]",-1,-1
18050,[0.63585183 0.53886843],8,-1,-1,1117,-1
18051,[0.45962056 0.34883578],6,-1,-1,531,-1
18052,[0.35634049 0.27473727],6,9,"[0.3110394802231661, 0.23517199738277297]",1156,-1
18053,[0.64244045 0.54142178],9,-1,-1,1116,-1
18054,[0.60520083 0.57998345],5,2,"[0.5921204552873188, 0.6383928111301557]",-1,-1
18055,[0.32524349 0.45832595],3,8,"[0.27392971195344684, 0.45973140540928376]",-1,-1
18056,[0.39938136 0.2895187 ],6,1,"[0.3897435781344088, 0.3417040596068965]",-1,-1
18057,[0.40294494 0.26026698],6,-1,-1,842,-1
18058,[0.49374913 0.55637531],5,6,"[0.5164739970238864, 0.5319253761973344]",1183,-1
18059,[0.70964862 0.49227813],8,3,"[0.6815204869410737, 0.47689852788858716]",-1,-1
18060,[0.1792528  0.27701661],0,5,"[0.23231087327800656, 0.30304944505444303]",-1,-1
18061,[0.62208285 0.73170835],9,-1,-1,-1,-1
18062,[0.40966842 0.53889823],3,0,"[0.383291892093257, 0.5586820702346661]",-1,-1
18063,[0.22626266 0.33369436],0,5,"[0.23231087327800656, 0.30304944505444303]",-1,-1
18064,[0.31442901 0.56184665],7,7,"[0.2817018170798153, 0.5849768676672948]",-1,-1
18065,[0.29731995 0.60850983],4,7,"[0.2817018170798153, 0.5849768676672948]",956,-1
18066,[0.36566052 0.56174646],3,0,"[0.383291892093257, 0.5586820702346661]",1856,12
18067,[0.65374146 0.45871995],8,3,"[0.6815204869410737, 0.47689852788858716]",800,-1
18068,[0.21540539 0.58632514],4,7,"[0.2817018170798153, 0.5849768676672948]",181,-1
18069,[0.32788358 0.58609345],7,7,"[0.2817018170798153, 0.5849768676672948]",-1,-1
18070,[0.71566012 0.67116242],1,-1,-1,357,0
18071,[0.35355226 0.53916333],7,0,"[0.383291892093257, 0.5586820702346661]",-1,16
18072,[0.75230552 0.74170833],1,4,"[0.7726811996944247, 0.7249303226766757]",451,0
18073,[0.24539296 0.35609617],2,5,"[0.23231087327800656, 0.30304944505444303]",-1,-1
18074,[0.65987718 0.49769723],8,3,"[0.6815204869410737, 0.47689852788858716]",-1,-1
18075,[0.42223063 0.48842098],5,-1,-1,-1,-1
18076,[0.45946603 0.57325615],5,-1,-1,1231,4
18077,[0.57749642 0.62784722],9,2,"[0.5921204552873188, 0.6383928111301557]",1309,-1
18078,[0.47884115 0.53259237],5,6,"[0.5164739970238864, 0.5319253761973344]",-1,-1
18079,[0.29633129 0.60382363],7,7,"[0.2817018170798153, 0.5849768676672948]",-1,-1
18080,[0.29636934 0.21291402],2,9,"[0.3110394802231661, 0.23517199738277297]",1016,-1
18081,[0.34405232 0.57013707],4,0,"[0.383291892093257, 0.5586820702346661]",1878,-1
18082,[0.43567619 0.55189678],3,0,"[0.383291892093257, 0.5586820702346661]",-1,-1
18083,[0.75050478 0.46866404],8,3,"[0.6815204869410737, 0.47689852788858716]",513,-1
18084,[0.67576581 0.44412309],8,3,"[0.6815204869410737, 0.47689852788858716]",735,-1
18085,[0.3102912 0.6144087],4,7,"[0.2817018170798153, 0.5849768676672948]",-1,-1
18086,[0.79913144 0.69178263],1,4,"[0.7726811996944247, 0.7249303226766757]",354,0
18087,[0.7057457  0.42168563],8,3,"[0.6815204869410737, 0.47689852788858716]",593,-1
18088,[0.2220368  0.38778737],2,-1,-1,-1,-1
18089,[0.35091046 0.52774163],7,0,"[0.383291892093257, 0.5586820702346661]",1947,-1
18090,[0.3325726  0.39016185],6,-1,-1,1215,-1
18091,[0.26805674 0.52867051],7,7,"[0.2817018170798153, 0.5849768676672948]",1853,-1
18092,[0.47545027 0.55671078],5,6,"[0.5164739970238864, 0.5319253761973344]",1084,-1
18093,[0.24204662 0.51994431],7,8,"[0.27392971195344684, 0.45973140540928376]",-1,-1
18094,[0.32046669 0.27709762],2,9,"[0.3110394802231661, 0.23517199738277297]",1519,-1
18095,[0.32532286 0.31566287],6,1,"[0.3897435781344088, 0.3417040596068965]",1679,10
18096,[0.56963399 0.51309936],5,6,"[0.5164739970238864, 0.5319253761973344]",-1,-1
18097,[0.57823635 0.68219154],9,2,"[0.5921204552873188, 0.6383928111301557]",915,-1
18098,[0.21834705 0.52374687],7,-1,-1,-1,-1
18099,[0.58373042 0.57745745],5,2,"[0.5921204552873188, 0.6383928111301557]",-1,-1
18100,[0.72696964 0.46416689],8,3,"[0.6815204869410737, 0.47689852788858716]",-1,-1
18101,[0.31091002 0.59157557],4,7,"[0.2817018170798153, 0.5849768676672948]",1820,-1
18102,[0.58213877 0.44512204],5,-1,-1,-1,-1
18103,[0.31251425 0.2534055 ],0,9,"[0.3110394802231661, 0.23517199738277297]",1499,-1
18104,[0.60468504 0.60944789],5,2,"[0.5921204552873188, 0.6383928111301557]",1301,-1
18105,[0.59572073 0.58487486],5,2,"[0.5921204552873188, 0.6383928111301557]",1326,5
18106,[0.37651001 0.61174086],3,0,"[0.383291892093257, 0.5586820702346661]",1513,-1
18107,[0.34244686 0.4495055 ],3,8,"[0.27392971195344684, 0.45973140540928376]",-1,-1
18108,[0.452558   0.46410253],9,-1,-1,-1,-1
18109,[0.70185512 0.76802669],1,-1,-1,-1,0
18110,[0.71736396 0.66113436],1,-1,-1,358,0
18111,[0.34975594 0.58813548],7,0,"[0.383291892093257, 0.5586820702346661]",-1,-1
18112,[0.26226025 0.28164966],2,5,"[0.23231087327800656, 0.30304944505444303]",-1,-1
18113,[0.34301504 0.50093307],3,-1,-1,-1,-1
18114,[0.58136415 0.58703923],9,2,"[0.5921204552873188, 0.6383928111301557]",1397,6
18115,[0.4401309  0.56130867],3,0,"[0.383291892093257, 0.5586820702346661]",1283,-1
18116,[0.59281413 0.67308413],9,2,"[0.5921204552873188, 0.6383928111301557]",-1,-1
18117,[0.20127895 0.48286367],7,-1,-1,185,-1
18118,[0.40687041 0.27313561],6,-1,-1,-1,-1
18119,[0.49642634 0.47635509],5,6,"[0.5164739970238864, 0.5319253761973344]",-1,-1
18120,[0.46487387 0.46077053],5,-1,-1,291,-1
18121,[0.63202821 0.69296867],9,2,"[0.5921204552873188, 0.6383928111301557]",-1,-1
18122,[0.38000801 0.6158723 ],3,0,"[0.383291892093257, 0.5586820702346661]",1513,-1
18123,[0.23007556 0.61808557],7,7,"[0.2817018170798153, 0.5849768676672948]",-1,-1
18124,[0.27749228 0.14835653],0,-1,-1,-1,-1
18125,[0.30424086 0.35651739],2,-1,-1,-1,-1
18126,[0.77158397 0.56871378],1,-1,-1,-1,-1
18127,[0.76150128 0.84073022],1,-1,-1,-1,-1
18128,[0.23549103 0.31518779],0,5,"[0.23231087327800656, 0.30304944505444303]",-1,-1
18129,[0.40025435 0.63695073],3,-1,-1,751,-1
18130,[0.62762188 0.61526058],5,2,"[0.5921204552873188, 0.6383928111301557]",740,-1
18131,[0.54639223 0.56739038],3,6,"[0.5164739970238864, 0.5319253761973344]",1441,6
18132,[0.74054315 0.47007626],8,3,"[0.6815204869410737, 0.47689852788858716]",513,-1
18133,[0.29865989 0.58078953],7,7,"[0.2817018170798153, 0.5849768676672948]",-1,-1
18134,[0.3171321  0.46423411],7,8,"[0.27392971195344684, 0.45973140540928376]",1556,-1
18135,[0.45915617 0.61608281],9,-1,-1,703,-1
18136,[0.76801147 0.79346641],1,4,"[0.7726811996944247, 0.7249303226766757]",-1,0
18137,[0.54487597 0.56670302],9,6,"[0.5164739970238864, 0.5319253761973344]",1441,6
18138,[0.73767353 0.46495386],8,3,"[0.6815204869410737, 0.47689852788858716]",-1,-1
18139,[0.52943045 0.71501051],9,-1,-1,-1,-1
18140,[0.73743576 0.74878864],1,4,"[0.7726811996944247, 0.7249303226766757]",-1,0
18141,[0.61307857 0.44006927],8,-1,-1,-1,-1
18142,[0.73110424 0.79385338],1,-1,-1,-1,0
18143,[0.53454808 0.51198949],5,6,"[0.5164739970238864, 0.5319253761973344]",-1,-1
18144,[0.22983639 0.47368502],7,8,"[0.27392971195344684, 0.45973140540928376]",724,-1
18145,[0.80985795 0.6728815 ],1,4,"[0.7726811996944247, 0.7249303226766757]",-1,0
18146,[0.18443554 0.27464725],0,5,"[0.23231087327800656, 0.30304944505444303]",458,-1
18147,[0.22250004 0.19149523],0,-1,-1,375,-1
18148,[0.28666106 0.3449388 ],2,5,"[0.23231087327800656, 0.30304944505444303]",1584,-1
18149,[0.42410256 0.56636359],5,0,"[0.383291892093257, 0.5586820702346661]",-1,-1
18150,[0.36615317 0.24255254],6,9,"[0.3110394802231661, 0.23517199738277297]",675,-1
18151,[0.27711632 0.33382444],2,5,"[0.23231087327800656, 0.30304944505444303]",1598,9
18152,[0.36824424 0.35405901],0,1,"[0.3897435781344088, 0.3417040596068965]",1245,-1
18153,[0.31212056 0.61126508],4,7,"[0.2817018170798153, 0.5849768676672948]",1763,-1
18154,[0.28404123 0.50266495],4,8,"[0.27392971195344684, 0.45973140540928376]",1742,-1
18155,[0.32709119 0.43597372],7,8,"[0.27392971195344684, 0.45973140540928376]",940,-1
18156,[0.5267883  0.48144504],5,6,"[0.5164739970238864, 0.5319253761973344]",926,-1
18157,[0.2564637  0.20875945],2,9,"[0.3110394802231661, 0.23517199738277297]",-1,-1
18158,[0.28564032 0.2900682 ],2,5,"[0.23231087327800656, 0.30304944505444303]",1686,11
18159,[0.77503109 0.64900851],1,-1,-1,-1,0
18160,[0.52106886 0.63659396],9,-1,-1,-1,-1
18161,[0.85319842 0.81909016],1,-1,-1,-1,-1
18162,[0.59845251 0.58740676],9,2,"[0.5921204552873188, 0.6383928111301557]",1326,-1
18163,[0.48913213 0.63711972],9,-1,-1,647,-1
18164,[0.51364662 0.45755811],5,-1,-1,601,-1
18165,[0.21925982 0.33056187],2,5,"[0.23231087327800656, 0.30304944505444303]",-1,-1
18166,[0.49041107 0.35588358],6,-1,-1,208,-1
18167,[0.75692173 0.85270863],1,-1,-1,-1,-1
18168,[0.28791251 0.53679033],4,7,"[0.2817018170798153, 0.5849768676672948]",-1,14
18169,[0.57240299 0.4950362 ],9,6,"[0.5164739970238864, 0.5319253761973344]",847,-1
18170,[0.55896787 0.55995478],5,6,"[0.5164739970238864, 0.5319253761973344]",-1,6
18171,[0.46019956 0.2860069 ],6,-1,-1,-1,-1
18172,[0.29462562 0.22389705],0,9,"[0.3110394802231661, 0.23517199738277297]",-1,-1
18173,[0.68463071 0.58026217],9,-1,-1,-1,-1
18174,[0.4079427  0.45662668],3,-1,-1,579,-1
18175,[0.57551306 0.64338233],9,2,"[0.5921204552873188, 0.6383928111301557]",1214,-1
18176,[0.28686961 0.37763664],2,-1,-1,1099,-1
18177,[0.71939162 0.46557924],8,3,"[0.6815204869410737, 0.47689852788858716]",780,-1
18178,[0.68430599 0.54502926],8,3,"[0.6815204869410737, 0.47689852788858716]",672,-1
18179,[0.32650243 0.30803619],2,-1,-1,-1,-1
18180,[0.48607653 0.6462131 ],5,-1,-1,-1,-1
18181,[0.28236523 0.55367936],4,7,"[0.2817018170798153, 0.5849768676672948]",1917,-1
18182,[0.22852728 0.29861681],0,5,"[0.23231087327800656, 0.30304944505444303]",1468,-1
18183,[0.30782707 0.49473087],4,8,"[0.27392971195344684, 0.45973140540928376]",1888,-1
18184,[0.28017365 0.22831255],0,9,"[0.3110394802231661, 0.23517199738277297]",-1,-1
18185,[0.37646829 0.61061857],5,0,"[0.383291892093257, 0.5586820702346661]",1513,-1
18186,[0.37562513 0.37794634],6,1,"[0.3897435781344088, 0.3417040596068965]",-1,-1
18187,[0.70987803 0.76773649],1,-1,-1,228,0
18188,[0.73933238 0.64100837],1,-1,-1,-1,0
18189,[0.47120929 0.59746484],5,-1,-1,-1,-1
18190,[0.74445025 0.46699753],8,3,"[0.6815204869410737, 0.47689852788858716]",513,-1
18191,[0.37387539 0.51136888],7,0,"[0.383291892093257, 0.5586820702346661]",-1,-1
18192,[0.31774831 0.34908606],2,-1,-1,-1,-1
18193,[0.43614848 0.55320333],4,0,"[0.383291892093257, 0.5586820702346661]",1294,-1
18194,[0.27123785 0.53586006],4,7,"[0.2817018170798153, 0.5849768676672948]",-1,-1
18195,[0.2520573  0.21000854],2,9,"[0.3110394802231661, 0.23517199738277297]",-1,-1
18196,[0.75548563 0.66337764],1,4,"[0.7726811996944247, 0.7249303226766757]",-1,0
18197,[0.61945394 0.54587738],8,-1,-1,-1,-1
18198,[0.34678663 0.61894666],4,-1,-1,1830,-1
18199,[0.26218264 0.1293646 ],0,-1,-1,-1,-1
18200,[0.41371118 0.67700915],3,-1,-1,-1,-1
18201,[0.42415624 0.35935488],6,1,"[0.3897435781344088, 0.3417040596068965]",-1,-1
18202,[0.70046748 0.35756839],8,-1,-1,-1,-1
18203,[0.66594985 0.53341578],8,3,"[0.6815204869410737, 0.47689852788858716]",-1,-1
18204,[0.21446037 0.22718868],0,-1,-1,-1,-1
18205,[0.75889247 0.75999382],1,4,"[0.7726811996944247, 0.7249303226766757]",-1,0
18206,[0.14428461 0.21768233],0,-1,-1,61,-1
18207,[0.26291022 0.35824695],2,5,"[0.23231087327800656, 0.30304944505444303]",-1,-1
18208,[0.41377306 0.59734128],3,0,"[0.383291892093257, 0.5586820702346661]",1719,-1
18209,[0.32524321 0.57447713],3,7,"[0.2817018170798153, 0.5849768676672948]",1974,-1
18210,[0.29660635 0.35792427],2,-1,-1,1479,-1
18211,[0.57930331 0.45296098],5,-1,-1,-1,-1
18212,[0.4250758  0.63715106],4,-1,-1,366,-1
18213,[0.69562437 0.48258059],8,3,"[0.6815204869410737, 0.47689852788858716]",808,-1
18214,[0.19048257 0.28917909],0,5,"[0.23231087327800656, 0.30304944505444303]",-1,-1
18215,[0.2809205  0.32162385],2,5,"[0.23231087327800656, 0.30304944505444303]",-1,-1
18216,[0.67361423 0.49389558],8,3,"[0.6815204869410737, 0.47689852788858716]",-1,-1
18217,[0.57583553 0.71154762],9,-1,-1,512,-1
18218,[0.25058581 0.3215112 ],0,5,"[0.23231087327800656, 0.30304944505444303]",-1,7
18219,[0.48492223 0.56215614],5,6,"[0.5164739970238864, 0.5319253761973344]",-1,-1
18220,[0.41044345 0.28149553],6,1,"[0.3897435781344088, 0.3417040596068965]",922,-1
18221,[0.23828155 0.56783506],7,7,"[0.2817018170798153, 0.5849768676672948]",-1,-1
18222,[0.49651107 0.44996445],8,-1,-1,-1,-1
18223,[0.57672567 0.58452438],9,2,"[0.5921204552873188, 0.6383928111301557]",1453,6
18224,[0.35866558 0.25824775],0,9,"[0.3110394802231661, 0.23517199738277297]",-1,-1
18225,[0.49054803 0.4784876 ],5,6,"[0.5164739970238864, 0.5319253761973344]",-1,-1
18226,[0.28861901 0.29327067],0,5,"[0.23231087327800656, 0.30304944505444303]",1684,-1
18227,[0.55026958 0.54278778],5,6,"[0.5164739970238864, 0.5319253761973344]",1408,6
18228,[0.73494077 0.73080357],1,4,"[0.7726811996944247, 0.7249303226766757]",-1,0
18229,[0.79129891 0.65101043],1,-1,-1,329,0
18230,[0.2837088  0.24598862],2,9,"[0.3110394802231661, 0.23517199738277297]",1602,-1
18231,[0.20352753 0.29779718],0,5,"[0.23231087327800656, 0.30304944505444303]",685,-1
18232,[0.39451842 0.32353804],6,1,"[0.3897435781344088, 0.3417040596068965]",965,-1
18233,[0.29857236 0.35883754],2,-1,-1,1479,-1
18234,[0.28017858 0.58220178],3,7,"[0.2817018170798153, 0.5849768676672948]",-1,-1
18235,[0.63022592 0.68837349],1,2,"[0.5921204552873188, 0.6383928111301557]",-1,-1
18236,[0.24388453 0.50857785],7,8,"[0.27392971195344684, 0.45973140540928376]",1552,-1
18237,[0.79896884 0.51541866],8,-1,-1,-1,-1
18238,[0.62699064 0.54114261],5,-1,-1,1107,-1
18239,[0.66973766 0.53793264],9,3,"[0.6815204869410737, 0.47689852788858716]",673,-1
18240,[0.7438329  0.37087871],8,-1,-1,60,-1
18241,[0.42475114 0.44393369],4,-1,-1,-1,-1
18242,[0.5796221  0.40489601],8,-1,-1,-1,-1
18243,[0.35031138 0.51082498],4,0,"[0.383291892093257, 0.5586820702346661]",-1,-1
18244,[0.36009976 0.25402476],6,9,"[0.3110394802231661, 0.23517199738277297]",-1,-1
18245,[0.26575618 0.50340855],7,8,"[0.27392971195344684, 0.45973140540928376]",-1,-1
18246,[0.60524309 0.55519765],8,-1,-1,1311,-1
18247,[0.50728439 0.48646672],5,6,"[0.5164739970238864, 0.5319253761973344]",605,-1
18248,[0.74633581 0.78715509],1,4,"[0.7726811996944247, 0.7249303226766757]",-1,0
18249,[0.49822161 0.59913013],5,6,"[0.5164739970238864, 0.5319253761973344]",1063,-1
18250,[0.53836766 0.66069469],9,2,"[0.5921204552873188, 0.6383928111301557]",1056,-1
18251,[0.69627622 0.38133831],8,-1,-1,-1,-1
18252,[0.75893204 0.77775022],1,4,"[0.7726811996944247, 0.7249303226766757]",371,0
18253,[0.31255252 0.3186266 ],2,-1,-1,1672,-1
18254,[0.24445727 0.59448376],7,7,"[0.2817018170798153, 0.5849768676672948]",-1,-1
18255,[0.38272907 0.33281065],6,1,"[0.3897435781344088, 0.3417040596068965]",1476,-1
18256,[0.33283678 0.56275958],7,0,"[0.383291892093257, 0.5586820702346661]",1975,-1
18257,[0.33762568 0.32498764],2,1,"[0.3897435781344088, 0.3417040596068965]",1682,-1
18258,[0.28100018 0.22865543],0,9,"[0.3110394802231661, 0.23517199738277297]",-1,-1
18259,[0.66106005 0.52809977],8,3,"[0.6815204869410737, 0.47689852788858716]",669,-1
18260,[0.25733513 0.54460077],7,7,"[0.2817018170798153, 0.5849768676672948]",1559,-1
18261,[0.4094771  0.59588835],5,0,"[0.383291892093257, 0.5586820702346661]",-1,-1
18262,[0.28350114 0.18893429],0,9,"[0.3110394802231661, 0.23517199738277297]",-1,-1
18263,[0.8084669  0.60622222],1,-1,-1,-1,-1
18264,[0.33989333 0.25933122],0,9,"[0.3110394802231661, 0.23517199738277297]",958,-1
18265,[0.31397647 0.34727044],0,-1,-1,1630,8
18266,[0.26106666 0.44183982],7,8,"[0.27392971195344684, 0.45973140540928376]",-1,-1
18267,[0.28350041 0.19488598],0,9,"[0.3110394802231661, 0.23517199738277297]",648,-1
18268,[0.22389865 0.52046353],7,-1,-1,1090,-1
18269,[0.56882795 0.73968948],9,-1,-1,-1,-1
18270,[0.5867165  0.66656493],9,2,"[0.5921204552873188, 0.6383928111301557]",-1,-1
18271,[0.29138259 0.61373627],3,7,"[0.2817018170798153, 0.5849768676672948]",-1,-1
18272,[0.71139356 0.71945301],1,4,"[0.7726811996944247, 0.7249303226766757]",384,0
18273,[0.65091221 0.60930248],9,2,"[0.5921204552873188, 0.6383928111301557]",-1,-1
18274,[0.48904709 0.57718831],5,6,"[0.5164739970238864, 0.5319253761973344]",-1,-1
18275,[0.26222148 0.5633181 ],4,7,"[0.2817018170798153, 0.5849768676672948]",1851,-1
18276,[0.57884424 0.58659427],9,2,"[0.5921204552873188, 0.6383928111301557]",-1,-1
18277,[0.32574533 0.64215354],3,-1,-1,886,-1
18278,[0.82581215 0.77138137],1,-1,-1,-1,0
18279,[0.4901805  0.68694557],9,-1,-1,-1,-1
18280,[0.35626165 0.22068936],0,9,"[0.3110394802231661, 0.23517199738277297]",485,-1
18281,[0.8356546  0.80373577],1,-1,-1,-1,-1
18282,[0.67788732 0.65487118],9,-1,-1,-1,-1
18283,[0.55699271 0.55477244],5,6,"[0.5164739970238864, 0.5319253761973344]",1403,-1
18284,[0.48746639 0.3037424 ],6,-1,-1,173,-1
18285,[0.30442228 0.50564488],4,8,"[0.27392971195344684, 0.45973140540928376]",1858,-1
18286,[0.35334263 0.25537898],2,9,"[0.3110394802231661, 0.23517199738277297]",954,-1
18287,[0.16338029 0.22605516],2,-1,-1,-1,-1
18288,[0.63858174 0.58396757],9,-1,-1,-1,-1
18289,[0.23380327 0.27926753],0,5,"[0.23231087327800656, 0.30304944505444303]",1531,-1
18290,[0.66039932 0.53965478],8,3,"[0.6815204869410737, 0.47689852788858716]",-1,-1
18291,[0.32747846 0.67922315],4,-1,-1,156,-1
18292,[0.26038943 0.22254301],0,9,"[0.3110394802231661, 0.23517199738277297]",988,-1
18293,[0.27648828 0.39140018],2,8,"[0.27392971195344684, 0.45973140540928376]",-1,-1
18294,[0.67344043 0.33578878],8,-1,-1,17,-1
18295,[0.25503446 0.379489  ],2,-1,-1,1147,-1
18296,[0.25895628 0.21599312],0,9,"[0.3110394802231661, 0.23517199738277297]",-1,-1
18297,[0.28100425 0.19411218],2,9,"[0.3110394802231661, 0.23517199738277297]",648,-1
18298,[0.20289718 0.23369555],0,-1,-1,898,-1
18299,[0.51859435 0.51757833],5,6,"[0.5164739970238864, 0.5319253761973344]",1180,-1
18300,[0.29061743 0.32275092],0,5,"[0.23231087327800656, 0.30304944505444303]",1621,-1
18301,[0.26352243 0.53710477],7,7,"[0.2817018170798153, 0.5849768676672948]",1743,-1
18302,[0.28482088 0.48496207],4,8,"[0.27392971195344684, 0.45973140540928376]",-1,-1
18303,[0.35947707 0.51385877],4,0,"[0.383291892093257, 0.5586820702346661]",-1,-1
18304,[0.28676079 0.48020817],3,8,"[0.27392971195344684, 0.45973140540928376]",1799,-1
18305,[0.23857526 0.21045172],2,-1,-1,-1,-1
18306,[0.26239239 0.71760446],4,-1,-1,-1,-1
18307,[0.43924577 0.60843196],5,-1,-1,-1,-1
18308,[0.47692093 0.61372599],5,-1,-1,737,-1
18309,[0.76478668 0.81661612],1,-1,-1,-1,0
18310,[0.33239703 0.44099612],6,8,"[0.27392971195344684, 0.45973140540928376]",941,-1
18311,[0.49826025 0.6218913 ],5,-1,-1,-1,-1
18312,[0.56537829 0.58743397],9,2,"[0.5921204552873188, 0.6383928111301557]",-1,6
18313,[0.41920497 0.61863272],4,0,"[0.383291892093257, 0.5586820702346661]",1474,-1
18314,[0.3685504  0.31892164],6,1,"[0.3897435781344088, 0.3417040596068965]",1546,-1
18315,[0.60540532 0.65255166],9,2,"[0.5921204552873188, 0.6383928111301557]",-1,-1
18316,[0.6075264  0.48466224],5,-1,-1,837,-1
18317,[0.37970935 0.38271299],6,1,"[0.3897435781344088, 0.3417040596068965]",1006,-1
18318,[0.52076426 0.53612907],5,6,"[0.5164739970238864, 0.5319253761973344]",-1,3
18319,[0.29037713 0.31974082],0,5,"[0.23231087327800656, 0.30304944505444303]",1621,-1
18320,[0.63453487 0.41090644],8,-1,-1,265,-1
18321,[0.32859589 0.50756841],4,-1,-1,-1,-1
18322,[0.2664558  0.61911757],4,7,"[0.2817018170798153, 0.5849768676672948]",539,-1
18323,[0.27169543 0.46425094],7,8,"[0.27392971195344684, 0.45973140540928376]",1595,-1
18324,[0.3336715  0.60082733],4,7,"[0.2817018170798153, 0.5849768676672948]",1864,-1
18325,[0.4092048 0.2784887],6,1,"[0.3897435781344088, 0.3417040596068965]",922,-1
18326,[0.39780817 0.26218796],6,-1,-1,838,-1
18327,[0.85093769 0.76160881],1,-1,-1,-1,0
18328,[0.84097101 0.71922937],1,4,"[0.7726811996944247, 0.7249303226766757]",311,0
18329,[0.38365181 0.3168768 ],6,1,"[0.3897435781344088, 0.3417040596068965]",1142,-1
18330,[0.25743525 0.49889684],7,8,"[0.27392971195344684, 0.45973140540928376]",1775,-1
18331,[0.30865159 0.54646921],7,7,"[0.2817018170798153, 0.5849768676672948]",-1,17
18332,[0.59329972 0.38747509],5,-1,-1,-1,-1
18333,[0.2625069  0.29952918],0,5,"[0.23231087327800656, 0.30304944505444303]",-1,-1
18334,[0.36253194 0.54648089],4,0,"[0.383291892093257, 0.5586820702346661]",1790,-1
18335,[0.35845466 0.55626997],7,0,"[0.383291892093257, 0.5586820702346661]",1823,-1
18336,[0.63073784 0.4788314 ],8,3,"[0.6815204869410737, 0.47689852788858716]",-1,-1
18337,[0.49162903 0.38249838],6,-1,-1,-1,-1
18338,[0.31910334 0.55361137],4,7,"[0.2817018170798153, 0.5849768676672948]",1991,17
18339,[0.32630152 0.46846777],7,8,"[0.27392971195344684, 0.45973140540928376]",1523,-1
18340,[0.7247389  0.79942579],1,-1,-1,90,0
18341,[0.43093561 0.54009181],5,0,"[0.383291892093257, 0.5586820702346661]",-1,-1
18342,[0.76298705 0.57008259],8,-1,-1,-1,-1
18343,[0.21747103 0.22421113],0,-1,-1,-1,-1
18344,[0.60240472 0.46068352],8,-1,-1,-1,-1
18345,[0.36422828 0.35540303],6,1,"[0.3897435781344088, 0.3417040596068965]",1245,-1
18346,[0.64399407 0.51393839],8,3,"[0.6815204869410737, 0.47689852788858716]",866,-1
18347,[0.32398866 0.61880125],4,7,"[0.2817018170798153, 0.5849768676672948]",1395,-1
18348,[0.49346561 0.50587612],5,6,"[0.5164739970238864, 0.5319253761973344]",803,-1
18349,[0.29229672 0.36682291],2,-1,-1,-1,-1
18350,[0.28952197 0.56899976],4,7,"[0.2817018170798153, 0.5849768676672948]",1896,-1
18351,[0.70182677 0.6770907 ],1,-1,-1,303,0
18352,[0.52883864 0.58475631],5,6,"[0.5164739970238864, 0.5319253761973344]",-1,-1
18353,[0.70951495 0.50310877],8,3,"[0.6815204869410737, 0.47689852788858716]",739,-1
18354,[0.22398601 0.33057869],2,5,"[0.23231087327800656, 0.30304944505444303]",1338,-1
18355,[0.30023488 0.59637196],7,7,"[0.2817018170798153, 0.5849768676672948]",1820,-1
18356,[0.3582957  0.51784888],4,0,"[0.383291892093257, 0.5586820702346661]",1921,-1
18357,[0.47309871 0.27615922],6,-1,-1,272,-1
18358,[0.40522174 0.54720853],3,0,"[0.383291892093257, 0.5586820702346661]",-1,-1
18359,[0.80962341 0.7645177 ],1,4,"[0.7726811996944247, 0.7249303226766757]",428,0
18360,[0.17217818 0.36879175],0,-1,-1,145,-1
18361,[0.41583612 0.53871307],3,0,"[0.383291892093257, 0.5586820702346661]",1713,-1
18362,[0.32192849 0.59965862],4,7,"[0.2817018170798153, 0.5849768676672948]",1939,-1
18363,[0.55033266 0.51489881],5,6,"[0.5164739970238864, 0.5319253761973344]",-1,-1
18364,[0.35246759 0.3791533 ],2,1,"[0.3897435781344088, 0.3417040596068965]",1078,-1
18365,[0.74837816 0.75017406],1,4,"[0.7726811996944247, 0.7249303226766757]",431,0
18366,[0.35660365 0.54913491],7,0,"[0.383291892093257, 0.5586820702346661]",-1,-1
18367,[0.75948313 0.55640473],1,-1,-1,84,-1
18368,[0.54563527 0.53501777],5,6,"[0.5164739970238864, 0.5319253761973344]",1375,-1
18369,[0.24664095 0.61007894],4,7,"[0.2817018170798153, 0.5849768676672948]",514,-1
18370,[0.7839834  0.39543465],8,-1,-1,-1,-1
18371,[0.34409072 0.59429528],4,0,"[0.383291892093257, 0.5586820702346661]",-1,-1
18372,[0.6386355  0.44549168],5,3,"[0.6815204869410737, 0.47689852788858716]",798,-1
18373,[0.2895093  0.74367829],3,-1,-1,-1,-1
18374,[0.28395292 0.32340172],0,5,"[0.23231087327800656, 0.30304944505444303]",-1,-1
18375,[0.46317381 0.61924365],4,-1,-1,-1,-1
18376,[0.5416711  0.61535225],5,2,"[0.5921204552873188, 0.6383928111301557]",-1,-1
18377,[0.65091884 0.46071538],8,3,"[0.6815204869410737, 0.47689852788858716]",-1,-1
18378,[0.62743757 0.66465659],9,2,"[0.5921204552873188, 0.6383928111301557]",711,-1
18379,[0.34395512 0.53533645],3,0,"[0.383291892093257, 0.5586820702346661]",-1,16
18380,[0.35395967 0.58303899],7,0,"[0.383291892093257, 0.5586820702346661]",1843,-1
18381,[0.84829329 0.73890866],1,-1,-1,-1,0
18382,[0.26793247 0.5540891 ],7,7,"[0.2817018170798153, 0.5849768676672948]",-1,-1
18383,[0.64495779 0.46883845],8,3,"[0.6815204869410737, 0.47689852788858716]",-1,1
18384,[0.29588911 0.46646595],7,8,"[0.27392971195344684, 0.45973140540928376]",1730,-1
18385,[0.42534809 0.21054893],6,-1,-1,-1,-1
18386,[0.27256255 0.27386294],0,5,"[0.23231087327800656, 0.30304944505444303]",1636,11
18387,[0.56146991 0.54667201],9,6,"[0.5164739970238864, 0.5319253761973344]",-1,-1
18388,[0.33317344 0.59290346],4,7,"[0.2817018170798153, 0.5849768676672948]",-1,-1
18389,[0.28594652 0.32050141],2,5,"[0.23231087327800656, 0.30304944505444303]",1610,-1
18390,[0.1207929  0.53732575],4,-1,-1,-1,-1
18391,[0.54312078 0.51574563],5,6,"[0.5164739970238864, 0.5319253761973344]",899,-1
18392,[0.76200486 0.44726404],8,-1,-1,-1,-1
18393,[0.3131227  0.20456046],0,9,"[0.3110394802231661, 0.23517199738277297]",652,-1
18394,[0.65482482 0.65972261],9,2,"[0.5921204552873188, 0.6383928111301557]",639,-1
18395,[0.62112802 0.6029569 ],9,2,"[0.5921204552873188, 0.6383928111301557]",1200,-1
18396,[0.35293634 0.35746807],2,1,"[0.3897435781344088, 0.3417040596068965]",1261,-1
18397,[0.66055089 0.47642308],8,3,"[0.6815204869410737, 0.47689852788858716]",825,-1
18398,[0.6412476  0.60017429],9,2,"[0.5921204552873188, 0.6383928111301557]",-1,-1
18399,[0.39293843 0.33181587],6,1,"[0.3897435781344088, 0.3417040596068965]",-1,-1
18400,[0.3457529  0.49713441],4,-1,-1,-1,-1
18401,[0.23921358 0.23338488],0,-1,-1,-1,-1
18402,[0.66963362 0.48378564],8,3,"[0.6815204869410737, 0.47689852788858716]",830,-1
18403,[0.65466791 0.33850964],8,-1,-1,13,-1
18404,[0.5199914  0.59665583],9,6,"[0.5164739970238864, 0.5319253761973344]",1364,-1
18405,[0.37723665 0.19844378],6,-1,-1,127,-1
18406,[0.30454672 0.45474499],7,8,"[0.27392971195344684, 0.45973140540928376]",-1,-1
18407,[0.369181   0.21643325],0,9,"[0.3110394802231661, 0.23517199738277297]",-1,-1
18408,[0.2684804  0.23823294],0,9,"[0.3110394802231661, 0.23517199738277297]",-1,-1
18409,[0.3228908  0.39018686],2,-1,-1,1426,-1
18410,[0.27741096 0.57740143],4,7,"[0.2817018170798153, 0.5849768676672948]",1670,-1
18411,[0.22415867 0.18346569],0,-1,-1,375,-1
18412,[0.77350999 0.63367887],1,-1,-1,176,0
18413,[0.74423787 0.44087617],8,-1,-1,-1,-1
18414,[0.36180712 0.604989  ],3,0,"[0.383291892093257, 0.5586820702346661]",-1,-1
18415,[0.58599109 0.68269972],9,2,"[0.5921204552873188, 0.6383928111301557]",-1,-1
18416,[0.56446222 0.64097476],9,2,"[0.5921204552873188, 0.6383928111301557]",-1,-1
18417,[0.77329816 0.79034407],1,4,"[0.7726811996944247, 0.7249303226766757]",369,0
18418,[0.83930685 0.79048954],1,-1,-1,-1,0
18419,[0.63023836 0.60335634],8,2,"[0.5921204552873188, 0.6383928111301557]",1207,-1
18420,[0.79398963 0.69700124],1,4,"[0.7726811996944247, 0.7249303226766757]",-1,0
18421,[0.73700272 0.55282906],9,-1,-1,158,-1
18422,[0.28294206 0.36147849],7,-1,-1,1260,-1
18423,[0.37486157 0.52348679],3,0,"[0.383291892093257, 0.5586820702346661]",1934,-1
18424,[0.19245002 0.17943857],0,-1,-1,99,-1
18425,[0.40801615 0.5160706 ],3,0,"[0.383291892093257, 0.5586820702346661]",1638,-1
18426,[0.40740191 0.36389614],2,1,"[0.3897435781344088, 0.3417040596068965]",980,-1
18427,[0.64064826 0.48531862],8,3,"[0.6815204869410737, 0.47689852788858716]",820,1
18428,[0.75573754 0.77988736],1,4,"[0.7726811996944247, 0.7249303226766757]",371,0
18429,[0.33757625 0.19648356],0,9,"[0.3110394802231661, 0.23517199738277297]",-1,-1
18430,[0.29602966 0.37786959],2,-1,-1,-1,-1
18431,[0.54566828 0.49521319],5,6,"[0.5164739970238864, 0.5319253761973344]",-1,-1
18432,[0.28082092 0.28227479],0,5,"[0.23231087327800656, 0.30304944505444303]",-1,-1
18433,[0.22924454 0.48191467],2,8,"[0.27392971195344684, 0.45973140540928376]",-1,-1
18434,[0.36898179 0.51282854],4,0,"[0.383291892093257, 0.5586820702346661]",-1,-1
18435,[0.32837294 0.25806805],2,9,"[0.3110394802231661, 0.23517199738277297]",1484,-1
18436,[0.19765473 0.54051096],7,-1,-1,323,-1
18437,[0.33146074 0.51706237],4,0,"[0.383291892093257, 0.5586820702346661]",1904,-1
18438,[0.31507258 0.54692139],4,7,"[0.2817018170798153, 0.5849768676672948]",-1,17
18439,[0.46042167 0.56236019],5,6,"[0.5164739970238864, 0.5319253761973344]",-1,-1
18440,[0.66052796 0.59807422],8,-1,-1,-1,-1
18441,[0.28536461 0.49298335],4,8,"[0.27392971195344684, 0.45973140540928376]",-1,-1
18442,[0.47693229 0.37148948],6,-1,-1,-1,-1
18443,[0.7461933  0.85165252],1,-1,-1,-1,-1
18444,[0.24649038 0.55087344],4,7,"[0.2817018170798153, 0.5849768676672948]",1700,-1
18445,[0.5689457  0.66383736],9,2,"[0.5921204552873188, 0.6383928111301557]",-1,-1
18446,[0.71432346 0.75305206],1,4,"[0.7726811996944247, 0.7249303226766757]",345,0
18447,[0.43649068 0.63464924],3,-1,-1,-1,-1
18448,[0.31032804 0.48742993],7,8,"[0.27392971195344684, 0.45973140540928376]",-1,-1
18449,[0.29330506 0.53962448],7,7,"[0.2817018170798153, 0.5849768676672948]",-1,14
18450,[0.32461106 0.42034636],2,8,"[0.27392971195344684, 0.45973140540928376]",-1,-1
18451,[0.36879867 0.3081872 ],6,1,"[0.3897435781344088, 0.3417040596068965]",1472,-1
18452,[0.42930223 0.57993415],4,0,"[0.383291892093257, 0.5586820702346661]",-1,-1
18453,[0.31874441 0.37450809],2,-1,-1,1015,-1
18454,[0.20132066 0.14742308],0,-1,-1,12,-1
18455,[0.23021176 0.55909447],7,7,"[0.2817018170798153, 0.5849768676672948]",1288,-1
18456,[0.38430061 0.57602367],3,0,"[0.383291892093257, 0.5586820702346661]",1825,-1
18457,[0.36446928 0.50428361],3,0,"[0.383291892093257, 0.5586820702346661]",1899,-1
18458,[0.59610558 0.69920758],9,2,"[0.5921204552873188, 0.6383928111301557]",-1,-1
18459,[0.90087218 0.78773349],1,-1,-1,-1,-1
18460,[0.29954484 0.5784848 ],3,7,"[0.2817018170798153, 0.5849768676672948]",1840,-1
18461,[0.27917706 0.60484708],4,7,"[0.2817018170798153, 0.5849768676672948]",1032,-1
18462,[0.46662707 0.36087377],6,-1,-1,-1,-1
18463,[0.27830253 0.36758913],6,-1,-1,1265,-1
18464,[0.83870339 0.75268441],1,-1,-1,406,0
18465,[0.53409436 0.62034551],5,2,"[0.5921204552873188, 0.6383928111301557]",-1,-1
18466,[0.74204202 0.75921095],1,4,"[0.7726811996944247, 0.7249303226766757]",418,0
18467,[0.38416303 0.43427951],2,-1,-1,683,-1
18468,[0.3736882  0.48186123],3,-1,-1,771,-1
18469,[0.57452263 0.68533391],9,2,"[0.5921204552873188, 0.6383928111301557]",915,-1
18470,[0.69517908 0.36079885],8,-1,-1,-1,-1
18471,[0.32428788 0.23869732],2,9,"[0.3110394802231661, 0.23517199738277297]",-1,-1
18472,[0.89074828 0.73202144],1,-1,-1,-1,-1
18473,[0.32586656 0.52524312],4,0,"[0.383291892093257, 0.5586820702346661]",1943,-1
18474,[0.79222028 0.67946256],1,4,"[0.7726811996944247, 0.7249303226766757]",-1,0
18475,[0.53667602 0.31094892],6,-1,-1,-1,-1
18476,[0.37985714 0.49795426],7,0,"[0.383291892093257, 0.5586820702346661]",1448,-1
18477,[0.23523383 0.28837637],2,5,"[0.23231087327800656, 0.30304944505444303]",1531,-1
18478,[0.77893039 0.78428908],1,4,"[0.7726811996944247, 0.7249303226766757]",-1,0
18479,[0.33566946 0.49934865],7,-1,-1,1880,-1
18480,[0.51204629 0.61102935],5,-1,-1,1144,-1
18481,[0.67744357 0.51556363],8,3,"[0.6815204869410737, 0.47689852788858716]",-1,-1
18482,[0.76155257 0.49632088],8,-1,-1,-1,-1
18483,[0.6497481  0.47412308],8,3,"[0.6815204869410737, 0.47689852788858716]",824,1
18484,[0.37766524 0.34300926],6,1,"[0.3897435781344088, 0.3417040596068965]",1122,-1
18485,[0.33448104 0.48891541],3,8,"[0.27392971195344684, 0.45973140540928376]",1827,-1
18486,[0.30140322 0.20516224],0,9,"[0.3110394802231661, 0.23517199738277297]",-1,-1
18487,[0.36265856 0.62941552],4,-1,-1,1304,-1
18488,[0.33459677 0.5463106 ],3,0,"[0.383291892093257, 0.5586820702346661]",-1,-1
18489,[0.27572873 0.55475479],4,7,"[0.2817018170798153, 0.5849768676672948]",-1,-1
18490,[0.76791575 0.73655204],1,4,"[0.7726811996944247, 0.7249303226766757]",-1,0
18491,[0.67935571 0.37462528],8,-1,-1,159,-1
18492,[0.36131663 0.27234754],6,9,"[0.3110394802231661, 0.23517199738277297]",1156,-1
18493,[0.79476711 0.68361047],1,4,"[0.7726811996944247, 0.7249303226766757]",-1,0
18494,[0.68494332 0.49074064],8,3,"[0.6815204869410737, 0.47689852788858716]",787,-1
18495,[0.7279214  0.35732756],8,-1,-1,-1,-1
18496,[0.72858504 0.63581887],9,-1,-1,184,0
18497,[0.184216  0.4871426],7,-1,-1,-1,-1
18498,[0.39588575 0.4563815 ],6,-1,-1,584,-1
18499,[0.24555823 0.18376046],0,-1,-1,344,-1
18500,[0.33326364 0.34169604],2,1,"[0.3897435781344088, 0.3417040596068965]",1558,-1
18501,[0.27195015 0.52302016],7,7,"[0.2817018170798153, 0.5849768676672948]",-1,-1
18502,[0.32955226 0.4077189 ],2,-1,-1,948,-1
18503,[0.57849034 0.67113483],9,2,"[0.5921204552873188, 0.6383928111301557]",1121,-1
18504,[0.46914894 0.33798414],6,-1,-1,-1,-1
18505,[0.29968896 0.52476827],7,7,"[0.2817018170798153, 0.5849768676672948]",1788,-1
18506,[0.44853638 0.58245595],5,0,"[0.383291892093257, 0.5586820702346661]",1223,4
18507,[0.54235381 0.67689153],9,2,"[0.5921204552873188, 0.6383928111301557]",687,-1
18508,[0.37764039 0.50105358],4,0,"[0.383291892093257, 0.5586820702346661]",-1,-1
18509,[0.34392284 0.58308324],4,0,"[0.383291892093257, 0.5586820702346661]",1842,-1
18510,[0.36325742 0.3377343 ],2,1,"[0.3897435781344088, 0.3417040596068965]",1532,-1
18511,[0.41533121 0.31076341],6,1,"[0.3897435781344088, 0.3417040596068965]",977,-1
18512,[0.20329136 0.40770875],2,-1,-1,202,-1
18513,[0.3669414  0.29402728],6,1,"[0.3897435781344088, 0.3417040596068965]",-1,-1
18514,[0.16566407 0.3555576 ],0,-1,-1,-1,-1
18515,[0.53396187 0.66660065],9,2,"[0.5921204552873188, 0.6383928111301557]",-1,-1
18516,[0.69543358 0.46802932],8,3,"[0.6815204869410737, 0.47689852788858716]",-1,-1
18517,[0.44155977 0.41929787],7,-1,-1,160,-1
18518,[0.41552485 0.20980671],6,-1,-1,-1,-1
18519,[0.54438241 0.39138304],5,-1,-1,47,-1
18520,[0.37439677 0.23295754],2,9,"[0.3110394802231661, 0.23517199738277297]",484,-1
18521,[0.38692632 0.51472385],5,0,"[0.383291892093257, 0.5586820702346661]",1781,-1
18522,[0.31634573 0.23060374],6,9,"[0.3110394802231661, 0.23517199738277297]",1492,-1
18523,[0.52019167 0.33457431],6,-1,-1,42,-1
18524,[0.2847804  0.44492092],6,8,"[0.27392971195344684, 0.45973140540928376]",1240,-1
18525,[0.2821241  0.53013174],4,7,"[0.2817018170798153, 0.5849768676672948]",-1,-1
18526,[0.64669967 0.4611829 ],8,3,"[0.6815204869410737, 0.47689852788858716]",812,-1
18527,[0.37913049 0.66560997],3,-1,-1,702,-1
18528,[0.24607872 0.43978745],7,8,"[0.27392971195344684, 0.45973140540928376]",-1,-1
18529,[0.26057252 0.1837816 ],0,-1,-1,239,-1
18530,[0.34928505 0.5590049 ],3,0,"[0.383291892093257, 0.5586820702346661]",1956,-1
18531,[0.76139303 0.72124948],1,4,"[0.7726811996944247, 0.7249303226766757]",469,0
18532,[0.408024   0.33163881],0,1,"[0.3897435781344088, 0.3417040596068965]",999,-1
18533,[0.59431454 0.5825962 ],5,2,"[0.5921204552873188, 0.6383928111301557]",-1,5
18534,[0.24824658 0.23923914],0,9,"[0.3110394802231661, 0.23517199738277297]",983,-1
18535,[0.52542974 0.57370537],5,6,"[0.5164739970238864, 0.5319253761973344]",-1,-1
18536,[0.25517916 0.63136269],4,7,"[0.2817018170798153, 0.5849768676672948]",348,-1
18537,[0.41844899 0.58351353],4,0,"[0.383291892093257, 0.5586820702346661]",-1,-1
18538,[0.24221622 0.57487738],7,7,"[0.2817018170798153, 0.5849768676672948]",-1,-1
18539,[0.23624706 0.37817774],2,-1,-1,-1,-1
18540,[0.40671333 0.32872028],6,1,"[0.3897435781344088, 0.3417040596068965]",-1,-1
18541,[0.49418598 0.52604444],5,6,"[0.5164739970238864, 0.5319253761973344]",936,-1
18542,[0.73223417 0.44674609],8,3,"[0.6815204869410737, 0.47689852788858716]",693,-1
18543,[0.31675185 0.23396303],0,9,"[0.3110394802231661, 0.23517199738277297]",-1,-1
18544,[0.42326499 0.59424791],5,0,"[0.383291892093257, 0.5586820702346661]",1702,-1
18545,[0.83562171 0.82270744],1,-1,-1,122,-1
18546,[0.37435915 0.52405255],4,0,"[0.383291892093257, 0.5586820702346661]",1934,-1
18547,[0.51524938 0.56461644],5,6,"[0.5164739970238864, 0.5319253761973344]",-1,-1
18548,[0.31830701 0.33982421],2,-1,-1,1615,-1
18549,[0.4615613  0.55880219],5,6,"[0.5164739970238864, 0.5319253761973344]",1271,-1
18550,[0.35482293 0.39022695],6,1,"[0.3897435781344088, 0.3417040596068965]",993,-1
18551,[0.23804349 0.28037949],0,5,"[0.23231087327800656, 0.30304944505444303]",1531,-1
18552,[0.3239935  0.54108198],4,7,"[0.2817018170798153, 0.5849768676672948]",-1,-1
18553,[0.42379741 0.25644143],6,-1,-1,-1,-1
18554,[0.50241102 0.57204829],5,6,"[0.5164739970238864, 0.5319253761973344]",1380,-1
18555,[0.74749227 0.67998078],1,4,"[0.7726811996944247, 0.7249303226766757]",439,0
18556,[0.32058863 0.52675475],7,-1,-1,-1,-1
18557,[0.29491167 0.43323284],2,8,"[0.27392971195344684, 0.45973140540928376]",1082,-1
18558,[0.41879768 0.59525975],3,0,"[0.383291892093257, 0.5586820702346661]",1719,-1
18559,[0.31508092 0.49378306],2,8,"[0.27392971195344684, 0.45973140540928376]",1872,-1
18560,[0.24581856 0.42961135],2,8,"[0.27392971195344684, 0.45973140540928376]",699,-1
18561,[0.26999394 0.49001454],7,8,"[0.27392971195344684, 0.45973140540928376]",-1,-1
18562,[0.27091353 0.55967249],4,7,"[0.2817018170798153, 0.5849768676672948]",-1,-1
18563,[0.34651783 0.38045496],2,1,"[0.3897435781344088, 0.3417040596068965]",995,-1
18564,[0.21798046 0.34771805],2,5,"[0.23231087327800656, 0.30304944505444303]",1128,-1
18565,[0.63810468 0.50280402],9,3,"[0.6815204869410737, 0.47689852788858716]",-1,-1
18566,[0.4152086  0.55636884],3,0,"[0.383291892093257, 0.5586820702346661]",1739,-1
18567,[0.68466284 0.67682553],1,-1,-1,388,-1
18568,[0.31842515 0.54105677],4,7,"[0.2817018170798153, 0.5849768676672948]",-1,-1
18569,[0.4507184  0.31386884],6,1,"[0.3897435781344088, 0.3417040596068965]",-1,-1
18570,[0.20724718 0.18692311],0,-1,-1,-1,-1
18571,[0.39733514 0.25909059],0,-1,-1,-1,-1
18572,[0.62774647 0.59278091],9,2,"[0.5921204552873188, 0.6383928111301557]",-1,-1
18573,[0.23702526 0.24948747],0,5,"[0.23231087327800656, 0.30304944505444303]",1319,-1
18574,[0.22996016 0.26932683],0,5,"[0.23231087327800656, 0.30304944505444303]",-1,-1
18575,[0.83748424 0.74188762],1,4,"[0.7726811996944247, 0.7249303226766757]",342,0
18576,[0.5877781  0.52408731],9,-1,-1,1102,-1
18577,[0.5484361  0.64069067],9,2,"[0.5921204552873188, 0.6383928111301557]",-1,-1
18578,[0.66342665 0.69220325],9,-1,-1,386,-1
18579,[0.3336475  0.60415083],4,7,"[0.2817018170798153, 0.5849768676672948]",-1,-1
18580,[0.58955714 0.53967065],8,-1,-1,1282,-1
18581,[0.54271656 0.61912143],9,2,"[0.5921204552873188, 0.6383928111301557]",1270,-1
18582,[0.63513188 0.50635605],8,3,"[0.6815204869410737, 0.47689852788858716]",866,1
18583,[0.6102228  0.56494697],9,-1,-1,-1,-1
18584,[0.25092375 0.23254032],2,9,"[0.3110394802231661, 0.23517199738277297]",985,-1
18585,[0.40448389 0.23208979],6,-1,-1,-1,-1
18586,[0.92430613 0.7473309 ],1,-1,-1,5,-1
18587,[0.36812396 0.5064677 ],4,0,"[0.383291892093257, 0.5586820702346661]",1751,-1
18588,[0.72724739 0.56909023],8,-1,-1,125,-1
18589,[0.22020012 0.51318956],4,-1,-1,-1,-1
18590,[0.63820398 0.44426037],8,3,"[0.6815204869410737, 0.47689852788858716]",798,-1
18591,[0.35098004 0.38993078],6,1,"[0.3897435781344088, 0.3417040596068965]",-1,-1
18592,[0.31272062 0.60786279],7,7,"[0.2817018170798153, 0.5849768676672948]",-1,-1
18593,[0.33919454 0.51286646],4,0,"[0.383291892093257, 0.5586820702346661]",1880,-1
18594,[0.52346986 0.56239767],5,6,"[0.5164739970238864, 0.5319253761973344]",-1,-1
18595,[0.28643674 0.30231799],0,5,"[0.23231087327800656, 0.30304944505444303]",1578,-1
18596,[0.26755892 0.5657363 ],4,7,"[0.2817018170798153, 0.5849768676672948]",-1,-1
18597,[0.52576637 0.57029936],5,6,"[0.5164739970238864, 0.5319253761973344]",-1,-1
18598,[0.34711905 0.36016439],0,1,"[0.3897435781344088, 0.3417040596068965]",1354,-1
18599,[0.22869664 0.62452115],4,7,"[0.2817018170798153, 0.5849768676672948]",-1,-1
18600,[0.39200987 0.21960828],0,-1,-1,-1,-1
18601,[0.72122321 0.71973459],1,4,"[0.7726811996944247, 0.7249303226766757]",352,0
18602,[0.48263463 0.5936449 ],3,-1,-1,1153,-1
18603,[0.28517314 0.42089668],6,8,"[0.27392971195344684, 0.45973140540928376]",1075,-1
18604,[0.53126038 0.60365911],9,-1,-1,1203,-1
18605,[0.3688221  0.63884684],4,-1,-1,784,-1
18606,[0.49896491 0.39932605],6,-1,-1,-1,-1
18607,[0.64712831 0.63712006],9,2,"[0.5921204552873188, 0.6383928111301557]",939,-1
18608,[0.60888963 0.4864802 ],5,-1,-1,-1,-1
18609,[0.3025017  0.55706467],4,7,"[0.2817018170798153, 0.5849768676672948]",-1,-1
18610,[0.26252764 0.49280061],3,8,"[0.27392971195344684, 0.45973140540928376]",-1,-1
18611,[0.6035617  0.62170099],9,2,"[0.5921204552873188, 0.6383928111301557]",-1,-1
18612,[0.36078802 0.31062682],0,1,"[0.3897435781344088, 0.3417040596068965]",1540,-1
18613,[0.20095926 0.36542853],2,5,"[0.23231087327800656, 0.30304944505444303]",-1,-1
18614,[0.56947001 0.53138937],5,6,"[0.5164739970238864, 0.5319253761973344]",-1,6
18615,[0.61526492 0.65936005],9,2,"[0.5921204552873188, 0.6383928111301557]",902,-1
18616,[0.34694408 0.48045491],3,-1,-1,1891,-1
18617,[0.2840245  0.29583847],7,5,"[0.23231087327800656, 0.30304944505444303]",-1,11
18618,[0.22519978 0.26646435],2,5,"[0.23231087327800656, 0.30304944505444303]",-1,-1
18619,[0.28466481 0.54387475],4,7,"[0.2817018170798153, 0.5849768676672948]",-1,14
18620,[0.58652059 0.64796437],5,2,"[0.5921204552873188, 0.6383928111301557]",1189,-1
18621,[0.58258381 0.655574  ],9,2,"[0.5921204552873188, 0.6383928111301557]",1124,-1
18622,[0.56587163 0.48341202],5,6,"[0.5164739970238864, 0.5319253761973344]",-1,-1
18623,[0.33568798 0.5540674 ],4,0,"[0.383291892093257, 0.5586820702346661]",1957,17
18624,[0.33695653 0.57019422],3,0,"[0.383291892093257, 0.5586820702346661]",1979,-1
18625,[0.27695378 0.17386842],0,-1,-1,-1,-1
18626,[0.40738464 0.34147827],6,1,"[0.3897435781344088, 0.3417040596068965]",998,-1
18627,[0.46173027 0.67210692],3,-1,-1,137,-1
18628,[0.42242768 0.61177218],5,0,"[0.383291892093257, 0.5586820702346661]",-1,-1
18629,[0.80398899 0.82531185],1,-1,-1,141,-1
18630,[0.59193724 0.55939793],5,-1,-1,1253,-1
18631,[0.26232614 0.48834451],7,8,"[0.27392971195344684, 0.45973140540928376]",-1,-1
18632,[0.71201803 0.62329414],9,-1,-1,234,-1
18633,[0.56124929 0.64140869],9,2,"[0.5921204552873188, 0.6383928111301557]",-1,-1
18634,[0.39513943 0.26618658],6,-1,-1,838,-1
18635,[0.76145526 0.7057002 ],1,4,"[0.7726811996944247, 0.7249303226766757]",460,0
18636,[0.18058745 0.30233312],2,5,"[0.23231087327800656, 0.30304944505444303]",549,-1
18637,[0.62091512 0.72548164],1,-1,-1,212,-1
18638,[0.42854789 0.2954811 ],6,1,"[0.3897435781344088, 0.3417040596068965]",-1,-1
18639,[0.66357846 0.69961003],9,-1,-1,489,-1
18640,[0.19015846 0.24796556],0,5,"[0.23231087327800656, 0.30304944505444303]",676,-1
18641,[0.46429958 0.60950458],3,-1,-1,-1,-1
18642,[0.32147985 0.4937545 ],3,8,"[0.27392971195344684, 0.45973140540928376]",-1,-1
18643,[0.593035   0.56618235],9,-1,-1,1315,5
18644,[0.54476086 0.64550208],9,2,"[0.5921204552873188, 0.6383928111301557]",-1,-1
18645,[0.60225119 0.51058654],8,-1,-1,844,-1
18646,[0.40086303 0.24979144],6,-1,-1,849,-1
18647,[0.53705471 0.6930226 ],9,-1,-1,555,-1
18648,[0.30021767 0.33892063],2,-1,-1,1625,8
18649,[0.67999103 0.53074992],8,3,"[0.6815204869410737, 0.47689852788858716]",673,-1
18650,[0.674316   0.73223663],1,-1,-1,197,0
18651,[0.48761719 0.68466057],9,-1,-1,-1,-1
18652,[0.36270471 0.28392145],2,1,"[0.3897435781344088, 0.3417040596068965]",1172,-1
18653,[0.71639508 0.70908842],1,4,"[0.7726811996944247, 0.7249303226766757]",-1,0
18654,[0.37885508 0.3329242 ],0,1,"[0.3897435781344088, 0.3417040596068965]",1476,-1
18655,[0.22434255 0.41361651],0,8,"[0.27392971195344684, 0.45973140540928376]",499,-1
18656,[0.53017726 0.62911017],9,2,"[0.5921204552873188, 0.6383928111301557]",-1,-1
18657,[0.33856952 0.17153441],0,9,"[0.3110394802231661, 0.23517199738277297]",98,-1
18658,[0.46161576 0.62234735],3,-1,-1,704,-1
18659,[0.27577821 0.58258867],3,7,"[0.2817018170798153, 0.5849768676672948]",1670,-1
18660,[0.23942421 0.34037504],2,5,"[0.23231087327800656, 0.30304944505444303]",1522,-1
18661,[0.41552651 0.29781598],2,1,"[0.3897435781344088, 0.3417040596068965]",889,-1
18662,[0.58600468 0.55811087],5,-1,-1,-1,-1
18663,[0.69652112 0.66043457],1,-1,-1,414,0
18664,[0.27332357 0.52158878],7,8,"[0.27392971195344684, 0.45973140540928376]",-1,-1
18665,[0.35352794 0.31704184],2,1,"[0.3897435781344088, 0.3417040596068965]",1526,-1
18666,[0.30456779 0.62434148],3,7,"[0.2817018170798153, 0.5849768676672948]",1131,-1
18667,[0.39598111 0.56687154],4,0,"[0.383291892093257, 0.5586820702346661]",-1,-1
18668,[0.44510008 0.64826254],3,-1,-1,-1,-1
18669,[0.37290677 0.57686846],4,0,"[0.383291892093257, 0.5586820702346661]",1860,12
18670,[0.41906855 0.34057776],6,1,"[0.3897435781344088, 0.3417040596068965]",-1,-1
18671,[0.37864604 0.55961449],4,0,"[0.383291892093257, 0.5586820702346661]",-1,-1
18672,[0.49005876 0.50071362],3,6,"[0.5164739970238864, 0.5319253761973344]",-1,-1
18673,[0.46778763 0.29728246],6,-1,-1,-1,-1
18674,[0.33382385 0.47102475],3,8,"[0.27392971195344684, 0.45973140540928376]",1553,-1
18675,[0.64775448 0.60377282],9,2,"[0.5921204552873188, 0.6383928111301557]",613,-1
18676,[0.27785666 0.2990124 ],0,5,"[0.23231087327800656, 0.30304944505444303]",-1,-1
18677,[0.7904056  0.77876269],1,4,"[0.7726811996944247, 0.7249303226766757]",-1,0
18678,[0.40352679 0.32884431],6,1,"[0.3897435781344088, 0.3417040596068965]",1000,-1
18679,[0.51845381 0.48207428],5,6,"[0.5164739970238864, 0.5319253761973344]",604,-1
18680,[0.5009046  0.58679449],5,6,"[0.5164739970238864, 0.5319253761973344]",1266,-1
18681,[0.57722907 0.6325752 ],5,2,"[0.5921204552873188, 0.6383928111301557]",-1,-1
18682,[0.3252079  0.25668432],6,9,"[0.3110394802231661, 0.23517199738277297]",1484,-1
18683,[0.24967964 0.38257972],2,-1,-1,1147,-1
18684,[0.39252577 0.4117419 ],4,-1,-1,501,-1
18685,[0.69470974 0.55481136],8,-1,-1,600,-1
18686,[0.578939  0.5303878],8,6,"[0.5164739970238864, 0.5319253761973344]",1400,-1
18687,[0.74825304 0.72973558],1,4,"[0.7726811996944247, 0.7249303226766757]",424,0
18688,[0.44897905 0.27620635],6,-1,-1,720,-1
18689,[0.24601277 0.35063201],6,5,"[0.23231087327800656, 0.30304944505444303]",-1,-1
18690,[0.49546129 0.5553494 ],5,6,"[0.5164739970238864, 0.5319253761973344]",1183,-1
18691,[0.21728761 0.37356759],6,-1,-1,903,-1
18692,[0.31452827 0.50855042],7,8,"[0.27392971195344684, 0.45973140540928376]",1922,15
18693,[0.29412647 0.55480493],7,7,"[0.2817018170798153, 0.5849768676672948]",-1,-1
18694,[0.3172363  0.50479557],7,8,"[0.27392971195344684, 0.45973140540928376]",1922,-1
18695,[0.42803544 0.36568572],6,1,"[0.3897435781344088, 0.3417040596068965]",682,-1
18696,[0.29377453 0.52089442],7,8,"[0.27392971195344684, 0.45973140540928376]",-1,14
18697,[0.3765287  0.48822847],3,-1,-1,1041,-1
18698,[0.53448202 0.62011289],5,2,"[0.5921204552873188, 0.6383928111301557]",1270,-1
18699,[0.50612001 0.52117947],5,6,"[0.5164739970238864, 0.5319253761973344]",-1,-1
18700,[0.82662303 0.78800056],1,-1,-1,191,0
18701,[0.30313484 0.10255631],0,-1,-1,-1,-1
18702,[0.64984743 0.55590155],9,-1,-1,1108,-1
18703,[0.32910688 0.55612405],4,0,"[0.383291892093257, 0.5586820702346661]",1983,17
18704,[0.14776253 0.38585529],7,-1,-1,-1,-1
18705,[0.30481158 0.6059489 ],4,7,"[0.2817018170798153, 0.5849768676672948]",1726,-1
18706,[0.80316203 0.70737083],1,4,"[0.7726811996944247, 0.7249303226766757]",479,0
18707,[0.19137674 0.52040263],7,-1,-1,166,-1
18708,[0.37524495 0.41803641],2,-1,-1,-1,-1
18709,[0.49679658 0.62925996],5,-1,-1,-1,-1
18710,[0.75528063 0.58129562],1,-1,-1,-1,-1
18711,[0.31720872 0.38951177],7,-1,-1,1426,-1
18712,[0.31589267 0.4442642 ],3,8,"[0.27392971195344684, 0.45973140540928376]",1080,-1
18713,[0.50027485 0.56842292],5,6,"[0.5164739970238864, 0.5319253761973344]",-1,-1
18714,[0.19198708 0.43940574],7,-1,-1,-1,-1
18715,[0.4089009  0.63532156],3,-1,-1,1046,-1
18716,[0.74594137 0.80319615],1,-1,-1,288,0
18717,[0.1728406  0.61158265],7,-1,-1,-1,-1
18718,[0.38671378 0.60111634],4,0,"[0.383291892093257, 0.5586820702346661]",-1,-1
18719,[0.26083194 0.3167728 ],0,5,"[0.23231087327800656, 0.30304944505444303]",1516,-1
18720,[0.83477894 0.73194752],1,4,"[0.7726811996944247, 0.7249303226766757]",341,0
18721,[0.6759434  0.43247571],8,3,"[0.6815204869410737, 0.47689852788858716]",612,-1
18722,[0.40514589 0.52888691],4,0,"[0.383291892093257, 0.5586820702346661]",1641,-1
18723,[0.21405156 0.47001251],4,8,"[0.27392971195344684, 0.45973140540928376]",-1,-1
18724,[0.36243045 0.58681274],4,0,"[0.383291892093257, 0.5586820702346661]",1847,12
18725,[0.28417602 0.34860996],2,5,"[0.23231087327800656, 0.30304944505444303]",1584,-1
18726,[0.43469417 0.3079216 ],6,1,"[0.3897435781344088, 0.3417040596068965]",628,-1
18727,[0.50435367 0.50509167],5,6,"[0.5164739970238864, 0.5319253761973344]",-1,-1
18728,[0.74110166 0.6569239 ],1,-1,-1,-1,0
18729,[0.29770253 0.29519526],0,9,"[0.3110394802231661, 0.23517199738277297]",1690,11
18730,[0.56837203 0.38865129],5,-1,-1,-1,-1
18731,[0.53166306 0.56328813],5,6,"[0.5164739970238864, 0.5319253761973344]",-1,-1
18732,[0.27532661 0.52618342],4,7,"[0.2817018170798153, 0.5849768676672948]",-1,-1
18733,[0.43305035 0.24188956],6,-1,-1,178,-1
18734,[0.63006675 0.36592442],8,-1,-1,25,-1
18735,[0.77551087 0.82286256],1,-1,-1,163,0
18736,[0.39756429 0.51757139],3,0,"[0.383291892093257, 0.5586820702346661]",1634,-1
18737,[0.71783685 0.63916059],1,-1,-1,-1,0
18738,[0.24867717 0.49141576],7,8,"[0.27392971195344684, 0.45973140540928376]",1735,-1
18739,[0.26022998 0.28014903],0,5,"[0.23231087327800656, 0.30304944505444303]",1547,-1
18740,[0.34533972 0.330275  ],2,1,"[0.3897435781344088, 0.3417040596068965]",-1,-1
18741,[0.25905682 0.15361744],0,-1,-1,140,-1
18742,[0.25911533 0.3865137 ],2,-1,-1,1221,-1
18743,[0.08743105 0.28501279],2,-1,-1,-1,-1
18744,[0.35450298 0.53400571],3,0,"[0.383291892093257, 0.5586820702346661]",1951,-1
18745,[0.25983374 0.25927229],0,5,"[0.23231087327800656, 0.30304944505444303]",1053,-1
18746,[0.69595223 0.44023406],8,3,"[0.6815204869410737, 0.47689852788858716]",-1,-1
18747,[0.24538972 0.65325475],4,-1,-1,49,-1
18748,[0.35418074 0.56864059],3,0,"[0.383291892093257, 0.5586820702346661]",-1,-1
18749,[0.43731509 0.4490211 ],6,-1,-1,-1,-1
18750,[0.33580802 0.64426423],4,-1,-1,900,-1
18751,[0.54144645 0.50408228],5,6,"[0.5164739970238864, 0.5319253761973344]",-1,-1
18752,[0.37012363 0.30325038],6,1,"[0.3897435781344088, 0.3417040596068965]",1472,-1
18753,[0.31277873 0.3116336 ],2,-1,-1,-1,-1
18754,[0.53184525 0.49418562],5,6,"[0.5164739970238864, 0.5319253761973344]",1096,-1
18755,[0.5844271  0.70541277],9,2,"[0.5921204552873188, 0.6383928111301557]",523,-1
18756,[0.29929882 0.48791849],4,8,"[0.27392971195344684, 0.45973140540928376]",1792,-1
18757,[0.33490219 0.53765047],4,0,"[0.383291892093257, 0.5586820702346661]",-1,-1
18758,[0.50736044 0.57631672],5,6,"[0.5164739970238864, 0.5319253761973344]",1381,6
18759,[0.21021388 0.62986915],4,-1,-1,-1,-1
18760,[0.39115439 0.24952877],6,-1,-1,-1,-1
18761,[0.18856757 0.30192052],2,5,"[0.23231087327800656, 0.30304944505444303]",-1,-1
18762,[0.36474862 0.41295913],3,-1,-1,-1,-1
18763,[0.41200274 0.34338579],6,1,"[0.3897435781344088, 0.3417040596068965]",-1,-1
18764,[0.31392357 0.58402489],4,7,"[0.2817018170798153, 0.5849768676672948]",1967,17
18765,[0.34736806 0.53782534],7,0,"[0.383291892093257, 0.5586820702346661]",1970,16
18766,[0.60581352 0.51497671],5,-1,-1,-1,-1
18767,[0.2813074  0.36269776],2,-1,-1,1260,-1
18768,[0.33144848 0.54864594],7,0,"[0.383291892093257, 0.5586820702346661]",1960,-1
18769,[0.5183831  0.51921079],5,6,"[0.5164739970238864, 0.5319253761973344]",-1,-1
18770,[0.329468   0.55673826],3,0,"[0.383291892093257, 0.5586820702346661]",-1,-1
18771,[0.39887236 0.3527084 ],6,1,"[0.3897435781344088, 0.3417040596068965]",-1,-1
18772,[0.53854134 0.49119936],5,6,"[0.5164739970238864, 0.5319253761973344]",-1,-1
18773,[0.53113324 0.57040598],5,6,"[0.5164739970238864, 0.5319253761973344]",1371,-1
18774,[0.56867245 0.50547107],5,6,"[0.5164739970238864, 0.5319253761973344]",851,-1
18775,[0.79523778 0.81438671],1,-1,-1,142,0
18776,[0.55121675 0.55523724],8,6,"[0.5164739970238864, 0.5319253761973344]",-1,6
18777,[0.82257179 0.69657835],1,4,"[0.7726811996944247, 0.7249303226766757]",364,0
18778,[0.41226712 0.54027464],4,0,"[0.383291892093257, 0.5586820702346661]",-1,-1
18779,[0.38834379 0.39469344],6,1,"[0.3897435781344088, 0.3417040596068965]",-1,-1
18780,[0.78883862 0.51082451],8,-1,-1,-1,-1
18781,[0.28666033 0.44351318],7,8,"[0.27392971195344684, 0.45973140540928376]",1240,-1
18782,[0.30549468 0.30477907],2,9,"[0.3110394802231661, 0.23517199738277297]",-1,-1
18783,[0.40012878 0.2384569 ],6,-1,-1,657,-1
18784,[0.34500706 0.46136366],4,-1,-1,-1,-1
18785,[0.69657683 0.6198809 ],9,-1,-1,275,-1
18786,[0.16973514 0.3276266 ],2,5,"[0.23231087327800656, 0.30304944505444303]",-1,-1
18787,[0.39862711 0.27943237],6,1,"[0.3897435781344088, 0.3417040596068965]",1076,-1
18788,[0.36957919 0.24713051],0,9,"[0.3110394802231661, 0.23517199738277297]",675,-1
18789,[0.21992529 0.56030855],7,7,"[0.2817018170798153, 0.5849768676672948]",690,-1
18790,[0.59236433 0.57094897],5,2,"[0.5921204552873188, 0.6383928111301557]",-1,5
18791,[0.27054501 0.62717283],3,7,"[0.2817018170798153, 0.5849768676672948]",394,-1
18792,[0.77398305 0.6834424 ],1,4,"[0.7726811996944247, 0.7249303226766757]",399,0
18793,[0.47183603 0.52166397],3,6,"[0.5164739970238864, 0.5319253761973344]",1002,-1
18794,[0.67578853 0.52307629],8,3,"[0.6815204869410737, 0.47689852788858716]",-1,-1
18795,[0.33899137 0.42554044],7,-1,-1,-1,-1
18796,[0.77261781 0.7444526 ],1,4,"[0.7726811996944247, 0.7249303226766757]",430,0
18797,[0.29347522 0.39575255],2,8,"[0.27392971195344684, 0.45973140540928376]",1066,-1
18798,[0.75991407 0.37854953],8,-1,-1,-1,-1
18799,[0.34292286 0.27647551],0,9,"[0.3110394802231661, 0.23517199738277297]",1118,-1
18800,[0.3121748  0.32815468],2,-1,-1,-1,-1
18801,[0.28047904 0.47991384],4,8,"[0.27392971195344684, 0.45973140540928376]",1728,-1
18802,[0.76698784 0.63995148],8,-1,-1,-1,0
18803,[0.26706572 0.30563452],6,5,"[0.23231087327800656, 0.30304944505444303]",-1,-1
18804,[0.26664546 0.6280551 ],7,7,"[0.2817018170798153, 0.5849768676672948]",394,-1
18805,[0.36264703 0.66338292],3,-1,-1,-1,-1
18806,[0.54376183 0.733541  ],9,-1,-1,-1,-1
18807,[0.23277707 0.54327783],4,7,"[0.2817018170798153, 0.5849768676672948]",1411,-1
18808,[0.55521333 0.61115565],9,2,"[0.5921204552873188, 0.6383928111301557]",1341,-1
18809,[0.90456306 0.69916151],1,-1,-1,-1,-1
18810,[0.51460005 0.61233442],5,-1,-1,1144,-1
18811,[0.22165993 0.35727923],2,5,"[0.23231087327800656, 0.30304944505444303]",-1,-1
18812,[0.28957949 0.52268123],7,7,"[0.2817018170798153, 0.5849768676672948]",1910,14
18813,[0.30365904 0.50059339],3,8,"[0.27392971195344684, 0.45973140540928376]",1858,-1
18814,[0.57765328 0.53022112],5,6,"[0.5164739970238864, 0.5319253761973344]",1400,-1
18815,[0.3879824  0.53947747],3,0,"[0.383291892093257, 0.5586820702346661]",-1,-1
18816,[0.33942863 0.4925313 ],4,-1,-1,1880,-1
18817,[0.2421038  0.35857833],2,5,"[0.23231087327800656, 0.30304944505444303]",1569,-1
18818,[0.21271118 0.51395022],3,-1,-1,-1,-1
18819,[0.61161286 0.65835909],9,2,"[0.5921204552873188, 0.6383928111301557]",902,-1
18820,[0.20474727 0.4796791 ],4,-1,-1,-1,-1
18821,[0.67323751 0.50411633],8,3,"[0.6815204869410737, 0.47689852788858716]",827,-1
18822,[0.40290107 0.26981293],6,-1,-1,-1,-1
18823,[0.67726323 0.7385869 ],1,-1,-1,197,0
18824,[0.6829387 0.6545725],9,-1,-1,-1,-1
18825,[0.69469275 0.40302642],8,-1,-1,509,-1
18826,[0.54632527 0.62273211],9,2,"[0.5921204552873188, 0.6383928111301557]",-1,-1
18827,[0.27588707 0.23946673],0,9,"[0.3110394802231661, 0.23517199738277297]",1524,-1
18828,[0.81681515 0.68470005],1,4,"[0.7726811996944247, 0.7249303226766757]",-1,0
18829,[0.69184277 0.59511149],8,-1,-1,267,-1
18830,[0.63299929 0.5865337 ],9,2,"[0.5921204552873188, 0.6383928111301557]",-1,-1
18831,[0.79822791 0.75906553],1,4,"[0.7726811996944247, 0.7249303226766757]",-1,0
18832,[0.18158698 0.49528539],4,-1,-1,215,-1
18833,[0.44158336 0.59407476],3,0,"[0.383291892093257, 0.5586820702346661]",1229,-1
18834,[0.30752762 0.52841641],3,7,"[0.2817018170798153, 0.5849768676672948]",-1,-1
18835,[0.47762805 0.51553684],5,6,"[0.5164739970238864, 0.5319253761973344]",1002,-1
18836,[0.60556895 0.56870065],9,-1,-1,-1,-1
18837,[0.23842603 0.67679076],3,-1,-1,-1,-1
18838,[0.74402143 0.69141825],1,4,"[0.7726811996944247, 0.7249303226766757]",-1,0
18839,[0.54545045 0.69438816],9,-1,-1,-1,-1
18840,[0.64971593 0.50032133],8,3,"[0.6815204869410737, 0.47689852788858716]",816,-1
18841,[0.24742756 0.50806147],7,8,"[0.27392971195344684, 0.45973140540928376]",1759,-1
18842,[0.49028061 0.57520975],5,6,"[0.5164739970238864, 0.5319253761973344]",-1,-1
18843,[0.32052297 0.59281432],4,7,"[0.2817018170798153, 0.5849768676672948]",-1,-1
18844,[0.59289148 0.41704789],8,-1,-1,153,-1
18845,[0.61266677 0.59551041],9,2,"[0.5921204552873188, 0.6383928111301557]",1323,-1
18846,[0.31391839 0.51776726],7,-1,-1,1922,-1
18847,[0.63439178 0.59574076],8,2,"[0.5921204552873188, 0.6383928111301557]",-1,-1
18848,[0.82237671 0.69931637],1,4,"[0.7726811996944247, 0.7249303226766757]",-1,0
18849,[0.29160795 0.22791588],2,9,"[0.3110394802231661, 0.23517199738277297]",1370,-1
18850,[0.70434319 0.70872659],1,-1,-1,343,0
18851,[0.20902951 0.33728973],2,5,"[0.23231087327800656, 0.30304944505444303]",-1,-1
18852,[0.32918218 0.33803181],2,1,"[0.3897435781344088, 0.3417040596068965]",1616,-1
18853,[0.42459028 0.6122397 ],3,0,"[0.383291892093257, 0.5586820702346661]",-1,-1
18854,[0.55252026 0.62280062],5,2,"[0.5921204552873188, 0.6383928111301557]",-1,-1
18855,[0.60357518 0.60580304],9,2,"[0.5921204552873188, 0.6383928111301557]",-1,-1
18856,[0.57542265 0.59428813],5,2,"[0.5921204552873188, 0.6383928111301557]",1442,6
18857,[0.25557729 0.37716166],2,-1,-1,-1,-1
18858,[0.73113409 0.70763403],1,4,"[0.7726811996944247, 0.7249303226766757]",-1,0
18859,[0.62276272 0.63453465],9,2,"[0.5921204552873188, 0.6383928111301557]",-1,-1
18860,[0.33445336 0.41397301],6,-1,-1,917,-1
18861,[0.71563724 0.62300148],1,-1,-1,-1,-1
18862,[0.3549568  0.32176248],6,1,"[0.3897435781344088, 0.3417040596068965]",-1,-1
18863,[0.73901797 0.71965647],1,4,"[0.7726811996944247, 0.7249303226766757]",-1,0
18864,[0.55199184 0.59536016],9,2,"[0.5921204552873188, 0.6383928111301557]",-1,6
18865,[0.35211484 0.59637712],4,0,"[0.383291892093257, 0.5586820702346661]",-1,-1
18866,[0.30776537 0.25623648],2,9,"[0.3110394802231661, 0.23517199738277297]",-1,-1
18867,[0.57351551 0.60477406],5,2,"[0.5921204552873188, 0.6383928111301557]",1415,-1
18868,[0.28804434 0.52799881],7,7,"[0.2817018170798153, 0.5849768676672948]",1911,14
18869,[0.66428726 0.42902723],8,3,"[0.6815204869410737, 0.47689852788858716]",612,-1
18870,[0.31688698 0.5453293 ],7,7,"[0.2817018170798153, 0.5849768676672948]",-1,17
18871,[0.38438044 0.24546701],6,-1,-1,-1,-1
18872,[0.34729251 0.30296739],0,1,"[0.3897435781344088, 0.3417040596068965]",1529,-1
18873,[0.20873211 0.20938164],0,-1,-1,244,-1
18874,[0.42729939 0.49313594],7,-1,-1,766,-1
18875,[0.31266604 0.45798425],4,8,"[0.27392971195344684, 0.45973140540928376]",-1,-1
18876,[0.43664865 0.28330106],6,-1,-1,719,-1
18877,[0.56619612 0.67716342],9,2,"[0.5921204552873188, 0.6383928111301557]",1034,-1
18878,[0.26806139 0.5123808 ],7,8,"[0.27392971195344684, 0.45973140540928376]",-1,-1
18879,[0.44470349 0.51393365],3,-1,-1,1059,-1
18880,[0.62831804 0.49169556],8,3,"[0.6815204869410737, 0.47689852788858716]",-1,-1
18881,[0.36053356 0.34623824],6,1,"[0.3897435781344088, 0.3417040596068965]",-1,-1
18882,[0.38684072 0.55129273],3,0,"[0.383291892093257, 0.5586820702346661]",1815,-1
18883,[0.75646564 0.41034561],8,-1,-1,-1,-1
18884,[0.31061088 0.46990546],7,8,"[0.27392971195344684, 0.45973140540928376]",1733,-1
18885,[0.2659275  0.65757234],4,-1,-1,-1,-1
18886,[0.6760232  0.53619097],8,3,"[0.6815204869410737, 0.47689852788858716]",673,-1
18887,[0.71906214 0.62691188],9,-1,-1,-1,-1
18888,[0.48200781 0.34028939],6,-1,-1,-1,-1
18889,[0.77223286 0.76833486],1,4,"[0.7726811996944247, 0.7249303226766757]",410,0
18890,[0.74414249 0.71843673],1,4,"[0.7726811996944247, 0.7249303226766757]",367,0
18891,[0.47485426 0.25214394],6,-1,-1,-1,-1
18892,[0.60506867 0.54880456],9,-1,-1,1293,-1
18893,[0.72150317 0.63141341],1,-1,-1,184,0
18894,[0.6643786  0.54733637],9,-1,-1,670,-1
18895,[0.43613575 0.59981531],3,0,"[0.383291892093257, 0.5586820702346661]",-1,-1
18896,[0.84804319 0.69294553],1,-1,-1,-1,0
18897,[0.81976829 0.77086751],1,4,"[0.7726811996944247, 0.7249303226766757]",-1,0
18898,[0.32775927 0.5761234 ],4,7,"[0.2817018170798153, 0.5849768676672948]",-1,-1
18899,[0.52864082 0.4575293 ],8,-1,-1,-1,-1
18900,[0.65421622 0.61658463],9,2,"[0.5921204552873188, 0.6383928111301557]",-1,-1
18901,[0.82813017 0.75931669],1,4,"[0.7726811996944247, 0.7249303226766757]",-1,0
18902,[0.28928749 0.44353644],4,8,"[0.27392971195344684, 0.45973140540928376]",1240,-1
18903,[0.26056884 0.55373423],7,7,"[0.2817018170798153, 0.5849768676672948]",1704,-1
18904,[0.24467733 0.5567934 ],3,7,"[0.2817018170798153, 0.5849768676672948]",1706,-1
18905,[0.2776426  0.35984309],2,-1,-1,1264,-1
18906,[0.22481331 0.27693037],0,5,"[0.23231087327800656, 0.30304944505444303]",-1,-1
18907,[0.27672927 0.23497534],0,9,"[0.3110394802231661, 0.23517199738277297]",-1,-1
18908,[0.26940815 0.66778964],3,-1,-1,86,-1
18909,[0.71742083 0.72101424],1,4,"[0.7726811996944247, 0.7249303226766757]",352,0
18910,[0.79500932 0.74599928],1,4,"[0.7726811996944247, 0.7249303226766757]",-1,0
18911,[0.42070483 0.58585201],4,0,"[0.383291892093257, 0.5586820702346661]",1711,-1
18912,[0.38588469 0.61129581],3,0,"[0.383291892093257, 0.5586820702346661]",1720,-1
18913,[0.36744485 0.62474375],3,0,"[0.383291892093257, 0.5586820702346661]",-1,-1
18914,[0.20396272 0.20259925],0,-1,-1,227,-1
18915,[0.28642947 0.45582109],4,8,"[0.27392971195344684, 0.45973140540928376]",1243,-1
18916,[0.23650602 0.62188992],7,7,"[0.2817018170798153, 0.5849768676672948]",347,-1
18917,[0.42368389 0.39128525],6,1,"[0.3897435781344088, 0.3417040596068965]",-1,-1
18918,[0.49481525 0.7128972 ],9,-1,-1,-1,-1
18919,[0.38921231 0.65738094],3,-1,-1,536,-1
18920,[0.67298774 0.67476463],1,-1,-1,385,-1
18921,[0.59578384 0.6041887 ],9,2,"[0.5921204552873188, 0.6383928111301557]",-1,-1
18922,[0.76854691 0.65072857],1,-1,-1,-1,0
18923,[0.31577738 0.47874644],7,8,"[0.27392971195344684, 0.45973140540928376]",-1,-1
18924,[0.44213084 0.55600706],5,0,"[0.383291892093257, 0.5586820702346661]",-1,-1
18925,[0.35867535 0.2828012 ],6,1,"[0.3897435781344088, 0.3417040596068965]",1171,-1
18926,[0.29049762 0.27518466],0,9,"[0.3110394802231661, 0.23517199738277297]",-1,-1
18927,[0.26048168 0.542311  ],7,7,"[0.2817018170798153, 0.5849768676672948]",1559,-1
18928,[0.34118239 0.34473476],6,1,"[0.3897435781344088, 0.3417040596068965]",-1,-1
18929,[0.31770269 0.19837322],6,9,"[0.3110394802231661, 0.23517199738277297]",292,-1
18930,[0.57244711 0.70443776],9,2,"[0.5921204552873188, 0.6383928111301557]",511,-1
18931,[0.30673597 0.39979785],3,8,"[0.27392971195344684, 0.45973140540928376]",-1,-1
18932,[0.3391744  0.62139412],4,7,"[0.2817018170798153, 0.5849768676672948]",1695,-1
18933,[0.65916536 0.51336428],8,3,"[0.6815204869410737, 0.47689852788858716]",782,-1
18934,[0.37935622 0.56477582],4,0,"[0.383291892093257, 0.5586820702346661]",-1,-1
18935,[0.25431875 0.27497469],0,5,"[0.23231087327800656, 0.30304944505444303]",1549,-1
18936,[0.52641042 0.53119428],5,6,"[0.5164739970238864, 0.5319253761973344]",-1,-1
18937,[0.40375115 0.54085353],4,0,"[0.383291892093257, 0.5586820702346661]",-1,-1
18938,[0.34276241 0.36026437],6,1,"[0.3897435781344088, 0.3417040596068965]",1353,-1
18939,[0.44696047 0.45052221],5,-1,-1,-1,-1
18940,[0.23735181 0.246656  ],0,5,"[0.23231087327800656, 0.30304944505444303]",-1,-1
18941,[0.72029962 0.74654586],1,4,"[0.7726811996944247, 0.7249303226766757]",-1,0
18942,[0.32479479 0.55318003],4,7,"[0.2817018170798153, 0.5849768676672948]",1990,17
18943,[0.57531555 0.59167869],9,2,"[0.5921204552873188, 0.6383928111301557]",-1,6
18944,[0.90363956 0.691958  ],1,-1,-1,-1,-1
18945,[0.33657671 0.30511488],0,1,"[0.3897435781344088, 0.3417040596068965]",1680,-1
18946,[0.65526641 0.71798156],9,-1,-1,-1,-1
18947,[0.20813055 0.17527458],0,-1,-1,-1,-1
18948,[0.27020346 0.44599487],2,8,"[0.27392971195344684, 0.45973140540928376]",1251,-1
18949,[0.63465142 0.45839924],8,3,"[0.6815204869410737, 0.47689852788858716]",625,-1
18950,[0.33024566 0.44644694],7,8,"[0.27392971195344684, 0.45973140540928376]",-1,-1
18951,[0.21704314 0.29015997],2,5,"[0.23231087327800656, 0.30304944505444303]",1113,-1
18952,[0.25462793 0.29836035],0,5,"[0.23231087327800656, 0.30304944505444303]",-1,-1
18953,[0.26696161 0.45651815],2,8,"[0.27392971195344684, 0.45973140540928376]",-1,-1
18954,[0.2474117  0.25353285],0,5,"[0.23231087327800656, 0.30304944505444303]",-1,-1
18955,[0.58583687 0.89006319],9,-1,-1,-1,-1
18956,[0.44231678 0.54486748],5,0,"[0.383291892093257, 0.5586820702346661]",-1,-1
18957,[0.31855425 0.47170721],2,8,"[0.27392971195344684, 0.45973140540928376]",1523,-1
18958,[0.76677136 0.70795315],1,4,"[0.7726811996944247, 0.7249303226766757]",-1,0
18959,[0.4532301  0.27027184],6,-1,-1,585,-1
18960,[0.25213231 0.33781066],2,5,"[0.23231087327800656, 0.30304944505444303]",1399,-1
18961,[0.38554496 0.27577799],2,1,"[0.3897435781344088, 0.3417040596068965]",-1,-1
18962,[0.7370018  0.66299441],1,-1,-1,356,0
18963,[0.31941298 0.47307209],7,8,"[0.27392971195344684, 0.45973140540928376]",1523,-1
18964,[0.29952256 0.29076222],0,9,"[0.3110394802231661, 0.23517199738277297]",-1,-1
18965,[0.56307526 0.63846783],9,2,"[0.5921204552873188, 0.6383928111301557]",-1,6
18966,[0.70072261 0.34574506],8,-1,-1,-1,-1
18967,[0.32298847 0.25748847],2,9,"[0.3110394802231661, 0.23517199738277297]",1484,-1
18968,[0.31077284 0.59890798],7,7,"[0.2817018170798153, 0.5849768676672948]",-1,-1
18969,[0.40456751 0.63117704],4,-1,-1,-1,-1
18970,[0.35979354 0.47719106],4,-1,-1,-1,-1
18971,[0.34786506 0.62494455],4,-1,-1,-1,-1
18972,[0.45598406 0.55549621],4,6,"[0.5164739970238864, 0.5319253761973344]",1271,-1
18973,[0.27079538 0.51434525],3,8,"[0.27392971195344684, 0.45973140540928376]",1887,-1
18974,[0.70492979 0.49571306],8,3,"[0.6815204869410737, 0.47689852788858716]",-1,2
18975,[0.70752545 0.78629284],1,-1,-1,225,0
18976,[0.41967484 0.53753928],4,0,"[0.383291892093257, 0.5586820702346661]",1713,-1
18977,[0.64980947 0.47074927],8,3,"[0.6815204869410737, 0.47689852788858716]",824,1
18978,[0.19253906 0.2001546 ],0,-1,-1,-1,-1
18979,[0.57711051 0.58415313],9,2,"[0.5921204552873188, 0.6383928111301557]",1453,6
18980,[0.42160216 0.53880312],3,0,"[0.383291892093257, 0.5586820702346661]",1713,-1
18981,[0.19550419 0.33702391],0,5,"[0.23231087327800656, 0.30304944505444303]",-1,-1
18982,[0.24905208 0.15432151],0,-1,-1,140,-1
18983,[0.59392529 0.66367775],9,2,"[0.5921204552873188, 0.6383928111301557]",-1,-1
18984,[0.47280643 0.52961819],5,6,"[0.5164739970238864, 0.5319253761973344]",957,-1
18985,[0.30575738 0.353394  ],2,-1,-1,-1,-1
18986,[0.28574519 0.1816178 ],0,9,"[0.3110394802231661, 0.23517199738277297]",-1,-1
18987,[0.24134424 0.24004173],0,5,"[0.23231087327800656, 0.30304944505444303]",-1,-1
18988,[0.16202756 0.53587815],4,-1,-1,53,-1
18989,[0.78968236 0.74316828],1,4,"[0.7726811996944247, 0.7249303226766757]",445,0
18990,[0.72927952 0.46253754],8,3,"[0.6815204869410737, 0.47689852788858716]",778,-1
18991,[0.61701881 0.50500534],8,-1,-1,-1,-1
18992,[0.65870371 0.6347811 ],9,2,"[0.5921204552873188, 0.6383928111301557]",580,-1
18993,[0.20884641 0.23221091],0,-1,-1,898,-1
18994,[0.7137939 0.7910713],1,-1,-1,225,0
18995,[0.27540508 0.49509445],7,8,"[0.27392971195344684, 0.45973140540928376]",1794,-1
18996,[0.2977189 0.5710831],3,7,"[0.2817018170798153, 0.5849768676672948]",1837,-1
18997,[0.289747   0.30047368],0,5,"[0.23231087327800656, 0.30304944505444303]",-1,-1
18998,[0.68042656 0.45892488],8,3,"[0.6815204869410737, 0.47689852788858716]",735,2
18999,[0.34250508 0.53858709],3,0,"[0.383291892093257, 0.5586820702346661]",1965,16
19000,[0.75769917 0.76689116],1,4,"[0.7726811996944247, 0.7249303226766757]",-1,0
19001,[0.23944384 0.507268  ],7,8,"[0.27392971195344684, 0.45973140540928376]",-1,-1
19002,[0.42718309 0.50185643],3,-1,-1,914,-1
19003,[0.35915613 0.47408713],4,-1,-1,1560,-1
19004,[0.2258251 0.4957236],7,8,"[0.27392971195344684, 0.45973140540928376]",-1,-1
19005,[0.39008815 0.53255857],3,0,"[0.383291892093257, 0.5586820702346661]",1777,-1
19006,[0.7338335  0.72199545],1,4,"[0.7726811996944247, 0.7249303226766757]",411,0
19007,[0.23201247 0.58880336],7,7,"[0.2817018170798153, 0.5849768676672948]",506,-1
19008,[0.39849046 0.53340683],4,0,"[0.383291892093257, 0.5586820702346661]",1642,-1
19009,[0.34251645 0.284449  ],6,9,"[0.3110394802231661, 0.23517199738277297]",1252,-1
19010,[0.62961656 0.40764959],8,-1,-1,265,-1
19011,[0.38113978 0.40201021],3,1,"[0.3897435781344088, 0.3417040596068965]",722,-1
19012,[0.23424481 0.30159821],2,5,"[0.23231087327800656, 0.30304944505444303]",-1,-1
19013,[0.67278373 0.62651187],5,-1,-1,495,-1
19014,[0.41530236 0.52728637],5,0,"[0.383291892093257, 0.5586820702346661]",-1,-1
19015,[0.8322449  0.73012247],1,4,"[0.7726811996944247, 0.7249303226766757]",341,0
19016,[0.45761239 0.23451291],6,-1,-1,-1,-1
19017,[0.40758764 0.61532399],3,0,"[0.383291892093257, 0.5586820702346661]",1696,-1
19018,[0.41142618 0.30896927],6,1,"[0.3897435781344088, 0.3417040596068965]",-1,-1
19019,[0.22851526 0.3269237 ],0,5,"[0.23231087327800656, 0.30304944505444303]",-1,-1
19020,[0.38601179 0.3014794 ],2,1,"[0.3897435781344088, 0.3417040596068965]",1463,-1
19021,[0.47178013 0.58620469],5,-1,-1,1226,-1
19022,[0.37601336 0.57737691],3,0,"[0.383291892093257, 0.5586820702346661]",1865,12
19023,[0.38678239 0.56414607],3,0,"[0.383291892093257, 0.5586820702346661]",1772,-1
19024,[0.47456133 0.68366862],3,-1,-1,-1,-1
19025,[0.20987576 0.43084355],7,-1,-1,266,-1
19026,[0.30665845 0.48507424],4,8,"[0.27392971195344684, 0.45973140540928376]",1873,-1
19027,[0.28009722 0.41763141],7,8,"[0.27392971195344684, 0.45973140540928376]",-1,-1
19028,[0.44906949 0.63604432],5,-1,-1,-1,-1
19029,[0.5080402  0.57111692],9,6,"[0.5164739970238864, 0.5319253761973344]",-1,-1
19030,[0.31023553 0.40482882],2,8,"[0.27392971195344684, 0.45973140540928376]",928,-1
19031,[0.29757071 0.33045316],2,-1,-1,1660,-1
19032,[0.26568771 0.63058645],3,7,"[0.2817018170798153, 0.5849768676672948]",-1,-1
19033,[0.33297881 0.32922561],2,1,"[0.3897435781344088, 0.3417040596068965]",-1,-1
19034,[0.38772483 0.58033197],3,0,"[0.383291892093257, 0.5586820702346661]",-1,-1
19035,[0.34465499 0.53203477],3,0,"[0.383291892093257, 0.5586820702346661]",1946,16
19036,[0.19268718 0.68154639],4,-1,-1,-1,-1
19037,[0.28551178 0.31534301],6,5,"[0.23231087327800656, 0.30304944505444303]",-1,-1
19038,[0.64119236 0.62197694],9,2,"[0.5921204552873188, 0.6383928111301557]",1154,-1
19039,[0.85351386 0.66150569],1,-1,-1,-1,0
19040,[0.29446711 0.36331821],2,-1,-1,-1,-1
19041,[0.21691193 0.62718813],4,-1,-1,-1,-1
19042,[0.58127047 0.57833037],5,2,"[0.5921204552873188, 0.6383928111301557]",-1,6
19043,[0.77283525 0.78804252],1,4,"[0.7726811996944247, 0.7249303226766757]",-1,0
19044,[0.40427676 0.33192888],6,1,"[0.3897435781344088, 0.3417040596068965]",-1,-1
19045,[0.39366136 0.57142637],3,0,"[0.383291892093257, 0.5586820702346661]",1770,-1
19046,[0.36422283 0.34055758],6,1,"[0.3897435781344088, 0.3417040596068965]",-1,-1
19047,[0.29035608 0.16084006],0,-1,-1,-1,-1
19048,[0.25243122 0.38633488],2,-1,-1,1147,-1
19049,[0.7206351  0.66151267],1,-1,-1,358,0
19050,[0.2064685  0.45842942],7,8,"[0.27392971195344684, 0.45973140540928376]",330,-1
19051,[0.38259584 0.41165592],6,-1,-1,-1,-1
19052,[0.36357843 0.63946669],7,-1,-1,-1,-1
19053,[0.56227996 0.60049915],9,2,"[0.5921204552873188, 0.6383928111301557]",1342,-1
19054,[0.41827993 0.59913908],3,0,"[0.383291892093257, 0.5586820702346661]",1719,-1
19055,[0.3416272  0.57285686],4,0,"[0.383291892093257, 0.5586820702346661]",-1,-1
19056,[0.43394287 0.2935126 ],2,1,"[0.3897435781344088, 0.3417040596068965]",-1,-1
19057,[0.31479159 0.48246483],7,8,"[0.27392971195344684, 0.45973140540928376]",-1,-1
19058,[0.56107189 0.58996854],9,2,"[0.5921204552873188, 0.6383928111301557]",-1,6
19059,[0.28282242 0.56075855],7,7,"[0.2817018170798153, 0.5849768676672948]",-1,13
19060,[0.72594822 0.46331083],8,3,"[0.6815204869410737, 0.47689852788858716]",-1,-1
19061,[0.76874112 0.71048691],1,4,"[0.7726811996944247, 0.7249303226766757]",-1,0
19062,[0.3422545  0.61031002],5,7,"[0.2817018170798153, 0.5849768676672948]",-1,-1
19063,[0.67625875 0.6470736 ],9,-1,-1,-1,-1
19064,[0.70653988 0.80241497],1,-1,-1,-1,0
19065,[0.29753245 0.42815401],2,8,"[0.27392971195344684, 0.45973140540928376]",-1,-1
19066,[0.31182866 0.57339996],4,7,"[0.2817018170798153, 0.5849768676672948]",1925,-1
19067,[0.5309101  0.64181779],9,2,"[0.5921204552873188, 0.6383928111301557]",1259,-1
19068,[0.45530083 0.57785114],4,-1,-1,-1,-1
19069,[0.1864431  0.36646723],0,-1,-1,-1,-1
19070,[0.32777533 0.3183259 ],2,1,"[0.3897435781344088, 0.3417040596068965]",-1,10
19071,[0.70761915 0.44029244],8,3,"[0.6815204869410737, 0.47689852788858716]",594,-1
19072,[0.27658343 0.18814279],0,9,"[0.3110394802231661, 0.23517199738277297]",-1,-1
19073,[0.51755598 0.49662799],5,6,"[0.5164739970238864, 0.5319253761973344]",661,-1
19074,[0.58897649 0.73231581],9,-1,-1,-1,-1
19075,[0.28877771 0.22023885],0,9,"[0.3110394802231661, 0.23517199738277297]",1071,-1
19076,[0.2725952  0.55076359],7,7,"[0.2817018170798153, 0.5849768676672948]",1698,-1
19077,[0.13088187 0.5228475 ],7,-1,-1,-1,-1
19078,[0.32244779 0.37015338],2,-1,-1,1392,-1
19079,[0.6279287  0.61694393],9,2,"[0.5921204552873188, 0.6383928111301557]",740,-1
19080,[0.21338198 0.34231346],2,5,"[0.23231087327800656, 0.30304944505444303]",-1,-1
19081,[0.68925218 0.38790775],8,-1,-1,217,-1
19082,[0.22173289 0.34611146],0,5,"[0.23231087327800656, 0.30304944505444303]",-1,-1
19083,[0.51836583 0.60698754],5,-1,-1,-1,-1
19084,[0.69989047 0.58331576],8,-1,-1,-1,-1
19085,[0.20819733 0.19870127],2,-1,-1,227,-1
19086,[0.61154137 0.58440901],8,2,"[0.5921204552873188, 0.6383928111301557]",-1,-1
19087,[0.24954151 0.52149754],7,8,"[0.27392971195344684, 0.45973140540928376]",1487,-1
19088,[0.31942089 0.34599118],2,-1,-1,-1,8
19089,[0.27831753 0.28561338],2,5,"[0.23231087327800656, 0.30304944505444303]",-1,11
19090,[0.64837404 0.43607629],9,3,"[0.6815204869410737, 0.47689852788858716]",-1,-1
19091,[0.81161515 0.49813965],8,-1,-1,16,-1
19092,[0.52435311 0.67919265],3,-1,-1,-1,-1
19093,[0.31297518 0.49535633],4,8,"[0.27392971195344684, 0.45973140540928376]",1872,-1
19094,[0.76565498 0.42244283],8,-1,-1,75,-1
19095,[0.48741003 0.54944913],3,6,"[0.5164739970238864, 0.5319253761973344]",-1,-1
19096,[0.31691233 0.3291612 ],2,-1,-1,-1,-1
19097,[0.51295454 0.5002835 ],8,6,"[0.5164739970238864, 0.5319253761973344]",661,-1
19098,[0.40171079 0.55554901],7,0,"[0.383291892093257, 0.5586820702346661]",1749,-1
19099,[0.37410158 0.33981701],0,1,"[0.3897435781344088, 0.3417040596068965]",1122,-1
19100,[0.31016006 0.42355083],7,8,"[0.27392971195344684, 0.45973140540928376]",-1,-1
19101,[0.4626037  0.37642181],6,-1,-1,320,-1
19102,[0.45038881 0.50107655],3,-1,-1,859,-1
19103,[0.4476545  0.34963734],6,1,"[0.3897435781344088, 0.3417040596068965]",525,-1
19104,[0.86020948 0.72878535],1,-1,-1,312,0
19105,[0.28362872 0.43588794],4,8,"[0.27392971195344684, 0.45973140540928376]",-1,-1
19106,[0.29622925 0.47754472],7,8,"[0.27392971195344684, 0.45973140540928376]",-1,-1
19107,[0.54048623 0.71045629],9,-1,-1,257,-1
19108,[0.7226421  0.73723166],1,4,"[0.7726811996944247, 0.7249303226766757]",381,0
19109,[0.32635905 0.30426378],0,-1,-1,-1,-1
19110,[0.4912279  0.62884458],9,-1,-1,647,-1
19111,[0.56768435 0.502239  ],5,6,"[0.5164739970238864, 0.5319253761973344]",852,-1
19112,[0.26479714 0.23359662],2,9,"[0.3110394802231661, 0.23517199738277297]",1137,-1
19113,[0.13015713 0.23429207],0,-1,-1,-1,-1
19114,[0.33828092 0.36207811],6,1,"[0.3897435781344088, 0.3417040596068965]",-1,-1
19115,[0.51923762 0.49245043],5,6,"[0.5164739970238864, 0.5319253761973344]",-1,-1
19116,[0.40301322 0.324649  ],6,1,"[0.3897435781344088, 0.3417040596068965]",-1,-1
19117,[0.67578327 0.60504975],8,-1,-1,-1,-1
19118,[0.3876495  0.55110609],4,0,"[0.383291892093257, 0.5586820702346661]",1815,-1
19119,[0.5437592  0.51877189],9,6,"[0.5164739970238864, 0.5319253761973344]",899,-1
19120,[0.63960771 0.47580757],8,3,"[0.6815204869410737, 0.47689852788858716]",823,-1
19121,[0.27407876 0.36284578],2,-1,-1,1265,-1
19122,[0.34095346 0.53627237],3,0,"[0.383291892093257, 0.5586820702346661]",1954,16
19123,[0.37028801 0.66284275],3,-1,-1,-1,-1
19124,[0.6154441  0.66640187],9,2,"[0.5921204552873188, 0.6383928111301557]",1112,-1
19125,[0.76985881 0.49564399],8,-1,-1,190,-1
19126,[0.30645968 0.5531134 ],4,7,"[0.2817018170798153, 0.5849768676672948]",1985,-1
19127,[0.82156514 0.79220335],1,-1,-1,191,0
19128,[0.51858054 0.55667698],9,6,"[0.5164739970238864, 0.5319253761973344]",1369,-1
19129,[0.72539446 0.82001366],1,-1,-1,50,-1
19130,[0.18879839 0.40953931],2,-1,-1,-1,-1
19131,[0.66852149 0.56177314],8,-1,-1,-1,-1
19132,[0.44812764 0.2791973 ],6,-1,-1,720,-1
19133,[0.33350932 0.53483013],4,0,"[0.383291892093257, 0.5586820702346661]",1948,-1
19134,[0.80402356 0.67498986],1,4,"[0.7726811996944247, 0.7249303226766757]",359,0
19135,[0.63545987 0.53932967],8,-1,-1,1117,-1
19136,[0.28811472 0.5321912 ],3,7,"[0.2817018170798153, 0.5849768676672948]",-1,14
19137,[0.29350826 0.58296997],4,7,"[0.2817018170798153, 0.5849768676672948]",1840,-1
19138,[0.33755995 0.32005106],2,1,"[0.3897435781344088, 0.3417040596068965]",1683,-1
19139,[0.3350607  0.41961879],2,-1,-1,917,-1
19140,[0.31364089 0.54502195],3,7,"[0.2817018170798153, 0.5849768676672948]",-1,17
19141,[0.36481492 0.29614036],2,1,"[0.3897435781344088, 0.3417040596068965]",1542,-1
19142,[0.24741786 0.3297632 ],2,5,"[0.23231087327800656, 0.30304944505444303]",-1,-1
19143,[0.53667183 0.61677466],9,2,"[0.5921204552873188, 0.6383928111301557]",-1,-1
19144,[0.26523763 0.1492636 ],0,-1,-1,140,-1
19145,[0.38409108 0.62510613],4,0,"[0.383291892093257, 0.5586820702346661]",894,-1
19146,[0.3366026  0.59586139],4,7,"[0.2817018170798153, 0.5849768676672948]",-1,-1
19147,[0.33781823 0.6556219 ],3,-1,-1,901,-1
19148,[0.38702626 0.26155711],6,-1,-1,790,-1
19149,[0.32797749 0.56229147],4,7,"[0.2817018170798153, 0.5849768676672948]",-1,-1
19150,[0.40869763 0.35101627],6,1,"[0.3897435781344088, 0.3417040596068965]",986,-1
19151,[0.30404669 0.54602324],7,7,"[0.2817018170798153, 0.5849768676672948]",-1,-1
19152,[0.57063148 0.48907641],5,6,"[0.5164739970238864, 0.5319253761973344]",848,-1
19153,[0.4484638  0.58314011],9,0,"[0.383291892093257, 0.5586820702346661]",1223,4
19154,[0.46115362 0.61202549],3,-1,-1,-1,-1
19155,[0.61480833 0.65640267],5,2,"[0.5921204552873188, 0.6383928111301557]",902,-1
19156,[0.23784732 0.47649695],7,8,"[0.27392971195344684, 0.45973140540928376]",-1,-1
19157,[0.30276862 0.58225786],4,7,"[0.2817018170798153, 0.5849768676672948]",-1,-1
19158,[0.27095141 0.44403467],7,8,"[0.27392971195344684, 0.45973140540928376]",1251,-1
19159,[0.3410201  0.53161625],7,0,"[0.383291892093257, 0.5586820702346661]",-1,16
19160,[0.31628822 0.51064563],7,8,"[0.27392971195344684, 0.45973140540928376]",1922,15
19161,[0.6423787  0.59552758],9,2,"[0.5921204552873188, 0.6383928111301557]",1187,-1
19162,[0.55360167 0.65550323],9,2,"[0.5921204552873188, 0.6383928111301557]",1197,-1
19163,[0.38120884 0.5060897 ],4,0,"[0.383291892093257, 0.5586820702346661]",-1,-1
19164,[0.701635   0.69244385],1,-1,-1,335,0
19165,[0.30510909 0.28977599],0,9,"[0.3110394802231661, 0.23517199738277297]",1685,11
19166,[0.31017345 0.51082579],4,8,"[0.27392971195344684, 0.45973140540928376]",1922,15
19167,[0.69438709 0.7115137 ],1,-1,-1,343,0
19168,[0.54701964 0.56925453],5,6,"[0.5164739970238864, 0.5319253761973344]",1441,6
19169,[0.57020124 0.55253411],5,6,"[0.5164739970238864, 0.5319253761973344]",1362,-1
19170,[0.88648512 0.70912434],1,-1,-1,-1,-1
19171,[0.77357011 0.44016894],8,-1,-1,-1,-1
19172,[0.42924092 0.42242026],6,-1,-1,403,-1
19173,[0.3580067  0.40606969],6,-1,-1,877,-1
19174,[0.77961731 0.37806105],8,-1,-1,-1,-1
19175,[0.57025891 0.70168089],9,2,"[0.5921204552873188, 0.6383928111301557]",511,-1
19176,[0.28397643 0.63686145],4,7,"[0.2817018170798153, 0.5849768676672948]",-1,-1
19177,[0.78836571 0.74113972],1,4,"[0.7726811996944247, 0.7249303226766757]",471,0
19178,[0.27603308 0.4533046 ],4,8,"[0.27392971195344684, 0.45973140540928376]",-1,-1
19179,[0.7660796  0.68420488],1,4,"[0.7726811996944247, 0.7249303226766757]",398,0
19180,[0.27248843 0.41894078],7,8,"[0.27392971195344684, 0.45973140540928376]",747,-1
19181,[0.32487398 0.49510869],7,8,"[0.27392971195344684, 0.45973140540928376]",1787,-1
19182,[0.20062309 0.27189997],0,5,"[0.23231087327800656, 0.30304944505444303]",-1,-1
19183,[0.71012712 0.52389584],8,3,"[0.6815204869410737, 0.47689852788858716]",569,-1
19184,[0.27634728 0.45022183],7,8,"[0.27392971195344684, 0.45973140540928376]",1251,-1
19185,[0.78500392 0.86073552],1,-1,-1,-1,-1
19186,[0.78408358 0.43714247],8,-1,-1,-1,-1
19187,[0.3424974  0.36379378],0,1,"[0.3897435781344088, 0.3417040596068965]",1354,-1
19188,[0.47612421 0.58896936],4,6,"[0.5164739970238864, 0.5319253761973344]",1227,-1
19189,[0.1590853 0.4228592],0,-1,-1,-1,-1
19190,[0.78534914 0.7471039 ],1,4,"[0.7726811996944247, 0.7249303226766757]",-1,0
19191,[0.33489596 0.53382766],3,0,"[0.383291892093257, 0.5586820702346661]",1948,-1
19192,[0.63697218 0.55946323],8,-1,-1,1104,-1
19193,[0.2692769  0.47936925],7,8,"[0.27392971195344684, 0.45973140540928376]",-1,-1
19194,[0.34392266 0.47041515],3,-1,-1,-1,-1
19195,[0.44175513 0.26449576],6,-1,-1,-1,-1
19196,[0.64882762 0.54300707],5,-1,-1,-1,-1
19197,[0.811359   0.65498023],1,-1,-1,255,0
19198,[0.77801277 0.6760607 ],1,4,"[0.7726811996944247, 0.7249303226766757]",-1,0
19199,[0.34510361 0.47960427],3,-1,-1,1891,-1
19200,[0.56900751 0.58577636],9,2,"[0.5921204552873188, 0.6383928111301557]",-1,6
19201,[0.59191505 0.66545747],9,2,"[0.5921204552873188, 0.6383928111301557]",1125,-1
19202,[0.21417535 0.5304683 ],7,-1,-1,853,-1
19203,[0.41537647 0.52777576],3,0,"[0.383291892093257, 0.5586820702346661]",-1,-1
19204,[0.44247399 0.32773549],6,1,"[0.3897435781344088, 0.3417040596068965]",-1,-1
19205,[0.4405693  0.38481824],6,1,"[0.3897435781344088, 0.3417040596068965]",741,-1
19206,[0.29119109 0.51782514],3,8,"[0.27392971195344684, 0.45973140540928376]",-1,14
19207,[0.24580462 0.42909816],7,8,"[0.27392971195344684, 0.45973140540928376]",699,-1
19208,[0.43568556 0.44659046],6,-1,-1,-1,-1
19209,[0.39808891 0.36126114],6,1,"[0.3897435781344088, 0.3417040596068965]",-1,-1
19210,[0.45473124 0.31497409],6,-1,-1,524,-1
19211,[0.59972707 0.52704728],9,-1,-1,1023,-1
19212,[0.42372096 0.50606996],5,0,"[0.383291892093257, 0.5586820702346661]",-1,-1
19213,[0.55444423 0.51940138],9,6,"[0.5164739970238864, 0.5319253761973344]",1300,-1
19214,[0.23634856 0.29396879],0,5,"[0.23231087327800656, 0.30304944505444303]",1298,-1
19215,[0.26264152 0.2029287 ],0,9,"[0.3110394802231661, 0.23517199738277297]",-1,-1
19216,[0.59111316 0.5894606 ],9,2,"[0.5921204552873188, 0.6383928111301557]",-1,-1
19217,[0.29429579 0.28644999],2,9,"[0.3110394802231661, 0.23517199738277297]",1554,-1
19218,[0.43111441 0.47835676],3,-1,-1,767,-1
19219,[0.38684741 0.30037259],6,1,"[0.3897435781344088, 0.3417040596068965]",-1,-1
19220,[0.58275888 0.58951133],9,2,"[0.5921204552873188, 0.6383928111301557]",-1,-1
19221,[0.64733791 0.59061358],9,-1,-1,1013,-1
19222,[0.3013626  0.31792292],6,-1,-1,1661,-1
19223,[0.33512554 0.37611473],2,1,"[0.3897435781344088, 0.3417040596068965]",1348,-1
19224,[0.68460813 0.61060822],1,-1,-1,-1,-1
19225,[0.27341805 0.53054817],7,7,"[0.2817018170798153, 0.5849768676672948]",-1,-1
19226,[0.37684571 0.54464343],7,0,"[0.383291892093257, 0.5586820702346661]",-1,-1
19227,[0.7465459  0.43614577],8,-1,-1,-1,-1
19228,[0.32410162 0.2294567 ],6,9,"[0.3110394802231661, 0.23517199738277297]",-1,-1
19229,[0.26227429 0.47492695],7,8,"[0.27392971195344684, 0.45973140540928376]",1600,-1
19230,[0.67137864 0.4327799 ],8,3,"[0.6815204869410737, 0.47689852788858716]",-1,-1
19231,[0.43467174 0.48906817],3,-1,-1,-1,-1
19232,[0.33219089 0.6566283 ],4,-1,-1,-1,-1
19233,[0.37396016 0.45833543],7,-1,-1,-1,-1
19234,[0.27280182 0.45398386],4,8,"[0.27392971195344684, 0.45973140540928376]",1247,-1
19235,[0.41081993 0.41555477],6,-1,-1,-1,-1
19236,[0.19596953 0.21621046],0,-1,-1,565,-1
19237,[0.38093348 0.37285152],6,1,"[0.3897435781344088, 0.3417040596068965]",-1,-1
19238,[0.53076013 0.49250448],9,6,"[0.5164739970238864, 0.5319253761973344]",1096,-1
19239,[0.43553584 0.48878502],4,-1,-1,-1,-1
19240,[0.37920193 0.57034773],3,0,"[0.383291892093257, 0.5586820702346661]",1845,-1
19241,[0.50883234 0.54255839],5,6,"[0.5164739970238864, 0.5319253761973344]",1186,3
19242,[0.39975566 0.30132737],6,1,"[0.3897435781344088, 0.3417040596068965]",-1,-1
19243,[0.75023668 0.81714581],1,-1,-1,-1,0
19244,[0.53903016 0.61695313],9,2,"[0.5921204552873188, 0.6383928111301557]",1270,-1
19245,[0.34504953 0.39086952],6,1,"[0.3897435781344088, 0.3417040596068965]",-1,-1
19246,[0.27654426 0.5717676 ],4,7,"[0.2817018170798153, 0.5849768676672948]",-1,-1
19247,[0.23559609 0.28285873],2,5,"[0.23231087327800656, 0.30304944505444303]",1531,-1
19248,[0.60883207 0.58182436],9,2,"[0.5921204552873188, 0.6383928111301557]",-1,-1
19249,[0.28280532 0.47525914],7,8,"[0.27392971195344684, 0.45973140540928376]",-1,-1
19250,[0.34948562 0.58081758],4,0,"[0.383291892093257, 0.5586820702346661]",-1,-1
19251,[0.24198327 0.40373065],0,8,"[0.27392971195344684, 0.45973140540928376]",-1,-1
19252,[0.39500033 0.55001651],3,0,"[0.383291892093257, 0.5586820702346661]",1568,-1
19253,[0.58801793 0.71429738],9,-1,-1,423,-1
19254,[0.3604318  0.50632983],4,0,"[0.383291892093257, 0.5586820702346661]",1897,-1
19255,[0.70008203 0.73415541],9,-1,-1,383,0
19256,[0.30356691 0.27918301],6,9,"[0.3110394802231661, 0.23517199738277297]",-1,-1
19257,[0.37243359 0.56010549],7,0,"[0.383291892093257, 0.5586820702346661]",-1,-1
19258,[0.26900057 0.32027389],2,5,"[0.23231087327800656, 0.30304944505444303]",1585,9
19259,[0.33476039 0.44508119],7,8,"[0.27392971195344684, 0.45973140540928376]",-1,-1
19260,[0.6292925  0.68931496],9,2,"[0.5921204552873188, 0.6383928111301557]",-1,-1
19261,[0.51985941 0.67071445],9,-1,-1,449,-1
19262,[0.36478531 0.55543947],4,0,"[0.383291892093257, 0.5586820702346661]",1793,-1
19263,[0.64295453 0.56364259],9,-1,-1,-1,-1
19264,[0.35585871 0.64366224],3,-1,-1,-1,-1
19265,[0.47083986 0.27138848],6,-1,-1,272,-1
19266,[0.65556211 0.61959014],8,2,"[0.5921204552873188, 0.6383928111301557]",-1,-1
19267,[0.22653206 0.30282828],2,5,"[0.23231087327800656, 0.30304944505444303]",1468,-1
19268,[0.25316309 0.39815907],7,8,"[0.27392971195344684, 0.45973140540928376]",649,-1
19269,[0.41587396 0.63419401],3,-1,-1,1046,-1
19270,[0.46762316 0.42671755],3,-1,-1,128,-1
19271,[0.70111025 0.40422464],8,-1,-1,-1,-1
19272,[0.30803029 0.35212568],2,-1,-1,-1,8
19273,[0.52736837 0.64049469],5,2,"[0.5921204552873188, 0.6383928111301557]",1258,-1
19274,[0.25798456 0.58411562],4,7,"[0.2817018170798153, 0.5849768676672948]",1514,-1
19275,[0.63759355 0.70201316],9,-1,-1,-1,-1
19276,[0.51755393 0.60172432],5,6,"[0.5164739970238864, 0.5319253761973344]",-1,-1
19277,[0.38864343 0.52970154],3,0,"[0.383291892093257, 0.5586820702346661]",1777,-1
19278,[0.36813307 0.41437538],6,-1,-1,721,-1
19279,[0.61543141 0.6970671 ],9,2,"[0.5921204552873188, 0.6383928111301557]",-1,-1
19280,[0.19505019 0.19107278],0,-1,-1,-1,-1
19281,[0.24717621 0.38137117],6,-1,-1,1147,-1
19282,[0.23694073 0.49729336],4,8,"[0.27392971195344684, 0.45973140540928376]",-1,-1
19283,[0.55945347 0.57996195],5,6,"[0.5164739970238864, 0.5319253761973344]",-1,6
19284,[0.37557541 0.34706167],6,1,"[0.3897435781344088, 0.3417040596068965]",1245,-1
19285,[0.38888786 0.28715306],6,1,"[0.3897435781344088, 0.3417040596068965]",-1,-1
19286,[0.33520487 0.60626073],3,7,"[0.2817018170798153, 0.5849768676672948]",-1,-1
19287,[0.61721608 0.58835512],5,2,"[0.5921204552873188, 0.6383928111301557]",1204,-1
19288,[0.56271826 0.54922176],5,6,"[0.5164739970238864, 0.5319253761973344]",1405,-1
19289,[0.36834779 0.608904  ],5,0,"[0.383291892093257, 0.5586820702346661]",1752,-1
19290,[0.31104514 0.45493111],7,8,"[0.27392971195344684, 0.45973140540928376]",1688,-1
19291,[0.33161629 0.7004631 ],3,-1,-1,-1,-1
19292,[0.39702904 0.28488511],6,1,"[0.3897435781344088, 0.3417040596068965]",1077,-1
19293,[0.50084451 0.62628228],9,-1,-1,-1,-1
19294,[0.33361474 0.51427055],4,0,"[0.383291892093257, 0.5586820702346661]",1892,-1
19295,[0.41045172 0.5853853 ],4,0,"[0.383291892093257, 0.5586820702346661]",1715,-1
19296,[0.23369929 0.40333965],2,8,"[0.27392971195344684, 0.45973140540928376]",-1,-1
19297,[0.39059956 0.24571799],6,-1,-1,-1,-1
19298,[0.53344594 0.63553706],9,2,"[0.5921204552873188, 0.6383928111301557]",1257,-1
19299,[0.5552286  0.65016898],9,2,"[0.5921204552873188, 0.6383928111301557]",1212,-1
19300,[0.36301979 0.32349987],0,1,"[0.3897435781344088, 0.3417040596068965]",-1,-1
19301,[0.54918573 0.33350385],6,-1,-1,-1,-1
19302,[0.69815843 0.69886505],1,-1,-1,335,0
19303,[0.31844607 0.62668353],3,7,"[0.2817018170798153, 0.5849768676672948]",1395,-1
19304,[0.3420359  0.24543277],6,9,"[0.3110394802231661, 0.23517199738277297]",-1,-1
19305,[0.6697387  0.62555842],9,-1,-1,495,-1
19306,[0.76271861 0.78853853],1,4,"[0.7726811996944247, 0.7249303226766757]",369,0
19307,[0.71357196 0.73293225],1,4,"[0.7726811996944247, 0.7249303226766757]",-1,0
19308,[0.54863949 0.49335431],5,6,"[0.5164739970238864, 0.5319253761973344]",846,-1
19309,[0.44016334 0.61236708],3,-1,-1,-1,-1
19310,[0.77473596 0.82005505],1,-1,-1,163,0
19311,[0.25121535 0.31590548],2,5,"[0.23231087327800656, 0.30304944505444303]",1501,-1
19312,[0.64686121 0.49379397],5,3,"[0.6815204869410737, 0.47689852788858716]",-1,1
19313,[0.3454702  0.43082428],4,-1,-1,-1,-1
19314,[0.38983262 0.54161893],3,0,"[0.383291892093257, 0.5586820702346661]",-1,-1
19315,[0.53257937 0.65516994],9,2,"[0.5921204552873188, 0.6383928111301557]",-1,-1
19316,[0.3419911  0.48515898],7,-1,-1,1891,-1
19317,[0.86040241 0.60525344],1,-1,-1,11,-1
19318,[0.64347742 0.74098163],1,-1,-1,-1,-1
19319,[0.21431268 0.4410383 ],7,8,"[0.27392971195344684, 0.45973140540928376]",266,-1
19320,[0.6562655  0.35834033],8,-1,-1,-1,-1
19321,[0.60265883 0.63410004],9,2,"[0.5921204552873188, 0.6383928111301557]",-1,6
19322,[0.42492788 0.57313152],3,0,"[0.383291892093257, 0.5586820702346661]",1467,-1
19323,[0.43271468 0.33013255],6,1,"[0.3897435781344088, 0.3417040596068965]",-1,-1
19324,[0.26397008 0.26559192],0,5,"[0.23231087327800656, 0.30304944505444303]",1505,-1
19325,[0.18779376 0.44891492],7,-1,-1,100,-1
19326,[0.68398846 0.47801728],8,3,"[0.6815204869410737, 0.47689852788858716]",814,-1
19327,[0.2357045  0.22666199],0,-1,-1,-1,-1
19328,[0.16891055 0.33587914],2,-1,-1,-1,-1
19329,[0.70179552 0.46648732],8,3,"[0.6815204869410737, 0.47689852788858716]",-1,-1
19330,[0.69967334 0.76055113],1,-1,-1,-1,0
19331,[0.32211888 0.39370516],2,-1,-1,-1,-1
19332,[0.34994876 0.31066708],2,1,"[0.3897435781344088, 0.3417040596068965]",-1,-1
19333,[0.4358209 0.622687 ],3,-1,-1,-1,-1
19334,[0.46451686 0.66335061],3,-1,-1,-1,-1
19335,[0.84177939 0.65814964],1,-1,-1,162,0
19336,[0.41286029 0.26745021],6,-1,-1,640,-1
19337,[0.35400925 0.48524274],4,-1,-1,-1,-1
19338,[0.46149957 0.5248588 ],5,6,"[0.5164739970238864, 0.5319253761973344]",-1,-1
19339,[0.45273069 0.39534345],6,-1,-1,205,-1
19340,[0.23341849 0.40835224],2,8,"[0.27392971195344684, 0.45973140540928376]",-1,-1
19341,[0.65785    0.56027696],8,-1,-1,-1,-1
19342,[0.53473783 0.5946814 ],9,6,"[0.5164739970238864, 0.5319253761973344]",1429,-1
19343,[0.36770436 0.62916021],4,-1,-1,-1,-1
19344,[0.33639978 0.51742874],4,0,"[0.383291892093257, 0.5586820702346661]",-1,-1
19345,[0.39424298 0.28273278],6,1,"[0.3897435781344088, 0.3417040596068965]",-1,-1
19346,[0.29906231 0.2098301 ],0,9,"[0.3110394802231661, 0.23517199738277297]",-1,-1
19347,[0.35673057 0.33565334],6,1,"[0.3897435781344088, 0.3417040596068965]",-1,-1
19348,[0.7982593  0.83275864],1,-1,-1,-1,-1
19349,[0.34824191 0.37633801],7,1,"[0.3897435781344088, 0.3417040596068965]",-1,-1
19350,[0.55418005 0.76683514],9,-1,-1,-1,-1
19351,[0.27198685 0.25359781],0,9,"[0.3110394802231661, 0.23517199738277297]",-1,-1
19352,[0.27773175 0.338729  ],0,5,"[0.23231087327800656, 0.30304944505444303]",-1,-1
19353,[0.38703358 0.47016318],3,-1,-1,582,-1
19354,[0.24315043 0.20149291],2,-1,-1,526,-1
19355,[0.40739766 0.56035838],3,0,"[0.383291892093257, 0.5586820702346661]",-1,-1
19356,[0.28741889 0.49923378],7,8,"[0.27392971195344684, 0.45973140540928376]",1768,-1
19357,[0.53796542 0.6584558 ],9,2,"[0.5921204552873188, 0.6383928111301557]",1056,-1
19358,[0.40688283 0.53687808],3,0,"[0.383291892093257, 0.5586820702346661]",-1,-1
19359,[0.39728398 0.58789556],4,0,"[0.383291892093257, 0.5586820702346661]",-1,-1
19360,[0.34619433 0.36754127],2,1,"[0.3897435781344088, 0.3417040596068965]",1079,-1
19361,[0.63601289 0.68231805],9,2,"[0.5921204552873188, 0.6383928111301557]",-1,-1
19362,[0.26186509 0.48783776],7,8,"[0.27392971195344684, 0.45973140540928376]",-1,-1
19363,[0.63242273 0.71031194],9,-1,-1,-1,-1
19364,[0.54682129 0.48827728],5,6,"[0.5164739970238864, 0.5319253761973344]",-1,-1
19365,[0.53619719 0.64871611],9,2,"[0.5921204552873188, 0.6383928111301557]",1259,-1
19366,[0.3503387  0.29383739],2,1,"[0.3897435781344088, 0.3417040596068965]",1667,-1
19367,[0.48902784 0.58971707],5,6,"[0.5164739970238864, 0.5319253761973344]",752,-1
19368,[0.24823465 0.56982471],4,7,"[0.2817018170798153, 0.5849768676672948]",-1,-1
19369,[0.19961446 0.20291386],0,-1,-1,227,-1
19370,[0.39554593 0.52751446],4,0,"[0.383291892093257, 0.5586820702346661]",-1,-1
19371,[0.49602574 0.4118064 ],6,-1,-1,52,-1
19372,[0.27621481 0.28264023],0,5,"[0.23231087327800656, 0.30304944505444303]",1675,-1
19373,[0.35574314 0.55711962],4,0,"[0.383291892093257, 0.5586820702346661]",-1,-1
19374,[0.64103583 0.54527578],9,-1,-1,-1,-1
19375,[0.45879868 0.59032733],5,-1,-1,1238,4
19376,[0.34055422 0.32144621],6,1,"[0.3897435781344088, 0.3417040596068965]",1575,-1
19377,[0.18470836 0.56830645],7,-1,-1,102,-1
19378,[0.32582511 0.2731245 ],0,9,"[0.3110394802231661, 0.23517199738277297]",1504,-1
19379,[0.30719113 0.20390539],0,9,"[0.3110394802231661, 0.23517199738277297]",652,-1
19380,[0.28273114 0.2958404 ],2,5,"[0.23231087327800656, 0.30304944505444303]",-1,11
19381,[0.27611877 0.30582158],0,5,"[0.23231087327800656, 0.30304944505444303]",1581,-1
19382,[0.39729138 0.48769192],4,-1,-1,1036,-1
19383,[0.22837759 0.23068232],0,-1,-1,-1,-1
19384,[0.4554134  0.32464579],6,1,"[0.3897435781344088, 0.3417040596068965]",527,-1
19385,[0.69657388 0.7743422 ],1,-1,-1,-1,0
19386,[0.5435302  0.53994314],5,6,"[0.5164739970238864, 0.5319253761973344]",-1,-1
19387,[0.1403229  0.26802647],0,-1,-1,40,-1
19388,[0.33249735 0.26367284],0,9,"[0.3110394802231661, 0.23517199738277297]",-1,-1
19389,[0.42042522 0.50383063],4,0,"[0.383291892093257, 0.5586820702346661]",-1,-1
19390,[0.61706297 0.58171011],9,2,"[0.5921204552873188, 0.6383928111301557]",-1,-1
19391,[0.28880536 0.28877927],6,9,"[0.3110394802231661, 0.23517199738277297]",-1,11
19392,[0.50290264 0.59099329],3,6,"[0.5164739970238864, 0.5319253761973344]",1093,-1
19393,[0.28189863 0.44893497],7,8,"[0.27392971195344684, 0.45973140540928376]",-1,-1
19394,[0.17387295 0.47686156],7,-1,-1,-1,-1
19395,[0.28284121 0.26145957],0,9,"[0.3110394802231661, 0.23517199738277297]",-1,-1
19396,[0.85701547 0.7071381 ],1,-1,-1,-1,0
19397,[0.53286523 0.52890693],5,6,"[0.5164739970238864, 0.5319253761973344]",1165,-1
19398,[0.53051024 0.61916966],5,2,"[0.5921204552873188, 0.6383928111301557]",-1,-1
19399,[0.70273392 0.39586268],8,-1,-1,217,-1
19400,[0.77964733 0.6939462 ],1,4,"[0.7726811996944247, 0.7249303226766757]",448,0
19401,[0.17957219 0.23610216],0,-1,-1,-1,-1
19402,[0.80364686 0.74396658],1,4,"[0.7726811996944247, 0.7249303226766757]",-1,0
19403,[0.36394963 0.31470695],2,1,"[0.3897435781344088, 0.3417040596068965]",-1,-1
19404,[0.552672   0.57859075],5,6,"[0.5164739970238864, 0.5319253761973344]",1450,6
19405,[0.36761765 0.4658319 ],3,-1,-1,1055,-1
19406,[0.6317224 0.4324559],8,3,"[0.6815204869410737, 0.47689852788858716]",-1,-1
19407,[0.55747355 0.60432451],5,2,"[0.5921204552873188, 0.6383928111301557]",-1,-1
19408,[0.55474814 0.60377717],9,2,"[0.5921204552873188, 0.6383928111301557]",1342,-1
19409,[0.58540451 0.52849917],8,6,"[0.5164739970238864, 0.5319253761973344]",1102,-1
19410,[0.22437297 0.31352144],0,5,"[0.23231087327800656, 0.30304944505444303]",-1,-1
19411,[0.32951561 0.55715187],3,0,"[0.383291892093257, 0.5586820702346661]",1983,-1
19412,[0.3616244  0.33630602],6,1,"[0.3897435781344088, 0.3417040596068965]",1532,-1
19413,[0.38889281 0.38822003],2,1,"[0.3897435781344088, 0.3417040596068965]",952,-1
19414,[0.27036272 0.35835703],2,5,"[0.23231087327800656, 0.30304944505444303]",-1,-1
19415,[0.37053637 0.24152324],6,9,"[0.3110394802231661, 0.23517199738277297]",-1,-1
19416,[0.81006336 0.69313549],1,4,"[0.7726811996944247, 0.7249303226766757]",-1,0
19417,[0.43181043 0.57983787],4,0,"[0.383291892093257, 0.5586820702346661]",-1,-1
19418,[0.7200048  0.42200128],8,3,"[0.6815204869410737, 0.47689852788858716]",-1,-1
19419,[0.34873562 0.55837572],3,0,"[0.383291892093257, 0.5586820702346661]",1956,-1
19420,[0.55639544 0.44515316],8,-1,-1,249,-1
19421,[0.26885512 0.26607563],0,5,"[0.23231087327800656, 0.30304944505444303]",-1,-1
19422,[0.25214859 0.49782684],7,8,"[0.27392971195344684, 0.45973140540928376]",-1,-1
19423,[0.3989091  0.48320662],3,-1,-1,1036,-1
19424,[0.36917887 0.48969947],7,-1,-1,-1,-1
19425,[0.51290901 0.54020046],5,6,"[0.5164739970238864, 0.5319253761973344]",-1,3
19426,[0.58983889 0.6713699 ],9,2,"[0.5921204552873188, 0.6383928111301557]",-1,-1
19427,[0.54190558 0.52756255],5,6,"[0.5164739970238864, 0.5319253761973344]",-1,-1
19428,[0.50581637 0.72400973],9,-1,-1,-1,-1
19429,[0.33408071 0.24956714],6,9,"[0.3110394802231661, 0.23517199738277297]",-1,-1
19430,[0.22851032 0.42628207],2,8,"[0.27392971195344684, 0.45973140540928376]",656,-1
19431,[0.29431469 0.49711051],7,8,"[0.27392971195344684, 0.45973140540928376]",-1,-1
19432,[0.37810523 0.37198671],2,1,"[0.3897435781344088, 0.3417040596068965]",1062,-1
19433,[0.23671149 0.48620838],7,8,"[0.27392971195344684, 0.45973140540928376]",-1,-1
19434,[0.5887714  0.67770906],9,2,"[0.5921204552873188, 0.6383928111301557]",710,-1
19435,[0.26227518 0.30357268],2,5,"[0.23231087327800656, 0.30304944505444303]",-1,-1
19436,[0.27839589 0.48834073],7,8,"[0.27392971195344684, 0.45973140540928376]",1796,-1
19437,[0.41936196 0.53314215],5,0,"[0.383291892093257, 0.5586820702346661]",1469,-1
19438,[0.41199097 0.65760304],3,-1,-1,-1,-1
19439,[0.60844513 0.44911318],8,-1,-1,-1,-1
19440,[0.6773027  0.71202571],1,-1,-1,-1,0
19441,[0.61844231 0.63720747],9,2,"[0.5921204552873188, 0.6383928111301557]",-1,-1
19442,[0.31903172 0.63084116],4,7,"[0.2817018170798153, 0.5849768676672948]",-1,-1
19443,[0.35963632 0.63203523],4,-1,-1,1304,-1
19444,[0.36691001 0.6207582 ],4,0,"[0.383291892093257, 0.5586820702346661]",-1,-1
19445,[0.61902003 0.57803053],9,2,"[0.5921204552873188, 0.6383928111301557]",1273,-1
19446,[0.28887194 0.50770796],3,8,"[0.27392971195344684, 0.45973140540928376]",1913,-1
19447,[0.528055  0.5462469],5,6,"[0.5164739970238864, 0.5319253761973344]",-1,-1
19448,[0.89096198 0.74655764],1,-1,-1,87,-1
19449,[0.66970276 0.34262015],8,-1,-1,17,-1
19450,[0.6454546  0.55532372],5,-1,-1,1115,-1
19451,[0.22271197 0.46392276],7,8,"[0.27392971195344684, 0.45973140540928376]",-1,-1
19452,[0.59856295 0.57055184],5,2,"[0.5921204552873188, 0.6383928111301557]",1315,5
19453,[0.65690887 0.55041822],8,-1,-1,-1,-1
19454,[0.57730537 0.66681444],9,2,"[0.5921204552873188, 0.6383928111301557]",1121,-1
19455,[0.75461677 0.72413412],1,4,"[0.7726811996944247, 0.7249303226766757]",466,0
19456,[0.96291124 0.67147746],1,-1,-1,-1,-1
19457,[0.59671712 0.62520701],9,2,"[0.5921204552873188, 0.6383928111301557]",-1,-1
19458,[0.51503372 0.33252924],6,-1,-1,42,-1
19459,[0.78711857 0.72053838],1,4,"[0.7726811996944247, 0.7249303226766757]",475,0
19460,[0.4346803  0.28905435],6,1,"[0.3897435781344088, 0.3417040596068965]",719,-1
19461,[0.23282808 0.51938268],4,-1,-1,-1,-1
19462,[0.7183758  0.75735074],1,4,"[0.7726811996944247, 0.7249303226766757]",-1,0
19463,[0.62155497 0.44368247],8,3,"[0.6815204869410737, 0.47689852788858716]",-1,-1
19464,[0.22285832 0.27026056],0,5,"[0.23231087327800656, 0.30304944505444303]",1024,-1
19465,[0.81313473 0.72553404],1,4,"[0.7726811996944247, 0.7249303226766757]",456,0
19466,[0.30248924 0.36808454],2,-1,-1,1594,-1
19467,[0.31026508 0.5092081 ],3,8,"[0.27392971195344684, 0.45973140540928376]",1922,15
19468,[0.60346894 0.50810619],5,-1,-1,844,-1
19469,[0.3668626  0.62887488],4,-1,-1,1303,-1
19470,[0.37672639 0.50805195],3,0,"[0.383291892093257, 0.5586820702346661]",1764,-1
19471,[0.43268909 0.63332474],3,-1,-1,-1,-1
19472,[0.59317469 0.65224172],9,2,"[0.5921204552873188, 0.6383928111301557]",-1,-1
19473,[0.83159854 0.83195752],1,-1,-1,-1,-1
19474,[0.35913532 0.56637809],4,0,"[0.383291892093257, 0.5586820702346661]",-1,-1
19475,[0.68418489 0.51113692],8,3,"[0.6815204869410737, 0.47689852788858716]",-1,-1
19476,[0.40717973 0.27978922],6,1,"[0.3897435781344088, 0.3417040596068965]",-1,-1
19477,[0.72785986 0.81977283],1,-1,-1,-1,-1
19478,[0.37642173 0.24184133],6,9,"[0.3110394802231661, 0.23517199738277297]",-1,-1
19479,[0.34367929 0.42190968],2,-1,-1,-1,-1
19480,[0.3275887  0.24993955],0,9,"[0.3110394802231661, 0.23517199738277297]",1489,-1
19481,[0.50988566 0.65909447],5,-1,-1,729,-1
19482,[0.42795584 0.4891155 ],5,-1,-1,766,-1
19483,[0.41225547 0.50313659],5,0,"[0.383291892093257, 0.5586820702346661]",-1,-1
19484,[0.56892453 0.61718527],9,2,"[0.5921204552873188, 0.6383928111301557]",-1,-1
19485,[0.44355648 0.68592498],5,-1,-1,-1,-1
19486,[0.81130482 0.65536322],1,-1,-1,255,0
19487,[0.3875906  0.41442146],6,-1,-1,-1,-1
19488,[0.30804537 0.51235197],4,8,"[0.27392971195344684, 0.45973140540928376]",-1,15
19489,[0.74098399 0.76351049],1,4,"[0.7726811996944247, 0.7249303226766757]",-1,0
19490,[0.35653213 0.09729796],6,-1,-1,-1,-1
19491,[0.73559004 0.67870153],1,4,"[0.7726811996944247, 0.7249303226766757]",-1,0
19492,[0.30906068 0.3870531 ],6,-1,-1,-1,-1
19493,[0.76907853 0.49866524],8,-1,-1,190,-1
19494,[0.36510843 0.51119911],7,0,"[0.383291892093257, 0.5586820702346661]",-1,-1
19495,[0.78100396 0.43356852],8,-1,-1,-1,-1
19496,[0.56868369 0.657161  ],9,2,"[0.5921204552873188, 0.6383928111301557]",1045,-1
19497,[0.35061409 0.2678843 ],6,9,"[0.3110394802231661, 0.23517199738277297]",-1,-1
19498,[0.3973489 0.6943356],4,-1,-1,-1,-1
19499,[0.39059539 0.30958556],6,1,"[0.3897435781344088, 0.3417040596068965]",-1,-1
19500,[0.27372638 0.49819357],4,8,"[0.27392971195344684, 0.45973140540928376]",1779,-1
19501,[0.32853692 0.56116606],4,7,"[0.2817018170798153, 0.5849768676672948]",-1,17
19502,[0.23800454 0.41887373],2,8,"[0.27392971195344684, 0.45973140540928376]",-1,-1
19503,[0.29897934 0.53818323],4,7,"[0.2817018170798153, 0.5849768676672948]",-1,-1
19504,[0.4058503  0.56651799],4,0,"[0.383291892093257, 0.5586820702346661]",-1,-1
19505,[0.65929227 0.41201694],8,3,"[0.6815204869410737, 0.47689852788858716]",520,-1
19506,[0.23099554 0.53040847],4,-1,-1,1477,-1
19507,[0.24301079 0.28442706],2,5,"[0.23231087327800656, 0.30304944505444303]",1531,-1
19508,[0.4518697  0.70636822],3,-1,-1,28,-1
19509,[0.40839633 0.51694465],3,0,"[0.383291892093257, 0.5586820702346661]",1638,-1
19510,[0.63980718 0.50696729],8,3,"[0.6815204869410737, 0.47689852788858716]",866,-1
19511,[0.58020322 0.65918818],9,2,"[0.5921204552873188, 0.6383928111301557]",1124,-1
19512,[0.57908323 0.60495527],9,2,"[0.5921204552873188, 0.6383928111301557]",-1,6
19513,[0.31487191 0.33348637],6,-1,-1,1604,-1
19514,[0.33839029 0.3186644 ],6,1,"[0.3897435781344088, 0.3417040596068965]",-1,-1
19515,[0.67923334 0.44041266],8,3,"[0.6815204869410737, 0.47689852788858716]",-1,-1
19516,[0.45827565 0.33842083],6,1,"[0.3897435781344088, 0.3417040596068965]",-1,-1
19517,[0.62616416 0.58153626],9,2,"[0.5921204552873188, 0.6383928111301557]",-1,-1
19518,[0.46578568 0.19284784],6,-1,-1,-1,-1
19519,[0.37891272 0.5846037 ],3,0,"[0.383291892093257, 0.5586820702346661]",-1,-1
19520,[0.31041567 0.51127634],4,8,"[0.27392971195344684, 0.45973140540928376]",1922,15
19521,[0.73876259 0.4835783 ],8,3,"[0.6815204869410737, 0.47689852788858716]",773,-1
19522,[0.45921744 0.33134712],6,-1,-1,531,-1
19523,[0.58334151 0.53618208],5,6,"[0.5164739970238864, 0.5319253761973344]",-1,-1
19524,[0.35618874 0.33742004],2,1,"[0.3897435781344088, 0.3417040596068965]",1500,-1
19525,[0.74170089 0.68308993],1,4,"[0.7726811996944247, 0.7249303226766757]",-1,0
19526,[0.87539713 0.70003842],1,-1,-1,-1,0
19527,[0.37801806 0.57777557],3,0,"[0.383291892093257, 0.5586820702346661]",1865,-1
19528,[0.35622897 0.51940963],3,0,"[0.383291892093257, 0.5586820702346661]",-1,-1
19529,[0.708819   0.42557474],8,3,"[0.6815204869410737, 0.47689852788858716]",443,-1
19530,[0.58157099 0.57033472],5,2,"[0.5921204552873188, 0.6383928111301557]",-1,-1
19531,[0.3126326  0.28943046],2,9,"[0.3110394802231661, 0.23517199738277297]",1614,11
19532,[0.23888107 0.55450625],3,7,"[0.2817018170798153, 0.5849768676672948]",1411,-1
19533,[0.8310645  0.78496935],1,-1,-1,191,0
19534,[0.45621347 0.33405352],6,1,"[0.3897435781344088, 0.3417040596068965]",528,-1
19535,[0.39433396 0.56120674],7,0,"[0.383291892093257, 0.5586820702346661]",-1,-1
19536,[0.35250493 0.53795971],3,0,"[0.383291892093257, 0.5586820702346661]",1964,16
19537,[0.29999232 0.31456931],2,5,"[0.23231087327800656, 0.30304944505444303]",1661,-1
19538,[0.23832793 0.21478094],0,-1,-1,-1,-1
19539,[0.76484148 0.73260952],1,4,"[0.7726811996944247, 0.7249303226766757]",469,0
19540,[0.31152171 0.5158205 ],4,8,"[0.27392971195344684, 0.45973140540928376]",1922,15
19541,[0.75553156 0.74036676],1,4,"[0.7726811996944247, 0.7249303226766757]",451,0
19542,[0.32183764 0.55193364],4,7,"[0.2817018170798153, 0.5849768676672948]",-1,17
19543,[0.5054836  0.53493638],5,6,"[0.5164739970238864, 0.5319253761973344]",-1,3
19544,[0.35887641 0.51706596],7,0,"[0.383291892093257, 0.5586820702346661]",1921,-1
19545,[0.21828004 0.16469032],0,-1,-1,-1,-1
19546,[0.30843064 0.43278876],3,8,"[0.27392971195344684, 0.45973140540928376]",1081,-1
19547,[0.82245664 0.71379237],1,4,"[0.7726811996944247, 0.7249303226766757]",360,0
19548,[0.23485876 0.56697125],7,7,"[0.2817018170798153, 0.5849768676672948]",1358,-1
19549,[0.2757879  0.36035979],0,-1,-1,1264,-1
19550,[0.52483706 0.50860942],5,6,"[0.5164739970238864, 0.5319253761973344]",1176,-1
19551,[0.30173042 0.27107885],0,9,"[0.3110394802231661, 0.23517199738277297]",-1,-1
19552,[0.57636914 0.4880779 ],5,-1,-1,-1,-1
19553,[0.61804871 0.43311134],8,-1,-1,285,-1
19554,[0.3175897 0.4890629],3,8,"[0.27392971195344684, 0.45973140540928376]",-1,-1
19555,[0.15723053 0.21666737],0,-1,-1,74,-1
19556,[0.3311388  0.31767928],2,1,"[0.3897435781344088, 0.3417040596068965]",-1,10
19557,[0.22553012 0.23614795],0,5,"[0.23231087327800656, 0.30304944505444303]",-1,-1
19558,[0.21409632 0.32177165],2,5,"[0.23231087327800656, 0.30304944505444303]",-1,-1
19559,[0.49908214 0.44268652],5,-1,-1,223,-1
19560,[0.42399514 0.58940671],3,0,"[0.383291892093257, 0.5586820702346661]",-1,-1
19561,[0.30543169 0.59678567],7,7,"[0.2817018170798153, 0.5849768676672948]",1820,-1
19562,[0.25319995 0.37107769],2,-1,-1,-1,-1
19563,[0.29244645 0.39774693],2,8,"[0.27392971195344684, 0.45973140540928376]",1066,-1
19564,[0.60595609 0.63861763],9,2,"[0.5921204552873188, 0.6383928111301557]",1332,-1
19565,[0.48092376 0.34995763],6,-1,-1,-1,-1
19566,[0.36340405 0.56548194],3,0,"[0.383291892093257, 0.5586820702346661]",-1,12
19567,[0.68554361 0.42665754],8,3,"[0.6815204869410737, 0.47689852788858716]",-1,-1
19568,[0.34495834 0.36077804],2,1,"[0.3897435781344088, 0.3417040596068965]",-1,-1
19569,[0.82646466 0.84821321],1,-1,-1,-1,-1
19570,[0.27358525 0.40082118],2,8,"[0.27392971195344684, 0.45973140540928376]",1018,-1
19571,[0.15977509 0.40779005],2,-1,-1,134,-1
19572,[0.74891913 0.65403317],1,-1,-1,336,0
19573,[0.52274498 0.49787141],5,6,"[0.5164739970238864, 0.5319253761973344]",1097,-1
19574,[0.57215463 0.70180347],9,2,"[0.5921204552873188, 0.6383928111301557]",511,-1
19575,[0.35800698 0.53589415],3,0,"[0.383291892093257, 0.5586820702346661]",1944,-1
19576,[0.70422697 0.38751627],8,-1,-1,151,-1
19577,[0.31790747 0.51360385],7,8,"[0.27392971195344684, 0.45973140540928376]",-1,15
19578,[0.84489665 0.63441882],1,-1,-1,107,-1
19579,[0.33966152 0.45910262],7,8,"[0.27392971195344684, 0.45973140540928376]",1387,-1
19580,[0.32318281 0.57587253],4,7,"[0.2817018170798153, 0.5849768676672948]",1974,17
19581,[0.30326116 0.2333705 ],2,9,"[0.3110394802231661, 0.23517199738277297]",-1,-1
19582,[0.30987525 0.63748237],4,7,"[0.2817018170798153, 0.5849768676672948]",-1,-1
19583,[0.78410973 0.64387734],1,-1,-1,-1,0
19584,[0.68707726 0.67632334],9,-1,-1,388,-1
19585,[0.26223322 0.61494017],4,7,"[0.2817018170798153, 0.5849768676672948]",-1,-1
19586,[0.23380745 0.51068422],7,8,"[0.27392971195344684, 0.45973140540928376]",1552,-1
19587,[0.67422594 0.44358278],8,3,"[0.6815204869410737, 0.47689852788858716]",735,-1
19588,[0.37171743 0.56672508],4,0,"[0.383291892093257, 0.5586820702346661]",-1,-1
19589,[0.47780158 0.63953322],3,-1,-1,647,-1
19590,[0.6427555  0.73770132],1,-1,-1,-1,-1
19591,[0.57589182 0.65244459],9,2,"[0.5921204552873188, 0.6383928111301557]",1124,-1
19592,[0.26291293 0.47085625],7,8,"[0.27392971195344684, 0.45973140540928376]",1595,-1
19593,[0.17151463 0.29184257],0,5,"[0.23231087327800656, 0.30304944505444303]",-1,-1
19594,[0.60595169 0.63620853],9,2,"[0.5921204552873188, 0.6383928111301557]",1332,6
19595,[0.39136857 0.37103619],6,1,"[0.3897435781344088, 0.3417040596068965]",-1,-1
19596,[0.52970413 0.47591277],5,6,"[0.5164739970238864, 0.5319253761973344]",-1,-1
19597,[0.62260223 0.7421771 ],9,-1,-1,-1,-1
19598,[0.81635847 0.50538704],8,-1,-1,-1,-1
19599,[0.5428802  0.61905001],5,2,"[0.5921204552873188, 0.6383928111301557]",1270,-1
19600,[0.45023354 0.40673078],6,-1,-1,207,-1
19601,[0.2376343  0.42002631],6,8,"[0.27392971195344684, 0.45973140540928376]",-1,-1
19602,[0.63484072 0.70809609],9,-1,-1,283,-1
19603,[0.64540981 0.58118608],8,-1,-1,-1,-1
19604,[0.24749673 0.5468689 ],4,7,"[0.2817018170798153, 0.5849768676672948]",1700,-1
19605,[0.69007773 0.34728612],8,-1,-1,-1,-1
19606,[0.33786385 0.56742305],4,0,"[0.383291892093257, 0.5586820702346661]",-1,-1
19607,[0.46001819 0.61446915],3,-1,-1,703,-1
19608,[0.34365408 0.36745115],2,1,"[0.3897435781344088, 0.3417040596068965]",-1,-1
19609,[0.66093686 0.63312951],9,2,"[0.5921204552873188, 0.6383928111301557]",580,-1
19610,[0.42114479 0.38934168],2,1,"[0.3897435781344088, 0.3417040596068965]",-1,-1
19611,[0.19325289 0.49265345],7,-1,-1,-1,-1
19612,[0.36618201 0.43608011],4,-1,-1,879,-1
19613,[0.14996141 0.35437296],2,-1,-1,-1,-1
19614,[0.47320682 0.34212436],6,-1,-1,529,-1
19615,[0.30377587 0.49654377],4,8,"[0.27392971195344684, 0.45973140540928376]",-1,-1
19616,[0.66854798 0.65219533],9,-1,-1,400,-1
19617,[0.36575458 0.32679536],6,1,"[0.3897435781344088, 0.3417040596068965]",-1,-1
19618,[0.51610241 0.67100954],9,-1,-1,449,-1
19619,[0.33812842 0.32369032],2,1,"[0.3897435781344088, 0.3417040596068965]",-1,-1
19620,[0.2896577  0.51568187],4,8,"[0.27392971195344684, 0.45973140540928376]",-1,14
19621,[0.50038003 0.50568449],5,6,"[0.5164739970238864, 0.5319253761973344]",725,-1
19622,[0.81607144 0.73731325],1,4,"[0.7726811996944247, 0.7249303226766757]",-1,0
19623,[0.36258435 0.61091745],3,0,"[0.383291892093257, 0.5586820702346661]",-1,-1
19624,[0.38057533 0.30861489],6,1,"[0.3897435781344088, 0.3417040596068965]",1464,-1
19625,[0.3756725  0.46540605],4,-1,-1,-1,-1
19626,[0.57673371 0.67569444],9,2,"[0.5921204552873188, 0.6383928111301557]",-1,-1
19627,[0.7094337  0.50041951],8,3,"[0.6815204869410737, 0.47689852788858716]",739,-1
19628,[0.29291654 0.51840384],4,8,"[0.27392971195344684, 0.45973140540928376]",-1,14
19629,[0.31705825 0.49665891],4,8,"[0.27392971195344684, 0.45973140540928376]",-1,-1
19630,[0.64713395 0.49213166],8,3,"[0.6815204869410737, 0.47689852788858716]",819,1
19631,[0.33489243 0.56730792],3,0,"[0.383291892093257, 0.5586820702346661]",1975,-1
19632,[0.72120026 0.68772517],1,4,"[0.7726811996944247, 0.7249303226766757]",393,0
19633,[0.45004899 0.60378226],5,-1,-1,-1,-1
19634,[0.74095725 0.74202483],1,4,"[0.7726811996944247, 0.7249303226766757]",454,0
19635,[0.34196357 0.48013474],4,-1,-1,-1,-1
19636,[0.31662132 0.35853844],2,-1,-1,-1,-1
19637,[0.44254669 0.43820839],6,-1,-1,-1,-1
19638,[0.15472496 0.54390292],7,-1,-1,-1,-1
19639,[0.30519247 0.56136659],4,7,"[0.2817018170798153, 0.5849768676672948]",-1,-1
19640,[0.69108385 0.47844862],8,3,"[0.6815204869410737, 0.47689852788858716]",808,-1
19641,[0.54398353 0.65400999],9,2,"[0.5921204552873188, 0.6383928111301557]",1056,-1
19642,[0.61296308 0.63320421],9,2,"[0.5921204552873188, 0.6383928111301557]",1332,-1
19643,[0.56047291 0.5850916 ],9,2,"[0.5921204552873188, 0.6383928111301557]",1444,6
19644,[0.39582124 0.33257824],2,1,"[0.3897435781344088, 0.3417040596068965]",1003,-1
19645,[0.26593838 0.22482588],0,9,"[0.3110394802231661, 0.23517199738277297]",987,-1
19646,[0.64574855 0.47036327],8,3,"[0.6815204869410737, 0.47689852788858716]",824,1
19647,[0.36657887 0.54691818],4,0,"[0.383291892093257, 0.5586820702346661]",1790,-1
19648,[0.69265005 0.5734299 ],9,-1,-1,235,-1
19649,[0.38607372 0.65300883],3,-1,-1,536,-1
19650,[0.53280093 0.42733463],5,-1,-1,-1,-1
19651,[0.2986751  0.50014748],7,8,"[0.27392971195344684, 0.45973140540928376]",1889,-1
19652,[0.67528629 0.32991492],8,-1,-1,-1,-1
19653,[0.48802261 0.5213259 ],5,6,"[0.5164739970238864, 0.5319253761973344]",936,-1
19654,[0.31416787 0.24954727],0,9,"[0.3110394802231661, 0.23517199738277297]",1499,-1
19655,[0.33469822 0.59949486],4,7,"[0.2817018170798153, 0.5849768676672948]",-1,-1
19656,[0.40400975 0.34947547],6,1,"[0.3897435781344088, 0.3417040596068965]",997,-1
19657,[0.40253882 0.53387641],4,0,"[0.383291892093257, 0.5586820702346661]",1642,-1
19658,[0.51704847 0.5482503 ],5,6,"[0.5164739970238864, 0.5319253761973344]",1186,-1
19659,[0.82948028 0.70359696],1,4,"[0.7726811996944247, 0.7249303226766757]",-1,0
19660,[0.66210877 0.48925445],8,3,"[0.6815204869410737, 0.47689852788858716]",821,1
19661,[0.31343058 0.28659164],0,9,"[0.3110394802231661, 0.23517199738277297]",-1,-1
19662,[0.38976832 0.54191323],3,0,"[0.383291892093257, 0.5586820702346661]",-1,-1
19663,[0.37681488 0.59501328],7,0,"[0.383291892093257, 0.5586820702346661]",-1,-1
19664,[0.36216499 0.24108599],6,9,"[0.3110394802231661, 0.23517199738277297]",-1,-1
19665,[0.82946091 0.74269785],1,4,"[0.7726811996944247, 0.7249303226766757]",-1,0
19666,[0.28313279 0.57464217],4,7,"[0.2817018170798153, 0.5849768676672948]",-1,-1
19667,[0.76601309 0.77558849],1,4,"[0.7726811996944247, 0.7249303226766757]",-1,0
19668,[0.41194583 0.36867309],6,1,"[0.3897435781344088, 0.3417040596068965]",976,-1
19669,[0.36420122 0.62238383],3,0,"[0.383291892093257, 0.5586820702346661]",-1,-1
19670,[0.20604509 0.32434156],2,5,"[0.23231087327800656, 0.30304944505444303]",1037,-1
19671,[0.18420041 0.40436421],2,-1,-1,-1,-1
19672,[0.35087962 0.44327425],7,-1,-1,1193,-1
19673,[0.80026767 0.64654607],1,-1,-1,-1,0
19674,[0.72218408 0.47411479],8,3,"[0.6815204869410737, 0.47689852788858716]",779,-1
19675,[0.72008078 0.71207996],1,4,"[0.7726811996944247, 0.7249303226766757]",349,0
19676,[0.82567845 0.74540499],1,4,"[0.7726811996944247, 0.7249303226766757]",-1,0
19677,[0.72050725 0.45418033],8,3,"[0.6815204869410737, 0.47689852788858716]",693,-1
19678,[0.36912846 0.31539548],6,1,"[0.3897435781344088, 0.3417040596068965]",1546,-1
19679,[0.35033555 0.32610941],6,1,"[0.3897435781344088, 0.3417040596068965]",1413,-1
19680,[0.20297744 0.58856796],4,-1,-1,181,-1
19681,[0.36479338 0.58479518],3,0,"[0.383291892093257, 0.5586820702346661]",1847,12
19682,[0.43542892 0.58003622],3,0,"[0.383291892093257, 0.5586820702346661]",1167,-1
19683,[0.88547439 0.80069922],1,-1,-1,-1,-1
19684,[0.234158   0.42718574],2,8,"[0.27392971195344684, 0.45973140540928376]",-1,-1
19685,[0.71819381 0.54375888],8,-1,-1,-1,-1
19686,[0.19170621 0.22208436],0,-1,-1,557,-1
19687,[0.22836708 0.5334761 ],7,-1,-1,1477,-1
19688,[0.66080319 0.50998051],8,3,"[0.6815204869410737, 0.47689852788858716]",782,-1
19689,[0.35509513 0.52308442],4,0,"[0.383291892093257, 0.5586820702346661]",-1,-1
19690,[0.21272455 0.30414014],0,5,"[0.23231087327800656, 0.30304944505444303]",-1,-1
19691,[0.77880489 0.51635799],8,-1,-1,111,-1
19692,[0.25020658 0.52590722],7,7,"[0.2817018170798153, 0.5849768676672948]",-1,-1
19693,[0.59287231 0.54821031],8,-1,-1,1290,-1
19694,[0.31556009 0.42918837],6,8,"[0.27392971195344684, 0.45973140540928376]",-1,-1
19695,[0.38025775 0.23044479],6,9,"[0.3110394802231661, 0.23517199738277297]",-1,-1
19696,[0.30128504 0.65946597],3,-1,-1,558,-1
19697,[0.7981615  0.81062402],1,-1,-1,142,0
19698,[0.39783751 0.21761255],6,-1,-1,-1,-1
19699,[0.29929058 0.37231855],2,-1,-1,-1,-1
19700,[0.4949476 0.577067 ],9,6,"[0.5164739970238864, 0.5319253761973344]",-1,-1
19701,[0.34749799 0.22364328],6,9,"[0.3110394802231661, 0.23517199738277297]",566,-1
19702,[0.45548275 0.44254228],3,-1,-1,-1,-1
19703,[0.53127888 0.5707093 ],5,6,"[0.5164739970238864, 0.5319253761973344]",1371,-1
19704,[0.44013198 0.6385955 ],5,-1,-1,-1,-1
19705,[0.68758258 0.80648662],1,-1,-1,-1,-1
19706,[0.82473909 0.76197229],1,4,"[0.7726811996944247, 0.7249303226766757]",-1,0
19707,[0.363507   0.34902423],0,1,"[0.3897435781344088, 0.3417040596068965]",1350,-1
19708,[0.66683776 0.75792445],1,-1,-1,-1,-1
19709,[0.26556162 0.47667033],7,8,"[0.27392971195344684, 0.45973140540928376]",1600,-1
19710,[0.69637329 0.55313656],9,-1,-1,600,-1
19711,[0.46004738 0.56931492],3,6,"[0.5164739970238864, 0.5319253761973344]",1231,-1
19712,[0.52271773 0.63388536],5,2,"[0.5921204552873188, 0.6383928111301557]",-1,-1
19713,[0.6427459  0.54271759],8,-1,-1,1116,-1
19714,[0.39869608 0.48473524],4,-1,-1,1036,-1
19715,[0.41682629 0.58344755],5,0,"[0.383291892093257, 0.5586820702346661]",-1,-1
19716,[0.40104961 0.38770872],6,1,"[0.3897435781344088, 0.3417040596068965]",762,-1
19717,[0.19185446 0.29936709],0,5,"[0.23231087327800656, 0.30304944505444303]",743,-1
19718,[0.45088886 0.49227195],4,-1,-1,-1,-1
19719,[0.63801899 0.51525502],5,3,"[0.6815204869410737, 0.47689852788858716]",-1,1
19720,[0.31331272 0.31670375],2,-1,-1,-1,10
19721,[0.61116913 0.54469107],8,-1,-1,-1,-1
19722,[0.20900593 0.39059644],2,-1,-1,-1,-1
19723,[0.18577117 0.38728108],2,-1,-1,133,-1
19724,[0.64107974 0.6623311 ],9,2,"[0.5921204552873188, 0.6383928111301557]",646,-1
19725,[0.35828782 0.47326344],3,-1,-1,1560,-1
19726,[0.56193184 0.60540952],9,2,"[0.5921204552873188, 0.6383928111301557]",-1,-1
19727,[0.50955098 0.57912405],5,6,"[0.5164739970238864, 0.5319253761973344]",1377,-1
19728,[0.78897199 0.50691159],8,-1,-1,-1,-1
19729,[0.30950133 0.56189896],7,7,"[0.2817018170798153, 0.5849768676672948]",1968,-1
19730,[0.74994626 0.76277113],1,4,"[0.7726811996944247, 0.7249303226766757]",418,0
19731,[0.35426661 0.4196791 ],2,-1,-1,882,-1
19732,[0.80862015 0.70538815],1,4,"[0.7726811996944247, 0.7249303226766757]",-1,0
19733,[0.33653492 0.53297208],4,0,"[0.383291892093257, 0.5586820702346661]",1948,-1
19734,[0.54144161 0.57707282],8,6,"[0.5164739970238864, 0.5319253761973344]",-1,6
19735,[0.44374542 0.34663095],6,1,"[0.3897435781344088, 0.3417040596068965]",525,-1
19736,[0.70573494 0.38340279],8,-1,-1,151,-1
19737,[0.34631504 0.4597914 ],3,-1,-1,-1,-1
19738,[0.24335388 0.34275526],7,5,"[0.23231087327800656, 0.30304944505444303]",1565,-1
19739,[0.28940104 0.54258901],4,7,"[0.2817018170798153, 0.5849768676672948]",1907,-1
19740,[0.6567748  0.56460065],9,-1,-1,-1,-1
19741,[0.22122018 0.25170478],0,5,"[0.23231087327800656, 0.30304944505444303]",1021,-1
19742,[0.27726042 0.34999554],2,5,"[0.23231087327800656, 0.30304944505444303]",-1,-1
19743,[0.31453586 0.60725731],4,7,"[0.2817018170798153, 0.5849768676672948]",1936,-1
19744,[0.58068194 0.58856761],5,2,"[0.5921204552873188, 0.6383928111301557]",1397,-1
19745,[0.74477891 0.70878477],1,4,"[0.7726811996944247, 0.7249303226766757]",-1,0
19746,[0.72653759 0.39991354],8,-1,-1,-1,-1
19747,[0.20778307 0.25153575],0,5,"[0.23231087327800656, 0.30304944505444303]",896,-1
19748,[0.5362683  0.65337818],5,2,"[0.5921204552873188, 0.6383928111301557]",1056,-1
19749,[0.46888128 0.65201347],9,-1,-1,-1,-1
19750,[0.8182946  0.79336828],1,-1,-1,191,0
19751,[0.25418983 0.55076965],7,7,"[0.2817018170798153, 0.5849768676672948]",-1,-1
19752,[0.38385416 0.57250988],4,0,"[0.383291892093257, 0.5586820702346661]",-1,-1
19753,[0.36403279 0.58324516],4,0,"[0.383291892093257, 0.5586820702346661]",1847,12
19754,[0.60039487 0.4436901 ],8,-1,-1,-1,-1
19755,[0.55052856 0.5430584 ],5,6,"[0.5164739970238864, 0.5319253761973344]",1408,6
19756,[0.74803613 0.68958493],1,4,"[0.7726811996944247, 0.7249303226766757]",440,0
19757,[0.55771033 0.50862676],5,6,"[0.5164739970238864, 0.5319253761973344]",770,-1
19758,[0.28106273 0.30070268],0,5,"[0.23231087327800656, 0.30304944505444303]",-1,-1
19759,[0.33804183 0.63591256],3,-1,-1,-1,-1
19760,[0.35232182 0.52291253],4,0,"[0.383291892093257, 0.5586820702346661]",-1,-1
19761,[0.26573327 0.33901865],7,5,"[0.23231087327800656, 0.30304944505444303]",1538,-1
19762,[0.2347429  0.31136917],0,5,"[0.23231087327800656, 0.30304944505444303]",1566,-1
19763,[0.32703559 0.34626555],2,1,"[0.3897435781344088, 0.3417040596068965]",-1,-1
19764,[0.81311078 0.72067211],1,4,"[0.7726811996944247, 0.7249303226766757]",-1,0
19765,[0.87140092 0.63355371],1,-1,-1,-1,-1
19766,[0.58352495 0.75834885],9,-1,-1,-1,-1
19767,[0.58234078 0.5390419 ],5,6,"[0.5164739970238864, 0.5319253761973344]",-1,-1
19768,[0.28964793 0.2047285 ],0,9,"[0.3110394802231661, 0.23517199738277297]",425,-1
19769,[0.55931863 0.57523605],5,6,"[0.5164739970238864, 0.5319253761973344]",1451,6
19770,[0.49592011 0.28252   ],6,-1,-1,-1,-1
19771,[0.38839903 0.36389343],6,1,"[0.3897435781344088, 0.3417040596068965]",1064,-1
19772,[0.25744893 0.5665747 ],3,7,"[0.2817018170798153, 0.5849768676672948]",1699,-1
19773,[0.69912904 0.80883481],1,-1,-1,105,-1
19774,[0.86748795 0.79767408],1,-1,-1,-1,-1
19775,[0.34224193 0.29084018],2,9,"[0.3110394802231661, 0.23517199738277297]",-1,-1
19776,[0.2036314  0.21867021],0,-1,-1,-1,-1
19777,[0.76917593 0.67207717],1,4,"[0.7726811996944247, 0.7249303226766757]",389,0
19778,[0.47698524 0.3872587 ],6,-1,-1,-1,-1
19779,[0.58246911 0.76373852],9,-1,-1,-1,-1
19780,[0.60783215 0.62146884],9,2,"[0.5921204552873188, 0.6383928111301557]",-1,-1
19781,[0.64240125 0.52776612],8,3,"[0.6815204869410737, 0.47689852788858716]",861,-1
19782,[0.76244038 0.66840182],1,4,"[0.7726811996944247, 0.7249303226766757]",-1,0
19783,[0.34067064 0.38570176],6,1,"[0.3897435781344088, 0.3417040596068965]",-1,-1
19784,[0.5316243  0.47735207],5,6,"[0.5164739970238864, 0.5319253761973344]",926,-1
19785,[0.21138892 0.23465417],0,-1,-1,-1,-1
19786,[0.3958851  0.36562736],6,1,"[0.3897435781344088, 0.3417040596068965]",1061,-1
19787,[0.42368796 0.285033  ],6,1,"[0.3897435781344088, 0.3417040596068965]",765,-1
19788,[0.62052004 0.43282867],8,-1,-1,285,-1
19789,[0.40012732 0.30211453],2,1,"[0.3897435781344088, 0.3417040596068965]",-1,-1
19790,[0.73910399 0.75224696],1,4,"[0.7726811996944247, 0.7249303226766757]",418,0
19791,[0.35653578 0.32866134],2,1,"[0.3897435781344088, 0.3417040596068965]",1407,-1
19792,[0.79080966 0.716254  ],1,4,"[0.7726811996944247, 0.7249303226766757]",-1,0
19793,[0.56063871 0.58218293],9,2,"[0.5921204552873188, 0.6383928111301557]",1444,6
19794,[0.3634395  0.37264521],6,1,"[0.3897435781344088, 0.3417040596068965]",916,-1
19795,[0.32170531 0.44268739],3,8,"[0.27392971195344684, 0.45973140540928376]",-1,-1
19796,[0.79954272 0.68974061],1,4,"[0.7726811996944247, 0.7249303226766757]",354,0
19797,[0.69304967 0.7808257 ],1,-1,-1,-1,0
19798,[0.60969265 0.62934943],9,2,"[0.5921204552873188, 0.6383928111301557]",1336,-1
19799,[0.83949372 0.61920511],1,-1,-1,-1,-1
19800,[0.45611217 0.60250667],3,-1,-1,-1,-1
19801,[0.69988616 0.80273587],1,-1,-1,106,-1
19802,[0.27514895 0.53039915],4,7,"[0.2817018170798153, 0.5849768676672948]",1882,-1
19803,[0.34200667 0.56844204],3,0,"[0.383291892093257, 0.5586820702346661]",1878,-1
19804,[0.44159356 0.60193986],4,-1,-1,-1,-1
19805,[0.53500087 0.23138461],6,-1,-1,-1,-1
19806,[0.48594426 0.33563472],6,-1,-1,168,-1
19807,[0.79994115 0.55641077],8,-1,-1,-1,-1
19808,[0.71467223 0.52290354],5,3,"[0.6815204869410737, 0.47689852788858716]",569,-1
19809,[0.29601645 0.33646342],2,-1,-1,-1,-1
19810,[0.62007142 0.52599458],9,-1,-1,863,-1
19811,[0.77142213 0.69831285],1,4,"[0.7726811996944247, 0.7249303226766757]",448,0
19812,[0.4329678  0.57178911],4,0,"[0.383291892093257, 0.5586820702346661]",-1,-1
19813,[0.67859101 0.66173149],1,-1,-1,482,-1
19814,[0.23263646 0.2107588 ],0,-1,-1,-1,-1
19815,[0.71751986 0.70697042],1,4,"[0.7726811996944247, 0.7249303226766757]",-1,0
19816,[0.64504712 0.44649004],5,3,"[0.6815204869410737, 0.47689852788858716]",799,-1
19817,[0.30989095 0.48005335],7,8,"[0.27392971195344684, 0.45973140540928376]",1873,-1
19818,[0.57856405 0.68072825],9,2,"[0.5921204552873188, 0.6383928111301557]",915,-1
19819,[0.29078976 0.58638187],4,7,"[0.2817018170798153, 0.5849768676672948]",1810,-1
19820,[0.37179443 0.2306157 ],0,9,"[0.3110394802231661, 0.23517199738277297]",484,-1
19821,[0.61908393 0.58857194],9,2,"[0.5921204552873188, 0.6383928111301557]",1204,-1
19822,[0.32813238 0.49022217],7,8,"[0.27392971195344684, 0.45973140540928376]",1827,-1
19823,[0.23342163 0.54882674],7,7,"[0.2817018170798153, 0.5849768676672948]",1411,-1
19824,[0.71142573 0.5633087 ],9,-1,-1,563,-1
19825,[0.47937097 0.51460181],5,6,"[0.5164739970238864, 0.5319253761973344]",-1,-1
19826,[0.24099236 0.46249928],7,8,"[0.27392971195344684, 0.45973140540928376]",-1,-1
19827,[0.3604866  0.37860198],6,1,"[0.3897435781344088, 0.3417040596068965]",1009,-1
19828,[0.35343875 0.37964983],6,1,"[0.3897435781344088, 0.3417040596068965]",1078,-1
19829,[0.72570222 0.70368478],1,4,"[0.7726811996944247, 0.7249303226766757]",350,0
19830,[0.31709827 0.48184107],7,8,"[0.27392971195344684, 0.45973140540928376]",-1,-1
19831,[0.24264352 0.47410563],7,8,"[0.27392971195344684, 0.45973140540928376]",1707,-1
19832,[0.68811517 0.63291376],9,-1,-1,493,-1
19833,[0.28151424 0.16178814],0,-1,-1,121,-1
19834,[0.27248688 0.45076078],7,8,"[0.27392971195344684, 0.45973140540928376]",-1,-1
19835,[0.37337864 0.60469418],3,0,"[0.383291892093257, 0.5586820702346661]",1755,-1
19836,[0.67064455 0.62198979],9,-1,-1,495,-1
19837,[0.21893392 0.57699511],7,7,"[0.2817018170798153, 0.5849768676672948]",380,-1
19838,[0.35315499 0.62687098],5,-1,-1,1304,-1
19839,[0.32283122 0.56172516],3,7,"[0.2817018170798153, 0.5849768676672948]",1977,17
19840,[0.56526169 0.62140142],9,2,"[0.5921204552873188, 0.6383928111301557]",1284,-1
19841,[0.44772051 0.61911221],3,-1,-1,707,-1
19842,[0.29174316 0.35296214],2,-1,-1,1479,-1
19843,[0.3545094  0.53215413],7,0,"[0.383291892093257, 0.5586820702346661]",-1,-1
19844,[0.35111098 0.30104197],6,1,"[0.3897435781344088, 0.3417040596068965]",1529,-1
19845,[0.82337067 0.65094679],1,-1,-1,-1,0
19846,[0.77107435 0.74393611],1,4,"[0.7726811996944247, 0.7249303226766757]",430,0
19847,[0.33203327 0.58456739],7,7,"[0.2817018170798153, 0.5849768676672948]",-1,17
19848,[0.62931297 0.61484365],5,2,"[0.5921204552873188, 0.6383928111301557]",740,-1
19849,[0.37775129 0.26773869],6,-1,-1,1073,-1
19850,[0.81877781 0.85140862],1,-1,-1,-1,-1
19851,[0.48389716 0.5755465 ],4,6,"[0.5164739970238864, 0.5319253761973344]",1225,-1
19852,[0.59862172 0.44848842],8,-1,-1,616,-1
19853,[0.29472503 0.58308108],3,7,"[0.2817018170798153, 0.5849768676672948]",1840,-1
19854,[0.33980932 0.67922462],7,-1,-1,-1,-1
19855,[0.26744663 0.57757142],7,7,"[0.2817018170798153, 0.5849768676672948]",1669,-1
19856,[0.35074862 0.50587135],4,0,"[0.383291892093257, 0.5586820702346661]",1801,-1
19857,[0.6475472 0.4624796],8,3,"[0.6815204869410737, 0.47689852788858716]",812,-1
19858,[0.3000528  0.28694258],2,9,"[0.3110394802231661, 0.23517199738277297]",-1,11
19859,[0.78002095 0.75188515],1,4,"[0.7726811996944247, 0.7249303226766757]",412,0
19860,[0.36831116 0.20827445],2,9,"[0.3110394802231661, 0.23517199738277297]",171,-1
19861,[0.72181018 0.7533462 ],1,4,"[0.7726811996944247, 0.7249303226766757]",-1,0
19862,[0.32566012 0.21892642],0,9,"[0.3110394802231661, 0.23517199738277297]",-1,-1
19863,[0.3061147  0.63955495],7,7,"[0.2817018170798153, 0.5849768676672948]",554,-1
19864,[0.67738742 0.63908814],9,-1,-1,581,-1
19865,[0.74949959 0.64480782],1,-1,-1,310,0
19866,[0.64921963 0.47143742],8,3,"[0.6815204869410737, 0.47689852788858716]",824,1
19867,[0.59659765 0.60861624],9,2,"[0.5921204552873188, 0.6383928111301557]",-1,-1
19868,[0.55096313 0.58626621],5,6,"[0.5164739970238864, 0.5319253761973344]",-1,6
19869,[0.62352655 0.61869421],9,2,"[0.5921204552873188, 0.6383928111301557]",-1,-1
19870,[0.63532024 0.54411833],8,-1,-1,-1,-1
19871,[0.31858792 0.23011563],2,9,"[0.3110394802231661, 0.23517199738277297]",1492,-1
19872,[0.74428057 0.74099462],1,4,"[0.7726811996944247, 0.7249303226766757]",453,0
19873,[0.2344942  0.33543027],2,5,"[0.23231087327800656, 0.30304944505444303]",1522,-1
19874,[0.56861774 0.54532355],5,6,"[0.5164739970238864, 0.5319253761973344]",-1,-1
19875,[0.60731737 0.55218042],5,-1,-1,1293,-1
19876,[0.21128723 0.33414412],0,5,"[0.23231087327800656, 0.30304944505444303]",-1,-1
19877,[0.53044526 0.56080953],5,6,"[0.5164739970238864, 0.5319253761973344]",-1,-1
19878,[0.70316364 0.4245916 ],8,3,"[0.6815204869410737, 0.47689852788858716]",-1,-1
19879,[0.18944585 0.4906915 ],7,-1,-1,214,-1
19880,[0.23620277 0.29414965],0,5,"[0.23231087327800656, 0.30304944505444303]",1298,-1
19881,[0.45082767 0.58530324],3,-1,-1,-1,4
19882,[0.74176613 0.6864868 ],1,4,"[0.7726811996944247, 0.7249303226766757]",440,0
19883,[0.6991865 0.7344871],1,-1,-1,383,0
19884,[0.8436075  0.67263906],1,-1,-1,306,0
19885,[0.29821352 0.59235233],4,7,"[0.2817018170798153, 0.5849768676672948]",1820,-1
19886,[0.22179574 0.28667453],0,5,"[0.23231087327800656, 0.30304944505444303]",1114,-1
19887,[0.27450281 0.32295248],6,5,"[0.23231087327800656, 0.30304944505444303]",1585,9
19888,[0.35180642 0.63505999],3,-1,-1,-1,-1
19889,[0.48040364 0.60749735],5,-1,-1,737,-1
19890,[0.29062692 0.35040466],6,-1,-1,-1,-1
19891,[0.3367116  0.60668262],4,7,"[0.2817018170798153, 0.5849768676672948]",-1,-1
19892,[0.41765233 0.60285015],3,0,"[0.383291892093257, 0.5586820702346661]",-1,-1
19893,[0.63830956 0.50440846],5,3,"[0.6815204869410737, 0.47689852788858716]",866,-1
19894,[0.38478622 0.52683584],3,0,"[0.383291892093257, 0.5586820702346661]",-1,-1
19895,[0.35561312 0.21043725],2,9,"[0.3110394802231661, 0.23517199738277297]",-1,-1
19896,[0.87083196 0.67378676],1,-1,-1,81,-1
19897,[0.43145802 0.4946521 ],5,-1,-1,-1,-1
19898,[0.20116024 0.50134346],7,-1,-1,211,-1
19899,[0.75242839 0.67118559],1,4,"[0.7726811996944247, 0.7249303226766757]",-1,0
19900,[0.36735908 0.52511789],4,0,"[0.383291892093257, 0.5586820702346661]",-1,-1
19901,[0.46136291 0.49017235],5,6,"[0.5164739970238864, 0.5319253761973344]",666,-1
19902,[0.36181619 0.33483653],6,1,"[0.3897435781344088, 0.3417040596068965]",1532,-1
19903,[0.45960074 0.55889076],5,6,"[0.5164739970238864, 0.5319253761973344]",1271,-1
19904,[0.37480747 0.38071756],6,1,"[0.3897435781344088, 0.3417040596068965]",1006,-1
19905,[0.17825661 0.21992853],0,-1,-1,-1,-1
19906,[0.2514692  0.26279821],6,5,"[0.23231087327800656, 0.30304944505444303]",1310,-1
19907,[0.22256472 0.59712622],4,7,"[0.2817018170798153, 0.5849768676672948]",246,-1
19908,[0.45905781 0.44065975],5,-1,-1,-1,-1
19909,[0.40220725 0.56528913],3,0,"[0.383291892093257, 0.5586820702346661]",1748,-1
19910,[0.22929824 0.426706  ],7,8,"[0.27392971195344684, 0.45973140540928376]",656,-1
19911,[0.52845448 0.563705  ],5,6,"[0.5164739970238864, 0.5319253761973344]",-1,-1
19912,[0.19628364 0.34469648],2,5,"[0.23231087327800656, 0.30304944505444303]",-1,-1
19913,[0.30158977 0.52658179],7,7,"[0.2817018170798153, 0.5849768676672948]",1788,-1
19914,[0.47282211 0.67580842],9,-1,-1,-1,-1
19915,[0.39246217 0.56455941],3,0,"[0.383291892093257, 0.5586820702346661]",-1,-1
19916,[0.24279079 0.25212118],0,5,"[0.23231087327800656, 0.30304944505444303]",1319,-1
19917,[0.7549177 0.7421102],1,4,"[0.7726811996944247, 0.7249303226766757]",451,0
19918,[0.39374489 0.60144451],4,0,"[0.383291892093257, 0.5586820702346661]",-1,-1
19919,[0.54038014 0.54994618],5,6,"[0.5164739970238864, 0.5319253761973344]",1406,6
19920,[0.47211304 0.30563837],6,-1,-1,-1,-1
19921,[0.64839661 0.59596159],9,-1,-1,1013,-1
19922,[0.2661055  0.45142673],7,8,"[0.27392971195344684, 0.45973140540928376]",1247,-1
19923,[0.37405474 0.28352441],6,1,"[0.3897435781344088, 0.3417040596068965]",-1,-1
19924,[0.74558378 0.7501975 ],1,4,"[0.7726811996944247, 0.7249303226766757]",-1,0
19925,[0.69474662 0.43540236],8,3,"[0.6815204869410737, 0.47689852788858716]",-1,-1
19926,[0.48305114 0.57505719],3,6,"[0.5164739970238864, 0.5319253761973344]",1225,-1
19927,[0.32174567 0.40191209],2,-1,-1,-1,-1
19928,[0.28164017 0.3155858 ],2,5,"[0.23231087327800656, 0.30304944505444303]",1585,9
19929,[0.55746676 0.57896464],5,6,"[0.5164739970238864, 0.5319253761973344]",1451,6
19930,[0.38354549 0.48830086],7,-1,-1,1042,-1
19931,[0.4568874  0.52854504],3,6,"[0.5164739970238864, 0.5319253761973344]",1305,-1
19932,[0.78232271 0.76872376],1,4,"[0.7726811996944247, 0.7249303226766757]",-1,0
19933,[0.47757349 0.47259358],5,-1,-1,-1,-1
19934,[0.27210233 0.27618431],0,5,"[0.23231087327800656, 0.30304944505444303]",-1,-1
19935,[0.3848247 0.5680737],4,0,"[0.383291892093257, 0.5586820702346661]",-1,-1
19936,[0.73609338 0.7756566 ],1,4,"[0.7726811996944247, 0.7249303226766757]",301,0
19937,[0.30739431 0.49073717],3,8,"[0.27392971195344684, 0.45973140540928376]",-1,-1
19938,[0.34729728 0.31119718],0,1,"[0.3897435781344088, 0.3417040596068965]",-1,-1
19939,[0.46288071 0.50596929],5,6,"[0.5164739970238864, 0.5319253761973344]",753,-1
19940,[0.42040909 0.65507869],4,-1,-1,-1,-1
19941,[0.55443628 0.52735179],5,6,"[0.5164739970238864, 0.5319253761973344]",1390,-1
19942,[0.22678573 0.32031192],0,5,"[0.23231087327800656, 0.30304944505444303]",-1,-1
19943,[0.70324127 0.76813398],1,-1,-1,228,0
19944,[0.43107995 0.27306832],6,-1,-1,532,-1
19945,[0.40176877 0.30379155],2,1,"[0.3897435781344088, 0.3417040596068965]",-1,-1
19946,[0.45227366 0.61194359],3,-1,-1,-1,-1
19947,[0.6041491  0.49561912],8,-1,-1,843,-1
19948,[0.28508062 0.38091842],6,-1,-1,-1,-1
19949,[0.64199335 0.52925767],8,3,"[0.6815204869410737, 0.47689852788858716]",861,-1
19950,[0.54013147 0.56691331],9,6,"[0.5164739970238864, 0.5319253761973344]",-1,-1
19951,[0.83016872 0.4673188 ],8,-1,-1,-1,-1
19952,[0.28187584 0.57148134],3,7,"[0.2817018170798153, 0.5849768676672948]",-1,-1
19953,[0.25534795 0.41596004],0,8,"[0.27392971195344684, 0.45973140540928376]",-1,-1
19954,[0.28896486 0.25640997],0,9,"[0.3110394802231661, 0.23517199738277297]",1612,-1
19955,[0.38481075 0.27780698],6,1,"[0.3897435781344088, 0.3417040596068965]",1073,-1
19956,[0.67735677 0.6109539 ],9,-1,-1,447,-1
19957,[0.40329655 0.41019958],3,1,"[0.3897435781344088, 0.3417040596068965]",-1,-1
19958,[0.15720782 0.50642227],7,-1,-1,-1,-1
19959,[0.66129855 0.37241767],8,-1,-1,-1,-1
19960,[0.41129038 0.35862994],6,1,"[0.3897435781344088, 0.3417040596068965]",982,-1
19961,[0.18114201 0.57818997],7,-1,-1,102,-1
19962,[0.65330865 0.45791777],8,3,"[0.6815204869410737, 0.47689852788858716]",801,-1
19963,[0.33374862 0.13656679],0,-1,-1,-1,-1
19964,[0.53733623 0.69000566],9,-1,-1,555,-1
19965,[0.5545129  0.47771118],5,6,"[0.5164739970238864, 0.5319253761973344]",744,-1
19966,[0.53346    0.71681747],9,-1,-1,261,-1
19967,[0.47871476 0.68662081],5,-1,-1,143,-1
19968,[0.2062482  0.33114774],2,5,"[0.23231087327800656, 0.30304944505444303]",-1,-1
19969,[0.33258519 0.36529151],6,1,"[0.3897435781344088, 0.3417040596068965]",1367,-1
19970,[0.26034996 0.61155205],4,7,"[0.2817018170798153, 0.5849768676672948]",-1,-1
19971,[0.21873212 0.34067562],2,5,"[0.23231087327800656, 0.30304944505444303]",-1,-1
19972,[0.4903145  0.69508634],9,-1,-1,132,-1
19973,[0.16665002 0.24482382],0,-1,-1,172,-1
19974,[0.38389198 0.57768271],4,0,"[0.383291892093257, 0.5586820702346661]",1825,-1
19975,[0.45606889 0.19654392],6,-1,-1,-1,-1
19976,[0.66401201 0.52814573],9,3,"[0.6815204869410737, 0.47689852788858716]",669,-1
19977,[0.24123906 0.27007363],0,5,"[0.23231087327800656, 0.30304944505444303]",1363,-1
19978,[0.31277207 0.61381299],3,7,"[0.2817018170798153, 0.5849768676672948]",-1,-1
19979,[0.47844391 0.54172925],5,6,"[0.5164739970238864, 0.5319253761973344]",-1,-1
19980,[0.36699807 0.59075446],3,0,"[0.383291892093257, 0.5586820702346661]",-1,-1
19981,[0.25103559 0.50207816],4,8,"[0.27392971195344684, 0.45973140540928376]",1759,-1
19982,[0.37461525 0.65530964],3,-1,-1,-1,-1
19983,[0.49026298 0.64318248],9,-1,-1,647,-1
19984,[0.68145735 0.54332829],8,3,"[0.6815204869410737, 0.47689852788858716]",672,-1
19985,[0.63734398 0.51442381],8,3,"[0.6815204869410737, 0.47689852788858716]",-1,1
19986,[0.69812506 0.58680152],9,-1,-1,-1,-1
19987,[0.64409099 0.34827524],8,-1,-1,-1,-1
19988,[0.49296192 0.61204684],9,-1,-1,918,-1
19989,[0.57670703 0.59667763],9,2,"[0.5921204552873188, 0.6383928111301557]",-1,6
19990,[0.28913582 0.57602048],7,7,"[0.2817018170798153, 0.5849768676672948]",-1,-1
19991,[0.24376782 0.53036561],7,7,"[0.2817018170798153, 0.5849768676672948]",1488,-1
19992,[0.36876847 0.33026079],6,1,"[0.3897435781344088, 0.3417040596068965]",1536,-1
19993,[0.41732516 0.62106452],3,-1,-1,1474,-1
19994,[0.77697691 0.65289579],1,-1,-1,327,0
19995,[0.28813474 0.25418484],0,9,"[0.3110394802231661, 0.23517199738277297]",1612,-1
19996,[0.36839321 0.482992  ],4,-1,-1,1561,-1
19997,[0.65787608 0.51740639],8,3,"[0.6815204869410737, 0.47689852788858716]",782,-1
19998,[0.57784268 0.47390143],8,-1,-1,772,-1
19999,[0.25398635 0.47696327],7,8,"[0.27392971195344684, 0.45973140540928376]",1527,-1
20000,[0.32285362 0.5206283 ],4,-1,-1,1824,-1
20001,[0.36025774 0.30812021],2,1,"[0.3897435781344088, 0.3417040596068965]",1540,-1
20002,[0.27772674 0.45677426],2,8,"[0.27392971195344684, 0.45973140540928376]",1248,-1
20003,[0.63620025 0.70495428],9,-1,-1,283,-1
20004,[0.23233745 0.23463988],0,5,"[0.23231087327800656, 0.30304944505444303]",947,-1
20005,[0.33658006 0.3739768 ],6,1,"[0.3897435781344088, 0.3417040596068965]",1348,-1
20006,[0.34861802 0.5580627 ],5,0,"[0.383291892093257, 0.5586820702346661]",1956,-1
20007,[0.4802593  0.29778654],6,-1,-1,-1,-1
20008,[0.3129215  0.48802184],4,8,"[0.27392971195344684, 0.45973140540928376]",1857,-1
20009,[0.29553764 0.49316824],4,8,"[0.27392971195344684, 0.45973140540928376]",1791,-1
20010,[0.71601673 0.45818828],8,3,"[0.6815204869410737, 0.47689852788858716]",693,-1
20011,[0.43867464 0.40087725],6,-1,-1,426,-1
20012,[0.48657975 0.58911675],9,6,"[0.5164739970238864, 0.5319253761973344]",-1,-1
20013,[0.35575367 0.61958171],4,0,"[0.383291892093257, 0.5586820702346661]",-1,-1
20014,[0.3126481  0.38310886],6,-1,-1,1420,-1
20015,[0.67845868 0.49164371],8,3,"[0.6815204869410737, 0.47689852788858716]",-1,-1
20016,[0.42375733 0.61331668],3,0,"[0.383291892093257, 0.5586820702346661]",-1,-1
20017,[0.67769928 0.73028866],1,-1,-1,-1,0
20018,[0.38497862 0.2518663 ],0,-1,-1,-1,-1
20019,[0.40307107 0.33106476],0,1,"[0.3897435781344088, 0.3417040596068965]",1000,-1
20020,[0.45799412 0.37673209],6,-1,-1,-1,-1
20021,[0.4111136  0.52351062],5,0,"[0.383291892093257, 0.5586820702346661]",1637,-1
20022,[0.33882521 0.51085323],7,0,"[0.383291892093257, 0.5586820702346661]",1880,-1
20023,[0.66767617 0.55703389],9,-1,-1,-1,-1
20024,[0.39478637 0.44253214],3,-1,-1,567,-1
20025,[0.20143566 0.49266179],7,-1,-1,-1,-1
20026,[0.27065178 0.30191328],0,5,"[0.23231087327800656, 0.30304944505444303]",-1,-1
20027,[0.29159942 0.38149998],2,-1,-1,-1,-1
20028,[0.49479367 0.65535185],9,-1,-1,-1,-1
20029,[0.25096387 0.59398749],7,7,"[0.2817018170798153, 0.5849768676672948]",755,-1
20030,[0.4507792  0.58630119],3,-1,-1,-1,4
20031,[0.72395434 0.7296172 ],1,4,"[0.7726811996944247, 0.7249303226766757]",381,0
20032,[0.55575154 0.57889523],5,6,"[0.5164739970238864, 0.5319253761973344]",1451,6
20033,[0.20150902 0.59836521],4,-1,-1,-1,-1
20034,[0.69000342 0.43401545],8,3,"[0.6815204869410737, 0.47689852788858716]",-1,-1
20035,[0.24870277 0.54541132],3,7,"[0.2817018170798153, 0.5849768676672948]",-1,-1
20036,[0.22865057 0.59014526],4,7,"[0.2817018170798153, 0.5849768676672948]",506,-1
20037,[0.32674381 0.32735355],2,1,"[0.3897435781344088, 0.3417040596068965]",-1,-1
20038,[0.68510899 0.55339652],9,-1,-1,673,-1
20039,[0.33252226 0.22020002],6,9,"[0.3110394802231661, 0.23517199738277297]",-1,-1
20040,[0.32888938 0.22276755],0,9,"[0.3110394802231661, 0.23517199738277297]",969,-1
20041,[0.4030541  0.66167509],3,-1,-1,-1,-1
20042,[0.3860616  0.22045885],0,-1,-1,174,-1
20043,[0.40826218 0.51468628],3,0,"[0.383291892093257, 0.5586820702346661]",1638,-1
20044,[0.51560111 0.71047356],9,-1,-1,116,-1
20045,[0.5934718  0.62142506],9,2,"[0.5921204552873188, 0.6383928111301557]",1343,6
20046,[0.84858909 0.84022194],1,-1,-1,18,-1
20047,[0.58312771 0.65268951],5,2,"[0.5921204552873188, 0.6383928111301557]",1124,-1
20048,[0.3653608  0.59907572],3,0,"[0.383291892093257, 0.5586820702346661]",-1,-1
20049,[0.457117   0.22829039],6,-1,-1,-1,-1
20050,[0.38107715 0.66416625],4,-1,-1,702,-1
20051,[0.83848253 0.66706456],1,-1,-1,-1,0
20052,[0.21347878 0.54670328],7,-1,-1,644,-1
20053,[0.6021451  0.74758753],9,-1,-1,-1,-1
20054,[0.29934146 0.35259633],2,-1,-1,1551,-1
20055,[0.29616354 0.29201502],2,9,"[0.3110394802231661, 0.23517199738277297]",1689,11
20056,[0.2888898  0.56707246],7,7,"[0.2817018170798153, 0.5849768676672948]",1896,-1
20057,[0.31648474 0.2899858 ],0,9,"[0.3110394802231661, 0.23517199738277297]",1580,11
20058,[0.3487639  0.60588966],3,0,"[0.383291892093257, 0.5586820702346661]",1833,-1
20059,[0.46232713 0.54158894],3,6,"[0.5164739970238864, 0.5319253761973344]",-1,-1
20060,[0.22312085 0.28599159],2,5,"[0.23231087327800656, 0.30304944505444303]",1114,-1
20061,[0.25261767 0.5547403 ],3,7,"[0.2817018170798153, 0.5849768676672948]",1706,-1
20062,[0.36435503 0.60838911],5,0,"[0.383291892093257, 0.5586820702346661]",1752,-1
20063,[0.36628162 0.32536646],6,1,"[0.3897435781344088, 0.3417040596068965]",1536,-1
20064,[0.79136829 0.77551063],1,4,"[0.7726811996944247, 0.7249303226766757]",-1,0
20065,[0.57805884 0.69944672],9,2,"[0.5921204552873188, 0.6383928111301557]",-1,-1
20066,[0.45407934 0.51730697],5,6,"[0.5164739970238864, 0.5319253761973344]",-1,-1
20067,[0.22011133 0.43829821],7,8,"[0.27392971195344684, 0.45973140540928376]",-1,-1
20068,[0.72830458 0.45468818],8,3,"[0.6815204869410737, 0.47689852788858716]",693,-1
20069,[0.50116127 0.54578737],3,6,"[0.5164739970238864, 0.5319253761973344]",1186,-1
20070,[0.63157131 0.61788235],5,2,"[0.5921204552873188, 0.6383928111301557]",-1,-1
20071,[0.30357243 0.61739085],4,7,"[0.2817018170798153, 0.5849768676672948]",-1,-1
20072,[0.39959023 0.43050843],3,-1,-1,363,-1
20073,[0.28148599 0.30627347],6,5,"[0.23231087327800656, 0.30304944505444303]",-1,-1
20074,[0.77176924 0.79222559],1,4,"[0.7726811996944247, 0.7249303226766757]",369,0
20075,[0.51937375 0.39928164],6,-1,-1,-1,-1
20076,[0.69692753 0.52267823],8,3,"[0.6815204869410737, 0.47689852788858716]",571,-1
20077,[0.51555124 0.47490768],5,6,"[0.5164739970238864, 0.5319253761973344]",-1,-1
20078,[0.24948433 0.64484091],4,7,"[0.2817018170798153, 0.5849768676672948]",-1,-1
20079,[0.733085   0.44661977],8,3,"[0.6815204869410737, 0.47689852788858716]",-1,-1
20080,[0.58620288 0.50132622],8,-1,-1,841,-1
20081,[0.34984633 0.45937082],3,-1,-1,-1,-1
20082,[0.76069285 0.72219262],1,4,"[0.7726811996944247, 0.7249303226766757]",469,0
20083,[0.34409487 0.32156211],6,1,"[0.3897435781344088, 0.3417040596068965]",1575,-1
20084,[0.35516871 0.3322661 ],6,1,"[0.3897435781344088, 0.3417040596068965]",1407,-1
20085,[0.28614822 0.6142968 ],7,7,"[0.2817018170798153, 0.5849768676672948]",878,-1
20086,[0.74724738 0.5061084 ],8,-1,-1,-1,-1
20087,[0.32660315 0.35235194],0,1,"[0.3897435781344088, 0.3417040596068965]",-1,-1
20088,[0.28882933 0.58486529],4,7,"[0.2817018170798153, 0.5849768676672948]",1810,-1
20089,[0.30820635 0.24247032],2,9,"[0.3110394802231661, 0.23517199738277297]",1498,-1
20090,[0.54989163 0.57949183],5,6,"[0.5164739970238864, 0.5319253761973344]",-1,6
20091,[0.27186307 0.44743213],3,8,"[0.27392971195344684, 0.45973140540928376]",1251,-1
20092,[0.74132597 0.5469796 ],8,-1,-1,-1,-1
20093,[0.56655092 0.61273061],5,2,"[0.5921204552873188, 0.6383928111301557]",1412,-1
20094,[0.44648641 0.41305673],6,-1,-1,-1,-1
20095,[0.74738588 0.51368757],8,-1,-1,-1,-1
20096,[0.53102297 0.58114647],5,6,"[0.5164739970238864, 0.5319253761973344]",1372,-1
20097,[0.3122684  0.38954853],2,-1,-1,-1,-1
20098,[0.73945967 0.70773064],1,4,"[0.7726811996944247, 0.7249303226766757]",436,0
20099,[0.30736469 0.34220735],6,-1,-1,1593,8
20100,[0.20424204 0.46322526],7,8,"[0.27392971195344684, 0.45973140540928376]",330,-1
20101,[0.28049549 0.58949481],4,7,"[0.2817018170798153, 0.5849768676672948]",1572,-1
20102,[0.21889605 0.5301708 ],4,-1,-1,-1,-1
20103,[0.37303105 0.50313667],4,0,"[0.383291892093257, 0.5586820702346661]",1766,-1
20104,[0.30413703 0.61274858],3,7,"[0.2817018170798153, 0.5849768676672948]",1762,-1
20105,[0.44669462 0.55850095],3,0,"[0.383291892093257, 0.5586820702346661]",-1,-1
20106,[0.34271116 0.54230263],3,0,"[0.383291892093257, 0.5586820702346661]",1953,16
20107,[0.2060586  0.56721815],7,-1,-1,486,-1
20108,[0.22677668 0.33851462],6,5,"[0.23231087327800656, 0.30304944505444303]",-1,-1
20109,[0.69490914 0.30476355],8,-1,-1,-1,-1
20110,[0.29201194 0.33838161],2,5,"[0.23231087327800656, 0.30304944505444303]",-1,-1
20111,[0.32035911 0.61808713],3,7,"[0.2817018170798153, 0.5849768676672948]",-1,-1
20112,[0.70036547 0.47210473],8,3,"[0.6815204869410737, 0.47689852788858716]",-1,-1
20113,[0.27660839 0.33490502],2,5,"[0.23231087327800656, 0.30304944505444303]",-1,9
20114,[0.5274451  0.55937436],5,6,"[0.5164739970238864, 0.5319253761973344]",-1,-1
20115,[0.57018197 0.60225735],5,2,"[0.5921204552873188, 0.6383928111301557]",-1,-1
20116,[0.31142796 0.46370322],7,8,"[0.27392971195344684, 0.45973140540928376]",-1,-1
20117,[0.72970217 0.67484627],1,4,"[0.7726811996944247, 0.7249303226766757]",-1,0
20118,[0.51600832 0.48428719],5,6,"[0.5164739970238864, 0.5319253761973344]",604,-1
20119,[0.07260204 0.2856733 ],0,-1,-1,-1,-1
20120,[0.49106375 0.37387666],6,-1,-1,200,-1
20121,[0.23784702 0.32648008],2,5,"[0.23231087327800656, 0.30304944505444303]",-1,-1
20122,[0.37955817 0.35436151],6,1,"[0.3897435781344088, 0.3417040596068965]",-1,-1
20123,[0.7966107  0.66599761],1,4,"[0.7726811996944247, 0.7249303226766757]",-1,0
20124,[0.27264905 0.32323524],0,5,"[0.23231087327800656, 0.30304944505444303]",1585,9
20125,[0.28741455 0.3235473 ],2,5,"[0.23231087327800656, 0.30304944505444303]",-1,-1
20126,[0.62039207 0.51468802],8,-1,-1,862,-1
20127,[0.63457768 0.64709426],9,2,"[0.5921204552873188, 0.6383928111301557]",-1,-1
20128,[0.2597002  0.60006808],7,7,"[0.2817018170798153, 0.5849768676672948]",1646,-1
20129,[0.25513739 0.31910115],2,5,"[0.23231087327800656, 0.30304944505444303]",1501,7
20130,[0.22684132 0.42669289],7,8,"[0.27392971195344684, 0.45973140540928376]",656,-1
20131,[0.62945998 0.56644349],8,-1,-1,-1,-1
20132,[0.51853799 0.59371354],9,6,"[0.5164739970238864, 0.5319253761973344]",-1,-1
20133,[0.42006451 0.63603575],3,-1,-1,-1,-1
20134,[0.75707509 0.45528264],8,-1,-1,263,-1
20135,[0.4411884  0.53861356],3,0,"[0.383291892093257, 0.5586820702346661]",-1,-1
20136,[0.78269454 0.65229387],1,-1,-1,-1,0
20137,[0.2133447  0.39899999],7,-1,-1,502,-1
20138,[0.66917137 0.71652697],1,-1,-1,253,-1
20139,[0.58575539 0.40401069],8,-1,-1,-1,-1
20140,[0.26606589 0.57918897],4,7,"[0.2817018170798153, 0.5849768676672948]",1669,-1
20141,[0.33008034 0.39322964],2,-1,-1,1215,-1
20142,[0.24752795 0.50424446],7,8,"[0.27392971195344684, 0.45973140540928376]",1759,-1
20143,[0.26675137 0.45804824],6,8,"[0.27392971195344684, 0.45973140540928376]",1241,-1
20144,[0.21210835 0.5958576 ],7,-1,-1,181,-1
20145,[0.35835757 0.52763445],3,0,"[0.383291892093257, 0.5586820702346661]",-1,-1
20146,[0.43856317 0.32506409],6,1,"[0.3897435781344088, 0.3417040596068965]",-1,-1
20147,[0.25782908 0.5673819 ],7,7,"[0.2817018170798153, 0.5849768676672948]",1699,-1
20148,[0.54888574 0.58220289],9,6,"[0.5164739970238864, 0.5319253761973344]",-1,6
20149,[0.66607532 0.65968067],9,-1,-1,636,-1
20150,[0.47766934 0.59496078],5,-1,-1,-1,-1
20151,[0.341745   0.29412889],0,9,"[0.3110394802231661, 0.23517199738277297]",1666,-1
20152,[0.30725766 0.31359602],2,-1,-1,1648,-1
20153,[0.25957599 0.29935745],2,5,"[0.23231087327800656, 0.30304944505444303]",1649,-1
20154,[0.3207306  0.33232222],2,1,"[0.3897435781344088, 0.3417040596068965]",1613,-1
20155,[0.70283022 0.79051587],1,-1,-1,182,0
20156,[0.2586041  0.51934184],7,8,"[0.27392971195344684, 0.45973140540928376]",-1,-1
20157,[0.30383891 0.29613152],0,9,"[0.3110394802231661, 0.23517199738277297]",-1,11
20158,[0.30598777 0.30262302],6,9,"[0.3110394802231661, 0.23517199738277297]",-1,-1
20159,[0.62691051 0.69451127],9,2,"[0.5921204552873188, 0.6383928111301557]",-1,-1
20160,[0.33476486 0.6322097 ],3,-1,-1,-1,-1
20161,[0.84028999 0.6550726 ],1,-1,-1,162,0
20162,[0.58529303 0.53598988],5,6,"[0.5164739970238864, 0.5319253761973344]",1234,-1
20163,[0.40738981 0.22313654],0,-1,-1,-1,-1
20164,[0.37943123 0.61028483],3,0,"[0.383291892093257, 0.5586820702346661]",1513,-1
20165,[0.64244287 0.57093348],5,-1,-1,811,-1
20166,[0.26036201 0.60345329],4,7,"[0.2817018170798153, 0.5849768676672948]",1646,-1
20167,[0.72208216 0.6727064 ],1,-1,-1,357,0
20168,[0.25345113 0.18387617],0,-1,-1,-1,-1
20169,[0.30858798 0.44505841],7,8,"[0.27392971195344684, 0.45973140540928376]",1080,-1
20170,[0.45909689 0.30343615],6,-1,-1,473,-1
20171,[0.27314306 0.38952373],2,-1,-1,-1,-1
20172,[0.84881247 0.72076963],1,-1,-1,-1,0
20173,[0.50851465 0.52513543],5,6,"[0.5164739970238864, 0.5319253761973344]",-1,-1
20174,[0.406387   0.55768689],4,0,"[0.383291892093257, 0.5586820702346661]",-1,-1
20175,[0.53804224 0.53045004],5,6,"[0.5164739970238864, 0.5319253761973344]",1150,-1
20176,[0.32232437 0.50886893],7,8,"[0.27392971195344684, 0.45973140540928376]",-1,-1
20177,[0.55869341 0.41626104],8,-1,-1,-1,-1
20178,[0.70649535 0.68605928],1,-1,-1,339,0
20179,[0.14813394 0.47244199],7,-1,-1,-1,-1
20180,[0.5715261  0.64622987],9,2,"[0.5921204552873188, 0.6383928111301557]",1220,-1
20181,[0.60690581 0.65312527],9,2,"[0.5921204552873188, 0.6383928111301557]",-1,-1
20182,[0.29351345 0.4787628 ],7,8,"[0.27392971195344684, 0.45973140540928376]",-1,-1
20183,[0.32975622 0.57812899],3,7,"[0.2817018170798153, 0.5849768676672948]",-1,-1
20184,[0.73727297 0.80471183],1,-1,-1,288,0
20185,[0.24357942 0.21612294],0,-1,-1,750,-1
20186,[0.65758718 0.47037713],8,3,"[0.6815204869410737, 0.47689852788858716]",-1,-1
20187,[0.32313749 0.23319614],0,9,"[0.3110394802231661, 0.23517199738277297]",-1,-1
20188,[0.1516048 0.5236932],7,-1,-1,-1,-1
20189,[0.34666443 0.40984448],6,-1,-1,880,-1
20190,[0.63907   0.3885049],8,-1,-1,157,-1
20191,[0.42773046 0.3155064 ],6,1,"[0.3897435781344088, 0.3417040596068965]",-1,-1
20192,[0.32426529 0.31115686],2,-1,-1,-1,10
20193,[0.28377938 0.4272419 ],4,8,"[0.27392971195344684, 0.45973140540928376]",-1,-1
20194,[0.30857595 0.2508224 ],2,9,"[0.3110394802231661, 0.23517199738277297]",-1,-1
20195,[0.63331089 0.42159003],8,-1,-1,264,-1
20196,[0.52691156 0.493363  ],5,6,"[0.5164739970238864, 0.5319253761973344]",1096,-1
20197,[0.45012349 0.352594  ],6,1,"[0.3897435781344088, 0.3417040596068965]",-1,-1
20198,[0.74628424 0.46485214],8,3,"[0.6815204869410737, 0.47689852788858716]",513,-1
20199,[0.42229945 0.59612954],3,0,"[0.383291892093257, 0.5586820702346661]",-1,-1
20200,[0.6914755  0.42733569],8,3,"[0.6815204869410737, 0.47689852788858716]",597,-1
20201,[0.13267311 0.21393667],0,-1,-1,61,-1
20202,[0.28304434 0.41680894],2,8,"[0.27392971195344684, 0.45973140540928376]",1075,-1
20203,[0.56833608 0.69507091],9,2,"[0.5921204552873188, 0.6383928111301557]",-1,-1
20204,[0.33920469 0.32886074],6,1,"[0.3897435781344088, 0.3417040596068965]",-1,-1
20205,[0.54860252 0.4940249 ],5,6,"[0.5164739970238864, 0.5319253761973344]",-1,-1
20206,[0.36602445 0.49662954],4,0,"[0.383291892093257, 0.5586820702346661]",-1,-1
20207,[0.59204334 0.65928079],9,2,"[0.5921204552873188, 0.6383928111301557]",1125,-1
20208,[0.60984221 0.66540565],9,2,"[0.5921204552873188, 0.6383928111301557]",1120,-1
20209,[0.2854122  0.29067209],0,5,"[0.23231087327800656, 0.30304944505444303]",1686,11
20210,[0.50186329 0.57505838],5,6,"[0.5164739970238864, 0.5319253761973344]",1380,-1
20211,[0.5374946  0.59384649],5,6,"[0.5164739970238864, 0.5319253761973344]",-1,-1
20212,[0.26667839 0.35121324],6,5,"[0.23231087327800656, 0.30304944505444303]",1592,-1
20213,[0.80246398 0.71795597],1,4,"[0.7726811996944247, 0.7249303226766757]",-1,0
20214,[0.23848103 0.60438574],7,7,"[0.2817018170798153, 0.5849768676672948]",-1,-1
20215,[0.28126512 0.53881617],7,7,"[0.2817018170798153, 0.5849768676672948]",1894,-1
20216,[0.178399   0.47662875],7,-1,-1,-1,-1
20217,[0.28199812 0.63521044],4,7,"[0.2817018170798153, 0.5849768676672948]",588,-1
20218,[0.35062036 0.37988686],6,1,"[0.3897435781344088, 0.3417040596068965]",-1,-1
20219,[0.25594581 0.24237719],0,9,"[0.3110394802231661, 0.23517199738277297]",-1,-1
20220,[0.64175725 0.70628739],1,-1,-1,-1,-1
20221,[0.1951802  0.43140377],7,-1,-1,-1,-1
20222,[0.56881013 0.51276554],5,6,"[0.5164739970238864, 0.5319253761973344]",-1,-1
20223,[0.81669645 0.88129453],1,-1,-1,-1,-1
20224,[0.36298778 0.58138847],3,0,"[0.383291892093257, 0.5586820702346661]",1847,12
20225,[0.53941703 0.71050027],9,-1,-1,257,-1
20226,[0.42197716 0.47745771],5,-1,-1,-1,-1
20227,[0.30342019 0.573036  ],4,7,"[0.2817018170798153, 0.5849768676672948]",-1,-1
20228,[0.75444467 0.72119429],1,4,"[0.7726811996944247, 0.7249303226766757]",-1,0
20229,[0.60646959 0.53222081],8,-1,-1,-1,-1
20230,[0.56920262 0.57319958],9,6,"[0.5164739970238864, 0.5319253761973344]",-1,6
20231,[0.26068465 0.23303879],0,9,"[0.3110394802231661, 0.23517199738277297]",1137,-1
20232,[0.76954897 0.58822974],1,-1,-1,57,-1
20233,[0.26696917 0.35641038],2,5,"[0.23231087327800656, 0.30304944505444303]",1564,-1
20234,[0.72559738 0.4718428 ],8,3,"[0.6815204869410737, 0.47689852788858716]",779,-1
20235,[0.3260292  0.30735696],2,-1,-1,-1,10
20236,[0.66649633 0.70601375],1,-1,-1,-1,-1
20237,[0.28962171 0.32508113],2,5,"[0.23231087327800656, 0.30304944505444303]",1621,-1
20238,[0.33145052 0.53989682],7,0,"[0.383291892093257, 0.5586820702346661]",1949,-1
20239,[0.21939628 0.23351885],0,-1,-1,872,-1
20240,[0.38983624 0.35834837],2,1,"[0.3897435781344088, 0.3417040596068965]",1065,-1
20241,[0.52136399 0.72056643],9,-1,-1,-1,-1
20242,[0.32881766 0.57915467],4,7,"[0.2817018170798153, 0.5849768676672948]",1980,-1
20243,[0.46983297 0.54998581],4,6,"[0.5164739970238864, 0.5319253761973344]",-1,-1
20244,[0.5493785  0.57355739],5,6,"[0.5164739970238864, 0.5319253761973344]",1440,6
20245,[0.46902036 0.55517423],5,6,"[0.5164739970238864, 0.5319253761973344]",1084,-1
20246,[0.62130476 0.55113785],9,-1,-1,-1,-1
20247,[0.74798103 0.50947286],8,-1,-1,480,-1
20248,[0.54584477 0.55951737],5,6,"[0.5164739970238864, 0.5319253761973344]",1406,6
20249,[0.40578699 0.56705367],4,0,"[0.383291892093257, 0.5586820702346661]",-1,-1
20250,[0.44507459 0.56643942],5,0,"[0.383291892093257, 0.5586820702346661]",1281,-1
20251,[0.33737206 0.55205725],4,0,"[0.383291892093257, 0.5586820702346661]",1957,-1
20252,[0.29024596 0.38753157],2,-1,-1,-1,-1
20253,[0.66758613 0.43217643],8,3,"[0.6815204869410737, 0.47689852788858716]",-1,-1
20254,[0.32448562 0.42346541],6,8,"[0.27392971195344684, 0.45973140540928376]",-1,-1
20255,[0.80568516 0.82686681],1,-1,-1,141,-1
20256,[0.52285162 0.66044049],5,-1,-1,920,-1
20257,[0.27735388 0.33920314],0,5,"[0.23231087327800656, 0.30304944505444303]",-1,-1
20258,[0.42448498 0.5322092 ],3,0,"[0.383291892093257, 0.5586820702346661]",1469,-1
20259,[0.43560337 0.55617672],5,0,"[0.383291892093257, 0.5586820702346661]",-1,-1
20260,[0.29538744 0.23880287],0,9,"[0.3110394802231661, 0.23517199738277297]",-1,-1
20261,[0.24509238 0.23539194],0,9,"[0.3110394802231661, 0.23517199738277297]",983,-1
20262,[0.56466597 0.60926718],3,2,"[0.5921204552873188, 0.6383928111301557]",-1,-1
20263,[0.83835483 0.72008498],1,4,"[0.7726811996944247, 0.7249303226766757]",311,0
20264,[0.574844   0.58997878],9,2,"[0.5921204552873188, 0.6383928111301557]",-1,6
20265,[0.42756745 0.59612787],5,0,"[0.383291892093257, 0.5586820702346661]",1574,-1
20266,[0.36048192 0.43131012],6,-1,-1,884,-1
20267,[0.21589534 0.30379176],0,5,"[0.23231087327800656, 0.30304944505444303]",-1,-1
20268,[0.28539667 0.47973615],7,8,"[0.27392971195344684, 0.45973140540928376]",1799,-1
20269,[0.24532363 0.48418511],4,8,"[0.27392971195344684, 0.45973140540928376]",1710,-1
20270,[0.75808465 0.4485241 ],8,-1,-1,263,-1
20271,[0.31088243 0.13608548],0,-1,-1,36,-1
20272,[0.24053523 0.34904559],2,5,"[0.23231087327800656, 0.30304944505444303]",1497,-1
20273,[0.55096443 0.50850596],5,6,"[0.5164739970238864, 0.5319253761973344]",906,-1
20274,[0.36424411 0.5048697 ],4,0,"[0.383291892093257, 0.5586820702346661]",1899,-1
20275,[0.43348163 0.31259239],2,1,"[0.3897435781344088, 0.3417040596068965]",628,-1
20276,[0.23555413 0.68086694],3,-1,-1,37,-1
20277,[0.26964153 0.2675961 ],2,5,"[0.23231087327800656, 0.30304944505444303]",1635,-1
20278,[0.69301969 0.42985113],8,3,"[0.6815204869410737, 0.47689852788858716]",597,-1
20279,[0.4147456  0.39961837],6,1,"[0.3897435781344088, 0.3417040596068965]",758,-1
20280,[0.73200067 0.78906624],1,-1,-1,-1,0
20281,[0.25352139 0.19449944],0,-1,-1,-1,-1
20282,[0.45258472 0.59956918],9,-1,-1,1237,4
20283,[0.3621169  0.51770761],4,0,"[0.383291892093257, 0.5586820702346661]",-1,-1
20284,[0.33866315 0.64468929],4,-1,-1,900,-1
20285,[0.45903349 0.60465785],9,-1,-1,-1,-1
20286,[0.59369435 0.53389207],5,-1,-1,-1,-1
20287,[0.54446693 0.63036289],9,2,"[0.5921204552873188, 0.6383928111301557]",1262,-1
20288,[0.75140213 0.75060683],1,4,"[0.7726811996944247, 0.7249303226766757]",-1,0
20289,[0.27873805 0.60895682],4,7,"[0.2817018170798153, 0.5849768676672948]",1032,-1
20290,[0.72624485 0.73017216],1,4,"[0.7726811996944247, 0.7249303226766757]",381,0
20291,[0.33312373 0.39753702],6,-1,-1,-1,-1
20292,[0.22374399 0.25446512],0,5,"[0.23231087327800656, 0.30304944505444303]",1021,-1
20293,[0.75220041 0.77946273],1,4,"[0.7726811996944247, 0.7249303226766757]",372,0
20294,[0.58124716 0.51751094],5,6,"[0.5164739970238864, 0.5319253761973344]",1035,-1
20295,[0.55704539 0.68308856],9,2,"[0.5921204552873188, 0.6383928111301557]",-1,-1
20296,[0.36436962 0.26758746],6,9,"[0.3110394802231661, 0.23517199738277297]",1156,-1
20297,[0.21750537 0.28992376],2,5,"[0.23231087327800656, 0.30304944505444303]",1113,-1
20298,[0.4922109  0.64210419],5,-1,-1,647,-1
20299,[0.60358508 0.63094754],9,2,"[0.5921204552873188, 0.6383928111301557]",1347,6
20300,[0.58839471 0.658492  ],9,2,"[0.5921204552873188, 0.6383928111301557]",-1,-1
20301,[0.61308764 0.6356329 ],5,2,"[0.5921204552873188, 0.6383928111301557]",1332,-1
20302,[0.67147363 0.61267615],9,-1,-1,299,-1
20303,[0.77719394 0.68408518],1,4,"[0.7726811996944247, 0.7249303226766757]",399,0
20304,[0.229488   0.29610865],2,5,"[0.23231087327800656, 0.30304944505444303]",1461,-1
20305,[0.59794583 0.56831464],5,-1,-1,1315,-1
20306,[0.36109374 0.48769119],3,-1,-1,1561,-1
20307,[0.74972626 0.34067251],8,-1,-1,-1,-1
20308,[0.57125896 0.43585722],8,-1,-1,252,-1
20309,[0.50025357 0.53633739],5,6,"[0.5164739970238864, 0.5319253761973344]",1186,-1
20310,[0.32048419 0.31288271],6,-1,-1,1663,-1
20311,[0.25300264 0.5247586 ],7,7,"[0.2817018170798153, 0.5849768676672948]",-1,-1
20312,[0.80110948 0.82228529],1,-1,-1,141,-1
20313,[0.3962898 0.4832903],4,-1,-1,1036,-1
20314,[0.23510034 0.25765487],2,5,"[0.23231087327800656, 0.30304944505444303]",885,-1
20315,[0.3462852  0.56974405],4,0,"[0.383291892093257, 0.5586820702346661]",1901,-1
20316,[0.79665863 0.61085282],1,-1,-1,78,-1
20317,[0.54693944 0.48040809],8,6,"[0.5164739970238864, 0.5319253761973344]",-1,-1
20318,[0.36746672 0.3153314 ],6,1,"[0.3897435781344088, 0.3417040596068965]",1546,-1
20319,[0.71810193 0.52257575],8,3,"[0.6815204869410737, 0.47689852788858716]",-1,-1
20320,[0.54671684 0.36950703],8,-1,-1,-1,-1
20321,[0.28948246 0.27680807],0,9,"[0.3110394802231661, 0.23517199738277297]",1555,-1
20322,[0.36213067 0.61067418],4,0,"[0.383291892093257, 0.5586820702346661]",-1,-1
20323,[0.37838228 0.54176841],3,0,"[0.383291892093257, 0.5586820702346661]",-1,-1
20324,[0.85910094 0.81012657],1,-1,-1,-1,-1
20325,[0.30103472 0.27467145],6,9,"[0.3110394802231661, 0.23517199738277297]",-1,-1
20326,[0.59415919 0.60432641],9,2,"[0.5921204552873188, 0.6383928111301557]",1428,-1
20327,[0.51286011 0.58101198],5,6,"[0.5164739970238864, 0.5319253761973344]",1377,6
20328,[0.31218864 0.54682412],4,7,"[0.2817018170798153, 0.5849768676672948]",1988,17
20329,[0.75569874 0.77076728],1,4,"[0.7726811996944247, 0.7249303226766757]",-1,0
20330,[0.72523329 0.64571443],1,-1,-1,-1,0
20331,[0.30812374 0.56280385],7,7,"[0.2817018170798153, 0.5849768676672948]",1968,-1
20332,[0.28516858 0.33944719],2,5,"[0.23231087327800656, 0.30304944505444303]",-1,-1
20333,[0.35915659 0.5569932 ],3,0,"[0.383291892093257, 0.5586820702346661]",1823,-1
20334,[0.2961181  0.59696585],4,7,"[0.2817018170798153, 0.5849768676672948]",-1,-1
20335,[0.5947878  0.63589184],9,2,"[0.5921204552873188, 0.6383928111301557]",1166,-1
20336,[0.1985102  0.31934748],2,5,"[0.23231087327800656, 0.30304944505444303]",-1,-1
20337,[0.33479747 0.31482013],6,1,"[0.3897435781344088, 0.3417040596068965]",1683,-1
20338,[0.35277556 0.54426878],4,0,"[0.383291892093257, 0.5586820702346661]",-1,-1
20339,[0.62557876 0.67290785],9,2,"[0.5921204552873188, 0.6383928111301557]",660,-1
20340,[0.25655048 0.56029733],7,7,"[0.2817018170798153, 0.5849768676672948]",1705,-1
20341,[0.15790994 0.42547941],4,-1,-1,-1,-1
20342,[0.23195823 0.57053101],7,7,"[0.2817018170798153, 0.5849768676672948]",1358,-1
20343,[0.24371413 0.29599221],0,5,"[0.23231087327800656, 0.30304944505444303]",-1,-1
20344,[0.23441317 0.28645483],2,5,"[0.23231087327800656, 0.30304944505444303]",1531,-1
20345,[0.42744884 0.40290116],6,-1,-1,-1,-1
20346,[0.31707734 0.37713432],0,-1,-1,1015,-1
20347,[0.63607407 0.40079445],8,-1,-1,-1,-1
20348,[0.3893865  0.45646942],3,-1,-1,584,-1
20349,[0.41762792 0.59529412],5,0,"[0.383291892093257, 0.5586820702346661]",1719,-1
20350,[0.18392928 0.27695462],0,5,"[0.23231087327800656, 0.30304944505444303]",-1,-1
20351,[0.46186008 0.29887019],6,-1,-1,-1,-1
20352,[0.65346367 0.54662017],8,-1,-1,655,-1
20353,[0.12044729 0.29640467],2,-1,-1,-1,-1
20354,[0.26152823 0.23052396],0,9,"[0.3110394802231661, 0.23517199738277297]",-1,-1
20355,[0.1852646  0.28763693],0,5,"[0.23231087327800656, 0.30304944505444303]",726,-1
20356,[0.20500026 0.28600033],0,5,"[0.23231087327800656, 0.30304944505444303]",1109,-1
20357,[0.53122247 0.60053544],9,-1,-1,1203,-1
20358,[0.37942684 0.56715411],4,0,"[0.383291892093257, 0.5586820702346661]",-1,-1
20359,[0.21629229 0.36972974],2,5,"[0.23231087327800656, 0.30304944505444303]",903,-1
20360,[0.22368052 0.22926382],0,-1,-1,872,-1
20361,[0.36337403 0.67471274],4,-1,-1,-1,-1
20362,[0.2633169  0.60792015],3,7,"[0.2817018170798153, 0.5849768676672948]",-1,-1
20363,[0.34380624 0.51592503],4,0,"[0.383291892093257, 0.5586820702346661]",-1,-1
20364,[0.56092072 0.68677963],9,2,"[0.5921204552873188, 0.6383928111301557]",630,-1
20365,[0.30755657 0.49381635],4,8,"[0.27392971195344684, 0.45973140540928376]",1888,-1
20366,[0.61318552 0.45438205],8,-1,-1,621,-1
20367,[0.22006465 0.57074374],4,7,"[0.2817018170798153, 0.5849768676672948]",-1,-1
20368,[0.24537041 0.4673868 ],7,8,"[0.27392971195344684, 0.45973140540928376]",1151,-1
20369,[0.33626342 0.65602044],7,-1,-1,901,-1
20370,[0.39498479 0.27603618],6,1,"[0.3897435781344088, 0.3417040596068965]",-1,-1
20371,[0.26838614 0.54202359],7,7,"[0.2817018170798153, 0.5849768676672948]",1743,-1
20372,[0.83869922 0.77120628],1,-1,-1,258,0
20373,[0.37447028 0.55193865],7,0,"[0.383291892093257, 0.5586820702346661]",-1,-1
20374,[0.31908386 0.60502398],4,7,"[0.2817018170798153, 0.5849768676672948]",-1,-1
20375,[0.28416784 0.56974084],4,7,"[0.2817018170798153, 0.5849768676672948]",-1,-1
20376,[0.35269173 0.31354639],0,1,"[0.3897435781344088, 0.3417040596068965]",1526,-1
20377,[0.3161398  0.41558584],6,8,"[0.27392971195344684, 0.45973140540928376]",-1,-1
20378,[0.28028471 0.37074367],0,-1,-1,-1,-1
20379,[0.44228887 0.50829662],3,-1,-1,1059,-1
20380,[0.34099462 0.32327269],2,1,"[0.3897435781344088, 0.3417040596068965]",1575,-1
20381,[0.6449944  0.47199939],8,3,"[0.6815204869410737, 0.47689852788858716]",-1,-1
20382,[0.24068221 0.25217581],0,5,"[0.23231087327800656, 0.30304944505444303]",1319,-1
20383,[0.26602428 0.5875579 ],3,7,"[0.2817018170798153, 0.5849768676672948]",1655,-1
20384,[0.6063912  0.44919958],8,-1,-1,-1,-1
20385,[0.65385326 0.51171716],8,3,"[0.6815204869410737, 0.47689852788858716]",781,-1
20386,[0.37904214 0.47205765],0,-1,-1,771,-1
20387,[0.24638317 0.50826256],7,8,"[0.27392971195344684, 0.45973140540928376]",1759,-1
20388,[0.61017097 0.70421347],9,2,"[0.5921204552873188, 0.6383928111301557]",-1,-1
20389,[0.4556367  0.51539936],3,6,"[0.5164739970238864, 0.5319253761973344]",-1,-1
20390,[0.25279292 0.61633989],4,7,"[0.2817018170798153, 0.5849768676672948]",-1,-1
20391,[0.24919522 0.41776883],7,8,"[0.27392971195344684, 0.45973140540928376]",-1,-1
20392,[0.29681037 0.27397081],2,9,"[0.3110394802231661, 0.23517199738277297]",1510,-1
20393,[0.34187287 0.29644453],2,1,"[0.3897435781344088, 0.3417040596068965]",-1,-1
20394,[0.31117685 0.55477836],7,7,"[0.2817018170798153, 0.5849768676672948]",-1,17
20395,[0.58887772 0.71810808],9,-1,-1,423,-1
20396,[0.76125744 0.45825761],8,-1,-1,-1,-1
20397,[0.77300249 0.81170679],1,-1,-1,-1,0
20398,[0.36976235 0.37144104],6,1,"[0.3897435781344088, 0.3417040596068965]",1057,-1
20399,[0.26901433 0.44456122],7,8,"[0.27392971195344684, 0.45973140540928376]",1250,-1
20400,[0.33055353 0.68633023],4,-1,-1,-1,-1
20401,[0.58105768 0.66773695],9,2,"[0.5921204552873188, 0.6383928111301557]",1121,-1
20402,[0.48198846 0.40641643],6,-1,-1,-1,-1
20403,[0.30217641 0.50582664],7,8,"[0.27392971195344684, 0.45973140540928376]",-1,-1
20404,[0.5532184  0.68721068],9,2,"[0.5921204552873188, 0.6383928111301557]",630,-1
20405,[0.2411501  0.65283138],4,-1,-1,-1,-1
20406,[0.36478127 0.53723043],4,0,"[0.383291892093257, 0.5586820702346661]",1934,-1
20407,[0.27743443 0.35984064],0,-1,-1,1264,-1
20408,[0.25794603 0.37956207],0,-1,-1,-1,-1
20409,[0.34386567 0.62186186],3,-1,-1,-1,-1
20410,[0.3044385  0.36252627],0,-1,-1,-1,-1
20411,[0.32123958 0.63369508],4,7,"[0.2817018170798153, 0.5849768676672948]",-1,-1
20412,[0.38241483 0.48999957],3,0,"[0.383291892093257, 0.5586820702346661]",-1,-1
20413,[0.5414195 0.6267034],9,2,"[0.5921204552873188, 0.6383928111301557]",-1,-1
20414,[0.69328918 0.57292634],8,-1,-1,235,-1
20415,[0.58543045 0.59707518],9,2,"[0.5921204552873188, 0.6383928111301557]",-1,-1
20416,[0.51334795 0.58939708],5,6,"[0.5164739970238864, 0.5319253761973344]",-1,-1
20417,[0.29408757 0.49218831],3,8,"[0.27392971195344684, 0.45973140540928376]",1791,-1
20418,[0.73930323 0.72546226],1,4,"[0.7726811996944247, 0.7249303226766757]",411,0
20419,[0.67889047 0.48531359],8,3,"[0.6815204869410737, 0.47689852788858716]",-1,-1
20420,[0.27585846 0.58132913],7,7,"[0.2817018170798153, 0.5849768676672948]",1670,-1
20421,[0.29903343 0.63180089],4,7,"[0.2817018170798153, 0.5849768676672948]",1069,-1
20422,[0.46293404 0.57923341],4,-1,-1,1232,-1
20423,[0.64121663 0.67569017],9,2,"[0.5921204552873188, 0.6383928111301557]",-1,-1
20424,[0.27025812 0.23960025],0,9,"[0.3110394802231661, 0.23517199738277297]",1524,-1
20425,[0.35071942 0.51640556],4,0,"[0.383291892093257, 0.5586820702346661]",1926,-1
20426,[0.47672024 0.39850524],6,-1,-1,-1,-1
20427,[0.45088754 0.47234122],3,-1,-1,548,-1
20428,[0.34971647 0.64015546],4,-1,-1,-1,-1
20429,[0.63843488 0.39943422],8,-1,-1,265,-1
20430,[0.48415252 0.4695631 ],5,-1,-1,278,-1
20431,[0.53765482 0.5621041 ],9,6,"[0.5164739970238864, 0.5319253761973344]",1360,6
20432,[0.2634639  0.41970695],7,8,"[0.27392971195344684, 0.45973140540928376]",695,-1
20433,[0.33650617 0.51369912],7,0,"[0.383291892093257, 0.5586820702346661]",1880,-1
20434,[0.34751805 0.5003128 ],4,0,"[0.383291892093257, 0.5586820702346661]",-1,-1
20435,[0.25344768 0.27283899],2,5,"[0.23231087327800656, 0.30304944505444303]",-1,-1
20436,[0.76384243 0.8164343 ],1,-1,-1,-1,0
20437,[0.31903192 0.54711356],7,7,"[0.2817018170798153, 0.5849768676672948]",1989,17
20438,[0.24076643 0.56359235],4,7,"[0.2817018170798153, 0.5849768676672948]",-1,-1
20439,[0.22578667 0.48081787],7,8,"[0.27392971195344684, 0.45973140540928376]",1022,-1
20440,[0.52320894 0.63728191],9,2,"[0.5921204552873188, 0.6383928111301557]",-1,-1
20441,[0.25072912 0.28085528],0,5,"[0.23231087327800656, 0.30304944505444303]",1530,-1
20442,[0.52032936 0.65420658],9,-1,-1,728,-1
20443,[0.43828764 0.60620092],3,-1,-1,1574,-1
20444,[0.66766628 0.73626908],1,-1,-1,-1,0
20445,[0.27067423 0.57537079],7,7,"[0.2817018170798153, 0.5849768676672948]",-1,-1
20446,[0.24225641 0.46645858],4,8,"[0.27392971195344684, 0.45973140540928376]",-1,-1
20447,[0.47934388 0.44835011],5,-1,-1,-1,-1
20448,[0.27007662 0.24456608],0,9,"[0.3110394802231661, 0.23517199738277297]",1524,-1
20449,[0.5415886  0.54538903],5,6,"[0.5164739970238864, 0.5319253761973344]",1402,-1
20450,[0.8442808  0.69037784],1,-1,-1,309,0
20451,[0.65603495 0.46341927],8,3,"[0.6815204869410737, 0.47689852788858716]",800,-1
20452,[0.19318743 0.30377274],0,5,"[0.23231087327800656, 0.30304944505444303]",-1,-1
20453,[0.30902338 0.50510342],4,8,"[0.27392971195344684, 0.45973140540928376]",-1,-1
20454,[0.58194579 0.46592662],8,-1,-1,608,-1
20455,[0.33146373 0.24791974],0,9,"[0.3110394802231661, 0.23517199738277297]",1489,-1
20456,[0.2342577  0.37707353],7,-1,-1,-1,-1
20457,[0.18698071 0.35679091],2,-1,-1,504,-1
20458,[0.85550189 0.74695554],1,-1,-1,130,0
20459,[0.24414847 0.3856381 ],0,-1,-1,-1,-1
20460,[0.31082921 0.47425764],4,8,"[0.27392971195344684, 0.45973140540928376]",-1,-1
20461,[0.40963955 0.52304772],3,0,"[0.383291892093257, 0.5586820702346661]",1637,-1
20462,[0.49900081 0.52965788],5,6,"[0.5164739970238864, 0.5319253761973344]",1186,-1
20463,[0.66489814 0.5870358 ],9,-1,-1,-1,-1
20464,[0.28067268 0.34750805],2,5,"[0.23231087327800656, 0.30304944505444303]",-1,-1
20465,[0.4481831  0.62004926],3,-1,-1,707,-1
20466,[0.71543152 0.40631971],8,-1,-1,-1,-1
20467,[0.66357421 0.7142307 ],1,-1,-1,-1,-1
20468,[0.42706109 0.50518415],3,0,"[0.383291892093257, 0.5586820702346661]",-1,-1
20469,[0.62504502 0.6011155 ],9,2,"[0.5921204552873188, 0.6383928111301557]",1200,-1
20470,[0.28899177 0.47721151],7,8,"[0.27392971195344684, 0.45973140540928376]",-1,-1
20471,[0.61989988 0.58286905],9,2,"[0.5921204552873188, 0.6383928111301557]",-1,-1
20472,[0.3154624  0.22477624],2,9,"[0.3110394802231661, 0.23517199738277297]",970,-1
20473,[0.31018077 0.40480185],7,8,"[0.27392971195344684, 0.45973140540928376]",928,-1
20474,[0.58904307 0.68813284],9,2,"[0.5921204552873188, 0.6383928111301557]",-1,-1
20475,[0.44909697 0.54291095],3,0,"[0.383291892093257, 0.5586820702346661]",-1,-1
20476,[0.662011   0.70482315],1,-1,-1,489,-1
20477,[0.63860973 0.58996735],9,2,"[0.5921204552873188, 0.6383928111301557]",1187,-1
20478,[0.71097936 0.69778474],1,4,"[0.7726811996944247, 0.7249303226766757]",392,0
20479,[0.30663565 0.40467291],6,8,"[0.27392971195344684, 0.45973140540928376]",928,-1
20480,[0.34746062 0.66285009],3,-1,-1,298,-1
20481,[0.38462851 0.31014489],6,1,"[0.3897435781344088, 0.3417040596068965]",-1,-1
20482,[0.52010378 0.62396291],5,-1,-1,1143,-1
20483,[0.38854743 0.33316047],6,1,"[0.3897435781344088, 0.3417040596068965]",1476,-1
20484,[0.56091325 0.63355022],9,2,"[0.5921204552873188, 0.6383928111301557]",1278,6
20485,[0.16080148 0.20006929],0,-1,-1,68,-1
20486,[0.32200209 0.26552744],0,9,"[0.3110394802231661, 0.23517199738277297]",-1,-1
20487,[0.64609595 0.62735828],9,2,"[0.5921204552873188, 0.6383928111301557]",1158,-1
20488,[0.46791193 0.26944   ],6,-1,-1,272,-1
20489,[0.42687988 0.3872427 ],6,1,"[0.3897435781344088, 0.3417040596068965]",761,-1
20490,[0.85375675 0.70764683],1,-1,-1,-1,0
20491,[0.37797846 0.57991829],4,0,"[0.383291892093257, 0.5586820702346661]",-1,-1
20492,[0.59693385 0.75456676],9,-1,-1,-1,-1
20493,[0.65518805 0.44255886],8,3,"[0.6815204869410737, 0.47689852788858716]",732,-1
20494,[0.19943789 0.36949259],2,-1,-1,-1,-1
20495,[0.52931556 0.46552003],5,6,"[0.5164739970238864, 0.5319253761973344]",-1,-1
20496,[0.38571157 0.25230205],6,-1,-1,833,-1
20497,[0.17932636 0.33401451],2,5,"[0.23231087327800656, 0.30304944505444303]",-1,-1
20498,[0.45258938 0.67686502],4,-1,-1,-1,-1
20499,[0.72197701 0.47908441],8,3,"[0.6815204869410737, 0.47689852788858716]",779,-1
20500,[0.25990222 0.58055138],4,7,"[0.2817018170798153, 0.5849768676672948]",-1,-1
20501,[0.73036249 0.45757437],8,3,"[0.6815204869410737, 0.47689852788858716]",-1,-1
20502,[0.46479949 0.58661212],3,-1,-1,-1,4
20503,[0.21278719 0.58658323],7,7,"[0.2817018170798153, 0.5849768676672948]",181,-1
20504,[0.32142302 0.35475817],6,1,"[0.3897435781344088, 0.3417040596068965]",1485,-1
20505,[0.65601059 0.4665375 ],8,3,"[0.6815204869410737, 0.47689852788858716]",800,-1
20506,[0.26784413 0.25215218],2,9,"[0.3110394802231661, 0.23517199738277297]",-1,-1
20507,[0.25997493 0.21461207],0,9,"[0.3110394802231661, 0.23517199738277297]",991,-1
20508,[0.40613228 0.40488989],6,1,"[0.3897435781344088, 0.3417040596068965]",-1,-1
20509,[0.50222366 0.67155668],5,-1,-1,-1,-1
20510,[0.28202727 0.58890091],3,7,"[0.2817018170798153, 0.5849768676672948]",-1,-1
20511,[0.52746759 0.64572203],9,2,"[0.5921204552873188, 0.6383928111301557]",-1,-1
20512,[0.80614824 0.67475129],1,4,"[0.7726811996944247, 0.7249303226766757]",359,0
20513,[0.69961625 0.48844293],8,3,"[0.6815204869410737, 0.47689852788858716]",-1,2
20514,[0.34330548 0.24255002],2,9,"[0.3110394802231661, 0.23517199738277297]",-1,-1
20515,[0.85435638 0.84896973],1,-1,-1,-1,-1
20516,[0.28926514 0.58753994],4,7,"[0.2817018170798153, 0.5849768676672948]",1810,-1
20517,[0.35796617 0.60357382],4,0,"[0.383291892093257, 0.5586820702346661]",-1,-1
20518,[0.32901603 0.34304132],6,1,"[0.3897435781344088, 0.3417040596068965]",1617,-1
20519,[0.45868606 0.34613972],6,1,"[0.3897435781344088, 0.3417040596068965]",531,-1
20520,[0.3680707  0.34517484],6,1,"[0.3897435781344088, 0.3417040596068965]",1275,-1
20521,[0.79336883 0.75561354],1,4,"[0.7726811996944247, 0.7249303226766757]",-1,0
20522,[0.62597625 0.57660135],9,-1,-1,-1,-1
20523,[0.62544404 0.79110138],9,-1,-1,-1,-1
20524,[0.62556822 0.63243893],5,2,"[0.5921204552873188, 0.6383928111301557]",1162,-1
20525,[0.67740615 0.49800082],8,3,"[0.6815204869410737, 0.47689852788858716]",-1,-1
20526,[0.62414724 0.64329568],5,2,"[0.5921204552873188, 0.6383928111301557]",1163,-1
20527,[0.37521847 0.53342874],3,0,"[0.383291892093257, 0.5586820702346661]",-1,-1
20528,[0.21132028 0.23728374],0,5,"[0.23231087327800656, 0.30304944505444303]",-1,-1
20529,[0.25995799 0.18027365],0,-1,-1,239,-1
20530,[0.75574552 0.45199742],8,-1,-1,263,-1
20531,[0.22815438 0.27520373],0,5,"[0.23231087327800656, 0.30304944505444303]",1031,-1
20532,[0.29699271 0.45375179],4,8,"[0.27392971195344684, 0.45973140540928376]",1374,-1
20533,[0.74065286 0.80174529],1,-1,-1,-1,0
20534,[0.40638627 0.59019409],3,0,"[0.383291892093257, 0.5586820702346661]",1708,-1
20535,[0.78628379 0.7948516 ],1,-1,-1,-1,0
20536,[0.28155159 0.36002023],0,-1,-1,1260,-1
20537,[0.33708407 0.47023535],3,8,"[0.27392971195344684, 0.45973140540928376]",-1,-1
20538,[0.33502873 0.54845702],4,0,"[0.383291892093257, 0.5586820702346661]",-1,17
20539,[0.8174033 0.4861169],8,-1,-1,16,-1
20540,[0.33571298 0.28736671],0,9,"[0.3110394802231661, 0.23517199738277297]",-1,-1
20541,[0.31145348 0.69765686],4,-1,-1,48,-1
20542,[0.36735089 0.57866204],3,0,"[0.383291892093257, 0.5586820702346661]",1866,12
20543,[0.582904   0.57954242],9,2,"[0.5921204552873188, 0.6383928111301557]",1324,6
20544,[0.40156319 0.61697904],4,0,"[0.383291892093257, 0.5586820702346661]",-1,-1
20545,[0.71694318 0.53862898],8,-1,-1,-1,-1
20546,[0.43080497 0.50131564],4,-1,-1,914,-1
20547,[0.66492585 0.56842101],5,-1,-1,-1,-1
20548,[0.71852916 0.67002261],1,-1,-1,357,0
20549,[0.27264714 0.47151264],7,8,"[0.27392971195344684, 0.45973140540928376]",-1,-1
20550,[0.46281549 0.53382026],5,6,"[0.5164739970238864, 0.5319253761973344]",1299,-1
20551,[0.71517278 0.69278605],9,4,"[0.7726811996944247, 0.7249303226766757]",393,0
20552,[0.17805778 0.17870115],0,-1,-1,-1,-1
20553,[0.61449513 0.45085008],8,-1,-1,621,-1
20554,[0.70960978 0.596077  ],1,-1,-1,-1,-1
20555,[0.73312651 0.52752909],8,-1,-1,402,-1
20556,[0.23682756 0.37793705],2,-1,-1,-1,-1
20557,[0.53164906 0.53658392],5,6,"[0.5164739970238864, 0.5319253761973344]",-1,-1
20558,[0.66682596 0.3908256 ],8,-1,-1,241,-1
20559,[0.74423719 0.7348779 ],1,4,"[0.7726811996944247, 0.7249303226766757]",452,0
20560,[0.7105929  0.66158123],1,-1,-1,-1,0
20561,[0.25595029 0.32439584],0,5,"[0.23231087327800656, 0.30304944505444303]",1517,-1
20562,[0.29241276 0.38696383],2,-1,-1,1068,-1
20563,[0.44944258 0.66599213],5,-1,-1,-1,-1
20564,[0.7380985  0.74021113],1,4,"[0.7726811996944247, 0.7249303226766757]",452,0
20565,[0.37552078 0.29240595],6,1,"[0.3897435781344088, 0.3417040596068965]",-1,-1
20566,[0.27938509 0.40591282],2,8,"[0.27392971195344684, 0.45973140540928376]",748,-1
20567,[0.34608635 0.42861093],7,-1,-1,-1,-1
20568,[0.29289598 0.48950691],4,8,"[0.27392971195344684, 0.45973140540928376]",-1,-1
20569,[0.35319994 0.60074282],3,0,"[0.383291892093257, 0.5586820702346661]",-1,-1
20570,[0.15318349 0.26329508],0,-1,-1,126,-1
20571,[0.80559341 0.72931063],1,4,"[0.7726811996944247, 0.7249303226766757]",456,0
20572,[0.67749202 0.46818025],8,3,"[0.6815204869410737, 0.47689852788858716]",-1,-1
20573,[0.55796402 0.61334927],5,2,"[0.5921204552873188, 0.6383928111301557]",-1,-1
20574,[0.17522433 0.60691123],7,-1,-1,33,-1
20575,[0.32827143 0.46770735],7,8,"[0.27392971195344684, 0.45973140540928376]",1523,-1
20576,[0.48813046 0.54243907],5,6,"[0.5164739970238864, 0.5319253761973344]",959,-1
20577,[0.3841452  0.42190086],6,-1,-1,-1,-1
20578,[0.38903019 0.23285935],6,-1,-1,-1,-1
20579,[0.34254261 0.34847085],6,1,"[0.3897435781344088, 0.3417040596068965]",1352,-1
20580,[0.16392414 0.64503717],7,-1,-1,-1,-1
20581,[0.63721908 0.53814327],8,-1,-1,1117,-1
20582,[0.34237616 0.23684119],6,9,"[0.3110394802231661, 0.23517199738277297]",-1,-1
20583,[0.75161286 0.41689918],8,-1,-1,-1,-1
20584,[0.19760753 0.6021886 ],7,-1,-1,-1,-1
20585,[0.38440201 0.51597208],6,0,"[0.383291892093257, 0.5586820702346661]",-1,-1
20586,[0.19367956 0.26532813],2,5,"[0.23231087327800656, 0.30304944505444303]",1012,-1
20587,[0.23974095 0.46029321],4,8,"[0.27392971195344684, 0.45973140540928376]",-1,-1
20588,[0.26780094 0.2801408 ],0,5,"[0.23231087327800656, 0.30304944505444303]",-1,-1
20589,[0.41961452 0.32884377],6,1,"[0.3897435781344088, 0.3417040596068965]",989,-1
20590,[0.66498537 0.64469833],9,-1,-1,-1,-1
20591,[0.20641443 0.5389886 ],7,-1,-1,-1,-1
20592,[0.62620525 0.45767012],8,3,"[0.6815204869410737, 0.47689852788858716]",619,-1
20593,[0.19867844 0.32334864],2,5,"[0.23231087327800656, 0.30304944505444303]",-1,-1
20594,[0.44557805 0.64294724],9,-1,-1,534,-1
20595,[0.37137836 0.53168668],3,0,"[0.383291892093257, 0.5586820702346661]",1934,-1
20596,[0.55968698 0.62762442],5,2,"[0.5921204552873188, 0.6383928111301557]",1278,6
20597,[0.49464348 0.55868904],5,6,"[0.5164739970238864, 0.5319253761973344]",1183,-1
20598,[0.2677746  0.35158474],2,5,"[0.23231087327800656, 0.30304944505444303]",-1,-1
20599,[0.52773801 0.61875057],9,2,"[0.5921204552873188, 0.6383928111301557]",-1,-1
20600,[0.35343199 0.31555964],6,1,"[0.3897435781344088, 0.3417040596068965]",1526,-1
20601,[0.56477864 0.67936814],9,2,"[0.5921204552873188, 0.6383928111301557]",1034,-1
20602,[0.61224302 0.57442487],5,2,"[0.5921204552873188, 0.6383928111301557]",-1,-1
20603,[0.28527166 0.28701933],2,5,"[0.23231087327800656, 0.30304944505444303]",-1,-1
20604,[0.39211653 0.27699653],0,1,"[0.3897435781344088, 0.3417040596068965]",1076,-1
20605,[0.6438744  0.45500693],8,3,"[0.6815204869410737, 0.47689852788858716]",-1,-1
20606,[0.60206908 0.57589413],5,2,"[0.5921204552873188, 0.6383928111301557]",1326,5
20607,[0.7409015  0.74522064],1,4,"[0.7726811996944247, 0.7249303226766757]",454,0
20608,[0.20475858 0.19365836],0,-1,-1,227,-1
20609,[0.38374581 0.32416583],6,1,"[0.3897435781344088, 0.3417040596068965]",1476,-1
20610,[0.53514475 0.57310091],9,6,"[0.5164739970238864, 0.5319253761973344]",-1,-1
20611,[0.40064942 0.51507875],4,0,"[0.383291892093257, 0.5586820702346661]",-1,-1
20612,[0.52064188 0.52380598],5,6,"[0.5164739970238864, 0.5319253761973344]",-1,3
20613,[0.44303359 0.5276838 ],3,0,"[0.383291892093257, 0.5586820702346661]",-1,-1
20614,[0.64152989 0.49585773],8,3,"[0.6815204869410737, 0.47689852788858716]",-1,1
20615,[0.41914155 0.30971783],6,1,"[0.3897435781344088, 0.3417040596068965]",977,-1
20616,[0.37211322 0.52672994],3,0,"[0.383291892093257, 0.5586820702346661]",1934,-1
20617,[0.34139464 0.63566116],3,-1,-1,-1,-1
20618,[0.60009169 0.71189293],1,-1,-1,-1,-1
20619,[0.81458798 0.79848644],1,-1,-1,177,0
20620,[0.31265857 0.31819023],6,-1,-1,1672,10
20621,[0.47567023 0.57658592],3,6,"[0.5164739970238864, 0.5319253761973344]",1026,-1
20622,[0.78839853 0.70227124],1,4,"[0.7726811996944247, 0.7249303226766757]",-1,0
20623,[0.42168333 0.56009397],4,0,"[0.383291892093257, 0.5586820702346661]",1224,-1
20624,[0.58907345 0.58980416],9,2,"[0.5921204552873188, 0.6383928111301557]",-1,-1
20625,[0.67585355 0.69321859],1,-1,-1,387,-1
20626,[0.2985279  0.57273948],3,7,"[0.2817018170798153, 0.5849768676672948]",-1,-1
20627,[0.82807776 0.76643351],1,4,"[0.7726811996944247, 0.7249303226766757]",314,0
20628,[0.28026877 0.29295005],2,5,"[0.23231087327800656, 0.30304944505444303]",1687,11
20629,[0.26058928 0.21886318],2,9,"[0.3110394802231661, 0.23517199738277297]",988,-1
20630,[0.35026072 0.30275735],2,1,"[0.3897435781344088, 0.3417040596068965]",1529,-1
20631,[0.67681059 0.45376783],8,3,"[0.6815204869410737, 0.47689852788858716]",735,-1
20632,[0.20147207 0.31766733],0,5,"[0.23231087327800656, 0.30304944505444303]",-1,-1
20633,[0.26104336 0.65213251],4,-1,-1,-1,-1
20634,[0.7541686  0.77492174],1,4,"[0.7726811996944247, 0.7249303226766757]",-1,0
20635,[0.57328104 0.46109463],5,-1,-1,517,-1
20636,[0.34190131 0.57221841],4,0,"[0.383291892093257, 0.5586820702346661]",1878,-1
20637,[0.65322944 0.72723236],1,-1,-1,-1,-1
20638,[0.25564136 0.60144551],7,7,"[0.2817018170798153, 0.5849768676672948]",-1,-1
20639,[0.64515809 0.46772127],5,3,"[0.6815204869410737, 0.47689852788858716]",824,-1
20640,[0.51846269 0.56276751],9,6,"[0.5164739970238864, 0.5319253761973344]",1369,-1
20641,[0.32156035 0.47198158],7,8,"[0.27392971195344684, 0.45973140540928376]",1523,-1
20642,[0.62319963 0.4793932 ],8,3,"[0.6815204869410737, 0.47689852788858716]",624,-1
20643,[0.66259912 0.51858517],8,3,"[0.6815204869410737, 0.47689852788858716]",782,-1
20644,[0.66522842 0.40997665],8,3,"[0.6815204869410737, 0.47689852788858716]",-1,-1
20645,[0.28696004 0.30222155],2,5,"[0.23231087327800656, 0.30304944505444303]",1578,-1
20646,[0.59734035 0.51256483],9,-1,-1,-1,-1
20647,[0.39961139 0.6441555 ],4,-1,-1,589,-1
20648,[0.30377337 0.33892509],0,-1,-1,1625,8
20649,[0.29619476 0.54963019],7,7,"[0.2817018170798153, 0.5849768676672948]",1838,-1
20650,[0.20857923 0.30715324],2,5,"[0.23231087327800656, 0.30304944505444303]",-1,-1
20651,[0.27024467 0.50249124],4,8,"[0.27392971195344684, 0.45973140540928376]",-1,-1
20652,[0.34466643 0.64583655],3,-1,-1,-1,-1
20653,[0.19361991 0.45216481],4,-1,-1,100,-1
20654,[0.68317115 0.44970031],8,3,"[0.6815204869410737, 0.47689852788858716]",735,-1
20655,[0.74856259 0.67594801],1,4,"[0.7726811996944247, 0.7249303226766757]",-1,0
20656,[0.75527934 0.48437702],8,-1,-1,507,-1
20657,[0.39548231 0.63668912],4,-1,-1,-1,-1
20658,[0.32055662 0.55426066],7,7,"[0.2817018170798153, 0.5849768676672948]",1991,17
20659,[0.40144317 0.61978273],5,0,"[0.383291892093257, 0.5586820702346661]",1577,-1
20660,[0.33505237 0.47196721],6,8,"[0.27392971195344684, 0.45973140540928376]",1553,-1
20661,[0.53712025 0.62304238],9,2,"[0.5921204552873188, 0.6383928111301557]",-1,-1
20662,[0.25999996 0.27067906],0,5,"[0.23231087327800656, 0.30304944505444303]",-1,-1
20663,[0.7965286  0.64354664],1,-1,-1,-1,0
20664,[0.7636265  0.73259021],1,4,"[0.7726811996944247, 0.7249303226766757]",468,0
20665,[0.50919511 0.59016378],9,6,"[0.5164739970238864, 0.5319253761973344]",-1,-1
20666,[0.59956626 0.54044293],9,-1,-1,1291,-1
20667,[0.67447243 0.51599186],8,3,"[0.6815204869410737, 0.47689852788858716]",817,-1
20668,[0.83751586 0.73728871],1,4,"[0.7726811996944247, 0.7249303226766757]",342,0
20669,[0.35239306 0.53755013],3,0,"[0.383291892093257, 0.5586820702346661]",-1,16
20670,[0.70931467 0.4661223 ],8,3,"[0.6815204869410737, 0.47689852788858716]",717,-1
20671,[0.17629224 0.52869071],7,-1,-1,-1,-1
20672,[0.20237285 0.48611591],7,-1,-1,185,-1
20673,[0.36005728 0.51987711],7,0,"[0.383291892093257, 0.5586820702346661]",-1,-1
20674,[0.28085144 0.51845563],7,8,"[0.27392971195344684, 0.45973140540928376]",1886,14
20675,[0.3343339  0.43496773],7,8,"[0.27392971195344684, 0.45973140540928376]",941,-1
20676,[0.49257611 0.52468888],5,6,"[0.5164739970238864, 0.5319253761973344]",936,-1
20677,[0.36490597 0.64799724],4,-1,-1,913,-1
20678,[0.48995676 0.6120868 ],5,-1,-1,918,-1
20679,[0.44123229 0.53016692],3,0,"[0.383291892093257, 0.5586820702346661]",-1,-1
20680,[0.67820031 0.53304207],9,3,"[0.6815204869410737, 0.47689852788858716]",673,-1
20681,[0.57682074 0.61732664],9,2,"[0.5921204552873188, 0.6383928111301557]",1419,-1
20682,[0.26827637 0.41191662],2,8,"[0.27392971195344684, 0.45973140540928376]",-1,-1
20683,[0.66214673 0.84293207],1,-1,-1,-1,-1
20684,[0.53543891 0.51690929],5,6,"[0.5164739970238864, 0.5319253761973344]",1173,-1
20685,[0.49486249 0.44620259],5,-1,-1,-1,-1
20686,[0.31762788 0.26132455],6,9,"[0.3110394802231661, 0.23517199738277297]",-1,-1
20687,[0.30145329 0.44553685],4,8,"[0.27392971195344684, 0.45973140540928376]",-1,-1
20688,[0.31888245 0.53220163],4,7,"[0.2817018170798153, 0.5849768676672948]",1932,-1
20689,[0.28578512 0.61927683],4,7,"[0.2817018170798153, 0.5849768676672948]",878,-1
20690,[0.66929675 0.55068658],8,-1,-1,-1,-1
20691,[0.52490087 0.51064663],5,6,"[0.5164739970238864, 0.5319253761973344]",1176,-1
20692,[0.35022365 0.47828861],4,-1,-1,1890,-1
20693,[0.63121651 0.45087417],8,3,"[0.6815204869410737, 0.47689852788858716]",618,-1
20694,[0.26948953 0.46504387],4,8,"[0.27392971195344684, 0.45973140540928376]",1595,-1
20695,[0.18858825 0.32368542],2,5,"[0.23231087327800656, 0.30304944505444303]",550,-1
20696,[0.30040022 0.56798317],4,7,"[0.2817018170798153, 0.5849768676672948]",1924,-1
20697,[0.55398845 0.60013671],9,2,"[0.5921204552873188, 0.6383928111301557]",1342,-1
20698,[0.44825393 0.54114833],7,0,"[0.383291892093257, 0.5586820702346661]",1249,-1
20699,[0.36643399 0.25562962],0,9,"[0.3110394802231661, 0.23517199738277297]",-1,-1
20700,[0.1897887  0.32567328],2,5,"[0.23231087327800656, 0.30304944505444303]",550,-1
20701,[0.54221266 0.39584547],8,-1,-1,47,-1
20702,[0.22758334 0.45483358],7,8,"[0.27392971195344684, 0.45973140540928376]",587,-1
20703,[0.26986935 0.27920218],2,5,"[0.23231087327800656, 0.30304944505444303]",-1,-1
20704,[0.32023696 0.4709883 ],7,8,"[0.27392971195344684, 0.45973140540928376]",1523,-1
20705,[0.29675846 0.57132907],3,7,"[0.2817018170798153, 0.5849768676672948]",1837,-1
20706,[0.37908285 0.42582837],2,-1,-1,683,-1
20707,[0.35491911 0.41302753],3,-1,-1,882,-1
20708,[0.45120488 0.51013216],3,6,"[0.5164739970238864, 0.5319253761973344]",-1,-1
20709,[0.26259456 0.19327464],0,9,"[0.3110394802231661, 0.23517199738277297]",-1,-1
20710,[0.43696544 0.53742081],3,0,"[0.383291892093257, 0.5586820702346661]",1136,-1
20711,[0.24403332 0.58721874],4,7,"[0.2817018170798153, 0.5849768676672948]",929,-1
20712,[0.39488854 0.48535422],3,-1,-1,1036,-1
20713,[0.80989355 0.72797295],1,4,"[0.7726811996944247, 0.7249303226766757]",-1,0
20714,[0.28634216 0.3965915 ],2,8,"[0.27392971195344684, 0.45973140540928376]",1066,-1
20715,[0.68471821 0.46443148],8,3,"[0.6815204869410737, 0.47689852788858716]",-1,2
20716,[0.68839003 0.745146  ],1,-1,-1,-1,0
20717,[0.52945096 0.67656739],9,-1,-1,642,-1
20718,[0.37639548 0.28505181],6,1,"[0.3897435781344088, 0.3417040596068965]",-1,-1
20719,[0.27403541 0.51773637],4,8,"[0.27392971195344684, 0.45973140540928376]",1887,-1
20720,[0.62781383 0.63603743],9,2,"[0.5921204552873188, 0.6383928111301557]",1162,-1
20721,[0.31463899 0.54432313],4,7,"[0.2817018170798153, 0.5849768676672948]",-1,17
20722,[0.56011239 0.68702025],9,2,"[0.5921204552873188, 0.6383928111301557]",630,-1
20723,[0.59089701 0.6328638 ],9,2,"[0.5921204552873188, 0.6383928111301557]",1337,-1
20724,[0.78833586 0.53125841],8,-1,-1,-1,-1
20725,[0.42526922 0.65767159],3,-1,-1,183,-1
20726,[0.75447693 0.77886728],1,4,"[0.7726811996944247, 0.7249303226766757]",372,0
20727,[0.54668044 0.59750743],5,2,"[0.5921204552873188, 0.6383928111301557]",1422,-1
20728,[0.64956232 0.4698543 ],8,3,"[0.6815204869410737, 0.47689852788858716]",824,1
20729,[0.63810384 0.49550426],8,3,"[0.6815204869410737, 0.47689852788858716]",819,1
20730,[0.39025917 0.55880879],3,0,"[0.383291892093257, 0.5586820702346661]",1774,-1
20731,[0.55090883 0.62190118],9,2,"[0.5921204552873188, 0.6383928111301557]",-1,-1
20732,[0.31325566 0.29412453],2,9,"[0.3110394802231661, 0.23517199738277297]",1614,-1
20733,[0.28513623 0.53892041],4,7,"[0.2817018170798153, 0.5849768676672948]",-1,14
20734,[0.35588234 0.65095202],4,-1,-1,576,-1
20735,[0.44355007 0.52815365],3,0,"[0.383291892093257, 0.5586820702346661]",-1,-1
20736,[0.30207618 0.49324287],4,8,"[0.27392971195344684, 0.45973140540928376]",1889,-1
20737,[0.32172254 0.53703282],7,7,"[0.2817018170798153, 0.5849768676672948]",1932,-1
20738,[0.48367272 0.59823079],5,-1,-1,1153,-1
20739,[0.60987739 0.52119516],9,-1,-1,1102,-1
20740,[0.41704675 0.60074167],4,0,"[0.383291892093257, 0.5586820702346661]",1719,-1
20741,[0.69210369 0.56398505],8,-1,-1,235,-1
20742,[0.53335541 0.47321705],8,6,"[0.5164739970238864, 0.5319253761973344]",-1,-1
20743,[0.35026202 0.28786696],6,9,"[0.3110394802231661, 0.23517199738277297]",-1,-1
20744,[0.3977239  0.57147291],4,0,"[0.383291892093257, 0.5586820702346661]",1770,-1
20745,[0.48443249 0.56169805],5,6,"[0.5164739970238864, 0.5319253761973344]",-1,-1
20746,[0.57283458 0.5414174 ],5,6,"[0.5164739970238864, 0.5319253761973344]",-1,-1
20747,[0.63342604 0.53959134],8,-1,-1,1117,-1
20748,[0.64113514 0.43358214],8,3,"[0.6815204869410737, 0.47689852788858716]",731,-1
20749,[0.25303352 0.31660255],2,5,"[0.23231087327800656, 0.30304944505444303]",1501,-1
20750,[0.29989883 0.21782279],0,9,"[0.3110394802231661, 0.23517199738277297]",1016,-1
20751,[0.53692141 0.59399543],9,6,"[0.5164739970238864, 0.5319253761973344]",1429,-1
20752,[0.25123993 0.64903981],3,-1,-1,-1,-1
20753,[0.53749205 0.7322363 ],9,-1,-1,152,-1
20754,[0.11368126 0.39252663],2,-1,-1,-1,-1
20755,[0.72876609 0.54300079],8,-1,-1,289,-1
20756,[0.23331766 0.1690903 ],0,-1,-1,-1,-1
20757,[0.63598543 0.53215656],5,-1,-1,-1,-1
20758,[0.88729375 0.71640715],1,-1,-1,-1,-1
20759,[0.46075911 0.73676408],9,-1,-1,-1,-1
20760,[0.31639741 0.54905992],4,7,"[0.2817018170798153, 0.5849768676672948]",1989,17
20761,[0.41591908 0.20037872],6,-1,-1,-1,-1
20762,[0.19282708 0.37699091],0,-1,-1,300,-1
20763,[0.20804846 0.63111513],4,-1,-1,-1,-1
20764,[0.41625241 0.21703477],6,-1,-1,-1,-1
20765,[0.30531092 0.45371964],2,8,"[0.27392971195344684, 0.45973140540928376]",-1,-1
20766,[0.23743018 0.57332476],4,7,"[0.2817018170798153, 0.5849768676672948]",-1,-1
20767,[0.32099248 0.21504728],0,9,"[0.3110394802231661, 0.23517199738277297]",-1,-1
20768,[0.27333399 0.57366557],4,7,"[0.2817018170798153, 0.5849768676672948]",-1,-1
20769,[0.31432385 0.3174993 ],0,-1,-1,1672,10
20770,[0.2539355  0.59586871],7,7,"[0.2817018170798153, 0.5849768676672948]",755,-1
20771,[0.44177751 0.55980769],3,0,"[0.383291892093257, 0.5586820702346661]",1283,-1
20772,[0.35364467 0.53436429],7,0,"[0.383291892093257, 0.5586820702346661]",1951,-1
20773,[0.30724756 0.51431246],4,8,"[0.27392971195344684, 0.45973140540928376]",1881,-1
20774,[0.44467239 0.33594983],6,1,"[0.3897435781344088, 0.3417040596068965]",788,-1
20775,[0.455056   0.70113947],9,-1,-1,28,-1
20776,[0.23292366 0.1881995 ],0,-1,-1,-1,-1
20777,[0.80017446 0.80317437],1,-1,-1,-1,0
20778,[0.17529559 0.38592548],2,-1,-1,-1,-1
20779,[0.736497  0.3977926],8,-1,-1,269,-1
20780,[0.81229193 0.62773233],1,-1,-1,95,-1
20781,[0.3356868  0.57628321],3,0,"[0.383291892093257, 0.5586820702346661]",1979,-1
20782,[0.34649882 0.29072298],0,9,"[0.3110394802231661, 0.23517199738277297]",-1,-1
20783,[0.22341583 0.43324729],7,8,"[0.27392971195344684, 0.45973140540928376]",271,-1
20784,[0.40333911 0.22313954],0,-1,-1,204,-1
20785,[0.34008767 0.59701897],4,0,"[0.383291892093257, 0.5586820702346661]",-1,-1
20786,[0.31195189 0.58684984],7,7,"[0.2817018170798153, 0.5849768676672948]",-1,-1
20787,[0.39831376 0.28789162],6,1,"[0.3897435781344088, 0.3417040596068965]",1077,-1
20788,[0.79903826 0.75601522],1,4,"[0.7726811996944247, 0.7249303226766757]",-1,0
20789,[0.70848388 0.45109854],8,3,"[0.6815204869410737, 0.47689852788858716]",594,-1
20790,[0.3705781  0.29361456],6,1,"[0.3897435781344088, 0.3417040596068965]",-1,-1
20791,[0.39297952 0.41536143],4,-1,-1,501,-1
20792,[0.2995015  0.31854729],2,5,"[0.23231087327800656, 0.30304944505444303]",1661,-1
20793,[0.32087009 0.39738898],2,-1,-1,-1,-1
20794,[0.3778951  0.53379423],4,0,"[0.383291892093257, 0.5586820702346661]",-1,-1
20795,[0.23685421 0.31156413],2,5,"[0.23231087327800656, 0.30304944505444303]",1566,-1
20796,[0.26440713 0.38713515],2,-1,-1,-1,-1
20797,[0.57474965 0.66042877],9,2,"[0.5921204552873188, 0.6383928111301557]",-1,-1
20798,[0.2690702  0.66857798],4,-1,-1,86,-1
20799,[0.2664313  0.27573326],6,5,"[0.23231087327800656, 0.30304944505444303]",-1,-1
20800,[0.33280339 0.29062902],2,9,"[0.3110394802231661, 0.23517199738277297]",-1,-1
20801,[0.22784416 0.46837722],7,8,"[0.27392971195344684, 0.45973140540928376]",724,-1
20802,[0.32356995 0.48530381],7,8,"[0.27392971195344684, 0.45973140540928376]",-1,-1
20803,[0.33597903 0.37440275],2,1,"[0.3897435781344088, 0.3417040596068965]",1348,-1
20804,[0.38011163 0.38055185],6,1,"[0.3897435781344088, 0.3417040596068965]",1006,-1
20805,[0.3737721  0.65009638],3,-1,-1,-1,-1
20806,[0.58198636 0.60395514],9,2,"[0.5921204552873188, 0.6383928111301557]",1424,-1
20807,[0.27402851 0.44674311],2,8,"[0.27392971195344684, 0.45973140540928376]",1251,-1
20808,[0.58587683 0.41868999],5,-1,-1,-1,-1
20809,[0.33518181 0.27889602],0,9,"[0.3110394802231661, 0.23517199738277297]",-1,-1
20810,[0.35436915 0.54353899],4,0,"[0.383291892093257, 0.5586820702346661]",-1,-1
20811,[0.43914584 0.43043358],6,-1,-1,160,-1
20812,[0.57562246 0.5374322 ],5,6,"[0.5164739970238864, 0.5319253761973344]",-1,6
20813,[0.36637134 0.49928984],2,0,"[0.383291892093257, 0.5586820702346661]",-1,-1
20814,[0.24491213 0.35941666],0,5,"[0.23231087327800656, 0.30304944505444303]",-1,-1
20815,[0.38703996 0.47641422],6,-1,-1,-1,-1
20816,[0.36606828 0.41533474],7,-1,-1,721,-1
20817,[0.74374961 0.62105458],1,-1,-1,-1,-1
20818,[0.30328661 0.39919321],2,8,"[0.27392971195344684, 0.45973140540928376]",1067,-1
20819,[0.33701852 0.35505544],6,1,"[0.3897435781344088, 0.3417040596068965]",-1,-1
20820,[0.41334396 0.27310255],6,-1,-1,-1,-1
20821,[0.68501088 0.44069282],8,3,"[0.6815204869410737, 0.47689852788858716]",611,-1
20822,[0.41394891 0.25225798],6,-1,-1,610,-1
20823,[0.39919889 0.48769197],7,-1,-1,1036,-1
20824,[0.30179786 0.49492948],4,8,"[0.27392971195344684, 0.45973140540928376]",-1,-1
20825,[0.74393504 0.48389715],8,3,"[0.6815204869410737, 0.47689852788858716]",-1,-1
20826,[0.63985411 0.88891877],1,-1,-1,-1,-1
20827,[0.29866606 0.6339048 ],3,7,"[0.2817018170798153, 0.5849768676672948]",1069,-1
20828,[0.31115737 0.42884695],7,8,"[0.27392971195344684, 0.45973140540928376]",-1,-1
20829,[0.33065506 0.29943906],0,9,"[0.3110394802231661, 0.23517199738277297]",1659,-1
20830,[0.21954797 0.31178211],2,5,"[0.23231087327800656, 0.30304944505444303]",-1,-1
20831,[0.81173175 0.65734971],1,-1,-1,255,0
20832,[0.49216858 0.6400588 ],5,-1,-1,647,-1
20833,[0.65788552 0.45266683],8,3,"[0.6815204869410737, 0.47689852788858716]",733,-1
20834,[0.23002187 0.36477293],0,5,"[0.23231087327800656, 0.30304944505444303]",-1,-1
20835,[0.57929308 0.41831619],6,-1,-1,-1,-1
20836,[0.17842165 0.35663011],2,-1,-1,-1,-1
20837,[0.50252519 0.44851862],5,-1,-1,223,-1
20838,[0.23553155 0.27981863],2,5,"[0.23231087327800656, 0.30304944505444303]",1531,-1
20839,[0.26072944 0.30921902],2,5,"[0.23231087327800656, 0.30304944505444303]",-1,-1
20840,[0.58331437 0.56409234],9,-1,-1,1394,-1
20841,[0.38690158 0.56550608],3,0,"[0.383291892093257, 0.5586820702346661]",-1,-1
20842,[0.41308622 0.66071509],3,-1,-1,-1,-1
20843,[0.25656244 0.46593667],7,8,"[0.27392971195344684, 0.45973140540928376]",1595,-1
20844,[0.35149143 0.62696247],3,-1,-1,1304,-1
20845,[0.22000716 0.45966843],7,8,"[0.27392971195344684, 0.45973140540928376]",331,-1
20846,[0.32928931 0.40565621],6,-1,-1,948,-1
20847,[0.43905861 0.34051265],6,1,"[0.3897435781344088, 0.3417040596068965]",793,-1
20848,[0.30851912 0.55317389],7,7,"[0.2817018170798153, 0.5849768676672948]",1985,17
20849,[0.66874573 0.51214585],8,3,"[0.6815204869410737, 0.47689852788858716]",827,2
20850,[0.14999449 0.1858421 ],0,-1,-1,-1,-1
20851,[0.6442166  0.75627417],1,-1,-1,-1,-1
20852,[0.43973322 0.44567005],5,-1,-1,-1,-1
20853,[0.76060746 0.66849332],1,4,"[0.7726811996944247, 0.7249303226766757]",-1,0
20854,[0.40013466 0.53426049],3,0,"[0.383291892093257, 0.5586820702346661]",1642,-1
20855,[0.41309888 0.55668181],3,0,"[0.383291892093257, 0.5586820702346661]",1739,-1
20856,[0.19646948 0.39628799],0,-1,-1,-1,-1
20857,[0.63054553 0.5129784 ],9,3,"[0.6815204869410737, 0.47689852788858716]",869,-1
20858,[0.28973461 0.48603477],4,8,"[0.27392971195344684, 0.45973140540928376]",1798,-1
20859,[0.60016703 0.64458206],8,2,"[0.5921204552873188, 0.6383928111301557]",-1,-1
20860,[0.47083835 0.56778184],4,6,"[0.5164739970238864, 0.5319253761973344]",1155,-1
20861,[0.2929886  0.51606297],4,8,"[0.27392971195344684, 0.45973140540928376]",-1,14
20862,[0.59452289 0.62010385],9,2,"[0.5921204552873188, 0.6383928111301557]",1343,6
20863,[0.43176131 0.60968659],3,-1,-1,-1,-1
20864,[0.22669347 0.34958175],2,5,"[0.23231087327800656, 0.30304944505444303]",1129,-1
20865,[0.38504018 0.36390547],6,1,"[0.3897435781344088, 0.3417040596068965]",-1,-1
20866,[0.34112566 0.38919785],2,1,"[0.3897435781344088, 0.3417040596068965]",-1,-1
20867,[0.4363846  0.31558001],6,1,"[0.3897435781344088, 0.3417040596068965]",577,-1
20868,[0.52254914 0.5134521 ],9,6,"[0.5164739970238864, 0.5319253761973344]",1176,-1
20869,[0.81734642 0.6806774 ],1,4,"[0.7726811996944247, 0.7249303226766757]",361,0
20870,[0.78420274 0.77297051],1,4,"[0.7726811996944247, 0.7249303226766757]",407,0
20871,[0.34678134 0.28099546],0,9,"[0.3110394802231661, 0.23517199738277297]",-1,-1
20872,[0.30941433 0.50645135],3,8,"[0.27392971195344684, 0.45973140540928376]",1922,15
20873,[0.26774109 0.67430892],4,-1,-1,86,-1
20874,[0.3548794  0.59449421],5,0,"[0.383291892093257, 0.5586820702346661]",1828,-1
20875,[0.56199856 0.53405727],5,6,"[0.5164739970238864, 0.5319253761973344]",1389,6
20876,[0.74822234 0.74324776],1,4,"[0.7726811996944247, 0.7249303226766757]",-1,0
20877,[0.31290449 0.5054283 ],7,8,"[0.27392971195344684, 0.45973140540928376]",1922,15
20878,[0.33808597 0.59941568],3,7,"[0.2817018170798153, 0.5849768676672948]",1864,-1
20879,[0.30737539 0.53915613],3,7,"[0.2817018170798153, 0.5849768676672948]",1986,-1
20880,[0.8714675  0.70613659],1,-1,-1,-1,0
20881,[0.51099823 0.48212058],5,6,"[0.5164739970238864, 0.5319253761973344]",-1,-1
20882,[0.48329278 0.62892104],5,-1,-1,-1,-1
20883,[0.55450686 0.51966032],9,6,"[0.5164739970238864, 0.5319253761973344]",1300,-1
20884,[0.27348797 0.50087131],7,8,"[0.27392971195344684, 0.45973140540928376]",1779,-1
20885,[0.3178416  0.56515346],4,7,"[0.2817018170798153, 0.5849768676672948]",1972,-1
20886,[0.78647788 0.73412828],1,4,"[0.7726811996944247, 0.7249303226766757]",-1,0
20887,[0.48661233 0.47614025],5,6,"[0.5164739970238864, 0.5319253761973344]",-1,-1
20888,[0.38419089 0.57761025],3,0,"[0.383291892093257, 0.5586820702346661]",1825,-1
20889,[0.34373983 0.54839901],4,0,"[0.383291892093257, 0.5586820702346661]",-1,-1
20890,[0.30440832 0.27137947],0,9,"[0.3110394802231661, 0.23517199738277297]",1511,-1
20891,[0.74124706 0.80692902],1,-1,-1,288,0
20892,[0.52256445 0.75727549],9,-1,-1,-1,-1
20893,[0.56941635 0.53540699],8,6,"[0.5164739970238864, 0.5319253761973344]",-1,6
20894,[0.72009723 0.66080121],1,-1,-1,358,0
20895,[0.33206334 0.57810635],3,7,"[0.2817018170798153, 0.5849768676672948]",1980,17
20896,[0.38565862 0.38977701],6,1,"[0.3897435781344088, 0.3417040596068965]",952,-1
20897,[0.53601389 0.43162278],5,-1,-1,146,-1
20898,[0.52678257 0.60760815],9,-1,-1,-1,-1
20899,[0.80844597 0.76841446],1,4,"[0.7726811996944247, 0.7249303226766757]",-1,0
20900,[0.61922742 0.59394115],9,2,"[0.5921204552873188, 0.6383928111301557]",-1,-1
20901,[0.22321863 0.35781466],0,5,"[0.23231087327800656, 0.30304944505444303]",-1,-1
20902,[0.79009004 0.40216688],8,-1,-1,-1,-1
20903,[0.26117257 0.5585736 ],4,7,"[0.2817018170798153, 0.5849768676672948]",-1,-1
20904,[0.70378781 0.75108727],1,-1,-1,-1,0
20905,[0.28263462 0.52736748],7,7,"[0.2817018170798153, 0.5849768676672948]",-1,14
20906,[0.28761057 0.56453352],3,7,"[0.2817018170798153, 0.5849768676672948]",-1,13
20907,[0.34217174 0.50151634],7,-1,-1,-1,-1
20908,[0.77631359 0.6714573 ],1,4,"[0.7726811996944247, 0.7249303226766757]",389,0
20909,[0.5913566  0.50518416],5,-1,-1,841,-1
20910,[0.61805547 0.57633445],5,2,"[0.5921204552873188, 0.6383928111301557]",1273,-1
20911,[0.49575344 0.58005307],5,6,"[0.5164739970238864, 0.5319253761973344]",-1,-1
20912,[0.77020574 0.71846496],1,4,"[0.7726811996944247, 0.7249303226766757]",-1,0
20913,[0.51497662 0.52101035],5,6,"[0.5164739970238864, 0.5319253761973344]",-1,-1
20914,[0.70750439 0.51676857],8,3,"[0.6815204869410737, 0.47689852788858716]",-1,-1
20915,[0.12872442 0.26314542],2,-1,-1,-1,-1
20916,[0.63652891 0.59894226],1,2,"[0.5921204552873188, 0.6383928111301557]",-1,-1
20917,[0.79483944 0.80834319],1,-1,-1,142,0
20918,[0.57560793 0.70913592],9,-1,-1,512,-1
20919,[0.23628873 0.2809565 ],0,5,"[0.23231087327800656, 0.30304944505444303]",1531,-1
20920,[0.37428854 0.3020331 ],6,1,"[0.3897435781344088, 0.3417040596068965]",-1,-1
20921,[0.22148711 0.32356024],2,5,"[0.23231087327800656, 0.30304944505444303]",-1,-1
20922,[0.85013711 0.76060499],1,-1,-1,130,0
20923,[0.57488995 0.58068639],5,2,"[0.5921204552873188, 0.6383928111301557]",1452,6
20924,[0.34491817 0.58232151],4,0,"[0.383291892093257, 0.5586820702346661]",1842,-1
20925,[0.73145698 0.49909517],8,3,"[0.6815204869410737, 0.47689852788858716]",572,-1
20926,[0.74591271 0.83949531],1,-1,-1,31,-1
20927,[0.79355909 0.7038661 ],1,4,"[0.7726811996944247, 0.7249303226766757]",478,0
20928,[0.34323701 0.2963806 ],6,1,"[0.3897435781344088, 0.3417040596068965]",-1,-1
20929,[0.1620843  0.16553514],0,-1,-1,-1,-1
20930,[0.20349227 0.68594063],4,-1,-1,-1,-1
20931,[0.34208106 0.66798455],3,-1,-1,298,-1
20932,[0.47584365 0.6237546 ],5,-1,-1,736,-1
20933,[0.66496612 0.50438149],8,3,"[0.6815204869410737, 0.47689852788858716]",827,2
20934,[0.43665046 0.342304  ],0,1,"[0.3897435781344088, 0.3417040596068965]",793,-1
20935,[0.66299001 0.63078928],9,-1,-1,580,-1
20936,[0.38077949 0.27933548],6,1,"[0.3897435781344088, 0.3417040596068965]",-1,-1
20937,[0.17141858 0.40956959],0,-1,-1,134,-1
20938,[0.6132523  0.79072475],9,-1,-1,-1,-1
20939,[0.29016903 0.29548904],0,5,"[0.23231087327800656, 0.30304944505444303]",-1,11
20940,[0.23409094 0.33975058],2,5,"[0.23231087327800656, 0.30304944505444303]",1522,-1
20941,[0.46573566 0.33087251],6,-1,-1,530,-1
20942,[0.77912807 0.6878063 ],1,4,"[0.7726811996944247, 0.7249303226766757]",-1,0
20943,[0.60350927 0.63638395],9,2,"[0.5921204552873188, 0.6383928111301557]",1332,-1
20944,[0.30932836 0.278427  ],0,9,"[0.3110394802231661, 0.23517199738277297]",-1,-1
20945,[0.41848709 0.59635982],3,0,"[0.383291892093257, 0.5586820702346661]",1719,-1
20946,[0.6403841  0.74185898],1,-1,-1,-1,-1
20947,[0.14932744 0.39886507],2,-1,-1,-1,-1
20948,[0.31665609 0.33581816],2,-1,-1,1615,-1
20949,[0.75331684 0.73118299],1,4,"[0.7726811996944247, 0.7249303226766757]",-1,0
20950,[0.61531928 0.62228863],9,2,"[0.5921204552873188, 0.6383928111301557]",-1,-1
20951,[0.65327594 0.50225547],8,3,"[0.6815204869410737, 0.47689852788858716]",816,-1
20952,[0.30238669 0.54853879],4,7,"[0.2817018170798153, 0.5849768676672948]",-1,-1
20953,[0.63890205 0.59331894],5,2,"[0.5921204552873188, 0.6383928111301557]",1187,-1
20954,[0.19808943 0.29689514],0,5,"[0.23231087327800656, 0.30304944505444303]",-1,-1
20955,[0.49223754 0.37619125],6,-1,-1,200,-1
20956,[0.53989225 0.70044949],9,-1,-1,-1,-1
20957,[0.21335619 0.28954454],0,5,"[0.23231087327800656, 0.30304944505444303]",-1,-1
20958,[0.88719588 0.71594526],1,-1,-1,-1,-1
20959,[0.77728911 0.7127615 ],1,4,"[0.7726811996944247, 0.7249303226766757]",477,0
20960,[0.40680188 0.57208965],7,0,"[0.383291892093257, 0.5586820702346661]",1737,-1
20961,[0.69311049 0.63449478],8,-1,-1,493,-1
20962,[0.37900295 0.61693257],4,0,"[0.383291892093257, 0.5586820702346661]",1513,-1
20963,[0.42529383 0.39300219],6,1,"[0.3897435781344088, 0.3417040596068965]",-1,-1
20964,[0.34325223 0.48781879],7,-1,-1,-1,-1
20965,[0.40542134 0.58529785],3,0,"[0.383291892093257, 0.5586820702346661]",-1,-1
20966,[0.74004507 0.73396855],1,4,"[0.7726811996944247, 0.7249303226766757]",452,0
20967,[0.52929775 0.26198521],6,-1,-1,-1,-1
20968,[0.35592384 0.43450332],6,-1,-1,-1,-1
20969,[0.76110394 0.69571513],1,4,"[0.7726811996944247, 0.7249303226766757]",460,0
20970,[0.2584311  0.57996004],3,7,"[0.2817018170798153, 0.5849768676672948]",1562,-1
20971,[0.76249831 0.64812936],1,-1,-1,-1,0
20972,[0.17129694 0.28508344],2,5,"[0.23231087327800656, 0.30304944505444303]",726,-1
20973,[0.55919164 0.54168713],9,6,"[0.5164739970238864, 0.5319253761973344]",-1,6
20974,[0.21613918 0.3570452 ],0,5,"[0.23231087327800656, 0.30304944505444303]",1127,-1
20975,[0.48566591 0.51207689],5,6,"[0.5164739970238864, 0.5319253761973344]",936,-1
20976,[0.38161214 0.36306033],6,1,"[0.3897435781344088, 0.3417040596068965]",1062,-1
20977,[0.58594453 0.55149754],5,-1,-1,-1,-1
20978,[0.42796303 0.4807948 ],3,-1,-1,767,-1
20979,[0.19649118 0.29407759],0,5,"[0.23231087327800656, 0.30304944505444303]",933,-1
20980,[0.50229282 0.57660487],9,6,"[0.5164739970238864, 0.5319253761973344]",-1,6
20981,[0.44736206 0.5870014 ],5,-1,-1,1228,4
20982,[0.34250633 0.55615046],4,0,"[0.383291892093257, 0.5586820702346661]",1955,-1
20983,[0.45187202 0.53952576],5,6,"[0.5164739970238864, 0.5319253761973344]",1277,-1
20984,[0.62008694 0.5953282 ],5,2,"[0.5921204552873188, 0.6383928111301557]",1210,-1
20985,[0.49034511 0.55160454],5,6,"[0.5164739970238864, 0.5319253761973344]",1183,-1
20986,[0.570077   0.45732703],5,-1,-1,517,-1
20987,[0.31539863 0.24283258],2,9,"[0.3110394802231661, 0.23517199738277297]",-1,-1
20988,[0.26643813 0.2334899 ],2,9,"[0.3110394802231661, 0.23517199738277297]",1137,-1
20989,[0.13020288 0.10548697],0,-1,-1,-1,-1
20990,[0.24073841 0.32785065],2,5,"[0.23231087327800656, 0.30304944505444303]",-1,-1
20991,[0.28706668 0.21140848],0,9,"[0.3110394802231661, 0.23517199738277297]",1028,-1
20992,[0.79742271 0.7670074 ],1,4,"[0.7726811996944247, 0.7249303226766757]",427,0
20993,[0.18696096 0.24442161],0,-1,-1,-1,-1
20994,[0.52703564 0.49085977],5,6,"[0.5164739970238864, 0.5319253761973344]",1096,-1
20995,[0.34673974 0.66160155],4,-1,-1,298,-1
20996,[0.51667196 0.22251259],6,-1,-1,-1,-1
20997,[0.51132037 0.53390702],3,6,"[0.5164739970238864, 0.5319253761973344]",1182,3
20998,[0.31127861 0.47160229],2,8,"[0.27392971195344684, 0.45973140540928376]",-1,-1
20999,[0.79332932 0.66323841],1,4,"[0.7726811996944247, 0.7249303226766757]",-1,0
21000,[0.29701721 0.47342656],4,8,"[0.27392971195344684, 0.45973140540928376]",1729,-1
21001,[0.37878996 0.37041213],2,1,"[0.3897435781344088, 0.3417040596068965]",1062,-1
21002,[0.72972041 0.49945305],8,3,"[0.6815204869410737, 0.47689852788858716]",572,-1
21003,[0.71659017 0.84043702],1,-1,-1,-1,-1
21004,[0.55419401 0.53047002],5,6,"[0.5164739970238864, 0.5319253761973344]",1390,-1
21005,[0.4410831  0.55370144],5,0,"[0.383291892093257, 0.5586820702346661]",-1,-1
21006,[0.38672907 0.523981  ],7,0,"[0.383291892093257, 0.5586820702346661]",1777,-1
21007,[0.52616044 0.68244432],9,-1,-1,-1,-1
21008,[0.52128866 0.5113489 ],9,6,"[0.5164739970238864, 0.5319253761973344]",1179,-1
21009,[0.27277664 0.58434968],4,7,"[0.2817018170798153, 0.5849768676672948]",-1,-1
21010,[0.36097159 0.30838597],0,1,"[0.3897435781344088, 0.3417040596068965]",1540,-1
21011,[0.70848702 0.6893679 ],1,-1,-1,-1,0
21012,[0.22357352 0.54784384],7,7,"[0.2817018170798153, 0.5849768676672948]",-1,-1
21013,[0.33145216 0.29923893],2,9,"[0.3110394802231661, 0.23517199738277297]",1659,-1
21014,[0.54371613 0.57725117],5,6,"[0.5164739970238864, 0.5319253761973344]",1410,6
21015,[0.61385678 0.61357414],9,2,"[0.5921204552873188, 0.6383928111301557]",-1,-1
21016,[0.63421065 0.58322373],9,2,"[0.5921204552873188, 0.6383928111301557]",1190,-1
21017,[0.32699964 0.61020995],3,7,"[0.2817018170798153, 0.5849768676672948]",1544,-1
21018,[0.52417637 0.64486595],9,2,"[0.5921204552873188, 0.6383928111301557]",-1,-1
21019,[0.29719792 0.63455579],3,7,"[0.2817018170798153, 0.5849768676672948]",1069,-1
21020,[0.39721516 0.36172989],6,1,"[0.3897435781344088, 0.3417040596068965]",1061,-1
21021,[0.35168593 0.50038846],4,0,"[0.383291892093257, 0.5586820702346661]",-1,-1
21022,[0.30121634 0.54503493],7,7,"[0.2817018170798153, 0.5849768676672948]",-1,-1
21023,[0.64946091 0.41272955],8,-1,-1,-1,-1
21024,[0.80370225 0.76944645],1,4,"[0.7726811996944247, 0.7249303226766757]",428,0
21025,[0.6575432  0.44609366],8,3,"[0.6815204869410737, 0.47689852788858716]",732,-1
21026,[0.39678546 0.57113137],4,0,"[0.383291892093257, 0.5586820702346661]",1770,-1
21027,[0.43667762 0.50795258],7,-1,-1,1059,-1
21028,[0.31297988 0.24118637],0,9,"[0.3110394802231661, 0.23517199738277297]",-1,-1
21029,[0.23824654 0.10138822],0,-1,-1,-1,-1
21030,[0.32135516 0.57944804],3,7,"[0.2817018170798153, 0.5849768676672948]",-1,-1
21031,[0.45819225 0.71068866],9,-1,-1,-1,-1
21032,[0.70691512 0.55506811],9,-1,-1,563,-1
21033,[0.50731378 0.45582377],5,-1,-1,-1,-1
21034,[0.60468312 0.64337865],9,2,"[0.5921204552873188, 0.6383928111301557]",-1,-1
21035,[0.53569787 0.65601002],9,2,"[0.5921204552873188, 0.6383928111301557]",-1,-1
21036,[0.68562927 0.41577811],8,3,"[0.6815204869410737, 0.47689852788858716]",592,-1
21037,[0.42088914 0.6093372 ],5,0,"[0.383291892093257, 0.5586820702346661]",-1,-1
21038,[0.74649436 0.6564312 ],1,-1,-1,336,0
21039,[0.30528619 0.27493188],0,9,"[0.3110394802231661, 0.23517199738277297]",-1,-1
21040,[0.39476639 0.42425518],6,-1,-1,-1,-1
21041,[0.67177026 0.36154785],8,-1,-1,-1,-1
21042,[0.45513601 0.450813  ],5,-1,-1,270,-1
21043,[0.2510787  0.31556279],2,5,"[0.23231087327800656, 0.30304944505444303]",1501,-1
21044,[0.52241454 0.47741083],5,6,"[0.5164739970238864, 0.5319253761973344]",-1,-1
21045,[0.22718546 0.39223053],7,-1,-1,-1,-1
21046,[0.33048057 0.44291536],4,8,"[0.27392971195344684, 0.45973140540928376]",941,-1
21047,[0.44807282 0.66603215],3,-1,-1,-1,-1
21048,[0.79428728 0.71311155],1,4,"[0.7726811996944247, 0.7249303226766757]",-1,0
21049,[0.33270867 0.55432219],3,0,"[0.383291892093257, 0.5586820702346661]",-1,17
21050,[0.38552291 0.53915596],7,0,"[0.383291892093257, 0.5586820702346661]",-1,-1
21051,[0.68515009 0.41750032],8,3,"[0.6815204869410737, 0.47689852788858716]",592,-1
21052,[0.54751837 0.52679643],5,6,"[0.5164739970238864, 0.5319253761973344]",-1,-1
21053,[0.35364612 0.35218341],2,1,"[0.3897435781344088, 0.3417040596068965]",-1,-1
21054,[0.28116598 0.27127767],0,9,"[0.3110394802231661, 0.23517199738277297]",1627,-1
21055,[0.45935712 0.58245701],3,-1,-1,-1,4
21056,[0.50684137 0.54376431],5,6,"[0.5164739970238864, 0.5319253761973344]",1186,3
21057,[0.3734635  0.54817873],4,0,"[0.383291892093257, 0.5586820702346661]",1804,-1
21058,[0.41441478 0.29396953],6,1,"[0.3897435781344088, 0.3417040596068965]",923,-1
21059,[0.73215419 0.7205333 ],1,4,"[0.7726811996944247, 0.7249303226766757]",-1,0
21060,[0.38473114 0.33550728],6,1,"[0.3897435781344088, 0.3417040596068965]",1476,-1
21061,[0.29729173 0.36358779],3,-1,-1,-1,-1
21062,[0.32383823 0.33198247],6,1,"[0.3897435781344088, 0.3417040596068965]",1613,-1
21063,[0.36156441 0.45489213],4,-1,-1,860,-1
21064,[0.7275071  0.82945426],1,-1,-1,50,-1
21065,[0.7558092  0.60496873],1,-1,-1,-1,-1
21066,[0.31756928 0.47791947],4,8,"[0.27392971195344684, 0.45973140540928376]",1756,-1
21067,[0.21826535 0.3343244 ],0,5,"[0.23231087327800656, 0.30304944505444303]",-1,-1
21068,[0.34986846 0.57571377],4,0,"[0.383291892093257, 0.5586820702346661]",-1,-1
21069,[0.52546946 0.65968209],9,2,"[0.5921204552873188, 0.6383928111301557]",920,-1
21070,[0.2903128  0.23899852],0,9,"[0.3110394802231661, 0.23517199738277297]",-1,-1
21071,[0.37817723 0.47381221],3,-1,-1,771,-1
21072,[0.38795194 0.57614128],3,0,"[0.383291892093257, 0.5586820702346661]",1771,-1
21073,[0.26683881 0.46636942],7,8,"[0.27392971195344684, 0.45973140540928376]",1595,-1
21074,[0.78506097 0.65951679],1,4,"[0.7726811996944247, 0.7249303226766757]",326,0
21075,[0.80529287 0.61298315],1,-1,-1,-1,-1
21076,[0.29500362 0.20252093],0,9,"[0.3110394802231661, 0.23517199738277297]",425,-1
21077,[0.28190667 0.31903422],6,5,"[0.23231087327800656, 0.30304944505444303]",-1,9
21078,[0.22442533 0.18737108],0,-1,-1,375,-1
21079,[0.55216738 0.64984408],9,2,"[0.5921204552873188, 0.6383928111301557]",-1,-1
21080,[0.83706296 0.71667191],1,4,"[0.7726811996944247, 0.7249303226766757]",-1,0
21081,[0.32325319 0.56223377],3,7,"[0.2817018170798153, 0.5849768676672948]",1977,17
21082,[0.77648384 0.5491863 ],8,-1,-1,-1,-1
21083,[0.33419304 0.33191525],2,1,"[0.3897435781344088, 0.3417040596068965]",-1,-1
21084,[0.73066582 0.35468107],8,-1,-1,-1,-1
21085,[0.54302603 0.42852498],5,-1,-1,-1,-1
21086,[0.33078763 0.62468287],3,7,"[0.2817018170798153, 0.5849768676672948]",-1,-1
21087,[0.17621158 0.2271088 ],0,-1,-1,-1,-1
21088,[0.78308202 0.492821  ],8,-1,-1,-1,-1
21089,[0.35243684 0.57743402],4,0,"[0.383291892093257, 0.5586820702346661]",-1,-1
21090,[0.83228751 0.71300529],1,4,"[0.7726811996944247, 0.7249303226766757]",-1,0
21091,[0.42058465 0.30959803],6,1,"[0.3897435781344088, 0.3417040596068965]",-1,-1
21092,[0.66232371 0.46826303],8,3,"[0.6815204869410737, 0.47689852788858716]",-1,-1
21093,[0.68938271 0.60151687],9,-1,-1,267,-1
21094,[0.8265399 0.6790899],1,-1,-1,-1,0
21095,[0.28067195 0.48340506],7,8,"[0.27392971195344684, 0.45973140540928376]",1728,-1
21096,[0.49601744 0.67296681],9,-1,-1,304,-1
21097,[0.32189114 0.57161347],4,7,"[0.2817018170798153, 0.5849768676672948]",-1,-1
21098,[0.52991396 0.59317597],9,6,"[0.5164739970238864, 0.5319253761973344]",-1,-1
21099,[0.69171441 0.36591132],8,-1,-1,-1,-1
21100,[0.2849988  0.52847378],7,7,"[0.2817018170798153, 0.5849768676672948]",-1,14
21101,[0.22907035 0.38934032],2,-1,-1,912,-1
21102,[0.38850414 0.56471141],4,0,"[0.383291892093257, 0.5586820702346661]",1772,-1
21103,[0.27332388 0.26131219],0,9,"[0.3110394802231661, 0.23517199738277297]",1606,-1
21104,[0.6130804  0.54508119],9,-1,-1,734,-1
21105,[0.24078075 0.32450486],2,5,"[0.23231087327800656, 0.30304944505444303]",-1,-1
21106,[0.78500876 0.74366854],1,4,"[0.7726811996944247, 0.7249303226766757]",471,0
21107,[0.17864458 0.5493039 ],7,-1,-1,-1,-1
21108,[0.33542689 0.5402878 ],7,0,"[0.383291892093257, 0.5586820702346661]",-1,-1
21109,[0.73933617 0.81812234],1,-1,-1,103,0
21110,[0.56890065 0.70333093],5,2,"[0.5921204552873188, 0.6383928111301557]",511,-1
21111,[0.3278057  0.50462879],4,-1,-1,-1,-1
21112,[0.67451883 0.75715379],1,-1,-1,-1,0
21113,[0.45071347 0.57456967],5,0,"[0.383291892093257, 0.5586820702346661]",1222,-1
21114,[0.4908527  0.35336786],6,-1,-1,-1,-1
21115,[0.36538233 0.34255062],6,1,"[0.3897435781344088, 0.3417040596068965]",-1,-1
21116,[0.24647643 0.55336147],7,7,"[0.2817018170798153, 0.5849768676672948]",-1,-1
21117,[0.20059093 0.33996146],2,5,"[0.23231087327800656, 0.30304944505444303]",944,-1
21118,[0.39274257 0.58419944],4,0,"[0.383291892093257, 0.5586820702346661]",-1,-1
21119,[0.50607152 0.5088008 ],5,6,"[0.5164739970238864, 0.5319253761973344]",725,-1
21120,[0.31440911 0.5076724 ],4,8,"[0.27392971195344684, 0.45973140540928376]",1922,15
21121,[0.3385707  0.65310936],4,-1,-1,901,-1
21122,[0.20377122 0.3004198 ],0,5,"[0.23231087327800656, 0.30304944505444303]",685,-1
21123,[0.28782462 0.2565816 ],0,9,"[0.3110394802231661, 0.23517199738277297]",1612,-1
21124,[0.33637351 0.31668011],6,1,"[0.3897435781344088, 0.3417040596068965]",-1,-1
21125,[0.38702504 0.58076242],3,0,"[0.383291892093257, 0.5586820702346661]",1701,-1
21126,[0.52016662 0.53877569],5,6,"[0.5164739970238864, 0.5319253761973344]",1181,3
21127,[0.38654635 0.48274463],4,-1,-1,1042,-1
21128,[0.33217653 0.33555451],0,1,"[0.3897435781344088, 0.3417040596068965]",1616,-1
21129,[0.3228032 0.5355133],4,7,"[0.2817018170798153, 0.5849768676672948]",1932,-1
21130,[0.55512783 0.57603199],5,6,"[0.5164739970238864, 0.5319253761973344]",-1,6
21131,[0.23574517 0.3059046 ],0,5,"[0.23231087327800656, 0.30304944505444303]",1567,-1
21132,[0.81826965 0.83594373],1,-1,-1,-1,-1
21133,[0.55123486 0.5648131 ],5,6,"[0.5164739970238864, 0.5319253761973344]",1406,6
21134,[0.6017936 0.5856251],9,2,"[0.5921204552873188, 0.6383928111301557]",1326,-1
21135,[0.6060068  0.66577028],9,2,"[0.5921204552873188, 0.6383928111301557]",-1,-1
21136,[0.50727796 0.49610533],3,6,"[0.5164739970238864, 0.5319253761973344]",-1,-1
21137,[0.36335755 0.50648335],3,0,"[0.383291892093257, 0.5586820702346661]",1899,-1
21138,[0.16829422 0.10702049],0,-1,-1,-1,-1
21139,[0.62894801 0.43518847],8,3,"[0.6815204869410737, 0.47689852788858716]",-1,-1
21140,[0.73407795 0.76040615],1,4,"[0.7726811996944247, 0.7249303226766757]",-1,0
21141,[0.29270757 0.21757167],2,9,"[0.3110394802231661, 0.23517199738277297]",-1,-1
21142,[0.35815235 0.31799059],0,1,"[0.3897435781344088, 0.3417040596068965]",-1,-1
21143,[0.30252853 0.55046093],7,7,"[0.2817018170798153, 0.5849768676672948]",-1,-1
21144,[0.66621514 0.45274876],8,3,"[0.6815204869410737, 0.47689852788858716]",-1,-1
21145,[0.69892413 0.76298547],1,-1,-1,-1,0
21146,[0.59276726 0.41488413],8,-1,-1,153,-1
21147,[0.70439549 0.50400133],8,3,"[0.6815204869410737, 0.47689852788858716]",739,-1
21148,[0.31474775 0.30102993],2,9,"[0.3110394802231661, 0.23517199738277297]",1647,-1
21149,[0.3244588  0.56727591],7,7,"[0.2817018170798153, 0.5849768676672948]",1976,-1
21150,[0.28519402 0.39411989],2,8,"[0.27392971195344684, 0.45973140540928376]",1066,-1
21151,[0.76278917 0.4384463 ],8,-1,-1,94,-1
21152,[0.50089879 0.49875888],5,6,"[0.5164739970238864, 0.5319253761973344]",-1,-1
21153,[0.86481911 0.73712927],1,-1,-1,-1,0
21154,[0.23525393 0.33612769],2,5,"[0.23231087327800656, 0.30304944505444303]",1522,-1
21155,[0.51762329 0.64706526],5,-1,-1,-1,-1
21156,[0.36532471 0.55350447],7,0,"[0.383291892093257, 0.5586820702346661]",1793,-1
21157,[0.54111093 0.60549047],5,2,"[0.5921204552873188, 0.6383928111301557]",-1,-1
21158,[0.41052887 0.35995436],6,1,"[0.3897435781344088, 0.3417040596068965]",982,-1
21159,[0.17412539 0.42711857],2,-1,-1,-1,-1
21160,[0.57600121 0.42967079],8,-1,-1,252,-1
21161,[0.25997771 0.49097386],4,8,"[0.27392971195344684, 0.45973140540928376]",-1,-1
21162,[0.43852997 0.5187489 ],3,0,"[0.383291892093257, 0.5586820702346661]",1435,-1
21163,[0.78624661 0.51460843],8,-1,-1,-1,-1
21164,[0.74445162 0.52986944],8,-1,-1,222,-1
21165,[0.64091453 0.51228522],8,3,"[0.6815204869410737, 0.47689852788858716]",866,1
21166,[0.31425945 0.4626877 ],7,8,"[0.27392971195344684, 0.45973140540928376]",-1,-1
21167,[0.1914831  0.40293699],2,-1,-1,201,-1
21168,[0.49363681 0.25757514],6,-1,-1,118,-1
21169,[0.36027295 0.60174761],7,0,"[0.383291892093257, 0.5586820702346661]",-1,-1
21170,[0.32882608 0.35329   ],0,1,"[0.3897435781344088, 0.3417040596068965]",1368,-1
21171,[0.38817185 0.66448973],3,-1,-1,-1,-1
21172,[0.24664602 0.61301368],7,7,"[0.2817018170798153, 0.5849768676672948]",514,-1
21173,[0.33238162 0.59227025],4,7,"[0.2817018170798153, 0.5849768676672948]",1942,-1
21174,[0.80127034 0.69560732],1,4,"[0.7726811996944247, 0.7249303226766757]",353,0
21175,[0.37364139 0.53699313],3,0,"[0.383291892093257, 0.5586820702346661]",1807,-1
21176,[0.24253698 0.57295846],7,7,"[0.2817018170798153, 0.5849768676672948]",1357,-1
21177,[0.79345554 0.70474171],1,4,"[0.7726811996944247, 0.7249303226766757]",478,0
21178,[0.3426095 0.2324182],6,9,"[0.3110394802231661, 0.23517199738277297]",-1,-1
21179,[0.50245275 0.57280591],9,6,"[0.5164739970238864, 0.5319253761973344]",1380,-1
21180,[0.5136479  0.23115461],6,-1,-1,-1,-1
21181,[0.53595511 0.48748752],5,6,"[0.5164739970238864, 0.5319253761973344]",927,-1
21182,[0.53470577 0.64409014],5,2,"[0.5921204552873188, 0.6383928111301557]",1259,-1
21183,[0.21237327 0.31003838],2,5,"[0.23231087327800656, 0.30304944505444303]",-1,-1
21184,[0.60852568 0.50199149],8,-1,-1,-1,-1
21185,[0.46226458 0.66283733],9,-1,-1,137,-1
21186,[0.28616254 0.30698946],2,5,"[0.23231087327800656, 0.30304944505444303]",1578,-1
21187,[0.313861   0.48622328],4,8,"[0.27392971195344684, 0.45973140540928376]",-1,-1
21188,[0.25882728 0.56508923],7,7,"[0.2817018170798153, 0.5849768676672948]",1699,-1
21189,[0.3928173  0.20653716],6,-1,-1,174,-1
21190,[0.39872409 0.32087246],6,1,"[0.3897435781344088, 0.3417040596068965]",966,-1
21191,[0.26804162 0.39163447],2,8,"[0.27392971195344684, 0.45973140540928376]",1019,-1
21192,[0.2746015  0.27827882],0,5,"[0.23231087327800656, 0.30304944505444303]",-1,11
21193,[0.32669096 0.50986753],4,-1,-1,1920,-1
21194,[0.20050347 0.38333841],2,-1,-1,-1,-1
21195,[0.26077063 0.34736359],2,5,"[0.23231087327800656, 0.30304944505444303]",-1,-1
21196,[0.30980883 0.6038917 ],4,7,"[0.2817018170798153, 0.5849768676672948]",1726,-1
21197,[0.55377037 0.54850693],9,6,"[0.5164739970238864, 0.5319253761973344]",-1,6
21198,[0.27981433 0.46836063],7,8,"[0.27392971195344684, 0.45973140540928376]",1404,-1
21199,[0.22149316 0.50971392],7,-1,-1,-1,-1
21200,[0.67395825 0.52414792],8,3,"[0.6815204869410737, 0.47689852788858716]",-1,-1
21201,[0.47890546 0.67446886],5,-1,-1,-1,-1
21202,[0.33688187 0.49136806],7,-1,-1,-1,-1
21203,[0.19753138 0.43014434],4,-1,-1,194,-1
21204,[0.53462285 0.49552422],5,6,"[0.5164739970238864, 0.5319253761973344]",1096,-1
21205,[0.33328601 0.55684753],4,0,"[0.383291892093257, 0.5586820702346661]",-1,-1
21206,[0.24922951 0.30168455],2,5,"[0.23231087327800656, 0.30304944505444303]",1590,-1
21207,[0.25337306 0.45034847],4,8,"[0.27392971195344684, 0.45973140540928376]",-1,-1
21208,[0.26934041 0.31493829],2,5,"[0.23231087327800656, 0.30304944505444303]",-1,-1
21209,[0.60516187 0.57453593],5,2,"[0.5921204552873188, 0.6383928111301557]",1326,-1
21210,[0.63351354 0.49259764],8,3,"[0.6815204869410737, 0.47689852788858716]",-1,-1
21211,[0.39734984 0.51832888],3,0,"[0.383291892093257, 0.5586820702346661]",-1,-1
21212,[0.37515728 0.60012325],4,0,"[0.383291892093257, 0.5586820702346661]",-1,-1
21213,[0.3487996  0.31285892],2,1,"[0.3897435781344088, 0.3417040596068965]",-1,-1
21214,[0.62787049 0.63433137],9,2,"[0.5921204552873188, 0.6383928111301557]",1162,-1
21215,[0.42387467 0.52139668],3,0,"[0.383291892093257, 0.5586820702346661]",-1,-1
21216,[0.51112887 0.64060691],5,-1,-1,938,-1
21217,[0.62488025 0.62551183],9,2,"[0.5921204552873188, 0.6383928111301557]",-1,-1
21218,[0.33475757 0.58360067],4,7,"[0.2817018170798153, 0.5849768676672948]",-1,-1
21219,[0.32893451 0.41900368],2,8,"[0.27392971195344684, 0.45973140540928376]",917,-1
21220,[0.53414401 0.59914818],9,6,"[0.5164739970238864, 0.5319253761973344]",-1,-1
21221,[0.45293683 0.37926967],6,-1,-1,-1,-1
21222,[0.3682479  0.32781447],2,1,"[0.3897435781344088, 0.3417040596068965]",1536,-1
21223,[0.22725681 0.33275469],0,5,"[0.23231087327800656, 0.30304944505444303]",-1,-1
21224,[0.33873972 0.29533759],2,9,"[0.3110394802231661, 0.23517199738277297]",1666,-1
21225,[0.22180246 0.57866015],4,7,"[0.2817018170798153, 0.5849768676672948]",380,-1
21226,[0.4548009  0.56492496],4,6,"[0.5164739970238864, 0.5319253761973344]",-1,-1
21227,[0.33774339 0.54071889],3,0,"[0.383291892093257, 0.5586820702346661]",-1,16
21228,[0.59649153 0.57606163],9,2,"[0.5921204552873188, 0.6383928111301557]",1326,5
21229,[0.21845801 0.54486524],7,-1,-1,644,-1
21230,[0.24357503 0.31122872],0,5,"[0.23231087327800656, 0.30304944505444303]",-1,-1
21231,[0.38317713 0.26041855],0,-1,-1,790,-1
21232,[0.22437897 0.40532894],7,-1,-1,502,-1
21233,[0.26590027 0.53460155],4,7,"[0.2817018170798153, 0.5849768676672948]",-1,-1
21234,[0.41761894 0.64084136],3,-1,-1,-1,-1
21235,[0.59015581 0.6797007 ],9,2,"[0.5921204552873188, 0.6383928111301557]",710,-1
21236,[0.81531862 0.61717345],1,-1,-1,-1,-1
21237,[0.82037225 0.68498773],1,4,"[0.7726811996944247, 0.7249303226766757]",-1,0
21238,[0.63301714 0.54201107],8,-1,-1,-1,-1
21239,[0.25509376 0.20320073],0,9,"[0.3110394802231661, 0.23517199738277297]",746,-1
21240,[0.61719468 0.64370655],1,2,"[0.5921204552873188, 0.6383928111301557]",-1,-1
21241,[0.54268747 0.53686712],5,6,"[0.5164739970238864, 0.5319253761973344]",-1,-1
21242,[0.30397537 0.25997029],2,9,"[0.3110394802231661, 0.23517199738277297]",-1,-1
21243,[0.29712442 0.26106483],0,9,"[0.3110394802231661, 0.23517199738277297]",-1,-1
21244,[0.19774311 0.26106866],2,5,"[0.23231087327800656, 0.30304944505444303]",1012,-1
21245,[0.60843445 0.46279501],8,-1,-1,615,-1
21246,[0.31335194 0.22824091],0,9,"[0.3110394802231661, 0.23517199738277297]",-1,-1
21247,[0.34284375 0.5295022 ],4,0,"[0.383291892093257, 0.5586820702346661]",1946,-1
21248,[0.14307715 0.16387491],0,-1,-1,2,-1
21249,[0.78093482 0.77649577],1,4,"[0.7726811996944247, 0.7249303226766757]",407,0
21250,[0.26621867 0.50942787],4,8,"[0.27392971195344684, 0.45973140540928376]",1789,-1
21251,[0.53046392 0.52494034],5,6,"[0.5164739970238864, 0.5319253761973344]",1165,-1
21252,[0.45776582 0.64745876],5,-1,-1,243,-1
21253,[0.27981899 0.46820322],3,8,"[0.27392971195344684, 0.45973140540928376]",1404,-1
21254,[0.50093364 0.53429223],4,6,"[0.5164739970238864, 0.5319253761973344]",1186,-1
21255,[0.34418996 0.50361779],3,0,"[0.383291892093257, 0.5586820702346661]",-1,-1
21256,[0.3759592  0.39798028],4,1,"[0.3897435781344088, 0.3417040596068965]",722,-1
21257,[0.25943034 0.27874619],0,5,"[0.23231087327800656, 0.30304944505444303]",-1,-1
21258,[0.21929471 0.34427084],2,5,"[0.23231087327800656, 0.30304944505444303]",-1,-1
21259,[0.32630019 0.31955742],6,1,"[0.3897435781344088, 0.3417040596068965]",1671,10
21260,[0.3074306 0.6816799],3,-1,-1,-1,-1
21261,[0.49577093 0.56139889],5,6,"[0.5164739970238864, 0.5319253761973344]",1183,-1
21262,[0.35552944 0.64794738],3,-1,-1,576,-1
21263,[0.39555982 0.29608094],6,1,"[0.3897435781344088, 0.3417040596068965]",-1,-1
21264,[0.2816292  0.38133499],2,-1,-1,1098,-1
21265,[0.68281748 0.41959365],8,3,"[0.6815204869410737, 0.47689852788858716]",-1,-1
21266,[0.4867325  0.50887637],4,6,"[0.5164739970238864, 0.5319253761973344]",-1,-1
21267,[0.50009202 0.6043229 ],5,-1,-1,-1,-1
21268,[0.22987663 0.33460011],2,5,"[0.23231087327800656, 0.30304944505444303]",-1,-1
21269,[0.65948949 0.50996223],8,3,"[0.6815204869410737, 0.47689852788858716]",782,-1
21270,[0.48807147 0.51592201],5,6,"[0.5164739970238864, 0.5319253761973344]",936,-1
21271,[0.35429135 0.3424717 ],6,1,"[0.3897435781344088, 0.3417040596068965]",-1,-1
21272,[0.79998073 0.77164041],1,4,"[0.7726811996944247, 0.7249303226766757]",-1,0
21273,[0.61266296 0.47660292],8,3,"[0.6815204869410737, 0.47689852788858716]",-1,-1
21274,[0.61909414 0.4883773 ],8,3,"[0.6815204869410737, 0.47689852788858716]",789,-1
21275,[0.53894181 0.67397298],9,2,"[0.5921204552873188, 0.6383928111301557]",687,-1
21276,[0.40642222 0.68199868],3,-1,-1,-1,-1
21277,[0.69036844 0.47701706],8,3,"[0.6815204869410737, 0.47689852788858716]",-1,2
21278,[0.59890634 0.65830236],9,2,"[0.5921204552873188, 0.6383928111301557]",-1,-1
21279,[0.34528974 0.50568014],7,0,"[0.383291892093257, 0.5586820702346661]",-1,-1
21280,[0.24746147 0.47886268],7,8,"[0.27392971195344684, 0.45973140540928376]",-1,-1
21281,[0.3765003  0.54795473],3,0,"[0.383291892093257, 0.5586820702346661]",-1,-1
21282,[0.47759312 0.71184788],9,-1,-1,129,-1
21283,[0.34894973 0.60259429],4,0,"[0.383291892093257, 0.5586820702346661]",1833,-1
21284,[0.33901034 0.64456182],3,-1,-1,900,-1
21285,[0.42463848 0.30257828],6,1,"[0.3897435781344088, 0.3417040596068965]",-1,-1
21286,[0.45024359 0.61800452],5,-1,-1,707,-1
21287,[0.28525868 0.5223603 ],4,7,"[0.2817018170798153, 0.5849768676672948]",1885,14
21288,[0.75714036 0.73313196],1,4,"[0.7726811996944247, 0.7249303226766757]",468,0
21289,[0.59287691 0.52222144],5,-1,-1,1102,-1
21290,[0.72067881 0.49412106],8,3,"[0.6815204869410737, 0.47689852788858716]",680,-1
21291,[0.41088194 0.37298527],0,1,"[0.3897435781344088, 0.3417040596068965]",-1,-1
21292,[0.78593484 0.43728285],8,-1,-1,-1,-1
21293,[0.43668466 0.39638381],6,-1,-1,-1,-1
21294,[0.24405609 0.39735053],0,8,"[0.27392971195344684, 0.45973140540928376]",-1,-1
21295,[0.34275199 0.53657819],3,0,"[0.383291892093257, 0.5586820702346661]",1954,16
21296,[0.60753927 0.47240606],8,-1,-1,622,-1
21297,[0.23989959 0.64102608],7,7,"[0.2817018170798153, 0.5849768676672948]",-1,-1
21298,[0.43359055 0.31697669],6,1,"[0.3897435781344088, 0.3417040596068965]",-1,-1
21299,[0.82644179 0.66818133],1,-1,-1,334,0
21300,[0.38295386 0.50549008],7,0,"[0.383291892093257, 0.5586820702346661]",-1,-1
21301,[0.27274136 0.27926586],0,5,"[0.23231087327800656, 0.30304944505444303]",-1,11
21302,[0.35307243 0.45694273],2,-1,-1,-1,-1
21303,[0.31269133 0.57935303],4,7,"[0.2817018170798153, 0.5849768676672948]",-1,-1
21304,[0.351068   0.54642581],7,0,"[0.383291892093257, 0.5586820702346661]",1928,-1
21305,[0.53841275 0.51228203],5,6,"[0.5164739970238864, 0.5319253761973344]",-1,-1
21306,[0.70154404 0.57558242],9,-1,-1,235,-1
21307,[0.29124784 0.26182608],0,9,"[0.3110394802231661, 0.23517199738277297]",-1,-1
21308,[0.30486328 0.52802163],3,7,"[0.2817018170798153, 0.5849768676672948]",-1,-1
21309,[0.36104201 0.29252336],6,1,"[0.3897435781344088, 0.3417040596068965]",1542,-1
21310,[0.40478231 0.54417354],3,0,"[0.383291892093257, 0.5586820702346661]",-1,-1
21311,[0.2346242  0.55404647],7,7,"[0.2817018170798153, 0.5849768676672948]",1411,-1
21312,[0.27625886 0.24878478],0,9,"[0.3110394802231661, 0.23517199738277297]",-1,-1
21313,[0.31679324 0.31223717],6,-1,-1,-1,-1
21314,[0.83439756 0.78821424],1,-1,-1,-1,0
21315,[0.33376868 0.47511953],3,8,"[0.27392971195344684, 0.45973140540928376]",-1,-1
21316,[0.53570513 0.56536314],9,6,"[0.5164739970238864, 0.5319253761973344]",1360,-1
21317,[0.64625036 0.6860306 ],9,-1,-1,444,-1
21318,[0.13548189 0.55989124],7,-1,-1,-1,-1
21319,[0.32013901 0.35248622],2,-1,-1,1485,-1
21320,[0.20332173 0.27487654],0,5,"[0.23231087327800656, 0.30304944505444303]",-1,-1
21321,[0.36518404 0.30077417],6,1,"[0.3897435781344088, 0.3417040596068965]",1542,-1
21322,[0.25473934 0.34707343],0,5,"[0.23231087327800656, 0.30304944505444303]",-1,-1
21323,[0.3424987  0.60190792],7,0,"[0.383291892093257, 0.5586820702346661]",1861,-1
21324,[0.35243813 0.23575875],0,9,"[0.3110394802231661, 0.23517199738277297]",633,-1
21325,[0.30016781 0.32278866],2,-1,-1,-1,-1
21326,[0.6529925  0.60398978],5,2,"[0.5921204552873188, 0.6383928111301557]",-1,-1
21327,[0.26745301 0.26919684],0,5,"[0.23231087327800656, 0.30304944505444303]",-1,-1
21328,[0.23196998 0.27177052],0,5,"[0.23231087327800656, 0.30304944505444303]",-1,-1
21329,[0.34257773 0.35257015],6,1,"[0.3897435781344088, 0.3417040596068965]",1353,-1
21330,[0.29076555 0.62522886],4,7,"[0.2817018170798153, 0.5849768676672948]",1040,-1
21331,[0.84101066 0.80431378],1,-1,-1,-1,-1
21332,[0.30402236 0.54829833],4,7,"[0.2817018170798153, 0.5849768676672948]",-1,-1
21333,[0.4142001  0.40060255],6,1,"[0.3897435781344088, 0.3417040596068965]",758,-1
21334,[0.49292783 0.42901387],8,-1,-1,-1,-1
21335,[0.22704723 0.50133425],7,8,"[0.27392971195344684, 0.45973140540928376]",-1,-1
21336,[0.43177792 0.32260105],6,1,"[0.3897435781344088, 0.3417040596068965]",-1,-1
21337,[0.75314282 0.80210528],1,-1,-1,288,0
21338,[0.57752803 0.61660524],5,2,"[0.5921204552873188, 0.6383928111301557]",1419,-1
21339,[0.80506974 0.52355924],8,-1,-1,-1,-1
21340,[0.31658004 0.5261369 ],4,7,"[0.2817018170798153, 0.5849768676672948]",1841,-1
21341,[0.62985005 0.58670439],5,2,"[0.5921204552873188, 0.6383928111301557]",-1,-1
21342,[0.37469665 0.61070466],3,0,"[0.383291892093257, 0.5586820702346661]",1513,-1
21343,[0.54650864 0.6240976 ],9,2,"[0.5921204552873188, 0.6383928111301557]",-1,-1
21344,[0.25617289 0.23214509],0,9,"[0.3110394802231661, 0.23517199738277297]",-1,-1
21345,[0.48321692 0.59444413],5,-1,-1,-1,-1
21346,[0.25535801 0.28446326],2,5,"[0.23231087327800656, 0.30304944505444303]",1530,-1
21347,[0.67326989 0.40477032],8,-1,-1,-1,-1
21348,[0.58424108 0.73058715],9,-1,-1,-1,-1
21349,[0.79312594 0.74545476],1,4,"[0.7726811996944247, 0.7249303226766757]",-1,0
21350,[0.38674235 0.5150232 ],7,0,"[0.383291892093257, 0.5586820702346661]",1781,-1
21351,[0.16628122 0.54079097],4,-1,-1,53,-1
21352,[0.36293521 0.41265059],6,-1,-1,-1,-1
21353,[0.34098501 0.51187451],4,0,"[0.383291892093257, 0.5586820702346661]",-1,-1
21354,[0.38180797 0.62830016],3,0,"[0.383291892093257, 0.5586820702346661]",679,-1
21355,[0.41579126 0.27667496],6,-1,-1,-1,-1
21356,[0.58940741 0.62652678],9,2,"[0.5921204552873188, 0.6383928111301557]",1343,6
21357,[0.16511837 0.31391211],2,5,"[0.23231087327800656, 0.30304944505444303]",203,-1
21358,[0.30348048 0.25007249],0,9,"[0.3110394802231661, 0.23517199738277297]",1202,-1
21359,[0.29438271 0.48329022],4,8,"[0.27392971195344684, 0.45973140540928376]",1798,-1
21360,[0.2645752  0.46296537],7,8,"[0.27392971195344684, 0.45973140540928376]",-1,-1
21361,[0.35615235 0.32994926],6,1,"[0.3897435781344088, 0.3417040596068965]",1407,-1
21362,[0.35822151 0.49410881],3,0,"[0.383291892093257, 0.5586820702346661]",-1,-1
21363,[0.56440847 0.56950961],1,6,"[0.5164739970238864, 0.5319253761973344]",-1,-1
21364,[0.78685175 0.44319281],8,-1,-1,-1,-1
21365,[0.19971211 0.31158145],0,5,"[0.23231087327800656, 0.30304944505444303]",777,-1
21366,[0.29224901 0.63956349],3,7,"[0.2817018170798153, 0.5849768676672948]",-1,-1
21367,[0.21010596 0.26885806],0,5,"[0.23231087327800656, 0.30304944505444303]",1111,-1
21368,[0.32865031 0.60926137],7,7,"[0.2817018170798153, 0.5849768676672948]",1544,-1
21369,[0.40424471 0.60957745],3,0,"[0.383291892093257, 0.5586820702346661]",1697,-1
21370,[0.29606648 0.56024874],7,7,"[0.2817018170798153, 0.5849768676672948]",1870,-1
21371,[0.52376876 0.31850456],6,-1,-1,-1,-1
21372,[0.3270005  0.57167212],4,7,"[0.2817018170798153, 0.5849768676672948]",1976,-1
21373,[0.65450679 0.6743748 ],9,-1,-1,-1,-1
21374,[0.52917143 0.3629087 ],6,-1,-1,-1,-1
21375,[0.22933618 0.35060996],0,5,"[0.23231087327800656, 0.30304944505444303]",-1,-1
21376,[0.72741241 0.46979611],8,3,"[0.6815204869410737, 0.47689852788858716]",779,-1
21377,[0.45667567 0.63233764],9,-1,-1,-1,-1
21378,[0.3898646  0.43785511],6,-1,-1,-1,-1
21379,[0.33462798 0.39125647],6,-1,-1,-1,-1
21380,[0.47683552 0.50465463],5,6,"[0.5164739970238864, 0.5319253761973344]",876,-1
21381,[0.22887354 0.49896211],3,8,"[0.27392971195344684, 0.45973140540928376]",-1,-1
21382,[0.35595977 0.56836404],7,0,"[0.383291892093257, 0.5586820702346661]",-1,-1
21383,[0.48666785 0.6319025 ],5,-1,-1,647,-1
21384,[0.67447565 0.55130632],8,-1,-1,-1,-1
21385,[0.6705953  0.51510276],8,3,"[0.6815204869410737, 0.47689852788858716]",-1,2
21386,[0.7086798 0.5229701],8,3,"[0.6815204869410737, 0.47689852788858716]",569,-1
21387,[0.5861868  0.60996643],5,2,"[0.5921204552873188, 0.6383928111301557]",-1,6
21388,[0.32744374 0.31310801],2,1,"[0.3897435781344088, 0.3417040596068965]",1679,-1
21389,[0.33446713 0.35562583],2,1,"[0.3897435781344088, 0.3417040596068965]",1368,-1
21390,[0.54898431 0.67567349],9,2,"[0.5921204552873188, 0.6383928111301557]",686,-1
21391,[0.34725218 0.46245662],7,-1,-1,-1,-1
21392,[0.39926067 0.59446521],4,0,"[0.383291892093257, 0.5586820702346661]",-1,-1
21393,[0.30879637 0.55696534],4,7,"[0.2817018170798153, 0.5849768676672948]",1984,-1
21394,[0.60308246 0.56306638],9,-1,-1,-1,-1
21395,[0.8539283  0.61021417],1,-1,-1,11,-1
21396,[0.37049876 0.57132798],4,0,"[0.383291892093257, 0.5586820702346661]",-1,12
21397,[0.27993402 0.29589445],2,5,"[0.23231087327800656, 0.30304944505444303]",-1,-1
21398,[0.43169186 0.26577277],6,-1,-1,532,-1
21399,[0.25609786 0.32408541],2,5,"[0.23231087327800656, 0.30304944505444303]",1517,-1
21400,[0.53993451 0.50006863],3,6,"[0.5164739970238864, 0.5319253761973344]",-1,-1
21401,[0.44321521 0.37694478],6,1,"[0.3897435781344088, 0.3417040596068965]",-1,-1
21402,[0.32504076 0.49450113],7,8,"[0.27392971195344684, 0.45973140540928376]",1787,-1
21403,[0.45862893 0.6238163 ],3,-1,-1,704,-1
21404,[0.64051331 0.44427454],8,3,"[0.6815204869410737, 0.47689852788858716]",798,-1
21405,[0.58441323 0.64810191],9,2,"[0.5921204552873188, 0.6383928111301557]",1189,-1
21406,[0.27314785 0.3420886 ],2,5,"[0.23231087327800656, 0.30304944505444303]",1608,-1
21407,[0.75361408 0.45044401],8,-1,-1,263,-1
21408,[0.42702997 0.55502066],4,0,"[0.383291892093257, 0.5586820702346661]",-1,-1
21409,[0.39907353 0.53944925],5,0,"[0.383291892093257, 0.5586820702346661]",1629,-1
21410,[0.74320197 0.69858533],1,4,"[0.7726811996944247, 0.7249303226766757]",435,0
21411,[0.31289508 0.38102385],2,-1,-1,-1,-1
21412,[0.52183542 0.48018097],8,6,"[0.5164739970238864, 0.5319253761973344]",604,-1
21413,[0.2197211  0.31719522],0,5,"[0.23231087327800656, 0.30304944505444303]",1340,-1
21414,[0.60295563 0.57687376],5,2,"[0.5921204552873188, 0.6383928111301557]",1326,5
21415,[0.51926208 0.49819836],5,6,"[0.5164739970238864, 0.5319253761973344]",-1,-1
21416,[0.27418706 0.19525191],0,9,"[0.3110394802231661, 0.23517199738277297]",648,-1
21417,[0.47800353 0.32121894],6,-1,-1,-1,-1
21418,[0.38444075 0.61339116],4,0,"[0.383291892093257, 0.5586820702346661]",-1,-1
21419,[0.23070957 0.51669048],4,-1,-1,-1,-1
21420,[0.4275045  0.29581326],6,1,"[0.3897435781344088, 0.3417040596068965]",-1,-1
21421,[0.32839028 0.20570266],2,9,"[0.3110394802231661, 0.23517199738277297]",-1,-1
21422,[0.20494998 0.35190431],2,5,"[0.23231087327800656, 0.30304944505444303]",749,-1
21423,[0.47218194 0.54902092],5,6,"[0.5164739970238864, 0.5319253761973344]",839,-1
21424,[0.50096905 0.5364725 ],9,6,"[0.5164739970238864, 0.5319253761973344]",1186,-1
21425,[0.52915983 0.54300951],5,6,"[0.5164739970238864, 0.5319253761973344]",-1,-1
21426,[0.35872584 0.54878639],4,0,"[0.383291892093257, 0.5586820702346661]",1790,-1
21427,[0.33855716 0.56507303],4,0,"[0.383291892093257, 0.5586820702346661]",-1,-1
21428,[0.76159916 0.72319465],1,4,"[0.7726811996944247, 0.7249303226766757]",469,0
21429,[0.37575127 0.62501773],3,0,"[0.383291892093257, 0.5586820702346661]",679,-1
21430,[0.85845487 0.75021794],1,-1,-1,130,0
21431,[0.49491379 0.52453114],5,6,"[0.5164739970238864, 0.5319253761973344]",936,-1
21432,[0.45653018 0.5979738 ],5,-1,-1,1238,4
21433,[0.38232434 0.28718835],6,1,"[0.3897435781344088, 0.3417040596068965]",-1,-1
21434,[0.68613935 0.52834844],8,3,"[0.6815204869410737, 0.47689852788858716]",786,-1
21435,[0.57574017 0.64557792],9,2,"[0.5921204552873188, 0.6383928111301557]",1214,-1
21436,[0.71915752 0.8016849 ],1,-1,-1,89,0
21437,[0.64640399 0.5649898 ],9,-1,-1,1110,-1
21438,[0.58277097 0.60341396],9,2,"[0.5921204552873188, 0.6383928111301557]",1424,6
21439,[0.28620826 0.54415383],7,7,"[0.2817018170798153, 0.5849768676672948]",1907,-1
21440,[0.36497133 0.53687502],4,0,"[0.383291892093257, 0.5586820702346661]",-1,-1
21441,[0.25752989 0.19365599],0,9,"[0.3110394802231661, 0.23517199738277297]",746,-1
21442,[0.61841474 0.61714749],9,2,"[0.5921204552873188, 0.6383928111301557]",-1,-1
21443,[0.30077541 0.38009361],2,-1,-1,1208,-1
21444,[0.74041646 0.75715397],1,4,"[0.7726811996944247, 0.7249303226766757]",418,0
21445,[0.25001124 0.54808831],7,7,"[0.2817018170798153, 0.5849768676672948]",-1,-1
21446,[0.38587744 0.36885964],0,1,"[0.3897435781344088, 0.3417040596068965]",-1,-1
21447,[0.74689589 0.71735062],1,4,"[0.7726811996944247, 0.7249303226766757]",367,0
21448,[0.40386388 0.44111356],3,-1,-1,363,-1
21449,[0.30895992 0.37624297],2,-1,-1,1423,-1
21450,[0.64373834 0.52045596],8,3,"[0.6815204869410737, 0.47689852788858716]",-1,-1
21451,[0.71226055 0.42590954],8,3,"[0.6815204869410737, 0.47689852788858716]",443,-1
21452,[0.2037337  0.13033524],0,-1,-1,-1,-1
21453,[0.34855927 0.51188647],7,0,"[0.383291892093257, 0.5586820702346661]",-1,-1
21454,[0.30033132 0.59048061],3,7,"[0.2817018170798153, 0.5849768676672948]",1820,-1
21455,[0.42064301 0.46208355],3,-1,-1,713,-1
21456,[0.28625685 0.2744948 ],2,9,"[0.3110394802231661, 0.23517199738277297]",1555,-1
21457,[0.33657042 0.25471146],6,9,"[0.3110394802231661, 0.23517199738277297]",967,-1
21458,[0.15970554 0.56053019],7,-1,-1,35,-1
21459,[0.54128181 0.59750349],9,2,"[0.5921204552873188, 0.6383928111301557]",-1,-1
21460,[0.21594081 0.25892128],0,5,"[0.23231087327800656, 0.30304944505444303]",1021,-1
21461,[0.3995021  0.23953052],6,-1,-1,657,-1
21462,[0.31349192 0.58540464],4,7,"[0.2817018170798153, 0.5849768676672948]",1967,-1
21463,[0.52922172 0.65227465],9,2,"[0.5921204552873188, 0.6383928111301557]",-1,-1
21464,[0.59925036 0.60382637],9,2,"[0.5921204552873188, 0.6383928111301557]",1307,-1
21465,[0.43677465 0.42917762],6,-1,-1,160,-1
21466,[0.24853977 0.36102659],2,5,"[0.23231087327800656, 0.30304944505444303]",1044,-1
21467,[0.58929837 0.5642732 ],5,-1,-1,-1,-1
21468,[0.39538394 0.53804817],3,0,"[0.383291892093257, 0.5586820702346661]",1629,-1
21469,[0.19852062 0.43286449],2,-1,-1,194,-1
21470,[0.56240392 0.58675815],5,2,"[0.5921204552873188, 0.6383928111301557]",-1,6
21471,[0.32256222 0.6639928 ],4,-1,-1,169,-1
21472,[0.2225671  0.28361816],2,5,"[0.23231087327800656, 0.30304944505444303]",1114,-1
21473,[0.42416374 0.69612046],3,-1,-1,43,-1
21474,[0.29009738 0.43999789],7,8,"[0.27392971195344684, 0.45973140540928376]",1240,-1
21475,[0.27462339 0.32702194],2,5,"[0.23231087327800656, 0.30304944505444303]",-1,9
21476,[0.55667901 0.6397983 ],9,2,"[0.5921204552873188, 0.6383928111301557]",1278,6
21477,[0.37219542 0.44771437],6,-1,-1,964,-1
21478,[0.26671724 0.33195386],0,5,"[0.23231087327800656, 0.30304944505444303]",1601,-1
21479,[0.72662752 0.69183697],1,4,"[0.7726811996944247, 0.7249303226766757]",-1,0
21480,[0.34851207 0.32963367],6,1,"[0.3897435781344088, 0.3417040596068965]",1414,-1
21481,[0.30976661 0.28593041],6,9,"[0.3110394802231661, 0.23517199738277297]",1614,11
21482,[0.20502303 0.46054091],7,8,"[0.27392971195344684, 0.45973140540928376]",330,-1
21483,[0.23920639 0.59823097],3,7,"[0.2817018170798153, 0.5849768676672948]",-1,-1
21484,[0.48363675 0.49611511],5,6,"[0.5164739970238864, 0.5319253761973344]",-1,-1
21485,[0.37845591 0.24373752],0,9,"[0.3110394802231661, 0.23517199738277297]",-1,-1
21486,[0.54662094 0.51743294],9,6,"[0.5164739970238864, 0.5319253761973344]",-1,-1
21487,[0.28202659 0.33514779],2,5,"[0.23231087327800656, 0.30304944505444303]",1598,-1
21488,[0.60673266 0.48358528],8,-1,-1,-1,-1
21489,[0.30046978 0.34241337],0,-1,-1,1626,8
21490,[0.5409438  0.51744733],5,6,"[0.5164739970238864, 0.5319253761973344]",-1,-1
21491,[0.4818012  0.64912771],5,-1,-1,647,-1
21492,[0.29036359 0.55468876],7,7,"[0.2817018170798153, 0.5849768676672948]",-1,13
21493,[0.39976209 0.53440076],4,0,"[0.383291892093257, 0.5586820702346661]",1642,-1
21494,[0.6493014  0.45620043],8,3,"[0.6815204869410737, 0.47689852788858716]",-1,-1
21495,[0.40512115 0.37371209],2,1,"[0.3897435781344088, 0.3417040596068965]",-1,-1
21496,[0.37665793 0.53899557],3,0,"[0.383291892093257, 0.5586820702346661]",1813,-1
21497,[0.61327629 0.57175904],8,2,"[0.5921204552873188, 0.6383928111301557]",1273,-1
21498,[0.3060175  0.51944949],7,8,"[0.27392971195344684, 0.45973140540928376]",1881,-1
21499,[0.24986222 0.21971754],2,9,"[0.3110394802231661, 0.23517199738277297]",985,-1
21500,[0.77279611 0.76382878],1,4,"[0.7726811996944247, 0.7249303226766757]",410,0
21501,[0.55326937 0.53939316],5,6,"[0.5164739970238864, 0.5319253761973344]",1409,-1
21502,[0.72342298 0.75382151],1,4,"[0.7726811996944247, 0.7249303226766757]",422,0
21503,[0.24278339 0.37499425],0,-1,-1,1149,-1
21504,[0.62703365 0.62381143],5,2,"[0.5921204552873188, 0.6383928111301557]",1159,-1
21505,[0.31954012 0.47225579],7,8,"[0.27392971195344684, 0.45973140540928376]",1523,-1
21506,[0.4042421  0.31159927],6,1,"[0.3897435781344088, 0.3417040596068965]",930,-1
21507,[0.19669384 0.30544551],2,5,"[0.23231087327800656, 0.30304944505444303]",777,-1
21508,[0.59461384 0.62670685],9,2,"[0.5921204552873188, 0.6383928111301557]",1346,6
21509,[0.3609774  0.26059979],0,9,"[0.3110394802231661, 0.23517199738277297]",-1,-1
21510,[0.83692284 0.74731734],1,4,"[0.7726811996944247, 0.7249303226766757]",406,0
21511,[0.73754408 0.73934258],1,4,"[0.7726811996944247, 0.7249303226766757]",452,0
21512,[0.54633746 0.59270906],5,2,"[0.5921204552873188, 0.6383928111301557]",1433,6
21513,[0.2895271  0.35782812],0,-1,-1,1479,-1
21514,[0.37401532 0.28105876],6,1,"[0.3897435781344088, 0.3417040596068965]",-1,-1
21515,[0.20051965 0.41000063],2,-1,-1,-1,-1
21516,[0.59432142 0.49193892],8,-1,-1,-1,-1
21517,[0.37802845 0.58242597],4,0,"[0.383291892093257, 0.5586820702346661]",-1,12
21518,[0.30519653 0.36333989],6,-1,-1,-1,-1
21519,[0.62820567 0.74089729],9,-1,-1,135,-1
21520,[0.23944036 0.27478819],0,5,"[0.23231087327800656, 0.30304944505444303]",-1,-1
21521,[0.31592742 0.524308  ],4,7,"[0.2817018170798153, 0.5849768676672948]",-1,-1
21522,[0.58368268 0.52851371],8,6,"[0.5164739970238864, 0.5319253761973344]",-1,-1
21523,[0.30046194 0.63204644],3,7,"[0.2817018170798153, 0.5849768676672948]",1069,-1
21524,[0.34033912 0.48855725],7,-1,-1,-1,-1
21525,[0.3510535  0.28390415],2,9,"[0.3110394802231661, 0.23517199738277297]",-1,-1
21526,[0.8769194  0.72649022],1,-1,-1,-1,0
21527,[0.60353407 0.60316519],9,2,"[0.5921204552873188, 0.6383928111301557]",1328,-1
21528,[0.34864023 0.66262027],3,-1,-1,298,-1
21529,[0.23417844 0.51158706],4,8,"[0.27392971195344684, 0.45973140540928376]",1552,-1
21530,[0.65178789 0.60636244],9,2,"[0.5921204552873188, 0.6383928111301557]",-1,-1
21531,[0.33450946 0.53211428],7,0,"[0.383291892093257, 0.5586820702346661]",1948,-1
21532,[0.29864267 0.43816035],2,8,"[0.27392971195344684, 0.45973140540928376]",-1,-1
21533,[0.52472313 0.59690753],9,6,"[0.5164739970238864, 0.5319253761973344]",1329,-1
21534,[0.48531872 0.64132025],9,-1,-1,647,-1
21535,[0.70111869 0.76182599],1,-1,-1,228,0
21536,[0.82131184 0.70536336],1,4,"[0.7726811996944247, 0.7249303226766757]",-1,0
21537,[0.66612654 0.49207513],8,3,"[0.6815204869410737, 0.47689852788858716]",-1,-1
21538,[0.75320004 0.66873027],1,4,"[0.7726811996944247, 0.7249303226766757]",-1,0
21539,[0.65205638 0.45700473],8,3,"[0.6815204869410737, 0.47689852788858716]",801,-1
21540,[0.77765205 0.73168374],1,4,"[0.7726811996944247, 0.7249303226766757]",470,0
21541,[0.60098526 0.51002782],8,-1,-1,844,-1
21542,[0.36660543 0.41500023],7,-1,-1,721,-1
21543,[0.28614228 0.28168695],2,9,"[0.3110394802231661, 0.23517199738277297]",-1,-1
21544,[0.70497513 0.54653413],8,-1,-1,563,-1
21545,[0.29760577 0.35937311],0,-1,-1,1479,-1
21546,[0.29302303 0.40747685],2,8,"[0.27392971195344684, 0.45973140540928376]",-1,-1
21547,[0.83535591 0.74667297],1,4,"[0.7726811996944247, 0.7249303226766757]",-1,0
21548,[0.34283902 0.53320809],4,0,"[0.383291892093257, 0.5586820702346661]",-1,16
21549,[0.44128736 0.52791954],3,0,"[0.383291892093257, 0.5586820702346661]",-1,-1
21550,[0.68895535 0.45873323],8,3,"[0.6815204869410737, 0.47689852788858716]",-1,-1
21551,[0.48031739 0.71584324],9,-1,-1,-1,-1
21552,[0.56279823 0.55992937],9,6,"[0.5164739970238864, 0.5319253761973344]",1362,-1
21553,[0.27921134 0.4527242 ],2,8,"[0.27392971195344684, 0.45973140540928376]",-1,-1
21554,[0.29691369 0.55494925],3,7,"[0.2817018170798153, 0.5849768676672948]",-1,-1
21555,[0.64097557 0.63186361],5,2,"[0.5921204552873188, 0.6383928111301557]",-1,-1
21556,[0.31746317 0.51217525],7,8,"[0.27392971195344684, 0.45973140540928376]",1922,15
21557,[0.20732435 0.34892015],0,5,"[0.23231087327800656, 0.30304944505444303]",-1,-1
21558,[0.17426127 0.50655216],4,-1,-1,76,-1
21559,[0.41023126 0.47796136],3,-1,-1,715,-1
21560,[0.66949478 0.48158977],8,3,"[0.6815204869410737, 0.47689852788858716]",-1,-1
21561,[0.36743204 0.56882001],4,0,"[0.383291892093257, 0.5586820702346661]",1849,12
21562,[0.32782804 0.3986297 ],2,-1,-1,-1,-1
21563,[0.49805432 0.51748066],5,6,"[0.5164739970238864, 0.5319253761973344]",-1,-1
21564,[0.77385994 0.74534517],1,4,"[0.7726811996944247, 0.7249303226766757]",-1,0
21565,[0.5757627  0.58494249],5,2,"[0.5921204552873188, 0.6383928111301557]",1453,6
21566,[0.30229188 0.30971872],0,-1,-1,-1,-1
21567,[0.57201086 0.54305757],5,6,"[0.5164739970238864, 0.5319253761973344]",-1,-1
21568,[0.52846082 0.72128527],9,-1,-1,-1,-1
21569,[0.23997183 0.53008731],7,7,"[0.2817018170798153, 0.5849768676672948]",-1,-1
21570,[0.63911017 0.51836641],8,3,"[0.6815204869410737, 0.47689852788858716]",-1,-1
21571,[0.33092457 0.33120758],6,1,"[0.3897435781344088, 0.3417040596068965]",-1,-1
21572,[0.69561044 0.48001433],8,3,"[0.6815204869410737, 0.47689852788858716]",808,-1
21573,[0.12704729 0.19942035],0,-1,-1,-1,-1
21574,[0.37662497 0.31016655],6,1,"[0.3897435781344088, 0.3417040596068965]",-1,-1
21575,[0.56443137 0.70595629],9,-1,-1,-1,-1
21576,[0.34017612 0.49063412],3,-1,-1,1880,-1
21577,[0.37646566 0.5117139 ],4,0,"[0.383291892093257, 0.5586820702346661]",1764,-1
21578,[0.72135838 0.67262446],8,-1,-1,357,0
21579,[0.61989192 0.75040777],9,-1,-1,-1,-1
21580,[0.26158621 0.55596353],4,7,"[0.2817018170798153, 0.5849768676672948]",1704,-1
21581,[0.5913137  0.60693289],9,2,"[0.5921204552873188, 0.6383928111301557]",1428,6
21582,[0.69863939 0.60532555],9,-1,-1,-1,-1
21583,[0.81092282 0.32908117],8,-1,-1,-1,-1
21584,[0.59919363 0.6487658 ],9,2,"[0.5921204552873188, 0.6383928111301557]",-1,-1
21585,[0.29689188 0.48091482],7,8,"[0.27392971195344684, 0.45973140540928376]",-1,-1
21586,[0.23128759 0.46579148],7,8,"[0.27392971195344684, 0.45973140540928376]",-1,-1
21587,[0.28587654 0.25294601],2,9,"[0.3110394802231661, 0.23517199738277297]",-1,-1
21588,[0.64267346 0.61172417],8,2,"[0.5921204552873188, 0.6383928111301557]",613,-1
21589,[0.66051602 0.40325881],8,-1,-1,-1,-1
21590,[0.17261074 0.44657062],0,-1,-1,-1,-1
21591,[0.38129823 0.57891954],7,0,"[0.383291892093257, 0.5586820702346661]",-1,-1
21592,[0.65182384 0.56573863],8,-1,-1,-1,-1
21593,[0.83853292 0.68547425],1,-1,-1,308,0
21594,[0.67719776 0.34383086],8,-1,-1,17,-1
21595,[0.30381947 0.53960185],4,7,"[0.2817018170798153, 0.5849768676672948]",-1,-1
21596,[0.27116526 0.30542659],0,5,"[0.23231087327800656, 0.30304944505444303]",1656,-1
21597,[0.25065087 0.35342806],7,5,"[0.23231087327800656, 0.30304944505444303]",-1,-1
21598,[0.43094769 0.47741311],5,-1,-1,-1,-1
21599,[0.62530484 0.72251542],9,-1,-1,212,-1
21600,[0.45514128 0.44646532],6,-1,-1,270,-1
21601,[0.6392725  0.49363787],8,3,"[0.6815204869410737, 0.47689852788858716]",819,1
21602,[0.47162724 0.39784991],6,-1,-1,-1,-1
21603,[0.28147367 0.55563685],4,7,"[0.2817018170798153, 0.5849768676672948]",-1,13
21604,[0.29662653 0.19359552],0,9,"[0.3110394802231661, 0.23517199738277297]",425,-1
21605,[0.4737327  0.80865423],9,-1,-1,-1,-1
21606,[0.36083768 0.55449267],4,0,"[0.383291892093257, 0.5586820702346661]",-1,-1
21607,[0.40491966 0.4401058 ],6,-1,-1,363,-1
21608,[0.28334637 0.28455081],0,5,"[0.23231087327800656, 0.30304944505444303]",-1,-1
21609,[0.3860621  0.55264227],4,0,"[0.383291892093257, 0.5586820702346661]",-1,-1
21610,[0.20204366 0.48704036],4,-1,-1,185,-1
21611,[0.85859377 0.77293581],1,-1,-1,-1,-1
21612,[0.3017355  0.43588221],7,8,"[0.27392971195344684, 0.45973140540928376]",1082,-1
21613,[0.24369455 0.29300806],2,5,"[0.23231087327800656, 0.30304944505444303]",-1,-1
21614,[0.526613   0.63786465],5,2,"[0.5921204552873188, 0.6383928111301557]",-1,-1
21615,[0.35196316 0.29182481],0,1,"[0.3897435781344088, 0.3417040596068965]",1667,-1
21616,[0.31590992 0.57484538],7,7,"[0.2817018170798153, 0.5849768676672948]",-1,-1
21617,[0.42415011 0.54548611],4,0,"[0.383291892093257, 0.5586820702346661]",-1,-1
21618,[0.44579061 0.31208854],6,1,"[0.3897435781344088, 0.3417040596068965]",492,-1
21619,[0.29179501 0.46844377],7,8,"[0.27392971195344684, 0.45973140540928376]",-1,-1
21620,[0.52074007 0.57124566],5,6,"[0.5164739970238864, 0.5319253761973344]",-1,-1
21621,[0.87202316 0.74173927],1,-1,-1,-1,0
21622,[0.28617914 0.19877607],0,9,"[0.3110394802231661, 0.23517199738277297]",-1,-1
21623,[0.36668236 0.49836692],3,0,"[0.383291892093257, 0.5586820702346661]",1741,-1
21624,[0.46024319 0.6262121 ],4,-1,-1,-1,-1
21625,[0.40652305 0.61865038],3,0,"[0.383291892093257, 0.5586820702346661]",-1,-1
21626,[0.19408437 0.51142354],4,-1,-1,-1,-1
21627,[0.80447655 0.75624566],1,4,"[0.7726811996944247, 0.7249303226766757]",-1,0
21628,[0.72146154 0.72085882],1,4,"[0.7726811996944247, 0.7249303226766757]",352,0
21629,[0.27789305 0.31953559],2,5,"[0.23231087327800656, 0.30304944505444303]",1585,9
21630,[0.59781423 0.51730102],8,-1,-1,-1,-1
21631,[0.61840119 0.70130912],1,2,"[0.5921204552873188, 0.6383928111301557]",287,-1
21632,[0.30992736 0.5391088 ],7,7,"[0.2817018170798153, 0.5849768676672948]",1986,-1
21633,[0.44791369 0.20155952],6,-1,-1,-1,-1
21634,[0.84783879 0.79772633],1,-1,-1,-1,-1
21635,[0.63382697 0.50106193],8,3,"[0.6815204869410737, 0.47689852788858716]",-1,1
21636,[0.68088253 0.7156072 ],9,-1,-1,-1,0
21637,[0.19797948 0.16003133],0,-1,-1,99,-1
21638,[0.53715347 0.61958419],5,2,"[0.5921204552873188, 0.6383928111301557]",-1,-1
21639,[0.30788638 0.5972593 ],4,7,"[0.2817018170798153, 0.5849768676672948]",1820,-1
21640,[0.94312261 0.69924976],1,-1,-1,-1,-1
21641,[0.78834096 0.68490817],1,4,"[0.7726811996944247, 0.7249303226766757]",-1,0
21642,[0.59960127 0.36823387],8,-1,-1,-1,-1
21643,[0.37426584 0.58225729],3,0,"[0.383291892093257, 0.5586820702346661]",1867,12
21644,[0.28726992 0.59187776],7,7,"[0.2817018170798153, 0.5849768676672948]",1810,-1
21645,[0.54913975 0.64209706],9,2,"[0.5921204552873188, 0.6383928111301557]",-1,-1
21646,[0.77299976 0.49662045],8,-1,-1,190,-1
21647,[0.27500105 0.6348035 ],4,7,"[0.2817018170798153, 0.5849768676672948]",-1,-1
21648,[0.21507381 0.34624938],2,5,"[0.23231087327800656, 0.30304944505444303]",1128,-1
21649,[0.68490541 0.50130142],9,3,"[0.6815204869410737, 0.47689852788858716]",-1,2
21650,[0.26731828 0.28950493],2,5,"[0.23231087327800656, 0.30304944505444303]",-1,-1
21651,[0.59934686 0.60546819],9,2,"[0.5921204552873188, 0.6383928111301557]",1307,-1
21652,[0.63670824 0.54970081],8,-1,-1,1104,-1
21653,[0.21154515 0.50242309],7,-1,-1,599,-1
21654,[0.30549763 0.38021176],6,-1,-1,-1,-1
21655,[0.20644936 0.32397022],0,5,"[0.23231087327800656, 0.30304944505444303]",1037,-1
21656,[0.79822342 0.71784199],1,4,"[0.7726811996944247, 0.7249303226766757]",-1,0
21657,[0.14513552 0.32308771],2,-1,-1,-1,-1
21658,[0.67167711 0.48640673],8,3,"[0.6815204869410737, 0.47689852788858716]",-1,-1
21659,[0.3753744  0.54804477],7,0,"[0.383291892093257, 0.5586820702346661]",1804,-1
21660,[0.32419194 0.54969922],3,7,"[0.2817018170798153, 0.5849768676672948]",-1,17
21661,[0.34379975 0.40365961],6,-1,-1,881,-1
21662,[0.48397789 0.34885934],6,-1,-1,-1,-1
21663,[0.2024451  0.39557755],2,-1,-1,-1,-1
21664,[0.48475234 0.50487123],5,6,"[0.5164739970238864, 0.5319253761973344]",-1,-1
21665,[0.5539695  0.65759102],9,2,"[0.5921204552873188, 0.6383928111301557]",-1,-1
21666,[0.3688736  0.34345419],2,1,"[0.3897435781344088, 0.3417040596068965]",1275,-1
21667,[0.72124105 0.71622829],1,4,"[0.7726811996944247, 0.7249303226766757]",-1,0
21668,[0.633105   0.62581787],9,2,"[0.5921204552873188, 0.6383928111301557]",-1,-1
21669,[0.58841743 0.53903426],8,-1,-1,1282,-1
21670,[0.71742389 0.53188685],8,3,"[0.6815204869410737, 0.47689852788858716]",516,-1
21671,[0.41017111 0.64764915],9,-1,-1,589,-1
21672,[0.21954101 0.49195707],7,8,"[0.27392971195344684, 0.45973140540928376]",-1,-1
21673,[0.48267572 0.30464277],6,-1,-1,173,-1
21674,[0.60603271 0.77279134],9,-1,-1,-1,-1
21675,[0.3610741  0.40819094],2,-1,-1,-1,-1
21676,[0.65161876 0.48084535],8,3,"[0.6815204869410737, 0.47689852788858716]",-1,1
21677,[0.77569547 0.73856828],1,4,"[0.7726811996944247, 0.7249303226766757]",-1,0
21678,[0.39905584 0.24862088],6,-1,-1,-1,-1
21679,[0.23427228 0.55826616],7,7,"[0.2817018170798153, 0.5849768676672948]",-1,-1
21680,[0.27942647 0.28206783],2,5,"[0.23231087327800656, 0.30304944505444303]",1675,-1
21681,[0.43324587 0.30514322],6,1,"[0.3897435781344088, 0.3417040596068965]",-1,-1
21682,[0.39708881 0.54003895],3,0,"[0.383291892093257, 0.5586820702346661]",1629,-1
21683,[0.6662816  0.53962257],5,3,"[0.6815204869410737, 0.47689852788858716]",-1,-1
21684,[0.52811801 0.71087732],9,-1,-1,295,-1
21685,[0.8688375  0.70028645],1,-1,-1,-1,0
21686,[0.40086152 0.39334692],6,1,"[0.3897435781344088, 0.3417040596068965]",762,-1
21687,[0.26360356 0.39041199],2,-1,-1,945,-1
21688,[0.31791568 0.6129825 ],4,7,"[0.2817018170798153, 0.5849768676672948]",1763,-1
21689,[0.64339913 0.49043603],8,3,"[0.6815204869410737, 0.47689852788858716]",819,1
21690,[0.65679597 0.43997641],8,3,"[0.6815204869410737, 0.47689852788858716]",-1,-1
21691,[0.69720324 0.77470595],1,-1,-1,-1,0
21692,[0.42099524 0.38722464],6,1,"[0.3897435781344088, 0.3417040596068965]",761,-1
21693,[0.90749428 0.57622648],1,-1,-1,-1,-1
21694,[0.37993668 0.52112721],4,0,"[0.383291892093257, 0.5586820702346661]",1784,-1
21695,[0.22900849 0.53334075],7,-1,-1,1477,-1
21696,[0.38080774 0.56159536],3,0,"[0.383291892093257, 0.5586820702346661]",1814,-1
21697,[0.3709728  0.29132995],6,1,"[0.3897435781344088, 0.3417040596068965]",-1,-1
21698,[0.68606974 0.49199086],8,3,"[0.6815204869410737, 0.47689852788858716]",-1,2
21699,[0.29945162 0.23100972],0,9,"[0.3110394802231661, 0.23517199738277297]",-1,-1
21700,[0.7215253  0.79547795],1,-1,-1,-1,0
21701,[0.28939124 0.25659296],0,9,"[0.3110394802231661, 0.23517199738277297]",-1,-1
21702,[0.47003244 0.63149436],3,-1,-1,647,-1
21703,[0.31321545 0.49805078],3,8,"[0.27392971195344684, 0.45973140540928376]",1822,-1
21704,[0.22284699 0.29812837],0,5,"[0.23231087327800656, 0.30304944505444303]",-1,-1
21705,[0.38885653 0.535495  ],4,0,"[0.383291892093257, 0.5586820702346661]",1777,-1
21706,[0.1938773  0.28677799],2,5,"[0.23231087327800656, 0.30304944505444303]",-1,-1
21707,[0.83075023 0.83031956],1,-1,-1,122,-1
21708,[0.5895496  0.62403674],5,2,"[0.5921204552873188, 0.6383928111301557]",-1,6
21709,[0.57062821 0.58153607],9,2,"[0.5921204552873188, 0.6383928111301557]",-1,6
21710,[0.72962536 0.77665335],1,4,"[0.7726811996944247, 0.7249303226766757]",250,0
21711,[0.28050406 0.27305563],0,9,"[0.3110394802231661, 0.23517199738277297]",-1,-1
21712,[0.32315598 0.51949071],7,-1,-1,-1,-1
21713,[0.29614962 0.19319603],0,9,"[0.3110394802231661, 0.23517199738277297]",425,-1
21714,[0.70424957 0.76150084],1,-1,-1,-1,0
21715,[0.65678061 0.69777863],1,-1,-1,-1,-1
21716,[0.51295401 0.46226678],8,6,"[0.5164739970238864, 0.5319253761973344]",-1,-1
21717,[0.40836368 0.50349254],3,0,"[0.383291892093257, 0.5586820702346661]",-1,-1
21718,[0.35053848 0.36393092],2,1,"[0.3897435781344088, 0.3417040596068965]",-1,-1
21719,[0.51885291 0.54023297],5,6,"[0.5164739970238864, 0.5319253761973344]",1181,3
21720,[0.22358439 0.36346597],0,5,"[0.23231087327800656, 0.30304944505444303]",-1,-1
21721,[0.45831976 0.33438927],2,1,"[0.3897435781344088, 0.3417040596068965]",-1,-1
21722,[0.22640038 0.50672442],7,8,"[0.27392971195344684, 0.45973140540928376]",924,-1
21723,[0.64926051 0.51272426],8,3,"[0.6815204869410737, 0.47689852788858716]",-1,-1
21724,[0.42365658 0.23274093],6,-1,-1,-1,-1
21725,[0.31452519 0.25814495],2,9,"[0.3110394802231661, 0.23517199738277297]",1491,-1
21726,[0.37340547 0.51300855],3,0,"[0.383291892093257, 0.5586820702346661]",-1,-1
21727,[0.67160819 0.60397491],9,-1,-1,-1,-1
21728,[0.51335055 0.70707268],9,-1,-1,116,-1
21729,[0.63396501 0.53713487],5,-1,-1,-1,-1
21730,[0.331838   0.20625283],6,9,"[0.3110394802231661, 0.23517199738277297]",-1,-1
21731,[0.35058743 0.53048214],4,0,"[0.383291892093257, 0.5586820702346661]",-1,16
21732,[0.59599274 0.54282071],5,-1,-1,1291,-1
21733,[0.39140948 0.3892957 ],2,1,"[0.3897435781344088, 0.3417040596068965]",952,-1
21734,[0.38971878 0.51916592],3,0,"[0.383291892093257, 0.5586820702346661]",1634,-1
21735,[0.77148029 0.75234595],1,4,"[0.7726811996944247, 0.7249303226766757]",413,0
21736,[0.594159   0.51393885],8,-1,-1,-1,-1
21737,[0.32455447 0.60033175],3,7,"[0.2817018170798153, 0.5849768676672948]",-1,-1
21738,[0.27673275 0.56942114],7,7,"[0.2817018170798153, 0.5849768676672948]",-1,-1
21739,[0.29631994 0.61126535],7,7,"[0.2817018170798153, 0.5849768676672948]",956,-1
21740,[0.27426152 0.38184717],2,-1,-1,1105,-1
21741,[0.07067477 0.31429788],0,-1,-1,-1,-1
21742,[0.78396266 0.75936838],1,4,"[0.7726811996944247, 0.7249303226766757]",-1,0
21743,[0.28598119 0.37384801],2,-1,-1,-1,-1
21744,[0.59605702 0.59228003],9,2,"[0.5921204552873188, 0.6383928111301557]",1318,-1
21745,[0.28787993 0.48739297],7,8,"[0.27392971195344684, 0.45973140540928376]",-1,-1
21746,[0.42918771 0.5126483 ],5,0,"[0.383291892093257, 0.5586820702346661]",-1,-1
21747,[0.26941106 0.29758832],2,5,"[0.23231087327800656, 0.30304944505444303]",1657,-1
21748,[0.26863714 0.30986559],0,5,"[0.23231087327800656, 0.30304944505444303]",1585,-1
21749,[0.34942849 0.60366213],3,0,"[0.383291892093257, 0.5586820702346661]",1833,-1
21750,[0.61753388 0.62028806],9,2,"[0.5921204552873188, 0.6383928111301557]",-1,-1
21751,[0.22331921 0.24046815],0,5,"[0.23231087327800656, 0.30304944505444303]",-1,-1
21752,[0.24050088 0.51512688],7,8,"[0.27392971195344684, 0.45973140540928376]",1552,-1
21753,[0.32402468 0.35999975],7,1,"[0.3897435781344088, 0.3417040596068965]",1485,-1
21754,[0.54080937 0.76678182],9,-1,-1,-1,-1
21755,[0.53635853 0.63660087],5,2,"[0.5921204552873188, 0.6383928111301557]",1257,-1
21756,[0.30397204 0.27828201],2,9,"[0.3110394802231661, 0.23517199738277297]",-1,-1
21757,[0.38389124 0.68409931],4,-1,-1,-1,-1
21758,[0.26188991 0.55174706],3,7,"[0.2817018170798153, 0.5849768676672948]",-1,-1
21759,[0.4440951  0.58770716],3,0,"[0.383291892093257, 0.5586820702346661]",1228,4
21760,[0.66349609 0.54301598],8,3,"[0.6815204869410737, 0.47689852788858716]",670,-1
21761,[0.7184256 0.6909888],1,4,"[0.7726811996944247, 0.7249303226766757]",393,0
21762,[0.60508353 0.69593741],9,2,"[0.5921204552873188, 0.6383928111301557]",-1,-1
21763,[0.31023135 0.35848215],6,-1,-1,-1,-1
21764,[0.83768472 0.75111033],1,-1,-1,406,0
21765,[0.53359871 0.50385051],5,6,"[0.5164739970238864, 0.5319253761973344]",1139,-1
21766,[0.58216571 0.56839933],5,-1,-1,1445,-1
21767,[0.77068954 0.75895179],1,4,"[0.7726811996944247, 0.7249303226766757]",413,0
21768,[0.13440075 0.27075829],0,-1,-1,40,-1
21769,[0.69199181 0.67843971],1,-1,-1,-1,-1
21770,[0.24467528 0.41106601],2,8,"[0.27392971195344684, 0.45973140540928376]",697,-1
21771,[0.32589038 0.50856211],4,-1,-1,1920,-1
21772,[0.60263354 0.62479641],9,2,"[0.5921204552873188, 0.6383928111301557]",-1,6
21773,[0.43742184 0.59109936],5,0,"[0.383291892093257, 0.5586820702346661]",-1,-1
21774,[0.74893318 0.6371104 ],1,-1,-1,209,0
21775,[0.25614925 0.30782271],0,5,"[0.23231087327800656, 0.30304944505444303]",1639,-1
21776,[0.73206453 0.41112701],8,-1,-1,-1,-1
21777,[0.43697392 0.53280818],3,0,"[0.383291892093257, 0.5586820702346661]",1135,-1
21778,[0.36390608 0.26480443],2,9,"[0.3110394802231661, 0.23517199738277297]",1156,-1
21779,[0.75278069 0.38039292],8,-1,-1,27,-1
21780,[0.20300681 0.53126983],7,-1,-1,-1,-1
21781,[0.75908338 0.62655555],1,-1,-1,-1,-1
21782,[0.74318725 0.77809873],1,4,"[0.7726811996944247, 0.7249303226766757]",301,0
21783,[0.45542775 0.49552764],3,-1,-1,-1,-1
21784,[0.63516493 0.74000305],1,-1,-1,-1,-1
21785,[0.19609559 0.44800343],2,-1,-1,100,-1
21786,[0.6450486  0.56839693],9,-1,-1,-1,-1
21787,[0.33708574 0.40100576],7,-1,-1,-1,-1
21788,[0.32227201 0.20499209],6,9,"[0.3110394802231661, 0.23517199738277297]",293,-1
21789,[0.2713736 0.3373139],0,5,"[0.23231087327800656, 0.30304944505444303]",-1,-1
21790,[0.27417598 0.31542358],0,5,"[0.23231087327800656, 0.30304944505444303]",1585,9
21791,[0.28414534 0.35026805],2,-1,-1,1584,-1
21792,[0.65462169 0.52406585],9,3,"[0.6815204869410737, 0.47689852788858716]",776,-1
21793,[0.52974167 0.62817941],5,2,"[0.5921204552873188, 0.6383928111301557]",1143,-1
21794,[0.67883034 0.74549475],1,-1,-1,-1,0
21795,[0.54794481 0.47289272],5,6,"[0.5164739970238864, 0.5319253761973344]",756,-1
21796,[0.28654433 0.39604065],3,8,"[0.27392971195344684, 0.45973140540928376]",1066,-1
21797,[0.52288894 0.45506718],5,-1,-1,-1,-1
21798,[0.16120359 0.27840903],2,-1,-1,-1,-1
21799,[0.76488895 0.46561763],8,-1,-1,-1,-1
21800,[0.24950278 0.23872725],0,9,"[0.3110394802231661, 0.23517199738277297]",983,-1
21801,[0.313955   0.35962712],7,-1,-1,-1,-1
21802,[0.24383401 0.43609704],7,8,"[0.27392971195344684, 0.45973140540928376]",696,-1
21803,[0.2453941 0.4682009],4,8,"[0.27392971195344684, 0.45973140540928376]",1152,-1
21804,[0.39318755 0.67567644],4,-1,-1,-1,-1
21805,[0.34226906 0.43128437],2,-1,-1,-1,-1
21806,[0.44171645 0.55730908],5,0,"[0.383291892093257, 0.5586820702346661]",-1,-1
21807,[0.54685915 0.59639034],5,2,"[0.5921204552873188, 0.6383928111301557]",1422,-1
21808,[0.31478649 0.61600239],4,7,"[0.2817018170798153, 0.5849768676672948]",-1,-1
21809,[0.57369009 0.59269158],9,2,"[0.5921204552873188, 0.6383928111301557]",-1,6
21810,[0.49126381 0.62959178],9,-1,-1,-1,-1
21811,[0.35507462 0.44365549],7,-1,-1,-1,-1
21812,[0.52141633 0.46740323],5,6,"[0.5164739970238864, 0.5319253761973344]",602,-1
21813,[0.23583206 0.39745635],2,-1,-1,-1,-1
21814,[0.44573859 0.46639596],4,-1,-1,-1,-1
21815,[0.41705493 0.22270583],0,-1,-1,-1,-1
21816,[0.2635653  0.45964322],7,8,"[0.27392971195344684, 0.45973140540928376]",-1,-1
21817,[0.26673016 0.55884085],3,7,"[0.2817018170798153, 0.5849768676672948]",-1,-1
21818,[0.61700028 0.42057397],8,-1,-1,-1,-1
21819,[0.26007295 0.23800456],0,9,"[0.3110394802231661, 0.23517199738277297]",1137,-1
21820,[0.69100933 0.55017399],8,-1,-1,600,-1
21821,[0.576377  0.6055046],9,2,"[0.5921204552873188, 0.6383928111301557]",1415,6
21822,[0.24688705 0.55052949],7,7,"[0.2817018170798153, 0.5849768676672948]",1700,-1
21823,[0.33107385 0.33513229],0,1,"[0.3897435781344088, 0.3417040596068965]",1616,-1
21824,[0.6120801  0.65152446],9,2,"[0.5921204552873188, 0.6383928111301557]",-1,-1
21825,[0.38001067 0.69331009],3,-1,-1,-1,-1
21826,[0.22521863 0.56530969],4,7,"[0.2817018170798153, 0.5849768676672948]",690,-1
21827,[0.61478067 0.60578318],9,2,"[0.5921204552873188, 0.6383928111301557]",1200,-1
21828,[0.33149357 0.55262087],4,0,"[0.383291892093257, 0.5586820702346661]",-1,17
21829,[0.58304756 0.63472463],9,2,"[0.5921204552873188, 0.6383928111301557]",-1,-1
21830,[0.29067447 0.28317078],2,9,"[0.3110394802231661, 0.23517199738277297]",-1,-1
21831,[0.39522006 0.38536002],6,1,"[0.3897435781344088, 0.3417040596068965]",-1,-1
21832,[0.50948154 0.58026034],5,6,"[0.5164739970238864, 0.5319253761973344]",1377,-1
21833,[0.36025191 0.32810666],6,1,"[0.3897435781344088, 0.3417040596068965]",1407,-1
21834,[0.21596296 0.25760246],0,5,"[0.23231087327800656, 0.30304944505444303]",1021,-1
21835,[0.23532715 0.52377336],7,-1,-1,1477,-1
21836,[0.54028492 0.50691352],5,6,"[0.5164739970238864, 0.5319253761973344]",1140,-1
21837,[0.42337662 0.43565971],6,-1,-1,404,-1
21838,[0.71568336 0.85043307],1,-1,-1,-1,-1
21839,[0.39146425 0.3587517 ],6,1,"[0.3897435781344088, 0.3417040596068965]",1065,-1
21840,[0.32419856 0.64060451],4,-1,-1,-1,-1
21841,[0.28205687 0.53766665],4,7,"[0.2817018170798153, 0.5849768676672948]",1894,-1
21842,[0.1833855  0.47403863],7,-1,-1,-1,-1
21843,[0.40244596 0.57635024],3,0,"[0.383291892093257, 0.5586820702346661]",-1,-1
21844,[0.56581627 0.55721143],5,6,"[0.5164739970238864, 0.5319253761973344]",1362,-1
21845,[0.60594613 0.54856913],9,-1,-1,1293,-1
21846,[0.4948264  0.64928645],9,-1,-1,-1,-1
21847,[0.74339221 0.43166503],8,-1,-1,-1,-1
21848,[0.29220546 0.57929392],4,7,"[0.2817018170798153, 0.5849768676672948]",-1,-1
21849,[0.40516617 0.55352262],4,0,"[0.383291892093257, 0.5586820702346661]",-1,-1
21850,[0.47105011 0.63880828],9,-1,-1,-1,-1
21851,[0.42615466 0.51121467],3,0,"[0.383291892093257, 0.5586820702346661]",-1,-1
21852,[0.13142589 0.24978535],0,-1,-1,-1,-1
21853,[0.28472458 0.63197505],3,7,"[0.2817018170798153, 0.5849768676672948]",588,-1
21854,[0.45329364 0.48942197],5,-1,-1,-1,-1
21855,[0.35342742 0.66236033],4,-1,-1,298,-1
21856,[0.27747151 0.49289291],4,8,"[0.27392971195344684, 0.45973140540928376]",1794,-1
21857,[0.26089961 0.14354453],0,-1,-1,-1,-1
21858,[0.38644452 0.24773774],6,-1,-1,-1,-1
21859,[0.60299871 0.52549346],5,-1,-1,1102,-1
21860,[0.44480377 0.56443956],5,0,"[0.383291892093257, 0.5586820702346661]",1281,-1
21861,[0.54386309 0.52946562],5,6,"[0.5164739970238864, 0.5319253761973344]",-1,-1
21862,[0.71371779 0.41128744],8,-1,-1,-1,-1
21863,[0.73418189 0.67421734],1,4,"[0.7726811996944247, 0.7249303226766757]",409,0
21864,[0.35138134 0.40225131],6,-1,-1,905,-1
21865,[0.79150272 0.71010596],1,4,"[0.7726811996944247, 0.7249303226766757]",-1,0
21866,[0.52764945 0.57570275],5,6,"[0.5164739970238864, 0.5319253761973344]",-1,-1
21867,[0.73288155 0.43048203],8,3,"[0.6815204869410737, 0.47689852788858716]",317,-1
21868,[0.41604421 0.5406997 ],3,0,"[0.383291892093257, 0.5586820702346661]",1713,-1
21869,[0.63212488 0.55793195],5,-1,-1,1104,-1
21870,[0.71004926 0.70249349],1,4,"[0.7726811996944247, 0.7249303226766757]",-1,0
21871,[0.53746352 0.28308635],6,-1,-1,3,-1
21872,[0.75245436 0.76347696],1,4,"[0.7726811996944247, 0.7249303226766757]",417,0
21873,[0.28193147 0.53371588],7,7,"[0.2817018170798153, 0.5849768676672948]",1893,14
21874,[0.54848915 0.57811509],5,6,"[0.5164739970238864, 0.5319253761973344]",-1,6
21875,[0.31356457 0.50175439],4,8,"[0.27392971195344684, 0.45973140540928376]",-1,-1
21876,[0.25745517 0.27404617],2,5,"[0.23231087327800656, 0.30304944505444303]",1548,-1
21877,[0.32715854 0.52194012],4,0,"[0.383291892093257, 0.5586820702346661]",1905,-1
21878,[0.57283829 0.66814406],9,2,"[0.5921204552873188, 0.6383928111301557]",1033,-1
21879,[0.30498779 0.51684858],7,8,"[0.27392971195344684, 0.45973140540928376]",1881,-1
21880,[0.34176495 0.24278819],0,9,"[0.3110394802231661, 0.23517199738277297]",-1,-1
21881,[0.55365516 0.57930182],9,6,"[0.5164739970238864, 0.5319253761973344]",1450,6
21882,[0.46887133 0.59465697],3,-1,-1,1235,-1
21883,[0.67640513 0.66219676],9,-1,-1,482,-1
21884,[0.29533611 0.52267647],7,7,"[0.2817018170798153, 0.5849768676672948]",-1,-1
21885,[0.34312584 0.37701877],2,1,"[0.3897435781344088, 0.3417040596068965]",-1,-1
21886,[0.31127791 0.28359715],6,9,"[0.3110394802231661, 0.23517199738277297]",1614,-1
21887,[0.38032624 0.30763606],6,1,"[0.3897435781344088, 0.3417040596068965]",1464,-1
21888,[0.26415793 0.35880967],7,5,"[0.23231087327800656, 0.30304944505444303]",-1,-1
21889,[0.53242758 0.61084633],9,2,"[0.5921204552873188, 0.6383928111301557]",-1,-1
21890,[0.67187573 0.41945106],8,3,"[0.6815204869410737, 0.47689852788858716]",612,-1
21891,[0.19664808 0.26201135],0,5,"[0.23231087327800656, 0.30304944505444303]",1012,-1
21892,[0.34649816 0.59293952],3,0,"[0.383291892093257, 0.5586820702346661]",-1,-1
21893,[0.6768716  0.50023754],8,3,"[0.6815204869410737, 0.47689852788858716]",827,-1
21894,[0.30678156 0.5906133 ],3,7,"[0.2817018170798153, 0.5849768676672948]",1820,-1
21895,[0.16714692 0.40832957],2,-1,-1,134,-1
21896,[0.36854326 0.33012587],3,1,"[0.3897435781344088, 0.3417040596068965]",1536,-1
21897,[0.53796237 0.56733589],5,6,"[0.5164739970238864, 0.5319253761973344]",1360,6
21898,[0.5896519  0.67237701],9,2,"[0.5921204552873188, 0.6383928111301557]",710,-1
21899,[0.27994932 0.36197328],2,-1,-1,1260,-1
21900,[0.64370486 0.55516971],5,-1,-1,1115,-1
21901,[0.43258178 0.6632526 ],9,-1,-1,138,-1
21902,[0.2721641  0.60501437],4,7,"[0.2817018170798153, 0.5849768676672948]",1032,-1
21903,[0.71302846 0.72986212],1,4,"[0.7726811996944247, 0.7249303226766757]",-1,0
21904,[0.2119104  0.19884181],0,-1,-1,-1,-1
21905,[0.39199434 0.53946172],4,0,"[0.383291892093257, 0.5586820702346661]",1808,-1
21906,[0.3982473  0.45553207],3,-1,-1,584,-1
21907,[0.37797818 0.62891688],3,-1,-1,679,-1
21908,[0.66795039 0.5066544 ],9,3,"[0.6815204869410737, 0.47689852788858716]",827,2
21909,[0.40007277 0.38201735],6,1,"[0.3897435781344088, 0.3417040596068965]",-1,-1
21910,[0.37426814 0.60739287],4,0,"[0.383291892093257, 0.5586820702346661]",-1,-1
21911,[0.38077085 0.23654965],6,9,"[0.3110394802231661, 0.23517199738277297]",-1,-1
21912,[0.62134106 0.56761837],9,-1,-1,-1,-1
21913,[0.27626995 0.1407586 ],0,-1,-1,-1,-1
21914,[0.29528184 0.56479796],4,7,"[0.2817018170798153, 0.5849768676672948]",-1,-1
21915,[0.26059822 0.43428161],7,8,"[0.27392971195344684, 0.45973140540928376]",1087,-1
21916,[0.42384611 0.59782404],3,0,"[0.383291892093257, 0.5586820702346661]",-1,-1
21917,[0.72039284 0.49293235],8,3,"[0.6815204869410737, 0.47689852788858716]",680,-1
21918,[0.44726752 0.55368194],5,0,"[0.383291892093257, 0.5586820702346661]",-1,-1
21919,[0.61822693 0.56109724],5,-1,-1,910,-1
21920,[0.16507756 0.19285551],0,-1,-1,-1,-1
21921,[0.79861532 0.81369917],1,-1,-1,142,0
21922,[0.54283738 0.65236491],9,2,"[0.5921204552873188, 0.6383928111301557]",1056,-1
21923,[0.49988892 0.6500915 ],5,-1,-1,-1,-1
21924,[0.42516691 0.33499376],6,1,"[0.3897435781344088, 0.3417040596068965]",-1,-1
21925,[0.32220313 0.27707469],0,9,"[0.3110394802231661, 0.23517199738277297]",1519,-1
21926,[0.1775635  0.30333203],2,5,"[0.23231087327800656, 0.30304944505444303]",549,-1
21927,[0.23657376 0.56925083],3,7,"[0.2817018170798153, 0.5849768676672948]",1358,-1
21928,[0.31210326 0.29008434],0,9,"[0.3110394802231661, 0.23517199738277297]",1614,11
21929,[0.4759713  0.51595349],5,6,"[0.5164739970238864, 0.5319253761973344]",1002,-1
21930,[0.10959411 0.28461529],0,-1,-1,10,-1
21931,[0.6692011  0.50422432],8,3,"[0.6815204869410737, 0.47689852788858716]",827,2
21932,[0.51470035 0.71557936],9,-1,-1,116,-1
21933,[0.48476959 0.52555199],3,6,"[0.5164739970238864, 0.5319253761973344]",936,-1
21934,[0.25569977 0.41760498],6,8,"[0.27392971195344684, 0.45973140540928376]",-1,-1
21935,[0.19080204 0.23225209],0,-1,-1,-1,-1
21936,[0.50077793 0.50840683],5,6,"[0.5164739970238864, 0.5319253761973344]",725,-1
21937,[0.43509073 0.65130734],3,-1,-1,286,-1
21938,[0.65837906 0.52522939],8,3,"[0.6815204869410737, 0.47689852788858716]",776,-1
21939,[0.30955498 0.35099136],2,-1,-1,1630,8
21940,[0.37354371 0.47465513],4,-1,-1,1211,-1
21941,[0.46184789 0.57237631],5,6,"[0.5164739970238864, 0.5319253761973344]",1231,-1
21942,[0.45335404 0.4034994 ],5,-1,-1,-1,-1
21943,[0.24713561 0.52486698],7,7,"[0.2817018170798153, 0.5849768676672948]",-1,-1
21944,[0.42141316 0.51155413],4,0,"[0.383291892093257, 0.5586820702346661]",1439,-1
21945,[0.26475966 0.17897471],0,-1,-1,239,-1
21946,[0.40459074 0.36214952],6,1,"[0.3897435781344088, 0.3417040596068965]",-1,-1
21947,[0.56345149 0.66341372],9,2,"[0.5921204552873188, 0.6383928111301557]",-1,-1
21948,[0.30857586 0.23091706],0,9,"[0.3110394802231661, 0.23517199738277297]",-1,-1
21949,[0.57283403 0.49464359],8,6,"[0.5164739970238864, 0.5319253761973344]",847,-1
21950,[0.31903239 0.40563677],2,-1,-1,-1,-1
21951,[0.42096042 0.41329801],6,-1,-1,-1,-1
21952,[0.25123016 0.539211  ],4,7,"[0.2817018170798153, 0.5849768676672948]",-1,-1
21953,[0.25814013 0.67127334],4,-1,-1,-1,-1
21954,[0.2333976  0.55384432],7,7,"[0.2817018170798153, 0.5849768676672948]",1411,-1
21955,[0.38704542 0.42476574],6,-1,-1,-1,-1
21956,[0.29416875 0.46758002],3,8,"[0.27392971195344684, 0.45973140540928376]",1730,-1
21957,[0.79869743 0.81144313],1,-1,-1,142,0
21958,[0.45860535 0.37965712],5,-1,-1,-1,-1
21959,[0.6518537 0.620723 ],9,2,"[0.5921204552873188, 0.6383928111301557]",-1,-1
21960,[0.76605391 0.70270335],1,4,"[0.7726811996944247, 0.7249303226766757]",-1,0
21961,[0.30740598 0.58761854],4,7,"[0.2817018170798153, 0.5849768676672948]",-1,-1
21962,[0.32533347 0.35567753],2,1,"[0.3897435781344088, 0.3417040596068965]",-1,-1
21963,[0.3907151  0.54978673],3,0,"[0.383291892093257, 0.5586820702346661]",1815,-1
21964,[0.31366736 0.23241029],0,9,"[0.3110394802231661, 0.23517199738277297]",1492,-1
21965,[0.61437001 0.49666557],8,3,"[0.6815204869410737, 0.47689852788858716]",843,-1
21966,[0.76603022 0.78541716],1,4,"[0.7726811996944247, 0.7249303226766757]",-1,0
21967,[0.41128194 0.36108882],6,1,"[0.3897435781344088, 0.3417040596068965]",-1,-1
21968,[0.67340525 0.82042007],1,-1,-1,23,-1
21969,[0.51573115 0.49082453],5,6,"[0.5164739970238864, 0.5319253761973344]",-1,-1
21970,[0.34577295 0.42674218],6,-1,-1,-1,-1
21971,[0.71149858 0.69410885],9,4,"[0.7726811996944247, 0.7249303226766757]",-1,0
21972,[0.30721197 0.50891367],2,8,"[0.27392971195344684, 0.45973140540928376]",-1,-1
21973,[0.31647304 0.25384466],2,9,"[0.3110394802231661, 0.23517199738277297]",1499,-1
21974,[0.48275591 0.52945841],4,6,"[0.5164739970238864, 0.5319253761973344]",960,-1
21975,[0.18810173 0.53402691],7,-1,-1,-1,-1
21976,[0.60309275 0.52920413],8,-1,-1,1023,-1
21977,[0.60076368 0.48115682],5,-1,-1,-1,-1
21978,[0.82588132 0.82887429],1,-1,-1,-1,-1
21979,[0.81842475 0.72382427],1,4,"[0.7726811996944247, 0.7249303226766757]",456,0
21980,[0.33191478 0.35445433],6,1,"[0.3897435781344088, 0.3417040596068965]",1368,-1
21981,[0.84855884 0.70317038],1,-1,-1,-1,0
21982,[0.34041843 0.53754119],7,0,"[0.383291892093257, 0.5586820702346661]",1954,16
21983,[0.38536172 0.60089457],3,0,"[0.383291892093257, 0.5586820702346661]",1753,-1
21984,[0.6113468  0.63438039],9,2,"[0.5921204552873188, 0.6383928111301557]",1332,-1
21985,[0.38296945 0.34825988],6,1,"[0.3897435781344088, 0.3417040596068965]",1122,-1
21986,[0.40373875 0.5219247 ],4,0,"[0.383291892093257, 0.5586820702346661]",-1,-1
21987,[0.48713568 0.56006779],5,6,"[0.5164739970238864, 0.5319253761973344]",1184,-1
21988,[0.27091465 0.33105687],0,5,"[0.23231087327800656, 0.30304944505444303]",-1,9
21989,[0.48198085 0.46660823],6,-1,-1,278,-1
21990,[0.33761024 0.57923921],4,0,"[0.383291892093257, 0.5586820702346661]",1980,-1
21991,[0.38432914 0.34796559],2,1,"[0.3897435781344088, 0.3417040596068965]",1122,-1
21992,[0.57053829 0.72436378],9,-1,-1,-1,-1
21993,[0.67327143 0.72664563],1,-1,-1,196,0
21994,[0.19328461 0.35347421],2,5,"[0.23231087327800656, 0.30304944505444303]",-1,-1
21995,[0.83279362 0.7410985 ],1,4,"[0.7726811996944247, 0.7249303226766757]",-1,0
21996,[0.77103962 0.70085518],1,4,"[0.7726811996944247, 0.7249303226766757]",448,0
21997,[0.50775022 0.42948522],5,-1,-1,-1,-1
21998,[0.32986208 0.33748137],0,1,"[0.3897435781344088, 0.3417040596068965]",1616,-1
21999,[0.38924375 0.36834072],2,1,"[0.3897435781344088, 0.3417040596068965]",1064,-1
22000,[0.23361071 0.25862027],0,5,"[0.23231087327800656, 0.30304944505444303]",885,-1
22001,[0.6205897  0.54556391],8,-1,-1,-1,-1
22002,[0.27509905 0.23803979],2,9,"[0.3110394802231661, 0.23517199738277297]",-1,-1
22003,[0.59755702 0.46186625],8,-1,-1,-1,-1
22004,[0.33817798 0.62241343],4,7,"[0.2817018170798153, 0.5849768676672948]",1695,-1
22005,[0.23372633 0.51724625],7,-1,-1,-1,-1
22006,[0.24929689 0.43080915],4,8,"[0.27392971195344684, 0.45973140540928376]",-1,-1
22007,[0.45694187 0.4930082 ],5,-1,-1,666,-1
22008,[0.26470618 0.2631513 ],0,5,"[0.23231087327800656, 0.30304944505444303]",1505,-1
22009,[0.24870816 0.30706746],2,5,"[0.23231087327800656, 0.30304944505444303]",-1,-1
22010,[0.26490276 0.34600563],2,5,"[0.23231087327800656, 0.30304944505444303]",-1,-1
22011,[0.39719889 0.39597293],6,1,"[0.3897435781344088, 0.3417040596068965]",760,-1
22012,[0.33590125 0.15432811],0,-1,-1,-1,-1
22013,[0.49383332 0.50775913],5,6,"[0.5164739970238864, 0.5319253761973344]",-1,-1
22014,[0.32091855 0.55896787],4,7,"[0.2817018170798153, 0.5849768676672948]",1977,17
22015,[0.16987778 0.13290051],0,-1,-1,-1,-1
22016,[0.69444284 0.6436147 ],9,-1,-1,-1,0
22017,[0.2593416  0.63383267],3,7,"[0.2817018170798153, 0.5849768676672948]",-1,-1
22018,[0.42196947 0.60474508],3,0,"[0.383291892093257, 0.5586820702346661]",-1,-1
22019,[0.47731896 0.22265633],6,-1,-1,-1,-1
22020,[0.24158448 0.23053699],0,9,"[0.3110394802231661, 0.23517199738277297]",-1,-1
22021,[0.46822205 0.46834173],3,-1,-1,-1,-1
22022,[0.58369536 0.6701049 ],9,2,"[0.5921204552873188, 0.6383928111301557]",1121,-1
22023,[0.31717304 0.27408104],6,9,"[0.3110394802231661, 0.23517199738277297]",1506,-1
22024,[0.48841984 0.53290752],5,6,"[0.5164739970238864, 0.5319253761973344]",961,-1
22025,[0.26241794 0.30301716],2,5,"[0.23231087327800656, 0.30304944505444303]",-1,-1
22026,[0.51882339 0.4721975 ],5,6,"[0.5164739970238864, 0.5319253761973344]",604,-1
22027,[0.85760275 0.6484366 ],1,-1,-1,32,-1
22028,[0.53915573 0.67114958],9,2,"[0.5921204552873188, 0.6383928111301557]",-1,-1
22029,[0.60722281 0.63123324],9,2,"[0.5921204552873188, 0.6383928111301557]",-1,6
22030,[0.52938512 0.28577434],6,-1,-1,-1,-1
22031,[0.61216559 0.47280969],8,3,"[0.6815204869410737, 0.47689852788858716]",622,-1
22032,[0.63958572 0.52551698],5,3,"[0.6815204869410737, 0.47689852788858716]",861,-1
22033,[0.34412441 0.21179929],6,9,"[0.3110394802231661, 0.23517199738277297]",500,-1
22034,[0.32036607 0.67296545],4,-1,-1,169,-1
22035,[0.34574869 0.58519412],4,0,"[0.383291892093257, 0.5586820702346661]",1842,-1
22036,[0.32814974 0.28671583],2,9,"[0.3110394802231661, 0.23517199738277297]",1520,10
22037,[0.27068302 0.20800297],0,9,"[0.3110394802231661, 0.23517199738277297]",-1,-1
22038,[0.61769676 0.45902492],5,3,"[0.6815204869410737, 0.47689852788858716]",-1,-1
22039,[0.26952431 0.43050851],3,8,"[0.27392971195344684, 0.45973140540928376]",1175,-1
22040,[0.33235717 0.43552374],2,8,"[0.27392971195344684, 0.45973140540928376]",941,-1
22041,[0.21107215 0.36628561],2,5,"[0.23231087327800656, 0.30304944505444303]",903,-1
22042,[0.31411183 0.34808558],6,-1,-1,1630,8
22043,[0.31018312 0.46688778],7,8,"[0.27392971195344684, 0.45973140540928376]",-1,-1
22044,[0.28712656 0.59169385],4,7,"[0.2817018170798153, 0.5849768676672948]",1810,-1
22045,[0.66236648 0.53102788],9,3,"[0.6815204869410737, 0.47689852788858716]",669,-1
22046,[0.26191974 0.52887274],3,7,"[0.2817018170798153, 0.5849768676672948]",-1,-1
22047,[0.176349  0.3128128],0,5,"[0.23231087327800656, 0.30304944505444303]",-1,-1
22048,[0.48728418 0.51238673],5,6,"[0.5164739970238864, 0.5319253761973344]",936,-1
22049,[0.38545463 0.62590971],3,0,"[0.383291892093257, 0.5586820702346661]",894,-1
22050,[0.79553178 0.68858737],1,4,"[0.7726811996944247, 0.7249303226766757]",-1,0
22051,[0.32144819 0.23501376],0,9,"[0.3110394802231661, 0.23517199738277297]",-1,-1
22052,[0.3058375  0.55154806],7,7,"[0.2817018170798153, 0.5849768676672948]",-1,-1
22053,[0.55729536 0.62402192],9,2,"[0.5921204552873188, 0.6383928111301557]",-1,-1
22054,[0.33933918 0.57471252],4,0,"[0.383291892093257, 0.5586820702346661]",-1,-1
22055,[0.24876353 0.56429503],7,7,"[0.2817018170798153, 0.5849768676672948]",1515,-1
22056,[0.28147367 0.48987272],3,8,"[0.27392971195344684, 0.45973140540928376]",1796,-1
22057,[0.72675021 0.44093347],8,3,"[0.6815204869410737, 0.47689852788858716]",562,-1
22058,[0.36072475 0.22217159],6,9,"[0.3110394802231661, 0.23517199738277297]",485,-1
22059,[0.36432925 0.36601083],6,1,"[0.3897435781344088, 0.3417040596068965]",-1,-1
22060,[0.50894794 0.79463297],9,-1,-1,-1,-1
22061,[0.71736057 0.49457886],8,3,"[0.6815204869410737, 0.47689852788858716]",680,-1
22062,[0.61697886 0.52645326],8,-1,-1,863,-1
22063,[0.51357796 0.48359343],5,6,"[0.5164739970238864, 0.5319253761973344]",-1,-1
22064,[0.81013922 0.64079422],1,-1,-1,-1,0
22065,[0.30399637 0.29804577],6,9,"[0.3110394802231661, 0.23517199738277297]",-1,11
22066,[0.31083817 0.238534  ],0,9,"[0.3110394802231661, 0.23517199738277297]",-1,-1
22067,[0.24998282 0.27804395],0,5,"[0.23231087327800656, 0.30304944505444303]",1530,-1
22068,[0.62105261 0.47320833],8,3,"[0.6815204869410737, 0.47689852788858716]",627,-1
22069,[0.71216388 0.77650916],1,-1,-1,218,0
22070,[0.63572486 0.69976811],9,-1,-1,-1,-1
22071,[0.36311843 0.54726271],4,0,"[0.383291892093257, 0.5586820702346661]",1790,-1
22072,[0.42374818 0.31037241],6,1,"[0.3897435781344088, 0.3417040596068965]",-1,-1
22073,[0.38100268 0.49683828],4,0,"[0.383291892093257, 0.5586820702346661]",1448,-1
22074,[0.19309003 0.33313175],2,5,"[0.23231087327800656, 0.30304944505444303]",-1,-1
22075,[0.7970782  0.73199239],1,4,"[0.7726811996944247, 0.7249303226766757]",-1,0
22076,[0.69189962 0.53658437],8,3,"[0.6815204869410737, 0.47689852788858716]",-1,-1
22077,[0.74440485 0.7729817 ],1,4,"[0.7726811996944247, 0.7249303226766757]",301,0
22078,[0.18503462 0.21868313],0,-1,-1,-1,-1
22079,[0.3251245  0.28274362],0,9,"[0.3110394802231661, 0.23517199738277297]",1520,-1
22080,[0.30310929 0.54155204],7,7,"[0.2817018170798153, 0.5849768676672948]",-1,-1
22081,[0.39709307 0.23951991],6,-1,-1,657,-1
22082,[0.49018619 0.55067903],5,6,"[0.5164739970238864, 0.5319253761973344]",1183,-1
22083,[0.25690567 0.63179131],3,7,"[0.2817018170798153, 0.5849768676672948]",348,-1
22084,[0.27488623 0.35670679],6,5,"[0.23231087327800656, 0.30304944505444303]",-1,-1
22085,[0.64196519 0.78599963],1,-1,-1,-1,-1
22086,[0.24718328 0.36182681],2,5,"[0.23231087327800656, 0.30304944505444303]",-1,-1
22087,[0.28342525 0.56653225],3,7,"[0.2817018170798153, 0.5849768676672948]",1903,-1
22088,[0.3094175  0.22896605],0,9,"[0.3110394802231661, 0.23517199738277297]",971,-1
22089,[0.24877749 0.2138281 ],0,9,"[0.3110394802231661, 0.23517199738277297]",-1,-1
22090,[0.62777955 0.62491504],9,2,"[0.5921204552873188, 0.6383928111301557]",1159,-1
22091,[0.23337159 0.27927289],0,5,"[0.23231087327800656, 0.30304944505444303]",1531,-1
22092,[0.25570235 0.33216092],2,5,"[0.23231087327800656, 0.30304944505444303]",-1,-1
22093,[0.42694991 0.69066643],3,-1,-1,43,-1
22094,[0.64593528 0.43644585],8,3,"[0.6815204869410737, 0.47689852788858716]",-1,-1
22095,[0.17616845 0.195719  ],0,-1,-1,147,-1
22096,[0.59789964 0.55677004],9,-1,-1,-1,-1
22097,[0.36536633 0.55409822],7,0,"[0.383291892093257, 0.5586820702346661]",1793,-1
22098,[0.24742709 0.23684857],0,9,"[0.3110394802231661, 0.23517199738277297]",983,-1
22099,[0.67431225 0.62443372],9,-1,-1,495,-1
22100,[0.30814146 0.2355223 ],0,9,"[0.3110394802231661, 0.23517199738277297]",1492,-1
22101,[0.70285373 0.77771264],1,-1,-1,-1,0
22102,[0.75160895 0.77842219],1,4,"[0.7726811996944247, 0.7249303226766757]",372,0
22103,[0.59623605 0.67719573],9,2,"[0.5921204552873188, 0.6383928111301557]",709,-1
22104,[0.67633404 0.66558442],1,-1,-1,482,-1
22105,[0.60473177 0.59538027],9,2,"[0.5921204552873188, 0.6383928111301557]",1327,-1
22106,[0.5885232  0.72297511],9,-1,-1,-1,-1
22107,[0.35015013 0.61242716],4,0,"[0.383291892093257, 0.5586820702346661]",-1,-1
22108,[0.86558536 0.70765872],1,-1,-1,-1,0
22109,[0.35327494 0.67691732],3,-1,-1,-1,-1
22110,[0.22928872 0.36374113],2,5,"[0.23231087327800656, 0.30304944505444303]",-1,-1
22111,[0.33495004 0.53819372],3,0,"[0.383291892093257, 0.5586820702346661]",1950,-1
22112,[0.65529991 0.46458032],8,3,"[0.6815204869410737, 0.47689852788858716]",800,-1
22113,[0.34637018 0.48382293],6,-1,-1,1891,-1
22114,[0.37029331 0.34498548],6,1,"[0.3897435781344088, 0.3417040596068965]",1275,-1
22115,[0.6129995 0.4803197],8,3,"[0.6815204869410737, 0.47689852788858716]",-1,-1
22116,[0.45067842 0.30774725],6,1,"[0.3897435781344088, 0.3417040596068965]",-1,-1
22117,[0.41289245 0.58404123],4,0,"[0.383291892093257, 0.5586820702346661]",1716,-1
22118,[0.4682009  0.48676258],5,6,"[0.5164739970238864, 0.5319253761973344]",-1,-1
22119,[0.33808511 0.55388543],4,0,"[0.383291892093257, 0.5586820702346661]",1957,17
22120,[0.34964962 0.63101468],4,-1,-1,-1,-1
22121,[0.29537101 0.31604969],6,5,"[0.23231087327800656, 0.30304944505444303]",-1,-1
22122,[0.16287515 0.28146999],2,-1,-1,-1,-1
22123,[0.24528884 0.53165339],4,7,"[0.2817018170798153, 0.5849768676672948]",1488,-1
22124,[0.56973008 0.69423455],9,2,"[0.5921204552873188, 0.6383928111301557]",-1,-1
22125,[0.5316466  0.52934952],5,6,"[0.5164739970238864, 0.5319253761973344]",1165,-1
22126,[0.76753146 0.49662706],8,-1,-1,190,-1
22127,[0.25156078 0.37307098],2,-1,-1,-1,-1
22128,[0.29372679 0.36608939],0,-1,-1,-1,-1
22129,[0.68163025 0.75263957],1,-1,-1,155,0
22130,[0.61649026 0.60714347],9,2,"[0.5921204552873188, 0.6383928111301557]",1200,-1
22131,[0.34709532 0.53872354],3,0,"[0.383291892093257, 0.5586820702346661]",1970,16
22132,[0.26681683 0.53312011],4,7,"[0.2817018170798153, 0.5849768676672948]",-1,-1
22133,[0.75198799 0.91317538],1,-1,-1,-1,-1
22134,[0.33157207 0.46016194],2,8,"[0.27392971195344684, 0.45973140540928376]",1385,-1
22135,[0.71630996 0.55357009],9,-1,-1,563,-1
22136,[0.18838737 0.48747739],7,-1,-1,214,-1
22137,[0.29019879 0.34855243],2,-1,-1,1583,-1
22138,[0.52627704 0.55145115],5,6,"[0.5164739970238864, 0.5319253761973344]",-1,-1
22139,[0.24125791 0.52859779],7,7,"[0.2817018170798153, 0.5849768676672948]",-1,-1
22140,[0.53227989 0.58299546],5,6,"[0.5164739970238864, 0.5319253761973344]",1372,-1
22141,[0.4682177 0.5123713],3,6,"[0.5164739970238864, 0.5319253761973344]",-1,-1
22142,[0.66661887 0.58004506],9,-1,-1,-1,-1
22143,[0.56806611 0.72658544],9,-1,-1,-1,-1
22144,[0.79597151 0.7413656 ],1,4,"[0.7726811996944247, 0.7249303226766757]",-1,0
22145,[0.84230123 0.71564399],1,-1,-1,311,0
22146,[0.27525027 0.41588168],7,8,"[0.27392971195344684, 0.45973140540928376]",747,-1
22147,[0.66564242 0.52357664],8,3,"[0.6815204869410737, 0.47689852788858716]",-1,-1
22148,[0.37157257 0.23720689],0,9,"[0.3110394802231661, 0.23517199738277297]",-1,-1
22149,[0.57474969 0.57816443],9,2,"[0.5921204552873188, 0.6383928111301557]",-1,6
22150,[0.51564274 0.5559191 ],5,6,"[0.5164739970238864, 0.5319253761973344]",-1,-1
22151,[0.58221401 0.58098424],3,2,"[0.5921204552873188, 0.6383928111301557]",-1,6
22152,[0.2374363  0.34072595],0,5,"[0.23231087327800656, 0.30304944505444303]",1522,-1
22153,[0.33147592 0.32441377],2,1,"[0.3897435781344088, 0.3417040596068965]",-1,10
22154,[0.29774269 0.4548977 ],4,8,"[0.27392971195344684, 0.45973140540928376]",1374,-1
22155,[0.46602769 0.53339719],5,6,"[0.5164739970238864, 0.5319253761973344]",-1,-1
22156,[0.42828741 0.59999519],3,0,"[0.383291892093257, 0.5586820702346661]",-1,-1
22157,[0.45785952 0.5332083 ],5,6,"[0.5164739970238864, 0.5319253761973344]",-1,-1
22158,[0.46449366 0.36824964],6,-1,-1,-1,-1
22159,[0.45723153 0.52598604],5,6,"[0.5164739970238864, 0.5319253761973344]",-1,-1
22160,[0.31550334 0.59767512],7,7,"[0.2817018170798153, 0.5849768676672948]",1937,-1
22161,[0.56918498 0.43129284],5,-1,-1,252,-1
22162,[0.36963348 0.5220292 ],4,0,"[0.383291892093257, 0.5586820702346661]",-1,-1
22163,[0.34931209 0.51160669],3,0,"[0.383291892093257, 0.5586820702346661]",-1,-1
22164,[0.16808569 0.28902606],2,5,"[0.23231087327800656, 0.30304944505444303]",-1,-1
22165,[0.34594111 0.47297494],4,-1,-1,-1,-1
22166,[0.60256925 0.54688058],8,-1,-1,1293,-1
22167,[0.41669137 0.57151507],4,0,"[0.383291892093257, 0.5586820702346661]",1738,-1
22168,[0.24908493 0.25679154],0,5,"[0.23231087327800656, 0.30304944505444303]",1310,-1
22169,[0.73441736 0.84625267],1,-1,-1,31,-1
22170,[0.31329951 0.52227963],7,-1,-1,1919,-1
22171,[0.2517744  0.26261862],0,5,"[0.23231087327800656, 0.30304944505444303]",1310,-1
22172,[0.42743145 0.51410292],3,0,"[0.383291892093257, 0.5586820702346661]",1439,-1
22173,[0.37015407 0.50068202],7,0,"[0.383291892093257, 0.5586820702346661]",-1,-1
22174,[0.6874797  0.49703263],8,3,"[0.6815204869410737, 0.47689852788858716]",-1,2
22175,[0.40450048 0.56080613],3,0,"[0.383291892093257, 0.5586820702346661]",-1,-1
22176,[0.41474677 0.53935823],3,0,"[0.383291892093257, 0.5586820702346661]",1713,-1
22177,[0.33079649 0.4094387 ],2,-1,-1,948,-1
22178,[0.24069889 0.37717526],2,-1,-1,1149,-1
22179,[0.37877401 0.64586521],3,-1,-1,537,-1
22180,[0.28434224 0.53797488],3,7,"[0.2817018170798153, 0.5849768676672948]",1894,-1
22181,[0.45362103 0.53311658],5,6,"[0.5164739970238864, 0.5319253761973344]",-1,-1
22182,[0.61791488 0.51125599],8,-1,-1,867,-1
22183,[0.52627149 0.4372635 ],5,-1,-1,146,-1
22184,[0.35403096 0.63397729],4,-1,-1,1206,-1
22185,[0.35690603 0.27262361],6,9,"[0.3110394802231661, 0.23517199738277297]",1156,-1
22186,[0.33469698 0.59962675],4,7,"[0.2817018170798153, 0.5849768676672948]",-1,-1
22187,[0.81652488 0.54162623],8,-1,-1,7,-1
22188,[0.27230479 0.26614752],2,9,"[0.3110394802231661, 0.23517199738277297]",-1,-1
22189,[0.56098589 0.68690163],9,2,"[0.5921204552873188, 0.6383928111301557]",630,-1
22190,[0.53543066 0.56424057],9,6,"[0.5164739970238864, 0.5319253761973344]",1360,-1
22191,[0.42801217 0.2169877 ],6,-1,-1,73,-1
22192,[0.23088773 0.59112216],7,7,"[0.2817018170798153, 0.5849768676672948]",506,-1
22193,[0.68508234 0.6366393 ],9,-1,-1,493,-1
22194,[0.26251701 0.53788032],4,7,"[0.2817018170798153, 0.5849768676672948]",1743,-1
22195,[0.48200187 0.58062407],5,6,"[0.5164739970238864, 0.5319253761973344]",-1,-1
22196,[0.49948307 0.5260181 ],5,6,"[0.5164739970238864, 0.5319253761973344]",-1,-1
22197,[0.53696218 0.60536745],5,2,"[0.5921204552873188, 0.6383928111301557]",-1,-1
22198,[0.42941482 0.38742829],6,1,"[0.3897435781344088, 0.3417040596068965]",-1,-1
22199,[0.82285658 0.72629266],1,4,"[0.7726811996944247, 0.7249303226766757]",-1,0
22200,[0.57809693 0.43290481],8,-1,-1,252,-1
22201,[0.25536802 0.2366328 ],2,9,"[0.3110394802231661, 0.23517199738277297]",-1,-1
22202,[0.49086066 0.53754738],4,6,"[0.5164739970238864, 0.5319253761973344]",961,-1
22203,[0.35339219 0.36030293],2,1,"[0.3897435781344088, 0.3417040596068965]",-1,-1
22204,[0.45471142 0.34349743],6,1,"[0.3897435781344088, 0.3417040596068965]",-1,-1
22205,[0.20774945 0.62059083],4,-1,-1,-1,-1
22206,[0.79383405 0.59898796],1,-1,-1,-1,-1
22207,[0.42079104 0.66802976],3,-1,-1,154,-1
22208,[0.25455568 0.34235027],6,5,"[0.23231087327800656, 0.30304944505444303]",1398,-1
22209,[0.22396816 0.65975796],4,-1,-1,-1,-1
22210,[0.58944872 0.67696194],9,2,"[0.5921204552873188, 0.6383928111301557]",710,-1
22211,[0.60685994 0.52312762],9,-1,-1,1102,-1
22212,[0.79167276 0.52295255],8,-1,-1,69,-1
22213,[0.24912144 0.2907478 ],2,5,"[0.23231087327800656, 0.30304944505444303]",1640,-1
22214,[0.79007782 0.73269422],1,4,"[0.7726811996944247, 0.7249303226766757]",465,0
22215,[0.69421252 0.69722495],9,-1,-1,-1,-1
22216,[0.3021543  0.43455026],2,8,"[0.27392971195344684, 0.45973140540928376]",1082,-1
22217,[0.60353615 0.6066913 ],9,2,"[0.5921204552873188, 0.6383928111301557]",-1,-1
22218,[0.63608132 0.70040431],9,-1,-1,-1,-1
22219,[0.46120501 0.56131679],9,6,"[0.5164739970238864, 0.5319253761973344]",-1,-1
22220,[0.64092122 0.49016418],8,3,"[0.6815204869410737, 0.47689852788858716]",819,1
22221,[0.26768325 0.34939847],6,5,"[0.23231087327800656, 0.30304944505444303]",1592,-1
22222,[0.38102802 0.31134763],2,1,"[0.3897435781344088, 0.3417040596068965]",-1,-1
22223,[0.33399583 0.48959722],3,8,"[0.27392971195344684, 0.45973140540928376]",1827,-1
22224,[0.75806136 0.65193138],1,-1,-1,-1,0
22225,[0.40965885 0.63740255],5,-1,-1,1046,-1
22226,[0.23585627 0.38875909],4,-1,-1,912,-1
22227,[0.33325802 0.44035265],2,8,"[0.27392971195344684, 0.45973140540928376]",941,-1
22228,[0.57175235 0.64178931],9,2,"[0.5921204552873188, 0.6383928111301557]",-1,-1
22229,[0.35856947 0.52528082],7,0,"[0.383291892093257, 0.5586820702346661]",1929,-1
22230,[0.2892282  0.24071851],0,9,"[0.3110394802231661, 0.23517199738277297]",-1,-1
22231,[0.33727317 0.47543765],7,8,"[0.27392971195344684, 0.45973140540928376]",1757,-1
22232,[0.33932003 0.54993775],7,0,"[0.383291892093257, 0.5586820702346661]",-1,-1
22233,[0.4603468  0.49863177],5,6,"[0.5164739970238864, 0.5319253761973344]",753,-1
22234,[0.68890595 0.54132446],8,3,"[0.6815204869410737, 0.47689852788858716]",673,-1
22235,[0.34414448 0.64861376],3,-1,-1,-1,-1
22236,[0.57698846 0.60392849],5,2,"[0.5921204552873188, 0.6383928111301557]",1415,6
22237,[0.89014576 0.66608428],1,-1,-1,-1,-1
22238,[0.39672584 0.58569813],4,0,"[0.383291892093257, 0.5586820702346661]",-1,-1
22239,[0.23356682 0.25412662],0,5,"[0.23231087327800656, 0.30304944505444303]",-1,-1
22240,[0.714464   0.68193862],1,-1,-1,391,0
22241,[0.40007363 0.54854542],3,0,"[0.383291892093257, 0.5586820702346661]",-1,-1
22242,[0.18212385 0.53709848],7,-1,-1,-1,-1
22243,[0.73163614 0.50539012],8,3,"[0.6815204869410737, 0.47689852788858716]",-1,-1
22244,[0.29013893 0.3369858 ],2,5,"[0.23231087327800656, 0.30304944505444303]",1591,-1
22245,[0.24549959 0.54898334],4,7,"[0.2817018170798153, 0.5849768676672948]",-1,-1
22246,[0.29755633 0.52439509],7,7,"[0.2817018170798153, 0.5849768676672948]",1788,-1
22247,[0.43731681 0.3655324 ],6,1,"[0.3897435781344088, 0.3417040596068965]",-1,-1
22248,[0.59605907 0.3599345 ],8,-1,-1,-1,-1
22249,[0.68648145 0.71305156],9,-1,-1,343,0
22250,[0.38093361 0.36552049],2,1,"[0.3897435781344088, 0.3417040596068965]",1062,-1
22251,[0.34083169 0.57713023],4,0,"[0.383291892093257, 0.5586820702346661]",-1,-1
22252,[0.32750309 0.49831457],7,8,"[0.27392971195344684, 0.45973140540928376]",-1,-1
22253,[0.40900097 0.33052872],2,1,"[0.3897435781344088, 0.3417040596068965]",999,-1
22254,[0.36431183 0.50737997],4,0,"[0.383291892093257, 0.5586820702346661]",1899,-1
22255,[0.34222208 0.6766031 ],4,-1,-1,298,-1
22256,[0.21208174 0.35051173],2,5,"[0.23231087327800656, 0.30304944505444303]",-1,-1
22257,[0.39018992 0.65051081],4,-1,-1,-1,-1
22258,[0.21399567 0.57244267],4,7,"[0.2817018170798153, 0.5849768676672948]",-1,-1
22259,[0.49921693 0.49145556],5,6,"[0.5164739970238864, 0.5319253761973344]",605,-1
22260,[0.47531903 0.54449239],5,6,"[0.5164739970238864, 0.5319253761973344]",854,-1
22261,[0.35819147 0.33814871],6,1,"[0.3897435781344088, 0.3417040596068965]",1500,-1
22262,[0.26785637 0.59073187],4,7,"[0.2817018170798153, 0.5849768676672948]",1655,-1
22263,[0.26969056 0.74957244],3,-1,-1,-1,-1
22264,[0.31056112 0.56937147],3,7,"[0.2817018170798153, 0.5849768676672948]",1925,-1
22265,[0.52302422 0.5990215 ],5,6,"[0.5164739970238864, 0.5319253761973344]",1364,-1
22266,[0.73835312 0.75644038],1,4,"[0.7726811996944247, 0.7249303226766757]",418,0
22267,[0.81113316 0.71839085],1,4,"[0.7726811996944247, 0.7249303226766757]",-1,0
22268,[0.51460688 0.65490513],9,-1,-1,728,-1
22269,[0.28663605 0.60618725],4,7,"[0.2817018170798153, 0.5849768676672948]",-1,-1
22270,[0.37205921 0.60140993],3,0,"[0.383291892093257, 0.5586820702346661]",1755,-1
22271,[0.86335733 0.72354326],1,-1,-1,-1,0
22272,[0.49904527 0.41653281],5,-1,-1,52,-1
22273,[0.49203756 0.58512503],5,6,"[0.5164739970238864, 0.5319253761973344]",-1,-1
22274,[0.36335243 0.39208122],6,1,"[0.3897435781344088, 0.3417040596068965]",-1,-1
22275,[0.44027776 0.47460373],4,-1,-1,-1,-1
22276,[0.30779734 0.55717398],4,7,"[0.2817018170798153, 0.5849768676672948]",1984,-1
22277,[0.7590249  0.47246656],8,-1,-1,186,-1
22278,[0.33342567 0.5548511 ],4,0,"[0.383291892093257, 0.5586820702346661]",-1,17
22279,[0.23780887 0.26549416],2,5,"[0.23231087327800656, 0.30304944505444303]",1363,-1
22280,[0.3062245  0.53680456],3,7,"[0.2817018170798153, 0.5849768676672948]",1982,-1
22281,[0.27168919 0.56297126],4,7,"[0.2817018170798153, 0.5849768676672948]",1874,-1
22282,[0.2924613  0.32329457],2,5,"[0.23231087327800656, 0.30304944505444303]",1621,9
22283,[0.50799757 0.46639675],5,6,"[0.5164739970238864, 0.5319253761973344]",248,-1
22284,[0.44989392 0.27791397],6,-1,-1,720,-1
22285,[0.25188058 0.49202364],4,8,"[0.27392971195344684, 0.45973140540928376]",-1,-1
22286,[0.4774543 0.5477281],5,6,"[0.5164739970238864, 0.5319253761973344]",-1,-1
22287,[0.26269472 0.52302746],7,8,"[0.27392971195344684, 0.45973140540928376]",1727,-1
22288,[0.56803244 0.6778999 ],9,2,"[0.5921204552873188, 0.6383928111301557]",1034,-1
22289,[0.43286052 0.46458978],5,-1,-1,609,-1
22290,[0.59777947 0.59027414],5,2,"[0.5921204552873188, 0.6383928111301557]",1318,-1
22291,[0.61203137 0.38082376],8,-1,-1,-1,-1
22292,[0.36934597 0.53437432],4,0,"[0.383291892093257, 0.5586820702346661]",-1,-1
22293,[0.40386836 0.5038113 ],4,0,"[0.383291892093257, 0.5586820702346661]",1455,-1
22294,[0.74015656 0.64774993],1,-1,-1,-1,0
22295,[0.26723529 0.41999901],7,8,"[0.27392971195344684, 0.45973140540928376]",-1,-1
22296,[0.25747871 0.55890203],4,7,"[0.2817018170798153, 0.5849768676672948]",1705,-1
22297,[0.53283237 0.67082909],5,2,"[0.5921204552873188, 0.6383928111301557]",-1,-1
22298,[0.36036862 0.52973975],4,0,"[0.383291892093257, 0.5586820702346661]",1935,-1
22299,[0.27790758 0.31434082],2,5,"[0.23231087327800656, 0.30304944505444303]",1585,-1
22300,[0.3016676  0.53481753],4,7,"[0.2817018170798153, 0.5849768676672948]",-1,-1
22301,[0.77107428 0.69418231],1,4,"[0.7726811996944247, 0.7249303226766757]",448,0
22302,[0.27182313 0.33551238],2,5,"[0.23231087327800656, 0.30304944505444303]",1607,9
22303,[0.3311471  0.49900804],7,8,"[0.27392971195344684, 0.45973140540928376]",1750,-1
22304,[0.56044906 0.49615475],5,6,"[0.5164739970238864, 0.5319253761973344]",845,-1
22305,[0.2473656  0.31746285],0,5,"[0.23231087327800656, 0.30304944505444303]",-1,7
22306,[0.21344578 0.54434035],7,-1,-1,644,-1
22307,[0.26525707 0.5900731 ],4,7,"[0.2817018170798153, 0.5849768676672948]",-1,-1
22308,[0.2328711  0.53259635],7,-1,-1,1477,-1
22309,[0.31254297 0.33100526],2,-1,-1,1604,-1
22310,[0.52070878 0.50902904],5,6,"[0.5164739970238864, 0.5319253761973344]",-1,-1
22311,[0.18508887 0.30939721],2,5,"[0.23231087327800656, 0.30304944505444303]",-1,-1
22312,[0.40386765 0.43637065],2,-1,-1,363,-1
22313,[0.3597731  0.55998537],3,0,"[0.383291892093257, 0.5586820702346661]",1823,-1
22314,[0.59516392 0.69292871],9,2,"[0.5921204552873188, 0.6383928111301557]",654,-1
22315,[0.62080891 0.73587807],9,-1,-1,213,-1
22316,[0.57185183 0.66434379],9,2,"[0.5921204552873188, 0.6383928111301557]",1033,-1
22317,[0.38445219 0.52940151],7,0,"[0.383291892093257, 0.5586820702346661]",-1,-1
22318,[0.60447288 0.40230162],5,-1,-1,164,-1
22319,[0.31678574 0.44627293],7,8,"[0.27392971195344684, 0.45973140540928376]",1080,-1
22320,[0.63332645 0.61599447],5,2,"[0.5921204552873188, 0.6383928111301557]",740,-1
22321,[0.28544432 0.49453947],7,8,"[0.27392971195344684, 0.45973140540928376]",-1,-1
22322,[0.45596798 0.37118702],6,-1,-1,441,-1
22323,[0.24986069 0.36328539],0,5,"[0.23231087327800656, 0.30304944505444303]",-1,-1
22324,[0.76993942 0.62922817],1,-1,-1,-1,0
22325,[0.35307112 0.31649013],6,1,"[0.3897435781344088, 0.3417040596068965]",1526,-1
22326,[0.24835032 0.26223571],2,5,"[0.23231087327800656, 0.30304944505444303]",1310,-1
22327,[0.19249133 0.54072246],4,-1,-1,-1,-1
22328,[0.35297349 0.52487101],4,0,"[0.383291892093257, 0.5586820702346661]",-1,-1
22329,[0.26963241 0.53870813],4,7,"[0.2817018170798153, 0.5849768676672948]",-1,-1
22330,[0.48840242 0.43338511],4,-1,-1,117,-1
22331,[0.22736546 0.29084751],2,5,"[0.23231087327800656, 0.30304944505444303]",1460,-1
22332,[0.55282125 0.64274622],9,2,"[0.5921204552873188, 0.6383928111301557]",1278,6
22333,[0.14265598 0.14288608],0,-1,-1,-1,-1
22334,[0.33105979 0.3378535 ],6,1,"[0.3897435781344088, 0.3417040596068965]",1616,-1
22335,[0.40752767 0.18671865],6,-1,-1,39,-1
22336,[0.37506669 0.62178947],5,0,"[0.383291892093257, 0.5586820702346661]",-1,-1
22337,[0.38423316 0.5912407 ],3,0,"[0.383291892093257, 0.5586820702346661]",-1,-1
22338,[0.598177   0.58605739],9,2,"[0.5921204552873188, 0.6383928111301557]",1326,-1
22339,[0.80092259 0.76293553],1,4,"[0.7726811996944247, 0.7249303226766757]",-1,0
22340,[0.47253325 0.60391474],5,-1,-1,-1,-1
22341,[0.37039182 0.49030417],4,0,"[0.383291892093257, 0.5586820702346661]",-1,-1
22342,[0.33985681 0.50325107],2,-1,-1,-1,-1
22343,[0.31407688 0.55753267],7,7,"[0.2817018170798153, 0.5849768676672948]",-1,17
22344,[0.33414708 0.56486583],3,0,"[0.383291892093257, 0.5586820702346661]",1975,-1
22345,[0.16497572 0.31541659],2,5,"[0.23231087327800656, 0.30304944505444303]",203,-1
22346,[0.46154945 0.60145975],3,-1,-1,-1,-1
22347,[0.16468859 0.23252868],0,-1,-1,-1,-1
22348,[0.4008906  0.59995465],3,0,"[0.383291892093257, 0.5586820702346661]",1724,-1
22349,[0.30289103 0.1882354 ],0,9,"[0.3110394802231661, 0.23517199738277297]",425,-1
22350,[0.76754206 0.36938115],8,-1,-1,-1,-1
22351,[0.24633306 0.28843515],0,5,"[0.23231087327800656, 0.30304944505444303]",1640,-1
22352,[0.29292406 0.52894541],7,7,"[0.2817018170798153, 0.5849768676672948]",-1,-1
22353,[0.26654873 0.18248091],0,9,"[0.3110394802231661, 0.23517199738277297]",239,-1
22354,[0.34438059 0.59157063],4,0,"[0.383291892093257, 0.5586820702346661]",1834,-1
22355,[0.51751307 0.42039872],5,-1,-1,-1,-1
22356,[0.23115939 0.57434509],7,7,"[0.2817018170798153, 0.5849768676672948]",1358,-1
22357,[0.34930516 0.34908268],6,1,"[0.3897435781344088, 0.3417040596068965]",1352,-1
22358,[0.62988674 0.65066708],9,2,"[0.5921204552873188, 0.6383928111301557]",-1,-1
22359,[0.41857326 0.3152802 ],6,1,"[0.3897435781344088, 0.3417040596068965]",-1,-1
22360,[0.64980268 0.46674569],8,3,"[0.6815204869410737, 0.47689852788858716]",-1,-1
22361,[0.32939439 0.58916972],7,7,"[0.2817018170798153, 0.5849768676672948]",1941,-1
22362,[0.62164957 0.58676812],9,2,"[0.5921204552873188, 0.6383928111301557]",1204,-1
22363,[0.25485053 0.54358727],7,7,"[0.2817018170798153, 0.5849768676672948]",-1,-1
22364,[0.58700769 0.46933378],9,-1,-1,608,-1
22365,[0.61890556 0.53834508],8,-1,-1,734,-1
22366,[0.33146493 0.29621187],2,9,"[0.3110394802231661, 0.23517199738277297]",1658,10
22367,[0.42732267 0.61049105],3,0,"[0.383291892093257, 0.5586820702346661]",-1,-1
22368,[0.82076667 0.70396391],1,4,"[0.7726811996944247, 0.7249303226766757]",-1,0
22369,[0.50740211 0.51038861],5,6,"[0.5164739970238864, 0.5319253761973344]",725,-1
22370,[0.54097932 0.58367106],5,6,"[0.5164739970238864, 0.5319253761973344]",1432,-1
22371,[0.28339132 0.46004099],7,8,"[0.27392971195344684, 0.45973140540928376]",1243,-1
22372,[0.4840334  0.67563798],5,-1,-1,-1,-1
22373,[0.31346298 0.34543696],2,-1,-1,1630,8
22374,[0.75709747 0.71717155],1,4,"[0.7726811996944247, 0.7249303226766757]",462,0
22375,[0.51983336 0.57311472],9,6,"[0.5164739970238864, 0.5319253761973344]",1379,-1
22376,[0.28044409 0.28178873],2,5,"[0.23231087327800656, 0.30304944505444303]",-1,-1
22377,[0.24291484 0.31953494],0,5,"[0.23231087327800656, 0.30304944505444303]",1494,7
22378,[0.42092947 0.57230699],3,0,"[0.383291892093257, 0.5586820702346661]",-1,-1
22379,[0.17145701 0.3115545 ],0,5,"[0.23231087327800656, 0.30304944505444303]",-1,-1
22380,[0.57934396 0.60095055],9,2,"[0.5921204552873188, 0.6383928111301557]",-1,6
22381,[0.72274218 0.74771853],1,4,"[0.7726811996944247, 0.7249303226766757]",421,0
22382,[0.22660524 0.552598  ],7,7,"[0.2817018170798153, 0.5849768676672948]",-1,-1
22383,[0.68326867 0.55434238],8,-1,-1,673,-1
22384,[0.29754233 0.28452267],2,9,"[0.3110394802231661, 0.23517199738277297]",1554,-1
22385,[0.55083955 0.62098092],9,2,"[0.5921204552873188, 0.6383928111301557]",1269,-1
22386,[0.2387792  0.60607341],7,7,"[0.2817018170798153, 0.5849768676672948]",-1,-1
22387,[0.38928612 0.24420719],6,-1,-1,832,-1
22388,[0.30892122 0.21794176],2,9,"[0.3110394802231661, 0.23517199738277297]",-1,-1
22389,[0.79793102 0.70970108],1,4,"[0.7726811996944247, 0.7249303226766757]",479,0
22390,[0.62120772 0.62126684],9,2,"[0.5921204552873188, 0.6383928111301557]",-1,-1
22391,[0.66582744 0.53155811],9,3,"[0.6815204869410737, 0.47689852788858716]",-1,-1
22392,[0.26610812 0.34670341],6,5,"[0.23231087327800656, 0.30304944505444303]",1592,-1
22393,[0.619431   0.53935587],9,-1,-1,734,-1
22394,[0.27127547 0.56375847],4,7,"[0.2817018170798153, 0.5849768676672948]",1874,-1
22395,[0.27922965 0.62255447],3,7,"[0.2817018170798153, 0.5849768676672948]",-1,-1
22396,[0.31965185 0.25397023],0,9,"[0.3110394802231661, 0.23517199738277297]",-1,-1
22397,[0.23412488 0.56567633],4,7,"[0.2817018170798153, 0.5849768676672948]",-1,-1
22398,[0.615704   0.67368092],5,2,"[0.5921204552873188, 0.6383928111301557]",1112,-1
22399,[0.52862626 0.57037928],5,6,"[0.5164739970238864, 0.5319253761973344]",1371,-1
22400,[0.41910956 0.38945222],6,1,"[0.3897435781344088, 0.3417040596068965]",763,-1
22401,[0.27608728 0.1325814 ],0,-1,-1,-1,-1
22402,[0.57099331 0.45807207],5,-1,-1,517,-1
22403,[0.34290895 0.61393948],3,7,"[0.2817018170798153, 0.5849768676672948]",-1,-1
22404,[0.40078412 0.50027792],3,0,"[0.383291892093257, 0.5586820702346661]",-1,-1
22405,[0.22549137 0.34998722],4,5,"[0.23231087327800656, 0.30304944505444303]",1129,-1
22406,[0.75742872 0.43395152],8,-1,-1,94,-1
22407,[0.78287695 0.66556445],1,4,"[0.7726811996944247, 0.7249303226766757]",326,0
22408,[0.62336966 0.62221333],9,2,"[0.5921204552873188, 0.6383928111301557]",-1,-1
22409,[0.2770077  0.24211792],2,9,"[0.3110394802231661, 0.23517199738277297]",-1,-1
22410,[0.35886178 0.60772036],3,0,"[0.383291892093257, 0.5586820702346661]",1829,-1
22411,[0.48800144 0.48861406],3,6,"[0.5164739970238864, 0.5319253761973344]",606,-1
22412,[0.5944233  0.62093751],9,2,"[0.5921204552873188, 0.6383928111301557]",1343,6
22413,[0.72662814 0.8319368 ],1,-1,-1,50,-1
22414,[0.69318847 0.50280198],9,3,"[0.6815204869410737, 0.47689852788858716]",-1,2
22415,[0.71052961 0.74494969],1,4,"[0.7726811996944247, 0.7249303226766757]",416,0
22416,[0.39552733 0.39869923],6,1,"[0.3897435781344088, 0.3417040596068965]",760,-1
22417,[0.39927621 0.29331795],6,1,"[0.3897435781344088, 0.3417040596068965]",-1,-1
22418,[0.33677419 0.4227883 ],2,-1,-1,917,-1
22419,[0.37234353 0.60824563],4,0,"[0.383291892093257, 0.5586820702346661]",-1,-1
22420,[0.29522685 0.16474326],0,-1,-1,-1,-1
22421,[0.69858699 0.41532743],8,3,"[0.6815204869410737, 0.47689852788858716]",503,-1
22422,[0.55862292 0.5996229 ],5,2,"[0.5921204552873188, 0.6383928111301557]",1342,-1
22423,[0.73388982 0.42800131],8,-1,-1,317,-1
22424,[0.72733494 0.81832429],1,-1,-1,-1,-1
22425,[0.31783261 0.28766485],0,9,"[0.3110394802231661, 0.23517199738277297]",-1,11
22426,[0.76178861 0.75613152],1,4,"[0.7726811996944247, 0.7249303226766757]",-1,0
22427,[0.28377678 0.53494694],4,7,"[0.2817018170798153, 0.5849768676672948]",1893,14
22428,[0.32410025 0.27872951],6,9,"[0.3110394802231661, 0.23517199738277297]",-1,-1
22429,[0.74153008 0.83112634],1,-1,-1,103,-1
22430,[0.35732812 0.46700611],7,-1,-1,1560,-1
22431,[0.77018322 0.75220865],1,4,"[0.7726811996944247, 0.7249303226766757]",413,0
22432,[0.3878319  0.52897405],3,0,"[0.383291892093257, 0.5586820702346661]",1777,-1
22433,[0.69809396 0.69960762],1,-1,-1,-1,0
22434,[0.33697068 0.5984352 ],3,7,"[0.2817018170798153, 0.5849768676672948]",1863,-1
22435,[0.89851469 0.67792091],1,-1,-1,29,-1
22436,[0.72281566 0.39158361],8,-1,-1,-1,-1
22437,[0.38406435 0.28725985],6,1,"[0.3897435781344088, 0.3417040596068965]",-1,-1
22438,[0.25470748 0.55240762],4,7,"[0.2817018170798153, 0.5849768676672948]",1706,-1
22439,[0.24603889 0.24112645],0,5,"[0.23231087327800656, 0.30304944505444303]",983,-1
22440,[0.29267243 0.2936794 ],0,5,"[0.23231087327800656, 0.30304944505444303]",1689,-1
22441,[0.36696712 0.57439942],4,0,"[0.383291892093257, 0.5586820702346661]",-1,12
22442,[0.32508595 0.25377835],0,9,"[0.3110394802231661, 0.23517199738277297]",-1,-1
22443,[0.59781544 0.59665988],9,2,"[0.5921204552873188, 0.6383928111301557]",-1,-1
22444,[0.43935277 0.29033992],6,-1,-1,-1,-1
22445,[0.57666815 0.65673293],9,2,"[0.5921204552873188, 0.6383928111301557]",1124,-1
22446,[0.36212402 0.29564844],6,1,"[0.3897435781344088, 0.3417040596068965]",1542,-1
22447,[0.47806491 0.50896044],5,6,"[0.5164739970238864, 0.5319253761973344]",-1,-1
22448,[0.39448136 0.20136312],6,-1,-1,-1,-1
22449,[0.57998909 0.67179494],9,2,"[0.5921204552873188, 0.6383928111301557]",1121,-1
22450,[0.61565033 0.68121114],9,2,"[0.5921204552873188, 0.6383928111301557]",-1,-1
22451,[0.52696749 0.61649056],5,2,"[0.5921204552873188, 0.6383928111301557]",1145,-1
22452,[0.29003679 0.69109475],4,-1,-1,-1,-1
22453,[0.53370294 0.60646041],9,2,"[0.5921204552873188, 0.6383928111301557]",1203,-1
22454,[0.3310972  0.41739832],2,-1,-1,-1,-1
22455,[0.41531226 0.61178067],3,0,"[0.383291892093257, 0.5586820702346661]",1473,-1
22456,[0.63731952 0.55939017],8,-1,-1,1104,-1
22457,[0.61371856 0.6447916 ],9,2,"[0.5921204552873188, 0.6383928111301557]",-1,-1
22458,[0.83930679 0.69419614],1,-1,-1,-1,0
22459,[0.29593511 0.26483033],2,9,"[0.3110394802231661, 0.23517199738277297]",1496,-1
22460,[0.53292154 0.41863534],5,-1,-1,-1,-1
22461,[0.36210293 0.3189086 ],6,1,"[0.3897435781344088, 0.3417040596068965]",-1,-1
22462,[0.83384523 0.65065498],1,-1,-1,170,0
22463,[0.49552261 0.46182058],8,-1,-1,277,-1
22464,[0.76819182 0.83250704],1,-1,-1,-1,-1
22465,[0.69091089 0.71347052],1,-1,-1,343,0
22466,[0.34522167 0.43276209],6,-1,-1,-1,-1
22467,[0.75212702 0.5967004 ],8,-1,-1,110,-1
22468,[0.68289015 0.63862353],1,-1,-1,493,-1
22469,[0.22134618 0.30826514],0,5,"[0.23231087327800656, 0.30304944505444303]",1421,-1
22470,[0.36593543 0.19684067],2,9,"[0.3110394802231661, 0.23517199738277297]",113,-1
22471,[0.41985358 0.54914022],3,0,"[0.383291892093257, 0.5586820702346661]",1714,-1
22472,[0.65198434 0.58262309],9,-1,-1,-1,-1
22473,[0.68400476 0.65480397],1,-1,-1,-1,-1
22474,[0.29441876 0.30426455],2,5,"[0.23231087327800656, 0.30304944505444303]",1618,-1
22475,[0.68863223 0.50824948],8,3,"[0.6815204869410737, 0.47689852788858716]",807,-1
22476,[0.49457904 0.51849624],5,6,"[0.5164739970238864, 0.5319253761973344]",936,-1
22477,[0.4379269  0.23324521],6,-1,-1,-1,-1
22478,[0.23156379 0.32927684],6,5,"[0.23231087327800656, 0.30304944505444303]",-1,-1
22479,[0.31545028 0.33408729],6,-1,-1,1604,-1
22480,[0.25684623 0.20311116],0,9,"[0.3110394802231661, 0.23517199738277297]",-1,-1
22481,[0.7278683  0.46253073],8,3,"[0.6815204869410737, 0.47689852788858716]",778,-1
22482,[0.22498099 0.30595205],0,5,"[0.23231087327800656, 0.30304944505444303]",-1,-1
22483,[0.45161721 0.43505863],6,-1,-1,-1,-1
22484,[0.76488728 0.79034125],1,4,"[0.7726811996944247, 0.7249303226766757]",369,0
22485,[0.39669752 0.60550674],4,0,"[0.383291892093257, 0.5586820702346661]",-1,-1
22486,[0.43648949 0.5536266 ],3,0,"[0.383291892093257, 0.5586820702346661]",1294,-1
22487,[0.67292322 0.67986076],9,-1,-1,385,-1
22488,[0.5723146  0.66824682],9,2,"[0.5921204552873188, 0.6383928111301557]",1033,-1
22489,[0.63735019 0.72261858],1,-1,-1,282,-1
22490,[0.26434847 0.61254207],7,7,"[0.2817018170798153, 0.5849768676672948]",-1,-1
22491,[0.4090272  0.62827642],4,-1,-1,-1,-1
22492,[0.3634036  0.26826978],6,9,"[0.3110394802231661, 0.23517199738277297]",1156,-1
22493,[0.68234369 0.48016422],8,3,"[0.6815204869410737, 0.47689852788858716]",814,-1
22494,[0.73006991 0.74910424],1,4,"[0.7726811996944247, 0.7249303226766757]",420,0
22495,[0.18522086 0.22079948],0,-1,-1,-1,-1
22496,[0.58961712 0.52018566],5,-1,-1,1102,-1
22497,[0.76095612 0.33870863],8,-1,-1,-1,-1
22498,[0.25105583 0.33899311],2,5,"[0.23231087327800656, 0.30304944505444303]",1399,-1
22499,[0.2322316  0.56952302],7,7,"[0.2817018170798153, 0.5849768676672948]",1358,-1
22500,[0.62653246 0.55806253],8,-1,-1,-1,-1
22501,[0.29145781 0.39209546],2,8,"[0.27392971195344684, 0.45973140540928376]",-1,-1
22502,[0.40141431 0.35466307],2,1,"[0.3897435781344088, 0.3417040596068965]",-1,-1
22503,[0.401954   0.69346352],3,-1,-1,-1,-1
22504,[0.43972154 0.33016233],6,1,"[0.3897435781344088, 0.3417040596068965]",-1,-1
22505,[0.68680723 0.44374819],8,3,"[0.6815204869410737, 0.47689852788858716]",611,-1
22506,[0.67615432 0.79091614],1,-1,-1,-1,-1
22507,[0.0989441  0.28538537],0,-1,-1,-1,-1
22508,[0.38159225 0.40704261],6,1,"[0.3897435781344088, 0.3417040596068965]",723,-1
22509,[0.25542472 0.61279238],4,7,"[0.2817018170798153, 0.5849768676672948]",-1,-1
22510,[0.31312557 0.62516361],3,7,"[0.2817018170798153, 0.5849768676672948]",-1,-1
22511,[0.69800589 0.71507729],1,-1,-1,-1,0
22512,[0.39777796 0.25418815],6,-1,-1,850,-1
22513,[0.37179985 0.33185481],6,1,"[0.3897435781344088, 0.3417040596068965]",-1,-1
22514,[0.26244993 0.22353019],0,9,"[0.3110394802231661, 0.23517199738277297]",-1,-1
22515,[0.23444406 0.34333292],0,5,"[0.23231087327800656, 0.30304944505444303]",1522,-1
22516,[0.33246623 0.24722701],6,9,"[0.3110394802231661, 0.23517199738277297]",1489,-1
22517,[0.62804227 0.59287041],5,2,"[0.5921204552873188, 0.6383928111301557]",-1,-1
22518,[0.2353583  0.32377233],2,5,"[0.23231087327800656, 0.30304944505444303]",-1,-1
22519,[0.33584906 0.5970088 ],4,7,"[0.2817018170798153, 0.5849768676672948]",1863,-1
22520,[0.3666869  0.43778247],7,-1,-1,879,-1
22521,[0.32158069 0.55464787],3,7,"[0.2817018170798153, 0.5849768676672948]",1991,17
22522,[0.26763788 0.50966627],7,8,"[0.27392971195344684, 0.45973140540928376]",1789,-1
22523,[0.27048863 0.30345163],2,5,"[0.23231087327800656, 0.30304944505444303]",1656,-1
22524,[0.34490698 0.40367633],6,-1,-1,881,-1
22525,[0.68409371 0.49611389],8,3,"[0.6815204869410737, 0.47689852788858716]",-1,2
22526,[0.49507296 0.71539267],9,-1,-1,-1,-1
22527,[0.37024239 0.4058876 ],6,1,"[0.3897435781344088, 0.3417040596068965]",-1,-1
22528,[0.46354515 0.502543  ],4,6,"[0.5164739970238864, 0.5319253761973344]",753,-1
22529,[0.35218565 0.62844436],4,-1,-1,1304,-1
22530,[0.31933013 0.56845265],7,7,"[0.2817018170798153, 0.5849768676672948]",-1,-1
22531,[0.34266315 0.27139911],0,9,"[0.3110394802231661, 0.23517199738277297]",1119,-1
22532,[0.26387913 0.57167148],4,7,"[0.2817018170798153, 0.5849768676672948]",-1,-1
22533,[0.45551123 0.37584348],6,-1,-1,-1,-1
22534,[0.37811655 0.44184027],3,-1,-1,964,-1
22535,[0.35859637 0.57687066],3,0,"[0.383291892093257, 0.5586820702346661]",1843,-1
22536,[0.27677689 0.20585461],0,9,"[0.3110394802231661, 0.23517199738277297]",-1,-1
22537,[0.35843562 0.64944672],3,-1,-1,576,-1
22538,[0.25765178 0.27268752],0,5,"[0.23231087327800656, 0.30304944505444303]",1548,-1
22539,[0.36384729 0.52617433],4,0,"[0.383291892093257, 0.5586820702346661]",1934,-1
22540,[0.56808217 0.52161085],5,6,"[0.5164739970238864, 0.5319253761973344]",-1,-1
22541,[0.57072551 0.47189098],8,-1,-1,-1,-1
22542,[0.74855601 0.64381334],9,-1,-1,310,0
22543,[0.42493675 0.56029318],7,0,"[0.383291892093257, 0.5586820702346661]",1224,-1
22544,[0.35517389 0.56892589],4,0,"[0.383291892093257, 0.5586820702346661]",-1,-1
22545,[0.64522752 0.47681771],5,3,"[0.6815204869410737, 0.47689852788858716]",824,1
22546,[0.23491095 0.35611581],2,5,"[0.23231087327800656, 0.30304944505444303]",-1,-1
22547,[0.33805717 0.43263674],3,8,"[0.27392971195344684, 0.45973140540928376]",941,-1
22548,[0.21864574 0.29103526],0,5,"[0.23231087327800656, 0.30304944505444303]",1113,-1
22549,[0.52770409 0.51690721],5,6,"[0.5164739970238864, 0.5319253761973344]",-1,3
22550,[0.19625073 0.42624163],2,-1,-1,-1,-1
22551,[0.41053791 0.49803574],3,0,"[0.383291892093257, 0.5586820702346661]",1456,-1
22552,[0.32585902 0.3036749 ],2,-1,-1,-1,-1
22553,[0.77362937 0.65181448],1,-1,-1,327,0
22554,[0.32288025 0.34909166],6,1,"[0.3897435781344088, 0.3417040596068965]",-1,-1
22555,[0.73922609 0.44358592],8,3,"[0.6815204869410737, 0.47689852788858716]",-1,-1
22556,[0.51729806 0.54818574],9,6,"[0.5164739970238864, 0.5319253761973344]",1186,3
22557,[0.55186865 0.60723023],9,2,"[0.5921204552873188, 0.6383928111301557]",1341,-1
22558,[0.14083555 0.24237047],0,-1,-1,-1,-1
22559,[0.52581686 0.62378079],9,2,"[0.5921204552873188, 0.6383928111301557]",-1,-1
22560,[0.59435624 0.58463649],5,2,"[0.5921204552873188, 0.6383928111301557]",1326,5
22561,[0.27461034 0.51877718],7,8,"[0.27392971195344684, 0.45973140540928376]",1887,14
22562,[0.37710154 0.49748059],7,0,"[0.383291892093257, 0.5586820702346661]",1448,-1
22563,[0.54868421 0.21718198],6,-1,-1,-1,-1
22564,[0.61516398 0.46997195],9,3,"[0.6815204869410737, 0.47689852788858716]",622,-1
22565,[0.35996969 0.23291086],2,9,"[0.3110394802231661, 0.23517199738277297]",-1,-1
22566,[0.27866601 0.49072162],3,8,"[0.27392971195344684, 0.45973140540928376]",1796,-1
22567,[0.26737085 0.23205739],2,9,"[0.3110394802231661, 0.23517199738277297]",1137,-1
22568,[0.22902687 0.35321127],0,5,"[0.23231087327800656, 0.30304944505444303]",1129,-1
22569,[0.47650302 0.66567679],5,-1,-1,-1,-1
22570,[0.3927671  0.27482667],6,1,"[0.3897435781344088, 0.3417040596068965]",1076,-1
22571,[0.21120764 0.565301  ],7,-1,-1,486,-1
22572,[0.3246777  0.51356112],3,-1,-1,1920,-1
22573,[0.64050769 0.38595499],8,-1,-1,157,-1
22574,[0.28639652 0.50436773],7,8,"[0.27392971195344684, 0.45973140540928376]",-1,-1
22575,[0.4134807  0.54440914],3,0,"[0.383291892093257, 0.5586820702346661]",-1,-1
22576,[0.52166099 0.33138778],6,-1,-1,42,-1
22577,[0.25555263 0.56144049],7,7,"[0.2817018170798153, 0.5849768676672948]",1705,-1
22578,[0.34926408 0.48291519],7,-1,-1,1854,-1
22579,[0.52299783 0.50018571],5,6,"[0.5164739970238864, 0.5319253761973344]",1097,-1
22580,[0.38691785 0.57637299],4,0,"[0.383291892093257, 0.5586820702346661]",1771,-1
22581,[0.14296201 0.32765294],0,-1,-1,-1,-1
22582,[0.67196997 0.49925994],8,3,"[0.6815204869410737, 0.47689852788858716]",-1,2
22583,[0.22593406 0.66140061],4,-1,-1,-1,-1
22584,[0.67976709 0.73118358],1,-1,-1,-1,0
22585,[0.52082876 0.60535963],9,-1,-1,-1,-1
22586,[0.34514015 0.4223999 ],6,-1,-1,-1,-1
22587,[0.40427634 0.23834659],6,-1,-1,657,-1
22588,[0.27604972 0.61121668],3,7,"[0.2817018170798153, 0.5849768676672948]",-1,-1
22589,[0.60344866 0.36073973],8,-1,-1,-1,-1
22590,[0.26363231 0.55689936],4,7,"[0.2817018170798153, 0.5849768676672948]",1704,-1
22591,[0.23988297 0.23572515],2,5,"[0.23231087327800656, 0.30304944505444303]",-1,-1
22592,[0.37340393 0.31798789],2,1,"[0.3897435781344088, 0.3417040596068965]",-1,-1
22593,[0.58328997 0.69399206],9,2,"[0.5921204552873188, 0.6383928111301557]",-1,-1
22594,[1.         0.69146492],1,-1,-1,-1,-1
22595,[0.65024253 0.45417012],8,3,"[0.6815204869410737, 0.47689852788858716]",801,-1
22596,[0.24031947 0.25039243],0,5,"[0.23231087327800656, 0.30304944505444303]",1319,-1
22597,[0.33114965 0.49976209],3,8,"[0.27392971195344684, 0.45973140540928376]",1750,-1
22598,[0.20056464 0.19956356],0,-1,-1,227,-1
22599,[0.32908795 0.47022904],7,8,"[0.27392971195344684, 0.45973140540928376]",1523,-1
22600,[0.70481002 0.38490579],8,-1,-1,151,-1
22601,[0.40898424 0.35388963],6,1,"[0.3897435781344088, 0.3417040596068965]",986,-1
22602,[0.45472289 0.41069281],3,-1,-1,-1,-1
22603,[0.57147172 0.56054177],5,6,"[0.5164739970238864, 0.5319253761973344]",-1,-1
22604,[0.27365666 0.49952487],7,8,"[0.27392971195344684, 0.45973140540928376]",1779,-1
22605,[0.81626242 0.73979002],1,4,"[0.7726811996944247, 0.7249303226766757]",446,0
22606,[0.24403948 0.22991949],0,9,"[0.3110394802231661, 0.23517199738277297]",-1,-1
22607,[0.33049212 0.51596911],7,0,"[0.383291892093257, 0.5586820702346661]",-1,-1
22608,[0.28100462 0.38126845],2,-1,-1,1098,-1
22609,[0.39391027 0.39445682],6,1,"[0.3897435781344088, 0.3417040596068965]",-1,-1
22610,[0.30263864 0.5109091 ],3,8,"[0.27392971195344684, 0.45973140540928376]",1852,-1
22611,[0.3396137  0.36466014],2,1,"[0.3897435781344088, 0.3417040596068965]",-1,-1
22612,[0.48505494 0.47397146],5,6,"[0.5164739970238864, 0.5319253761973344]",-1,-1
22613,[0.32766062 0.20432482],0,9,"[0.3110394802231661, 0.23517199738277297]",-1,-1
22614,[0.51748607 0.58028919],9,6,"[0.5164739970238864, 0.5319253761973344]",1384,6
22615,[0.42233959 0.51744751],7,0,"[0.383291892093257, 0.5586820702346661]",-1,-1
22616,[0.42756063 0.29922993],6,1,"[0.3897435781344088, 0.3417040596068965]",975,-1
22617,[0.43159934 0.33607324],6,1,"[0.3897435781344088, 0.3417040596068965]",-1,-1
22618,[0.50067356 0.60939985],3,-1,-1,-1,-1
22619,[0.39891662 0.39737164],6,1,"[0.3897435781344088, 0.3417040596068965]",760,-1
22620,[0.49755587 0.50484085],5,6,"[0.5164739970238864, 0.5319253761973344]",725,-1
22621,[0.23652429 0.52527288],3,-1,-1,-1,-1
22622,[0.49146465 0.58868584],5,6,"[0.5164739970238864, 0.5319253761973344]",752,-1
22623,[0.82584767 0.61523076],1,-1,-1,54,-1
22624,[0.5970234  0.67908365],9,2,"[0.5921204552873188, 0.6383928111301557]",709,-1
22625,[0.7065474  0.57621791],8,-1,-1,-1,-1
22626,[0.24219503 0.23269162],0,9,"[0.3110394802231661, 0.23517199738277297]",-1,-1
22627,[0.42031723 0.29547138],6,1,"[0.3897435781344088, 0.3417040596068965]",-1,-1
22628,[0.38937419 0.36040198],2,1,"[0.3897435781344088, 0.3417040596068965]",1065,-1
22629,[0.37982381 0.45351607],7,-1,-1,855,-1
22630,[0.35995984 0.4957975 ],7,0,"[0.383291892093257, 0.5586820702346661]",1761,-1
22631,[0.21266606 0.5632297 ],7,-1,-1,486,-1
22632,[0.59235239 0.69228498],9,2,"[0.5921204552873188, 0.6383928111301557]",-1,-1
22633,[0.32620856 0.36918947],0,1,"[0.3897435781344088, 0.3417040596068965]",-1,-1
22634,[0.24591463 0.28879371],0,5,"[0.23231087327800656, 0.30304944505444303]",1640,-1
22635,[0.6080936  0.68344629],9,2,"[0.5921204552873188, 0.6383928111301557]",658,-1
22636,[0.59850132 0.45094479],5,-1,-1,-1,-1
22637,[0.66425343 0.41047392],8,3,"[0.6815204869410737, 0.47689852788858716]",-1,-1
22638,[0.35281128 0.43787634],7,-1,-1,-1,-1
22639,[0.40582349 0.45697458],3,-1,-1,579,-1
22640,[0.28475708 0.30999924],2,5,"[0.23231087327800656, 0.30304944505444303]",1585,-1
22641,[0.63691183 0.68427678],9,2,"[0.5921204552873188, 0.6383928111301557]",-1,-1
22642,[0.71597918 0.41976704],8,3,"[0.6815204869410737, 0.47689852788858716]",443,-1
22643,[0.58387445 0.58346204],5,2,"[0.5921204552873188, 0.6383928111301557]",1324,6
22644,[0.31105205 0.54283249],4,7,"[0.2817018170798153, 0.5849768676672948]",1986,17
22645,[0.27603447 0.36903835],2,-1,-1,1265,-1
22646,[0.38394503 0.43993293],4,-1,-1,-1,-1
22647,[0.77138038 0.73174476],1,4,"[0.7726811996944247, 0.7249303226766757]",-1,0
22648,[0.45935315 0.20669949],6,-1,-1,-1,-1
22649,[0.63475583 0.50912632],8,3,"[0.6815204869410737, 0.47689852788858716]",866,1
22650,[0.47278243 0.27370632],6,-1,-1,-1,-1
22651,[0.38149828 0.56553244],4,0,"[0.383291892093257, 0.5586820702346661]",-1,-1
22652,[0.30501161 0.16662391],0,9,"[0.3110394802231661, 0.23517199738277297]",-1,-1
22653,[0.50918953 0.65278058],9,-1,-1,-1,-1
22654,[0.35816168 0.55059866],4,0,"[0.383291892093257, 0.5586820702346661]",1790,-1
22655,[0.28703495 0.4979418 ],3,8,"[0.27392971195344684, 0.45973140540928376]",1768,-1
22656,[0.53382386 0.46634891],5,6,"[0.5164739970238864, 0.5319253761973344]",-1,-1
22657,[0.39519843 0.32369906],6,1,"[0.3897435781344088, 0.3417040596068965]",965,-1
22658,[0.32255781 0.41565548],2,8,"[0.27392971195344684, 0.45973140540928376]",-1,-1
22659,[0.66348478 0.43397634],8,3,"[0.6815204869410737, 0.47689852788858716]",732,-1
22660,[0.34018864 0.36899716],2,1,"[0.3897435781344088, 0.3417040596068965]",1349,-1
22661,[0.50633564 0.60059116],5,6,"[0.5164739970238864, 0.5319253761973344]",1218,-1
22662,[0.38113702 0.37424523],6,1,"[0.3897435781344088, 0.3417040596068965]",-1,-1
22663,[0.29561102 0.49809983],4,8,"[0.27392971195344684, 0.45973140540928376]",1889,-1
22664,[0.48813178 0.48583734],5,6,"[0.5164739970238864, 0.5319253761973344]",606,-1
22665,[0.53677388 0.63388778],3,2,"[0.5921204552873188, 0.6383928111301557]",-1,-1
22666,[0.30729232 0.45849792],7,8,"[0.27392971195344684, 0.45973140540928376]",1732,-1
22667,[0.62179229 0.44576502],8,3,"[0.6815204869410737, 0.47689852788858716]",621,-1
22668,[0.35295429 0.26996518],2,9,"[0.3110394802231661, 0.23517199738277297]",-1,-1
22669,[0.64821736 0.48933588],8,3,"[0.6815204869410737, 0.47689852788858716]",818,1
22670,[0.60375778 0.58824099],9,2,"[0.5921204552873188, 0.6383928111301557]",-1,-1
22671,[0.82414519 0.67313238],1,-1,-1,334,0
22672,[0.36073657 0.64861476],4,-1,-1,-1,-1
22673,[0.32784071 0.36107856],0,1,"[0.3897435781344088, 0.3417040596068965]",-1,-1
22674,[0.2199546  0.23652945],0,5,"[0.23231087327800656, 0.30304944505444303]",-1,-1
22675,[0.36424215 0.29233173],6,1,"[0.3897435781344088, 0.3417040596068965]",1542,-1
22676,[0.44241169 0.66532033],3,-1,-1,138,-1
22677,[0.21730537 0.24614566],0,5,"[0.23231087327800656, 0.30304944505444303]",895,-1
22678,[0.44356155 0.47561504],5,-1,-1,547,-1
22679,[0.60707786 0.5008224 ],5,-1,-1,-1,-1
22680,[0.37224323 0.53008029],3,0,"[0.383291892093257, 0.5586820702346661]",1934,-1
22681,[0.56133825 0.64167426],9,2,"[0.5921204552873188, 0.6383928111301557]",-1,-1
22682,[0.39711108 0.6208318 ],3,0,"[0.383291892093257, 0.5586820702346661]",1577,-1
22683,[0.5512663  0.56473113],9,6,"[0.5164739970238864, 0.5319253761973344]",1406,6
22684,[0.38495358 0.46480371],7,-1,-1,-1,-1
22685,[0.77353293 0.71401347],1,4,"[0.7726811996944247, 0.7249303226766757]",477,0
22686,[0.30589965 0.49705067],4,8,"[0.27392971195344684, 0.45973140540928376]",1888,-1
22687,[0.38488803 0.56761676],7,0,"[0.383291892093257, 0.5586820702346661]",-1,-1
22688,[0.40224849 0.47940474],3,-1,-1,-1,-1
22689,[0.31274782 0.29123778],6,9,"[0.3110394802231661, 0.23517199738277297]",1614,-1
22690,[0.7617359  0.71468972],1,4,"[0.7726811996944247, 0.7249303226766757]",467,0
22691,[0.20803871 0.36363027],2,5,"[0.23231087327800656, 0.30304944505444303]",903,-1
22692,[0.70765326 0.66338778],1,-1,-1,-1,0
22693,[0.27828168 0.28165763],0,5,"[0.23231087327800656, 0.30304944505444303]",1675,-1
22694,[0.43542861 0.13217954],6,-1,-1,-1,-1
22695,[0.3724609  0.27913372],0,1,"[0.3897435781344088, 0.3417040596068965]",-1,-1
22696,[0.30609064 0.5991733 ],4,7,"[0.2817018170798153, 0.5849768676672948]",1820,-1
22697,[0.88433224 0.77516288],1,-1,-1,-1,-1
22698,[0.30602035 0.27081435],0,9,"[0.3110394802231661, 0.23517199738277297]",1511,-1
22699,[0.53625412 0.71385852],9,-1,-1,-1,-1
22700,[0.60696295 0.76409642],9,-1,-1,-1,-1
22701,[0.20535528 0.23178563],0,-1,-1,898,-1
22702,[0.55835991 0.56849866],5,6,"[0.5164739970238864, 0.5319253761973344]",-1,6
22703,[0.78541297 0.79521653],1,-1,-1,318,0
22704,[0.25716079 0.31401607],0,5,"[0.23231087327800656, 0.30304944505444303]",-1,7
22705,[0.4320131  0.28367199],6,-1,-1,-1,-1
22706,[0.4395729  0.63514646],5,-1,-1,-1,-1
22707,[0.67812041 0.80163949],1,-1,-1,-1,-1
22708,[0.62422436 0.61211474],9,2,"[0.5921204552873188, 0.6383928111301557]",-1,-1
22709,[0.24127323 0.31618792],0,5,"[0.23231087327800656, 0.30304944505444303]",1567,-1
22710,[0.4337966  0.62211965],9,-1,-1,-1,-1
22711,[0.18690008 0.39077513],2,-1,-1,133,-1
22712,[0.46020725 0.56905456],5,6,"[0.5164739970238864, 0.5319253761973344]",1231,-1
22713,[0.36405589 0.48701506],3,-1,-1,1561,-1
22714,[0.36440694 0.28354606],6,1,"[0.3897435781344088, 0.3417040596068965]",1172,-1
22715,[0.49493448 0.54341541],5,6,"[0.5164739970238864, 0.5319253761973344]",-1,-1
22716,[0.7652618  0.74354417],1,4,"[0.7726811996944247, 0.7249303226766757]",430,0
22717,[0.30140946 0.53190759],4,7,"[0.2817018170798153, 0.5849768676672948]",-1,-1
22718,[0.60913804 0.66260373],9,2,"[0.5921204552873188, 0.6383928111301557]",1120,-1
22719,[0.77118413 0.77193957],1,4,"[0.7726811996944247, 0.7249303226766757]",-1,0
22720,[0.30535507 0.45620112],7,8,"[0.27392971195344684, 0.45973140540928376]",-1,-1
22721,[0.3099069  0.58795804],4,7,"[0.2817018170798153, 0.5849768676672948]",-1,-1
22722,[0.40480607 0.29497502],6,1,"[0.3897435781344088, 0.3417040596068965]",-1,-1
22723,[0.65152176 0.48446731],8,3,"[0.6815204869410737, 0.47689852788858716]",-1,1
22724,[0.201369  0.5308961],7,-1,-1,-1,-1
22725,[0.6081292  0.67137681],9,2,"[0.5921204552873188, 0.6383928111301557]",-1,-1
22726,[0.16233767 0.46632793],7,-1,-1,-1,-1
22727,[0.4837353  0.29574291],6,-1,-1,-1,-1
22728,[0.3744473  0.29387495],0,1,"[0.3897435781344088, 0.3417040596068965]",-1,-1
22729,[0.51046305 0.54476317],5,6,"[0.5164739970238864, 0.5319253761973344]",1186,3
22730,[0.46729474 0.55573497],5,6,"[0.5164739970238864, 0.5319253761973344]",1084,-1
22731,[0.25405086 0.57871897],3,7,"[0.2817018170798153, 0.5849768676672948]",-1,-1
22732,[0.39787414 0.28400444],0,1,"[0.3897435781344088, 0.3417040596068965]",1077,-1
22733,[0.25256751 0.45569018],7,8,"[0.27392971195344684, 0.45973140540928376]",931,-1
22734,[0.34169703 0.22346542],0,9,"[0.3110394802231661, 0.23517199738277297]",-1,-1
22735,[0.4217857  0.32812419],6,1,"[0.3897435781344088, 0.3417040596068965]",-1,-1
22736,[0.45619732 0.25075295],6,-1,-1,-1,-1
22737,[0.28248131 0.5094015 ],4,8,"[0.27392971195344684, 0.45973140540928376]",1835,-1
22738,[0.15655382 0.35190539],0,-1,-1,64,-1
22739,[0.16534621 0.25969649],0,-1,-1,-1,-1
22740,[0.70741053 0.60697494],1,-1,-1,-1,-1
22741,[0.5890022  0.64274595],9,2,"[0.5921204552873188, 0.6383928111301557]",1132,-1
22742,[0.30847183 0.53930876],4,7,"[0.2817018170798153, 0.5849768676672948]",1986,-1
22743,[0.45488322 0.59825932],3,-1,-1,1237,4
22744,[0.36688974 0.54788002],4,0,"[0.383291892093257, 0.5586820702346661]",1790,-1
22745,[0.28593902 0.55718239],4,7,"[0.2817018170798153, 0.5849768676672948]",-1,13
22746,[0.43282606 0.57564477],5,0,"[0.383291892093257, 0.5586820702346661]",1167,-1
22747,[0.69990527 0.66591053],9,-1,-1,414,0
22748,[0.26185024 0.62691534],4,7,"[0.2817018170798153, 0.5849768676672948]",496,-1
22749,[0.51211598 0.49086356],5,6,"[0.5164739970238864, 0.5319253761973344]",605,-1
22750,[0.19301169 0.40105386],2,-1,-1,201,-1
22751,[0.2914691  0.14087146],0,-1,-1,-1,-1
22752,[0.4598911  0.67170736],9,-1,-1,137,-1
22753,[0.55969186 0.6467093 ],9,2,"[0.5921204552873188, 0.6383928111301557]",-1,-1
22754,[0.64459083 0.44698136],8,3,"[0.6815204869410737, 0.47689852788858716]",799,-1
22755,[0.58519193 0.47019657],8,-1,-1,608,-1
22756,[0.27843423 0.53277956],7,7,"[0.2817018170798153, 0.5849768676672948]",-1,-1
22757,[0.67857281 0.42196675],8,3,"[0.6815204869410737, 0.47689852788858716]",-1,-1
22758,[0.33963285 0.47491564],4,8,"[0.27392971195344684, 0.45973140540928376]",1757,-1
22759,[0.33010907 0.27219819],6,9,"[0.3110394802231661, 0.23517199738277297]",-1,-1
22760,[0.43969626 0.29148604],6,-1,-1,719,-1
22761,[0.65541659 0.70432863],9,-1,-1,489,-1
22762,[0.24413209 0.26059999],0,5,"[0.23231087327800656, 0.30304944505444303]",-1,-1
22763,[0.47171805 0.43887056],6,-1,-1,-1,-1
22764,[0.43886641 0.56305011],3,0,"[0.383291892093257, 0.5586820702346661]",1283,-1
22765,[0.36523297 0.2250676 ],0,9,"[0.3110394802231661, 0.23517199738277297]",484,-1
22766,[0.61276748 0.47819772],9,3,"[0.6815204869410737, 0.47689852788858716]",-1,-1
22767,[0.25860168 0.36786025],7,5,"[0.23231087327800656, 0.30304944505444303]",1331,-1
22768,[0.59497424 0.47804606],5,-1,-1,561,-1
22769,[0.39033677 0.58029029],3,0,"[0.383291892093257, 0.5586820702346661]",1701,-1
22770,[0.39345859 0.65956099],4,-1,-1,-1,-1
22771,[0.31489502 0.30603251],2,-1,-1,-1,-1
22772,[0.51420996 0.58491318],9,6,"[0.5164739970238864, 0.5319253761973344]",-1,6
22773,[0.66424204 0.55463492],8,-1,-1,-1,-1
22774,[0.47028768 0.69549709],9,-1,-1,-1,-1
22775,[0.52548761 0.54347016],5,6,"[0.5164739970238864, 0.5319253761973344]",-1,-1
22776,[0.30248431 0.49194535],7,8,"[0.27392971195344684, 0.45973140540928376]",-1,-1
22777,[0.37962324 0.36669984],6,1,"[0.3897435781344088, 0.3417040596068965]",1062,-1
22778,[0.69693256 0.44070645],8,3,"[0.6815204869410737, 0.47689852788858716]",-1,-1
22779,[0.24188783 0.3192787 ],2,5,"[0.23231087327800656, 0.30304944505444303]",1494,7
22780,[0.65120684 0.59467733],9,-1,-1,-1,-1
22781,[0.42057074 0.24522267],6,-1,-1,-1,-1
22782,[0.27935895 0.43319591],7,8,"[0.27392971195344684, 0.45973140540928376]",1236,-1
22783,[0.29233626 0.59108853],4,7,"[0.2817018170798153, 0.5849768676672948]",-1,-1
22784,[0.32375948 0.51191979],3,-1,-1,1920,-1
22785,[0.32676237 0.52479233],4,0,"[0.383291892093257, 0.5586820702346661]",-1,-1
22786,[0.34504151 0.20058224],0,9,"[0.3110394802231661, 0.23517199738277297]",-1,-1
22787,[0.34242996 0.38071989],6,1,"[0.3897435781344088, 0.3417040596068965]",995,-1
22788,[0.22728709 0.63354357],7,-1,-1,-1,-1
22789,[0.74809709 0.68169136],1,4,"[0.7726811996944247, 0.7249303226766757]",439,0
22790,[0.47211444 0.30493801],6,-1,-1,-1,-1
22791,[0.53158597 0.67687066],9,-1,-1,642,-1
22792,[0.28031461 0.35932496],0,-1,-1,1260,-1
22793,[0.4993186 0.4063981],8,-1,-1,52,-1
22794,[0.55043702 0.5582116 ],9,6,"[0.5164739970238864, 0.5319253761973344]",-1,6
22795,[0.25307172 0.37192067],7,-1,-1,-1,-1
22796,[0.73069606 0.74862345],1,4,"[0.7726811996944247, 0.7249303226766757]",420,0
22797,[0.55359423 0.571089  ],5,6,"[0.5164739970238864, 0.5319253761973344]",-1,6
22798,[0.31930278 0.61283769],4,7,"[0.2817018170798153, 0.5849768676672948]",1763,-1
22799,[0.43927754 0.52037952],3,0,"[0.383291892093257, 0.5586820702346661]",1435,-1
22800,[0.57471103 0.47852895],5,-1,-1,772,-1
22801,[0.34162103 0.40219034],6,-1,-1,881,-1
22802,[0.31163882 0.66737563],4,-1,-1,-1,-1
22803,[0.14766971 0.40225123],0,-1,-1,-1,-1
22804,[0.56140769 0.59811466],9,2,"[0.5921204552873188, 0.6383928111301557]",1342,-1
22805,[0.39532222 0.5642951 ],4,0,"[0.383291892093257, 0.5586820702346661]",-1,-1
22806,[0.20189785 0.47658639],7,-1,-1,185,-1
22807,[0.70988607 0.45506596],8,3,"[0.6815204869410737, 0.47689852788858716]",594,-1
22808,[0.44946627 0.66775416],3,-1,-1,-1,-1
22809,[0.31822454 0.34059046],2,-1,-1,1615,8
22810,[0.64698936 0.5168442 ],8,3,"[0.6815204869410737, 0.47689852788858716]",-1,-1
22811,[0.35617129 0.67320376],4,-1,-1,-1,-1
22812,[0.66999728 0.50626756],8,3,"[0.6815204869410737, 0.47689852788858716]",827,-1
22813,[0.37047672 0.3902111 ],6,1,"[0.3897435781344088, 0.3417040596068965]",1005,-1
22814,[0.40096539 0.5266196 ],3,0,"[0.383291892093257, 0.5586820702346661]",1641,-1
22815,[0.60870995 0.63590923],9,2,"[0.5921204552873188, 0.6383928111301557]",-1,-1
22816,[0.4795507  0.67969807],3,-1,-1,143,-1
22817,[0.69923933 0.80324745],1,-1,-1,106,-1
22818,[0.21616963 0.11669902],0,-1,-1,-1,-1
22819,[0.60277647 0.58283374],9,2,"[0.5921204552873188, 0.6383928111301557]",1326,5
22820,[0.5849803  0.49983034],5,-1,-1,841,-1
22821,[0.77788142 0.70261293],1,4,"[0.7726811996944247, 0.7249303226766757]",438,0
22822,[0.2230458  0.18787347],0,-1,-1,375,-1
22823,[0.60527552 0.57971808],9,2,"[0.5921204552873188, 0.6383928111301557]",-1,-1
22824,[0.47454023 0.52239048],5,6,"[0.5164739970238864, 0.5319253761973344]",1002,-1
22825,[0.21274424 0.33646364],0,5,"[0.23231087327800656, 0.30304944505444303]",-1,-1
22826,[0.85680135 0.73373987],1,-1,-1,-1,0
22827,[0.53787061 0.59353742],8,6,"[0.5164739970238864, 0.5319253761973344]",1429,-1
22828,[0.44159284 0.62113344],5,-1,-1,-1,-1
22829,[0.50332877 0.53484357],5,6,"[0.5164739970238864, 0.5319253761973344]",1186,-1
22830,[0.37623433 0.52549096],7,0,"[0.383291892093257, 0.5586820702346661]",-1,-1
22831,[0.36811708 0.37880814],6,1,"[0.3897435781344088, 0.3417040596068965]",1009,-1
22832,[0.37851724 0.67661391],4,-1,-1,-1,-1
22833,[0.2192379  0.28240204],0,5,"[0.23231087327800656, 0.30304944505444303]",1114,-1
22834,[0.51676432 0.55406084],5,6,"[0.5164739970238864, 0.5319253761973344]",-1,-1
22835,[0.83702761 0.76225017],1,-1,-1,297,0
22836,[0.4054749  0.55194512],5,0,"[0.383291892093257, 0.5586820702346661]",1745,-1
22837,[0.53751238 0.4971313 ],5,6,"[0.5164739970238864, 0.5319253761973344]",1096,-1
22838,[0.25589108 0.27160399],0,5,"[0.23231087327800656, 0.30304944505444303]",1548,-1
22839,[0.78906961 0.77951891],1,4,"[0.7726811996944247, 0.7249303226766757]",-1,0
22840,[0.23321207 0.29798373],2,5,"[0.23231087327800656, 0.30304944505444303]",-1,-1
22841,[0.27108586 0.50525497],7,8,"[0.27392971195344684, 0.45973140540928376]",-1,-1
22842,[0.35752118 0.33912474],6,1,"[0.3897435781344088, 0.3417040596068965]",1500,-1
22843,[0.68755069 0.77141885],1,-1,-1,-1,0
22844,[0.30664897 0.30312552],6,9,"[0.3110394802231661, 0.23517199738277297]",-1,-1
22845,[0.32297334 0.46617993],3,8,"[0.27392971195344684, 0.45973140540928376]",1523,-1
22846,[0.47145816 0.54023071],5,6,"[0.5164739970238864, 0.5319253761973344]",-1,-1
22847,[0.27105939 0.57485438],4,7,"[0.2817018170798153, 0.5849768676672948]",-1,-1
22848,[0.2394533  0.46563115],7,8,"[0.27392971195344684, 0.45973140540928376]",-1,-1
22849,[0.41385355 0.53176769],3,0,"[0.383291892093257, 0.5586820702346661]",1244,-1
22850,[0.24674043 0.31573037],0,5,"[0.23231087327800656, 0.30304944505444303]",-1,7
22851,[0.25944233 0.27843346],2,5,"[0.23231087327800656, 0.30304944505444303]",1547,-1
22852,[0.66198965 0.39625159],8,-1,-1,-1,-1
22853,[0.26135798 0.36639867],2,5,"[0.23231087327800656, 0.30304944505444303]",1331,-1
22854,[0.71552225 0.64363921],1,-1,-1,237,0
22855,[0.30904195 0.50040051],4,8,"[0.27392971195344684, 0.45973140540928376]",-1,-1
22856,[0.43592544 0.74112112],9,-1,-1,-1,-1
22857,[0.63549186 0.64568433],9,2,"[0.5921204552873188, 0.6383928111301557]",-1,-1
22858,[0.71829687 0.50995178],8,3,"[0.6815204869410737, 0.47689852788858716]",-1,-1
22859,[0.57031618 0.55359831],8,6,"[0.5164739970238864, 0.5319253761973344]",1362,-1
22860,[0.53752159 0.72107926],9,-1,-1,261,-1
22861,[0.28451175 0.52819513],7,7,"[0.2817018170798153, 0.5849768676672948]",-1,14
22862,[0.30881548 0.61100813],7,7,"[0.2817018170798153, 0.5849768676672948]",1762,-1
22863,[0.24574471 0.45267524],7,8,"[0.27392971195344684, 0.45973140540928376]",931,-1
22864,[0.29384401 0.28057309],0,9,"[0.3110394802231661, 0.23517199738277297]",-1,-1
22865,[0.27640012 0.30334085],0,5,"[0.23231087327800656, 0.30304944505444303]",1581,-1
22866,[0.64176644 0.66518678],9,2,"[0.5921204552873188, 0.6383928111301557]",646,-1
22867,[0.7105322  0.58012789],1,-1,-1,229,-1
22868,[0.40523243 0.2719292 ],6,-1,-1,-1,-1
22869,[0.35693504 0.42305938],2,-1,-1,883,-1
22870,[0.64057502 0.70843333],1,-1,-1,283,-1
22871,[0.32545326 0.14026983],0,-1,-1,-1,-1
22872,[0.7418576 0.734175 ],1,4,"[0.7726811996944247, 0.7249303226766757]",452,0
22873,[0.26653234 0.57427041],4,7,"[0.2817018170798153, 0.5849768676672948]",-1,-1
22874,[0.31592381 0.54325805],4,7,"[0.2817018170798153, 0.5849768676672948]",1986,17
22875,[0.33208513 0.31002629],6,1,"[0.3897435781344088, 0.3417040596068965]",1679,-1
22876,[0.43660588 0.54426063],5,0,"[0.383291892093257, 0.5586820702346661]",1296,-1
22877,[0.67357366 0.46904896],8,3,"[0.6815204869410737, 0.47689852788858716]",804,-1
22878,[0.514596   0.57956012],9,6,"[0.5164739970238864, 0.5319253761973344]",-1,6
22879,[0.82708915 0.78171934],1,-1,-1,-1,0
22880,[0.18655802 0.35623072],2,-1,-1,504,-1
22881,[0.26763568 0.58590481],4,7,"[0.2817018170798153, 0.5849768676672948]",1655,-1
22882,[0.36975303 0.65088423],4,-1,-1,-1,-1
22883,[0.35340264 0.56710754],3,0,"[0.383291892093257, 0.5586820702346661]",-1,-1
22884,[0.32281569 0.29133065],2,9,"[0.3110394802231661, 0.23517199738277297]",1579,-1
22885,[0.2544064  0.30742486],2,5,"[0.23231087327800656, 0.30304944505444303]",1639,-1
22886,[0.79041298 0.78552137],1,4,"[0.7726811996944247, 0.7249303226766757]",-1,0
22887,[0.27656784 0.61024439],4,7,"[0.2817018170798153, 0.5849768676672948]",-1,-1
22888,[0.30234028 0.59455334],4,7,"[0.2817018170798153, 0.5849768676672948]",1820,-1
22889,[0.32164326 0.64474276],4,-1,-1,887,-1
22890,[0.71699733 0.44960413],8,3,"[0.6815204869410737, 0.47689852788858716]",693,-1
22891,[0.60282142 0.68607479],9,2,"[0.5921204552873188, 0.6383928111301557]",658,-1
22892,[0.41674239 0.58543963],5,0,"[0.383291892093257, 0.5586820702346661]",-1,-1
22893,[0.61834369 0.621421  ],8,2,"[0.5921204552873188, 0.6383928111301557]",-1,-1
22894,[0.31460727 0.26426227],0,9,"[0.3110394802231661, 0.23517199738277297]",1508,-1
22895,[0.51505245 0.5292406 ],5,6,"[0.5164739970238864, 0.5319253761973344]",1191,3
22896,[0.37415612 0.60121937],3,0,"[0.383291892093257, 0.5586820702346661]",-1,-1
22897,[0.55055239 0.58921913],9,2,"[0.5921204552873188, 0.6383928111301557]",1433,-1
22898,[0.59537749 0.55605401],5,-1,-1,-1,-1
22899,[0.81323366 0.76081923],1,4,"[0.7726811996944247, 0.7249303226766757]",405,0
22900,[0.59708306 0.50833223],8,-1,-1,844,-1
22901,[0.33532569 0.35098904],6,1,"[0.3897435781344088, 0.3417040596068965]",-1,-1
22902,[0.5313177 0.5746814],3,6,"[0.5164739970238864, 0.5319253761973344]",-1,-1
22903,[0.66482052 0.63291954],5,-1,-1,580,-1
22904,[0.25830867 0.27100221],0,5,"[0.23231087327800656, 0.30304944505444303]",1548,-1
22905,[0.37712164 0.48332633],3,-1,-1,-1,-1
22906,[0.62090849 0.76682179],9,-1,-1,-1,-1
22907,[0.68122869 0.5028979 ],8,3,"[0.6815204869410737, 0.47689852788858716]",-1,-1
22908,[0.29843772 0.2962122 ],6,9,"[0.3110394802231661, 0.23517199738277297]",1690,11
22909,[0.20645032 0.26470364],0,5,"[0.23231087327800656, 0.30304944505444303]",-1,-1
22910,[0.51855259 0.45756331],5,-1,-1,-1,-1
22911,[0.38620065 0.58642928],4,0,"[0.383291892093257, 0.5586820702346661]",-1,-1
22912,[0.85331827 0.75537205],1,-1,-1,130,0
22913,[0.30602234 0.46018221],7,8,"[0.27392971195344684, 0.45973140540928376]",1732,-1
22914,[0.39260562 0.45286488],7,-1,-1,-1,-1
22915,[0.29109639 0.3207629 ],6,5,"[0.23231087327800656, 0.30304944505444303]",1621,-1
22916,[0.44293611 0.58947923],9,0,"[0.383291892093257, 0.5586820702346661]",1228,-1
22917,[0.35659813 0.22803601],2,9,"[0.3110394802231661, 0.23517199738277297]",-1,-1
22918,[0.73849964 0.39682469],8,-1,-1,269,-1
22919,[0.41054482 0.57209663],3,0,"[0.383291892093257, 0.5586820702346661]",1738,-1
22920,[0.32135873 0.29398568],0,9,"[0.3110394802231661, 0.23517199738277297]",-1,-1
22921,[0.77703557 0.77139543],1,4,"[0.7726811996944247, 0.7249303226766757]",-1,0
22922,[0.35690518 0.29024775],0,1,"[0.3897435781344088, 0.3417040596068965]",-1,-1
22923,[0.72327288 0.46826838],8,3,"[0.6815204869410737, 0.47689852788858716]",-1,-1
22924,[0.29188724 0.25629335],6,9,"[0.3110394802231661, 0.23517199738277297]",1611,-1
22925,[0.64408419 0.65760441],9,2,"[0.5921204552873188, 0.6383928111301557]",-1,-1
22926,[0.34448742 0.59777488],4,0,"[0.383291892093257, 0.5586820702346661]",-1,-1
22927,[0.2465075 0.5776284],4,7,"[0.2817018170798153, 0.5849768676672948]",1563,-1
22928,[0.25603267 0.49905736],7,8,"[0.27392971195344684, 0.45973140540928376]",1775,-1
22929,[0.18817763 0.33906984],0,5,"[0.23231087327800656, 0.30304944505444303]",764,-1
22930,[0.75507903 0.75581755],1,4,"[0.7726811996944247, 0.7249303226766757]",-1,0
22931,[0.2731325  0.58243545],3,7,"[0.2817018170798153, 0.5849768676672948]",1670,-1
22932,[0.32237597 0.56962291],7,7,"[0.2817018170798153, 0.5849768676672948]",1976,17
22933,[0.39005461 0.24573585],6,-1,-1,-1,-1
22934,[0.23519962 0.53205932],3,-1,-1,1477,-1
22935,[0.84770024 0.7379678 ],1,-1,-1,-1,0
22936,[0.37503721 0.35880136],2,1,"[0.3897435781344088, 0.3417040596068965]",1060,-1
22937,[0.56547934 0.48065584],5,-1,-1,684,-1
22938,[0.4212124  0.26372982],6,-1,-1,-1,-1
22939,[0.3403808  0.72819436],4,-1,-1,-1,-1
22940,[0.58717549 0.55766974],9,-1,-1,1254,-1
22941,[0.34754442 0.61891845],3,-1,-1,1830,-1
22942,[0.60352982 0.61877859],5,2,"[0.5921204552873188, 0.6383928111301557]",-1,-1
22943,[0.61380611 0.51304846],5,-1,-1,-1,-1
22944,[0.47408331 0.30442199],6,-1,-1,-1,-1
22945,[0.25768011 0.54244124],4,7,"[0.2817018170798153, 0.5849768676672948]",1559,-1
22946,[0.31561794 0.30182765],2,9,"[0.3110394802231661, 0.23517199738277297]",1647,-1
22947,[0.39249862 0.44264399],3,-1,-1,567,-1
22948,[0.31344126 0.5099063 ],7,8,"[0.27392971195344684, 0.45973140540928376]",1922,15
22949,[0.37284322 0.55019733],3,0,"[0.383291892093257, 0.5586820702346661]",1804,-1
22950,[0.37398918 0.51181209],3,0,"[0.383291892093257, 0.5586820702346661]",-1,-1
22951,[0.34983066 0.35898092],0,1,"[0.3897435781344088, 0.3417040596068965]",-1,-1
22952,[0.31538903 0.62831095],7,7,"[0.2817018170798153, 0.5849768676672948]",1297,-1
22953,[0.71001507 0.55328978],8,-1,-1,563,-1
22954,[0.58375693 0.72384683],9,-1,-1,510,-1
22955,[0.37864604 0.36687591],6,1,"[0.3897435781344088, 0.3417040596068965]",1062,-1
22956,[0.56362611 0.53099763],9,6,"[0.5164739970238864, 0.5319253761973344]",1389,-1
22957,[0.3933023  0.41544395],6,-1,-1,501,-1
22958,[0.2194836  0.35097869],0,5,"[0.23231087327800656, 0.30304944505444303]",-1,-1
22959,[0.90888467 0.75662441],1,-1,-1,-1,-1
22960,[0.81966088 0.72927599],1,4,"[0.7726811996944247, 0.7249303226766757]",456,0
22961,[0.36646625 0.35320864],6,1,"[0.3897435781344088, 0.3417040596068965]",1245,-1
22962,[0.2972637  0.59371758],4,7,"[0.2817018170798153, 0.5849768676672948]",1820,-1
22963,[0.21883794 0.2985372 ],0,5,"[0.23231087327800656, 0.30304944505444303]",-1,-1
22964,[0.63774374 0.56109585],8,-1,-1,1104,-1
22965,[0.41030152 0.47527078],4,-1,-1,-1,-1
22966,[0.61318885 0.49454662],8,-1,-1,843,-1
22967,[0.62616893 0.50778147],9,3,"[0.6815204869410737, 0.47689852788858716]",868,-1
22968,[0.33087967 0.17635592],0,9,"[0.3110394802231661, 0.23517199738277297]",-1,-1
22969,[0.48266449 0.60083972],3,-1,-1,1153,-1
22970,[0.38403806 0.49653233],4,0,"[0.383291892093257, 0.5586820702346661]",1448,-1
22971,[0.28488673 0.24905792],0,9,"[0.3110394802231661, 0.23517199738277297]",1603,-1
22972,[0.43365026 0.60264029],3,0,"[0.383291892093257, 0.5586820702346661]",1574,-1
22973,[0.67527397 0.68846598],1,-1,-1,387,-1
22974,[0.26511447 0.25227304],2,9,"[0.3110394802231661, 0.23517199738277297]",-1,-1
22975,[0.37171144 0.31612531],2,1,"[0.3897435781344088, 0.3417040596068965]",-1,-1
22976,[0.21998085 0.51837241],7,-1,-1,1090,-1
22977,[0.36320244 0.50882562],4,0,"[0.383291892093257, 0.5586820702346661]",1899,-1
22978,[0.25389086 0.27548242],2,5,"[0.23231087327800656, 0.30304944505444303]",1549,-1
22979,[0.41390604 0.5703032 ],3,0,"[0.383291892093257, 0.5586820702346661]",1738,-1
22980,[0.30967355 0.20216846],0,9,"[0.3110394802231661, 0.23517199738277297]",652,-1
22981,[0.28117219 0.52412065],4,7,"[0.2817018170798153, 0.5849768676672948]",-1,-1
22982,[0.41897636 0.64680604],3,-1,-1,541,-1
22983,[0.50653516 0.53643701],5,6,"[0.5164739970238864, 0.5319253761973344]",-1,-1
22984,[0.69490444 0.47159825],8,3,"[0.6815204869410737, 0.47689852788858716]",-1,-1
22985,[0.61438476 0.6037522 ],5,2,"[0.5921204552873188, 0.6383928111301557]",1200,-1
22986,[0.24006741 0.21038486],0,-1,-1,-1,-1
22987,[0.48465061 0.58813365],5,6,"[0.5164739970238864, 0.5319253761973344]",-1,-1
22988,[0.75674597 0.69289532],1,4,"[0.7726811996944247, 0.7249303226766757]",459,0
22989,[0.22963583 0.49455081],7,8,"[0.27392971195344684, 0.45973140540928376]",1091,-1
22990,[0.29737481 0.3710848 ],2,-1,-1,-1,-1
22991,[0.54278992 0.68922554],9,-1,-1,560,-1
22992,[0.41654543 0.37995712],6,1,"[0.3897435781344088, 0.3417040596068965]",-1,-1
22993,[0.22428645 0.23597846],2,5,"[0.23231087327800656, 0.30304944505444303]",-1,-1
22994,[0.36260295 0.40568268],2,1,"[0.3897435781344088, 0.3417040596068965]",-1,-1
22995,[0.44986017 0.53195683],3,6,"[0.5164739970238864, 0.5319253761973344]",1306,-1
22996,[0.35281829 0.4180252 ],2,-1,-1,-1,-1
22997,[0.50373667 0.56965684],5,6,"[0.5164739970238864, 0.5319253761973344]",1380,-1
22998,[0.50121737 0.62049291],3,-1,-1,-1,-1
22999,[0.39943744 0.30621053],6,1,"[0.3897435781344088, 0.3417040596068965]",-1,-1
23000,[0.34737969 0.49033214],3,-1,-1,-1,-1
23001,[0.31986966 0.37951426],6,-1,-1,1015,-1
23002,[0.23160345 0.56419904],7,7,"[0.2817018170798153, 0.5849768676672948]",-1,-1
23003,[0.34709957 0.45045577],7,-1,-1,-1,-1
23004,[0.14943942 0.23929004],0,-1,-1,-1,-1
23005,[0.77431818 0.82199338],1,-1,-1,163,0
23006,[0.23645938 0.45321276],4,8,"[0.27392971195344684, 0.45973140540928376]",-1,-1
23007,[0.33667068 0.57552913],7,0,"[0.383291892093257, 0.5586820702346661]",1979,-1
23008,[0.32490743 0.57215857],3,7,"[0.2817018170798153, 0.5849768676672948]",1976,-1
23009,[0.61832478 0.563346  ],8,-1,-1,910,-1
23010,[0.40621148 0.53218681],3,0,"[0.383291892093257, 0.5586820702346661]",-1,-1
23011,[0.3832074  0.55545478],7,0,"[0.383291892093257, 0.5586820702346661]",-1,-1
23012,[0.63188412 0.39796594],8,-1,-1,-1,-1
23013,[0.41105498 0.54835429],3,0,"[0.383291892093257, 0.5586820702346661]",-1,-1
23014,[0.5135578  0.65817685],9,-1,-1,728,-1
23015,[0.32919922 0.48788472],7,8,"[0.27392971195344684, 0.45973140540928376]",1827,-1
23016,[0.37527802 0.46120547],7,-1,-1,1054,-1
23017,[0.57277406 0.72046717],9,-1,-1,-1,-1
23018,[0.7500278  0.50642779],8,-1,-1,480,-1
23019,[0.22820193 0.53634105],4,-1,-1,-1,-1
23020,[0.32192855 0.4435649 ],7,8,"[0.27392971195344684, 0.45973140540928376]",941,-1
23021,[0.44937985 0.52205681],5,6,"[0.5164739970238864, 0.5319253761973344]",-1,-1
23022,[0.63693883 0.48839134],8,3,"[0.6815204869410737, 0.47689852788858716]",-1,-1
23023,[0.37119674 0.48789031],4,-1,-1,-1,-1
23024,[0.2864421 0.5590757],4,7,"[0.2817018170798153, 0.5849768676672948]",-1,13
23025,[0.7581076  0.46822917],8,-1,-1,186,-1
23026,[0.46186082 0.55137205],5,6,"[0.5164739970238864, 0.5319253761973344]",-1,-1
23027,[0.55140823 0.66435754],9,2,"[0.5921204552873188, 0.6383928111301557]",-1,-1
23028,[0.30247292 0.28520801],2,9,"[0.3110394802231661, 0.23517199738277297]",-1,-1
23029,[0.37395037 0.59525203],3,0,"[0.383291892093257, 0.5586820702346661]",-1,-1
23030,[0.32527625 0.54408865],3,7,"[0.2817018170798153, 0.5849768676672948]",-1,-1
23031,[0.7848588  0.41344309],8,-1,-1,-1,-1
23032,[0.31435377 0.51736776],7,-1,-1,1922,-1
23033,[0.29244722 0.12509224],0,-1,-1,-1,-1
23034,[0.30949966 0.47602769],7,8,"[0.27392971195344684, 0.45973140540928376]",-1,-1
23035,[0.38514066 0.53482189],4,0,"[0.383291892093257, 0.5586820702346661]",-1,-1
23036,[0.25822489 0.37559632],2,-1,-1,-1,-1
23037,[0.28266696 0.53509442],7,7,"[0.2817018170798153, 0.5849768676672948]",1893,-1
23038,[0.6751994 0.5287728],8,3,"[0.6815204869410737, 0.47689852788858716]",673,-1
23039,[0.41407731 0.34928952],6,1,"[0.3897435781344088, 0.3417040596068965]",-1,-1
23040,[0.33615026 0.24214837],6,9,"[0.3110394802231661, 0.23517199738277297]",-1,-1
23041,[0.63937452 0.43216101],8,3,"[0.6815204869410737, 0.47689852788858716]",731,-1
23042,[0.52327156 0.72396732],9,-1,-1,-1,-1
23043,[0.31131246 0.64300787],3,7,"[0.2817018170798153, 0.5849768676672948]",-1,-1
23044,[0.64769683 0.46822393],8,3,"[0.6815204869410737, 0.47689852788858716]",824,1
23045,[0.19615064 0.5715434 ],4,-1,-1,262,-1
23046,[0.2230948  0.32950655],2,5,"[0.23231087327800656, 0.30304944505444303]",1338,-1
23047,[0.23823069 0.57364547],7,7,"[0.2817018170798153, 0.5849768676672948]",-1,-1
23048,[0.35412921 0.35105902],6,1,"[0.3897435781344088, 0.3417040596068965]",1350,-1
23049,[0.2643225  0.24604719],0,9,"[0.3110394802231661, 0.23517199738277297]",1345,-1
23050,[0.24640749 0.28834677],0,5,"[0.23231087327800656, 0.30304944505444303]",1640,-1
23051,[0.13449195 0.2824681 ],0,-1,-1,-1,-1
23052,[0.61412311 0.62824872],9,2,"[0.5921204552873188, 0.6383928111301557]",-1,-1
23053,[0.36948453 0.5326661 ],4,0,"[0.383291892093257, 0.5586820702346661]",1934,-1
23054,[0.29829535 0.48304464],7,8,"[0.27392971195344684, 0.45973140540928376]",-1,-1
23055,[0.82232358 0.67216658],1,-1,-1,334,0
23056,[0.48566474 0.57260391],5,6,"[0.5164739970238864, 0.5319253761973344]",1225,-1
23057,[0.75405015 0.68634542],1,4,"[0.7726811996944247, 0.7249303226766757]",-1,0
23058,[0.57787782 0.57522536],5,2,"[0.5921204552873188, 0.6383928111301557]",1452,-1
23059,[0.22584006 0.34275577],0,5,"[0.23231087327800656, 0.30304944505444303]",-1,-1
23060,[0.40307498 0.54035858],3,0,"[0.383291892093257, 0.5586820702346661]",-1,-1
23061,[0.6303773 0.7694434],1,-1,-1,-1,-1
23062,[0.80351575 0.6743747 ],1,4,"[0.7726811996944247, 0.7249303226766757]",359,0
23063,[0.28508079 0.34032633],2,5,"[0.23231087327800656, 0.30304944505444303]",-1,-1
23064,[0.72671151 0.73094708],1,4,"[0.7726811996944247, 0.7249303226766757]",381,0
23065,[0.40821692 0.49259794],4,-1,-1,1456,-1
23066,[0.31443948 0.23562974],0,9,"[0.3110394802231661, 0.23517199738277297]",1492,-1
23067,[0.36772011 0.41697883],6,-1,-1,721,-1
23068,[0.21752459 0.46830879],7,8,"[0.27392971195344684, 0.45973140540928376]",-1,-1
23069,[0.36663761 0.36400714],6,1,"[0.3897435781344088, 0.3417040596068965]",-1,-1
23070,[0.41899407 0.32535047],6,1,"[0.3897435781344088, 0.3417040596068965]",-1,-1
23071,[0.83931604 0.81488396],1,-1,-1,-1,-1
23072,[0.30867936 0.57362392],3,7,"[0.2817018170798153, 0.5849768676672948]",-1,-1
23073,[0.26235941 0.33415363],2,5,"[0.23231087327800656, 0.30304944505444303]",1601,-1
23074,[0.28556122 0.29666272],2,5,"[0.23231087327800656, 0.30304944505444303]",1578,11
23075,[0.67282917 0.61774407],1,-1,-1,299,-1
23076,[0.16318334 0.2392029 ],0,-1,-1,-1,-1
23077,[0.59567844 0.68541681],9,2,"[0.5921204552873188, 0.6383928111301557]",654,-1
23078,[0.42759135 0.45105679],6,-1,-1,-1,-1
23079,[0.25165997 0.15646449],0,-1,-1,-1,-1
23080,[0.54400667 0.65731654],9,2,"[0.5921204552873188, 0.6383928111301557]",-1,-1
23081,[0.37743933 0.53386054],3,0,"[0.383291892093257, 0.5586820702346661]",-1,-1
23082,[0.69180598 0.48961639],8,3,"[0.6815204869410737, 0.47689852788858716]",-1,2
23083,[0.57670626 0.6190388 ],5,2,"[0.5921204552873188, 0.6383928111301557]",1419,-1
23084,[0.36885097 0.27056788],0,9,"[0.3110394802231661, 0.23517199738277297]",-1,-1
23085,[0.55866994 0.61427193],9,2,"[0.5921204552873188, 0.6383928111301557]",-1,-1
23086,[0.54039458 0.81548912],9,-1,-1,-1,-1
23087,[0.34364426 0.28485172],0,9,"[0.3110394802231661, 0.23517199738277297]",1252,-1
23088,[0.28026121 0.44706475],7,8,"[0.27392971195344684, 0.45973140540928376]",-1,-1
23089,[0.32042862 0.19534964],0,9,"[0.3110394802231661, 0.23517199738277297]",292,-1
23090,[0.63167628 0.58334584],9,2,"[0.5921204552873188, 0.6383928111301557]",-1,-1
23091,[0.29926123 0.42701861],2,8,"[0.27392971195344684, 0.45973140540928376]",-1,-1
23092,[0.33747914 0.58664078],4,0,"[0.383291892093257, 0.5586820702346661]",1834,-1
23093,[0.30701675 0.48757075],3,8,"[0.27392971195344684, 0.45973140540928376]",1873,-1
23094,[0.75025903 0.46926342],8,3,"[0.6815204869410737, 0.47689852788858716]",-1,-1
23095,[0.47579024 0.55604855],5,6,"[0.5164739970238864, 0.5319253761973344]",1084,-1
23096,[0.76559404 0.4284069 ],8,-1,-1,75,-1
23097,[0.51913546 0.60016689],5,6,"[0.5164739970238864, 0.5319253761973344]",-1,-1
23098,[0.19455101 0.37308733],2,-1,-1,300,-1
23099,[0.69790922 0.46008409],8,3,"[0.6815204869410737, 0.47689852788858716]",-1,-1
23100,[0.31382573 0.32299115],6,-1,-1,-1,-1
23101,[0.2767731 0.5085536],3,8,"[0.27392971195344684, 0.45973140540928376]",1760,-1
23102,[0.33338812 0.35953538],2,1,"[0.3897435781344088, 0.3417040596068965]",-1,-1
23103,[0.57189147 0.54653178],5,6,"[0.5164739970238864, 0.5319253761973344]",-1,-1
23104,[0.23738818 0.28139231],0,5,"[0.23231087327800656, 0.30304944505444303]",1531,-1
23105,[0.25994707 0.57137535],7,7,"[0.2817018170798153, 0.5849768676672948]",-1,-1
23106,[0.59023273 0.59917431],9,2,"[0.5921204552873188, 0.6383928111301557]",-1,-1
23107,[0.82807296 0.71062853],1,4,"[0.7726811996944247, 0.7249303226766757]",360,0
23108,[0.18705002 0.20889809],2,-1,-1,147,-1
23109,[0.25776863 0.55585676],7,7,"[0.2817018170798153, 0.5849768676672948]",1705,-1
23110,[0.32918847 0.36136603],0,1,"[0.3897435781344088, 0.3417040596068965]",-1,-1
23111,[0.71500194 0.46863882],8,3,"[0.6815204869410737, 0.47689852788858716]",780,-1
23112,[0.5778759  0.34955859],6,-1,-1,-1,-1
23113,[0.43258952 0.64959474],3,-1,-1,481,-1
23114,[0.21999454 0.60367825],7,7,"[0.2817018170798153, 0.5849768676672948]",246,-1
23115,[0.32257577 0.39211222],2,-1,-1,-1,-1
23116,[0.79515792 0.64861128],1,-1,-1,231,0
23117,[0.68127766 0.65460398],9,-1,-1,-1,-1
23118,[0.24344559 0.3256237 ],2,5,"[0.23231087327800656, 0.30304944505444303]",1503,7
23119,[0.43273971 0.59168741],5,0,"[0.383291892093257, 0.5586820702346661]",-1,-1
23120,[0.33221784 0.47642065],7,8,"[0.27392971195344684, 0.45973140540928376]",1475,-1
23121,[0.63902736 0.62176724],9,2,"[0.5921204552873188, 0.6383928111301557]",1154,-1
23122,[0.19859863 0.38755358],2,-1,-1,193,-1
23123,[0.27784336 0.19428479],0,9,"[0.3110394802231661, 0.23517199738277297]",648,-1
23124,[0.51497481 0.28267595],6,-1,-1,-1,-1
23125,[0.29267558 0.68614125],4,-1,-1,85,-1
23126,[0.80369224 0.84928124],1,-1,-1,38,-1
23127,[0.38732538 0.53644884],3,0,"[0.383291892093257, 0.5586820702346661]",1777,-1
23128,[0.73824225 0.44680627],8,3,"[0.6815204869410737, 0.47689852788858716]",-1,-1
23129,[0.22994795 0.2838924 ],0,5,"[0.23231087327800656, 0.30304944505444303]",1531,-1
23130,[0.21971892 0.32749284],0,5,"[0.23231087327800656, 0.30304944505444303]",1338,-1
23131,[0.6432969  0.58425907],9,-1,-1,1178,-1
23132,[0.4752761  0.48824888],5,6,"[0.5164739970238864, 0.5319253761973344]",-1,-1
23133,[0.58021341 0.68967518],9,2,"[0.5921204552873188, 0.6383928111301557]",915,-1
23134,[0.38739596 0.36790343],6,1,"[0.3897435781344088, 0.3417040596068965]",1064,-1
23135,[0.49364217 0.65351231],9,-1,-1,-1,-1
23136,[0.63110685 0.52552566],9,-1,-1,864,-1
23137,[0.48085886 0.31729596],6,-1,-1,-1,-1
23138,[0.3145054 0.3793445],2,-1,-1,-1,-1
23139,[0.62979579 0.57517554],5,-1,-1,1195,-1
23140,[0.36204076 0.5859896 ],3,0,"[0.383291892093257, 0.5586820702346661]",1847,12
23141,[0.80698092 0.71210245],1,4,"[0.7726811996944247, 0.7249303226766757]",-1,0
23142,[0.73129211 0.71023897],1,4,"[0.7726811996944247, 0.7249303226766757]",434,0
23143,[0.71136515 0.48377335],8,3,"[0.6815204869410737, 0.47689852788858716]",-1,-1
23144,[0.26400594 0.38105146],2,-1,-1,1221,-1
23145,[0.63990376 0.57065882],9,-1,-1,811,-1
23146,[0.27458898 0.53323533],7,7,"[0.2817018170798153, 0.5849768676672948]",-1,-1
23147,[0.60111925 0.58187718],8,2,"[0.5921204552873188, 0.6383928111301557]",1326,5
23148,[0.5453154  0.59114128],5,6,"[0.5164739970238864, 0.5319253761973344]",-1,6
23149,[0.77513033 0.55765599],8,-1,-1,-1,-1
23150,[0.50956357 0.49232469],5,6,"[0.5164739970238864, 0.5319253761973344]",605,-1
23151,[0.29725327 0.33468419],2,-1,-1,-1,-1
23152,[0.76465264 0.66618148],1,4,"[0.7726811996944247, 0.7249303226766757]",-1,0
23153,[0.60778261 0.63046423],5,2,"[0.5921204552873188, 0.6383928111301557]",1336,6
23154,[0.42024428 0.37415117],6,1,"[0.3897435781344088, 0.3417040596068965]",681,-1
23155,[0.42665042 0.25340341],6,-1,-1,-1,-1
23156,[0.60418678 0.56055927],9,-1,-1,-1,-1
23157,[0.44485303 0.51457751],4,-1,-1,-1,-1
23158,[0.47650625 0.59428286],5,-1,-1,-1,-1
23159,[0.59673965 0.53521307],5,-1,-1,-1,-1
23160,[0.7809428  0.79137618],1,4,"[0.7726811996944247, 0.7249303226766757]",-1,0
23161,[0.91875014 0.73940951],1,-1,-1,5,-1
23162,[0.33203067 0.51882019],4,0,"[0.383291892093257, 0.5586820702346661]",1904,-1
23163,[0.46256576 0.37211562],6,-1,-1,-1,-1
23164,[0.39798674 0.33966387],6,1,"[0.3897435781344088, 0.3417040596068965]",1004,-1
23165,[0.57354926 0.66591973],9,2,"[0.5921204552873188, 0.6383928111301557]",1033,-1
23166,[0.22218769 0.25197148],0,5,"[0.23231087327800656, 0.30304944505444303]",1021,-1
23167,[0.451961   0.30121897],6,-1,-1,-1,-1
23168,[0.28173434 0.22140348],0,9,"[0.3110394802231661, 0.23517199738277297]",1356,-1
23169,[0.26547289 0.23474008],0,9,"[0.3110394802231661, 0.23517199738277297]",1137,-1
23170,[0.83445059 0.73658128],1,4,"[0.7726811996944247, 0.7249303226766757]",-1,0
23171,[0.33584333 0.62328283],7,7,"[0.2817018170798153, 0.5849768676672948]",-1,-1
23172,[0.24463331 0.48659014],7,8,"[0.27392971195344684, 0.45973140540928376]",1710,-1
23173,[0.31015174 0.6330419 ],4,7,"[0.2817018170798153, 0.5849768676672948]",-1,-1
23174,[0.29246342 0.44971878],2,8,"[0.27392971195344684, 0.45973140540928376]",1242,-1
23175,[0.31492751 0.61466029],7,7,"[0.2817018170798153, 0.5849768676672948]",-1,-1
23176,[0.56530668 0.5951668 ],5,2,"[0.5921204552873188, 0.6383928111301557]",-1,-1
23177,[0.3514924  0.42211651],2,-1,-1,-1,-1
23178,[0.42722533 0.27237515],6,-1,-1,-1,-1
23179,[0.4081116 0.3555632],6,1,"[0.3897435781344088, 0.3417040596068965]",-1,-1
23180,[0.6440448  0.45076317],8,3,"[0.6815204869410737, 0.47689852788858716]",-1,-1
23181,[0.26097288 0.62816768],3,7,"[0.2817018170798153, 0.5849768676672948]",-1,-1
23182,[0.32744297 0.57883915],3,7,"[0.2817018170798153, 0.5849768676672948]",1980,-1
23183,[0.61460882 0.45711243],8,3,"[0.6815204869410737, 0.47689852788858716]",-1,-1
23184,[0.42837465 0.37326097],6,1,"[0.3897435781344088, 0.3417040596068965]",681,-1
23185,[0.5271241  0.58970385],5,6,"[0.5164739970238864, 0.5319253761973344]",1372,-1
23186,[0.36860848 0.3161924 ],0,1,"[0.3897435781344088, 0.3417040596068965]",1546,-1
23187,[0.62706761 0.39702691],8,-1,-1,-1,-1
23188,[0.45178105 0.38076121],6,-1,-1,-1,-1
23189,[0.33218863 0.26781349],0,9,"[0.3110394802231661, 0.23517199738277297]",1030,-1
23190,[0.39315304 0.33878503],0,1,"[0.3897435781344088, 0.3417040596068965]",-1,-1
23191,[0.41525659 0.58799437],4,0,"[0.383291892093257, 0.5586820702346661]",-1,-1
23192,[0.88182963 0.75699853],1,-1,-1,-1,-1
23193,[0.44326926 0.33965516],2,1,"[0.3897435781344088, 0.3417040596068965]",788,-1
23194,[0.31660695 0.21241017],0,9,"[0.3110394802231661, 0.23517199738277297]",-1,-1
23195,[0.30935914 0.40514384],2,8,"[0.27392971195344684, 0.45973140540928376]",928,-1
23196,[0.30657991 0.53410645],2,7,"[0.2817018170798153, 0.5849768676672948]",-1,-1
23197,[0.33614602 0.32500684],2,1,"[0.3897435781344088, 0.3417040596068965]",-1,-1
23198,[0.527884   0.55822677],9,6,"[0.5164739970238864, 0.5319253761973344]",-1,-1
23199,[0.77053155 0.75643138],1,4,"[0.7726811996944247, 0.7249303226766757]",413,0
23200,[0.69565982 0.81655261],1,-1,-1,-1,-1
23201,[0.37637998 0.51895294],4,0,"[0.383291892093257, 0.5586820702346661]",-1,-1
23202,[0.34417718 0.38107904],6,1,"[0.3897435781344088, 0.3417040596068965]",995,-1
23203,[0.18377242 0.28341675],0,5,"[0.23231087327800656, 0.30304944505444303]",-1,-1
23204,[0.35143572 0.60762712],3,0,"[0.383291892093257, 0.5586820702346661]",-1,-1
23205,[0.42292818 0.42519739],6,-1,-1,403,-1
23206,[0.72556611 0.50652801],8,3,"[0.6815204869410737, 0.47689852788858716]",574,-1
23207,[0.30973175 0.29394647],2,9,"[0.3110394802231661, 0.23517199738277297]",1614,11
23208,[0.21389238 0.51316709],7,-1,-1,-1,-1
23209,[0.74773979 0.75224866],1,4,"[0.7726811996944247, 0.7249303226766757]",-1,0
23210,[0.5547638  0.60564965],9,2,"[0.5921204552873188, 0.6383928111301557]",1342,-1
23211,[0.32936486 0.45745059],2,8,"[0.27392971195344684, 0.45973140540928376]",1385,-1
23212,[0.62244461 0.68523439],9,2,"[0.5921204552873188, 0.6383928111301557]",660,-1
23213,[0.35720211 0.48443541],7,-1,-1,1746,-1
23214,[0.27805616 0.43409462],7,8,"[0.27392971195344684, 0.45973140540928376]",-1,-1
23215,[0.42401969 0.32664238],6,1,"[0.3897435781344088, 0.3417040596068965]",-1,-1
23216,[0.26326037 0.46239162],2,8,"[0.27392971195344684, 0.45973140540928376]",-1,-1
23217,[0.31272944 0.42040449],2,8,"[0.27392971195344684, 0.45973140540928376]",1017,-1
23218,[0.6696335  0.46782874],8,3,"[0.6815204869410737, 0.47689852788858716]",805,-1
23219,[0.22264028 0.35649184],2,5,"[0.23231087327800656, 0.30304944505444303]",-1,-1
23220,[0.71893853 0.45744327],8,3,"[0.6815204869410737, 0.47689852788858716]",693,-1
23221,[0.54573136 0.67458873],9,2,"[0.5921204552873188, 0.6383928111301557]",-1,-1
23222,[0.60342004 0.47850554],5,-1,-1,-1,-1
23223,[0.35373749 0.62055975],7,0,"[0.383291892093257, 0.5586820702346661]",-1,-1
23224,[0.36124811 0.51053518],3,0,"[0.383291892093257, 0.5586820702346661]",-1,-1
23225,[0.67425608 0.69112806],1,-1,-1,387,-1
23226,[0.75848695 0.72394608],1,4,"[0.7726811996944247, 0.7249303226766757]",466,0
23227,[0.67612303 0.53720338],8,3,"[0.6815204869410737, 0.47689852788858716]",673,-1
23228,[0.54813043 0.55430851],5,6,"[0.5164739970238864, 0.5319253761973344]",1406,6
23229,[0.36042165 0.48845805],4,-1,-1,-1,-1
23230,[0.35650738 0.5339756 ],3,0,"[0.383291892093257, 0.5586820702346661]",1951,-1
23231,[0.39031482 0.50959828],3,0,"[0.383291892093257, 0.5586820702346661]",-1,-1
23232,[0.65339669 0.69710928],9,-1,-1,489,-1
23233,[0.5055095  0.61371828],5,-1,-1,1133,-1
23234,[0.61265787 0.55083032],5,-1,-1,-1,-1
23235,[0.36359494 0.32449208],2,1,"[0.3897435781344088, 0.3417040596068965]",-1,-1
23236,[0.68397108 0.44221524],8,3,"[0.6815204869410737, 0.47689852788858716]",611,-1
23237,[0.36563688 0.24278974],6,9,"[0.3110394802231661, 0.23517199738277297]",675,-1
23238,[0.80886612 0.69155467],1,4,"[0.7726811996944247, 0.7249303226766757]",-1,0
23239,[0.2721836  0.41232254],7,8,"[0.27392971195344684, 0.45973140540928376]",747,-1
23240,[0.68181776 0.69386074],1,-1,-1,387,-1
23241,[0.35464721 0.62677011],3,-1,-1,1304,-1
23242,[0.28021526 0.46950764],7,8,"[0.27392971195344684, 0.45973140540928376]",1404,-1
23243,[0.29206151 0.497271  ],3,8,"[0.27392971195344684, 0.45973140540928376]",-1,-1
23244,[0.54292938 0.76756466],9,-1,-1,-1,-1
23245,[0.18297701 0.45713081],7,-1,-1,-1,-1
23246,[0.41769435 0.61001737],3,0,"[0.383291892093257, 0.5586820702346661]",1473,-1
23247,[0.28574854 0.63098163],4,7,"[0.2817018170798153, 0.5849768676672948]",588,-1
23248,[0.36028869 0.57042514],7,0,"[0.383291892093257, 0.5586820702346661]",-1,-1
23249,[0.70343707 0.67491542],1,-1,-1,303,0
23250,[0.79815958 0.6612708 ],1,4,"[0.7726811996944247, 0.7249303226766757]",-1,0
23251,[0.40425953 0.25916865],2,-1,-1,842,-1
23252,[0.55509016 0.52133031],8,6,"[0.5164739970238864, 0.5319253761973344]",-1,-1
23253,[0.77560782 0.62600251],1,-1,-1,-1,0
23254,[0.28539617 0.42003159],0,8,"[0.27392971195344684, 0.45973140540928376]",1075,-1
23255,[0.41102436 0.34334191],6,1,"[0.3897435781344088, 0.3417040596068965]",998,-1
23256,[0.26293787 0.35701413],6,5,"[0.23231087327800656, 0.30304944505444303]",-1,-1
23257,[0.3261618  0.24182463],0,9,"[0.3110394802231661, 0.23517199738277297]",-1,-1
23258,[0.69642425 0.48877026],8,3,"[0.6815204869410737, 0.47689852788858716]",834,2
23259,[0.39541444 0.56345076],7,0,"[0.383291892093257, 0.5586820702346661]",-1,-1
23260,[0.44062838 0.3932667 ],6,-1,-1,426,-1
23261,[0.82738518 0.71877564],1,4,"[0.7726811996944247, 0.7249303226766757]",-1,0
23262,[0.27132923 0.55104205],3,7,"[0.2817018170798153, 0.5849768676672948]",1698,-1
23263,[0.73780988 0.50101579],8,3,"[0.6815204869410737, 0.47689852788858716]",568,-1
23264,[0.46662798 0.53348107],3,6,"[0.5164739970238864, 0.5319253761973344]",-1,-1
23265,[0.41380656 0.35677478],6,1,"[0.3897435781344088, 0.3417040596068965]",-1,-1
23266,[0.30998299 0.63020494],4,7,"[0.2817018170798153, 0.5849768676672948]",-1,-1
23267,[0.7018052  0.42559418],8,3,"[0.6815204869410737, 0.47689852788858716]",-1,-1
23268,[0.29244707 0.74686316],3,-1,-1,-1,-1
23269,[0.20885778 0.51248937],7,-1,-1,-1,-1
23270,[0.29314594 0.48968285],7,8,"[0.27392971195344684, 0.45973140540928376]",1791,-1
23271,[0.33947056 0.52412371],4,0,"[0.383291892093257, 0.5586820702346661]",-1,-1
23272,[0.76540745 0.80996889],1,-1,-1,296,0
23273,[0.32789416 0.33676502],2,1,"[0.3897435781344088, 0.3417040596068965]",1616,-1
23274,[0.32425725 0.22617151],0,9,"[0.3110394802231661, 0.23517199738277297]",-1,-1
23275,[0.3816802  0.53630893],4,0,"[0.383291892093257, 0.5586820702346661]",-1,-1
23276,[0.32311041 0.20208323],6,9,"[0.3110394802231661, 0.23517199738277297]",293,-1
23277,[0.28805258 0.21389231],0,9,"[0.3110394802231661, 0.23517199738277297]",1028,-1
23278,[0.32210127 0.52187613],4,-1,-1,1824,-1
23279,[0.56831248 0.58867562],9,2,"[0.5921204552873188, 0.6383928111301557]",1437,6
23280,[0.33757296 0.29483048],2,9,"[0.3110394802231661, 0.23517199738277297]",-1,-1
23281,[0.53189319 0.52805731],5,6,"[0.5164739970238864, 0.5319253761973344]",1165,-1
23282,[0.65887576 0.66420043],9,-1,-1,639,-1
23283,[0.25261933 0.49432085],7,8,"[0.27392971195344684, 0.45973140540928376]",-1,-1
23284,[0.78580817 0.45225946],8,-1,-1,-1,-1
23285,[0.80332204 0.41257289],8,-1,-1,-1,-1
23286,[0.67262862 0.49312026],8,3,"[0.6815204869410737, 0.47689852788858716]",796,-1
23287,[0.39843885 0.3223054 ],2,1,"[0.3897435781344088, 0.3417040596068965]",966,-1
23288,[0.40054992 0.27170907],6,-1,-1,-1,-1
23289,[0.71992247 0.49410182],8,3,"[0.6815204869410737, 0.47689852788858716]",680,-1
23290,[0.71097897 0.73704524],1,4,"[0.7726811996944247, 0.7249303226766757]",416,0
23291,[0.37291013 0.57432562],3,0,"[0.383291892093257, 0.5586820702346661]",1860,12
23292,[0.37745896 0.58909385],3,0,"[0.383291892093257, 0.5586820702346661]",1846,-1
23293,[0.37233204 0.25707483],0,9,"[0.3110394802231661, 0.23517199738277297]",1101,-1
23294,[0.85099056 0.70069356],1,-1,-1,-1,0
23295,[0.29276429 0.56298162],7,7,"[0.2817018170798153, 0.5849768676672948]",-1,-1
23296,[0.21998604 0.24033683],0,5,"[0.23231087327800656, 0.30304944505444303]",-1,-1
23297,[0.32761491 0.46786445],4,8,"[0.27392971195344684, 0.45973140540928376]",1523,-1
23298,[0.51903365 0.57797394],5,6,"[0.5164739970238864, 0.5319253761973344]",1384,-1
23299,[0.43279492 0.38298936],6,1,"[0.3897435781344088, 0.3417040596068965]",742,-1
23300,[0.51613801 0.54669295],5,6,"[0.5164739970238864, 0.5319253761973344]",1186,-1
23301,[0.24598662 0.51835844],7,8,"[0.27392971195344684, 0.45973140540928376]",-1,-1
23302,[0.16519528 0.57498434],4,-1,-1,-1,-1
23303,[0.48214986 0.39252782],6,-1,-1,-1,-1
23304,[0.3122539  0.51172263],7,8,"[0.27392971195344684, 0.45973140540928376]",1922,15
23305,[0.41676566 0.45482904],6,-1,-1,713,-1
23306,[0.3568272  0.59341181],4,0,"[0.383291892093257, 0.5586820702346661]",1828,-1
23307,[0.42513686 0.56911893],4,0,"[0.383291892093257, 0.5586820702346661]",1467,-1
23308,[0.6170541  0.70414088],9,-1,-1,287,-1
23309,[0.21412909 0.61825377],4,-1,-1,-1,-1
23310,[0.63865236 0.52305674],8,3,"[0.6815204869410737, 0.47689852788858716]",861,-1
23311,[0.24241807 0.53011705],7,7,"[0.2817018170798153, 0.5849768676672948]",1488,-1
23312,[0.80357631 0.70688269],1,4,"[0.7726811996944247, 0.7249303226766757]",479,0
23313,[0.58033148 0.63595754],9,2,"[0.5921204552873188, 0.6383928111301557]",1095,-1
23314,[0.73696591 0.48538659],8,3,"[0.6815204869410737, 0.47689852788858716]",773,-1
23315,[0.42752263 0.3370791 ],6,1,"[0.3897435781344088, 0.3417040596068965]",-1,-1
23316,[0.23834671 0.54163471],4,7,"[0.2817018170798153, 0.5849768676672948]",1480,-1
23317,[0.36110114 0.31594552],6,1,"[0.3897435781344088, 0.3417040596068965]",-1,-1
23318,[0.78869163 0.43074158],8,-1,-1,-1,-1
23319,[0.30353976 0.66494569],4,-1,-1,-1,-1
23320,[0.54414285 0.50377947],8,6,"[0.5164739970238864, 0.5319253761973344]",-1,-1
23321,[0.50159308 0.50005556],5,6,"[0.5164739970238864, 0.5319253761973344]",725,-1
23322,[0.21834055 0.51115237],7,-1,-1,1089,-1
23323,[0.52920823 0.64334513],5,2,"[0.5921204552873188, 0.6383928111301557]",-1,-1
23324,[0.35633631 0.37892417],2,1,"[0.3897435781344088, 0.3417040596068965]",-1,-1
23325,[0.32401226 0.31488729],6,-1,-1,1679,10
23326,[0.65331015 0.48832114],8,3,"[0.6815204869410737, 0.47689852788858716]",-1,1
23327,[0.59122529 0.68141166],9,2,"[0.5921204552873188, 0.6383928111301557]",710,-1
23328,[0.34312278 0.31272756],6,1,"[0.3897435781344088, 0.3417040596068965]",-1,-1
23329,[0.34974861 0.5068708 ],4,0,"[0.383291892093257, 0.5586820702346661]",1801,-1
23330,[0.24157392 0.46124439],7,8,"[0.27392971195344684, 0.45973140540928376]",-1,-1
23331,[0.35431451 0.42504523],7,-1,-1,-1,-1
23332,[0.56465744 0.53878059],9,6,"[0.5164739970238864, 0.5319253761973344]",1401,6
23333,[0.33645659 0.33748328],2,1,"[0.3897435781344088, 0.3417040596068965]",-1,-1
23334,[0.53013494 0.69158587],9,-1,-1,555,-1
23335,[0.29091158 0.42885732],2,8,"[0.27392971195344684, 0.45973140540928376]",1075,-1
23336,[0.60044652 0.54965743],8,-1,-1,1293,-1
23337,[0.35637456 0.59447283],3,0,"[0.383291892093257, 0.5586820702346661]",1828,-1
23338,[0.871763   0.67273545],1,-1,-1,81,-1
23339,[0.79767198 0.76616099],1,4,"[0.7726811996944247, 0.7249303226766757]",427,0
23340,[0.38164636 0.63750682],4,-1,-1,785,-1
23341,[0.41633986 0.49276849],3,-1,-1,-1,-1
23342,[0.28246297 0.31234108],0,5,"[0.23231087327800656, 0.30304944505444303]",1585,-1
23343,[0.33926558 0.7086866 ],4,-1,-1,-1,-1
23344,[0.40705922 0.30489264],6,1,"[0.3897435781344088, 0.3417040596068965]",-1,-1
23345,[0.36586949 0.51796777],3,0,"[0.383291892093257, 0.5586820702346661]",1900,-1
23346,[0.2991801  0.60845074],4,7,"[0.2817018170798153, 0.5849768676672948]",-1,-1
23347,[0.12837763 0.37265223],2,-1,-1,-1,-1
23348,[0.33566279 0.47128413],3,8,"[0.27392971195344684, 0.45973140540928376]",1553,-1
23349,[0.342572   0.59142181],4,0,"[0.383291892093257, 0.5586820702346661]",1834,-1
23350,[0.64486658 0.43458887],8,3,"[0.6815204869410737, 0.47689852788858716]",-1,-1
23351,[0.58625752 0.57772045],8,2,"[0.5921204552873188, 0.6383928111301557]",-1,-1
23352,[0.35502317 0.52750142],3,0,"[0.383291892093257, 0.5586820702346661]",-1,-1
23353,[0.60257163 0.64186734],9,2,"[0.5921204552873188, 0.6383928111301557]",-1,-1
23354,[0.34755878 0.5287238 ],4,0,"[0.383291892093257, 0.5586820702346661]",1947,-1
23355,[0.44441139 0.55003912],9,0,"[0.383291892093257, 0.5586820702346661]",1295,-1
23356,[0.40415498 0.52740905],7,0,"[0.383291892093257, 0.5586820702346661]",1641,-1
23357,[0.29334654 0.34102143],2,-1,-1,1619,-1
23358,[0.24677944 0.31125933],2,5,"[0.23231087327800656, 0.30304944505444303]",-1,-1
23359,[0.40593529 0.28643396],6,1,"[0.3897435781344088, 0.3417040596068965]",-1,-1
23360,[0.37138423 0.57468661],4,0,"[0.383291892093257, 0.5586820702346661]",-1,12
23361,[0.27456564 0.29885512],0,5,"[0.23231087327800656, 0.30304944505444303]",-1,-1
23362,[0.27462224 0.48299924],7,8,"[0.27392971195344684, 0.45973140540928376]",1728,-1
23363,[0.57181148 0.5163322 ],5,6,"[0.5164739970238864, 0.5319253761973344]",1035,-1
23364,[0.4282756  0.33386106],6,1,"[0.3897435781344088, 0.3417040596068965]",-1,-1
23365,[0.53194994 0.68774652],9,-1,-1,555,-1
23366,[0.41343662 0.5554947 ],4,0,"[0.383291892093257, 0.5586820702346661]",-1,-1
23367,[0.66824378 0.67760948],9,-1,-1,385,-1
23368,[0.38580774 0.27607335],6,1,"[0.3897435781344088, 0.3417040596068965]",-1,-1
23369,[0.4249016  0.37541163],6,1,"[0.3897435781344088, 0.3417040596068965]",681,-1
23370,[0.34121855 0.51082474],4,0,"[0.383291892093257, 0.5586820702346661]",1880,-1
23371,[0.42460577 0.34531866],6,1,"[0.3897435781344088, 0.3417040596068965]",973,-1
23372,[0.6979474  0.41874961],8,3,"[0.6815204869410737, 0.47689852788858716]",503,-1
23373,[0.23373686 0.23327851],0,5,"[0.23231087327800656, 0.30304944505444303]",-1,-1
23374,[0.8330884  0.44814642],8,-1,-1,1,-1
23375,[0.33569164 0.52953147],7,0,"[0.383291892093257, 0.5586820702346661]",1948,-1
23376,[0.35298361 0.32038054],2,1,"[0.3897435781344088, 0.3417040596068965]",-1,-1
23377,[0.27935195 0.32088863],2,5,"[0.23231087327800656, 0.30304944505444303]",1585,9
23378,[0.74211169 0.76749132],1,4,"[0.7726811996944247, 0.7249303226766757]",-1,0
23379,[0.37684876 0.3800295 ],0,1,"[0.3897435781344088, 0.3417040596068965]",1006,-1
23380,[0.4490694 0.6106962],5,-1,-1,-1,-1
23381,[0.55695735 0.52617317],5,6,"[0.5164739970238864, 0.5319253761973344]",1390,-1
23382,[0.26802267 0.5284984 ],4,7,"[0.2817018170798153, 0.5849768676672948]",1853,-1
23383,[0.61173191 0.47447664],5,3,"[0.6815204869410737, 0.47689852788858716]",622,-1
23384,[0.1588947  0.54373451],4,-1,-1,53,-1
23385,[0.63164815 0.59206311],5,2,"[0.5921204552873188, 0.6383928111301557]",-1,-1
23386,[0.27948075 0.17001918],0,-1,-1,-1,-1
23387,[0.32072952 0.56172469],3,7,"[0.2817018170798153, 0.5849768676672948]",1977,-1
23388,[0.19037917 0.23053929],0,-1,-1,-1,-1
23389,[0.15721154 0.2280641 ],0,-1,-1,124,-1
23390,[0.17960776 0.17076085],0,-1,-1,71,-1
23391,[0.33174072 0.21522487],0,9,"[0.3110394802231661, 0.23517199738277297]",891,-1
23392,[0.365037   0.32579706],6,1,"[0.3897435781344088, 0.3417040596068965]",1536,-1
23393,[0.33342127 0.5241938 ],4,0,"[0.383291892093257, 0.5586820702346661]",1877,-1
23394,[0.25622948 0.5555236 ],7,7,"[0.2817018170798153, 0.5849768676672948]",-1,-1
23395,[0.32946207 0.50730843],3,-1,-1,-1,-1
23396,[0.62466827 0.46825015],8,3,"[0.6815204869410737, 0.47689852788858716]",626,-1
23397,[0.31008263 0.58069429],4,7,"[0.2817018170798153, 0.5849768676672948]",-1,-1
23398,[0.34729921 0.21525218],0,9,"[0.3110394802231661, 0.23517199738277297]",500,-1
23399,[0.56718292 0.56483118],5,6,"[0.5164739970238864, 0.5319253761973344]",-1,-1
23400,[0.80893443 0.74401256],1,4,"[0.7726811996944247, 0.7249303226766757]",446,0
23401,[0.19831827 0.23276183],0,-1,-1,-1,-1
23402,[0.4701679  0.54729639],5,6,"[0.5164739970238864, 0.5319253761973344]",839,-1
23403,[0.77768815 0.73139637],1,4,"[0.7726811996944247, 0.7249303226766757]",470,0
23404,[0.84280465 0.66803543],1,-1,-1,-1,0
23405,[0.43831073 0.31053354],6,1,"[0.3897435781344088, 0.3417040596068965]",-1,-1
23406,[0.36485628 0.56341532],4,0,"[0.383291892093257, 0.5586820702346661]",1856,12
23407,[0.44889074 0.27393253],6,-1,-1,-1,-1
23408,[0.41214671 0.31020134],6,1,"[0.3897435781344088, 0.3417040596068965]",-1,-1
23409,[0.40550251 0.64190626],3,-1,-1,-1,-1
23410,[0.5644225  0.52152059],5,6,"[0.5164739970238864, 0.5319253761973344]",-1,-1
23411,[0.72805868 0.68238908],1,4,"[0.7726811996944247, 0.7249303226766757]",-1,0
23412,[0.27880082 0.39367905],2,8,"[0.27392971195344684, 0.45973140540928376]",1066,-1
23413,[0.26052698 0.58921923],7,7,"[0.2817018170798153, 0.5849768676672948]",-1,-1
23414,[0.26879182 0.36069692],2,5,"[0.23231087327800656, 0.30304944505444303]",-1,-1
23415,[0.47288137 0.59937729],5,-1,-1,-1,-1
23416,[0.86437785 0.69816077],1,-1,-1,-1,0
23417,[0.48096651 0.65648689],5,-1,-1,-1,-1
23418,[0.79351292 0.38044046],8,-1,-1,-1,-1
23419,[0.78407915 0.48088935],8,-1,-1,-1,-1
23420,[0.69928079 0.69482459],9,-1,-1,335,0
23421,[0.36551301 0.43453164],5,-1,-1,879,-1
23422,[0.27098369 0.49552063],4,8,"[0.27392971195344684, 0.45973140540928376]",1780,-1
23423,[0.39520167 0.46892577],3,-1,-1,583,-1
23424,[0.21883942 0.23014284],0,-1,-1,872,-1
23425,[0.46655369 0.66593878],3,-1,-1,-1,-1
23426,[0.42422784 0.37283305],6,1,"[0.3897435781344088, 0.3417040596068965]",681,-1
23427,[0.5373705  0.54501984],9,6,"[0.5164739970238864, 0.5319253761973344]",1365,-1
23428,[0.23980169 0.43914655],3,8,"[0.27392971195344684, 0.45973140540928376]",696,-1
23429,[0.19548898 0.28386189],2,5,"[0.23231087327800656, 0.30304944505444303]",745,-1
23430,[0.66935287 0.50812855],8,3,"[0.6815204869410737, 0.47689852788858716]",827,2
23431,[0.63326552 0.60516412],9,2,"[0.5921204552873188, 0.6383928111301557]",-1,-1
23432,[0.42068006 0.19760612],6,-1,-1,39,-1
23433,[0.24129258 0.19970167],0,-1,-1,526,-1
23434,[0.31042947 0.43266828],7,8,"[0.27392971195344684, 0.45973140540928376]",1081,-1
23435,[0.64809396 0.58636232],8,-1,-1,1014,-1
23436,[0.5760662  0.65100315],9,2,"[0.5921204552873188, 0.6383928111301557]",1124,-1
23437,[0.82981928 0.69167506],1,4,"[0.7726811996944247, 0.7249303226766757]",-1,0
23438,[0.30951664 0.57283077],3,7,"[0.2817018170798153, 0.5849768676672948]",1925,-1
23439,[0.25322435 0.33601689],2,5,"[0.23231087327800656, 0.30304944505444303]",1399,-1
23440,[0.63545671 0.63624127],9,2,"[0.5921204552873188, 0.6383928111301557]",-1,-1
23441,[0.70880443 0.58688397],9,-1,-1,229,-1
23442,[0.68823724 0.62325502],9,-1,-1,494,-1
23443,[0.69782957 0.54331997],8,3,"[0.6815204869410737, 0.47689852788858716]",559,-1
23444,[0.67319676 0.73635176],1,-1,-1,-1,0
23445,[0.47985492 0.61070335],5,-1,-1,737,-1
23446,[0.36355588 0.26038748],0,9,"[0.3110394802231661, 0.23517199738277297]",-1,-1
23447,[0.66461658 0.50081078],8,3,"[0.6815204869410737, 0.47689852788858716]",-1,-1
23448,[0.34656387 0.29576356],2,1,"[0.3897435781344088, 0.3417040596068965]",1666,-1
23449,[0.68598937 0.49614059],8,3,"[0.6815204869410737, 0.47689852788858716]",835,2
23450,[0.58549611 0.5874528 ],9,2,"[0.5921204552873188, 0.6383928111301557]",-1,-1
23451,[0.28195845 0.58692124],3,7,"[0.2817018170798153, 0.5849768676672948]",-1,-1
23452,[0.16248596 0.21342117],0,-1,-1,74,-1
23453,[0.23393781 0.48340934],4,8,"[0.27392971195344684, 0.45973140540928376]",-1,-1
23454,[0.51028603 0.58625422],9,6,"[0.5164739970238864, 0.5319253761973344]",1377,-1
23455,[0.82319714 0.82726214],1,-1,-1,-1,-1
23456,[0.33782202 0.24422358],0,9,"[0.3110394802231661, 0.23517199738277297]",-1,-1
23457,[0.8235556  0.70568781],1,4,"[0.7726811996944247, 0.7249303226766757]",-1,0
23458,[0.42983988 0.55093844],3,0,"[0.383291892093257, 0.5586820702346661]",-1,-1
23459,[0.58393098 0.57019435],9,2,"[0.5921204552873188, 0.6383928111301557]",-1,-1
23460,[0.2776351  0.56065852],7,7,"[0.2817018170798153, 0.5849768676672948]",-1,13
23461,[0.34710485 0.52761235],4,0,"[0.383291892093257, 0.5586820702346661]",1947,-1
23462,[0.73697267 0.45304058],8,3,"[0.6815204869410737, 0.47689852788858716]",-1,-1
23463,[0.51835003 0.5750529 ],5,6,"[0.5164739970238864, 0.5319253761973344]",-1,-1
23464,[0.70815705 0.77557115],1,-1,-1,-1,0
23465,[0.7712845  0.44939287],8,-1,-1,92,-1
23466,[0.30213562 0.14635512],0,-1,-1,-1,-1
23467,[0.56665165 0.6760548 ],9,2,"[0.5921204552873188, 0.6383928111301557]",1034,-1
23468,[0.64122472 0.52811196],8,3,"[0.6815204869410737, 0.47689852788858716]",861,-1
23469,[0.60644465 0.62365845],5,2,"[0.5921204552873188, 0.6383928111301557]",-1,-1
23470,[0.27541841 0.24133696],2,9,"[0.3110394802231661, 0.23517199738277297]",1524,-1
23471,[0.60726965 0.71935681],9,-1,-1,-1,-1
23472,[0.74896864 0.46962222],8,3,"[0.6815204869410737, 0.47689852788858716]",513,-1
23473,[0.59266301 0.54231652],8,-1,-1,-1,-1
23474,[0.23162076 0.57337555],7,7,"[0.2817018170798153, 0.5849768676672948]",1358,-1
23475,[0.32939093 0.22400102],2,9,"[0.3110394802231661, 0.23517199738277297]",969,-1
23476,[0.80351119 0.82000899],1,-1,-1,141,-1
23477,[0.50443811 0.24508605],6,-1,-1,-1,-1
23478,[0.16455225 0.29400133],0,5,"[0.23231087327800656, 0.30304944505444303]",-1,-1
23479,[0.51466101 0.65799699],9,-1,-1,728,-1
23480,[0.33426667 0.28423402],2,9,"[0.3110394802231661, 0.23517199738277297]",1652,-1
23481,[0.37775018 0.46063386],3,-1,-1,-1,-1
23482,[0.58520268 0.55815899],9,-1,-1,1254,-1
23483,[0.36391568 0.54293663],3,0,"[0.383291892093257, 0.5586820702346661]",1790,-1
23484,[0.3471648  0.36042119],2,1,"[0.3897435781344088, 0.3417040596068965]",1354,-1
23485,[0.0524896  0.27465201],0,-1,-1,-1,-1
23486,[0.72207768 0.74590747],1,4,"[0.7726811996944247, 0.7249303226766757]",421,0
23487,[0.27953306 0.56314868],4,7,"[0.2817018170798153, 0.5849768676672948]",1879,13
23488,[0.53301348 0.55026012],5,6,"[0.5164739970238864, 0.5319253761973344]",-1,-1
23489,[0.30286275 0.295568  ],2,9,"[0.3110394802231661, 0.23517199738277297]",1690,11
23490,[0.30833258 0.45355644],7,8,"[0.27392971195344684, 0.45973140540928376]",-1,-1
23491,[0.39051476 0.5364473 ],3,0,"[0.383291892093257, 0.5586820702346661]",1777,-1
23492,[0.43784612 0.51866094],3,0,"[0.383291892093257, 0.5586820702346661]",1435,-1
23493,[0.31269179 0.50797795],7,8,"[0.27392971195344684, 0.45973140540928376]",1922,15
23494,[0.22659543 0.13667197],0,-1,-1,-1,-1
23495,[0.74411151 0.73226599],1,4,"[0.7726811996944247, 0.7249303226766757]",452,0
23496,[0.53209852 0.52038336],5,6,"[0.5164739970238864, 0.5319253761973344]",-1,-1
23497,[0.71980308 0.48747154],8,3,"[0.6815204869410737, 0.47689852788858716]",680,-1
23498,[0.73697063 0.6978329 ],1,4,"[0.7726811996944247, 0.7249303226766757]",437,0
23499,[0.6786606  0.51232409],8,3,"[0.6815204869410737, 0.47689852788858716]",-1,-1
23500,[0.39171723 0.39517358],6,1,"[0.3897435781344088, 0.3417040596068965]",-1,-1
23501,[0.2583487  0.34333229],2,5,"[0.23231087327800656, 0.30304944505444303]",-1,-1
23502,[0.72665298 0.77964376],1,-1,-1,250,0
23503,[0.87687682 0.73414159],1,-1,-1,87,0
23504,[0.81177115 0.69457724],1,4,"[0.7726811996944247, 0.7249303226766757]",-1,0
23505,[0.83960447 0.68435523],1,-1,-1,-1,0
23506,[0.73437515 0.4300418 ],8,-1,-1,317,-1
23507,[0.49277651 0.36320232],6,-1,-1,208,-1
23508,[0.61773445 0.54448211],5,-1,-1,734,-1
23509,[0.52912122 0.59711456],9,6,"[0.5164739970238864, 0.5319253761973344]",1329,-1
23510,[0.45039373 0.59515418],5,-1,-1,-1,4
23511,[0.53458387 0.53431563],5,6,"[0.5164739970238864, 0.5319253761973344]",-1,-1
23512,[0.55459315 0.58657714],9,2,"[0.5921204552873188, 0.6383928111301557]",1431,6
23513,[0.24516545 0.45672819],7,8,"[0.27392971195344684, 0.45973140540928376]",-1,-1
23514,[0.28774164 0.50893135],4,8,"[0.27392971195344684, 0.45973140540928376]",1913,-1
23515,[0.32302109 0.27447205],0,9,"[0.3110394802231661, 0.23517199738277297]",-1,-1
23516,[0.34673299 0.21146397],6,9,"[0.3110394802231661, 0.23517199738277297]",500,-1
23517,[0.83519351 0.4379271 ],8,-1,-1,1,-1
23518,[0.35246048 0.6132621 ],3,0,"[0.383291892093257, 0.5586820702346661]",-1,-1
23519,[0.90545609 0.77144618],1,-1,-1,-1,-1
23520,[0.74502202 0.43812536],8,-1,-1,-1,-1
23521,[0.25648358 0.27199497],2,5,"[0.23231087327800656, 0.30304944505444303]",1548,-1
23522,[0.50578082 0.4748426 ],6,6,"[0.5164739970238864, 0.5319253761973344]",248,-1
23523,[0.37816904 0.44397733],6,-1,-1,964,-1
23524,[0.38813169 0.43504754],4,-1,-1,-1,-1
23525,[0.30579075 0.64658321],3,7,"[0.2817018170798153, 0.5849768676672948]",590,-1
23526,[0.32736198 0.71466321],4,-1,-1,-1,-1
23527,[0.28071359 0.18265419],0,9,"[0.3110394802231661, 0.23517199738277297]",355,-1
23528,[0.61500524 0.70073768],9,2,"[0.5921204552873188, 0.6383928111301557]",287,-1
23529,[0.30599052 0.31148861],2,-1,-1,1648,-1
23530,[0.19520499 0.2888609 ],0,5,"[0.23231087327800656, 0.30304944505444303]",-1,-1
23531,[0.36001602 0.5367706 ],3,0,"[0.383291892093257, 0.5586820702346661]",1944,-1
23532,[0.38098734 0.55506264],7,0,"[0.383291892093257, 0.5586820702346661]",1816,-1
23533,[0.45634926 0.5213    ],5,6,"[0.5164739970238864, 0.5319253761973344]",1302,-1
23534,[0.2099163  0.43613541],2,8,"[0.27392971195344684, 0.45973140540928376]",266,-1
23535,[0.36005071 0.2843723 ],6,1,"[0.3897435781344088, 0.3417040596068965]",1171,-1
23536,[0.24424807 0.15902915],0,-1,-1,-1,-1
23537,[0.14884882 0.386656  ],2,-1,-1,-1,-1
23538,[0.78478256 0.66877412],1,4,"[0.7726811996944247, 0.7249303226766757]",-1,0
23539,[0.63078007 0.58023398],9,2,"[0.5921204552873188, 0.6383928111301557]",1194,-1
23540,[0.66114029 0.37062834],8,-1,-1,-1,-1
23541,[0.70904057 0.74304868],1,4,"[0.7726811996944247, 0.7249303226766757]",416,0
23542,[0.30802923 0.43427938],7,8,"[0.27392971195344684, 0.45973140540928376]",1081,-1
23543,[0.63456035 0.45481832],8,3,"[0.6815204869410737, 0.47689852788858716]",-1,-1
23544,[0.51607021 0.53970608],5,6,"[0.5164739970238864, 0.5319253761973344]",-1,3
23545,[0.46318983 0.60374025],3,-1,-1,1235,-1
23546,[0.2963071 0.3888915],6,-1,-1,-1,-1
23547,[0.54757791 0.61567106],5,2,"[0.5921204552873188, 0.6383928111301557]",1216,-1
23548,[0.22803911 0.53367018],7,-1,-1,1477,-1
23549,[0.35988794 0.57464793],4,0,"[0.383291892093257, 0.5586820702346661]",-1,-1
23550,[0.66963184 0.69065425],9,-1,-1,-1,-1
23551,[0.28128853 0.33448405],0,5,"[0.23231087327800656, 0.30304944505444303]",1598,-1
23552,[0.31678243 0.42602104],7,8,"[0.27392971195344684, 0.45973140540928376]",-1,-1
23553,[0.28509745 0.4903921 ],4,8,"[0.27392971195344684, 0.45973140540928376]",-1,-1
23554,[0.34160313 0.3402518 ],2,1,"[0.3897435781344088, 0.3417040596068965]",953,-1
23555,[0.30982905 0.5207135 ],7,-1,-1,1919,-1
23556,[0.35728842 0.46822127],4,-1,-1,1560,-1
23557,[0.33006804 0.44732248],4,8,"[0.27392971195344684, 0.45973140540928376]",941,-1
23558,[0.2621524  0.60699492],4,7,"[0.2817018170798153, 0.5849768676672948]",-1,-1
23559,[0.32917182 0.24913031],0,9,"[0.3110394802231661, 0.23517199738277297]",1489,-1
23560,[0.96239602 0.78056563],1,-1,-1,-1,-1
23561,[0.64506657 0.44448038],8,3,"[0.6815204869410737, 0.47689852788858716]",799,-1
23562,[0.58873804 0.6926349 ],5,2,"[0.5921204552873188, 0.6383928111301557]",-1,-1
23563,[0.36785886 0.24784935],6,9,"[0.3110394802231661, 0.23517199738277297]",675,-1
23564,[0.23101336 0.32259398],2,5,"[0.23231087327800656, 0.30304944505444303]",-1,-1
23565,[0.22462939 0.40786803],2,-1,-1,502,-1
23566,[0.45841387 0.53424244],5,6,"[0.5164739970238864, 0.5319253761973344]",-1,-1
23567,[0.28014102 0.2434505 ],0,9,"[0.3110394802231661, 0.23517199738277297]",-1,-1
23568,[0.56629323 0.6654489 ],9,2,"[0.5921204552873188, 0.6383928111301557]",-1,-1
23569,[0.70683175 0.50004683],8,3,"[0.6815204869410737, 0.47689852788858716]",739,-1
23570,[0.79210692 0.77171135],1,4,"[0.7726811996944247, 0.7249303226766757]",-1,0
23571,[0.51998065 0.54314743],5,6,"[0.5164739970238864, 0.5319253761973344]",-1,3
23572,[0.30577341 0.34253441],2,-1,-1,1593,8
23573,[0.38551962 0.28229504],6,1,"[0.3897435781344088, 0.3417040596068965]",-1,-1
23574,[0.1918082  0.44922848],2,-1,-1,100,-1
23575,[0.61798133 0.48931927],8,3,"[0.6815204869410737, 0.47689852788858716]",789,-1
23576,[0.76543332 0.86255258],1,-1,-1,-1,-1
23577,[0.4614457  0.67442133],5,-1,-1,137,-1
23578,[0.26374142 0.2835244 ],2,5,"[0.23231087327800656, 0.30304944505444303]",-1,-1
23579,[0.77014203 0.66439504],1,4,"[0.7726811996944247, 0.7249303226766757]",-1,0
23580,[0.732752   0.63870129],1,-1,-1,184,0
23581,[0.36489068 0.28115264],2,1,"[0.3897435781344088, 0.3417040596068965]",1170,-1
23582,[0.43562634 0.46684707],4,-1,-1,-1,-1
23583,[0.19469651 0.25422936],2,5,"[0.23231087327800656, 0.30304944505444303]",-1,-1
23584,[0.30427012 0.71148191],3,-1,-1,-1,-1
23585,[0.38958274 0.50375251],3,0,"[0.383291892093257, 0.5586820702346661]",1449,-1
23586,[0.31001291 0.42582189],7,8,"[0.27392971195344684, 0.45973140540928376]",-1,-1
23587,[0.40956165 0.22563834],6,-1,-1,-1,-1
23588,[0.41588381 0.33084717],6,1,"[0.3897435781344088, 0.3417040596068965]",989,-1
23589,[0.67458801 0.70341889],1,-1,-1,-1,0
23590,[0.65847112 0.56184597],8,-1,-1,-1,-1
23591,[0.44014552 0.17124812],6,-1,-1,-1,-1
23592,[0.15430702 0.21279822],0,-1,-1,74,-1
23593,[0.82092233 0.66031   ],1,-1,-1,255,0
23594,[0.81090745 0.73146513],1,4,"[0.7726811996944247, 0.7249303226766757]",-1,0
23595,[0.51456124 0.47887282],5,6,"[0.5164739970238864, 0.5319253761973344]",-1,-1
23596,[0.40611235 0.55951697],3,0,"[0.383291892093257, 0.5586820702346661]",-1,-1
23597,[0.72370018 0.75416768],1,4,"[0.7726811996944247, 0.7249303226766757]",422,0
23598,[0.50976255 0.54707436],5,6,"[0.5164739970238864, 0.5319253761973344]",1186,3
23599,[0.6104151  0.65331524],9,2,"[0.5921204552873188, 0.6383928111301557]",-1,-1
23600,[0.35330856 0.59616169],4,0,"[0.383291892093257, 0.5586820702346661]",-1,-1
23601,[0.59929753 0.69329473],5,2,"[0.5921204552873188, 0.6383928111301557]",-1,-1
23602,[0.26143023 0.31000341],2,5,"[0.23231087327800656, 0.30304944505444303]",-1,-1
23603,[0.26142823 0.20882195],0,9,"[0.3110394802231661, 0.23517199738277297]",-1,-1
23604,[0.52218683 0.60038949],9,6,"[0.5164739970238864, 0.5319253761973344]",1364,-1
23605,[0.39885377 0.53295059],3,0,"[0.383291892093257, 0.5586820702346661]",1642,-1
23606,[0.25512214 0.51705682],7,8,"[0.27392971195344684, 0.45973140540928376]",-1,-1
23607,[0.43100527 0.62511651],3,-1,-1,483,-1
23608,[0.57361463 0.43122848],5,-1,-1,252,-1
23609,[0.73715306 0.47428556],8,3,"[0.6815204869410737, 0.47689852788858716]",-1,-1
23610,[0.24355585 0.35058889],2,5,"[0.23231087327800656, 0.30304944505444303]",1497,-1
23611,[0.35616393 0.57161486],3,0,"[0.383291892093257, 0.5586820702346661]",-1,-1
23612,[0.37232397 0.47619258],4,-1,-1,1211,-1
23613,[0.3365892 0.6044189],4,7,"[0.2817018170798153, 0.5849768676672948]",1864,-1
23614,[0.26833311 0.31141368],0,5,"[0.23231087327800656, 0.30304944505444303]",1585,-1
23615,[0.31629743 0.34996878],6,-1,-1,-1,8
23616,[0.69935694 0.46003543],8,3,"[0.6815204869410737, 0.47689852788858716]",-1,-1
23617,[0.75679228 0.66780912],1,4,"[0.7726811996944247, 0.7249303226766757]",-1,0
23618,[0.39265827 0.31980407],6,1,"[0.3897435781344088, 0.3417040596068965]",-1,-1
23619,[0.38378724 0.37712337],6,1,"[0.3897435781344088, 0.3417040596068965]",-1,-1
23620,[0.44090687 0.35954573],6,1,"[0.3897435781344088, 0.3417040596068965]",552,-1
23621,[0.8535973  0.77013069],1,-1,-1,-1,0
23622,[0.23498087 0.27275259],0,5,"[0.23231087327800656, 0.30304944505444303]",1363,-1
23623,[0.84119249 0.70150468],1,-1,-1,346,0
23624,[0.29728042 0.56937004],4,7,"[0.2817018170798153, 0.5849768676672948]",1837,-1
23625,[0.41396193 0.37395277],6,1,"[0.3897435781344088, 0.3417040596068965]",-1,-1
23626,[0.84080439 0.63132808],1,-1,-1,107,-1
23627,[0.29310387 0.37680026],6,-1,-1,1092,-1
23628,[0.68149487 0.5533836 ],9,-1,-1,-1,-1
23629,[0.66470081 0.75238289],1,-1,-1,-1,-1
23630,[0.46318762 0.45508198],5,-1,-1,270,-1
23631,[0.72488797 0.71030687],1,4,"[0.7726811996944247, 0.7249303226766757]",351,0
23632,[0.56818908 0.62468594],9,2,"[0.5921204552873188, 0.6383928111301557]",1285,-1
23633,[0.78907045 0.73468158],1,4,"[0.7726811996944247, 0.7249303226766757]",471,0
23634,[0.68424782 0.6733603 ],9,-1,-1,-1,-1
23635,[0.64872674 0.46953871],8,3,"[0.6815204869410737, 0.47689852788858716]",824,1
23636,[0.36419589 0.46659689],7,-1,-1,1055,-1
23637,[0.46223812 0.58139911],5,-1,-1,1232,-1
23638,[0.67950421 0.48598463],9,3,"[0.6815204869410737, 0.47689852788858716]",787,-1
23639,[0.31296024 0.35289546],0,-1,-1,-1,8
23640,[0.64307732 0.48523913],5,3,"[0.6815204869410737, 0.47689852788858716]",820,1
23641,[0.53886215 0.55932478],5,6,"[0.5164739970238864, 0.5319253761973344]",1406,6
23642,[0.2798181  0.16104576],0,-1,-1,121,-1
23643,[0.71821691 0.64666865],9,-1,-1,237,0
23644,[0.32206576 0.30018115],2,9,"[0.3110394802231661, 0.23517199738277297]",-1,-1
23645,[0.71220773 0.61644968],9,-1,-1,234,-1
23646,[0.29479976 0.22516329],0,9,"[0.3110394802231661, 0.23517199738277297]",-1,-1
23647,[0.54567772 0.60553105],5,2,"[0.5921204552873188, 0.6383928111301557]",-1,-1
23648,[0.25927687 0.49825673],7,8,"[0.27392971195344684, 0.45973140540928376]",-1,-1
23649,[0.41644015 0.4785673 ],3,-1,-1,-1,-1
23650,[0.46458527 0.58807474],5,-1,-1,-1,4
23651,[0.2529548  0.23336929],0,9,"[0.3110394802231661, 0.23517199738277297]",-1,-1
23652,[0.39056451 0.30339128],2,1,"[0.3897435781344088, 0.3417040596068965]",-1,-1
23653,[0.75838516 0.66011366],1,4,"[0.7726811996944247, 0.7249303226766757]",-1,0
23654,[0.49437298 0.58295636],3,6,"[0.5164739970238864, 0.5319253761973344]",-1,-1
23655,[0.34873974 0.53129664],4,0,"[0.383291892093257, 0.5586820702346661]",-1,-1
23656,[0.80304452 0.77543352],1,4,"[0.7726811996944247, 0.7249303226766757]",-1,0
23657,[0.20906278 0.26753209],2,5,"[0.23231087327800656, 0.30304944505444303]",1111,-1
23658,[0.57751366 0.6356471 ],9,2,"[0.5921204552873188, 0.6383928111301557]",1095,-1
23659,[0.69148429 0.68471455],9,-1,-1,382,-1
23660,[0.51017966 0.55174795],5,6,"[0.5164739970238864, 0.5319253761973344]",-1,-1
23661,[0.44604124 0.58623764],3,0,"[0.383291892093257, 0.5586820702346661]",1228,4
23662,[0.48863103 0.57938741],3,6,"[0.5164739970238864, 0.5319253761973344]",-1,-1
23663,[0.35542046 0.61628929],4,0,"[0.383291892093257, 0.5586820702346661]",1821,-1
23664,[0.21671503 0.56507242],7,7,"[0.2817018170798153, 0.5849768676672948]",-1,-1
23665,[0.31450063 0.53834685],4,7,"[0.2817018170798153, 0.5849768676672948]",1932,-1
23666,[0.23284494 0.47128987],4,8,"[0.27392971195344684, 0.45973140540928376]",-1,-1
23667,[0.49973799 0.61794229],9,-1,-1,918,-1
23668,[0.54597173 0.64435964],9,2,"[0.5921204552873188, 0.6383928111301557]",-1,-1
23669,[0.14552072 0.28565652],0,-1,-1,91,-1
23670,[0.79945873 0.78477676],1,4,"[0.7726811996944247, 0.7249303226766757]",-1,0
23671,[0.68459085 0.41460312],8,3,"[0.6815204869410737, 0.47689852788858716]",592,-1
23672,[0.59237096 0.46779915],5,-1,-1,608,-1
23673,[0.43650493 0.21277316],6,-1,-1,73,-1
23674,[0.46894626 0.42940854],5,-1,-1,128,-1
23675,[0.6204065 0.5053439],8,3,"[0.6815204869410737, 0.47689852788858716]",867,-1
23676,[0.55512394 0.53985373],5,6,"[0.5164739970238864, 0.5319253761973344]",1409,-1
23677,[0.27457819 0.53302806],7,7,"[0.2817018170798153, 0.5849768676672948]",1882,-1
23678,[0.29353687 0.36240502],0,-1,-1,-1,-1
23679,[0.36526789 0.62841239],3,-1,-1,1303,-1
23680,[0.33633786 0.32843726],2,1,"[0.3897435781344088, 0.3417040596068965]",1682,-1
23681,[0.40571599 0.3990311 ],6,1,"[0.3897435781344088, 0.3417040596068965]",-1,-1
23682,[0.3036268  0.35729153],7,-1,-1,1551,-1
23683,[0.24344998 0.48849927],7,8,"[0.27392971195344684, 0.45973140540928376]",-1,-1
23684,[0.41982061 0.63720226],9,-1,-1,-1,-1
23685,[0.29737662 0.51575844],7,8,"[0.27392971195344684, 0.45973140540928376]",1876,-1
23686,[0.78419902 0.51605352],8,-1,-1,111,-1
23687,[0.70772446 0.48714144],8,3,"[0.6815204869410737, 0.47689852788858716]",815,-1
23688,[0.32134067 0.5650357 ],4,7,"[0.2817018170798153, 0.5849768676672948]",-1,17
23689,[0.64633299 0.46089731],8,3,"[0.6815204869410737, 0.47689852788858716]",812,-1
23690,[0.23291364 0.40122833],2,-1,-1,-1,-1
23691,[0.28089126 0.65520321],4,-1,-1,187,-1
23692,[0.37780899 0.63263047],3,-1,-1,-1,-1
23693,[0.37742571 0.39465864],6,1,"[0.3897435781344088, 0.3417040596068965]",-1,-1
23694,[0.49535196 0.68987846],9,-1,-1,-1,-1
23695,[0.45563579 0.36163303],6,1,"[0.3897435781344088, 0.3417040596068965]",-1,-1
23696,[0.24328021 0.22261185],0,9,"[0.3110394802231661, 0.23517199738277297]",-1,-1
23697,[0.1503739  0.07745309],0,-1,-1,-1,-1
23698,[0.44134267 0.46734716],3,-1,-1,-1,-1
23699,[0.54495996 0.79516174],9,-1,-1,-1,-1
23700,[0.34169377 0.54345137],5,0,"[0.383291892093257, 0.5586820702346661]",1953,-1
23701,[0.30387529 0.48886835],2,8,"[0.27392971195344684, 0.45973140540928376]",1873,-1
23702,[0.59522434 0.7235557 ],9,-1,-1,-1,-1
23703,[0.22510718 0.59822335],4,7,"[0.2817018170798153, 0.5849768676672948]",246,-1
23704,[0.31403966 0.40365867],3,8,"[0.27392971195344684, 0.45973140540928376]",928,-1
23705,[0.28229568 0.55599501],7,7,"[0.2817018170798153, 0.5849768676672948]",1917,13
23706,[0.81605456 0.68920001],1,4,"[0.7726811996944247, 0.7249303226766757]",-1,0
23707,[0.29180769 0.62523565],7,7,"[0.2817018170798153, 0.5849768676672948]",1040,-1
23708,[0.45262942 0.58880874],3,-1,-1,1238,4
23709,[0.42718242 0.40179278],6,-1,-1,-1,-1
23710,[0.42365897 0.54046839],4,0,"[0.383291892093257, 0.5586820702346661]",-1,-1
23711,[0.25794773 0.51703794],4,8,"[0.27392971195344684, 0.45973140540928376]",-1,-1
23712,[0.71865224 0.78976675],1,-1,-1,224,0
23713,[0.47598506 0.60721279],5,-1,-1,-1,-1
23714,[0.60094298 0.57061449],9,2,"[0.5921204552873188, 0.6383928111301557]",-1,5
23715,[0.26774283 0.3800426 ],0,-1,-1,-1,-1
23716,[0.70671157 0.55181252],8,-1,-1,563,-1
23717,[0.6662999 0.4968566],8,3,"[0.6815204869410737, 0.47689852788858716]",796,-1
23718,[0.49257497 0.55169013],3,6,"[0.5164739970238864, 0.5319253761973344]",1183,-1
23719,[0.42328848 0.56047108],3,0,"[0.383291892093257, 0.5586820702346661]",1224,-1
23720,[0.35744718 0.73304869],4,-1,-1,-1,-1
23721,[0.24435092 0.26788787],2,5,"[0.23231087327800656, 0.30304944505444303]",-1,-1
23722,[0.47227829 0.74078164],9,-1,-1,-1,-1
23723,[0.45227424 0.58114692],3,-1,-1,1223,4
23724,[0.53388438 0.55563306],9,6,"[0.5164739970238864, 0.5319253761973344]",1359,-1
23725,[0.42042835 0.52824415],7,0,"[0.383291892093257, 0.5586820702346661]",1469,-1
23726,[0.43146337 0.61793299],3,-1,-1,-1,-1
23727,[0.36709261 0.69109812],4,-1,-1,-1,-1
23728,[0.44073996 0.52061095],8,0,"[0.383291892093257, 0.5586820702346661]",1435,-1
23729,[0.49924594 0.57504249],5,6,"[0.5164739970238864, 0.5319253761973344]",1380,-1
23730,[0.53389365 0.64131434],3,2,"[0.5921204552873188, 0.6383928111301557]",-1,-1
23731,[0.52255669 0.60157075],5,6,"[0.5164739970238864, 0.5319253761973344]",1364,-1
23732,[0.33384407 0.46984829],7,8,"[0.27392971195344684, 0.45973140540928376]",1553,-1
23733,[0.51133887 0.47654405],3,6,"[0.5164739970238864, 0.5319253761973344]",-1,-1
23734,[0.28219883 0.32503663],6,5,"[0.23231087327800656, 0.30304944505444303]",-1,-1
23735,[0.22222777 0.38065768],7,-1,-1,-1,-1
23736,[0.86124822 0.730001  ],1,-1,-1,-1,0
23737,[0.64600081 0.55615349],8,-1,-1,1115,-1
23738,[0.30176191 0.56854375],3,7,"[0.2817018170798153, 0.5849768676672948]",1924,-1
23739,[0.71189419 0.54595984],9,-1,-1,-1,-1
23740,[0.29469727 0.28378916],6,9,"[0.3110394802231661, 0.23517199738277297]",1554,-1
23741,[0.42312218 0.37888296],3,1,"[0.3897435781344088, 0.3417040596068965]",681,-1
23742,[0.27737661 0.42529139],7,8,"[0.27392971195344684, 0.45973140540928376]",-1,-1
23743,[0.82540468 0.67441783],1,-1,-1,334,0
23744,[0.28844904 0.46909778],7,8,"[0.27392971195344684, 0.45973140540928376]",-1,-1
23745,[0.30218032 0.41256755],7,8,"[0.27392971195344684, 0.45973140540928376]",1074,-1
23746,[0.49738639 0.5083908 ],4,6,"[0.5164739970238864, 0.5319253761973344]",-1,-1
23747,[0.61595993 0.57531507],9,2,"[0.5921204552873188, 0.6383928111301557]",1273,-1
23748,[0.3770793  0.51674669],3,0,"[0.383291892093257, 0.5586820702346661]",-1,-1
23749,[0.61568924 0.52985258],8,-1,-1,-1,-1
23750,[0.3646589  0.53249547],7,0,"[0.383291892093257, 0.5586820702346661]",1934,-1
23751,[0.31970313 0.40216997],4,-1,-1,-1,-1
23752,[0.64236947 0.460916  ],8,3,"[0.6815204869410737, 0.47689852788858716]",-1,-1
23753,[0.3085135  0.46197699],7,8,"[0.27392971195344684, 0.45973140540928376]",1732,-1
23754,[0.26521462 0.658229  ],4,-1,-1,-1,-1
23755,[0.57749117 0.4141537 ],8,-1,-1,114,-1
23756,[0.33589679 0.53930517],4,0,"[0.383291892093257, 0.5586820702346661]",1950,-1
23757,[0.27692186 0.52273154],3,7,"[0.2817018170798153, 0.5849768676672948]",1887,-1
23758,[0.28482557 0.5310787 ],4,7,"[0.2817018170798153, 0.5849768676672948]",-1,14
23759,[0.19860384 0.56513013],7,-1,-1,262,-1
23760,[0.35317273 0.38857366],2,1,"[0.3897435781344088, 0.3417040596068965]",993,-1
23761,[0.36066251 0.4763099 ],3,-1,-1,-1,-1
23762,[0.24648402 0.28863484],0,5,"[0.23231087327800656, 0.30304944505444303]",1640,-1
23763,[0.66433242 0.49744372],8,3,"[0.6815204869410737, 0.47689852788858716]",796,-1
23764,[0.3842159  0.51009419],7,0,"[0.383291892093257, 0.5586820702346661]",-1,-1
23765,[0.56090034 0.54054882],5,6,"[0.5164739970238864, 0.5319253761973344]",-1,6
23766,[0.34561327 0.31286598],2,1,"[0.3897435781344088, 0.3417040596068965]",1525,-1
23767,[0.31442408 0.53761992],7,7,"[0.2817018170798153, 0.5849768676672948]",1932,-1
23768,[0.18341002 0.20113627],0,-1,-1,147,-1
23769,[0.62235066 0.6953463 ],9,2,"[0.5921204552873188, 0.6383928111301557]",-1,-1
23770,[0.29366645 0.25040236],0,9,"[0.3110394802231661, 0.23517199738277297]",1465,-1
23771,[0.24779906 0.57603521],4,7,"[0.2817018170798153, 0.5849768676672948]",1563,-1
23772,[0.25824706 0.5539177 ],7,7,"[0.2817018170798153, 0.5849768676672948]",1705,-1
23773,[0.37647935 0.59492365],3,0,"[0.383291892093257, 0.5586820702346661]",-1,-1
23774,[0.26910432 0.28623817],2,5,"[0.23231087327800656, 0.30304944505444303]",-1,-1
23775,[0.18712468 0.2894469 ],0,5,"[0.23231087327800656, 0.30304944505444303]",726,-1
23776,[0.68257244 0.5680298 ],8,-1,-1,464,-1
23777,[0.33469731 0.31397478],0,1,"[0.3897435781344088, 0.3417040596068965]",1683,-1
23778,[0.28441844 0.38997237],2,-1,-1,-1,-1
23779,[0.32168879 0.5513818 ],7,7,"[0.2817018170798153, 0.5849768676672948]",-1,17
23780,[0.17400153 0.34891303],2,-1,-1,-1,-1
23781,[0.26633864 0.28362679],6,5,"[0.23231087327800656, 0.30304944505444303]",1622,-1
23782,[0.25903081 0.5738028 ],3,7,"[0.2817018170798153, 0.5849768676672948]",1562,-1
23783,[0.22646167 0.42115025],2,8,"[0.27392971195344684, 0.45973140540928376]",-1,-1
23784,[0.29769475 0.66660112],3,-1,-1,226,-1
23785,[0.59480309 0.590143  ],5,2,"[0.5921204552873188, 0.6383928111301557]",-1,-1
23786,[0.439713 0.349228],6,1,"[0.3897435781344088, 0.3417040596068965]",-1,-1
23787,[0.53696544 0.73185557],9,-1,-1,152,-1
23788,[0.33358493 0.45601882],7,8,"[0.27392971195344684, 0.45973140540928376]",-1,-1
23789,[0.38171303 0.29821039],6,1,"[0.3897435781344088, 0.3417040596068965]",1463,-1
23790,[0.39675134 0.50513037],3,0,"[0.383291892093257, 0.5586820702346661]",-1,-1
23791,[0.51360709 0.48528429],5,6,"[0.5164739970238864, 0.5319253761973344]",-1,-1
23792,[0.77756651 0.53793117],8,-1,-1,-1,-1
23793,[0.57596011 0.2513864 ],6,-1,-1,-1,-1
23794,[0.38860111 0.36991106],2,1,"[0.3897435781344088, 0.3417040596068965]",1064,-1
23795,[0.41294804 0.63133212],3,-1,-1,-1,-1
23796,[0.32172973 0.58633876],3,7,"[0.2817018170798153, 0.5849768676672948]",-1,-1
23797,[0.69942745 0.37063757],8,-1,-1,-1,-1
23798,[0.78364406 0.70994476],1,4,"[0.7726811996944247, 0.7249303226766757]",-1,0
23799,[0.5639282  0.41199618],8,-1,-1,114,-1
23800,[0.31786044 0.64361169],4,7,"[0.2817018170798153, 0.5849768676672948]",887,-1
23801,[0.73312428 0.55103889],8,-1,-1,158,-1
23802,[0.58575473 0.42604118],8,-1,-1,-1,-1
23803,[0.65991852 0.67481656],1,-1,-1,637,-1
23804,[0.33476819 0.43819209],2,8,"[0.27392971195344684, 0.45973140540928376]",941,-1
23805,[0.24692453 0.57775074],7,7,"[0.2817018170798153, 0.5849768676672948]",1563,-1
23806,[0.37090925 0.46756228],4,-1,-1,1055,-1
23807,[0.74789494 0.44624991],8,-1,-1,263,-1
23808,[0.83452287 0.69954368],1,4,"[0.7726811996944247, 0.7249303226766757]",-1,0
23809,[0.26103394 0.54587235],7,7,"[0.2817018170798153, 0.5849768676672948]",-1,-1
23810,[0.71515514 0.65040157],9,-1,-1,-1,0
23811,[0.4053708  0.54758304],5,0,"[0.383291892093257, 0.5586820702346661]",-1,-1
23812,[0.26626705 0.42112555],6,8,"[0.27392971195344684, 0.45973140540928376]",-1,-1
23813,[0.35465478 0.5267668 ],7,0,"[0.383291892093257, 0.5586820702346661]",-1,-1
23814,[0.79236485 0.71494018],1,4,"[0.7726811996944247, 0.7249303226766757]",478,0
23815,[0.80670411 0.73125203],1,4,"[0.7726811996944247, 0.7249303226766757]",457,0
23816,[0.21791882 0.29134507],0,5,"[0.23231087327800656, 0.30304944505444303]",1113,-1
23817,[0.54867745 0.67616476],9,2,"[0.5921204552873188, 0.6383928111301557]",686,-1
23818,[0.24628496 0.17777727],0,-1,-1,-1,-1
23819,[0.58093948 0.6506934 ],9,2,"[0.5921204552873188, 0.6383928111301557]",-1,-1
23820,[0.25472671 0.57547829],4,7,"[0.2817018170798153, 0.5849768676672948]",-1,-1
23821,[0.28958352 0.37463081],6,-1,-1,1092,-1
23822,[0.33453235 0.57637832],3,0,"[0.383291892093257, 0.5586820702346661]",1979,-1
23823,[0.43622292 0.58643048],3,0,"[0.383291892093257, 0.5586820702346661]",1436,-1
23824,[0.61435384 0.66537381],9,2,"[0.5921204552873188, 0.6383928111301557]",1112,-1
23825,[0.33780006 0.36626428],2,1,"[0.3897435781344088, 0.3417040596068965]",-1,-1
23826,[0.52477235 0.59002291],5,6,"[0.5164739970238864, 0.5319253761973344]",1372,-1
23827,[0.43696458 0.29898718],6,1,"[0.3897435781344088, 0.3417040596068965]",-1,-1
23828,[0.36878815 0.58030436],3,0,"[0.383291892093257, 0.5586820702346661]",-1,12
23829,[0.57368736 0.5824919 ],5,2,"[0.5921204552873188, 0.6383928111301557]",-1,6
23830,[0.18073173 0.40770325],7,-1,-1,-1,-1
23831,[0.71026103 0.72254817],1,4,"[0.7726811996944247, 0.7249303226766757]",384,0
23832,[0.34759372 0.64218919],4,-1,-1,-1,-1
23833,[0.23119484 0.27802538],2,5,"[0.23231087327800656, 0.30304944505444303]",-1,-1
23834,[0.45758104 0.49226249],5,-1,-1,666,-1
23835,[0.24087453 0.52591899],7,-1,-1,-1,-1
23836,[0.85657654 0.71201298],1,-1,-1,313,0
23837,[0.2688477  0.23565034],0,9,"[0.3110394802231661, 0.23517199738277297]",-1,-1
23838,[0.5095332  0.65882262],5,-1,-1,729,-1
23839,[0.60842438 0.48522812],8,-1,-1,837,-1
23840,[0.57769949 0.58374679],9,2,"[0.5921204552873188, 0.6383928111301557]",-1,6
23841,[0.52234148 0.6282343 ],5,-1,-1,1143,-1
23842,[0.38649801 0.30408642],6,1,"[0.3897435781344088, 0.3417040596068965]",-1,-1
23843,[0.31272733 0.53223728],7,7,"[0.2817018170798153, 0.5849768676672948]",-1,-1
23844,[0.42415146 0.48737645],6,-1,-1,-1,-1
23845,[0.29718401 0.62199783],4,7,"[0.2817018170798153, 0.5849768676672948]",1131,-1
23846,[0.59517706 0.54370567],5,-1,-1,-1,-1
23847,[0.35972738 0.50705571],3,0,"[0.383291892093257, 0.5586820702346661]",1897,-1
23848,[0.15650319 0.33855051],0,-1,-1,108,-1
23849,[0.28282558 0.27188075],0,9,"[0.3110394802231661, 0.23517199738277297]",1627,-1
23850,[0.20686557 0.28615683],0,5,"[0.23231087327800656, 0.30304944505444303]",1109,-1
23851,[0.19733501 0.22707529],0,-1,-1,557,-1
23852,[0.29802993 0.53523099],4,7,"[0.2817018170798153, 0.5849768676672948]",1895,-1
23853,[0.44990146 0.34453016],6,1,"[0.3897435781344088, 0.3417040596068965]",-1,-1
23854,[0.72895213 0.61551641],8,-1,-1,-1,0
23855,[0.36494601 0.43794359],7,-1,-1,879,-1
23856,[0.46032574 0.63388847],5,-1,-1,-1,-1
23857,[0.23098476 0.34483399],2,5,"[0.23231087327800656, 0.30304944505444303]",1522,-1
23858,[0.44128019 0.53176222],5,0,"[0.383291892093257, 0.5586820702346661]",-1,-1
23859,[0.59688552 0.60044769],9,2,"[0.5921204552873188, 0.6383928111301557]",-1,-1
23860,[0.33767892 0.3330515 ],6,1,"[0.3897435781344088, 0.3417040596068965]",-1,-1
23861,[0.21387458 0.53929832],7,-1,-1,-1,-1
23862,[0.2512539  0.22636768],0,9,"[0.3110394802231661, 0.23517199738277297]",985,-1
23863,[0.32875609 0.59423543],4,7,"[0.2817018170798153, 0.5849768676672948]",1942,-1
23864,[0.16933377 0.24849402],2,-1,-1,172,-1
23865,[0.31889807 0.5818128 ],3,7,"[0.2817018170798153, 0.5849768676672948]",1963,-1
23866,[0.20558604 0.45816919],7,8,"[0.27392971195344684, 0.45973140540928376]",330,-1
23867,[0.52058466 0.58976117],5,6,"[0.5164739970238864, 0.5319253761973344]",1382,-1
23868,[0.26725535 0.54319306],4,7,"[0.2817018170798153, 0.5849768676672948]",1743,-1
23869,[0.33932377 0.15268722],6,-1,-1,-1,-1
23870,[0.35785668 0.48394174],3,-1,-1,1746,-1
23871,[0.27599578 0.56658392],4,7,"[0.2817018170798153, 0.5849768676672948]",-1,-1
23872,[0.28500439 0.52308437],3,7,"[0.2817018170798153, 0.5849768676672948]",1885,14
23873,[0.68801085 0.44396847],8,3,"[0.6815204869410737, 0.47689852788858716]",-1,-1
23874,[0.58935813 0.57210967],9,2,"[0.5921204552873188, 0.6383928111301557]",1326,5
23875,[0.41651384 0.33859682],6,1,"[0.3897435781344088, 0.3417040596068965]",-1,-1
23876,[0.34979494 0.19080195],6,9,"[0.3110394802231661, 0.23517199738277297]",-1,-1
23877,[0.2286205  0.51927927],7,-1,-1,-1,-1
23878,[0.33775135 0.55219984],4,0,"[0.383291892093257, 0.5586820702346661]",1957,-1
23879,[0.56643748 0.70885385],9,-1,-1,-1,-1
23880,[0.44285167 0.61555626],4,-1,-1,-1,-1
23881,[0.763581  0.6311665],8,-1,-1,-1,0
23882,[0.21183096 0.12033806],0,-1,-1,-1,-1
23883,[0.31381139 0.63132322],4,7,"[0.2817018170798153, 0.5849768676672948]",1297,-1
23884,[0.33276558 0.61274091],3,7,"[0.2817018170798153, 0.5849768676672948]",1544,-1
23885,[0.32354548 0.4592291 ],7,8,"[0.27392971195344684, 0.45973140540928376]",-1,-1
23886,[0.35908499 0.64246268],4,-1,-1,1206,-1
23887,[0.73602635 0.51482641],8,3,"[0.6815204869410737, 0.47689852788858716]",480,-1
23888,[0.76582002 0.79169121],1,4,"[0.7726811996944247, 0.7249303226766757]",369,0
23889,[0.6694491  0.52005667],8,3,"[0.6815204869410737, 0.47689852788858716]",828,-1
23890,[0.2929005  0.60022872],4,7,"[0.2817018170798153, 0.5849768676672948]",1693,-1
23891,[0.50442567 0.47064878],5,6,"[0.5164739970238864, 0.5319253761973344]",248,-1
23892,[0.19856816 0.25632848],0,5,"[0.23231087327800656, 0.30304944505444303]",-1,-1
23893,[0.66710871 0.51005165],8,3,"[0.6815204869410737, 0.47689852788858716]",-1,2
23894,[0.30883754 0.33186166],0,-1,-1,1678,8
23895,[0.26220136 0.27212273],0,5,"[0.23231087327800656, 0.30304944505444303]",1534,-1
23896,[0.69150168 0.4271791 ],8,3,"[0.6815204869410737, 0.47689852788858716]",597,-1
23897,[0.55130729 0.55795459],5,6,"[0.5164739970238864, 0.5319253761973344]",-1,6
23898,[0.46335527 0.34551687],6,-1,-1,531,-1
23899,[0.75300621 0.73646336],1,4,"[0.7726811996944247, 0.7249303226766757]",-1,0
23900,[0.64952573 0.46394584],8,3,"[0.6815204869410737, 0.47689852788858716]",-1,-1
23901,[0.67802968 0.49722539],8,3,"[0.6815204869410737, 0.47689852788858716]",-1,-1
23902,[0.26285952 0.55864754],4,7,"[0.2817018170798153, 0.5849768676672948]",-1,-1
23903,[0.35582879 0.42336433],6,-1,-1,883,-1
23904,[0.65406637 0.54285419],5,-1,-1,-1,-1
23905,[0.22023798 0.23568652],0,5,"[0.23231087327800656, 0.30304944505444303]",872,-1
23906,[0.37960686 0.32644933],2,1,"[0.3897435781344088, 0.3417040596068965]",1476,-1
23907,[0.49328026 0.29349082],6,-1,-1,-1,-1
23908,[0.802899   0.74198289],1,4,"[0.7726811996944247, 0.7249303226766757]",450,0
23909,[0.46037378 0.35481186],6,-1,-1,-1,-1
23910,[0.74574088 0.53693645],9,-1,-1,-1,-1
23911,[0.594639   0.65730827],9,2,"[0.5921204552873188, 0.6383928111301557]",1125,-1
23912,[0.58353248 0.51756061],5,6,"[0.5164739970238864, 0.5319253761973344]",1035,-1
23913,[0.8204857  0.47809794],8,-1,-1,16,-1
23914,[0.29508518 0.3542286 ],2,-1,-1,-1,-1
23915,[0.91524152 0.74106759],1,-1,-1,5,-1
23916,[0.71135467 0.52207483],9,3,"[0.6815204869410737, 0.47689852788858716]",569,-1
23917,[0.85362705 0.70107083],1,-1,-1,-1,0
23918,[0.29356223 0.54552844],3,7,"[0.2817018170798153, 0.5849768676672948]",1907,-1
23919,[0.35566125 0.22958393],6,9,"[0.3110394802231661, 0.23517199738277297]",-1,-1
23920,[0.18760478 0.34591523],2,5,"[0.23231087327800656, 0.30304944505444303]",-1,-1
23921,[0.21727881 0.29121172],0,5,"[0.23231087327800656, 0.30304944505444303]",1113,-1
23922,[0.24117194 0.28174497],0,5,"[0.23231087327800656, 0.30304944505444303]",1531,-1
23923,[0.65359958 0.55977088],8,-1,-1,-1,-1
23924,[0.29819647 0.33113322],2,-1,-1,-1,-1
23925,[0.51384505 0.67553815],9,-1,-1,-1,-1
23926,[0.25823751 0.63257362],3,7,"[0.2817018170798153, 0.5849768676672948]",-1,-1
23927,[0.31374888 0.55971299],4,7,"[0.2817018170798153, 0.5849768676672948]",1968,-1
23928,[0.74330992 0.69757378],1,4,"[0.7726811996944247, 0.7249303226766757]",435,0
23929,[0.20212564 0.56271371],7,-1,-1,-1,-1
23930,[0.29104508 0.58608224],4,7,"[0.2817018170798153, 0.5849768676672948]",1810,-1
23931,[0.3464238  0.67118456],4,-1,-1,298,-1
23932,[0.71549639 0.62693067],9,-1,-1,-1,-1
23933,[0.38397331 0.30166573],6,1,"[0.3897435781344088, 0.3417040596068965]",1463,-1
23934,[0.32096895 0.48236691],3,8,"[0.27392971195344684, 0.45973140540928376]",-1,-1
23935,[0.40416728 0.39467235],6,1,"[0.3897435781344088, 0.3417040596068965]",762,-1
23936,[0.47082173 0.50447093],5,6,"[0.5164739970238864, 0.5319253761973344]",753,-1
23937,[0.31642994 0.31783771],6,-1,-1,-1,-1
23938,[0.33389477 0.55959987],7,0,"[0.383291892093257, 0.5586820702346661]",1971,-1
23939,[0.54717929 0.57535048],5,6,"[0.5164739970238864, 0.5319253761973344]",1410,6
23940,[0.24611159 0.39777277],2,8,"[0.27392971195344684, 0.45973140540928376]",649,-1
23941,[0.54027878 0.64364032],9,2,"[0.5921204552873188, 0.6383928111301557]",-1,-1
23942,[0.86614535 0.74882641],1,-1,-1,130,0
23943,[0.59034086 0.50294268],5,-1,-1,841,-1
23944,[0.57669907 0.52425907],8,6,"[0.5164739970238864, 0.5319253761973344]",-1,-1
23945,[0.27732477 0.50055669],7,8,"[0.27392971195344684, 0.45973140540928376]",-1,-1
23946,[0.36852878 0.50609413],7,0,"[0.383291892093257, 0.5586820702346661]",1751,-1
23947,[0.3128497  0.34315027],0,-1,-1,-1,8
23948,[0.48883189 0.55979425],5,6,"[0.5164739970238864, 0.5319253761973344]",1184,-1
23949,[0.6207725  0.69350697],9,2,"[0.5921204552873188, 0.6383928111301557]",663,-1
23950,[0.5434219  0.56001396],5,6,"[0.5164739970238864, 0.5319253761973344]",1406,6
23951,[0.286212   0.31985005],2,5,"[0.23231087327800656, 0.30304944505444303]",1610,-1
23952,[0.26302708 0.5645073 ],3,7,"[0.2817018170798153, 0.5849768676672948]",1851,-1
23953,[0.33021896 0.53287252],4,0,"[0.383291892093257, 0.5586820702346661]",-1,-1
23954,[0.28401987 0.56144979],4,7,"[0.2817018170798153, 0.5849768676672948]",-1,13
23955,[0.31539738 0.51527253],7,8,"[0.27392971195344684, 0.45973140540928376]",1922,-1
23956,[0.23502957 0.19564434],2,-1,-1,-1,-1
23957,[0.26320291 0.2729466 ],0,5,"[0.23231087327800656, 0.30304944505444303]",1534,-1
23958,[0.39103965 0.58944411],4,0,"[0.383291892093257, 0.5586820702346661]",1722,-1
23959,[0.9848972 0.6814482],1,-1,-1,-1,-1
23960,[0.16127164 0.52215506],7,-1,-1,-1,-1
23961,[0.30589542 0.27370797],0,9,"[0.3110394802231661, 0.23517199738277297]",1511,-1
23962,[0.2430201  0.41207025],7,8,"[0.27392971195344684, 0.45973140540928376]",697,-1
23963,[0.32019592 0.39747236],6,-1,-1,-1,-1
23964,[0.25661096 0.32978195],0,5,"[0.23231087327800656, 0.30304944505444303]",-1,-1
23965,[0.3966634  0.56135184],3,0,"[0.383291892093257, 0.5586820702346661]",-1,-1
23966,[0.55429668 0.47064494],5,-1,-1,-1,-1
23967,[0.7655606  0.69155831],1,4,"[0.7726811996944247, 0.7249303226766757]",-1,0
23968,[0.23080933 0.62976883],3,7,"[0.2817018170798153, 0.5849768676672948]",-1,-1
23969,[0.24095415 0.66323396],4,-1,-1,-1,-1
23970,[0.52320786 0.40349312],6,-1,-1,-1,-1
23971,[0.31519379 0.58369957],3,7,"[0.2817018170798153, 0.5849768676672948]",1967,17
23972,[0.59454427 0.34837138],8,-1,-1,-1,-1
23973,[0.37561675 0.57110768],4,0,"[0.383291892093257, 0.5586820702346661]",-1,-1
23974,[0.54933208 0.59186364],9,2,"[0.5921204552873188, 0.6383928111301557]",-1,6
23975,[0.67517584 0.46184565],8,3,"[0.6815204869410737, 0.47689852788858716]",735,-1
23976,[0.35447555 0.38532286],6,1,"[0.3897435781344088, 0.3417040596068965]",-1,-1
23977,[0.33950852 0.24989976],0,9,"[0.3110394802231661, 0.23517199738277297]",-1,-1
23978,[0.73875251 0.72872674],1,4,"[0.7726811996944247, 0.7249303226766757]",411,0
23979,[0.3929893  0.43440175],7,-1,-1,-1,-1
23980,[0.62758593 0.51183506],8,3,"[0.6815204869410737, 0.47689852788858716]",869,-1
23981,[0.27203906 0.53612325],7,7,"[0.2817018170798153, 0.5849768676672948]",-1,-1
23982,[0.38556736 0.52322613],3,0,"[0.383291892093257, 0.5586820702346661]",1777,-1
23983,[0.71915791 0.78684349],1,-1,-1,224,0
23984,[0.29014341 0.42728681],2,8,"[0.27392971195344684, 0.45973140540928376]",1075,-1
23985,[0.28953118 0.58894629],7,7,"[0.2817018170798153, 0.5849768676672948]",1810,-1
23986,[0.61474359 0.54489346],8,-1,-1,734,-1
23987,[0.35990866 0.59738924],5,0,"[0.383291892093257, 0.5586820702346661]",1817,-1
23988,[0.81544989 0.44886073],8,-1,-1,-1,-1
23989,[0.35882541 0.34985722],6,1,"[0.3897435781344088, 0.3417040596068965]",1350,-1
23990,[0.37027606 0.64377422],4,-1,-1,-1,-1
23991,[0.47039395 0.28058819],6,-1,-1,272,-1
23992,[0.33231175 0.56968933],4,0,"[0.383291892093257, 0.5586820702346661]",-1,-1
23993,[0.27128438 0.24719278],0,9,"[0.3110394802231661, 0.23517199738277297]",1524,-1
23994,[0.23481092 0.28722041],2,5,"[0.23231087327800656, 0.30304944505444303]",1531,-1
23995,[0.8156775  0.47549362],8,-1,-1,-1,-1
23996,[0.47458699 0.34170769],6,-1,-1,529,-1
23997,[0.27646119 0.4554503 ],4,8,"[0.27392971195344684, 0.45973140540928376]",1248,-1
23998,[0.70037303 0.53943907],8,3,"[0.6815204869410737, 0.47689852788858716]",-1,-1
23999,[0.40003201 0.40541998],7,1,"[0.3897435781344088, 0.3417040596068965]",-1,-1
24000,[0.12649369 0.22507434],0,-1,-1,-1,-1
24001,[0.2654942  0.53632918],7,7,"[0.2817018170798153, 0.5849768676672948]",1743,-1
24002,[0.42455219 0.48244433],3,-1,-1,767,-1
24003,[0.42707929 0.54049186],3,0,"[0.383291892093257, 0.5586820702346661]",-1,-1
24004,[0.34153717 0.30636453],6,1,"[0.3897435781344088, 0.3417040596068965]",-1,-1
24005,[0.34283104 0.69994941],4,-1,-1,66,-1
24006,[0.33130454 0.20754533],0,9,"[0.3110394802231661, 0.23517199738277297]",674,-1
24007,[0.30292216 0.61295237],4,7,"[0.2817018170798153, 0.5849768676672948]",-1,-1
24008,[0.38031143 0.50809878],4,0,"[0.383291892093257, 0.5586820702346661]",-1,-1
24009,[0.34708343 0.71494175],3,-1,-1,-1,-1
24010,[0.48614948 0.40437831],5,-1,-1,-1,-1
24011,[0.69407574 0.58961776],8,-1,-1,-1,-1
24012,[0.29143598 0.55262331],3,7,"[0.2817018170798153, 0.5849768676672948]",-1,-1
24013,[0.77380098 0.71027313],1,4,"[0.7726811996944247, 0.7249303226766757]",-1,0
24014,[0.7430159  0.52550099],8,-1,-1,-1,-1
24015,[0.37755981 0.42639517],6,-1,-1,683,-1
24016,[0.36643299 0.35568912],2,1,"[0.3897435781344088, 0.3417040596068965]",1245,-1
24017,[0.62189684 0.42463776],8,-1,-1,-1,-1
24018,[0.14551354 0.55399995],7,-1,-1,35,-1
24019,[0.40874938 0.23214976],6,-1,-1,-1,-1
24020,[0.44524751 0.40437154],6,-1,-1,-1,-1
24021,[0.46414526 0.62023846],3,-1,-1,704,-1
24022,[0.56879767 0.48407827],5,-1,-1,-1,-1
24023,[0.36569052 0.56089782],3,0,"[0.383291892093257, 0.5586820702346661]",1856,12
24024,[0.76821397 0.83636189],1,-1,-1,-1,-1
24025,[0.28672057 0.5233149 ],4,7,"[0.2817018170798153, 0.5849768676672948]",1885,14
24026,[0.35904187 0.45498043],4,-1,-1,860,-1
24027,[0.21771911 0.61294497],4,7,"[0.2817018170798153, 0.5849768676672948]",-1,-1
24028,[0.6637627 0.4336936],8,3,"[0.6815204869410737, 0.47689852788858716]",732,-1
24029,[0.38666038 0.60625621],4,0,"[0.383291892093257, 0.5586820702346661]",-1,-1
24030,[0.30001743 0.65930869],4,-1,-1,-1,-1
24031,[0.40066366 0.5128638 ],3,0,"[0.383291892093257, 0.5586820702346661]",-1,-1
24032,[0.38443545 0.48391048],2,-1,-1,1042,-1
24033,[0.49489526 0.49018086],5,6,"[0.5164739970238864, 0.5319253761973344]",605,-1
24034,[0.48621113 0.53857296],3,6,"[0.5164739970238864, 0.5319253761973344]",-1,-1
24035,[0.34145513 0.5510104 ],4,0,"[0.383291892093257, 0.5586820702346661]",-1,-1
24036,[0.30922534 0.24283754],2,9,"[0.3110394802231661, 0.23517199738277297]",1498,-1
24037,[0.6743556  0.59251558],8,-1,-1,338,-1
24038,[0.22158316 0.52921089],7,-1,-1,-1,-1
24039,[0.40122309 0.5520729 ],3,0,"[0.383291892093257, 0.5586820702346661]",-1,-1
24040,[0.55662851 0.44643008],5,-1,-1,249,-1
24041,[0.27794914 0.57580357],4,7,"[0.2817018170798153, 0.5849768676672948]",-1,-1
24042,[0.19989209 0.30744733],0,5,"[0.23231087327800656, 0.30304944505444303]",777,-1
24043,[0.61279416 0.62853725],5,2,"[0.5921204552873188, 0.6383928111301557]",-1,-1
24044,[0.87715046 0.76784375],1,-1,-1,-1,-1
24045,[0.39461027 0.45512141],4,-1,-1,584,-1
24046,[0.73455098 0.39049499],8,-1,-1,-1,-1
24047,[0.32175914 0.53207727],7,7,"[0.2817018170798153, 0.5849768676672948]",-1,-1
24048,[0.88060666 0.67674932],1,-1,-1,-1,-1
24049,[0.20362593 0.32125507],0,5,"[0.23231087327800656, 0.30304944505444303]",1038,-1
24050,[0.30004678 0.28458294],0,9,"[0.3110394802231661, 0.23517199738277297]",-1,-1
24051,[0.39143022 0.33895874],6,1,"[0.3897435781344088, 0.3417040596068965]",1476,-1
24052,[0.32047137 0.42353305],4,8,"[0.27392971195344684, 0.45973140540928376]",1017,-1
24053,[0.34451582 0.6418098 ],4,-1,-1,900,-1
24054,[0.39381144 0.3713889 ],6,1,"[0.3897435781344088, 0.3417040596068965]",-1,-1
24055,[0.29816305 0.31468367],2,5,"[0.23231087327800656, 0.30304944505444303]",1661,-1
24056,[0.29629407 0.65681519],4,-1,-1,-1,-1
24057,[0.41962454 0.56858617],4,0,"[0.383291892093257, 0.5586820702346661]",1467,-1
24058,[0.60857735 0.55584367],8,-1,-1,1311,-1
24059,[0.21507851 0.28034125],2,5,"[0.23231087327800656, 0.30304944505444303]",-1,-1
24060,[0.79727931 0.82323211],1,-1,-1,141,-1
24061,[0.28072721 0.28434219],2,5,"[0.23231087327800656, 0.30304944505444303]",-1,-1
24062,[0.46462075 0.40325237],5,-1,-1,207,-1
24063,[0.36891449 0.53756698],3,0,"[0.383291892093257, 0.5586820702346661]",1806,-1
24064,[0.38367451 0.37114377],6,1,"[0.3897435781344088, 0.3417040596068965]",-1,-1
24065,[0.29850874 0.49331303],7,8,"[0.27392971195344684, 0.45973140540928376]",-1,-1
24066,[0.38917869 0.34257022],6,1,"[0.3897435781344088, 0.3417040596068965]",-1,-1
24067,[0.33326385 0.560039  ],7,0,"[0.383291892093257, 0.5586820702346661]",1971,-1
24068,[0.41586852 0.47432688],3,-1,-1,716,-1
24069,[0.57420156 0.60572587],5,2,"[0.5921204552873188, 0.6383928111301557]",1415,-1
24070,[0.60572016 0.6382071 ],9,2,"[0.5921204552873188, 0.6383928111301557]",1332,-1
24071,[0.33943271 0.27416459],2,9,"[0.3110394802231661, 0.23517199738277297]",1119,-1
24072,[0.32273889 0.3671271 ],6,-1,-1,1392,-1
24073,[0.39822574 0.60919843],3,0,"[0.383291892093257, 0.5586820702346661]",-1,-1
24074,[0.36542212 0.29329411],2,1,"[0.3897435781344088, 0.3417040596068965]",1542,-1
24075,[0.34204925 0.29254229],0,9,"[0.3110394802231661, 0.23517199738277297]",1666,-1
24076,[0.51759279 0.60974745],9,-1,-1,-1,-1
24077,[0.69012946 0.56284755],8,-1,-1,-1,-1
24078,[0.20314268 0.24925367],2,5,"[0.23231087327800656, 0.30304944505444303]",-1,-1
24079,[0.20802631 0.18368449],0,-1,-1,-1,-1
24080,[0.46959599 0.52377197],5,6,"[0.5164739970238864, 0.5319253761973344]",1002,-1
24081,[0.75680579 0.7528435 ],1,4,"[0.7726811996944247, 0.7249303226766757]",-1,0
24082,[0.39094197 0.40190985],6,1,"[0.3897435781344088, 0.3417040596068965]",-1,-1
24083,[0.76180548 0.50842354],8,-1,-1,-1,-1
24084,[0.83000117 0.76980491],1,-1,-1,314,0
24085,[0.31970047 0.17840824],0,9,"[0.3110394802231661, 0.23517199738277297]",232,-1
24086,[0.68137879 0.5716958 ],8,-1,-1,464,-1
24087,[0.37533962 0.28414511],0,1,"[0.3897435781344088, 0.3417040596068965]",-1,-1
24088,[0.31077477 0.55239785],7,7,"[0.2817018170798153, 0.5849768676672948]",-1,17
24089,[0.30935883 0.292415  ],2,9,"[0.3110394802231661, 0.23517199738277297]",1614,11
24090,[0.63149131 0.46353595],8,3,"[0.6815204869410737, 0.47689852788858716]",-1,-1
24091,[0.30441618 0.48579239],6,8,"[0.27392971195344684, 0.45973140540928376]",-1,-1
24092,[0.6583383  0.63739081],1,2,"[0.5921204552873188, 0.6383928111301557]",580,-1
24093,[0.53280927 0.46195193],5,-1,-1,556,-1
24094,[0.57816109 0.48301006],5,-1,-1,-1,-1
24095,[0.35974854 0.2601177 ],6,9,"[0.3110394802231661, 0.23517199738277297]",-1,-1
24096,[0.22281102 0.37711969],2,-1,-1,-1,-1
24097,[0.2733128  0.26663001],0,9,"[0.3110394802231661, 0.23517199738277297]",-1,-1
24098,[0.32163018 0.56646083],7,7,"[0.2817018170798153, 0.5849768676672948]",-1,17
24099,[0.41610094 0.30649834],6,1,"[0.3897435781344088, 0.3417040596068965]",-1,-1
24100,[0.30554382 0.5902953 ],3,7,"[0.2817018170798153, 0.5849768676672948]",1820,-1
24101,[0.63003899 0.41853836],8,-1,-1,264,-1
24102,[0.33375802 0.5950878 ],4,7,"[0.2817018170798153, 0.5849768676672948]",-1,-1
24103,[0.34571312 0.54936848],4,0,"[0.383291892093257, 0.5586820702346661]",-1,-1
24104,[0.29845532 0.37387512],0,-1,-1,-1,-1
24105,[0.37258756 0.3300195 ],6,1,"[0.3897435781344088, 0.3417040596068965]",-1,-1
24106,[0.23082102 0.38601471],7,-1,-1,912,-1
24107,[0.45294564 0.57572499],3,-1,-1,1222,-1
24108,[0.36504695 0.54707631],4,0,"[0.383291892093257, 0.5586820702346661]",1790,-1
24109,[0.36916046 0.57657725],3,0,"[0.383291892093257, 0.5586820702346661]",-1,-1
24110,[0.30257824 0.33165348],0,-1,-1,1660,-1
24111,[0.30115049 0.19237464],0,9,"[0.3110394802231661, 0.23517199738277297]",425,-1
24112,[0.42119959 0.48737649],3,-1,-1,-1,-1
24113,[0.46626331 0.57307835],3,6,"[0.5164739970238864, 0.5319253761973344]",-1,-1
24114,[0.25513166 0.26270065],0,5,"[0.23231087327800656, 0.30304944505444303]",-1,-1
24115,[0.43460873 0.64261733],5,-1,-1,481,-1
24116,[0.70292093 0.42111376],8,3,"[0.6815204869410737, 0.47689852788858716]",593,-1
24117,[0.19557649 0.3467444 ],0,5,"[0.23231087327800656, 0.30304944505444303]",-1,-1
24118,[0.83917104 0.7538776 ],1,-1,-1,406,0
24119,[0.56099995 0.6514598 ],9,2,"[0.5921204552873188, 0.6383928111301557]",-1,-1
24120,[0.54906854 0.55408684],5,6,"[0.5164739970238864, 0.5319253761973344]",1406,6
24121,[0.46349547 0.56364006],3,6,"[0.5164739970238864, 0.5319253761973344]",-1,-1
24122,[0.39731051 0.41987646],6,-1,-1,-1,-1
24123,[0.58090149 0.69528644],9,2,"[0.5921204552873188, 0.6383928111301557]",-1,-1
24124,[0.26264794 0.62426244],4,7,"[0.2817018170798153, 0.5849768676672948]",496,-1
24125,[0.47977992 0.3684257 ],6,-1,-1,208,-1
24126,[0.26655545 0.56429504],3,7,"[0.2817018170798153, 0.5849768676672948]",1851,-1
24127,[0.26489689 0.32611474],2,5,"[0.23231087327800656, 0.30304944505444303]",1585,-1
24128,[0.3118798  0.12713857],0,-1,-1,-1,-1
24129,[0.24852586 0.53632035],4,7,"[0.2817018170798153, 0.5849768676672948]",1482,-1
24130,[0.25119301 0.70770037],4,-1,-1,6,-1
24131,[0.4069724  0.39242812],6,1,"[0.3897435781344088, 0.3417040596068965]",-1,-1
24132,[0.58437753 0.49635239],8,-1,-1,-1,-1
24133,[0.32798294 0.25814181],6,9,"[0.3110394802231661, 0.23517199738277297]",1484,-1
24134,[0.37241917 0.57509543],3,0,"[0.383291892093257, 0.5586820702346661]",1860,12
24135,[0.42605661 0.51567138],3,0,"[0.383291892093257, 0.5586820702346661]",1439,-1
24136,[0.31436176 0.34191206],2,-1,-1,1623,8
24137,[0.40798797 0.60831896],4,0,"[0.383291892093257, 0.5586820702346661]",-1,-1
24138,[0.47141893 0.56443669],5,6,"[0.5164739970238864, 0.5319253761973344]",-1,-1
24139,[0.3034054  0.31024686],6,-1,-1,-1,-1
24140,[0.53789865 0.51583266],5,6,"[0.5164739970238864, 0.5319253761973344]",-1,-1
24141,[0.27169217 0.53749529],7,7,"[0.2817018170798153, 0.5849768676672948]",-1,-1
24142,[0.5415812 0.6192115],5,2,"[0.5921204552873188, 0.6383928111301557]",1270,-1
24143,[0.48188232 0.56865915],3,6,"[0.5164739970238864, 0.5319253761973344]",-1,-1
24144,[0.35530514 0.41492726],2,-1,-1,882,-1
24145,[0.25983057 0.48302526],4,8,"[0.27392971195344684, 0.45973140540928376]",1709,-1
24146,[0.48482256 0.20608346],6,-1,-1,-1,-1
24147,[0.27397001 0.51065238],4,8,"[0.27392971195344684, 0.45973140540928376]",-1,-1
24148,[0.59310056 0.6050773 ],5,2,"[0.5921204552873188, 0.6383928111301557]",1428,-1
24149,[0.50433098 0.38793782],6,-1,-1,-1,-1
24150,[0.62636391 0.5010948 ],8,3,"[0.6815204869410737, 0.47689852788858716]",-1,-1
24151,[0.58373315 0.64581804],9,2,"[0.5921204552873188, 0.6383928111301557]",1189,-1
24152,[0.54949428 0.60458319],9,2,"[0.5921204552873188, 0.6383928111301557]",-1,-1
24153,[0.14068879 0.2081026 ],0,-1,-1,-1,-1
24154,[0.13099011 0.21795737],0,-1,-1,61,-1
24155,[0.55090314 0.50138326],5,6,"[0.5164739970238864, 0.5319253761973344]",792,-1
24156,[0.21549565 0.5449509 ],7,-1,-1,644,-1
24157,[0.71752115 0.47874963],8,3,"[0.6815204869410737, 0.47689852788858716]",779,-1
24158,[0.35839888 0.59963906],4,0,"[0.383291892093257, 0.5586820702346661]",1817,-1
24159,[0.28224085 0.27636787],0,9,"[0.3110394802231661, 0.23517199738277297]",-1,-1
24160,[0.87708479 0.76337316],1,-1,-1,-1,-1
24161,[0.54341111 0.42002123],5,-1,-1,-1,-1
24162,[0.4456652  0.28263285],6,-1,-1,-1,-1
24163,[0.32902632 0.24970286],0,9,"[0.3110394802231661, 0.23517199738277297]",1489,-1
24164,[0.40467623 0.52781186],3,0,"[0.383291892093257, 0.5586820702346661]",1641,-1
24165,[0.29788662 0.41407303],2,8,"[0.27392971195344684, 0.45973140540928376]",1074,-1
24166,[0.76768598 0.47776818],8,-1,-1,186,-1
24167,[0.14977905 0.53421653],7,-1,-1,-1,-1
24168,[0.26808903 0.56366079],3,7,"[0.2817018170798153, 0.5849768676672948]",-1,-1
24169,[0.69784499 0.38766231],8,-1,-1,217,-1
24170,[0.73184754 0.47132145],8,3,"[0.6815204869410737, 0.47689852788858716]",-1,-1
24171,[0.40281685 0.261007  ],6,-1,-1,842,-1
24172,[0.2452911  0.41576627],7,8,"[0.27392971195344684, 0.45973140540928376]",-1,-1
24173,[0.63818634 0.65549133],9,2,"[0.5921204552873188, 0.6383928111301557]",-1,-1
24174,[0.4293846  0.59182193],5,0,"[0.383291892093257, 0.5586820702346661]",1703,-1
24175,[0.55763752 0.54679826],9,6,"[0.5164739970238864, 0.5319253761973344]",1409,6
24176,[0.36153055 0.50365363],3,0,"[0.383291892093257, 0.5586820702346661]",-1,-1
24177,[0.80462453 0.65290628],1,-1,-1,-1,0
24178,[0.41883185 0.19264947],6,-1,-1,-1,-1
24179,[0.27411214 0.34920576],2,5,"[0.23231087327800656, 0.30304944505444303]",1550,-1
24180,[0.77901198 0.61419838],1,-1,-1,79,-1
24181,[0.20149256 0.43952317],7,-1,-1,-1,-1
24182,[0.76868521 0.72357144],1,4,"[0.7726811996944247, 0.7249303226766757]",469,0
24183,[0.66361716 0.34033997],8,-1,-1,-1,-1
24184,[0.31318882 0.31361157],0,-1,-1,-1,-1
24185,[0.27190472 0.34460038],2,5,"[0.23231087327800656, 0.30304944505444303]",-1,-1
24186,[0.33909085 0.69452425],4,-1,-1,66,-1
24187,[0.33813121 0.4397164 ],7,8,"[0.27392971195344684, 0.45973140540928376]",941,-1
24188,[0.2835164  0.63933127],4,7,"[0.2817018170798153, 0.5849768676672948]",-1,-1
24189,[0.28964364 0.27527135],2,9,"[0.3110394802231661, 0.23517199738277297]",1555,-1
24190,[0.31852847 0.34449676],2,-1,-1,1624,8
24191,[0.42486216 0.38643974],6,1,"[0.3897435781344088, 0.3417040596068965]",761,-1
24192,[0.30180795 0.29635645],2,9,"[0.3110394802231661, 0.23517199738277297]",1690,11
24193,[0.51092731 0.58529677],9,6,"[0.5164739970238864, 0.5319253761973344]",1377,-1
24194,[0.32355868 0.4514348 ],4,8,"[0.27392971195344684, 0.45973140540928376]",-1,-1
24195,[0.67595056 0.67718458],1,-1,-1,385,-1
24196,[0.6806995  0.61256559],9,-1,-1,-1,-1
24197,[0.28312028 0.37632106],2,-1,-1,1099,-1
24198,[0.23933544 0.36862088],2,5,"[0.23231087327800656, 0.30304944505444303]",1149,-1
24199,[0.68746857 0.53870937],8,3,"[0.6815204869410737, 0.47689852788858716]",673,-1
24200,[0.39897233 0.52465847],3,0,"[0.383291892093257, 0.5586820702346661]",-1,-1
24201,[0.58350585 0.66058006],9,2,"[0.5921204552873188, 0.6383928111301557]",-1,-1
24202,[0.68175505 0.45256367],8,3,"[0.6815204869410737, 0.47689852788858716]",735,-1
24203,[0.31821477 0.50293164],4,8,"[0.27392971195344684, 0.45973140540928376]",-1,-1
24204,[0.63866595 0.64126012],9,2,"[0.5921204552873188, 0.6383928111301557]",-1,-1
24205,[0.55838016 0.70039773],9,-1,-1,-1,-1
24206,[0.76015491 0.46966694],8,-1,-1,186,-1
24207,[0.5237011 0.5669532],9,6,"[0.5164739970238864, 0.5319253761973344]",1371,-1
24208,[0.38199227 0.43305044],5,-1,-1,683,-1
24209,[0.2040699  0.34842568],2,5,"[0.23231087327800656, 0.30304944505444303]",-1,-1
24210,[0.210329   0.42839062],7,-1,-1,333,-1
24211,[0.18632239 0.34030934],0,5,"[0.23231087327800656, 0.30304944505444303]",764,-1
24212,[0.33538225 0.32993315],6,1,"[0.3897435781344088, 0.3417040596068965]",-1,-1
24213,[0.75991513 0.70483825],1,4,"[0.7726811996944247, 0.7249303226766757]",460,0
24214,[0.34806276 0.22397429],0,9,"[0.3110394802231661, 0.23517199738277297]",566,-1
24215,[0.39670992 0.43630251],6,-1,-1,-1,-1
24216,[0.3291331  0.24429996],6,9,"[0.3110394802231661, 0.23517199738277297]",-1,-1
24217,[0.51747107 0.6024527 ],9,-1,-1,1230,-1
24218,[0.52539285 0.67079233],9,-1,-1,-1,-1
24219,[0.44882619 0.29842596],6,-1,-1,472,-1
24220,[0.36475218 0.6042655 ],4,0,"[0.383291892093257, 0.5586820702346661]",-1,-1
24221,[0.70783526 0.54202254],8,-1,-1,519,-1
24222,[0.54014689 0.50893149],5,6,"[0.5164739970238864, 0.5319253761973344]",1140,-1
24223,[0.41341657 0.39014378],6,1,"[0.3897435781344088, 0.3417040596068965]",763,-1
24224,[0.77589006 0.64511895],1,-1,-1,-1,0
24225,[0.35279042 0.37024187],6,1,"[0.3897435781344088, 0.3417040596068965]",1079,-1
24226,[0.81169677 0.70553108],1,4,"[0.7726811996944247, 0.7249303226766757]",-1,0
24227,[0.34587431 0.35501609],2,1,"[0.3897435781344088, 0.3417040596068965]",1353,-1
24228,[0.30790744 0.34295079],6,-1,-1,1593,8
24229,[0.8045532  0.67537711],1,4,"[0.7726811996944247, 0.7249303226766757]",359,0
24230,[0.21996634 0.60177623],4,7,"[0.2817018170798153, 0.5849768676672948]",-1,-1
24231,[0.26501607 0.21483758],0,9,"[0.3110394802231661, 0.23517199738277297]",-1,-1
24232,[0.44460844 0.61988471],3,-1,-1,707,-1
24233,[0.35781227 0.21419737],0,9,"[0.3110394802231661, 0.23517199738277297]",-1,-1
24234,[0.59235869 0.51728673],8,-1,-1,1102,-1
24235,[0.56397446 0.61385991],5,2,"[0.5921204552873188, 0.6383928111301557]",-1,-1
24236,[0.46758356 0.59739928],5,-1,-1,1235,-1
24237,[0.48191652 0.34012126],6,-1,-1,-1,-1
24238,[0.79234235 0.43736238],8,-1,-1,-1,-1
24239,[0.20262894 0.19029366],0,-1,-1,227,-1
24240,[0.47608698 0.68306156],3,-1,-1,143,-1
24241,[0.61584117 0.39038906],8,-1,-1,70,-1
24242,[0.69554209 0.42480252],8,3,"[0.6815204869410737, 0.47689852788858716]",-1,-1
24243,[0.30633329 0.3295459 ],6,-1,-1,-1,-1
24244,[0.28154251 0.50189576],7,8,"[0.27392971195344684, 0.45973140540928376]",1742,-1
24245,[0.30946664 0.56564949],4,7,"[0.2817018170798153, 0.5849768676672948]",-1,-1
24246,[0.32209368 0.55538118],7,7,"[0.2817018170798153, 0.5849768676672948]",1991,17
24247,[0.69074984 0.52205587],8,3,"[0.6815204869410737, 0.47689852788858716]",786,-1
24248,[0.21538867 0.56850655],7,7,"[0.2817018170798153, 0.5849768676672948]",-1,-1
24249,[0.46876045 0.28987402],6,-1,-1,272,-1
24250,[0.3282844  0.53622975],3,0,"[0.383291892093257, 0.5586820702346661]",1933,-1
24251,[0.35427494 0.49544058],3,0,"[0.383291892093257, 0.5586820702346661]",1871,-1
24252,[0.23320872 0.47668325],7,8,"[0.27392971195344684, 0.45973140540928376]",724,-1
24253,[0.40054272 0.36240633],6,1,"[0.3897435781344088, 0.3417040596068965]",-1,-1
24254,[0.29601047 0.22210855],0,9,"[0.3110394802231661, 0.23517199738277297]",-1,-1
24255,[0.26297867 0.49119925],7,8,"[0.27392971195344684, 0.45973140540928376]",-1,-1
24256,[0.42650661 0.43755112],3,-1,-1,404,-1
24257,[0.31162937 0.34889821],2,-1,-1,1630,8
24258,[0.19783549 0.54128466],7,-1,-1,323,-1
24259,[0.23037565 0.35866805],2,5,"[0.23231087327800656, 0.30304944505444303]",1126,-1
24260,[0.62294812 0.48995087],8,3,"[0.6815204869410737, 0.47689852788858716]",789,-1
24261,[0.54077579 0.73067284],9,-1,-1,152,-1
24262,[0.36140212 0.37274607],6,1,"[0.3897435781344088, 0.3417040596068965]",916,-1
24263,[0.35382534 0.48141752],7,-1,-1,1854,-1
24264,[0.66815411 0.5162203 ],8,3,"[0.6815204869410737, 0.47689852788858716]",828,-1
24265,[0.84252571 0.69278033],1,-1,-1,309,0
24266,[0.61250681 0.452093  ],5,-1,-1,621,-1
24267,[0.55335855 0.43480458],5,-1,-1,-1,-1
24268,[0.28451079 0.23738804],0,9,"[0.3110394802231661, 0.23517199738277297]",-1,-1
24269,[0.59383963 0.43865654],5,-1,-1,216,-1
24270,[0.38995057 0.20784171],6,-1,-1,174,-1
24271,[0.87211311 0.7140364 ],1,-1,-1,-1,0
24272,[0.63799035 0.62748268],9,2,"[0.5921204552873188, 0.6383928111301557]",-1,-1
24273,[0.20973236 0.22057897],0,-1,-1,708,-1
24274,[0.28125143 0.28530329],0,5,"[0.23231087327800656, 0.30304944505444303]",1681,-1
24275,[0.46853034 0.37460051],6,-1,-1,320,-1
24276,[0.24090172 0.30832755],0,5,"[0.23231087327800656, 0.30304944505444303]",-1,-1
24277,[0.56765872 0.70964962],9,-1,-1,-1,-1
24278,[0.49054976 0.37297117],6,-1,-1,200,-1
24279,[0.40497521 0.5300926 ],3,0,"[0.383291892093257, 0.5586820702346661]",1641,-1
24280,[0.50783863 0.60862317],5,-1,-1,1133,-1
24281,[0.36732127 0.59650069],3,0,"[0.383291892093257, 0.5586820702346661]",-1,-1
24282,[0.35233868 0.53369964],7,0,"[0.383291892093257, 0.5586820702346661]",-1,-1
24283,[0.55421789 0.48830903],8,6,"[0.5164739970238864, 0.5319253761973344]",845,-1
24284,[0.38281276 0.56286295],3,0,"[0.383291892093257, 0.5586820702346661]",-1,-1
24285,[0.41374246 0.37478511],6,1,"[0.3897435781344088, 0.3417040596068965]",-1,-1
24286,[0.20712982 0.36485835],0,5,"[0.23231087327800656, 0.30304944505444303]",903,-1
24287,[0.25783642 0.29161057],6,5,"[0.23231087327800656, 0.30304944505444303]",1645,-1
24288,[0.7318235  0.50646539],8,3,"[0.6815204869410737, 0.47689852788858716]",-1,-1
24289,[0.2944781  0.53725183],7,7,"[0.2817018170798153, 0.5849768676672948]",1895,-1
24290,[0.38592793 0.44597523],3,-1,-1,-1,-1
24291,[0.36246359 0.37821996],2,1,"[0.3897435781344088, 0.3417040596068965]",1009,-1
24292,[0.54725549 0.69647448],9,-1,-1,-1,-1
24293,[0.37916673 0.36454956],6,1,"[0.3897435781344088, 0.3417040596068965]",1062,-1
24294,[0.64255668 0.54264759],8,-1,-1,1116,-1
24295,[0.27584128 0.57753577],7,7,"[0.2817018170798153, 0.5849768676672948]",1670,-1
24296,[0.27872354 0.21942165],2,9,"[0.3110394802231661, 0.23517199738277297]",1356,-1
24297,[0.20196468 0.20201075],0,-1,-1,227,-1
24298,[0.83011448 0.7938781 ],1,-1,-1,-1,0
24299,[0.38458377 0.51510052],7,0,"[0.383291892093257, 0.5586820702346661]",1781,-1
24300,[0.47772765 0.52129734],3,6,"[0.5164739970238864, 0.5319253761973344]",1002,-1
24301,[0.21919451 0.4823743 ],7,8,"[0.27392971195344684, 0.45973140540928376]",-1,-1
24302,[0.79107485 0.78237689],1,4,"[0.7726811996944247, 0.7249303226766757]",-1,0
24303,[0.57487392 0.54626735],9,6,"[0.5164739970238864, 0.5319253761973344]",-1,-1
24304,[0.33392567 0.50957918],7,0,"[0.383291892093257, 0.5586820702346661]",1880,-1
24305,[0.33771457 0.30935458],6,1,"[0.3897435781344088, 0.3417040596068965]",-1,-1
24306,[0.46536124 0.59071705],3,-1,-1,-1,4
24307,[0.52137381 0.58458134],9,6,"[0.5164739970238864, 0.5319253761973344]",-1,6
24308,[0.45274355 0.29350518],6,-1,-1,472,-1
24309,[0.40225879 0.51993578],4,0,"[0.383291892093257, 0.5586820702346661]",-1,-1
24310,[0.29048148 0.64255849],4,7,"[0.2817018170798153, 0.5849768676672948]",738,-1
24311,[0.70113437 0.5907753 ],8,-1,-1,-1,-1
24312,[0.32896959 0.73760346],3,-1,-1,-1,-1
24313,[0.7020288  0.41043985],8,3,"[0.6815204869410737, 0.47689852788858716]",540,-1
24314,[0.28549671 0.33620123],2,5,"[0.23231087327800656, 0.30304944505444303]",-1,-1
24315,[0.30644384 0.32581258],0,-1,-1,-1,-1
24316,[0.41726637 0.5608627 ],4,0,"[0.383291892093257, 0.5586820702346661]",1736,-1
24317,[0.26286616 0.2367022 ],0,9,"[0.3110394802231661, 0.23517199738277297]",-1,-1
24318,[0.29837753 0.27145117],2,9,"[0.3110394802231661, 0.23517199738277297]",1509,-1
24319,[0.64097762 0.47071053],8,3,"[0.6815204869410737, 0.47689852788858716]",-1,-1
24320,[0.32164277 0.35302318],2,1,"[0.3897435781344088, 0.3417040596068965]",1485,-1
24321,[0.74602265 0.42197749],8,-1,-1,-1,-1
24322,[0.3404229  0.58307516],3,0,"[0.383291892093257, 0.5586820702346661]",-1,-1
24323,[0.66412711 0.59584896],9,-1,-1,544,-1
24324,[0.74654168 0.47808847],8,3,"[0.6815204869410737, 0.47689852788858716]",-1,-1
24325,[0.63721928 0.564766  ],9,-1,-1,1103,-1
24326,[0.37623007 0.56553796],3,0,"[0.383291892093257, 0.5586820702346661]",1832,-1
24327,[0.29652423 0.35509268],2,-1,-1,-1,-1
24328,[0.71547449 0.47928591],8,3,"[0.6815204869410737, 0.47689852788858716]",-1,-1
24329,[0.32033758 0.31756066],6,-1,-1,1673,-1
24330,[0.32202485 0.22410999],2,9,"[0.3110394802231661, 0.23517199738277297]",968,-1
24331,[0.31990722 0.39994723],2,-1,-1,-1,-1
24332,[0.25731171 0.52395884],7,7,"[0.2817018170798153, 0.5849768676672948]",1727,-1
24333,[0.59610262 0.43417822],8,-1,-1,-1,-1
24334,[0.34934704 0.61843502],4,0,"[0.383291892093257, 0.5586820702346661]",1830,-1
24335,[0.51961483 0.41228162],5,-1,-1,45,-1
24336,[0.45391482 0.28585328],6,-1,-1,-1,-1
24337,[0.31047022 0.41594131],2,8,"[0.27392971195344684, 0.45973140540928376]",-1,-1
24338,[0.2894874  0.52543456],7,7,"[0.2817018170798153, 0.5849768676672948]",1911,14
24339,[0.4445534  0.60458739],3,-1,-1,-1,-1
24340,[0.18718038 0.22101527],0,-1,-1,557,-1
24341,[0.49241111 0.32055527],6,-1,-1,72,-1
24342,[0.55710815 0.49403498],5,6,"[0.5164739970238864, 0.5319253761973344]",845,-1
24343,[0.69051661 0.74121495],1,-1,-1,-1,0
24344,[0.34321913 0.23046404],0,9,"[0.3110394802231661, 0.23517199738277297]",566,-1
24345,[0.34634607 0.54541765],7,0,"[0.383291892093257, 0.5586820702346661]",-1,-1
24346,[0.6329722  0.40638206],8,-1,-1,-1,-1
24347,[0.39469278 0.31047245],6,1,"[0.3897435781344088, 0.3417040596068965]",-1,-1
24348,[0.58994984 0.53886397],5,-1,-1,-1,-1
24349,[0.73867691 0.550216  ],8,-1,-1,-1,-1
24350,[0.66894394 0.42987865],8,3,"[0.6815204869410737, 0.47689852788858716]",612,-1
24351,[0.2733633  0.28909729],6,5,"[0.23231087327800656, 0.30304944505444303]",1466,-1
24352,[0.4703449  0.27463317],2,-1,-1,272,-1
24353,[0.36811089 0.49870237],3,0,"[0.383291892093257, 0.5586820702346661]",1741,-1
24354,[0.35299869 0.46822435],7,-1,-1,-1,-1
24355,[0.63330153 0.67214363],9,2,"[0.5921204552873188, 0.6383928111301557]",659,-1
24356,[0.34429742 0.43379337],7,-1,-1,-1,-1
24357,[0.85202704 0.59702895],1,-1,-1,-1,-1
24358,[0.28842987 0.48274746],7,8,"[0.27392971195344684, 0.45973140540928376]",1799,-1
24359,[0.49405286 0.47438384],5,6,"[0.5164739970238864, 0.5319253761973344]",-1,-1
24360,[0.21999526 0.31661476],0,5,"[0.23231087327800656, 0.30304944505444303]",1340,-1
24361,[0.24671424 0.39653738],7,8,"[0.27392971195344684, 0.45973140540928376]",649,-1
24362,[0.77383193 0.77092483],1,4,"[0.7726811996944247, 0.7249303226766757]",410,0
24363,[0.30226692 0.31748628],2,-1,-1,1661,-1
24364,[0.80075846 0.59512373],1,-1,-1,-1,-1
24365,[0.66295308 0.43685459],8,3,"[0.6815204869410737, 0.47689852788858716]",732,-1
24366,[0.30367504 0.55383342],3,7,"[0.2817018170798153, 0.5849768676672948]",1930,-1
24367,[0.30460832 0.57940494],4,7,"[0.2817018170798153, 0.5849768676672948]",-1,-1
24368,[0.70458795 0.4603928 ],8,3,"[0.6815204869410737, 0.47689852788858716]",717,-1
24369,[0.17883576 0.16673554],0,-1,-1,71,-1
24370,[0.34444583 0.18708214],0,9,"[0.3110394802231661, 0.23517199738277297]",-1,-1
24371,[0.7125794  0.79057571],1,-1,-1,225,0
24372,[0.7225224  0.78844756],1,-1,-1,224,0
24373,[0.24420292 0.32817812],2,5,"[0.23231087327800656, 0.30304944505444303]",1503,7
24374,[0.4265908  0.56808234],4,0,"[0.383291892093257, 0.5586820702346661]",1467,-1
24375,[0.66093156 0.51765436],5,3,"[0.6815204869410737, 0.47689852788858716]",782,-1
24376,[0.28271707 0.54611109],7,7,"[0.2817018170798153, 0.5849768676672948]",-1,-1
24377,[0.34849528 0.61694896],4,0,"[0.383291892093257, 0.5586820702346661]",-1,-1
24378,[0.49501997 0.48154424],5,6,"[0.5164739970238864, 0.5319253761973344]",-1,-1
24379,[0.28584589 0.55204113],7,7,"[0.2817018170798153, 0.5849768676672948]",-1,13
24380,[0.59338817 0.61664603],9,2,"[0.5921204552873188, 0.6383928111301557]",-1,6
24381,[0.70625991 0.38038612],8,-1,-1,151,-1
24382,[0.65178389 0.38816419],8,-1,-1,242,-1
24383,[0.33938522 0.39252678],6,-1,-1,984,-1
24384,[0.41252267 0.26368317],6,-1,-1,640,-1
24385,[0.14737329 0.2999453 ],0,-1,-1,91,-1
24386,[0.83480447 0.7017546 ],1,4,"[0.7726811996944247, 0.7249303226766757]",346,0
24387,[0.24277917 0.5269043 ],7,7,"[0.2817018170798153, 0.5849768676672948]",1488,-1
24388,[0.82913534 0.65558726],1,-1,-1,170,0
24389,[0.7619075  0.77719659],1,4,"[0.7726811996944247, 0.7249303226766757]",370,0
24390,[0.45141831 0.55292598],5,6,"[0.5164739970238864, 0.5319253761973344]",-1,-1
24391,[0.27362549 0.38150791],2,-1,-1,1105,-1
24392,[0.46107102 0.50682928],3,6,"[0.5164739970238864, 0.5319253761973344]",-1,-1
24393,[0.26047888 0.48227157],3,8,"[0.27392971195344684, 0.45973140540928376]",-1,-1
24394,[0.37088263 0.4489817 ],4,-1,-1,964,-1
24395,[0.52695334 0.58832281],9,6,"[0.5164739970238864, 0.5319253761973344]",1372,-1
24396,[0.26407853 0.31040603],2,5,"[0.23231087327800656, 0.30304944505444303]",-1,-1
24397,[0.29162534 0.47294103],7,8,"[0.27392971195344684, 0.45973140540928376]",1731,-1
24398,[0.27203151 0.2351432 ],0,9,"[0.3110394802231661, 0.23517199738277297]",-1,-1
24399,[0.28307663 0.22562122],0,9,"[0.3110394802231661, 0.23517199738277297]",-1,-1
24400,[0.37848572 0.34206505],0,1,"[0.3897435781344088, 0.3417040596068965]",1122,-1
24401,[0.39212512 0.4458019 ],7,-1,-1,567,-1
24402,[0.38044609 0.23176017],6,9,"[0.3110394802231661, 0.23517199738277297]",-1,-1
24403,[0.73239442 0.64597904],1,-1,-1,184,0
24404,[0.25777534 0.60074549],4,7,"[0.2817018170798153, 0.5849768676672948]",-1,-1
24405,[0.69368655 0.45631384],8,3,"[0.6815204869410737, 0.47689852788858716]",-1,-1
24406,[0.47642441 0.57494041],5,6,"[0.5164739970238864, 0.5319253761973344]",1026,-1
24407,[0.584582   0.57702238],9,2,"[0.5921204552873188, 0.6383928111301557]",-1,-1
24408,[0.70797808 0.5840255 ],8,-1,-1,229,-1
24409,[0.21364034 0.25470052],0,5,"[0.23231087327800656, 0.30304944505444303]",-1,-1
24410,[0.70512624 0.53453795],8,3,"[0.6815204869410737, 0.47689852788858716]",-1,-1
24411,[0.24614531 0.31712356],0,5,"[0.23231087327800656, 0.30304944505444303]",-1,7
24412,[0.7073825 0.7836669],1,-1,-1,225,0
24413,[0.62541325 0.65262891],9,2,"[0.5921204552873188, 0.6383928111301557]",-1,-1
24414,[0.62077722 0.64201268],9,2,"[0.5921204552873188, 0.6383928111301557]",-1,-1
24415,[0.30530093 0.29000204],0,9,"[0.3110394802231661, 0.23517199738277297]",1685,11
24416,[0.55770793 0.7115646 ],9,-1,-1,-1,-1
24417,[0.70521862 0.6794026 ],1,-1,-1,-1,0
24418,[0.17282195 0.31287669],2,5,"[0.23231087327800656, 0.30304944505444303]",-1,-1
24419,[0.76560341 0.57001413],1,-1,-1,-1,-1
24420,[0.55438538 0.65532367],9,2,"[0.5921204552873188, 0.6383928111301557]",1197,-1
24421,[0.72411435 0.72425268],1,4,"[0.7726811996944247, 0.7249303226766757]",-1,0
24422,[0.82649392 0.7684995 ],1,4,"[0.7726811996944247, 0.7249303226766757]",314,0
24423,[0.22579663 0.19792012],0,-1,-1,375,-1
24424,[0.24007854 0.36405981],2,5,"[0.23231087327800656, 0.30304944505444303]",-1,-1
24425,[0.35337982 0.55132588],4,0,"[0.383291892093257, 0.5586820702346661]",-1,-1
24426,[0.27128494 0.65792969],4,-1,-1,-1,-1
24427,[0.35607284 0.53282636],4,0,"[0.383291892093257, 0.5586820702346661]",1951,-1
24428,[0.26254945 0.41725806],2,8,"[0.27392971195344684, 0.45973140540928376]",695,-1
24429,[0.65586346 0.58728796],9,-1,-1,-1,-1
24430,[0.54304609 0.57988749],5,6,"[0.5164739970238864, 0.5319253761973344]",-1,6
24431,[0.50082119 0.64479031],9,-1,-1,-1,-1
24432,[0.31901005 0.52875795],4,7,"[0.2817018170798153, 0.5849768676672948]",1841,-1
24433,[0.56023519 0.51265557],5,6,"[0.5164739970238864, 0.5319253761973344]",770,-1
24434,[0.65151335 0.68104079],9,-1,-1,444,-1
24435,[0.50006013 0.64128366],5,-1,-1,260,-1
24436,[0.33790104 0.45442763],2,8,"[0.27392971195344684, 0.45973140540928376]",1387,-1
24437,[0.33010509 0.34780522],6,1,"[0.3897435781344088, 0.3417040596068965]",-1,-1
24438,[0.32552202 0.31373023],2,-1,-1,1679,10
24439,[0.39088986 0.51784619],6,0,"[0.383291892093257, 0.5586820702346661]",1634,-1
24440,[0.32874107 0.50221604],3,8,"[0.27392971195344684, 0.45973140540928376]",-1,-1
24441,[0.41465776 0.39801418],6,1,"[0.3897435781344088, 0.3417040596068965]",758,-1
24442,[0.66503425 0.46767368],8,3,"[0.6815204869410737, 0.47689852788858716]",-1,-1
24443,[0.16300463 0.27071367],0,-1,-1,220,-1
24444,[0.6717609  0.78545206],1,-1,-1,-1,-1
24445,[0.42109006 0.52919006],4,0,"[0.383291892093257, 0.5586820702346661]",1469,-1
24446,[0.28513963 0.60818633],4,7,"[0.2817018170798153, 0.5849768676672948]",-1,-1
24447,[0.40310713 0.55850345],3,0,"[0.383291892093257, 0.5586820702346661]",1749,-1
24448,[0.18857738 0.17885632],0,-1,-1,165,-1
24449,[0.59151697 0.6574576 ],9,2,"[0.5921204552873188, 0.6383928111301557]",1125,-1
24450,[0.64628141 0.56906358],5,-1,-1,1110,-1
24451,[0.40948216 0.65709634],4,-1,-1,-1,-1
24452,[0.22966659 0.117873  ],0,-1,-1,-1,-1
24453,[0.41093523 0.4962413 ],5,0,"[0.383291892093257, 0.5586820702346661]",1456,-1
24454,[0.35031966 0.28072466],6,9,"[0.3110394802231661, 0.23517199738277297]",-1,-1
24455,[0.59708337 0.66731027],9,2,"[0.5921204552873188, 0.6383928111301557]",-1,-1
24456,[0.29662477 0.34067471],2,-1,-1,1619,-1
24457,[0.57737007 0.6650614 ],5,2,"[0.5921204552873188, 0.6383928111301557]",1121,-1
24458,[0.2892288  0.22680476],0,9,"[0.3110394802231661, 0.23517199738277297]",-1,-1
24459,[0.42939506 0.44732632],4,-1,-1,-1,-1
24460,[0.34856196 0.56723069],3,0,"[0.383291892093257, 0.5586820702346661]",-1,-1
24461,[0.40854742 0.49008517],7,-1,-1,-1,-1
24462,[0.37251153 0.23054604],6,9,"[0.3110394802231661, 0.23517199738277297]",484,-1
24463,[0.71106734 0.46492661],8,3,"[0.6815204869410737, 0.47689852788858716]",717,-1
24464,[0.22779706 0.65500893],3,-1,-1,-1,-1
24465,[0.34445526 0.53119789],4,0,"[0.383291892093257, 0.5586820702346661]",1946,16
24466,[0.31261162 0.20223426],0,9,"[0.3110394802231661, 0.23517199738277297]",652,-1
24467,[0.28706373 0.43134062],4,8,"[0.27392971195344684, 0.45973140540928376]",1070,-1
24468,[0.30075614 0.25389227],0,9,"[0.3110394802231661, 0.23517199738277297]",1201,-1
24469,[0.32162715 0.59436758],7,7,"[0.2817018170798153, 0.5849768676672948]",1938,-1
24470,[0.38344996 0.29927802],6,1,"[0.3897435781344088, 0.3417040596068965]",-1,-1
24471,[0.31199676 0.46406193],7,8,"[0.27392971195344684, 0.45973140540928376]",-1,-1
24472,[0.66712504 0.45268571],8,3,"[0.6815204869410737, 0.47689852788858716]",-1,-1
24473,[0.34752079 0.39963622],7,-1,-1,-1,-1
24474,[0.76098229 0.6201796 ],1,-1,-1,-1,-1
24475,[0.69554715 0.60712013],8,-1,-1,-1,-1
24476,[0.47265946 0.55855637],5,6,"[0.5164739970238864, 0.5319253761973344]",1084,-1
24477,[0.57603331 0.506672  ],5,6,"[0.5164739970238864, 0.5319253761973344]",840,-1
24478,[0.43536936 0.38279915],6,1,"[0.3897435781344088, 0.3417040596068965]",742,-1
24479,[0.3749878  0.54982919],7,0,"[0.383291892093257, 0.5586820702346661]",1804,-1
24480,[0.47725637 0.57570399],9,6,"[0.5164739970238864, 0.5319253761973344]",1026,-1
24481,[0.30179424 0.52331409],7,7,"[0.2817018170798153, 0.5849768676672948]",1788,-1
24482,[0.65032236 0.38226261],8,-1,-1,242,-1
24483,[0.31615682 0.57476962],3,7,"[0.2817018170798153, 0.5849768676672948]",-1,-1
24484,[0.77930394 0.58068876],1,-1,-1,-1,-1
24485,[0.72487393 0.7719953 ],1,4,"[0.7726811996944247, 0.7249303226766757]",315,0
24486,[0.1937796  0.32830522],0,5,"[0.23231087327800656, 0.30304944505444303]",-1,-1
24487,[0.6147067  0.70365375],9,2,"[0.5921204552873188, 0.6383928111301557]",287,-1
24488,[0.34639612 0.24500648],6,9,"[0.3110394802231661, 0.23517199738277297]",-1,-1
24489,[0.80697451 0.7247093 ],1,4,"[0.7726811996944247, 0.7249303226766757]",456,0
24490,[0.63850676 0.72147104],1,-1,-1,282,-1
24491,[0.39493595 0.48718468],5,-1,-1,1036,-1
24492,[0.49431361 0.66750446],9,-1,-1,-1,-1
24493,[0.77312618 0.75194785],1,4,"[0.7726811996944247, 0.7249303226766757]",413,0
24494,[0.31755595 0.50805275],7,8,"[0.27392971195344684, 0.45973140540928376]",1922,15
24495,[0.33943186 0.48334932],4,8,"[0.27392971195344684, 0.45973140540928376]",1884,-1
24496,[0.29669118 0.41783138],2,8,"[0.27392971195344684, 0.45973140540928376]",-1,-1
24497,[0.23272429 0.37368265],7,-1,-1,-1,-1
24498,[0.22022836 0.47755159],7,8,"[0.27392971195344684, 0.45973140540928376]",1022,-1
24499,[0.74417879 0.47717633],8,3,"[0.6815204869410737, 0.47689852788858716]",513,-1
24500,[0.78371175 0.55465464],8,-1,-1,15,-1
24501,[0.27244808 0.55361109],4,7,"[0.2817018170798153, 0.5849768676672948]",1698,-1
24502,[0.61205826 0.44365685],8,-1,-1,-1,-1
24503,[0.67489143 0.47363232],8,3,"[0.6815204869410737, 0.47689852788858716]",-1,-1
24504,[0.61116326 0.4155119 ],8,-1,-1,-1,-1
24505,[0.45946452 0.31984804],6,-1,-1,-1,-1
24506,[0.28666907 0.57424607],4,7,"[0.2817018170798153, 0.5849768676672948]",-1,-1
24507,[0.5380286  0.68351108],9,-1,-1,555,-1
24508,[0.66253483 0.49939191],8,3,"[0.6815204869410737, 0.47689852788858716]",796,-1
24509,[0.33778137 0.24293979],0,9,"[0.3110394802231661, 0.23517199738277297]",-1,-1
24510,[0.22047006 0.3108115 ],2,5,"[0.23231087327800656, 0.30304944505444303]",1421,-1
24511,[0.1832492  0.65275792],4,-1,-1,-1,-1
24512,[0.65508837 0.53604539],9,3,"[0.6815204869410737, 0.47689852788858716]",668,-1
24513,[0.25083056 0.41327328],2,8,"[0.27392971195344684, 0.45973140540928376]",700,-1
24514,[0.49243335 0.556337  ],5,6,"[0.5164739970238864, 0.5319253761973344]",1183,-1
24515,[0.24284784 0.57923709],7,7,"[0.2817018170798153, 0.5849768676672948]",-1,-1
24516,[0.3858935  0.58626592],3,0,"[0.383291892093257, 0.5586820702346661]",1826,-1
24517,[0.54106143 0.62708353],5,2,"[0.5921204552873188, 0.6383928111301557]",-1,-1
24518,[0.34906039 0.44387959],6,-1,-1,1193,-1
24519,[0.26043259 0.25228245],0,9,"[0.3110394802231661, 0.23517199738277297]",-1,-1
24520,[0.61740688 0.70752877],9,-1,-1,287,-1
24521,[0.40488675 0.62084783],3,0,"[0.383291892093257, 0.5586820702346661]",-1,-1
24522,[0.76558089 0.67326053],1,4,"[0.7726811996944247, 0.7249303226766757]",-1,0
24523,[0.41925618 0.61226619],3,0,"[0.383291892093257, 0.5586820702346661]",1473,-1
24524,[0.20643134 0.32590758],2,5,"[0.23231087327800656, 0.30304944505444303]",1037,-1
24525,[0.6007923  0.59215215],5,2,"[0.5921204552873188, 0.6383928111301557]",1318,-1
24526,[0.3635259  0.45028175],7,-1,-1,-1,-1
24527,[0.43842718 0.29398877],6,1,"[0.3897435781344088, 0.3417040596068965]",-1,-1
24528,[0.51705923 0.52374072],9,6,"[0.5164739970238864, 0.5319253761973344]",1192,-1
24529,[0.40725836 0.26451528],6,-1,-1,-1,-1
24530,[0.47909411 0.61260872],5,-1,-1,737,-1
24531,[0.28133595 0.27292595],6,9,"[0.3110394802231661, 0.23517199738277297]",1627,-1
24532,[0.25621202 0.41146761],0,8,"[0.27392971195344684, 0.45973140540928376]",-1,-1
24533,[0.57698518 0.60150064],9,2,"[0.5921204552873188, 0.6383928111301557]",-1,6
24534,[0.29874164 0.30362506],2,5,"[0.23231087327800656, 0.30304944505444303]",-1,-1
24535,[0.73177249 0.39582546],8,-1,-1,-1,-1
24536,[0.86092612 0.65342051],1,-1,-1,-1,-1
24537,[0.60047723 0.55926787],5,-1,-1,1316,-1
24538,[0.50058165 0.58445376],5,6,"[0.5164739970238864, 0.5319253761973344]",1266,-1
24539,[0.3144631  0.45098639],3,8,"[0.27392971195344684, 0.45973140540928376]",-1,-1
24540,[0.82525034 0.61365107],1,-1,-1,54,-1
24541,[0.21396511 0.26724055],0,5,"[0.23231087327800656, 0.30304944505444303]",-1,-1
24542,[0.3568993  0.60888397],4,0,"[0.383291892093257, 0.5586820702346661]",-1,-1
24543,[0.74350269 0.69484578],1,4,"[0.7726811996944247, 0.7249303226766757]",435,0
24544,[0.72251306 0.62015206],1,-1,-1,-1,-1
24545,[0.70386159 0.47831118],8,3,"[0.6815204869410737, 0.47689852788858716]",-1,-1
24546,[0.36642921 0.57553486],3,0,"[0.383291892093257, 0.5586820702346661]",-1,12
24547,[0.27692874 0.3039786 ],0,5,"[0.23231087327800656, 0.30304944505444303]",1581,-1
24548,[0.22859906 0.54163427],7,7,"[0.2817018170798153, 0.5849768676672948]",-1,-1
24549,[0.79886348 0.61201911],1,-1,-1,78,-1
24550,[0.78864837 0.84369587],1,-1,-1,21,-1
24551,[0.54013697 0.73376322],9,-1,-1,152,-1
24552,[0.46946191 0.39703523],6,-1,-1,-1,-1
24553,[0.46523015 0.3591771 ],6,-1,-1,442,-1
24554,[0.39610205 0.37545243],6,1,"[0.3897435781344088, 0.3417040596068965]",-1,-1
24555,[0.43670546 0.58491948],3,0,"[0.383291892093257, 0.5586820702346661]",1436,-1
24556,[0.32120088 0.45669165],3,8,"[0.27392971195344684, 0.45973140540928376]",-1,-1
24557,[0.24934796 0.34524932],2,5,"[0.23231087327800656, 0.30304944505444303]",-1,-1
24558,[0.18410748 0.46629358],7,-1,-1,210,-1
24559,[0.80311175 0.76746318],1,4,"[0.7726811996944247, 0.7249303226766757]",428,0
24560,[0.17913155 0.58461246],4,-1,-1,-1,-1
24561,[0.3783253  0.30031495],6,1,"[0.3897435781344088, 0.3417040596068965]",1463,-1
24562,[0.33211743 0.3433515 ],0,1,"[0.3897435781344088, 0.3417040596068965]",1558,-1
24563,[0.42592217 0.5522161 ],4,0,"[0.383291892093257, 0.5586820702346661]",1205,-1
24564,[0.18982753 0.46857167],7,-1,-1,210,-1
24565,[0.24430494 0.56896228],7,7,"[0.2817018170798153, 0.5849768676672948]",1357,-1
24566,[0.21929377 0.41968059],4,8,"[0.27392971195344684, 0.45973140540928376]",498,-1
24567,[0.24218747 0.31339428],2,5,"[0.23231087327800656, 0.30304944505444303]",1567,-1
24568,[0.67874589 0.42097382],8,3,"[0.6815204869410737, 0.47689852788858716]",612,-1
24569,[0.36661128 0.29172157],6,1,"[0.3897435781344088, 0.3417040596068965]",-1,-1
24570,[0.35085681 0.30377615],6,1,"[0.3897435781344088, 0.3417040596068965]",1529,-1
24571,[0.24389927 0.44937033],7,8,"[0.27392971195344684, 0.45973140540928376]",932,-1
24572,[0.78502579 0.45212278],8,-1,-1,92,-1
24573,[0.8684865  0.67397526],1,-1,-1,81,-1
24574,[0.28830141 0.48777565],7,8,"[0.27392971195344684, 0.45973140540928376]",-1,-1
24575,[0.3069818 0.3617747],2,-1,-1,1632,-1
24576,[0.2009413  0.59825494],7,-1,-1,-1,-1
24577,[0.32690854 0.31366189],6,1,"[0.3897435781344088, 0.3417040596068965]",1679,10
24578,[0.34510055 0.61235253],3,0,"[0.383291892093257, 0.5586820702346661]",1830,-1
24579,[0.52734302 0.65392323],9,2,"[0.5921204552873188, 0.6383928111301557]",1199,-1
24580,[0.35472791 0.53428654],7,0,"[0.383291892093257, 0.5586820702346661]",1951,-1
24581,[0.1820347  0.55752132],7,-1,-1,-1,-1
24582,[0.27609058 0.26799064],2,9,"[0.3110394802231661, 0.23517199738277297]",-1,-1
24583,[0.68472398 0.60313298],9,-1,-1,267,-1
24584,[0.64802863 0.52618624],8,3,"[0.6815204869410737, 0.47689852788858716]",-1,-1
24585,[0.61622817 0.71324849],9,-1,-1,212,-1
24586,[0.18708555 0.21325909],0,-1,-1,-1,-1
24587,[0.6495169  0.73149857],9,-1,-1,-1,-1
24588,[0.37921865 0.26161516],6,-1,-1,790,-1
24589,[0.70202448 0.71978358],1,-1,-1,-1,0
24590,[0.76703331 0.69963391],1,4,"[0.7726811996944247, 0.7249303226766757]",-1,0
24591,[0.23704146 0.3524659 ],2,5,"[0.23231087327800656, 0.30304944505444303]",-1,-1
24592,[0.68544386 0.678277  ],1,-1,-1,388,-1
24593,[0.16203521 0.62075355],3,-1,-1,-1,-1
24594,[0.26576961 0.23415848],0,9,"[0.3110394802231661, 0.23517199738277297]",1137,-1
24595,[0.66413748 0.73640916],9,-1,-1,-1,0
24596,[0.52101556 0.65760601],5,-1,-1,-1,-1
24597,[0.54536038 0.72531131],9,-1,-1,245,-1
24598,[0.90265615 0.69897798],1,-1,-1,-1,-1
24599,[0.76646899 0.74410549],1,4,"[0.7726811996944247, 0.7249303226766757]",430,0
24600,[0.53808841 0.57875288],5,6,"[0.5164739970238864, 0.5319253761973344]",-1,6
24601,[0.33881506 0.59659671],4,7,"[0.2817018170798153, 0.5849768676672948]",1863,-1
24602,[0.28936948 0.53626227],7,7,"[0.2817018170798153, 0.5849768676672948]",-1,14
24603,[0.3226714  0.56937156],3,7,"[0.2817018170798153, 0.5849768676672948]",1976,-1
24604,[0.40061293 0.26838559],6,-1,-1,838,-1
24605,[0.7479977  0.44163804],8,-1,-1,263,-1
24606,[0.67250718 0.45127334],8,3,"[0.6815204869410737, 0.47689852788858716]",694,-1
24607,[0.60128683 0.67005945],9,2,"[0.5921204552873188, 0.6383928111301557]",-1,-1
24608,[0.44058728 0.56609544],7,0,"[0.383291892093257, 0.5586820702346661]",-1,-1
24609,[0.23490727 0.49607595],7,8,"[0.27392971195344684, 0.45973140540928376]",1280,-1
24610,[0.22700184 0.61695934],4,7,"[0.2817018170798153, 0.5849768676672948]",246,-1
24611,[0.74101785 0.58291008],9,-1,-1,-1,-1
24612,[0.38427249 0.60257845],3,0,"[0.383291892093257, 0.5586820702346661]",1753,-1
24613,[0.72035602 0.70255527],1,4,"[0.7726811996944247, 0.7249303226766757]",350,0
24614,[0.68627793 0.86075106],1,-1,-1,-1,-1
24615,[0.20118479 0.35085528],2,5,"[0.23231087327800656, 0.30304944505444303]",-1,-1
24616,[0.30867021 0.54356863],7,7,"[0.2817018170798153, 0.5849768676672948]",1986,17
24617,[0.73891072 0.73474527],1,4,"[0.7726811996944247, 0.7249303226766757]",452,0
24618,[0.21146273 0.43700511],7,8,"[0.27392971195344684, 0.45973140540928376]",266,-1
24619,[0.27213482 0.2540442 ],0,9,"[0.3110394802231661, 0.23517199738277297]",-1,-1
24620,[0.59726423 0.49526068],9,-1,-1,-1,-1
24621,[0.8094471  0.70249803],1,4,"[0.7726811996944247, 0.7249303226766757]",365,0
24622,[0.22646171 0.2280903 ],0,-1,-1,-1,-1
24623,[0.51438062 0.42254678],6,-1,-1,-1,-1
24624,[0.21785473 0.22954721],0,-1,-1,872,-1
24625,[0.32275795 0.43679754],7,8,"[0.27392971195344684, 0.45973140540928376]",-1,-1
24626,[0.69898675 0.38384193],8,-1,-1,217,-1
24627,[0.35471968 0.38801243],6,1,"[0.3897435781344088, 0.3417040596068965]",993,-1
24628,[0.57129009 0.5430149 ],5,6,"[0.5164739970238864, 0.5319253761973344]",-1,-1
24629,[0.64724715 0.56654785],9,-1,-1,1110,-1
24630,[0.41770795 0.39566362],6,1,"[0.3897435781344088, 0.3417040596068965]",758,-1
24631,[0.33497125 0.53497459],4,0,"[0.383291892093257, 0.5586820702346661]",1948,16
24632,[0.67924955 0.39413112],8,-1,-1,217,-1
24633,[0.75739578 0.58447922],1,-1,-1,-1,-1
24634,[0.25905112 0.30233782],2,5,"[0.23231087327800656, 0.30304944505444303]",-1,-1
24635,[0.17115012 0.5565847 ],7,-1,-1,-1,-1
24636,[0.32324392 0.5639123 ],3,7,"[0.2817018170798153, 0.5849768676672948]",1977,17
24637,[0.36921918 0.25020274],6,9,"[0.3110394802231661, 0.23517199738277297]",675,-1
24638,[0.66269198 0.55700777],9,-1,-1,-1,-1
24639,[0.36106358 0.63856627],4,-1,-1,-1,-1
24640,[0.28225687 0.59336014],4,7,"[0.2817018170798153, 0.5849768676672948]",-1,-1
24641,[0.19331572 0.19702743],0,-1,-1,-1,-1
24642,[0.35335421 0.48747407],7,-1,-1,-1,-1
24643,[0.66123996 0.59371459],9,-1,-1,-1,-1
24644,[0.16647795 0.47272223],7,-1,-1,-1,-1
24645,[0.68853377 0.4732472 ],8,3,"[0.6815204869410737, 0.47689852788858716]",809,2
24646,[0.39442972 0.24881824],6,-1,-1,-1,-1
24647,[0.24503074 0.57122307],7,7,"[0.2817018170798153, 0.5849768676672948]",1357,-1
24648,[0.50580874 0.41001358],6,-1,-1,-1,-1
24649,[0.20796565 0.25023329],0,5,"[0.23231087327800656, 0.30304944505444303]",896,-1
24650,[0.643284   0.48990915],8,3,"[0.6815204869410737, 0.47689852788858716]",819,1
24651,[0.26591052 0.24648945],0,9,"[0.3110394802231661, 0.23517199738277297]",1345,-1
24652,[0.5377053  0.48562008],8,6,"[0.5164739970238864, 0.5319253761973344]",927,-1
24653,[0.40542526 0.60132075],4,0,"[0.383291892093257, 0.5586820702346661]",-1,-1
24654,[0.70493914 0.53165361],8,3,"[0.6815204869410737, 0.47689852788858716]",-1,-1
24655,[0.64711454 0.7263586 ],9,-1,-1,-1,-1
24656,[0.75662615 0.59620944],1,-1,-1,110,-1
24657,[0.31577586 0.4921807 ],7,8,"[0.27392971195344684, 0.45973140540928376]",1872,-1
24658,[0.37650483 0.51109345],3,0,"[0.383291892093257, 0.5586820702346661]",1764,-1
24659,[0.21114042 0.56289845],4,-1,-1,486,-1
24660,[0.74454966 0.78657189],1,4,"[0.7726811996944247, 0.7249303226766757]",-1,0
24661,[0.33201084 0.51706952],3,0,"[0.383291892093257, 0.5586820702346661]",1904,-1
24662,[0.54013895 0.59959658],5,2,"[0.5921204552873188, 0.6383928111301557]",-1,-1
24663,[0.33784964 0.25026686],0,9,"[0.3110394802231661, 0.23517199738277297]",967,-1
24664,[0.26236749 0.5545965 ],7,7,"[0.2817018170798153, 0.5849768676672948]",1704,-1
24665,[0.34946359 0.49928986],7,0,"[0.383291892093257, 0.5586820702346661]",-1,-1
24666,[0.28686354 0.52886302],4,7,"[0.2817018170798153, 0.5849768676672948]",1911,14
24667,[0.38224125 0.53620109],3,0,"[0.383291892093257, 0.5586820702346661]",-1,-1
24668,[0.34494449 0.52857793],7,0,"[0.383291892093257, 0.5586820702346661]",-1,-1
24669,[0.3346471  0.57341058],3,0,"[0.383291892093257, 0.5586820702346661]",1979,-1
24670,[0.47734209 0.69250398],9,-1,-1,143,-1
24671,[0.30033023 0.14338974],0,-1,-1,-1,-1
24672,[0.78884662 0.71685568],1,4,"[0.7726811996944247, 0.7249303226766757]",-1,0
24673,[0.30582141 0.25194326],6,9,"[0.3110394802231661, 0.23517199738277297]",-1,-1
24674,[0.3996996  0.62378373],3,0,"[0.383291892093257, 0.5586820702346661]",-1,-1
24675,[0.81142447 0.66977333],1,4,"[0.7726811996944247, 0.7249303226766757]",-1,0
24676,[0.77148372 0.74986788],1,4,"[0.7726811996944247, 0.7249303226766757]",413,0
24677,[0.31266977 0.3669971 ],7,-1,-1,1483,-1
24678,[0.2768513  0.41522482],2,8,"[0.27392971195344684, 0.45973140540928376]",747,-1
24679,[0.53731413 0.56610036],9,6,"[0.5164739970238864, 0.5319253761973344]",1360,6
24680,[0.36552926 0.5683405 ],7,0,"[0.383291892093257, 0.5586820702346661]",-1,12
24681,[0.25148227 0.55766504],4,7,"[0.2817018170798153, 0.5849768676672948]",1706,-1
24682,[0.28511542 0.25079753],2,9,"[0.3110394802231661, 0.23517199738277297]",1603,-1
24683,[0.3079853  0.57187406],4,7,"[0.2817018170798153, 0.5849768676672948]",1925,-1
24684,[0.82675959 0.5728791 ],1,-1,-1,-1,-1
24685,[0.47737266 0.58840091],5,6,"[0.5164739970238864, 0.5319253761973344]",1227,-1
24686,[0.30187836 0.3595344 ],6,-1,-1,-1,-1
24687,[0.67604945 0.55946374],9,-1,-1,671,-1
24688,[0.3438867  0.52471591],3,0,"[0.383291892093257, 0.5586820702346661]",1931,-1
24689,[0.26827219 0.42143841],3,8,"[0.27392971195344684, 0.45973140540928376]",-1,-1
24690,[0.29446586 0.42589035],4,8,"[0.27392971195344684, 0.45973140540928376]",1075,-1
24691,[0.31644983 0.21677515],0,9,"[0.3110394802231661, 0.23517199738277297]",-1,-1
24692,[0.3938975  0.31239122],0,1,"[0.3897435781344088, 0.3417040596068965]",1050,-1
24693,[0.14821571 0.34787255],2,-1,-1,-1,-1
24694,[0.43200174 0.50209955],5,-1,-1,-1,-1
24695,[0.37656742 0.57259289],4,0,"[0.383291892093257, 0.5586820702346661]",-1,-1
24696,[0.26680351 0.30501249],0,5,"[0.23231087327800656, 0.30304944505444303]",1656,-1
24697,[0.85276849 0.7915956 ],1,-1,-1,-1,-1
24698,[0.37310745 0.48285214],3,-1,-1,-1,-1
24699,[0.3922909  0.63347879],3,-1,-1,-1,-1
24700,[0.48791654 0.55454448],5,6,"[0.5164739970238864, 0.5319253761973344]",1184,-1
24701,[0.73480117 0.63872149],1,-1,-1,-1,0
24702,[0.35028318 0.48172518],4,-1,-1,1854,-1
24703,[0.60742074 0.65838501],9,2,"[0.5921204552873188, 0.6383928111301557]",-1,-1
24704,[0.69177217 0.57239529],9,-1,-1,235,-1
24705,[0.57170689 0.56872326],5,6,"[0.5164739970238864, 0.5319253761973344]",-1,-1
24706,[0.33413349 0.51660116],4,0,"[0.383291892093257, 0.5586820702346661]",-1,-1
24707,[0.87569731 0.64900351],1,-1,-1,30,-1
24708,[0.59744982 0.4701266 ],5,-1,-1,-1,-1
24709,[0.42409031 0.5132131 ],3,0,"[0.383291892093257, 0.5586820702346661]",1439,-1
24710,[0.26958041 0.28739102],2,5,"[0.23231087327800656, 0.30304944505444303]",-1,-1
24711,[0.71217835 0.58800524],8,-1,-1,229,-1
24712,[0.61474491 0.6221715 ],5,2,"[0.5921204552873188, 0.6383928111301557]",1335,-1
24713,[0.16812094 0.49668262],4,-1,-1,-1,-1
24714,[0.52509847 0.64163906],5,2,"[0.5921204552873188, 0.6383928111301557]",1258,-1
24715,[0.69699754 0.39347493],8,-1,-1,217,-1
24716,[0.26752464 0.46597289],7,8,"[0.27392971195344684, 0.45973140540928376]",1595,-1
24717,[0.71902875 0.40361391],8,-1,-1,-1,-1
24718,[0.63713557 0.6273886 ],9,2,"[0.5921204552873188, 0.6383928111301557]",1160,-1
24719,[0.63641901 0.58877437],9,2,"[0.5921204552873188, 0.6383928111301557]",1187,-1
24720,[0.75742383 0.45487011],8,-1,-1,263,-1
24721,[0.27183453 0.551193  ],7,7,"[0.2817018170798153, 0.5849768676672948]",1698,-1
24722,[0.3524982  0.51626633],3,0,"[0.383291892093257, 0.5586820702346661]",1926,-1
24723,[0.31552539 0.57829791],4,7,"[0.2817018170798153, 0.5849768676672948]",-1,-1
24724,[0.645247   0.51439219],5,3,"[0.6815204869410737, 0.47689852788858716]",866,-1
24725,[0.32046919 0.58506516],3,7,"[0.2817018170798153, 0.5849768676672948]",-1,-1
24726,[0.33131153 0.32056237],0,1,"[0.3897435781344088, 0.3417040596068965]",1683,-1
24727,[0.32185419 0.29134868],0,9,"[0.3110394802231661, 0.23517199738277297]",1579,-1
24728,[0.5796463  0.45484779],8,-1,-1,-1,-1
24729,[0.35517402 0.59615266],3,0,"[0.383291892093257, 0.5586820702346661]",1828,-1
24730,[0.37911123 0.44486642],3,-1,-1,964,-1
24731,[0.32388495 0.32360903],0,1,"[0.3897435781344088, 0.3417040596068965]",1671,-1
24732,[0.60335048 0.59971605],8,2,"[0.5921204552873188, 0.6383928111301557]",-1,-1
24733,[0.22790211 0.53170273],4,-1,-1,1477,-1
24734,[0.3761785  0.55214035],3,0,"[0.383291892093257, 0.5586820702346661]",-1,-1
24735,[0.34576367 0.66673745],3,-1,-1,298,-1
24736,[0.78423669 0.76622342],1,4,"[0.7726811996944247, 0.7249303226766757]",408,0
24737,[0.36155622 0.56386845],4,0,"[0.383291892093257, 0.5586820702346661]",1823,-1
24738,[0.5400946  0.53245308],5,6,"[0.5164739970238864, 0.5319253761973344]",1150,-1
24739,[0.52934605 0.68550525],9,-1,-1,555,-1
24740,[0.27553655 0.57524623],3,7,"[0.2817018170798153, 0.5849768676672948]",-1,-1
24741,[0.2400691  0.31199241],0,5,"[0.23231087327800656, 0.30304944505444303]",1567,-1
24742,[0.77883655 0.81932488],1,-1,-1,163,0
24743,[0.67406442 0.66609821],1,-1,-1,482,-1
24744,[0.33224185 0.66898577],4,-1,-1,-1,-1
24745,[0.40716695 0.50180074],7,0,"[0.383291892093257, 0.5586820702346661]",1455,-1
24746,[0.19475886 0.67106357],4,-1,-1,8,-1
24747,[0.75541776 0.52096757],8,-1,-1,-1,-1
24748,[0.22344702 0.22955247],0,-1,-1,872,-1
24749,[0.55727991 0.73299011],9,-1,-1,-1,-1
24750,[0.29620261 0.46769589],4,8,"[0.27392971195344684, 0.45973140540928376]",1730,-1
24751,[0.6102066  0.73489108],9,-1,-1,213,-1
24752,[0.58850623 0.54148682],9,-1,-1,1282,-1
24753,[0.47999096 0.36231888],6,-1,-1,208,-1
24754,[0.84635063 0.76367614],1,-1,-1,-1,0
24755,[0.35377149 0.59015071],3,0,"[0.383291892093257, 0.5586820702346661]",-1,-1
24756,[0.30467144 0.49062045],3,8,"[0.27392971195344684, 0.45973140540928376]",-1,-1
24757,[0.64698996 0.56632312],8,-1,-1,1110,-1
24758,[0.43402805 0.6630199 ],3,-1,-1,138,-1
24759,[0.29847711 0.32162749],2,5,"[0.23231087327800656, 0.30304944505444303]",1661,-1
24760,[0.24515403 0.34833832],2,5,"[0.23231087327800656, 0.30304944505444303]",-1,-1
24761,[0.30408888 0.37684149],2,-1,-1,-1,-1
24762,[0.27983247 0.48906041],7,8,"[0.27392971195344684, 0.45973140540928376]",1796,-1
24763,[0.47454282 0.50331911],3,6,"[0.5164739970238864, 0.5319253761973344]",876,-1
24764,[0.28871826 0.27733119],6,9,"[0.3110394802231661, 0.23517199738277297]",1555,-1
24765,[0.61476075 0.64864672],5,2,"[0.5921204552873188, 0.6383928111301557]",-1,-1
24766,[0.26564288 0.40342194],2,8,"[0.27392971195344684, 0.45973140540928376]",1008,-1
24767,[0.22667505 0.43556659],2,8,"[0.27392971195344684, 0.45973140540928376]",271,-1
24768,[0.5932778  0.70983196],9,-1,-1,-1,-1
24769,[0.26249961 0.27958163],0,5,"[0.23231087327800656, 0.30304944505444303]",1547,-1
24770,[0.37309902 0.3113243 ],6,1,"[0.3897435781344088, 0.3417040596068965]",-1,-1
24771,[0.32358993 0.28810405],6,9,"[0.3110394802231661, 0.23517199738277297]",-1,-1
24772,[0.65329864 0.65265187],9,2,"[0.5921204552873188, 0.6383928111301557]",635,-1
24773,[0.41236843 0.60375003],4,0,"[0.383291892093257, 0.5586820702346661]",-1,-1
24774,[0.65471844 0.55747058],9,-1,-1,-1,-1
24775,[0.22975867 0.27062445],2,5,"[0.23231087327800656, 0.30304944505444303]",1363,-1
24776,[0.34441917 0.28259259],0,9,"[0.3110394802231661, 0.23517199738277297]",1252,-1
24777,[0.22183904 0.61354382],7,7,"[0.2817018170798153, 0.5849768676672948]",-1,-1
24778,[0.7286005  0.48959184],8,3,"[0.6815204869410737, 0.47689852788858716]",-1,-1
24779,[0.60861326 0.63904208],9,2,"[0.5921204552873188, 0.6383928111301557]",-1,-1
24780,[0.30970466 0.65430609],4,-1,-1,302,-1
24781,[0.6529795  0.47713854],8,3,"[0.6815204869410737, 0.47689852788858716]",824,1
24782,[0.40121031 0.53180449],7,0,"[0.383291892093257, 0.5586820702346661]",1641,-1
24783,[0.4095957 0.3105412],6,1,"[0.3897435781344088, 0.3417040596068965]",925,-1
24784,[0.28722802 0.64074007],4,7,"[0.2817018170798153, 0.5849768676672948]",738,-1
24785,[0.56667076 0.60774264],5,2,"[0.5921204552873188, 0.6383928111301557]",-1,-1
24786,[0.45269556 0.27258759],6,-1,-1,585,-1
24787,[0.64997753 0.40314738],8,-1,-1,-1,-1
24788,[0.57595587 0.66830279],9,2,"[0.5921204552873188, 0.6383928111301557]",1121,-1
24789,[0.30607719 0.38513904],2,-1,-1,-1,-1
24790,[0.55800577 0.67037403],9,2,"[0.5921204552873188, 0.6383928111301557]",769,-1
24791,[0.23154667 0.52913799],4,-1,-1,1477,-1
24792,[0.78375952 0.71261837],1,4,"[0.7726811996944247, 0.7249303226766757]",-1,0
24793,[0.35869094 0.30259941],6,1,"[0.3897435781344088, 0.3417040596068965]",1537,-1
24794,[0.24221421 0.25296275],0,5,"[0.23231087327800656, 0.30304944505444303]",-1,-1
24795,[0.42897071 0.25480577],6,-1,-1,-1,-1
24796,[0.38769253 0.54162544],3,0,"[0.383291892093257, 0.5586820702346661]",1803,-1
24797,[0.35469191 0.34087413],0,1,"[0.3897435781344088, 0.3417040596068965]",-1,-1
24798,[0.54882398 0.46996903],8,6,"[0.5164739970238864, 0.5319253761973344]",757,-1
24799,[0.53968185 0.52088593],5,6,"[0.5164739970238864, 0.5319253761973344]",-1,-1
24800,[0.62140133 0.45267775],8,3,"[0.6815204869410737, 0.47689852788858716]",620,-1
24801,[0.28241271 0.44268104],7,8,"[0.27392971195344684, 0.45973140540928376]",1240,-1
24802,[0.78329914 0.77832189],1,4,"[0.7726811996944247, 0.7249303226766757]",407,0
24803,[0.42563091 0.31304072],6,1,"[0.3897435781344088, 0.3417040596068965]",-1,-1
24804,[0.22933401 0.45546468],7,8,"[0.27392971195344684, 0.45973140540928376]",587,-1
24805,[0.37771307 0.43017884],7,-1,-1,683,-1
24806,[0.6304188  0.62618534],9,2,"[0.5921204552873188, 0.6383928111301557]",1159,-1
24807,[0.23023046 0.39149724],2,-1,-1,912,-1
24808,[0.77275483 0.56606954],1,-1,-1,-1,-1
24809,[0.6859626  0.50853126],9,3,"[0.6815204869410737, 0.47689852788858716]",-1,-1
24810,[0.62634904 0.70711479],9,-1,-1,287,-1
24811,[0.76338868 0.76306873],1,4,"[0.7726811996944247, 0.7249303226766757]",417,0
24812,[0.83903379 0.6136594 ],1,-1,-1,-1,-1
24813,[0.78994183 0.68625154],1,4,"[0.7726811996944247, 0.7249303226766757]",448,0
24814,[0.26186191 0.37475567],6,-1,-1,1221,-1
24815,[0.81232416 0.87470715],1,-1,-1,-1,-1
24816,[0.22025982 0.32994455],2,5,"[0.23231087327800656, 0.30304944505444303]",1338,-1
24817,[0.26256441 0.50849418],7,8,"[0.27392971195344684, 0.45973140540928376]",1789,-1
24818,[0.59811291 0.34286144],6,-1,-1,-1,-1
24819,[0.3204205  0.30721628],6,-1,-1,1663,-1
24820,[0.3199359  0.17952588],0,9,"[0.3110394802231661, 0.23517199738277297]",232,-1
24821,[0.24967248 0.51206109],4,8,"[0.27392971195344684, 0.45973140540928376]",-1,-1
24822,[0.73717935 0.50304194],8,3,"[0.6815204869410737, 0.47689852788858716]",568,-1
24823,[0.26478482 0.60279812],3,7,"[0.2817018170798153, 0.5849768676672948]",-1,-1
24824,[0.30193292 0.34502162],2,-1,-1,1626,8
24825,[0.37170567 0.54329823],4,0,"[0.383291892093257, 0.5586820702346661]",-1,-1
24826,[0.41891535 0.37516369],6,1,"[0.3897435781344088, 0.3417040596068965]",681,-1
24827,[0.24499878 0.28386281],2,5,"[0.23231087327800656, 0.30304944505444303]",1531,-1
24828,[0.74618813 0.71405003],1,4,"[0.7726811996944247, 0.7249303226766757]",367,0
24829,[0.38918338 0.25975646],6,-1,-1,790,-1
24830,[0.24449975 0.24470909],0,5,"[0.23231087327800656, 0.30304944505444303]",-1,-1
24831,[0.39688917 0.28400305],6,1,"[0.3897435781344088, 0.3417040596068965]",1077,-1
24832,[0.36788874 0.59785599],3,0,"[0.383291892093257, 0.5586820702346661]",-1,-1
24833,[0.28275585 0.42457005],7,8,"[0.27392971195344684, 0.45973140540928376]",-1,-1
24834,[0.72161279 0.52456869],8,3,"[0.6815204869410737, 0.47689852788858716]",-1,-1
24835,[0.70615293 0.56311522],8,-1,-1,-1,-1
24836,[0.27630335 0.25773082],2,9,"[0.3110394802231661, 0.23517199738277297]",-1,-1
24837,[0.71982471 0.80141114],1,-1,-1,90,0
24838,[0.20005418 0.18995687],0,-1,-1,-1,-1
24839,[0.60381624 0.63751707],9,2,"[0.5921204552873188, 0.6383928111301557]",1332,-1
24840,[0.2655348  0.33507904],2,5,"[0.23231087327800656, 0.30304944505444303]",-1,-1
24841,[0.26070314 0.46331347],7,8,"[0.27392971195344684, 0.45973140540928376]",1595,-1
24842,[0.36501224 0.43291802],6,-1,-1,-1,-1
24843,[0.82621651 0.69392595],1,4,"[0.7726811996944247, 0.7249303226766757]",-1,0
24844,[0.35873901 0.39113436],2,1,"[0.3897435781344088, 0.3417040596068965]",-1,-1
24845,[0.32337382 0.39126517],2,-1,-1,1426,-1
24846,[0.20324922 0.45703205],7,-1,-1,330,-1
24847,[0.52135607 0.61111868],5,-1,-1,1230,-1
24848,[0.27207703 0.22172571],2,9,"[0.3110394802231661, 0.23517199738277297]",-1,-1
24849,[0.25216967 0.29376008],6,5,"[0.23231087327800656, 0.30304944505444303]",1644,-1
24850,[0.29946971 0.32104303],2,5,"[0.23231087327800656, 0.30304944505444303]",1661,-1
24851,[0.62323439 0.52632711],9,-1,-1,863,-1
24852,[0.26278546 0.39553822],2,8,"[0.27392971195344684, 0.45973140540928376]",945,-1
24853,[0.59682886 0.55222361],5,-1,-1,-1,-1
24854,[0.77567578 0.46883686],8,-1,-1,-1,-1
24855,[0.58361215 0.47750952],5,-1,-1,772,-1
24856,[0.33092107 0.53138708],3,0,"[0.383291892093257, 0.5586820702346661]",1948,-1
24857,[0.19180791 0.10715804],0,-1,-1,-1,-1
24858,[0.44640819 0.62199093],9,-1,-1,707,-1
24859,[0.76795844 0.81248998],1,-1,-1,296,0
24860,[0.4266494  0.36369041],6,1,"[0.3897435781344088, 0.3417040596068965]",682,-1
24861,[0.60068662 0.55968689],9,-1,-1,1316,-1
24862,[0.69562285 0.56449719],9,-1,-1,-1,-1
24863,[0.62609837 0.70174609],9,-1,-1,287,-1
24864,[0.17314523 0.63066597],7,-1,-1,-1,-1
24865,[0.25821524 0.56073845],7,7,"[0.2817018170798153, 0.5849768676672948]",1705,-1
24866,[0.46648394 0.549004  ],5,6,"[0.5164739970238864, 0.5319253761973344]",1267,-1
24867,[0.85418696 0.61990366],1,-1,-1,11,-1
24868,[0.61953467 0.66624857],9,2,"[0.5921204552873188, 0.6383928111301557]",-1,-1
24869,[0.68245543 0.50293184],8,3,"[0.6815204869410737, 0.47689852788858716]",827,2
24870,[0.29849563 0.19824445],0,9,"[0.3110394802231661, 0.23517199738277297]",425,-1
24871,[0.40002009 0.32850769],6,1,"[0.3897435781344088, 0.3417040596068965]",1000,-1
24872,[0.20751535 0.26143477],0,5,"[0.23231087327800656, 0.30304944505444303]",-1,-1
24873,[0.28568448 0.35457776],2,-1,-1,1584,-1
24874,[0.61065772 0.53677509],9,-1,-1,1246,-1
24875,[0.74448023 0.76508544],1,4,"[0.7726811996944247, 0.7249303226766757]",-1,0
24876,[0.36802247 0.27876681],2,1,"[0.3897435781344088, 0.3417040596068965]",1170,-1
24877,[0.2843152  0.57878825],3,7,"[0.2817018170798153, 0.5849768676672948]",1800,-1
24878,[0.450034   0.29836131],6,-1,-1,472,-1
24879,[0.30513606 0.65000259],3,7,"[0.2817018170798153, 0.5849768676672948]",590,-1
24880,[0.28168636 0.61436958],4,7,"[0.2817018170798153, 0.5849768676672948]",-1,-1
24881,[0.3639843  0.65657032],3,-1,-1,-1,-1
24882,[0.32486466 0.55352332],7,7,"[0.2817018170798153, 0.5849768676672948]",1990,17
24883,[0.3297668  0.32091736],0,1,"[0.3897435781344088, 0.3417040596068965]",1683,-1
24884,[0.35844284 0.49207394],7,-1,-1,1747,-1
24885,[0.88357603 0.71485931],1,-1,-1,-1,0
24886,[0.43524401 0.28665529],6,-1,-1,719,-1
24887,[0.4129315  0.48578848],3,-1,-1,1058,-1
24888,[0.84121244 0.75608027],1,-1,-1,297,0
24889,[0.5540501  0.59230465],9,2,"[0.5921204552873188, 0.6383928111301557]",-1,6
24890,[0.53722666 0.45403988],5,-1,-1,198,-1
24891,[0.30129162 0.36250239],2,-1,-1,-1,-1
24892,[0.31791401 0.54832099],4,7,"[0.2817018170798153, 0.5849768676672948]",1989,17
24893,[0.63982947 0.4577193 ],8,3,"[0.6815204869410737, 0.47689852788858716]",-1,-1
24894,[0.57145204 0.6953979 ],9,2,"[0.5921204552873188, 0.6383928111301557]",-1,-1
24895,[0.23693774 0.24652923],0,5,"[0.23231087327800656, 0.30304944505444303]",-1,-1
24896,[0.22863008 0.50706899],4,8,"[0.27392971195344684, 0.45973140540928376]",924,-1
24897,[0.45658799 0.5356617 ],5,6,"[0.5164739970238864, 0.5319253761973344]",-1,-1
24898,[0.37328378 0.61590971],4,0,"[0.383291892093257, 0.5586820702346661]",-1,-1
24899,[0.67734144 0.68780301],9,-1,-1,387,-1
24900,[0.47825799 0.33752253],6,-1,-1,-1,-1
24901,[0.31259907 0.25827846],6,9,"[0.3110394802231661, 0.23517199738277297]",1491,-1
24902,[0.48644668 0.35691905],6,-1,-1,208,-1
24903,[0.24029951 0.45719598],2,8,"[0.27392971195344684, 0.45973140540928376]",-1,-1
24904,[0.5407448  0.49735213],5,6,"[0.5164739970238864, 0.5319253761973344]",1096,-1
24905,[0.34128207 0.31022438],6,1,"[0.3897435781344088, 0.3417040596068965]",-1,-1
24906,[0.20943413 0.40508653],7,-1,-1,202,-1
24907,[0.65311059 0.58476882],9,-1,-1,1014,-1
24908,[0.6504708  0.34154545],8,-1,-1,13,-1
24909,[0.69084114 0.62511832],1,-1,-1,-1,-1
24910,[0.57317686 0.47110845],5,-1,-1,-1,-1
24911,[0.58883758 0.5260768 ],5,-1,-1,1102,-1
24912,[0.35255703 0.33242704],6,1,"[0.3897435781344088, 0.3417040596068965]",-1,-1
24913,[0.21637199 0.35548228],6,5,"[0.23231087327800656, 0.30304944505444303]",1127,-1
24914,[0.34699563 0.32343153],6,1,"[0.3897435781344088, 0.3417040596068965]",-1,-1
24915,[0.31197037 0.66026484],4,-1,-1,302,-1
24916,[0.29663601 0.63111162],3,7,"[0.2817018170798153, 0.5849768676672948]",-1,-1
24917,[0.79166714 0.75913429],1,4,"[0.7726811996944247, 0.7249303226766757]",377,0
24918,[0.29612907 0.30997667],2,5,"[0.23231087327800656, 0.30304944505444303]",1650,-1
24919,[0.88401407 0.86330489],1,-1,-1,-1,-1
24920,[0.39708853 0.53486476],3,0,"[0.383291892093257, 0.5586820702346661]",-1,-1
24921,[0.35669166 0.2937027 ],6,1,"[0.3897435781344088, 0.3417040596068965]",-1,-1
24922,[0.41591156 0.50536107],3,0,"[0.383291892093257, 0.5586820702346661]",1438,-1
24923,[0.59647286 0.49949938],5,-1,-1,-1,-1
24924,[0.23348084 0.2260001 ],0,-1,-1,-1,-1
24925,[0.76288193 0.81810049],1,-1,-1,-1,0
24926,[0.29426192 0.38357602],2,-1,-1,-1,-1
24927,[0.5452365  0.55297636],5,6,"[0.5164739970238864, 0.5319253761973344]",1406,6
24928,[0.41485452 0.41674444],6,-1,-1,575,-1
24929,[0.30053299 0.26933249],0,9,"[0.3110394802231661, 0.23517199738277297]",-1,-1
24930,[0.16235739 0.5730465 ],7,-1,-1,-1,-1
24931,[0.20331416 0.58990711],4,-1,-1,181,-1
24932,[0.2473536 0.3014976],2,5,"[0.23231087327800656, 0.30304944505444303]",1589,-1
24933,[0.39783767 0.4409485 ],6,-1,-1,567,-1
24934,[0.6580455  0.64281048],9,2,"[0.5921204552873188, 0.6383928111301557]",-1,-1
24935,[0.29024996 0.48224377],7,8,"[0.27392971195344684, 0.45973140540928376]",1799,-1
24936,[0.34139929 0.36385472],2,1,"[0.3897435781344088, 0.3417040596068965]",-1,-1
24937,[0.38236078 0.26279837],0,-1,-1,-1,-1
24938,[0.77324448 0.77041539],1,4,"[0.7726811996944247, 0.7249303226766757]",410,0
24939,[0.59725205 0.57101453],9,2,"[0.5921204552873188, 0.6383928111301557]",1315,5
24940,[0.31977031 0.60355849],4,7,"[0.2817018170798153, 0.5849768676672948]",-1,-1
24941,[0.24183395 0.28643208],0,5,"[0.23231087327800656, 0.30304944505444303]",-1,-1
24942,[0.28821856 0.339615  ],2,5,"[0.23231087327800656, 0.30304944505444303]",-1,-1
24943,[0.55015916 0.56843648],9,6,"[0.5164739970238864, 0.5319253761973344]",-1,6
24944,[0.32561752 0.28384117],6,9,"[0.3110394802231661, 0.23517199738277297]",1520,-1
24945,[0.16615958 0.57972275],4,-1,-1,-1,-1
24946,[0.72300782 0.62242211],1,-1,-1,-1,-1
24947,[0.73662263 0.61377962],8,-1,-1,-1,-1
24948,[0.3913325  0.24145587],0,-1,-1,-1,-1
24949,[0.27800107 0.60859346],7,7,"[0.2817018170798153, 0.5849768676672948]",1032,-1
24950,[0.62633515 0.52817258],8,-1,-1,-1,-1
24951,[0.4644223  0.52572026],9,6,"[0.5164739970238864, 0.5319253761973344]",1002,-1
24952,[0.29378234 0.47632626],4,8,"[0.27392971195344684, 0.45973140540928376]",-1,-1
24953,[0.28237266 0.54329598],7,7,"[0.2817018170798153, 0.5849768676672948]",-1,-1
24954,[0.31004977 0.43938989],4,8,"[0.27392971195344684, 0.45973140540928376]",1081,-1
24955,[0.75716078 0.37336323],8,-1,-1,27,-1
24956,[0.50786442 0.68130787],9,-1,-1,-1,-1
24957,[0.66640734 0.58363886],5,-1,-1,-1,-1
24958,[0.37594234 0.53098284],4,0,"[0.383291892093257, 0.5586820702346661]",-1,-1
24959,[0.39540107 0.3690747 ],6,1,"[0.3897435781344088, 0.3417040596068965]",-1,-1
24960,[0.59391728 0.46441016],5,-1,-1,608,-1
24961,[0.5306685  0.64509333],5,2,"[0.5921204552873188, 0.6383928111301557]",-1,-1
24962,[0.5749383  0.60685098],5,2,"[0.5921204552873188, 0.6383928111301557]",1415,6
24963,[0.39310262 0.61652738],3,0,"[0.383291892093257, 0.5586820702346661]",1721,-1
24964,[0.45822481 0.37145596],6,-1,-1,-1,-1
24965,[0.51162802 0.64409884],9,-1,-1,937,-1
24966,[0.43226692 0.39115581],6,1,"[0.3897435781344088, 0.3417040596068965]",742,-1
24967,[0.63352785 0.39606627],8,-1,-1,-1,-1
24968,[0.39389397 0.48983492],3,0,"[0.383291892093257, 0.5586820702346661]",-1,-1
24969,[0.36383947 0.29675418],6,1,"[0.3897435781344088, 0.3417040596068965]",1542,-1
24970,[0.85624582 0.7470843 ],1,-1,-1,130,0
24971,[0.33083153 0.31961425],2,1,"[0.3897435781344088, 0.3417040596068965]",1683,10
24972,[0.72015979 0.5196673 ],8,3,"[0.6815204869410737, 0.47689852788858716]",-1,-1
24973,[0.56707212 0.4509757 ],8,-1,-1,-1,-1
24974,[0.29319    0.66088537],3,-1,-1,226,-1
24975,[0.52448227 0.44411595],5,-1,-1,-1,-1
24976,[0.22839194 0.46080667],4,8,"[0.27392971195344684, 0.45973140540928376]",587,-1
24977,[0.39076286 0.21935519],6,-1,-1,-1,-1
24978,[0.37849883 0.20116986],6,-1,-1,-1,-1
24979,[0.33852655 0.39778449],7,-1,-1,-1,-1
24980,[0.42908527 0.53504423],2,0,"[0.383291892093257, 0.5586820702346661]",1134,-1
24981,[0.63694842 0.52270141],9,3,"[0.6815204869410737, 0.47689852788858716]",-1,-1
24982,[0.69113233 0.43833465],8,3,"[0.6815204869410737, 0.47689852788858716]",611,-1
24983,[0.56181551 0.60301017],5,2,"[0.5921204552873188, 0.6383928111301557]",-1,-1
24984,[0.41739148 0.59919586],3,0,"[0.383291892093257, 0.5586820702346661]",-1,-1
24985,[0.35742322 0.46361319],7,-1,-1,1560,-1
24986,[0.34870319 0.54066553],4,0,"[0.383291892093257, 0.5586820702346661]",1969,16
24987,[0.54410148 0.54030484],8,6,"[0.5164739970238864, 0.5319253761973344]",-1,-1
24988,[0.35717902 0.34507961],2,1,"[0.3897435781344088, 0.3417040596068965]",-1,-1
24989,[0.60353113 0.56283469],5,-1,-1,-1,-1
24990,[0.36850192 0.25211424],6,9,"[0.3110394802231661, 0.23517199738277297]",675,-1
24991,[0.33274859 0.58403705],3,7,"[0.2817018170798153, 0.5849768676672948]",-1,17
24992,[0.58709564 0.65417714],9,2,"[0.5921204552873188, 0.6383928111301557]",1124,-1
24993,[0.27231628 0.28285752],2,5,"[0.23231087327800656, 0.30304944505444303]",1675,11
24994,[0.75479719 0.80516611],1,-1,-1,-1,0
24995,[0.28646437 0.57374431],4,7,"[0.2817018170798153, 0.5849768676672948]",1773,-1
24996,[0.33896557 0.5129599 ],3,0,"[0.383291892093257, 0.5586820702346661]",-1,-1
24997,[0.32169993 0.5369286 ],4,7,"[0.2817018170798153, 0.5849768676672948]",1932,-1
24998,[0.3435362  0.47848219],3,-1,-1,-1,-1
24999,[0.4279337  0.46787583],3,-1,-1,609,-1
25000,[0.27603425 0.50503681],7,8,"[0.27392971195344684, 0.45973140540928376]",1760,-1
25001,[0.3144503  0.31144786],6,-1,-1,-1,-1
25002,[0.33971361 0.28778236],0,9,"[0.3110394802231661, 0.23517199738277297]",-1,-1
25003,[0.58120371 0.60367361],5,2,"[0.5921204552873188, 0.6383928111301557]",1424,6
25004,[0.53332768 0.63800857],5,2,"[0.5921204552873188, 0.6383928111301557]",1257,-1
25005,[0.21866675 0.51029596],4,-1,-1,1089,-1
25006,[0.56436248 0.70967328],9,-1,-1,-1,-1
25007,[0.32066049 0.39009889],2,-1,-1,1426,-1
25008,[0.46181362 0.40256285],6,-1,-1,207,-1
25009,[0.53475206 0.53204328],5,6,"[0.5164739970238864, 0.5319253761973344]",-1,-1
25010,[0.51821241 0.51639472],5,6,"[0.5164739970238864, 0.5319253761973344]",1180,-1
25011,[0.62358616 0.63081151],9,2,"[0.5921204552873188, 0.6383928111301557]",1162,-1
25012,[0.74936194 0.69828455],1,4,"[0.7726811996944247, 0.7249303226766757]",-1,0
25013,[0.36803768 0.5176743 ],3,0,"[0.383291892093257, 0.5586820702346661]",1900,-1
25014,[0.25009819 0.55802865],4,7,"[0.2817018170798153, 0.5849768676672948]",1706,-1
25015,[0.41211171 0.26262959],6,-1,-1,640,-1
25016,[0.78311766 0.67462922],1,4,"[0.7726811996944247, 0.7249303226766757]",397,0
25017,[0.80702477 0.7900528 ],1,-1,-1,294,0
25018,[0.68575772 0.46037881],8,3,"[0.6815204869410737, 0.47689852788858716]",-1,-1
25019,[0.77962007 0.64921291],1,-1,-1,-1,0
25020,[0.27343583 0.49901855],7,8,"[0.27392971195344684, 0.45973140540928376]",1779,-1
25021,[0.27500731 0.31883164],2,5,"[0.23231087327800656, 0.30304944505444303]",1585,9
25022,[0.80702471 0.78766831],1,-1,-1,294,0
25023,[0.22723882 0.27647059],0,5,"[0.23231087327800656, 0.30304944505444303]",-1,-1
25024,[0.72223604 0.67872981],9,4,"[0.7726811996944247, 0.7249303226766757]",390,0
25025,[0.49496529 0.3374655 ],6,-1,-1,168,-1
25026,[0.27380964 0.53249836],4,7,"[0.2817018170798153, 0.5849768676672948]",1882,-1
25027,[0.30884107 0.56082736],4,7,"[0.2817018170798153, 0.5849768676672948]",1968,-1
25028,[0.22450229 0.28184548],2,5,"[0.23231087327800656, 0.30304944505444303]",-1,-1
25029,[0.39092707 0.61379526],3,0,"[0.383291892093257, 0.5586820702346661]",1721,-1
25030,[0.71184481 0.47082611],8,3,"[0.6815204869410737, 0.47689852788858716]",780,-1
25031,[0.60791692 0.63005191],5,2,"[0.5921204552873188, 0.6383928111301557]",1336,6
25032,[0.30952787 0.25552229],0,9,"[0.3110394802231661, 0.23517199738277297]",-1,-1
25033,[0.75376294 0.47852582],8,-1,-1,-1,-1
25034,[0.57195193 0.43996973],8,-1,-1,252,-1
25035,[0.20823701 0.54925295],7,-1,-1,644,-1
25036,[0.36985788 0.2172493 ],6,9,"[0.3110394802231661, 0.23517199738277297]",-1,-1
25037,[0.26239816 0.4193803 ],2,8,"[0.27392971195344684, 0.45973140540928376]",695,-1
25038,[0.39329685 0.5427797 ],3,0,"[0.383291892093257, 0.5586820702346661]",-1,-1
25039,[0.56126644 0.55795679],9,6,"[0.5164739970238864, 0.5319253761973344]",1362,6
25040,[0.28937987 0.17788789],0,9,"[0.3110394802231661, 0.23517199738277297]",425,-1
25041,[0.38392638 0.4811131 ],4,-1,-1,1042,-1
25042,[0.25547807 0.27632497],2,5,"[0.23231087327800656, 0.30304944505444303]",1549,-1
25043,[0.46217855 0.54145824],5,6,"[0.5164739970238864, 0.5319253761973344]",-1,-1
25044,[0.81631666 0.68301669],1,4,"[0.7726811996944247, 0.7249303226766757]",361,0
25045,[0.55958289 0.57830727],5,6,"[0.5164739970238864, 0.5319253761973344]",-1,6
25046,[0.78444845 0.73369698],1,4,"[0.7726811996944247, 0.7249303226766757]",-1,0
25047,[0.32301236 0.18078888],0,9,"[0.3110394802231661, 0.23517199738277297]",232,-1
25048,[0.43868327 0.60165004],4,-1,-1,-1,-1
25049,[0.43585242 0.33157169],6,1,"[0.3897435781344088, 0.3417040596068965]",-1,-1
25050,[0.38311238 0.31695376],6,1,"[0.3897435781344088, 0.3417040596068965]",1142,-1
25051,[0.22960634 0.21226554],0,-1,-1,-1,-1
25052,[0.34670793 0.52730575],7,0,"[0.383291892093257, 0.5586820702346661]",1947,-1
25053,[0.44958809 0.59808974],5,-1,-1,-1,4
25054,[0.768425   0.75293639],1,4,"[0.7726811996944247, 0.7249303226766757]",413,0
25055,[0.31466893 0.18007133],2,9,"[0.3110394802231661, 0.23517199738277297]",-1,-1
25056,[0.31544546 0.57018857],3,7,"[0.2817018170798153, 0.5849768676672948]",-1,-1
25057,[0.3195062  0.32529889],2,-1,-1,1671,-1
25058,[0.38486559 0.54235286],5,0,"[0.383291892093257, 0.5586820702346661]",-1,-1
25059,[0.4535778  0.52557569],3,6,"[0.5164739970238864, 0.5319253761973344]",1302,-1
25060,[0.55455175 0.53518411],5,6,"[0.5164739970238864, 0.5319253761973344]",-1,-1
25061,[0.40279971 0.57844205],3,0,"[0.383291892093257, 0.5586820702346661]",1767,-1
25062,[0.78359993 0.70782805],1,4,"[0.7726811996944247, 0.7249303226766757]",-1,0
25063,[0.43475865 0.51820265],7,0,"[0.383291892093257, 0.5586820702346661]",-1,-1
25064,[0.70242714 0.52552643],8,3,"[0.6815204869410737, 0.47689852788858716]",571,-1
25065,[0.29429405 0.35781781],2,-1,-1,1479,-1
25066,[0.21492274 0.50079093],4,-1,-1,-1,-1
25067,[0.3585418  0.36157053],6,1,"[0.3897435781344088, 0.3417040596068965]",1079,-1
25068,[0.19236447 0.31142851],0,5,"[0.23231087327800656, 0.30304944505444303]",-1,-1
25069,[0.3461904  0.29926647],2,1,"[0.3897435781344088, 0.3417040596068965]",-1,-1
25070,[0.26886329 0.41211021],2,8,"[0.27392971195344684, 0.45973140540928376]",-1,-1
25071,[0.4088523  0.31503449],6,1,"[0.3897435781344088, 0.3417040596068965]",925,-1
25072,[0.21776505 0.28932712],0,5,"[0.23231087327800656, 0.30304944505444303]",1113,-1
25073,[0.69179492 0.66480337],1,-1,-1,-1,0
25074,[0.2940184  0.54189115],4,7,"[0.2817018170798153, 0.5849768676672948]",-1,-1
25075,[0.43881782 0.24123704],6,-1,-1,178,-1
25076,[0.42303138 0.53322049],3,0,"[0.383291892093257, 0.5586820702346661]",1469,-1
25077,[0.45736932 0.32389347],6,1,"[0.3897435781344088, 0.3417040596068965]",-1,-1
25078,[0.32594062 0.62736854],4,7,"[0.2817018170798153, 0.5849768676672948]",1395,-1
25079,[0.37241916 0.59746488],3,0,"[0.383291892093257, 0.5586820702346661]",-1,-1
25080,[0.75563194 0.71657073],9,4,"[0.7726811996944247, 0.7249303226766757]",462,0
25081,[0.30943588 0.58461005],7,7,"[0.2817018170798153, 0.5849768676672948]",1967,-1
25082,[0.18099386 0.32376416],0,5,"[0.23231087327800656, 0.30304944505444303]",497,-1
25083,[0.40405921 0.43798732],3,-1,-1,363,-1
25084,[0.6698459  0.46497052],8,3,"[0.6815204869410737, 0.47689852788858716]",-1,-1
25085,[0.19552566 0.37210384],0,-1,-1,-1,-1
25086,[0.9246038  0.90342698],1,-1,-1,-1,-1
25087,[0.34247027 0.32570333],6,1,"[0.3897435781344088, 0.3417040596068965]",1575,-1
25088,[0.34674842 0.50710172],3,0,"[0.383291892093257, 0.5586820702346661]",-1,-1
25089,[0.46227472 0.51657573],5,6,"[0.5164739970238864, 0.5319253761973344]",564,-1
25090,[0.27930387 0.23252531],0,9,"[0.3110394802231661, 0.23517199738277297]",-1,-1
25091,[0.71232236 0.69831025],1,4,"[0.7726811996944247, 0.7249303226766757]",392,0
25092,[0.3748086  0.28284138],6,1,"[0.3897435781344088, 0.3417040596068965]",-1,-1
25093,[0.42627988 0.57704416],7,0,"[0.383291892093257, 0.5586820702346661]",-1,-1
25094,[0.28881297 0.59544173],4,7,"[0.2817018170798153, 0.5849768676672948]",-1,-1
25095,[0.34334948 0.40539828],6,-1,-1,881,-1
25096,[0.22878965 0.39420908],0,-1,-1,-1,-1
25097,[0.48431899 0.57929237],5,6,"[0.5164739970238864, 0.5319253761973344]",1225,-1
25098,[0.39792861 0.60933502],5,0,"[0.383291892093257, 0.5586820702346661]",1725,-1
25099,[0.46454133 0.60078667],5,-1,-1,1235,-1
25100,[0.29072149 0.59310424],7,7,"[0.2817018170798153, 0.5849768676672948]",1810,-1
25101,[0.69924148 0.63492189],1,-1,-1,-1,-1
25102,[0.45086974 0.30560809],6,-1,-1,-1,-1
25103,[0.22448258 0.38724465],2,-1,-1,912,-1
25104,[0.65393948 0.71746403],9,-1,-1,-1,-1
25105,[0.31498118 0.30034171],6,9,"[0.3110394802231661, 0.23517199738277297]",1647,-1
25106,[0.57005459 0.58812606],9,2,"[0.5921204552873188, 0.6383928111301557]",1437,6
25107,[0.51579421 0.55535718],5,6,"[0.5164739970238864, 0.5319253761973344]",-1,-1
25108,[0.26281806 0.23352547],0,9,"[0.3110394802231661, 0.23517199738277297]",1137,-1
25109,[0.71160207 0.44950611],8,3,"[0.6815204869410737, 0.47689852788858716]",594,-1
25110,[0.38574694 0.47777299],7,-1,-1,-1,-1
25111,[0.51316638 0.71912755],9,-1,-1,-1,-1
25112,[0.66394136 0.62613847],9,-1,-1,-1,-1
25113,[0.67325007 0.5602899 ],8,-1,-1,671,-1
25114,[0.31822563 0.51119676],4,8,"[0.27392971195344684, 0.45973140540928376]",-1,15
25115,[0.29095694 0.59477493],4,7,"[0.2817018170798153, 0.5849768676672948]",-1,-1
25116,[0.36801105 0.47730282],3,-1,-1,1211,-1
25117,[0.34786289 0.56200619],3,0,"[0.383291892093257, 0.5586820702346661]",-1,-1
25118,[0.31804668 0.46275537],7,8,"[0.27392971195344684, 0.45973140540928376]",1556,-1
25119,[0.55931176 0.49622259],5,6,"[0.5164739970238864, 0.5319253761973344]",845,-1
25120,[0.24255629 0.40262867],7,8,"[0.27392971195344684, 0.45973140540928376]",-1,-1
25121,[0.332089   0.57355582],4,7,"[0.2817018170798153, 0.5849768676672948]",-1,-1
25122,[0.40346539 0.43045369],7,-1,-1,363,-1
25123,[0.29682322 0.61660075],3,7,"[0.2817018170798153, 0.5849768676672948]",856,-1
25124,[0.52081106 0.60871104],5,-1,-1,1230,-1
25125,[0.22058814 0.30598648],0,5,"[0.23231087327800656, 0.30304944505444303]",1421,-1
25126,[0.54510315 0.49095424],3,6,"[0.5164739970238864, 0.5319253761973344]",-1,-1
25127,[0.79427266 0.80170982],1,-1,-1,-1,0
25128,[0.48671878 0.35130432],6,-1,-1,-1,-1
25129,[0.3035095  0.60283366],7,7,"[0.2817018170798153, 0.5849768676672948]",-1,-1
25130,[0.53549502 0.71722247],9,-1,-1,261,-1
25131,[0.43242919 0.27141466],6,-1,-1,532,-1
25132,[0.61998636 0.50965938],5,3,"[0.6815204869410737, 0.47689852788858716]",867,-1
25133,[0.62680486 0.43363441],8,3,"[0.6815204869410737, 0.47689852788858716]",-1,-1
25134,[0.57794043 0.49751477],8,-1,-1,847,-1
25135,[0.2407386  0.26273904],2,5,"[0.23231087327800656, 0.30304944505444303]",-1,-1
25136,[0.40169204 0.53695019],5,0,"[0.383291892093257, 0.5586820702346661]",1643,-1
25137,[0.6674388  0.45137413],8,3,"[0.6815204869410737, 0.47689852788858716]",733,-1
25138,[0.52443756 0.61409686],5,-1,-1,1145,-1
25139,[0.51275586 0.42229184],6,-1,-1,-1,-1
25140,[0.264293   0.23225603],0,9,"[0.3110394802231661, 0.23517199738277297]",1137,-1
25141,[0.26290958 0.43242652],7,8,"[0.27392971195344684, 0.45973140540928376]",1087,-1
25142,[0.49354977 0.52455892],9,6,"[0.5164739970238864, 0.5319253761973344]",936,-1
25143,[0.27400787 0.60996703],4,7,"[0.2817018170798153, 0.5849768676672948]",-1,-1
25144,[0.69050976 0.42552198],8,3,"[0.6815204869410737, 0.47689852788858716]",597,-1
25145,[0.60839398 0.59296709],9,2,"[0.5921204552873188, 0.6383928111301557]",1327,-1
25146,[0.39818939 0.31606639],6,1,"[0.3897435781344088, 0.3417040596068965]",-1,-1
25147,[0.31147616 0.35480491],6,-1,-1,-1,-1
25148,[0.6919493 0.4540016],8,3,"[0.6815204869410737, 0.47689852788858716]",-1,-1
25149,[0.26361976 0.1815549 ],0,-1,-1,239,-1
25150,[0.22262824 0.18429595],0,-1,-1,375,-1
25151,[0.49034416 0.34373876],6,-1,-1,-1,-1
25152,[0.36341438 0.30192867],6,1,"[0.3897435781344088, 0.3417040596068965]",1543,-1
25153,[0.27733303 0.5388396 ],3,7,"[0.2817018170798153, 0.5849768676672948]",-1,-1
25154,[0.47685825 0.64184942],5,-1,-1,647,-1
25155,[0.30506597 0.22482559],0,9,"[0.3110394802231661, 0.23517199738277297]",972,-1
25156,[0.36655586 0.35808937],2,1,"[0.3897435781344088, 0.3417040596068965]",-1,-1
25157,[0.19270883 0.54096482],4,-1,-1,-1,-1
25158,[0.30374527 0.50113301],7,8,"[0.27392971195344684, 0.45973140540928376]",1858,-1
25159,[0.27478655 0.37027448],2,-1,-1,-1,-1
25160,[0.38056121 0.27040099],6,-1,-1,1073,-1
25161,[0.7002937  0.57389829],8,-1,-1,235,-1
25162,[0.3085651  0.39095952],2,-1,-1,-1,-1
25163,[0.30873543 0.54916107],4,7,"[0.2817018170798153, 0.5849768676672948]",1987,17
25164,[0.65228273 0.66476548],9,2,"[0.5921204552873188, 0.6383928111301557]",-1,-1
25165,[0.65825819 0.50154245],5,3,"[0.6815204869410737, 0.47689852788858716]",816,-1
25166,[0.52760225 0.66653379],5,-1,-1,919,-1
25167,[0.34308678 0.59826491],3,0,"[0.383291892093257, 0.5586820702346661]",1833,-1
25168,[0.24022501 0.24344237],0,5,"[0.23231087327800656, 0.30304944505444303]",-1,-1
25169,[0.55222841 0.57859686],5,6,"[0.5164739970238864, 0.5319253761973344]",1450,6
25170,[0.36052228 0.51379198],4,0,"[0.383291892093257, 0.5586820702346661]",1899,-1
25171,[0.73140409 0.57069694],8,-1,-1,125,-1
25172,[0.64361654 0.58965532],8,-1,-1,1178,-1
25173,[0.20414374 0.29874458],0,5,"[0.23231087327800656, 0.30304944505444303]",685,-1
25174,[0.19089961 0.22689292],0,-1,-1,557,-1
25175,[0.66516966 0.62635275],9,-1,-1,-1,-1
25176,[0.27579119 0.51201108],4,8,"[0.27392971195344684, 0.45973140540928376]",-1,-1
25177,[0.30252399 0.55480879],7,7,"[0.2817018170798153, 0.5849768676672948]",1930,-1
25178,[0.24320663 0.27453082],0,5,"[0.23231087327800656, 0.30304944505444303]",-1,-1
25179,[0.44132867 0.34897863],6,1,"[0.3897435781344088, 0.3417040596068965]",525,-1
25180,[0.22684754 0.34419435],2,5,"[0.23231087327800656, 0.30304944505444303]",1521,-1
25181,[0.55288979 0.54395296],5,6,"[0.5164739970238864, 0.5319253761973344]",1408,-1
25182,[0.80594286 0.66445865],1,4,"[0.7726811996944247, 0.7249303226766757]",-1,0
25183,[0.70230195 0.50554319],8,3,"[0.6815204869410737, 0.47689852788858716]",739,-1
25184,[0.76943705 0.68007156],1,4,"[0.7726811996944247, 0.7249303226766757]",399,0
25185,[0.20078021 0.54700379],4,-1,-1,644,-1
25186,[0.2627767  0.52802306],3,7,"[0.2817018170798153, 0.5849768676672948]",-1,-1
25187,[0.60370532 0.7227301 ],9,-1,-1,-1,-1
25188,[0.22940978 0.2569717 ],0,5,"[0.23231087327800656, 0.30304944505444303]",885,-1
25189,[0.73279877 0.63550317],1,-1,-1,184,0
25190,[0.54556338 0.67000041],5,2,"[0.5921204552873188, 0.6383928111301557]",-1,-1
25191,[0.31044561 0.51525394],2,8,"[0.27392971195344684, 0.45973140540928376]",-1,15
25192,[0.18068589 0.31427222],2,5,"[0.23231087327800656, 0.30304944505444303]",-1,-1
25193,[0.12824621 0.36199811],2,-1,-1,-1,-1
25194,[0.55405044 0.63481295],9,2,"[0.5921204552873188, 0.6383928111301557]",-1,6
25195,[0.34659937 0.39666784],2,1,"[0.3897435781344088, 0.3417040596068965]",-1,-1
25196,[0.70999543 0.4235705 ],8,3,"[0.6815204869410737, 0.47689852788858716]",443,-1
25197,[0.2181357  0.55825538],4,7,"[0.2817018170798153, 0.5849768676672948]",-1,-1
25198,[0.55583564 0.63946337],9,2,"[0.5921204552873188, 0.6383928111301557]",1278,-1
25199,[0.32759581 0.64469809],3,-1,-1,-1,-1
25200,[0.34456871 0.51232778],7,0,"[0.383291892093257, 0.5586820702346661]",-1,-1
25201,[0.11727947 0.50543329],7,-1,-1,-1,-1
25202,[0.80639754 0.74315653],1,4,"[0.7726811996944247, 0.7249303226766757]",-1,0
25203,[0.42596098 0.31000353],6,1,"[0.3897435781344088, 0.3417040596068965]",977,-1
25204,[0.11853918 0.35638319],0,-1,-1,-1,-1
25205,[0.57370152 0.63988135],5,2,"[0.5921204552873188, 0.6383928111301557]",1214,-1
25206,[0.72060553 0.72904636],1,4,"[0.7726811996944247, 0.7249303226766757]",-1,0
25207,[0.30950245 0.23589901],0,9,"[0.3110394802231661, 0.23517199738277297]",1492,-1
25208,[0.68130657 0.46739407],8,3,"[0.6815204869410737, 0.47689852788858716]",813,2
25209,[0.2974824  0.61589009],7,7,"[0.2817018170798153, 0.5849768676672948]",856,-1
25210,[0.79218827 0.72400994],9,4,"[0.7726811996944247, 0.7249303226766757]",-1,0
25211,[0.2858439  0.38941238],2,-1,-1,-1,-1
25212,[0.28858341 0.37008469],2,-1,-1,1092,-1
25213,[0.5841917  0.65940856],9,2,"[0.5921204552873188, 0.6383928111301557]",1124,-1
25214,[0.60488936 0.60302863],9,2,"[0.5921204552873188, 0.6383928111301557]",1328,-1
25215,[0.26976592 0.50722243],2,8,"[0.27392971195344684, 0.45973140540928376]",-1,-1
25216,[0.26201928 0.3071752 ],2,5,"[0.23231087327800656, 0.30304944505444303]",-1,-1
25217,[0.66590255 0.65265473],9,-1,-1,-1,-1
25218,[0.37120505 0.37798885],6,1,"[0.3897435781344088, 0.3417040596068965]",-1,-1
25219,[0.35139214 0.34554144],6,1,"[0.3897435781344088, 0.3417040596068965]",-1,-1
25220,[0.52599724 0.53559359],5,6,"[0.5164739970238864, 0.5319253761973344]",1177,-1
25221,[0.37538054 0.56708206],3,0,"[0.383291892093257, 0.5586820702346661]",1832,-1
25222,[0.30572859 0.59698165],3,7,"[0.2817018170798153, 0.5849768676672948]",1820,-1
25223,[0.44276831 0.43898004],5,-1,-1,-1,-1
25224,[0.63203818 0.41558533],8,-1,-1,264,-1
25225,[0.31148766 0.37584654],6,-1,-1,1423,-1
25226,[0.26351921 0.5338425 ],7,7,"[0.2817018170798153, 0.5849768676672948]",-1,-1
25227,[0.28335618 0.54553384],4,7,"[0.2817018170798153, 0.5849768676672948]",-1,-1
25228,[0.39129409 0.63229152],3,-1,-1,751,-1
25229,[0.32828443 0.61301321],4,7,"[0.2817018170798153, 0.5849768676672948]",1544,-1
25230,[0.37289462 0.24233061],2,9,"[0.3110394802231661, 0.23517199738277297]",-1,-1
25231,[0.40994254 0.4120303 ],6,-1,-1,-1,-1
25232,[0.19136544 0.26067187],0,5,"[0.23231087327800656, 0.30304944505444303]",-1,-1
25233,[0.44774428 0.75402592],9,-1,-1,-1,-1
25234,[0.37600845 0.57853581],3,0,"[0.383291892093257, 0.5586820702346661]",1865,12
25235,[0.6108524  0.69589974],9,2,"[0.5921204552873188, 0.6383928111301557]",518,-1
25236,[0.68846429 0.74031582],1,-1,-1,-1,0
25237,[0.71043641 0.51436419],8,3,"[0.6815204869410737, 0.47689852788858716]",-1,-1
25238,[0.29269619 0.43275826],2,8,"[0.27392971195344684, 0.45973140540928376]",-1,-1
25239,[0.36241224 0.25389069],0,9,"[0.3110394802231661, 0.23517199738277297]",-1,-1
25240,[0.67952058 0.52935286],9,3,"[0.6815204869410737, 0.47689852788858716]",673,-1
25241,[0.23532659 0.3248815 ],2,5,"[0.23231087327800656, 0.30304944505444303]",-1,-1
25242,[0.26102168 0.17518278],0,-1,-1,-1,-1
25243,[0.34249674 0.27382229],2,9,"[0.3110394802231661, 0.23517199738277297]",1119,-1
25244,[0.59854529 0.71445939],9,-1,-1,423,-1
25245,[0.30836502 0.41962831],7,8,"[0.27392971195344684, 0.45973140540928376]",1017,-1
25246,[0.31213681 0.4706801 ],4,8,"[0.27392971195344684, 0.45973140540928376]",-1,-1
25247,[0.29650377 0.28009278],0,9,"[0.3110394802231661, 0.23517199738277297]",1554,-1
25248,[0.71459348 0.39248747],8,-1,-1,150,-1
25249,[0.2790942  0.48940448],7,8,"[0.27392971195344684, 0.45973140540928376]",1796,-1
25250,[0.29240998 0.3758347 ],2,-1,-1,1092,-1
25251,[0.30691486 0.23456346],0,9,"[0.3110394802231661, 0.23517199738277297]",1492,-1
25252,[0.32737985 0.51754955],4,0,"[0.383291892093257, 0.5586820702346661]",-1,-1
25253,[0.4420515  0.57170543],9,0,"[0.383291892093257, 0.5586820702346661]",-1,-1
25254,[0.3620207 0.6277445],3,-1,-1,1304,-1
25255,[0.31252486 0.37028392],2,-1,-1,-1,-1
25256,[0.67663673 0.64065982],9,-1,-1,-1,-1
25257,[0.52630646 0.51007181],8,6,"[0.5164739970238864, 0.5319253761973344]",1176,-1
25258,[0.25128502 0.36054582],2,5,"[0.23231087327800656, 0.30304944505444303]",1044,-1
25259,[0.51401019 0.58201336],5,6,"[0.5164739970238864, 0.5319253761973344]",-1,6
25260,[0.31860449 0.35884263],6,-1,-1,1485,-1
25261,[0.58623217 0.57112715],5,2,"[0.5921204552873188, 0.6383928111301557]",-1,-1
25262,[0.36135067 0.61454743],3,0,"[0.383291892093257, 0.5586820702346661]",-1,-1
25263,[0.18261753 0.51210214],4,-1,-1,-1,-1
25264,[0.23702988 0.55509836],7,7,"[0.2817018170798153, 0.5849768676672948]",1411,-1
25265,[0.27161607 0.56375968],7,7,"[0.2817018170798153, 0.5849768676672948]",1874,-1
25266,[0.32195209 0.41603646],6,8,"[0.27392971195344684, 0.45973140540928376]",-1,-1
25267,[0.69080729 0.59621528],8,-1,-1,267,-1
25268,[0.31115697 0.37735735],6,-1,-1,1423,-1
25269,[0.29191463 0.29179236],2,9,"[0.3110394802231661, 0.23517199738277297]",1689,11
25270,[0.79701213 0.44043464],8,-1,-1,-1,-1
25271,[0.69388776 0.50820483],8,3,"[0.6815204869410737, 0.47689852788858716]",807,-1
25272,[0.19984285 0.47866127],7,-1,-1,185,-1
25273,[0.23716305 0.14425696],0,-1,-1,-1,-1
25274,[0.30882798 0.27785103],0,9,"[0.3110394802231661, 0.23517199738277297]",1614,-1
25275,[0.65091741 0.496216  ],8,3,"[0.6815204869410737, 0.47689852788858716]",819,-1
25276,[0.38632907 0.66790821],4,-1,-1,-1,-1
25277,[0.31892959 0.64155649],3,7,"[0.2817018170798153, 0.5849768676672948]",887,-1
25278,[0.5902849  0.60559369],5,2,"[0.5921204552873188, 0.6383928111301557]",-1,-1
25279,[0.73313145 0.68527223],1,4,"[0.7726811996944247, 0.7249303226766757]",429,0
25280,[0.64262959 0.78165284],9,-1,-1,-1,-1
25281,[0.47162212 0.52978216],3,6,"[0.5164739970238864, 0.5319253761973344]",957,-1
25282,[0.28084333 0.51681579],7,8,"[0.27392971195344684, 0.45973140540928376]",-1,14
25283,[0.37310746 0.54141884],5,0,"[0.383291892093257, 0.5586820702346661]",-1,-1
25284,[0.49964621 0.55625798],5,6,"[0.5164739970238864, 0.5319253761973344]",-1,-1
25285,[0.63922727 0.62406791],9,2,"[0.5921204552873188, 0.6383928111301557]",1154,-1
25286,[0.27463926 0.49981054],7,8,"[0.27392971195344684, 0.45973140540928376]",1779,-1
25287,[0.29891136 0.31828923],6,5,"[0.23231087327800656, 0.30304944505444303]",1661,-1
25288,[0.37003104 0.53091143],4,0,"[0.383291892093257, 0.5586820702346661]",1934,-1
25289,[0.31710066 0.56390678],7,7,"[0.2817018170798153, 0.5849768676672948]",1972,-1
25290,[0.28063527 0.38920648],2,-1,-1,-1,-1
25291,[0.35095956 0.54386669],3,0,"[0.383291892093257, 0.5586820702346661]",-1,-1
25292,[0.26465095 0.37546034],2,-1,-1,1221,-1
25293,[0.25668716 0.23016186],2,9,"[0.3110394802231661, 0.23517199738277297]",-1,-1
25294,[0.67284797 0.37753915],8,-1,-1,-1,-1
25295,[0.70350654 0.77892223],1,-1,-1,225,0
25296,[0.70172678 0.37944342],8,-1,-1,-1,-1
25297,[0.45221872 0.73752031],5,-1,-1,-1,-1
25298,[0.3444669  0.63329216],3,-1,-1,1048,-1
25299,[0.64278845 0.61733913],5,2,"[0.5921204552873188, 0.6383928111301557]",-1,-1
25300,[0.32447776 0.47652769],3,8,"[0.27392971195344684, 0.45973140540928376]",1475,-1
25301,[0.46398485 0.54026404],5,6,"[0.5164739970238864, 0.5319253761973344]",-1,-1
25302,[0.71702853 0.5606916 ],8,-1,-1,-1,-1
25303,[0.43688414 0.38625473],6,1,"[0.3897435781344088, 0.3417040596068965]",742,-1
25304,[0.80845228 0.7382406 ],1,4,"[0.7726811996944247, 0.7249303226766757]",-1,0
25305,[0.26394206 0.64294319],7,7,"[0.2817018170798153, 0.5849768676672948]",-1,-1
25306,[0.51261095 0.54691955],5,6,"[0.5164739970238864, 0.5319253761973344]",1186,3
25307,[0.33293163 0.31073127],2,1,"[0.3897435781344088, 0.3417040596068965]",-1,10
25308,[0.2877367  0.57738312],4,7,"[0.2817018170798153, 0.5849768676672948]",-1,-1
25309,[0.34645281 0.59204417],7,0,"[0.383291892093257, 0.5586820702346661]",1834,-1
25310,[0.71156146 0.48120275],8,3,"[0.6815204869410737, 0.47689852788858716]",791,-1
25311,[0.41472135 0.33693688],6,1,"[0.3897435781344088, 0.3417040596068965]",-1,-1
25312,[0.55190027 0.49001569],5,6,"[0.5164739970238864, 0.5319253761973344]",845,-1
25313,[0.85135949 0.74264804],1,-1,-1,-1,0
25314,[0.30668359 0.55516788],3,7,"[0.2817018170798153, 0.5849768676672948]",-1,-1
25315,[0.36596117 0.3783588 ],0,1,"[0.3897435781344088, 0.3417040596068965]",1009,-1
25316,[0.35152028 0.46621553],2,-1,-1,-1,-1
25317,[0.29804921 0.21995332],0,9,"[0.3110394802231661, 0.23517199738277297]",-1,-1
25318,[0.37862088 0.59692312],3,0,"[0.383291892093257, 0.5586820702346661]",-1,-1
25319,[0.46788412 0.60049053],5,-1,-1,1235,-1
25320,[0.41569556 0.30569142],6,1,"[0.3897435781344088, 0.3417040596068965]",-1,-1
25321,[0.33929514 0.48576054],3,-1,-1,1891,-1
25322,[0.33038912 0.2960291 ],2,9,"[0.3110394802231661, 0.23517199738277297]",1658,-1
25323,[0.7964018  0.71133559],1,4,"[0.7726811996944247, 0.7249303226766757]",-1,0
25324,[0.63022155 0.64562872],9,2,"[0.5921204552873188, 0.6383928111301557]",-1,-1
25325,[0.74612407 0.70183267],1,4,"[0.7726811996944247, 0.7249303226766757]",-1,0
25326,[0.46942612 0.26284245],6,-1,-1,-1,-1
25327,[0.34671852 0.25193931],6,9,"[0.3110394802231661, 0.23517199738277297]",955,-1
25328,[0.28642439 0.51764528],7,8,"[0.27392971195344684, 0.45973140540928376]",1915,14
25329,[0.5286353  0.56966237],5,6,"[0.5164739970238864, 0.5319253761973344]",1371,-1
25330,[0.69336754 0.393777  ],8,-1,-1,-1,-1
25331,[0.5570467 0.4428846],8,-1,-1,249,-1
25332,[0.40846138 0.61191853],4,0,"[0.383291892093257, 0.5586820702346661]",-1,-1
25333,[0.29423664 0.57901951],3,7,"[0.2817018170798153, 0.5849768676672948]",1840,-1
25334,[0.34123118 0.37374544],2,1,"[0.3897435781344088, 0.3417040596068965]",-1,-1
25335,[0.37588766 0.49018965],4,0,"[0.383291892093257, 0.5586820702346661]",-1,-1
25336,[0.16463192 0.31643197],0,5,"[0.23231087327800656, 0.30304944505444303]",203,-1
25337,[0.33377296 0.3656469 ],6,1,"[0.3897435781344088, 0.3417040596068965]",-1,-1
25338,[0.77125077 0.74294946],1,4,"[0.7726811996944247, 0.7249303226766757]",430,0
25339,[0.33343792 0.57785924],4,7,"[0.2817018170798153, 0.5849768676672948]",-1,17
25340,[0.32729808 0.47918825],7,8,"[0.27392971195344684, 0.45973140540928376]",1475,-1
25341,[0.24444381 0.12463234],0,-1,-1,-1,-1
25342,[0.24307046 0.36088904],2,5,"[0.23231087327800656, 0.30304944505444303]",-1,-1
25343,[0.28175733 0.39590548],2,8,"[0.27392971195344684, 0.45973140540928376]",1066,-1
25344,[0.41923636 0.34620541],6,1,"[0.3897435781344088, 0.3417040596068965]",-1,-1
25345,[0.20321488 0.34416299],0,5,"[0.23231087327800656, 0.30304944505444303]",944,-1
25346,[0.25402648 0.29446689],2,5,"[0.23231087327800656, 0.30304944505444303]",-1,-1
25347,[0.54641221 0.58064122],5,6,"[0.5164739970238864, 0.5319253761973344]",-1,6
25348,[0.69896993 0.53398333],8,3,"[0.6815204869410737, 0.47689852788858716]",-1,-1
25349,[0.3778303 0.312641 ],6,1,"[0.3897435781344088, 0.3417040596068965]",-1,-1
25350,[0.64130787 0.41025281],8,-1,-1,265,-1
25351,[0.55352233 0.58697875],9,2,"[0.5921204552873188, 0.6383928111301557]",1431,6
25352,[0.33369755 0.53623232],4,0,"[0.383291892093257, 0.5586820702346661]",1948,-1
25353,[0.77827483 0.70339015],1,4,"[0.7726811996944247, 0.7249303226766757]",438,0
25354,[0.26441918 0.54880417],4,7,"[0.2817018170798153, 0.5849768676672948]",-1,-1
25355,[0.22348356 0.29244849],0,5,"[0.23231087327800656, 0.30304944505444303]",-1,-1
25356,[0.52870098 0.48148624],5,6,"[0.5164739970238864, 0.5319253761973344]",926,-1
25357,[0.53057258 0.52666031],5,6,"[0.5164739970238864, 0.5319253761973344]",1165,-1
25358,[0.36052012 0.37714728],7,1,"[0.3897435781344088, 0.3417040596068965]",1009,-1
25359,[0.25103951 0.3625107 ],2,5,"[0.23231087327800656, 0.30304944505444303]",1044,-1
25360,[0.62722541 0.43050847],8,-1,-1,-1,-1
25361,[0.57509355 0.58321622],5,2,"[0.5921204552873188, 0.6383928111301557]",1453,6
25362,[0.70382231 0.71521447],9,4,"[0.7726811996944247, 0.7249303226766757]",-1,0
25363,[0.6575785  0.58361812],9,-1,-1,1014,-1
25364,[0.58822635 0.53302048],8,-1,-1,-1,-1
25365,[0.52532916 0.48388798],5,6,"[0.5164739970238864, 0.5319253761973344]",-1,-1
25366,[0.33917244 0.63452484],4,-1,-1,1047,-1
25367,[0.27523785 0.25847439],0,9,"[0.3110394802231661, 0.23517199738277297]",1606,-1
25368,[0.43964406 0.71203838],9,-1,-1,-1,-1
25369,[0.32085212 0.55500174],4,7,"[0.2817018170798153, 0.5849768676672948]",1991,17
25370,[0.33143347 0.39170618],2,-1,-1,1215,-1
25371,[0.25644743 0.3229939 ],0,5,"[0.23231087327800656, 0.30304944505444303]",1517,-1
25372,[0.45689538 0.64428451],9,-1,-1,243,-1
25373,[0.29894256 0.2490973 ],2,9,"[0.3110394802231661, 0.23517199738277297]",-1,-1
25374,[0.19650255 0.27119794],0,5,"[0.23231087327800656, 0.30304944505444303]",-1,-1
25375,[0.40627137 0.37491875],6,1,"[0.3897435781344088, 0.3417040596068965]",-1,-1
25376,[0.26645949 0.3133025 ],6,5,"[0.23231087327800656, 0.30304944505444303]",1585,-1
25377,[0.20481779 0.34373676],2,5,"[0.23231087327800656, 0.30304944505444303]",944,-1
25378,[0.32606069 0.56803331],4,7,"[0.2817018170798153, 0.5849768676672948]",1976,-1
25379,[0.35699463 0.39890357],2,1,"[0.3897435781344088, 0.3417040596068965]",-1,-1
25380,[0.47326058 0.66229048],9,-1,-1,-1,-1
25381,[0.28332404 0.19401334],0,9,"[0.3110394802231661, 0.23517199738277297]",648,-1
25382,[0.48284387 0.29143546],6,-1,-1,-1,-1
25383,[0.4285227 0.2736115],6,-1,-1,532,-1
25384,[0.38599684 0.33709728],2,1,"[0.3897435781344088, 0.3417040596068965]",1476,-1
25385,[0.52072287 0.57489514],5,6,"[0.5164739970238864, 0.5319253761973344]",-1,-1
25386,[0.81736942 0.75513584],1,4,"[0.7726811996944247, 0.7249303226766757]",-1,0
25387,[0.50664839 0.57623261],5,6,"[0.5164739970238864, 0.5319253761973344]",1381,-1
25388,[0.81208886 0.72568586],1,4,"[0.7726811996944247, 0.7249303226766757]",456,0
25389,[0.44041614 0.51557808],5,-1,-1,-1,-1
25390,[0.2270314  0.47116916],7,8,"[0.27392971195344684, 0.45973140540928376]",724,-1
25391,[0.88571612 0.70682832],1,-1,-1,136,-1
25392,[0.42839934 0.62508863],3,-1,-1,483,-1
25393,[0.49652927 0.67468909],9,-1,-1,304,-1
25394,[0.27847845 0.2287748 ],2,9,"[0.3110394802231661, 0.23517199738277297]",-1,-1
25395,[0.30755018 0.40839164],4,8,"[0.27392971195344684, 0.45973140540928376]",928,-1
25396,[0.56775742 0.6423773 ],9,2,"[0.5921204552873188, 0.6383928111301557]",1220,-1
25397,[0.24915988 0.29247218],0,5,"[0.23231087327800656, 0.30304944505444303]",-1,-1
25398,[0.7352197  0.79783251],1,-1,-1,-1,0
25399,[0.28706299 0.26908515],0,9,"[0.3110394802231661, 0.23517199738277297]",1627,-1
25400,[0.57295657 0.27188732],6,-1,-1,-1,-1
25401,[0.60253127 0.45664748],8,-1,-1,-1,-1
25402,[0.72035995 0.46566312],8,3,"[0.6815204869410737, 0.47689852788858716]",780,-1
25403,[0.42886424 0.58394529],5,0,"[0.383291892093257, 0.5586820702346661]",-1,-1
25404,[0.20410295 0.58189575],7,-1,-1,-1,-1
25405,[0.49609062 0.57241755],5,6,"[0.5164739970238864, 0.5319253761973344]",1378,-1
25406,[0.41134161 0.30045903],6,1,"[0.3897435781344088, 0.3417040596068965]",889,-1
25407,[0.48356635 0.57836336],3,6,"[0.5164739970238864, 0.5319253761973344]",1225,-1
25408,[0.57434559 0.52045272],5,6,"[0.5164739970238864, 0.5319253761973344]",1035,-1
25409,[0.28119261 0.56151565],4,7,"[0.2817018170798153, 0.5849768676672948]",-1,13
25410,[0.64584361 0.50692465],8,3,"[0.6815204869410737, 0.47689852788858716]",-1,-1
25411,[0.34059086 0.36873029],6,1,"[0.3897435781344088, 0.3417040596068965]",1349,-1
25412,[0.34724573 0.60184573],4,0,"[0.383291892093257, 0.5586820702346661]",1833,-1
25413,[0.67933577 0.52670654],8,3,"[0.6815204869410737, 0.47689852788858716]",-1,-1
25414,[0.77503956 0.83221851],1,-1,-1,-1,-1
25415,[0.38893858 0.61066795],7,0,"[0.383291892093257, 0.5586820702346661]",-1,-1
25416,[0.3038633  0.31499265],2,-1,-1,-1,-1
25417,[0.70102307 0.53559424],8,3,"[0.6815204869410737, 0.47689852788858716]",-1,-1
25418,[0.71085966 0.4403511 ],8,3,"[0.6815204869410737, 0.47689852788858716]",594,-1
25419,[0.26720159 0.37755268],2,-1,-1,-1,-1
25420,[0.26430005 0.33177152],7,5,"[0.23231087327800656, 0.30304944505444303]",1601,-1
25421,[0.24911243 0.40207656],2,8,"[0.27392971195344684, 0.45973140540928376]",649,-1
25422,[0.13036444 0.24941896],0,-1,-1,-1,-1
25423,[0.59314534 0.60635165],9,2,"[0.5921204552873188, 0.6383928111301557]",1428,-1
25424,[0.39431646 0.59807038],4,0,"[0.383291892093257, 0.5586820702346661]",-1,-1
25425,[0.40644192 0.35225494],0,1,"[0.3897435781344088, 0.3417040596068965]",-1,-1
25426,[0.24764357 0.55630428],4,7,"[0.2817018170798153, 0.5849768676672948]",1706,-1
25427,[0.65644975 0.55619993],8,-1,-1,-1,-1
25428,[0.31866909 0.58831669],4,7,"[0.2817018170798153, 0.5849768676672948]",-1,-1
25429,[0.60493391 0.64710002],9,2,"[0.5921204552873188, 0.6383928111301557]",1321,-1
25430,[0.53009262 0.59222277],9,6,"[0.5164739970238864, 0.5319253761973344]",1372,-1
25431,[0.37994077 0.32743845],0,1,"[0.3897435781344088, 0.3417040596068965]",1476,-1
25432,[0.32746593 0.54169249],4,0,"[0.383291892093257, 0.5586820702346661]",-1,-1
25433,[0.57383068 0.39706254],8,-1,-1,115,-1
25434,[0.3952578  0.32609218],6,1,"[0.3897435781344088, 0.3417040596068965]",965,-1
25435,[0.6657818  0.67419647],9,-1,-1,-1,-1
25436,[0.59513591 0.44864738],8,-1,-1,616,-1
25437,[0.34342482 0.57125087],3,0,"[0.383291892093257, 0.5586820702346661]",1878,-1
25438,[0.38879389 0.23901503],6,-1,-1,832,-1
25439,[0.4940977  0.59281738],5,6,"[0.5164739970238864, 0.5319253761973344]",752,-1
25440,[0.39343949 0.32409745],6,1,"[0.3897435781344088, 0.3417040596068965]",965,-1
25441,[0.46410659 0.52527757],3,6,"[0.5164739970238864, 0.5319253761973344]",1002,-1
25442,[0.6025632  0.64027765],9,2,"[0.5921204552873188, 0.6383928111301557]",-1,-1
25443,[0.31665381 0.56878087],3,7,"[0.2817018170798153, 0.5849768676672948]",-1,-1
25444,[0.5968012  0.54580242],8,-1,-1,1292,-1
25445,[0.48808828 0.50016831],5,6,"[0.5164739970238864, 0.5319253761973344]",873,-1
25446,[0.46398282 0.64169341],9,-1,-1,491,-1
25447,[0.35056449 0.59322249],5,0,"[0.383291892093257, 0.5586820702346661]",-1,-1
25448,[0.66155499 0.50266774],8,3,"[0.6815204869410737, 0.47689852788858716]",-1,-1
25449,[0.5513284 0.7621777],9,-1,-1,-1,-1
25450,[0.38885492 0.71710428],3,-1,-1,-1,-1
25451,[0.4205288  0.58260347],4,0,"[0.383291892093257, 0.5586820702346661]",1711,-1
25452,[0.63130175 0.44197705],8,3,"[0.6815204869410737, 0.47689852788858716]",678,-1
25453,[0.44038042 0.56262814],5,0,"[0.383291892093257, 0.5586820702346661]",1283,-1
25454,[0.55810023 0.61859162],5,2,"[0.5921204552873188, 0.6383928111301557]",-1,-1
25455,[0.40829848 0.36231717],6,1,"[0.3897435781344088, 0.3417040596068965]",-1,-1
25456,[0.28617964 0.38591964],0,-1,-1,-1,-1
25457,[0.71382041 0.74386626],1,4,"[0.7726811996944247, 0.7249303226766757]",416,0
25458,[0.49535832 0.61067044],5,-1,-1,918,-1
25459,[0.20514452 0.39234643],0,-1,-1,193,-1
25460,[0.36453203 0.50073845],4,0,"[0.383291892093257, 0.5586820702346661]",-1,-1
25461,[0.28765215 0.56736467],4,7,"[0.2817018170798153, 0.5849768676672948]",1896,-1
25462,[0.76974062 0.69726055],1,4,"[0.7726811996944247, 0.7249303226766757]",448,0
25463,[0.38391786 0.65556058],3,-1,-1,536,-1
25464,[0.5703207  0.52096994],5,6,"[0.5164739970238864, 0.5319253761973344]",-1,-1
25465,[0.51456583 0.60572766],9,-1,-1,1230,-1
25466,[0.30350532 0.237338  ],0,9,"[0.3110394802231661, 0.23517199738277297]",1492,-1
25467,[0.36810718 0.37157826],2,1,"[0.3897435781344088, 0.3417040596068965]",-1,-1
25468,[0.66339281 0.414419  ],8,3,"[0.6815204869410737, 0.47689852788858716]",-1,-1
25469,[0.1949555  0.26266453],0,5,"[0.23231087327800656, 0.30304944505444303]",1012,-1
25470,[0.66667788 0.55618075],8,-1,-1,-1,-1
25471,[0.29185534 0.55368222],7,7,"[0.2817018170798153, 0.5849768676672948]",-1,-1
25472,[0.49423573 0.46346865],8,-1,-1,277,-1
25473,[0.45532192 0.5216323 ],3,6,"[0.5164739970238864, 0.5319253761973344]",1302,-1
25474,[0.35887906 0.61888843],4,0,"[0.383291892093257, 0.5586820702346661]",-1,-1
25475,[0.36757919 0.65033772],3,-1,-1,913,-1
25476,[0.58776984 0.55069271],9,-1,-1,-1,-1
25477,[0.25176631 0.59498294],4,7,"[0.2817018170798153, 0.5849768676672948]",755,-1
25478,[0.56346762 0.53515681],5,6,"[0.5164739970238864, 0.5319253761973344]",1389,6
25479,[0.26473309 0.58696022],7,7,"[0.2817018170798153, 0.5849768676672948]",-1,-1
25480,[0.69645253 0.43591662],8,3,"[0.6815204869410737, 0.47689852788858716]",-1,-1
25481,[0.32533914 0.57645285],4,7,"[0.2817018170798153, 0.5849768676672948]",-1,-1
25482,[0.56654035 0.5504608 ],8,6,"[0.5164739970238864, 0.5319253761973344]",-1,-1
25483,[0.39248714 0.24469893],6,-1,-1,-1,-1
25484,[0.75605171 0.71332041],1,4,"[0.7726811996944247, 0.7249303226766757]",462,0
25485,[0.42012581 0.37616267],6,1,"[0.3897435781344088, 0.3417040596068965]",681,-1
25486,[0.29392658 0.49975256],4,8,"[0.27392971195344684, 0.45973140540928376]",-1,-1
25487,[0.50862513 0.51588254],5,6,"[0.5164739970238864, 0.5319253761973344]",858,-1
25488,[0.86399437 0.73828969],1,-1,-1,-1,0
25489,[0.2855258 0.5857434],4,7,"[0.2817018170798153, 0.5849768676672948]",1810,-1
25490,[0.46795212 0.58015165],5,6,"[0.5164739970238864, 0.5319253761973344]",-1,-1
25491,[0.24345803 0.41050263],2,8,"[0.27392971195344684, 0.45973140540928376]",697,-1
25492,[0.6934174  0.61292347],9,-1,-1,275,-1
25493,[0.61569392 0.45053072],8,-1,-1,-1,-1
25494,[0.25421169 0.49784906],7,8,"[0.27392971195344684, 0.45973140540928376]",1775,-1
25495,[0.32107619 0.58280825],3,7,"[0.2817018170798153, 0.5849768676672948]",-1,-1
25496,[0.74129404 0.59907434],8,-1,-1,-1,-1
25497,[0.76446673 0.47449054],8,-1,-1,186,-1
25498,[0.21557721 0.32948066],0,5,"[0.23231087327800656, 0.30304944505444303]",-1,-1
25499,[0.56176322 0.50699798],9,6,"[0.5164739970238864, 0.5319253761973344]",-1,-1
25500,[0.59573513 0.39088363],8,-1,-1,-1,-1
25501,[0.57084853 0.50822275],5,6,"[0.5164739970238864, 0.5319253761973344]",851,-1
25502,[0.59456879 0.56530644],9,-1,-1,-1,5
25503,[0.22008457 0.30612278],0,5,"[0.23231087327800656, 0.30304944505444303]",-1,-1
25504,[0.36758242 0.35429531],6,1,"[0.3897435781344088, 0.3417040596068965]",1245,-1
25505,[0.42629092 0.46406389],3,-1,-1,609,-1
25506,[0.27595167 0.53046832],3,7,"[0.2817018170798153, 0.5849768676672948]",1882,-1
25507,[0.43470642 0.43011661],5,-1,-1,-1,-1
25508,[0.32520249 0.32157766],2,1,"[0.3897435781344088, 0.3417040596068965]",1671,10
25509,[0.43477533 0.38393038],6,1,"[0.3897435781344088, 0.3417040596068965]",742,-1
25510,[0.46704369 0.53832103],4,6,"[0.5164739970238864, 0.5319253761973344]",-1,-1
25511,[0.61176632 0.40576239],8,-1,-1,-1,-1
25512,[0.44641343 0.56963871],3,0,"[0.383291892093257, 0.5586820702346661]",-1,-1
25513,[0.756855   0.63690155],1,-1,-1,-1,0
25514,[0.27117731 0.59768098],3,7,"[0.2817018170798153, 0.5849768676672948]",1655,-1
25515,[0.43624878 0.33356297],6,1,"[0.3897435781344088, 0.3417040596068965]",-1,-1
25516,[0.5558272 0.5054491],5,6,"[0.5164739970238864, 0.5319253761973344]",-1,-1
25517,[0.30662177 0.59601568],4,7,"[0.2817018170798153, 0.5849768676672948]",1820,-1
25518,[0.21871761 0.48222436],7,8,"[0.27392971195344684, 0.45973140540928376]",-1,-1
25519,[0.32365948 0.54289109],3,7,"[0.2817018170798153, 0.5849768676672948]",1978,-1
25520,[0.8053752  0.82175882],1,-1,-1,141,-1
25521,[0.43049453 0.3617918 ],6,1,"[0.3897435781344088, 0.3417040596068965]",682,-1
25522,[0.73443588 0.69427785],1,4,"[0.7726811996944247, 0.7249303226766757]",-1,0
25523,[0.32427162 0.44578355],7,8,"[0.27392971195344684, 0.45973140540928376]",941,-1
25524,[0.40573744 0.42446972],6,-1,-1,-1,-1
25525,[0.39271956 0.3208093 ],6,1,"[0.3897435781344088, 0.3417040596068965]",965,-1
25526,[0.55494073 0.57572483],9,6,"[0.5164739970238864, 0.5319253761973344]",-1,6
25527,[0.32168123 0.24130196],6,9,"[0.3110394802231661, 0.23517199738277297]",1490,-1
25528,[0.79068868 0.81729473],1,-1,-1,-1,0
25529,[0.3617846  0.38435068],6,1,"[0.3897435781344088, 0.3417040596068965]",-1,-1
25530,[0.73160716 0.54069621],8,-1,-1,289,-1
25531,[0.35099891 0.55705795],4,0,"[0.383291892093257, 0.5586820702346661]",-1,-1
25532,[0.52923201 0.65449213],9,2,"[0.5921204552873188, 0.6383928111301557]",1199,-1
25533,[0.59208019 0.56780695],8,-1,-1,1315,5
25534,[0.60828374 0.57614371],9,2,"[0.5921204552873188, 0.6383928111301557]",-1,-1
25535,[0.29245742 0.51589762],4,8,"[0.27392971195344684, 0.45973140540928376]",1914,14
25536,[0.37430246 0.24637901],0,9,"[0.3110394802231661, 0.23517199738277297]",-1,-1
25537,[0.3249173  0.72362085],4,-1,-1,-1,-1
25538,[0.3370176  0.37116815],6,1,"[0.3897435781344088, 0.3417040596068965]",-1,-1
25539,[0.71423723 0.56806945],8,-1,-1,563,-1
25540,[0.24721275 0.50229971],7,8,"[0.27392971195344684, 0.45973140540928376]",1759,-1
25541,[0.79292989 0.35312842],8,-1,-1,-1,-1
25542,[0.37078805 0.58307379],4,0,"[0.383291892093257, 0.5586820702346661]",-1,12
25543,[0.37412406 0.65839454],3,-1,-1,702,-1
25544,[0.35919743 0.28361824],6,1,"[0.3897435781344088, 0.3417040596068965]",1171,-1
25545,[0.31768376 0.59812291],4,7,"[0.2817018170798153, 0.5849768676672948]",1937,-1
25546,[0.76811022 0.67923726],1,4,"[0.7726811996944247, 0.7249303226766757]",399,0
25547,[0.32852554 0.28161866],2,9,"[0.3110394802231661, 0.23517199738277297]",1520,-1
25548,[0.15233008 0.56649175],4,-1,-1,-1,-1
25549,[0.36303705 0.18088629],0,-1,-1,-1,-1
25550,[0.29948139 0.48814734],4,8,"[0.27392971195344684, 0.45973140540928376]",1792,-1
25551,[0.26668531 0.39034015],2,8,"[0.27392971195344684, 0.45973140540928376]",1019,-1
25552,[0.36527528 0.39052826],0,1,"[0.3897435781344088, 0.3417040596068965]",-1,-1
25553,[0.64114224 0.59766296],9,2,"[0.5921204552873188, 0.6383928111301557]",1187,-1
25554,[0.39641386 0.25956494],6,-1,-1,838,-1
25555,[0.32799985 0.30580536],2,-1,-1,-1,10
25556,[0.22167646 0.53293455],7,-1,-1,1478,-1
25557,[0.64682496 0.63594554],9,2,"[0.5921204552873188, 0.6383928111301557]",939,-1
25558,[0.37622716 0.4872859 ],3,-1,-1,1041,-1
25559,[0.73970454 0.49957932],8,3,"[0.6815204869410737, 0.47689852788858716]",-1,-1
25560,[0.30868808 0.29999761],6,9,"[0.3110394802231661, 0.23517199738277297]",1614,-1
25561,[0.75953965 0.62204837],1,-1,-1,-1,-1
25562,[0.432618   0.58419566],3,0,"[0.383291892093257, 0.5586820702346661]",-1,-1
25563,[0.33308026 0.64799106],4,-1,-1,-1,-1
25564,[0.31931091 0.5660439 ],7,7,"[0.2817018170798153, 0.5849768676672948]",-1,17
25565,[0.2904313 0.6435761],4,7,"[0.2817018170798153, 0.5849768676672948]",738,-1
25566,[0.57650816 0.48152645],5,-1,-1,772,-1
25567,[0.20612413 0.20107287],0,-1,-1,227,-1
25568,[0.77109504 0.81155058],1,-1,-1,296,0
25569,[0.72420007 0.72034067],9,4,"[0.7726811996944247, 0.7249303226766757]",352,0
25570,[0.56393943 0.56306953],5,6,"[0.5164739970238864, 0.5319253761973344]",-1,-1
25571,[0.58664266 0.52276425],9,-1,-1,1102,-1
25572,[0.55536426 0.59701197],5,2,"[0.5921204552873188, 0.6383928111301557]",-1,-1
25573,[0.60567073 0.54695305],9,-1,-1,1293,-1
25574,[0.76702041 0.5108086 ],8,-1,-1,-1,-1
25575,[0.81697412 0.7314593 ],1,4,"[0.7726811996944247, 0.7249303226766757]",-1,0
25576,[0.32414576 0.59984056],4,7,"[0.2817018170798153, 0.5849768676672948]",1939,-1
25577,[0.26072276 0.42784441],2,8,"[0.27392971195344684, 0.45973140540928376]",-1,-1
25578,[0.26210585 0.27915439],6,5,"[0.23231087327800656, 0.30304944505444303]",1547,-1
25579,[0.28302162 0.627062  ],4,7,"[0.2817018170798153, 0.5849768676672948]",588,-1
25580,[0.35450872 0.54833792],7,0,"[0.383291892093257, 0.5586820702346661]",-1,-1
25581,[0.28860211 0.39744904],2,8,"[0.27392971195344684, 0.45973140540928376]",1066,-1
25582,[0.54816541 0.55168038],5,6,"[0.5164739970238864, 0.5319253761973344]",1406,6
25583,[0.30533584 0.26344996],0,9,"[0.3110394802231661, 0.23517199738277297]",-1,-1
25584,[0.78843757 0.79988435],1,-1,-1,318,0
25585,[0.31093404 0.52262109],7,7,"[0.2817018170798153, 0.5849768676672948]",1919,-1
25586,[0.32696405 0.40399212],2,-1,-1,948,-1
25587,[0.38392945 0.49749804],3,0,"[0.383291892093257, 0.5586820702346661]",1448,-1
25588,[0.31364726 0.53575246],7,7,"[0.2817018170798153, 0.5849768676672948]",1932,-1
25589,[0.27297292 0.57470038],7,7,"[0.2817018170798153, 0.5849768676672948]",1668,-1
25590,[0.79206137 0.41028179],8,-1,-1,-1,-1
25591,[0.6857338 0.5455955],8,3,"[0.6815204869410737, 0.47689852788858716]",673,-1
25592,[0.86563257 0.77999776],1,-1,-1,-1,-1
25593,[0.60754924 0.55101576],9,-1,-1,1293,-1
25594,[0.46940958 0.50317344],5,6,"[0.5164739970238864, 0.5319253761973344]",753,-1
25595,[0.23094032 0.25915393],0,5,"[0.23231087327800656, 0.30304944505444303]",885,-1
25596,[0.39027721 0.56776426],4,0,"[0.383291892093257, 0.5586820702346661]",1771,-1
25597,[0.66677944 0.54585672],8,-1,-1,670,-1
25598,[0.54668609 0.58800326],5,6,"[0.5164739970238864, 0.5319253761973344]",-1,6
25599,[0.76553731 0.65527285],1,-1,-1,325,0
25600,[0.36937818 0.25960124],6,9,"[0.3110394802231661, 0.23517199738277297]",1101,-1
25601,[0.26685007 0.33501176],0,5,"[0.23231087327800656, 0.30304944505444303]",1601,-1
25602,[0.56845267 0.60846709],5,2,"[0.5921204552873188, 0.6383928111301557]",-1,-1
25603,[0.28634513 0.39403167],2,8,"[0.27392971195344684, 0.45973140540928376]",1066,-1
25604,[0.40328399 0.28570016],6,1,"[0.3897435781344088, 0.3417040596068965]",1043,-1
25605,[0.41214171 0.42199439],4,-1,-1,-1,-1
25606,[0.69607356 0.73946216],1,-1,-1,-1,0
25607,[0.3697504  0.53883475],4,0,"[0.383291892093257, 0.5586820702346661]",1806,-1
25608,[0.29581495 0.23742444],0,9,"[0.3110394802231661, 0.23517199738277297]",-1,-1
25609,[0.86218431 0.76151609],1,-1,-1,-1,-1
25610,[0.31871772 0.50826359],4,8,"[0.27392971195344684, 0.45973140540928376]",1922,15
25611,[0.55502404 0.56605766],5,6,"[0.5164739970238864, 0.5319253761973344]",1406,-1
25612,[0.39484105 0.64500232],4,-1,-1,589,-1
25613,[0.25676192 0.67769355],4,-1,-1,-1,-1
25614,[0.30878157 0.34409483],6,-1,-1,1593,8
25615,[0.68121955 0.3529417 ],8,-1,-1,-1,-1
25616,[0.26517716 0.22048864],0,9,"[0.3110394802231661, 0.23517199738277297]",987,-1
25617,[0.3667927 0.5784661],3,0,"[0.383291892093257, 0.5586820702346661]",1866,12
25618,[0.24228075 0.57137354],4,7,"[0.2817018170798153, 0.5849768676672948]",1357,-1
25619,[0.34586521 0.73629358],4,-1,-1,-1,-1
25620,[0.44352222 0.57891271],3,0,"[0.383291892093257, 0.5586820702346661]",1020,-1
25621,[0.33340118 0.58114759],7,7,"[0.2817018170798153, 0.5849768676672948]",1980,-1
25622,[0.11558629 0.27053855],2,-1,-1,9,-1
25623,[0.52193601 0.47248847],5,6,"[0.5164739970238864, 0.5319253761973344]",604,-1
25624,[0.58985289 0.65922713],9,2,"[0.5921204552873188, 0.6383928111301557]",-1,-1
25625,[0.56660052 0.60882069],5,2,"[0.5921204552873188, 0.6383928111301557]",-1,-1
25626,[0.52890634 0.54651732],5,6,"[0.5164739970238864, 0.5319253761973344]",-1,-1
25627,[0.1872647  0.33466081],0,5,"[0.23231087327800656, 0.30304944505444303]",-1,-1
25628,[0.75614443 0.75227579],1,4,"[0.7726811996944247, 0.7249303226766757]",-1,0
25629,[0.3210413  0.48972506],7,8,"[0.27392971195344684, 0.45973140540928376]",1868,-1
25630,[0.5122094  0.68997031],5,-1,-1,274,-1
25631,[0.59565866 0.404777  ],8,-1,-1,-1,-1
25632,[0.72012926 0.68136221],1,4,"[0.7726811996944247, 0.7249303226766757]",-1,0
25633,[0.394492   0.22930042],0,-1,-1,204,-1
25634,[0.25593874 0.27059396],0,5,"[0.23231087327800656, 0.30304944505444303]",1548,-1
25635,[0.42114433 0.28224471],6,1,"[0.3897435781344088, 0.3417040596068965]",-1,-1
25636,[0.16508557 0.280584  ],2,-1,-1,-1,-1
25637,[0.29911003 0.57428842],4,7,"[0.2817018170798153, 0.5849768676672948]",1839,-1
25638,[0.28785918 0.21279483],0,9,"[0.3110394802231661, 0.23517199738277297]",1028,-1
25639,[0.29076629 0.2011494 ],0,9,"[0.3110394802231661, 0.23517199738277297]",425,-1
25640,[0.35986392 0.46432329],6,-1,-1,-1,-1
25641,[0.34195573 0.37113347],2,1,"[0.3897435781344088, 0.3417040596068965]",-1,-1
25642,[0.56507783 0.62330758],9,2,"[0.5921204552873188, 0.6383928111301557]",-1,-1
25643,[0.17781144 0.41211487],0,-1,-1,-1,-1
25644,[0.45355547 0.62325246],3,-1,-1,705,-1
25645,[0.28470344 0.47666373],4,8,"[0.27392971195344684, 0.45973140540928376]",1799,-1
25646,[0.23018455 0.67778753],7,-1,-1,-1,-1
25647,[0.5756569  0.58603034],9,2,"[0.5921204552873188, 0.6383928111301557]",1453,6
25648,[0.58079738 0.5506445 ],5,6,"[0.5164739970238864, 0.5319253761973344]",-1,-1
25649,[0.61154204 0.58612076],5,2,"[0.5921204552873188, 0.6383928111301557]",-1,-1
25650,[0.83487562 0.71705207],1,4,"[0.7726811996944247, 0.7249303226766757]",-1,0
25651,[0.23621237 0.51691475],7,8,"[0.27392971195344684, 0.45973140540928376]",-1,-1
25652,[0.3367544  0.47734967],7,8,"[0.27392971195344684, 0.45973140540928376]",1757,-1
25653,[0.25836191 0.30944036],2,5,"[0.23231087327800656, 0.30304944505444303]",-1,-1
25654,[0.59898983 0.61457882],9,2,"[0.5921204552873188, 0.6383928111301557]",1417,-1
25655,[0.60595463 0.59719287],9,2,"[0.5921204552873188, 0.6383928111301557]",1327,-1
25656,[0.35035391 0.34567124],6,1,"[0.3897435781344088, 0.3417040596068965]",-1,-1
25657,[0.30999727 0.54928449],4,7,"[0.2817018170798153, 0.5849768676672948]",1987,17
25658,[0.79242038 0.70819995],1,4,"[0.7726811996944247, 0.7249303226766757]",478,0
25659,[0.30856183 0.29732329],0,9,"[0.3110394802231661, 0.23517199738277297]",1614,-1
25660,[0.7242408  0.50891994],8,3,"[0.6815204869410737, 0.47689852788858716]",574,-1
25661,[0.24892671 0.48939177],4,8,"[0.27392971195344684, 0.45973140540928376]",1735,-1
25662,[0.47037906 0.60395102],3,-1,-1,908,-1
25663,[0.5914781  0.58251508],5,2,"[0.5921204552873188, 0.6383928111301557]",-1,-1
25664,[0.45437164 0.55792843],5,6,"[0.5164739970238864, 0.5319253761973344]",-1,-1
25665,[0.78143263 0.60665298],8,-1,-1,79,-1
25666,[0.59609532 0.62802509],9,2,"[0.5921204552873188, 0.6383928111301557]",1346,6
25667,[0.27997307 0.46851399],7,8,"[0.27392971195344684, 0.45973140540928376]",1404,-1
25668,[0.64212395 0.49629379],8,3,"[0.6815204869410737, 0.47689852788858716]",-1,1
25669,[0.19327908 0.40365341],2,-1,-1,201,-1
25670,[0.35551934 0.31102321],0,1,"[0.3897435781344088, 0.3417040596068965]",-1,-1
25671,[0.28237947 0.40728586],2,8,"[0.27392971195344684, 0.45973140540928376]",748,-1
25672,[0.48625962 0.70950054],5,-1,-1,129,-1
25673,[0.70443374 0.31162366],8,-1,-1,-1,-1
25674,[0.38265334 0.48052136],7,-1,-1,-1,-1
25675,[0.30253932 0.34798942],2,-1,-1,-1,-1
25676,[0.18320789 0.27284335],2,5,"[0.23231087327800656, 0.30304944505444303]",458,-1
25677,[0.28940164 0.29477246],2,5,"[0.23231087327800656, 0.30304944505444303]",1684,-1
25678,[0.17431684 0.48062453],7,-1,-1,-1,-1
25679,[0.32392175 0.62324052],4,7,"[0.2817018170798153, 0.5849768676672948]",-1,-1
25680,[0.82698971 0.77451253],1,-1,-1,290,0
25681,[0.14479934 0.29916802],0,-1,-1,91,-1
25682,[0.52517589 0.69917143],5,-1,-1,-1,-1
25683,[0.32128897 0.53138922],4,7,"[0.2817018170798153, 0.5849768676672948]",-1,-1
25684,[0.37960523 0.40732596],6,1,"[0.3897435781344088, 0.3417040596068965]",723,-1
25685,[0.21695874 0.36078877],2,5,"[0.23231087327800656, 0.30304944505444303]",1127,-1
25686,[0.30954911 0.37699219],6,-1,-1,1423,-1
25687,[0.30711686 0.49646633],7,8,"[0.27392971195344684, 0.45973140540928376]",1888,-1
25688,[0.42765554 0.59515606],5,0,"[0.383291892093257, 0.5586820702346661]",-1,-1
25689,[0.36588042 0.51224042],4,0,"[0.383291892093257, 0.5586820702346661]",1900,-1
25690,[0.26419654 0.39633441],7,8,"[0.27392971195344684, 0.45973140540928376]",945,-1
25691,[0.37899349 0.30793218],2,1,"[0.3897435781344088, 0.3417040596068965]",1464,-1
25692,[0.40786551 0.60531242],5,0,"[0.383291892093257, 0.5586820702346661]",-1,-1
25693,[0.25342788 0.5816984 ],3,7,"[0.2817018170798153, 0.5849768676672948]",-1,-1
25694,[0.64378887 0.65234779],5,2,"[0.5921204552873188, 0.6383928111301557]",645,-1
25695,[0.19063102 0.24390129],2,-1,-1,-1,-1
25696,[0.38095575 0.55726402],4,0,"[0.383291892093257, 0.5586820702346661]",-1,-1
25697,[0.80579249 0.47380973],8,-1,-1,-1,-1
25698,[0.57957321 0.5006079 ],9,-1,-1,-1,-1
25699,[0.21083566 0.52626191],7,-1,-1,-1,-1
25700,[0.81212578 0.69577839],1,4,"[0.7726811996944247, 0.7249303226766757]",-1,0
25701,[0.22075405 0.56949206],4,7,"[0.2817018170798153, 0.5849768676672948]",-1,-1
25702,[0.40219882 0.65687974],3,-1,-1,-1,-1
25703,[0.356637   0.58879928],3,0,"[0.383291892093257, 0.5586820702346661]",1828,-1
25704,[0.19130267 0.12107903],0,-1,-1,-1,-1
25705,[0.26392452 0.10737606],0,-1,-1,-1,-1
25706,[0.61693266 0.68959653],9,2,"[0.5921204552873188, 0.6383928111301557]",662,-1
25707,[0.79182897 0.75012406],1,4,"[0.7726811996944247, 0.7249303226766757]",445,0
25708,[0.50134186 0.61962904],9,-1,-1,-1,-1
25709,[0.35082339 0.60479614],3,0,"[0.383291892093257, 0.5586820702346661]",1833,-1
25710,[0.59213632 0.47908661],5,-1,-1,561,-1
25711,[0.74872042 0.74921728],1,4,"[0.7726811996944247, 0.7249303226766757]",-1,0
25712,[0.32933814 0.56067086],4,7,"[0.2817018170798153, 0.5849768676672948]",-1,17
25713,[0.25960813 0.34445576],0,5,"[0.23231087327800656, 0.30304944505444303]",-1,-1
25714,[0.35581453 0.35106049],6,1,"[0.3897435781344088, 0.3417040596068965]",-1,-1
25715,[0.6221183  0.69602618],9,2,"[0.5921204552873188, 0.6383928111301557]",-1,-1
25716,[0.27119869 0.49636622],4,8,"[0.27392971195344684, 0.45973140540928376]",1780,-1
25717,[0.77719539 0.75927712],1,4,"[0.7726811996944247, 0.7249303226766757]",-1,0
25718,[0.43988778 0.33787731],2,1,"[0.3897435781344088, 0.3417040596068965]",-1,-1
25719,[0.32349564 0.32430972],0,1,"[0.3897435781344088, 0.3417040596068965]",1671,-1
25720,[0.26331168 0.35504707],2,5,"[0.23231087327800656, 0.30304944505444303]",-1,-1
25721,[0.86757904 0.60006957],1,-1,-1,-1,-1
25722,[0.34378418 0.30561885],0,1,"[0.3897435781344088, 0.3417040596068965]",-1,-1
25723,[0.75696927 0.70080629],1,4,"[0.7726811996944247, 0.7249303226766757]",460,0
25724,[0.75173333 0.66508161],1,4,"[0.7726811996944247, 0.7249303226766757]",-1,0
25725,[0.74411179 0.63051829],1,-1,-1,-1,0
25726,[0.33638248 0.30937153],6,1,"[0.3897435781344088, 0.3417040596068965]",1680,-1
25727,[0.52708539 0.54841428],5,6,"[0.5164739970238864, 0.5319253761973344]",1274,-1
25728,[0.62521082 0.64159617],9,2,"[0.5921204552873188, 0.6383928111301557]",1163,-1
25729,[0.23158382 0.53287423],7,-1,-1,1477,-1
25730,[0.54214626 0.68034189],9,2,"[0.5921204552873188, 0.6383928111301557]",-1,-1
25731,[0.32140333 0.36844199],2,-1,-1,1392,-1
25732,[0.36231258 0.52735888],3,0,"[0.383291892093257, 0.5586820702346661]",1934,-1
25733,[0.29355357 0.52881137],7,7,"[0.2817018170798153, 0.5849768676672948]",-1,-1
25734,[0.24312186 0.32516956],2,5,"[0.23231087327800656, 0.30304944505444303]",1503,7
25735,[0.23869434 0.33792934],2,5,"[0.23231087327800656, 0.30304944505444303]",1522,-1
25736,[0.30619623 0.2833056 ],0,9,"[0.3110394802231661, 0.23517199738277297]",1614,-1
25737,[0.35121003 0.39396693],6,1,"[0.3897435781344088, 0.3417040596068965]",-1,-1
25738,[0.35521644 0.48980469],3,-1,-1,1747,-1
25739,[0.75883167 0.64279623],1,-1,-1,199,0
25740,[0.25111501 0.35110227],0,5,"[0.23231087327800656, 0.30304944505444303]",-1,-1
25741,[0.72882844 0.45103842],8,3,"[0.6815204869410737, 0.47689852788858716]",693,-1
25742,[0.70055913 0.49630974],5,3,"[0.6815204869410737, 0.47689852788858716]",-1,2
25743,[0.50918752 0.56445449],5,6,"[0.5164739970238864, 0.5319253761973344]",-1,-1
25744,[0.41913541 0.3184008 ],6,1,"[0.3897435781344088, 0.3417040596068965]",-1,-1
25745,[0.22012321 0.26938539],0,5,"[0.23231087327800656, 0.30304944505444303]",1024,-1
25746,[0.23609395 0.1371512 ],0,-1,-1,-1,-1
25747,[0.64610986 0.64660638],9,2,"[0.5921204552873188, 0.6383928111301557]",-1,-1
25748,[0.6622385  0.36069805],8,-1,-1,-1,-1
25749,[0.33947256 0.4604381 ],4,8,"[0.27392971195344684, 0.45973140540928376]",1387,-1
25750,[0.23710658 0.2733855 ],2,5,"[0.23231087327800656, 0.30304944505444303]",1363,-1
25751,[0.3098148  0.36398853],2,-1,-1,-1,-1
25752,[0.27444928 0.30155447],2,5,"[0.23231087327800656, 0.30304944505444303]",-1,-1
25753,[0.29309704 0.38669273],2,-1,-1,-1,-1
25754,[0.37349635 0.58728618],7,0,"[0.383291892093257, 0.5586820702346661]",1846,12
25755,[0.31754539 0.45342891],7,8,"[0.27392971195344684, 0.45973140540928376]",1557,-1
25756,[0.8851617  0.69956843],1,-1,-1,-1,-1
25757,[0.25243083 0.27204449],0,5,"[0.23231087327800656, 0.30304944505444303]",1541,-1
25758,[0.31033724 0.2053151 ],2,9,"[0.3110394802231661, 0.23517199738277297]",652,-1
25759,[0.28011655 0.53080238],4,7,"[0.2817018170798153, 0.5849768676672948]",1883,14
25760,[0.50295062 0.48779265],5,6,"[0.5164739970238864, 0.5319253761973344]",605,-1
25761,[0.33015165 0.3292433 ],2,1,"[0.3897435781344088, 0.3417040596068965]",-1,-1
25762,[0.22422063 0.21879401],0,-1,-1,871,-1
25763,[0.41427449 0.35390231],2,1,"[0.3897435781344088, 0.3417040596068965]",981,-1
25764,[0.27486038 0.26011843],6,9,"[0.3110394802231661, 0.23517199738277297]",1606,-1
25765,[0.77070784 0.46608467],8,-1,-1,-1,-1
25766,[0.25551417 0.57915528],7,7,"[0.2817018170798153, 0.5849768676672948]",1562,-1
25767,[0.33343959 0.55291984],7,0,"[0.383291892093257, 0.5586820702346661]",-1,17
25768,[0.56672751 0.60374496],9,2,"[0.5921204552873188, 0.6383928111301557]",-1,-1
25769,[0.43062696 0.271222  ],6,-1,-1,532,-1
25770,[0.60707992 0.71445833],9,-1,-1,423,-1
25771,[0.25845945 0.3213629 ],0,5,"[0.23231087327800656, 0.30304944505444303]",-1,-1
25772,[0.27012813 0.31260732],0,5,"[0.23231087327800656, 0.30304944505444303]",1585,-1
25773,[0.61647965 0.57021611],9,-1,-1,1273,-1
25774,[0.63777905 0.50284276],8,3,"[0.6815204869410737, 0.47689852788858716]",-1,-1
25775,[0.47495876 0.59138408],5,-1,-1,-1,-1
25776,[0.32954159 0.47961574],7,8,"[0.27392971195344684, 0.45973140540928376]",1475,-1
25777,[0.16772373 0.40030183],2,-1,-1,-1,-1
25778,[0.55648284 0.49262222],8,6,"[0.5164739970238864, 0.5319253761973344]",845,-1
25779,[0.66467502 0.59825708],8,-1,-1,543,-1
25780,[0.47078822 0.67994294],9,-1,-1,-1,-1
25781,[0.26893791 0.29702352],2,5,"[0.23231087327800656, 0.30304944505444303]",1657,-1
25782,[0.35431549 0.50067027],7,0,"[0.383291892093257, 0.5586820702346661]",1802,-1
25783,[0.32519972 0.25291199],0,9,"[0.3110394802231661, 0.23517199738277297]",-1,-1
25784,[0.22147911 0.18755691],0,-1,-1,375,-1
25785,[0.47557774 0.56999566],5,6,"[0.5164739970238864, 0.5319253761973344]",-1,-1
25786,[0.45720597 0.28613018],0,-1,-1,-1,-1
25787,[0.23836214 0.30814515],0,5,"[0.23231087327800656, 0.30304944505444303]",1567,-1
25788,[0.34833552 0.67643049],3,-1,-1,-1,-1
25789,[0.47721672 0.57126694],5,6,"[0.5164739970238864, 0.5319253761973344]",-1,-1
25790,[0.55868261 0.57321916],9,6,"[0.5164739970238864, 0.5319253761973344]",1451,6
25791,[0.39522208 0.56190191],3,0,"[0.383291892093257, 0.5586820702346661]",-1,-1
25792,[0.47198633 0.5859333 ],5,6,"[0.5164739970238864, 0.5319253761973344]",1226,-1
25793,[0.32930164 0.58253612],4,7,"[0.2817018170798153, 0.5849768676672948]",1980,-1
25794,[0.3483575  0.28807778],2,9,"[0.3110394802231661, 0.23517199738277297]",-1,-1
25795,[0.6604248  0.50687656],8,3,"[0.6815204869410737, 0.47689852788858716]",-1,-1
25796,[0.21326298 0.51607716],4,-1,-1,-1,-1
25797,[0.23266943 0.3540576 ],7,5,"[0.23231087327800656, 0.30304944505444303]",1130,-1
25798,[0.42968061 0.31072624],6,1,"[0.3897435781344088, 0.3417040596068965]",628,-1
25799,[0.59203439 0.35667145],8,-1,-1,-1,-1
25800,[0.26966693 0.61239152],7,7,"[0.2817018170798153, 0.5849768676672948]",-1,-1
25801,[0.34297892 0.46790946],7,8,"[0.27392971195344684, 0.45973140540928376]",-1,-1
25802,[0.3797109 0.4037762],6,1,"[0.3897435781344088, 0.3417040596068965]",722,-1
25803,[0.47425106 0.49772604],5,6,"[0.5164739970238864, 0.5319253761973344]",-1,-1
25804,[0.49341409 0.39851804],6,-1,-1,-1,-1
25805,[0.32564128 0.24459577],2,9,"[0.3110394802231661, 0.23517199738277297]",-1,-1
25806,[0.79253659 0.7044515 ],1,4,"[0.7726811996944247, 0.7249303226766757]",478,0
25807,[0.36927339 0.56523404],3,0,"[0.383291892093257, 0.5586820702346661]",-1,12
25808,[0.38109885 0.34873327],6,1,"[0.3897435781344088, 0.3417040596068965]",1122,-1
25809,[0.21210735 0.53246594],4,-1,-1,853,-1
25810,[0.21979681 0.51361972],7,-1,-1,1089,-1
25811,[0.15123698 0.43338798],2,-1,-1,-1,-1
25812,[0.32732081 0.53775967],7,0,"[0.383291892093257, 0.5586820702346661]",1933,-1
25813,[0.39272386 0.47084146],4,-1,-1,-1,-1
25814,[0.32794347 0.41821396],6,8,"[0.27392971195344684, 0.45973140540928376]",917,-1
25815,[0.54218247 0.51042325],5,6,"[0.5164739970238864, 0.5319253761973344]",-1,-1
25816,[0.62532404 0.48742096],8,3,"[0.6815204869410737, 0.47689852788858716]",-1,-1
25817,[0.50227741 0.57288044],3,6,"[0.5164739970238864, 0.5319253761973344]",1380,-1
25818,[0.27596089 0.55742758],3,7,"[0.2817018170798153, 0.5849768676672948]",1875,-1
25819,[0.23907138 0.27272452],0,5,"[0.23231087327800656, 0.30304944505444303]",1363,-1
25820,[0.31454137 0.15251599],0,-1,-1,41,-1
25821,[0.78008815 0.46030172],8,-1,-1,-1,-1
25822,[0.45579929 0.5327934 ],5,6,"[0.5164739970238864, 0.5319253761973344]",-1,-1
25823,[0.34427287 0.61070357],3,0,"[0.383291892093257, 0.5586820702346661]",1830,-1
25824,[0.34440426 0.28223167],6,9,"[0.3110394802231661, 0.23517199738277297]",-1,-1
25825,[0.56684514 0.58562708],5,2,"[0.5921204552873188, 0.6383928111301557]",-1,6
25826,[0.33321052 0.54443767],4,0,"[0.383291892093257, 0.5586820702346661]",-1,17
25827,[0.82853991 0.74738436],1,4,"[0.7726811996944247, 0.7249303226766757]",-1,0
25828,[0.81099614 0.77619546],1,4,"[0.7726811996944247, 0.7249303226766757]",-1,0
25829,[0.27359094 0.28224878],2,5,"[0.23231087327800656, 0.30304944505444303]",1675,-1
25830,[0.24171903 0.43056723],4,8,"[0.27392971195344684, 0.45973140540928376]",689,-1
25831,[0.24651345 0.53016995],7,7,"[0.2817018170798153, 0.5849768676672948]",1488,-1
25832,[0.20020739 0.28479799],0,5,"[0.23231087327800656, 0.30304944505444303]",-1,-1
25833,[0.51899825 0.58086601],5,6,"[0.5164739970238864, 0.5319253761973344]",1384,-1
25834,[0.590281   0.56476768],9,-1,-1,-1,-1
25835,[0.53538515 0.66031842],9,2,"[0.5921204552873188, 0.6383928111301557]",-1,-1
25836,[0.34962167 0.37170854],6,1,"[0.3897435781344088, 0.3417040596068965]",1079,-1
25837,[0.3822431  0.32528744],6,1,"[0.3897435781344088, 0.3417040596068965]",1476,-1
25838,[0.8365812  0.75200676],1,4,"[0.7726811996944247, 0.7249303226766757]",406,0
25839,[0.46471285 0.59385247],5,-1,-1,1235,4
25840,[0.33513956 0.64675622],4,-1,-1,-1,-1
25841,[0.29336491 0.44465536],7,8,"[0.27392971195344684, 0.45973140540928376]",1240,-1
25842,[0.54866228 0.6124493 ],5,2,"[0.5921204552873188, 0.6383928111301557]",-1,-1
25843,[0.53078516 0.69754034],9,-1,-1,-1,-1
25844,[0.21506777 0.49648496],7,8,"[0.27392971195344684, 0.45973140540928376]",598,-1
25845,[0.80654553 0.4787666 ],8,-1,-1,-1,-1
25846,[0.25286359 0.28214679],0,5,"[0.23231087327800656, 0.30304944505444303]",1530,-1
25847,[0.17258949 0.28439745],0,5,"[0.23231087327800656, 0.30304944505444303]",726,-1
25848,[0.21622024 0.2100134 ],2,-1,-1,-1,-1
25849,[0.24268183 0.49405306],7,8,"[0.27392971195344684, 0.45973140540928376]",-1,-1
25850,[0.66930438 0.78982197],1,-1,-1,-1,-1
25851,[0.72101035 0.37081205],8,-1,-1,51,-1
25852,[0.67261279 0.55874183],9,-1,-1,671,-1
25853,[0.76218057 0.42858811],8,-1,-1,-1,-1
25854,[0.29362792 0.23582996],2,9,"[0.3110394802231661, 0.23517199738277297]",-1,-1
25855,[0.48871073 0.19254489],6,-1,-1,-1,-1
25856,[0.4302504  0.40662723],5,-1,-1,-1,-1
25857,[0.55615477 0.72940635],5,-1,-1,-1,-1
25858,[0.68745419 0.73616225],1,-1,-1,322,0
25859,[0.39444694 0.25868073],6,-1,-1,-1,-1
25860,[0.75104818 0.75212913],1,4,"[0.7726811996944247, 0.7249303226766757]",431,0
25861,[0.74710093 0.51238465],8,-1,-1,480,-1
25862,[0.68615613 0.46298602],8,3,"[0.6815204869410737, 0.47689852788858716]",813,-1
25863,[0.68499802 0.49444879],8,3,"[0.6815204869410737, 0.47689852788858716]",835,2
25864,[0.56604084 0.46936455],8,-1,-1,533,-1
25865,[0.39097449 0.58086985],3,0,"[0.383291892093257, 0.5586820702346661]",1701,-1
25866,[0.46303764 0.57958584],5,-1,-1,1232,-1
25867,[0.29564125 0.65115259],4,7,"[0.2817018170798153, 0.5849768676672948]",-1,-1
25868,[0.24960442 0.57441715],4,7,"[0.2817018170798153, 0.5849768676672948]",1563,-1
25869,[0.38631256 0.46943916],3,-1,-1,582,-1
25870,[0.67996753 0.38190137],8,-1,-1,159,-1
25871,[0.37731877 0.44919146],6,-1,-1,964,-1
25872,[0.61575376 0.6675705 ],9,2,"[0.5921204552873188, 0.6383928111301557]",1112,-1
25873,[0.26201145 0.53357994],4,7,"[0.2817018170798153, 0.5849768676672948]",1743,-1
25874,[0.714284   0.73935071],1,4,"[0.7726811996944247, 0.7249303226766757]",416,0
25875,[0.3966916  0.51600435],3,0,"[0.383291892093257, 0.5586820702346661]",1634,-1
25876,[0.21129804 0.63223912],4,-1,-1,-1,-1
25877,[0.80973299 0.78589961],1,-1,-1,294,0
25878,[0.5584576  0.53278382],5,6,"[0.5164739970238864, 0.5319253761973344]",-1,-1
25879,[0.79576066 0.73098706],1,4,"[0.7726811996944247, 0.7249303226766757]",-1,0
25880,[0.3160106  0.51680949],3,-1,-1,1922,-1
25881,[0.6092973  0.57174021],9,2,"[0.5921204552873188, 0.6383928111301557]",-1,-1
25882,[0.74370621 0.75758727],1,4,"[0.7726811996944247, 0.7249303226766757]",418,0
25883,[0.44924155 0.29584788],6,-1,-1,472,-1
25884,[0.33164883 0.5919024 ],7,7,"[0.2817018170798153, 0.5849768676672948]",-1,-1
25885,[0.6016587 0.5075452],8,-1,-1,844,-1
25886,[0.36675342 0.53132428],4,0,"[0.383291892093257, 0.5586820702346661]",1934,-1
25887,[0.41058908 0.55869859],3,0,"[0.383291892093257, 0.5586820702346661]",1740,-1
25888,[0.47584212 0.32252532],6,-1,-1,-1,-1
25889,[0.73418122 0.51220379],8,3,"[0.6815204869410737, 0.47689852788858716]",480,-1
25890,[0.46711224 0.45761418],5,-1,-1,291,-1
25891,[0.64302602 0.65255058],1,2,"[0.5921204552873188, 0.6383928111301557]",645,-1
25892,[0.50382739 0.51014978],5,6,"[0.5164739970238864, 0.5319253761973344]",725,-1
25893,[0.3755832  0.38019546],4,1,"[0.3897435781344088, 0.3417040596068965]",1006,-1
25894,[0.47747461 0.66158597],9,-1,-1,551,-1
25895,[0.47115696 0.33886306],6,-1,-1,529,-1
25896,[0.56856404 0.55404001],5,6,"[0.5164739970238864, 0.5319253761973344]",1362,-1
25897,[0.2628007  0.63712327],7,7,"[0.2817018170798153, 0.5849768676672948]",-1,-1
25898,[0.30035925 0.64179566],4,7,"[0.2817018170798153, 0.5849768676672948]",-1,-1
25899,[0.5458185  0.34840747],8,-1,-1,-1,-1
25900,[0.72627805 0.43664147],8,3,"[0.6815204869410737, 0.47689852788858716]",562,-1
25901,[0.70099616 0.50866569],8,3,"[0.6815204869410737, 0.47689852788858716]",-1,-1
25902,[0.2477995  0.33027166],2,5,"[0.23231087327800656, 0.30304944505444303]",1502,-1
25903,[0.20841809 0.43100984],7,-1,-1,-1,-1
25904,[0.4168257  0.28516956],6,1,"[0.3897435781344088, 0.3417040596068965]",-1,-1
25905,[0.27837164 0.63335598],4,7,"[0.2817018170798153, 0.5849768676672948]",-1,-1
25906,[0.31107677 0.64357862],7,7,"[0.2817018170798153, 0.5849768676672948]",-1,-1
25907,[0.32919902 0.64862767],3,-1,-1,-1,-1
25908,[0.57434891 0.63762989],9,2,"[0.5921204552873188, 0.6383928111301557]",-1,-1
25909,[0.33623628 0.52432451],4,0,"[0.383291892093257, 0.5586820702346661]",-1,-1
25910,[0.77393339 0.39148526],8,-1,-1,-1,-1
25911,[0.41636126 0.33139889],6,1,"[0.3897435781344088, 0.3417040596068965]",989,-1
25912,[0.40048026 0.63634733],3,-1,-1,751,-1
25913,[0.2268713  0.51365769],7,-1,-1,-1,-1
25914,[0.34351501 0.29250135],2,9,"[0.3110394802231661, 0.23517199738277297]",1666,-1
25915,[0.51940725 0.54388254],5,6,"[0.5164739970238864, 0.5319253761973344]",-1,-1
25916,[0.79846763 0.7269537 ],1,4,"[0.7726811996944247, 0.7249303226766757]",-1,0
25917,[0.60763142 0.60530156],9,2,"[0.5921204552873188, 0.6383928111301557]",-1,-1
25918,[0.31625249 0.35830293],2,-1,-1,-1,-1
25919,[0.2284735  0.44311454],7,8,"[0.27392971195344684, 0.45973140540928376]",-1,-1
25920,[0.65020614 0.61430523],9,2,"[0.5921204552873188, 0.6383928111301557]",1072,-1
25921,[0.36531068 0.538207  ],3,0,"[0.383291892093257, 0.5586820702346661]",-1,-1
25922,[0.23992089 0.29309481],0,5,"[0.23231087327800656, 0.30304944505444303]",1298,-1
25923,[0.3710314  0.60289764],3,0,"[0.383291892093257, 0.5586820702346661]",1755,-1
25924,[0.78722435 0.63810631],1,-1,-1,-1,0
25925,[0.5435904  0.62194027],9,2,"[0.5921204552873188, 0.6383928111301557]",1270,-1
25926,[0.35419907 0.62903514],4,-1,-1,1304,-1
25927,[0.23014804 0.26503118],0,5,"[0.23231087327800656, 0.30304944505444303]",-1,-1
25928,[0.91894103 0.69156943],1,-1,-1,-1,-1
25929,[0.26302455 0.36487496],2,5,"[0.23231087327800656, 0.30304944505444303]",1416,-1
25930,[0.53255316 0.5764511 ],5,6,"[0.5164739970238864, 0.5319253761973344]",1372,-1
25931,[0.1752214  0.46664979],7,-1,-1,210,-1
25932,[0.46958206 0.52152642],3,6,"[0.5164739970238864, 0.5319253761973344]",1002,-1
25933,[0.29959774 0.45458488],4,8,"[0.27392971195344684, 0.45973140540928376]",1374,-1
25934,[0.21233304 0.21533134],0,-1,-1,708,-1
25935,[0.32020255 0.5134128 ],7,-1,-1,1923,-1
25936,[0.31255639 0.52178628],7,-1,-1,1919,-1
25937,[0.23129707 0.4578282 ],7,8,"[0.27392971195344684, 0.45973140540928376]",587,-1
25938,[0.85156116 0.66407203],1,-1,-1,-1,0
25939,[0.31231374 0.35037981],6,-1,-1,-1,8
25940,[0.44668417 0.31383431],6,1,"[0.3897435781344088, 0.3417040596068965]",-1,-1
25941,[0.7207061  0.67804245],1,4,"[0.7726811996944247, 0.7249303226766757]",-1,0
25942,[0.26327098 0.2583293 ],0,9,"[0.3110394802231661, 0.23517199738277297]",-1,-1
25943,[0.73573962 0.42664477],8,-1,-1,317,-1
25944,[0.32591365 0.36300162],2,1,"[0.3897435781344088, 0.3417040596068965]",-1,-1
25945,[0.7240614  0.46484284],8,3,"[0.6815204869410737, 0.47689852788858716]",780,-1
25946,[0.24350065 0.54336292],4,7,"[0.2817018170798153, 0.5849768676672948]",-1,-1
25947,[0.7329483  0.51741785],8,3,"[0.6815204869410737, 0.47689852788858716]",480,-1
25948,[0.43015255 0.57288   ],3,0,"[0.383291892093257, 0.5586820702346661]",-1,-1
25949,[0.23549068 0.53063244],4,-1,-1,-1,-1
25950,[0.27567561 0.27459824],2,5,"[0.23231087327800656, 0.30304944505444303]",-1,-1
25951,[0.25411587 0.50042679],7,8,"[0.27392971195344684, 0.45973140540928376]",1759,-1
25952,[0.26343915 0.58360062],7,7,"[0.2817018170798153, 0.5849768676672948]",-1,-1
25953,[0.31892816 0.46434278],7,8,"[0.27392971195344684, 0.45973140540928376]",1556,-1
25954,[0.31129751 0.49268948],7,8,"[0.27392971195344684, 0.45973140540928376]",1872,-1
25955,[0.21555315 0.26120638],0,5,"[0.23231087327800656, 0.30304944505444303]",-1,-1
25956,[0.57646798 0.55408197],5,6,"[0.5164739970238864, 0.5319253761973344]",-1,-1
25957,[0.25560463 0.25668482],2,5,"[0.23231087327800656, 0.30304944505444303]",-1,-1
25958,[0.36065641 0.56107908],3,0,"[0.383291892093257, 0.5586820702346661]",1823,-1
25959,[0.32896033 0.38838543],2,-1,-1,-1,-1
25960,[0.2841014  0.50611769],7,8,"[0.27392971195344684, 0.45973140540928376]",-1,-1
25961,[0.34083323 0.64143828],4,-1,-1,900,-1
25962,[0.32750276 0.2738694 ],0,9,"[0.3110394802231661, 0.23517199738277297]",1504,-1
25963,[0.28837595 0.42935786],2,8,"[0.27392971195344684, 0.45973140540928376]",1070,-1
25964,[0.30711682 0.31132794],2,-1,-1,1648,-1
25965,[0.26173143 0.30651861],2,5,"[0.23231087327800656, 0.30304944505444303]",-1,-1
25966,[0.23950445 0.31494581],2,5,"[0.23231087327800656, 0.30304944505444303]",1566,-1
25967,[0.32555633 0.51760657],3,-1,-1,-1,-1
25968,[0.32279354 0.26951624],2,9,"[0.3110394802231661, 0.23517199738277297]",1504,-1
25969,[0.74759487 0.49387608],8,3,"[0.6815204869410737, 0.47689852788858716]",-1,-1
25970,[0.29219554 0.29052625],2,9,"[0.3110394802231661, 0.23517199738277297]",-1,11
25971,[0.80557307 0.79807387],1,-1,-1,-1,0
25972,[0.35788499 0.54044113],7,0,"[0.383291892093257, 0.5586820702346661]",-1,-1
25973,[0.38236825 0.39477   ],6,1,"[0.3897435781344088, 0.3417040596068965]",-1,-1
25974,[0.80727795 0.68332218],1,4,"[0.7726811996944247, 0.7249303226766757]",-1,0
25975,[0.42040277 0.45845364],6,-1,-1,-1,-1
25976,[0.29238096 0.47237982],7,8,"[0.27392971195344684, 0.45973140540928376]",1731,-1
25977,[0.18638416 0.20717657],0,-1,-1,-1,-1
25978,[0.65832888 0.49335617],8,3,"[0.6815204869410737, 0.47689852788858716]",822,1
25979,[0.64715506 0.61573136],9,2,"[0.5921204552873188, 0.6383928111301557]",-1,-1
25980,[0.3720518  0.23786863],6,9,"[0.3110394802231661, 0.23517199738277297]",-1,-1
25981,[0.72224474 0.78457414],1,-1,-1,224,0
25982,[0.44838538 0.49351799],3,-1,-1,-1,-1
25983,[0.25213794 0.44117995],7,8,"[0.27392971195344684, 0.45973140540928376]",-1,-1
25984,[0.33219946 0.35514702],6,1,"[0.3897435781344088, 0.3417040596068965]",1368,-1
25985,[0.81719664 0.71535871],1,4,"[0.7726811996944247, 0.7249303226766757]",-1,0
25986,[0.44777321 0.50832472],3,-1,-1,-1,-1
25987,[0.35619366 0.57508227],3,0,"[0.383291892093257, 0.5586820702346661]",-1,-1
25988,[0.24328722 0.49717164],4,8,"[0.27392971195344684, 0.45973140540928376]",-1,-1
25989,[0.78611879 0.70328033],1,4,"[0.7726811996944247, 0.7249303226766757]",478,0
25990,[0.42957522 0.26196138],6,-1,-1,532,-1
25991,[0.33151328 0.34998296],6,1,"[0.3897435781344088, 0.3417040596068965]",-1,-1
25992,[0.33467776 0.28573974],6,9,"[0.3110394802231661, 0.23517199738277297]",1652,-1
25993,[0.63095516 0.64796971],5,2,"[0.5921204552873188, 0.6383928111301557]",-1,-1
25994,[0.26772571 0.48325442],7,8,"[0.27392971195344684, 0.45973140540928376]",-1,-1
25995,[0.54945869 0.6259706 ],9,2,"[0.5921204552873188, 0.6383928111301557]",1263,-1
25996,[0.30883256 0.50891682],4,8,"[0.27392971195344684, 0.45973140540928376]",1922,-1
25997,[0.60276906 0.58165938],9,2,"[0.5921204552873188, 0.6383928111301557]",1326,5
25998,[0.3547388  0.55546949],3,0,"[0.383291892093257, 0.5586820702346661]",-1,-1
25999,[0.27517151 0.23536911],0,9,"[0.3110394802231661, 0.23517199738277297]",-1,-1
26000,[0.52926472 0.47998136],5,6,"[0.5164739970238864, 0.5319253761973344]",926,-1
26001,[0.67548016 0.4951348 ],8,3,"[0.6815204869410737, 0.47689852788858716]",-1,-1
26002,[0.28835063 0.52037006],4,8,"[0.27392971195344684, 0.45973140540928376]",-1,14
26003,[0.75860477 0.77409838],1,4,"[0.7726811996944247, 0.7249303226766757]",371,0
26004,[0.24244332 0.43880781],4,8,"[0.27392971195344684, 0.45973140540928376]",696,-1
26005,[0.52032223 0.46977721],5,6,"[0.5164739970238864, 0.5319253761973344]",-1,-1
26006,[0.31337871 0.35520829],6,-1,-1,1633,-1
26007,[0.63926178 0.53904031],8,-1,-1,1117,-1
26008,[0.7910789  0.69488846],1,4,"[0.7726811996944247, 0.7249303226766757]",-1,0
26009,[0.84454798 0.6559035 ],1,-1,-1,162,0
26010,[0.35677555 0.35819612],6,1,"[0.3897435781344088, 0.3417040596068965]",-1,-1
26011,[0.31750293 0.25500583],0,9,"[0.3110394802231661, 0.23517199738277297]",-1,-1
26012,[0.26317576 0.31950109],2,5,"[0.23231087327800656, 0.30304944505444303]",-1,-1
26013,[0.41320169 0.43116939],3,-1,-1,-1,-1
26014,[0.81575312 0.80142929],1,-1,-1,177,0
26015,[0.23973832 0.2944042 ],0,5,"[0.23231087327800656, 0.30304944505444303]",1298,-1
26016,[0.46130058 0.58471279],5,-1,-1,-1,4
26017,[0.31035782 0.48397756],7,8,"[0.27392971195344684, 0.45973140540928376]",-1,-1
26018,[0.76200341 0.69784702],1,4,"[0.7726811996944247, 0.7249303226766757]",460,0
26019,[0.32648916 0.27378847],6,9,"[0.3110394802231661, 0.23517199738277297]",1504,-1
26020,[0.61112968 0.55056653],8,-1,-1,-1,-1
26021,[0.44289223 0.55776653],5,0,"[0.383291892093257, 0.5586820702346661]",-1,-1
26022,[0.40065671 0.62139259],4,0,"[0.383291892093257, 0.5586820702346661]",1577,-1
26023,[0.86093836 0.7525633 ],1,-1,-1,130,0
26024,[0.49908654 0.58231403],9,6,"[0.5164739970238864, 0.5319253761973344]",-1,-1
26025,[0.56276115 0.19485863],6,-1,-1,-1,-1
26026,[0.55760237 0.63315231],9,2,"[0.5921204552873188, 0.6383928111301557]",1278,-1
26027,[0.28354971 0.17825424],0,9,"[0.3110394802231661, 0.23517199738277297]",355,-1
26028,[0.56775065 0.54013402],9,6,"[0.5164739970238864, 0.5319253761973344]",1401,6
26029,[0.299854   0.46160374],2,8,"[0.27392971195344684, 0.45973140540928376]",-1,-1
26030,[0.326702  0.3182482],6,1,"[0.3897435781344088, 0.3417040596068965]",-1,10
26031,[0.26495206 0.28515826],0,5,"[0.23231087327800656, 0.30304944505444303]",1622,-1
26032,[0.37704844 0.57298607],3,0,"[0.383291892093257, 0.5586820702346661]",-1,-1
26033,[0.5827652  0.60774512],9,2,"[0.5921204552873188, 0.6383928111301557]",1424,-1
26034,[0.90448012 0.46938497],8,-1,-1,-1,-1
26035,[0.57717294 0.54998519],5,6,"[0.5164739970238864, 0.5319253761973344]",-1,-1
26036,[0.41716164 0.27516175],6,-1,-1,921,-1
26037,[0.32429961 0.21278473],0,9,"[0.3110394802231661, 0.23517199738277297]",888,-1
26038,[0.43616205 0.54438449],3,0,"[0.383291892093257, 0.5586820702346661]",1296,-1
26039,[0.45789412 0.2602523 ],6,-1,-1,-1,-1
26040,[0.62473311 0.56333139],5,-1,-1,-1,-1
26041,[0.76909623 0.58230097],8,-1,-1,-1,-1
26042,[0.60362849 0.63655996],9,2,"[0.5921204552873188, 0.6383928111301557]",1332,-1
26043,[0.57590424 0.61349596],9,2,"[0.5921204552873188, 0.6383928111301557]",-1,-1
26044,[0.35905301 0.35830845],6,1,"[0.3897435781344088, 0.3417040596068965]",1245,-1
26045,[0.40787548 0.61618311],3,0,"[0.383291892093257, 0.5586820702346661]",1696,-1
26046,[0.40717679 0.32313435],6,1,"[0.3897435781344088, 0.3417040596068965]",-1,-1
26047,[0.7087556  0.50329284],8,3,"[0.6815204869410737, 0.47689852788858716]",739,-1
26048,[0.78748277 0.67579411],1,4,"[0.7726811996944247, 0.7249303226766757]",396,0
26049,[0.52166985 0.64643879],9,-1,-1,-1,-1
26050,[0.6989955  0.63490389],9,-1,-1,-1,-1
26051,[0.32258293 0.23701609],2,9,"[0.3110394802231661, 0.23517199738277297]",-1,-1
26052,[0.35622308 0.53364734],4,0,"[0.383291892093257, 0.5586820702346661]",1951,-1
26053,[0.2841861  0.46092513],4,8,"[0.27392971195344684, 0.45973140540928376]",1243,-1
26054,[0.69523775 0.6497566 ],1,-1,-1,414,0
26055,[0.34284521 0.2711016 ],6,9,"[0.3110394802231661, 0.23517199738277297]",1119,-1
26056,[0.25412216 0.39941579],7,8,"[0.27392971195344684, 0.45973140540928376]",649,-1
26057,[0.65017807 0.47380551],8,3,"[0.6815204869410737, 0.47689852788858716]",824,1
26058,[0.40877486 0.58301354],4,0,"[0.383291892093257, 0.5586820702346661]",-1,-1
26059,[0.79762158 0.77938635],1,4,"[0.7726811996944247, 0.7249303226766757]",401,0
26060,[0.50590064 0.50052715],5,6,"[0.5164739970238864, 0.5319253761973344]",725,-1
26061,[0.23739785 0.62942542],4,7,"[0.2817018170798153, 0.5849768676672948]",347,-1
26062,[0.28394016 0.27005843],0,9,"[0.3110394802231661, 0.23517199738277297]",1627,-1
26063,[0.30560842 0.57992068],3,7,"[0.2817018170798153, 0.5849768676672948]",1966,-1
26064,[0.2932079  0.53251041],7,7,"[0.2817018170798153, 0.5849768676672948]",-1,-1
26065,[0.46607075 0.54305912],5,6,"[0.5164739970238864, 0.5319253761973344]",-1,-1
26066,[0.48800841 0.58228134],5,6,"[0.5164739970238864, 0.5319253761973344]",-1,-1
26067,[0.25727931 0.15389229],0,-1,-1,140,-1
26068,[0.58428463 0.65422195],5,2,"[0.5921204552873188, 0.6383928111301557]",1124,-1
26069,[0.37566449 0.51489027],7,0,"[0.383291892093257, 0.5586820702346661]",-1,-1
26070,[0.28248337 0.44113909],7,8,"[0.27392971195344684, 0.45973140540928376]",1240,-1
26071,[0.33324375 0.36984624],2,1,"[0.3897435781344088, 0.3417040596068965]",-1,-1
26072,[0.33530365 0.56467397],3,0,"[0.383291892093257, 0.5586820702346661]",1975,-1
26073,[0.33807308 0.59632903],4,7,"[0.2817018170798153, 0.5849768676672948]",1863,-1
26074,[0.37503755 0.40817576],6,1,"[0.3897435781344088, 0.3417040596068965]",723,-1
26075,[0.37334275 0.67636211],4,-1,-1,-1,-1
26076,[0.23087092 0.15661368],0,-1,-1,-1,-1
26077,[0.38782863 0.42698009],6,-1,-1,-1,-1
26078,[0.73768152 0.67367729],1,4,"[0.7726811996944247, 0.7249303226766757]",-1,0
26079,[0.4191544  0.44092275],6,-1,-1,-1,-1
26080,[0.42997581 0.53510947],4,0,"[0.383291892093257, 0.5586820702346661]",1134,-1
26081,[0.53324005 0.59818219],9,6,"[0.5164739970238864, 0.5319253761973344]",-1,-1
26082,[0.25859346 0.23929764],0,9,"[0.3110394802231661, 0.23517199738277297]",1137,-1
26083,[0.37448394 0.58974159],4,0,"[0.383291892093257, 0.5586820702346661]",1846,12
26084,[0.34584228 0.2792992 ],6,9,"[0.3110394802231661, 0.23517199738277297]",-1,-1
26085,[0.33521648 0.49731747],3,-1,-1,1880,-1
26086,[0.24319834 0.46514147],7,8,"[0.27392971195344684, 0.45973140540928376]",1151,-1
26087,[0.26664285 0.59491705],4,7,"[0.2817018170798153, 0.5849768676672948]",1655,-1
26088,[0.39461898 0.26703782],2,-1,-1,-1,-1
26089,[0.64658306 0.5851123 ],8,-1,-1,-1,-1
26090,[0.28188534 0.41152386],2,8,"[0.27392971195344684, 0.45973140540928376]",-1,-1
26091,[0.64188253 0.48158234],8,3,"[0.6815204869410737, 0.47689852788858716]",-1,1
26092,[0.67322096 0.50667646],8,3,"[0.6815204869410737, 0.47689852788858716]",827,2
26093,[0.27286478 0.29325533],0,5,"[0.23231087327800656, 0.30304944505444303]",1654,-1
26094,[0.36374409 0.50616113],3,0,"[0.383291892093257, 0.5586820702346661]",1899,-1
26095,[0.27206439 0.31926569],2,5,"[0.23231087327800656, 0.30304944505444303]",1585,9
26096,[0.35054982 0.26723771],6,9,"[0.3110394802231661, 0.23517199738277297]",951,-1
26097,[0.43103261 0.55275967],5,0,"[0.383291892093257, 0.5586820702346661]",1294,-1
26098,[0.26644319 0.62584547],7,7,"[0.2817018170798153, 0.5849768676672948]",-1,-1
26099,[0.22921331 0.48525956],7,8,"[0.27392971195344684, 0.45973140540928376]",-1,-1
26100,[0.30941441 0.61807439],7,7,"[0.2817018170798153, 0.5849768676672948]",1131,-1
26101,[0.59860125 0.66586542],9,2,"[0.5921204552873188, 0.6383928111301557]",-1,-1
26102,[0.2328605  0.11702189],0,-1,-1,-1,-1
26103,[0.34604642 0.48458177],4,-1,-1,-1,-1
26104,[0.40239538 0.24828194],6,-1,-1,849,-1
26105,[0.30260731 0.37838977],0,-1,-1,-1,-1
26106,[0.53263593 0.39762959],5,-1,-1,46,-1
26107,[0.59606502 0.71333703],9,-1,-1,423,-1
26108,[0.41917542 0.40127868],6,1,"[0.3897435781344088, 0.3417040596068965]",758,-1
26109,[0.34782707 0.51214654],7,0,"[0.383291892093257, 0.5586820702346661]",-1,-1
26110,[0.39028258 0.62569007],3,0,"[0.383291892093257, 0.5586820702346661]",-1,-1
26111,[0.61791884 0.4865293 ],8,3,"[0.6815204869410737, 0.47689852788858716]",789,-1
26112,[0.62512968 0.60604252],9,2,"[0.5921204552873188, 0.6383928111301557]",1200,-1
26113,[0.33144991 0.46831221],7,8,"[0.27392971195344684, 0.45973140540928376]",-1,-1
26114,[0.57960272 0.60428211],9,2,"[0.5921204552873188, 0.6383928111301557]",-1,6
26115,[0.18298343 0.49861899],7,-1,-1,-1,-1
26116,[0.22871762 0.54474761],7,7,"[0.2817018170798153, 0.5849768676672948]",-1,-1
26117,[0.64079395 0.66318547],9,2,"[0.5921204552873188, 0.6383928111301557]",646,-1
26118,[0.21326399 0.47195246],7,8,"[0.27392971195344684, 0.45973140540928376]",591,-1
26119,[0.78104838 0.6280479 ],1,-1,-1,-1,0
26120,[0.84359606 0.79488465],1,-1,-1,-1,-1
26121,[0.29171374 0.71718867],3,-1,-1,-1,-1
26122,[0.46834072 0.62222098],9,-1,-1,704,-1
26123,[0.36972846 0.2967797 ],6,1,"[0.3897435781344088, 0.3417040596068965]",1528,-1
26124,[0.22793883 0.30307457],2,5,"[0.23231087327800656, 0.30304944505444303]",1468,-1
26125,[0.34496431 0.4828501 ],7,-1,-1,1891,-1
26126,[0.14642564 0.2501215 ],0,-1,-1,-1,-1
26127,[0.65709616 0.49078162],8,3,"[0.6815204869410737, 0.47689852788858716]",821,1
26128,[0.34173631 0.34636179],0,1,"[0.3897435781344088, 0.3417040596068965]",1352,-1
26129,[0.39054717 0.52049079],3,0,"[0.383291892093257, 0.5586820702346661]",1634,-1
26130,[0.33608988 0.52798348],4,0,"[0.383291892093257, 0.5586820702346661]",-1,-1
26131,[0.51281315 0.48848114],5,6,"[0.5164739970238864, 0.5319253761973344]",-1,-1
26132,[0.1876727  0.51782158],7,-1,-1,166,-1
26133,[0.33915371 0.35384314],2,1,"[0.3897435781344088, 0.3417040596068965]",-1,-1
26134,[0.31812833 0.54703504],4,7,"[0.2817018170798153, 0.5849768676672948]",1989,17
26135,[0.61200292 0.57126436],8,-1,-1,1273,-1
26136,[0.5490704  0.65352541],9,2,"[0.5921204552873188, 0.6383928111301557]",-1,-1
26137,[0.31135098 0.33555276],2,-1,-1,-1,8
26138,[0.4584619  0.53029936],3,6,"[0.5164739970238864, 0.5319253761973344]",1305,-1
26139,[0.26438823 0.5082813 ],7,8,"[0.27392971195344684, 0.45973140540928376]",1789,-1
26140,[0.42701383 0.49273191],3,-1,-1,766,-1
26141,[0.59708177 0.59292301],5,2,"[0.5921204552873188, 0.6383928111301557]",1318,-1
26142,[0.55439646 0.71711631],9,-1,-1,245,-1
26143,[0.2294452  0.29511294],0,5,"[0.23231087327800656, 0.30304944505444303]",1461,-1
26144,[0.45471528 0.576954  ],4,-1,-1,1222,-1
26145,[0.35918784 0.35337354],6,1,"[0.3897435781344088, 0.3417040596068965]",-1,-1
26146,[0.28823269 0.64235278],4,7,"[0.2817018170798153, 0.5849768676672948]",738,-1
26147,[0.36317267 0.50938295],7,0,"[0.383291892093257, 0.5586820702346661]",1899,-1
26148,[0.10398863 0.26326997],0,-1,-1,-1,-1
26149,[0.56441687 0.6642844 ],9,2,"[0.5921204552873188, 0.6383928111301557]",-1,-1
26150,[0.20999154 0.370478  ],2,-1,-1,-1,-1
26151,[0.34385905 0.35854377],2,1,"[0.3897435781344088, 0.3417040596068965]",1353,-1
26152,[0.3018113  0.44089911],4,8,"[0.27392971195344684, 0.45973140540928376]",1083,-1
26153,[0.44025576 0.57862311],5,0,"[0.383291892093257, 0.5586820702346661]",-1,-1
26154,[0.34741885 0.52663899],4,0,"[0.383291892093257, 0.5586820702346661]",-1,-1
26155,[0.61904518 0.57663227],9,2,"[0.5921204552873188, 0.6383928111301557]",1273,-1
26156,[0.83810675 0.77160681],1,-1,-1,258,0
26157,[0.21736505 0.54232683],3,-1,-1,644,-1
26158,[0.48045614 0.47824146],5,6,"[0.5164739970238864, 0.5319253761973344]",-1,-1
26159,[0.57372433 0.60744413],9,2,"[0.5921204552873188, 0.6383928111301557]",1415,-1
26160,[0.41983706 0.51221934],3,0,"[0.383291892093257, 0.5586820702346661]",1439,-1
26161,[0.33346757 0.60114733],3,7,"[0.2817018170798153, 0.5849768676672948]",1864,-1
26162,[0.22805654 0.5591089 ],4,7,"[0.2817018170798153, 0.5849768676672948]",1288,-1
26163,[0.28595052 0.2252099 ],0,9,"[0.3110394802231661, 0.23517199738277297]",1356,-1
26164,[0.29949116 0.25755966],0,9,"[0.3110394802231661, 0.23517199738277297]",-1,-1
26165,[0.64680375 0.47605644],8,3,"[0.6815204869410737, 0.47689852788858716]",824,1
26166,[0.61369555 0.4723122 ],8,3,"[0.6815204869410737, 0.47689852788858716]",622,-1
26167,[0.44624844 0.2413087 ],2,-1,-1,178,-1
26168,[0.34245093 0.64921946],7,-1,-1,-1,-1
26169,[0.46099604 0.6310531 ],3,-1,-1,-1,-1
26170,[0.29479166 0.40108999],7,8,"[0.27392971195344684, 0.45973140540928376]",-1,-1
26171,[0.65184479 0.69713302],1,-1,-1,489,-1
26172,[0.30733407 0.34716515],2,-1,-1,1628,8
26173,[0.41244767 0.3222372 ],2,1,"[0.3897435781344088, 0.3417040596068965]",-1,-1
26174,[0.40385376 0.36361146],6,1,"[0.3897435781344088, 0.3417040596068965]",980,-1
26175,[0.47912542 0.65371502],9,-1,-1,-1,-1
26176,[0.3294128  0.35109696],0,1,"[0.3897435781344088, 0.3417040596068965]",1368,-1
26177,[0.2260347  0.44946928],7,8,"[0.27392971195344684, 0.45973140540928376]",587,-1
26178,[0.45443517 0.47518767],7,-1,-1,548,-1
26179,[0.45750663 0.26378245],6,-1,-1,585,-1
26180,[0.59622487 0.65031745],9,2,"[0.5921204552873188, 0.6383928111301557]",-1,-1
26181,[0.34826529 0.3016339 ],6,1,"[0.3897435781344088, 0.3417040596068965]",1529,-1
26182,[0.58739706 0.52837248],9,-1,-1,1102,-1
26183,[0.31567311 0.55980025],7,7,"[0.2817018170798153, 0.5849768676672948]",1968,-1
26184,[0.62123987 0.5554482 ],8,-1,-1,-1,-1
26185,[0.39224447 0.61137965],3,0,"[0.383291892093257, 0.5586820702346661]",-1,-1
26186,[0.46997444 0.53604246],5,6,"[0.5164739970238864, 0.5319253761973344]",-1,-1
26187,[0.41170811 0.57055924],3,0,"[0.383291892093257, 0.5586820702346661]",1738,-1
26188,[0.53765661 0.58926195],5,6,"[0.5164739970238864, 0.5319253761973344]",-1,6
26189,[0.33450431 0.52608354],7,0,"[0.383291892093257, 0.5586820702346661]",-1,-1
26190,[0.77853345 0.77485034],1,4,"[0.7726811996944247, 0.7249303226766757]",-1,0
26191,[0.32106689 0.4860079 ],3,8,"[0.27392971195344684, 0.45973140540928376]",1869,-1
26192,[0.57614473 0.61697259],5,2,"[0.5921204552873188, 0.6383928111301557]",1419,-1
26193,[0.2382578  0.43742905],7,8,"[0.27392971195344684, 0.45973140540928376]",-1,-1
26194,[0.72199202 0.69469018],1,4,"[0.7726811996944247, 0.7249303226766757]",-1,0
26195,[0.17063125 0.15584507],0,-1,-1,-1,-1
26196,[0.4738541  0.34317371],2,-1,-1,529,-1
26197,[0.29988533 0.63406809],3,7,"[0.2817018170798153, 0.5849768676672948]",1069,-1
26198,[0.77454053 0.3927865 ],8,-1,-1,-1,-1
26199,[0.35385871 0.31570129],2,1,"[0.3897435781344088, 0.3417040596068965]",1526,-1
26200,[0.34085537 0.65613385],4,-1,-1,730,-1
26201,[0.91561782 0.78920516],1,-1,-1,-1,-1
26202,[0.73124133 0.5439793 ],8,-1,-1,289,-1
26203,[0.45218288 0.37380835],6,-1,-1,441,-1
26204,[0.59567982 0.67027985],9,2,"[0.5921204552873188, 0.6383928111301557]",-1,-1
26205,[0.35832325 0.40783131],6,-1,-1,877,-1
26206,[0.31842839 0.55785121],3,7,"[0.2817018170798153, 0.5849768676672948]",-1,17
26207,[0.66464639 0.85626245],1,-1,-1,-1,-1
26208,[0.67541184 0.48710751],8,3,"[0.6815204869410737, 0.47689852788858716]",-1,-1
26209,[0.26122786 0.29106283],2,5,"[0.23231087327800656, 0.30304944505444303]",1645,-1
26210,[0.79759553 0.77444127],1,4,"[0.7726811996944247, 0.7249303226766757]",401,0
26211,[0.61347364 0.55352003],9,-1,-1,-1,-1
26212,[0.39633515 0.4724009 ],3,-1,-1,-1,-1
26213,[0.30529031 0.35354427],0,-1,-1,-1,-1
26214,[0.35122618 0.29954836],0,1,"[0.3897435781344088, 0.3417040596068965]",-1,-1
26215,[0.26386669 0.48292202],4,8,"[0.27392971195344684, 0.45973140540928376]",-1,-1
26216,[0.754078  0.7339919],1,4,"[0.7726811996944247, 0.7249303226766757]",-1,0
26217,[0.79742886 0.78785045],1,4,"[0.7726811996944247, 0.7249303226766757]",-1,0
26218,[0.27468532 0.36242853],2,-1,-1,1265,-1
26219,[0.74798993 0.59844749],9,-1,-1,110,-1
26220,[0.51621685 0.63819599],9,-1,-1,-1,-1
26221,[0.5619889  0.69356678],9,2,"[0.5921204552873188, 0.6383928111301557]",-1,-1
26222,[0.33306341 0.60120016],3,7,"[0.2817018170798153, 0.5849768676672948]",1864,-1
26223,[0.32847882 0.5102567 ],7,-1,-1,1920,-1
26224,[0.70504253 0.49130073],8,3,"[0.6815204869410737, 0.47689852788858716]",831,-1
26225,[0.51940661 0.60963053],5,-1,-1,1230,-1
26226,[0.6544827  0.63513074],9,2,"[0.5921204552873188, 0.6383928111301557]",-1,-1
26227,[0.73228608 0.54049498],8,-1,-1,289,-1
26228,[0.55750146 0.7480605 ],9,-1,-1,-1,-1
26229,[0.35339102 0.52999705],3,0,"[0.383291892093257, 0.5586820702346661]",-1,-1
26230,[0.56545832 0.53257585],5,6,"[0.5164739970238864, 0.5319253761973344]",1389,-1
26231,[0.28106411 0.37971877],2,-1,-1,1098,-1
26232,[0.13956816 0.24666919],0,-1,-1,-1,-1
26233,[0.68650884 0.75242197],1,-1,-1,-1,0
26234,[0.3217815  0.57132297],4,7,"[0.2817018170798153, 0.5849768676672948]",-1,-1
26235,[0.41307462 0.38017383],6,1,"[0.3897435781344088, 0.3417040596068965]",-1,-1
26236,[0.48474194 0.49871715],5,6,"[0.5164739970238864, 0.5319253761973344]",873,-1
26237,[0.26602238 0.19398558],0,9,"[0.3110394802231661, 0.23517199738277297]",-1,-1
26238,[0.67150561 0.51038628],8,3,"[0.6815204869410737, 0.47689852788858716]",827,2
26239,[0.22786856 0.3541277 ],2,5,"[0.23231087327800656, 0.30304944505444303]",1129,-1
26240,[0.21912578 0.29744581],2,5,"[0.23231087327800656, 0.30304944505444303]",-1,-1
26241,[0.38324143 0.35527425],6,1,"[0.3897435781344088, 0.3417040596068965]",1086,-1
26242,[0.39071722 0.57533682],3,0,"[0.383291892093257, 0.5586820702346661]",-1,-1
26243,[0.31101707 0.46306194],7,8,"[0.27392971195344684, 0.45973140540928376]",-1,-1
26244,[0.29169902 0.3429228 ],0,-1,-1,-1,-1
26245,[0.70446816 0.66706981],1,-1,-1,-1,0
26246,[0.53749599 0.52739574],5,6,"[0.5164739970238864, 0.5319253761973344]",-1,-1
26247,[0.27764874 0.26880444],0,9,"[0.3110394802231661, 0.23517199738277297]",-1,-1
26248,[0.3488217  0.33058789],6,1,"[0.3897435781344088, 0.3417040596068965]",1414,-1
26249,[0.23779661 0.24401093],0,5,"[0.23231087327800656, 0.30304944505444303]",-1,-1
26250,[0.19785704 0.65500324],3,-1,-1,-1,-1
26251,[0.44364752 0.53211166],5,0,"[0.383291892093257, 0.5586820702346661]",-1,-1
26252,[0.59726206 0.56623236],5,-1,-1,1315,5
26253,[0.31079261 0.53821245],3,7,"[0.2817018170798153, 0.5849768676672948]",-1,-1
26254,[0.27703973 0.28553338],2,5,"[0.23231087327800656, 0.30304944505444303]",-1,11
26255,[0.32584828 0.53534853],7,0,"[0.383291892093257, 0.5586820702346661]",1933,-1
26256,[0.39325976 0.31644097],6,1,"[0.3897435781344088, 0.3417040596068965]",-1,-1
26257,[0.62536465 0.49016955],8,3,"[0.6815204869410737, 0.47689852788858716]",789,-1
26258,[0.38324055 0.55926773],4,0,"[0.383291892093257, 0.5586820702346661]",1814,-1
26259,[0.24265537 0.28350462],0,5,"[0.23231087327800656, 0.30304944505444303]",1531,-1
26260,[0.58180215 0.45867768],8,-1,-1,-1,-1
26261,[0.16981316 0.23642533],0,-1,-1,-1,-1
26262,[0.8028702  0.54866095],8,-1,-1,-1,-1
26263,[0.27310997 0.57797497],3,7,"[0.2817018170798153, 0.5849768676672948]",1668,-1
26264,[0.27725745 0.24486303],2,9,"[0.3110394802231661, 0.23517199738277297]",-1,-1
26265,[0.78159776 0.69250666],1,4,"[0.7726811996944247, 0.7249303226766757]",448,0
26266,[0.3345404  0.49915982],4,-1,-1,1880,-1
26267,[0.37090092 0.26438993],0,9,"[0.3110394802231661, 0.23517199738277297]",1101,-1
26268,[0.69691618 0.40422236],8,-1,-1,509,-1
26269,[0.54860049 0.69149323],9,2,"[0.5921204552873188, 0.6383928111301557]",631,-1
26270,[0.31770687 0.57756989],4,7,"[0.2817018170798153, 0.5849768676672948]",-1,17
26271,[0.31002296 0.51978533],4,-1,-1,1919,15
26272,[0.75674948 0.36871872],8,-1,-1,27,-1
26273,[0.61226285 0.61029034],9,2,"[0.5921204552873188, 0.6383928111301557]",-1,-1
26274,[0.28312088 0.46069975],7,8,"[0.27392971195344684, 0.45973140540928376]",1243,-1
26275,[0.21826951 0.3912156 ],2,-1,-1,-1,-1
26276,[0.54315462 0.61019368],5,2,"[0.5921204552873188, 0.6383928111301557]",1217,-1
26277,[0.40602365 0.29455199],6,1,"[0.3897435781344088, 0.3417040596068965]",-1,-1
26278,[0.3867485  0.54954765],3,0,"[0.383291892093257, 0.5586820702346661]",1815,-1
26279,[0.30019228 0.36070635],0,-1,-1,1479,-1
26280,[0.57414802 0.5423634 ],5,6,"[0.5164739970238864, 0.5319253761973344]",-1,-1
26281,[0.38547379 0.57850551],3,0,"[0.383291892093257, 0.5586820702346661]",1825,-1
26282,[0.23389291 0.19518362],0,-1,-1,-1,-1
26283,[0.33887287 0.18685675],0,9,"[0.3110394802231661, 0.23517199738277297]",-1,-1
26284,[0.12583652 0.60255418],7,-1,-1,-1,-1
26285,[0.29831407 0.39810535],2,8,"[0.27392971195344684, 0.45973140540928376]",1067,-1
26286,[0.52720202 0.56543645],5,6,"[0.5164739970238864, 0.5319253761973344]",1371,-1
26287,[0.31396346 0.34250406],6,-1,-1,1623,8
26288,[0.34419714 0.37703051],2,1,"[0.3897435781344088, 0.3417040596068965]",-1,-1
26289,[0.37220588 0.57195029],3,0,"[0.383291892093257, 0.5586820702346661]",1860,12
26290,[0.66837387 0.74052524],9,-1,-1,-1,0
26291,[0.36377827 0.55268205],7,0,"[0.383291892093257, 0.5586820702346661]",1793,-1
26292,[0.46748126 0.57811238],5,6,"[0.5164739970238864, 0.5319253761973344]",-1,4
26293,[0.29116091 0.61126324],7,7,"[0.2817018170798153, 0.5849768676672948]",956,-1
26294,[0.52909618 0.58766652],5,6,"[0.5164739970238864, 0.5319253761973344]",1372,-1
26295,[0.37519159 0.60381362],3,0,"[0.383291892093257, 0.5586820702346661]",1755,-1
26296,[0.73677261 0.55851511],8,-1,-1,158,-1
26297,[0.86535848 0.81833636],1,-1,-1,-1,-1
26298,[0.66248593 0.53180288],8,3,"[0.6815204869410737, 0.47689852788858716]",669,-1
26299,[0.80444379 0.75468646],1,4,"[0.7726811996944247, 0.7249303226766757]",-1,0
26300,[0.24664236 0.34362811],2,5,"[0.23231087327800656, 0.30304944505444303]",1565,-1
26301,[0.31888036 0.49942699],3,8,"[0.27392971195344684, 0.45973140540928376]",1809,-1
26302,[0.4907198  0.64609687],5,-1,-1,-1,-1
26303,[0.26996168 0.53087587],7,7,"[0.2817018170798153, 0.5849768676672948]",1853,-1
26304,[0.30400777 0.3305493 ],0,-1,-1,1660,-1
26305,[0.3771942  0.32589111],2,1,"[0.3897435781344088, 0.3417040596068965]",1476,-1
26306,[0.32284544 0.478753  ],4,8,"[0.27392971195344684, 0.45973140540928376]",1475,-1
26307,[0.43490116 0.36069008],6,1,"[0.3897435781344088, 0.3417040596068965]",-1,-1
26308,[0.3278674  0.31076237],6,1,"[0.3897435781344088, 0.3417040596068965]",1679,-1
26309,[0.33498455 0.33058371],6,1,"[0.3897435781344088, 0.3417040596068965]",-1,-1
26310,[0.19917242 0.30909939],0,5,"[0.23231087327800656, 0.30304944505444303]",777,-1
26311,[0.48892079 0.46567898],5,-1,-1,-1,-1
26312,[0.35177597 0.16844913],0,-1,-1,-1,-1
26313,[0.35645163 0.26634713],0,9,"[0.3110394802231661, 0.23517199738277297]",-1,-1
26314,[0.51100087 0.53811001],5,6,"[0.5164739970238864, 0.5319253761973344]",-1,3
26315,[0.72443247 0.44682712],8,3,"[0.6815204869410737, 0.47689852788858716]",-1,-1
26316,[0.32388297 0.59577653],3,7,"[0.2817018170798153, 0.5849768676672948]",1938,-1
26317,[0.33773024 0.29914038],2,1,"[0.3897435781344088, 0.3417040596068965]",-1,-1
26318,[0.20572222 0.60631587],4,-1,-1,-1,-1
26319,[0.58179243 0.50960626],5,6,"[0.5164739970238864, 0.5319253761973344]",-1,-1
26320,[0.40354598 0.61506162],3,0,"[0.383291892093257, 0.5586820702346661]",-1,-1
26321,[0.84340248 0.77771544],1,-1,-1,259,0
26322,[0.55680224 0.63819957],9,2,"[0.5921204552873188, 0.6383928111301557]",1278,6
26323,[0.39561956 0.37091536],6,1,"[0.3897435781344088, 0.3417040596068965]",-1,-1
26324,[0.3780011  0.45566364],6,-1,-1,855,-1
26325,[0.37690101 0.59834443],3,0,"[0.383291892093257, 0.5586820702346661]",-1,-1
26326,[0.39336251 0.49520276],4,0,"[0.383291892093257, 0.5586820702346661]",1361,-1
26327,[0.35677231 0.49929519],7,0,"[0.383291892093257, 0.5586820702346661]",-1,-1
26328,[0.22586813 0.23873577],2,5,"[0.23231087327800656, 0.30304944505444303]",946,-1
26329,[0.87020255 0.68549303],1,-1,-1,80,-1
26330,[0.3407216  0.53646311],7,0,"[0.383291892093257, 0.5586820702346661]",1954,16
26331,[0.33555442 0.52292348],4,0,"[0.383291892093257, 0.5586820702346661]",1877,-1
26332,[0.5862776  0.61571476],5,2,"[0.5921204552873188, 0.6383928111301557]",1418,-1
26333,[0.80993686 0.6582883 ],1,-1,-1,255,0
26334,[0.47052576 0.36019683],6,-1,-1,-1,-1
26335,[0.60525172 0.56715774],9,-1,-1,-1,-1
26336,[0.22488676 0.56900836],4,7,"[0.2817018170798153, 0.5849768676672948]",1123,-1
26337,[0.80201723 0.70897584],1,4,"[0.7726811996944247, 0.7249303226766757]",479,0
26338,[0.36022637 0.30583338],6,1,"[0.3897435781344088, 0.3417040596068965]",1543,-1
26339,[0.3198162  0.16434588],0,-1,-1,41,-1
26340,[0.32300669 0.39275913],2,-1,-1,-1,-1
26341,[0.28172903 0.36485632],0,-1,-1,-1,-1
26342,[0.2861372  0.36473955],2,-1,-1,-1,-1
26343,[0.41229614 0.29357558],6,1,"[0.3897435781344088, 0.3417040596068965]",923,-1
26344,[0.60074929 0.63061443],9,2,"[0.5921204552873188, 0.6383928111301557]",-1,-1
26345,[0.6853397  0.48591204],8,3,"[0.6815204869410737, 0.47689852788858716]",787,-1
26346,[0.36611416 0.60806503],4,0,"[0.383291892093257, 0.5586820702346661]",1752,-1
26347,[0.46666279 0.32869405],6,-1,-1,530,-1
26348,[0.48559928 0.65835495],9,-1,-1,-1,-1
26349,[0.2204535  0.57445766],3,7,"[0.2817018170798153, 0.5849768676672948]",-1,-1
26350,[0.2047949 0.114232 ],0,-1,-1,-1,-1
26351,[0.41671073 0.33339776],6,1,"[0.3897435781344088, 0.3417040596068965]",989,-1
26352,[0.38860223 0.57488522],3,0,"[0.383291892093257, 0.5586820702346661]",1771,-1
26353,[0.27719123 0.22523272],2,9,"[0.3110394802231661, 0.23517199738277297]",1334,-1
26354,[0.71336805 0.46033122],8,3,"[0.6815204869410737, 0.47689852788858716]",717,-1
26355,[0.69401254 0.4685904 ],8,3,"[0.6815204869410737, 0.47689852788858716]",-1,-1
26356,[0.40194659 0.31828588],6,1,"[0.3897435781344088, 0.3417040596068965]",966,-1
26357,[0.44927601 0.27376279],6,-1,-1,585,-1
26358,[0.46498358 0.50453775],5,6,"[0.5164739970238864, 0.5319253761973344]",753,-1
26359,[0.31468012 0.41385477],2,8,"[0.27392971195344684, 0.45973140540928376]",1017,-1
26360,[0.62055709 0.61128698],5,2,"[0.5921204552873188, 0.6383928111301557]",-1,-1
26361,[0.32827499 0.43096354],7,8,"[0.27392971195344684, 0.45973140540928376]",-1,-1
26362,[0.35360622 0.54763186],7,0,"[0.383291892093257, 0.5586820702346661]",-1,-1
26363,[0.5462531  0.49592395],5,6,"[0.5164739970238864, 0.5319253761973344]",-1,-1
26364,[0.29524301 0.26149371],0,9,"[0.3110394802231661, 0.23517199738277297]",-1,-1
26365,[0.21197661 0.43917282],7,8,"[0.27392971195344684, 0.45973140540928376]",266,-1
26366,[0.45350451 0.48185272],6,-1,-1,546,-1
26367,[0.34353548 0.35143387],2,1,"[0.3897435781344088, 0.3417040596068965]",1352,-1
26368,[0.60262956 0.52457537],8,-1,-1,1102,-1
26369,[0.44641932 0.52182121],5,-1,-1,-1,-1
26370,[0.21310034 0.49176508],7,8,"[0.27392971195344684, 0.45973140540928376]",-1,-1
26371,[0.61901257 0.4563936 ],8,3,"[0.6815204869410737, 0.47689852788858716]",-1,-1
26372,[0.62827444 0.70457358],9,-1,-1,-1,-1
26373,[0.80440433 0.73846217],1,4,"[0.7726811996944247, 0.7249303226766757]",-1,0
26374,[0.40859405 0.55669007],3,0,"[0.383291892093257, 0.5586820702346661]",1734,-1
26375,[0.49632763 0.61477426],5,-1,-1,918,-1
26376,[0.74594826 0.47896645],8,3,"[0.6815204869410737, 0.47689852788858716]",513,-1
26377,[0.29694304 0.38547502],0,-1,-1,-1,-1
26378,[0.2375418 0.6869848],4,-1,-1,-1,-1
26379,[0.16620774 0.25132209],0,-1,-1,172,-1
26380,[0.71656585 0.67941676],1,-1,-1,391,0
26381,[0.26868352 0.26550985],2,9,"[0.3110394802231661, 0.23517199738277297]",-1,-1
26382,[0.79161635 0.55417428],8,-1,-1,15,-1
26383,[0.50918397 0.76317408],9,-1,-1,4,-1
26384,[0.59644589 0.57659772],5,2,"[0.5921204552873188, 0.6383928111301557]",1326,5
26385,[0.26106153 0.21306156],2,9,"[0.3110394802231661, 0.23517199738277297]",991,-1
26386,[0.36860157 0.32913781],6,1,"[0.3897435781344088, 0.3417040596068965]",1536,-1
26387,[0.2150756  0.31903287],0,5,"[0.23231087327800656, 0.30304944505444303]",-1,-1
26388,[0.29734186 0.33994148],2,-1,-1,1619,-1
26389,[0.23956356 0.18142125],0,-1,-1,-1,-1
26390,[0.73782581 0.68280966],1,4,"[0.7726811996944247, 0.7249303226766757]",-1,0
26391,[0.8058491  0.41668222],8,-1,-1,-1,-1
26392,[0.35568008 0.21807906],2,9,"[0.3110394802231661, 0.23517199738277297]",485,-1
26393,[0.29531162 0.20188702],0,9,"[0.3110394802231661, 0.23517199738277297]",425,-1
26394,[0.43397967 0.22917318],0,-1,-1,-1,-1
26395,[0.25354242 0.32659624],2,5,"[0.23231087327800656, 0.30304944505444303]",-1,7
26396,[0.32136316 0.50614014],7,8,"[0.27392971195344684, 0.45973140540928376]",-1,-1
26397,[0.53595546 0.6364209 ],5,2,"[0.5921204552873188, 0.6383928111301557]",1257,-1
26398,[0.3489078  0.26211886],2,9,"[0.3110394802231661, 0.23517199738277297]",-1,-1
26399,[0.14513903 0.41835234],0,-1,-1,-1,-1
26400,[0.25778306 0.443464  ],2,8,"[0.27392971195344684, 0.45973140540928376]",667,-1
26401,[0.70108653 0.4915485 ],8,3,"[0.6815204869410737, 0.47689852788858716]",831,2
26402,[0.29297439 0.28501798],2,9,"[0.3110394802231661, 0.23517199738277297]",1554,-1
26403,[0.50570306 0.54062631],6,6,"[0.5164739970238864, 0.5319253761973344]",1186,3
26404,[0.25347359 0.25644963],0,5,"[0.23231087327800656, 0.30304944505444303]",1312,-1
26405,[0.24128802 0.37809538],2,-1,-1,1149,-1
26406,[0.37135885 0.28313634],6,1,"[0.3897435781344088, 0.3417040596068965]",-1,-1
26407,[0.37985735 0.54571009],4,0,"[0.383291892093257, 0.5586820702346661]",1805,-1
26408,[0.32707238 0.42030432],7,8,"[0.27392971195344684, 0.45973140540928376]",917,-1
26409,[0.75229366 0.68983441],1,4,"[0.7726811996944247, 0.7249303226766757]",-1,0
26410,[0.49980111 0.49288002],7,6,"[0.5164739970238864, 0.5319253761973344]",-1,-1
26411,[0.20918407 0.21641874],0,-1,-1,708,-1
26412,[0.57043097 0.61606349],5,2,"[0.5921204552873188, 0.6383928111301557]",1419,-1
26413,[0.67301713 0.72071499],9,-1,-1,-1,0
26414,[0.73559456 0.67601636],1,4,"[0.7726811996944247, 0.7249303226766757]",409,0
26415,[0.23269685 0.34759958],2,5,"[0.23231087327800656, 0.30304944505444303]",-1,-1
26416,[0.70310404 0.46037671],8,3,"[0.6815204869410737, 0.47689852788858716]",717,-1
26417,[0.25977157 0.60077715],3,7,"[0.2817018170798153, 0.5849768676672948]",1646,-1
26418,[0.33367532 0.22878479],2,9,"[0.3110394802231661, 0.23517199738277297]",-1,-1
26419,[0.61337713 0.59756146],9,2,"[0.5921204552873188, 0.6383928111301557]",-1,-1
26420,[0.37231358 0.47698708],3,-1,-1,1211,-1
26421,[0.18732788 0.17965216],0,-1,-1,165,-1
26422,[0.2554572  0.27602346],2,5,"[0.23231087327800656, 0.30304944505444303]",1549,-1
26423,[0.62639647 0.53307636],9,-1,-1,-1,-1
26424,[0.7776996  0.74312297],1,4,"[0.7726811996944247, 0.7249303226766757]",-1,0
26425,[0.76513271 0.41439431],8,-1,-1,-1,-1
26426,[0.31867681 0.61130381],3,7,"[0.2817018170798153, 0.5849768676672948]",1763,-1
26427,[0.4384488  0.56809322],3,0,"[0.383291892093257, 0.5586820702346661]",-1,-1
26428,[0.51150761 0.59761737],9,6,"[0.5164739970238864, 0.5319253761973344]",1230,-1
26429,[0.35050754 0.5588869 ],3,0,"[0.383291892093257, 0.5586820702346661]",1956,-1
26430,[0.29203147 0.27175513],0,9,"[0.3110394802231661, 0.23517199738277297]",1495,-1
26431,[0.32629391 0.20851484],0,9,"[0.3110394802231661, 0.23517199738277297]",-1,-1
26432,[0.33024734 0.61127644],4,7,"[0.2817018170798153, 0.5849768676672948]",1544,-1
26433,[0.25110546 0.27228195],0,5,"[0.23231087327800656, 0.30304944505444303]",1541,-1
26434,[0.51593795 0.53409175],5,6,"[0.5164739970238864, 0.5319253761973344]",1191,3
26435,[0.22256972 0.25080147],2,5,"[0.23231087327800656, 0.30304944505444303]",1021,-1
26436,[0.24471722 0.36359591],2,5,"[0.23231087327800656, 0.30304944505444303]",-1,-1
26437,[0.58949844 0.48284144],5,-1,-1,561,-1
26438,[0.74237531 0.73038798],1,4,"[0.7726811996944247, 0.7249303226766757]",-1,0
26439,[0.73129981 0.58942344],8,-1,-1,55,-1
26440,[0.23495099 0.26691571],2,5,"[0.23231087327800656, 0.30304944505444303]",1363,-1
26441,[0.32341341 0.29083073],0,9,"[0.3110394802231661, 0.23517199738277297]",1579,-1
26442,[0.88945023 0.74085207],1,-1,-1,87,-1
26443,[0.32634552 0.54880682],7,7,"[0.2817018170798153, 0.5849768676672948]",-1,17
26444,[0.49190482 0.51911175],5,6,"[0.5164739970238864, 0.5319253761973344]",936,-1
26445,[0.48077309 0.64451222],9,-1,-1,647,-1
26446,[0.78295593 0.78359545],1,4,"[0.7726811996944247, 0.7249303226766757]",-1,0
26447,[0.51019844 0.6412236 ],5,-1,-1,-1,-1
26448,[0.7026731  0.49401383],8,3,"[0.6815204869410737, 0.47689852788858716]",831,2
26449,[0.38358362 0.2929776 ],6,1,"[0.3897435781344088, 0.3417040596068965]",-1,-1
26450,[0.30772971 0.26357258],0,9,"[0.3110394802231661, 0.23517199738277297]",-1,-1
26451,[0.23870544 0.48814097],7,8,"[0.27392971195344684, 0.45973140540928376]",-1,-1
26452,[0.30448617 0.35797462],6,-1,-1,1551,-1
26453,[0.2736673  0.30349643],2,5,"[0.23231087327800656, 0.30304944505444303]",-1,-1
26454,[0.44493728 0.49287832],3,-1,-1,617,-1
26455,[0.23883578 0.54272933],4,7,"[0.2817018170798153, 0.5849768676672948]",-1,-1
26456,[0.27029605 0.22350626],2,9,"[0.3110394802231661, 0.23517199738277297]",-1,-1
26457,[0.34017639 0.61273489],4,7,"[0.2817018170798153, 0.5849768676672948]",-1,-1
26458,[0.8377874  0.73678629],1,4,"[0.7726811996944247, 0.7249303226766757]",342,0
26459,[0.34959581 0.41486417],7,-1,-1,870,-1
26460,[0.59598654 0.60537793],8,2,"[0.5921204552873188, 0.6383928111301557]",-1,-1
26461,[0.69272376 0.55268263],8,-1,-1,600,-1
26462,[0.8097475  0.72358394],1,4,"[0.7726811996944247, 0.7249303226766757]",456,0
26463,[0.22315327 0.33804758],0,5,"[0.23231087327800656, 0.30304944505444303]",-1,-1
26464,[0.53267618 0.57768892],5,6,"[0.5164739970238864, 0.5319253761973344]",1372,-1
26465,[0.29905553 0.29333942],2,9,"[0.3110394802231661, 0.23517199738277297]",-1,11
26466,[0.26364866 0.46940907],7,8,"[0.27392971195344684, 0.45973140540928376]",1595,-1
26467,[0.32439759 0.4718062 ],3,8,"[0.27392971195344684, 0.45973140540928376]",-1,-1
26468,[0.47011697 0.27837086],2,-1,-1,272,-1
26469,[0.35515988 0.55267163],4,0,"[0.383291892093257, 0.5586820702346661]",-1,-1
26470,[0.40741881 0.57971031],3,0,"[0.383291892093257, 0.5586820702346661]",1715,-1
26471,[0.31873154 0.47698625],3,8,"[0.27392971195344684, 0.45973140540928376]",1756,-1
26472,[0.34963715 0.24058999],0,9,"[0.3110394802231661, 0.23517199738277297]",-1,-1
26473,[0.28925344 0.31979004],6,5,"[0.23231087327800656, 0.30304944505444303]",1621,-1
26474,[0.27705578 0.54228889],4,7,"[0.2817018170798153, 0.5849768676672948]",1769,-1
26475,[0.3130731  0.44153719],7,8,"[0.27392971195344684, 0.45973140540928376]",-1,-1
26476,[0.71206458 0.75361503],1,4,"[0.7726811996944247, 0.7249303226766757]",345,0
26477,[0.61094854 0.4839818 ],8,-1,-1,-1,-1
26478,[0.17597939 0.48095985],2,-1,-1,-1,-1
26479,[0.27805425 0.10777519],0,-1,-1,-1,-1
26480,[0.85800634 0.7111544 ],1,-1,-1,313,0
26481,[0.61768391 0.53627964],5,-1,-1,-1,-1
26482,[0.89016091 0.7196735 ],1,-1,-1,-1,-1
26483,[0.31271433 0.53911679],4,7,"[0.2817018170798153, 0.5849768676672948]",-1,-1
26484,[0.15959189 0.56335484],7,-1,-1,-1,-1
26485,[0.60523671 0.63933307],5,2,"[0.5921204552873188, 0.6383928111301557]",1332,-1
26486,[0.65451947 0.46316977],8,3,"[0.6815204869410737, 0.47689852788858716]",800,-1
26487,[0.56906849 0.47501149],8,-1,-1,-1,-1
26488,[0.78706923 0.64212119],1,-1,-1,-1,0
26489,[0.25163941 0.38601507],2,-1,-1,1147,-1
26490,[0.65566568 0.65177582],9,2,"[0.5921204552873188, 0.6383928111301557]",635,-1
26491,[0.82836962 0.66823915],1,-1,-1,-1,0
26492,[0.46037448 0.54632676],3,6,"[0.5164739970238864, 0.5319253761973344]",-1,-1
26493,[0.61633596 0.48975016],5,3,"[0.6815204869410737, 0.47689852788858716]",789,-1
26494,[0.47969391 0.29997633],6,-1,-1,-1,-1
26495,[0.29915123 0.54007718],4,7,"[0.2817018170798153, 0.5849768676672948]",-1,-1
26496,[0.26938663 0.26050734],2,9,"[0.3110394802231661, 0.23517199738277297]",-1,-1
26497,[0.58347685 0.56598914],5,-1,-1,1445,-1
26498,[0.48014843 0.64017189],5,-1,-1,647,-1
26499,[0.252199   0.18807571],0,-1,-1,344,-1
26500,[0.23616137 0.51092228],4,8,"[0.27392971195344684, 0.45973140540928376]",1552,-1
26501,[0.51165163 0.47771883],5,6,"[0.5164739970238864, 0.5319253761973344]",-1,-1
26502,[0.29533499 0.46409622],2,8,"[0.27392971195344684, 0.45973140540928376]",-1,-1
26503,[0.77364281 0.5639524 ],8,-1,-1,-1,-1
26504,[0.3979581  0.55731034],3,0,"[0.383291892093257, 0.5586820702346661]",-1,-1
26505,[0.31595857 0.30868012],2,-1,-1,-1,-1
26506,[0.38857449 0.5803979 ],4,0,"[0.383291892093257, 0.5586820702346661]",1701,-1
26507,[0.56123672 0.63639341],9,2,"[0.5921204552873188, 0.6383928111301557]",-1,6
26508,[0.56564825 0.42582634],5,-1,-1,-1,-1
26509,[0.77527408 0.41723213],8,-1,-1,-1,-1
26510,[0.57608307 0.6907684 ],9,2,"[0.5921204552873188, 0.6383928111301557]",-1,-1
26511,[0.31835203 0.41890593],2,8,"[0.27392971195344684, 0.45973140540928376]",1017,-1
26512,[0.30768389 0.35719577],2,-1,-1,-1,-1
26513,[0.22415902 0.21643314],0,-1,-1,871,-1
26514,[0.75955276 0.77958   ],1,4,"[0.7726811996944247, 0.7249303226766757]",371,0
26515,[0.22755778 0.57217746],7,7,"[0.2817018170798153, 0.5849768676672948]",1123,-1
26516,[0.39386272 0.50349442],5,0,"[0.383291892093257, 0.5586820702346661]",1449,-1
26517,[0.2919907  0.47311541],7,8,"[0.27392971195344684, 0.45973140540928376]",1731,-1
26518,[0.46424848 0.34812571],6,-1,-1,531,-1
26519,[0.75675105 0.7749003 ],1,4,"[0.7726811996944247, 0.7249303226766757]",371,0
26520,[0.37399756 0.42722051],7,-1,-1,-1,-1
26521,[0.68652343 0.49602704],8,3,"[0.6815204869410737, 0.47689852788858716]",835,2
26522,[0.240322   0.48810715],7,8,"[0.27392971195344684, 0.45973140540928376]",-1,-1
26523,[0.63285458 0.39316746],8,-1,-1,-1,-1
26524,[0.41317292 0.57098893],3,0,"[0.383291892093257, 0.5586820702346661]",1738,-1
26525,[0.5351836  0.52026835],5,6,"[0.5164739970238864, 0.5319253761973344]",1173,-1
26526,[0.20727901 0.31277559],2,5,"[0.23231087327800656, 0.30304944505444303]",777,-1
26527,[0.56194362 0.51487456],5,6,"[0.5164739970238864, 0.5319253761973344]",770,-1
26528,[0.58848898 0.45427085],5,-1,-1,607,-1
26529,[0.52839929 0.44873444],9,-1,-1,-1,-1
26530,[0.32233796 0.59795051],3,7,"[0.2817018170798153, 0.5849768676672948]",-1,-1
26531,[0.27519274 0.56036704],4,7,"[0.2817018170798153, 0.5849768676672948]",1875,-1
26532,[0.35902567 0.28332258],6,1,"[0.3897435781344088, 0.3417040596068965]",1171,-1
26533,[0.5933151  0.39081446],8,-1,-1,-1,-1
26534,[0.65317381 0.68569536],9,-1,-1,444,-1
26535,[0.64747605 0.49569551],8,3,"[0.6815204869410737, 0.47689852788858716]",819,1
26536,[0.37998448 0.68178478],4,-1,-1,-1,-1
26537,[0.55619559 0.45803788],8,-1,-1,-1,-1
26538,[0.2871205  0.29107622],2,5,"[0.23231087327800656, 0.30304944505444303]",1686,11
26539,[0.54368381 0.62361348],9,2,"[0.5921204552873188, 0.6383928111301557]",-1,-1
26540,[0.52126728 0.59098597],5,6,"[0.5164739970238864, 0.5319253761973344]",1382,-1
26541,[0.31385441 0.19124563],0,9,"[0.3110394802231661, 0.23517199738277297]",-1,-1
26542,[0.88378347 0.86539622],1,-1,-1,-1,-1
26543,[0.26735265 0.54111144],7,7,"[0.2817018170798153, 0.5849768676672948]",1743,-1
26544,[0.30627205 0.28330313],0,9,"[0.3110394802231661, 0.23517199738277297]",1614,-1
26545,[0.3375478  0.58816956],7,0,"[0.383291892093257, 0.5586820702346661]",-1,-1
26546,[0.34398741 0.3549439 ],6,1,"[0.3897435781344088, 0.3417040596068965]",1353,-1
26547,[0.17376991 0.27697304],2,5,"[0.23231087327800656, 0.30304944505444303]",-1,-1
26548,[0.7305914  0.51570133],8,3,"[0.6815204869410737, 0.47689852788858716]",487,-1
26549,[0.24095724 0.37097311],0,5,"[0.23231087327800656, 0.30304944505444303]",1149,-1
26550,[0.37780893 0.61605712],3,0,"[0.383291892093257, 0.5586820702346661]",1513,-1
26551,[0.16612332 0.53801679],7,-1,-1,53,-1
26552,[0.24846465 0.44564019],7,8,"[0.27392971195344684, 0.45973140540928376]",-1,-1
26553,[0.80091559 0.65126777],1,-1,-1,-1,0
26554,[0.37231235 0.6053556 ],3,0,"[0.383291892093257, 0.5586820702346661]",1755,-1
26555,[0.45194523 0.60031132],5,-1,-1,1237,-1
26556,[0.36621954 0.61341306],4,0,"[0.383291892093257, 0.5586820702346661]",-1,-1
26557,[0.41754084 0.38627893],6,1,"[0.3897435781344088, 0.3417040596068965]",763,-1
26558,[0.2191151  0.32109985],0,5,"[0.23231087327800656, 0.30304944505444303]",-1,-1
26559,[0.49320552 0.58810964],3,6,"[0.5164739970238864, 0.5319253761973344]",-1,-1
26560,[0.64772354 0.48211033],8,3,"[0.6815204869410737, 0.47689852788858716]",-1,1
26561,[0.63104354 0.56010608],9,-1,-1,1104,-1
26562,[0.36061086 0.52887833],4,0,"[0.383291892093257, 0.5586820702346661]",1935,-1
26563,[0.24672872 0.65838614],7,-1,-1,49,-1
26564,[0.39572879 0.44134674],6,-1,-1,567,-1
26565,[0.23991521 0.48335178],0,8,"[0.27392971195344684, 0.45973140540928376]",1707,-1
26566,[0.69248244 0.46081863],8,3,"[0.6815204869410737, 0.47689852788858716]",806,-1
26567,[0.32749326 0.23635043],0,9,"[0.3110394802231661, 0.23517199738277297]",1001,-1
26568,[0.59852306 0.47805459],5,-1,-1,-1,-1
26569,[0.61833501 0.64001168],9,2,"[0.5921204552873188, 0.6383928111301557]",-1,-1
26570,[0.6925883  0.49607345],8,3,"[0.6815204869410737, 0.47689852788858716]",-1,2
26571,[0.33376287 0.31986351],2,1,"[0.3897435781344088, 0.3417040596068965]",1683,-1
26572,[0.24185591 0.27971508],2,5,"[0.23231087327800656, 0.30304944505444303]",1531,-1
26573,[0.28271151 0.22917506],2,9,"[0.3110394802231661, 0.23517199738277297]",-1,-1
26574,[0.53135563 0.51094265],5,6,"[0.5164739970238864, 0.5319253761973344]",1176,-1
26575,[0.59746275 0.51939772],5,-1,-1,1102,-1
26576,[0.30654672 0.53530959],3,7,"[0.2817018170798153, 0.5849768676672948]",1982,-1
26577,[0.73734534 0.43637508],8,3,"[0.6815204869410737, 0.47689852788858716]",-1,-1
26578,[0.2336367 0.137344 ],0,-1,-1,-1,-1
26579,[0.6321809  0.60049632],5,2,"[0.5921204552873188, 0.6383928111301557]",-1,-1
26580,[0.59396923 0.56413091],9,-1,-1,-1,5
26581,[0.30462473 0.53281445],7,7,"[0.2817018170798153, 0.5849768676672948]",-1,-1
26582,[0.74764531 0.48953136],8,3,"[0.6815204869410737, 0.47689852788858716]",508,-1
26583,[0.53470302 0.46069764],5,-1,-1,556,-1
26584,[0.48046096 0.55561743],3,6,"[0.5164739970238864, 0.5319253761973344]",-1,-1
26585,[0.39269435 0.50208839],4,0,"[0.383291892093257, 0.5586820702346661]",1449,-1
26586,[0.32706425 0.18442881],0,9,"[0.3110394802231661, 0.23517199738277297]",-1,-1
26587,[0.30905784 0.4390545 ],2,8,"[0.27392971195344684, 0.45973140540928376]",1081,-1
26588,[0.66964525 0.46862347],8,3,"[0.6815204869410737, 0.47689852788858716]",-1,-1
26589,[0.60094415 0.54644389],5,-1,-1,-1,-1
26590,[0.60317784 0.61185693],9,2,"[0.5921204552873188, 0.6383928111301557]",1301,-1
26591,[0.36312744 0.57604906],3,0,"[0.383291892093257, 0.5586820702346661]",-1,-1
26592,[0.4430541  0.56341544],5,0,"[0.383291892093257, 0.5586820702346661]",1281,-1
26593,[0.94399423 0.73606715],1,-1,-1,-1,-1
26594,[0.4100822  0.38855011],6,1,"[0.3897435781344088, 0.3417040596068965]",-1,-1
26595,[0.25745108 0.49171923],7,8,"[0.27392971195344684, 0.45973140540928376]",-1,-1
26596,[0.24810838 0.56850626],7,7,"[0.2817018170798153, 0.5849768676672948]",1515,-1
26597,[0.62542759 0.60309009],5,2,"[0.5921204552873188, 0.6383928111301557]",1200,-1
26598,[0.64942785 0.51179236],5,3,"[0.6815204869410737, 0.47689852788858716]",-1,-1
26599,[0.69950766 0.53920077],8,3,"[0.6815204869410737, 0.47689852788858716]",559,-1
26600,[0.62826898 0.46588064],8,3,"[0.6815204869410737, 0.47689852788858716]",626,-1
26601,[0.24229858 0.44896288],7,8,"[0.27392971195344684, 0.45973140540928376]",932,-1
26602,[0.47935267 0.46482147],5,-1,-1,278,-1
26603,[0.53813335 0.68481497],9,-1,-1,555,-1
26604,[0.51930318 0.69759591],9,-1,-1,-1,-1
26605,[0.35744798 0.32723131],6,1,"[0.3897435781344088, 0.3417040596068965]",1407,-1
26606,[0.33750042 0.60130936],3,7,"[0.2817018170798153, 0.5849768676672948]",1864,-1
26607,[0.21073538 0.36124679],2,5,"[0.23231087327800656, 0.30304944505444303]",-1,-1
26608,[0.39579883 0.68463194],4,-1,-1,-1,-1
26609,[0.44158793 0.54840228],5,0,"[0.383291892093257, 0.5586820702346661]",1295,-1
26610,[0.64915845 0.48706009],5,3,"[0.6815204869410737, 0.47689852788858716]",818,1
26611,[0.32673628 0.34190855],6,1,"[0.3897435781344088, 0.3417040596068965]",1617,-1
26612,[0.22707346 0.47496137],4,8,"[0.27392971195344684, 0.45973140540928376]",-1,-1
26613,[0.69020334 0.61692132],8,-1,-1,-1,-1
26614,[0.77937373 0.71194246],1,4,"[0.7726811996944247, 0.7249303226766757]",477,0
26615,[0.44930562 0.62554383],3,-1,-1,-1,-1
26616,[0.80839123 0.69604356],1,4,"[0.7726811996944247, 0.7249303226766757]",-1,0
26617,[0.26440193 0.40455277],7,8,"[0.27392971195344684, 0.45973140540928376]",1008,-1
26618,[0.62255804 0.67621768],9,2,"[0.5921204552873188, 0.6383928111301557]",660,-1
26619,[0.65918844 0.32891002],8,-1,-1,-1,-1
26620,[0.25266718 0.0921407 ],0,-1,-1,-1,-1
26621,[0.19164187 0.280789  ],0,5,"[0.23231087327800656, 0.30304944505444303]",745,-1
26622,[0.23168965 0.58005385],7,7,"[0.2817018170798153, 0.5849768676672948]",-1,-1
26623,[0.64828119 0.54388756],5,-1,-1,-1,-1
26624,[0.37278351 0.49541726],3,0,"[0.383291892093257, 0.5586820702346661]",-1,-1
26625,[0.19360967 0.47447584],7,-1,-1,-1,-1
26626,[0.22382789 0.25438986],2,5,"[0.23231087327800656, 0.30304944505444303]",1021,-1
26627,[0.35852945 0.5394543 ],3,0,"[0.383291892093257, 0.5586820702346661]",-1,-1
26628,[0.32860152 0.49003133],3,8,"[0.27392971195344684, 0.45973140540928376]",1827,-1
26629,[0.39255922 0.35170989],2,1,"[0.3897435781344088, 0.3417040596068965]",-1,-1
26630,[0.73904022 0.55866821],8,-1,-1,-1,-1
26631,[0.86217038 0.76051996],1,-1,-1,-1,-1
26632,[0.30683918 0.28095706],0,9,"[0.3110394802231661, 0.23517199738277297]",1614,-1
26633,[0.71322388 0.67530935],1,-1,-1,-1,0
26634,[0.53390199 0.72106749],9,-1,-1,261,-1
26635,[0.20862165 0.27124062],0,5,"[0.23231087327800656, 0.30304944505444303]",1111,-1
26636,[0.31366093 0.51060779],7,8,"[0.27392971195344684, 0.45973140540928376]",1922,15
26637,[0.34237227 0.47605912],7,-1,-1,-1,-1
26638,[0.69161267 0.49782742],8,3,"[0.6815204869410737, 0.47689852788858716]",836,2
26639,[0.59695183 0.62559382],9,2,"[0.5921204552873188, 0.6383928111301557]",1346,6
26640,[0.4676874  0.61397661],3,-1,-1,907,-1
26641,[0.24992571 0.31284713],2,5,"[0.23231087327800656, 0.30304944505444303]",1501,-1
26642,[0.55972667 0.47942837],8,6,"[0.5164739970238864, 0.5319253761973344]",-1,-1
26643,[0.3646689  0.62275803],3,0,"[0.383291892093257, 0.5586820702346661]",1303,-1
26644,[0.31061397 0.19978239],0,9,"[0.3110394802231661, 0.23517199738277297]",-1,-1
26645,[0.38838267 0.61093142],3,0,"[0.383291892093257, 0.5586820702346661]",1720,-1
26646,[0.90718562 0.71620778],1,-1,-1,-1,-1
26647,[0.25818918 0.24261928],2,9,"[0.3110394802231661, 0.23517199738277297]",1137,-1
26648,[0.55019556 0.64559538],9,2,"[0.5921204552873188, 0.6383928111301557]",-1,-1
26649,[0.37335707 0.36316592],6,1,"[0.3897435781344088, 0.3417040596068965]",1088,-1
26650,[0.67828576 0.44987639],8,3,"[0.6815204869410737, 0.47689852788858716]",735,-1
26651,[0.26397396 0.67829597],7,-1,-1,-1,-1
26652,[0.54217669 0.73178876],9,-1,-1,152,-1
26653,[0.21695149 0.24901103],0,5,"[0.23231087327800656, 0.30304944505444303]",-1,-1
26654,[0.55961756 0.58774402],5,2,"[0.5921204552873188, 0.6383928111301557]",-1,6
26655,[0.28548604 0.29259235],0,5,"[0.23231087327800656, 0.30304944505444303]",1686,11
26656,[0.70830218 0.68269322],9,-1,-1,-1,0
26657,[0.24343786 0.31570639],0,5,"[0.23231087327800656, 0.30304944505444303]",1567,7
26658,[0.77435824 0.77386198],1,4,"[0.7726811996944247, 0.7249303226766757]",410,0
26659,[0.3166649  0.35411558],0,-1,-1,1633,-1
26660,[0.63306661 0.51647264],5,3,"[0.6815204869410737, 0.47689852788858716]",-1,-1
26661,[0.32698932 0.37340416],2,-1,-1,1391,-1
26662,[0.62670631 0.68751422],9,2,"[0.5921204552873188, 0.6383928111301557]",-1,-1
26663,[0.63020123 0.36212851],8,-1,-1,25,-1
26664,[0.23775325 0.2377348 ],0,5,"[0.23231087327800656, 0.30304944505444303]",1314,-1
26665,[0.22282507 0.19433696],0,-1,-1,375,-1
26666,[0.49288362 0.65348578],8,-1,-1,-1,-1
26667,[0.33944025 0.37194459],6,1,"[0.3897435781344088, 0.3417040596068965]",-1,-1
26668,[0.30408382 0.52325483],4,7,"[0.2817018170798153, 0.5849768676672948]",-1,-1
26669,[0.14464934 0.30942464],0,-1,-1,-1,-1
26670,[0.31210075 0.50086052],4,8,"[0.27392971195344684, 0.45973140540928376]",-1,-1
26671,[0.3307302  0.58890393],7,7,"[0.2817018170798153, 0.5849768676672948]",1941,-1
26672,[0.42686345 0.60702358],4,0,"[0.383291892093257, 0.5586820702346661]",-1,-1
26673,[0.37232703 0.43208248],6,-1,-1,683,-1
26674,[0.62813327 0.54911487],9,-1,-1,1100,-1
26675,[0.79488865 0.74745264],1,4,"[0.7726811996944247, 0.7249303226766757]",-1,0
26676,[0.64218119 0.4325668 ],8,3,"[0.6815204869410737, 0.47689852788858716]",731,-1
26677,[0.55959573 0.45818547],5,-1,-1,-1,-1
26678,[0.60937855 0.66002699],5,2,"[0.5921204552873188, 0.6383928111301557]",-1,-1
26679,[0.22084703 0.27841401],0,5,"[0.23231087327800656, 0.30304944505444303]",-1,-1
26680,[0.19692145 0.2522317 ],0,5,"[0.23231087327800656, 0.30304944505444303]",-1,-1
26681,[0.57650725 0.57010248],5,-1,-1,1447,-1
26682,[0.21442308 0.23637411],0,5,"[0.23231087327800656, 0.30304944505444303]",-1,-1
26683,[0.34956296 0.28279077],6,9,"[0.3110394802231661, 0.23517199738277297]",-1,-1
26684,[0.44956692 0.45076752],6,-1,-1,270,-1
26685,[0.73304184 0.50535083],8,3,"[0.6815204869410737, 0.47689852788858716]",-1,-1
26686,[0.28222828 0.16303176],0,-1,-1,121,-1
26687,[0.59370005 0.45200539],8,-1,-1,-1,-1
26688,[0.33948919 0.21821891],0,9,"[0.3110394802231661, 0.23517199738277297]",-1,-1
26689,[0.44622303 0.63982785],5,-1,-1,534,-1
26690,[0.55031048 0.72214825],9,-1,-1,245,-1
26691,[0.65927875 0.72265039],1,-1,-1,-1,-1
26692,[0.32837113 0.31167936],6,1,"[0.3897435781344088, 0.3417040596068965]",1679,-1
26693,[0.2780283  0.37346434],2,-1,-1,-1,-1
26694,[0.31021467 0.52248525],7,7,"[0.2817018170798153, 0.5849768676672948]",1919,-1
26695,[0.51033929 0.6630143 ],9,-1,-1,-1,-1
26696,[0.70179683 0.5759602 ],9,-1,-1,235,-1
26697,[0.32191823 0.49910039],4,8,"[0.27392971195344684, 0.45973140540928376]",1809,-1
26698,[0.47865592 0.78224804],9,-1,-1,-1,-1
26699,[0.59150912 0.68216777],9,2,"[0.5921204552873188, 0.6383928111301557]",710,-1
26700,[0.64357704 0.5904747 ],5,-1,-1,1178,-1
26701,[0.34438652 0.38017756],6,1,"[0.3897435781344088, 0.3417040596068965]",995,-1
26702,[0.44848324 0.61576444],7,-1,-1,707,-1
26703,[0.27905111 0.54183082],3,7,"[0.2817018170798153, 0.5849768676672948]",-1,-1
26704,[0.18847108 0.25050704],0,5,"[0.23231087327800656, 0.30304944505444303]",676,-1
26705,[0.78327761 0.50589736],8,-1,-1,-1,-1
26706,[0.16583195 0.36967837],2,-1,-1,145,-1
26707,[0.39676941 0.30284621],0,1,"[0.3897435781344088, 0.3417040596068965]",1396,-1
26708,[0.50112118 0.49051606],5,6,"[0.5164739970238864, 0.5319253761973344]",605,-1
26709,[0.66663425 0.52382081],8,3,"[0.6815204869410737, 0.47689852788858716]",-1,-1
26710,[0.32663097 0.59620315],4,7,"[0.2817018170798153, 0.5849768676672948]",-1,-1
26711,[0.3356539  0.31340361],6,1,"[0.3897435781344088, 0.3417040596068965]",1683,-1
26712,[0.36821033 0.54557568],3,0,"[0.383291892093257, 0.5586820702346661]",-1,-1
26713,[0.37725004 0.50517573],4,0,"[0.383291892093257, 0.5586820702346661]",1765,-1
26714,[0.4542073  0.30256512],6,-1,-1,472,-1
26715,[0.67362912 0.39143335],8,-1,-1,241,-1
26716,[0.54398239 0.57934965],9,6,"[0.5164739970238864, 0.5319253761973344]",-1,6
26717,[0.4151669  0.25766749],6,-1,-1,610,-1
26718,[0.60888123 0.47486186],8,-1,-1,622,-1
26719,[0.63335775 0.58862039],9,2,"[0.5921204552873188, 0.6383928111301557]",-1,-1
26720,[0.39865143 0.50777256],5,0,"[0.383291892093257, 0.5586820702346661]",-1,-1
26721,[0.67390794 0.50804628],8,3,"[0.6815204869410737, 0.47689852788858716]",-1,2
26722,[0.3327349  0.24489187],0,9,"[0.3110394802231661, 0.23517199738277297]",-1,-1
26723,[0.61099742 0.45501601],8,-1,-1,621,-1
26724,[0.78793394 0.64751809],1,-1,-1,329,0
26725,[0.35656652 0.57186766],4,0,"[0.383291892093257, 0.5586820702346661]",-1,-1
26726,[0.06317865 0.29953602],0,-1,-1,-1,-1
26727,[0.28447224 0.54709442],4,7,"[0.2817018170798153, 0.5849768676672948]",-1,-1
26728,[0.63243562 0.60306476],9,2,"[0.5921204552873188, 0.6383928111301557]",1207,-1
26729,[0.70326    0.66136674],8,-1,-1,414,0
26730,[0.24908887 0.56624454],4,7,"[0.2817018170798153, 0.5849768676672948]",1515,-1
26731,[0.56999455 0.55876319],9,6,"[0.5164739970238864, 0.5319253761973344]",1362,-1
26732,[0.43275712 0.38816898],6,1,"[0.3897435781344088, 0.3417040596068965]",742,-1
26733,[0.61488397 0.52650267],8,-1,-1,-1,-1
26734,[0.82758392 0.70797841],1,4,"[0.7726811996944247, 0.7249303226766757]",-1,0
26735,[0.19303868 0.54253031],7,-1,-1,323,-1
26736,[0.29232055 0.4608823 ],7,8,"[0.27392971195344684, 0.45973140540928376]",-1,-1
26737,[0.38419766 0.48731361],3,-1,-1,1042,-1
26738,[0.27118335 0.62988221],4,7,"[0.2817018170798153, 0.5849768676672948]",394,-1
26739,[0.33412865 0.58074559],4,7,"[0.2817018170798153, 0.5849768676672948]",1980,-1
26740,[0.62729087 0.69717362],9,2,"[0.5921204552873188, 0.6383928111301557]",-1,-1
26741,[0.27299551 0.38364072],2,-1,-1,-1,-1
26742,[0.4017083  0.55953458],4,0,"[0.383291892093257, 0.5586820702346661]",1749,-1
26743,[0.32326326 0.60920727],4,7,"[0.2817018170798153, 0.5849768676672948]",-1,-1
26744,[0.67868434 0.45875673],8,3,"[0.6815204869410737, 0.47689852788858716]",735,-1
26745,[0.46163106 0.25648925],6,-1,-1,-1,-1
26746,[0.37089993 0.58660628],4,0,"[0.383291892093257, 0.5586820702346661]",1846,12
26747,[0.40866908 0.47151894],3,-1,-1,-1,-1
26748,[0.36306839 0.37667655],2,1,"[0.3897435781344088, 0.3417040596068965]",1009,-1
26749,[0.30036933 0.60821662],4,7,"[0.2817018170798153, 0.5849768676672948]",1268,-1
26750,[0.49284388 0.26946168],6,-1,-1,-1,-1
26751,[0.5031887  0.70955336],9,-1,-1,-1,-1
26752,[0.35313349 0.46443003],3,-1,-1,-1,-1
26753,[0.31984804 0.35163931],2,-1,-1,1485,-1
26754,[0.32394848 0.22336857],0,9,"[0.3110394802231661, 0.23517199738277297]",968,-1
26755,[0.55213648 0.6257271 ],9,2,"[0.5921204552873188, 0.6383928111301557]",-1,-1
26756,[0.70806675 0.73037444],1,4,"[0.7726811996944247, 0.7249303226766757]",384,0
26757,[0.61846458 0.82681184],1,-1,-1,-1,-1
26758,[0.60607945 0.36552034],8,-1,-1,-1,-1
26759,[0.47923921 0.39221461],6,-1,-1,-1,-1
26760,[0.50927065 0.59377711],3,6,"[0.5164739970238864, 0.5319253761973344]",-1,-1
26761,[0.43905176 0.21266712],6,-1,-1,73,-1
26762,[0.28242456 0.37758006],7,-1,-1,-1,-1
26763,[0.58219187 0.64827406],9,2,"[0.5921204552873188, 0.6383928111301557]",1189,-1
26764,[0.30759733 0.3453381 ],0,-1,-1,-1,8
26765,[0.32849476 0.72759191],3,-1,-1,-1,-1
26766,[0.2742229  0.43519845],7,8,"[0.27392971195344684, 0.45973140540928376]",-1,-1
26767,[0.56248408 0.65421466],9,2,"[0.5921204552873188, 0.6383928111301557]",1045,-1
26768,[0.23915197 0.17933439],0,-1,-1,175,-1
26769,[0.3266342  0.25132148],0,9,"[0.3110394802231661, 0.23517199738277297]",1489,-1
26770,[0.65338049 0.749034  ],1,-1,-1,-1,-1
26771,[0.43284151 0.1998701 ],6,-1,-1,-1,-1
26772,[0.91194958 0.73720805],1,-1,-1,5,-1
26773,[0.44033817 0.55320008],5,0,"[0.383291892093257, 0.5586820702346661]",1294,-1
26774,[0.62335431 0.68039077],9,2,"[0.5921204552873188, 0.6383928111301557]",660,-1
26775,[0.32581317 0.36036768],2,1,"[0.3897435781344088, 0.3417040596068965]",-1,-1
26776,[0.3216039  0.21638144],0,9,"[0.3110394802231661, 0.23517199738277297]",-1,-1
26777,[0.64044951 0.51126172],9,3,"[0.6815204869410737, 0.47689852788858716]",866,1
26778,[0.70250889 0.39247938],8,-1,-1,217,-1
26779,[0.37349929 0.6047771 ],3,0,"[0.383291892093257, 0.5586820702346661]",1755,-1
26780,[0.27909416 0.49707457],7,8,"[0.27392971195344684, 0.45973140540928376]",1795,-1
26781,[0.41006406 0.55480942],3,0,"[0.383291892093257, 0.5586820702346661]",1734,-1
26782,[0.85911469 0.68438985],1,-1,-1,-1,0
26783,[0.20880408 0.22841582],0,-1,-1,-1,-1
26784,[0.54546247 0.66022897],9,2,"[0.5921204552873188, 0.6383928111301557]",1029,-1
26785,[0.21712588 0.57738869],4,7,"[0.2817018170798153, 0.5849768676672948]",380,-1
26786,[0.30894158 0.53778017],3,7,"[0.2817018170798153, 0.5849768676672948]",-1,-1
26787,[0.66942898 0.58911438],5,-1,-1,-1,-1
26788,[0.20924049 0.33071347],7,5,"[0.23231087327800656, 0.30304944505444303]",-1,-1
26789,[0.58045723 0.57011341],9,2,"[0.5921204552873188, 0.6383928111301557]",1447,-1
26790,[0.39594101 0.50358649],7,0,"[0.383291892093257, 0.5586820702346661]",-1,-1
26791,[0.6480246 0.5150881],8,3,"[0.6815204869410737, 0.47689852788858716]",-1,-1
26792,[0.47363519 0.62088028],5,-1,-1,-1,-1
26793,[0.26268785 0.34974362],2,5,"[0.23231087327800656, 0.30304944505444303]",1586,-1
26794,[0.23780168 0.61654051],3,7,"[0.2817018170798153, 0.5849768676672948]",-1,-1
26795,[0.43157344 0.66627789],3,-1,-1,138,-1
26796,[0.29240387 0.45341474],7,8,"[0.27392971195344684, 0.45973140540928376]",-1,-1
26797,[0.48304475 0.70997734],9,-1,-1,129,-1
26798,[0.40258457 0.44442001],4,-1,-1,-1,-1
26799,[0.35484712 0.59533914],3,0,"[0.383291892093257, 0.5586820702346661]",1828,-1
26800,[0.39051624 0.57925665],3,0,"[0.383291892093257, 0.5586820702346661]",1701,-1
26801,[0.18044874 0.38534351],2,-1,-1,133,-1
26802,[0.83948103 0.77297795],1,-1,-1,258,0
26803,[0.65887244 0.61313751],8,-1,-1,-1,-1
26804,[0.42324993 0.56265163],3,0,"[0.383291892093257, 0.5586820702346661]",1224,-1
26805,[0.69499974 0.69289892],1,-1,-1,-1,0
26806,[0.66191001 0.56600204],5,-1,-1,892,-1
26807,[0.24348055 0.2673042 ],0,5,"[0.23231087327800656, 0.30304944505444303]",-1,-1
26808,[0.3807558  0.48175668],3,-1,-1,-1,-1
26809,[0.21031024 0.38457016],0,-1,-1,-1,-1
26810,[0.1688474  0.35021096],0,-1,-1,-1,-1
26811,[0.53341935 0.49327824],9,6,"[0.5164739970238864, 0.5319253761973344]",1096,-1
26812,[0.22000578 0.56630792],7,7,"[0.2817018170798153, 0.5849768676672948]",690,-1
26813,[0.75332297 0.57779293],8,-1,-1,-1,-1
26814,[0.38993085 0.60480889],4,0,"[0.383291892093257, 0.5586820702346661]",1744,-1
26815,[0.20316197 0.28797395],0,5,"[0.23231087327800656, 0.30304944505444303]",-1,-1
26816,[0.50415343 0.57033587],5,6,"[0.5164739970238864, 0.5319253761973344]",1380,-1
26817,[0.37582903 0.30014014],6,1,"[0.3897435781344088, 0.3417040596068965]",1454,-1
26818,[0.8389757  0.67507746],1,-1,-1,307,0
26819,[0.25168356 0.29317282],0,5,"[0.23231087327800656, 0.30304944505444303]",-1,-1
26820,[0.41187038 0.62200968],3,0,"[0.383291892093257, 0.5586820702346661]",-1,-1
26821,[0.66707306 0.4866209 ],8,3,"[0.6815204869410737, 0.47689852788858716]",-1,1
26822,[0.42838766 0.52430587],7,0,"[0.383291892093257, 0.5586820702346661]",1430,-1
26823,[0.37066869 0.22592383],6,9,"[0.3110394802231661, 0.23517199738277297]",484,-1
26824,[0.2279084  0.26223358],0,5,"[0.23231087327800656, 0.30304944505444303]",-1,-1
26825,[0.35914158 0.62985125],3,-1,-1,1304,-1
26826,[0.361551   0.56820935],4,0,"[0.383291892093257, 0.5586820702346661]",-1,-1
26827,[0.37065546 0.25752488],2,9,"[0.3110394802231661, 0.23517199738277297]",-1,-1
26828,[0.26259388 0.36146509],2,5,"[0.23231087327800656, 0.30304944505444303]",1416,-1
26829,[0.40139513 0.60461941],3,0,"[0.383291892093257, 0.5586820702346661]",1724,-1
26830,[0.27738052 0.30003838],0,5,"[0.23231087327800656, 0.30304944505444303]",1581,-1
26831,[0.28006142 0.56137366],7,7,"[0.2817018170798153, 0.5849768676672948]",1879,13
26832,[0.38167086 0.28105203],6,1,"[0.3897435781344088, 0.3417040596068965]",1027,-1
26833,[0.38683994 0.50973496],3,0,"[0.383291892093257, 0.5586820702346661]",-1,-1
26834,[0.57867124 0.45941037],8,-1,-1,-1,-1
26835,[0.37773932 0.50410342],4,0,"[0.383291892093257, 0.5586820702346661]",1765,-1
26836,[0.48194465 0.60006624],5,-1,-1,1153,-1
26837,[0.28097544 0.16489883],0,-1,-1,121,-1
26838,[0.32943979 0.48473906],6,8,"[0.27392971195344684, 0.45973140540928376]",1831,-1
26839,[0.56042037 0.5231366 ],5,6,"[0.5164739970238864, 0.5319253761973344]",-1,-1
26840,[0.27252638 0.28557199],6,5,"[0.23231087327800656, 0.30304944505444303]",-1,-1
26841,[0.57235604 0.59505744],5,2,"[0.5921204552873188, 0.6383928111301557]",1442,6
26842,[0.80298499 0.77036205],1,4,"[0.7726811996944247, 0.7249303226766757]",428,0
26843,[0.59550943 0.65609534],9,2,"[0.5921204552873188, 0.6383928111301557]",1125,-1
26844,[0.45819585 0.55697765],5,6,"[0.5164739970238864, 0.5319253761973344]",1271,-1
26845,[0.38066399 0.53730834],3,0,"[0.383291892093257, 0.5586820702346661]",1813,-1
26846,[0.57119337 0.63777395],9,2,"[0.5921204552873188, 0.6383928111301557]",-1,6
26847,[0.84471624 0.66643431],1,-1,-1,-1,0
26848,[0.58153657 0.65760162],9,2,"[0.5921204552873188, 0.6383928111301557]",1124,-1
26849,[0.30578543 0.57508926],7,7,"[0.2817018170798153, 0.5849768676672948]",-1,-1
26850,[0.25513819 0.501105  ],7,8,"[0.27392971195344684, 0.45973140540928376]",-1,-1
26851,[0.31690479 0.46643197],7,8,"[0.27392971195344684, 0.45973140540928376]",-1,-1
26852,[0.16277601 0.37031706],2,-1,-1,145,-1
26853,[0.57573463 0.69759475],9,2,"[0.5921204552873188, 0.6383928111301557]",-1,-1
26854,[0.45499708 0.44946775],5,-1,-1,270,-1
26855,[0.60951132 0.67521077],9,2,"[0.5921204552873188, 0.6383928111301557]",-1,-1
26856,[0.76608311 0.72503286],1,4,"[0.7726811996944247, 0.7249303226766757]",469,0
26857,[0.22802385 0.2426505 ],2,5,"[0.23231087327800656, 0.30304944505444303]",946,-1
26858,[0.49844619 0.6620925 ],5,-1,-1,712,-1
26859,[0.81336162 0.83781455],1,-1,-1,38,-1
26860,[0.69944804 0.66500388],9,-1,-1,-1,0
26861,[0.38852922 0.4448644 ],7,-1,-1,567,-1
26862,[0.16591487 0.41774989],2,-1,-1,-1,-1
26863,[0.42776433 0.60264153],4,0,"[0.383291892093257, 0.5586820702346661]",1574,-1
26864,[0.44911364 0.51832564],5,6,"[0.5164739970238864, 0.5319253761973344]",-1,-1
26865,[0.37161095 0.6347162 ],3,-1,-1,784,-1
26866,[0.27701885 0.51911567],7,8,"[0.27392971195344684, 0.45973140540928376]",1887,14
26867,[0.6521225  0.44640406],8,3,"[0.6815204869410737, 0.47689852788858716]",-1,-1
26868,[0.25012341 0.26032365],0,5,"[0.23231087327800656, 0.30304944505444303]",1310,-1
26869,[0.35951923 0.56914121],7,0,"[0.383291892093257, 0.5586820702346661]",-1,-1
26870,[0.35993963 0.42582871],6,-1,-1,883,-1
26871,[0.41317013 0.25409074],6,-1,-1,610,-1
26872,[0.57412321 0.344412  ],6,-1,-1,-1,-1
26873,[0.47935383 0.57767371],5,6,"[0.5164739970238864, 0.5319253761973344]",-1,-1
26874,[0.51227155 0.21312016],6,-1,-1,-1,-1
26875,[0.34341416 0.4873263 ],4,-1,-1,-1,-1
26876,[0.62987619 0.60449948],9,2,"[0.5921204552873188, 0.6383928111301557]",-1,-1
26877,[0.37088832 0.55017495],3,0,"[0.383291892093257, 0.5586820702346661]",1804,-1
26878,[0.23573188 0.45359701],7,8,"[0.27392971195344684, 0.45973140540928376]",-1,-1
26879,[0.84869052 0.7766429 ],1,-1,-1,-1,0
26880,[0.25066021 0.4881671 ],4,8,"[0.27392971195344684, 0.45973140540928376]",-1,-1
26881,[0.24869703 0.48445288],7,8,"[0.27392971195344684, 0.45973140540928376]",1710,-1
26882,[0.63483263 0.5391709 ],5,-1,-1,1117,-1
26883,[0.30861946 0.3655638 ],6,-1,-1,1483,-1
26884,[0.76737422 0.39646326],8,-1,-1,-1,-1
26885,[0.29782291 0.1750887 ],0,9,"[0.3110394802231661, 0.23517199738277297]",-1,-1
26886,[0.28006944 0.49981548],7,8,"[0.27392971195344684, 0.45973140540928376]",-1,-1
26887,[0.45511014 0.59779655],3,-1,-1,-1,4
26888,[0.27625525 0.60375019],4,7,"[0.2817018170798153, 0.5849768676672948]",1032,-1
26889,[0.3237545  0.34171033],2,1,"[0.3897435781344088, 0.3417040596068965]",-1,-1
26890,[0.64600416 0.67798716],8,2,"[0.5921204552873188, 0.6383928111301557]",-1,-1
26891,[0.30308818 0.29164392],6,9,"[0.3110394802231661, 0.23517199738277297]",1685,11
26892,[0.37752081 0.38990103],6,1,"[0.3897435781344088, 0.3417040596068965]",-1,-1
26893,[0.15539646 0.49603341],7,-1,-1,-1,-1
26894,[0.21133734 0.21806087],0,-1,-1,708,-1
26895,[0.32741374 0.21381021],0,9,"[0.3110394802231661, 0.23517199738277297]",888,-1
26896,[0.73369132 0.4888382 ],8,3,"[0.6815204869410737, 0.47689852788858716]",-1,-1
26897,[0.38985614 0.51098031],4,0,"[0.383291892093257, 0.5586820702346661]",1781,-1
26898,[0.90795679 0.66298808],1,-1,-1,-1,-1
26899,[0.41621653 0.30971335],6,1,"[0.3897435781344088, 0.3417040596068965]",977,-1
26900,[0.20183157 0.24372555],0,5,"[0.23231087327800656, 0.30304944505444303]",-1,-1
26901,[0.3220885  0.38564847],6,-1,-1,-1,-1
26902,[0.15563003 0.54168988],7,-1,-1,53,-1
26903,[0.16820654 0.49859815],7,-1,-1,-1,-1
26904,[0.71015797 0.48969581],8,3,"[0.6815204869410737, 0.47689852788858716]",815,-1
26905,[0.32781064 0.46834125],7,8,"[0.27392971195344684, 0.45973140540928376]",1523,-1
26906,[0.34752222 0.33156106],6,1,"[0.3897435781344088, 0.3417040596068965]",1414,-1
26907,[0.17878349 0.25802518],0,5,"[0.23231087327800656, 0.30304944505444303]",505,-1
26908,[0.36624493 0.43549576],7,-1,-1,879,-1
26909,[0.2490247  0.20557558],2,9,"[0.3110394802231661, 0.23517199738277297]",-1,-1
26910,[0.39083115 0.58350712],3,0,"[0.383291892093257, 0.5586820702346661]",1701,-1
26911,[0.31937658 0.26295962],6,9,"[0.3110394802231661, 0.23517199738277297]",-1,-1
26912,[0.61797418 0.51627035],9,-1,-1,862,-1
26913,[0.73030157 0.46392384],8,3,"[0.6815204869410737, 0.47689852788858716]",778,-1
26914,[0.43443269 0.4751472 ],5,-1,-1,767,-1
26915,[0.47112295 0.63973432],9,-1,-1,491,-1
26916,[0.21589736 0.44102938],2,8,"[0.27392971195344684, 0.45973140540928376]",266,-1
26917,[0.66463066 0.59046029],9,-1,-1,-1,-1
26918,[0.65472403 0.43544661],8,3,"[0.6815204869410737, 0.47689852788858716]",-1,-1
26919,[0.29564235 0.32744778],2,5,"[0.23231087327800656, 0.30304944505444303]",-1,-1
26920,[0.36910403 0.56322429],4,0,"[0.383291892093257, 0.5586820702346661]",1856,12
26921,[0.48701006 0.28211582],6,-1,-1,272,-1
26922,[0.3649986  0.52583047],3,0,"[0.383291892093257, 0.5586820702346661]",1934,-1
26923,[0.64892111 0.43168369],8,3,"[0.6815204869410737, 0.47689852788858716]",783,-1
26924,[0.33659609 0.30500348],6,1,"[0.3897435781344088, 0.3417040596068965]",1680,-1
26925,[0.31731765 0.57008904],3,7,"[0.2817018170798153, 0.5849768676672948]",1973,-1
26926,[0.38168254 0.38426535],2,1,"[0.3897435781344088, 0.3417040596068965]",1006,-1
26927,[0.39209839 0.31203181],6,1,"[0.3897435781344088, 0.3417040596068965]",1050,-1
26928,[0.84569534 0.79026732],1,-1,-1,-1,-1
26929,[0.48161755 0.56917151],3,6,"[0.5164739970238864, 0.5319253761973344]",-1,-1
26930,[0.59575672 0.52116407],8,-1,-1,1102,-1
26931,[0.78660969 0.39385237],8,-1,-1,-1,-1
26932,[0.2623746  0.30558791],2,5,"[0.23231087327800656, 0.30304944505444303]",-1,-1
26933,[0.91699593 0.69834028],1,-1,-1,-1,-1
26934,[0.49288524 0.50513202],9,6,"[0.5164739970238864, 0.5319253761973344]",803,-1
26935,[0.33873913 0.55616022],7,0,"[0.383291892093257, 0.5586820702346661]",-1,17
26936,[0.28362542 0.4052009 ],7,8,"[0.27392971195344684, 0.45973140540928376]",748,-1
26937,[0.41001282 0.31797898],6,1,"[0.3897435781344088, 0.3417040596068965]",-1,-1
26938,[0.19649396 0.41443584],2,-1,-1,-1,-1
26939,[0.25892718 0.22479503],0,9,"[0.3110394802231661, 0.23517199738277297]",988,-1
26940,[0.47639924 0.58433127],9,6,"[0.5164739970238864, 0.5319253761973344]",1226,-1
26941,[0.83959917 0.63627978],1,-1,-1,107,-1
26942,[0.37991854 0.50994643],4,0,"[0.383291892093257, 0.5586820702346661]",-1,-1
26943,[0.51916499 0.53164263],9,6,"[0.5164739970238864, 0.5319253761973344]",1177,3
26944,[0.42900179 0.34118217],6,1,"[0.3897435781344088, 0.3417040596068965]",-1,-1
26945,[0.3920051  0.60367551],3,0,"[0.383291892093257, 0.5586820702346661]",-1,-1
26946,[0.64529163 0.46196003],5,3,"[0.6815204869410737, 0.47689852788858716]",812,-1
26947,[0.3357508  0.51524403],4,0,"[0.383291892093257, 0.5586820702346661]",-1,-1
26948,[0.30670628 0.57999525],4,7,"[0.2817018170798153, 0.5849768676672948]",1966,-1
26949,[0.32414626 0.6776228 ],3,-1,-1,156,-1
26950,[0.25694762 0.27097047],0,5,"[0.23231087327800656, 0.30304944505444303]",1548,-1
26951,[0.38604956 0.29175061],6,1,"[0.3897435781344088, 0.3417040596068965]",-1,-1
26952,[0.66585903 0.48111313],8,3,"[0.6815204869410737, 0.47689852788858716]",829,-1
26953,[0.17484248 0.55269961],7,-1,-1,96,-1
26954,[0.63502326 0.55067098],8,-1,-1,1104,-1
26955,[0.33367555 0.62202427],3,7,"[0.2817018170798153, 0.5849768676672948]",-1,-1
26956,[0.64122781 0.46114864],8,3,"[0.6815204869410737, 0.47689852788858716]",-1,-1
26957,[0.43844198 0.53133044],5,0,"[0.383291892093257, 0.5586820702346661]",1135,-1
26958,[0.31225825 0.57029177],7,7,"[0.2817018170798153, 0.5849768676672948]",1925,-1
26959,[0.34978227 0.62350423],4,-1,-1,-1,-1
26960,[0.19922758 0.38360444],2,-1,-1,-1,-1
26961,[0.39877946 0.23717063],0,-1,-1,657,-1
26962,[0.59112598 0.74780181],9,-1,-1,123,-1
26963,[0.24328978 0.38535285],2,-1,-1,912,-1
26964,[0.66807966 0.42900392],8,3,"[0.6815204869410737, 0.47689852788858716]",612,-1
26965,[0.8034725  0.75780107],1,4,"[0.7726811996944247, 0.7249303226766757]",-1,0
26966,[0.48582016 0.47980202],5,6,"[0.5164739970238864, 0.5319253761973344]",-1,-1
26967,[0.13243478 0.53095005],7,-1,-1,-1,-1
26968,[0.23786958 0.31569688],2,5,"[0.23231087327800656, 0.30304944505444303]",-1,-1
26969,[0.53587469 0.54096969],5,6,"[0.5164739970238864, 0.5319253761973344]",-1,-1
26970,[0.29199688 0.24528708],0,9,"[0.3110394802231661, 0.23517199738277297]",1465,-1
26971,[0.6518902  0.49617077],8,3,"[0.6815204869410737, 0.47689852788858716]",-1,-1
26972,[0.26499003 0.33797694],0,5,"[0.23231087327800656, 0.30304944505444303]",1538,-1
26973,[0.56482471 0.47469548],8,-1,-1,-1,-1
26974,[0.52654058 0.31664756],6,-1,-1,-1,-1
26975,[0.34011439 0.36148601],2,1,"[0.3897435781344088, 0.3417040596068965]",-1,-1
26976,[0.66387947 0.48726416],8,3,"[0.6815204869410737, 0.47689852788858716]",-1,1
26977,[0.68839973 0.46280736],8,3,"[0.6815204869410737, 0.47689852788858716]",-1,-1
26978,[0.36141702 0.47977848],4,-1,-1,-1,-1
26979,[0.78423934 0.73047134],1,4,"[0.7726811996944247, 0.7249303226766757]",-1,0
26980,[0.93751117 0.79363155],1,-1,-1,-1,-1
26981,[0.33240048 0.59106486],4,7,"[0.2817018170798153, 0.5849768676672948]",1942,-1
26982,[0.54226552 0.51897718],5,6,"[0.5164739970238864, 0.5319253761973344]",-1,-1
26983,[0.27012785 0.44220464],7,8,"[0.27392971195344684, 0.45973140540928376]",1251,-1
26984,[0.34720371 0.14603073],0,-1,-1,-1,-1
26985,[0.49175122 0.59198929],5,6,"[0.5164739970238864, 0.5319253761973344]",752,-1
26986,[0.76468369 0.7874387 ],1,4,"[0.7726811996944247, 0.7249303226766757]",369,0
26987,[0.40208644 0.6562492 ],3,-1,-1,-1,-1
26988,[0.63299194 0.57468557],9,-1,-1,1195,-1
26989,[0.29156446 0.62341552],4,7,"[0.2817018170798153, 0.5849768676672948]",1040,-1
26990,[0.65717013 0.40783174],8,-1,-1,-1,-1
26991,[0.3438848  0.45945042],3,8,"[0.27392971195344684, 0.45973140540928376]",1387,-1
26992,[0.50858612 0.58530037],5,6,"[0.5164739970238864, 0.5319253761973344]",1377,-1
26993,[0.23682347 0.39743663],2,-1,-1,-1,-1
26994,[0.28343836 0.30253939],2,5,"[0.23231087327800656, 0.30304944505444303]",1578,-1
26995,[0.34972239 0.54302228],7,0,"[0.383291892093257, 0.5586820702346661]",-1,16
26996,[0.30506514 0.5044574 ],7,8,"[0.27392971195344684, 0.45973140540928376]",1858,-1
26997,[0.74756967 0.65438072],1,-1,-1,336,0
26998,[0.71105627 0.7171051 ],1,4,"[0.7726811996944247, 0.7249303226766757]",384,0
26999,[0.62953974 0.40232489],5,-1,-1,265,-1
27000,[0.26303764 0.37625679],2,-1,-1,1221,-1
27001,[0.55895594 0.49455147],8,6,"[0.5164739970238864, 0.5319253761973344]",845,-1
27002,[0.57449439 0.60395119],9,2,"[0.5921204552873188, 0.6383928111301557]",1415,6
27003,[0.5737536  0.48065453],5,-1,-1,772,-1
27004,[0.56180649 0.63389729],9,2,"[0.5921204552873188, 0.6383928111301557]",1278,6
27005,[0.41076591 0.56991017],5,0,"[0.383291892093257, 0.5586820702346661]",1738,-1
27006,[0.39565823 0.52459178],4,0,"[0.383291892093257, 0.5586820702346661]",-1,-1
27007,[0.28922627 0.52181999],4,7,"[0.2817018170798153, 0.5849768676672948]",1910,14
27008,[0.30001429 0.49816355],3,8,"[0.27392971195344684, 0.45973140540928376]",-1,-1
27009,[0.57059714 0.49731918],8,6,"[0.5164739970238864, 0.5319253761973344]",-1,-1
27010,[0.34993714 0.26480861],2,9,"[0.3110394802231661, 0.23517199738277297]",951,-1
27011,[0.73374525 0.66290727],1,-1,-1,356,0
27012,[0.68526425 0.45147035],8,3,"[0.6815204869410737, 0.47689852788858716]",735,-1
27013,[0.31859445 0.56582691],7,7,"[0.2817018170798153, 0.5849768676672948]",-1,-1
27014,[0.29606837 0.2471504 ],0,9,"[0.3110394802231661, 0.23517199738277297]",-1,-1
27015,[0.39118535 0.60851716],3,0,"[0.383291892093257, 0.5586820702346661]",-1,-1
27016,[0.43303193 0.22015114],6,-1,-1,73,-1
27017,[0.31598492 0.52985425],7,7,"[0.2817018170798153, 0.5849768676672948]",1841,-1
27018,[0.3811525  0.58540499],4,0,"[0.383291892093257, 0.5586820702346661]",-1,-1
27019,[0.27310715 0.30066802],2,5,"[0.23231087327800656, 0.30304944505444303]",1657,-1
27020,[0.21433196 0.23591814],0,5,"[0.23231087327800656, 0.30304944505444303]",-1,-1
27021,[0.76346338 0.74194928],1,4,"[0.7726811996944247, 0.7249303226766757]",-1,0
27022,[0.331418  0.4653626],4,8,"[0.27392971195344684, 0.45973140540928376]",-1,-1
27023,[0.79717232 0.39815357],8,-1,-1,-1,-1
27024,[0.31045908 0.28139268],0,9,"[0.3110394802231661, 0.23517199738277297]",1614,-1
27025,[0.56680068 0.61404762],5,2,"[0.5921204552873188, 0.6383928111301557]",1412,-1
27026,[0.82798979 0.62491926],1,-1,-1,62,-1
27027,[0.44391357 0.32951072],6,1,"[0.3897435781344088, 0.3417040596068965]",-1,-1
27028,[0.19450952 0.24965822],2,5,"[0.23231087327800656, 0.30304944505444303]",676,-1
27029,[0.26862447 0.38945185],0,-1,-1,1019,-1
27030,[0.20391754 0.20294125],0,-1,-1,227,-1
27031,[0.27184386 0.34745196],0,5,"[0.23231087327800656, 0.30304944505444303]",1592,-1
27032,[0.43120141 0.46698126],5,-1,-1,609,-1
27033,[0.27159339 0.59441323],4,7,"[0.2817018170798153, 0.5849768676672948]",-1,-1
27034,[0.40860486 0.49987632],4,0,"[0.383291892093257, 0.5586820702346661]",1455,-1
27035,[0.36395199 0.5950212 ],4,0,"[0.383291892093257, 0.5586820702346661]",1836,-1
27036,[0.32967748 0.64933443],4,-1,-1,-1,-1
27037,[0.64892001 0.41842112],8,3,"[0.6815204869410737, 0.47689852788858716]",522,-1
27038,[0.78708962 0.53865064],8,-1,-1,-1,-1
27039,[0.38315973 0.64327304],3,-1,-1,-1,-1
27040,[0.47219487 0.53832427],5,6,"[0.5164739970238864, 0.5319253761973344]",962,-1
27041,[0.51665991 0.62620621],5,-1,-1,1143,-1
27042,[0.3045349  0.53006145],4,7,"[0.2817018170798153, 0.5849768676672948]",-1,-1
27043,[0.64007831 0.33593964],8,-1,-1,-1,-1
27044,[0.65780593 0.44326521],8,3,"[0.6815204869410737, 0.47689852788858716]",732,-1
27045,[0.48961464 0.64228304],5,-1,-1,647,-1
27046,[0.34691313 0.35179444],2,1,"[0.3897435781344088, 0.3417040596068965]",-1,-1
27047,[0.66218344 0.47111285],8,3,"[0.6815204869410737, 0.47689852788858716]",-1,-1
27048,[0.29207833 0.42761967],7,8,"[0.27392971195344684, 0.45973140540928376]",1075,-1
27049,[0.36106417 0.51216618],3,0,"[0.383291892093257, 0.5586820702346661]",1899,-1
27050,[0.40344864 0.49034459],3,-1,-1,-1,-1
27051,[0.63994722 0.50327709],8,3,"[0.6815204869410737, 0.47689852788858716]",866,-1
27052,[0.83812539 0.70041155],1,4,"[0.7726811996944247, 0.7249303226766757]",346,0
27053,[0.71809224 0.76538411],1,4,"[0.7726811996944247, 0.7249303226766757]",-1,0
27054,[0.35209454 0.67086826],3,-1,-1,298,-1
27055,[0.52925185 0.52588961],5,6,"[0.5164739970238864, 0.5319253761973344]",1165,-1
27056,[0.6787381  0.56351884],8,-1,-1,-1,-1
27057,[0.28696477 0.44413414],7,8,"[0.27392971195344684, 0.45973140540928376]",1240,-1
27058,[0.89652499 0.75733054],1,-1,-1,-1,-1
27059,[0.33281539 0.56473777],3,0,"[0.383291892093257, 0.5586820702346661]",1975,-1
27060,[0.37285214 0.31443969],6,1,"[0.3897435781344088, 0.3417040596068965]",-1,-1
27061,[0.3005423  0.60049119],4,7,"[0.2817018170798153, 0.5849768676672948]",1662,-1
27062,[0.27424014 0.29446553],0,5,"[0.23231087327800656, 0.30304944505444303]",1654,-1
27063,[0.66862797 0.69138804],1,-1,-1,386,-1
27064,[0.32546981 0.39820042],2,-1,-1,1215,-1
27065,[0.80218991 0.76566705],1,4,"[0.7726811996944247, 0.7249303226766757]",428,0
27066,[0.14547824 0.55593123],3,-1,-1,35,-1
27067,[0.65935505 0.44667316],8,3,"[0.6815204869410737, 0.47689852788858716]",732,-1
27068,[0.32032618 0.36032358],0,-1,-1,1485,-1
27069,[0.61299043 0.55857541],5,-1,-1,-1,-1
27070,[0.65100316 0.4093405 ],8,-1,-1,-1,-1
27071,[0.59075715 0.60056898],5,2,"[0.5921204552873188, 0.6383928111301557]",1428,-1
27072,[0.47561303 0.5541922 ],5,6,"[0.5164739970238864, 0.5319253761973344]",1084,-1
27073,[0.75468406 0.79546143],1,-1,-1,340,0
27074,[0.29723018 0.54378624],4,7,"[0.2817018170798153, 0.5849768676672948]",-1,-1
27075,[0.49539052 0.54705957],4,6,"[0.5164739970238864, 0.5319253761973344]",-1,-1
27076,[0.54936062 0.56772414],5,6,"[0.5164739970238864, 0.5319253761973344]",-1,6
27077,[0.32287895 0.57424647],3,7,"[0.2817018170798153, 0.5849768676672948]",1974,-1
27078,[0.40136031 0.52854619],3,0,"[0.383291892093257, 0.5586820702346661]",1641,-1
27079,[0.70724664 0.56169696],8,-1,-1,563,-1
27080,[0.16327015 0.41788914],2,-1,-1,-1,-1
27081,[0.49165291 0.23858899],6,-1,-1,-1,-1
27082,[0.59405607 0.67679614],9,2,"[0.5921204552873188, 0.6383928111301557]",709,-1
27083,[0.29837132 0.26377634],0,9,"[0.3110394802231661, 0.23517199738277297]",-1,-1
27084,[0.56540724 0.48724368],5,6,"[0.5164739970238864, 0.5319253761973344]",-1,-1
27085,[0.78941319 0.79799927],1,-1,-1,318,0
27086,[0.31214439 0.525922  ],7,7,"[0.2817018170798153, 0.5849768676672948]",-1,15
27087,[0.27505792 0.58917251],4,7,"[0.2817018170798153, 0.5849768676672948]",1572,-1
27088,[0.43337361 0.44968114],6,-1,-1,-1,-1
27089,[0.51031673 0.59578591],9,6,"[0.5164739970238864, 0.5319253761973344]",-1,-1
27090,[0.45015358 0.46922488],4,-1,-1,548,-1
27091,[0.4006888  0.57252893],3,0,"[0.383291892093257, 0.5586820702346661]",-1,-1
27092,[0.35943252 0.5579926 ],4,0,"[0.383291892093257, 0.5586820702346661]",1823,-1
27093,[0.2160232  0.42664221],2,8,"[0.27392971195344684, 0.45973140540928376]",332,-1
27094,[0.71983842 0.47109628],8,3,"[0.6815204869410737, 0.47689852788858716]",780,-1
27095,[0.38381062 0.33580494],0,1,"[0.3897435781344088, 0.3417040596068965]",1476,-1
27096,[0.33704308 0.29083948],6,9,"[0.3110394802231661, 0.23517199738277297]",1651,-1
27097,[0.24199708 0.32018676],0,5,"[0.23231087327800656, 0.30304944505444303]",1494,7
27098,[0.49293687 0.6623248 ],5,-1,-1,-1,-1
27099,[0.61406873 0.5737487 ],9,2,"[0.5921204552873188, 0.6383928111301557]",1273,-1
27100,[0.67431302 0.46154687],8,3,"[0.6815204869410737, 0.47689852788858716]",735,-1
27101,[0.345829   0.70250055],3,-1,-1,-1,-1
27102,[0.43399948 0.31772876],6,1,"[0.3897435781344088, 0.3417040596068965]",577,-1
27103,[0.82111963 0.73852391],1,4,"[0.7726811996944247, 0.7249303226766757]",-1,0
27104,[0.48113727 0.58955245],4,6,"[0.5164739970238864, 0.5319253761973344]",-1,-1
27105,[0.45116864 0.27750497],6,-1,-1,720,-1
27106,[0.52865307 0.29261353],2,-1,-1,3,-1
27107,[0.79258239 0.76727082],1,4,"[0.7726811996944247, 0.7249303226766757]",427,0
27108,[0.62256502 0.72065519],9,-1,-1,212,-1
27109,[0.28418286 0.25563092],0,9,"[0.3110394802231661, 0.23517199738277297]",1606,-1
27110,[0.39118604 0.52999345],7,0,"[0.383291892093257, 0.5586820702346661]",1777,-1
27111,[0.54794889 0.63017475],9,2,"[0.5921204552873188, 0.6383928111301557]",1263,-1
27112,[0.31390088 0.49196929],4,8,"[0.27392971195344684, 0.45973140540928376]",1872,-1
27113,[0.173919   0.37238701],2,-1,-1,145,-1
27114,[0.23215401 0.16639707],0,-1,-1,-1,-1
27115,[0.74424356 0.42076263],8,-1,-1,-1,-1
27116,[0.62436961 0.71149553],9,-1,-1,287,-1
27117,[0.7565435  0.62384931],1,-1,-1,-1,0
27118,[0.46463102 0.40376124],6,-1,-1,207,-1
27119,[0.27884543 0.51856627],7,8,"[0.27392971195344684, 0.45973140540928376]",1887,14
27120,[0.41735058 0.31761585],6,1,"[0.3897435781344088, 0.3417040596068965]",911,-1
27121,[0.32950829 0.60793881],3,7,"[0.2817018170798153, 0.5849768676672948]",1544,-1
27122,[0.382561  0.5462759],3,0,"[0.383291892093257, 0.5586820702346661]",-1,-1
27123,[0.80713057 0.77503372],1,4,"[0.7726811996944247, 0.7249303226766757]",-1,0
27124,[0.3742862  0.44927927],7,-1,-1,964,-1
27125,[0.27920057 0.22432187],6,9,"[0.3110394802231661, 0.23517199738277297]",1334,-1
27126,[0.4503144  0.28372619],6,-1,-1,720,-1
27127,[0.46723211 0.21445372],6,-1,-1,-1,-1
27128,[0.44478758 0.58523433],3,0,"[0.383291892093257, 0.5586820702346661]",1228,4
27129,[0.59756793 0.70677891],9,2,"[0.5921204552873188, 0.6383928111301557]",-1,-1
27130,[0.70436681 0.7842171 ],1,-1,-1,225,0
27131,[0.49346709 0.69163568],5,-1,-1,132,-1
27132,[0.33692782 0.3270254 ],6,1,"[0.3897435781344088, 0.3417040596068965]",1682,-1
27133,[0.20104572 0.19916787],0,-1,-1,227,-1
27134,[0.37765249 0.46061903],3,-1,-1,-1,-1
27135,[0.59656209 0.66786154],9,2,"[0.5921204552873188, 0.6383928111301557]",-1,-1
27136,[0.15980869 0.53791177],7,-1,-1,53,-1
27137,[0.19399379 0.43830144],7,-1,-1,-1,-1
27138,[0.38218969 0.37889269],6,1,"[0.3897435781344088, 0.3417040596068965]",1006,-1
27139,[0.34695882 0.31043686],2,1,"[0.3897435781344088, 0.3417040596068965]",-1,-1
27140,[0.13798445 0.52064207],7,-1,-1,-1,-1
27141,[0.32187344 0.49348717],7,8,"[0.27392971195344684, 0.45973140540928376]",-1,-1
27142,[0.44961817 0.29520002],6,-1,-1,472,-1
27143,[0.53260208 0.45822621],5,-1,-1,556,-1
27144,[0.27145695 0.34608697],0,5,"[0.23231087327800656, 0.30304944505444303]",1592,-1
27145,[0.38481755 0.64953357],4,-1,-1,-1,-1
27146,[0.65005425 0.55854697],9,-1,-1,1108,-1
27147,[0.38454809 0.54642194],3,0,"[0.383291892093257, 0.5586820702346661]",-1,-1
27148,[0.78555462 0.70503525],1,4,"[0.7726811996944247, 0.7249303226766757]",478,0
27149,[0.66363265 0.38936733],8,-1,-1,241,-1
27150,[0.33110455 0.64357046],3,-1,-1,886,-1
27151,[0.23805092 0.5112659 ],7,8,"[0.27392971195344684, 0.45973140540928376]",1552,-1
27152,[0.65859584 0.51311439],8,3,"[0.6815204869410737, 0.47689852788858716]",782,-1
27153,[0.31688965 0.19849606],0,9,"[0.3110394802231661, 0.23517199738277297]",-1,-1
27154,[0.29090698 0.49615993],7,8,"[0.27392971195344684, 0.45973140540928376]",1791,-1
27155,[0.8234645  0.82166774],1,-1,-1,-1,-1
27156,[0.50769155 0.70541752],5,-1,-1,-1,-1
27157,[0.62135194 0.59974952],5,2,"[0.5921204552873188, 0.6383928111301557]",-1,-1
27158,[0.5786038  0.41072005],8,-1,-1,114,-1
27159,[0.33162156 0.57180762],3,7,"[0.2817018170798153, 0.5849768676672948]",-1,-1
27160,[0.27933353 0.5467612 ],4,7,"[0.2817018170798153, 0.5849768676672948]",-1,-1
27161,[0.29654364 0.34977245],2,-1,-1,-1,-1
27162,[0.21959199 0.37525607],7,-1,-1,-1,-1
27163,[0.26421721 0.31322819],0,5,"[0.23231087327800656, 0.30304944505444303]",-1,-1
27164,[0.15821869 0.21010676],0,-1,-1,74,-1
27165,[0.29599253 0.49715511],4,8,"[0.27392971195344684, 0.45973140540928376]",1889,-1
27166,[0.29941065 0.58634242],3,7,"[0.2817018170798153, 0.5849768676672948]",-1,-1
27167,[0.35925553 0.44602352],7,-1,-1,-1,-1
27168,[0.19702519 0.2078891 ],0,-1,-1,227,-1
27169,[0.3911104  0.41899022],7,-1,-1,-1,-1
27170,[0.30745049 0.45316731],4,8,"[0.27392971195344684, 0.45973140540928376]",-1,-1
27171,[0.45869135 0.61763333],4,-1,-1,703,-1
27172,[0.73767435 0.79043263],1,-1,-1,-1,0
27173,[0.41514631 0.58599252],3,0,"[0.383291892093257, 0.5586820702346661]",1716,-1
27174,[0.48325387 0.61385706],5,-1,-1,-1,-1
27175,[0.58866481 0.49935176],8,-1,-1,841,-1
27176,[0.56383707 0.57701877],5,6,"[0.5164739970238864, 0.5319253761973344]",-1,6
27177,[0.27632715 0.53717121],4,7,"[0.2817018170798153, 0.5849768676672948]",1769,-1
27178,[0.26198588 0.26060927],0,5,"[0.23231087327800656, 0.30304944505444303]",1053,-1
27179,[0.25001156 0.50687602],7,8,"[0.27392971195344684, 0.45973140540928376]",1759,-1
27180,[0.28027075 0.63982192],3,7,"[0.2817018170798153, 0.5849768676672948]",-1,-1
27181,[0.30551849 0.4778426 ],3,8,"[0.27392971195344684, 0.45973140540928376]",-1,-1
27182,[0.68997705 0.569173  ],1,-1,-1,235,-1
27183,[0.4005632 0.2752891],6,1,"[0.3897435781344088, 0.3417040596068965]",-1,-1
27184,[0.16362566 0.24178896],0,-1,-1,-1,-1
27185,[0.27111607 0.52851182],7,7,"[0.2817018170798153, 0.5849768676672948]",-1,-1
27186,[0.31268341 0.34275294],2,-1,-1,-1,8
27187,[0.33831632 0.51566883],4,0,"[0.383291892093257, 0.5586820702346661]",1880,-1
27188,[0.64514512 0.65040312],9,2,"[0.5921204552873188, 0.6383928111301557]",645,-1
27189,[0.35316164 0.60170941],4,0,"[0.383291892093257, 0.5586820702346661]",-1,-1
27190,[0.56688997 0.62081644],5,2,"[0.5921204552873188, 0.6383928111301557]",-1,-1
27191,[0.40140312 0.66621294],3,-1,-1,247,-1
27192,[0.54622879 0.68233366],9,2,"[0.5921204552873188, 0.6383928111301557]",-1,-1
27193,[0.51881017 0.67125455],9,-1,-1,449,-1
27194,[0.23383582 0.41085981],7,8,"[0.27392971195344684, 0.45973140540928376]",-1,-1
27195,[0.28451303 0.36402004],2,-1,-1,1260,-1
27196,[0.24034238 0.44763162],7,8,"[0.27392971195344684, 0.45973140540928376]",-1,-1
27197,[0.51705374 0.56245704],9,6,"[0.5164739970238864, 0.5319253761973344]",1369,-1
27198,[0.6421861  0.49169252],9,3,"[0.6815204869410737, 0.47689852788858716]",819,1
27199,[0.36437753 0.54207841],4,0,"[0.383291892093257, 0.5586820702346661]",-1,-1
27200,[0.52294133 0.57986041],9,6,"[0.5164739970238864, 0.5319253761973344]",1052,-1
27201,[0.39906401 0.51174414],3,0,"[0.383291892093257, 0.5586820702346661]",-1,-1
27202,[0.36959357 0.26183264],0,9,"[0.3110394802231661, 0.23517199738277297]",1101,-1
27203,[0.45628355 0.38356787],6,-1,-1,-1,-1
27204,[0.33045659 0.5895605 ],3,7,"[0.2817018170798153, 0.5849768676672948]",1941,-1
27205,[0.4319582  0.35812483],6,1,"[0.3897435781344088, 0.3417040596068965]",682,-1
27206,[0.28271296 0.6166639 ],7,7,"[0.2817018170798153, 0.5849768676672948]",878,-1
27207,[0.33460586 0.46529698],7,8,"[0.27392971195344684, 0.45973140540928376]",1386,-1
27208,[0.57951493 0.6888034 ],9,2,"[0.5921204552873188, 0.6383928111301557]",915,-1
27209,[0.40068355 0.33625246],6,1,"[0.3897435781344088, 0.3417040596068965]",-1,-1
27210,[0.38784005 0.33280694],6,1,"[0.3897435781344088, 0.3417040596068965]",1476,-1
27211,[0.42957673 0.24267866],6,-1,-1,178,-1
27212,[0.36923462 0.49517667],3,0,"[0.383291892093257, 0.5586820702346661]",1741,-1
27213,[0.29636457 0.48123347],7,8,"[0.27392971195344684, 0.45973140540928376]",-1,-1
27214,[0.41035453 0.28553651],2,1,"[0.3897435781344088, 0.3417040596068965]",922,-1
27215,[0.70617472 0.62687988],9,-1,-1,234,-1
27216,[0.55785009 0.64537231],9,2,"[0.5921204552873188, 0.6383928111301557]",-1,-1
27217,[0.70562442 0.48226218],8,3,"[0.6815204869410737, 0.47689852788858716]",-1,-1
27218,[0.36343621 0.68717234],5,-1,-1,-1,-1
27219,[0.68630271 0.5645181 ],9,-1,-1,-1,-1
27220,[0.32375851 0.54616759],7,7,"[0.2817018170798153, 0.5849768676672948]",-1,17
27221,[0.44705881 0.39355765],6,-1,-1,-1,-1
27222,[0.39611551 0.58426663],4,0,"[0.383291892093257, 0.5586820702346661]",-1,-1
27223,[0.51798964 0.66794913],9,-1,-1,449,-1
27224,[0.865167   0.77030046],1,-1,-1,-1,-1
27225,[0.23275059 0.25590852],0,5,"[0.23231087327800656, 0.30304944505444303]",885,-1
27226,[0.5079174 0.6324382],5,-1,-1,-1,-1
27227,[0.40251199 0.56668078],3,0,"[0.383291892093257, 0.5586820702346661]",-1,-1
27228,[0.29393999 0.3028442 ],6,5,"[0.23231087327800656, 0.30304944505444303]",1618,-1
27229,[0.55145881 0.52347814],5,6,"[0.5164739970238864, 0.5319253761973344]",-1,-1
27230,[0.3020119  0.37151049],2,-1,-1,-1,-1
27231,[0.26374746 0.49583504],7,8,"[0.27392971195344684, 0.45973140540928376]",-1,-1
27232,[0.40053487 0.62250213],3,0,"[0.383291892093257, 0.5586820702346661]",1577,-1
27233,[0.73236674 0.41791998],8,-1,-1,316,-1
27234,[0.46798692 0.53587706],5,6,"[0.5164739970238864, 0.5319253761973344]",-1,-1
27235,[0.47454707 0.48292746],5,6,"[0.5164739970238864, 0.5319253761973344]",-1,-1
27236,[0.37795421 0.30464037],6,1,"[0.3897435781344088, 0.3417040596068965]",1464,-1
27237,[0.25725231 0.11820563],0,-1,-1,-1,-1
27238,[0.50254919 0.45652904],5,-1,-1,223,-1
27239,[0.30127325 0.27296533],6,9,"[0.3110394802231661, 0.23517199738277297]",-1,-1
27240,[0.36211844 0.34843755],2,1,"[0.3897435781344088, 0.3417040596068965]",1350,-1
27241,[0.61876933 0.58700128],9,2,"[0.5921204552873188, 0.6383928111301557]",1204,-1
27242,[0.57383482 0.43822098],8,-1,-1,252,-1
27243,[0.78887635 0.48297381],8,-1,-1,-1,-1
27244,[0.45273382 0.39133391],6,-1,-1,205,-1
27245,[0.46915042 0.2360413 ],6,-1,-1,82,-1
27246,[0.39841413 0.61471679],3,0,"[0.383291892093257, 0.5586820702346661]",-1,-1
27247,[0.48654498 0.68162657],9,-1,-1,-1,-1
27248,[0.56442504 0.52246074],5,6,"[0.5164739970238864, 0.5319253761973344]",-1,-1
27249,[0.51912908 0.63111348],9,-1,-1,-1,-1
27250,[0.70088067 0.47435677],8,3,"[0.6815204869410737, 0.47689852788858716]",802,-1
27251,[0.16560854 0.43279475],7,-1,-1,-1,-1
27252,[0.70513874 0.46875684],8,3,"[0.6815204869410737, 0.47689852788858716]",717,-1
27253,[0.50914686 0.5674008 ],5,6,"[0.5164739970238864, 0.5319253761973344]",-1,-1
27254,[0.75995889 0.43114495],8,-1,-1,-1,-1
27255,[0.32974743 0.32163553],0,1,"[0.3897435781344088, 0.3417040596068965]",1683,-1
27256,[0.73613365 0.4194781 ],8,-1,-1,-1,-1
27257,[0.33067964 0.60676711],4,7,"[0.2817018170798153, 0.5849768676672948]",1544,-1
27258,[0.48058238 0.55126953],9,6,"[0.5164739970238864, 0.5319253761973344]",-1,-1
27259,[0.35701544 0.54265503],7,0,"[0.383291892093257, 0.5586820702346661]",-1,-1
27260,[0.46082975 0.56803467],5,6,"[0.5164739970238864, 0.5319253761973344]",-1,-1
27261,[0.33470255 0.19197402],0,9,"[0.3110394802231661, 0.23517199738277297]",256,-1
27262,[0.40666482 0.35326608],6,1,"[0.3897435781344088, 0.3417040596068965]",986,-1
27263,[0.63946763 0.47399964],8,3,"[0.6815204869410737, 0.47689852788858716]",823,-1
27264,[0.32710503 0.67551734],4,-1,-1,156,-1
27265,[0.37515787 0.240529  ],2,9,"[0.3110394802231661, 0.23517199738277297]",-1,-1
27266,[0.48449785 0.50767972],5,6,"[0.5164739970238864, 0.5319253761973344]",-1,-1
27267,[0.36747327 0.60769096],3,0,"[0.383291892093257, 0.5586820702346661]",1752,-1
27268,[0.27890895 0.49728657],7,8,"[0.27392971195344684, 0.45973140540928376]",1795,-1
27269,[0.23130595 0.29461733],0,5,"[0.23231087327800656, 0.30304944505444303]",1461,-1
27270,[0.34882052 0.25092412],6,9,"[0.3110394802231661, 0.23517199738277297]",-1,-1
27271,[0.57486544 0.61042235],9,2,"[0.5921204552873188, 0.6383928111301557]",-1,6
27272,[0.29870705 0.31841241],0,5,"[0.23231087327800656, 0.30304944505444303]",1661,-1
27273,[0.34211453 0.22234403],0,9,"[0.3110394802231661, 0.23517199738277297]",-1,-1
27274,[0.46948887 0.43615431],6,-1,-1,-1,-1
27275,[0.25476022 0.58952639],7,7,"[0.2817018170798153, 0.5849768676672948]",754,-1
27276,[0.58257639 0.58131041],9,2,"[0.5921204552873188, 0.6383928111301557]",1324,6
27277,[0.62302604 0.31957891],8,-1,-1,-1,-1
27278,[0.22851888 0.2391185 ],0,5,"[0.23231087327800656, 0.30304944505444303]",946,-1
27279,[0.30412109 0.64259522],7,7,"[0.2817018170798153, 0.5849768676672948]",-1,-1
27280,[0.25694358 0.56012594],7,7,"[0.2817018170798153, 0.5849768676672948]",1705,-1
27281,[0.82198066 0.71912554],1,4,"[0.7726811996944247, 0.7249303226766757]",-1,0
27282,[0.64732612 0.43864626],8,3,"[0.6815204869410737, 0.47689852788858716]",-1,-1
27283,[0.32578123 0.66839372],4,-1,-1,169,-1
27284,[0.32176485 0.65315457],4,-1,-1,614,-1
27285,[0.6993799 0.7272412],1,-1,-1,-1,0
27286,[0.62655079 0.50742874],8,3,"[0.6815204869410737, 0.47689852788858716]",868,-1
27287,[0.30635588 0.31570734],0,-1,-1,1648,-1
27288,[0.15444566 0.23153419],2,-1,-1,124,-1
27289,[0.5659188  0.47647968],8,-1,-1,684,-1
27290,[0.35253751 0.50366358],4,0,"[0.383291892093257, 0.5586820702346661]",-1,-1
27291,[0.56670954 0.46005013],9,-1,-1,-1,-1
27292,[0.26476533 0.26493262],0,5,"[0.23231087327800656, 0.30304944505444303]",1505,-1
27293,[0.67589978 0.49356415],8,3,"[0.6815204869410737, 0.47689852788858716]",-1,-1
27294,[0.48976309 0.48139725],5,6,"[0.5164739970238864, 0.5319253761973344]",-1,-1
27295,[0.58785651 0.51623667],5,-1,-1,-1,-1
27296,[0.51261565 0.28637049],6,-1,-1,-1,-1
27297,[0.24507597 0.29247949],0,5,"[0.23231087327800656, 0.30304944505444303]",-1,-1
27298,[0.60602377 0.66495222],5,2,"[0.5921204552873188, 0.6383928111301557]",1120,-1
27299,[0.52317544 0.59657876],9,6,"[0.5164739970238864, 0.5319253761973344]",1364,-1
27300,[0.75761672 0.64324053],1,-1,-1,199,0
27301,[0.2852075  0.41640202],7,8,"[0.27392971195344684, 0.45973140540928376]",1075,-1
27302,[0.68451653 0.60687288],9,-1,-1,-1,-1
27303,[0.3698304  0.56297873],4,0,"[0.383291892093257, 0.5586820702346661]",1856,12
27304,[0.67399682 0.41827499],8,3,"[0.6815204869410737, 0.47689852788858716]",612,-1
27305,[0.75019821 0.76589205],1,4,"[0.7726811996944247, 0.7249303226766757]",419,0
27306,[0.61143284 0.42488247],8,-1,-1,285,-1
27307,[0.68984643 0.49447421],8,3,"[0.6815204869410737, 0.47689852788858716]",836,2
27308,[0.27309701 0.45679479],7,8,"[0.27392971195344684, 0.45973140540928376]",1248,-1
27309,[0.3919299  0.36267116],6,1,"[0.3897435781344088, 0.3417040596068965]",-1,-1
27310,[0.23775911 0.27861368],2,5,"[0.23231087327800656, 0.30304944505444303]",1531,-1
27311,[0.25647082 0.49424383],4,8,"[0.27392971195344684, 0.45973140540928376]",-1,-1
27312,[0.35377321 0.48051327],3,-1,-1,1854,-1
27313,[0.56891862 0.58011104],9,2,"[0.5921204552873188, 0.6383928111301557]",1458,6
27314,[0.22706409 0.42649245],7,8,"[0.27392971195344684, 0.45973140540928376]",656,-1
27315,[0.26797091 0.31279239],0,5,"[0.23231087327800656, 0.30304944505444303]",1585,-1
27316,[0.41401374 0.54737517],4,0,"[0.383291892093257, 0.5586820702346661]",-1,-1
27317,[0.25347421 0.50615341],4,8,"[0.27392971195344684, 0.45973140540928376]",-1,-1
27318,[0.31272407 0.5137959 ],4,8,"[0.27392971195344684, 0.45973140540928376]",1922,15
27319,[0.3210949  0.51748371],7,-1,-1,-1,-1
27320,[0.56534839 0.64135302],9,2,"[0.5921204552873188, 0.6383928111301557]",1220,-1
27321,[0.27801004 0.2813379 ],2,5,"[0.23231087327800656, 0.30304944505444303]",1675,11
27322,[0.28924218 0.38445524],6,-1,-1,-1,-1
27323,[0.31852027 0.46408635],3,8,"[0.27392971195344684, 0.45973140540928376]",1556,-1
27324,[0.63807916 0.41207375],8,-1,-1,265,-1
27325,[0.30944965 0.56168492],3,7,"[0.2817018170798153, 0.5849768676672948]",1968,-1
27326,[0.50580611 0.68551129],3,-1,-1,-1,-1
27327,[0.29701637 0.1539546 ],0,-1,-1,-1,-1
27328,[0.73178952 0.65974196],1,-1,-1,-1,0
27329,[0.4038966  0.61272746],3,0,"[0.383291892093257, 0.5586820702346661]",-1,-1
27330,[0.24498555 0.25404025],0,5,"[0.23231087327800656, 0.30304944505444303]",-1,-1
27331,[0.67891956 0.46629702],8,3,"[0.6815204869410737, 0.47689852788858716]",-1,2
27332,[0.31922815 0.6051141 ],3,7,"[0.2817018170798153, 0.5849768676672948]",-1,-1
27333,[0.84757394 0.50600579],8,-1,-1,-1,-1
27334,[0.2829479  0.32125601],6,5,"[0.23231087327800656, 0.30304944505444303]",-1,-1
27335,[0.41369393 0.53211741],3,0,"[0.383291892093257, 0.5586820702346661]",1244,-1
27336,[0.63370481 0.47038541],9,3,"[0.6815204869410737, 0.47689852788858716]",-1,-1
27337,[0.19845528 0.23948709],2,-1,-1,897,-1
27338,[0.72360301 0.67897116],1,4,"[0.7726811996944247, 0.7249303226766757]",390,0
27339,[0.21739574 0.68795723],4,-1,-1,-1,-1
27340,[0.26600829 0.14987368],2,-1,-1,140,-1
27341,[0.44145868 0.54245632],5,0,"[0.383291892093257, 0.5586820702346661]",-1,-1
27342,[0.51230077 0.48485127],5,6,"[0.5164739970238864, 0.5319253761973344]",-1,-1
27343,[0.35976506 0.47310236],3,-1,-1,1560,-1
27344,[0.60028067 0.60418681],8,2,"[0.5921204552873188, 0.6383928111301557]",-1,6
27345,[0.3694101  0.30477664],6,1,"[0.3897435781344088, 0.3417040596068965]",1472,-1
27346,[0.4571018  0.49859547],5,6,"[0.5164739970238864, 0.5319253761973344]",753,-1
27347,[0.61584152 0.71269207],9,-1,-1,212,-1
27348,[0.84098759 0.7810952 ],1,-1,-1,259,0
27349,[0.25148572 0.41534858],0,8,"[0.27392971195344684, 0.45973140540928376]",700,-1
27350,[0.66066945 0.48099709],5,3,"[0.6815204869410737, 0.47689852788858716]",-1,1
27351,[0.66008352 0.5140547 ],8,3,"[0.6815204869410737, 0.47689852788858716]",782,-1
27352,[0.58762478 0.71284035],9,-1,-1,423,-1
27353,[0.38966806 0.61277078],3,0,"[0.383291892093257, 0.5586820702346661]",1721,-1
27354,[0.31466195 0.38875699],6,-1,-1,-1,-1
27355,[0.29536225 0.66829357],4,-1,-1,226,-1
27356,[0.46668934 0.42331106],5,-1,-1,128,-1
27357,[0.19949874 0.37638125],2,-1,-1,-1,-1
27358,[0.39485783 0.43009269],2,-1,-1,363,-1
27359,[0.39673009 0.33579303],6,1,"[0.3897435781344088, 0.3417040596068965]",1004,-1
27360,[0.48446248 0.36689927],6,-1,-1,-1,-1
27361,[0.68464145 0.7026155 ],9,-1,-1,-1,0
27362,[0.76601523 0.65526715],1,4,"[0.7726811996944247, 0.7249303226766757]",325,0
27363,[0.64873348 0.73048765],9,-1,-1,-1,-1
27364,[0.57391066 0.72861554],9,-1,-1,-1,-1
27365,[0.7756759  0.75781298],1,4,"[0.7726811996944247, 0.7249303226766757]",413,0
27366,[0.25113536 0.3860377 ],2,-1,-1,1147,-1
27367,[0.3405916  0.18038258],0,9,"[0.3110394802231661, 0.23517199738277297]",-1,-1
27368,[0.33577764 0.49624165],4,-1,-1,1880,-1
27369,[0.26660886 0.56887614],4,7,"[0.2817018170798153, 0.5849768676672948]",1571,-1
27370,[0.27246026 0.21696505],0,9,"[0.3110394802231661, 0.23517199738277297]",-1,-1
27371,[0.30372085 0.3022862 ],6,9,"[0.3110394802231661, 0.23517199738277297]",-1,-1
27372,[0.24996226 0.47549916],7,8,"[0.27392971195344684, 0.45973140540928376]",-1,-1
27373,[0.24173661 0.25520555],0,5,"[0.23231087327800656, 0.30304944505444303]",-1,-1
27374,[0.25026407 0.5429468 ],4,7,"[0.2817018170798153, 0.5849768676672948]",-1,-1
27375,[0.49331101 0.30656373],6,-1,-1,93,-1
27376,[0.3556424  0.58545981],3,0,"[0.383291892093257, 0.5586820702346661]",-1,-1
27377,[0.74066056 0.61504113],1,-1,-1,-1,-1
27378,[0.24635775 0.36786374],6,5,"[0.23231087327800656, 0.30304944505444303]",-1,-1
27379,[0.71762254 0.6631274 ],1,-1,-1,358,0
27380,[0.43348768 0.64844414],3,-1,-1,481,-1
27381,[0.6310399 0.4539151],8,3,"[0.6815204869410737, 0.47689852788858716]",619,-1
27382,[0.57102015 0.68617462],9,2,"[0.5921204552873188, 0.6383928111301557]",-1,-1
27383,[0.29806736 0.33739246],0,-1,-1,-1,8
27384,[0.53076383 0.47969282],5,6,"[0.5164739970238864, 0.5319253761973344]",926,-1
27385,[0.25422037 0.26868753],0,5,"[0.23231087327800656, 0.30304944505444303]",1539,-1
27386,[0.22922859 0.28684666],0,5,"[0.23231087327800656, 0.30304944505444303]",-1,-1
27387,[0.68548211 0.44955428],8,3,"[0.6815204869410737, 0.47689852788858716]",735,-1
27388,[0.31370129 0.54734262],4,7,"[0.2817018170798153, 0.5849768676672948]",1988,17
27389,[0.26600217 0.31173199],2,5,"[0.23231087327800656, 0.30304944505444303]",-1,-1
27390,[0.39476011 0.2536108 ],0,-1,-1,-1,-1
27391,[0.46778629 0.52900734],5,6,"[0.5164739970238864, 0.5319253761973344]",-1,-1
27392,[0.7584753  0.74062204],1,4,"[0.7726811996944247, 0.7249303226766757]",-1,0
27393,[0.76792372 0.66929836],1,4,"[0.7726811996944247, 0.7249303226766757]",-1,0
27394,[0.36461544 0.32912692],2,1,"[0.3897435781344088, 0.3417040596068965]",-1,-1
27395,[0.43020594 0.54312812],3,0,"[0.383291892093257, 0.5586820702346661]",-1,-1
27396,[0.22171852 0.53159021],7,-1,-1,1478,-1
27397,[0.32472479 0.20896905],6,9,"[0.3110394802231661, 0.23517199738277297]",-1,-1
27398,[0.31055612 0.61250864],3,7,"[0.2817018170798153, 0.5849768676672948]",-1,-1
27399,[0.21787838 0.29295657],0,5,"[0.23231087327800656, 0.30304944505444303]",1113,-1
27400,[0.84019861 0.64698042],1,-1,-1,-1,0
27401,[0.39699128 0.28707229],0,1,"[0.3897435781344088, 0.3417040596068965]",1077,-1
27402,[0.73971283 0.46270924],8,3,"[0.6815204869410737, 0.47689852788858716]",-1,-1
27403,[0.65014496 0.45132363],8,3,"[0.6815204869410737, 0.47689852788858716]",801,-1
27404,[0.27647647 0.53180853],3,7,"[0.2817018170798153, 0.5849768676672948]",1882,14
27405,[0.36825805 0.43097126],6,-1,-1,683,-1
27406,[0.45823872 0.53175318],5,6,"[0.5164739970238864, 0.5319253761973344]",-1,-1
27407,[0.62055302 0.52310371],5,-1,-1,863,-1
27408,[0.31400607 0.25295122],0,9,"[0.3110394802231661, 0.23517199738277297]",1499,-1
27409,[0.73266412 0.76395749],1,4,"[0.7726811996944247, 0.7249303226766757]",-1,0
27410,[0.29559251 0.47483987],7,8,"[0.27392971195344684, 0.45973140540928376]",-1,-1
27411,[0.28849311 0.27079996],0,9,"[0.3110394802231661, 0.23517199738277297]",-1,-1
27412,[0.75703664 0.66723747],1,4,"[0.7726811996944247, 0.7249303226766757]",-1,0
27413,[0.60884404 0.64721062],9,2,"[0.5921204552873188, 0.6383928111301557]",-1,-1
27414,[0.33996091 0.58742504],4,0,"[0.383291892093257, 0.5586820702346661]",1834,-1
27415,[0.77362643 0.5036446 ],8,-1,-1,190,-1
27416,[0.25382639 0.50389209],7,8,"[0.27392971195344684, 0.45973140540928376]",1759,-1
27417,[0.28749751 0.26189552],0,9,"[0.3110394802231661, 0.23517199738277297]",1609,-1
27418,[0.73619469 0.3838004 ],8,-1,-1,-1,-1
27419,[0.86023012 0.80158245],1,-1,-1,-1,-1
27420,[0.28907648 0.39836307],2,8,"[0.27392971195344684, 0.45973140540928376]",1066,-1
27421,[0.56969352 0.62990435],9,2,"[0.5921204552873188, 0.6383928111301557]",1287,-1
27422,[0.2969435  0.52582398],4,7,"[0.2817018170798153, 0.5849768676672948]",1788,-1
27423,[0.17914399 0.52078094],7,-1,-1,-1,-1
27424,[0.40679941 0.56534585],3,0,"[0.383291892093257, 0.5586820702346661]",1692,-1
27425,[0.29671031 0.5379582 ],3,7,"[0.2817018170798153, 0.5849768676672948]",-1,-1
27426,[0.31564118 0.3882376 ],6,-1,-1,1426,-1
27427,[0.55667206 0.56610393],9,6,"[0.5164739970238864, 0.5319253761973344]",1406,-1
27428,[0.34037864 0.59027498],7,0,"[0.383291892093257, 0.5586820702346661]",1834,-1
27429,[0.78854828 0.65030163],1,-1,-1,329,0
27430,[0.19655969 0.18402168],0,-1,-1,-1,-1
27431,[0.24744348 0.42612151],2,8,"[0.27392971195344684, 0.45973140540928376]",699,-1
27432,[0.41015634 0.51061782],3,0,"[0.383291892093257, 0.5586820702346661]",-1,-1
27433,[0.6029236  0.54994935],9,-1,-1,1293,-1
27434,[0.34510358 0.17496239],6,9,"[0.3110394802231661, 0.23517199738277297]",-1,-1
27435,[0.64087527 0.43901178],8,3,"[0.6815204869410737, 0.47689852788858716]",-1,-1
27436,[0.55525333 0.62063878],9,2,"[0.5921204552873188, 0.6383928111301557]",-1,-1
27437,[0.66928967 0.72505906],9,-1,-1,-1,0
27438,[0.20643739 0.49724215],7,-1,-1,-1,-1
27439,[0.28716339 0.43671851],3,8,"[0.27392971195344684, 0.45973140540928376]",1070,-1
27440,[0.52983007 0.76585398],9,-1,-1,-1,-1
27441,[0.53978992 0.67006452],9,2,"[0.5921204552873188, 0.6383928111301557]",943,-1
27442,[0.42464371 0.58686066],3,0,"[0.383291892093257, 0.5586820702346661]",1712,-1
27443,[0.51507353 0.52859591],5,6,"[0.5164739970238864, 0.5319253761973344]",-1,3
27444,[0.34830067 0.56495878],3,0,"[0.383291892093257, 0.5586820702346661]",-1,-1
27445,[0.23159643 0.59436577],7,7,"[0.2817018170798153, 0.5849768676672948]",506,-1
27446,[0.62906139 0.6620938 ],9,2,"[0.5921204552873188, 0.6383928111301557]",711,-1
27447,[0.23428407 0.61700244],4,7,"[0.2817018170798153, 0.5849768676672948]",-1,-1
27448,[0.33437618 0.29602853],0,9,"[0.3110394802231661, 0.23517199738277297]",-1,-1
27449,[0.7051883  0.34997175],8,-1,-1,51,-1
27450,[0.38992268 0.62601769],4,0,"[0.383291892093257, 0.5586820702346661]",-1,-1
27451,[0.3493581  0.40579771],2,-1,-1,-1,-1
27452,[0.38886432 0.54964826],4,0,"[0.383291892093257, 0.5586820702346661]",1815,-1
27453,[0.47389267 0.36928312],6,-1,-1,-1,-1
27454,[0.21471687 0.368179  ],2,5,"[0.23231087327800656, 0.30304944505444303]",903,-1
27455,[0.23456716 0.33501231],2,5,"[0.23231087327800656, 0.30304944505444303]",1522,-1
27456,[0.36905891 0.5391417 ],3,0,"[0.383291892093257, 0.5586820702346661]",1806,-1
27457,[0.58818844 0.54150421],5,-1,-1,1282,-1
27458,[0.31388789 0.59612351],3,7,"[0.2817018170798153, 0.5849768676672948]",-1,-1
27459,[0.1888996  0.33284104],2,5,"[0.23231087327800656, 0.30304944505444303]",-1,-1
27460,[0.73621092 0.73981011],1,4,"[0.7726811996944247, 0.7249303226766757]",452,0
27461,[0.52684419 0.56666568],5,6,"[0.5164739970238864, 0.5319253761973344]",1371,-1
27462,[0.38182357 0.4964751 ],3,0,"[0.383291892093257, 0.5586820702346661]",1448,-1
27463,[0.23891132 0.25092243],0,5,"[0.23231087327800656, 0.30304944505444303]",1319,-1
27464,[0.73723246 0.65828186],1,-1,-1,356,0
27465,[0.8141982  0.68039217],1,4,"[0.7726811996944247, 0.7249303226766757]",-1,0
27466,[0.45146525 0.6172643 ],3,-1,-1,-1,-1
27467,[0.78194304 0.76446421],1,4,"[0.7726811996944247, 0.7249303226766757]",-1,0
27468,[0.84737814 0.74004804],1,-1,-1,-1,0
27469,[0.62137503 0.72317327],5,-1,-1,212,-1
27470,[0.82282834 0.72692281],1,4,"[0.7726811996944247, 0.7249303226766757]",-1,0
27471,[0.73958324 0.41318421],8,-1,-1,316,-1
27472,[0.19201464 0.32366614],2,5,"[0.23231087327800656, 0.30304944505444303]",550,-1
27473,[0.46751762 0.53960588],5,6,"[0.5164739970238864, 0.5319253761973344]",-1,-1
27474,[0.69490652 0.71849857],9,-1,-1,343,0
27475,[0.27906939 0.38267482],2,-1,-1,1098,-1
27476,[0.63732718 0.49363708],8,3,"[0.6815204869410737, 0.47689852788858716]",819,-1
27477,[0.18922512 0.32800809],2,5,"[0.23231087327800656, 0.30304944505444303]",-1,-1
27478,[0.3512121  0.50980787],7,0,"[0.383291892093257, 0.5586820702346661]",-1,-1
27479,[0.34074867 0.54534462],3,0,"[0.383291892093257, 0.5586820702346661]",-1,-1
27480,[0.36548947 0.28444553],6,1,"[0.3897435781344088, 0.3417040596068965]",1172,-1
27481,[0.56921602 0.58325944],9,2,"[0.5921204552873188, 0.6383928111301557]",1457,6
27482,[0.15158289 0.36959289],0,-1,-1,-1,-1
27483,[0.34462276 0.22749414],0,9,"[0.3110394802231661, 0.23517199738277297]",566,-1
27484,[0.17139527 0.5079737 ],7,-1,-1,76,-1
27485,[0.29640875 0.27593494],0,9,"[0.3110394802231661, 0.23517199738277297]",1510,-1
27486,[0.3073136  0.58328567],7,7,"[0.2817018170798153, 0.5849768676672948]",1966,-1
27487,[0.57139904 0.55189695],9,6,"[0.5164739970238864, 0.5319253761973344]",-1,-1
27488,[0.35117519 0.53841016],7,0,"[0.383291892093257, 0.5586820702346661]",1964,-1
27489,[0.30557855 0.5116769 ],4,8,"[0.27392971195344684, 0.45973140540928376]",-1,-1
27490,[0.69214235 0.46035267],8,3,"[0.6815204869410737, 0.47689852788858716]",806,-1
27491,[0.29477596 0.58210499],7,7,"[0.2817018170798153, 0.5849768676672948]",1840,-1
27492,[0.40301367 0.59268868],3,0,"[0.383291892093257, 0.5586820702346661]",-1,-1
27493,[0.78189515 0.78363901],1,4,"[0.7726811996944247, 0.7249303226766757]",-1,0
27494,[0.58841081 0.61839703],9,2,"[0.5921204552873188, 0.6383928111301557]",1418,6
27495,[0.26066447 0.5588896 ],7,7,"[0.2817018170798153, 0.5849768676672948]",-1,-1
27496,[0.42320434 0.58817652],3,0,"[0.383291892093257, 0.5586820702346661]",1712,-1
27497,[0.24962358 0.32981391],2,5,"[0.23231087327800656, 0.30304944505444303]",1502,7
27498,[0.30018632 0.58343548],4,7,"[0.2817018170798153, 0.5849768676672948]",1819,-1
27499,[0.35019213 0.52728089],3,0,"[0.383291892093257, 0.5586820702346661]",1947,-1
27500,[0.26362223 0.33285451],2,5,"[0.23231087327800656, 0.30304944505444303]",1601,-1
27501,[0.72785653 0.73960107],1,4,"[0.7726811996944247, 0.7249303226766757]",381,0
27502,[0.22383413 0.5118497 ],7,-1,-1,-1,-1
27503,[0.28067115 0.36251226],2,-1,-1,1260,-1
27504,[0.26132796 0.56106926],3,7,"[0.2817018170798153, 0.5849768676672948]",-1,-1
27505,[0.79954878 0.74751629],1,4,"[0.7726811996944247, 0.7249303226766757]",450,0
27506,[0.2333621  0.20449133],0,-1,-1,-1,-1
27507,[0.63511952 0.6863743 ],9,2,"[0.5921204552873188, 0.6383928111301557]",-1,-1
27508,[0.50589445 0.34103519],6,-1,-1,63,-1
27509,[0.65322325 0.37986635],8,-1,-1,242,-1
27510,[0.29715613 0.50002463],7,8,"[0.27392971195344684, 0.45973140540928376]",1889,-1
27511,[0.10921786 0.28375868],2,-1,-1,-1,-1
27512,[0.28535177 0.55008995],4,7,"[0.2817018170798153, 0.5849768676672948]",1912,-1
27513,[0.51068811 0.47711491],5,6,"[0.5164739970238864, 0.5319253761973344]",-1,-1
27514,[0.29083631 0.28301161],0,9,"[0.3110394802231661, 0.23517199738277297]",-1,-1
27515,[0.29816062 0.46197369],7,8,"[0.27392971195344684, 0.45973140540928376]",1730,-1
27516,[0.35189864 0.26584755],2,9,"[0.3110394802231661, 0.23517199738277297]",951,-1
27517,[0.79246076 0.62834331],1,-1,-1,77,0
27518,[0.69124452 0.49445202],8,3,"[0.6815204869410737, 0.47689852788858716]",836,2
27519,[0.6228377  0.79029231],9,-1,-1,-1,-1
27520,[0.64446121 0.49075687],8,3,"[0.6815204869410737, 0.47689852788858716]",819,1
27521,[0.24297688 0.48349234],7,8,"[0.27392971195344684, 0.45973140540928376]",-1,-1
27522,[0.5627831 0.4884901],8,6,"[0.5164739970238864, 0.5319253761973344]",845,-1
27523,[0.45551009 0.26931901],6,-1,-1,585,-1
27524,[0.25247555 0.26865119],0,5,"[0.23231087327800656, 0.30304944505444303]",-1,-1
27525,[0.56352755 0.66692601],9,2,"[0.5921204552873188, 0.6383928111301557]",1033,-1
27526,[0.20225808 0.36224865],2,5,"[0.23231087327800656, 0.30304944505444303]",-1,-1
27527,[0.52009493 0.53196408],5,6,"[0.5164739970238864, 0.5319253761973344]",1177,3
27528,[0.32606547 0.27467251],2,9,"[0.3110394802231661, 0.23517199738277297]",1504,-1
27529,[0.32630507 0.38171339],0,-1,-1,1011,-1
27530,[0.81646345 0.73826572],1,4,"[0.7726811996944247, 0.7249303226766757]",-1,0
27531,[0.50110403 0.56484529],5,6,"[0.5164739970238864, 0.5319253761973344]",1322,-1
27532,[0.30135547 0.5110622 ],7,8,"[0.27392971195344684, 0.45973140540928376]",1852,-1
27533,[0.877795   0.69179014],1,-1,-1,-1,-1
27534,[0.64004568 0.59783649],9,2,"[0.5921204552873188, 0.6383928111301557]",-1,-1
27535,[0.27974203 0.56396207],3,7,"[0.2817018170798153, 0.5849768676672948]",1879,13
27536,[0.48789073 0.46129686],5,-1,-1,279,-1
27537,[0.37352917 0.43831033],7,-1,-1,-1,-1
27538,[0.4132609  0.43155003],2,-1,-1,-1,-1
27539,[0.40076422 0.54439639],4,0,"[0.383291892093257, 0.5586820702346661]",1631,-1
27540,[0.81615212 0.68846629],1,4,"[0.7726811996944247, 0.7249303226766757]",-1,0
27541,[0.58087782 0.65172901],9,2,"[0.5921204552873188, 0.6383928111301557]",1124,-1
27542,[0.37661121 0.59052707],3,0,"[0.383291892093257, 0.5586820702346661]",-1,-1
27543,[0.54968186 0.48121333],5,6,"[0.5164739970238864, 0.5319253761973344]",-1,-1
27544,[0.75388754 0.70501254],1,4,"[0.7726811996944247, 0.7249303226766757]",-1,0
27545,[0.81220751 0.73165264],1,4,"[0.7726811996944247, 0.7249303226766757]",-1,0
27546,[0.24477298 0.32620274],0,5,"[0.23231087327800656, 0.30304944505444303]",1503,7
27547,[0.63699636 0.67975707],9,2,"[0.5921204552873188, 0.6383928111301557]",-1,-1
27548,[0.55384776 0.6267622 ],9,2,"[0.5921204552873188, 0.6383928111301557]",-1,-1
27549,[0.31241438 0.23267664],0,9,"[0.3110394802231661, 0.23517199738277297]",1492,-1
27550,[0.612489  0.7317911],9,-1,-1,213,-1
27551,[0.25933823 0.35060749],2,5,"[0.23231087327800656, 0.30304944505444303]",-1,-1
27552,[0.42615137 0.5947522 ],5,0,"[0.383291892093257, 0.5586820702346661]",-1,-1
27553,[0.63830908 0.60211608],9,2,"[0.5921204552873188, 0.6383928111301557]",-1,-1
27554,[0.33991495 0.50902076],7,0,"[0.383291892093257, 0.5586820702346661]",-1,-1
27555,[0.78764033 0.69405633],1,4,"[0.7726811996944247, 0.7249303226766757]",448,0
27556,[0.39846801 0.60709125],3,0,"[0.383291892093257, 0.5586820702346661]",-1,-1
27557,[0.18796002 0.39289876],2,-1,-1,133,-1
27558,[0.18003899 0.22965617],0,-1,-1,-1,-1
27559,[0.34064535 0.55856899],4,0,"[0.383291892093257, 0.5586820702346661]",-1,-1
27560,[0.41455299 0.48281976],4,-1,-1,-1,-1
27561,[0.52874305 0.50826106],5,6,"[0.5164739970238864, 0.5319253761973344]",-1,-1
27562,[0.36317237 0.55247349],4,0,"[0.383291892093257, 0.5586820702346661]",1793,-1
27563,[0.38653047 0.21570172],6,-1,-1,174,-1
27564,[0.33971225 0.37601057],6,1,"[0.3897435781344088, 0.3417040596068965]",1348,-1
27565,[0.692153   0.63153757],9,-1,-1,-1,-1
27566,[0.56291518 0.58597954],5,2,"[0.5921204552873188, 0.6383928111301557]",-1,6
27567,[0.46620585 0.27231515],6,-1,-1,-1,-1
27568,[0.34669008 0.54013833],4,0,"[0.383291892093257, 0.5586820702346661]",1970,16
27569,[0.45014312 0.63337669],4,-1,-1,-1,-1
27570,[0.80499243 0.78274936],1,4,"[0.7726811996944247, 0.7249303226766757]",294,0
27571,[0.28223192 0.57994748],4,7,"[0.2817018170798153, 0.5849768676672948]",-1,-1
27572,[0.38843328 0.34406016],2,1,"[0.3897435781344088, 0.3417040596068965]",1366,-1
27573,[0.5765522  0.25676465],6,-1,-1,-1,-1
27574,[0.17980395 0.23507779],0,-1,-1,-1,-1
27575,[0.50011385 0.57407636],5,6,"[0.5164739970238864, 0.5319253761973344]",1380,-1
27576,[0.65188055 0.52803806],8,3,"[0.6815204869410737, 0.47689852788858716]",-1,-1
27577,[0.34716177 0.23167901],6,9,"[0.3110394802231661, 0.23517199738277297]",-1,-1
27578,[0.36237939 0.38356291],6,1,"[0.3897435781344088, 0.3417040596068965]",-1,-1
27579,[0.4247924  0.29281181],6,1,"[0.3897435781344088, 0.3417040596068965]",-1,-1
27580,[0.4034222  0.53987587],4,0,"[0.383291892093257, 0.5586820702346661]",-1,-1
27581,[0.30594298 0.30911527],0,-1,-1,-1,-1
27582,[0.20271339 0.56517831],4,-1,-1,-1,-1
27583,[0.14362717 0.19269793],0,-1,-1,-1,-1
27584,[0.46489148 0.57889102],3,6,"[0.5164739970238864, 0.5319253761973344]",1232,-1
27585,[0.62609138 0.6711564 ],9,2,"[0.5921204552873188, 0.6383928111301557]",-1,-1
27586,[0.80846777 0.70117889],1,4,"[0.7726811996944247, 0.7249303226766757]",365,0
27587,[0.52498998 0.40616644],5,-1,-1,-1,-1
27588,[0.77055509 0.70101849],1,4,"[0.7726811996944247, 0.7249303226766757]",448,0
27589,[0.36337541 0.32228982],6,1,"[0.3897435781344088, 0.3417040596068965]",1545,-1
27590,[0.52939218 0.62946032],9,2,"[0.5921204552873188, 0.6383928111301557]",-1,-1
27591,[0.28006922 0.17745828],0,9,"[0.3110394802231661, 0.23517199738277297]",355,-1
27592,[0.29318618 0.59122176],3,7,"[0.2817018170798153, 0.5849768676672948]",-1,-1
27593,[0.42776498 0.48301372],5,-1,-1,767,-1
27594,[0.26341806 0.47625834],3,8,"[0.27392971195344684, 0.45973140540928376]",1600,-1
27595,[0.22797112 0.36506629],2,5,"[0.23231087327800656, 0.30304944505444303]",1126,-1
27596,[0.58494767 0.62045049],9,2,"[0.5921204552873188, 0.6383928111301557]",1418,-1
27597,[0.60742429 0.54903604],9,-1,-1,1293,-1
27598,[0.23490086 0.49518716],7,8,"[0.27392971195344684, 0.45973140540928376]",-1,-1
27599,[0.32674601 0.51920214],7,0,"[0.383291892093257, 0.5586820702346661]",1905,-1
27600,[0.70658888 0.56628828],1,-1,-1,563,-1
27601,[0.28544713 0.44159983],7,8,"[0.27392971195344684, 0.45973140540928376]",1240,-1
27602,[0.2051617  0.30116258],0,5,"[0.23231087327800656, 0.30304944505444303]",685,-1
27603,[0.4707199  0.20292192],6,-1,-1,-1,-1
27604,[0.440615   0.64143395],9,-1,-1,534,-1
27605,[0.51005603 0.57296246],9,6,"[0.5164739970238864, 0.5319253761973344]",-1,6
27606,[0.35161243 0.49248553],3,-1,-1,1871,-1
27607,[0.72109151 0.40497276],8,-1,-1,-1,-1
27608,[0.23268803 0.26754276],0,5,"[0.23231087327800656, 0.30304944505444303]",-1,-1
27609,[0.7116494  0.68612936],1,-1,-1,-1,0
27610,[0.30344485 0.22556571],0,9,"[0.3110394802231661, 0.23517199738277297]",972,-1
27611,[0.73281938 0.38855959],8,-1,-1,-1,-1
27612,[0.26545732 0.29103179],0,5,"[0.23231087327800656, 0.30304944505444303]",-1,-1
27613,[0.23854051 0.62159656],3,7,"[0.2817018170798153, 0.5849768676672948]",347,-1
27614,[0.71617211 0.60373895],9,-1,-1,-1,-1
27615,[0.41037958 0.20002431],6,-1,-1,-1,-1
27616,[0.14734338 0.53573376],4,-1,-1,-1,-1
27617,[0.29128548 0.25725786],0,9,"[0.3110394802231661, 0.23517199738277297]",1611,-1
27618,[0.31472273 0.29206176],6,9,"[0.3110394802231661, 0.23517199738277297]",-1,-1
27619,[0.30093403 0.30845755],2,5,"[0.23231087327800656, 0.30304944505444303]",1620,-1
27620,[0.38401654 0.44216186],7,-1,-1,567,-1
27621,[0.69581537 0.39812648],8,-1,-1,-1,-1
27622,[0.32338568 0.49842142],7,8,"[0.27392971195344684, 0.45973140540928376]",1809,-1
27623,[0.24599904 0.55752046],3,7,"[0.2817018170798153, 0.5849768676672948]",1706,-1
27624,[0.34587174 0.49552701],7,-1,-1,-1,-1
27625,[0.5872129  0.46759901],8,-1,-1,608,-1
27626,[0.29251336 0.55944787],3,7,"[0.2817018170798153, 0.5849768676672948]",-1,-1
27627,[0.59047688 0.67665458],1,2,"[0.5921204552873188, 0.6383928111301557]",710,-1
27628,[0.29808586 0.29316835],6,9,"[0.3110394802231661, 0.23517199738277297]",-1,11
27629,[0.34533594 0.509606  ],4,0,"[0.383291892093257, 0.5586820702346661]",-1,-1
27630,[0.25567073 0.17919527],0,-1,-1,-1,-1
27631,[0.266603   0.29755903],2,5,"[0.23231087327800656, 0.30304944505444303]",1657,-1
27632,[0.76388123 0.52673809],8,-1,-1,-1,-1
27633,[0.31265892 0.6566542 ],3,-1,-1,302,-1
27634,[0.47774574 0.52137791],5,6,"[0.5164739970238864, 0.5319253761973344]",1002,-1
27635,[0.28452996 0.45723233],2,8,"[0.27392971195344684, 0.45973140540928376]",1243,-1
27636,[0.22195409 0.35215825],0,5,"[0.23231087327800656, 0.30304944505444303]",-1,-1
27637,[0.58083567 0.61576102],5,2,"[0.5921204552873188, 0.6383928111301557]",1419,-1
27638,[0.52409162 0.59799068],9,6,"[0.5164739970238864, 0.5319253761973344]",-1,-1
27639,[0.5744819  0.52956905],5,6,"[0.5164739970238864, 0.5319253761973344]",-1,-1
27640,[0.79455665 0.70848454],1,4,"[0.7726811996944247, 0.7249303226766757]",-1,0
27641,[0.18490214 0.4334059 ],7,-1,-1,-1,-1
27642,[0.29121351 0.54253777],4,7,"[0.2817018170798153, 0.5849768676672948]",1907,14
27643,[0.53355159 0.52716021],9,6,"[0.5164739970238864, 0.5319253761973344]",1165,-1
27644,[0.66220645 0.69077523],9,-1,-1,-1,-1
27645,[0.3002987  0.16844481],2,9,"[0.3110394802231661, 0.23517199738277297]",-1,-1
27646,[0.59119233 0.55125115],8,-1,-1,-1,-1
27647,[0.48333362 0.43693416],5,-1,-1,117,-1
27648,[0.64884278 0.58646092],9,-1,-1,1014,-1
27649,[0.17840589 0.34131988],2,5,"[0.23231087327800656, 0.30304944505444303]",-1,-1
27650,[0.37217967 0.47422644],7,-1,-1,1211,-1
27651,[0.7462756  0.66839577],1,4,"[0.7726811996944247, 0.7249303226766757]",-1,0
27652,[0.25117271 0.53193237],7,7,"[0.2817018170798153, 0.5849768676672948]",-1,-1
27653,[0.51149805 0.51425423],5,6,"[0.5164739970238864, 0.5319253761973344]",858,-1
27654,[0.52422545 0.54915077],8,6,"[0.5164739970238864, 0.5319253761973344]",1274,-1
27655,[0.29970281 0.15883823],0,-1,-1,-1,-1
27656,[0.62969952 0.53966156],5,-1,-1,1107,-1
27657,[0.23330715 0.30477865],0,5,"[0.23231087327800656, 0.30304944505444303]",-1,-1
27658,[0.30819822 0.52764694],4,7,"[0.2817018170798153, 0.5849768676672948]",-1,-1
27659,[0.40113855 0.6267524 ],3,-1,-1,-1,-1
27660,[0.82862998 0.71625923],1,4,"[0.7726811996944247, 0.7249303226766757]",-1,0
27661,[0.29506661 0.29243118],0,9,"[0.3110394802231661, 0.23517199738277297]",1689,-1
27662,[0.36080455 0.54723311],4,0,"[0.383291892093257, 0.5586820702346661]",1790,-1
27663,[0.68274265 0.58798023],8,-1,-1,267,-1
27664,[0.47657165 0.69595676],5,-1,-1,143,-1
27665,[0.63153075 0.48941014],8,3,"[0.6815204869410737, 0.47689852788858716]",-1,-1
27666,[0.51473521 0.64529617],9,-1,-1,-1,-1
27667,[0.55904718 0.49710304],8,6,"[0.5164739970238864, 0.5319253761973344]",845,-1
27668,[0.59939771 0.5652744 ],5,-1,-1,1317,-1
27669,[0.82965473 0.74166743],1,4,"[0.7726811996944247, 0.7249303226766757]",-1,0
27670,[0.57219299 0.51707722],5,6,"[0.5164739970238864, 0.5319253761973344]",1035,-1
27671,[0.56121474 0.61262093],9,2,"[0.5921204552873188, 0.6383928111301557]",-1,-1
27672,[0.59878803 0.63198675],9,2,"[0.5921204552873188, 0.6383928111301557]",-1,-1
27673,[0.35332348 0.48088317],4,-1,-1,1854,-1
27674,[0.23400234 0.49014827],2,8,"[0.27392971195344684, 0.45973140540928376]",1280,-1
27675,[0.75887404 0.47431058],8,-1,-1,186,-1
27676,[0.19735279 0.29143089],2,5,"[0.23231087327800656, 0.30304944505444303]",933,-1
27677,[0.32067562 0.53932278],4,7,"[0.2817018170798153, 0.5849768676672948]",-1,-1
27678,[0.63790182 0.6107555 ],9,2,"[0.5921204552873188, 0.6383928111301557]",613,-1
27679,[0.86133055 0.6426271 ],1,-1,-1,32,-1
27680,[0.35888123 0.64059306],3,-1,-1,1206,-1
27681,[0.29326569 0.45054979],3,8,"[0.27392971195344684, 0.45973140540928376]",1242,-1
27682,[0.22676855 0.35135626],7,5,"[0.23231087327800656, 0.30304944505444303]",1129,-1
27683,[0.2020351  0.29665859],2,5,"[0.23231087327800656, 0.30304944505444303]",685,-1
27684,[0.38202696 0.56920113],4,0,"[0.383291892093257, 0.5586820702346661]",-1,-1
27685,[0.38398223 0.32310769],2,1,"[0.3897435781344088, 0.3417040596068965]",-1,-1
27686,[0.50356938 0.65908474],9,-1,-1,727,-1
27687,[0.18617209 0.52709132],7,-1,-1,-1,-1
27688,[0.28208986 0.56306961],7,7,"[0.2817018170798153, 0.5849768676672948]",-1,13
27689,[0.61196657 0.48516917],5,-1,-1,-1,-1
27690,[0.24063009 0.52334203],4,-1,-1,-1,-1
27691,[0.77310511 0.69568612],1,4,"[0.7726811996944247, 0.7249303226766757]",448,0
27692,[0.25514989 0.35752746],0,5,"[0.23231087327800656, 0.30304944505444303]",1025,-1
27693,[0.27552416 0.58627642],7,7,"[0.2817018170798153, 0.5849768676672948]",-1,-1
27694,[0.29796317 0.27720288],0,9,"[0.3110394802231661, 0.23517199738277297]",-1,-1
27695,[0.48264506 0.59850072],5,-1,-1,1153,-1
27696,[0.52585414 0.61399713],5,-1,-1,1145,-1
27697,[0.25544434 0.2788424 ],0,5,"[0.23231087327800656, 0.30304944505444303]",-1,-1
27698,[0.62775841 0.60268676],9,2,"[0.5921204552873188, 0.6383928111301557]",-1,-1
27699,[0.24979027 0.32590098],2,5,"[0.23231087327800656, 0.30304944505444303]",-1,7
27700,[0.24362763 0.1997453 ],0,-1,-1,526,-1
27701,[0.51065647 0.50591937],5,6,"[0.5164739970238864, 0.5319253761973344]",661,-1
27702,[0.34939106 0.54013992],3,0,"[0.383291892093257, 0.5586820702346661]",1969,16
27703,[0.75327224 0.74186221],1,4,"[0.7726811996944247, 0.7249303226766757]",451,0
27704,[0.65968151 0.47471176],8,3,"[0.6815204869410737, 0.47689852788858716]",-1,-1
27705,[0.82461377 0.7995516 ],1,-1,-1,-1,0
27706,[0.34826951 0.47729318],7,-1,-1,1890,-1
27707,[0.32118545 0.53475215],4,7,"[0.2817018170798153, 0.5849768676672948]",1932,-1
27708,[0.39748237 0.49146194],7,0,"[0.383291892093257, 0.5586820702346661]",1036,-1
27709,[0.21925289 0.580422  ],7,7,"[0.2817018170798153, 0.5849768676672948]",380,-1
27710,[0.27402486 0.56081415],4,7,"[0.2817018170798153, 0.5849768676672948]",1875,-1
27711,[0.33898599 0.57954562],4,0,"[0.383291892093257, 0.5586820702346661]",-1,-1
27712,[0.3676967  0.37604125],6,1,"[0.3897435781344088, 0.3417040596068965]",-1,-1
27713,[0.41310568 0.23475952],6,-1,-1,-1,-1
27714,[0.41300488 0.52884811],4,0,"[0.383291892093257, 0.5586820702346661]",-1,-1
27715,[0.26311407 0.46889876],4,8,"[0.27392971195344684, 0.45973140540928376]",1595,-1
27716,[0.70036845 0.5060189 ],8,3,"[0.6815204869410737, 0.47689852788858716]",739,-1
27717,[0.39126768 0.44180044],6,-1,-1,567,-1
27718,[0.40712527 0.41317429],2,-1,-1,-1,-1
27719,[0.55878015 0.67586136],9,2,"[0.5921204552873188, 0.6383928111301557]",768,-1
27720,[0.29571767 0.5587528 ],7,7,"[0.2817018170798153, 0.5849768676672948]",-1,-1
27721,[0.49202662 0.63971613],5,-1,-1,647,-1
27722,[0.34908066 0.21286294],6,9,"[0.3110394802231661, 0.23517199738277297]",500,-1
27723,[0.83475865 0.79662339],1,-1,-1,-1,0
27724,[0.59436258 0.68574647],9,2,"[0.5921204552873188, 0.6383928111301557]",654,-1
27725,[0.49229234 0.62676066],9,-1,-1,-1,-1
27726,[0.79094763 0.71941509],1,4,"[0.7726811996944247, 0.7249303226766757]",-1,0
27727,[0.3382493  0.50042957],4,-1,-1,-1,15
27728,[0.65134014 0.49096914],9,3,"[0.6815204869410737, 0.47689852788858716]",818,1
27729,[0.36433307 0.29139891],0,1,"[0.3897435781344088, 0.3417040596068965]",1542,-1
27730,[0.29466482 0.28708303],0,9,"[0.3110394802231661, 0.23517199738277297]",1554,-1
27731,[0.27819422 0.22566794],0,9,"[0.3110394802231661, 0.23517199738277297]",1334,-1
27732,[0.71345484 0.57808821],9,-1,-1,229,-1
27733,[0.17557712 0.57283218],7,-1,-1,101,-1
27734,[0.35685589 0.38126228],6,1,"[0.3897435781344088, 0.3417040596068965]",-1,-1
27735,[0.6234243  0.68062022],9,2,"[0.5921204552873188, 0.6383928111301557]",660,-1
27736,[0.19490275 0.36648207],2,-1,-1,650,-1
27737,[0.38459618 0.62454272],3,0,"[0.383291892093257, 0.5586820702346661]",894,-1
27738,[0.26415926 0.22599548],0,9,"[0.3110394802231661, 0.23517199738277297]",-1,-1
27739,[0.20385508 0.43988686],7,-1,-1,-1,-1
27740,[0.32536691 0.62948073],4,7,"[0.2817018170798153, 0.5849768676672948]",-1,-1
27741,[0.35724773 0.40633898],2,-1,-1,877,-1
27742,[0.78790855 0.69806437],1,4,"[0.7726811996944247, 0.7249303226766757]",448,0
27743,[0.3741722  0.27491272],6,1,"[0.3897435781344088, 0.3417040596068965]",-1,-1
27744,[0.34228671 0.69787909],3,-1,-1,66,-1
27745,[0.50499522 0.55130489],5,6,"[0.5164739970238864, 0.5319253761973344]",1185,-1
27746,[0.64097031 0.57367477],9,-1,-1,811,-1
27747,[0.2380515  0.49548768],7,8,"[0.27392971195344684, 0.45973140540928376]",1280,-1
27748,[0.36192851 0.4732209 ],7,-1,-1,1560,-1
27749,[0.61559741 0.51119201],8,-1,-1,867,-1
27750,[0.31886212 0.55469424],7,7,"[0.2817018170798153, 0.5849768676672948]",1991,17
27751,[0.3778283  0.66950541],3,-1,-1,702,-1
27752,[0.44202701 0.36611351],6,1,"[0.3897435781344088, 0.3417040596068965]",-1,-1
27753,[0.66089873 0.43922362],8,3,"[0.6815204869410737, 0.47689852788858716]",732,-1
27754,[0.62693498 0.67595458],1,2,"[0.5921204552873188, 0.6383928111301557]",-1,-1
27755,[0.3388258  0.63262241],4,-1,-1,1047,-1
27756,[0.23524262 0.21357903],2,-1,-1,-1,-1
27757,[0.2753668  0.30577996],0,5,"[0.23231087327800656, 0.30304944505444303]",-1,-1
27758,[0.47736974 0.57826543],3,6,"[0.5164739970238864, 0.5319253761973344]",-1,-1
27759,[0.56789945 0.50677318],5,6,"[0.5164739970238864, 0.5319253761973344]",851,-1
27760,[0.23913658 0.30164031],2,5,"[0.23231087327800656, 0.30304944505444303]",-1,-1
27761,[0.22631582 0.22148336],0,-1,-1,871,-1
27762,[0.24707932 0.28761143],2,5,"[0.23231087327800656, 0.30304944505444303]",1640,-1
27763,[0.37439936 0.31949393],2,1,"[0.3897435781344088, 0.3417040596068965]",-1,-1
27764,[0.23663952 0.39515931],0,-1,-1,-1,-1
27765,[0.52755393 0.58843564],5,6,"[0.5164739970238864, 0.5319253761973344]",1372,-1
27766,[0.32431613 0.39700203],2,-1,-1,1215,-1
27767,[0.80093607 0.68882385],1,4,"[0.7726811996944247, 0.7249303226766757]",354,0
27768,[0.633542   0.71893346],9,-1,-1,283,-1
27769,[0.72141879 0.69146178],1,4,"[0.7726811996944247, 0.7249303226766757]",393,0
27770,[0.31709157 0.52873159],7,7,"[0.2817018170798153, 0.5849768676672948]",1841,-1
27771,[0.18207455 0.32589422],2,5,"[0.23231087327800656, 0.30304944505444303]",497,-1
27772,[0.50605666 0.64298709],5,-1,-1,-1,-1
27773,[0.40031835 0.63529268],4,-1,-1,751,-1
27774,[0.23746224 0.45911342],7,8,"[0.27392971195344684, 0.45973140540928376]",-1,-1
27775,[0.27849959 0.65310678],4,7,"[0.2817018170798153, 0.5849768676672948]",187,-1
27776,[0.21034646 0.48513038],7,8,"[0.27392971195344684, 0.45973140540928376]",-1,-1
27777,[0.31585118 0.33194685],6,-1,-1,1604,-1
27778,[0.76300091 0.74958514],1,4,"[0.7726811996944247, 0.7249303226766757]",430,0
27779,[0.69286453 0.57881728],9,-1,-1,235,-1
27780,[0.48800869 0.71619565],9,-1,-1,129,-1
27781,[0.67288703 0.43147805],8,3,"[0.6815204869410737, 0.47689852788858716]",612,-1
27782,[0.54966785 0.55217945],5,6,"[0.5164739970238864, 0.5319253761973344]",1406,6
27783,[0.6971389 0.4439455],8,3,"[0.6815204869410737, 0.47689852788858716]",595,-1
27784,[0.29428607 0.33715569],2,-1,-1,-1,-1
27785,[0.45298905 0.58917804],3,-1,-1,1238,4
27786,[0.3152913  0.59864339],4,7,"[0.2817018170798153, 0.5849768676672948]",1937,-1
27787,[0.37632132 0.54033268],3,0,"[0.383291892093257, 0.5586820702346661]",-1,-1
27788,[0.27914071 0.1040007 ],0,-1,-1,-1,-1
27789,[0.31975563 0.35425924],7,-1,-1,1485,-1
27790,[0.60467069 0.40697246],5,-1,-1,164,-1
27791,[0.31980498 0.63828042],4,7,"[0.2817018170798153, 0.5849768676672948]",887,-1
27792,[0.70724649 0.38445546],8,-1,-1,151,-1
27793,[0.67616214 0.72916895],1,-1,-1,197,0
27794,[0.29020957 0.31818631],2,5,"[0.23231087327800656, 0.30304944505444303]",1621,-1
27795,[0.6362533  0.43798163],8,3,"[0.6815204869410737, 0.47689852788858716]",678,-1
27796,[0.21759403 0.52401952],4,-1,-1,1169,-1
27797,[0.65355667 0.38447367],8,-1,-1,242,-1
27798,[0.2898493  0.45554987],7,8,"[0.27392971195344684, 0.45973140540928376]",1242,-1
27799,[0.49345692 0.67777459],9,-1,-1,-1,-1
27800,[0.3695845  0.48188688],4,-1,-1,1561,-1
27801,[0.58979797 0.64740353],9,2,"[0.5921204552873188, 0.6383928111301557]",-1,-1
27802,[0.36515917 0.31176689],0,1,"[0.3897435781344088, 0.3417040596068965]",-1,-1
27803,[0.26716328 0.25950577],2,9,"[0.3110394802231661, 0.23517199738277297]",1049,-1
27804,[0.49986348 0.57362849],5,6,"[0.5164739970238864, 0.5319253761973344]",1380,6
27805,[0.38485481 0.50658112],4,0,"[0.383291892093257, 0.5586820702346661]",-1,-1
27806,[0.53694081 0.61937631],9,2,"[0.5921204552873188, 0.6383928111301557]",-1,-1
27807,[0.26701297 0.53676793],3,7,"[0.2817018170798153, 0.5849768676672948]",-1,-1
27808,[0.84000697 0.76026752],1,-1,-1,297,0
27809,[0.25601051 0.57602166],4,7,"[0.2817018170798153, 0.5849768676672948]",1562,-1
27810,[0.36418708 0.58367617],4,0,"[0.383291892093257, 0.5586820702346661]",1847,12
27811,[0.31046548 0.38441315],6,-1,-1,1420,-1
27812,[0.67466281 0.4573673 ],8,3,"[0.6815204869410737, 0.47689852788858716]",-1,-1
27813,[0.26728582 0.2721978 ],0,5,"[0.23231087327800656, 0.30304944505444303]",1635,-1
27814,[0.77060536 0.69218725],1,4,"[0.7726811996944247, 0.7249303226766757]",448,0
27815,[0.71085716 0.52770504],8,3,"[0.6815204869410737, 0.47689852788858716]",-1,-1
27816,[0.39930634 0.25578661],6,-1,-1,-1,-1
27817,[0.29218499 0.45069006],7,8,"[0.27392971195344684, 0.45973140540928376]",1242,-1
27818,[0.231716   0.48800043],7,8,"[0.27392971195344684, 0.45973140540928376]",-1,-1
27819,[0.35920038 0.31910257],6,1,"[0.3897435781344088, 0.3417040596068965]",-1,-1
27820,[0.37673385 0.25010324],6,9,"[0.3110394802231661, 0.23517199738277297]",-1,-1
27821,[0.32122444 0.54963053],3,7,"[0.2817018170798153, 0.5849768676672948]",-1,17
27822,[0.72520992 0.38876294],8,-1,-1,149,-1
27823,[0.41286292 0.47266265],4,-1,-1,-1,-1
27824,[0.34769335 0.30458384],0,1,"[0.3897435781344088, 0.3417040596068965]",1529,-1
27825,[0.3188617  0.63767202],4,7,"[0.2817018170798153, 0.5849768676672948]",887,-1
27826,[0.12935012 0.35089068],2,-1,-1,-1,-1
27827,[0.41001831 0.62389738],3,-1,-1,-1,-1
27828,[0.47431668 0.38078227],6,-1,-1,321,-1
27829,[0.32791994 0.28280657],6,9,"[0.3110394802231661, 0.23517199738277297]",1520,-1
27830,[0.47470716 0.5139157 ],5,6,"[0.5164739970238864, 0.5319253761973344]",1002,-1
27831,[0.37824621 0.36890983],6,1,"[0.3897435781344088, 0.3417040596068965]",1062,-1
27832,[0.75832899 0.47303144],8,-1,-1,186,-1
27833,[0.29018431 0.58760321],4,7,"[0.2817018170798153, 0.5849768676672948]",1810,-1
27834,[0.83904547 0.75929644],1,-1,-1,297,0
27835,[0.34461297 0.27307529],2,9,"[0.3110394802231661, 0.23517199738277297]",1119,-1
27836,[0.27559755 0.26006549],0,9,"[0.3110394802231661, 0.23517199738277297]",1606,-1
27837,[0.64758843 0.59430089],5,-1,-1,1013,-1
27838,[0.50198112 0.2709443 ],6,-1,-1,-1,-1
27839,[0.71609196 0.45762097],8,3,"[0.6815204869410737, 0.47689852788858716]",693,-1
27840,[0.61504486 0.5190305 ],8,-1,-1,-1,-1
27841,[0.50988346 0.64566715],9,-1,-1,937,-1
27842,[0.77305983 0.46735435],8,-1,-1,-1,-1
27843,[0.29180186 0.19690497],0,9,"[0.3110394802231661, 0.23517199738277297]",425,-1
27844,[0.28705301 0.32972024],2,5,"[0.23231087327800656, 0.30304944505444303]",-1,-1
27845,[0.6090784 0.5925793],9,2,"[0.5921204552873188, 0.6383928111301557]",-1,-1
27846,[0.3362502  0.26886645],6,9,"[0.3110394802231661, 0.23517199738277297]",1030,-1
27847,[0.4225798  0.36395941],6,1,"[0.3897435781344088, 0.3417040596068965]",682,-1
27848,[0.50344122 0.53140384],5,6,"[0.5164739970238864, 0.5319253761973344]",-1,-1
27849,[0.21096048 0.37459292],0,-1,-1,-1,-1
27850,[0.30992185 0.34952516],2,-1,-1,1630,8
27851,[0.69267781 0.55268483],8,-1,-1,600,-1
27852,[0.34973577 0.43368769],4,-1,-1,-1,-1
27853,[0.64582282 0.52409952],9,3,"[0.6815204869410737, 0.47689852788858716]",-1,-1
27854,[0.27775783 0.43102204],7,8,"[0.27392971195344684, 0.45973140540928376]",1236,-1
27855,[0.66090765 0.7871465 ],9,-1,-1,-1,-1
27856,[0.82929235 0.65903711],1,-1,-1,170,0
27857,[0.69190372 0.47721948],8,3,"[0.6815204869410737, 0.47689852788858716]",808,2
27858,[0.43060057 0.58641619],3,0,"[0.383291892093257, 0.5586820702346661]",-1,-1
27859,[0.65028778 0.48858873],8,3,"[0.6815204869410737, 0.47689852788858716]",818,1
27860,[0.86991365 0.65592329],1,-1,-1,-1,-1
27861,[0.75786372 0.73821324],1,4,"[0.7726811996944247, 0.7249303226766757]",-1,0
27862,[0.48242257 0.63956192],3,-1,-1,647,-1
27863,[0.30663736 0.51261453],4,8,"[0.27392971195344684, 0.45973140540928376]",-1,15
27864,[0.36737071 0.47623377],7,-1,-1,-1,-1
27865,[0.4350725  0.52856018],4,0,"[0.383291892093257, 0.5586820702346661]",-1,-1
27866,[0.5625107 0.7293216],9,-1,-1,-1,-1
27867,[0.49656197 0.34480356],6,-1,-1,168,-1
27868,[0.29181273 0.24649063],2,9,"[0.3110394802231661, 0.23517199738277297]",1465,-1
27869,[0.85427092 0.70054274],1,-1,-1,-1,0
27870,[0.27271849 0.55039615],7,7,"[0.2817018170798153, 0.5849768676672948]",1698,-1
27871,[0.34590586 0.35622313],0,1,"[0.3897435781344088, 0.3417040596068965]",1353,-1
27872,[0.4039069  0.59572643],3,0,"[0.383291892093257, 0.5586820702346661]",1724,-1
27873,[0.85846318 0.66397351],1,-1,-1,81,-1
27874,[0.22908152 0.47164419],7,8,"[0.27392971195344684, 0.45973140540928376]",724,-1
27875,[0.51942976 0.71618208],9,-1,-1,-1,-1
27876,[0.63784443 0.69168802],9,-1,-1,488,-1
27877,[0.72458689 0.45484132],8,3,"[0.6815204869410737, 0.47689852788858716]",693,-1
27878,[0.33510859 0.5692582 ],7,0,"[0.383291892093257, 0.5586820702346661]",-1,-1
27879,[0.34896408 0.1949243 ],6,9,"[0.3110394802231661, 0.23517199738277297]",161,-1
27880,[0.31484176 0.38379215],2,-1,-1,1420,-1
27881,[0.35301361 0.64418296],4,-1,-1,950,-1
27882,[0.87485452 0.67418943],1,-1,-1,-1,-1
27883,[0.20952522 0.59257015],4,-1,-1,181,-1
27884,[0.34536582 0.40984528],6,-1,-1,880,-1
27885,[0.70539312 0.46736235],8,3,"[0.6815204869410737, 0.47689852788858716]",717,-1
27886,[0.2878373  0.45090918],4,8,"[0.27392971195344684, 0.45973140540928376]",-1,-1
27887,[0.56599315 0.72690417],9,-1,-1,-1,-1
27888,[0.67091216 0.42364903],8,3,"[0.6815204869410737, 0.47689852788858716]",612,-1
27889,[0.31374738 0.58190941],3,7,"[0.2817018170798153, 0.5849768676672948]",-1,17
27890,[0.44756345 0.6030364 ],3,-1,-1,-1,-1
27891,[0.42449175 0.29180707],0,1,"[0.3897435781344088, 0.3417040596068965]",775,-1
27892,[0.58664772 0.72200917],9,-1,-1,510,-1
27893,[0.68122483 0.5264864 ],8,3,"[0.6815204869410737, 0.47689852788858716]",-1,-1
27894,[0.62933745 0.79158676],1,-1,-1,-1,-1
27895,[0.17147323 0.34349873],2,-1,-1,-1,-1
27896,[0.32133652 0.62434083],3,7,"[0.2817018170798153, 0.5849768676672948]",1395,-1
27897,[0.33890474 0.24956374],0,9,"[0.3110394802231661, 0.23517199738277297]",-1,-1
27898,[0.6746983  0.75150531],1,-1,-1,-1,0
27899,[0.25709439 0.3545335 ],2,5,"[0.23231087327800656, 0.30304944505444303]",-1,-1
27900,[0.27043941 0.13646751],0,-1,-1,56,-1
27901,[0.6807764  0.45910684],8,3,"[0.6815204869410737, 0.47689852788858716]",735,-1
27902,[0.26526576 0.29292052],0,5,"[0.23231087327800656, 0.30304944505444303]",-1,-1
27903,[0.15479872 0.4959056 ],4,-1,-1,-1,-1
27904,[0.23035287 0.56031401],7,7,"[0.2817018170798153, 0.5849768676672948]",1288,-1
27905,[0.28840203 0.60094855],4,7,"[0.2817018170798153, 0.5849768676672948]",1693,-1
27906,[0.55706952 0.65007552],9,2,"[0.5921204552873188, 0.6383928111301557]",1212,-1
27907,[0.74381986 0.51105162],8,-1,-1,480,-1
27908,[0.85675507 0.75320823],1,-1,-1,130,0
27909,[0.45503333 0.27281891],6,-1,-1,585,-1
27910,[0.88776423 0.74398288],1,-1,-1,87,-1
27911,[0.37101517 0.59457113],3,0,"[0.383291892093257, 0.5586820702346661]",-1,-1
27912,[0.27997071 0.4308158 ],3,8,"[0.27392971195344684, 0.45973140540928376]",-1,-1
27913,[0.34146037 0.36481316],2,1,"[0.3897435781344088, 0.3417040596068965]",-1,-1
27914,[0.79158262 0.73383625],1,4,"[0.7726811996944247, 0.7249303226766757]",-1,0
27915,[0.23984826 0.30757072],0,5,"[0.23231087327800656, 0.30304944505444303]",1567,-1
27916,[0.29506372 0.29218694],0,9,"[0.3110394802231661, 0.23517199738277297]",1689,11
27917,[0.42366518 0.65250008],3,-1,-1,183,-1
27918,[0.45482572 0.6104457 ],5,-1,-1,-1,-1
27919,[0.50900026 0.52093659],5,6,"[0.5164739970238864, 0.5319253761973344]",-1,-1
27920,[0.3689877  0.41339974],6,-1,-1,721,-1
27921,[0.30901741 0.29909253],0,9,"[0.3110394802231661, 0.23517199738277297]",1614,-1
27922,[0.22310046 0.44923932],7,8,"[0.27392971195344684, 0.45973140540928376]",-1,-1
27923,[0.24889517 0.58261768],7,7,"[0.2817018170798153, 0.5849768676672948]",-1,-1
27924,[0.81106929 0.73386389],1,4,"[0.7726811996944247, 0.7249303226766757]",457,0
27925,[0.77654524 0.69292862],1,4,"[0.7726811996944247, 0.7249303226766757]",448,0
27926,[0.32657414 0.45580412],4,8,"[0.27392971195344684, 0.45973140540928376]",-1,-1
27927,[0.45940488 0.40682322],6,-1,-1,207,-1
27928,[0.27536086 0.61301111],7,7,"[0.2817018170798153, 0.5849768676672948]",-1,-1
27929,[0.33374468 0.57573507],3,0,"[0.383291892093257, 0.5586820702346661]",1979,-1
27930,[0.22767066 0.50997543],2,8,"[0.27392971195344684, 0.45973140540928376]",924,-1
27931,[0.7234386  0.46145128],8,3,"[0.6815204869410737, 0.47689852788858716]",-1,-1
27932,[0.81766598 0.72310928],1,4,"[0.7726811996944247, 0.7249303226766757]",456,0
27933,[0.56374414 0.57401344],5,6,"[0.5164739970238864, 0.5319253761973344]",-1,-1
27934,[0.60842015 0.47538299],8,-1,-1,622,-1
27935,[0.15443602 0.42979046],0,-1,-1,-1,-1
27936,[0.55480765 0.64430408],9,2,"[0.5921204552873188, 0.6383928111301557]",-1,-1
27937,[0.71201512 0.47379688],8,3,"[0.6815204869410737, 0.47689852788858716]",780,-1
27938,[0.17001808 0.16577836],0,-1,-1,-1,-1
27939,[0.71575256 0.4308378 ],8,3,"[0.6815204869410737, 0.47689852788858716]",-1,-1
27940,[0.68085944 0.54344949],8,3,"[0.6815204869410737, 0.47689852788858716]",672,-1
27941,[0.22383267 0.53957652],7,-1,-1,-1,-1
27942,[0.74206356 0.73637988],1,4,"[0.7726811996944247, 0.7249303226766757]",452,0
27943,[0.71016379 0.64870916],9,-1,-1,221,0
27944,[0.29031393 0.49229016],4,8,"[0.27392971195344684, 0.45973140540928376]",1791,-1
27945,[0.47507246 0.18445947],6,-1,-1,-1,-1
27946,[0.37147202 0.53654521],5,0,"[0.383291892093257, 0.5586820702346661]",-1,-1
27947,[0.34569974 0.32942722],6,1,"[0.3897435781344088, 0.3417040596068965]",-1,-1
27948,[0.15216615 0.47456811],4,-1,-1,-1,-1
27949,[0.29709768 0.5702944 ],4,7,"[0.2817018170798153, 0.5849768676672948]",1837,-1
27950,[0.25724513 0.52064392],4,8,"[0.27392971195344684, 0.45973140540928376]",-1,-1
27951,[0.81086733 0.56336748],8,-1,-1,-1,-1
27952,[0.75483297 0.63534644],1,-1,-1,-1,0
27953,[0.24778192 0.59446925],4,7,"[0.2817018170798153, 0.5849768676672948]",-1,-1
27954,[0.26551097 0.44586311],7,8,"[0.27392971195344684, 0.45973140540928376]",1250,-1
27955,[0.63985017 0.49074869],5,3,"[0.6815204869410737, 0.47689852788858716]",819,1
27956,[0.51457862 0.4915944 ],5,6,"[0.5164739970238864, 0.5319253761973344]",-1,-1
27957,[0.70110579 0.64216521],9,-1,-1,-1,-1
27958,[0.80732818 0.7139687 ],1,4,"[0.7726811996944247, 0.7249303226766757]",-1,0
27959,[0.73122703 0.52312573],8,3,"[0.6815204869410737, 0.47689852788858716]",487,-1
27960,[0.36868883 0.31657976],0,1,"[0.3897435781344088, 0.3417040596068965]",1546,-1
27961,[0.36736594 0.52885343],3,0,"[0.383291892093257, 0.5586820702346661]",1934,-1
27962,[0.27360613 0.47260355],7,8,"[0.27392971195344684, 0.45973140540928376]",-1,-1
27963,[0.28404793 0.53495812],7,7,"[0.2817018170798153, 0.5849768676672948]",-1,14
27964,[0.2881478  0.55802048],4,7,"[0.2817018170798153, 0.5849768676672948]",1908,13
27965,[0.54735792 0.68982187],5,2,"[0.5921204552873188, 0.6383928111301557]",-1,-1
27966,[0.49399827 0.75246802],9,-1,-1,4,-1
27967,[0.70452532 0.46317698],8,3,"[0.6815204869410737, 0.47689852788858716]",717,-1
27968,[0.47744179 0.75769019],9,-1,-1,-1,-1
27969,[0.62815942 0.47224501],8,3,"[0.6815204869410737, 0.47689852788858716]",623,-1
27970,[0.60116793 0.62182067],9,2,"[0.5921204552873188, 0.6383928111301557]",-1,-1
27971,[0.34924994 0.31427136],6,1,"[0.3897435781344088, 0.3417040596068965]",-1,-1
27972,[0.27055563 0.5643517 ],7,7,"[0.2817018170798153, 0.5849768676672948]",1874,-1
27973,[0.37840222 0.22755917],6,9,"[0.3110394802231661, 0.23517199738277297]",484,-1
27974,[0.32094657 0.39014376],2,-1,-1,1426,-1
27975,[0.59055327 0.72070464],9,-1,-1,-1,-1
27976,[0.19969516 0.33499406],2,5,"[0.23231087327800656, 0.30304944505444303]",-1,-1
27977,[0.53604402 0.52437192],5,6,"[0.5164739970238864, 0.5319253761973344]",-1,-1
27978,[0.23586219 0.49078817],4,8,"[0.27392971195344684, 0.45973140540928376]",1280,-1
27979,[0.27702361 0.22906498],2,9,"[0.3110394802231661, 0.23517199738277297]",-1,-1
27980,[0.63625641 0.47985741],8,3,"[0.6815204869410737, 0.47689852788858716]",-1,-1
27981,[0.32676665 0.4649429 ],2,8,"[0.27392971195344684, 0.45973140540928376]",-1,-1
27982,[0.43478767 0.38151326],6,1,"[0.3897435781344088, 0.3417040596068965]",742,-1
27983,[0.21292435 0.20670366],0,-1,-1,244,-1
27984,[0.84040189 0.70765676],1,4,"[0.7726811996944247, 0.7249303226766757]",-1,0
27985,[0.48195569 0.46897699],5,-1,-1,278,-1
27986,[0.25450109 0.50542279],7,8,"[0.27392971195344684, 0.45973140540928376]",-1,-1
27987,[0.18805495 0.271003  ],0,5,"[0.23231087327800656, 0.30304944505444303]",-1,-1
27988,[0.28832732 0.21164146],2,9,"[0.3110394802231661, 0.23517199738277297]",1028,-1
27989,[0.31124379 0.28659946],0,9,"[0.3110394802231661, 0.23517199738277297]",1614,11
27990,[0.13019791 0.25048931],0,-1,-1,-1,-1
27991,[0.35864462 0.62589802],4,-1,-1,1304,-1
27992,[0.69280018 0.61971728],9,-1,-1,-1,-1
27993,[0.2029533  0.41786481],2,-1,-1,-1,-1
27994,[0.66816839 0.51899761],8,3,"[0.6815204869410737, 0.47689852788858716]",828,-1
27995,[0.23435262 0.22079178],0,-1,-1,-1,-1
27996,[0.47262559 0.52708527],3,6,"[0.5164739970238864, 0.5319253761973344]",957,-1
27997,[0.39540998 0.51920857],3,0,"[0.383291892093257, 0.5586820702346661]",-1,-1
27998,[0.40594511 0.52990997],3,0,"[0.383291892093257, 0.5586820702346661]",-1,-1
27999,[0.3716107  0.55176233],4,0,"[0.383291892093257, 0.5586820702346661]",-1,-1
28000,[0.33104597 0.51897866],3,0,"[0.383291892093257, 0.5586820702346661]",-1,-1
28001,[0.41383253 0.31673489],6,1,"[0.3897435781344088, 0.3417040596068965]",911,-1
28002,[0.33939566 0.59891092],7,7,"[0.2817018170798153, 0.5849768676672948]",1864,-1
28003,[0.68183689 0.37791057],8,-1,-1,159,-1
28004,[0.20953168 0.69997624],4,-1,-1,-1,-1
28005,[0.32251196 0.72745497],3,-1,-1,-1,-1
28006,[0.36731654 0.5987209 ],4,0,"[0.383291892093257, 0.5586820702346661]",-1,-1
28007,[0.83262115 0.73226767],1,4,"[0.7726811996944247, 0.7249303226766757]",341,0
28008,[0.35416775 0.55858657],3,0,"[0.383291892093257, 0.5586820702346661]",1952,-1
28009,[0.23575308 0.23830468],2,5,"[0.23231087327800656, 0.30304944505444303]",1314,-1
28010,[0.17653464 0.36645941],2,-1,-1,145,-1
28011,[0.2475935  0.57271638],4,7,"[0.2817018170798153, 0.5849768676672948]",-1,-1
28012,[0.63771187 0.7186747 ],9,-1,-1,282,-1
28013,[0.37686924 0.39800786],6,1,"[0.3897435781344088, 0.3417040596068965]",722,-1
28014,[0.23029875 0.4414883 ],7,8,"[0.27392971195344684, 0.45973140540928376]",586,-1
28015,[0.68884717 0.53406038],8,3,"[0.6815204869410737, 0.47689852788858716]",-1,-1
28016,[0.29111139 0.58837739],7,7,"[0.2817018170798153, 0.5849768676672948]",1810,-1
28017,[0.42625818 0.60412016],3,0,"[0.383291892093257, 0.5586820702346661]",1574,-1
28018,[0.2577487  0.29838689],2,5,"[0.23231087327800656, 0.30304944505444303]",-1,-1
28019,[0.50257889 0.66720825],9,-1,-1,-1,-1
28020,[0.23131962 0.52415799],3,-1,-1,1477,-1
28021,[0.4951264 0.5210924],5,6,"[0.5164739970238864, 0.5319253761973344]",936,-1
28022,[0.57504897 0.46478727],8,-1,-1,517,-1
28023,[0.59594772 0.69279224],9,2,"[0.5921204552873188, 0.6383928111301557]",-1,-1
28024,[0.24455253 0.27671254],0,5,"[0.23231087327800656, 0.30304944505444303]",-1,-1
28025,[0.27787434 0.34213699],2,5,"[0.23231087327800656, 0.30304944505444303]",-1,-1
28026,[0.14397767 0.51051051],7,-1,-1,-1,-1
28027,[0.44113557 0.57406032],4,0,"[0.383291892093257, 0.5586820702346661]",-1,-1
28028,[0.38640579 0.33673493],6,1,"[0.3897435781344088, 0.3417040596068965]",1476,-1
28029,[0.38173944 0.52087072],4,0,"[0.383291892093257, 0.5586820702346661]",1783,-1
28030,[0.29290319 0.50695458],7,8,"[0.27392971195344684, 0.45973140540928376]",-1,-1
28031,[0.33747583 0.55018665],3,0,"[0.383291892093257, 0.5586820702346661]",1957,17
28032,[0.42663347 0.48129492],5,-1,-1,767,-1
28033,[0.59947961 0.67212696],9,2,"[0.5921204552873188, 0.6383928111301557]",-1,-1
28034,[0.64257733 0.73279113],9,-1,-1,-1,-1
28035,[0.56298389 0.62950862],9,2,"[0.5921204552873188, 0.6383928111301557]",-1,6
28036,[0.32408727 0.56267528],4,7,"[0.2817018170798153, 0.5849768676672948]",1977,-1
28037,[0.57769443 0.56468279],9,6,"[0.5164739970238864, 0.5319253761973344]",1394,-1
28038,[0.2720067  0.50953937],4,8,"[0.27392971195344684, 0.45973140540928376]",-1,-1
28039,[0.3357398  0.38709915],2,-1,-1,-1,-1
28040,[0.77031321 0.62532164],8,-1,-1,-1,0
28041,[0.55795708 0.54465534],5,6,"[0.5164739970238864, 0.5319253761973344]",-1,6
28042,[0.23594332 0.42180742],2,8,"[0.27392971195344684, 0.45973140540928376]",-1,-1
28043,[0.313578   0.40824802],6,8,"[0.27392971195344684, 0.45973140540928376]",928,-1
28044,[0.36982761 0.6107391 ],3,0,"[0.383291892093257, 0.5586820702346661]",-1,-1
28045,[0.7707806  0.67780289],1,4,"[0.7726811996944247, 0.7249303226766757]",399,0
28046,[0.59403702 0.62407181],9,2,"[0.5921204552873188, 0.6383928111301557]",-1,-1
28047,[0.87735551 0.52609706],1,-1,-1,-1,-1
28048,[0.42645666 0.2764019 ],6,-1,-1,532,-1
28049,[0.47807205 0.35012664],6,-1,-1,-1,-1
28050,[0.61120186 0.54480658],8,-1,-1,-1,-1
28051,[0.26260686 0.36355141],2,5,"[0.23231087327800656, 0.30304944505444303]",1416,-1
28052,[0.39794904 0.2978253 ],6,1,"[0.3897435781344088, 0.3417040596068965]",-1,-1
28053,[0.23923947 0.3326181 ],2,5,"[0.23231087327800656, 0.30304944505444303]",-1,-1
28054,[0.91432088 0.73752982],1,-1,-1,5,-1
28055,[0.51703398 0.57393674],9,6,"[0.5164739970238864, 0.5319253761973344]",-1,-1
28056,[0.25047452 0.4636793 ],7,8,"[0.27392971195344684, 0.45973140540928376]",-1,-1
28057,[0.2708798  0.26832219],0,5,"[0.23231087327800656, 0.30304944505444303]",1635,-1
28058,[0.29944593 0.45189259],7,8,"[0.27392971195344684, 0.45973140540928376]",-1,-1
28059,[0.5475076  0.56715573],9,6,"[0.5164739970238864, 0.5319253761973344]",1441,6
28060,[0.63995322 0.59906475],9,2,"[0.5921204552873188, 0.6383928111301557]",-1,-1
28061,[0.33647752 0.51133525],3,0,"[0.383291892093257, 0.5586820702346661]",1880,-1
28062,[0.42010027 0.64740524],9,-1,-1,541,-1
28063,[0.4208967  0.58444857],5,0,"[0.383291892093257, 0.5586820702346661]",1711,-1
28064,[0.5797985  0.65728721],9,2,"[0.5921204552873188, 0.6383928111301557]",1124,-1
28065,[0.34634847 0.55247223],4,0,"[0.383291892093257, 0.5586820702346661]",-1,-1
28066,[0.36932628 0.3126305 ],2,1,"[0.3897435781344088, 0.3417040596068965]",-1,-1
28067,[0.39107306 0.36766613],2,1,"[0.3897435781344088, 0.3417040596068965]",1064,-1
28068,[0.21946871 0.58876952],7,7,"[0.2817018170798153, 0.5849768676672948]",380,-1
28069,[0.45172603 0.31658459],6,1,"[0.3897435781344088, 0.3417040596068965]",524,-1
28070,[0.38808568 0.51381858],3,0,"[0.383291892093257, 0.5586820702346661]",1781,-1
28071,[0.3215384  0.49050424],7,8,"[0.27392971195344684, 0.45973140540928376]",1868,-1
28072,[0.74954859 0.67559328],1,4,"[0.7726811996944247, 0.7249303226766757]",-1,0
28073,[0.84876356 0.45630364],8,-1,-1,-1,-1
28074,[0.59287138 0.68760372],9,2,"[0.5921204552873188, 0.6383928111301557]",654,-1
28075,[0.31534786 0.29570743],6,9,"[0.3110394802231661, 0.23517199738277297]",-1,11
28076,[0.3458803 0.6143224],4,0,"[0.383291892093257, 0.5586820702346661]",1830,-1
28077,[0.59219727 0.59955374],9,2,"[0.5921204552873188, 0.6383928111301557]",-1,-1
28078,[0.60827987 0.56784512],5,-1,-1,-1,-1
28079,[0.74409145 0.69700364],1,4,"[0.7726811996944247, 0.7249303226766757]",435,0
28080,[0.29163577 0.45046448],2,8,"[0.27392971195344684, 0.45973140540928376]",1242,-1
28081,[0.36801704 0.46450657],5,-1,-1,1055,-1
28082,[0.6865411  0.80130823],9,-1,-1,-1,-1
28083,[0.26809342 0.22428045],0,9,"[0.3110394802231661, 0.23517199738277297]",-1,-1
28084,[0.54567    0.62084839],5,2,"[0.5921204552873188, 0.6383928111301557]",1269,-1
28085,[0.59462258 0.58102932],9,2,"[0.5921204552873188, 0.6383928111301557]",-1,5
28086,[0.34790086 0.28779315],0,9,"[0.3110394802231661, 0.23517199738277297]",-1,-1
28087,[0.75974797 0.67987422],1,4,"[0.7726811996944247, 0.7249303226766757]",395,0
28088,[0.66240684 0.4756849 ],8,3,"[0.6815204869410737, 0.47689852788858716]",-1,-1
28089,[0.28723937 0.35451285],2,-1,-1,-1,-1
28090,[0.24876852 0.26144281],0,5,"[0.23231087327800656, 0.30304944505444303]",1310,-1
28091,[0.3605273  0.49722529],6,0,"[0.383291892093257, 0.5586820702346661]",1761,-1
28092,[0.57503998 0.51013705],5,6,"[0.5164739970238864, 0.5319253761973344]",-1,-1
28093,[0.76936005 0.85274048],1,-1,-1,-1,-1
28094,[0.74538114 0.59805687],8,-1,-1,-1,-1
28095,[0.70486195 0.44219538],8,3,"[0.6815204869410737, 0.47689852788858716]",-1,-1
28096,[0.38463021 0.63025222],4,-1,-1,-1,-1
28097,[0.57977028 0.41241169],8,-1,-1,-1,-1
28098,[0.83119392 0.73202456],1,4,"[0.7726811996944247, 0.7249303226766757]",341,0
28099,[0.54522213 0.64001396],9,2,"[0.5921204552873188, 0.6383928111301557]",1255,-1
28100,[0.37771832 0.28880258],2,1,"[0.3897435781344088, 0.3417040596068965]",1027,-1
28101,[0.47829472 0.68482595],9,-1,-1,143,-1
28102,[0.1941595  0.28299131],0,5,"[0.23231087327800656, 0.30304944505444303]",-1,-1
28103,[0.73346004 0.66466427],1,-1,-1,-1,0
28104,[0.67337064 0.73828175],9,-1,-1,197,0
28105,[0.49748699 0.49064474],5,6,"[0.5164739970238864, 0.5319253761973344]",605,-1
28106,[0.33855364 0.58032131],3,0,"[0.383291892093257, 0.5586820702346661]",1980,-1
28107,[0.35028771 0.34895105],2,1,"[0.3897435781344088, 0.3417040596068965]",1352,-1
28108,[0.31548368 0.40203133],2,-1,-1,-1,-1
28109,[0.2943937  0.56653908],7,7,"[0.2817018170798153, 0.5849768676672948]",1870,-1
28110,[0.63187186 0.68596384],9,2,"[0.5921204552873188, 0.6383928111301557]",-1,-1
28111,[0.28467663 0.58038772],4,7,"[0.2817018170798153, 0.5849768676672948]",-1,-1
28112,[0.33899496 0.48586983],7,-1,-1,-1,-1
28113,[0.3138672  0.37490817],2,-1,-1,1423,-1
28114,[0.37125878 0.31389288],6,1,"[0.3897435781344088, 0.3417040596068965]",-1,-1
28115,[0.33687076 0.55417795],3,0,"[0.383291892093257, 0.5586820702346661]",1957,17
28116,[0.62516468 0.41182336],8,-1,-1,-1,-1
28117,[0.32686336 0.32176827],2,1,"[0.3897435781344088, 0.3417040596068965]",-1,-1
28118,[0.43893201 0.55228436],3,0,"[0.383291892093257, 0.5586820702346661]",1294,-1
28119,[0.32175804 0.19577221],6,9,"[0.3110394802231661, 0.23517199738277297]",292,-1
28120,[0.41715572 0.5261896 ],3,0,"[0.383291892093257, 0.5586820702346661]",1470,-1
28121,[0.233457  0.2579579],0,5,"[0.23231087327800656, 0.30304944505444303]",885,-1
28122,[0.81493183 0.65814767],1,-1,-1,255,0
28123,[0.70247774 0.50544268],8,3,"[0.6815204869410737, 0.47689852788858716]",739,-1
28124,[0.65511267 0.61155785],9,2,"[0.5921204552873188, 0.6383928111301557]",-1,-1
28125,[0.53626976 0.563436  ],5,6,"[0.5164739970238864, 0.5319253761973344]",1360,-1
28126,[0.40094334 0.58668413],4,0,"[0.383291892093257, 0.5586820702346661]",-1,-1
28127,[0.34370636 0.64038365],4,-1,-1,900,-1
28128,[0.19404878 0.67429396],4,-1,-1,8,-1
28129,[0.35102229 0.37411615],6,1,"[0.3897435781344088, 0.3417040596068965]",1079,-1
28130,[0.74011556 0.63705322],1,-1,-1,-1,0
28131,[0.67890166 0.49363232],8,3,"[0.6815204869410737, 0.47689852788858716]",826,-1
28132,[0.6304236  0.56321044],5,-1,-1,-1,-1
28133,[0.77467506 0.48878178],8,-1,-1,-1,-1
28134,[0.42383467 0.30927937],0,1,"[0.3897435781344088, 0.3417040596068965]",977,-1
28135,[0.49391808 0.59528012],3,6,"[0.5164739970238864, 0.5319253761973344]",-1,-1
28136,[0.76340474 0.52388245],8,-1,-1,111,-1
28137,[0.53674545 0.6670962 ],5,2,"[0.5921204552873188, 0.6383928111301557]",943,-1
28138,[0.3871394 0.3683896],6,1,"[0.3897435781344088, 0.3417040596068965]",1064,-1
28139,[0.58087067 0.75280589],9,-1,-1,-1,-1
28140,[0.3381255  0.55768229],4,0,"[0.383291892093257, 0.5586820702346661]",-1,17
28141,[0.61033287 0.4446745 ],8,-1,-1,-1,-1
28142,[0.71833229 0.46801134],8,3,"[0.6815204869410737, 0.47689852788858716]",780,-1
28143,[0.39345692 0.36021707],6,1,"[0.3897435781344088, 0.3417040596068965]",-1,-1
28144,[0.54747878 0.62732137],5,2,"[0.5921204552873188, 0.6383928111301557]",1263,-1
28145,[0.29104125 0.2169606 ],0,9,"[0.3110394802231661, 0.23517199738277297]",-1,-1
28146,[0.59269266 0.5350743 ],5,-1,-1,-1,-1
28147,[0.43245581 0.53953891],3,0,"[0.383291892093257, 0.5586820702346661]",1136,-1
28148,[0.25924359 0.39072123],2,-1,-1,-1,-1
28149,[0.29328074 0.45249124],7,8,"[0.27392971195344684, 0.45973140540928376]",1242,-1
28150,[0.84932179 0.71243665],1,-1,-1,-1,0
28151,[0.33667371 0.68971209],3,-1,-1,-1,-1
28152,[0.20338992 0.34492672],2,5,"[0.23231087327800656, 0.30304944505444303]",944,-1
28153,[0.25407875 0.39516403],7,8,"[0.27392971195344684, 0.45973140540928376]",-1,-1
28154,[0.3955053  0.36613938],6,1,"[0.3897435781344088, 0.3417040596068965]",-1,-1
28155,[0.5976717  0.46348402],5,-1,-1,608,-1
28156,[0.20380424 0.26328521],2,5,"[0.23231087327800656, 0.30304944505444303]",-1,-1
28157,[0.36565266 0.68754729],3,-1,-1,-1,-1
28158,[0.50688813 0.69489058],9,-1,-1,274,-1
28159,[0.24879773 0.60392851],7,7,"[0.2817018170798153, 0.5849768676672948]",514,-1
28160,[0.34987357 0.33025284],6,1,"[0.3897435781344088, 0.3417040596068965]",1414,-1
28161,[0.3254525  0.57098121],4,7,"[0.2817018170798153, 0.5849768676672948]",1976,-1
28162,[0.39419744 0.34394074],6,1,"[0.3897435781344088, 0.3417040596068965]",-1,-1
28163,[0.58076074 0.62957047],9,2,"[0.5921204552873188, 0.6383928111301557]",1309,-1
28164,[0.30255254 0.33606087],0,-1,-1,-1,8
28165,[0.32651838 0.56101401],7,7,"[0.2817018170798153, 0.5849768676672948]",-1,-1
28166,[0.27057563 0.3306197 ],0,5,"[0.23231087327800656, 0.30304944505444303]",1597,9
28167,[0.42440831 0.39625816],6,1,"[0.3897435781344088, 0.3417040596068965]",-1,-1
28168,[0.85154141 0.61470142],1,-1,-1,11,-1
28169,[0.56673713 0.6143861 ],9,2,"[0.5921204552873188, 0.6383928111301557]",1412,-1
28170,[0.2258346  0.19124122],0,-1,-1,-1,-1
28171,[0.55691845 0.35047478],6,-1,-1,14,-1
28172,[0.56804196 0.53839645],9,6,"[0.5164739970238864, 0.5319253761973344]",1401,6
28173,[0.31015611 0.44890702],0,8,"[0.27392971195344684, 0.45973140540928376]",-1,-1
28174,[0.40229812 0.47384029],7,-1,-1,-1,-1
28175,[0.57400312 0.69018935],9,2,"[0.5921204552873188, 0.6383928111301557]",-1,-1
28176,[0.33833357 0.6439885 ],3,-1,-1,900,-1
28177,[0.31285084 0.41561841],2,8,"[0.27392971195344684, 0.45973140540928376]",1017,-1
28178,[0.28885265 0.57143819],4,7,"[0.2817018170798153, 0.5849768676672948]",-1,-1
28179,[0.25475661 0.32444255],2,5,"[0.23231087327800656, 0.30304944505444303]",1517,7
28180,[0.23034331 0.14324364],0,-1,-1,-1,-1
28181,[0.44719315 0.71094432],3,-1,-1,28,-1
28182,[0.39359779 0.30495008],6,1,"[0.3897435781344088, 0.3417040596068965]",-1,-1
28183,[0.22456921 0.33414892],0,5,"[0.23231087327800656, 0.30304944505444303]",1338,-1
28184,[0.59289831 0.42622576],8,-1,-1,-1,-1
28185,[0.39553007 0.54247252],7,0,"[0.383291892093257, 0.5586820702346661]",-1,-1
28186,[0.29468679 0.43933377],7,8,"[0.27392971195344684, 0.45973140540928376]",1240,-1
28187,[0.80235232 0.69959134],1,4,"[0.7726811996944247, 0.7249303226766757]",353,0
28188,[0.36059436 0.19611477],0,9,"[0.3110394802231661, 0.23517199738277297]",113,-1
28189,[0.59355703 0.58228329],5,2,"[0.5921204552873188, 0.6383928111301557]",1326,5
28190,[0.49261642 0.5030987 ],3,6,"[0.5164739970238864, 0.5319253761973344]",803,-1
28191,[0.48149539 0.61748772],5,-1,-1,-1,-1
28192,[0.32233828 0.50254464],4,8,"[0.27392971195344684, 0.45973140540928376]",1809,-1
28193,[0.32140179 0.52815202],3,0,"[0.383291892093257, 0.5586820702346661]",-1,-1
28194,[0.60144527 0.62961788],9,2,"[0.5921204552873188, 0.6383928111301557]",1347,6
28195,[0.29743675 0.41367329],7,8,"[0.27392971195344684, 0.45973140540928376]",1074,-1
28196,[0.40432762 0.38744803],6,1,"[0.3897435781344088, 0.3417040596068965]",-1,-1
28197,[0.7857395  0.66704859],1,4,"[0.7726811996944247, 0.7249303226766757]",326,0
28198,[0.4289214  0.56044294],3,0,"[0.383291892093257, 0.5586820702346661]",-1,-1
28199,[0.32008104 0.35044233],6,-1,-1,1485,-1
28200,[0.73976018 0.69936385],1,4,"[0.7726811996944247, 0.7249303226766757]",-1,0
28201,[0.4288586  0.54386842],5,0,"[0.383291892093257, 0.5586820702346661]",-1,-1
28202,[0.32997191 0.33957476],6,1,"[0.3897435781344088, 0.3417040596068965]",-1,-1
28203,[0.40301628 0.26412784],6,-1,-1,842,-1
28204,[0.25556941 0.50495145],4,8,"[0.27392971195344684, 0.45973140540928376]",-1,-1
28205,[0.2568946  0.19866272],0,9,"[0.3110394802231661, 0.23517199738277297]",746,-1
28206,[0.52560444 0.55266048],5,6,"[0.5164739970238864, 0.5319253761973344]",-1,-1
28207,[0.61491697 0.42845155],8,-1,-1,285,-1
28208,[0.54265227 0.57080912],5,6,"[0.5164739970238864, 0.5319253761973344]",-1,6
28209,[0.2884308  0.33444061],2,5,"[0.23231087327800656, 0.30304944505444303]",-1,-1
28210,[0.25437831 0.30609644],2,5,"[0.23231087327800656, 0.30304944505444303]",-1,-1
28211,[0.60788226 0.59494821],9,2,"[0.5921204552873188, 0.6383928111301557]",1327,-1
28212,[0.69338517 0.38432682],8,-1,-1,217,-1
28213,[0.32614297 0.59304767],7,7,"[0.2817018170798153, 0.5849768676672948]",-1,-1
28214,[0.32767358 0.61551871],4,7,"[0.2817018170798153, 0.5849768676672948]",1544,-1
28215,[0.34684324 0.57582912],7,0,"[0.383291892093257, 0.5586820702346661]",1842,-1
28216,[0.57710795 0.6396916 ],9,2,"[0.5921204552873188, 0.6383928111301557]",1214,-1
28217,[0.6687648  0.55524288],8,-1,-1,-1,-1
28218,[0.17599108 0.1630331 ],0,-1,-1,-1,-1
28219,[0.27881811 0.53086266],7,7,"[0.2817018170798153, 0.5849768676672948]",-1,14
28220,[0.43934894 0.57489274],5,0,"[0.383291892093257, 0.5586820702346661]",-1,-1
28221,[0.38450166 0.68921265],5,-1,-1,-1,-1
28222,[0.80267874 0.76406619],1,4,"[0.7726811996944247, 0.7249303226766757]",428,0
28223,[0.27349868 0.56874475],3,7,"[0.2817018170798153, 0.5849768676672948]",-1,-1
28224,[0.56103134 0.58425432],9,2,"[0.5921204552873188, 0.6383928111301557]",1444,6
28225,[0.54475814 0.51670273],5,6,"[0.5164739970238864, 0.5319253761973344]",899,-1
28226,[0.63181634 0.65444749],9,2,"[0.5921204552873188, 0.6383928111301557]",-1,-1
28227,[0.72707767 0.52078472],8,3,"[0.6815204869410737, 0.47689852788858716]",487,-1
28228,[0.24822099 0.5371    ],7,7,"[0.2817018170798153, 0.5849768676672948]",-1,-1
28229,[0.45603387 0.53735424],5,6,"[0.5164739970238864, 0.5319253761973344]",-1,-1
28230,[0.70615693 0.50778635],8,3,"[0.6815204869410737, 0.47689852788858716]",739,-1
28231,[0.27943498 0.56400292],7,7,"[0.2817018170798153, 0.5849768676672948]",1879,13
28232,[0.7654627  0.74968531],1,4,"[0.7726811996944247, 0.7249303226766757]",-1,0
28233,[0.22444317 0.74358413],3,-1,-1,-1,-1
28234,[0.21109943 0.26959126],0,5,"[0.23231087327800656, 0.30304944505444303]",1111,-1
28235,[0.33120051 0.5923328 ],7,7,"[0.2817018170798153, 0.5849768676672948]",1942,-1
28236,[0.64136657 0.58421731],9,-1,-1,-1,-1
28237,[0.30845666 0.47971573],7,8,"[0.27392971195344684, 0.45973140540928376]",1873,-1
28238,[0.62785209 0.59342561],9,2,"[0.5921204552873188, 0.6383928111301557]",-1,-1
28239,[0.28815207 0.27742978],0,9,"[0.3110394802231661, 0.23517199738277297]",1555,-1
28240,[0.18391691 0.48015507],7,-1,-1,214,-1
28241,[0.35682463 0.21685133],0,9,"[0.3110394802231661, 0.23517199738277297]",-1,-1
28242,[0.30939526 0.51342463],3,8,"[0.27392971195344684, 0.45973140540928376]",-1,15
28243,[0.5781542  0.69713692],9,2,"[0.5921204552873188, 0.6383928111301557]",-1,-1
28244,[0.72767772 0.62080975],8,-1,-1,131,0
28245,[0.33755927 0.52314106],4,0,"[0.383291892093257, 0.5586820702346661]",-1,-1
28246,[0.30215759 0.47720873],7,8,"[0.27392971195344684, 0.45973140540928376]",-1,-1
28247,[0.50008251 0.62440753],5,-1,-1,-1,-1
28248,[0.2739861 0.2599271],2,9,"[0.3110394802231661, 0.23517199738277297]",1606,-1
28249,[0.25151212 0.50719059],4,8,"[0.27392971195344684, 0.45973140540928376]",1759,-1
28250,[0.6229822  0.68257762],9,2,"[0.5921204552873188, 0.6383928111301557]",660,-1
28251,[0.29348766 0.42882817],7,8,"[0.27392971195344684, 0.45973140540928376]",1075,-1
28252,[0.41039484 0.58800924],4,0,"[0.383291892093257, 0.5586820702346661]",-1,-1
28253,[0.72085696 0.5692068 ],8,-1,-1,-1,-1
28254,[0.55901533 0.62652317],9,2,"[0.5921204552873188, 0.6383928111301557]",1278,6
28255,[0.19944279 0.40849369],7,-1,-1,201,-1
28256,[0.73895665 0.77847147],1,4,"[0.7726811996944247, 0.7249303226766757]",301,0
28257,[0.34659377 0.56490096],4,0,"[0.383291892093257, 0.5586820702346661]",1902,-1
28258,[0.65470524 0.62370322],9,2,"[0.5921204552873188, 0.6383928111301557]",-1,-1
28259,[0.7729441  0.75512864],1,4,"[0.7726811996944247, 0.7249303226766757]",413,0
28260,[0.40682165 0.39387601],2,1,"[0.3897435781344088, 0.3417040596068965]",762,-1
28261,[0.3291696  0.34507323],6,1,"[0.3897435781344088, 0.3417040596068965]",1617,-1
28262,[0.65453655 0.67099464],9,-1,-1,-1,-1
28263,[0.29828766 0.43391722],7,8,"[0.27392971195344684, 0.45973140540928376]",1082,-1
28264,[0.35334306 0.37747478],6,1,"[0.3897435781344088, 0.3417040596068965]",1078,-1
28265,[0.36752597 0.31640717],6,1,"[0.3897435781344088, 0.3417040596068965]",1546,-1
28266,[0.81036383 0.62529557],1,-1,-1,95,-1
28267,[0.30502714 0.23578877],0,9,"[0.3110394802231661, 0.23517199738277297]",1492,-1
28268,[0.6153738 0.5016072],9,-1,-1,-1,-1
28269,[0.40185545 0.49170444],7,0,"[0.383291892093257, 0.5586820702346661]",-1,-1
28270,[0.55626191 0.54699989],5,6,"[0.5164739970238864, 0.5319253761973344]",-1,6
28271,[0.5686004  0.58781152],5,2,"[0.5921204552873188, 0.6383928111301557]",1437,6
28272,[0.31549099 0.35109294],0,-1,-1,1633,8
28273,[0.2788787  0.53529357],4,7,"[0.2817018170798153, 0.5849768676672948]",-1,14
28274,[0.38206563 0.5311124 ],3,0,"[0.383291892093257, 0.5586820702346661]",-1,-1
28275,[0.3596656  0.32200174],6,1,"[0.3897435781344088, 0.3417040596068965]",-1,-1
28276,[0.59106101 0.71416572],9,-1,-1,423,-1
28277,[0.68148239 0.47097417],8,3,"[0.6815204869410737, 0.47689852788858716]",814,2
28278,[0.2815969  0.55358485],4,7,"[0.2817018170798153, 0.5849768676672948]",1917,-1
28279,[0.42926175 0.63604782],4,-1,-1,-1,-1
28280,[0.41531889 0.26611941],6,-1,-1,640,-1
28281,[0.55780037 0.65634824],9,2,"[0.5921204552873188, 0.6383928111301557]",-1,-1
28282,[0.31567699 0.50947103],7,8,"[0.27392971195344684, 0.45973140540928376]",1922,15
28283,[0.29130332 0.25824766],2,9,"[0.3110394802231661, 0.23517199738277297]",-1,-1
28284,[0.40093607 0.59758714],3,0,"[0.383291892093257, 0.5586820702346661]",1724,-1
28285,[0.15399128 0.41007041],7,-1,-1,-1,-1
28286,[0.33817835 0.32882143],6,1,"[0.3897435781344088, 0.3417040596068965]",-1,-1
28287,[0.53061901 0.4665048 ],8,6,"[0.5164739970238864, 0.5319253761973344]",-1,-1
28288,[0.36228711 0.33433719],6,1,"[0.3897435781344088, 0.3417040596068965]",1532,-1
28289,[0.39284574 0.52194312],3,0,"[0.383291892093257, 0.5586820702346661]",-1,-1
28290,[0.71451857 0.47030366],8,3,"[0.6815204869410737, 0.47689852788858716]",780,-1
28291,[0.18578664 0.34100296],0,5,"[0.23231087327800656, 0.30304944505444303]",764,-1
28292,[0.16287068 0.26484059],0,-1,-1,220,-1
28293,[0.33003415 0.46081826],7,8,"[0.27392971195344684, 0.45973140540928376]",1385,-1
28294,[0.35852155 0.39443664],4,1,"[0.3897435781344088, 0.3417040596068965]",-1,-1
28295,[0.76136309 0.9265467 ],1,-1,-1,-1,-1
28296,[0.34029999 0.62253798],3,7,"[0.2817018170798153, 0.5849768676672948]",1695,-1
28297,[0.46608014 0.56645929],5,6,"[0.5164739970238864, 0.5319253761973344]",-1,-1
28298,[0.38213873 0.40287803],2,1,"[0.3897435781344088, 0.3417040596068965]",722,-1
28299,[0.5310849  0.60411656],5,-1,-1,1203,-1
28300,[0.58047495 0.77382769],9,-1,-1,-1,-1
28301,[0.60894312 0.57089794],9,2,"[0.5921204552873188, 0.6383928111301557]",1273,-1
28302,[0.24535003 0.46468566],7,8,"[0.27392971195344684, 0.45973140540928376]",1151,-1
28303,[0.31218904 0.62743082],4,7,"[0.2817018170798153, 0.5849768676672948]",1297,-1
28304,[0.36281414 0.59785282],3,0,"[0.383291892093257, 0.5586820702346661]",-1,-1
28305,[0.24135579 0.46743824],7,8,"[0.27392971195344684, 0.45973140540928376]",-1,-1
28306,[0.55247324 0.5153929 ],5,6,"[0.5164739970238864, 0.5319253761973344]",-1,-1
28307,[0.66887857 0.68315797],1,-1,-1,385,-1
28308,[0.42734678 0.40269548],6,-1,-1,-1,-1
28309,[0.37547317 0.56628741],4,0,"[0.383291892093257, 0.5586820702346661]",1832,-1
28310,[0.61743825 0.68733412],9,2,"[0.5921204552873188, 0.6383928111301557]",662,-1
28311,[0.62864145 0.71703632],9,-1,-1,-1,-1
28312,[0.3274538 0.2955491],0,9,"[0.3110394802231661, 0.23517199738277297]",-1,-1
28313,[0.32689482 0.52031708],3,0,"[0.383291892093257, 0.5586820702346661]",1905,-1
28314,[0.37676257 0.60583953],4,0,"[0.383291892093257, 0.5586820702346661]",1755,-1
28315,[0.17699494 0.66698393],7,-1,-1,-1,-1
28316,[0.70151995 0.55054974],8,-1,-1,-1,-1
28317,[0.37344199 0.45209446],7,-1,-1,-1,-1
28318,[0.41960153 0.5491171 ],4,0,"[0.383291892093257, 0.5586820702346661]",1714,-1
28319,[0.49439626 0.49234899],5,6,"[0.5164739970238864, 0.5319253761973344]",-1,-1
28320,[0.28373859 0.59829476],3,7,"[0.2817018170798153, 0.5849768676672948]",-1,-1
28321,[0.22235872 0.51681161],3,-1,-1,1090,-1
28322,[0.55005834 0.56383198],5,6,"[0.5164739970238864, 0.5319253761973344]",1406,6
28323,[0.58862675 0.64931049],9,2,"[0.5921204552873188, 0.6383928111301557]",-1,-1
28324,[0.19714354 0.2611661 ],0,5,"[0.23231087327800656, 0.30304944505444303]",1012,-1
28325,[0.57958164 0.70407449],9,2,"[0.5921204552873188, 0.6383928111301557]",523,-1
28326,[0.29882786 0.55342188],4,7,"[0.2817018170798153, 0.5849768676672948]",-1,-1
28327,[0.67609226 0.54559969],9,3,"[0.6815204869410737, 0.47689852788858716]",-1,-1
28328,[0.37989735 0.56949097],3,0,"[0.383291892093257, 0.5586820702346661]",1845,-1
28329,[0.5679333  0.64243212],5,2,"[0.5921204552873188, 0.6383928111301557]",1220,-1
28330,[0.3051987  0.30472468],0,9,"[0.3110394802231661, 0.23517199738277297]",-1,-1
28331,[0.39055076 0.25844694],0,-1,-1,-1,-1
28332,[0.44720242 0.64581903],3,-1,-1,534,-1
28333,[0.54383796 0.41855005],5,-1,-1,-1,-1
28334,[0.24135289 0.60048307],7,7,"[0.2817018170798153, 0.5849768676672948]",-1,-1
28335,[0.69047065 0.50885632],8,3,"[0.6815204869410737, 0.47689852788858716]",807,-1
28336,[0.27703887 0.29281062],2,5,"[0.23231087327800656, 0.30304944505444303]",-1,-1
28337,[0.66114722 0.67390942],9,-1,-1,637,-1
28338,[0.47563024 0.39233766],6,-1,-1,-1,-1
28339,[0.67607954 0.53800683],8,3,"[0.6815204869410737, 0.47689852788858716]",673,-1
28340,[0.46927181 0.62690959],9,-1,-1,647,-1
28341,[0.63137388 0.4987883 ],5,3,"[0.6815204869410737, 0.47689852788858716]",795,-1
28342,[0.60800906 0.64245591],9,2,"[0.5921204552873188, 0.6383928111301557]",1332,-1
28343,[0.3539596  0.63088281],3,-1,-1,-1,-1
28344,[0.29451147 0.33892934],2,-1,-1,-1,-1
28345,[0.50483031 0.58235587],9,6,"[0.5164739970238864, 0.5319253761973344]",-1,-1
28346,[0.77948291 0.60982018],1,-1,-1,79,-1
28347,[0.34869887 0.38509806],3,1,"[0.3897435781344088, 0.3417040596068965]",-1,-1
28348,[0.33015465 0.54668808],4,0,"[0.383291892093257, 0.5586820702346661]",-1,-1
28349,[0.27261094 0.28884465],2,5,"[0.23231087327800656, 0.30304944505444303]",1466,-1
28350,[0.27908901 0.55996779],4,7,"[0.2817018170798153, 0.5849768676672948]",-1,13
28351,[0.32193893 0.50538952],4,8,"[0.27392971195344684, 0.45973140540928376]",-1,-1
28352,[0.30831099 0.58612783],3,7,"[0.2817018170798153, 0.5849768676672948]",-1,-1
28353,[0.32514802 0.57264476],4,7,"[0.2817018170798153, 0.5849768676672948]",1976,-1
28354,[0.4588159  0.56396326],3,6,"[0.5164739970238864, 0.5319253761973344]",-1,-1
28355,[0.34177925 0.29348843],6,9,"[0.3110394802231661, 0.23517199738277297]",1666,-1
28356,[0.29319161 0.54893149],4,7,"[0.2817018170798153, 0.5849768676672948]",-1,-1
28357,[0.32438929 0.60630178],4,7,"[0.2817018170798153, 0.5849768676672948]",-1,-1
28358,[0.35215971 0.51043296],7,0,"[0.383291892093257, 0.5586820702346661]",-1,-1
28359,[0.30038712 0.63141651],4,7,"[0.2817018170798153, 0.5849768676672948]",1069,-1
28360,[0.73433017 0.75154001],1,4,"[0.7726811996944247, 0.7249303226766757]",-1,0
28361,[0.3500558 0.3945862],2,1,"[0.3897435781344088, 0.3417040596068965]",-1,-1
28362,[0.16970114 0.60297442],4,-1,-1,33,-1
28363,[0.28651157 0.32463064],6,5,"[0.23231087327800656, 0.30304944505444303]",-1,-1
28364,[0.27194976 0.29060926],2,5,"[0.23231087327800656, 0.30304944505444303]",1466,-1
28365,[0.35061928 0.32725471],6,1,"[0.3897435781344088, 0.3417040596068965]",1413,-1
28366,[0.61371957 0.60455298],5,2,"[0.5921204552873188, 0.6383928111301557]",1200,-1
28367,[0.56977076 0.47039113],5,-1,-1,533,-1
28368,[0.44886797 0.61369346],5,-1,-1,-1,-1
28369,[0.40198906 0.44085265],4,-1,-1,363,-1
28370,[0.32824323 0.49088947],4,8,"[0.27392971195344684, 0.45973140540928376]",1827,-1
28371,[0.45913514 0.57969151],5,-1,-1,1232,4
28372,[0.47810428 0.6303374 ],5,-1,-1,647,-1
28373,[0.46103854 0.49664121],5,6,"[0.5164739970238864, 0.5319253761973344]",-1,-1
28374,[0.2005074  0.35883038],0,5,"[0.23231087327800656, 0.30304944505444303]",-1,-1
28375,[0.3596241  0.49508562],4,0,"[0.383291892093257, 0.5586820702346661]",1761,-1
28376,[0.21195488 0.56145965],4,-1,-1,486,-1
28377,[0.64188222 0.79572016],1,-1,-1,-1,-1
28378,[0.28072386 0.61938017],4,7,"[0.2817018170798153, 0.5849768676672948]",878,-1
28379,[0.3603037  0.64332688],3,-1,-1,1206,-1
28380,[0.22956489 0.38117785],6,-1,-1,-1,-1
28381,[0.70749115 0.51048342],8,3,"[0.6815204869410737, 0.47689852788858716]",-1,-1
28382,[0.50174938 0.44423152],8,-1,-1,223,-1
28383,[0.41127695 0.5541806 ],7,0,"[0.383291892093257, 0.5586820702346661]",1734,-1
28384,[0.69770334 0.7204652 ],1,-1,-1,-1,0
28385,[0.4822576  0.54136962],9,6,"[0.5164739970238864, 0.5319253761973344]",959,-1
28386,[0.28898072 0.29683833],0,5,"[0.23231087327800656, 0.30304944505444303]",-1,11
28387,[0.52687473 0.51981165],5,6,"[0.5164739970238864, 0.5319253761973344]",1188,3
28388,[0.41705205 0.61762726],4,0,"[0.383291892093257, 0.5586820702346661]",1474,-1
28389,[0.23139548 0.46820791],7,8,"[0.27392971195344684, 0.45973140540928376]",724,-1
28390,[0.73160548 0.40982206],8,-1,-1,-1,-1
28391,[0.30523091 0.49994393],7,8,"[0.27392971195344684, 0.45973140540928376]",-1,-1
28392,[0.64827574 0.43318736],8,3,"[0.6815204869410737, 0.47689852788858716]",-1,-1
28393,[0.28964282 0.28513593],0,9,"[0.3110394802231661, 0.23517199738277297]",-1,-1
28394,[0.46601055 0.50197315],5,6,"[0.5164739970238864, 0.5319253761973344]",753,-1
28395,[0.46621953 0.52789229],4,6,"[0.5164739970238864, 0.5319253761973344]",-1,-1
28396,[0.36649426 0.28058772],6,1,"[0.3897435781344088, 0.3417040596068965]",1170,-1
28397,[0.33716405 0.49790235],3,-1,-1,1880,-1
28398,[0.15859608 0.28490607],2,-1,-1,-1,-1
28399,[0.81776636 0.75826082],1,4,"[0.7726811996944247, 0.7249303226766757]",405,0
28400,[0.79006919 0.61188276],8,-1,-1,-1,-1
28401,[0.34724401 0.54102482],7,0,"[0.383291892093257, 0.5586820702346661]",-1,16
28402,[0.23475356 0.26461985],0,5,"[0.23231087327800656, 0.30304944505444303]",1363,-1
28403,[0.65009445 0.41331417],5,-1,-1,521,-1
28404,[0.80012254 0.77614414],1,4,"[0.7726811996944247, 0.7249303226766757]",401,0
28405,[0.2716197  0.47588165],7,8,"[0.27392971195344684, 0.45973140540928376]",1599,-1
28406,[0.72099983 0.53130411],8,3,"[0.6815204869410737, 0.47689852788858716]",-1,-1
28407,[0.35471875 0.65111845],3,-1,-1,576,-1
28408,[0.41366684 0.64545579],3,-1,-1,-1,-1
28409,[0.59849633 0.68135098],9,2,"[0.5921204552873188, 0.6383928111301557]",-1,-1
28410,[0.35616449 0.58988817],3,0,"[0.383291892093257, 0.5586820702346661]",1828,-1
28411,[0.29969158 0.24263961],0,9,"[0.3110394802231661, 0.23517199738277297]",1174,-1
28412,[0.51953669 0.52876558],5,6,"[0.5164739970238864, 0.5319253761973344]",-1,-1
28413,[0.32983215 0.48729189],4,8,"[0.27392971195344684, 0.45973140540928376]",1827,-1
28414,[0.2919553  0.49161574],4,8,"[0.27392971195344684, 0.45973140540928376]",1791,-1
28415,[0.83019801 0.7346859 ],1,4,"[0.7726811996944247, 0.7249303226766757]",-1,0
28416,[0.24491574 0.53290523],4,7,"[0.2817018170798153, 0.5849768676672948]",1488,-1
28417,[0.85853461 0.71959958],1,-1,-1,-1,0
28418,[0.32799966 0.41093623],2,-1,-1,-1,-1
28419,[0.43350816 0.60957709],3,-1,-1,1574,-1
28420,[0.43250847 0.64400394],4,-1,-1,481,-1
28421,[0.40367407 0.65245911],3,-1,-1,-1,-1
28422,[0.27669856 0.27426581],2,9,"[0.3110394802231661, 0.23517199738277297]",-1,-1
28423,[0.22828538 0.375512  ],0,-1,-1,-1,-1
28424,[0.38820728 0.36702371],6,1,"[0.3897435781344088, 0.3417040596068965]",1064,-1
28425,[0.38971109 0.27361009],6,1,"[0.3897435781344088, 0.3417040596068965]",-1,-1
28426,[0.26191107 0.56840687],4,7,"[0.2817018170798153, 0.5849768676672948]",-1,-1
28427,[0.22780771 0.68836684],7,-1,-1,-1,-1
28428,[0.22580597 0.54567661],4,7,"[0.2817018170798153, 0.5849768676672948]",-1,-1
28429,[0.53406812 0.55300174],5,6,"[0.5164739970238864, 0.5319253761973344]",1359,-1
28430,[0.81201993 0.69018929],1,4,"[0.7726811996944247, 0.7249303226766757]",-1,0
28431,[0.66529478 0.44184964],8,3,"[0.6815204869410737, 0.47689852788858716]",732,-1
28432,[0.30417407 0.25936642],0,9,"[0.3110394802231661, 0.23517199738277297]",-1,-1
28433,[0.64049174 0.49458409],8,3,"[0.6815204869410737, 0.47689852788858716]",819,1
28434,[0.80689591 0.71679466],1,4,"[0.7726811996944247, 0.7249303226766757]",-1,0
28435,[0.57981361 0.44922484],8,-1,-1,-1,-1
28436,[0.69551737 0.8006726 ],1,-1,-1,106,-1
28437,[0.32268852 0.53773027],4,7,"[0.2817018170798153, 0.5849768676672948]",-1,-1
28438,[0.61966333 0.3980393 ],8,-1,-1,-1,-1
28439,[0.3816414  0.40957824],6,1,"[0.3897435781344088, 0.3417040596068965]",-1,-1
28440,[0.27768881 0.35713647],0,-1,-1,1264,-1
28441,[0.27542995 0.4139607 ],2,8,"[0.27392971195344684, 0.45973140540928376]",747,-1
28442,[0.33258457 0.30932946],2,1,"[0.3897435781344088, 0.3417040596068965]",1679,-1
28443,[0.2599624  0.21352948],0,9,"[0.3110394802231661, 0.23517199738277297]",991,-1
28444,[0.27887793 0.55351223],4,7,"[0.2817018170798153, 0.5849768676672948]",-1,-1
28445,[0.27997336 0.33431532],2,5,"[0.23231087327800656, 0.30304944505444303]",1598,-1
28446,[0.23704138 0.52210142],7,-1,-1,-1,-1
28447,[0.34524985 0.33415243],2,1,"[0.3897435781344088, 0.3417040596068965]",-1,-1
28448,[0.68981786 0.48046962],8,3,"[0.6815204869410737, 0.47689852788858716]",-1,-1
28449,[0.34724772 0.37660964],3,1,"[0.3897435781344088, 0.3417040596068965]",1078,-1
28450,[0.37394865 0.49444971],3,0,"[0.383291892093257, 0.5586820702346661]",-1,-1
28451,[0.59311936 0.54779373],5,-1,-1,1290,-1
28452,[0.61653711 0.47976178],5,3,"[0.6815204869410737, 0.47689852788858716]",-1,-1
28453,[0.72359558 0.71912963],1,4,"[0.7726811996944247, 0.7249303226766757]",352,0
28454,[0.62096516 0.6441673 ],9,2,"[0.5921204552873188, 0.6383928111301557]",-1,-1
28455,[0.51971077 0.60674993],9,-1,-1,1230,-1
28456,[0.36318659 0.44843143],7,-1,-1,-1,-1
28457,[0.31555256 0.50375942],4,8,"[0.27392971195344684, 0.45973140540928376]",-1,15
28458,[0.48131142 0.5467089 ],5,6,"[0.5164739970238864, 0.5319253761973344]",-1,-1
28459,[0.7018863  0.56670729],8,-1,-1,-1,-1
28460,[0.28490398 0.23493209],2,9,"[0.3110394802231661, 0.23517199738277297]",-1,-1
28461,[0.65947013 0.41223947],8,3,"[0.6815204869410737, 0.47689852788858716]",520,-1
28462,[0.5988944  0.53057357],8,-1,-1,-1,-1
28463,[0.24145992 0.49755883],7,8,"[0.27392971195344684, 0.45973140540928376]",-1,-1
28464,[0.64936101 0.66260182],9,2,"[0.5921204552873188, 0.6383928111301557]",-1,-1
28465,[0.66095715 0.45571323],8,3,"[0.6815204869410737, 0.47689852788858716]",733,-1
28466,[0.38924501 0.30627026],6,1,"[0.3897435781344088, 0.3417040596068965]",-1,-1
28467,[0.21718023 0.50176719],7,-1,-1,-1,-1
28468,[0.33813371 0.63344476],4,-1,-1,1047,-1
28469,[0.42280945 0.58808778],3,0,"[0.383291892093257, 0.5586820702346661]",1712,-1
28470,[0.24593874 0.5038074 ],7,8,"[0.27392971195344684, 0.45973140540928376]",-1,-1
28471,[0.26555387 0.39560146],2,8,"[0.27392971195344684, 0.45973140540928376]",945,-1
28472,[0.76664617 0.4959338 ],8,-1,-1,190,-1
28473,[0.2892075  0.18391543],0,9,"[0.3110394802231661, 0.23517199738277297]",425,-1
28474,[0.46225752 0.569284  ],5,6,"[0.5164739970238864, 0.5319253761973344]",1231,-1
28475,[0.19394721 0.45040711],7,-1,-1,100,-1
28476,[0.50882528 0.53998396],5,6,"[0.5164739970238864, 0.5319253761973344]",1186,3
28477,[0.50386451 0.50330303],5,6,"[0.5164739970238864, 0.5319253761973344]",725,-1
28478,[0.72626584 0.72113987],1,4,"[0.7726811996944247, 0.7249303226766757]",352,0
28479,[0.23634253 0.29557437],0,5,"[0.23231087327800656, 0.30304944505444303]",1298,-1
28480,[0.20352884 0.25687314],0,5,"[0.23231087327800656, 0.30304944505444303]",1012,-1
28481,[0.34883685 0.3019245 ],6,1,"[0.3897435781344088, 0.3417040596068965]",1529,-1
28482,[0.21874797 0.33673758],0,5,"[0.23231087327800656, 0.30304944505444303]",-1,-1
28483,[0.42913777 0.52059623],3,0,"[0.383291892093257, 0.5586820702346661]",-1,-1
28484,[0.55351515 0.56378905],5,6,"[0.5164739970238864, 0.5319253761973344]",1406,6
28485,[0.64899286 0.5512727 ],8,-1,-1,-1,-1
28486,[0.58285219 0.47483292],5,-1,-1,772,-1
28487,[0.19786339 0.1989393 ],0,-1,-1,227,-1
28488,[0.59987192 0.56503845],9,-1,-1,1317,-1
28489,[0.19357745 0.59780003],4,-1,-1,-1,-1
28490,[0.42590911 0.59908217],3,0,"[0.383291892093257, 0.5586820702346661]",-1,-1
28491,[0.65645145 0.70751836],1,-1,-1,489,-1
28492,[0.20261423 0.32315402],0,5,"[0.23231087327800656, 0.30304944505444303]",1038,-1
28493,[0.25546922 0.55331386],7,7,"[0.2817018170798153, 0.5849768676672948]",-1,-1
28494,[0.54230858 0.59622696],5,2,"[0.5921204552873188, 0.6383928111301557]",1429,-1
28495,[0.31463525 0.32035273],2,-1,-1,1672,-1
28496,[0.28090121 0.34750772],0,5,"[0.23231087327800656, 0.30304944505444303]",1459,-1
28497,[0.7395142  0.44004358],8,3,"[0.6815204869410737, 0.47689852788858716]",-1,-1
28498,[0.35974159 0.34833155],2,1,"[0.3897435781344088, 0.3417040596068965]",1350,-1
28499,[0.48752752 0.51062599],5,6,"[0.5164739970238864, 0.5319253761973344]",936,-1
28500,[0.31790222 0.25159027],2,9,"[0.3110394802231661, 0.23517199738277297]",-1,-1
28501,[0.41484589 0.70884945],9,-1,-1,-1,-1
28502,[0.7017199  0.49615116],8,3,"[0.6815204869410737, 0.47689852788858716]",831,2
28503,[0.30569573 0.49302947],7,8,"[0.27392971195344684, 0.45973140540928376]",1888,-1
28504,[0.87282295 0.68689568],1,-1,-1,80,-1
28505,[0.6404946  0.60887337],9,2,"[0.5921204552873188, 0.6383928111301557]",613,-1
28506,[0.30260208 0.46705302],3,8,"[0.27392971195344684, 0.45973140540928376]",1732,-1
28507,[0.53707064 0.53763222],9,6,"[0.5164739970238864, 0.5319253761973344]",1150,-1
28508,[0.77514197 0.72699059],1,4,"[0.7726811996944247, 0.7249303226766757]",469,0
28509,[0.32608924 0.61515869],4,7,"[0.2817018170798153, 0.5849768676672948]",1544,-1
28510,[0.65017039 0.57007668],8,-1,-1,-1,-1
28511,[0.54312844 0.55589556],5,6,"[0.5164739970238864, 0.5319253761973344]",1406,6
28512,[0.90413389 0.66338918],1,-1,-1,22,-1
28513,[0.441265   0.53210249],5,0,"[0.383291892093257, 0.5586820702346661]",-1,-1
28514,[0.1780385  0.52275769],7,-1,-1,-1,-1
28515,[0.22957303 0.16122239],2,-1,-1,-1,-1
28516,[0.30481834 0.58904256],4,7,"[0.2817018170798153, 0.5849768676672948]",1820,-1
28517,[0.62211925 0.61151122],9,2,"[0.5921204552873188, 0.6383928111301557]",-1,-1
28518,[0.34625052 0.2421924 ],0,9,"[0.3110394802231661, 0.23517199738277297]",-1,-1
28519,[0.3926503  0.67703978],3,-1,-1,-1,-1
28520,[0.28646404 0.50051406],3,8,"[0.27392971195344684, 0.45973140540928376]",1768,-1
28521,[0.68945308 0.79660868],1,-1,-1,104,-1
28522,[0.62951299 0.51807532],8,3,"[0.6815204869410737, 0.47689852788858716]",-1,-1
28523,[0.22877535 0.29468745],0,5,"[0.23231087327800656, 0.30304944505444303]",1461,-1
28524,[0.26872901 0.33465868],2,5,"[0.23231087327800656, 0.30304944505444303]",-1,-1
28525,[0.66798642 0.57709201],9,-1,-1,-1,-1
28526,[0.36809351 0.4489093 ],7,-1,-1,-1,-1
28527,[0.76317853 0.72138643],1,4,"[0.7726811996944247, 0.7249303226766757]",469,0
28528,[0.38494196 0.29656576],6,1,"[0.3897435781344088, 0.3417040596068965]",-1,-1
28529,[0.55950646 0.63373287],9,2,"[0.5921204552873188, 0.6383928111301557]",1278,6
28530,[0.77450442 0.81196623],1,-1,-1,-1,0
28531,[0.2660818  0.30924617],0,5,"[0.23231087327800656, 0.30304944505444303]",-1,-1
28532,[0.28577527 0.49696573],3,8,"[0.27392971195344684, 0.45973140540928376]",-1,-1
28533,[0.29058492 0.58093731],7,7,"[0.2817018170798153, 0.5849768676672948]",-1,-1
28534,[0.26571388 0.43924545],3,8,"[0.27392971195344684, 0.45973140540928376]",-1,-1
28535,[0.28347297 0.38727207],2,-1,-1,-1,-1
28536,[0.25031884 0.51713644],7,8,"[0.27392971195344684, 0.45973140540928376]",-1,-1
28537,[0.77850534 0.72608704],1,4,"[0.7726811996944247, 0.7249303226766757]",-1,0
28538,[0.28992091 0.29400464],6,5,"[0.23231087327800656, 0.30304944505444303]",1684,-1
28539,[0.43359492 0.64835685],3,-1,-1,481,-1
28540,[0.42290147 0.29799043],2,1,"[0.3897435781344088, 0.3417040596068965]",-1,-1
28541,[0.83242271 0.45995268],8,-1,-1,-1,-1
28542,[0.40196264 0.56662132],4,0,"[0.383291892093257, 0.5586820702346661]",1748,-1
28543,[0.35607777 0.4075501 ],7,-1,-1,877,-1
28544,[0.22181976 0.19069957],0,-1,-1,375,-1
28545,[0.2907962  0.51339165],7,8,"[0.27392971195344684, 0.45973140540928376]",1914,14
28546,[0.32370715 0.46794695],7,8,"[0.27392971195344684, 0.45973140540928376]",1523,-1
28547,[0.23275204 0.29916574],2,5,"[0.23231087327800656, 0.30304944505444303]",-1,-1
28548,[0.2660592  0.61882544],3,7,"[0.2817018170798153, 0.5849768676672948]",539,-1
28549,[0.58749429 0.67197693],9,2,"[0.5921204552873188, 0.6383928111301557]",710,-1
28550,[0.23850472 0.43361617],4,8,"[0.27392971195344684, 0.45973140540928376]",689,-1
28551,[0.18581074 0.2390526 ],0,-1,-1,535,-1
28552,[0.37053471 0.31309244],6,1,"[0.3897435781344088, 0.3417040596068965]",-1,-1
28553,[0.59664086 0.52214692],8,-1,-1,1102,-1
28554,[0.76392893 0.7098178 ],1,4,"[0.7726811996944247, 0.7249303226766757]",-1,0
28555,[0.30632287 0.51609914],4,8,"[0.27392971195344684, 0.45973140540928376]",1881,-1
28556,[0.34941316 0.30363318],0,1,"[0.3897435781344088, 0.3417040596068965]",1529,-1
28557,[0.29947221 0.22777883],0,9,"[0.3110394802231661, 0.23517199738277297]",-1,-1
28558,[0.23203537 0.36779322],0,5,"[0.23231087327800656, 0.30304944505444303]",1085,-1
28559,[0.2425412  0.54047728],3,7,"[0.2817018170798153, 0.5849768676672948]",1480,-1
28560,[0.69424636 0.42946591],8,3,"[0.6815204869410737, 0.47689852788858716]",597,-1
28561,[0.31995183 0.21959121],0,9,"[0.3110394802231661, 0.23517199738277297]",-1,-1
28562,[0.53198044 0.58871382],9,6,"[0.5164739970238864, 0.5319253761973344]",-1,-1
28563,[0.36947329 0.31051554],2,1,"[0.3897435781344088, 0.3417040596068965]",-1,-1
28564,[0.31982382 0.27638148],0,9,"[0.3110394802231661, 0.23517199738277297]",-1,-1
28565,[0.76061418 0.73267803],1,4,"[0.7726811996944247, 0.7249303226766757]",468,0
28566,[0.73920231 0.42325874],8,-1,-1,-1,-1
28567,[0.70761836 0.73310622],1,4,"[0.7726811996944247, 0.7249303226766757]",383,0
28568,[0.48036795 0.3042467 ],6,-1,-1,173,-1
28569,[0.55287968 0.47877858],5,6,"[0.5164739970238864, 0.5319253761973344]",744,-1
28570,[0.62411215 0.45101587],8,3,"[0.6815204869410737, 0.47689852788858716]",620,-1
28571,[0.38957769 0.54342983],3,0,"[0.383291892093257, 0.5586820702346661]",1803,-1
28572,[0.30996462 0.37896762],0,-1,-1,1423,-1
28573,[0.48605341 0.4964992 ],5,6,"[0.5164739970238864, 0.5319253761973344]",-1,-1
28574,[0.27616496 0.50891016],4,8,"[0.27392971195344684, 0.45973140540928376]",1760,-1
28575,[0.30696772 0.31740112],2,-1,-1,1648,-1
28576,[0.30948534 0.56182428],3,7,"[0.2817018170798153, 0.5849768676672948]",1968,-1
28577,[0.26256908 0.34629787],7,5,"[0.23231087327800656, 0.30304944505444303]",1586,-1
28578,[0.31233516 0.53001196],4,7,"[0.2817018170798153, 0.5849768676672948]",1844,-1
28579,[0.14133264 0.26011685],0,-1,-1,-1,-1
28580,[0.48420419 0.50030715],5,6,"[0.5164739970238864, 0.5319253761973344]",873,-1
28581,[0.27904973 0.56741578],3,7,"[0.2817018170798153, 0.5849768676672948]",1879,-1
28582,[0.43895875 0.61703902],3,-1,-1,706,-1
28583,[0.20680408 0.36014642],2,5,"[0.23231087327800656, 0.30304944505444303]",-1,-1
28584,[0.79099744 0.73642704],1,4,"[0.7726811996944247, 0.7249303226766757]",471,0
28585,[0.81497094 0.54408185],8,-1,-1,-1,-1
28586,[0.39309856 0.29224191],6,1,"[0.3897435781344088, 0.3417040596068965]",-1,-1
28587,[0.35047284 0.50742925],3,0,"[0.383291892093257, 0.5586820702346661]",1801,-1
28588,[0.3586265 0.4127326],2,-1,-1,-1,-1
28589,[0.56081589 0.48817523],8,6,"[0.5164739970238864, 0.5319253761973344]",-1,-1
28590,[0.3630034  0.57636704],4,0,"[0.383291892093257, 0.5586820702346661]",-1,12
28591,[0.7914371  0.77129362],1,4,"[0.7726811996944247, 0.7249303226766757]",-1,0
28592,[0.39940378 0.45558526],6,-1,-1,584,-1
28593,[0.48486155 0.56708826],5,6,"[0.5164739970238864, 0.5319253761973344]",1378,-1
28594,[0.6229103  0.58833362],9,2,"[0.5921204552873188, 0.6383928111301557]",-1,-1
28595,[0.40799598 0.18827578],0,-1,-1,39,-1
28596,[0.27107666 0.54427064],7,7,"[0.2817018170798153, 0.5849768676672948]",-1,-1
28597,[0.61768673 0.6309535 ],9,2,"[0.5921204552873188, 0.6383928111301557]",-1,-1
28598,[0.81077626 0.75546934],1,4,"[0.7726811996944247, 0.7249303226766757]",-1,0
28599,[0.40103147 0.35856681],2,1,"[0.3897435781344088, 0.3417040596068965]",-1,-1
28600,[0.31840036 0.53828085],7,7,"[0.2817018170798153, 0.5849768676672948]",1932,-1
28601,[0.4945208  0.45801335],5,-1,-1,277,-1
28602,[0.27761539 0.52398375],7,7,"[0.2817018170798153, 0.5849768676672948]",1887,-1
28603,[0.53056549 0.5170994 ],9,6,"[0.5164739970238864, 0.5319253761973344]",-1,-1
28604,[0.45897589 0.63953597],5,-1,-1,-1,-1
28605,[0.330516   0.40050102],4,-1,-1,-1,-1
28606,[0.33065962 0.58916286],4,7,"[0.2817018170798153, 0.5849768676672948]",1941,-1
28607,[0.58814789 0.56248615],8,-1,-1,1253,-1
28608,[0.40502625 0.39828835],2,1,"[0.3897435781344088, 0.3417040596068965]",-1,-1
28609,[0.52863444 0.69321224],9,-1,-1,555,-1
28610,[0.39359507 0.49624428],4,0,"[0.383291892093257, 0.5586820702346661]",1361,-1
28611,[0.34713515 0.5708706 ],7,0,"[0.383291892093257, 0.5586820702346661]",-1,17
28612,[0.38660493 0.56295845],3,0,"[0.383291892093257, 0.5586820702346661]",-1,-1
28613,[0.29576434 0.56194623],3,7,"[0.2817018170798153, 0.5849768676672948]",1870,-1
28614,[0.36320423 0.52155373],4,0,"[0.383291892093257, 0.5586820702346661]",1934,-1
28615,[0.30446841 0.43009151],7,8,"[0.27392971195344684, 0.45973140540928376]",-1,-1
28616,[0.57208204 0.57314953],8,2,"[0.5921204552873188, 0.6383928111301557]",-1,6
28617,[0.27954057 0.40522742],2,8,"[0.27392971195344684, 0.45973140540928376]",748,-1
28618,[0.60349246 0.67104082],9,2,"[0.5921204552873188, 0.6383928111301557]",-1,-1
28619,[0.35687961 0.37257915],2,1,"[0.3897435781344088, 0.3417040596068965]",1079,-1
28620,[0.60150643 0.48784794],8,-1,-1,-1,-1
28621,[0.21700694 0.49969788],7,8,"[0.27392971195344684, 0.45973140540928376]",-1,-1
28622,[0.83569214 0.72149749],1,4,"[0.7726811996944247, 0.7249303226766757]",311,0
28623,[0.6551935  0.48293124],8,3,"[0.6815204869410737, 0.47689852788858716]",-1,1
28624,[0.65323375 0.43112877],8,3,"[0.6815204869410737, 0.47689852788858716]",-1,-1
28625,[0.38877425 0.5365368 ],4,0,"[0.383291892093257, 0.5586820702346661]",1777,-1
28626,[0.20811016 0.5857345 ],7,-1,-1,-1,-1
28627,[0.69866714 0.6570139 ],9,-1,-1,414,0
28628,[0.40060714 0.18510364],6,-1,-1,39,-1
28629,[0.42111028 0.54726233],4,0,"[0.383291892093257, 0.5586820702346661]",1714,-1
28630,[0.35184189 0.29597032],0,1,"[0.3897435781344088, 0.3417040596068965]",-1,-1
28631,[0.30580388 0.58277077],7,7,"[0.2817018170798153, 0.5849768676672948]",-1,-1
28632,[0.46039258 0.62179524],9,-1,-1,704,-1
28633,[0.24344262 0.2772377 ],0,5,"[0.23231087327800656, 0.30304944505444303]",-1,-1
28634,[0.44549377 0.59422367],3,-1,-1,1229,4
28635,[0.29026547 0.41558802],7,8,"[0.27392971195344684, 0.45973140540928376]",-1,-1
28636,[0.33945437 0.56479868],3,0,"[0.383291892093257, 0.5586820702346661]",1848,-1
28637,[0.7748545  0.78739117],1,4,"[0.7726811996944247, 0.7249303226766757]",-1,0
28638,[0.5098347  0.66673149],9,-1,-1,-1,-1
28639,[0.59204903 0.68921376],9,2,"[0.5921204552873188, 0.6383928111301557]",654,-1
28640,[0.63636153 0.4416937 ],8,3,"[0.6815204869410737, 0.47689852788858716]",-1,-1
28641,[0.49020589 0.69330661],5,-1,-1,132,-1
28642,[0.51127677 0.51148751],5,6,"[0.5164739970238864, 0.5319253761973344]",-1,-1
28643,[0.32080935 0.53516709],7,7,"[0.2817018170798153, 0.5849768676672948]",1932,-1
28644,[0.36371102 0.49761946],3,0,"[0.383291892093257, 0.5586820702346661]",-1,-1
28645,[0.16596643 0.67252023],4,-1,-1,-1,-1
28646,[0.2441721  0.47642017],7,8,"[0.27392971195344684, 0.45973140540928376]",-1,-1
28647,[0.24163579 0.53223975],7,7,"[0.2817018170798153, 0.5849768676672948]",1488,-1
28648,[0.37171725 0.5161876 ],7,0,"[0.383291892093257, 0.5586820702346661]",-1,-1
28649,[0.45941855 0.48441919],5,-1,-1,-1,-1
28650,[0.35201147 0.34132139],2,1,"[0.3897435781344088, 0.3417040596068965]",-1,-1
28651,[0.30730301 0.51882009],4,8,"[0.27392971195344684, 0.45973140540928376]",-1,-1
28652,[0.45100426 0.49357644],5,-1,-1,-1,-1
28653,[0.31608957 0.47820066],4,8,"[0.27392971195344684, 0.45973140540928376]",-1,-1
28654,[0.35461778 0.28711131],0,1,"[0.3897435781344088, 0.3417040596068965]",-1,-1
28655,[0.34305397 0.55530359],7,0,"[0.383291892093257, 0.5586820702346661]",1955,-1
28656,[0.27557268 0.30472537],0,5,"[0.23231087327800656, 0.30304944505444303]",1581,-1
28657,[0.31811894 0.47596248],4,8,"[0.27392971195344684, 0.45973140540928376]",1756,-1
28658,[0.6553642  0.56993892],5,-1,-1,893,-1
28659,[0.41599252 0.47802439],5,-1,-1,-1,-1
28660,[0.58237329 0.45926298],5,-1,-1,-1,-1
28661,[0.71176986 0.75119461],1,4,"[0.7726811996944247, 0.7249303226766757]",345,0
28662,[0.28030612 0.51493134],7,8,"[0.27392971195344684, 0.45973140540928376]",1887,14
28663,[0.50247054 0.55551068],3,6,"[0.5164739970238864, 0.5319253761973344]",1185,-1
28664,[0.45569509 0.58167771],9,-1,-1,1223,4
28665,[0.34325293 0.489911  ],4,-1,-1,-1,-1
28666,[0.35784641 0.59760724],3,0,"[0.383291892093257, 0.5586820702346661]",-1,-1
28667,[0.23834031 0.30657996],0,5,"[0.23231087327800656, 0.30304944505444303]",1567,-1
28668,[0.31260807 0.58215997],3,7,"[0.2817018170798153, 0.5849768676672948]",-1,17
28669,[0.30771608 0.46313304],7,8,"[0.27392971195344684, 0.45973140540928376]",1732,-1
28670,[0.24214057 0.3269108 ],0,5,"[0.23231087327800656, 0.30304944505444303]",1503,-1
28671,[0.31007567 0.56244456],4,7,"[0.2817018170798153, 0.5849768676672948]",1968,-1
28672,[0.17090785 0.38059393],2,-1,-1,-1,-1
28673,[0.28342008 0.31353753],0,5,"[0.23231087327800656, 0.30304944505444303]",1585,-1
28674,[0.65021877 0.47311826],8,3,"[0.6815204869410737, 0.47689852788858716]",824,1
28675,[0.6783391  0.44330247],8,3,"[0.6815204869410737, 0.47689852788858716]",735,-1
28676,[0.4321511  0.36452214],6,1,"[0.3897435781344088, 0.3417040596068965]",-1,-1
28677,[0.44503602 0.36392873],6,1,"[0.3897435781344088, 0.3417040596068965]",-1,-1
28678,[0.32045756 0.20403906],0,9,"[0.3110394802231661, 0.23517199738277297]",293,-1
28679,[0.68411224 0.47785167],8,3,"[0.6815204869410737, 0.47689852788858716]",814,-1
28680,[0.63828197 0.43340695],8,3,"[0.6815204869410737, 0.47689852788858716]",-1,-1
28681,[0.2481587 0.2841648],0,5,"[0.23231087327800656, 0.30304944505444303]",-1,-1
28682,[0.32305123 0.62491695],4,7,"[0.2817018170798153, 0.5849768676672948]",-1,-1
28683,[0.28824086 0.5267305 ],4,7,"[0.2817018170798153, 0.5849768676672948]",1911,14
28684,[0.33826886 0.30628107],6,1,"[0.3897435781344088, 0.3417040596068965]",-1,-1
28685,[0.67844831 0.55101363],5,-1,-1,-1,-1
28686,[0.34081441 0.30625459],0,1,"[0.3897435781344088, 0.3417040596068965]",-1,-1
28687,[0.74014637 0.41093517],8,-1,-1,-1,-1
28688,[0.60575043 0.54416262],8,-1,-1,-1,-1
28689,[0.14965537 0.28772522],0,-1,-1,91,-1
28690,[0.36841345 0.31700302],2,1,"[0.3897435781344088, 0.3417040596068965]",1546,-1
28691,[0.28486692 0.2980792 ],2,5,"[0.23231087327800656, 0.30304944505444303]",1578,-1
28692,[0.28929034 0.5397108 ],7,7,"[0.2817018170798153, 0.5849768676672948]",-1,-1
28693,[0.60231165 0.596264  ],5,2,"[0.5921204552873188, 0.6383928111301557]",-1,-1
28694,[0.21443961 0.53207937],7,-1,-1,853,-1
28695,[0.35853422 0.48175006],7,-1,-1,1746,-1
28696,[0.55271272 0.58574385],5,6,"[0.5164739970238864, 0.5319253761973344]",1431,6
28697,[0.29147003 0.43137877],2,8,"[0.27392971195344684, 0.45973140540928376]",-1,-1
28698,[0.25008679 0.27649639],0,5,"[0.23231087327800656, 0.30304944505444303]",-1,-1
28699,[0.27181482 0.46123738],7,8,"[0.27392971195344684, 0.45973140540928376]",-1,-1
28700,[0.40957575 0.3241286 ],6,1,"[0.3897435781344088, 0.3417040596068965]",-1,-1
28701,[0.5626064  0.57868193],5,6,"[0.5164739970238864, 0.5319253761973344]",-1,6
28702,[0.34115267 0.55077771],3,0,"[0.383291892093257, 0.5586820702346661]",-1,-1
28703,[0.75838046 0.77671574],1,4,"[0.7726811996944247, 0.7249303226766757]",371,0
28704,[0.36427583 0.61654494],3,0,"[0.383291892093257, 0.5586820702346661]",-1,-1
28705,[0.35177811 0.35985759],2,1,"[0.3897435781344088, 0.3417040596068965]",1261,-1
28706,[0.87225005 0.81123971],1,-1,-1,-1,-1
28707,[0.6845476 0.6916082],1,-1,-1,387,-1
28708,[0.36881657 0.64041893],3,-1,-1,-1,-1
28709,[0.61371523 0.60751955],9,2,"[0.5921204552873188, 0.6383928111301557]",1200,-1
28710,[0.55519497 0.44347372],8,-1,-1,249,-1
28711,[0.45413686 0.36136552],6,1,"[0.3897435781344088, 0.3417040596068965]",-1,-1
28712,[0.57709809 0.72340261],9,-1,-1,510,-1
28713,[0.28018866 0.17530363],0,9,"[0.3110394802231661, 0.23517199738277297]",-1,-1
28714,[0.28330826 0.56490368],7,7,"[0.2817018170798153, 0.5849768676672948]",1903,13
28715,[0.45335468 0.58287317],5,-1,-1,1223,4
28716,[0.42396905 0.27629782],6,-1,-1,-1,-1
28717,[0.29154406 0.37210714],2,-1,-1,1092,-1
28718,[0.56784536 0.54369975],9,6,"[0.5164739970238864, 0.5319253761973344]",1401,-1
28719,[0.60193234 0.69959777],9,2,"[0.5921204552873188, 0.6383928111301557]",-1,-1
28720,[0.60007395 0.49668129],9,-1,-1,843,-1
28721,[0.28586879 0.52405673],7,7,"[0.2817018170798153, 0.5849768676672948]",1885,14
28722,[0.29453745 0.609713  ],4,7,"[0.2817018170798153, 0.5849768676672948]",956,-1
28723,[0.60546878 0.65562424],9,2,"[0.5921204552873188, 0.6383928111301557]",-1,-1
28724,[0.38052172 0.32178846],2,1,"[0.3897435781344088, 0.3417040596068965]",-1,-1
28725,[0.66259661 0.67314069],9,-1,-1,637,-1
28726,[0.28358547 0.5397979 ],3,7,"[0.2817018170798153, 0.5849768676672948]",-1,14
28727,[0.54256569 0.54508855],5,6,"[0.5164739970238864, 0.5319253761973344]",1402,-1
28728,[0.22680188 0.34416155],0,5,"[0.23231087327800656, 0.30304944505444303]",1521,-1
28729,[0.78260804 0.63982012],1,-1,-1,-1,0
28730,[0.34771567 0.52850281],4,0,"[0.383291892093257, 0.5586820702346661]",1947,-1
28731,[0.47121011 0.26919527],6,-1,-1,-1,-1
28732,[0.4328045  0.67612221],3,-1,-1,-1,-1
28733,[0.16188683 0.26885285],0,-1,-1,220,-1
28734,[0.2957192  0.30860799],6,5,"[0.23231087327800656, 0.30304944505444303]",1650,-1
28735,[0.57542325 0.46860845],8,-1,-1,-1,-1
28736,[0.28118155 0.55470582],4,7,"[0.2817018170798153, 0.5849768676672948]",1917,-1
28737,[0.48844873 0.59781776],5,-1,-1,-1,-1
28738,[0.39606403 0.38044036],6,1,"[0.3897435781344088, 0.3417040596068965]",759,-1
28739,[0.41105244 0.46456149],3,-1,-1,-1,-1
28740,[0.30310297 0.22431927],0,9,"[0.3110394802231661, 0.23517199738277297]",-1,-1
28741,[0.29249172 0.21810658],0,9,"[0.3110394802231661, 0.23517199738277297]",-1,-1
28742,[0.64765392 0.47588433],8,3,"[0.6815204869410737, 0.47689852788858716]",824,1
28743,[0.48912089 0.56838608],5,6,"[0.5164739970238864, 0.5319253761973344]",1378,-1
28744,[0.71362519 0.55264614],8,-1,-1,563,-1
28745,[0.31608069 0.33622566],0,-1,-1,1615,-1
28746,[0.26770744 0.44664728],2,8,"[0.27392971195344684, 0.45973140540928376]",1250,-1
28747,[0.37599499 0.34727391],6,1,"[0.3897435781344088, 0.3417040596068965]",1245,-1
28748,[0.2523453 0.340689 ],2,5,"[0.23231087327800656, 0.30304944505444303]",1398,-1
28749,[0.54436621 0.38300384],5,-1,-1,-1,-1
28750,[0.31272617 0.61277241],4,7,"[0.2817018170798153, 0.5849768676672948]",1763,-1
28751,[0.80707697 0.74223528],1,4,"[0.7726811996944247, 0.7249303226766757]",-1,0
28752,[0.67603543 0.65949496],1,-1,-1,482,-1
28753,[0.3958534  0.30456144],6,1,"[0.3897435781344088, 0.3417040596068965]",1396,-1
28754,[0.2895841  0.44647528],7,8,"[0.27392971195344684, 0.45973140540928376]",-1,-1
28755,[0.73513771 0.69463207],1,4,"[0.7726811996944247, 0.7249303226766757]",-1,0
28756,[0.17440813 0.29166154],0,5,"[0.23231087327800656, 0.30304944505444303]",726,-1
28757,[0.33793374 0.49732189],7,-1,-1,1880,-1
28758,[0.78380097 0.72577991],1,4,"[0.7726811996944247, 0.7249303226766757]",474,0
28759,[0.246639   0.53842056],7,7,"[0.2817018170798153, 0.5849768676672948]",1480,-1
28760,[0.3075178  0.33541738],0,-1,-1,1676,8
28761,[0.70889327 0.6417343 ],1,-1,-1,238,0
28762,[0.72031196 0.46569474],8,3,"[0.6815204869410737, 0.47689852788858716]",780,-1
28763,[0.40261652 0.38128369],6,1,"[0.3897435781344088, 0.3417040596068965]",-1,-1
28764,[0.19439711 0.50514112],7,-1,-1,-1,-1
28765,[0.44813313 0.61079607],3,-1,-1,-1,-1
28766,[0.32121674 0.47026341],7,8,"[0.27392971195344684, 0.45973140540928376]",1523,-1
28767,[0.55726785 0.72590778],9,-1,-1,-1,-1
28768,[0.33830132 0.20703665],6,9,"[0.3110394802231661, 0.23517199738277297]",-1,-1
28769,[0.28713667 0.25772154],6,9,"[0.3110394802231661, 0.23517199738277297]",-1,-1
28770,[0.53919664 0.5931201 ],9,6,"[0.5164739970238864, 0.5319253761973344]",-1,-1
28771,[0.56315003 0.69844558],9,2,"[0.5921204552873188, 0.6383928111301557]",-1,-1
28772,[0.3304588  0.41278208],6,-1,-1,-1,-1
28773,[0.53603983 0.68655649],9,-1,-1,555,-1
28774,[0.30083178 0.58071466],7,7,"[0.2817018170798153, 0.5849768676672948]",-1,-1
28775,[0.72708216 0.62753276],1,-1,-1,-1,0
28776,[0.21587765 0.42994381],7,8,"[0.27392971195344684, 0.45973140540928376]",332,-1
28777,[0.4793884  0.50936417],5,6,"[0.5164739970238864, 0.5319253761973344]",936,-1
28778,[0.38997693 0.34803523],6,1,"[0.3897435781344088, 0.3417040596068965]",-1,-1
28779,[0.36070332 0.30478613],6,1,"[0.3897435781344088, 0.3417040596068965]",1543,-1
28780,[0.29102177 0.50549942],7,8,"[0.27392971195344684, 0.45973140540928376]",1898,-1
28781,[0.76098168 0.72969832],1,4,"[0.7726811996944247, 0.7249303226766757]",-1,0
28782,[0.23877759 0.20937076],0,-1,-1,750,-1
28783,[0.25549561 0.25031295],0,9,"[0.3110394802231661, 0.23517199738277297]",-1,-1
28784,[0.19568661 0.27839342],2,5,"[0.23231087327800656, 0.30304944505444303]",745,-1
28785,[0.2750773  0.55779936],4,7,"[0.2817018170798153, 0.5849768676672948]",1875,-1
28786,[0.29531914 0.46450363],7,8,"[0.27392971195344684, 0.45973140540928376]",1730,-1
28787,[0.84438204 0.71503737],1,-1,-1,-1,0
28788,[0.32320571 0.46255561],4,8,"[0.27392971195344684, 0.45973140540928376]",1556,-1
28789,[0.30751174 0.55374937],3,7,"[0.2817018170798153, 0.5849768676672948]",1985,-1
28790,[0.53156475 0.67926224],9,-1,-1,642,-1
28791,[0.37216583 0.42055654],7,-1,-1,-1,-1
28792,[0.4242686  0.55816127],3,0,"[0.383291892093257, 0.5586820702346661]",-1,-1
28793,[0.2889812 0.5737856],3,7,"[0.2817018170798153, 0.5849768676672948]",-1,-1
28794,[0.22188948 0.5872029 ],7,7,"[0.2817018170798153, 0.5849768676672948]",380,-1
28795,[0.32823073 0.54682819],3,0,"[0.383291892093257, 0.5586820702346661]",-1,-1
28796,[0.44347024 0.29227161],6,-1,-1,-1,-1
28797,[0.36702611 0.53206585],3,0,"[0.383291892093257, 0.5586820702346661]",1934,-1
28798,[0.62296837 0.47097663],8,3,"[0.6815204869410737, 0.47689852788858716]",627,-1
28799,[0.32186349 0.14133948],0,-1,-1,-1,-1
28800,[0.57330273 0.71624227],9,-1,-1,-1,-1
28801,[0.61071538 0.56920963],8,-1,-1,1273,-1
28802,[0.37639527 0.36849276],7,1,"[0.3897435781344088, 0.3417040596068965]",-1,-1
28803,[0.3169019  0.49212876],7,8,"[0.27392971195344684, 0.45973140540928376]",1872,-1
28804,[0.30879527 0.52108725],4,7,"[0.2817018170798153, 0.5849768676672948]",1919,15
28805,[0.74679329 0.70520206],1,4,"[0.7726811996944247, 0.7249303226766757]",-1,0
28806,[0.2500821  0.44967285],2,8,"[0.27392971195344684, 0.45973140540928376]",-1,-1
28807,[0.24648123 0.53460909],4,7,"[0.2817018170798153, 0.5849768676672948]",1482,-1
28808,[0.27276241 0.2765779 ],2,5,"[0.23231087327800656, 0.30304944505444303]",-1,-1
28809,[0.80747971 0.67437983],1,4,"[0.7726811996944247, 0.7249303226766757]",359,0
28810,[0.74299018 0.72840342],1,4,"[0.7726811996944247, 0.7249303226766757]",-1,0
28811,[0.48437862 0.60230142],5,-1,-1,1153,-1
28812,[0.37548139 0.34716172],6,1,"[0.3897435781344088, 0.3417040596068965]",1245,-1
28813,[0.71266187 0.62493114],1,-1,-1,234,-1
28814,[0.32525766 0.31648981],2,1,"[0.3897435781344088, 0.3417040596068965]",-1,10
28815,[0.38337011 0.371786  ],6,1,"[0.3897435781344088, 0.3417040596068965]",-1,-1
28816,[0.50245063 0.42179444],5,-1,-1,-1,-1
28817,[0.31421113 0.44406261],7,8,"[0.27392971195344684, 0.45973140540928376]",1080,-1
28818,[0.24691407 0.57868777],3,7,"[0.2817018170798153, 0.5849768676672948]",1563,-1
28819,[0.26306408 0.22271744],0,9,"[0.3110394802231661, 0.23517199738277297]",-1,-1
28820,[0.86899011 0.80099798],1,-1,-1,-1,-1
28821,[0.39094659 0.57233569],3,0,"[0.383291892093257, 0.5586820702346661]",-1,-1
28822,[0.29716392 0.40109373],2,8,"[0.27392971195344684, 0.45973140540928376]",-1,-1
28823,[0.41407563 0.61544555],3,0,"[0.383291892093257, 0.5586820702346661]",-1,-1
28824,[0.75286845 0.63023367],9,-1,-1,209,0
28825,[0.36441694 0.51082366],3,0,"[0.383291892093257, 0.5586820702346661]",1899,-1
28826,[0.57231456 0.60226233],5,2,"[0.5921204552873188, 0.6383928111301557]",-1,6
28827,[0.7426046  0.79954907],1,-1,-1,-1,0
28828,[0.39402734 0.51632293],3,0,"[0.383291892093257, 0.5586820702346661]",1634,-1
28829,[0.35870808 0.59001703],7,0,"[0.383291892093257, 0.5586820702346661]",-1,12
28830,[0.34440515 0.48375834],7,-1,-1,1891,-1
28831,[0.42025139 0.29084293],6,1,"[0.3897435781344088, 0.3417040596068965]",775,-1
28832,[0.36329569 0.57314325],4,0,"[0.383291892093257, 0.5586820702346661]",1850,-1
28833,[0.25072154 0.56671253],3,7,"[0.2817018170798153, 0.5849768676672948]",1515,-1
28834,[0.75795565 0.78768972],1,4,"[0.7726811996944247, 0.7249303226766757]",-1,0
28835,[0.33146372 0.36384499],6,1,"[0.3897435781344088, 0.3417040596068965]",1367,-1
28836,[0.63210587 0.53166603],8,-1,-1,-1,-1
28837,[0.42955022 0.29288331],6,1,"[0.3897435781344088, 0.3417040596068965]",-1,-1
28838,[0.26414556 0.46895297],7,8,"[0.27392971195344684, 0.45973140540928376]",1595,-1
28839,[0.582778   0.63586841],9,2,"[0.5921204552873188, 0.6383928111301557]",-1,-1
28840,[0.39262792 0.40213789],6,1,"[0.3897435781344088, 0.3417040596068965]",-1,-1
28841,[0.57776049 0.70719292],9,-1,-1,-1,-1
28842,[0.32742395 0.50858132],7,-1,-1,1920,-1
28843,[0.26988901 0.45783236],3,8,"[0.27392971195344684, 0.45973140540928376]",-1,-1
28844,[0.55302409 0.64514884],9,2,"[0.5921204552873188, 0.6383928111301557]",-1,-1
28845,[0.23162866 0.25963299],0,5,"[0.23231087327800656, 0.30304944505444303]",-1,-1
28846,[0.27730433 0.27750453],2,5,"[0.23231087327800656, 0.30304944505444303]",1674,-1
28847,[0.40615073 0.22489824],0,-1,-1,204,-1
28848,[0.58697112 0.6552223 ],9,2,"[0.5921204552873188, 0.6383928111301557]",1124,-1
28849,[0.18705921 0.34123598],0,5,"[0.23231087327800656, 0.30304944505444303]",764,-1
28850,[0.43389972 0.27307728],6,-1,-1,532,-1
28851,[0.23883778 0.43852066],2,8,"[0.27392971195344684, 0.45973140540928376]",696,-1
28852,[0.27885956 0.48021894],3,8,"[0.27392971195344684, 0.45973140540928376]",1728,-1
28853,[0.67646295 0.69117077],1,-1,-1,387,-1
28854,[0.37674621 0.63757936],3,-1,-1,785,-1
28855,[0.57773612 0.54104064],5,6,"[0.5164739970238864, 0.5319253761973344]",1233,-1
28856,[0.58002641 0.56421797],5,-1,-1,1394,-1
28857,[0.68249112 0.68975005],1,-1,-1,387,-1
28858,[0.37814643 0.3938424 ],6,1,"[0.3897435781344088, 0.3417040596068965]",-1,-1
28859,[0.2612299  0.29443609],0,5,"[0.23231087327800656, 0.30304944505444303]",-1,-1
28860,[0.43974772 0.50732003],3,-1,-1,1059,-1
28861,[0.57828836 0.7320403 ],9,-1,-1,-1,-1
28862,[0.39235007 0.60637667],7,0,"[0.383291892093257, 0.5586820702346661]",-1,-1
28863,[0.37822452 0.38067245],6,1,"[0.3897435781344088, 0.3417040596068965]",1006,-1
28864,[0.57736636 0.53546751],8,6,"[0.5164739970238864, 0.5319253761973344]",1400,-1
28865,[0.25521326 0.26720787],0,5,"[0.23231087327800656, 0.30304944505444303]",-1,-1
28866,[0.45807597 0.60512192],3,-1,-1,-1,-1
28867,[0.33914871 0.61784414],7,7,"[0.2817018170798153, 0.5849768676672948]",-1,-1
28868,[0.58751349 0.63137643],9,2,"[0.5921204552873188, 0.6383928111301557]",-1,-1
28869,[0.69751837 0.47331292],8,3,"[0.6815204869410737, 0.47689852788858716]",-1,-1
28870,[0.37184114 0.65325157],3,-1,-1,-1,-1
28871,[0.32862635 0.44019091],2,8,"[0.27392971195344684, 0.45973140540928376]",941,-1
28872,[0.48174423 0.62422904],9,-1,-1,647,-1
28873,[0.2536219  0.48217929],7,8,"[0.27392971195344684, 0.45973140540928376]",1710,-1
28874,[0.39897605 0.5038171 ],3,0,"[0.383291892093257, 0.5586820702346661]",-1,-1
28875,[0.65782444 0.56810816],5,-1,-1,893,-1
28876,[0.38741955 0.46465569],4,-1,-1,-1,-1
28877,[0.41227373 0.60524956],3,0,"[0.383291892093257, 0.5586820702346661]",-1,-1
28878,[0.30133739 0.21387939],0,9,"[0.3110394802231661, 0.23517199738277297]",1016,-1
28879,[0.56049206 0.52109398],9,6,"[0.5164739970238864, 0.5319253761973344]",-1,-1
28880,[0.47385272 0.34077485],6,-1,-1,529,-1
28881,[0.51302504 0.63451155],9,-1,-1,-1,-1
28882,[0.42202085 0.32948814],6,1,"[0.3897435781344088, 0.3417040596068965]",989,-1
28883,[0.59724346 0.63084562],9,2,"[0.5921204552873188, 0.6383928111301557]",-1,6
28884,[0.64065374 0.72995674],9,-1,-1,282,-1
28885,[0.36509287 0.33060187],6,1,"[0.3897435781344088, 0.3417040596068965]",1535,-1
28886,[0.43559389 0.24779829],6,-1,-1,-1,-1
28887,[0.38769116 0.33565608],6,1,"[0.3897435781344088, 0.3417040596068965]",1476,-1
28888,[0.85146804 0.75168758],1,-1,-1,130,0
28889,[0.38181892 0.56072427],4,0,"[0.383291892093257, 0.5586820702346661]",1814,-1
28890,[0.64238297 0.43562575],8,3,"[0.6815204869410737, 0.47689852788858716]",731,-1
28891,[0.44416498 0.22977994],6,-1,-1,178,-1
28892,[0.29273438 0.47158876],7,8,"[0.27392971195344684, 0.45973140540928376]",1731,-1
28893,[0.36056645 0.51812284],7,0,"[0.383291892093257, 0.5586820702346661]",1921,-1
28894,[0.2715172  0.09860191],0,-1,-1,-1,-1
28895,[0.69417373 0.70517279],1,-1,-1,343,0
28896,[0.37785609 0.30958873],6,1,"[0.3897435781344088, 0.3417040596068965]",1464,-1
28897,[0.67832458 0.61174805],9,-1,-1,447,-1
28898,[0.17200916 0.24963114],0,-1,-1,-1,-1
28899,[0.22186108 0.25595726],2,5,"[0.23231087327800656, 0.30304944505444303]",1021,-1
28900,[0.67429239 0.82460015],1,-1,-1,23,-1
28901,[0.30117697 0.51243129],7,8,"[0.27392971195344684, 0.45973140540928376]",1852,-1
28902,[0.69684602 0.80041173],1,-1,-1,106,-1
28903,[0.38740054 0.29362092],2,1,"[0.3897435781344088, 0.3417040596068965]",-1,-1
28904,[0.21738968 0.30713699],2,5,"[0.23231087327800656, 0.30304944505444303]",-1,-1
28905,[0.65262092 0.73240549],9,-1,-1,-1,-1
28906,[0.6260367  0.59450403],9,2,"[0.5921204552873188, 0.6383928111301557]",1209,-1
28907,[0.41861131 0.64275155],3,-1,-1,541,-1
28908,[0.62973951 0.63476635],5,2,"[0.5921204552873188, 0.6383928111301557]",-1,-1
28909,[0.31268051 0.54782053],4,7,"[0.2817018170798153, 0.5849768676672948]",1988,17
28910,[0.32518146 0.56420192],4,7,"[0.2817018170798153, 0.5849768676672948]",1977,-1
28911,[0.4141841 0.5182006],4,0,"[0.383291892093257, 0.5586820702346661]",-1,-1
28912,[0.29510403 0.5453375 ],7,7,"[0.2817018170798153, 0.5849768676672948]",1907,-1
28913,[0.42652901 0.45748173],6,-1,-1,-1,-1
28914,[0.42067664 0.28553295],2,1,"[0.3897435781344088, 0.3417040596068965]",765,-1
28915,[0.24998084 0.35393446],0,5,"[0.23231087327800656, 0.30304944505444303]",-1,-1
28916,[0.30551888 0.61288421],4,7,"[0.2817018170798153, 0.5849768676672948]",1762,-1
28917,[0.61597419 0.48712725],8,3,"[0.6815204869410737, 0.47689852788858716]",789,-1
28918,[0.52021578 0.68727576],9,-1,-1,-1,-1
28919,[0.29214577 0.60393531],4,7,"[0.2817018170798153, 0.5849768676672948]",1693,-1
28920,[0.31188809 0.57193106],3,7,"[0.2817018170798153, 0.5849768676672948]",1925,-1
28921,[0.53759352 0.62506593],3,2,"[0.5921204552873188, 0.6383928111301557]",-1,-1
28922,[0.91459678 0.69604872],1,-1,-1,-1,-1
28923,[0.45570801 0.34713822],6,1,"[0.3897435781344088, 0.3417040596068965]",-1,-1
28924,[0.62010751 0.60143812],9,2,"[0.5921204552873188, 0.6383928111301557]",1200,-1
28925,[0.60147305 0.62784915],9,2,"[0.5921204552873188, 0.6383928111301557]",1347,6
28926,[0.80930661 0.80654214],1,-1,-1,-1,0
28927,[0.51566465 0.5881509 ],5,6,"[0.5164739970238864, 0.5319253761973344]",1383,-1
28928,[0.56993156 0.54206704],5,6,"[0.5164739970238864, 0.5319253761973344]",-1,-1
28929,[0.3013294  0.21310777],2,9,"[0.3110394802231661, 0.23517199738277297]",1016,-1
28930,[0.53629721 0.66909293],9,2,"[0.5921204552873188, 0.6383928111301557]",-1,-1
28931,[0.57996067 0.61665067],9,2,"[0.5921204552873188, 0.6383928111301557]",1419,-1
28932,[0.39607903 0.54643927],3,0,"[0.383291892093257, 0.5586820702346661]",-1,-1
28933,[0.31022587 0.66691422],3,-1,-1,-1,-1
28934,[0.61825332 0.47105558],8,3,"[0.6815204869410737, 0.47689852788858716]",-1,-1
28935,[0.36968135 0.54203789],3,0,"[0.383291892093257, 0.5586820702346661]",-1,-1
28936,[0.37874765 0.56001784],3,0,"[0.383291892093257, 0.5586820702346661]",-1,-1
28937,[0.24559519 0.57712676],4,7,"[0.2817018170798153, 0.5849768676672948]",1563,-1
28938,[0.28349983 0.41532337],7,8,"[0.27392971195344684, 0.45973140540928376]",1075,-1
28939,[0.36482479 0.54521535],3,0,"[0.383291892093257, 0.5586820702346661]",1790,-1
28940,[0.2498211  0.18112312],0,-1,-1,-1,-1
28941,[0.41987319 0.23978131],6,-1,-1,-1,-1
28942,[0.4586214  0.55606514],3,6,"[0.5164739970238864, 0.5319253761973344]",-1,-1
28943,[0.4392968  0.35892791],6,1,"[0.3897435781344088, 0.3417040596068965]",552,-1
28944,[0.322153   0.27731305],2,9,"[0.3110394802231661, 0.23517199738277297]",1519,-1
28945,[0.21802059 0.52684374],7,-1,-1,1169,-1
28946,[0.39516234 0.6055397 ],3,0,"[0.383291892093257, 0.5586820702346661]",-1,-1
28947,[0.42023835 0.18775592],6,-1,-1,-1,-1
28948,[0.28214588 0.51957774],4,8,"[0.27392971195344684, 0.45973140540928376]",1886,14
28949,[0.22652647 0.64152673],4,-1,-1,-1,-1
28950,[0.65596783 0.63006256],9,2,"[0.5921204552873188, 0.6383928111301557]",-1,-1
28951,[0.44407235 0.33387285],6,1,"[0.3897435781344088, 0.3417040596068965]",788,-1
28952,[0.19423622 0.41078156],0,-1,-1,-1,-1
28953,[0.25650157 0.22208238],2,9,"[0.3110394802231661, 0.23517199738277297]",-1,-1
28954,[0.57686276 0.73347226],9,-1,-1,-1,-1
28955,[0.26519275 0.34896501],2,5,"[0.23231087327800656, 0.30304944505444303]",-1,-1
28956,[0.64570184 0.62030425],9,2,"[0.5921204552873188, 0.6383928111301557]",1072,-1
28957,[0.37346528 0.59306102],3,0,"[0.383291892093257, 0.5586820702346661]",-1,-1
28958,[0.26589867 0.33079037],2,5,"[0.23231087327800656, 0.30304944505444303]",1601,-1
28959,[0.24509572 0.55524346],4,7,"[0.2817018170798153, 0.5849768676672948]",-1,-1
28960,[0.35011226 0.52434459],4,0,"[0.383291892093257, 0.5586820702346661]",-1,-1
28961,[0.32979264 0.57867638],4,7,"[0.2817018170798153, 0.5849768676672948]",1980,-1
28962,[0.22850146 0.34243645],2,5,"[0.23231087327800656, 0.30304944505444303]",1521,-1
28963,[0.75819719 0.76293776],1,4,"[0.7726811996944247, 0.7249303226766757]",417,0
28964,[0.427683   0.54031133],3,0,"[0.383291892093257, 0.5586820702346661]",-1,-1
28965,[0.27173755 0.56381185],4,7,"[0.2817018170798153, 0.5849768676672948]",1874,-1
28966,[0.30859591 0.25912765],2,9,"[0.3110394802231661, 0.23517199738277297]",-1,-1
28967,[0.42199715 0.25636872],6,-1,-1,610,-1
28968,[0.68696045 0.63139182],9,-1,-1,493,-1
28969,[0.6529779  0.58324577],9,-1,-1,1014,-1
28970,[0.63047585 0.46223521],8,3,"[0.6815204869410737, 0.47689852788858716]",625,-1
28971,[0.41070338 0.50790988],4,0,"[0.383291892093257, 0.5586820702346661]",-1,-1
28972,[0.35998675 0.21036796],0,9,"[0.3110394802231661, 0.23517199738277297]",-1,-1
28973,[0.43994504 0.52248777],3,0,"[0.383291892093257, 0.5586820702346661]",-1,-1
28974,[0.28309081 0.29159238],2,5,"[0.23231087327800656, 0.30304944505444303]",-1,11
28975,[0.46421616 0.62088286],5,-1,-1,704,-1
28976,[0.21905411 0.22493899],0,-1,-1,872,-1
28977,[0.27579642 0.26132704],0,9,"[0.3110394802231661, 0.23517199738277297]",1606,-1
28978,[0.20628825 0.35226562],0,5,"[0.23231087327800656, 0.30304944505444303]",749,-1
28979,[0.73753276 0.75968646],1,4,"[0.7726811996944247, 0.7249303226766757]",-1,0
28980,[0.59857812 0.59835112],5,2,"[0.5921204552873188, 0.6383928111301557]",-1,-1
28981,[0.29313291 0.63164654],4,7,"[0.2817018170798153, 0.5849768676672948]",-1,-1
28982,[0.31619096 0.54718195],4,7,"[0.2817018170798153, 0.5849768676672948]",-1,17
28983,[0.30402707 0.31009136],0,-1,-1,-1,-1
28984,[0.31070732 0.32691926],0,-1,-1,1677,-1
28985,[0.25541912 0.48827898],4,8,"[0.27392971195344684, 0.45973140540928376]",1709,-1
28986,[0.54470921 0.59148266],9,6,"[0.5164739970238864, 0.5319253761973344]",1433,6
28987,[0.17279106 0.36415972],2,-1,-1,-1,-1
28988,[0.36843176 0.18760099],6,-1,-1,-1,-1
28989,[0.41354097 0.26390526],2,-1,-1,640,-1
28990,[0.81027714 0.76538831],1,4,"[0.7726811996944247, 0.7249303226766757]",-1,0
28991,[0.57605672 0.69417048],9,2,"[0.5921204552873188, 0.6383928111301557]",-1,-1
28992,[0.3014993  0.31993362],0,-1,-1,-1,-1
28993,[0.33636011 0.52284316],3,0,"[0.383291892093257, 0.5586820702346661]",-1,-1
28994,[0.68239179 0.41607739],8,3,"[0.6815204869410737, 0.47689852788858716]",592,-1
28995,[0.28303888 0.35385381],2,-1,-1,-1,-1
28996,[0.58085317 0.44966096],8,-1,-1,-1,-1
28997,[0.26631375 0.48023092],4,8,"[0.27392971195344684, 0.45973140540928376]",-1,-1
28998,[0.51468122 0.6581648 ],9,-1,-1,728,-1
28999,[0.54485153 0.61541456],5,2,"[0.5921204552873188, 0.6383928111301557]",1216,-1
29000,[0.23658337 0.45896936],7,8,"[0.27392971195344684, 0.45973140540928376]",-1,-1
29001,[0.76059491 0.67170508],1,4,"[0.7726811996944247, 0.7249303226766757]",-1,0
29002,[0.22330567 0.22010714],0,-1,-1,871,-1
29003,[0.35631259 0.29924092],6,1,"[0.3897435781344088, 0.3417040596068965]",1537,-1
29004,[0.55557111 0.59407155],5,2,"[0.5921204552873188, 0.6383928111301557]",-1,6
29005,[0.4827245  0.32947127],6,-1,-1,-1,-1
29006,[0.44540522 0.5343078 ],3,0,"[0.383291892093257, 0.5586820702346661]",-1,-1
29007,[0.58645459 0.70496187],9,2,"[0.5921204552873188, 0.6383928111301557]",523,-1
29008,[0.2097824  0.32150126],2,5,"[0.23231087327800656, 0.30304944505444303]",1038,-1
29009,[0.6695656  0.49429139],9,3,"[0.6815204869410737, 0.47689852788858716]",796,-1
29010,[0.22215777 0.22101346],0,-1,-1,871,-1
29011,[0.27973526 0.53801983],7,7,"[0.2817018170798153, 0.5849768676672948]",-1,-1
29012,[0.76146687 0.44711758],8,-1,-1,-1,-1
29013,[0.43943777 0.40698372],7,-1,-1,-1,-1
29014,[0.26554811 0.43656787],7,8,"[0.27392971195344684, 0.45973140540928376]",-1,-1
29015,[0.78290403 0.64657583],1,-1,-1,-1,0
29016,[0.26267268 0.27398156],2,5,"[0.23231087327800656, 0.30304944505444303]",1534,-1
29017,[0.52095847 0.62035193],9,-1,-1,-1,-1
29018,[0.57845496 0.50800474],5,6,"[0.5164739970238864, 0.5319253761973344]",-1,-1
29019,[0.36620126 0.32726551],6,1,"[0.3897435781344088, 0.3417040596068965]",-1,-1
29020,[0.58664008 0.50287465],8,-1,-1,-1,-1
29021,[0.25499046 0.29651389],2,5,"[0.23231087327800656, 0.30304944505444303]",-1,-1
29022,[0.64875065 0.67060388],9,2,"[0.5921204552873188, 0.6383928111301557]",-1,-1
29023,[0.55991117 0.64051198],9,2,"[0.5921204552873188, 0.6383928111301557]",1278,6
29024,[0.60083994 0.64595682],9,2,"[0.5921204552873188, 0.6383928111301557]",-1,-1
29025,[0.8032963  0.81599895],1,-1,-1,-1,0
29026,[0.7312014  0.67570876],1,4,"[0.7726811996944247, 0.7249303226766757]",409,0
29027,[0.36016125 0.65618641],3,-1,-1,576,-1
29028,[0.65322391 0.59478977],9,-1,-1,-1,-1
29029,[0.65931416 0.43836596],8,3,"[0.6815204869410737, 0.47689852788858716]",-1,-1
29030,[0.31167055 0.66117433],7,-1,-1,-1,-1
29031,[0.7302762  0.75262821],1,4,"[0.7726811996944247, 0.7249303226766757]",-1,0
29032,[0.31098025 0.6000617 ],3,7,"[0.2817018170798153, 0.5849768676672948]",-1,-1
29033,[0.34486393 0.58249162],3,0,"[0.383291892093257, 0.5586820702346661]",1842,-1
29034,[0.28058388 0.46537618],7,8,"[0.27392971195344684, 0.45973140540928376]",1404,-1
29035,[0.77933137 0.4695196 ],8,-1,-1,-1,-1
29036,[0.75208018 0.72453089],1,4,"[0.7726811996944247, 0.7249303226766757]",466,0
29037,[0.36186495 0.11375344],6,-1,-1,-1,-1
29038,[0.25872705 0.39526132],2,8,"[0.27392971195344684, 0.45973140540928376]",-1,-1
29039,[0.43930282 0.26615896],6,-1,-1,-1,-1
29040,[0.37088877 0.17765705],2,-1,-1,-1,-1
29041,[0.62105909 0.60977447],9,2,"[0.5921204552873188, 0.6383928111301557]",1200,-1
29042,[0.29902494 0.47415839],7,8,"[0.27392971195344684, 0.45973140540928376]",1729,-1
29043,[0.24448561 0.52315028],7,8,"[0.27392971195344684, 0.45973140540928376]",-1,-1
29044,[0.26909394 0.39998388],2,8,"[0.27392971195344684, 0.45973140540928376]",1018,-1
29045,[0.70772534 0.48960619],8,3,"[0.6815204869410737, 0.47689852788858716]",815,-1
29046,[0.34811008 0.60234184],4,0,"[0.383291892093257, 0.5586820702346661]",1833,-1
29047,[0.33181048 0.61760716],4,7,"[0.2817018170798153, 0.5849768676672948]",-1,-1
29048,[0.37664557 0.25118459],6,9,"[0.3110394802231661, 0.23517199738277297]",-1,-1
29049,[0.58523495 0.52328028],9,6,"[0.5164739970238864, 0.5319253761973344]",1102,-1
29050,[0.29803119 0.459906  ],7,8,"[0.27392971195344684, 0.45973140540928376]",1730,-1
29051,[0.219798   0.22031897],0,-1,-1,-1,-1
29052,[0.66445424 0.60031394],8,-1,-1,543,-1
29053,[0.38990494 0.46460371],7,-1,-1,-1,-1
29054,[0.34407763 0.48325218],5,-1,-1,1891,-1
29055,[0.27245926 0.55321219],4,7,"[0.2817018170798153, 0.5849768676672948]",1698,-1
29056,[0.63936791 0.56171124],8,-1,-1,-1,-1
29057,[0.76325093 0.7904371 ],1,4,"[0.7726811996944247, 0.7249303226766757]",369,0
29058,[0.58080935 0.506304  ],5,6,"[0.5164739970238864, 0.5319253761973344]",-1,-1
29059,[0.80330874 0.68209416],9,4,"[0.7726811996944247, 0.7249303226766757]",-1,0
29060,[0.31184201 0.5060904 ],7,8,"[0.27392971195344684, 0.45973140540928376]",-1,15
29061,[0.54419648 0.76298137],9,-1,-1,-1,-1
29062,[0.47478314 0.31222028],6,-1,-1,281,-1
29063,[0.30385571 0.53692765],4,7,"[0.2817018170798153, 0.5849768676672948]",-1,-1
29064,[0.68524495 0.37754508],8,-1,-1,159,-1
29065,[0.29865255 0.55795686],7,7,"[0.2817018170798153, 0.5849768676672948]",1870,-1
29066,[0.51617097 0.52968143],5,6,"[0.5164739970238864, 0.5319253761973344]",1191,3
29067,[0.21938197 0.50386437],7,-1,-1,-1,-1
29068,[0.51018995 0.57491185],5,6,"[0.5164739970238864, 0.5319253761973344]",-1,6
29069,[0.58447302 0.46024213],8,-1,-1,-1,-1
29070,[0.35213526 0.35660651],2,1,"[0.3897435781344088, 0.3417040596068965]",1261,-1
29071,[0.19475289 0.52724069],7,-1,-1,166,-1
29072,[0.32290363 0.52630141],3,0,"[0.383291892093257, 0.5586820702346661]",1943,-1
29073,[0.35303463 0.53555618],7,0,"[0.383291892093257, 0.5586820702346661]",-1,-1
29074,[0.26088596 0.24829075],2,9,"[0.3110394802231661, 0.23517199738277297]",1138,-1
29075,[0.254905   0.24896614],0,9,"[0.3110394802231661, 0.23517199738277297]",1138,-1
29076,[0.30217881 0.29767657],2,9,"[0.3110394802231661, 0.23517199738277297]",-1,11
29077,[0.68797498 0.52426619],5,3,"[0.6815204869410737, 0.47689852788858716]",786,-1
29078,[0.23322498 0.33619904],0,5,"[0.23231087327800656, 0.30304944505444303]",1522,-1
29079,[0.49944525 0.53185179],5,6,"[0.5164739970238864, 0.5319253761973344]",-1,-1
29080,[0.67644531 0.83564971],1,-1,-1,23,-1
29081,[0.54712584 0.38918099],8,-1,-1,47,-1
29082,[0.37280502 0.35392341],2,1,"[0.3897435781344088, 0.3417040596068965]",-1,-1
29083,[0.40369621 0.53132856],5,0,"[0.383291892093257, 0.5586820702346661]",-1,-1
29084,[0.37848481 0.51690114],7,0,"[0.383291892093257, 0.5586820702346661]",-1,-1
29085,[0.71371169 0.76667466],1,-1,-1,228,0
29086,[0.35955812 0.42044793],2,-1,-1,-1,-1
29087,[0.82845379 0.68911397],1,4,"[0.7726811996944247, 0.7249303226766757]",-1,0
29088,[0.25347317 0.63634239],4,7,"[0.2817018170798153, 0.5849768676672948]",-1,-1
29089,[0.51051322 0.67436735],5,-1,-1,-1,-1
29090,[0.42257439 0.38494982],6,1,"[0.3897435781344088, 0.3417040596068965]",761,-1
29091,[0.3171894  0.19294523],2,9,"[0.3110394802231661, 0.23517199738277297]",-1,-1
29092,[0.40076495 0.51194404],7,0,"[0.383291892093257, 0.5586820702346661]",-1,-1
29093,[0.27813583 0.36706183],4,-1,-1,1265,-1
29094,[0.31159168 0.51052503],7,8,"[0.27392971195344684, 0.45973140540928376]",1922,15
29095,[0.36129556 0.42393846],7,-1,-1,883,-1
29096,[0.64261096 0.69700056],9,-1,-1,-1,-1
29097,[0.30247909 0.39787629],2,8,"[0.27392971195344684, 0.45973140540928376]",1067,-1
29098,[0.18532932 0.38964851],2,-1,-1,133,-1
29099,[0.81561386 0.6783736 ],1,4,"[0.7726811996944247, 0.7249303226766757]",361,0
29100,[0.31425396 0.4984469 ],7,8,"[0.27392971195344684, 0.45973140540928376]",1822,-1
29101,[0.2409649  0.47174596],7,8,"[0.27392971195344684, 0.45973140540928376]",-1,-1
29102,[0.4689284  0.28687346],6,-1,-1,272,-1
29103,[0.7311     0.77477008],1,4,"[0.7726811996944247, 0.7249303226766757]",-1,0
29104,[0.64738386 0.65676989],9,2,"[0.5921204552873188, 0.6383928111301557]",643,-1
29105,[0.25069732 0.51236558],7,8,"[0.27392971195344684, 0.45973140540928376]",-1,-1
29106,[0.56552613 0.47081034],8,-1,-1,533,-1
29107,[0.12760856 0.35383003],2,-1,-1,-1,-1
29108,[0.18990232 0.58454663],4,-1,-1,102,-1
29109,[0.15697731 0.31654022],0,-1,-1,203,-1
29110,[0.60179556 0.50553617],8,-1,-1,844,-1
29111,[0.30322092 0.52403115],7,7,"[0.2817018170798153, 0.5849768676672948]",-1,-1
29112,[0.67133102 0.64313978],9,-1,-1,-1,-1
29113,[0.42675944 0.58819287],5,0,"[0.383291892093257, 0.5586820702346661]",1703,-1
29114,[0.62035568 0.46739735],8,3,"[0.6815204869410737, 0.47689852788858716]",-1,-1
29115,[0.27053958 0.34916538],2,5,"[0.23231087327800656, 0.30304944505444303]",1592,-1
29116,[0.33048711 0.25924725],2,9,"[0.3110394802231661, 0.23517199738277297]",-1,-1
29117,[0.77123002 0.70203727],1,4,"[0.7726811996944247, 0.7249303226766757]",448,0
29118,[0.56455815 0.7336268 ],9,-1,-1,-1,-1
29119,[0.56602392 0.53906073],5,6,"[0.5164739970238864, 0.5319253761973344]",1401,6
29120,[0.53402505 0.56958348],5,6,"[0.5164739970238864, 0.5319253761973344]",-1,-1
29121,[0.24849108 0.30174318],0,5,"[0.23231087327800656, 0.30304944505444303]",1590,-1
29122,[0.53269316 0.48510639],5,6,"[0.5164739970238864, 0.5319253761973344]",927,-1
29123,[0.78897325 0.73293032],1,4,"[0.7726811996944247, 0.7249303226766757]",-1,0
29124,[0.42893785 0.45611377],3,-1,-1,-1,-1
29125,[0.26693453 0.45230759],7,8,"[0.27392971195344684, 0.45973140540928376]",1247,-1
29126,[0.3792881  0.54565388],3,0,"[0.383291892093257, 0.5586820702346661]",1805,-1
29127,[0.33440509 0.33385949],0,1,"[0.3897435781344088, 0.3417040596068965]",-1,-1
29128,[0.43418629 0.43917405],3,-1,-1,404,-1
29129,[0.34475866 0.51495431],4,0,"[0.383291892093257, 0.5586820702346661]",-1,-1
29130,[0.63977615 0.68136829],9,2,"[0.5921204552873188, 0.6383928111301557]",488,-1
29131,[0.66468976 0.50543653],8,3,"[0.6815204869410737, 0.47689852788858716]",-1,2
29132,[0.26696891 0.30870756],0,5,"[0.23231087327800656, 0.30304944505444303]",-1,-1
29133,[0.50428898 0.62272541],9,-1,-1,-1,-1
29134,[0.40183983 0.17372574],6,-1,-1,-1,-1
29135,[0.56211409 0.59188436],5,2,"[0.5921204552873188, 0.6383928111301557]",-1,6
29136,[0.36058236 0.62587031],4,-1,-1,1304,-1
29137,[0.60806978 0.537062  ],8,-1,-1,1246,-1
29138,[0.26716288 0.34750335],2,5,"[0.23231087327800656, 0.30304944505444303]",1592,-1
29139,[0.41187877 0.54287572],7,0,"[0.383291892093257, 0.5586820702346661]",-1,-1
29140,[0.33470363 0.56651779],7,0,"[0.383291892093257, 0.5586820702346661]",1975,-1
29141,[0.65083448 0.47613499],8,3,"[0.6815204869410737, 0.47689852788858716]",824,1
29142,[0.30800966 0.51072312],3,8,"[0.27392971195344684, 0.45973140540928376]",-1,15
29143,[0.7389937  0.47250865],8,3,"[0.6815204869410737, 0.47689852788858716]",513,-1
29144,[0.19859921 0.59483303],4,-1,-1,-1,-1
29145,[0.54104091 0.29685427],6,-1,-1,-1,-1
29146,[0.25801859 0.27711726],2,5,"[0.23231087327800656, 0.30304944505444303]",-1,-1
29147,[0.28671675 0.55583235],2,7,"[0.2817018170798153, 0.5849768676672948]",-1,13
29148,[0.38339598 0.32376841],6,1,"[0.3897435781344088, 0.3417040596068965]",1476,-1
29149,[0.30153121 0.35428228],2,-1,-1,1551,-1
29150,[0.41480528 0.39682293],6,1,"[0.3897435781344088, 0.3417040596068965]",758,-1
29151,[0.20209448 0.52700699],4,-1,-1,-1,-1
29152,[0.6014501  0.54758545],5,-1,-1,1293,-1
29153,[0.35045322 0.61565284],3,0,"[0.383291892093257, 0.5586820702346661]",1830,-1
29154,[0.23774394 0.51071354],4,8,"[0.27392971195344684, 0.45973140540928376]",1552,-1
29155,[0.20459536 0.40173153],4,-1,-1,-1,-1
29156,[0.56095074 0.45837969],8,-1,-1,-1,-1
29157,[0.28738723 0.51738566],4,8,"[0.27392971195344684, 0.45973140540928376]",1915,14
29158,[0.59762146 0.46219537],5,-1,-1,608,-1
29159,[0.60736915 0.64352472],9,2,"[0.5921204552873188, 0.6383928111301557]",1332,-1
29160,[0.39189046 0.57807492],4,0,"[0.383291892093257, 0.5586820702346661]",-1,-1
29161,[0.2850649  0.27409152],2,9,"[0.3110394802231661, 0.23517199738277297]",-1,-1
29162,[0.40527204 0.23774201],2,-1,-1,657,-1
29163,[0.58642686 0.662795  ],9,2,"[0.5921204552873188, 0.6383928111301557]",-1,-1
29164,[0.78787315 0.46380694],8,-1,-1,-1,-1
29165,[0.28927231 0.51112899],7,8,"[0.27392971195344684, 0.45973140540928376]",-1,14
29166,[0.34850757 0.34259982],6,1,"[0.3897435781344088, 0.3417040596068965]",-1,-1
29167,[0.25564204 0.48798921],4,8,"[0.27392971195344684, 0.45973140540928376]",1709,-1
29168,[0.26354561 0.18862514],0,9,"[0.3110394802231661, 0.23517199738277297]",-1,-1
29169,[0.29756113 0.51678046],7,8,"[0.27392971195344684, 0.45973140540928376]",1876,-1
29170,[0.43154118 0.64249377],5,-1,-1,481,-1
29171,[0.19473123 0.25737135],2,5,"[0.23231087327800656, 0.30304944505444303]",-1,-1
29172,[0.16275637 0.33016056],0,-1,-1,108,-1
29173,[0.81135539 0.48771634],8,-1,-1,16,-1
29174,[0.29460601 0.24023665],2,9,"[0.3110394802231661, 0.23517199738277297]",1465,-1
29175,[0.17669701 0.33303036],2,5,"[0.23231087327800656, 0.30304944505444303]",-1,-1
29176,[0.63993097 0.5097617 ],8,3,"[0.6815204869410737, 0.47689852788858716]",866,1
29177,[0.21827893 0.56080706],7,7,"[0.2817018170798153, 0.5849768676672948]",690,-1
29178,[0.47746465 0.53254538],5,6,"[0.5164739970238864, 0.5319253761973344]",963,-1
29179,[0.80177669 0.75107678],1,4,"[0.7726811996944247, 0.7249303226766757]",-1,0
29180,[0.40055496 0.59994188],3,0,"[0.383291892093257, 0.5586820702346661]",1724,-1
29181,[0.29847072 0.29394303],2,9,"[0.3110394802231661, 0.23517199738277297]",1690,11
29182,[0.2192078  0.32226806],0,5,"[0.23231087327800656, 0.30304944505444303]",1339,-1
29183,[0.57819229 0.62937308],9,2,"[0.5921204552873188, 0.6383928111301557]",1309,-1
29184,[0.2285898  0.62541943],7,7,"[0.2817018170798153, 0.5849768676672948]",347,-1
29185,[0.26514848 0.35573571],2,5,"[0.23231087327800656, 0.30304944505444303]",1564,-1
29186,[0.6588265 0.5400595],9,3,"[0.6815204869410737, 0.47689852788858716]",-1,-1
29187,[0.64667157 0.51417309],8,3,"[0.6815204869410737, 0.47689852788858716]",866,-1
29188,[0.27018626 0.63720104],4,7,"[0.2817018170798153, 0.5849768676672948]",-1,-1
29189,[0.45893856 0.51788961],5,6,"[0.5164739970238864, 0.5319253761973344]",-1,-1
29190,[0.55048274 0.66213907],9,2,"[0.5921204552873188, 0.6383928111301557]",-1,-1
29191,[0.43591248 0.53292672],5,0,"[0.383291892093257, 0.5586820702346661]",1135,-1
29192,[0.52040396 0.62724656],9,-1,-1,1143,-1
29193,[0.36507237 0.3680887 ],2,1,"[0.3897435781344088, 0.3417040596068965]",-1,-1
29194,[0.56431931 0.5605159 ],5,6,"[0.5164739970238864, 0.5319253761973344]",1362,-1
29195,[0.36809343 0.56221237],3,0,"[0.383291892093257, 0.5586820702346661]",1856,12
29196,[0.28124907 0.54344284],7,7,"[0.2817018170798153, 0.5849768676672948]",-1,-1
29197,[0.5179605 0.6337698],5,-1,-1,-1,-1
29198,[0.27561889 0.52925482],7,7,"[0.2817018170798153, 0.5849768676672948]",1882,-1
29199,[0.61985118 0.57141794],5,-1,-1,1273,-1
29200,[0.51784742 0.47952517],5,6,"[0.5164739970238864, 0.5319253761973344]",604,-1
29201,[0.81493699 0.73128215],1,4,"[0.7726811996944247, 0.7249303226766757]",-1,0
29202,[0.81877439 0.66267676],1,-1,-1,-1,0
29203,[0.28326749 0.21258656],0,9,"[0.3110394802231661, 0.23517199738277297]",-1,-1
29204,[0.74348377 0.746851  ],1,4,"[0.7726811996944247, 0.7249303226766757]",-1,0
29205,[0.58603009 0.44369023],5,-1,-1,-1,-1
29206,[0.79867209 0.78868916],1,4,"[0.7726811996944247, 0.7249303226766757]",-1,0
29207,[0.38197812 0.47463598],4,-1,-1,771,-1
29208,[0.76170034 0.79307622],1,4,"[0.7726811996944247, 0.7249303226766757]",-1,0
29209,[0.59008461 0.56177124],5,-1,-1,1253,-1
29210,[0.20516114 0.48633806],7,-1,-1,185,-1
29211,[0.23584961 0.16701234],0,-1,-1,175,-1
29212,[0.33504108 0.52872619],3,0,"[0.383291892093257, 0.5586820702346661]",-1,-1
29213,[0.41343566 0.3390448 ],6,1,"[0.3897435781344088, 0.3417040596068965]",-1,-1
29214,[0.40341791 0.62671972],3,-1,-1,-1,-1
29215,[0.34769851 0.20589009],0,9,"[0.3110394802231661, 0.23517199738277297]",-1,-1
29216,[0.19411039 0.67432087],7,-1,-1,8,-1
29217,[0.66600775 0.60660221],8,-1,-1,-1,-1
29218,[0.35447257 0.49663883],4,0,"[0.383291892093257, 0.5586820702346661]",1871,-1
29219,[0.30531059 0.34227742],0,-1,-1,1593,8
29220,[0.71263018 0.67997467],1,-1,-1,391,0
29221,[0.30832196 0.18381332],0,9,"[0.3110394802231661, 0.23517199738277297]",-1,-1
29222,[0.47569354 0.56338352],4,6,"[0.5164739970238864, 0.5319253761973344]",1010,-1
29223,[0.40365363 0.64841654],3,-1,-1,589,-1
29224,[0.30873964 0.25841717],0,9,"[0.3110394802231661, 0.23517199738277297]",-1,-1
29225,[0.60802183 0.57823702],1,2,"[0.5921204552873188, 0.6383928111301557]",-1,5
29226,[0.73519584 0.37606747],8,-1,-1,-1,-1
29227,[0.26235984 0.59438499],4,7,"[0.2817018170798153, 0.5849768676672948]",-1,-1
29228,[0.67534722 0.51133261],8,3,"[0.6815204869410737, 0.47689852788858716]",-1,-1
29229,[0.7767788  0.51950833],8,-1,-1,111,-1
29230,[0.25111728 0.48360986],7,8,"[0.27392971195344684, 0.45973140540928376]",1710,-1
29231,[0.33478077 0.50197212],4,-1,-1,1880,-1
29232,[0.39560724 0.30129762],6,1,"[0.3897435781344088, 0.3417040596068965]",1396,-1
29233,[0.70493438 0.43871918],8,3,"[0.6815204869410737, 0.47689852788858716]",-1,-1
29234,[0.66682101 0.80098915],1,-1,-1,-1,-1
29235,[0.56048506 0.4633671 ],5,-1,-1,-1,-1
29236,[0.60711922 0.49670984],5,-1,-1,843,-1
29237,[0.53438805 0.74257319],9,-1,-1,-1,-1
29238,[0.63545771 0.59700649],9,2,"[0.5921204552873188, 0.6383928111301557]",-1,-1
29239,[0.4937149  0.48701694],5,6,"[0.5164739970238864, 0.5319253761973344]",-1,-1
29240,[0.69104533 0.83814523],1,-1,-1,-1,-1
29241,[0.7466365  0.38780632],8,-1,-1,-1,-1
29242,[0.30457406 0.2973684 ],2,9,"[0.3110394802231661, 0.23517199738277297]",-1,11
29243,[0.34544965 0.5443346 ],3,0,"[0.383291892093257, 0.5586820702346661]",-1,16
29244,[0.69972761 0.67043474],1,-1,-1,-1,0
29245,[0.3058117  0.49696321],4,8,"[0.27392971195344684, 0.45973140540928376]",1888,-1
29246,[0.27284903 0.28309519],2,5,"[0.23231087327800656, 0.30304944505444303]",1675,-1
29247,[0.19530951 0.31874845],0,5,"[0.23231087327800656, 0.30304944505444303]",857,-1
29248,[0.32523332 0.17183555],0,9,"[0.3110394802231661, 0.23517199738277297]",-1,-1
29249,[0.30810389 0.63822459],7,7,"[0.2817018170798153, 0.5849768676672948]",554,-1
29250,[0.62774368 0.7049006 ],9,-1,-1,287,-1
29251,[0.34832147 0.61236426],3,0,"[0.383291892093257, 0.5586820702346661]",-1,-1
29252,[0.51447239 0.53040072],3,6,"[0.5164739970238864, 0.5319253761973344]",1191,3
29253,[0.37699335 0.56846172],4,0,"[0.383291892093257, 0.5586820702346661]",-1,-1
29254,[0.36353498 0.33167851],6,1,"[0.3897435781344088, 0.3417040596068965]",-1,-1
29255,[0.38719871 0.33364961],6,1,"[0.3897435781344088, 0.3417040596068965]",1476,-1
29256,[0.25781209 0.51647669],7,8,"[0.27392971195344684, 0.45973140540928376]",1785,-1
29257,[0.37089138 0.44529687],7,-1,-1,-1,-1
29258,[0.74130805 0.72551842],1,4,"[0.7726811996944247, 0.7249303226766757]",411,0
29259,[0.37903802 0.49394612],4,0,"[0.383291892093257, 0.5586820702346661]",-1,-1
29260,[0.29387643 0.34189037],2,-1,-1,1619,-1
29261,[0.59268288 0.61852888],9,2,"[0.5921204552873188, 0.6383928111301557]",-1,6
29262,[0.72456988 0.40646406],8,-1,-1,-1,-1
29263,[0.38409919 0.59904347],3,0,"[0.383291892093257, 0.5586820702346661]",1753,-1
29264,[0.39979512 0.34869315],6,1,"[0.3897435781344088, 0.3417040596068965]",-1,-1
29265,[0.18703225 0.57665216],7,-1,-1,102,-1
29266,[0.32871283 0.34182495],2,1,"[0.3897435781344088, 0.3417040596068965]",1617,-1
29267,[0.45743558 0.53814157],3,6,"[0.5164739970238864, 0.5319253761973344]",-1,-1
29268,[0.47580483 0.32552017],6,-1,-1,268,-1
29269,[0.23812374 0.22300631],0,-1,-1,-1,-1
29270,[0.30232857 0.38910188],6,-1,-1,-1,-1
29271,[0.40059041 0.34757553],6,1,"[0.3897435781344088, 0.3417040596068965]",-1,-1
29272,[0.72025082 0.52290084],8,3,"[0.6815204869410737, 0.47689852788858716]",569,-1
29273,[0.42135216 0.34082132],6,1,"[0.3897435781344088, 0.3417040596068965]",-1,-1
29274,[0.36557102 0.51301696],4,0,"[0.383291892093257, 0.5586820702346661]",1900,-1
29275,[0.64525637 0.62580008],9,2,"[0.5921204552873188, 0.6383928111301557]",1158,-1
29276,[0.27302496 0.33069589],2,5,"[0.23231087327800656, 0.30304944505444303]",1597,9
29277,[0.39669002 0.22678327],0,-1,-1,204,-1
29278,[0.68832825 0.45538245],8,3,"[0.6815204869410737, 0.47689852788858716]",-1,-1
29279,[0.40886471 0.49306596],3,-1,-1,1456,-1
29280,[0.51648791 0.47500414],8,6,"[0.5164739970238864, 0.5319253761973344]",-1,-1
29281,[0.68819431 0.59712293],8,-1,-1,267,-1
29282,[0.86096304 0.82107104],1,-1,-1,-1,-1
29283,[0.26630906 0.27080014],0,5,"[0.23231087327800656, 0.30304944505444303]",1635,-1
29284,[0.69523608 0.62955659],9,-1,-1,-1,-1
29285,[0.68367199 0.65188463],1,-1,-1,-1,-1
29286,[0.60999051 0.49210905],8,-1,-1,-1,-1
29287,[0.35882543 0.56029957],3,0,"[0.383291892093257, 0.5586820702346661]",-1,-1
29288,[0.3582409  0.51801163],3,0,"[0.383291892093257, 0.5586820702346661]",1921,-1
29289,[0.35219874 0.61620889],5,0,"[0.383291892093257, 0.5586820702346661]",-1,-1
29290,[0.31306828 0.29393424],2,9,"[0.3110394802231661, 0.23517199738277297]",1614,-1
29291,[0.34862772 0.30664491],6,1,"[0.3897435781344088, 0.3417040596068965]",-1,-1
29292,[0.23292457 0.20378661],0,-1,-1,-1,-1
29293,[0.7576765  0.70031081],1,4,"[0.7726811996944247, 0.7249303226766757]",460,0
29294,[0.35673902 0.38924283],6,1,"[0.3897435781344088, 0.3417040596068965]",993,-1
29295,[0.28313069 0.25551948],0,9,"[0.3110394802231661, 0.23517199738277297]",-1,-1
29296,[0.36563443 0.58723694],4,0,"[0.383291892093257, 0.5586820702346661]",-1,12
29297,[0.47202088 0.55679505],5,6,"[0.5164739970238864, 0.5319253761973344]",1084,-1
29298,[0.407098   0.39037493],6,1,"[0.3897435781344088, 0.3417040596068965]",-1,-1
29299,[0.50736076 0.53934497],5,6,"[0.5164739970238864, 0.5319253761973344]",1186,3
29300,[0.27874334 0.49355236],4,8,"[0.27392971195344684, 0.45973140540928376]",-1,-1
29301,[0.43146744 0.48762025],3,-1,-1,-1,-1
29302,[0.32847846 0.30736406],0,-1,-1,-1,-1
29303,[0.30197608 0.62513071],7,7,"[0.2817018170798153, 0.5849768676672948]",1131,-1
29304,[0.49636468 0.53571485],5,6,"[0.5164739970238864, 0.5319253761973344]",1186,-1
29305,[0.74881025 0.6797478 ],1,4,"[0.7726811996944247, 0.7249303226766757]",439,0
29306,[0.7803461 0.704659 ],1,4,"[0.7726811996944247, 0.7249303226766757]",-1,0
29307,[0.47049255 0.2915703 ],6,-1,-1,-1,-1
29308,[0.34094801 0.58598487],3,0,"[0.383291892093257, 0.5586820702346661]",-1,-1
29309,[0.50255557 0.56551384],9,6,"[0.5164739970238864, 0.5319253761973344]",1322,-1
29310,[0.78905397 0.33083223],8,-1,-1,-1,-1
29311,[0.61853632 0.59710508],9,2,"[0.5921204552873188, 0.6383928111301557]",1210,-1
29312,[0.66752256 0.49523889],8,3,"[0.6815204869410737, 0.47689852788858716]",796,-1
29313,[0.28396682 0.40060538],2,8,"[0.27392971195344684, 0.45973140540928376]",-1,-1
29314,[0.39545688 0.62278762],3,0,"[0.383291892093257, 0.5586820702346661]",-1,-1
29315,[0.77685515 0.52019693],8,-1,-1,111,-1
29316,[0.59578805 0.54905452],8,-1,-1,-1,-1
29317,[0.16955924 0.28505343],2,5,"[0.23231087327800656, 0.30304944505444303]",726,-1
29318,[0.24746378 0.44777966],7,8,"[0.27392971195344684, 0.45973140540928376]",-1,-1
29319,[0.46285753 0.31877156],6,-1,-1,281,-1
29320,[0.27067056 0.06284764],0,-1,-1,-1,-1
29321,[0.3244134  0.32659754],2,1,"[0.3897435781344088, 0.3417040596068965]",1671,-1
29322,[0.5684686  0.41982083],5,-1,-1,-1,-1
29323,[0.27271301 0.30836437],2,5,"[0.23231087327800656, 0.30304944505444303]",-1,-1
29324,[0.46559345 0.69527697],3,-1,-1,-1,-1
29325,[0.81331648 0.79595464],1,-1,-1,177,0
29326,[0.60239887 0.52509622],8,-1,-1,1102,-1
29327,[0.3226248  0.27789233],6,9,"[0.3110394802231661, 0.23517199738277297]",1519,-1
29328,[0.34271695 0.27675315],6,9,"[0.3110394802231661, 0.23517199738277297]",1118,-1
29329,[0.46330755 0.66028786],5,-1,-1,-1,-1
29330,[0.60329483 0.49151832],9,-1,-1,-1,-1
29331,[0.45412915 0.56337337],4,6,"[0.5164739970238864, 0.5319253761973344]",1276,-1
29332,[0.40121493 0.5550605 ],3,0,"[0.383291892093257, 0.5586820702346661]",1749,-1
29333,[0.89659831 0.71385749],1,-1,-1,119,-1
29334,[0.4660802  0.27013704],6,-1,-1,-1,-1
29335,[0.50075729 0.31151972],6,-1,-1,-1,-1
29336,[0.21413023 0.39838828],2,-1,-1,502,-1
29337,[0.34492253 0.55749021],3,0,"[0.383291892093257, 0.5586820702346661]",1955,-1
29338,[0.45068983 0.2645826 ],6,-1,-1,-1,-1
29339,[0.40034668 0.55853974],4,0,"[0.383291892093257, 0.5586820702346661]",1749,-1
29340,[0.59439935 0.51972186],5,-1,-1,1102,-1
29341,[0.27279671 0.61890697],7,7,"[0.2817018170798153, 0.5849768676672948]",-1,-1
29342,[0.67106727 0.50521372],8,3,"[0.6815204869410737, 0.47689852788858716]",827,-1
29343,[0.28459307 0.47844047],3,8,"[0.27392971195344684, 0.45973140540928376]",1799,-1
29344,[0.55944218 0.57933638],9,6,"[0.5164739970238864, 0.5319253761973344]",-1,6
29345,[0.21194674 0.57687683],4,-1,-1,-1,-1
29346,[0.37817074 0.32229932],6,1,"[0.3897435781344088, 0.3417040596068965]",-1,-1
29347,[0.31451599 0.58007187],3,7,"[0.2817018170798153, 0.5849768676672948]",-1,-1
29348,[0.33356341 0.49044905],3,8,"[0.27392971195344684, 0.45973140540928376]",1827,-1
29349,[0.32725478 0.35375036],2,1,"[0.3897435781344088, 0.3417040596068965]",-1,-1
29350,[0.28927092 0.29458531],0,5,"[0.23231087327800656, 0.30304944505444303]",1684,11
29351,[0.66268232 0.53265181],8,3,"[0.6815204869410737, 0.47689852788858716]",669,-1
29352,[0.54498418 0.63748682],9,2,"[0.5921204552873188, 0.6383928111301557]",-1,-1
29353,[0.64547063 0.74208123],9,-1,-1,-1,-1
29354,[0.54054061 0.44224591],5,-1,-1,-1,-1
29355,[0.51153999 0.5674093 ],5,6,"[0.5164739970238864, 0.5319253761973344]",-1,-1
29356,[0.25993334 0.27862988],0,5,"[0.23231087327800656, 0.30304944505444303]",1547,-1
29357,[0.51405588 0.15945663],6,-1,-1,-1,-1
29358,[0.27574131 0.56071738],7,7,"[0.2817018170798153, 0.5849768676672948]",1875,-1
29359,[0.35326475 0.49960351],4,0,"[0.383291892093257, 0.5586820702346661]",1802,-1
29360,[0.35516744 0.49133775],4,-1,-1,-1,-1
29361,[0.33311243 0.52489764],3,0,"[0.383291892093257, 0.5586820702346661]",-1,-1
29362,[0.80225833 0.72563046],1,4,"[0.7726811996944247, 0.7249303226766757]",455,0
29363,[0.65263546 0.51833837],8,3,"[0.6815204869410737, 0.47689852788858716]",-1,-1
29364,[0.17670952 0.57116015],4,-1,-1,101,-1
29365,[0.38856556 0.63625945],3,-1,-1,-1,-1
29366,[0.74483584 0.67847065],1,4,"[0.7726811996944247, 0.7249303226766757]",439,0
29367,[0.3337727  0.47433619],4,8,"[0.27392971195344684, 0.45973140540928376]",-1,-1
29368,[0.56361706 0.74091304],9,-1,-1,-1,-1
29369,[0.20386178 0.59146014],7,-1,-1,181,-1
29370,[0.33979508 0.6231257 ],3,7,"[0.2817018170798153, 0.5849768676672948]",1695,-1
29371,[0.3528561  0.64300833],3,-1,-1,950,-1
29372,[0.16505165 0.19100553],0,-1,-1,-1,-1
29373,[0.21213599 0.57925379],4,7,"[0.2817018170798153, 0.5849768676672948]",-1,-1
29374,[0.32955756 0.67617008],3,-1,-1,-1,-1
29375,[0.49399049 0.61203161],9,-1,-1,918,-1
29376,[0.25190846 0.16138848],0,-1,-1,148,-1
29377,[0.14838476 0.40239442],2,-1,-1,-1,-1
29378,[0.69407763 0.8410115 ],1,-1,-1,-1,-1
29379,[0.30370944 0.27613398],6,9,"[0.3110394802231661, 0.23517199738277297]",-1,-1
29380,[0.64862272 0.45047476],8,3,"[0.6815204869410737, 0.47689852788858716]",801,-1
29381,[0.47077407 0.45726091],4,-1,-1,291,-1
29382,[0.78993798 0.75053396],1,4,"[0.7726811996944247, 0.7249303226766757]",445,0
29383,[0.2603187  0.39843926],2,8,"[0.27392971195344684, 0.45973140540928376]",-1,-1
29384,[0.47823747 0.28633291],6,-1,-1,-1,-1
29385,[0.32097936 0.38152257],2,-1,-1,1015,-1
29386,[0.48964655 0.58850896],4,6,"[0.5164739970238864, 0.5319253761973344]",752,-1
29387,[0.4097524  0.57195446],4,0,"[0.383291892093257, 0.5586820702346661]",1738,-1
29388,[0.08078187 0.2985055 ],0,-1,-1,0,-1
29389,[0.25687327 0.58155188],7,7,"[0.2817018170798153, 0.5849768676672948]",1514,-1
29390,[0.63258684 0.57312346],8,-1,-1,1195,-1
29391,[0.30828912 0.61407651],3,7,"[0.2817018170798153, 0.5849768676672948]",1762,-1
29392,[0.3546951  0.52603835],3,0,"[0.383291892093257, 0.5586820702346661]",-1,-1
29393,[0.78125586 0.73707537],1,4,"[0.7726811996944247, 0.7249303226766757]",470,0
29394,[0.25809554 0.49418035],7,8,"[0.27392971195344684, 0.45973140540928376]",-1,-1
29395,[0.42407049 0.62769922],3,-1,-1,-1,-1
29396,[0.25885007 0.59653559],7,7,"[0.2817018170798153, 0.5849768676672948]",-1,-1
29397,[0.30549554 0.28867793],0,9,"[0.3110394802231661, 0.23517199738277297]",1685,11
29398,[0.37180564 0.29269937],0,1,"[0.3897435781344088, 0.3417040596068965]",-1,-1
29399,[0.59421184 0.63310307],9,2,"[0.5921204552873188, 0.6383928111301557]",1166,-1
29400,[0.57554376 0.64096182],9,2,"[0.5921204552873188, 0.6383928111301557]",1214,-1
29401,[0.82032406 0.69105026],1,4,"[0.7726811996944247, 0.7249303226766757]",-1,0
29402,[0.34692111 0.47906164],7,-1,-1,1890,-1
29403,[0.29359745 0.34840448],2,-1,-1,1583,-1
29404,[0.18925938 0.51337831],7,-1,-1,-1,-1
29405,[0.20826807 0.39557209],7,-1,-1,-1,-1
29406,[0.78120538 0.75441788],1,4,"[0.7726811996944247, 0.7249303226766757]",412,0
29407,[0.18119405 0.21978563],2,-1,-1,-1,-1
29408,[0.34614361 0.34934625],2,1,"[0.3897435781344088, 0.3417040596068965]",1352,-1
29409,[0.26194356 0.27890837],0,5,"[0.23231087327800656, 0.30304944505444303]",1547,-1
29410,[0.23671774 0.53522985],7,7,"[0.2817018170798153, 0.5849768676672948]",-1,-1
29411,[0.7081442  0.56709976],8,-1,-1,563,-1
29412,[0.72832809 0.71438566],1,4,"[0.7726811996944247, 0.7249303226766757]",351,0
29413,[0.27977406 0.33365489],2,5,"[0.23231087327800656, 0.30304944505444303]",1598,-1
29414,[0.44699629 0.34874806],6,1,"[0.3897435781344088, 0.3417040596068965]",525,-1
29415,[0.75672095 0.56415191],1,-1,-1,-1,-1
29416,[0.33696244 0.65781909],7,-1,-1,-1,-1
29417,[0.31762361 0.39220232],6,-1,-1,1425,-1
29418,[0.65379067 0.43491549],8,3,"[0.6815204869410737, 0.47689852788858716]",-1,-1
29419,[0.63854705 0.45089544],8,3,"[0.6815204869410737, 0.47689852788858716]",618,-1
29420,[0.3041098  0.28491245],0,9,"[0.3110394802231661, 0.23517199738277297]",1614,-1
29421,[0.42438634 0.56837226],3,0,"[0.383291892093257, 0.5586820702346661]",1467,-1
29422,[0.37254571 0.61114822],4,0,"[0.383291892093257, 0.5586820702346661]",-1,-1
29423,[0.63617885 0.69275372],9,2,"[0.5921204552873188, 0.6383928111301557]",-1,-1
29424,[0.27818411 0.33140935],6,5,"[0.23231087327800656, 0.30304944505444303]",1598,-1
29425,[0.2735716  0.10196397],0,-1,-1,-1,-1
29426,[0.54746414 0.5725537 ],9,6,"[0.5164739970238864, 0.5319253761973344]",1441,6
29427,[0.39302428 0.56928474],3,0,"[0.383291892093257, 0.5586820702346661]",1770,-1
29428,[0.40688894 0.45756121],3,-1,-1,579,-1
29429,[0.21918847 0.30374846],2,5,"[0.23231087327800656, 0.30304944505444303]",-1,-1
29430,[0.37150762 0.64065595],3,-1,-1,-1,-1
29431,[0.24831168 0.25616952],6,5,"[0.23231087327800656, 0.30304944505444303]",-1,-1
29432,[0.82852297 0.61556815],1,-1,-1,-1,-1
29433,[0.77660293 0.72445686],1,4,"[0.7726811996944247, 0.7249303226766757]",-1,0
29434,[0.51538567 0.68029516],9,-1,-1,-1,-1
29435,[0.35613707 0.55404656],3,0,"[0.383291892093257, 0.5586820702346661]",-1,-1
29436,[0.89730758 0.75031217],1,-1,-1,-1,-1
29437,[0.67510382 0.77659055],1,-1,-1,83,-1
29438,[0.27820829 0.65512524],7,-1,-1,187,-1
29439,[0.20821044 0.57223907],4,-1,-1,-1,-1
29440,[0.58664134 0.61651249],9,2,"[0.5921204552873188, 0.6383928111301557]",1418,-1
29441,[0.53188128 0.52080011],5,6,"[0.5164739970238864, 0.5319253761973344]",-1,-1
29442,[0.54377148 0.49186126],8,6,"[0.5164739970238864, 0.5319253761973344]",-1,-1
29443,[0.43643035 0.27082882],6,-1,-1,-1,-1
29444,[0.36337868 0.63323163],3,-1,-1,-1,-1
29445,[0.2876321  0.28646086],0,9,"[0.3110394802231661, 0.23517199738277297]",1665,-1
29446,[0.24388152 0.37853525],0,-1,-1,-1,-1
29447,[0.57803407 0.68397536],5,2,"[0.5921204552873188, 0.6383928111301557]",915,-1
29448,[0.30228965 0.26869953],0,9,"[0.3110394802231661, 0.23517199738277297]",1511,-1
29449,[0.37903376 0.69840434],3,-1,-1,-1,-1
29450,[0.46483827 0.31922265],6,-1,-1,281,-1
29451,[0.23052994 0.21925752],0,-1,-1,-1,-1
29452,[0.21055128 0.41784987],7,-1,-1,-1,-1
29453,[0.58380495 0.74326922],9,-1,-1,-1,-1
29454,[0.30570758 0.49343786],4,8,"[0.27392971195344684, 0.45973140540928376]",1888,-1
29455,[0.2429708  0.51146137],3,8,"[0.27392971195344684, 0.45973140540928376]",-1,-1
29456,[0.4966364  0.65580462],9,-1,-1,-1,-1
29457,[0.33308704 0.5320382 ],4,0,"[0.383291892093257, 0.5586820702346661]",1948,-1
29458,[0.37101991 0.5472752 ],4,0,"[0.383291892093257, 0.5586820702346661]",1804,-1
29459,[0.337112  0.2255886],0,9,"[0.3110394802231661, 0.23517199738277297]",-1,-1
29460,[0.358996   0.58285241],3,0,"[0.383291892093257, 0.5586820702346661]",1847,12
29461,[0.28363316 0.34611287],2,5,"[0.23231087327800656, 0.30304944505444303]",-1,-1
29462,[0.36306309 0.43083686],7,-1,-1,-1,-1
29463,[0.321861   0.54625054],4,7,"[0.2817018170798153, 0.5849768676672948]",1989,-1
29464,[0.38422849 0.32568877],2,1,"[0.3897435781344088, 0.3417040596068965]",1476,-1
29465,[0.54814195 0.72346956],9,-1,-1,245,-1
29466,[0.44384584 0.67295679],4,-1,-1,-1,-1
29467,[0.75869535 0.79045154],1,4,"[0.7726811996944247, 0.7249303226766757]",-1,0
29468,[0.7315493  0.75661835],1,4,"[0.7726811996944247, 0.7249303226766757]",422,0
29469,[0.28228084 0.24156014],0,9,"[0.3110394802231661, 0.23517199738277297]",-1,-1
29470,[0.19178412 0.45770201],7,-1,-1,100,-1
29471,[0.25514886 0.53407763],4,7,"[0.2817018170798153, 0.5849768676672948]",-1,-1
29472,[0.86735514 0.75719261],1,-1,-1,-1,-1
29473,[0.64828955 0.67828729],9,2,"[0.5921204552873188, 0.6383928111301557]",-1,-1
29474,[0.24034772 0.11151937],0,-1,-1,-1,-1
29475,[0.28726464 0.51621787],3,8,"[0.27392971195344684, 0.45973140540928376]",1915,14
29476,[0.30793225 0.49865765],7,8,"[0.27392971195344684, 0.45973140540928376]",1888,-1
29477,[0.51232943 0.54487273],3,6,"[0.5164739970238864, 0.5319253761973344]",1186,3
29478,[0.33464588 0.57475516],4,0,"[0.383291892093257, 0.5586820702346661]",1979,-1
29479,[0.90709837 0.70768444],1,-1,-1,-1,-1
29480,[0.42897501 0.32833832],6,1,"[0.3897435781344088, 0.3417040596068965]",979,-1
29481,[0.36255508 0.56202294],3,0,"[0.383291892093257, 0.5586820702346661]",1823,12
29482,[0.65544836 0.53713424],8,3,"[0.6815204869410737, 0.47689852788858716]",668,-1
29483,[0.22664066 0.19347798],0,-1,-1,375,-1
29484,[0.30326149 0.27039323],0,9,"[0.3110394802231661, 0.23517199738277297]",1511,-1
29485,[0.29214274 0.60475653],3,7,"[0.2817018170798153, 0.5849768676672948]",1693,-1
29486,[0.58896161 0.55699163],5,-1,-1,-1,-1
29487,[0.31791791 0.60563316],4,7,"[0.2817018170798153, 0.5849768676672948]",-1,-1
29488,[0.40833299 0.61255902],7,0,"[0.383291892093257, 0.5586820702346661]",1696,-1
29489,[0.39891738 0.62093635],3,0,"[0.383291892093257, 0.5586820702346661]",1577,-1
29490,[0.31632347 0.46374148],3,8,"[0.27392971195344684, 0.45973140540928376]",1556,-1
29491,[0.50206613 0.65582505],9,-1,-1,-1,-1
29492,[0.72976628 0.41641839],8,-1,-1,316,-1
29493,[0.76197573 0.71285082],1,4,"[0.7726811996944247, 0.7249303226766757]",467,0
29494,[0.33332579 0.44169554],7,8,"[0.27392971195344684, 0.45973140540928376]",941,-1
29495,[0.74296365 0.65691927],1,-1,-1,-1,0
29496,[0.57088391 0.4389379 ],5,-1,-1,252,-1
29497,[0.55294971 0.54062686],5,6,"[0.5164739970238864, 0.5319253761973344]",1409,-1
29498,[0.32023126 0.55607881],3,7,"[0.2817018170798153, 0.5849768676672948]",-1,17
29499,[0.62755963 0.69064857],9,2,"[0.5921204552873188, 0.6383928111301557]",-1,-1
29500,[0.33327468 0.5588487 ],4,0,"[0.383291892093257, 0.5586820702346661]",1971,17
29501,[0.45934418 0.37908179],6,-1,-1,-1,-1
29502,[0.52987714 0.40129899],9,-1,-1,-1,-1
29503,[0.39075294 0.28217286],6,1,"[0.3897435781344088, 0.3417040596068965]",1076,-1
29504,[0.7946631  0.89018866],1,-1,-1,-1,-1
29505,[0.69446562 0.58602646],9,-1,-1,-1,-1
29506,[0.7004803  0.66240874],1,-1,-1,414,0
29507,[0.57749786 0.61718638],5,2,"[0.5921204552873188, 0.6383928111301557]",1419,-1
29508,[0.6584344  0.70527982],9,-1,-1,489,-1
29509,[0.61281311 0.60813273],9,2,"[0.5921204552873188, 0.6383928111301557]",1200,-1
29510,[0.20988953 0.55045978],7,-1,-1,644,-1
29511,[0.4065125  0.24836807],6,-1,-1,-1,-1
29512,[0.24487784 0.47394024],4,8,"[0.27392971195344684, 0.45973140540928376]",-1,-1
29513,[0.28534022 0.64984646],4,7,"[0.2817018170798153, 0.5849768676672948]",-1,-1
29514,[0.51866871 0.55806215],9,6,"[0.5164739970238864, 0.5319253761973344]",1369,-1
29515,[0.30957303 0.44560315],6,8,"[0.27392971195344684, 0.45973140540928376]",-1,-1
29516,[0.47915445 0.48802187],3,6,"[0.5164739970238864, 0.5319253761973344]",-1,-1
29517,[0.30390343 0.28435792],0,9,"[0.3110394802231661, 0.23517199738277297]",1614,-1
29518,[0.5364849  0.34374237],6,-1,-1,-1,-1
29519,[0.48787092 0.43137829],5,-1,-1,117,-1
29520,[0.35010551 0.44841893],7,-1,-1,-1,-1
29521,[0.58580485 0.41879818],5,-1,-1,-1,-1
29522,[0.25364684 0.28746027],6,5,"[0.23231087327800656, 0.30304944505444303]",-1,-1
29523,[0.47658988 0.48985437],5,6,"[0.5164739970238864, 0.5319253761973344]",875,-1
29524,[0.27315742 0.31293237],2,5,"[0.23231087327800656, 0.30304944505444303]",1585,-1
29525,[0.39906604 0.51506165],4,0,"[0.383291892093257, 0.5586820702346661]",1634,-1
29526,[0.29807846 0.25344709],0,9,"[0.3110394802231661, 0.23517199738277297]",-1,-1
29527,[0.54723011 0.39985085],5,-1,-1,-1,-1
29528,[0.38186861 0.55763478],3,0,"[0.383291892093257, 0.5586820702346661]",1814,-1
29529,[0.54518295 0.52849974],5,6,"[0.5164739970238864, 0.5319253761973344]",-1,-1
29530,[0.63441602 0.48905693],8,3,"[0.6815204869410737, 0.47689852788858716]",-1,-1
29531,[0.39070431 0.48268714],3,-1,-1,1036,-1
29532,[0.37222671 0.49613721],3,0,"[0.383291892093257, 0.5586820702346661]",-1,-1
29533,[0.24146669 0.54701914],7,7,"[0.2817018170798153, 0.5849768676672948]",1481,-1
29534,[0.64877619 0.46277025],8,3,"[0.6815204869410737, 0.47689852788858716]",812,-1
29535,[0.53230108 0.57232001],5,6,"[0.5164739970238864, 0.5319253761973344]",1371,-1
29536,[0.68958519 0.66426826],1,-1,-1,-1,0
29537,[0.54017431 0.67527804],9,2,"[0.5921204552873188, 0.6383928111301557]",687,-1
29538,[0.37719438 0.5127783 ],4,0,"[0.383291892093257, 0.5586820702346661]",-1,-1
29539,[0.82665871 0.28690234],8,-1,-1,-1,-1
29540,[0.20124971 0.5147303 ],4,-1,-1,-1,-1
29541,[0.79756605 0.72708006],1,4,"[0.7726811996944247, 0.7249303226766757]",461,0
29542,[0.46893622 0.49205394],5,6,"[0.5164739970238864, 0.5319253761973344]",875,-1
29543,[0.38288206 0.4984777 ],3,0,"[0.383291892093257, 0.5586820702346661]",1448,-1
29544,[0.3530197  0.46655934],7,-1,-1,-1,-1
29545,[0.50371623 0.49263915],5,6,"[0.5164739970238864, 0.5319253761973344]",605,-1
29546,[0.25808799 0.27506321],0,5,"[0.23231087327800656, 0.30304944505444303]",1548,-1
29547,[0.36498754 0.40096393],6,1,"[0.3897435781344088, 0.3417040596068965]",718,-1
29548,[0.18809171 0.4086654 ],7,-1,-1,-1,-1
29549,[0.6947947  0.82821802],1,-1,-1,-1,-1
29550,[0.80335207 0.74667396],1,4,"[0.7726811996944247, 0.7249303226766757]",-1,0
29551,[0.59708258 0.49787735],5,-1,-1,-1,-1
29552,[0.7353342 0.7140117],1,4,"[0.7726811996944247, 0.7249303226766757]",-1,0
29553,[0.78117439 0.73748188],1,4,"[0.7726811996944247, 0.7249303226766757]",470,0
29554,[0.5188525  0.62756522],5,-1,-1,1143,-1
29555,[0.20663113 0.42499314],0,-1,-1,333,-1
29556,[0.21545641 0.31327303],2,5,"[0.23231087327800656, 0.30304944505444303]",1340,-1
29557,[0.34150489 0.40456802],6,-1,-1,881,-1
29558,[0.30346013 0.62938917],4,7,"[0.2817018170798153, 0.5849768676672948]",1069,-1
29559,[0.27510236 0.22389268],2,9,"[0.3110394802231661, 0.23517199738277297]",1334,-1
29560,[0.39813671 0.58898784],3,0,"[0.383291892093257, 0.5586820702346661]",-1,-1
29561,[0.27907184 0.31313478],0,5,"[0.23231087327800656, 0.30304944505444303]",1585,-1
29562,[0.23152727 0.33896711],0,5,"[0.23231087327800656, 0.30304944505444303]",-1,-1
29563,[0.23813403 0.27751958],0,5,"[0.23231087327800656, 0.30304944505444303]",-1,-1
29564,[0.29842575 0.59112044],7,7,"[0.2817018170798153, 0.5849768676672948]",-1,-1
29565,[0.39233036 0.55495219],3,0,"[0.383291892093257, 0.5586820702346661]",1568,-1
29566,[0.18709558 0.56912332],7,-1,-1,-1,-1
29567,[0.69993341 0.73658263],1,-1,-1,383,0
29568,[0.39928352 0.59457173],3,0,"[0.383291892093257, 0.5586820702346661]",1723,-1
29569,[0.17619175 0.46292981],2,-1,-1,210,-1
29570,[0.8298978  0.68049984],1,-1,-1,-1,0
29571,[0.37379842 0.50514293],4,0,"[0.383291892093257, 0.5586820702346661]",1766,-1
29572,[0.27604338 0.39444194],2,8,"[0.27392971195344684, 0.45973140540928376]",1066,-1
29573,[0.44115037 0.62723002],3,-1,-1,698,-1
29574,[0.32091279 0.15049548],0,-1,-1,-1,-1
29575,[0.48485254 0.27967364],6,-1,-1,272,-1
29576,[0.54782849 0.46636505],8,-1,-1,757,-1
29577,[0.6708751  0.62884327],8,-1,-1,-1,-1
29578,[0.38178327 0.48372322],7,-1,-1,-1,-1
29579,[0.36807227 0.56732719],7,0,"[0.383291892093257, 0.5586820702346661]",1849,12
29580,[0.63456978 0.66595838],9,2,"[0.5921204552873188, 0.6383928111301557]",-1,-1
29581,[0.79872131 0.63946057],1,-1,-1,231,0
29582,[0.272308   0.49947872],7,8,"[0.27392971195344684, 0.45973140540928376]",1779,-1
29583,[0.16797985 0.34695378],0,-1,-1,-1,-1
29584,[0.3497997 0.5695752],4,0,"[0.383291892093257, 0.5586820702346661]",-1,-1
29585,[0.80220437 0.50531728],8,-1,-1,-1,-1
29586,[0.22510196 0.3255867 ],2,5,"[0.23231087327800656, 0.30304944505444303]",-1,-1
29587,[0.28924244 0.2936842 ],2,5,"[0.23231087327800656, 0.30304944505444303]",1684,11
29588,[0.37825285 0.52078545],7,0,"[0.383291892093257, 0.5586820702346661]",-1,-1
29589,[0.41163116 0.75388679],3,-1,-1,-1,-1
29590,[0.27904859 0.35595281],0,-1,-1,1264,-1
29591,[0.32834369 0.43374321],3,8,"[0.27392971195344684, 0.45973140540928376]",940,-1
29592,[0.33678273 0.56352317],4,0,"[0.383291892093257, 0.5586820702346661]",-1,-1
29593,[0.45467425 0.61948053],5,-1,-1,-1,-1
29594,[0.48644505 0.56754874],5,6,"[0.5164739970238864, 0.5319253761973344]",1378,-1
29595,[0.69921628 0.71689785],1,-1,-1,-1,0
29596,[0.64562335 0.47741746],8,3,"[0.6815204869410737, 0.47689852788858716]",824,1
29597,[0.25424171 0.51176558],4,8,"[0.27392971195344684, 0.45973140540928376]",1786,-1
29598,[0.29620885 0.45331395],7,8,"[0.27392971195344684, 0.45973140540928376]",-1,-1
29599,[0.23983323 0.36955565],2,5,"[0.23231087327800656, 0.30304944505444303]",1149,-1
29600,[0.54293661 0.56294503],9,6,"[0.5164739970238864, 0.5319253761973344]",1406,6
29601,[0.73259031 0.40455493],8,-1,-1,-1,-1
29602,[0.36266113 0.29990205],6,1,"[0.3897435781344088, 0.3417040596068965]",-1,-1
29603,[0.61007095 0.38021359],8,-1,-1,97,-1
29604,[0.30002119 0.62500826],3,7,"[0.2817018170798153, 0.5849768676672948]",1131,-1
29605,[0.33459584 0.37758874],2,1,"[0.3897435781344088, 0.3417040596068965]",-1,-1
29606,[0.32573887 0.31253032],0,-1,-1,1679,10
29607,[0.21259851 0.21544289],2,-1,-1,708,-1
29608,[0.50592059 0.76372336],9,-1,-1,4,-1
29609,[0.40109946 0.55621746],3,0,"[0.383291892093257, 0.5586820702346661]",1749,-1
29610,[0.79985725 0.78017052],1,4,"[0.7726811996944247, 0.7249303226766757]",401,0
29611,[0.33272196 0.61067019],7,7,"[0.2817018170798153, 0.5849768676672948]",1544,-1
29612,[0.32776151 0.47879428],7,8,"[0.27392971195344684, 0.45973140540928376]",1475,-1
29613,[0.68129812 0.6773888 ],1,-1,-1,388,-1
29614,[0.2364622  0.35308684],2,5,"[0.23231087327800656, 0.30304944505444303]",1130,-1
29615,[0.23884008 0.38656963],7,-1,-1,912,-1
29616,[0.69215435 0.49838535],8,3,"[0.6815204869410737, 0.47689852788858716]",-1,2
29617,[0.51567242 0.53160988],5,6,"[0.5164739970238864, 0.5319253761973344]",1191,3
29618,[0.44388701 0.59206656],3,0,"[0.383291892093257, 0.5586820702346661]",-1,4
29619,[0.46293452 0.57341952],5,6,"[0.5164739970238864, 0.5319253761973344]",-1,-1
29620,[0.50392808 0.46464447],5,6,"[0.5164739970238864, 0.5319253761973344]",-1,-1
29621,[0.64692707 0.55262797],8,-1,-1,-1,-1
29622,[0.32417605 0.6628052 ],4,-1,-1,-1,-1
29623,[0.32311171 0.35091036],2,1,"[0.3897435781344088, 0.3417040596068965]",1485,-1
29624,[0.72554403 0.73154186],9,4,"[0.7726811996944247, 0.7249303226766757]",381,0
29625,[0.83913366 0.79303433],1,-1,-1,-1,-1
29626,[0.40031179 0.52021841],5,0,"[0.383291892093257, 0.5586820702346661]",1641,-1
29627,[0.25772644 0.58302278],4,7,"[0.2817018170798153, 0.5849768676672948]",1514,-1
29628,[0.33659108 0.67444509],3,-1,-1,-1,-1
29629,[0.64180281 0.65129375],1,2,"[0.5921204552873188, 0.6383928111301557]",645,-1
29630,[0.68081719 0.47470973],8,3,"[0.6815204869410737, 0.47689852788858716]",814,2
29631,[0.19483746 0.57521298],4,-1,-1,262,-1
29632,[0.34308659 0.34794995],6,1,"[0.3897435781344088, 0.3417040596068965]",1352,-1
29633,[0.37500429 0.34728679],6,1,"[0.3897435781344088, 0.3417040596068965]",1245,-1
29634,[0.33150966 0.27942419],2,9,"[0.3110394802231661, 0.23517199738277297]",1520,-1
29635,[0.35385782 0.69752665],3,-1,-1,-1,-1
29636,[0.73547975 0.75236006],1,4,"[0.7726811996944247, 0.7249303226766757]",-1,0
29637,[0.3278402 0.5415053],7,0,"[0.383291892093257, 0.5586820702346661]",-1,-1
29638,[0.73093461 0.54108309],8,-1,-1,289,-1
29639,[0.65473353 0.47952603],8,3,"[0.6815204869410737, 0.47689852788858716]",-1,1
29640,[0.81883184 0.76229989],1,4,"[0.7726811996944247, 0.7249303226766757]",405,0
29641,[0.60342899 0.40444492],8,-1,-1,164,-1
29642,[0.29050219 0.41280058],2,8,"[0.27392971195344684, 0.45973140540928376]",1074,-1
29643,[0.50662089 0.53103501],5,6,"[0.5164739970238864, 0.5319253761973344]",-1,3
29644,[0.74958947 0.8044873 ],1,-1,-1,288,0
29645,[0.76135408 0.724029  ],1,4,"[0.7726811996944247, 0.7249303226766757]",-1,0
29646,[0.20522642 0.21908121],0,-1,-1,-1,-1
29647,[0.70482118 0.73529831],1,4,"[0.7726811996944247, 0.7249303226766757]",383,0
29648,[0.67134297 0.65620415],9,-1,-1,-1,-1
29649,[0.3857676  0.24067931],2,-1,-1,-1,-1
29650,[0.37043442 0.65592936],3,-1,-1,-1,-1
29651,[0.35825401 0.55286129],3,0,"[0.383291892093257, 0.5586820702346661]",-1,-1
29652,[0.80923123 0.73573713],1,4,"[0.7726811996944247, 0.7249303226766757]",-1,0
29653,[0.79336016 0.68788995],1,4,"[0.7726811996944247, 0.7249303226766757]",-1,0
29654,[0.24517423 0.62131125],4,7,"[0.2817018170798153, 0.5849768676672948]",-1,-1
29655,[0.44125482 0.55373488],5,0,"[0.383291892093257, 0.5586820702346661]",-1,-1
29656,[0.2346525  0.57882221],4,7,"[0.2817018170798153, 0.5849768676672948]",1344,-1
29657,[0.23712713 0.16774149],0,-1,-1,175,-1
29658,[0.41056806 0.44374999],3,-1,-1,-1,-1
29659,[0.30711097 0.46052532],2,8,"[0.27392971195344684, 0.45973140540928376]",1732,-1
29660,[0.7402208  0.64431815],1,-1,-1,-1,0
29661,[0.20310999 0.16494811],0,-1,-1,-1,-1
29662,[0.24720293 0.49851723],4,8,"[0.27392971195344684, 0.45973140540928376]",-1,-1
29663,[0.72310853 0.4769547 ],8,3,"[0.6815204869410737, 0.47689852788858716]",779,-1
29664,[0.71117173 0.70010392],1,4,"[0.7726811996944247, 0.7249303226766757]",392,0
29665,[0.36971466 0.45768914],4,-1,-1,-1,-1
29666,[0.79034401 0.7061305 ],1,4,"[0.7726811996944247, 0.7249303226766757]",478,0
29667,[0.33605131 0.60069372],7,7,"[0.2817018170798153, 0.5849768676672948]",1864,-1
29668,[0.22279359 0.18660532],0,-1,-1,375,-1
29669,[0.50117844 0.5893433 ],9,6,"[0.5164739970238864, 0.5319253761973344]",-1,-1
29670,[0.60456307 0.57507378],9,2,"[0.5921204552873188, 0.6383928111301557]",1326,5
29671,[0.34105238 0.42059113],7,-1,-1,-1,-1
29672,[0.25395832 0.44094131],7,8,"[0.27392971195344684, 0.45973140540928376]",-1,-1
29673,[0.61828245 0.44345205],8,-1,-1,-1,-1
29674,[0.5216323  0.60090479],5,6,"[0.5164739970238864, 0.5319253761973344]",1364,-1
29675,[0.29198371 0.43206463],6,8,"[0.27392971195344684, 0.45973140540928376]",-1,-1
29676,[0.40510252 0.45900404],4,-1,-1,579,-1
29677,[0.36945352 0.51539461],3,0,"[0.383291892093257, 0.5586820702346661]",-1,-1
29678,[0.78569598 0.66104387],1,4,"[0.7726811996944247, 0.7249303226766757]",326,0
29679,[0.60467374 0.49597556],9,-1,-1,843,-1
29680,[0.38754888 0.27752322],6,1,"[0.3897435781344088, 0.3417040596068965]",-1,-1
29681,[0.63444789 0.43845154],8,3,"[0.6815204869410737, 0.47689852788858716]",678,-1
29682,[0.2545061  0.29025402],0,5,"[0.23231087327800656, 0.30304944505444303]",-1,-1
29683,[0.48075376 0.65992106],9,-1,-1,-1,-1
29684,[0.54625995 0.57584384],9,6,"[0.5164739970238864, 0.5319253761973344]",1410,6
29685,[0.20943832 0.21037477],0,-1,-1,244,-1
29686,[0.22424914 0.14624621],0,-1,-1,-1,-1
29687,[0.21286907 0.28550115],0,5,"[0.23231087327800656, 0.30304944505444303]",1109,-1
29688,[0.37721954 0.32718287],6,1,"[0.3897435781344088, 0.3417040596068965]",1476,-1
29689,[0.69000556 0.46779994],8,3,"[0.6815204869410737, 0.47689852788858716]",813,-1
29690,[0.37199831 0.27659615],0,1,"[0.3897435781344088, 0.3417040596068965]",1170,-1
29691,[0.3397513  0.29357963],2,9,"[0.3110394802231661, 0.23517199738277297]",-1,-1
29692,[0.23887211 0.31219076],2,5,"[0.23231087327800656, 0.30304944505444303]",-1,-1
29693,[0.39294025 0.10762711],0,-1,-1,-1,-1
29694,[0.29705847 0.56958917],3,7,"[0.2817018170798153, 0.5849768676672948]",1837,-1
29695,[0.92471057 0.73454866],1,-1,-1,5,-1
29696,[0.33669735 0.54385708],7,0,"[0.383291892093257, 0.5586820702346661]",1945,-1
29697,[0.44488181 0.45277396],3,-1,-1,270,-1
29698,[0.26192269 0.57800693],4,7,"[0.2817018170798153, 0.5849768676672948]",-1,-1
29699,[0.33665483 0.59298929],4,7,"[0.2817018170798153, 0.5849768676672948]",-1,-1
29700,[0.52347118 0.5902098 ],9,6,"[0.5164739970238864, 0.5319253761973344]",-1,-1
29701,[0.3420867  0.59106961],7,0,"[0.383291892093257, 0.5586820702346661]",1834,-1
29702,[0.59352062 0.52838461],8,-1,-1,1102,-1
29703,[0.80241674 0.63130397],1,-1,-1,-1,-1
29704,[0.29914916 0.57614522],4,7,"[0.2817018170798153, 0.5849768676672948]",1839,-1
29705,[0.32648917 0.554743  ],4,7,"[0.2817018170798153, 0.5849768676672948]",-1,17
29706,[0.39858904 0.52231668],4,0,"[0.383291892093257, 0.5586820702346661]",-1,-1
29707,[0.51731686 0.67208685],5,-1,-1,449,-1
29708,[0.60740004 0.55622075],5,-1,-1,1311,-1
29709,[0.23101923 0.21961037],0,-1,-1,-1,-1
29710,[0.63082323 0.54016709],8,-1,-1,-1,-1
29711,[0.18175649 0.38346504],2,-1,-1,133,-1
29712,[0.33844786 0.45820415],4,8,"[0.27392971195344684, 0.45973140540928376]",1387,-1
29713,[0.42572876 0.50408695],5,0,"[0.383291892093257, 0.5586820702346661]",914,-1
29714,[0.72962754 0.8339107 ],1,-1,-1,-1,-1
29715,[0.74894251 0.66983308],1,4,"[0.7726811996944247, 0.7249303226766757]",-1,0
29716,[0.35286031 0.60394689],4,0,"[0.383291892093257, 0.5586820702346661]",-1,-1
29717,[0.32547675 0.59940073],4,7,"[0.2817018170798153, 0.5849768676672948]",1939,-1
29718,[0.48679502 0.63878212],5,-1,-1,647,-1
29719,[0.2496897  0.40305669],2,8,"[0.27392971195344684, 0.45973140540928376]",-1,-1
29720,[0.44081152 0.66422137],3,-1,-1,138,-1
29721,[0.45577847 0.58681755],3,-1,-1,-1,4
29722,[0.22609024 0.32170289],0,5,"[0.23231087327800656, 0.30304944505444303]",-1,-1
29723,[0.26137362 0.47472566],7,8,"[0.27392971195344684, 0.45973140540928376]",1600,-1
29724,[0.27710348 0.47345702],7,8,"[0.27392971195344684, 0.45973140540928376]",1596,-1
29725,[0.32259265 0.35191877],2,1,"[0.3897435781344088, 0.3417040596068965]",1485,-1
29726,[0.547423   0.29260949],6,-1,-1,3,-1
29727,[0.73836314 0.46211293],8,3,"[0.6815204869410737, 0.47689852788858716]",-1,-1
29728,[0.49388694 0.51908272],3,6,"[0.5164739970238864, 0.5319253761973344]",936,-1
29729,[0.37626711 0.26823431],0,-1,-1,-1,-1
29730,[0.32289858 0.64065339],4,7,"[0.2817018170798153, 0.5849768676672948]",-1,-1
29731,[0.55373197 0.5860533 ],5,2,"[0.5921204552873188, 0.6383928111301557]",1431,6
29732,[0.54632545 0.45388028],5,-1,-1,-1,-1
29733,[0.8113717  0.80151579],1,-1,-1,177,0
29734,[0.41994823 0.55351554],4,0,"[0.383291892093257, 0.5586820702346661]",-1,-1
29735,[0.33892432 0.683879  ],4,-1,-1,-1,-1
29736,[0.28519853 0.32788143],2,5,"[0.23231087327800656, 0.30304944505444303]",-1,-1
29737,[0.40897226 0.56647072],4,0,"[0.383291892093257, 0.5586820702346661]",-1,-1
29738,[0.17661963 0.535751  ],7,-1,-1,-1,-1
29739,[0.34877827 0.53175923],4,0,"[0.383291892093257, 0.5586820702346661]",-1,-1
29740,[0.63580718 0.42170256],8,-1,-1,-1,-1
29741,[0.42935897 0.54571012],5,0,"[0.383291892093257, 0.5586820702346661]",-1,-1
29742,[0.62512994 0.50559885],5,3,"[0.6815204869410737, 0.47689852788858716]",-1,-1
29743,[0.74737804 0.68765531],1,4,"[0.7726811996944247, 0.7249303226766757]",440,0
29744,[0.72482228 0.73499304],1,4,"[0.7726811996944247, 0.7249303226766757]",381,0
29745,[0.3944811  0.20937687],2,-1,-1,174,-1
29746,[0.5519167  0.60416438],9,2,"[0.5921204552873188, 0.6383928111301557]",-1,-1
29747,[0.27440869 0.48221218],7,8,"[0.27392971195344684, 0.45973140540928376]",1728,-1
29748,[0.56058388 0.54636134],5,6,"[0.5164739970238864, 0.5319253761973344]",1409,-1
29749,[0.71820444 0.51572464],8,3,"[0.6815204869410737, 0.47689852788858716]",573,-1
29750,[0.23846882 0.26819964],0,5,"[0.23231087327800656, 0.30304944505444303]",1363,-1
29751,[0.57724476 0.609906  ],5,2,"[0.5921204552873188, 0.6383928111301557]",-1,6
29752,[0.22852312 0.24686251],0,5,"[0.23231087327800656, 0.30304944505444303]",-1,-1
29753,[0.38554014 0.30267219],6,1,"[0.3897435781344088, 0.3417040596068965]",1463,-1
29754,[0.42427681 0.50688049],4,0,"[0.383291892093257, 0.5586820702346661]",-1,-1
29755,[0.58059664 0.54388761],5,6,"[0.5164739970238864, 0.5319253761973344]",1233,-1
29756,[0.49497237 0.4606379 ],5,-1,-1,277,-1
29757,[0.41955285 0.40317981],6,1,"[0.3897435781344088, 0.3417040596068965]",758,-1
29758,[0.61910512 0.57095408],8,-1,-1,1273,-1
29759,[0.448631   0.64191166],5,-1,-1,534,-1
29760,[0.73390729 0.41538515],8,-1,-1,316,-1
29761,[0.31775879 0.53356148],4,7,"[0.2817018170798153, 0.5849768676672948]",1932,-1
29762,[0.80139401 0.83814311],1,-1,-1,-1,-1
29763,[0.20610516 0.33140137],2,5,"[0.23231087327800656, 0.30304944505444303]",-1,-1
29764,[0.17475598 0.39210573],2,-1,-1,133,-1
29765,[0.66113934 0.41888234],5,3,"[0.6815204869410737, 0.47689852788858716]",515,-1
29766,[0.38925471 0.65536719],7,-1,-1,536,-1
29767,[0.28653475 0.56741921],4,7,"[0.2817018170798153, 0.5849768676672948]",-1,-1
29768,[0.31986058 0.36209021],2,-1,-1,1485,-1
29769,[0.32144552 0.66824835],4,-1,-1,169,-1
29770,[0.46018019 0.55030843],5,6,"[0.5164739970238864, 0.5319253761973344]",-1,-1
29771,[0.57566344 0.64440208],9,2,"[0.5921204552873188, 0.6383928111301557]",1214,-1
29772,[0.41938972 0.55381374],3,0,"[0.383291892093257, 0.5586820702346661]",-1,-1
29773,[0.61605292 0.49380883],8,3,"[0.6815204869410737, 0.47689852788858716]",-1,-1
29774,[0.7665074  0.74405157],1,4,"[0.7726811996944247, 0.7249303226766757]",430,0
29775,[0.40519313 0.54348859],3,0,"[0.383291892093257, 0.5586820702346661]",-1,-1
29776,[0.23343793 0.36754959],2,5,"[0.23231087327800656, 0.30304944505444303]",-1,-1
29777,[0.5821469  0.62269759],9,2,"[0.5921204552873188, 0.6383928111301557]",-1,-1
29778,[0.37435316 0.39730697],6,1,"[0.3897435781344088, 0.3417040596068965]",722,-1
29779,[0.29897328 0.30757787],0,5,"[0.23231087327800656, 0.30304944505444303]",1620,-1
29780,[0.6837878  0.59264319],8,-1,-1,267,-1
29781,[0.37437314 0.41314968],3,-1,-1,723,-1
29782,[0.21602888 0.450018  ],7,8,"[0.27392971195344684, 0.45973140540928376]",-1,-1
29783,[0.69356806 0.6144621 ],1,-1,-1,275,-1
29784,[0.54806573 0.68209651],9,2,"[0.5921204552873188, 0.6383928111301557]",-1,-1
29785,[0.73568891 0.38764919],8,-1,-1,149,-1
29786,[0.75935984 0.86193002],1,-1,-1,24,-1
29787,[0.51062863 0.46342148],5,6,"[0.5164739970238864, 0.5319253761973344]",-1,-1
29788,[0.3599813  0.58333985],3,0,"[0.383291892093257, 0.5586820702346661]",1847,12
29789,[0.24928052 0.57752453],4,7,"[0.2817018170798153, 0.5849768676672948]",-1,-1
29790,[0.22297848 0.51500572],7,-1,-1,-1,-1
29791,[0.38177441 0.35452019],6,1,"[0.3897435781344088, 0.3417040596068965]",1086,-1
29792,[0.40354918 0.61304755],4,0,"[0.383291892093257, 0.5586820702346661]",-1,-1
29793,[0.46145549 0.57057412],5,6,"[0.5164739970238864, 0.5319253761973344]",1231,-1
29794,[0.27561009 0.54565344],7,7,"[0.2817018170798153, 0.5849768676672948]",-1,-1
29795,[0.31632221 0.44338919],7,8,"[0.27392971195344684, 0.45973140540928376]",-1,-1
29796,[0.46446743 0.51076613],4,6,"[0.5164739970238864, 0.5319253761973344]",-1,-1
29797,[0.51796504 0.58017083],5,6,"[0.5164739970238864, 0.5319253761973344]",1384,6
29798,[0.15776342 0.44831588],2,-1,-1,-1,-1
29799,[0.39339118 0.2782459 ],6,1,"[0.3897435781344088, 0.3417040596068965]",1076,-1
29800,[0.31736987 0.32113892],2,-1,-1,-1,10
29801,[0.28380387 0.30481292],2,5,"[0.23231087327800656, 0.30304944505444303]",1578,-1
29802,[0.46186298 0.31551426],6,-1,-1,281,-1
29803,[0.65207984 0.62729964],9,2,"[0.5921204552873188, 0.6383928111301557]",1158,-1
29804,[0.61189722 0.59755581],5,2,"[0.5921204552873188, 0.6383928111301557]",-1,-1
29805,[0.50009474 0.67171743],5,-1,-1,-1,-1
29806,[0.29672375 0.50912165],7,8,"[0.27392971195344684, 0.45973140540928376]",-1,-1
29807,[0.21622753 0.46416519],4,8,"[0.27392971195344684, 0.45973140540928376]",331,-1
29808,[0.32157965 0.22159619],0,9,"[0.3110394802231661, 0.23517199738277297]",968,-1
29809,[0.67388118 0.57459705],9,-1,-1,542,-1
29810,[0.41852046 0.50596489],5,0,"[0.383291892093257, 0.5586820702346661]",1438,-1
29811,[0.68898062 0.73395379],1,-1,-1,322,0
29812,[0.25663233 0.22025303],0,9,"[0.3110394802231661, 0.23517199738277297]",-1,-1
29813,[0.24110751 0.16977538],0,-1,-1,-1,-1
29814,[0.47693502 0.60086002],5,-1,-1,-1,-1
29815,[0.55627922 0.63972016],5,2,"[0.5921204552873188, 0.6383928111301557]",1278,6
29816,[0.42279388 0.66925573],3,-1,-1,154,-1
29817,[0.33039763 0.54325441],7,0,"[0.383291892093257, 0.5586820702346661]",-1,-1
29818,[0.736863   0.70361221],1,4,"[0.7726811996944247, 0.7249303226766757]",436,0
29819,[0.64928209 0.65725794],9,2,"[0.5921204552873188, 0.6383928111301557]",643,-1
29820,[0.5929617  0.60029708],9,2,"[0.5921204552873188, 0.6383928111301557]",-1,-1
29821,[0.42554091 0.34801032],0,1,"[0.3897435781344088, 0.3417040596068965]",-1,-1
29822,[0.41054336 0.57001367],4,0,"[0.383291892093257, 0.5586820702346661]",1738,-1
29823,[0.73926068 0.67575526],1,4,"[0.7726811996944247, 0.7249303226766757]",-1,0
29824,[0.48257341 0.64881192],9,-1,-1,647,-1
29825,[0.29256214 0.31537123],6,5,"[0.23231087327800656, 0.30304944505444303]",-1,-1
29826,[0.21874964 0.26590822],2,5,"[0.23231087327800656, 0.30304944505444303]",1024,-1
29827,[0.75521386 0.68334888],1,4,"[0.7726811996944247, 0.7249303226766757]",-1,0
29828,[0.68405184 0.50086465],8,3,"[0.6815204869410737, 0.47689852788858716]",827,2
29829,[0.66135714 0.52956536],8,3,"[0.6815204869410737, 0.47689852788858716]",669,-1
29830,[0.41202135 0.48662818],5,-1,-1,-1,-1
29831,[0.27891403 0.50480864],7,8,"[0.27392971195344684, 0.45973140540928376]",1760,-1
29832,[0.65655567 0.46383382],8,3,"[0.6815204869410737, 0.47689852788858716]",800,-1
29833,[0.50359617 0.55192035],5,6,"[0.5164739970238864, 0.5319253761973344]",1185,-1
29834,[0.33310474 0.2560969 ],0,9,"[0.3110394802231661, 0.23517199738277297]",-1,-1
29835,[0.41500419 0.51992636],3,0,"[0.383291892093257, 0.5586820702346661]",1471,-1
29836,[0.2413362  0.48300888],2,8,"[0.27392971195344684, 0.45973140540928376]",1707,-1
29837,[0.55066068 0.64544557],9,2,"[0.5921204552873188, 0.6383928111301557]",-1,-1
29838,[0.56561017 0.54137194],9,6,"[0.5164739970238864, 0.5319253761973344]",1401,6
29839,[0.70655745 0.57161642],8,-1,-1,-1,-1
29840,[0.65979488 0.41150014],8,3,"[0.6815204869410737, 0.47689852788858716]",520,-1
29841,[0.20517688 0.37807873],2,-1,-1,-1,-1
29842,[0.47044374 0.63998117],5,-1,-1,491,-1
29843,[0.62705118 0.6342535 ],9,2,"[0.5921204552873188, 0.6383928111301557]",1162,-1
29844,[0.42118654 0.29618023],6,1,"[0.3897435781344088, 0.3417040596068965]",-1,-1
29845,[0.26038424 0.45907017],2,8,"[0.27392971195344684, 0.45973140540928376]",-1,-1
29846,[0.81549391 0.71231438],1,4,"[0.7726811996944247, 0.7249303226766757]",378,0
29847,[0.89992162 0.67813699],1,-1,-1,29,-1
29848,[0.57953926 0.62787761],5,2,"[0.5921204552873188, 0.6383928111301557]",1309,-1
29849,[0.33265239 0.49640122],4,8,"[0.27392971195344684, 0.45973140540928376]",-1,-1
29850,[0.23285741 0.36679665],2,5,"[0.23231087327800656, 0.30304944505444303]",-1,-1
29851,[0.46062655 0.65575005],5,-1,-1,-1,-1
29852,[0.42235016 0.57037925],5,0,"[0.383291892093257, 0.5586820702346661]",1467,-1
29853,[0.31425396 0.35002022],2,-1,-1,-1,8
29854,[0.18877531 0.2833246 ],2,5,"[0.23231087327800656, 0.30304944505444303]",-1,-1
29855,[0.41439868 0.53498755],5,0,"[0.383291892093257, 0.5586820702346661]",-1,-1
29856,[0.64636638 0.70989665],9,-1,-1,-1,-1
29857,[0.27504287 0.35214481],6,5,"[0.23231087327800656, 0.30304944505444303]",1550,-1
29858,[0.51401419 0.48356403],5,6,"[0.5164739970238864, 0.5319253761973344]",-1,-1
29859,[0.26921525 0.5808877 ],4,7,"[0.2817018170798153, 0.5849768676672948]",-1,-1
29860,[0.32696617 0.55975046],4,7,"[0.2817018170798153, 0.5849768676672948]",1983,-1
29861,[0.31981071 0.62177556],7,7,"[0.2817018170798153, 0.5849768676672948]",1395,-1
29862,[0.34264103 0.58123779],7,0,"[0.383291892093257, 0.5586820702346661]",-1,-1
29863,[0.32109209 0.5108642 ],4,8,"[0.27392971195344684, 0.45973140540928376]",-1,-1
29864,[0.24740435 0.48641612],4,8,"[0.27392971195344684, 0.45973140540928376]",1710,-1
29865,[0.51857515 0.59040539],5,6,"[0.5164739970238864, 0.5319253761973344]",1382,-1
29866,[0.15532529 0.40510561],0,-1,-1,134,-1
29867,[0.58287661 0.58638419],9,2,"[0.5921204552873188, 0.6383928111301557]",-1,-1
29868,[0.30418631 0.61823715],4,7,"[0.2817018170798153, 0.5849768676672948]",-1,-1
29869,[0.39394435 0.42860392],3,-1,-1,363,-1
29870,[0.30992839 0.50735237],3,8,"[0.27392971195344684, 0.45973140540928376]",-1,15
29871,[0.51092113 0.69635888],9,-1,-1,-1,-1
29872,[0.35693784 0.33272395],0,1,"[0.3897435781344088, 0.3417040596068965]",-1,-1
29873,[0.35849157 0.5856253 ],4,0,"[0.383291892093257, 0.5586820702346661]",1847,12
29874,[0.30657226 0.37536817],7,-1,-1,1588,-1
29875,[0.45074982 0.48657108],7,-1,-1,546,-1
29876,[0.31118686 0.48290363],4,8,"[0.27392971195344684, 0.45973140540928376]",-1,-1
29877,[0.29932125 0.51588026],3,8,"[0.27392971195344684, 0.45973140540928376]",1876,-1
29878,[0.53463489 0.52244404],5,6,"[0.5164739970238864, 0.5319253761973344]",1173,-1
29879,[0.66946934 0.4672477 ],8,3,"[0.6815204869410737, 0.47689852788858716]",805,-1
29880,[0.59892689 0.73110952],9,-1,-1,-1,-1
29881,[0.57370639 0.67353793],9,2,"[0.5921204552873188, 0.6383928111301557]",-1,-1
29882,[0.62892974 0.439501  ],8,3,"[0.6815204869410737, 0.47689852788858716]",678,-1
29883,[0.40811028 0.55094155],5,0,"[0.383291892093257, 0.5586820702346661]",-1,-1
29884,[0.56101137 0.63428883],5,2,"[0.5921204552873188, 0.6383928111301557]",1278,6
29885,[0.25517784 0.32358613],6,5,"[0.23231087327800656, 0.30304944505444303]",1517,-1
29886,[0.61701432 0.43182156],8,-1,-1,285,-1
29887,[0.5068244  0.48885266],5,6,"[0.5164739970238864, 0.5319253761973344]",-1,-1
29888,[0.39221519 0.47873236],4,-1,-1,-1,-1
29889,[0.83371495 0.72053441],1,4,"[0.7726811996944247, 0.7249303226766757]",-1,0
29890,[0.36435475 0.39516368],6,1,"[0.3897435781344088, 0.3417040596068965]",-1,-1
29891,[0.25824635 0.5152773 ],7,8,"[0.27392971195344684, 0.45973140540928376]",1785,-1
29892,[0.30851445 0.20914531],2,9,"[0.3110394802231661, 0.23517199738277297]",-1,-1
29893,[0.75748634 0.86707727],1,-1,-1,24,-1
29894,[0.44038441 0.49615852],3,-1,-1,617,-1
29895,[0.30257719 0.50230567],7,8,"[0.27392971195344684, 0.45973140540928376]",1858,-1
29896,[0.64329598 0.6619787 ],9,2,"[0.5921204552873188, 0.6383928111301557]",646,-1
29897,[0.34013877 0.33181456],2,1,"[0.3897435781344088, 0.3417040596068965]",-1,-1
29898,[0.74190497 0.76025056],1,4,"[0.7726811996944247, 0.7249303226766757]",-1,0
29899,[0.83119072 0.6277527 ],1,-1,-1,62,-1
29900,[0.49794291 0.37194862],6,-1,-1,-1,-1
29901,[0.70966501 0.47888763],8,3,"[0.6815204869410737, 0.47689852788858716]",791,-1
29902,[0.79505788 0.51630991],8,-1,-1,69,-1
29903,[0.30251589 0.59022008],3,7,"[0.2817018170798153, 0.5849768676672948]",-1,-1
29904,[0.69568598 0.7470306 ],1,-1,-1,-1,0
29905,[0.17557505 0.22066944],0,-1,-1,-1,-1
29906,[0.18794249 0.60307984],7,-1,-1,-1,-1
29907,[0.35375688 0.25689078],2,9,"[0.3110394802231661, 0.23517199738277297]",954,-1
29908,[0.74094196 0.84318967],1,-1,-1,31,-1
29909,[0.48242687 0.68422883],9,-1,-1,143,-1
29910,[0.66958617 0.63011608],1,-1,-1,-1,-1
29911,[0.31672095 0.48789642],4,8,"[0.27392971195344684, 0.45973140540928376]",-1,-1
29912,[0.5175245  0.56104009],5,6,"[0.5164739970238864, 0.5319253761973344]",1369,-1
29913,[0.35526717 0.41555054],6,-1,-1,882,-1
29914,[0.35115554 0.3619553 ],2,1,"[0.3897435781344088, 0.3417040596068965]",-1,-1
29915,[0.63156848 0.5358032 ],8,-1,-1,-1,-1
29916,[0.37746222 0.21635687],6,9,"[0.3110394802231661, 0.23517199738277297]",-1,-1
29917,[0.53043333 0.58273761],5,6,"[0.5164739970238864, 0.5319253761973344]",1372,-1
29918,[0.22194257 0.32986792],2,5,"[0.23231087327800656, 0.30304944505444303]",1338,-1
29919,[0.44231952 0.19492116],6,-1,-1,-1,-1
29920,[0.33835439 0.62489467],4,7,"[0.2817018170798153, 0.5849768676672948]",1695,-1
29921,[0.3230211  0.44297398],2,8,"[0.27392971195344684, 0.45973140540928376]",-1,-1
29922,[0.57396823 0.74565418],1,-1,-1,-1,-1
29923,[0.26668474 0.21992206],0,9,"[0.3110394802231661, 0.23517199738277297]",987,-1
29924,[0.33595743 0.5016541 ],7,-1,-1,1880,15
29925,[0.28097502 0.49238447],4,8,"[0.27392971195344684, 0.45973140540928376]",1796,-1
29926,[0.26529393 0.4998156 ],7,8,"[0.27392971195344684, 0.45973140540928376]",1778,-1
29927,[0.31682939 0.2215887 ],0,9,"[0.3110394802231661, 0.23517199738277297]",-1,-1
29928,[0.41597303 0.31838829],6,1,"[0.3897435781344088, 0.3417040596068965]",911,-1
29929,[0.22408103 0.30461034],0,5,"[0.23231087327800656, 0.30304944505444303]",-1,-1
29930,[0.30344129 0.16510691],0,-1,-1,-1,-1
29931,[0.46412029 0.51651961],3,6,"[0.5164739970238864, 0.5319253761973344]",-1,-1
29932,[0.35524433 0.30693511],6,1,"[0.3897435781344088, 0.3417040596068965]",-1,-1
29933,[0.27775641 0.33107411],2,5,"[0.23231087327800656, 0.30304944505444303]",1598,-1
29934,[0.18545859 0.6184347 ],4,-1,-1,-1,-1
29935,[0.52166099 0.52004855],5,6,"[0.5164739970238864, 0.5319253761973344]",-1,-1
29936,[0.30576372 0.61263375],4,7,"[0.2817018170798153, 0.5849768676672948]",1762,-1
29937,[0.35783308 0.45273599],7,-1,-1,860,-1
29938,[0.41203431 0.41024324],6,-1,-1,-1,-1
29939,[0.60669725 0.60263415],9,2,"[0.5921204552873188, 0.6383928111301557]",1328,6
29940,[0.42484117 0.637658  ],3,-1,-1,366,-1
29941,[0.78484818 0.69176277],1,4,"[0.7726811996944247, 0.7249303226766757]",-1,0
29942,[0.26367578 0.29807564],2,5,"[0.23231087327800656, 0.30304944505444303]",-1,-1
29943,[0.27788585 0.50605484],3,8,"[0.27392971195344684, 0.45973140540928376]",1760,-1
29944,[0.30512296 0.36457853],2,-1,-1,-1,-1
29945,[0.61967007 0.66262187],9,2,"[0.5921204552873188, 0.6383928111301557]",-1,-1
29946,[0.43435374 0.53885625],4,0,"[0.383291892093257, 0.5586820702346661]",1136,-1
29947,[0.61602185 0.36805806],8,-1,-1,-1,-1
29948,[0.36685661 0.48443664],7,-1,-1,1561,-1
29949,[0.45303948 0.57536911],3,-1,-1,1222,4
29950,[0.33664523 0.31143423],6,1,"[0.3897435781344088, 0.3417040596068965]",-1,-1
29951,[0.35014524 0.5477397 ],7,0,"[0.383291892093257, 0.5586820702346661]",1928,-1
29952,[0.30865679 0.34169347],2,-1,-1,1593,8
29953,[0.76589195 0.70095791],1,4,"[0.7726811996944247, 0.7249303226766757]",-1,0
29954,[0.70441495 0.47131744],8,3,"[0.6815204869410737, 0.47689852788858716]",717,-1
29955,[0.53461409 0.52228833],5,6,"[0.5164739970238864, 0.5319253761973344]",1173,-1
29956,[0.3699777  0.58225152],3,0,"[0.383291892093257, 0.5586820702346661]",-1,12
29957,[0.58863558 0.64430332],9,2,"[0.5921204552873188, 0.6383928111301557]",1132,-1
29958,[0.40568044 0.58776519],3,0,"[0.383291892093257, 0.5586820702346661]",1708,-1
29959,[0.47916641 0.31913703],6,-1,-1,-1,-1
29960,[0.35708695 0.58483303],4,0,"[0.383291892093257, 0.5586820702346661]",-1,12
29961,[0.64881479 0.68423186],1,-1,-1,444,-1
29962,[0.28629296 0.54020817],3,7,"[0.2817018170798153, 0.5849768676672948]",-1,14
29963,[0.82092646 0.81223635],1,-1,-1,120,0
29964,[0.43680157 0.61745929],4,-1,-1,-1,-1
29965,[0.38363505 0.4016872 ],6,1,"[0.3897435781344088, 0.3417040596068965]",-1,-1
29966,[0.31046168 0.58324623],7,7,"[0.2817018170798153, 0.5849768676672948]",1967,-1
29967,[0.43317977 0.4807885 ],4,-1,-1,767,-1
29968,[0.80620618 0.68007406],1,4,"[0.7726811996944247, 0.7249303226766757]",-1,0
29969,[0.2192827  0.25246266],0,5,"[0.23231087327800656, 0.30304944505444303]",-1,-1
29970,[0.58930988 0.74450502],9,-1,-1,123,-1
29971,[0.31312376 0.58082816],4,7,"[0.2817018170798153, 0.5849768676672948]",-1,17
29972,[0.3361286 0.2910363],2,9,"[0.3110394802231661, 0.23517199738277297]",1651,10
29973,[0.21480206 0.29952332],2,5,"[0.23231087327800656, 0.30304944505444303]",909,-1
29974,[0.26370434 0.27532922],0,5,"[0.23231087327800656, 0.30304944505444303]",1534,-1
29975,[0.82050877 0.69506693],1,4,"[0.7726811996944247, 0.7249303226766757]",-1,0
29976,[0.57911059 0.58749979],9,2,"[0.5921204552873188, 0.6383928111301557]",1397,6
29977,[0.57981675 0.62703977],9,2,"[0.5921204552873188, 0.6383928111301557]",1309,-1
29978,[0.24310362 0.49602812],7,8,"[0.27392971195344684, 0.45973140540928376]",-1,-1
29979,[0.30895215 0.53389092],7,7,"[0.2817018170798153, 0.5849768676672948]",-1,-1
29980,[0.27423596 0.14739673],0,-1,-1,-1,-1
29981,[0.81929835 0.60380617],1,-1,-1,-1,-1
29982,[0.80023118 0.85393778],1,-1,-1,-1,-1
29983,[0.6279414  0.61715111],9,2,"[0.5921204552873188, 0.6383928111301557]",740,-1
29984,[0.79161894 0.75239991],1,4,"[0.7726811996944247, 0.7249303226766757]",445,0
29985,[0.90993933 0.75892866],1,-1,-1,-1,-1
29986,[0.21061189 0.33749535],2,5,"[0.23231087327800656, 0.30304944505444303]",949,-1
29987,[0.41561532 0.44554294],6,-1,-1,-1,-1
29988,[0.34336477 0.52790018],3,0,"[0.383291892093257, 0.5586820702346661]",-1,-1
29989,[0.81705304 0.69785551],1,4,"[0.7726811996944247, 0.7249303226766757]",365,0
29990,[0.65482848 0.66735362],9,2,"[0.5921204552873188, 0.6383928111301557]",-1,-1
29991,[0.28501167 0.38442013],2,-1,-1,1094,-1
29992,[0.39634755 0.3657477 ],6,1,"[0.3897435781344088, 0.3417040596068965]",1061,-1
29993,[0.29639411 0.61615686],7,7,"[0.2817018170798153, 0.5849768676672948]",856,-1
29994,[0.2731687  0.27305996],2,5,"[0.23231087327800656, 0.30304944505444303]",1636,11
29995,[0.32317097 0.4046023 ],7,-1,-1,948,-1
29996,[0.42554625 0.31460351],6,1,"[0.3897435781344088, 0.3417040596068965]",978,-1
29997,[0.63222259 0.58357756],8,2,"[0.5921204552873188, 0.6383928111301557]",1190,-1
29998,[0.68480696 0.46512096],8,3,"[0.6815204869410737, 0.47689852788858716]",813,2
29999,[0.21783134 0.20380337],0,-1,-1,374,-1
30000,[0.25641728 0.25845905],0,5,"[0.23231087327800656, 0.30304944505444303]",-1,-1
30001,[0.31913311 0.62460231],3,7,"[0.2817018170798153, 0.5849768676672948]",1395,-1
30002,[0.78499119 0.72659414],1,4,"[0.7726811996944247, 0.7249303226766757]",474,0
30003,[0.52044708 0.65830822],9,-1,-1,-1,-1
30004,[0.57549727 0.59491882],9,2,"[0.5921204552873188, 0.6383928111301557]",1442,6
30005,[0.87814285 0.68778375],1,-1,-1,-1,-1
30006,[0.31233012 0.5701967 ],3,7,"[0.2817018170798153, 0.5849768676672948]",1925,-1
30007,[0.44832151 0.58229975],5,0,"[0.383291892093257, 0.5586820702346661]",1223,4
30008,[0.64114776 0.56583024],8,-1,-1,-1,-1
30009,[0.75336685 0.51910211],8,-1,-1,-1,-1
30010,[0.22996586 0.38558582],0,-1,-1,912,-1
30011,[0.60721435 0.56558857],5,-1,-1,-1,-1
30012,[0.39208567 0.17145249],0,-1,-1,-1,-1
30013,[0.34321995 0.65912139],3,-1,-1,-1,-1
30014,[0.7741777  0.69817492],1,4,"[0.7726811996944247, 0.7249303226766757]",448,0
30015,[0.35031523 0.30143521],0,1,"[0.3897435781344088, 0.3417040596068965]",1529,-1
30016,[0.77390368 0.52259749],8,-1,-1,111,-1
30017,[0.46447508 0.58187774],5,-1,-1,1232,-1
30018,[0.64452219 0.57526315],5,-1,-1,810,-1
30019,[0.66737202 0.60093945],9,-1,-1,543,-1
30020,[0.31121062 0.54214815],3,7,"[0.2817018170798153, 0.5849768676672948]",1986,17
30021,[0.45172299 0.5321237 ],5,6,"[0.5164739970238864, 0.5319253761973344]",1306,-1
30022,[0.3152743  0.38412274],0,-1,-1,1420,-1
30023,[0.70006732 0.42923768],8,3,"[0.6815204869410737, 0.47689852788858716]",596,-1
30024,[0.7455925  0.69824992],1,4,"[0.7726811996944247, 0.7249303226766757]",435,0
30025,[0.34198197 0.62201111],4,-1,-1,1695,-1
30026,[0.58809103 0.51015105],8,-1,-1,-1,-1
30027,[0.30899765 0.3070769 ],2,-1,-1,1647,-1
30028,[0.24488188 0.26384884],0,5,"[0.23231087327800656, 0.30304944505444303]",-1,-1
30029,[0.68353243 0.46622837],8,3,"[0.6815204869410737, 0.47689852788858716]",813,-1
30030,[0.46587117 0.30387446],6,-1,-1,337,-1
30031,[0.35112203 0.51816038],3,0,"[0.383291892093257, 0.5586820702346661]",-1,-1
30032,[0.32831225 0.48772804],7,8,"[0.27392971195344684, 0.45973140540928376]",1827,-1
30033,[0.69565868 0.66943974],1,-1,-1,-1,0
30034,[0.23134459 0.31948576],2,5,"[0.23231087327800656, 0.30304944505444303]",-1,-1
30035,[0.71348625 0.43085465],8,3,"[0.6815204869410737, 0.47689852788858716]",538,-1
30036,[0.76897568 0.47475285],8,-1,-1,186,-1
30037,[0.38505051 0.24459261],0,-1,-1,-1,-1
30038,[0.33759207 0.5439321 ],4,0,"[0.383291892093257, 0.5586820702346661]",1945,-1
30039,[0.23770132 0.54772394],3,7,"[0.2817018170798153, 0.5849768676672948]",1411,-1
30040,[0.35173706 0.57893185],7,0,"[0.383291892093257, 0.5586820702346661]",-1,-1
30041,[0.24676538 0.55731493],7,7,"[0.2817018170798153, 0.5849768676672948]",1706,-1
30042,[0.46922006 0.2518273 ],6,-1,-1,-1,-1
30043,[0.2410372  0.50464625],7,8,"[0.27392971195344684, 0.45973140540928376]",-1,-1
30044,[0.7822943  0.73650568],1,4,"[0.7726811996944247, 0.7249303226766757]",-1,0
30045,[0.6386791  0.44355001],8,3,"[0.6815204869410737, 0.47689852788858716]",798,-1
30046,[0.51532993 0.58801698],9,6,"[0.5164739970238864, 0.5319253761973344]",1383,-1
30047,[0.58189392 0.60331138],5,2,"[0.5921204552873188, 0.6383928111301557]",1424,6
30048,[0.30043739 0.18624689],0,9,"[0.3110394802231661, 0.23517199738277297]",425,-1
30049,[0.49978806 0.54783336],5,6,"[0.5164739970238864, 0.5319253761973344]",1186,-1
30050,[0.64705583 0.46023694],8,3,"[0.6815204869410737, 0.47689852788858716]",812,-1
30051,[0.31906951 0.36282222],2,-1,-1,1485,-1
30052,[0.40403706 0.39403623],2,1,"[0.3897435781344088, 0.3417040596068965]",762,-1
30053,[0.22599786 0.55607494],7,7,"[0.2817018170798153, 0.5849768676672948]",-1,-1
30054,[0.32727909 0.48655595],4,8,"[0.27392971195344684, 0.45973140540928376]",1827,-1
30055,[0.41778497 0.38121866],0,1,"[0.3897435781344088, 0.3417040596068965]",763,-1
30056,[0.29559046 0.33943577],2,-1,-1,1619,-1
30057,[0.81614174 0.80850843],1,-1,-1,-1,0
30058,[0.29288237 0.43034306],4,8,"[0.27392971195344684, 0.45973140540928376]",1075,-1
30059,[0.14856336 0.32514093],0,-1,-1,-1,-1
30060,[0.45374873 0.3100288 ],6,-1,-1,524,-1
30061,[0.18123258 0.23945128],0,-1,-1,-1,-1
30062,[0.67326265 0.64124305],1,-1,-1,581,-1
30063,[0.27767037 0.59803856],7,7,"[0.2817018170798153, 0.5849768676672948]",1032,-1
30064,[0.52708611 0.71059889],9,-1,-1,295,-1
30065,[0.32098269 0.35653507],2,-1,-1,1485,-1
30066,[0.21335476 0.47547908],7,8,"[0.27392971195344684, 0.45973140540928376]",591,-1
30067,[0.76074638 0.69820633],1,4,"[0.7726811996944247, 0.7249303226766757]",460,0
30068,[0.48990752 0.48830866],5,6,"[0.5164739970238864, 0.5319253761973344]",606,-1
30069,[0.50227372 0.59967532],5,6,"[0.5164739970238864, 0.5319253761973344]",1063,-1
30070,[0.76820014 0.69726004],1,4,"[0.7726811996944247, 0.7249303226766757]",448,0
30071,[0.20024407 0.27640758],0,5,"[0.23231087327800656, 0.30304944505444303]",-1,-1
30072,[0.18994292 0.65066947],3,-1,-1,19,-1
30073,[0.78808122 0.68639796],1,4,"[0.7726811996944247, 0.7249303226766757]",448,0
30074,[0.30532285 0.36115726],2,-1,-1,-1,-1
30075,[0.62964329 0.66013462],9,2,"[0.5921204552873188, 0.6383928111301557]",-1,-1
30076,[0.30412713 0.2101084 ],2,9,"[0.3110394802231661, 0.23517199738277297]",-1,-1
30077,[0.38061415 0.30321756],6,1,"[0.3897435781344088, 0.3417040596068965]",-1,-1
30078,[0.40611464 0.6217747 ],4,0,"[0.383291892093257, 0.5586820702346661]",-1,-1
30079,[0.18235829 0.40714534],7,-1,-1,-1,-1
30080,[0.30168759 0.44088599],3,8,"[0.27392971195344684, 0.45973140540928376]",1083,-1
30081,[0.38005189 0.56895023],3,0,"[0.383291892093257, 0.5586820702346661]",1845,-1
30082,[0.56331296 0.63150183],9,2,"[0.5921204552873188, 0.6383928111301557]",1278,6
30083,[0.21948869 0.47467938],7,8,"[0.27392971195344684, 0.45973140540928376]",-1,-1
30084,[0.32800488 0.64126037],3,-1,-1,-1,-1
30085,[0.30438873 0.51630316],3,8,"[0.27392971195344684, 0.45973140540928376]",1881,-1
30086,[0.60376047 0.56412975],9,-1,-1,-1,-1
30087,[0.41416222 0.58458074],3,0,"[0.383291892093257, 0.5586820702346661]",1716,-1
30088,[0.30159709 0.27622978],2,9,"[0.3110394802231661, 0.23517199738277297]",-1,-1
30089,[0.29777039 0.47249731],7,8,"[0.27392971195344684, 0.45973140540928376]",1729,-1
30090,[0.63970227 0.53666962],8,-1,-1,-1,-1
30091,[0.64072366 0.72001374],9,-1,-1,282,-1
30092,[0.29566256 0.62405114],7,7,"[0.2817018170798153, 0.5849768676672948]",1131,-1
30093,[0.35397291 0.24347093],0,9,"[0.3110394802231661, 0.23517199738277297]",634,-1
30094,[0.48274333 0.4464712 ],5,-1,-1,180,-1
30095,[0.60903121 0.67865172],9,2,"[0.5921204552873188, 0.6383928111301557]",658,-1
30096,[0.30518569 0.51819866],4,8,"[0.27392971195344684, 0.45973140540928376]",1881,-1
30097,[0.36017695 0.30407351],0,1,"[0.3897435781344088, 0.3417040596068965]",1543,-1
30098,[0.35932496 0.52094277],7,0,"[0.383291892093257, 0.5586820702346661]",1921,-1
30099,[0.39352204 0.31547705],2,1,"[0.3897435781344088, 0.3417040596068965]",1050,-1
30100,[0.7378519  0.50407535],8,3,"[0.6815204869410737, 0.47689852788858716]",568,-1
30101,[0.47400645 0.54197908],4,6,"[0.5164739970238864, 0.5319253761973344]",-1,-1
30102,[0.27639735 0.29079221],0,5,"[0.23231087327800656, 0.30304944505444303]",-1,-1
30103,[0.25238025 0.56658341],4,7,"[0.2817018170798153, 0.5849768676672948]",1515,-1
30104,[0.43241859 0.4793319 ],3,-1,-1,767,-1
30105,[0.44940681 0.21070852],6,-1,-1,-1,-1
30106,[0.35019087 0.48278624],3,-1,-1,1854,-1
30107,[0.30271811 0.63301193],3,7,"[0.2817018170798153, 0.5849768676672948]",1069,-1
30108,[0.26839993 0.3927395 ],7,8,"[0.27392971195344684, 0.45973140540928376]",1019,-1
30109,[0.16306172 0.5458876 ],4,-1,-1,-1,-1
30110,[0.43197422 0.55612591],3,0,"[0.383291892093257, 0.5586820702346661]",-1,-1
30111,[0.31828825 0.57946467],4,7,"[0.2817018170798153, 0.5849768676672948]",1962,-1
30112,[0.25778965 0.19334654],0,9,"[0.3110394802231661, 0.23517199738277297]",746,-1
30113,[0.43603256 0.47284352],3,-1,-1,767,-1
30114,[0.76406376 0.6376806 ],1,-1,-1,-1,0
30115,[0.27977816 0.39384329],2,8,"[0.27392971195344684, 0.45973140540928376]",1066,-1
30116,[0.23143565 0.58800339],3,7,"[0.2817018170798153, 0.5849768676672948]",506,-1
30117,[0.37485494 0.51847804],3,0,"[0.383291892093257, 0.5586820702346661]",-1,-1
30118,[0.36907064 0.52792543],4,0,"[0.383291892093257, 0.5586820702346661]",-1,-1
30119,[0.62368305 0.59263007],5,2,"[0.5921204552873188, 0.6383928111301557]",1209,-1
30120,[0.33236206 0.51147147],7,0,"[0.383291892093257, 0.5586820702346661]",-1,-1
30121,[0.30461552 0.59211351],3,7,"[0.2817018170798153, 0.5849768676672948]",1820,-1
30122,[0.64624344 0.6635539 ],9,2,"[0.5921204552873188, 0.6383928111301557]",-1,-1
30123,[0.4961734  0.61608732],9,-1,-1,918,-1
30124,[0.31779176 0.64574435],3,-1,-1,-1,-1
30125,[0.56318744 0.57345101],5,6,"[0.5164739970238864, 0.5319253761973344]",-1,6
30126,[0.25990512 0.40924158],6,8,"[0.27392971195344684, 0.45973140540928376]",-1,-1
30127,[0.49141297 0.33486983],6,-1,-1,168,-1
30128,[0.664232   0.52743478],5,3,"[0.6815204869410737, 0.47689852788858716]",-1,-1
30129,[0.39976637 0.60564195],4,0,"[0.383291892093257, 0.5586820702346661]",1724,-1
30130,[0.72985017 0.61424958],9,-1,-1,-1,0
30131,[0.24465411 0.50034899],7,8,"[0.27392971195344684, 0.45973140540928376]",-1,-1
30132,[0.58293722 0.64674263],9,2,"[0.5921204552873188, 0.6383928111301557]",1189,-1
30133,[0.19127547 0.28081397],2,5,"[0.23231087327800656, 0.30304944505444303]",745,-1
30134,[0.74068216 0.47300586],8,3,"[0.6815204869410737, 0.47689852788858716]",513,-1
30135,[0.74020212 0.80381608],1,-1,-1,288,0
30136,[0.37934819 0.52522899],7,0,"[0.383291892093257, 0.5586820702346661]",1784,-1
30137,[0.67985229 0.83754117],9,-1,-1,-1,-1
30138,[0.33300051 0.33406723],2,1,"[0.3897435781344088, 0.3417040596068965]",-1,-1
30139,[0.53144438 0.51332215],9,6,"[0.5164739970238864, 0.5319253761973344]",-1,-1
30140,[0.27311591 0.35378689],2,5,"[0.23231087327800656, 0.30304944505444303]",-1,-1
30141,[0.62666759 0.5753312 ],5,-1,-1,-1,-1
30142,[0.25102005 0.57305835],4,7,"[0.2817018170798153, 0.5849768676672948]",1563,-1
30143,[0.36877112 0.63682805],3,-1,-1,784,-1
30144,[0.26976107 0.5980312 ],3,7,"[0.2817018170798153, 0.5849768676672948]",1655,-1
30145,[0.4378534  0.63157238],3,-1,-1,-1,-1
30146,[0.70558832 0.70619619],1,4,"[0.7726811996944247, 0.7249303226766757]",343,0
30147,[0.42287627 0.63509455],4,-1,-1,366,-1
30148,[0.80453525 0.68947309],1,4,"[0.7726811996944247, 0.7249303226766757]",-1,0
30149,[0.34748224 0.55809975],3,0,"[0.383291892093257, 0.5586820702346661]",1956,-1
30150,[0.30284816 0.54243552],3,7,"[0.2817018170798153, 0.5849768676672948]",-1,-1
30151,[0.81731492 0.73025487],1,4,"[0.7726811996944247, 0.7249303226766757]",456,0
30152,[0.78741824 0.66190035],9,4,"[0.7726811996944247, 0.7249303226766757]",326,0
30153,[0.77387529 0.43154235],8,-1,-1,-1,-1
30154,[0.30924837 0.24542718],0,9,"[0.3110394802231661, 0.23517199738277297]",-1,-1
30155,[0.36579779 0.64554962],4,-1,-1,-1,-1
30156,[0.58687599 0.83533531],9,-1,-1,-1,-1
30157,[0.25278502 0.51191332],7,8,"[0.27392971195344684, 0.45973140540928376]",-1,-1
30158,[0.31698053 0.49078343],7,8,"[0.27392971195344684, 0.45973140540928376]",-1,-1
30159,[0.2990789  0.57918422],4,7,"[0.2817018170798153, 0.5849768676672948]",1840,-1
30160,[0.26448232 0.4796595 ],4,8,"[0.27392971195344684, 0.45973140540928376]",-1,-1
30161,[0.22992294 0.32519005],0,5,"[0.23231087327800656, 0.30304944505444303]",-1,-1
30162,[0.62420567 0.45397475],8,3,"[0.6815204869410737, 0.47689852788858716]",620,-1
30163,[0.36379088 0.61789075],3,0,"[0.383291892093257, 0.5586820702346661]",-1,-1
30164,[0.23253392 0.52308727],7,-1,-1,-1,-1
30165,[0.40095199 0.48657898],3,-1,-1,1036,-1
30166,[0.56122736 0.48065493],5,6,"[0.5164739970238864, 0.5319253761973344]",-1,-1
30167,[0.42875678 0.48622831],3,-1,-1,-1,-1
30168,[0.30812522 0.227448  ],2,9,"[0.3110394802231661, 0.23517199738277297]",971,-1
30169,[0.51852478 0.75184796],9,-1,-1,-1,-1
30170,[0.45243829 0.58901004],3,-1,-1,1238,4
30171,[0.28322712 0.52083156],7,8,"[0.27392971195344684, 0.45973140540928376]",-1,14
30172,[0.24357129 0.17469778],0,-1,-1,-1,-1
30173,[0.39857579 0.56991856],4,0,"[0.383291892093257, 0.5586820702346661]",1770,-1
30174,[0.26537968 0.30456464],2,5,"[0.23231087327800656, 0.30304944505444303]",1656,-1
30175,[0.20874748 0.51770409],7,-1,-1,-1,-1
30176,[0.30375253 0.61894334],3,7,"[0.2817018170798153, 0.5849768676672948]",-1,-1
30177,[0.30725412 0.55419404],3,7,"[0.2817018170798153, 0.5849768676672948]",1985,-1
30178,[0.60180932 0.59213323],9,2,"[0.5921204552873188, 0.6383928111301557]",-1,-1
30179,[0.25194846 0.36105832],0,5,"[0.23231087327800656, 0.30304944505444303]",1025,-1
30180,[0.48476537 0.58537877],3,6,"[0.5164739970238864, 0.5319253761973344]",-1,-1
30181,[0.71482118 0.5301367 ],8,3,"[0.6815204869410737, 0.47689852788858716]",516,-1
30182,[0.48028224 0.60868497],3,-1,-1,737,-1
30183,[0.25348569 0.6177517 ],3,7,"[0.2817018170798153, 0.5849768676672948]",-1,-1
30184,[0.65755808 0.68724773],9,-1,-1,-1,-1
30185,[0.61248128 0.52092391],5,-1,-1,-1,-1
30186,[0.40832893 0.36027878],6,1,"[0.3897435781344088, 0.3417040596068965]",-1,-1
30187,[0.30865757 0.36146658],2,-1,-1,-1,-1
30188,[0.54885796 0.66822856],9,2,"[0.5921204552873188, 0.6383928111301557]",-1,-1
30189,[0.31020481 0.31147481],6,-1,-1,1648,-1
30190,[0.73987096 0.39225287],8,-1,-1,-1,-1
30191,[0.37566832 0.19474946],0,-1,-1,127,-1
30192,[0.41575627 0.70114353],3,-1,-1,34,-1
30193,[0.28982701 0.54072932],7,7,"[0.2817018170798153, 0.5849768676672948]",1907,14
30194,[0.5417718  0.57448074],9,6,"[0.5164739970238864, 0.5319253761973344]",1410,-1
30195,[0.26100713 0.61696427],4,7,"[0.2817018170798153, 0.5849768676672948]",-1,-1
30196,[0.39496345 0.46250977],3,-1,-1,-1,-1
30197,[0.40281513 0.52578147],3,0,"[0.383291892093257, 0.5586820702346661]",1641,-1
30198,[0.41121839 0.32802487],6,1,"[0.3897435781344088, 0.3417040596068965]",-1,-1
30199,[0.29977908 0.60198457],3,7,"[0.2817018170798153, 0.5849768676672948]",1662,-1
30200,[0.75892023 0.49061778],8,-1,-1,-1,-1
30201,[0.66844957 0.59103443],8,-1,-1,-1,-1
30202,[0.59436614 0.66206633],5,2,"[0.5921204552873188, 0.6383928111301557]",-1,-1
30203,[0.60867091 0.49749694],5,-1,-1,843,-1
30204,[0.37992649 0.59707151],3,0,"[0.383291892093257, 0.5586820702346661]",-1,-1
30205,[0.61904519 0.49791801],8,3,"[0.6815204869410737, 0.47689852788858716]",865,-1
30206,[0.25762274 0.3246806 ],0,5,"[0.23231087327800656, 0.30304944505444303]",1517,-1
30207,[0.50304839 0.44577579],3,-1,-1,223,-1
30208,[0.56669797 0.55550506],5,6,"[0.5164739970238864, 0.5319253761973344]",1362,-1
30209,[0.39334857 0.18357834],0,-1,-1,39,-1
30210,[0.37765769 0.27096598],6,-1,-1,1073,-1
30211,[0.49850382 0.53680891],9,6,"[0.5164739970238864, 0.5319253761973344]",1186,-1
30212,[0.71889377 0.51300347],8,3,"[0.6815204869410737, 0.47689852788858716]",-1,-1
30213,[0.77099519 0.72502143],1,4,"[0.7726811996944247, 0.7249303226766757]",469,0
30214,[0.27359697 0.34002533],2,5,"[0.23231087327800656, 0.30304944505444303]",1608,-1
30215,[0.75487232 0.80354048],1,-1,-1,-1,0
30216,[0.32653136 0.19091544],0,9,"[0.3110394802231661, 0.23517199738277297]",-1,-1
30217,[0.29021588 0.34058764],0,5,"[0.23231087327800656, 0.30304944505444303]",1591,-1
30218,[0.31725619 0.56272915],3,7,"[0.2817018170798153, 0.5849768676672948]",1972,-1
30219,[0.81371624 0.68727384],1,4,"[0.7726811996944247, 0.7249303226766757]",362,0
30220,[0.34619928 0.56837991],4,0,"[0.383291892093257, 0.5586820702346661]",1901,-1
30221,[0.68703909 0.63511349],9,-1,-1,493,-1
30222,[0.43290178 0.46433613],3,-1,-1,-1,-1
30223,[0.37235172 0.57927515],4,0,"[0.383291892093257, 0.5586820702346661]",-1,12
30224,[0.23417433 0.57151269],4,7,"[0.2817018170798153, 0.5849768676672948]",1358,-1
30225,[0.42107831 0.4217247 ],2,-1,-1,403,-1
30226,[0.20035991 0.29128683],0,5,"[0.23231087327800656, 0.30304944505444303]",933,-1
30227,[0.29318714 0.6027163 ],4,7,"[0.2817018170798153, 0.5849768676672948]",1693,-1
30228,[0.42764088 0.45285188],3,-1,-1,-1,-1
30229,[0.32729005 0.63614563],3,7,"[0.2817018170798153, 0.5849768676672948]",677,-1
30230,[0.44054291 0.39828065],6,-1,-1,426,-1
30231,[0.2173528  0.35805749],2,5,"[0.23231087327800656, 0.30304944505444303]",1127,-1
30232,[0.32258275 0.53618188],4,7,"[0.2817018170798153, 0.5849768676672948]",1932,-1
30233,[0.34425233 0.56340449],7,0,"[0.383291892093257, 0.5586820702346661]",-1,-1
30234,[0.37858147 0.63726209],3,-1,-1,785,-1
30235,[0.56698869 0.64639993],9,2,"[0.5921204552873188, 0.6383928111301557]",-1,-1
30236,[0.24443051 0.46233444],7,8,"[0.27392971195344684, 0.45973140540928376]",1151,-1
30237,[0.56615078 0.46932089],5,-1,-1,533,-1
30238,[0.42309094 0.64459044],5,-1,-1,-1,-1
30239,[0.35676308 0.59126887],4,0,"[0.383291892093257, 0.5586820702346661]",1828,-1
30240,[0.28117494 0.54913689],4,7,"[0.2817018170798153, 0.5849768676672948]",-1,-1
30241,[0.74089796 0.71792801],1,4,"[0.7726811996944247, 0.7249303226766757]",367,0
30242,[0.20451417 0.38902799],2,-1,-1,193,-1
30243,[0.34666034 0.46975265],0,-1,-1,1758,-1
30244,[0.31566397 0.58166368],7,7,"[0.2817018170798153, 0.5849768676672948]",1963,17
30245,[0.45457551 0.54013562],5,6,"[0.5164739970238864, 0.5319253761973344]",-1,-1
30246,[0.58523674 0.53438671],5,6,"[0.5164739970238864, 0.5319253761973344]",1234,-1
30247,[0.77649051 0.49090993],8,-1,-1,189,-1
30248,[0.43460376 0.47782413],3,-1,-1,767,-1
30249,[0.46866896 0.59306271],9,-1,-1,1235,-1
30250,[0.26853621 0.20108594],0,9,"[0.3110394802231661, 0.23517199738277297]",688,-1
30251,[0.31970431 0.29460044],6,9,"[0.3110394802231661, 0.23517199738277297]",-1,-1
30252,[0.37490122 0.56530583],3,0,"[0.383291892093257, 0.5586820702346661]",1832,-1
30253,[0.22811019 0.19956328],0,-1,-1,375,-1
30254,[0.44705936 0.57782645],4,0,"[0.383291892093257, 0.5586820702346661]",-1,-1
30255,[0.19909194 0.64253463],7,-1,-1,19,-1
30256,[0.25418882 0.48827732],7,8,"[0.27392971195344684, 0.45973140540928376]",1709,-1
30257,[0.38863453 0.55164986],3,0,"[0.383291892093257, 0.5586820702346661]",1815,-1
30258,[0.65789504 0.73180122],1,-1,-1,-1,0
30259,[0.38998096 0.34198323],6,1,"[0.3897435781344088, 0.3417040596068965]",1366,-1
30260,[0.2348202  0.20908376],0,-1,-1,-1,-1
30261,[0.84416617 0.62623893],1,-1,-1,-1,-1
30262,[0.35181857 0.29274335],2,1,"[0.3897435781344088, 0.3417040596068965]",1667,-1
30263,[0.36345907 0.33794244],0,1,"[0.3897435781344088, 0.3417040596068965]",1532,-1
30264,[0.29076098 0.50660239],4,8,"[0.27392971195344684, 0.45973140540928376]",1898,-1
30265,[0.19806394 0.24602962],0,5,"[0.23231087327800656, 0.30304944505444303]",-1,-1
30266,[0.15678579 0.38682597],2,-1,-1,-1,-1
30267,[0.32811001 0.37354269],6,1,"[0.3897435781344088, 0.3417040596068965]",-1,-1
30268,[0.45604836 0.52115251],3,6,"[0.5164739970238864, 0.5319253761973344]",-1,-1
30269,[0.43795778 0.25003229],6,-1,-1,240,-1
30270,[0.57514765 0.67518375],9,2,"[0.5921204552873188, 0.6383928111301557]",-1,-1
30271,[0.62678894 0.64830177],9,2,"[0.5921204552873188, 0.6383928111301557]",-1,-1
30272,[0.47653532 0.51876494],5,6,"[0.5164739970238864, 0.5319253761973344]",1002,-1
30273,[0.43269885 0.51585081],3,0,"[0.383291892093257, 0.5586820702346661]",1434,-1
30274,[0.25226477 0.31004543],2,5,"[0.23231087327800656, 0.30304944505444303]",-1,-1
30275,[0.59931691 0.49596676],9,-1,-1,843,-1
30276,[0.54228878 0.61178894],9,2,"[0.5921204552873188, 0.6383928111301557]",1217,-1
30277,[0.26611951 0.33229767],0,5,"[0.23231087327800656, 0.30304944505444303]",1601,-1
30278,[0.25943431 0.32187837],2,5,"[0.23231087327800656, 0.30304944505444303]",1518,-1
30279,[0.6944028  0.57087759],9,-1,-1,235,-1
30280,[0.41334106 0.64505553],5,-1,-1,-1,-1
30281,[0.25971025 0.24317757],2,9,"[0.3110394802231661, 0.23517199738277297]",1137,-1
30282,[0.29933028 0.20791287],6,9,"[0.3110394802231661, 0.23517199738277297]",-1,-1
30283,[0.68169022 0.58047747],5,-1,-1,-1,-1
30284,[0.45533444 0.26192191],6,-1,-1,585,-1
30285,[0.23955937 0.51519713],4,8,"[0.27392971195344684, 0.45973140540928376]",-1,-1
30286,[0.31183436 0.36479383],2,-1,-1,1483,-1
30287,[0.35245434 0.56413021],3,0,"[0.383291892093257, 0.5586820702346661]",-1,-1
30288,[0.31995291 0.52975664],4,7,"[0.2817018170798153, 0.5849768676672948]",-1,-1
30289,[0.30421559 0.60118118],4,7,"[0.2817018170798153, 0.5849768676672948]",1820,-1
30290,[0.8292009  0.65583258],1,-1,-1,170,0
30291,[0.36554531 0.31675105],6,1,"[0.3897435781344088, 0.3417040596068965]",-1,-1
30292,[0.34953436 0.46157071],6,-1,-1,-1,-1
30293,[0.5670775  0.44364406],5,-1,-1,-1,-1
30294,[0.29043014 0.5871454 ],4,7,"[0.2817018170798153, 0.5849768676672948]",1810,-1
30295,[0.37639173 0.25442353],6,9,"[0.3110394802231661, 0.23517199738277297]",-1,-1
30296,[0.58577973 0.49021431],8,-1,-1,-1,-1
30297,[0.28123748 0.49330579],7,8,"[0.27392971195344684, 0.45973140540928376]",-1,-1
30298,[0.6882492  0.67636381],9,-1,-1,388,-1
30299,[0.4395762  0.48137309],4,-1,-1,-1,-1
30300,[0.50549723 0.58919556],5,6,"[0.5164739970238864, 0.5319253761973344]",1093,-1
30301,[0.90468945 0.67080213],1,-1,-1,22,-1
30302,[0.82288299 0.72719336],1,4,"[0.7726811996944247, 0.7249303226766757]",-1,0
30303,[0.82865844 0.76888132],1,-1,-1,314,0
30304,[0.66320803 0.54967131],9,-1,-1,670,-1
30305,[0.58780832 0.64215615],9,2,"[0.5921204552873188, 0.6383928111301557]",1132,-1
30306,[0.31681298 0.48546879],4,8,"[0.27392971195344684, 0.45973140540928376]",1869,-1
30307,[0.72643172 0.80340743],1,-1,-1,-1,0
30308,[0.2262928  0.39563222],2,-1,-1,-1,-1
30309,[0.45068696 0.37506658],6,1,"[0.3897435781344088, 0.3417040596068965]",-1,-1
30310,[0.36940077 0.40031102],2,1,"[0.3897435781344088, 0.3417040596068965]",718,-1
30311,[0.3310645  0.44534123],4,8,"[0.27392971195344684, 0.45973140540928376]",941,-1
30312,[0.29408052 0.49168735],3,8,"[0.27392971195344684, 0.45973140540928376]",1791,-1
30313,[0.22092805 0.3389706 ],2,5,"[0.23231087327800656, 0.30304944505444303]",-1,-1
30314,[0.70670595 0.52342406],9,3,"[0.6815204869410737, 0.47689852788858716]",569,-1
30315,[0.24453923 0.50824245],4,8,"[0.27392971195344684, 0.45973140540928376]",-1,-1
30316,[0.72400533 0.65849077],8,-1,-1,-1,0
30317,[0.75022857 0.68368656],1,4,"[0.7726811996944247, 0.7249303226766757]",439,0
30318,[0.52917151 0.69038499],9,-1,-1,555,-1
30319,[0.29498444 0.5804338 ],4,7,"[0.2817018170798153, 0.5849768676672948]",1840,-1
30320,[0.59542599 0.62709561],9,2,"[0.5921204552873188, 0.6383928111301557]",1346,6
30321,[0.29327503 0.55654939],4,7,"[0.2817018170798153, 0.5849768676672948]",-1,-1
30322,[0.28279928 0.45197137],7,8,"[0.27392971195344684, 0.45973140540928376]",-1,-1
30323,[0.37165867 0.56809944],7,0,"[0.383291892093257, 0.5586820702346661]",1832,12
30324,[0.32027634 0.30459749],2,-1,-1,-1,-1
30325,[0.70965902 0.39670159],8,-1,-1,-1,-1
30326,[0.38082857 0.2631484 ],6,-1,-1,790,-1
30327,[0.78662471 0.65943497],1,4,"[0.7726811996944247, 0.7249303226766757]",326,0
30328,[0.40652799 0.57172854],3,0,"[0.383291892093257, 0.5586820702346661]",1737,-1
30329,[0.80893287 0.6272177 ],1,-1,-1,-1,-1
30330,[0.51853813 0.54793722],5,6,"[0.5164739970238864, 0.5319253761973344]",-1,3
30331,[0.25705763 0.56535289],3,7,"[0.2817018170798153, 0.5849768676672948]",1699,-1
30332,[0.55570301 0.52845526],5,6,"[0.5164739970238864, 0.5319253761973344]",1390,-1
30333,[0.56618344 0.67343476],9,2,"[0.5921204552873188, 0.6383928111301557]",-1,-1
30334,[0.69841652 0.43338632],8,3,"[0.6815204869410737, 0.47689852788858716]",596,-1
30335,[0.25167599 0.36111427],2,5,"[0.23231087327800656, 0.30304944505444303]",1044,-1
30336,[0.2769683 0.2550169],0,9,"[0.3110394802231661, 0.23517199738277297]",-1,-1
30337,[0.30660414 0.26170201],0,9,"[0.3110394802231661, 0.23517199738277297]",-1,-1
30338,[0.81811474 0.7410214 ],1,4,"[0.7726811996944247, 0.7249303226766757]",446,0
30339,[0.54799258 0.42622234],8,-1,-1,-1,-1
30340,[0.58173671 0.64145963],9,2,"[0.5921204552873188, 0.6383928111301557]",-1,-1
30341,[0.27351734 0.31883388],6,5,"[0.23231087327800656, 0.30304944505444303]",-1,9
30342,[0.32767104 0.60900179],4,7,"[0.2817018170798153, 0.5849768676672948]",1544,-1
30343,[0.22597603 0.24251977],2,5,"[0.23231087327800656, 0.30304944505444303]",946,-1
30344,[0.85161521 0.59732099],1,-1,-1,-1,-1
30345,[0.67233546 0.57864852],5,-1,-1,-1,-1
30346,[0.40973561 0.57568036],4,0,"[0.383291892093257, 0.5586820702346661]",-1,-1
30347,[0.33791303 0.3688697 ],6,1,"[0.3897435781344088, 0.3417040596068965]",1349,-1
30348,[0.49267184 0.60825393],5,-1,-1,918,-1
30349,[0.31804471 0.26918456],0,9,"[0.3110394802231661, 0.23517199738277297]",1507,-1
30350,[0.7482566 0.5762778],1,-1,-1,-1,-1
30351,[0.64773454 0.51939031],8,3,"[0.6815204869410737, 0.47689852788858716]",-1,-1
30352,[0.36180001 0.57594722],3,0,"[0.383291892093257, 0.5586820702346661]",-1,-1
30353,[0.46183796 0.37268837],5,-1,-1,320,-1
30354,[0.31551133 0.55319001],7,7,"[0.2817018170798153, 0.5849768676672948]",-1,17
30355,[0.27763498 0.22019938],0,9,"[0.3110394802231661, 0.23517199738277297]",-1,-1
30356,[0.15720191 0.23929933],0,-1,-1,-1,-1
30357,[0.36885508 0.30754905],6,1,"[0.3897435781344088, 0.3417040596068965]",1472,-1
30358,[0.60560373 0.58249195],9,2,"[0.5921204552873188, 0.6383928111301557]",1326,-1
30359,[0.33771542 0.33283724],2,1,"[0.3897435781344088, 0.3417040596068965]",-1,-1
30360,[0.5459735  0.62711091],9,2,"[0.5921204552873188, 0.6383928111301557]",1263,-1
30361,[0.59917177 0.54659128],5,-1,-1,1292,-1
30362,[0.66312688 0.54206974],8,3,"[0.6815204869410737, 0.47689852788858716]",-1,-1
30363,[0.27955168 0.54343713],7,7,"[0.2817018170798153, 0.5849768676672948]",-1,-1
30364,[0.32187226 0.31884571],6,-1,-1,1673,-1
30365,[0.47517019 0.5640251 ],9,6,"[0.5164739970238864, 0.5319253761973344]",1010,-1
30366,[0.32317874 0.53575262],7,0,"[0.383291892093257, 0.5586820702346661]",1932,-1
30367,[0.55501398 0.47430865],5,6,"[0.5164739970238864, 0.5319253761973344]",-1,-1
30368,[0.7323288  0.78543553],1,-1,-1,250,0
30369,[0.26513322 0.32769396],2,5,"[0.23231087327800656, 0.30304944505444303]",-1,-1
30370,[0.48726489 0.61312794],3,-1,-1,918,-1
30371,[0.28206381 0.53866067],4,7,"[0.2817018170798153, 0.5849768676672948]",1894,-1
30372,[0.26372277 0.35236534],2,5,"[0.23231087327800656, 0.30304944505444303]",-1,-1
30373,[0.35047235 0.59721911],3,0,"[0.383291892093257, 0.5586820702346661]",1833,-1
30374,[0.37191521 0.31008567],6,1,"[0.3897435781344088, 0.3417040596068965]",-1,-1
30375,[0.34997217 0.34253863],6,1,"[0.3897435781344088, 0.3417040596068965]",-1,-1
30376,[0.38565808 0.4294672 ],5,-1,-1,-1,-1
30377,[0.21680503 0.40486935],2,-1,-1,502,-1
30378,[0.27332119 0.48829891],2,8,"[0.27392971195344684, 0.45973140540928376]",1797,-1
30379,[0.64246717 0.66031824],9,2,"[0.5921204552873188, 0.6383928111301557]",646,-1
30380,[0.2909982  0.40991026],2,8,"[0.27392971195344684, 0.45973140540928376]",-1,-1
30381,[0.75469385 0.59258232],1,-1,-1,110,-1
30382,[0.31349496 0.41751977],3,8,"[0.27392971195344684, 0.45973140540928376]",1017,-1
30383,[0.28831366 0.51022922],3,8,"[0.27392971195344684, 0.45973140540928376]",1913,-1
30384,[0.58921263 0.65460224],9,2,"[0.5921204552873188, 0.6383928111301557]",-1,-1
30385,[0.73492566 0.70978086],1,4,"[0.7726811996944247, 0.7249303226766757]",434,0
30386,[0.27069107 0.47360805],4,8,"[0.27392971195344684, 0.45973140540928376]",-1,-1
30387,[0.64612957 0.49367081],8,3,"[0.6815204869410737, 0.47689852788858716]",819,1
30388,[0.36822019 0.58626217],3,0,"[0.383291892093257, 0.5586820702346661]",-1,12
30389,[0.27281369 0.27610062],0,5,"[0.23231087327800656, 0.30304944505444303]",-1,11
30390,[0.38979572 0.28621169],6,1,"[0.3897435781344088, 0.3417040596068965]",-1,-1
30391,[0.84655865 0.68910247],1,-1,-1,-1,0
30392,[0.7018346  0.51898341],8,3,"[0.6815204869410737, 0.47689852788858716]",570,-1
30393,[0.39106872 0.57885516],4,0,"[0.383291892093257, 0.5586820702346661]",1701,-1
30394,[0.25473714 0.311047  ],2,5,"[0.23231087327800656, 0.30304944505444303]",-1,-1
30395,[0.33506838 0.56698184],3,0,"[0.383291892093257, 0.5586820702346661]",1975,-1
30396,[0.43381967 0.3786921 ],6,1,"[0.3897435781344088, 0.3417040596068965]",-1,-1
30397,[0.57595282 0.65162636],8,2,"[0.5921204552873188, 0.6383928111301557]",1124,-1
30398,[0.61823969 0.69153722],9,2,"[0.5921204552873188, 0.6383928111301557]",662,-1
30399,[0.29352088 0.66386022],4,-1,-1,226,-1
30400,[0.41255094 0.3643306 ],6,1,"[0.3897435781344088, 0.3417040596068965]",976,-1
30401,[0.64233725 0.47359452],8,3,"[0.6815204869410737, 0.47689852788858716]",-1,-1
30402,[0.49947695 0.63063463],9,-1,-1,-1,-1
30403,[0.51144603 0.66008124],9,-1,-1,728,-1
30404,[0.36954442 0.6013323 ],3,0,"[0.383291892093257, 0.5586820702346661]",1755,-1
30405,[0.29664774 0.5652547 ],3,7,"[0.2817018170798153, 0.5849768676672948]",1870,-1
30406,[0.41302408 0.60455446],3,0,"[0.383291892093257, 0.5586820702346661]",-1,-1
30407,[0.28523808 0.52176934],7,8,"[0.27392971195344684, 0.45973140540928376]",-1,14
30408,[0.70457144 0.80754129],1,-1,-1,-1,-1
30409,[0.674691   0.51295223],9,3,"[0.6815204869410737, 0.47689852788858716]",817,-1
30410,[0.2765494  0.55489941],7,7,"[0.2817018170798153, 0.5849768676672948]",-1,-1
30411,[0.59184682 0.60221612],5,2,"[0.5921204552873188, 0.6383928111301557]",1428,-1
30412,[0.45589662 0.23468956],6,-1,-1,-1,-1
30413,[0.21745459 0.26364933],0,5,"[0.23231087327800656, 0.30304944505444303]",-1,-1
30414,[0.26898579 0.36238337],2,5,"[0.23231087327800656, 0.30304944505444303]",-1,-1
30415,[0.49634983 0.61826026],9,-1,-1,918,-1
30416,[0.26172586 0.26570148],2,5,"[0.23231087327800656, 0.30304944505444303]",-1,-1
30417,[0.20204879 0.27911638],2,5,"[0.23231087327800656, 0.30304944505444303]",-1,-1
30418,[0.46460238 0.35392259],6,-1,-1,-1,-1
30419,[0.2479377  0.20945059],2,9,"[0.3110394802231661, 0.23517199738277297]",990,-1
30420,[0.46881995 0.47040686],5,-1,-1,664,-1
30421,[0.37147751 0.25084789],6,9,"[0.3110394802231661, 0.23517199738277297]",-1,-1
30422,[0.62248072 0.55575284],8,-1,-1,651,-1
30423,[0.64992242 0.69700952],1,-1,-1,489,-1
30424,[0.50586074 0.61916635],5,-1,-1,-1,-1
30425,[0.58089019 0.51399359],5,6,"[0.5164739970238864, 0.5319253761973344]",1035,-1
30426,[0.22113627 0.51374484],7,-1,-1,-1,-1
30427,[0.8293418  0.64276169],1,-1,-1,-1,0
30428,[0.76357771 0.61344076],9,-1,-1,-1,-1
30429,[0.30248906 0.36559398],6,-1,-1,-1,-1
30430,[0.16199095 0.50521697],7,-1,-1,-1,-1
30431,[0.42492607 0.62172451],3,-1,-1,483,-1
30432,[0.35347917 0.4515205 ],7,-1,-1,-1,-1
30433,[0.75415282 0.6924507 ],1,4,"[0.7726811996944247, 0.7249303226766757]",-1,0
30434,[0.55991554 0.43398085],8,-1,-1,251,-1
30435,[0.25582    0.48649593],4,8,"[0.27392971195344684, 0.45973140540928376]",1709,-1
30436,[0.64750641 0.55879184],8,-1,-1,-1,-1
30437,[0.34026051 0.49514793],4,-1,-1,1880,-1
30438,[0.75818478 0.40489306],8,-1,-1,-1,-1
30439,[0.56369539 0.62172892],9,2,"[0.5921204552873188, 0.6383928111301557]",1284,-1
30440,[0.30154013 0.45769564],4,8,"[0.27392971195344684, 0.45973140540928376]",-1,-1
30441,[0.53305601 0.50329726],5,6,"[0.5164739970238864, 0.5319253761973344]",1139,-1
30442,[0.3036099 0.4375293],2,8,"[0.27392971195344684, 0.45973140540928376]",1082,-1
30443,[0.2770626  0.40628595],2,8,"[0.27392971195344684, 0.45973140540928376]",748,-1
30444,[0.5275951  0.66800501],9,-1,-1,-1,-1
30445,[0.29533215 0.55531198],7,7,"[0.2817018170798153, 0.5849768676672948]",-1,-1
30446,[0.5333217  0.62777914],9,2,"[0.5921204552873188, 0.6383928111301557]",1141,-1
30447,[0.32357485 0.28756352],2,9,"[0.3110394802231661, 0.23517199738277297]",-1,-1
30448,[0.54097425 0.45559288],5,-1,-1,-1,-1
30449,[0.56930016 0.53269032],9,6,"[0.5164739970238864, 0.5319253761973344]",-1,6
30450,[0.72641312 0.63298848],1,-1,-1,184,0
30451,[0.68666367 0.52002846],8,3,"[0.6815204869410737, 0.47689852788858716]",786,-1
30452,[0.61983458 0.75325312],9,-1,-1,-1,-1
30453,[0.47511612 0.25388119],6,-1,-1,-1,-1
30454,[0.81089061 0.659829  ],1,-1,-1,255,0
30455,[0.76756718 0.82061652],1,-1,-1,-1,0
30456,[0.77438834 0.55285347],8,-1,-1,84,-1
30457,[0.79272674 0.44782691],8,-1,-1,-1,-1
30458,[0.60094624 0.63016611],9,2,"[0.5921204552873188, 0.6383928111301557]",1347,6
30459,[0.28593928 0.20857234],0,9,"[0.3110394802231661, 0.23517199738277297]",-1,-1
30460,[0.45568309 0.55964342],9,6,"[0.5164739970238864, 0.5319253761973344]",-1,-1
30461,[0.3354484  0.52183076],4,0,"[0.383291892093257, 0.5586820702346661]",1877,-1
30462,[0.47259817 0.38512471],6,-1,-1,321,-1
30463,[0.22634911 0.2898706 ],0,5,"[0.23231087327800656, 0.30304944505444303]",1460,-1
30464,[0.33167078 0.48266126],4,8,"[0.27392971195344684, 0.45973140540928376]",1831,-1
30465,[0.73788264 0.85110581],1,-1,-1,31,-1
30466,[0.28587081 0.59889535],7,7,"[0.2817018170798153, 0.5849768676672948]",1693,-1
30467,[0.55970013 0.69805383],9,2,"[0.5921204552873188, 0.6383928111301557]",-1,-1
30468,[0.36894325 0.66270027],3,-1,-1,-1,-1
30469,[0.33400812 0.31580237],6,1,"[0.3897435781344088, 0.3417040596068965]",1683,-1
30470,[0.6452918 0.6485173],9,2,"[0.5921204552873188, 0.6383928111301557]",-1,-1
30471,[0.30218267 0.43918649],2,8,"[0.27392971195344684, 0.45973140540928376]",1083,-1
30472,[0.72508743 0.60741775],1,-1,-1,-1,-1
30473,[0.39087201 0.53667397],4,0,"[0.383291892093257, 0.5586820702346661]",-1,-1
30474,[0.4843601  0.57939273],5,6,"[0.5164739970238864, 0.5319253761973344]",1225,-1
30475,[0.70380372 0.42830739],8,3,"[0.6815204869410737, 0.47689852788858716]",-1,-1
30476,[0.60061155 0.57630178],9,2,"[0.5921204552873188, 0.6383928111301557]",1326,5
30477,[0.44170151 0.31085063],6,1,"[0.3897435781344088, 0.3417040596068965]",492,-1
30478,[0.29946102 0.44765339],6,8,"[0.27392971195344684, 0.45973140540928376]",-1,-1
30479,[0.3965555  0.61260512],3,0,"[0.383291892093257, 0.5586820702346661]",-1,-1
30480,[0.59976445 0.56535048],8,-1,-1,1317,-1
30481,[0.30357094 0.54571687],3,7,"[0.2817018170798153, 0.5849768676672948]",-1,-1
30482,[0.24769411 0.26251015],0,5,"[0.23231087327800656, 0.30304944505444303]",1310,-1
30483,[0.35564068 0.24719552],0,9,"[0.3110394802231661, 0.23517199738277297]",-1,-1
30484,[0.32981532 0.66013723],7,-1,-1,-1,-1
30485,[0.29992137 0.28184872],2,9,"[0.3110394802231661, 0.23517199738277297]",1554,-1
30486,[0.58445289 0.51448155],9,-1,-1,1035,-1
30487,[0.32414564 0.27111994],6,9,"[0.3110394802231661, 0.23517199738277297]",1504,-1
30488,[0.61475097 0.68999046],9,2,"[0.5921204552873188, 0.6383928111301557]",662,-1
30489,[0.61623001 0.47262742],8,3,"[0.6815204869410737, 0.47689852788858716]",622,-1
30490,[0.75496165 0.66998395],9,4,"[0.7726811996944247, 0.7249303226766757]",379,0
30491,[0.56257315 0.67787663],9,2,"[0.5921204552873188, 0.6383928111301557]",1034,-1
30492,[0.72506394 0.42002582],8,-1,-1,-1,-1
30493,[0.52259178 0.50103237],8,6,"[0.5164739970238864, 0.5319253761973344]",1097,-1
30494,[0.28863411 0.40572544],2,8,"[0.27392971195344684, 0.45973140540928376]",-1,-1
30495,[0.33683183 0.25209907],0,9,"[0.3110394802231661, 0.23517199738277297]",967,-1
30496,[0.70358492 0.45152961],8,3,"[0.6815204869410737, 0.47689852788858716]",594,-1
30497,[0.21299908 0.21838692],0,-1,-1,708,-1
30498,[0.23616235 0.40995662],2,8,"[0.27392971195344684, 0.45973140540928376]",-1,-1
30499,[0.66205544 0.39077305],8,-1,-1,241,-1
30500,[0.6058469  0.63820224],9,2,"[0.5921204552873188, 0.6383928111301557]",1332,-1
30501,[0.43719624 0.36525446],6,1,"[0.3897435781344088, 0.3417040596068965]",-1,-1
30502,[0.79820945 0.73565539],1,4,"[0.7726811996944247, 0.7249303226766757]",433,0
30503,[0.37914546 0.54138486],7,0,"[0.383291892093257, 0.5586820702346661]",-1,-1
30504,[0.38974615 0.64497499],7,-1,-1,-1,-1
30505,[0.26920656 0.56669584],4,7,"[0.2817018170798153, 0.5849768676672948]",-1,-1
30506,[0.3271253  0.61336904],4,7,"[0.2817018170798153, 0.5849768676672948]",1544,-1
30507,[0.64192547 0.61849315],9,2,"[0.5921204552873188, 0.6383928111301557]",-1,-1
30508,[0.5432672  0.55199742],5,6,"[0.5164739970238864, 0.5319253761973344]",1406,6
30509,[0.3842062  0.61563321],4,0,"[0.383291892093257, 0.5586820702346661]",-1,-1
30510,[0.88493193 0.74192323],1,-1,-1,87,-1
30511,[0.30502291 0.28542824],6,9,"[0.3110394802231661, 0.23517199738277297]",1614,11
30512,[0.41242418 0.33078933],6,1,"[0.3897435781344088, 0.3417040596068965]",-1,-1
30513,[0.2200475  0.37771763],2,-1,-1,-1,-1
30514,[0.60468181 0.52114094],8,-1,-1,1102,-1
30515,[0.26670906 0.48989887],7,8,"[0.27392971195344684, 0.45973140540928376]",-1,-1
30516,[0.17299619 0.56871696],4,-1,-1,101,-1
30517,[0.42405133 0.45363597],3,-1,-1,-1,-1
30518,[0.30631968 0.60507717],4,7,"[0.2817018170798153, 0.5849768676672948]",1726,-1
30519,[0.3079826  0.63779686],3,7,"[0.2817018170798153, 0.5849768676672948]",554,-1
30520,[0.26531865 0.42543204],4,8,"[0.27392971195344684, 0.45973140540928376]",-1,-1
30521,[0.51870717 0.5793559 ],5,6,"[0.5164739970238864, 0.5319253761973344]",1384,-1
30522,[0.7352258  0.55725148],8,-1,-1,158,-1
30523,[0.84300532 0.84117948],1,-1,-1,-1,-1
30524,[0.31943718 0.2685164 ],0,9,"[0.3110394802231661, 0.23517199738277297]",1507,-1
30525,[0.66896287 0.83645145],1,-1,-1,-1,-1
30526,[0.7207207  0.65249486],1,-1,-1,-1,0
30527,[0.66003602 0.58803056],5,-1,-1,-1,-1
30528,[0.51032073 0.58079921],5,6,"[0.5164739970238864, 0.5319253761973344]",1377,6
30529,[0.55428682 0.58998828],5,2,"[0.5921204552873188, 0.6383928111301557]",-1,-1
30530,[0.28539374 0.73163673],3,-1,-1,-1,-1
30531,[0.43171089 0.60205488],3,0,"[0.383291892093257, 0.5586820702346661]",1574,-1
30532,[0.53792204 0.62887233],9,2,"[0.5921204552873188, 0.6383928111301557]",1141,-1
30533,[0.58061453 0.42959317],5,-1,-1,-1,-1
30534,[0.261915   0.15294622],0,-1,-1,140,-1
30535,[0.33315238 0.4157133 ],2,-1,-1,917,-1
30536,[0.39148101 0.48327451],3,-1,-1,-1,-1
30537,[0.46307743 0.33597687],6,-1,-1,-1,-1
30538,[0.4287449  0.51847093],5,0,"[0.383291892093257, 0.5586820702346661]",1439,-1
30539,[0.53586558 0.51633995],5,6,"[0.5164739970238864, 0.5319253761973344]",1173,-1
30540,[0.5425043  0.52178905],8,6,"[0.5164739970238864, 0.5319253761973344]",899,-1
30541,[0.71375238 0.42471481],8,3,"[0.6815204869410737, 0.47689852788858716]",443,-1
30542,[0.30523365 0.37103028],7,-1,-1,1594,-1
30543,[0.32965855 0.45192704],7,8,"[0.27392971195344684, 0.45973140540928376]",-1,-1
30544,[0.22390116 0.38027251],7,-1,-1,-1,-1
30545,[0.81831502 0.74447154],1,4,"[0.7726811996944247, 0.7249303226766757]",-1,0
30546,[0.24961913 0.42193615],2,8,"[0.27392971195344684, 0.45973140540928376]",699,-1
30547,[0.26759484 0.59378604],4,7,"[0.2817018170798153, 0.5849768676672948]",1655,-1
30548,[0.67136836 0.67241145],1,-1,-1,-1,-1
30549,[0.67128813 0.73280322],9,-1,-1,-1,0
30550,[0.50585509 0.48421182],5,6,"[0.5164739970238864, 0.5319253761973344]",605,-1
30551,[0.45332501 0.23490771],6,-1,-1,-1,-1
30552,[0.66191923 0.79351995],1,-1,-1,-1,-1
30553,[0.78188152 0.69853638],1,4,"[0.7726811996944247, 0.7249303226766757]",-1,0
30554,[0.34683122 0.30274588],2,1,"[0.3897435781344088, 0.3417040596068965]",1529,-1
30555,[0.60232576 0.40480633],8,-1,-1,164,-1
30556,[0.32976874 0.48344535],3,8,"[0.27392971195344684, 0.45973140540928376]",1831,-1
30557,[0.84909159 0.76817002],1,-1,-1,-1,0
30558,[0.46329287 0.60270746],5,-1,-1,1235,-1
30559,[0.65005112 0.72033987],9,-1,-1,280,-1
30560,[0.5461827  0.53441277],5,6,"[0.5164739970238864, 0.5319253761973344]",1375,-1
30561,[0.53549704 0.55217177],5,6,"[0.5164739970238864, 0.5319253761973344]",-1,-1
30562,[0.32672814 0.38534992],2,-1,-1,1011,-1
30563,[0.25453944 0.46261456],7,8,"[0.27392971195344684, 0.45973140540928376]",-1,-1
30564,[0.30254066 0.51878612],4,8,"[0.27392971195344684, 0.45973140540928376]",-1,-1
30565,[0.43874584 0.34331374],6,1,"[0.3897435781344088, 0.3417040596068965]",793,-1
30566,[0.29100946 0.17932054],0,9,"[0.3110394802231661, 0.23517199738277297]",425,-1
30567,[0.26736136 0.29170671],0,5,"[0.23231087327800656, 0.30304944505444303]",-1,-1
30568,[0.32475188 0.42649743],6,8,"[0.27392971195344684, 0.45973140540928376]",-1,-1
30569,[0.25780669 0.31011963],0,5,"[0.23231087327800656, 0.30304944505444303]",-1,-1
30570,[0.17654459 0.23475554],0,-1,-1,-1,-1
30571,[0.34610534 0.60656735],3,0,"[0.383291892093257, 0.5586820702346661]",1833,-1
30572,[0.51070747 0.35626131],6,-1,-1,63,-1
30573,[0.93240115 0.72937583],1,-1,-1,5,-1
30574,[0.22328734 0.63767255],4,-1,-1,-1,-1
30575,[0.54279035 0.70407641],9,-1,-1,-1,-1
30576,[0.36785366 0.55391947],4,0,"[0.383291892093257, 0.5586820702346661]",-1,-1
30577,[0.34508311 0.52973345],3,0,"[0.383291892093257, 0.5586820702346661]",1946,-1
30578,[0.59436953 0.57529811],5,2,"[0.5921204552873188, 0.6383928111301557]",1326,5
30579,[0.30220194 0.56702136],4,7,"[0.2817018170798153, 0.5849768676672948]",1924,-1
30580,[0.38059711 0.31880888],6,1,"[0.3897435781344088, 0.3417040596068965]",-1,-1
30581,[0.31645346 0.48097586],7,8,"[0.27392971195344684, 0.45973140540928376]",1756,-1
30582,[0.58268729 0.66849261],9,2,"[0.5921204552873188, 0.6383928111301557]",1121,-1
30583,[0.73953618 0.48505198],8,3,"[0.6815204869410737, 0.47689852788858716]",773,-1
30584,[0.33293182 0.17004999],0,9,"[0.3110394802231661, 0.23517199738277297]",98,-1
30585,[0.63087196 0.52837723],8,-1,-1,864,-1
30586,[0.28937906 0.30752099],6,5,"[0.23231087327800656, 0.30304944505444303]",-1,-1
30587,[0.39501732 0.33454197],6,1,"[0.3897435781344088, 0.3417040596068965]",1003,-1
30588,[0.56748327 0.41958317],8,-1,-1,-1,-1
30589,[0.23254277 0.5654676 ],3,7,"[0.2817018170798153, 0.5849768676672948]",1358,-1
30590,[0.25433536 0.50893102],4,8,"[0.27392971195344684, 0.45973140540928376]",1786,-1
30591,[0.55106884 0.53294227],9,6,"[0.5164739970238864, 0.5319253761973344]",-1,-1
30592,[0.46974338 0.65494345],5,-1,-1,-1,-1
30593,[0.44821038 0.45476779],3,-1,-1,270,-1
30594,[0.3427433  0.40277844],2,-1,-1,881,-1
30595,[0.24379494 0.33638947],2,5,"[0.23231087327800656, 0.30304944505444303]",-1,-1
30596,[0.27090055 0.61118622],7,7,"[0.2817018170798153, 0.5849768676672948]",-1,-1
30597,[0.30920091 0.21326354],0,9,"[0.3110394802231661, 0.23517199738277297]",1016,-1
30598,[0.2793226  0.54473435],4,7,"[0.2817018170798153, 0.5849768676672948]",-1,-1
30599,[0.41770402 0.28944798],6,1,"[0.3897435781344088, 0.3417040596068965]",-1,-1
30600,[0.38227556 0.30296115],6,1,"[0.3897435781344088, 0.3417040596068965]",1463,-1
30601,[0.27443284 0.58866648],7,7,"[0.2817018170798153, 0.5849768676672948]",1572,-1
30602,[0.37009219 0.55774286],3,0,"[0.383291892093257, 0.5586820702346661]",1856,-1
30603,[0.31984459 0.53601087],4,7,"[0.2817018170798153, 0.5849768676672948]",1932,-1
30604,[0.26981312 0.46475884],7,8,"[0.27392971195344684, 0.45973140540928376]",-1,-1
30605,[0.28054796 0.3571503 ],0,-1,-1,-1,-1
30606,[0.57980592 0.74101647],9,-1,-1,-1,-1
30607,[0.38001441 0.39643728],6,1,"[0.3897435781344088, 0.3417040596068965]",-1,-1
30608,[0.40219379 0.60698292],4,0,"[0.383291892093257, 0.5586820702346661]",-1,-1
30609,[0.54317772 0.58246814],5,6,"[0.5164739970238864, 0.5319253761973344]",1432,6
30610,[0.32980179 0.51046203],4,-1,-1,1920,-1
30611,[0.30983103 0.23824817],0,9,"[0.3110394802231661, 0.23517199738277297]",-1,-1
30612,[0.34461415 0.53933962],3,0,"[0.383291892093257, 0.5586820702346661]",1965,16
30613,[0.18484206 0.13486603],2,-1,-1,-1,-1
30614,[0.29594315 0.36533015],0,-1,-1,-1,-1
30615,[0.25089468 0.25273642],2,5,"[0.23231087327800656, 0.30304944505444303]",1313,-1
30616,[0.36118473 0.5652408 ],3,0,"[0.383291892093257, 0.5586820702346661]",-1,-1
30617,[0.71924568 0.75170157],1,4,"[0.7726811996944247, 0.7249303226766757]",-1,0
30618,[0.70698375 0.54032367],8,3,"[0.6815204869410737, 0.47689852788858716]",519,-1
30619,[0.29461542 0.56710262],3,7,"[0.2817018170798153, 0.5849768676672948]",1870,-1
30620,[0.26456387 0.25003285],0,9,"[0.3110394802231661, 0.23517199738277297]",-1,-1
30621,[0.8602919  0.72711419],1,-1,-1,312,0
30622,[0.67709671 0.47672727],8,3,"[0.6815204869410737, 0.47689852788858716]",-1,2
30623,[0.69830061 0.67233637],1,-1,-1,-1,0
30624,[0.66958218 0.58273427],9,-1,-1,-1,-1
30625,[0.34071937 0.64798341],3,-1,-1,-1,-1
30626,[0.72261547 0.83992932],1,-1,-1,-1,-1
30627,[0.3307389  0.50666145],3,-1,-1,-1,-1
30628,[0.20564729 0.2833712 ],0,5,"[0.23231087327800656, 0.30304944505444303]",-1,-1
30629,[0.18132186 0.67286597],4,-1,-1,-1,-1
30630,[0.35657489 0.42030325],2,-1,-1,-1,-1
30631,[0.63862979 0.7034937 ],9,-1,-1,-1,-1
30632,[0.10409018 0.44385944],2,-1,-1,-1,-1
30633,[0.34628562 0.33720737],0,1,"[0.3897435781344088, 0.3417040596068965]",-1,-1
30634,[0.67773871 0.47425714],5,3,"[0.6815204869410737, 0.47689852788858716]",814,-1
30635,[0.78202605 0.72268336],1,4,"[0.7726811996944247, 0.7249303226766757]",475,0
30636,[0.37832863 0.60284326],3,0,"[0.383291892093257, 0.5586820702346661]",-1,-1
30637,[0.45269791 0.51408188],3,6,"[0.5164739970238864, 0.5319253761973344]",-1,-1
30638,[0.20064989 0.2934196 ],2,5,"[0.23231087327800656, 0.30304944505444303]",-1,-1
30639,[0.31622002 0.60940912],3,7,"[0.2817018170798153, 0.5849768676672948]",-1,-1
30640,[0.54279358 0.53510596],5,6,"[0.5164739970238864, 0.5319253761973344]",-1,-1
30641,[0.35846676 0.32858543],6,1,"[0.3897435781344088, 0.3417040596068965]",1407,-1
30642,[0.3492457  0.45911666],7,-1,-1,-1,-1
30643,[0.21110909 0.26079178],2,5,"[0.23231087327800656, 0.30304944505444303]",-1,-1
30644,[0.34909552 0.27581482],0,9,"[0.3110394802231661, 0.23517199738277297]",-1,-1
30645,[0.23492064 0.35542909],2,5,"[0.23231087327800656, 0.30304944505444303]",1130,-1
30646,[0.33788724 0.52040704],7,0,"[0.383291892093257, 0.5586820702346661]",-1,-1
30647,[0.38097908 0.28410932],6,1,"[0.3897435781344088, 0.3417040596068965]",1027,-1
30648,[0.47508895 0.59831769],3,-1,-1,-1,4
30649,[0.24259554 0.54701998],7,7,"[0.2817018170798153, 0.5849768676672948]",1481,-1
30650,[0.27274519 0.30923413],2,5,"[0.23231087327800656, 0.30304944505444303]",-1,-1
30651,[0.45966672 0.66429581],9,-1,-1,137,-1
30652,[0.31757155 0.56163087],4,7,"[0.2817018170798153, 0.5849768676672948]",-1,-1
30653,[0.34742829 0.58771583],3,0,"[0.383291892093257, 0.5586820702346661]",1834,-1
30654,[0.38795846 0.22661043],6,-1,-1,-1,-1
30655,[0.84382868 0.52000563],8,-1,-1,-1,-1
30656,[0.76916139 0.66880723],1,4,"[0.7726811996944247, 0.7249303226766757]",389,0
30657,[0.29918237 0.28283232],0,9,"[0.3110394802231661, 0.23517199738277297]",1554,-1
30658,[0.59769947 0.55327884],8,-1,-1,-1,-1
30659,[0.88956208 0.7706109 ],1,-1,-1,-1,-1
30660,[0.32200529 0.46898362],7,8,"[0.27392971195344684, 0.45973140540928376]",1523,-1
30661,[0.86827668 0.78230285],1,-1,-1,26,-1
30662,[0.45993921 0.5051159 ],5,6,"[0.5164739970238864, 0.5319253761973344]",753,-1
30663,[0.2621231  0.19639709],0,9,"[0.3110394802231661, 0.23517199738277297]",746,-1
30664,[0.33557125 0.57545897],3,0,"[0.383291892093257, 0.5586820702346661]",1979,-1
30665,[0.61743938 0.74340589],5,-1,-1,-1,-1
30666,[0.40401519 0.41441013],2,-1,-1,-1,-1
30667,[0.36441518 0.65605803],4,-1,-1,-1,-1
30668,[0.67431855 0.4003176 ],8,-1,-1,-1,-1
30669,[0.54947719 0.56228984],5,6,"[0.5164739970238864, 0.5319253761973344]",1406,6
30670,[0.33100524 0.35234523],0,1,"[0.3897435781344088, 0.3417040596068965]",1368,-1
30671,[0.73167766 0.68391818],1,4,"[0.7726811996944247, 0.7249303226766757]",429,0
30672,[0.29950143 0.54475617],3,7,"[0.2817018170798153, 0.5849768676672948]",-1,-1
30673,[0.25729047 0.64155326],4,7,"[0.2817018170798153, 0.5849768676672948]",-1,-1
30674,[0.36692146 0.56696656],3,0,"[0.383291892093257, 0.5586820702346661]",-1,12
30675,[0.61953027 0.70383861],9,-1,-1,287,-1
30676,[0.34658347 0.2923268 ],6,1,"[0.3897435781344088, 0.3417040596068965]",-1,-1
30677,[0.43331002 0.62570709],9,-1,-1,483,-1
30678,[0.79058581 0.63071714],1,-1,-1,77,0
30679,[0.58985458 0.46870993],8,-1,-1,608,-1
30680,[0.18078833 0.38493587],2,-1,-1,133,-1
30681,[0.58886318 0.50113257],5,-1,-1,841,-1
30682,[0.3136849  0.50406237],7,8,"[0.27392971195344684, 0.45973140540928376]",1922,-1
30683,[0.46953614 0.6053638 ],3,-1,-1,908,-1
30684,[0.18054749 0.48072649],7,-1,-1,214,-1
30685,[0.44832114 0.50024087],5,-1,-1,-1,-1
30686,[0.44308415 0.58437322],3,0,"[0.383291892093257, 0.5586820702346661]",-1,-1
30687,[0.20116642 0.35613413],0,5,"[0.23231087327800656, 0.30304944505444303]",-1,-1
30688,[0.25409971 0.17050188],0,-1,-1,-1,-1
30689,[0.39314048 0.26480678],6,-1,-1,838,-1
30690,[0.30039128 0.43517539],7,8,"[0.27392971195344684, 0.45973140540928376]",1082,-1
30691,[0.60979901 0.64375577],9,2,"[0.5921204552873188, 0.6383928111301557]",1332,-1
30692,[0.4363078  0.50615373],5,-1,-1,1059,-1
30693,[0.4249346  0.37049887],6,1,"[0.3897435781344088, 0.3417040596068965]",-1,-1
30694,[0.18322138 0.52362223],4,-1,-1,-1,-1
30695,[0.38119256 0.34433766],6,1,"[0.3897435781344088, 0.3417040596068965]",1122,-1
30696,[0.37753001 0.27001004],0,-1,-1,1073,-1
30697,[0.52706018 0.56795746],9,6,"[0.5164739970238864, 0.5319253761973344]",1371,-1
30698,[0.35163787 0.35588285],2,1,"[0.3897435781344088, 0.3417040596068965]",1261,-1
30699,[0.59203746 0.679144  ],9,2,"[0.5921204552873188, 0.6383928111301557]",710,-1
30700,[0.3749074  0.54248338],3,0,"[0.383291892093257, 0.5586820702346661]",1811,-1
30701,[0.29430471 0.53149278],4,7,"[0.2817018170798153, 0.5849768676672948]",-1,-1
30702,[0.4609745  0.64588527],9,-1,-1,243,-1
30703,[0.35754623 0.37463228],6,1,"[0.3897435781344088, 0.3417040596068965]",-1,-1
30704,[0.62747542 0.70888187],9,-1,-1,287,-1
30705,[0.60181647 0.47646468],9,-1,-1,-1,-1
30706,[0.77439816 0.635294  ],1,-1,-1,176,0
30707,[0.72731284 0.52743301],8,3,"[0.6815204869410737, 0.47689852788858716]",-1,-1
30708,[0.47860487 0.5005843 ],5,6,"[0.5164739970238864, 0.5319253761973344]",876,-1
30709,[0.86142692 0.70258098],1,-1,-1,-1,0
30710,[0.45763247 0.66628339],5,-1,-1,137,-1
30711,[0.74787501 0.8048373 ],1,-1,-1,288,0
30712,[0.21960248 0.63768531],7,-1,-1,-1,-1
30713,[0.67885037 0.63300864],9,-1,-1,-1,-1
30714,[0.57055263 0.63977434],9,2,"[0.5921204552873188, 0.6383928111301557]",-1,-1
30715,[0.41383841 0.39877314],6,1,"[0.3897435781344088, 0.3417040596068965]",758,-1
30716,[0.19096164 0.71811986],4,-1,-1,-1,-1
30717,[0.10702138 0.53495529],7,-1,-1,-1,-1
30718,[0.51306454 0.64860942],9,-1,-1,-1,-1
30719,[0.27640674 0.1836065 ],0,9,"[0.3110394802231661, 0.23517199738277297]",355,-1
30720,[0.586631   0.45317239],8,-1,-1,607,-1
30721,[0.25739586 0.28587227],0,5,"[0.23231087327800656, 0.30304944505444303]",-1,-1
30722,[0.55136934 0.57407029],9,6,"[0.5164739970238864, 0.5319253761973344]",1440,6
30723,[0.33621676 0.50018287],4,-1,-1,1880,15
30724,[0.4056866  0.47565717],3,-1,-1,-1,-1
30725,[0.68290795 0.65972679],8,-1,-1,482,-1
30726,[0.19724643 0.33258172],2,5,"[0.23231087327800656, 0.30304944505444303]",874,-1
30727,[0.32264396 0.33066528],2,1,"[0.3897435781344088, 0.3417040596068965]",1613,-1
30728,[0.53487652 0.64873981],9,2,"[0.5921204552873188, 0.6383928111301557]",1259,-1
30729,[0.71897887 0.72175313],1,4,"[0.7726811996944247, 0.7249303226766757]",352,0
30730,[0.33516208 0.55567726],4,0,"[0.383291892093257, 0.5586820702346661]",1957,-1
30731,[0.46638998 0.35028464],6,-1,-1,531,-1
30732,[0.45008592 0.56919342],3,0,"[0.383291892093257, 0.5586820702346661]",-1,-1
30733,[0.40557339 0.33081735],6,1,"[0.3897435781344088, 0.3417040596068965]",999,-1
30734,[0.42745618 0.32006541],6,1,"[0.3897435781344088, 0.3417040596068965]",-1,-1
30735,[0.25713048 0.35132997],2,5,"[0.23231087327800656, 0.30304944505444303]",-1,-1
30736,[0.32963534 0.34440683],2,1,"[0.3897435781344088, 0.3417040596068965]",1617,-1
30737,[0.36922044 0.46797009],3,-1,-1,1055,-1
30738,[0.2919252  0.25132618],0,9,"[0.3110394802231661, 0.23517199738277297]",-1,-1
30739,[0.55722045 0.49902478],5,6,"[0.5164739970238864, 0.5319253761973344]",845,-1
30740,[0.8210664  0.82572384],1,-1,-1,139,-1
30741,[0.42166312 0.51095628],3,0,"[0.383291892093257, 0.5586820702346661]",1439,-1
30742,[0.35818951 0.2220366 ],0,9,"[0.3110394802231661, 0.23517199738277297]",485,-1
30743,[0.3567646 0.5099821],4,0,"[0.383291892093257, 0.5586820702346661]",-1,-1
30744,[0.29804046 0.581769  ],4,7,"[0.2817018170798153, 0.5849768676672948]",-1,-1
30745,[0.67899007 0.64384391],9,-1,-1,-1,-1
30746,[0.59303599 0.54211143],5,-1,-1,1291,-1
30747,[0.382954 0.540317],7,0,"[0.383291892093257, 0.5586820702346661]",1812,-1
30748,[0.79219746 0.78829858],1,4,"[0.7726811996944247, 0.7249303226766757]",-1,0
30749,[0.26677945 0.59481845],7,7,"[0.2817018170798153, 0.5849768676672948]",1655,-1
30750,[0.29073557 0.29084897],2,9,"[0.3110394802231661, 0.23517199738277297]",-1,-1
30751,[0.74786454 0.76697533],1,4,"[0.7726811996944247, 0.7249303226766757]",-1,0
30752,[0.74579927 0.38393495],8,-1,-1,-1,-1
30753,[0.86927086 0.7082558 ],1,-1,-1,-1,0
30754,[0.33961897 0.43665597],6,8,"[0.27392971195344684, 0.45973140540928376]",-1,-1
30755,[0.41171995 0.55176489],3,0,"[0.383291892093257, 0.5586820702346661]",-1,-1
30756,[0.58738013 0.28544893],8,-1,-1,-1,-1
30757,[0.38095442 0.51929135],4,0,"[0.383291892093257, 0.5586820702346661]",1783,-1
30758,[0.3464465  0.31654862],2,1,"[0.3897435781344088, 0.3417040596068965]",1525,-1
30759,[0.36191787 0.61289351],4,0,"[0.383291892093257, 0.5586820702346661]",-1,-1
30760,[0.66742176 0.64871148],1,-1,-1,400,-1
30761,[0.29824162 0.5359976 ],7,7,"[0.2817018170798153, 0.5849768676672948]",1895,-1
30762,[0.86356005 0.73331492],1,-1,-1,-1,0
30763,[0.2773869  0.25975039],0,9,"[0.3110394802231661, 0.23517199738277297]",1606,-1
30764,[0.25487793 0.21796968],0,9,"[0.3110394802231661, 0.23517199738277297]",990,-1
30765,[0.78870539 0.66675743],1,4,"[0.7726811996944247, 0.7249303226766757]",326,0
30766,[0.46637268 0.31710764],6,-1,-1,281,-1
30767,[0.29980783 0.30335145],6,5,"[0.23231087327800656, 0.30304944505444303]",1691,-1
30768,[0.55196148 0.63763212],9,2,"[0.5921204552873188, 0.6383928111301557]",-1,6
30769,[0.16689102 0.26025705],0,-1,-1,-1,-1
30770,[0.57341436 0.67644424],3,2,"[0.5921204552873188, 0.6383928111301557]",-1,-1
30771,[0.39632886 0.27908617],6,1,"[0.3897435781344088, 0.3417040596068965]",1076,-1
30772,[0.55517298 0.68881433],9,2,"[0.5921204552873188, 0.6383928111301557]",-1,-1
30773,[0.43633311 0.39936749],6,-1,-1,426,-1
30774,[0.35957615 0.5061393 ],7,0,"[0.383291892093257, 0.5586820702346661]",1897,-1
30775,[0.38624993 0.61028271],3,0,"[0.383291892093257, 0.5586820702346661]",1720,-1
30776,[0.17896065 0.32714194],0,5,"[0.23231087327800656, 0.30304944505444303]",497,-1
30777,[0.28254865 0.45141925],7,8,"[0.27392971195344684, 0.45973140540928376]",-1,-1
30778,[0.23551391 0.49958899],7,8,"[0.27392971195344684, 0.45973140540928376]",-1,-1
30779,[0.22103709 0.22889288],0,-1,-1,872,-1
30780,[0.6085305  0.66325008],5,2,"[0.5921204552873188, 0.6383928111301557]",1120,-1
30781,[0.41958567 0.53735882],3,0,"[0.383291892093257, 0.5586820702346661]",1713,-1
30782,[0.74960356 0.65177261],1,-1,-1,-1,0
30783,[0.52275866 0.56502437],5,6,"[0.5164739970238864, 0.5319253761973344]",-1,-1
30784,[0.50957412 0.5441619 ],5,6,"[0.5164739970238864, 0.5319253761973344]",1186,3
30785,[0.3108617  0.37872795],6,-1,-1,1423,-1
30786,[0.8832415 0.7142892],1,-1,-1,-1,0
30787,[0.2139723 0.2327177],0,-1,-1,-1,-1
30788,[0.16608997 0.60949973],3,-1,-1,-1,-1
30789,[0.31794911 0.41620812],2,8,"[0.27392971195344684, 0.45973140540928376]",-1,-1
30790,[0.28685381 0.30703621],0,5,"[0.23231087327800656, 0.30304944505444303]",-1,-1
30791,[0.1811464  0.26181799],0,5,"[0.23231087327800656, 0.30304944505444303]",505,-1
30792,[0.63874858 0.66172085],9,2,"[0.5921204552873188, 0.6383928111301557]",646,-1
30793,[0.37347459 0.34832562],6,1,"[0.3897435781344088, 0.3417040596068965]",1245,-1
30794,[0.30198444 0.33163932],2,-1,-1,-1,-1
30795,[0.41681899 0.16337841],6,-1,-1,-1,-1
30796,[0.54607616 0.52280673],5,6,"[0.5164739970238864, 0.5319253761973344]",899,-1
30797,[0.6485449 0.3652999],8,-1,-1,-1,-1
30798,[0.46382726 0.314142  ],6,-1,-1,281,-1
30799,[0.36955802 0.50207813],3,0,"[0.383291892093257, 0.5586820702346661]",-1,-1
30800,[0.59981528 0.48506395],8,-1,-1,-1,-1
30801,[0.50544079 0.5000285 ],5,6,"[0.5164739970238864, 0.5319253761973344]",725,-1
30802,[0.34754184 0.29685442],6,1,"[0.3897435781344088, 0.3417040596068965]",-1,-1
30803,[0.81014636 0.68825388],1,4,"[0.7726811996944247, 0.7249303226766757]",362,0
30804,[0.38096225 0.24115309],6,-1,-1,-1,-1
30805,[0.67895431 0.45709214],8,3,"[0.6815204869410737, 0.47689852788858716]",735,-1
30806,[0.27587033 0.57961756],7,7,"[0.2817018170798153, 0.5849768676672948]",1670,-1
30807,[0.60181135 0.64984344],5,2,"[0.5921204552873188, 0.6383928111301557]",1321,-1
30808,[0.3594881 0.3649362],6,1,"[0.3897435781344088, 0.3417040596068965]",-1,-1
30809,[0.74722136 0.48403659],8,3,"[0.6815204869410737, 0.47689852788858716]",-1,-1
30810,[0.25616149 0.41653196],2,8,"[0.27392971195344684, 0.45973140540928376]",-1,-1
30811,[0.42026294 0.53965267],5,0,"[0.383291892093257, 0.5586820702346661]",1713,-1
30812,[0.28227804 0.53836652],3,7,"[0.2817018170798153, 0.5849768676672948]",1894,-1
30813,[0.73889342 0.72122774],9,4,"[0.7726811996944247, 0.7249303226766757]",-1,0
30814,[0.51838253 0.57800794],5,6,"[0.5164739970238864, 0.5319253761973344]",1384,-1
30815,[0.60716044 0.52056301],8,-1,-1,1102,-1
30816,[0.254381   0.49259595],7,8,"[0.27392971195344684, 0.45973140540928376]",-1,-1
30817,[0.66014912 0.51818806],8,3,"[0.6815204869410737, 0.47689852788858716]",782,-1
30818,[0.63992314 0.62312762],9,2,"[0.5921204552873188, 0.6383928111301557]",1154,-1
30819,[0.24977446 0.5508973 ],3,7,"[0.2817018170798153, 0.5849768676672948]",-1,-1
30820,[0.46102983 0.40453537],3,-1,-1,207,-1
30821,[0.7476318  0.46642893],8,3,"[0.6815204869410737, 0.47689852788858716]",513,-1
30822,[0.30488919 0.53021561],4,7,"[0.2817018170798153, 0.5849768676672948]",-1,-1
30823,[0.35381201 0.38067888],2,1,"[0.3897435781344088, 0.3417040596068965]",1078,-1
30824,[0.15410027 0.25209778],0,-1,-1,-1,-1
30825,[0.70640214 0.43719478],8,3,"[0.6815204869410737, 0.47689852788858716]",-1,-1
30826,[0.3176498 0.3260127],2,-1,-1,-1,-1
30827,[0.39641692 0.3730055 ],6,1,"[0.3897435781344088, 0.3417040596068965]",-1,-1
30828,[0.24132694 0.53513678],4,7,"[0.2817018170798153, 0.5849768676672948]",-1,-1
30829,[0.28556738 0.27094173],2,9,"[0.3110394802231661, 0.23517199738277297]",-1,-1
30830,[0.57391052 0.58655658],9,2,"[0.5921204552873188, 0.6383928111301557]",-1,6
30831,[0.42318019 0.35079984],6,1,"[0.3897435781344088, 0.3417040596068965]",-1,-1
30832,[0.28279393 0.56195801],7,7,"[0.2817018170798153, 0.5849768676672948]",-1,13
30833,[0.33441381 0.2964955 ],6,9,"[0.3110394802231661, 0.23517199738277297]",-1,-1
30834,[0.34858707 0.20786453],0,9,"[0.3110394802231661, 0.23517199738277297]",-1,-1
30835,[0.40448604 0.26463682],6,-1,-1,842,-1
30836,[0.87020531 0.71474679],1,-1,-1,-1,0
30837,[0.37792058 0.24532209],6,9,"[0.3110394802231661, 0.23517199738277297]",-1,-1
30838,[0.84192777 0.6724819 ],1,-1,-1,-1,0
30839,[0.26616423 0.19489671],0,9,"[0.3110394802231661, 0.23517199738277297]",-1,-1
30840,[0.81012944 0.68588223],1,4,"[0.7726811996944247, 0.7249303226766757]",362,0
30841,[0.44443553 0.52873399],5,0,"[0.383291892093257, 0.5586820702346661]",-1,-1
30842,[0.40885313 0.5196355 ],3,0,"[0.383291892093257, 0.5586820702346661]",-1,-1
30843,[0.3620106  0.31023809],2,1,"[0.3897435781344088, 0.3417040596068965]",1540,-1
30844,[0.21995297 0.43699468],7,8,"[0.27392971195344684, 0.45973140540928376]",-1,-1
30845,[0.40485653 0.57297661],9,0,"[0.383291892093257, 0.5586820702346661]",1737,-1
30846,[0.5448013  0.65273046],9,2,"[0.5921204552873188, 0.6383928111301557]",1056,-1
30847,[0.81763043 0.7912104 ],1,-1,-1,191,0
30848,[0.36800579 0.39696365],6,1,"[0.3897435781344088, 0.3417040596068965]",-1,-1
30849,[0.36072683 0.27338825],0,9,"[0.3110394802231661, 0.23517199738277297]",1156,-1
30850,[0.59134281 0.49906303],8,-1,-1,-1,-1
30851,[0.53665699 0.6120522 ],5,2,"[0.5921204552873188, 0.6383928111301557]",-1,-1
30852,[0.34218383 0.56262836],4,0,"[0.383291892093257, 0.5586820702346661]",1902,-1
30853,[0.36505096 0.63683486],3,-1,-1,-1,-1
30854,[0.74349191 0.67895236],1,4,"[0.7726811996944247, 0.7249303226766757]",-1,0
30855,[0.63811957 0.71099758],9,-1,-1,283,-1
30856,[0.54993626 0.60882168],5,2,"[0.5921204552873188, 0.6383928111301557]",1341,-1
30857,[0.71357835 0.55213295],8,-1,-1,563,-1
30858,[0.79750169 0.79504533],1,-1,-1,-1,0
30859,[0.20972469 0.5941409 ],4,-1,-1,181,-1
30860,[0.41924118 0.58179303],5,0,"[0.383291892093257, 0.5586820702346661]",-1,-1
30861,[0.25882428 0.62104676],4,7,"[0.2817018170798153, 0.5849768676672948]",496,-1
30862,[0.34551291 0.5622505 ],4,0,"[0.383291892093257, 0.5586820702346661]",-1,-1
30863,[0.56853756 0.58312406],9,2,"[0.5921204552873188, 0.6383928111301557]",1457,6
30864,[0.52644711 0.5370573 ],5,6,"[0.5164739970238864, 0.5319253761973344]",1177,-1
30865,[0.28991487 0.60472538],4,7,"[0.2817018170798153, 0.5849768676672948]",1693,-1
30866,[0.26037913 0.53489393],3,7,"[0.2817018170798153, 0.5849768676672948]",-1,-1
30867,[0.50287361 0.70796532],5,-1,-1,-1,-1
30868,[0.78620279 0.77751471],1,4,"[0.7726811996944247, 0.7249303226766757]",-1,0
30869,[0.2912368 0.1831349],0,9,"[0.3110394802231661, 0.23517199738277297]",425,-1
30870,[0.64096187 0.69057704],9,-1,-1,488,-1
30871,[0.45761706 0.71771623],3,-1,-1,-1,-1
30872,[0.65174805 0.61354994],9,2,"[0.5921204552873188, 0.6383928111301557]",1072,-1
30873,[0.67186542 0.40821329],8,3,"[0.6815204869410737, 0.47689852788858716]",592,-1
30874,[0.37940939 0.36157826],6,1,"[0.3897435781344088, 0.3417040596068965]",-1,-1
30875,[0.28418457 0.50398331],4,8,"[0.27392971195344684, 0.45973140540928376]",1742,-1
30876,[0.56951347 0.52363181],8,6,"[0.5164739970238864, 0.5319253761973344]",1198,-1
30877,[0.5233705  0.23724836],6,-1,-1,-1,-1
30878,[0.62397761 0.70319005],5,-1,-1,287,-1
30879,[0.24804198 0.32668698],2,5,"[0.23231087327800656, 0.30304944505444303]",1502,7
30880,[0.52637663 0.35750078],6,-1,-1,-1,-1
30881,[0.18704063 0.19032781],0,-1,-1,165,-1
30882,[0.78460392 0.73141883],1,4,"[0.7726811996944247, 0.7249303226766757]",-1,0
30883,[0.69294593 0.56760654],8,-1,-1,235,-1
30884,[0.27930297 0.21442391],0,9,"[0.3110394802231661, 0.23517199738277297]",1355,-1
30885,[0.6073184  0.55286725],8,-1,-1,1293,-1
30886,[0.35368964 0.30375172],2,1,"[0.3897435781344088, 0.3417040596068965]",-1,-1
30887,[0.40520478 0.53638924],3,0,"[0.383291892093257, 0.5586820702346661]",1643,-1
30888,[0.22751153 0.26731108],0,5,"[0.23231087327800656, 0.30304944505444303]",-1,-1
30889,[0.63567671 0.39147489],8,-1,-1,-1,-1
30890,[0.17893479 0.22295744],0,-1,-1,-1,-1
30891,[0.38369155 0.19924378],0,-1,-1,-1,-1
30892,[0.31907635 0.325926  ],0,-1,-1,1671,-1
30893,[0.34495959 0.34814208],6,1,"[0.3897435781344088, 0.3417040596068965]",1352,-1
30894,[0.57790601 0.57167795],8,2,"[0.5921204552873188, 0.6383928111301557]",1447,-1
30895,[0.27932933 0.48172731],7,8,"[0.27392971195344684, 0.45973140540928376]",1728,-1
30896,[0.50297771 0.48949435],5,6,"[0.5164739970238864, 0.5319253761973344]",605,-1
30897,[0.76219934 0.80346934],1,-1,-1,296,0
30898,[0.2724862  0.63874303],4,7,"[0.2817018170798153, 0.5849768676672948]",192,-1
30899,[0.65884738 0.73170712],1,-1,-1,195,0
30900,[0.64463742 0.47584594],8,3,"[0.6815204869410737, 0.47689852788858716]",824,1
30901,[0.30714376 0.20437711],0,9,"[0.3110394802231661, 0.23517199738277297]",652,-1
30902,[0.3956771 0.2288325],6,-1,-1,204,-1
30903,[0.33680324 0.49773531],7,-1,-1,1880,-1
30904,[0.33486787 0.49094265],3,8,"[0.27392971195344684, 0.45973140540928376]",1827,-1
30905,[0.75921223 0.87914327],1,-1,-1,-1,-1
30906,[0.31173493 0.38383523],6,-1,-1,1420,-1
30907,[0.63513982 0.44667711],8,3,"[0.6815204869410737, 0.47689852788858716]",-1,-1
30908,[0.52582262 0.43697075],5,-1,-1,146,-1
30909,[0.46400823 0.4185248 ],5,-1,-1,-1,-1
30910,[0.34935336 0.39395618],6,1,"[0.3897435781344088, 0.3417040596068965]",-1,-1
30911,[0.31557377 0.28971461],2,9,"[0.3110394802231661, 0.23517199738277297]",1580,-1
30912,[0.39155409 0.45725333],6,-1,-1,584,-1
30913,[0.64755943 0.47731642],8,3,"[0.6815204869410737, 0.47689852788858716]",824,1
30914,[0.36377735 0.53197339],4,0,"[0.383291892093257, 0.5586820702346661]",1934,-1
30915,[0.63977268 0.47642052],8,3,"[0.6815204869410737, 0.47689852788858716]",823,-1
30916,[0.61691679 0.59851991],9,2,"[0.5921204552873188, 0.6383928111301557]",-1,-1
30917,[0.43118243 0.52764013],4,0,"[0.383291892093257, 0.5586820702346661]",-1,-1
30918,[0.77801201 0.71100049],1,4,"[0.7726811996944247, 0.7249303226766757]",477,0
30919,[0.43573366 0.57193712],3,0,"[0.383291892093257, 0.5586820702346661]",1164,-1
30920,[0.20371601 0.34423405],2,5,"[0.23231087327800656, 0.30304944505444303]",944,-1
30921,[0.260329   0.44245308],7,8,"[0.27392971195344684, 0.45973140540928376]",-1,-1
30922,[0.26486426 0.19484285],0,9,"[0.3110394802231661, 0.23517199738277297]",746,-1
30923,[0.46727298 0.55788567],4,6,"[0.5164739970238864, 0.5319253761973344]",-1,-1
30924,[0.65557036 0.76169754],1,-1,-1,-1,-1
30925,[0.26889906 0.49861843],4,8,"[0.27392971195344684, 0.45973140540928376]",-1,-1
30926,[0.63022324 0.58203661],9,2,"[0.5921204552873188, 0.6383928111301557]",-1,-1
30927,[0.43422842 0.55408753],3,0,"[0.383291892093257, 0.5586820702346661]",1294,-1
30928,[0.69606421 0.54691865],8,-1,-1,-1,-1
30929,[0.5866767  0.60585077],9,2,"[0.5921204552873188, 0.6383928111301557]",-1,-1
30930,[0.54856754 0.6301508 ],3,2,"[0.5921204552873188, 0.6383928111301557]",1263,-1
30931,[0.22943641 0.50858794],7,8,"[0.27392971195344684, 0.45973140540928376]",924,-1
30932,[0.61444832 0.66741447],9,2,"[0.5921204552873188, 0.6383928111301557]",1112,-1
30933,[0.26414544 0.27609195],0,5,"[0.23231087327800656, 0.30304944505444303]",1534,-1
30934,[0.75363322 0.6881927 ],1,4,"[0.7726811996944247, 0.7249303226766757]",432,0
30935,[0.28411337 0.33987048],2,5,"[0.23231087327800656, 0.30304944505444303]",-1,-1
30936,[0.17845812 0.24454633],0,-1,-1,-1,-1
30937,[0.3956843 0.4408122],7,-1,-1,567,-1
30938,[0.422147   0.50485212],5,0,"[0.383291892093257, 0.5586820702346661]",-1,-1
30939,[0.30147738 0.2734664 ],0,9,"[0.3110394802231661, 0.23517199738277297]",-1,-1
30940,[0.2201136  0.51963895],4,-1,-1,1090,-1
30941,[0.39590429 0.49211539],4,0,"[0.383291892093257, 0.5586820702346661]",-1,-1
30942,[0.5447908  0.54676881],9,6,"[0.5164739970238864, 0.5319253761973344]",-1,6
30943,[0.36321273 0.27001087],6,9,"[0.3110394802231661, 0.23517199738277297]",1156,-1
30944,[0.38808452 0.50927891],3,0,"[0.383291892093257, 0.5586820702346661]",-1,-1
30945,[0.47034025 0.50550599],3,6,"[0.5164739970238864, 0.5319253761973344]",753,-1
30946,[0.57981534 0.58345635],9,2,"[0.5921204552873188, 0.6383928111301557]",-1,6
30947,[0.32690882 0.44013989],2,8,"[0.27392971195344684, 0.45973140540928376]",941,-1
30948,[0.21585622 0.43302045],2,8,"[0.27392971195344684, 0.45973140540928376]",-1,-1
30949,[0.61750798 0.6826645 ],9,2,"[0.5921204552873188, 0.6383928111301557]",662,-1
30950,[0.24979359 0.33092643],2,5,"[0.23231087327800656, 0.30304944505444303]",1502,7
30951,[0.60244551 0.63905213],5,2,"[0.5921204552873188, 0.6383928111301557]",1332,-1
30952,[0.22962485 0.33972271],7,5,"[0.23231087327800656, 0.30304944505444303]",1522,-1
30953,[0.30841555 0.62000329],4,7,"[0.2817018170798153, 0.5849768676672948]",-1,-1
30954,[0.80727082 0.76415601],1,4,"[0.7726811996944247, 0.7249303226766757]",-1,0
30955,[0.23366922 0.52430951],4,-1,-1,1477,-1
30956,[0.47868712 0.69503972],9,-1,-1,143,-1
30957,[0.30501787 0.58778615],4,7,"[0.2817018170798153, 0.5849768676672948]",1820,-1
30958,[0.24256956 0.39087806],2,-1,-1,-1,-1
30959,[0.268108   0.56343808],3,7,"[0.2817018170798153, 0.5849768676672948]",-1,-1
30960,[0.53398896 0.46282958],5,-1,-1,556,-1
30961,[0.25705565 0.26949161],0,5,"[0.23231087327800656, 0.30304944505444303]",-1,-1
30962,[0.78746351 0.66178787],1,4,"[0.7726811996944247, 0.7249303226766757]",326,0
30963,[0.70097885 0.45190949],8,3,"[0.6815204869410737, 0.47689852788858716]",594,-1
30964,[0.34452123 0.26956976],0,9,"[0.3110394802231661, 0.23517199738277297]",1119,-1
30965,[0.52241124 0.54690807],5,6,"[0.5164739970238864, 0.5319253761973344]",-1,-1
30966,[0.7426109  0.41291001],8,-1,-1,316,-1
30967,[0.73389898 0.67384643],1,4,"[0.7726811996944247, 0.7249303226766757]",-1,0
30968,[0.38143693 0.60205206],7,0,"[0.383291892093257, 0.5586820702346661]",1753,-1
30969,[0.32767189 0.60592779],3,7,"[0.2817018170798153, 0.5849768676672948]",1544,-1
30970,[0.40246198 0.64759764],3,-1,-1,589,-1
30971,[0.51434743 0.534699  ],5,6,"[0.5164739970238864, 0.5319253761973344]",-1,3
30972,[0.24241735 0.2643355 ],2,5,"[0.23231087327800656, 0.30304944505444303]",-1,-1
30973,[0.42513737 0.54415811],3,0,"[0.383291892093257, 0.5586820702346661]",-1,-1
30974,[0.69214273 0.70776754],1,-1,-1,343,0
30975,[0.59205706 0.6526796 ],9,2,"[0.5921204552873188, 0.6383928111301557]",-1,-1
30976,[0.26531962 0.20237869],0,9,"[0.3110394802231661, 0.23517199738277297]",688,-1
30977,[0.50310617 0.60044656],9,6,"[0.5164739970238864, 0.5319253761973344]",1063,-1
30978,[0.50496339 0.56134204],9,6,"[0.5164739970238864, 0.5319253761973344]",1322,-1
30979,[0.36002011 0.39133814],6,1,"[0.3897435781344088, 0.3417040596068965]",-1,-1
30980,[0.26089698 0.14064793],0,-1,-1,-1,-1
30981,[0.25239149 0.47017431],7,8,"[0.27392971195344684, 0.45973140540928376]",-1,-1
30982,[0.46178447 0.48996679],5,6,"[0.5164739970238864, 0.5319253761973344]",666,-1
30983,[0.26979866 0.5705989 ],7,7,"[0.2817018170798153, 0.5849768676672948]",-1,-1
30984,[0.60562927 0.63909698],9,2,"[0.5921204552873188, 0.6383928111301557]",1332,-1
30985,[0.43571995 0.54187994],3,0,"[0.383291892093257, 0.5586820702346661]",-1,-1
30986,[0.40203728 0.43065846],2,-1,-1,363,-1
30987,[0.30483035 0.54332132],7,7,"[0.2817018170798153, 0.5849768676672948]",-1,-1
30988,[0.69108616 0.46430473],8,3,"[0.6815204869410737, 0.47689852788858716]",806,-1
30989,[0.58355498 0.49063122],8,-1,-1,632,-1
30990,[0.52291301 0.6204005 ],9,-1,-1,1146,-1
30991,[0.30866126 0.35893328],6,-1,-1,1632,-1
30992,[0.26921178 0.27031086],0,5,"[0.23231087327800656, 0.30304944505444303]",1635,-1
30993,[0.38948588 0.63004997],3,-1,-1,-1,-1
30994,[0.57144684 0.67609796],9,2,"[0.5921204552873188, 0.6383928111301557]",1034,-1
30995,[0.85753558 0.80463647],1,-1,-1,-1,-1
30996,[0.49464392 0.60784793],9,-1,-1,918,-1
30997,[0.30025968 0.49022538],7,8,"[0.27392971195344684, 0.45973140540928376]",-1,-1
30998,[0.68129415 0.58868469],1,-1,-1,267,-1
30999,[0.4158021  0.24165956],6,-1,-1,-1,-1
31000,[0.51245244 0.61210465],5,-1,-1,1144,-1
31001,[0.89623351 0.72334162],1,-1,-1,-1,-1
31002,[0.23297106 0.37960091],3,-1,-1,912,-1
31003,[0.21910763 0.43803151],2,8,"[0.27392971195344684, 0.45973140540928376]",-1,-1
31004,[0.37183073 0.47409712],3,-1,-1,1211,-1
31005,[0.8301905  0.64987251],1,-1,-1,170,0
31006,[0.57927763 0.59816622],5,2,"[0.5921204552873188, 0.6383928111301557]",1443,6
31007,[0.61554694 0.51740205],5,-1,-1,-1,-1
31008,[0.5807552  0.56772487],9,-1,-1,-1,-1
31009,[0.32101566 0.58863379],3,7,"[0.2817018170798153, 0.5849768676672948]",-1,-1
31010,[0.45875327 0.60719866],5,-1,-1,-1,-1
31011,[0.30820109 0.49656879],7,8,"[0.27392971195344684, 0.45973140540928376]",-1,-1
31012,[0.36679315 0.67535112],3,-1,-1,-1,-1
31013,[0.9400121  0.76581574],1,-1,-1,-1,-1
31014,[0.28032553 0.4687199 ],7,8,"[0.27392971195344684, 0.45973140540928376]",1404,-1
31015,[0.34147407 0.27740396],2,9,"[0.3110394802231661, 0.23517199738277297]",1118,-1
31016,[0.29009046 0.54426549],7,7,"[0.2817018170798153, 0.5849768676672948]",1907,-1
31017,[0.35672684 0.35701137],6,1,"[0.3897435781344088, 0.3417040596068965]",-1,-1
31018,[0.54579326 0.55032394],9,6,"[0.5164739970238864, 0.5319253761973344]",-1,6
31019,[0.195326   0.24039565],0,-1,-1,897,-1
31020,[0.32908761 0.43637209],7,8,"[0.27392971195344684, 0.45973140540928376]",940,-1
31021,[0.43243204 0.58323366],3,0,"[0.383291892093257, 0.5586820702346661]",-1,-1
31022,[0.43689778 0.46928676],7,-1,-1,-1,-1
31023,[0.78290321 0.46875145],8,-1,-1,-1,-1
31024,[0.60737942 0.74566156],1,-1,-1,-1,-1
31025,[0.37109978 0.22238181],0,9,"[0.3110394802231661, 0.23517199738277297]",484,-1
31026,[0.17930887 0.55030199],7,-1,-1,96,-1
31027,[0.69587747 0.561483  ],8,-1,-1,-1,-1
31028,[0.35026427 0.28950484],6,1,"[0.3897435781344088, 0.3417040596068965]",-1,-1
31029,[0.48458179 0.46783587],5,-1,-1,278,-1
31030,[0.43059841 0.50194115],4,-1,-1,914,-1
31031,[0.45537353 0.61930442],9,-1,-1,703,-1
31032,[0.30866011 0.26542153],6,9,"[0.3110394802231661, 0.23517199738277297]",1512,-1
31033,[0.30463435 0.23517127],0,9,"[0.3110394802231661, 0.23517199738277297]",1492,-1
31034,[0.30206822 0.34073788],2,-1,-1,1625,8
31035,[0.38916791 0.3303972 ],6,1,"[0.3897435781344088, 0.3417040596068965]",-1,-1
31036,[0.24841529 0.20860131],0,9,"[0.3110394802231661, 0.23517199738277297]",990,-1
31037,[0.61252204 0.46300118],8,-1,-1,-1,-1
31038,[0.27500363 0.52610021],7,7,"[0.2817018170798153, 0.5849768676672948]",-1,-1
31039,[0.46820729 0.33712678],6,-1,-1,529,-1
31040,[0.23445501 0.57184018],4,7,"[0.2817018170798153, 0.5849768676672948]",1358,-1
31041,[0.40873006 0.36142831],6,1,"[0.3897435781344088, 0.3417040596068965]",980,-1
31042,[0.534662   0.51981103],5,6,"[0.5164739970238864, 0.5319253761973344]",1173,-1
31043,[0.30155922 0.37473635],6,-1,-1,-1,-1
31044,[0.73258722 0.68597927],1,4,"[0.7726811996944247, 0.7249303226766757]",-1,0
31045,[0.28074263 0.20470234],0,9,"[0.3110394802231661, 0.23517199738277297]",648,-1
31046,[0.82270512 0.73509299],1,4,"[0.7726811996944247, 0.7249303226766757]",-1,0
31047,[0.80902225 0.76411579],1,4,"[0.7726811996944247, 0.7249303226766757]",428,0
31048,[0.40512931 0.51755195],3,0,"[0.383291892093257, 0.5586820702346661]",-1,-1
31049,[0.77187321 0.4936705 ],8,-1,-1,-1,-1
31050,[0.31520291 0.44442984],4,8,"[0.27392971195344684, 0.45973140540928376]",1080,-1
31051,[0.31650576 0.35557153],2,-1,-1,-1,-1
31052,[0.55907716 0.56314678],5,6,"[0.5164739970238864, 0.5319253761973344]",1406,6
31053,[0.43588122 0.19870306],6,-1,-1,-1,-1
31054,[0.41781667 0.61169894],3,0,"[0.383291892093257, 0.5586820702346661]",1473,-1
31055,[0.34142191 0.49872517],3,-1,-1,-1,-1
31056,[0.44892692 0.6265754 ],3,-1,-1,-1,-1
31057,[0.5382227  0.64020153],5,2,"[0.5921204552873188, 0.6383928111301557]",1256,-1
31058,[0.73222256 0.78599632],1,-1,-1,-1,0
31059,[0.39000728 0.54033043],3,0,"[0.383291892093257, 0.5586820702346661]",1808,-1
31060,[0.72483964 0.50539587],8,3,"[0.6815204869410737, 0.47689852788858716]",574,-1
31061,[0.37872535 0.51958718],7,0,"[0.383291892093257, 0.5586820702346661]",-1,-1
31062,[0.33732537 0.33297961],2,1,"[0.3897435781344088, 0.3417040596068965]",-1,-1
31063,[0.28435936 0.33729595],2,5,"[0.23231087327800656, 0.30304944505444303]",1598,-1
31064,[0.37109873 0.31493039],2,1,"[0.3897435781344088, 0.3417040596068965]",1546,-1
31065,[0.65600631 0.63023153],9,2,"[0.5921204552873188, 0.6383928111301557]",-1,-1
31066,[0.81681196 0.77988788],1,-1,-1,254,0
31067,[0.61281372 0.62286127],9,2,"[0.5921204552873188, 0.6383928111301557]",1335,-1
31068,[0.59520506 0.58500737],9,2,"[0.5921204552873188, 0.6383928111301557]",1326,5
31069,[0.34900366 0.29563257],0,1,"[0.3897435781344088, 0.3417040596068965]",1667,-1
31070,[0.41264007 0.63644468],3,-1,-1,1046,-1
31071,[0.32433153 0.28316937],6,9,"[0.3110394802231661, 0.23517199738277297]",1520,-1
31072,[0.50843191 0.42821451],5,-1,-1,-1,-1
31073,[0.32647827 0.6360332 ],3,7,"[0.2817018170798153, 0.5849768676672948]",677,-1
31074,[0.28550484 0.2679553 ],2,9,"[0.3110394802231661, 0.23517199738277297]",1627,-1
31075,[0.62002927 0.71880815],9,-1,-1,212,-1
31076,[0.2733969  0.51839545],7,8,"[0.27392971195344684, 0.45973140540928376]",1887,-1
31077,[0.67442529 0.42017021],8,3,"[0.6815204869410737, 0.47689852788858716]",612,-1
31078,[0.4392708  0.59449968],3,0,"[0.383291892093257, 0.5586820702346661]",-1,-1
31079,[0.54264305 0.65462316],9,2,"[0.5921204552873188, 0.6383928111301557]",1056,-1
31080,[0.32297838 0.28185032],6,9,"[0.3110394802231661, 0.23517199738277297]",-1,-1
31081,[0.45210155 0.62279136],3,-1,-1,-1,-1
31082,[0.32984868 0.3006018 ],2,9,"[0.3110394802231661, 0.23517199738277297]",1659,-1
31083,[0.57786295 0.47615775],8,-1,-1,772,-1
31084,[0.25694036 0.21274623],0,9,"[0.3110394802231661, 0.23517199738277297]",991,-1
31085,[0.33138342 0.5413968 ],3,0,"[0.383291892093257, 0.5586820702346661]",1949,-1
31086,[0.24246646 0.36299542],2,5,"[0.23231087327800656, 0.30304944505444303]",-1,-1
31087,[0.87553321 0.69975111],1,-1,-1,-1,-1
31088,[0.38288659 0.55199404],3,0,"[0.383291892093257, 0.5586820702346661]",1816,-1
31089,[0.74441808 0.48717225],8,3,"[0.6815204869410737, 0.47689852788858716]",-1,-1
31090,[0.48027728 0.71405068],5,-1,-1,-1,-1
31091,[0.32871739 0.43412817],7,8,"[0.27392971195344684, 0.45973140540928376]",940,-1
31092,[0.37832699 0.32454255],6,1,"[0.3897435781344088, 0.3417040596068965]",1476,-1
31093,[0.3388504 0.6285505],3,-1,-1,-1,-1
31094,[0.4653625  0.46450693],5,-1,-1,291,-1
31095,[0.37110053 0.67333672],3,-1,-1,-1,-1
31096,[0.68297538 0.72308551],1,-1,-1,236,0
31097,[0.82735714 0.73097409],1,4,"[0.7726811996944247, 0.7249303226766757]",-1,0
31098,[0.64120598 0.51688452],8,3,"[0.6815204869410737, 0.47689852788858716]",-1,-1
31099,[0.4220964  0.56523316],3,0,"[0.383291892093257, 0.5586820702346661]",-1,-1
31100,[0.58297757 0.6582563 ],5,2,"[0.5921204552873188, 0.6383928111301557]",1124,-1
31101,[0.28430691 0.56635321],4,7,"[0.2817018170798153, 0.5849768676672948]",1903,-1
31102,[0.3503716  0.57192499],7,0,"[0.383291892093257, 0.5586820702346661]",-1,-1
31103,[0.26960745 0.35305378],0,5,"[0.23231087327800656, 0.30304944505444303]",-1,-1
31104,[0.1721288 0.4927463],7,-1,-1,-1,-1
31105,[0.22735625 0.35009648],0,5,"[0.23231087327800656, 0.30304944505444303]",1129,-1
31106,[0.79964238 0.74950817],1,4,"[0.7726811996944247, 0.7249303226766757]",450,0
31107,[0.35573283 0.27050287],0,9,"[0.3110394802231661, 0.23517199738277297]",1156,-1
31108,[0.5457546  0.47628501],5,6,"[0.5164739970238864, 0.5319253761973344]",756,-1
31109,[0.80419878 0.75763341],1,4,"[0.7726811996944247, 0.7249303226766757]",-1,0
31110,[0.56482874 0.66586938],9,2,"[0.5921204552873188, 0.6383928111301557]",1033,-1
31111,[0.34346907 0.45947445],7,8,"[0.27392971195344684, 0.45973140540928376]",1387,-1
31112,[0.31607446 0.4834303 ],7,8,"[0.27392971195344684, 0.45973140540928376]",1869,-1
31113,[0.31884666 0.60195662],4,7,"[0.2817018170798153, 0.5849768676672948]",-1,-1
31114,[0.30426125 0.47766812],3,8,"[0.27392971195344684, 0.45973140540928376]",-1,-1
31115,[0.21252585 0.56369534],4,-1,-1,486,-1
31116,[0.78784764 0.70974325],1,4,"[0.7726811996944247, 0.7249303226766757]",-1,0
31117,[0.54519747 0.48429218],5,6,"[0.5164739970238864, 0.5319253761973344]",-1,-1
31118,[0.22251821 0.45772826],7,8,"[0.27392971195344684, 0.45973140540928376]",-1,-1
31119,[0.43209724 0.29955512],6,1,"[0.3897435781344088, 0.3417040596068965]",-1,-1
31120,[0.31117705 0.69256478],4,-1,-1,48,-1
31121,[0.80910107 0.72639209],1,4,"[0.7726811996944247, 0.7249303226766757]",456,0
31122,[0.28797562 0.38076317],2,-1,-1,1099,-1
31123,[0.40615202 0.61191682],5,0,"[0.383291892093257, 0.5586820702346661]",1696,-1
31124,[0.32528021 0.16354434],2,-1,-1,-1,-1
31125,[0.61459932 0.64187675],9,2,"[0.5921204552873188, 0.6383928111301557]",-1,-1
31126,[0.34109477 0.25672109],0,9,"[0.3110394802231661, 0.23517199738277297]",958,-1
31127,[0.67966065 0.54535115],8,3,"[0.6815204869410737, 0.47689852788858716]",672,-1
31128,[0.73244573 0.67036353],1,4,"[0.7726811996944247, 0.7249303226766757]",356,0
31129,[0.23516205 0.32942671],2,5,"[0.23231087327800656, 0.30304944505444303]",-1,-1
31130,[0.46556215 0.49024554],3,6,"[0.5164739970238864, 0.5319253761973344]",-1,-1
31131,[0.69168083 0.444264  ],8,3,"[0.6815204869410737, 0.47689852788858716]",-1,-1
31132,[0.30210285 0.44876364],7,8,"[0.27392971195344684, 0.45973140540928376]",-1,-1
31133,[0.62635664 0.49915386],8,3,"[0.6815204869410737, 0.47689852788858716]",-1,-1
31134,[0.30543357 0.41281911],7,8,"[0.27392971195344684, 0.45973140540928376]",928,-1
31135,[0.37725251 0.53663432],3,0,"[0.383291892093257, 0.5586820702346661]",-1,-1
31136,[0.5940614  0.50142808],5,-1,-1,-1,-1
31137,[0.38872164 0.47213274],4,-1,-1,582,-1
31138,[0.2424655  0.34102669],0,5,"[0.23231087327800656, 0.30304944505444303]",1565,-1
31139,[0.69743619 0.47935342],8,3,"[0.6815204869410737, 0.47689852788858716]",808,-1
31140,[0.3620923  0.33651839],6,1,"[0.3897435781344088, 0.3417040596068965]",1532,-1
31141,[0.33310867 0.18867208],0,9,"[0.3110394802231661, 0.23517199738277297]",256,-1
31142,[0.24939641 0.29778279],2,5,"[0.23231087327800656, 0.30304944505444303]",-1,-1
31143,[0.52815024 0.55418951],5,6,"[0.5164739970238864, 0.5319253761973344]",-1,-1
31144,[0.33054847 0.23021693],0,9,"[0.3110394802231661, 0.23517199738277297]",-1,-1
31145,[0.38740453 0.51227641],3,0,"[0.383291892093257, 0.5586820702346661]",1781,-1
31146,[0.3637197  0.40249027],6,1,"[0.3897435781344088, 0.3417040596068965]",-1,-1
31147,[0.28521778 0.5938812 ],4,7,"[0.2817018170798153, 0.5849768676672948]",1810,-1
31148,[0.26578732 0.49013228],7,8,"[0.27392971195344684, 0.45973140540928376]",-1,-1
31149,[0.40206851 0.39261588],6,1,"[0.3897435781344088, 0.3417040596068965]",762,-1
31150,[0.40542372 0.50411438],3,0,"[0.383291892093257, 0.5586820702346661]",-1,-1
31151,[0.39419232 0.46416868],7,-1,-1,-1,-1
31152,[0.38614067 0.374683  ],6,1,"[0.3897435781344088, 0.3417040596068965]",-1,-1
31153,[0.63403524 0.52966753],9,-1,-1,-1,-1
31154,[0.36150463 0.28941449],6,1,"[0.3897435781344088, 0.3417040596068965]",1542,-1
31155,[0.86372216 0.6131551 ],1,-1,-1,11,-1
31156,[0.57567217 0.39737301],8,-1,-1,115,-1
31157,[0.66321628 0.4644634 ],8,3,"[0.6815204869410737, 0.47689852788858716]",-1,-1
31158,[0.35812205 0.5567289 ],4,0,"[0.383291892093257, 0.5586820702346661]",1823,-1
31159,[0.57961643 0.59194219],9,2,"[0.5921204552873188, 0.6383928111301557]",-1,6
31160,[0.3088129  0.55840019],7,7,"[0.2817018170798153, 0.5849768676672948]",1984,-1
31161,[0.30741661 0.47694321],7,8,"[0.27392971195344684, 0.45973140540928376]",-1,-1
31162,[0.3096022  0.29554018],0,9,"[0.3110394802231661, 0.23517199738277297]",1614,-1
31163,[0.28574975 0.38534103],2,-1,-1,1094,-1
31164,[0.27839835 0.25978322],6,9,"[0.3110394802231661, 0.23517199738277297]",1606,-1
31165,[0.68942981 0.80846276],1,-1,-1,-1,-1
31166,[0.28850656 0.28129621],0,9,"[0.3110394802231661, 0.23517199738277297]",-1,-1
31167,[0.59228612 0.60122601],9,2,"[0.5921204552873188, 0.6383928111301557]",1428,-1
31168,[0.35565043 0.38624353],6,1,"[0.3897435781344088, 0.3417040596068965]",993,-1
31169,[0.37155805 0.40860608],6,1,"[0.3897435781344088, 0.3417040596068965]",-1,-1
31170,[0.32269654 0.48074303],3,8,"[0.27392971195344684, 0.45973140540928376]",1475,-1
31171,[0.32692673 0.37025787],6,1,"[0.3897435781344088, 0.3417040596068965]",1391,-1
31172,[0.36929818 0.33485495],0,1,"[0.3897435781344088, 0.3417040596068965]",1476,-1
31173,[0.25049512 0.17126848],0,-1,-1,148,-1
31174,[0.45170759 0.38802734],6,-1,-1,-1,-1
31175,[0.26048563 0.32702272],2,5,"[0.23231087327800656, 0.30304944505444303]",-1,-1
31176,[0.22125878 0.57472892],4,7,"[0.2817018170798153, 0.5849768676672948]",-1,-1
31177,[0.79970729 0.75625036],1,4,"[0.7726811996944247, 0.7249303226766757]",-1,0
31178,[0.7929324 0.7762416],1,4,"[0.7726811996944247, 0.7249303226766757]",-1,0
31179,[0.74958203 0.63021182],1,-1,-1,-1,0
31180,[0.29296537 0.51044148],7,8,"[0.27392971195344684, 0.45973140540928376]",-1,-1
31181,[0.32896051 0.33774582],0,1,"[0.3897435781344088, 0.3417040596068965]",1616,-1
31182,[0.28379595 0.33428018],2,5,"[0.23231087327800656, 0.30304944505444303]",-1,-1
31183,[0.28374345 0.24519717],0,9,"[0.3110394802231661, 0.23517199738277297]",1602,-1
31184,[0.2247781  0.59628967],7,7,"[0.2817018170798153, 0.5849768676672948]",246,-1
31185,[0.33402571 0.47018633],5,8,"[0.27392971195344684, 0.45973140540928376]",1553,-1
31186,[0.36722948 0.22823189],2,9,"[0.3110394802231661, 0.23517199738277297]",484,-1
31187,[0.42123562 0.4711728 ],4,-1,-1,716,-1
31188,[0.29742191 0.44493432],7,8,"[0.27392971195344684, 0.45973140540928376]",-1,-1
31189,[0.530386   0.49249624],5,6,"[0.5164739970238864, 0.5319253761973344]",1096,-1
31190,[0.24241281 0.44981285],7,8,"[0.27392971195344684, 0.45973140540928376]",932,-1
31191,[0.59156328 0.53406775],5,-1,-1,-1,-1
31192,[0.76633136 0.65180242],1,-1,-1,325,0
31193,[0.35109619 0.57319274],4,0,"[0.383291892093257, 0.5586820702346661]",1859,-1
31194,[0.30258435 0.5121688 ],4,8,"[0.27392971195344684, 0.45973140540928376]",1852,-1
31195,[0.25201566 0.33818497],0,5,"[0.23231087327800656, 0.30304944505444303]",1399,-1
31196,[0.28529377 0.59236438],3,7,"[0.2817018170798153, 0.5849768676672948]",1810,-1
31197,[0.3310322  0.30237605],6,-1,-1,1659,-1
31198,[0.67571779 0.64791289],9,-1,-1,-1,-1
31199,[0.4541841  0.65504493],3,-1,-1,-1,-1
31200,[0.35517883 0.57095554],4,0,"[0.383291892093257, 0.5586820702346661]",-1,-1
31201,[0.45084915 0.52925528],3,6,"[0.5164739970238864, 0.5319253761973344]",1306,-1
31202,[0.72842874 0.74964522],1,4,"[0.7726811996944247, 0.7249303226766757]",420,0
31203,[0.41975524 0.33683902],6,1,"[0.3897435781344088, 0.3417040596068965]",-1,-1
31204,[0.324174   0.35662692],2,1,"[0.3897435781344088, 0.3417040596068965]",-1,-1
31205,[0.40354409 0.62367655],4,0,"[0.383291892093257, 0.5586820702346661]",-1,-1
31206,[0.37448172 0.58540587],4,0,"[0.383291892093257, 0.5586820702346661]",-1,12
31207,[0.51536048 0.60845107],9,-1,-1,-1,-1
31208,[0.65271928 0.51123003],8,3,"[0.6815204869410737, 0.47689852788858716]",781,-1
31209,[0.65080431 0.62271564],9,2,"[0.5921204552873188, 0.6383928111301557]",-1,-1
31210,[0.64102154 0.47868116],8,3,"[0.6815204869410737, 0.47689852788858716]",-1,-1
31211,[0.36378276 0.34466001],6,1,"[0.3897435781344088, 0.3417040596068965]",-1,-1
31212,[0.77330844 0.67271293],1,4,"[0.7726811996944247, 0.7249303226766757]",389,0
31213,[0.44059899 0.52690284],5,0,"[0.383291892093257, 0.5586820702346661]",-1,-1
31214,[0.33888002 0.6460427 ],4,-1,-1,900,-1
31215,[0.57719493 0.57497872],5,2,"[0.5921204552873188, 0.6383928111301557]",-1,-1
31216,[0.60827325 0.58672095],9,2,"[0.5921204552873188, 0.6383928111301557]",-1,-1
31217,[0.65178166 0.45030626],8,3,"[0.6815204869410737, 0.47689852788858716]",801,-1
31218,[0.59595288 0.64119848],9,2,"[0.5921204552873188, 0.6383928111301557]",1166,-1
31219,[0.85511871 0.77491223],1,-1,-1,-1,-1
31220,[0.67204293 0.77197692],1,-1,-1,83,-1
31221,[0.67248123 0.52983334],8,3,"[0.6815204869410737, 0.47689852788858716]",-1,-1
31222,[0.41627878 0.44140707],3,-1,-1,-1,-1
31223,[0.29492754 0.27590351],0,9,"[0.3110394802231661, 0.23517199738277297]",1510,-1
31224,[0.57621016 0.52017415],5,6,"[0.5164739970238864, 0.5319253761973344]",1035,-1
31225,[0.48858047 0.56701066],9,6,"[0.5164739970238864, 0.5319253761973344]",1378,-1
31226,[0.26891912 0.49496895],7,8,"[0.27392971195344684, 0.45973140540928376]",-1,-1
31227,[0.7188114  0.75814514],1,4,"[0.7726811996944247, 0.7249303226766757]",-1,0
31228,[0.70732563 0.70648429],1,4,"[0.7726811996944247, 0.7249303226766757]",-1,0
31229,[0.33235283 0.26767038],6,9,"[0.3110394802231661, 0.23517199738277297]",1030,-1
31230,[0.19437398 0.29692638],0,5,"[0.23231087327800656, 0.30304944505444303]",-1,-1
31231,[0.72415219 0.45921424],8,3,"[0.6815204869410737, 0.47689852788858716]",-1,-1
31232,[0.49161884 0.59108633],5,6,"[0.5164739970238864, 0.5319253761973344]",752,-1
31233,[0.25178772 0.40148636],2,8,"[0.27392971195344684, 0.45973140540928376]",649,-1
31234,[0.25448165 0.26749634],0,5,"[0.23231087327800656, 0.30304944505444303]",1539,-1
31235,[0.34720185 0.27210199],0,9,"[0.3110394802231661, 0.23517199738277297]",-1,-1
31236,[0.65628331 0.50032593],8,3,"[0.6815204869410737, 0.47689852788858716]",816,-1
31237,[0.59575438 0.59886695],9,2,"[0.5921204552873188, 0.6383928111301557]",-1,-1
31238,[0.55225051 0.56116608],5,6,"[0.5164739970238864, 0.5319253761973344]",1406,6
31239,[0.61523624 0.69082308],9,2,"[0.5921204552873188, 0.6383928111301557]",662,-1
31240,[0.69307299 0.71747879],1,-1,-1,343,0
31241,[0.46884142 0.60409153],5,-1,-1,908,-1
31242,[0.33390174 0.4960092 ],3,-1,-1,1880,-1
31243,[0.35211125 0.30196395],6,1,"[0.3897435781344088, 0.3417040596068965]",1529,-1
31244,[0.31367452 0.47995379],4,8,"[0.27392971195344684, 0.45973140540928376]",-1,-1
31245,[0.64756595 0.42599742],8,3,"[0.6815204869410737, 0.47689852788858716]",-1,-1
31246,[0.39883827 0.35154801],6,1,"[0.3897435781344088, 0.3417040596068965]",-1,-1
31247,[0.58811898 0.47648198],5,-1,-1,-1,-1
31248,[0.75950973 0.51194138],8,-1,-1,-1,-1
31249,[0.24079152 0.36478505],6,5,"[0.23231087327800656, 0.30304944505444303]",-1,-1
31250,[0.41446875 0.55788403],3,0,"[0.383291892093257, 0.5586820702346661]",1739,-1
31251,[0.61705822 0.4483788 ],8,-1,-1,621,-1
31252,[0.25146537 0.34271885],6,5,"[0.23231087327800656, 0.30304944505444303]",-1,-1
31253,[0.74688506 0.72398573],1,4,"[0.7726811996944247, 0.7249303226766757]",-1,0
31254,[0.25754064 0.29110139],0,5,"[0.23231087327800656, 0.30304944505444303]",1645,-1
31255,[0.21650368 0.51770093],3,-1,-1,1090,-1
31256,[0.66375994 0.66911011],1,-1,-1,638,-1
31257,[0.50234294 0.58598772],5,6,"[0.5164739970238864, 0.5319253761973344]",1266,-1
31258,[0.52346921 0.6509546 ],3,2,"[0.5921204552873188, 0.6383928111301557]",1199,-1
31259,[0.69289373 0.7039125 ],1,-1,-1,343,0
31260,[0.38434089 0.51253671],3,0,"[0.383291892093257, 0.5586820702346661]",-1,-1
31261,[0.73098743 0.41709927],8,-1,-1,316,-1
31262,[0.34386148 0.53675473],3,0,"[0.383291892093257, 0.5586820702346661]",1965,16
31263,[0.41823932 0.53861204],3,0,"[0.383291892093257, 0.5586820702346661]",1713,-1
31264,[0.63588634 0.78637992],1,-1,-1,-1,-1
31265,[0.5533417  0.53483114],5,6,"[0.5164739970238864, 0.5319253761973344]",-1,-1
31266,[0.26169016 0.34192088],2,5,"[0.23231087327800656, 0.30304944505444303]",-1,-1
31267,[0.2776115  0.39759708],2,8,"[0.27392971195344684, 0.45973140540928376]",-1,-1
31268,[0.3148809  0.60665152],4,7,"[0.2817018170798153, 0.5849768676672948]",1936,-1
31269,[0.52102374 0.53480609],3,6,"[0.5164739970238864, 0.5319253761973344]",1177,3
31270,[0.22703183 0.34266674],0,5,"[0.23231087327800656, 0.30304944505444303]",1521,-1
31271,[0.46233383 0.58581042],3,-1,-1,-1,-1
31272,[0.29881289 0.45505302],7,8,"[0.27392971195344684, 0.45973140540928376]",1374,-1
31273,[0.57281302 0.70587829],9,-1,-1,511,-1
31274,[0.55653849 0.57812515],5,6,"[0.5164739970238864, 0.5319253761973344]",1451,6
31275,[0.76336493 0.51118405],8,-1,-1,-1,-1
31276,[0.5166196  0.52421207],5,6,"[0.5164739970238864, 0.5319253761973344]",1192,-1
31277,[0.33361135 0.38011803],2,1,"[0.3897435781344088, 0.3417040596068965]",-1,-1
31278,[0.34503096 0.2551043 ],0,9,"[0.3110394802231661, 0.23517199738277297]",-1,-1
31279,[0.27857198 0.43747591],7,8,"[0.27392971195344684, 0.45973140540928376]",-1,-1
31280,[0.4103011  0.51815213],3,0,"[0.383291892093257, 0.5586820702346661]",1638,-1
31281,[0.21099989 0.50148068],7,-1,-1,599,-1
31282,[0.33625462 0.22644429],0,9,"[0.3110394802231661, 0.23517199738277297]",-1,-1
31283,[0.5692825  0.50329652],5,6,"[0.5164739970238864, 0.5319253761973344]",852,-1
31284,[0.26080251 0.21983445],0,9,"[0.3110394802231661, 0.23517199738277297]",988,-1
31285,[0.49693927 0.59164213],5,6,"[0.5164739970238864, 0.5319253761973344]",752,-1
31286,[0.58751103 0.53839713],8,-1,-1,1282,-1
31287,[0.65237779 0.42836777],8,3,"[0.6815204869410737, 0.47689852788858716]",783,-1
31288,[0.38239758 0.49394395],4,0,"[0.383291892093257, 0.5586820702346661]",-1,-1
31289,[0.22272458 0.50599089],4,8,"[0.27392971195344684, 0.45973140540928376]",924,-1
31290,[0.40957182 0.32789146],6,1,"[0.3897435781344088, 0.3417040596068965]",999,-1
31291,[0.77608894 0.67469277],1,4,"[0.7726811996944247, 0.7249303226766757]",389,0
31292,[0.60550425 0.42987137],8,-1,-1,284,-1
31293,[0.31513384 0.28604635],0,9,"[0.3110394802231661, 0.23517199738277297]",-1,11
31294,[0.11382352 0.28804861],0,-1,-1,10,-1
31295,[0.28783066 0.58355449],4,7,"[0.2817018170798153, 0.5849768676672948]",1810,-1
31296,[0.49755073 0.54575022],5,6,"[0.5164739970238864, 0.5319253761973344]",-1,-1
31297,[0.42203879 0.52827678],3,0,"[0.383291892093257, 0.5586820702346661]",-1,-1
31298,[0.71180959 0.72265909],1,4,"[0.7726811996944247, 0.7249303226766757]",-1,0
31299,[0.57042513 0.62526061],9,2,"[0.5921204552873188, 0.6383928111301557]",-1,-1
31300,[0.26557702 0.29896213],0,5,"[0.23231087327800656, 0.30304944505444303]",1656,-1
31301,[0.79727101 0.66779413],1,4,"[0.7726811996944247, 0.7249303226766757]",-1,0
31302,[0.18276592 0.51332373],4,-1,-1,167,-1
31303,[0.299648   0.59030424],3,7,"[0.2817018170798153, 0.5849768676672948]",1820,-1
31304,[0.29831543 0.29000685],2,9,"[0.3110394802231661, 0.23517199738277297]",-1,11
31305,[0.41830479 0.52679753],4,0,"[0.383291892093257, 0.5586820702346661]",1470,-1
31306,[0.377517   0.61678989],3,0,"[0.383291892093257, 0.5586820702346661]",1513,-1
31307,[0.63476148 0.72310757],9,-1,-1,-1,-1
31308,[0.73440683 0.47482955],8,3,"[0.6815204869410737, 0.47689852788858716]",-1,-1
31309,[0.40416699 0.30199799],6,1,"[0.3897435781344088, 0.3417040596068965]",-1,-1
31310,[0.31609622 0.49914554],4,8,"[0.27392971195344684, 0.45973140540928376]",-1,-1
31311,[0.70944707 0.4165741 ],8,3,"[0.6815204869410737, 0.47689852788858716]",-1,-1
31312,[0.35152894 0.51612194],4,0,"[0.383291892093257, 0.5586820702346661]",1926,-1
31313,[0.27162265 0.24231599],0,9,"[0.3110394802231661, 0.23517199738277297]",1524,-1
31314,[0.78128884 0.67499324],1,4,"[0.7726811996944247, 0.7249303226766757]",-1,0
31315,[0.81690112 0.82865956],1,-1,-1,139,-1
31316,[0.2578834  0.38215944],2,-1,-1,-1,-1
31317,[0.58241447 0.64361326],9,2,"[0.5921204552873188, 0.6383928111301557]",1189,-1
31318,[0.31477667 0.56971667],4,7,"[0.2817018170798153, 0.5849768676672948]",-1,-1
31319,[0.23344335 0.35242919],2,5,"[0.23231087327800656, 0.30304944505444303]",-1,-1
31320,[0.3346277  0.61322123],4,7,"[0.2817018170798153, 0.5849768676672948]",1544,-1
31321,[0.59933316 0.50252394],8,-1,-1,-1,-1
31322,[0.78868568 0.44757521],8,-1,-1,-1,-1
31323,[0.30165735 0.57110246],4,7,"[0.2817018170798153, 0.5849768676672948]",-1,-1
31324,[0.46005737 0.36775453],6,-1,-1,442,-1
31325,[0.29309597 0.23273717],2,9,"[0.3110394802231661, 0.23517199738277297]",1370,-1
31326,[0.25100801 0.53509774],4,7,"[0.2817018170798153, 0.5849768676672948]",1482,-1
31327,[0.50583242 0.62996656],5,-1,-1,935,-1
31328,[0.49362642 0.61121755],9,-1,-1,918,-1
31329,[0.58343462 0.46520227],5,-1,-1,-1,-1
31330,[0.78224216 0.49660912],8,-1,-1,-1,-1
31331,[0.77754964 0.69404552],1,4,"[0.7726811996944247, 0.7249303226766757]",448,0
31332,[0.44469787 0.61806948],5,-1,-1,707,-1
31333,[0.53316929 0.71738616],9,-1,-1,-1,-1
31334,[0.26609745 0.51930722],4,8,"[0.27392971195344684, 0.45973140540928376]",1582,-1
31335,[0.19684783 0.54203427],7,-1,-1,323,-1
31336,[0.47650367 0.34589899],6,-1,-1,-1,-1
31337,[0.56530069 0.56991038],9,6,"[0.5164739970238864, 0.5319253761973344]",-1,-1
31338,[0.37621877 0.48159993],7,-1,-1,-1,-1
31339,[0.84237791 0.62667174],1,-1,-1,-1,-1
31340,[0.47031851 0.47851329],5,-1,-1,-1,-1
31341,[0.2907738  0.48212323],7,8,"[0.27392971195344684, 0.45973140540928376]",-1,-1
31342,[0.31729124 0.28204538],0,9,"[0.3110394802231661, 0.23517199738277297]",1576,-1
31343,[0.83725517 0.85209627],1,-1,-1,-1,-1
31344,[0.30136409 0.6489852 ],4,7,"[0.2817018170798153, 0.5849768676672948]",590,-1
31345,[0.3695779  0.45384773],6,-1,-1,-1,-1
31346,[0.70229213 0.79383984],1,-1,-1,-1,0
31347,[0.58488528 0.48530221],8,-1,-1,-1,-1
31348,[0.55968961 0.67431895],5,2,"[0.5921204552873188, 0.6383928111301557]",768,-1
31349,[0.38859105 0.43091408],7,-1,-1,-1,-1
31350,[0.29102426 0.35387607],6,-1,-1,1479,-1
31351,[0.40111619 0.38931588],6,1,"[0.3897435781344088, 0.3417040596068965]",762,-1
31352,[0.80239532 0.78151697],1,4,"[0.7726811996944247, 0.7249303226766757]",-1,0
31353,[0.81648818 0.74777868],1,4,"[0.7726811996944247, 0.7249303226766757]",-1,0
31354,[0.56820724 0.61443702],9,2,"[0.5921204552873188, 0.6383928111301557]",1412,-1
31355,[0.75976944 0.47213566],8,-1,-1,186,-1
31356,[0.78525339 0.71323591],1,4,"[0.7726811996944247, 0.7249303226766757]",-1,0
31357,[0.23282831 0.39182203],2,-1,-1,912,-1
31358,[0.38341184 0.36910466],2,1,"[0.3897435781344088, 0.3417040596068965]",-1,-1
31359,[0.56606777 0.44820493],5,-1,-1,-1,-1
31360,[0.25338165 0.60252534],4,7,"[0.2817018170798153, 0.5849768676672948]",514,-1
31361,[0.46096359 0.73036039],9,-1,-1,-1,-1
31362,[0.3733636  0.48507836],7,-1,-1,-1,-1
31363,[0.61847137 0.60016314],5,2,"[0.5921204552873188, 0.6383928111301557]",-1,-1
31364,[0.59995668 0.67046917],9,2,"[0.5921204552873188, 0.6383928111301557]",-1,-1
31365,[0.3270946 0.3207427],6,1,"[0.3897435781344088, 0.3417040596068965]",-1,10
31366,[0.57653632 0.53350686],5,6,"[0.5164739970238864, 0.5319253761973344]",1400,-1
31367,[0.78889285 0.70609972],1,4,"[0.7726811996944247, 0.7249303226766757]",478,0
31368,[0.23824481 0.14944839],0,-1,-1,-1,-1
31369,[0.5703485  0.66896295],9,2,"[0.5921204552873188, 0.6383928111301557]",1033,-1
31370,[0.33672265 0.30611127],0,1,"[0.3897435781344088, 0.3417040596068965]",1680,-1
31371,[0.26472176 0.14889234],0,-1,-1,140,-1
31372,[0.31876433 0.54696919],3,7,"[0.2817018170798153, 0.5849768676672948]",1989,17
31373,[0.23754322 0.48667437],7,8,"[0.27392971195344684, 0.45973140540928376]",1279,-1
31374,[0.31052346 0.32270003],0,-1,-1,1672,-1
31375,[0.4653871  0.58354495],5,-1,-1,1232,-1
31376,[0.65836307 0.54276361],8,3,"[0.6815204869410737, 0.47689852788858716]",-1,-1
31377,[0.4942345  0.32439674],6,-1,-1,72,-1
31378,[0.62198283 0.48508823],8,3,"[0.6815204869410737, 0.47689852788858716]",-1,-1
31379,[0.2749064 0.559056 ],7,7,"[0.2817018170798153, 0.5849768676672948]",1875,-1
31380,[0.23263648 0.59177103],4,7,"[0.2817018170798153, 0.5849768676672948]",506,-1
31381,[0.74773961 0.73867798],1,4,"[0.7726811996944247, 0.7249303226766757]",453,0
31382,[0.72335709 0.69069343],1,4,"[0.7726811996944247, 0.7249303226766757]",-1,0
31383,[0.75816286 0.76461441],1,4,"[0.7726811996944247, 0.7249303226766757]",417,0
31384,[0.21191586 0.44432123],7,8,"[0.27392971195344684, 0.45973140540928376]",-1,-1
31385,[0.55026552 0.59813585],5,2,"[0.5921204552873188, 0.6383928111301557]",-1,-1
31386,[0.45737746 0.61627779],5,-1,-1,703,-1
31387,[0.5689877  0.58008553],5,2,"[0.5921204552873188, 0.6383928111301557]",1458,6
31388,[0.40111417 0.63173231],3,-1,-1,751,-1
31389,[0.7728596  0.51456302],8,-1,-1,-1,-1
31390,[0.19561038 0.25631548],0,5,"[0.23231087327800656, 0.30304944505444303]",-1,-1
31391,[0.3210918  0.45645987],7,8,"[0.27392971195344684, 0.45973140540928376]",-1,-1
31392,[0.30980049 0.68683557],7,-1,-1,85,-1
31393,[0.22470041 0.57808276],3,7,"[0.2817018170798153, 0.5849768676672948]",380,-1
31394,[0.18143103 0.44565298],7,-1,-1,-1,-1
31395,[0.45825917 0.66555855],3,-1,-1,137,-1
31396,[0.6597418  0.78877145],1,-1,-1,-1,-1
31397,[0.29986825 0.31902022],2,5,"[0.23231087327800656, 0.30304944505444303]",1661,-1
31398,[0.67054817 0.40752146],8,-1,-1,-1,-1
31399,[0.30931734 0.3490478 ],2,-1,-1,-1,8
31400,[0.44507435 0.64451435],3,-1,-1,534,-1
31401,[0.64359783 0.69290029],9,-1,-1,488,-1
31402,[0.30217357 0.58745169],4,7,"[0.2817018170798153, 0.5849768676672948]",-1,-1
31403,[0.38010028 0.54343309],7,0,"[0.383291892093257, 0.5586820702346661]",1805,-1
31404,[0.63129682 0.54911972],8,-1,-1,-1,-1
31405,[0.30692602 0.43096111],7,8,"[0.27392971195344684, 0.45973140540928376]",-1,-1
31406,[0.367345   0.27906071],6,1,"[0.3897435781344088, 0.3417040596068965]",1170,-1
31407,[0.29317105 0.25700367],0,9,"[0.3110394802231661, 0.23517199738277297]",1611,-1
31408,[0.40608023 0.59451637],3,0,"[0.383291892093257, 0.5586820702346661]",1717,-1
31409,[0.31594368 0.35314313],2,-1,-1,1633,8
31410,[0.15788177 0.40519877],7,-1,-1,134,-1
31411,[0.58138184 0.770114  ],9,-1,-1,-1,-1
31412,[0.65206795 0.68476597],9,-1,-1,444,-1
31413,[0.24213471 0.27478261],2,5,"[0.23231087327800656, 0.30304944505444303]",-1,-1
31414,[0.27308391 0.45847537],4,8,"[0.27392971195344684, 0.45973140540928376]",1248,-1
31415,[0.46724015 0.69281848],9,-1,-1,143,-1
31416,[0.41702273 0.59635054],3,0,"[0.383291892093257, 0.5586820702346661]",1719,-1
31417,[0.27919793 0.50297271],4,8,"[0.27392971195344684, 0.45973140540928376]",-1,-1
31418,[0.25677149 0.61592076],3,7,"[0.2817018170798153, 0.5849768676672948]",-1,-1
31419,[0.44016859 0.49875615],5,-1,-1,617,-1
31420,[0.44586864 0.56238232],9,0,"[0.383291892093257, 0.5586820702346661]",1281,-1
31421,[0.49781364 0.43369653],3,-1,-1,-1,-1
31422,[0.57647097 0.55762113],5,6,"[0.5164739970238864, 0.5319253761973344]",-1,-1
31423,[0.67920658 0.43451451],8,3,"[0.6815204869410737, 0.47689852788858716]",612,-1
31424,[0.34474137 0.59797035],4,0,"[0.383291892093257, 0.5586820702346661]",1833,-1
31425,[0.22966025 0.26894031],2,5,"[0.23231087327800656, 0.30304944505444303]",-1,-1
31426,[0.2860723 0.5835434],7,7,"[0.2817018170798153, 0.5849768676672948]",1810,-1
31427,[0.59402122 0.65639875],9,2,"[0.5921204552873188, 0.6383928111301557]",1125,-1
31428,[0.19368093 0.24745393],0,5,"[0.23231087327800656, 0.30304944505444303]",-1,-1
31429,[0.30749918 0.25740375],2,9,"[0.3110394802231661, 0.23517199738277297]",-1,-1
31430,[0.67085305 0.68896951],1,-1,-1,-1,-1
31431,[0.24172145 0.32744353],0,5,"[0.23231087327800656, 0.30304944505444303]",1503,-1
31432,[0.64884468 0.6355118 ],5,2,"[0.5921204552873188, 0.6383928111301557]",939,-1
31433,[0.33963299 0.12003612],0,-1,-1,-1,-1
31434,[0.35187377 0.2850447 ],0,9,"[0.3110394802231661, 0.23517199738277297]",1393,-1
31435,[0.57133264 0.58428793],9,2,"[0.5921204552873188, 0.6383928111301557]",-1,6
31436,[0.45451965 0.33441505],6,1,"[0.3897435781344088, 0.3417040596068965]",-1,-1
31437,[0.68103145 0.4696538 ],8,3,"[0.6815204869410737, 0.47689852788858716]",814,2
31438,[0.27493351 0.19677244],0,9,"[0.3110394802231661, 0.23517199738277297]",648,-1
31439,[0.44393792 0.39448923],6,-1,-1,-1,-1
31440,[0.23229221 0.24198041],2,5,"[0.23231087327800656, 0.30304944505444303]",-1,-1
31441,[0.77131707 0.70680453],1,4,"[0.7726811996944247, 0.7249303226766757]",-1,0
31442,[0.4522488  0.48711812],5,-1,-1,546,-1
31443,[0.70093293 0.6958393 ],1,-1,-1,335,0
31444,[0.39423342 0.30061003],6,1,"[0.3897435781344088, 0.3417040596068965]",1396,-1
31445,[0.29488145 0.51703674],7,8,"[0.27392971195344684, 0.45973140540928376]",1914,-1
31446,[0.32807709 0.27051599],2,9,"[0.3110394802231661, 0.23517199738277297]",-1,-1
31447,[0.72656362 0.43981185],8,3,"[0.6815204869410737, 0.47689852788858716]",562,-1
31448,[0.24715458 0.60698554],4,7,"[0.2817018170798153, 0.5849768676672948]",514,-1
31449,[0.31607491 0.61237423],3,7,"[0.2817018170798153, 0.5849768676672948]",1763,-1
31450,[0.62707261 0.66061014],9,2,"[0.5921204552873188, 0.6383928111301557]",711,-1
31451,[0.42455305 0.36549826],6,1,"[0.3897435781344088, 0.3417040596068965]",682,-1
31452,[0.34667895 0.53214563],4,0,"[0.383291892093257, 0.5586820702346661]",1946,16
31453,[0.27779262 0.23948164],2,9,"[0.3110394802231661, 0.23517199738277297]",1524,-1
31454,[0.73229271 0.54434725],8,-1,-1,289,-1
31455,[0.63145283 0.50157161],8,3,"[0.6815204869410737, 0.47689852788858716]",795,-1
31456,[0.26920448 0.25505497],0,9,"[0.3110394802231661, 0.23517199738277297]",-1,-1
31457,[0.43839568 0.54816439],3,0,"[0.383291892093257, 0.5586820702346661]",1296,-1
31458,[0.31521441 0.54971219],4,7,"[0.2817018170798153, 0.5849768676672948]",1989,17
31459,[0.15058085 0.20355339],0,-1,-1,-1,-1
31460,[0.34783075 0.62917558],3,-1,-1,-1,-1
31461,[0.52313506 0.64648442],5,2,"[0.5921204552873188, 0.6383928111301557]",-1,-1
31462,[0.5049156  0.63428372],5,-1,-1,-1,-1
31463,[0.63093607 0.45242471],8,3,"[0.6815204869410737, 0.47689852788858716]",-1,-1
31464,[0.22963104 0.32361394],2,5,"[0.23231087327800656, 0.30304944505444303]",1338,-1
31465,[0.29484353 0.33320568],2,5,"[0.23231087327800656, 0.30304944505444303]",1591,-1
31466,[0.28066779 0.53203567],4,7,"[0.2817018170798153, 0.5849768676672948]",1883,14
31467,[0.60683159 0.52373913],9,-1,-1,1102,-1
31468,[0.35733037 0.52425404],4,0,"[0.383291892093257, 0.5586820702346661]",1929,-1
31469,[0.55438618 0.58026112],8,6,"[0.5164739970238864, 0.5319253761973344]",-1,6
31470,[0.56740613 0.6390157 ],5,2,"[0.5921204552873188, 0.6383928111301557]",-1,6
31471,[0.68354837 0.48776595],8,3,"[0.6815204869410737, 0.47689852788858716]",787,2
31472,[0.4923764  0.57055416],3,6,"[0.5164739970238864, 0.5319253761973344]",1378,-1
31473,[0.28275898 0.32450261],2,5,"[0.23231087327800656, 0.30304944505444303]",-1,-1
31474,[0.34456641 0.61667134],3,0,"[0.383291892093257, 0.5586820702346661]",1830,-1
31475,[0.47742296 0.56379588],5,6,"[0.5164739970238864, 0.5319253761973344]",1010,-1
31476,[0.75308283 0.4599581 ],8,-1,-1,263,-1
31477,[0.72931453 0.74627123],1,4,"[0.7726811996944247, 0.7249303226766757]",420,0
31478,[0.4245071  0.55528994],5,0,"[0.383291892093257, 0.5586820702346661]",-1,-1
31479,[0.38256695 0.57666159],4,0,"[0.383291892093257, 0.5586820702346661]",1825,-1
31480,[0.66299669 0.71426149],1,-1,-1,253,-1
31481,[0.25299815 0.20622101],0,9,"[0.3110394802231661, 0.23517199738277297]",746,-1
31482,[0.11127691 0.23923423],0,-1,-1,-1,-1
31483,[0.46467369 0.32655746],6,-1,-1,-1,-1
31484,[0.43763178 0.49427929],4,-1,-1,-1,-1
31485,[0.77069999 0.76489022],1,4,"[0.7726811996944247, 0.7249303226766757]",410,0
31486,[0.3734793  0.65099549],4,-1,-1,-1,-1
31487,[0.35330228 0.29700097],2,1,"[0.3897435781344088, 0.3417040596068965]",-1,-1
31488,[0.31148902 0.34810966],0,-1,-1,-1,8
31489,[0.47560327 0.64214363],5,-1,-1,647,-1
31490,[0.36660144 0.54049661],4,0,"[0.383291892093257, 0.5586820702346661]",-1,-1
31491,[0.53909353 0.48864403],3,6,"[0.5164739970238864, 0.5319253761973344]",927,-1
31492,[0.5538401  0.54437426],8,6,"[0.5164739970238864, 0.5319253761973344]",1408,-1
31493,[0.28871799 0.51988462],7,8,"[0.27392971195344684, 0.45973140540928376]",1915,14
31494,[0.74161367 0.37767291],8,-1,-1,-1,-1
31495,[0.60205295 0.6712715 ],9,2,"[0.5921204552873188, 0.6383928111301557]",-1,-1
31496,[0.34379213 0.35358188],2,1,"[0.3897435781344088, 0.3417040596068965]",1353,-1
31497,[0.29882115 0.30776727],2,5,"[0.23231087327800656, 0.30304944505444303]",1620,-1
31498,[0.25320663 0.28392938],2,5,"[0.23231087327800656, 0.30304944505444303]",1530,-1
31499,[0.29254715 0.3583913 ],0,-1,-1,1479,-1
31500,[0.26870404 0.54218484],4,7,"[0.2817018170798153, 0.5849768676672948]",1743,-1
31501,[0.47510982 0.54680737],9,6,"[0.5164739970238864, 0.5319253761973344]",854,-1
31502,[0.38849483 0.57242055],4,0,"[0.383291892093257, 0.5586820702346661]",1771,-1
31503,[0.29460088 0.21227537],2,9,"[0.3110394802231661, 0.23517199738277297]",1016,-1
31504,[0.21633471 0.25387037],0,5,"[0.23231087327800656, 0.30304944505444303]",-1,-1
31505,[0.32463749 0.52549815],7,0,"[0.383291892093257, 0.5586820702346661]",1943,-1
31506,[0.82057616 0.7379927 ],1,4,"[0.7726811996944247, 0.7249303226766757]",-1,0
31507,[0.40323824 0.52764351],3,0,"[0.383291892093257, 0.5586820702346661]",1641,-1
31508,[0.27108381 0.34916294],2,5,"[0.23231087327800656, 0.30304944505444303]",1592,-1
31509,[0.34298187 0.4825899 ],3,-1,-1,1891,-1
31510,[0.71175558 0.448488  ],8,3,"[0.6815204869410737, 0.47689852788858716]",594,-1
31511,[0.51746534 0.24437575],6,-1,-1,-1,-1
31512,[0.6800736  0.67632416],1,-1,-1,-1,-1
31513,[0.41859158 0.39286931],6,1,"[0.3897435781344088, 0.3417040596068965]",-1,-1
31514,[0.23556577 0.31272106],2,5,"[0.23231087327800656, 0.30304944505444303]",1566,-1
31515,[0.80414866 0.7332296 ],1,4,"[0.7726811996944247, 0.7249303226766757]",457,0
31516,[0.81804198 0.65202575],1,-1,-1,255,0
31517,[0.38313283 0.40055894],2,1,"[0.3897435781344088, 0.3417040596068965]",722,-1
31518,[0.33907844 0.23922161],2,9,"[0.3110394802231661, 0.23517199738277297]",-1,-1
31519,[0.75021945 0.77065271],1,4,"[0.7726811996944247, 0.7249303226766757]",-1,0
31520,[0.26536269 0.35619247],0,5,"[0.23231087327800656, 0.30304944505444303]",1564,-1
31521,[0.48221956 0.54303715],5,6,"[0.5164739970238864, 0.5319253761973344]",959,-1
31522,[0.26833224 0.47758058],7,8,"[0.27392971195344684, 0.45973140540928376]",1600,-1
31523,[0.43608015 0.36925819],6,1,"[0.3897435781344088, 0.3417040596068965]",-1,-1
31524,[0.5153703  0.31302897],6,-1,-1,-1,-1
31525,[0.5813674  0.66519495],5,2,"[0.5921204552873188, 0.6383928111301557]",-1,-1
31526,[0.62327815 0.41081552],8,-1,-1,-1,-1
31527,[0.55441106 0.5609708 ],5,6,"[0.5164739970238864, 0.5319253761973344]",1406,6
31528,[0.27144444 0.51019925],3,8,"[0.27392971195344684, 0.45973140540928376]",-1,-1
31529,[0.56648757 0.72477778],9,-1,-1,-1,-1
31530,[0.53925928 0.50859469],5,6,"[0.5164739970238864, 0.5319253761973344]",1140,-1
31531,[0.32465453 0.3220131 ],2,1,"[0.3897435781344088, 0.3417040596068965]",1671,10
31532,[0.32965432 0.58205739],3,7,"[0.2817018170798153, 0.5849768676672948]",1980,-1
31533,[0.35742735 0.57984437],3,0,"[0.383291892093257, 0.5586820702346661]",1843,-1
31534,[0.24967102 0.22538983],0,9,"[0.3110394802231661, 0.23517199738277297]",985,-1
31535,[0.36906042 0.35529989],6,1,"[0.3897435781344088, 0.3417040596068965]",1245,-1
31536,[0.25553456 0.58188673],4,7,"[0.2817018170798153, 0.5849768676672948]",1514,-1
31537,[0.41480079 0.56288084],4,0,"[0.383291892093257, 0.5586820702346661]",-1,-1
31538,[0.48227454 0.55489291],5,6,"[0.5164739970238864, 0.5319253761973344]",-1,-1
31539,[0.2927813  0.59873443],7,7,"[0.2817018170798153, 0.5849768676672948]",1693,-1
31540,[0.74103778 0.68800632],1,4,"[0.7726811996944247, 0.7249303226766757]",440,0
31541,[0.56013407 0.62782803],5,2,"[0.5921204552873188, 0.6383928111301557]",1278,6
31542,[0.17250596 0.33080503],2,5,"[0.23231087327800656, 0.30304944505444303]",-1,-1
31543,[0.25529657 0.51136322],4,8,"[0.27392971195344684, 0.45973140540928376]",1786,-1
31544,[0.57008897 0.68187927],9,2,"[0.5921204552873188, 0.6383928111301557]",-1,-1
31545,[0.58846459 0.52199632],8,-1,-1,1102,-1
31546,[0.69543054 0.68214271],1,-1,-1,339,-1
31547,[0.26910041 0.28248894],0,5,"[0.23231087327800656, 0.30304944505444303]",-1,-1
31548,[0.5734887  0.48640384],8,-1,-1,-1,-1
31549,[0.60911075 0.5129537 ],8,-1,-1,-1,-1
31550,[0.34276992 0.18246088],0,9,"[0.3110394802231661, 0.23517199738277297]",-1,-1
31551,[0.35298357 0.51876921],7,0,"[0.383291892093257, 0.5586820702346661]",-1,-1
31552,[0.7513625  0.48915093],8,-1,-1,507,-1
31553,[0.59420426 0.70608168],9,2,"[0.5921204552873188, 0.6383928111301557]",-1,-1
31554,[0.59203922 0.39490363],8,-1,-1,-1,-1
31555,[0.25483758 0.27084635],0,5,"[0.23231087327800656, 0.30304944505444303]",-1,-1
31556,[0.38366452 0.51061511],4,0,"[0.383291892093257, 0.5586820702346661]",-1,-1
31557,[0.90691227 0.6741513 ],1,-1,-1,-1,-1
31558,[0.76492784 0.72189119],1,4,"[0.7726811996944247, 0.7249303226766757]",469,0
31559,[0.35386787 0.27364677],6,9,"[0.3110394802231661, 0.23517199738277297]",1156,-1
31560,[0.25201584 0.31792883],2,5,"[0.23231087327800656, 0.30304944505444303]",1501,7
31561,[0.35044211 0.54563044],7,0,"[0.383291892093257, 0.5586820702346661]",-1,-1
31562,[0.58932784 0.51007021],9,-1,-1,-1,-1
31563,[0.60578752 0.60171971],8,2,"[0.5921204552873188, 0.6383928111301557]",1328,-1
31564,[0.32800223 0.53595492],7,0,"[0.383291892093257, 0.5586820702346661]",1933,-1
31565,[0.39277805 0.41126352],6,1,"[0.3897435781344088, 0.3417040596068965]",501,-1
31566,[0.78502973 0.73834405],1,4,"[0.7726811996944247, 0.7249303226766757]",471,0
31567,[0.32750933 0.31131985],6,1,"[0.3897435781344088, 0.3417040596068965]",1679,-1
31568,[0.2640246  0.61226298],7,7,"[0.2817018170798153, 0.5849768676672948]",-1,-1
31569,[0.77786507 0.6537046 ],1,-1,-1,-1,0
31570,[0.56796488 0.80229606],9,-1,-1,-1,-1
31571,[0.24367134 0.43711091],0,8,"[0.27392971195344684, 0.45973140540928376]",696,-1
31572,[0.54042609 0.58468712],9,6,"[0.5164739970238864, 0.5319253761973344]",1432,-1
31573,[0.32763012 0.55133199],7,0,"[0.383291892093257, 0.5586820702346661]",1959,17
31574,[0.7367123  0.41645653],8,-1,-1,-1,-1
31575,[0.38089481 0.34625539],6,1,"[0.3897435781344088, 0.3417040596068965]",1122,-1
31576,[0.66121388 0.73516992],1,-1,-1,195,0
31577,[0.3076362  0.27927572],2,9,"[0.3110394802231661, 0.23517199738277297]",1614,-1
31578,[0.4545754  0.26515918],6,-1,-1,585,-1
31579,[0.49583784 0.6096816 ],5,-1,-1,918,-1
31580,[0.28828083 0.23414136],6,9,"[0.3110394802231661, 0.23517199738277297]",-1,-1
31581,[0.22270432 0.27782045],0,5,"[0.23231087327800656, 0.30304944505444303]",-1,-1
31582,[0.29672192 0.5404062 ],4,7,"[0.2817018170798153, 0.5849768676672948]",-1,-1
31583,[0.27178225 0.29844439],0,5,"[0.23231087327800656, 0.30304944505444303]",1657,-1
31584,[0.47604499 0.62553834],5,-1,-1,-1,-1
31585,[0.76476591 0.54390168],8,-1,-1,84,-1
31586,[0.39086177 0.29855964],6,1,"[0.3897435781344088, 0.3417040596068965]",-1,-1
31587,[0.47217782 0.60117233],5,-1,-1,-1,-1
31588,[0.40150133 0.55866283],4,0,"[0.383291892093257, 0.5586820702346661]",1749,-1
31589,[0.27668676 0.65444472],3,7,"[0.2817018170798153, 0.5849768676672948]",187,-1
31590,[0.24955919 0.5012007 ],7,8,"[0.27392971195344684, 0.45973140540928376]",-1,-1
31591,[0.18078008 0.31909491],2,5,"[0.23231087327800656, 0.30304944505444303]",-1,-1
31592,[0.46780967 0.47315683],5,-1,-1,664,-1
31593,[0.79089636 0.72417841],1,4,"[0.7726811996944247, 0.7249303226766757]",-1,0
31594,[0.43370249 0.36039384],6,1,"[0.3897435781344088, 0.3417040596068965]",682,-1
31595,[0.29405737 0.64233121],4,7,"[0.2817018170798153, 0.5849768676672948]",-1,-1
31596,[0.39011174 0.18238832],6,-1,-1,39,-1
31597,[0.3398319 0.4359925],7,-1,-1,-1,-1
31598,[0.47371887 0.41744659],5,-1,-1,-1,-1
31599,[0.37500846 0.53933757],4,0,"[0.383291892093257, 0.5586820702346661]",-1,-1
31600,[0.58761314 0.60037419],9,2,"[0.5921204552873188, 0.6383928111301557]",-1,-1
31601,[0.34237361 0.4687237 ],7,8,"[0.27392971195344684, 0.45973140540928376]",1758,-1
31602,[0.56633414 0.68081684],9,2,"[0.5921204552873188, 0.6383928111301557]",1034,-1
31603,[0.35176361 0.51252097],7,0,"[0.383291892093257, 0.5586820702346661]",-1,-1
31604,[0.57297072 0.55797887],5,6,"[0.5164739970238864, 0.5319253761973344]",-1,-1
31605,[0.208301   0.58585028],7,-1,-1,181,-1
31606,[0.25333583 0.25652562],0,5,"[0.23231087327800656, 0.30304944505444303]",1312,-1
31607,[0.53330379 0.60495695],3,2,"[0.5921204552873188, 0.6383928111301557]",1203,-1
31608,[0.28421094 0.45973134],7,8,"[0.27392971195344684, 0.45973140540928376]",1243,-1
31609,[0.7026268  0.57451684],8,-1,-1,235,-1
31610,[0.27506201 0.32167426],0,5,"[0.23231087327800656, 0.30304944505444303]",1585,9
31611,[0.61923619 0.58748619],9,2,"[0.5921204552873188, 0.6383928111301557]",1204,-1
31612,[0.34265123 0.32171257],6,1,"[0.3897435781344088, 0.3417040596068965]",1575,-1
31613,[0.34024995 0.31029403],6,1,"[0.3897435781344088, 0.3417040596068965]",-1,-1
31614,[0.20090104 0.22524651],0,-1,-1,557,-1
31615,[0.16695687 0.39275165],2,-1,-1,-1,-1
31616,[0.51242054 0.38985075],6,-1,-1,44,-1
31617,[0.3285033  0.62015132],7,7,"[0.2817018170798153, 0.5849768676672948]",-1,-1
31618,[0.30156531 0.34629486],6,-1,-1,-1,-1
31619,[0.43273804 0.34596964],6,1,"[0.3897435781344088, 0.3417040596068965]",794,-1
31620,[0.43096195 0.35774486],6,1,"[0.3897435781344088, 0.3417040596068965]",-1,-1
31621,[0.40943734 0.58570114],3,0,"[0.383291892093257, 0.5586820702346661]",1708,-1
31622,[0.2934158  0.19685801],2,9,"[0.3110394802231661, 0.23517199738277297]",425,-1
31623,[0.16246205 0.24587671],0,-1,-1,-1,-1
31624,[0.26872887 0.29166851],2,5,"[0.23231087327800656, 0.30304944505444303]",-1,-1
31625,[0.29088631 0.24442125],0,9,"[0.3110394802231661, 0.23517199738277297]",1465,-1
31626,[0.26471823 0.61775377],4,7,"[0.2817018170798153, 0.5849768676672948]",539,-1
31627,[0.46077276 0.34647048],6,-1,-1,531,-1
31628,[0.20780912 0.33414668],2,5,"[0.23231087327800656, 0.30304944505444303]",-1,-1
31629,[0.47512653 0.69504904],9,-1,-1,143,-1
31630,[0.62406377 0.49214289],8,3,"[0.6815204869410737, 0.47689852788858716]",789,-1
31631,[0.77978428 0.64287505],1,-1,-1,-1,0
31632,[0.22513743 0.55429322],7,7,"[0.2817018170798153, 0.5849768676672948]",-1,-1
31633,[0.61244962 0.70279418],9,2,"[0.5921204552873188, 0.6383928111301557]",287,-1
31634,[0.36730864 0.45558696],7,-1,-1,-1,-1
31635,[0.35131134 0.55940997],3,0,"[0.383291892093257, 0.5586820702346661]",1956,-1
31636,[0.14832855 0.16129849],0,-1,-1,2,-1
31637,[0.60527926 0.47536033],8,-1,-1,-1,-1
31638,[0.23411085 0.34360492],2,5,"[0.23231087327800656, 0.30304944505444303]",1522,-1
31639,[0.60123067 0.54078375],8,-1,-1,-1,-1
31640,[0.35244991 0.51675846],6,0,"[0.383291892093257, 0.5586820702346661]",1926,-1
31641,[0.6659679  0.60110824],9,-1,-1,543,-1
31642,[0.62860023 0.37168242],8,-1,-1,25,-1
31643,[0.58430624 0.68743334],9,2,"[0.5921204552873188, 0.6383928111301557]",-1,-1
31644,[0.75295404 0.41094113],8,-1,-1,-1,-1
31645,[0.31935543 0.5328639 ],7,7,"[0.2817018170798153, 0.5849768676672948]",1932,-1
31646,[0.35054754 0.54939192],4,0,"[0.383291892093257, 0.5586820702346661]",-1,-1
31647,[0.52287803 0.5761958 ],5,6,"[0.5164739970238864, 0.5319253761973344]",1052,-1
31648,[0.50791048 0.66939289],9,-1,-1,-1,-1
31649,[0.27543062 0.45775556],7,8,"[0.27392971195344684, 0.45973140540928376]",1248,-1
31650,[0.75325035 0.51209108],8,-1,-1,480,-1
31651,[0.5717246 0.5364295],8,6,"[0.5164739970238864, 0.5319253761973344]",-1,6
31652,[0.40681892 0.54135834],5,0,"[0.383291892093257, 0.5586820702346661]",-1,-1
31653,[0.15859109 0.2066539 ],0,-1,-1,-1,-1
31654,[0.54777391 0.60399648],9,2,"[0.5921204552873188, 0.6383928111301557]",-1,-1
31655,[0.26820288 0.30624239],2,5,"[0.23231087327800656, 0.30304944505444303]",1656,-1
31656,[0.48254172 0.57341683],3,6,"[0.5164739970238864, 0.5319253761973344]",1225,-1
31657,[0.30693201 0.26609977],2,9,"[0.3110394802231661, 0.23517199738277297]",1512,-1
31658,[0.37238827 0.62045395],4,0,"[0.383291892093257, 0.5586820702346661]",-1,-1
31659,[0.81325034 0.74157132],1,4,"[0.7726811996944247, 0.7249303226766757]",446,0
31660,[0.39461339 0.6132685 ],3,0,"[0.383291892093257, 0.5586820702346661]",1721,-1
31661,[0.39931431 0.40280179],2,1,"[0.3897435781344088, 0.3417040596068965]",-1,-1
31662,[0.53861555 0.70273522],9,-1,-1,-1,-1
31663,[0.24705639 0.49954124],4,8,"[0.27392971195344684, 0.45973140540928376]",-1,-1
31664,[0.77651534 0.49546862],8,-1,-1,-1,-1
31665,[0.22518081 0.32764545],0,5,"[0.23231087327800656, 0.30304944505444303]",1338,-1
31666,[0.51478318 0.6276161 ],9,-1,-1,-1,-1
31667,[0.20237688 0.17077097],0,-1,-1,-1,-1
31668,[0.41264957 0.29186559],6,1,"[0.3897435781344088, 0.3417040596068965]",923,-1
31669,[0.24141415 0.14190123],0,-1,-1,-1,-1
31670,[0.74946409 0.75007329],1,4,"[0.7726811996944247, 0.7249303226766757]",431,0
31671,[0.35617221 0.38126484],6,1,"[0.3897435781344088, 0.3417040596068965]",-1,-1
31672,[0.19240848 0.34022242],0,5,"[0.23231087327800656, 0.30304944505444303]",764,-1
31673,[0.3481329  0.25554779],6,9,"[0.3110394802231661, 0.23517199738277297]",-1,-1
31674,[0.26632528 0.49937964],7,8,"[0.27392971195344684, 0.45973140540928376]",1778,-1
31675,[0.19311757 0.55329101],7,-1,-1,-1,-1
31676,[0.67621166 0.65726061],9,-1,-1,-1,-1
31677,[0.42187371 0.5084023 ],4,0,"[0.383291892093257, 0.5586820702346661]",1439,-1
31678,[0.40735137 0.45452064],6,-1,-1,579,-1
31679,[0.54025654 0.65021269],9,2,"[0.5921204552873188, 0.6383928111301557]",-1,-1
31680,[0.52222124 0.54055604],5,6,"[0.5164739970238864, 0.5319253761973344]",-1,3
31681,[0.43662933 0.60666283],3,-1,-1,1574,-1
31682,[0.51587293 0.52063972],5,6,"[0.5164739970238864, 0.5319253761973344]",-1,-1
31683,[0.34115776 0.5408405 ],4,0,"[0.383291892093257, 0.5586820702346661]",-1,16
31684,[0.28179726 0.41071509],2,8,"[0.27392971195344684, 0.45973140540928376]",-1,-1
31685,[0.29641318 0.45648642],4,8,"[0.27392971195344684, 0.45973140540928376]",-1,-1
31686,[0.3087563  0.44283956],2,8,"[0.27392971195344684, 0.45973140540928376]",1080,-1
31687,[0.34867305 0.37109184],0,1,"[0.3897435781344088, 0.3417040596068965]",1079,-1
31688,[0.64971269 0.62697945],9,2,"[0.5921204552873188, 0.6383928111301557]",1158,-1
31689,[0.24090036 0.51390017],7,8,"[0.27392971195344684, 0.45973140540928376]",1552,-1
31690,[0.71946465 0.51627413],8,3,"[0.6815204869410737, 0.47689852788858716]",573,-1
31691,[0.35938213 0.41229418],2,-1,-1,-1,-1
31692,[0.19221641 0.51112405],7,-1,-1,-1,-1
31693,[0.32184113 0.31116204],2,-1,-1,1663,-1
31694,[0.2348413  0.49127284],3,8,"[0.27392971195344684, 0.45973140540928376]",1280,-1
31695,[0.77288779 0.72599644],1,4,"[0.7726811996944247, 0.7249303226766757]",469,0
31696,[0.31751098 0.36715741],0,-1,-1,1485,-1
31697,[0.38515354 0.58452214],3,0,"[0.383291892093257, 0.5586820702346661]",1826,-1
31698,[0.28021731 0.5697169 ],7,7,"[0.2817018170798153, 0.5849768676672948]",-1,-1
31699,[0.33236027 0.29313644],6,9,"[0.3110394802231661, 0.23517199738277297]",-1,-1
31700,[0.73091912 0.41965851],8,-1,-1,316,-1
31701,[0.5325991 0.4752585],5,6,"[0.5164739970238864, 0.5319253761973344]",-1,-1
31702,[0.73696996 0.65282868],1,-1,-1,-1,0
31703,[0.28236697 0.25036922],0,9,"[0.3110394802231661, 0.23517199738277297]",1603,-1
31704,[0.26375846 0.41736461],7,8,"[0.27392971195344684, 0.45973140540928376]",695,-1
31705,[0.21580284 0.32974687],2,5,"[0.23231087327800656, 0.30304944505444303]",-1,-1
31706,[0.4243733  0.31895083],6,1,"[0.3897435781344088, 0.3417040596068965]",978,-1
31707,[0.79038035 0.72835985],1,4,"[0.7726811996944247, 0.7249303226766757]",465,0
31708,[0.76436865 0.72055093],1,4,"[0.7726811996944247, 0.7249303226766757]",-1,0
31709,[0.57063569 0.64698095],9,2,"[0.5921204552873188, 0.6383928111301557]",1220,-1
31710,[0.7676925  0.75444502],1,4,"[0.7726811996944247, 0.7249303226766757]",-1,0
31711,[0.31814753 0.58390437],7,7,"[0.2817018170798153, 0.5849768676672948]",1963,-1
31712,[0.38320851 0.53239937],3,0,"[0.383291892093257, 0.5586820702346661]",-1,-1
31713,[0.47594665 0.60166987],3,-1,-1,-1,-1
31714,[0.42064152 0.31662857],6,1,"[0.3897435781344088, 0.3417040596068965]",-1,-1
31715,[0.83256553 0.74770044],1,4,"[0.7726811996944247, 0.7249303226766757]",406,0
31716,[0.36341205 0.35603059],6,1,"[0.3897435781344088, 0.3417040596068965]",1245,-1
31717,[0.59155569 0.51590176],5,-1,-1,1102,-1
31718,[0.41445817 0.36952684],5,1,"[0.3897435781344088, 0.3417040596068965]",976,-1
31719,[0.82024948 0.69217358],1,4,"[0.7726811996944247, 0.7249303226766757]",365,0
31720,[0.60030231 0.59644894],9,2,"[0.5921204552873188, 0.6383928111301557]",-1,-1
31721,[0.7332204  0.56038737],8,-1,-1,-1,-1
31722,[0.36964113 0.47900948],6,-1,-1,1211,-1
31723,[0.7039717  0.59598597],1,-1,-1,-1,-1
31724,[0.33724824 0.49058217],3,-1,-1,-1,-1
31725,[0.61664987 0.35254036],8,-1,-1,-1,-1
31726,[0.2500377  0.30125635],0,5,"[0.23231087327800656, 0.30304944505444303]",1590,-1
31727,[0.67488638 0.44383566],8,3,"[0.6815204869410737, 0.47689852788858716]",735,-1
31728,[0.36673264 0.62133343],4,0,"[0.383291892093257, 0.5586820702346661]",1303,-1
31729,[0.32194434 0.36179319],2,-1,-1,1485,-1
31730,[0.7041328  0.55057641],8,-1,-1,563,-1
31731,[0.29364564 0.53413023],7,7,"[0.2817018170798153, 0.5849768676672948]",1895,-1
31732,[0.46569574 0.32157486],6,-1,-1,281,-1
31733,[0.1953983  0.17176541],0,-1,-1,-1,-1
31734,[0.35490865 0.29065358],6,1,"[0.3897435781344088, 0.3417040596068965]",-1,-1
31735,[0.33130637 0.2688258 ],0,9,"[0.3110394802231661, 0.23517199738277297]",1030,-1
31736,[0.72577181 0.31730624],8,-1,-1,-1,-1
31737,[0.64111514 0.58927445],9,2,"[0.5921204552873188, 0.6383928111301557]",1178,-1
31738,[0.39965165 0.52809788],7,0,"[0.383291892093257, 0.5586820702346661]",-1,-1
31739,[0.44767243 0.62283788],3,-1,-1,707,-1
31740,[0.25005429 0.63220204],7,7,"[0.2817018170798153, 0.5849768676672948]",348,-1
31741,[0.25015796 0.23910942],0,9,"[0.3110394802231661, 0.23517199738277297]",-1,-1
31742,[0.25478014 0.28604963],0,5,"[0.23231087327800656, 0.30304944505444303]",-1,-1
31743,[0.22488476 0.52552778],4,-1,-1,-1,-1
31744,[0.68370208 0.7607741 ],1,-1,-1,-1,0
31745,[0.37753604 0.32488151],6,1,"[0.3897435781344088, 0.3417040596068965]",1476,-1
31746,[0.40852249 0.33246788],6,1,"[0.3897435781344088, 0.3417040596068965]",999,-1
31747,[0.62818314 0.40047933],8,-1,-1,265,-1
31748,[0.35985288 0.5159668 ],4,0,"[0.383291892093257, 0.5586820702346661]",-1,-1
31749,[0.43852136 0.28485846],6,-1,-1,719,-1
31750,[0.41403971 0.36516331],6,1,"[0.3897435781344088, 0.3417040596068965]",976,-1
31751,[0.66875717 0.46295244],8,3,"[0.6815204869410737, 0.47689852788858716]",-1,-1
31752,[0.16360796 0.30117262],2,5,"[0.23231087327800656, 0.30304944505444303]",-1,-1
31753,[0.26908153 0.61104693],4,7,"[0.2817018170798153, 0.5849768676672948]",-1,-1
31754,[0.3892602  0.55461253],3,0,"[0.383291892093257, 0.5586820702346661]",1568,-1
31755,[0.45153666 0.29987848],6,-1,-1,472,-1
31756,[0.58428187 0.54164377],5,6,"[0.5164739970238864, 0.5319253761973344]",-1,-1
31757,[0.81167674 0.69751576],1,4,"[0.7726811996944247, 0.7249303226766757]",365,0
31758,[0.30933859 0.54042742],3,7,"[0.2817018170798153, 0.5849768676672948]",1986,-1
31759,[0.42411551 0.40044346],6,1,"[0.3897435781344088, 0.3417040596068965]",-1,-1
31760,[0.32156672 0.34247894],2,1,"[0.3897435781344088, 0.3417040596068965]",-1,-1
31761,[0.19628195 0.32419235],0,5,"[0.23231087327800656, 0.30304944505444303]",550,-1
31762,[0.65037091 0.6569535 ],1,2,"[0.5921204552873188, 0.6383928111301557]",643,-1
31763,[0.27792045 0.34195838],0,5,"[0.23231087327800656, 0.30304944505444303]",-1,-1
31764,[0.24078624 0.26287457],0,5,"[0.23231087327800656, 0.30304944505444303]",-1,-1
31765,[0.1566655  0.26761116],0,-1,-1,-1,-1
31766,[0.22586372 0.4040419 ],2,-1,-1,-1,-1
31767,[0.4204435  0.34066065],6,1,"[0.3897435781344088, 0.3417040596068965]",-1,-1
31768,[0.64002494 0.47597816],8,3,"[0.6815204869410737, 0.47689852788858716]",823,-1
31769,[0.26112243 0.35275792],0,5,"[0.23231087327800656, 0.30304944505444303]",-1,-1
31770,[0.37443348 0.60300562],4,0,"[0.383291892093257, 0.5586820702346661]",1755,-1
31771,[0.55272112 0.55130063],5,6,"[0.5164739970238864, 0.5319253761973344]",-1,-1
31772,[0.54431696 0.44773736],5,-1,-1,-1,-1
31773,[0.53865233 0.53255979],5,6,"[0.5164739970238864, 0.5319253761973344]",1150,-1
31774,[0.3485453  0.66091873],3,-1,-1,298,-1
31775,[0.40071967 0.48944534],4,-1,-1,1036,-1
31776,[0.54904838 0.51243268],5,6,"[0.5164739970238864, 0.5319253761973344]",-1,-1
31777,[0.28813725 0.22057092],0,9,"[0.3110394802231661, 0.23517199738277297]",1071,-1
31778,[0.503093   0.66080021],9,-1,-1,727,-1
31779,[0.62627757 0.79922004],1,-1,-1,-1,-1
31780,[0.64620176 0.49653789],8,3,"[0.6815204869410737, 0.47689852788858716]",-1,1
31781,[0.54803296 0.56237633],5,6,"[0.5164739970238864, 0.5319253761973344]",-1,6
31782,[0.3457339  0.59047013],3,0,"[0.383291892093257, 0.5586820702346661]",1834,-1
31783,[0.2715406  0.25748636],2,9,"[0.3110394802231661, 0.23517199738277297]",-1,-1
31784,[0.37280821 0.52935903],7,0,"[0.383291892093257, 0.5586820702346661]",-1,-1
31785,[0.2964017  0.34470119],2,-1,-1,1619,-1
31786,[0.41846416 0.64095311],3,-1,-1,-1,-1
31787,[0.58742535 0.67088466],9,2,"[0.5921204552873188, 0.6383928111301557]",710,-1
31788,[0.28091821 0.41220855],7,8,"[0.27392971195344684, 0.45973140540928376]",-1,-1
31789,[0.38467758 0.2011874 ],6,-1,-1,-1,-1
31790,[0.84643553 0.67219221],1,-1,-1,-1,0
31791,[0.36186117 0.5766412 ],7,0,"[0.383291892093257, 0.5586820702346661]",-1,-1
31792,[0.29523667 0.54545494],7,7,"[0.2817018170798153, 0.5849768676672948]",1907,-1
31793,[0.35326    0.63309319],3,-1,-1,1206,-1
31794,[0.58571102 0.59445031],9,2,"[0.5921204552873188, 0.6383928111301557]",-1,-1
31795,[0.43931879 0.58747423],3,0,"[0.383291892093257, 0.5586820702346661]",-1,-1
31796,[0.82041561 0.65590635],1,-1,-1,255,0
31797,[0.59564699 0.68807622],9,2,"[0.5921204552873188, 0.6383928111301557]",654,-1
31798,[0.36969821 0.53857593],3,0,"[0.383291892093257, 0.5586820702346661]",1806,-1
31799,[0.37084964 0.58045127],3,0,"[0.383291892093257, 0.5586820702346661]",-1,12
31800,[0.31614062 0.58646714],4,7,"[0.2817018170798153, 0.5849768676672948]",1967,-1
31801,[0.21731777 0.41318761],2,-1,-1,-1,-1
31802,[0.65022619 0.58575859],8,-1,-1,-1,-1
31803,[0.27216749 0.49513668],7,8,"[0.27392971195344684, 0.45973140540928376]",1780,-1
31804,[0.33533048 0.40763132],7,-1,-1,-1,-1
31805,[0.4117257  0.32362199],2,1,"[0.3897435781344088, 0.3417040596068965]",-1,-1
31806,[0.16601924 0.32287456],0,5,"[0.23231087327800656, 0.30304944505444303]",-1,-1
31807,[0.31697262 0.56460049],4,7,"[0.2817018170798153, 0.5849768676672948]",1972,-1
31808,[0.6328255  0.58322183],8,2,"[0.5921204552873188, 0.6383928111301557]",1190,-1
31809,[0.45604911 0.59064415],5,-1,-1,-1,4
31810,[0.7715026  0.78431248],1,4,"[0.7726811996944247, 0.7249303226766757]",-1,0
31811,[0.47276594 0.36264006],6,-1,-1,-1,-1
31812,[0.78669362 0.85736167],1,-1,-1,21,-1
31813,[0.25553447 0.21354423],2,9,"[0.3110394802231661, 0.23517199738277297]",991,-1
31814,[0.51170602 0.60015065],9,6,"[0.5164739970238864, 0.5319253761973344]",1230,-1
31815,[0.44412848 0.61083231],5,-1,-1,-1,-1
31816,[0.56197024 0.50297776],5,6,"[0.5164739970238864, 0.5319253761973344]",-1,-1
31817,[0.57357525 0.39957562],8,-1,-1,115,-1
31818,[0.19367629 0.54285387],4,-1,-1,323,-1
31819,[0.35334994 0.571052  ],3,0,"[0.383291892093257, 0.5586820702346661]",-1,-1
31820,[0.37423907 0.48672054],3,-1,-1,1041,-1
31821,[0.71046359 0.34166122],8,-1,-1,-1,-1
31822,[0.72637632 0.7139783 ],1,4,"[0.7726811996944247, 0.7249303226766757]",-1,0
31823,[0.29577619 0.27577082],2,9,"[0.3110394802231661, 0.23517199738277297]",1510,-1
31824,[0.74333818 0.48172477],8,3,"[0.6815204869410737, 0.47689852788858716]",-1,-1
31825,[0.33062942 0.58713864],3,7,"[0.2817018170798153, 0.5849768676672948]",-1,-1
31826,[0.30570489 0.44819464],7,8,"[0.27392971195344684, 0.45973140540928376]",-1,-1
31827,[0.34172176 0.52956389],7,0,"[0.383291892093257, 0.5586820702346661]",1946,-1
31828,[0.40092289 0.35518723],0,1,"[0.3897435781344088, 0.3417040596068965]",-1,-1
31829,[0.55731858 0.58235501],9,6,"[0.5164739970238864, 0.5319253761973344]",1451,6
31830,[0.20822871 0.42317556],7,-1,-1,333,-1
31831,[0.55733726 0.63305035],5,2,"[0.5921204552873188, 0.6383928111301557]",1278,-1
31832,[0.44431085 0.28445794],6,-1,-1,720,-1
31833,[0.35395998 0.27258268],2,9,"[0.3110394802231661, 0.23517199738277297]",-1,-1
31834,[0.1735012 0.1915256],0,-1,-1,-1,-1
31835,[0.48419251 0.46218523],5,-1,-1,279,-1
31836,[0.44119515 0.64781842],5,-1,-1,-1,-1
31837,[0.33846892 0.3011624 ],6,1,"[0.3897435781344088, 0.3417040596068965]",-1,-1
31838,[0.81639233 0.76024258],1,4,"[0.7726811996944247, 0.7249303226766757]",405,0
31839,[0.77471931 0.49021337],8,-1,-1,189,-1
31840,[0.34386835 0.42302955],7,-1,-1,-1,-1
31841,[0.59801991 0.53598005],5,-1,-1,-1,-1
31842,[0.53677339 0.56380999],8,6,"[0.5164739970238864, 0.5319253761973344]",1360,-1
31843,[0.23476297 0.36146861],2,5,"[0.23231087327800656, 0.30304944505444303]",-1,-1
31844,[0.37328075 0.34575086],6,1,"[0.3897435781344088, 0.3417040596068965]",1245,-1
31845,[0.50732924 0.51375657],5,6,"[0.5164739970238864, 0.5319253761973344]",-1,-1
31846,[0.26594112 0.32656747],0,5,"[0.23231087327800656, 0.30304944505444303]",1585,-1
31847,[0.11028138 0.24819839],0,-1,-1,-1,-1
31848,[0.77730745 0.60514632],1,-1,-1,79,-1
31849,[0.72421074 0.76585698],1,4,"[0.7726811996944247, 0.7249303226766757]",315,0
31850,[0.51633539 0.50305836],5,6,"[0.5164739970238864, 0.5319253761973344]",-1,-1
31851,[0.23748715 0.4007462 ],2,8,"[0.27392971195344684, 0.45973140540928376]",-1,-1
31852,[0.31221565 0.49360071],7,8,"[0.27392971195344684, 0.45973140540928376]",1872,-1
31853,[0.44925255 0.36742271],6,1,"[0.3897435781344088, 0.3417040596068965]",-1,-1
31854,[0.35043219 0.67242468],3,-1,-1,298,-1
31855,[0.32295841 0.24577282],2,9,"[0.3110394802231661, 0.23517199738277297]",1490,-1
31856,[0.51341316 0.4098325 ],8,-1,-1,45,-1
31857,[0.67007218 0.40537034],8,-1,-1,-1,-1
31858,[0.40364889 0.53637358],5,0,"[0.383291892093257, 0.5586820702346661]",1643,-1
31859,[0.47661279 0.63104872],5,-1,-1,647,-1
31860,[0.44987581 0.60114257],5,-1,-1,-1,-1
31861,[0.29983451 0.23242225],0,9,"[0.3110394802231661, 0.23517199738277297]",-1,-1
31862,[0.18417044 0.39283348],2,-1,-1,133,-1
31863,[0.67644714 0.52811738],8,3,"[0.6815204869410737, 0.47689852788858716]",-1,-1
31864,[0.35964329 0.54729346],4,0,"[0.383291892093257, 0.5586820702346661]",1790,-1
31865,[0.47849213 0.33738592],6,-1,-1,-1,-1
31866,[0.24953514 0.21092203],2,9,"[0.3110394802231661, 0.23517199738277297]",990,-1
31867,[0.3190765  0.31412821],2,-1,-1,-1,-1
31868,[0.46329196 0.49435508],5,6,"[0.5164739970238864, 0.5319253761973344]",-1,-1
31869,[0.27650917 0.48656987],7,8,"[0.27392971195344684, 0.45973140540928376]",1797,-1
31870,[0.41508847 0.40849853],6,-1,-1,758,-1
31871,[0.55371041 0.68183254],5,2,"[0.5921204552873188, 0.6383928111301557]",-1,-1
31872,[0.36492622 0.29687553],6,1,"[0.3897435781344088, 0.3417040596068965]",-1,-1
31873,[0.31361899 0.52418655],3,7,"[0.2817018170798153, 0.5849768676672948]",-1,-1
31874,[0.27959506 0.61711418],4,7,"[0.2817018170798153, 0.5849768676672948]",878,-1
31875,[0.29123869 0.41754477],7,8,"[0.27392971195344684, 0.45973140540928376]",-1,-1
31876,[0.17262479 0.58766666],4,-1,-1,-1,-1
31877,[0.57944643 0.60707333],5,2,"[0.5921204552873188, 0.6383928111301557]",-1,6
31878,[0.50346343 0.23839766],6,-1,-1,-1,-1
31879,[0.22435174 0.48820773],7,8,"[0.27392971195344684, 0.45973140540928376]",-1,-1
31880,[0.3045435  0.65030823],3,7,"[0.2817018170798153, 0.5849768676672948]",590,-1
31881,[0.08394201 0.49143929],7,-1,-1,-1,-1
31882,[0.66839907 0.75347198],9,-1,-1,-1,-1
31883,[0.3362573  0.22958789],0,9,"[0.3110394802231661, 0.23517199738277297]",-1,-1
31884,[0.36008256 0.43001203],4,-1,-1,-1,-1
31885,[0.31308775 0.30591465],6,-1,-1,1647,-1
31886,[0.15874493 0.2517388 ],0,-1,-1,-1,-1
31887,[0.76227031 0.32963121],8,-1,-1,-1,-1
31888,[0.37359709 0.23336127],6,9,"[0.3110394802231661, 0.23517199738277297]",484,-1
31889,[0.26720686 0.49186885],7,8,"[0.27392971195344684, 0.45973140540928376]",-1,-1
31890,[0.60434676 0.54690148],9,-1,-1,1293,-1
31891,[0.44779288 0.56362431],5,0,"[0.383291892093257, 0.5586820702346661]",-1,-1
31892,[0.55382525 0.66800888],9,2,"[0.5921204552873188, 0.6383928111301557]",-1,-1
31893,[0.49072801 0.61536621],5,-1,-1,918,-1
31894,[0.55171035 0.4611761 ],5,-1,-1,-1,-1
31895,[0.45543777 0.27193627],6,-1,-1,585,-1
31896,[0.34124519 0.40707624],6,-1,-1,-1,-1
31897,[0.33670603 0.26072037],0,9,"[0.3110394802231661, 0.23517199738277297]",-1,-1
31898,[0.21961668 0.18897737],0,-1,-1,375,-1
31899,[0.5559435  0.57866323],5,6,"[0.5164739970238864, 0.5319253761973344]",-1,6
31900,[0.4409407  0.25025278],6,-1,-1,240,-1
31901,[0.33593505 0.55000917],7,0,"[0.383291892093257, 0.5586820702346661]",1958,-1
31902,[0.31316695 0.44128029],7,8,"[0.27392971195344684, 0.45973140540928376]",-1,-1
31903,[0.72281588 0.82444206],1,-1,-1,50,-1
31904,[0.29464902 0.66182944],3,-1,-1,226,-1
31905,[0.77334079 0.82400082],1,-1,-1,163,0
31906,[0.72824268 0.70719656],1,4,"[0.7726811996944247, 0.7249303226766757]",-1,0
31907,[0.41616283 0.2478595 ],0,-1,-1,-1,-1
31908,[0.71200083 0.56644375],8,-1,-1,563,-1
31909,[0.21197098 0.27982083],2,5,"[0.23231087327800656, 0.30304944505444303]",-1,-1
31910,[0.54339497 0.6880582 ],9,2,"[0.5921204552873188, 0.6383928111301557]",560,-1
31911,[0.23507981 0.09397021],0,-1,-1,-1,-1
31912,[0.30959415 0.29214657],0,9,"[0.3110394802231661, 0.23517199738277297]",1614,11
31913,[0.68626562 0.63043333],1,-1,-1,493,-1
31914,[0.51883961 0.6989279 ],9,-1,-1,-1,-1
31915,[0.22914005 0.3030885 ],0,5,"[0.23231087327800656, 0.30304944505444303]",1468,-1
31916,[0.2128421  0.22397615],0,-1,-1,-1,-1
31917,[0.54192542 0.54214624],5,6,"[0.5164739970238864, 0.5319253761973344]",-1,-1
31918,[0.4090172  0.40666169],4,1,"[0.3897435781344088, 0.3417040596068965]",-1,-1
31919,[0.17944162 0.38822776],2,-1,-1,133,-1
31920,[0.46668187 0.23784599],6,-1,-1,82,-1
31921,[0.8446856  0.76588469],1,-1,-1,-1,0
31922,[0.84305201 0.76086508],1,-1,-1,-1,0
31923,[0.29324905 0.24502691],2,9,"[0.3110394802231661, 0.23517199738277297]",1465,-1
31924,[0.34591246 0.38463232],2,1,"[0.3897435781344088, 0.3417040596068965]",995,-1
31925,[0.55404026 0.71700451],9,-1,-1,245,-1
31926,[0.66009698 0.45293502],8,3,"[0.6815204869410737, 0.47689852788858716]",733,-1
31927,[0.22206301 0.67612846],4,-1,-1,-1,-1
31928,[0.39420184 0.6139621 ],3,0,"[0.383291892093257, 0.5586820702346661]",-1,-1
31929,[0.17068341 0.17888655],0,-1,-1,-1,-1
31930,[0.45878817 0.3399602 ],6,1,"[0.3897435781344088, 0.3417040596068965]",531,-1
31931,[0.70656417 0.80191368],1,-1,-1,-1,0
31932,[0.62831618 0.6139289 ],9,2,"[0.5921204552873188, 0.6383928111301557]",740,-1
31933,[0.32920467 0.54611935],4,0,"[0.383291892093257, 0.5586820702346661]",-1,-1
31934,[0.26080931 0.2344042 ],2,9,"[0.3110394802231661, 0.23517199738277297]",1137,-1
31935,[0.63648243 0.46351144],8,3,"[0.6815204869410737, 0.47689852788858716]",-1,-1
31936,[0.36599441 0.29336466],2,1,"[0.3897435781344088, 0.3417040596068965]",1542,-1
31937,[0.3347332  0.34138726],6,1,"[0.3897435781344088, 0.3417040596068965]",1558,-1
31938,[0.2803723  0.60474853],4,7,"[0.2817018170798153, 0.5849768676672948]",1032,-1
31939,[0.24088381 0.26747774],2,5,"[0.23231087327800656, 0.30304944505444303]",1363,-1
31940,[0.31758667 0.27382582],6,9,"[0.3110394802231661, 0.23517199738277297]",1506,-1
31941,[0.27060662 0.30631169],2,5,"[0.23231087327800656, 0.30304944505444303]",1656,-1
31942,[0.86042223 0.69770111],1,-1,-1,-1,0
31943,[0.33250821 0.56858638],3,0,"[0.383291892093257, 0.5586820702346661]",-1,-1
31944,[0.69214155 0.57305554],8,-1,-1,235,-1
31945,[0.64925899 0.63595347],9,2,"[0.5921204552873188, 0.6383928111301557]",939,-1
31946,[0.56624107 0.68594304],9,2,"[0.5921204552873188, 0.6383928111301557]",-1,-1
31947,[0.3630743  0.53959171],4,0,"[0.383291892093257, 0.5586820702346661]",-1,-1
31948,[0.59267342 0.55944787],5,-1,-1,1253,-1
31949,[0.94254154 0.85027895],1,-1,-1,-1,-1
31950,[0.28306618 0.26374995],0,9,"[0.3110394802231661, 0.23517199738277297]",-1,-1
31951,[0.48188165 0.52452003],5,6,"[0.5164739970238864, 0.5319253761973344]",-1,-1
31952,[0.63110419 0.57825474],9,-1,-1,1194,-1
31953,[0.68654077 0.56376691],9,-1,-1,-1,-1
31954,[0.27665276 0.1808612 ],0,9,"[0.3110394802231661, 0.23517199738277297]",-1,-1
31955,[0.22840973 0.23126202],0,-1,-1,947,-1
31956,[0.89820323 0.79119448],1,-1,-1,-1,-1
31957,[0.5872991  0.45925978],8,-1,-1,607,-1
31958,[0.68582581 0.53834579],8,3,"[0.6815204869410737, 0.47689852788858716]",673,-1
31959,[0.53402388 0.49144476],8,6,"[0.5164739970238864, 0.5319253761973344]",-1,-1
31960,[0.34861757 0.5634493 ],4,0,"[0.383291892093257, 0.5586820702346661]",1902,17
31961,[0.51681593 0.5765089 ],5,6,"[0.5164739970238864, 0.5319253761973344]",1384,-1
31962,[0.75969894 0.61318409],1,-1,-1,-1,-1
31963,[0.71164516 0.69306631],1,4,"[0.7726811996944247, 0.7249303226766757]",-1,0
31964,[0.18445039 0.43753451],7,-1,-1,-1,-1
31965,[0.35232947 0.37269496],0,1,"[0.3897435781344088, 0.3417040596068965]",1079,-1
31966,[0.26881055 0.49420357],3,8,"[0.27392971195344684, 0.45973140540928376]",-1,-1
31967,[0.31012893 0.54280575],4,7,"[0.2817018170798153, 0.5849768676672948]",1986,17
31968,[0.63589493 0.59333483],9,2,"[0.5921204552873188, 0.6383928111301557]",-1,-1
31969,[0.54885602 0.71514992],9,-1,-1,-1,-1
31970,[0.31845065 0.47794652],7,8,"[0.27392971195344684, 0.45973140540928376]",1756,-1
31971,[0.64040844 0.48481459],8,3,"[0.6815204869410737, 0.47689852788858716]",820,1
31972,[0.36459061 0.48303307],7,-1,-1,-1,-1
31973,[0.42767847 0.49061253],3,-1,-1,766,-1
31974,[0.44291192 0.18218627],6,-1,-1,-1,-1
31975,[0.33680986 0.54862943],4,0,"[0.383291892093257, 0.5586820702346661]",1958,-1
31976,[0.68637233 0.55316566],8,-1,-1,673,-1
31977,[0.1761959  0.32661026],0,5,"[0.23231087327800656, 0.30304944505444303]",497,-1
31978,[0.48706268 0.44499672],5,-1,-1,-1,-1
31979,[0.3559609  0.47939103],3,-1,-1,-1,-1
31980,[0.37797446 0.42875828],6,-1,-1,683,-1
31981,[0.38808806 0.58300303],4,0,"[0.383291892093257, 0.5586820702346661]",-1,-1
31982,[0.7011475  0.73622603],1,-1,-1,383,0
31983,[0.72187476 0.45654749],8,3,"[0.6815204869410737, 0.47689852788858716]",693,-1
31984,[0.63187107 0.58637525],8,2,"[0.5921204552873188, 0.6383928111301557]",-1,-1
31985,[0.232307   0.45045364],4,8,"[0.27392971195344684, 0.45973140540928376]",-1,-1
31986,[0.55325585 0.48654425],5,6,"[0.5164739970238864, 0.5319253761973344]",845,-1
31987,[0.42619528 0.62859469],3,-1,-1,-1,-1
31988,[0.64707751 0.59245865],5,-1,-1,1013,-1
31989,[0.42460498 0.22690116],6,-1,-1,-1,-1
31990,[0.63945081 0.43218011],8,3,"[0.6815204869410737, 0.47689852788858716]",731,-1
31991,[0.61281685 0.67537103],9,2,"[0.5921204552873188, 0.6383928111301557]",-1,-1
31992,[0.30218411 0.48461461],4,8,"[0.27392971195344684, 0.45973140540928376]",-1,-1
31993,[0.32289191 0.32606203],6,1,"[0.3897435781344088, 0.3417040596068965]",1671,-1
31994,[0.27596806 0.48187304],7,8,"[0.27392971195344684, 0.45973140540928376]",1728,-1
31995,[0.5459397  0.59512766],5,2,"[0.5921204552873188, 0.6383928111301557]",-1,-1
31996,[0.52150741 0.29760254],6,-1,-1,-1,-1
31997,[0.33778062 0.47945533],3,8,"[0.27392971195344684, 0.45973140540928376]",-1,-1
31998,[0.21189226 0.44135724],7,8,"[0.27392971195344684, 0.45973140540928376]",266,-1
31999,[0.48762847 0.4380696 ],5,-1,-1,117,-1
32000,[0.27362601 0.4356784 ],7,8,"[0.27392971195344684, 0.45973140540928376]",-1,-1
32001,[0.64049483 0.47358554],8,3,"[0.6815204869410737, 0.47689852788858716]",823,-1
32002,[0.30112956 0.65243606],3,-1,-1,-1,-1
32003,[0.29973128 0.52572257],7,7,"[0.2817018170798153, 0.5849768676672948]",1788,-1
32004,[0.34373875 0.30711062],6,1,"[0.3897435781344088, 0.3417040596068965]",-1,-1
32005,[0.20269435 0.30487779],0,5,"[0.23231087327800656, 0.30304944505444303]",685,-1
32006,[0.2460573  0.58221793],7,7,"[0.2817018170798153, 0.5849768676672948]",-1,-1
32007,[0.66072254 0.67840136],9,-1,-1,-1,-1
32008,[0.70433555 0.49642542],8,3,"[0.6815204869410737, 0.47689852788858716]",-1,2
32009,[0.87238118 0.73224312],1,-1,-1,-1,0
32010,[0.42990941 0.53180558],3,0,"[0.383291892093257, 0.5586820702346661]",-1,-1
32011,[0.33822013 0.3475984 ],2,1,"[0.3897435781344088, 0.3417040596068965]",-1,-1
32012,[0.32021309 0.3872619 ],2,-1,-1,-1,-1
32013,[0.23044724 0.72703184],3,-1,-1,-1,-1
32014,[0.43240998 0.28699787],6,1,"[0.3897435781344088, 0.3417040596068965]",719,-1
32015,[0.34264863 0.34582493],6,1,"[0.3897435781344088, 0.3417040596068965]",1352,-1
32016,[0.55993944 0.58651898],9,2,"[0.5921204552873188, 0.6383928111301557]",-1,6
32017,[0.12550731 0.53564245],7,-1,-1,-1,-1
32018,[0.37034066 0.51228012],3,0,"[0.383291892093257, 0.5586820702346661]",-1,-1
32019,[0.65956002 0.4420227 ],8,3,"[0.6815204869410737, 0.47689852788858716]",732,-1
32020,[0.5386863  0.53690459],5,6,"[0.5164739970238864, 0.5319253761973344]",1150,-1
32021,[0.33656908 0.19705517],0,9,"[0.3110394802231661, 0.23517199738277297]",256,-1
32022,[0.33384749 0.61800137],3,7,"[0.2817018170798153, 0.5849768676672948]",1694,-1
32023,[0.54193571 0.66846646],9,2,"[0.5921204552873188, 0.6383928111301557]",-1,-1
32024,[0.26777901 0.59244045],4,7,"[0.2817018170798153, 0.5849768676672948]",1655,-1
32025,[0.55100331 0.6573425 ],1,2,"[0.5921204552873188, 0.6383928111301557]",-1,-1
32026,[0.33929399 0.46269047],7,8,"[0.27392971195344684, 0.45973140540928376]",1387,-1
32027,[0.48511067 0.50176971],5,6,"[0.5164739970238864, 0.5319253761973344]",873,-1
32028,[0.41155672 0.62857975],5,-1,-1,1388,-1
32029,[0.75321534 0.41810317],8,-1,-1,-1,-1
32030,[0.30785932 0.43297849],3,8,"[0.27392971195344684, 0.45973140540928376]",1081,-1
32031,[0.64536349 0.47773107],8,3,"[0.6815204869410737, 0.47689852788858716]",824,1
32032,[0.6274384  0.56486377],5,-1,-1,-1,-1
32033,[0.29057978 0.15784456],0,-1,-1,-1,-1
32034,[0.2721768  0.15257322],0,-1,-1,-1,-1
32035,[0.58397463 0.70555786],9,2,"[0.5921204552873188, 0.6383928111301557]",523,-1
32036,[0.50990206 0.69162372],3,-1,-1,274,-1
32037,[0.30722709 0.54959718],4,7,"[0.2817018170798153, 0.5849768676672948]",-1,-1
32038,[0.23556055 0.36041401],0,5,"[0.23231087327800656, 0.30304944505444303]",-1,-1
32039,[0.24453271 0.27851622],2,5,"[0.23231087327800656, 0.30304944505444303]",-1,-1
32040,[0.46502017 0.49525929],5,6,"[0.5164739970238864, 0.5319253761973344]",-1,-1
32041,[0.31168074 0.28767248],0,9,"[0.3110394802231661, 0.23517199738277297]",1614,11
32042,[0.25184267 0.27858711],0,5,"[0.23231087327800656, 0.30304944505444303]",1530,-1
32043,[0.28883498 0.43443214],2,8,"[0.27392971195344684, 0.45973140540928376]",-1,-1
32044,[0.56111301 0.51837523],5,6,"[0.5164739970238864, 0.5319253761973344]",-1,-1
32045,[0.3396249  0.55884617],3,0,"[0.383291892093257, 0.5586820702346661]",-1,17
32046,[0.30406773 0.33320823],2,-1,-1,1676,-1
32047,[0.59088304 0.42038398],8,-1,-1,153,-1
32048,[0.22400085 0.22849389],0,-1,-1,872,-1
32049,[0.71280851 0.77411849],1,-1,-1,218,0
32050,[0.73664288 0.82433073],1,-1,-1,-1,-1
32051,[0.24101218 0.34090177],0,5,"[0.23231087327800656, 0.30304944505444303]",-1,-1
32052,[0.22193146 0.44537977],2,8,"[0.27392971195344684, 0.45973140540928376]",-1,-1
32053,[0.61674261 0.70026558],9,2,"[0.5921204552873188, 0.6383928111301557]",287,-1
32054,[0.41192161 0.57274245],4,0,"[0.383291892093257, 0.5586820702346661]",1738,-1
32055,[0.26287124 0.34711675],2,5,"[0.23231087327800656, 0.30304944505444303]",1586,-1
32056,[0.32054641 0.20518022],0,9,"[0.3110394802231661, 0.23517199738277297]",293,-1
32057,[0.52670459 0.23667002],6,-1,-1,-1,-1
32058,[0.32260843 0.40713272],7,-1,-1,-1,-1
32059,[0.32689169 0.39596191],2,-1,-1,1215,-1
32060,[0.68103305 0.65082331],9,-1,-1,-1,-1
32061,[0.77058109 0.67913891],1,4,"[0.7726811996944247, 0.7249303226766757]",399,0
32062,[0.26604148 0.1220129 ],0,-1,-1,20,-1
32063,[0.74193645 0.58881792],9,-1,-1,110,-1
32064,[0.28823074 0.56848439],4,7,"[0.2817018170798153, 0.5849768676672948]",1896,-1
32065,[0.65877004 0.48548897],8,3,"[0.6815204869410737, 0.47689852788858716]",-1,1
32066,[0.22003752 0.47932083],7,8,"[0.27392971195344684, 0.45973140540928376]",-1,-1
32067,[0.59519088 0.53445299],5,-1,-1,-1,-1
32068,[0.78624631 0.68753484],1,4,"[0.7726811996944247, 0.7249303226766757]",-1,0
32069,[0.37636402 0.50679298],4,0,"[0.383291892093257, 0.5586820702346661]",1764,-1
32070,[0.65010737 0.399827  ],8,-1,-1,-1,-1
32071,[0.46236485 0.34842751],6,-1,-1,531,-1
32072,[0.35289832 0.31325123],6,1,"[0.3897435781344088, 0.3417040596068965]",1526,-1
32073,[0.31621475 0.26986097],6,9,"[0.3110394802231661, 0.23517199738277297]",1507,-1
32074,[0.27777899 0.5140684 ],4,8,"[0.27392971195344684, 0.45973140540928376]",1887,14
32075,[0.17411959 0.49770002],7,-1,-1,-1,-1
32076,[0.68019271 0.78825837],9,-1,-1,-1,-1
32077,[0.75493165 0.65758001],1,4,"[0.7726811996944247, 0.7249303226766757]",-1,0
32078,[0.55620154 0.56454172],3,6,"[0.5164739970238864, 0.5319253761973344]",1406,6
32079,[0.30464217 0.32624745],0,-1,-1,-1,-1
32080,[0.25154985 0.62956205],4,7,"[0.2817018170798153, 0.5849768676672948]",348,-1
32081,[0.47992733 0.60355439],9,-1,-1,1153,-1
32082,[0.22263302 0.60866418],4,7,"[0.2817018170798153, 0.5849768676672948]",246,-1
32083,[0.63044888 0.6241706 ],9,2,"[0.5921204552873188, 0.6383928111301557]",1159,-1
32084,[0.29976947 0.38339004],2,-1,-1,1208,-1
32085,[0.6462723  0.59623507],9,2,"[0.5921204552873188, 0.6383928111301557]",1013,-1
32086,[0.26910038 0.54187026],7,7,"[0.2817018170798153, 0.5849768676672948]",1743,-1
32087,[0.42097218 0.61377673],3,0,"[0.383291892093257, 0.5586820702346661]",-1,-1
32088,[0.32488756 0.30014459],6,9,"[0.3110394802231661, 0.23517199738277297]",1659,-1
32089,[0.35241982 0.31415853],0,1,"[0.3897435781344088, 0.3417040596068965]",1526,-1
32090,[0.64326399 0.66302802],9,2,"[0.5921204552873188, 0.6383928111301557]",646,-1
32091,[0.27954699 0.44328029],6,8,"[0.27392971195344684, 0.45973140540928376]",-1,-1
32092,[0.30793264 0.32913509],2,-1,-1,1677,-1
32093,[0.32190462 0.20457453],0,9,"[0.3110394802231661, 0.23517199738277297]",293,-1
32094,[0.37374537 0.58646256],3,0,"[0.383291892093257, 0.5586820702346661]",1846,12
32095,[0.29216864 0.60252466],4,7,"[0.2817018170798153, 0.5849768676672948]",1693,-1
32096,[0.24809427 0.39783628],2,8,"[0.27392971195344684, 0.45973140540928376]",649,-1
32097,[0.69714411 0.48248914],8,3,"[0.6815204869410737, 0.47689852788858716]",808,-1
32098,[0.63553626 0.56151794],9,-1,-1,1104,-1
32099,[0.58518167 0.5008526 ],5,-1,-1,841,-1
32100,[0.39271676 0.54339514],4,0,"[0.383291892093257, 0.5586820702346661]",-1,-1
32101,[0.57000237 0.49365309],8,6,"[0.5164739970238864, 0.5319253761973344]",848,-1
32102,[0.60719025 0.67431768],9,2,"[0.5921204552873188, 0.6383928111301557]",-1,-1
32103,[0.37011373 0.23376195],0,9,"[0.3110394802231661, 0.23517199738277297]",484,-1
32104,[0.59238894 0.57471952],9,2,"[0.5921204552873188, 0.6383928111301557]",1326,-1
32105,[0.53320408 0.43828543],5,-1,-1,146,-1
32106,[0.26532998 0.23969087],0,9,"[0.3110394802231661, 0.23517199738277297]",-1,-1
32107,[0.49485335 0.5845795 ],5,6,"[0.5164739970238864, 0.5319253761973344]",-1,-1
32108,[0.32800432 0.23935094],6,9,"[0.3110394802231661, 0.23517199738277297]",-1,-1
32109,[0.25084514 0.53227676],4,7,"[0.2817018170798153, 0.5849768676672948]",-1,-1
32110,[0.27003365 0.35007847],2,5,"[0.23231087327800656, 0.30304944505444303]",-1,-1
32111,[0.33153353 0.64057765],3,-1,-1,886,-1
32112,[0.26789563 0.56975447],7,7,"[0.2817018170798153, 0.5849768676672948]",-1,-1
32113,[0.29388736 0.59925789],4,7,"[0.2817018170798153, 0.5849768676672948]",1693,-1
32114,[0.24262884 0.35658727],0,5,"[0.23231087327800656, 0.30304944505444303]",1569,-1
32115,[0.37251467 0.32001317],6,1,"[0.3897435781344088, 0.3417040596068965]",-1,-1
32116,[0.83512634 0.64794044],1,-1,-1,170,0
32117,[0.38263554 0.32365505],6,1,"[0.3897435781344088, 0.3417040596068965]",1476,-1
32118,[0.31129521 0.4070629 ],6,8,"[0.27392971195344684, 0.45973140540928376]",928,-1
32119,[0.17883628 0.52797213],7,-1,-1,-1,-1
32120,[0.24090903 0.35738225],2,5,"[0.23231087327800656, 0.30304944505444303]",1569,-1
32121,[0.57453524 0.47100869],8,-1,-1,-1,-1
32122,[0.3022486  0.18543963],0,9,"[0.3110394802231661, 0.23517199738277297]",425,-1
32123,[0.30814491 0.52462569],7,7,"[0.2817018170798153, 0.5849768676672948]",1918,-1
32124,[0.30242759 0.10072963],0,-1,-1,-1,-1
32125,[0.42692454 0.52819625],3,0,"[0.383291892093257, 0.5586820702346661]",-1,-1
32126,[0.22775244 0.28268183],0,5,"[0.23231087327800656, 0.30304944505444303]",-1,-1
32127,[0.07885006 0.27995945],0,-1,-1,-1,-1
32128,[0.81694903 0.65070484],1,-1,-1,255,0
32129,[0.38377094 0.62139965],4,0,"[0.383291892093257, 0.5586820702346661]",894,-1
32130,[0.4548099  0.61473314],3,-1,-1,703,-1
32131,[0.686059  0.3733272],8,-1,-1,-1,-1
32132,[0.75058005 0.49287884],8,-1,-1,508,-1
32133,[0.30237934 0.55978371],7,7,"[0.2817018170798153, 0.5849768676672948]",-1,-1
32134,[0.71186064 0.65134718],1,-1,-1,221,0
32135,[0.24699403 0.19101326],0,-1,-1,-1,-1
32136,[0.17945875 0.49163474],4,-1,-1,-1,-1
32137,[0.71686537 0.41892402],8,3,"[0.6815204869410737, 0.47689852788858716]",443,-1
32138,[0.28252007 0.34921448],2,5,"[0.23231087327800656, 0.30304944505444303]",-1,-1
32139,[0.30725989 0.30641854],0,-1,-1,-1,-1
32140,[0.29226444 0.57949798],4,7,"[0.2817018170798153, 0.5849768676672948]",-1,-1
32141,[0.37037529 0.62514644],4,0,"[0.383291892093257, 0.5586820702346661]",-1,-1
32142,[0.68432711 0.44579873],8,3,"[0.6815204869410737, 0.47689852788858716]",-1,-1
32143,[0.35777365 0.57513311],3,0,"[0.383291892093257, 0.5586820702346661]",1843,-1
32144,[0.78398662 0.70092428],1,4,"[0.7726811996944247, 0.7249303226766757]",-1,0
32145,[0.31139832 0.26659031],0,9,"[0.3110394802231661, 0.23517199738277297]",-1,-1
32146,[0.38729857 0.34839528],6,1,"[0.3897435781344088, 0.3417040596068965]",-1,-1
32147,[0.22482616 0.14753101],0,-1,-1,-1,-1
32148,[0.57161847 0.39032894],5,-1,-1,-1,-1
32149,[0.39913306 0.25022149],6,-1,-1,849,-1
32150,[0.32503045 0.52143089],7,0,"[0.383291892093257, 0.5586820702346661]",-1,-1
32151,[0.33939172 0.64196814],7,-1,-1,900,-1
32152,[0.41073633 0.56727459],7,0,"[0.383291892093257, 0.5586820702346661]",-1,-1
32153,[0.34605258 0.40977893],7,-1,-1,880,-1
32154,[0.61512047 0.68395551],9,2,"[0.5921204552873188, 0.6383928111301557]",662,-1
32155,[0.29472477 0.26460891],0,9,"[0.3110394802231661, 0.23517199738277297]",1496,-1
32156,[0.50085582 0.59776401],3,6,"[0.5164739970238864, 0.5319253761973344]",1063,-1
32157,[0.78759196 0.7484472 ],1,4,"[0.7726811996944247, 0.7249303226766757]",-1,0
32158,[0.81341492 0.67739003],1,4,"[0.7726811996944247, 0.7249303226766757]",361,0
32159,[0.79164314 0.52257169],8,-1,-1,69,-1
32160,[0.62923533 0.49603967],8,3,"[0.6815204869410737, 0.47689852788858716]",789,-1
32161,[0.23886699 0.5897534 ],4,7,"[0.2817018170798153, 0.5849768676672948]",-1,-1
32162,[0.43638554 0.40573326],6,-1,-1,426,-1
32163,[0.22715921 0.63413834],4,-1,-1,-1,-1
32164,[0.61528903 0.48955603],5,3,"[0.6815204869410737, 0.47689852788858716]",789,-1
32165,[0.41165291 0.59515152],3,0,"[0.383291892093257, 0.5586820702346661]",-1,-1
32166,[0.71152313 0.47183448],8,3,"[0.6815204869410737, 0.47689852788858716]",780,-1
32167,[0.16921618 0.43502689],7,-1,-1,-1,-1
32168,[0.38594354 0.64578403],3,-1,-1,-1,-1
32169,[0.43586099 0.53848649],4,0,"[0.383291892093257, 0.5586820702346661]",1136,-1
32170,[0.50536654 0.46833719],5,6,"[0.5164739970238864, 0.5319253761973344]",248,-1
32171,[0.76601473 0.58964476],1,-1,-1,57,-1
32172,[0.27820213 0.54915784],7,7,"[0.2817018170798153, 0.5849768676672948]",-1,-1
32173,[0.24729673 0.50679544],4,8,"[0.27392971195344684, 0.45973140540928376]",1759,-1
32174,[0.29983673 0.42868414],3,8,"[0.27392971195344684, 0.45973140540928376]",-1,-1
32175,[0.57096102 0.6272422 ],9,2,"[0.5921204552873188, 0.6383928111301557]",-1,-1
32176,[0.35896621 0.18646171],6,9,"[0.3110394802231661, 0.23517199738277297]",-1,-1
32177,[0.43866037 0.54566044],4,0,"[0.383291892093257, 0.5586820702346661]",1296,-1
32178,[0.30510994 0.24235536],0,9,"[0.3110394802231661, 0.23517199738277297]",-1,-1
32179,[0.4213601  0.54599965],3,0,"[0.383291892093257, 0.5586820702346661]",1714,-1
32180,[0.76302979 0.69708293],1,4,"[0.7726811996944247, 0.7249303226766757]",460,0
32181,[0.52043004 0.60118896],9,6,"[0.5164739970238864, 0.5319253761973344]",1364,-1
32182,[0.56815651 0.57287854],9,6,"[0.5164739970238864, 0.5319253761973344]",-1,-1
32183,[0.5443362  0.52640609],8,6,"[0.5164739970238864, 0.5319253761973344]",-1,-1
32184,[0.37161316 0.30530513],2,1,"[0.3897435781344088, 0.3417040596068965]",1472,-1
32185,[0.33935413 0.43620124],2,8,"[0.27392971195344684, 0.45973140540928376]",-1,-1
32186,[0.35218797 0.37863569],6,1,"[0.3897435781344088, 0.3417040596068965]",1078,-1
32187,[0.29962807 0.4175095 ],7,8,"[0.27392971195344684, 0.45973140540928376]",1074,-1
32188,[0.433578   0.37898106],6,1,"[0.3897435781344088, 0.3417040596068965]",-1,-1
32189,[0.29695306 0.45854447],7,8,"[0.27392971195344684, 0.45973140540928376]",-1,-1
32190,[0.2021653  0.34973208],2,5,"[0.23231087327800656, 0.30304944505444303]",749,-1
32191,[0.34711274 0.38629896],2,1,"[0.3897435781344088, 0.3417040596068965]",995,-1
32192,[0.37379823 0.26705523],6,-1,-1,1101,-1
32193,[0.27013383 0.32937554],2,5,"[0.23231087327800656, 0.30304944505444303]",1597,9
32194,[0.36443312 0.51908714],4,0,"[0.383291892093257, 0.5586820702346661]",-1,-1
32195,[0.42954556 0.66638169],3,-1,-1,-1,-1
32196,[0.59159415 0.62534125],9,2,"[0.5921204552873188, 0.6383928111301557]",-1,6
32197,[0.53365114 0.45814752],5,-1,-1,556,-1
32198,[0.32295923 0.24208937],6,9,"[0.3110394802231661, 0.23517199738277297]",1490,-1
32199,[0.77407365 0.67060368],1,4,"[0.7726811996944247, 0.7249303226766757]",389,0
32200,[0.73183027 0.72810094],1,4,"[0.7726811996944247, 0.7249303226766757]",-1,0
32201,[0.73892999 0.50980327],8,3,"[0.6815204869410737, 0.47689852788858716]",480,-1
32202,[0.35389079 0.15047861],0,-1,-1,-1,-1
32203,[0.23956563 0.3296991 ],6,5,"[0.23231087327800656, 0.30304944505444303]",-1,-1
32204,[0.35736448 0.51647733],3,0,"[0.383291892093257, 0.5586820702346661]",1921,-1
32205,[0.32358685 0.57059934],3,7,"[0.2817018170798153, 0.5849768676672948]",1976,-1
32206,[0.24775193 0.25955512],0,5,"[0.23231087327800656, 0.30304944505444303]",1310,-1
32207,[0.21268554 0.36661107],0,5,"[0.23231087327800656, 0.30304944505444303]",-1,-1
32208,[0.29413661 0.35130989],2,-1,-1,-1,-1
32209,[0.51187854 0.50314693],5,6,"[0.5164739970238864, 0.5319253761973344]",661,-1
32210,[0.36896535 0.63372528],3,-1,-1,784,-1
32211,[0.26219339 0.25921619],0,5,"[0.23231087327800656, 0.30304944505444303]",1053,-1
32212,[0.23538766 0.4335358 ],7,8,"[0.27392971195344684, 0.45973140540928376]",689,-1
32213,[0.26805724 0.3638058 ],2,-1,-1,-1,-1
32214,[0.39174781 0.61330345],3,0,"[0.383291892093257, 0.5586820702346661]",1721,-1
32215,[0.24997433 0.26274076],2,5,"[0.23231087327800656, 0.30304944505444303]",1310,-1
32216,[0.78509077 0.74124208],1,4,"[0.7726811996944247, 0.7249303226766757]",471,0
32217,[0.58890979 0.54533979],8,-1,-1,1290,-1
32218,[0.36779028 0.35133342],6,1,"[0.3897435781344088, 0.3417040596068965]",1245,-1
32219,[0.60376634 0.64882665],9,2,"[0.5921204552873188, 0.6383928111301557]",1321,-1
32220,[0.40417018 0.70228554],3,-1,-1,34,-1
32221,[0.36852487 0.65679307],3,-1,-1,701,-1
32222,[0.21733238 0.30590835],0,5,"[0.23231087327800656, 0.30304944505444303]",-1,-1
32223,[0.77097726 0.44365539],8,-1,-1,92,-1
32224,[0.20860431 0.47988491],4,8,"[0.27392971195344684, 0.45973140540928376]",-1,-1
32225,[0.31514254 0.34608952],6,-1,-1,-1,8
32226,[0.53829536 0.69411748],5,-1,-1,555,-1
32227,[0.75545754 0.70786748],1,4,"[0.7726811996944247, 0.7249303226766757]",463,0
32228,[0.34408204 0.61488027],3,0,"[0.383291892093257, 0.5586820702346661]",1830,-1
32229,[0.2082087  0.31315431],2,5,"[0.23231087327800656, 0.30304944505444303]",-1,-1
32230,[0.40608273 0.21597423],6,-1,-1,-1,-1
32231,[0.63449305 0.49147395],8,3,"[0.6815204869410737, 0.47689852788858716]",-1,-1
32232,[0.46251799 0.25589141],6,-1,-1,-1,-1
32233,[0.58087821 0.6370245 ],9,2,"[0.5921204552873188, 0.6383928111301557]",1095,-1
32234,[0.43924664 0.23873049],6,-1,-1,178,-1
32235,[0.32051365 0.38932917],6,-1,-1,1426,-1
32236,[0.26161805 0.21952186],0,9,"[0.3110394802231661, 0.23517199738277297]",-1,-1
32237,[0.41191441 0.5323614 ],4,0,"[0.383291892093257, 0.5586820702346661]",1244,-1
32238,[0.43431573 0.47313144],5,-1,-1,-1,-1
32239,[0.17501294 0.28561626],0,5,"[0.23231087327800656, 0.30304944505444303]",726,-1
32240,[0.32518089 0.68754986],4,-1,-1,156,-1
32241,[0.7876327  0.69716784],1,4,"[0.7726811996944247, 0.7249303226766757]",-1,0
32242,[0.65801922 0.39449599],8,-1,-1,242,-1
32243,[0.59370201 0.6287153 ],9,2,"[0.5921204552873188, 0.6383928111301557]",-1,6
32244,[0.72243826 0.5420744 ],8,-1,-1,-1,-1
32245,[0.32600162 0.34792941],0,1,"[0.3897435781344088, 0.3417040596068965]",-1,-1
32246,[0.25961678 0.23382818],0,9,"[0.3110394802231661, 0.23517199738277297]",1137,-1
32247,[0.822722  0.7953233],1,-1,-1,191,0
32248,[0.56684219 0.7015611 ],9,2,"[0.5921204552873188, 0.6383928111301557]",-1,-1
32249,[0.7718879  0.47756422],8,-1,-1,186,-1
32250,[0.59186879 0.48323439],8,-1,-1,561,-1
32251,[0.31864666 0.57389632],4,7,"[0.2817018170798153, 0.5849768676672948]",1962,-1
32252,[0.39482418 0.55164027],4,0,"[0.383291892093257, 0.5586820702346661]",1568,-1
32253,[0.71560017 0.54649183],8,-1,-1,-1,-1
32254,[0.28558029 0.53059742],7,7,"[0.2817018170798153, 0.5849768676672948]",-1,-1
32255,[0.16738521 0.24077745],0,-1,-1,172,-1
32256,[0.48952963 0.61459298],5,-1,-1,918,-1
32257,[0.27318636 0.57972036],3,7,"[0.2817018170798153, 0.5849768676672948]",1670,-1
32258,[0.67001243 0.52249335],8,3,"[0.6815204869410737, 0.47689852788858716]",828,-1
32259,[0.3814688  0.64761041],3,-1,-1,537,-1
32260,[0.31598155 0.50568385],3,8,"[0.27392971195344684, 0.45973140540928376]",1922,15
32261,[0.45895867 0.49175143],3,-1,-1,666,-1
32262,[0.81519555 0.75442744],1,4,"[0.7726811996944247, 0.7249303226766757]",373,0
32263,[0.35805034 0.57864571],3,0,"[0.383291892093257, 0.5586820702346661]",1843,-1
32264,[0.65771756 0.65146665],9,2,"[0.5921204552873188, 0.6383928111301557]",635,-1
32265,[0.76503945 0.55473191],8,-1,-1,84,-1
32266,[0.58982402 0.54624119],9,-1,-1,-1,-1
32267,[0.75025287 0.41928908],8,-1,-1,-1,-1
32268,[0.79943118 0.684342  ],1,4,"[0.7726811996944247, 0.7249303226766757]",354,0
32269,[0.47122061 0.6684485 ],9,-1,-1,-1,-1
32270,[0.62198709 0.59446627],9,2,"[0.5921204552873188, 0.6383928111301557]",1209,-1
32271,[0.73707381 0.44060219],8,3,"[0.6815204869410737, 0.47689852788858716]",-1,-1
32272,[0.80941798 0.69706116],1,4,"[0.7726811996944247, 0.7249303226766757]",365,0
32273,[0.5744115  0.64722558],9,2,"[0.5921204552873188, 0.6383928111301557]",-1,-1
32274,[0.3296204  0.29913964],2,9,"[0.3110394802231661, 0.23517199738277297]",1659,-1
32275,[0.50321068 0.23550723],6,-1,-1,-1,-1
32276,[0.46696525 0.51752024],3,6,"[0.5164739970238864, 0.5319253761973344]",1002,-1
32277,[0.2440256  0.50595986],7,8,"[0.27392971195344684, 0.45973140540928376]",-1,-1
32278,[0.20898025 0.52835175],7,-1,-1,-1,-1
32279,[0.5125096  0.68645342],9,-1,-1,274,-1
32280,[0.55948121 0.65459358],9,2,"[0.5921204552873188, 0.6383928111301557]",1196,-1
32281,[0.26239758 0.49684583],4,8,"[0.27392971195344684, 0.45973140540928376]",-1,-1
32282,[0.26624268 0.2218863 ],0,9,"[0.3110394802231661, 0.23517199738277297]",987,-1
32283,[0.63651781 0.56633273],9,-1,-1,1103,-1
32284,[0.39654586 0.45573711],4,-1,-1,584,-1
32285,[0.2969406  0.49798705],7,8,"[0.27392971195344684, 0.45973140540928376]",-1,-1
32286,[0.35142982 0.56624982],3,0,"[0.383291892093257, 0.5586820702346661]",-1,-1
32287,[0.54322204 0.57458163],5,6,"[0.5164739970238864, 0.5319253761973344]",1410,6
32288,[0.29709931 0.32855575],2,5,"[0.23231087327800656, 0.30304944505444303]",1660,-1
32289,[0.27456209 0.60695397],3,7,"[0.2817018170798153, 0.5849768676672948]",-1,-1
32290,[0.18770538 0.2882469 ],2,5,"[0.23231087327800656, 0.30304944505444303]",726,-1
32291,[0.4072755  0.36473038],6,1,"[0.3897435781344088, 0.3417040596068965]",980,-1
32292,[0.37747945 0.57714002],4,0,"[0.383291892093257, 0.5586820702346661]",-1,-1
32293,[0.24832403 0.23182867],0,9,"[0.3110394802231661, 0.23517199738277297]",985,-1
32294,[0.22220054 0.27288442],2,5,"[0.23231087327800656, 0.30304944505444303]",1024,-1
32295,[0.24428621 0.54169922],7,7,"[0.2817018170798153, 0.5849768676672948]",-1,-1
32296,[0.2638779  0.31860493],2,5,"[0.23231087327800656, 0.30304944505444303]",1516,-1
32297,[0.28268957 0.63340934],4,7,"[0.2817018170798153, 0.5849768676672948]",588,-1
32298,[0.21038843 0.56489605],3,-1,-1,486,-1
32299,[0.28714564 0.58513121],4,7,"[0.2817018170798153, 0.5849768676672948]",1810,-1
32300,[0.75668408 0.74538315],1,4,"[0.7726811996944247, 0.7249303226766757]",-1,0
32301,[0.82598929 0.77663589],1,-1,-1,290,0
32302,[0.28452039 0.21712423],6,9,"[0.3110394802231661, 0.23517199738277297]",-1,-1
32303,[0.27681988 0.51501225],4,8,"[0.27392971195344684, 0.45973140540928376]",1887,14
32304,[0.23800613 0.17408006],0,-1,-1,175,-1
32305,[0.33006658 0.30254805],2,-1,-1,1659,-1
32306,[0.74212904 0.48945848],8,3,"[0.6815204869410737, 0.47689852788858716]",508,-1
32307,[0.36887798 0.48347985],3,-1,-1,1561,-1
32308,[0.27032444 0.35757482],7,5,"[0.23231087327800656, 0.30304944505444303]",-1,-1
32309,[0.26739395 0.34296163],2,5,"[0.23231087327800656, 0.30304944505444303]",-1,-1
32310,[0.4316758  0.26291586],6,-1,-1,532,-1
32311,[0.58035752 0.58725022],5,2,"[0.5921204552873188, 0.6383928111301557]",1397,-1
32312,[0.19966072 0.34441227],2,5,"[0.23231087327800656, 0.30304944505444303]",-1,-1
32313,[0.77466503 0.69431026],1,4,"[0.7726811996944247, 0.7249303226766757]",448,0
32314,[0.2559643  0.29089606],2,5,"[0.23231087327800656, 0.30304944505444303]",1645,-1
32315,[0.65735424 0.47070797],8,3,"[0.6815204869410737, 0.47689852788858716]",-1,1
32316,[0.45469112 0.62837247],9,-1,-1,705,-1
32317,[0.19553794 0.36288269],2,-1,-1,-1,-1
32318,[0.31706647 0.47560146],7,8,"[0.27392971195344684, 0.45973140540928376]",-1,-1
32319,[0.24608147 0.30251819],0,5,"[0.23231087327800656, 0.30304944505444303]",-1,-1
32320,[0.85096213 0.83985367],1,-1,-1,18,-1
32321,[0.26316887 0.40118878],2,8,"[0.27392971195344684, 0.45973140540928376]",-1,-1
32322,[0.29640067 0.54052853],7,7,"[0.2817018170798153, 0.5849768676672948]",-1,-1
32323,[0.4233107  0.29876765],6,1,"[0.3897435781344088, 0.3417040596068965]",-1,-1
32324,[0.35619184 0.42332169],2,-1,-1,883,-1
32325,[0.37292531 0.36154201],6,1,"[0.3897435781344088, 0.3417040596068965]",1088,-1
32326,[0.56228807 0.38026778],5,-1,-1,-1,-1
32327,[0.22692738 0.21737301],0,-1,-1,-1,-1
32328,[0.1738069  0.55578482],7,-1,-1,-1,-1
32329,[0.27714256 0.45148504],2,8,"[0.27392971195344684, 0.45973140540928376]",-1,-1
32330,[0.29094481 0.55680064],4,7,"[0.2817018170798153, 0.5849768676672948]",-1,13
32331,[0.66510319 0.61338514],9,-1,-1,-1,-1
32332,[0.29231935 0.52653257],7,7,"[0.2817018170798153, 0.5849768676672948]",-1,-1
32333,[0.75326433 0.79290319],1,-1,-1,340,0
32334,[0.39139741 0.53939575],7,0,"[0.383291892093257, 0.5586820702346661]",1808,-1
32335,[0.48438835 0.64120844],9,-1,-1,647,-1
32336,[0.43848783 0.31602715],6,1,"[0.3897435781344088, 0.3417040596068965]",-1,-1
32337,[0.63998711 0.67342995],9,2,"[0.5921204552873188, 0.6383928111301557]",-1,-1
32338,[0.68321673 0.68818158],1,-1,-1,-1,-1
32339,[0.32057025 0.4854126 ],4,8,"[0.27392971195344684, 0.45973140540928376]",-1,-1
32340,[0.5911275  0.68738992],9,2,"[0.5921204552873188, 0.6383928111301557]",-1,-1
32341,[0.62432348 0.58204616],5,2,"[0.5921204552873188, 0.6383928111301557]",1204,-1
32342,[0.6658464  0.36222558],8,-1,-1,-1,-1
32343,[0.77294838 0.61183652],8,-1,-1,-1,-1
32344,[0.35164282 0.25762026],6,9,"[0.3110394802231661, 0.23517199738277297]",954,-1
32345,[0.3339341 0.2391575],0,9,"[0.3110394802231661, 0.23517199738277297]",1001,-1
32346,[0.15793192 0.23223867],0,-1,-1,124,-1
32347,[0.31111643 0.61792761],4,7,"[0.2817018170798153, 0.5849768676672948]",-1,-1
32348,[0.19135282 0.56473928],7,-1,-1,-1,-1
32349,[0.63614739 0.44255491],8,3,"[0.6815204869410737, 0.47689852788858716]",798,-1
32350,[0.4497337  0.28540353],6,-1,-1,720,-1
32351,[0.57530083 0.64994485],9,2,"[0.5921204552873188, 0.6383928111301557]",1124,-1
32352,[0.59783033 0.61243055],8,2,"[0.5921204552873188, 0.6383928111301557]",1417,-1
32353,[0.27444052 0.45800447],7,8,"[0.27392971195344684, 0.45973140540928376]",1248,-1
32354,[0.77260887 0.49967264],8,-1,-1,190,-1
32355,[0.39142245 0.39254375],2,1,"[0.3897435781344088, 0.3417040596068965]",952,-1
32356,[0.20877093 0.27215694],0,5,"[0.23231087327800656, 0.30304944505444303]",1111,-1
32357,[0.45411995 0.24900141],6,-1,-1,-1,-1
32358,[0.77471602 0.38996791],8,-1,-1,-1,-1
32359,[0.75015917 0.64696382],1,-1,-1,310,0
32360,[0.19491275 0.2252263 ],0,-1,-1,557,-1
32361,[0.78122008 0.71514755],1,4,"[0.7726811996944247, 0.7249303226766757]",477,0
32362,[0.56481402 0.52093993],5,6,"[0.5164739970238864, 0.5319253761973344]",-1,-1
32363,[0.56964845 0.63218853],9,2,"[0.5921204552873188, 0.6383928111301557]",1286,-1
32364,[0.65386633 0.66797981],9,2,"[0.5921204552873188, 0.6383928111301557]",641,-1
32365,[0.74833345 0.78499475],1,4,"[0.7726811996944247, 0.7249303226766757]",-1,0
32366,[0.11565543 0.38204604],7,-1,-1,-1,-1
32367,[0.35061785 0.59208642],4,0,"[0.383291892093257, 0.5586820702346661]",-1,-1
32368,[0.52282888 0.46449321],3,6,"[0.5164739970238864, 0.5319253761973344]",602,-1
32369,[0.28079067 0.2577941 ],0,9,"[0.3110394802231661, 0.23517199738277297]",1606,-1
32370,[0.26854845 0.42531769],7,8,"[0.27392971195344684, 0.45973140540928376]",-1,-1
32371,[0.27453671 0.52345239],7,7,"[0.2817018170798153, 0.5849768676672948]",-1,-1
32372,[0.82041314 0.67284175],1,-1,-1,334,0
32373,[0.35987124 0.2384013 ],6,9,"[0.3110394802231661, 0.23517199738277297]",-1,-1
32374,[0.64109095 0.62659639],9,2,"[0.5921204552873188, 0.6383928111301557]",1158,-1
32375,[0.38396542 0.51681563],3,0,"[0.383291892093257, 0.5586820702346661]",1781,-1
32376,[0.35103243 0.56035022],5,0,"[0.383291892093257, 0.5586820702346661]",1956,-1
32377,[0.71946936 0.44711224],8,3,"[0.6815204869410737, 0.47689852788858716]",-1,-1
32378,[0.42497831 0.670108  ],4,-1,-1,154,-1
32379,[0.49959744 0.47115954],7,6,"[0.5164739970238864, 0.5319253761973344]",-1,-1
32380,[0.41455999 0.18584559],2,-1,-1,39,-1
32381,[0.36633369 0.37569534],6,1,"[0.3897435781344088, 0.3417040596068965]",-1,-1
32382,[0.20767458 0.23715612],0,-1,-1,-1,-1
32383,[0.3600416  0.26452209],0,9,"[0.3110394802231661, 0.23517199738277297]",-1,-1
32384,[0.32489299 0.28484437],0,9,"[0.3110394802231661, 0.23517199738277297]",1520,11
32385,[0.60449929 0.37613157],8,-1,-1,-1,-1
32386,[0.39182258 0.62233082],3,0,"[0.383291892093257, 0.5586820702346661]",-1,-1
32387,[0.43310835 0.46421199],5,-1,-1,-1,-1
32388,[0.29681213 0.41409936],2,8,"[0.27392971195344684, 0.45973140540928376]",1074,-1
32389,[0.41092805 0.24904108],6,-1,-1,610,-1
32390,[0.78482199 0.69485687],1,4,"[0.7726811996944247, 0.7249303226766757]",448,0
32391,[0.29270847 0.4768533 ],7,8,"[0.27392971195344684, 0.45973140540928376]",1731,-1
32392,[0.38061998 0.28716577],6,1,"[0.3897435781344088, 0.3417040596068965]",1027,-1
32393,[0.29890971 0.55745813],4,7,"[0.2817018170798153, 0.5849768676672948]",-1,-1
32394,[0.42836761 0.59878883],3,0,"[0.383291892093257, 0.5586820702346661]",1574,-1
32395,[0.4953697  0.53510725],5,6,"[0.5164739970238864, 0.5319253761973344]",1186,-1
32396,[0.58724509 0.52325923],5,-1,-1,1102,-1
32397,[0.57161267 0.46042773],8,-1,-1,517,-1
32398,[0.54036292 0.64096623],9,2,"[0.5921204552873188, 0.6383928111301557]",1256,-1
32399,[0.21040438 0.41094737],0,-1,-1,202,-1
32400,[0.32674059 0.53701458],7,0,"[0.383291892093257, 0.5586820702346661]",1933,-1
32401,[0.70715207 0.71530248],1,4,"[0.7726811996944247, 0.7249303226766757]",-1,0
32402,[0.63834666 0.66286892],9,2,"[0.5921204552873188, 0.6383928111301557]",646,-1
32403,[0.23502526 0.55086443],7,7,"[0.2817018170798153, 0.5849768676672948]",1411,-1
32404,[0.76936544 0.49951336],8,-1,-1,190,-1
32405,[0.26183664 0.59402399],4,7,"[0.2817018170798153, 0.5849768676672948]",-1,-1
32406,[0.25773377 0.58312728],4,7,"[0.2817018170798153, 0.5849768676672948]",1514,-1
32407,[0.28487402 0.45589533],7,8,"[0.27392971195344684, 0.45973140540928376]",1243,-1
32408,[0.39540759 0.37889434],6,1,"[0.3897435781344088, 0.3417040596068965]",759,-1
32409,[0.55117557 0.48532841],5,6,"[0.5164739970238864, 0.5319253761973344]",-1,-1
32410,[0.29942286 0.47666424],7,8,"[0.27392971195344684, 0.45973140540928376]",-1,-1
32411,[0.57371659 0.5682211 ],9,6,"[0.5164739970238864, 0.5319253761973344]",1446,-1
32412,[0.18980453 0.46724459],4,-1,-1,210,-1
32413,[0.29618384 0.59450099],4,7,"[0.2817018170798153, 0.5849768676672948]",1820,-1
32414,[0.3753435  0.47168079],4,-1,-1,-1,-1
32415,[0.78963508 0.68888319],1,4,"[0.7726811996944247, 0.7249303226766757]",448,0
32416,[0.19009234 0.54766621],7,-1,-1,-1,-1
32417,[0.70996716 0.47910906],8,3,"[0.6815204869410737, 0.47689852788858716]",791,-1
32418,[0.20862174 0.59347703],7,-1,-1,181,-1
32419,[0.40736642 0.49816365],4,0,"[0.383291892093257, 0.5586820702346661]",-1,-1
32420,[0.27493356 0.43172852],2,8,"[0.27392971195344684, 0.45973140540928376]",-1,-1
32421,[0.27639753 0.26224972],2,9,"[0.3110394802231661, 0.23517199738277297]",-1,-1
32422,[0.74705703 0.43022346],8,-1,-1,-1,-1
32423,[0.68932478 0.43998637],8,3,"[0.6815204869410737, 0.47689852788858716]",611,-1
32424,[0.43226238 0.37776241],6,1,"[0.3897435781344088, 0.3417040596068965]",-1,-1
32425,[0.3494917  0.57477257],3,0,"[0.383291892093257, 0.5586820702346661]",-1,-1
32426,[0.32875583 0.57076817],3,7,"[0.2817018170798153, 0.5849768676672948]",-1,-1
32427,[0.55946379 0.55682943],9,6,"[0.5164739970238864, 0.5319253761973344]",-1,-1
32428,[0.27054626 0.29518142],2,5,"[0.23231087327800656, 0.30304944505444303]",-1,-1
32429,[0.59298031 0.51783461],9,-1,-1,1102,-1
32430,[0.72863624 0.63519748],9,-1,-1,184,0
32431,[0.83410523 0.63996972],1,-1,-1,170,0
32432,[0.17977098 0.47925071],3,-1,-1,214,-1
32433,[0.78465575 0.77767223],1,4,"[0.7726811996944247, 0.7249303226766757]",407,0
32434,[0.76159166 0.69378817],1,4,"[0.7726811996944247, 0.7249303226766757]",-1,0
32435,[0.21864888 0.37403121],2,-1,-1,-1,-1
32436,[0.25316804 0.26905467],0,5,"[0.23231087327800656, 0.30304944505444303]",1539,-1
32437,[0.51788397 0.52809967],9,6,"[0.5164739970238864, 0.5319253761973344]",1192,3
32438,[0.36129924 0.35718939],2,1,"[0.3897435781344088, 0.3417040596068965]",1245,-1
32439,[0.38816728 0.29923392],0,1,"[0.3897435781344088, 0.3417040596068965]",-1,-1
32440,[0.40333327 0.29821315],6,1,"[0.3897435781344088, 0.3417040596068965]",-1,-1
32441,[0.32972285 0.21583797],0,9,"[0.3110394802231661, 0.23517199738277297]",-1,-1
32442,[0.2974016  0.48567715],7,8,"[0.27392971195344684, 0.45973140540928376]",-1,-1
32443,[0.66158776 0.44830464],8,3,"[0.6815204869410737, 0.47689852788858716]",732,-1
32444,[0.49042688 0.29615326],6,-1,-1,173,-1
32445,[0.78293497 0.67960138],1,4,"[0.7726811996944247, 0.7249303226766757]",397,0
32446,[0.14433428 0.43732981],2,-1,-1,-1,-1
32447,[0.32799977 0.28586153],0,9,"[0.3110394802231661, 0.23517199738277297]",1520,-1
32448,[0.2934047  0.28623141],0,9,"[0.3110394802231661, 0.23517199738277297]",1554,-1
32449,[0.72945662 0.7849251 ],1,-1,-1,-1,0
32450,[0.69405359 0.49502521],8,3,"[0.6815204869410737, 0.47689852788858716]",836,2
32451,[0.61756478 0.58578265],8,2,"[0.5921204552873188, 0.6383928111301557]",1204,-1
32452,[0.42770727 0.55287339],3,0,"[0.383291892093257, 0.5586820702346661]",1205,-1
32453,[0.45475841 0.42936625],6,-1,-1,-1,-1
32454,[0.74516361 0.78336107],1,4,"[0.7726811996944247, 0.7249303226766757]",-1,0
32455,[0.38692754 0.66566164],3,-1,-1,-1,-1
32456,[0.31156059 0.62212327],4,7,"[0.2817018170798153, 0.5849768676672948]",1131,-1
32457,[0.21181606 0.32800277],2,5,"[0.23231087327800656, 0.30304944505444303]",-1,-1
32458,[0.56166966 0.54846699],5,6,"[0.5164739970238864, 0.5319253761973344]",1405,-1
32459,[0.33048869 0.50353472],4,-1,-1,1909,-1
32460,[0.31041524 0.38278162],7,-1,-1,1420,-1
32461,[0.63468942 0.60143728],9,2,"[0.5921204552873188, 0.6383928111301557]",-1,-1
32462,[0.5444727 0.5727643],9,6,"[0.5164739970238864, 0.5319253761973344]",-1,-1
32463,[0.21380948 0.52129517],7,-1,-1,1090,-1
32464,[0.52996638 0.59826693],9,6,"[0.5164739970238864, 0.5319253761973344]",1329,-1
32465,[0.7800448  0.66108464],1,4,"[0.7726811996944247, 0.7249303226766757]",-1,0
32466,[0.36046633 0.34961786],2,1,"[0.3897435781344088, 0.3417040596068965]",1350,-1
32467,[0.56547358 0.55170273],9,6,"[0.5164739970238864, 0.5319253761973344]",-1,-1
32468,[0.25453013 0.60874767],7,7,"[0.2817018170798153, 0.5849768676672948]",-1,-1
32469,[0.64972836 0.56050466],9,-1,-1,-1,-1
32470,[0.37319591 0.55394531],7,0,"[0.383291892093257, 0.5586820702346661]",-1,-1
32471,[0.73414001 0.75259753],1,4,"[0.7726811996944247, 0.7249303226766757]",-1,0
32472,[0.37882544 0.3780998 ],0,1,"[0.3897435781344088, 0.3417040596068965]",-1,-1
32473,[0.2484518  0.28817218],0,5,"[0.23231087327800656, 0.30304944505444303]",1640,-1
32474,[0.72832404 0.73078346],1,4,"[0.7726811996944247, 0.7249303226766757]",381,0
32475,[0.66235757 0.40536476],8,-1,-1,-1,-1
32476,[0.35645051 0.51161339],4,0,"[0.383291892093257, 0.5586820702346661]",-1,-1
32477,[0.75202297 0.69385398],1,4,"[0.7726811996944247, 0.7249303226766757]",-1,0
32478,[0.27493436 0.67866243],3,-1,-1,-1,-1
32479,[0.29497929 0.52751834],4,7,"[0.2817018170798153, 0.5849768676672948]",1788,14
32480,[0.51123174 0.56213799],5,6,"[0.5164739970238864, 0.5319253761973344]",1376,-1
32481,[0.27592484 0.19465442],2,9,"[0.3110394802231661, 0.23517199738277297]",648,-1
32482,[0.53433205 0.64425096],9,2,"[0.5921204552873188, 0.6383928111301557]",1259,-1
32483,[0.34770146 0.61231159],7,0,"[0.383291892093257, 0.5586820702346661]",-1,-1
32484,[0.20483305 0.3201614 ],0,5,"[0.23231087327800656, 0.30304944505444303]",-1,-1
32485,[0.67072646 0.58495276],8,-1,-1,-1,-1
32486,[0.52497997 0.53845388],5,6,"[0.5164739970238864, 0.5319253761973344]",1177,-1
32487,[0.25751231 0.54629752],3,7,"[0.2817018170798153, 0.5849768676672948]",1559,-1
32488,[0.28570581 0.42412137],4,8,"[0.27392971195344684, 0.45973140540928376]",1075,-1
32489,[0.45463628 0.54713063],7,6,"[0.5164739970238864, 0.5319253761973344]",1289,-1
32490,[0.42638846 0.59263359],3,0,"[0.383291892093257, 0.5586820702346661]",1702,-1
32491,[0.48586506 0.51927072],5,6,"[0.5164739970238864, 0.5319253761973344]",936,-1
32492,[0.6050999  0.54231052],9,-1,-1,-1,-1
32493,[0.5938342 0.6476188],5,2,"[0.5921204552873188, 0.6383928111301557]",-1,-1
32494,[0.35815006 0.48518728],4,-1,-1,1746,-1
32495,[0.35800423 0.32643898],6,1,"[0.3897435781344088, 0.3417040596068965]",1407,-1
32496,[0.64022311 0.52731074],5,3,"[0.6815204869410737, 0.47689852788858716]",861,-1
32497,[0.62456487 0.47862285],9,3,"[0.6815204869410737, 0.47689852788858716]",624,-1
32498,[0.38316001 0.3694048 ],6,1,"[0.3897435781344088, 0.3417040596068965]",-1,-1
32499,[0.55108337 0.58845421],9,2,"[0.5921204552873188, 0.6383928111301557]",-1,-1
32500,[0.43454651 0.47267056],5,-1,-1,-1,-1
32501,[0.57430862 0.5255027 ],5,6,"[0.5164739970238864, 0.5319253761973344]",1198,-1
32502,[0.34472215 0.53151256],3,0,"[0.383291892093257, 0.5586820702346661]",1946,16
32503,[0.52997047 0.44258587],5,-1,-1,-1,-1
32504,[0.47776943 0.51976247],5,6,"[0.5164739970238864, 0.5319253761973344]",1002,-1
32505,[0.3010132  0.34322938],2,-1,-1,1626,8
32506,[0.75245141 0.88106757],1,-1,-1,-1,-1
32507,[0.52904996 0.60852548],5,2,"[0.5921204552873188, 0.6383928111301557]",1203,-1
32508,[0.37782403 0.31448578],6,1,"[0.3897435781344088, 0.3417040596068965]",1462,-1
32509,[0.26763829 0.32131981],6,5,"[0.23231087327800656, 0.30304944505444303]",-1,-1
32510,[0.35327316 0.25016577],2,9,"[0.3110394802231661, 0.23517199738277297]",-1,-1
32511,[0.31066038 0.36838908],2,-1,-1,1483,-1
32512,[0.40156308 0.5658363 ],3,0,"[0.383291892093257, 0.5586820702346661]",1748,-1
32513,[0.33151171 0.58217715],4,7,"[0.2817018170798153, 0.5849768676672948]",-1,-1
32514,[0.75696591 0.33645659],8,-1,-1,-1,-1
32515,[0.38407568 0.20445113],6,-1,-1,174,-1
32516,[0.42771178 0.26373321],6,-1,-1,-1,-1
32517,[0.39141136 0.30967082],2,1,"[0.3897435781344088, 0.3417040596068965]",1050,-1
32518,[0.3539369  0.35246496],6,1,"[0.3897435781344088, 0.3417040596068965]",-1,-1
32519,[0.35871666 0.48113522],7,-1,-1,-1,-1
32520,[0.24696576 0.2274954 ],0,9,"[0.3110394802231661, 0.23517199738277297]",985,-1
32521,[0.22825516 0.58434009],7,7,"[0.2817018170798153, 0.5849768676672948]",-1,-1
32522,[0.36247802 0.29030225],2,1,"[0.3897435781344088, 0.3417040596068965]",1542,-1
32523,[0.55680924 0.63630874],9,2,"[0.5921204552873188, 0.6383928111301557]",1278,6
32524,[0.3615166 0.48168  ],4,-1,-1,-1,-1
32525,[0.44393496 0.55390225],4,0,"[0.383291892093257, 0.5586820702346661]",-1,-1
32526,[0.13755494 0.14720215],0,-1,-1,-1,-1
32527,[0.70493546 0.66273203],1,-1,-1,414,0
32528,[0.19688474 0.5381604 ],7,-1,-1,323,-1
32529,[0.52276511 0.53086286],9,6,"[0.5164739970238864, 0.5319253761973344]",1177,3
32530,[0.49969499 0.50682604],5,6,"[0.5164739970238864, 0.5319253761973344]",725,-1
32531,[0.33149582 0.32373911],6,1,"[0.3897435781344088, 0.3417040596068965]",1683,-1
32532,[0.42105742 0.29474709],6,1,"[0.3897435781344088, 0.3417040596068965]",775,-1
32533,[0.27774791 0.5755278 ],7,7,"[0.2817018170798153, 0.5849768676672948]",-1,-1
32534,[0.43281031 0.62106516],3,-1,-1,-1,-1
32535,[0.24067895 0.54708298],4,7,"[0.2817018170798153, 0.5849768676672948]",1481,-1
32536,[0.48811352 0.28390775],6,-1,-1,-1,-1
32537,[0.271348   0.48601725],4,8,"[0.27392971195344684, 0.45973140540928376]",-1,-1
32538,[0.61412075 0.65976228],9,2,"[0.5921204552873188, 0.6383928111301557]",902,-1
32539,[0.68352783 0.39163861],8,-1,-1,217,-1
32540,[0.42723263 0.42480755],6,-1,-1,403,-1
32541,[0.645966   0.64798678],9,2,"[0.5921204552873188, 0.6383928111301557]",645,-1
32542,[0.66493441 0.43506766],8,3,"[0.6815204869410737, 0.47689852788858716]",732,-1
32543,[0.35648803 0.52779855],7,0,"[0.383291892093257, 0.5586820702346661]",-1,-1
32544,[0.40400219 0.60774005],4,0,"[0.383291892093257, 0.5586820702346661]",1697,-1
32545,[0.44128656 0.3640581 ],6,1,"[0.3897435781344088, 0.3417040596068965]",552,-1
32546,[0.25242912 0.56821498],7,7,"[0.2817018170798153, 0.5849768676672948]",1515,-1
32547,[0.56519257 0.49987342],9,6,"[0.5164739970238864, 0.5319253761973344]",852,-1
32548,[0.39833563 0.38775686],6,1,"[0.3897435781344088, 0.3417040596068965]",759,-1
32549,[0.83153859 0.76690732],1,-1,-1,314,0
32550,[0.407357   0.52802348],3,0,"[0.383291892093257, 0.5586820702346661]",-1,-1
32551,[0.33112601 0.23209128],6,9,"[0.3110394802231661, 0.23517199738277297]",-1,-1
32552,[0.40569247 0.62377005],3,0,"[0.383291892093257, 0.5586820702346661]",-1,-1
32553,[0.40530674 0.26234901],6,-1,-1,-1,-1
32554,[0.50916156 0.55063709],5,6,"[0.5164739970238864, 0.5319253761973344]",-1,-1
32555,[0.22726884 0.50491532],7,8,"[0.27392971195344684, 0.45973140540928376]",924,-1
32556,[0.28860189 0.21890113],0,9,"[0.3110394802231661, 0.23517199738277297]",1071,-1
32557,[0.77003552 0.4205797 ],8,-1,-1,75,-1
32558,[0.33779296 0.45805468],4,8,"[0.27392971195344684, 0.45973140540928376]",1387,-1
32559,[0.72155127 0.74267223],1,4,"[0.7726811996944247, 0.7249303226766757]",-1,0
32560,[0.58691375 0.56486232],9,-1,-1,-1,5
32561,[0.64321606 0.60347457],9,2,"[0.5921204552873188, 0.6383928111301557]",-1,-1
32562,[0.37576499 0.54991274],4,0,"[0.383291892093257, 0.5586820702346661]",1804,-1
32563,[0.33535613 0.28448043],2,9,"[0.3110394802231661, 0.23517199738277297]",1652,-1
32564,[0.39069166 0.30469071],6,1,"[0.3897435781344088, 0.3417040596068965]",-1,-1
32565,[0.63717086 0.64840209],9,2,"[0.5921204552873188, 0.6383928111301557]",-1,-1
32566,[0.3206845  0.29331569],0,9,"[0.3110394802231661, 0.23517199738277297]",-1,-1
32567,[0.30964025 0.55680505],4,7,"[0.2817018170798153, 0.5849768676672948]",1984,-1
32568,[0.28889753 0.45797376],7,8,"[0.27392971195344684, 0.45973140540928376]",1242,-1
32569,[0.66239711 0.48167734],8,3,"[0.6815204869410737, 0.47689852788858716]",825,-1
32570,[0.45689963 0.37101933],2,-1,-1,-1,-1
32571,[0.19235489 0.5720859 ],4,-1,-1,-1,-1
32572,[0.21280931 0.29909507],2,5,"[0.23231087327800656, 0.30304944505444303]",909,-1
32573,[0.27356392 0.34076298],6,5,"[0.23231087327800656, 0.30304944505444303]",1608,-1
32574,[0.62532329 0.49615668],8,3,"[0.6815204869410737, 0.47689852788858716]",789,-1
32575,[0.62625732 0.66834977],9,2,"[0.5921204552873188, 0.6383928111301557]",660,-1
32576,[0.39570781 0.39794057],6,1,"[0.3897435781344088, 0.3417040596068965]",760,-1
32577,[0.54500376 0.68404118],9,2,"[0.5921204552873188, 0.6383928111301557]",-1,-1
32578,[0.83740132 0.75233396],1,-1,-1,406,0
32579,[0.40230001 0.39132713],7,1,"[0.3897435781344088, 0.3417040596068965]",762,-1
32580,[0.67332782 0.53171646],8,3,"[0.6815204869410737, 0.47689852788858716]",-1,-1
32581,[0.45834864 0.50678356],3,6,"[0.5164739970238864, 0.5319253761973344]",753,-1
32582,[0.37448208 0.30492396],2,1,"[0.3897435781344088, 0.3417040596068965]",-1,-1
32583,[0.55684807 0.55626785],5,6,"[0.5164739970238864, 0.5319253761973344]",1403,-1
32584,[0.61994026 0.61890493],9,2,"[0.5921204552873188, 0.6383928111301557]",-1,-1
32585,[0.30494554 0.63987846],3,7,"[0.2817018170798153, 0.5849768676672948]",554,-1
32586,[0.51599935 0.67901573],9,-1,-1,-1,-1
32587,[0.56939322 0.58984555],5,2,"[0.5921204552873188, 0.6383928111301557]",1437,6
32588,[0.32574505 0.5420989 ],4,0,"[0.383291892093257, 0.5586820702346661]",-1,-1
32589,[0.20453607 0.1935527 ],0,-1,-1,227,-1
32590,[0.28700512 0.44273918],2,8,"[0.27392971195344684, 0.45973140540928376]",1240,-1
32591,[0.75895052 0.76345334],1,4,"[0.7726811996944247, 0.7249303226766757]",417,0
32592,[0.64512195 0.41416843],8,-1,-1,-1,-1
32593,[0.31080358 0.49437915],7,8,"[0.27392971195344684, 0.45973140540928376]",-1,-1
32594,[0.66799898 0.69399761],9,-1,-1,386,-1
32595,[0.29931192 0.59587721],4,7,"[0.2817018170798153, 0.5849768676672948]",1820,-1
32596,[0.50192373 0.50546861],3,6,"[0.5164739970238864, 0.5319253761973344]",725,-1
32597,[0.40111451 0.58158652],3,0,"[0.383291892093257, 0.5586820702346661]",1767,-1
32598,[0.76608513 0.77926612],1,4,"[0.7726811996944247, 0.7249303226766757]",370,0
32599,[0.30954382 0.39765336],2,-1,-1,928,-1
32600,[0.59118374 0.56079274],5,-1,-1,1253,-1
32601,[0.24705759 0.50121331],7,8,"[0.27392971195344684, 0.45973140540928376]",1759,-1
32602,[0.79277352 0.80154827],1,-1,-1,318,0
32603,[0.67815992 0.44923658],8,3,"[0.6815204869410737, 0.47689852788858716]",735,-1
32604,[0.22558506 0.42769375],7,8,"[0.27392971195344684, 0.45973140540928376]",656,-1
32605,[0.66180413 0.63392889],1,2,"[0.5921204552873188, 0.6383928111301557]",580,-1
32606,[0.34789343 0.63231461],3,-1,-1,-1,-1
32607,[0.2346618  0.48789279],7,8,"[0.27392971195344684, 0.45973140540928376]",1279,-1
32608,[0.30181711 0.41327246],2,8,"[0.27392971195344684, 0.45973140540928376]",1074,-1
32609,[0.48964329 0.4588373 ],5,-1,-1,279,-1
32610,[0.47569695 0.54488132],4,6,"[0.5164739970238864, 0.5319253761973344]",854,-1
32611,[0.33710893 0.48706735],7,8,"[0.27392971195344684, 0.45973140540928376]",-1,-1
32612,[0.75837973 0.62609409],1,-1,-1,-1,-1
32613,[0.33617172 0.16253403],0,-1,-1,-1,-1
32614,[0.21578664 0.47567911],7,8,"[0.27392971195344684, 0.45973140540928376]",-1,-1
32615,[0.23778795 0.57078407],4,7,"[0.2817018170798153, 0.5849768676672948]",-1,-1
32616,[0.19044417 0.37168244],2,-1,-1,-1,-1
32617,[0.61903264 0.54212554],5,-1,-1,734,-1
32618,[0.54210452 0.59134876],9,6,"[0.5164739970238864, 0.5319253761973344]",-1,6
32619,[0.61945184 0.53300519],8,-1,-1,-1,-1
32620,[0.52339421 0.58967182],5,6,"[0.5164739970238864, 0.5319253761973344]",-1,-1
32621,[0.4056404  0.34205674],6,1,"[0.3897435781344088, 0.3417040596068965]",998,-1
32622,[0.57194223 0.67112069],9,2,"[0.5921204552873188, 0.6383928111301557]",-1,-1
32623,[0.41654365 0.40408447],6,1,"[0.3897435781344088, 0.3417040596068965]",758,-1
32624,[0.30545052 0.46486719],2,8,"[0.27392971195344684, 0.45973140540928376]",1732,-1
32625,[0.62869494 0.57984402],5,2,"[0.5921204552873188, 0.6383928111301557]",-1,-1
32626,[0.22463845 0.43897945],7,8,"[0.27392971195344684, 0.45973140540928376]",271,-1
32627,[0.1304331  0.28856087],0,-1,-1,-1,-1
32628,[0.40353791 0.46808361],3,-1,-1,-1,-1
32629,[0.70977542 0.49880342],8,3,"[0.6815204869410737, 0.47689852788858716]",739,-1
32630,[0.5457421  0.46039079],8,-1,-1,-1,-1
32631,[0.55969037 0.53523609],5,6,"[0.5164739970238864, 0.5319253761973344]",-1,-1
32632,[0.44067238 0.5446947 ],3,0,"[0.383291892093257, 0.5586820702346661]",-1,-1
32633,[0.69691633 0.44714702],8,3,"[0.6815204869410737, 0.47689852788858716]",595,-1
32634,[0.61642881 0.60424458],9,2,"[0.5921204552873188, 0.6383928111301557]",1200,-1
32635,[0.70651624 0.38140823],8,-1,-1,151,-1
32636,[0.33434255 0.60894396],3,7,"[0.2817018170798153, 0.5849768676672948]",-1,-1
32637,[0.66652009 0.44873366],8,3,"[0.6815204869410737, 0.47689852788858716]",-1,-1
32638,[0.63886784 0.48323041],8,3,"[0.6815204869410737, 0.47689852788858716]",-1,-1
32639,[0.61388402 0.50961034],5,-1,-1,-1,-1
32640,[0.64212058 0.59662203],9,2,"[0.5921204552873188, 0.6383928111301557]",-1,-1
32641,[0.37993191 0.51672016],4,0,"[0.383291892093257, 0.5586820702346661]",1783,-1
32642,[0.75755224 0.73299509],1,4,"[0.7726811996944247, 0.7249303226766757]",468,0
32643,[0.71933321 0.8072248 ],1,-1,-1,89,-1
32644,[0.63294044 0.75667796],9,-1,-1,-1,-1
32645,[0.72020209 0.72203665],1,4,"[0.7726811996944247, 0.7249303226766757]",352,0
32646,[0.38027885 0.39980582],2,1,"[0.3897435781344088, 0.3417040596068965]",722,-1
32647,[0.71058098 0.38107011],8,-1,-1,151,-1
32648,[0.30848927 0.62078947],3,7,"[0.2817018170798153, 0.5849768676672948]",1131,-1
32649,[0.61426346 0.60028301],9,2,"[0.5921204552873188, 0.6383928111301557]",-1,6
32650,[0.55179369 0.56252458],9,6,"[0.5164739970238864, 0.5319253761973344]",1406,6
32651,[0.34452627 0.31923297],2,1,"[0.3897435781344088, 0.3417040596068965]",-1,-1
32652,[0.21619108 0.34788749],0,5,"[0.23231087327800656, 0.30304944505444303]",1128,-1
32653,[0.3005929  0.68561763],4,-1,-1,85,-1
32654,[0.65150849 0.75746821],1,-1,-1,-1,-1
32655,[0.80563061 0.7504386 ],1,4,"[0.7726811996944247, 0.7249303226766757]",-1,0
32656,[0.39648514 0.50482784],3,0,"[0.383291892093257, 0.5586820702346661]",-1,-1
32657,[0.47436352 0.5285406 ],5,6,"[0.5164739970238864, 0.5319253761973344]",957,-1
32658,[0.44295157 0.65740527],3,-1,-1,-1,-1
32659,[0.41189434 0.50690571],5,0,"[0.383291892093257, 0.5586820702346661]",-1,-1
32660,[0.5367563  0.56627594],5,6,"[0.5164739970238864, 0.5319253761973344]",1360,-1
32661,[0.20815864 0.42967367],4,-1,-1,-1,-1
32662,[0.66633044 0.60490322],5,-1,-1,543,-1
32663,[0.16715839 0.22483361],0,-1,-1,-1,-1
32664,[0.88178092 0.70786125],1,-1,-1,136,-1
32665,[0.58014215 0.59408169],5,2,"[0.5921204552873188, 0.6383928111301557]",1443,-1
32666,[0.55862777 0.51160324],5,6,"[0.5164739970238864, 0.5319253761973344]",770,-1
32667,[0.66961133 0.41354517],8,3,"[0.6815204869410737, 0.47689852788858716]",515,-1
32668,[0.34641423 0.21728431],0,9,"[0.3110394802231661, 0.23517199738277297]",-1,-1
32669,[0.36477495 0.36139206],2,1,"[0.3897435781344088, 0.3417040596068965]",1088,-1
32670,[0.3849022  0.43638873],7,-1,-1,-1,-1
32671,[0.36481575 0.62804228],4,-1,-1,1303,-1
32672,[0.37880951 0.49604719],3,0,"[0.383291892093257, 0.5586820702346661]",1448,-1
32673,[0.25404456 0.42064164],7,8,"[0.27392971195344684, 0.45973140540928376]",-1,-1
32674,[0.64943981 0.42873164],8,3,"[0.6815204869410737, 0.47689852788858716]",783,-1
32675,[0.38225097 0.31849403],6,1,"[0.3897435781344088, 0.3417040596068965]",1142,-1
32676,[0.25469473 0.51074085],4,8,"[0.27392971195344684, 0.45973140540928376]",1786,-1
32677,[0.48976666 0.55469489],5,6,"[0.5164739970238864, 0.5319253761973344]",1183,-1
32678,[0.41036768 0.39666507],6,1,"[0.3897435781344088, 0.3417040596068965]",758,-1
32679,[0.27460123 0.4083844 ],7,8,"[0.27392971195344684, 0.45973140540928376]",-1,-1
32680,[0.76759335 0.70794182],1,4,"[0.7726811996944247, 0.7249303226766757]",-1,0
32681,[0.62805605 0.4723025 ],8,3,"[0.6815204869410737, 0.47689852788858716]",623,-1
32682,[0.39059645 0.24750821],6,-1,-1,-1,-1
32683,[0.64126915 0.50094609],9,3,"[0.6815204869410737, 0.47689852788858716]",866,-1
32684,[0.35053778 0.2373442 ],2,9,"[0.3110394802231661, 0.23517199738277297]",633,-1
32685,[0.66797235 0.76620335],1,-1,-1,-1,-1
32686,[0.32057625 0.19545171],0,9,"[0.3110394802231661, 0.23517199738277297]",292,-1
32687,[0.57251505 0.63072628],5,2,"[0.5921204552873188, 0.6383928111301557]",-1,-1
32688,[0.39644002 0.57687858],4,0,"[0.383291892093257, 0.5586820702346661]",1770,-1
32689,[0.39442754 0.54914268],5,0,"[0.383291892093257, 0.5586820702346661]",1568,-1
32690,[0.25079264 0.46052701],7,8,"[0.27392971195344684, 0.45973140540928376]",1148,-1
32691,[0.3034792  0.50400214],4,8,"[0.27392971195344684, 0.45973140540928376]",1858,-1
32692,[0.34920297 0.32404491],2,1,"[0.3897435781344088, 0.3417040596068965]",-1,-1
32693,[0.25099783 0.21659883],0,9,"[0.3110394802231661, 0.23517199738277297]",990,-1
32694,[0.37973146 0.59057185],3,0,"[0.383291892093257, 0.5586820702346661]",1846,-1
32695,[0.56765787 0.59054775],5,2,"[0.5921204552873188, 0.6383928111301557]",1437,6
32696,[0.82994198 0.69393594],1,4,"[0.7726811996944247, 0.7249303226766757]",-1,0
32697,[0.28071812 0.5702248 ],7,7,"[0.2817018170798153, 0.5849768676672948]",-1,-1
32698,[0.26199551 0.14171458],0,-1,-1,-1,-1
32699,[0.31634724 0.54028844],4,7,"[0.2817018170798153, 0.5849768676672948]",-1,-1
32700,[0.30786249 0.51098785],4,8,"[0.27392971195344684, 0.45973140540928376]",-1,-1
32701,[0.26564489 0.52895167],4,7,"[0.2817018170798153, 0.5849768676672948]",-1,-1
32702,[0.16233135 0.47802333],7,-1,-1,-1,-1
32703,[0.81687814 0.76332916],1,4,"[0.7726811996944247, 0.7249303226766757]",405,0
32704,[0.21916537 0.3277288 ],0,5,"[0.23231087327800656, 0.30304944505444303]",-1,-1
32705,[0.41697158 0.29093637],0,1,"[0.3897435781344088, 0.3417040596068965]",-1,-1
32706,[0.28734039 0.28571894],0,9,"[0.3110394802231661, 0.23517199738277297]",1665,-1
32707,[0.59514297 0.53286357],9,-1,-1,-1,-1
32708,[0.73255158 0.75596498],1,4,"[0.7726811996944247, 0.7249303226766757]",-1,0
32709,[0.66715669 0.50530995],8,3,"[0.6815204869410737, 0.47689852788858716]",827,-1
32710,[0.57889157 0.5296944 ],5,6,"[0.5164739970238864, 0.5319253761973344]",1400,-1
32711,[0.82197015 0.76198384],1,4,"[0.7726811996944247, 0.7249303226766757]",-1,0
32712,[0.25199818 0.29562855],2,5,"[0.23231087327800656, 0.30304944505444303]",1644,-1
32713,[0.41396275 0.50943881],3,0,"[0.383291892093257, 0.5586820702346661]",-1,-1
32714,[0.21547384 0.35889191],2,5,"[0.23231087327800656, 0.30304944505444303]",1127,-1
32715,[0.60865839 0.52449619],8,-1,-1,1102,-1
32716,[0.7652109  0.72650935],1,4,"[0.7726811996944247, 0.7249303226766757]",-1,0
32717,[0.38607198 0.59840148],4,0,"[0.383291892093257, 0.5586820702346661]",-1,-1
32718,[0.42040648 0.58508397],3,0,"[0.383291892093257, 0.5586820702346661]",1711,-1
32719,[0.56307465 0.55563385],5,6,"[0.5164739970238864, 0.5319253761973344]",-1,-1
32720,[0.36486275 0.35416507],6,1,"[0.3897435781344088, 0.3417040596068965]",1245,-1
32721,[0.69853156 0.46832546],8,3,"[0.6815204869410737, 0.47689852788858716]",-1,-1
32722,[0.3184747  0.58721033],3,7,"[0.2817018170798153, 0.5849768676672948]",-1,-1
32723,[0.30431785 0.47552327],7,8,"[0.27392971195344684, 0.45973140540928376]",-1,-1
32724,[0.27092737 0.17904749],0,9,"[0.3110394802231661, 0.23517199738277297]",-1,-1
32725,[0.31940931 0.27054415],2,9,"[0.3110394802231661, 0.23517199738277297]",1507,-1
32726,[0.17504375 0.5702588 ],4,-1,-1,101,-1
32727,[0.27490409 0.557358  ],4,7,"[0.2817018170798153, 0.5849768676672948]",1875,-1
32728,[0.50222899 0.5532679 ],9,6,"[0.5164739970238864, 0.5319253761973344]",1185,-1
32729,[0.31251279 0.51698229],3,8,"[0.27392971195344684, 0.45973140540928376]",-1,15
32730,[0.536769   0.54233602],5,6,"[0.5164739970238864, 0.5319253761973344]",1365,-1
32731,[0.38644462 0.3185574 ],6,1,"[0.3897435781344088, 0.3417040596068965]",-1,-1
32732,[0.20500849 0.25966731],0,5,"[0.23231087327800656, 0.30304944505444303]",-1,-1
32733,[0.28549612 0.32283468],0,5,"[0.23231087327800656, 0.30304944505444303]",1610,-1
32734,[0.41291641 0.25131377],6,-1,-1,610,-1
32735,[0.89651609 0.66308195],1,-1,-1,22,-1
32736,[0.28179834 0.52075697],4,8,"[0.27392971195344684, 0.45973140540928376]",1886,14
32737,[0.3001064  0.18130968],0,9,"[0.3110394802231661, 0.23517199738277297]",-1,-1
32738,[0.34556393 0.5675909 ],4,0,"[0.383291892093257, 0.5586820702346661]",1901,-1
32739,[0.23496072 0.27483241],0,5,"[0.23231087327800656, 0.30304944505444303]",1363,-1
32740,[0.50864442 0.5763692 ],5,6,"[0.5164739970238864, 0.5319253761973344]",1381,-1
32741,[0.51897342 0.29689313],6,-1,-1,-1,-1
32742,[0.72010939 0.71921895],1,4,"[0.7726811996944247, 0.7249303226766757]",352,0
32743,[0.54073745 0.55700965],5,6,"[0.5164739970238864, 0.5319253761973344]",1406,6
32744,[0.23569076 0.24310005],0,5,"[0.23231087327800656, 0.30304944505444303]",1314,-1
32745,[0.57545768 0.68299017],9,2,"[0.5921204552873188, 0.6383928111301557]",915,-1
32746,[0.19780237 0.31604856],0,5,"[0.23231087327800656, 0.30304944505444303]",-1,-1
32747,[0.42665677 0.24269097],6,-1,-1,178,-1
32748,[0.38828467 0.25002561],6,-1,-1,833,-1
32749,[0.66334538 0.56981106],8,-1,-1,-1,-1
32750,[0.3298591  0.56690312],7,7,"[0.2817018170798153, 0.5849768676672948]",-1,-1
32751,[0.42204557 0.56015494],3,0,"[0.383291892093257, 0.5586820702346661]",1224,-1
32752,[0.57326851 0.35698934],6,-1,-1,-1,-1
32753,[0.15536683 0.34589443],2,-1,-1,-1,-1
32754,[0.35639768 0.56042755],3,0,"[0.383291892093257, 0.5586820702346661]",1952,-1
32755,[0.40240257 0.47533865],4,-1,-1,-1,-1
32756,[0.35190331 0.46415077],7,-1,-1,-1,-1
32757,[0.51748988 0.51516215],5,6,"[0.5164739970238864, 0.5319253761973344]",1180,-1
32758,[0.63846302 0.5863185 ],9,2,"[0.5921204552873188, 0.6383928111301557]",-1,-1
32759,[0.28972569 0.56879589],7,7,"[0.2817018170798153, 0.5849768676672948]",1896,-1
32760,[0.28284695 0.51347706],7,8,"[0.27392971195344684, 0.45973140540928376]",-1,-1
32761,[0.33274253 0.36458668],7,1,"[0.3897435781344088, 0.3417040596068965]",1367,-1
32762,[0.23254466 0.24906994],2,5,"[0.23231087327800656, 0.30304944505444303]",1319,-1
32763,[0.38252182 0.27661559],6,1,"[0.3897435781344088, 0.3417040596068965]",1073,-1
32764,[0.56017507 0.43470185],8,-1,-1,251,-1
32765,[0.30897725 0.57650689],4,7,"[0.2817018170798153, 0.5849768676672948]",-1,-1
32766,[0.66651028 0.495951  ],8,3,"[0.6815204869410737, 0.47689852788858716]",796,-1
32767,[0.30908241 0.25240454],0,9,"[0.3110394802231661, 0.23517199738277297]",1499,-1
32768,[0.61292559 0.62116859],9,2,"[0.5921204552873188, 0.6383928111301557]",1335,-1
32769,[0.48024124 0.58218641],5,6,"[0.5164739970238864, 0.5319253761973344]",1226,-1
32770,[0.63104559 0.52027275],8,3,"[0.6815204869410737, 0.47689852788858716]",864,-1
32771,[0.21363493 0.2033682 ],2,-1,-1,-1,-1
32772,[0.26355843 0.52573902],7,7,"[0.2817018170798153, 0.5849768676672948]",1727,-1
32773,[0.75512626 0.71628321],1,4,"[0.7726811996944247, 0.7249303226766757]",462,0
32774,[0.27443669 0.49571951],7,8,"[0.27392971195344684, 0.45973140540928376]",-1,-1
32775,[0.16219801 0.55017172],7,-1,-1,-1,-1
32776,[0.37955092 0.34193162],6,1,"[0.3897435781344088, 0.3417040596068965]",1122,-1
32777,[0.34572345 0.34744562],6,1,"[0.3897435781344088, 0.3417040596068965]",1352,-1
32778,[0.46471106 0.54918912],5,6,"[0.5164739970238864, 0.5319253761973344]",1267,-1
32779,[0.65988106 0.42919589],8,3,"[0.6815204869410737, 0.47689852788858716]",783,-1
32780,[0.45128163 0.37402305],6,1,"[0.3897435781344088, 0.3417040596068965]",441,-1
32781,[0.30240646 0.47817727],4,8,"[0.27392971195344684, 0.45973140540928376]",-1,-1
32782,[0.48605259 0.52184381],3,6,"[0.5164739970238864, 0.5319253761973344]",936,-1
32783,[0.73213512 0.74595769],1,4,"[0.7726811996944247, 0.7249303226766757]",-1,0
32784,[0.20649    0.25410498],0,5,"[0.23231087327800656, 0.30304944505444303]",-1,-1
32785,[0.28040185 0.55692912],7,7,"[0.2817018170798153, 0.5849768676672948]",-1,13
32786,[0.26542634 0.62888336],7,7,"[0.2817018170798153, 0.5849768676672948]",-1,-1
32787,[0.11537588 0.47161377],7,-1,-1,-1,-1
32788,[0.46148673 0.39354643],6,-1,-1,207,-1
32789,[0.40761137 0.48471105],4,-1,-1,-1,-1
32790,[0.25057065 0.27261416],0,5,"[0.23231087327800656, 0.30304944505444303]",1541,-1
32791,[0.65471709 0.43173932],8,3,"[0.6815204869410737, 0.47689852788858716]",-1,-1
32792,[0.20939602 0.52811118],7,-1,-1,-1,-1
32793,[0.3401093  0.61521451],3,7,"[0.2817018170798153, 0.5849768676672948]",-1,-1
32794,[0.5615964  0.56058793],5,6,"[0.5164739970238864, 0.5319253761973344]",-1,-1
32795,[0.55723171 0.58056702],5,6,"[0.5164739970238864, 0.5319253761973344]",1451,6
32796,[0.32235682 0.59308799],4,7,"[0.2817018170798153, 0.5849768676672948]",1938,-1
32797,[0.85861916 0.62273236],1,-1,-1,-1,-1
32798,[0.51336626 0.56696119],9,6,"[0.5164739970238864, 0.5319253761973344]",1379,-1
32799,[0.35193289 0.56681382],4,0,"[0.383291892093257, 0.5586820702346661]",-1,-1
32800,[0.52620303 0.46287587],5,6,"[0.5164739970238864, 0.5319253761973344]",-1,-1
32801,[0.66924626 0.59996863],1,-1,-1,543,-1
32802,[0.32867393 0.30123227],6,9,"[0.3110394802231661, 0.23517199738277297]",1659,-1
32803,[0.41478319 0.27479729],6,-1,-1,921,-1
32804,[0.56418031 0.57493659],5,6,"[0.5164739970238864, 0.5319253761973344]",-1,6
32805,[0.29589734 0.41739225],2,8,"[0.27392971195344684, 0.45973140540928376]",-1,-1
32806,[0.21786503 0.2316083 ],0,-1,-1,872,-1
32807,[0.33078717 0.33612046],2,1,"[0.3897435781344088, 0.3417040596068965]",1616,-1
32808,[0.52223244 0.32531305],6,-1,-1,42,-1
32809,[0.66131772 0.5971718 ],9,-1,-1,544,-1
32810,[0.26473796 0.3302942 ],2,5,"[0.23231087327800656, 0.30304944505444303]",1601,-1
32811,[0.79175001 0.61694296],1,-1,-1,78,-1
32812,[0.25739607 0.57381467],4,7,"[0.2817018170798153, 0.5849768676672948]",1562,-1
32813,[0.6038646  0.44870661],5,-1,-1,616,-1
32814,[0.36991256 0.33722371],6,1,"[0.3897435781344088, 0.3417040596068965]",-1,-1
32815,[0.35471092 0.26636721],6,9,"[0.3110394802231661, 0.23517199738277297]",951,-1
32816,[0.70558009 0.52071595],8,3,"[0.6815204869410737, 0.47689852788858716]",569,-1
32817,[0.25600816 0.46657466],7,8,"[0.27392971195344684, 0.45973140540928376]",-1,-1
32818,[0.28844265 0.32937985],2,5,"[0.23231087327800656, 0.30304944505444303]",-1,-1
32819,[0.49580102 0.58102812],5,6,"[0.5164739970238864, 0.5319253761973344]",-1,-1
32820,[0.36161424 0.54945112],4,0,"[0.383291892093257, 0.5586820702346661]",-1,-1
32821,[0.39117258 0.51220752],4,0,"[0.383291892093257, 0.5586820702346661]",1781,-1
32822,[0.34742446 0.59093338],4,0,"[0.383291892093257, 0.5586820702346661]",1834,-1
32823,[0.65471254 0.74500494],1,-1,-1,-1,0
32824,[0.2330465  0.34096333],0,5,"[0.23231087327800656, 0.30304944505444303]",1522,-1
32825,[0.51809066 0.56973687],3,6,"[0.5164739970238864, 0.5319253761973344]",-1,-1
32826,[0.37704998 0.26162626],2,-1,-1,790,-1
32827,[0.3928064  0.23490658],6,-1,-1,-1,-1
32828,[0.70346518 0.33132036],8,-1,-1,-1,-1
32829,[0.2183068 0.4930285],7,8,"[0.27392971195344684, 0.45973140540928376]",-1,-1
32830,[0.50667897 0.69553161],9,-1,-1,274,-1
32831,[0.49530756 0.30472653],6,-1,-1,93,-1
32832,[0.70297616 0.76832366],1,-1,-1,228,0
32833,[0.23733315 0.2660267 ],0,5,"[0.23231087327800656, 0.30304944505444303]",1363,-1
32834,[0.67219709 0.63498506],9,-1,-1,581,-1
32835,[0.3064465  0.50551337],7,8,"[0.27392971195344684, 0.45973140540928376]",1858,-1
32836,[0.33275496 0.57944873],3,7,"[0.2817018170798153, 0.5849768676672948]",1980,17
32837,[0.32367112 0.52798311],7,0,"[0.383291892093257, 0.5586820702346661]",1943,-1
32838,[0.59516436 0.52008436],5,-1,-1,1102,-1
32839,[0.51221024 0.64298832],5,-1,-1,937,-1
32840,[0.29331963 0.56381315],4,7,"[0.2817018170798153, 0.5849768676672948]",-1,-1
32841,[0.30375719 0.33036961],0,-1,-1,1660,-1
32842,[0.30786265 0.27027301],2,9,"[0.3110394802231661, 0.23517199738277297]",-1,-1
32843,[0.55812409 0.75193194],9,-1,-1,-1,-1
32844,[0.34705956 0.47831236],4,-1,-1,-1,-1
32845,[0.25658854 0.46653334],4,8,"[0.27392971195344684, 0.45973140540928376]",1595,-1
32846,[0.32232901 0.67457977],4,-1,-1,-1,-1
32847,[0.52188468 0.35014293],6,-1,-1,63,-1
32848,[0.38614675 0.60192374],4,0,"[0.383291892093257, 0.5586820702346661]",1753,-1
32849,[0.37880225 0.30909957],6,1,"[0.3897435781344088, 0.3417040596068965]",1464,-1
32850,[0.44111895 0.47576441],5,-1,-1,547,-1
32851,[0.60078448 0.57861418],9,2,"[0.5921204552873188, 0.6383928111301557]",1326,5
32852,[0.26072017 0.50288006],7,8,"[0.27392971195344684, 0.45973140540928376]",1776,-1
32853,[0.3128563  0.61301093],3,7,"[0.2817018170798153, 0.5849768676672948]",1763,-1
32854,[0.67980302 0.36349691],8,-1,-1,-1,-1
32855,[0.21192024 0.54463467],7,-1,-1,-1,-1
32856,[0.38349657 0.24150846],2,-1,-1,-1,-1
32857,[0.31373453 0.53743375],7,7,"[0.2817018170798153, 0.5849768676672948]",1932,-1
32858,[0.29163128 0.50610679],4,8,"[0.27392971195344684, 0.45973140540928376]",1898,-1
32859,[0.54860815 0.64667153],9,2,"[0.5921204552873188, 0.6383928111301557]",-1,-1
32860,[0.58677746 0.66465975],5,2,"[0.5921204552873188, 0.6383928111301557]",-1,-1
32861,[0.13312492 0.2933705 ],0,-1,-1,-1,-1
32862,[0.34520075 0.55243796],4,0,"[0.383291892093257, 0.5586820702346661]",-1,-1
32863,[0.31545149 0.37954854],6,-1,-1,-1,-1
32864,[0.41751631 0.31245866],6,1,"[0.3897435781344088, 0.3417040596068965]",977,-1
32865,[0.3361757  0.54949919],7,0,"[0.383291892093257, 0.5586820702346661]",1958,-1
32866,[0.44573363 0.34162612],6,1,"[0.3897435781344088, 0.3417040596068965]",-1,-1
32867,[0.31926719 0.21257955],6,9,"[0.3110394802231661, 0.23517199738277297]",-1,-1
32868,[0.2594219  0.52691675],7,7,"[0.2817018170798153, 0.5849768676672948]",-1,-1
32869,[0.33505169 0.31399804],2,1,"[0.3897435781344088, 0.3417040596068965]",1683,-1
32870,[0.36277253 0.5343035 ],3,0,"[0.383291892093257, 0.5586820702346661]",-1,-1
32871,[0.76836751 0.6044098 ],1,-1,-1,-1,-1
32872,[0.40338348 0.51763953],7,0,"[0.383291892093257, 0.5586820702346661]",-1,-1
32873,[0.53344974 0.49030267],5,6,"[0.5164739970238864, 0.5319253761973344]",-1,-1
32874,[0.36231108 0.48751651],7,-1,-1,1561,-1
32875,[0.77022008 0.52039147],8,-1,-1,111,-1
32876,[0.76102511 0.76264743],1,4,"[0.7726811996944247, 0.7249303226766757]",417,0
32877,[0.78326556 0.64439954],1,-1,-1,-1,0
32878,[0.57499969 0.47428155],5,-1,-1,-1,-1
32879,[0.32124094 0.34998718],2,1,"[0.3897435781344088, 0.3417040596068965]",1485,-1
32880,[0.37374756 0.52301049],5,0,"[0.383291892093257, 0.5586820702346661]",1934,-1
32881,[0.23277633 0.55713808],3,7,"[0.2817018170798153, 0.5849768676672948]",-1,-1
32882,[0.55341866 0.62261342],5,2,"[0.5921204552873188, 0.6383928111301557]",-1,-1
32883,[0.38933098 0.33911587],6,1,"[0.3897435781344088, 0.3417040596068965]",1476,-1
32884,[0.22533198 0.29479168],0,5,"[0.23231087327800656, 0.30304944505444303]",-1,-1
32885,[0.62634655 0.45328956],8,3,"[0.6815204869410737, 0.47689852788858716]",-1,-1
32886,[0.75113231 0.47876652],8,3,"[0.6815204869410737, 0.47689852788858716]",-1,-1
32887,[0.53541722 0.63644241],5,2,"[0.5921204552873188, 0.6383928111301557]",1257,-1
32888,[0.75319448 0.6854028 ],1,4,"[0.7726811996944247, 0.7249303226766757]",432,0
32889,[0.45277445 0.60182611],3,-1,-1,1237,-1
32890,[0.37368258 0.55531479],3,0,"[0.383291892093257, 0.5586820702346661]",-1,-1
32891,[0.59509522 0.7270381 ],9,-1,-1,-1,-1
32892,[0.66086453 0.42311622],8,3,"[0.6815204869410737, 0.47689852788858716]",-1,-1
32893,[0.28111534 0.50205555],4,8,"[0.27392971195344684, 0.45973140540928376]",1742,-1
32894,[0.66254557 0.46746764],8,3,"[0.6815204869410737, 0.47689852788858716]",-1,-1
32895,[0.24047684 0.33191525],2,5,"[0.23231087327800656, 0.30304944505444303]",-1,-1
32896,[0.5154251  0.61693766],5,-1,-1,1144,-1
32897,[0.34185164 0.27381053],6,9,"[0.3110394802231661, 0.23517199738277297]",1119,-1
32898,[0.63993942 0.45159705],8,3,"[0.6815204869410737, 0.47689852788858716]",-1,-1
32899,[0.68890885 0.50470479],8,3,"[0.6815204869410737, 0.47689852788858716]",-1,-1
32900,[0.14286488 0.2241298 ],0,-1,-1,-1,-1
32901,[0.23117557 0.38558317],2,-1,-1,912,-1
32902,[0.48803069 0.29926235],6,-1,-1,173,-1
32903,[0.58487275 0.56562281],5,-1,-1,1445,-1
32904,[0.45746238 0.55006107],5,6,"[0.5164739970238864, 0.5319253761973344]",-1,-1
32905,[0.7164442  0.61759675],1,-1,-1,233,-1
32906,[0.82114106 0.73155634],1,4,"[0.7726811996944247, 0.7249303226766757]",456,0
32907,[0.56731422 0.65840003],5,2,"[0.5921204552873188, 0.6383928111301557]",1045,-1
32908,[0.59477285 0.69230086],9,2,"[0.5921204552873188, 0.6383928111301557]",654,-1
32909,[0.29488262 0.51598527],7,8,"[0.27392971195344684, 0.45973140540928376]",-1,-1
32910,[0.48900381 0.37606695],6,-1,-1,200,-1
32911,[0.39664247 0.46864149],3,-1,-1,583,-1
32912,[0.42948598 0.31956892],6,1,"[0.3897435781344088, 0.3417040596068965]",-1,-1
32913,[0.72637351 0.68697561],1,4,"[0.7726811996944247, 0.7249303226766757]",-1,0
32914,[0.67984417 0.60775747],9,-1,-1,-1,-1
32915,[0.2657321  0.24558466],0,9,"[0.3110394802231661, 0.23517199738277297]",1345,-1
32916,[0.24898449 0.28209389],0,5,"[0.23231087327800656, 0.30304944505444303]",1530,-1
32917,[0.68848821 0.52671343],5,3,"[0.6815204869410737, 0.47689852788858716]",786,-1
32918,[0.24521458 0.42290993],7,8,"[0.27392971195344684, 0.45973140540928376]",-1,-1
32919,[0.20503572 0.5974723 ],7,-1,-1,-1,-1
32920,[0.32973222 0.5646358 ],4,7,"[0.2817018170798153, 0.5849768676672948]",-1,-1
32921,[0.49831385 0.30415868],6,-1,-1,93,-1
32922,[0.3454301 0.5282512],4,0,"[0.383291892093257, 0.5586820702346661]",1946,-1
32923,[0.37564486 0.3586181 ],6,1,"[0.3897435781344088, 0.3417040596068965]",1060,-1
32924,[0.34684511 0.47064858],3,-1,-1,1758,-1
32925,[0.4245885  0.36453992],6,1,"[0.3897435781344088, 0.3417040596068965]",682,-1
32926,[0.19964887 0.51875408],7,-1,-1,-1,-1
32927,[0.31031122 0.54536517],4,7,"[0.2817018170798153, 0.5849768676672948]",-1,17
32928,[0.41397996 0.32436817],6,1,"[0.3897435781344088, 0.3417040596068965]",996,-1
32929,[0.34486998 0.2364949 ],6,9,"[0.3110394802231661, 0.23517199738277297]",-1,-1
32930,[0.63585033 0.53191901],9,-1,-1,-1,-1
32931,[0.41562011 0.37496973],6,1,"[0.3897435781344088, 0.3417040596068965]",681,-1
32932,[0.3013704  0.26074766],2,9,"[0.3110394802231661, 0.23517199738277297]",-1,-1
32933,[0.74567813 0.46481981],8,3,"[0.6815204869410737, 0.47689852788858716]",513,-1
32934,[0.53871896 0.5676816 ],5,6,"[0.5164739970238864, 0.5319253761973344]",1360,6
32935,[0.24047298 0.36284482],0,5,"[0.23231087327800656, 0.30304944505444303]",-1,-1
32936,[0.36924419 0.51667565],3,0,"[0.383291892093257, 0.5586820702346661]",1900,-1
32937,[0.2103092  0.22975883],0,-1,-1,898,-1
32938,[0.29397591 0.51843229],4,8,"[0.27392971195344684, 0.45973140540928376]",-1,14
32939,[0.4094101  0.29388612],6,1,"[0.3897435781344088, 0.3417040596068965]",923,-1
32940,[0.61890465 0.47099889],5,3,"[0.6815204869410737, 0.47689852788858716]",-1,-1
32941,[0.16785543 0.41886688],7,-1,-1,-1,-1
32942,[0.46540406 0.28680854],6,-1,-1,272,-1
32943,[0.26322249 0.50292376],4,8,"[0.27392971195344684, 0.45973140540928376]",-1,-1
32944,[0.32673655 0.57560566],4,7,"[0.2817018170798153, 0.5849768676672948]",-1,-1
32945,[0.30818814 0.3276242 ],2,-1,-1,1677,-1
32946,[0.42672074 0.38970332],0,1,"[0.3897435781344088, 0.3417040596068965]",761,-1
32947,[0.25784068 0.33822336],0,5,"[0.23231087327800656, 0.30304944505444303]",-1,-1
32948,[0.3388333  0.17284042],6,9,"[0.3110394802231661, 0.23517199738277297]",-1,-1
32949,[0.61728286 0.59156649],9,2,"[0.5921204552873188, 0.6383928111301557]",-1,-1
32950,[0.74204203 0.60963827],1,-1,-1,-1,-1
32951,[0.7246421  0.45707043],8,3,"[0.6815204869410737, 0.47689852788858716]",693,-1
32952,[0.52882385 0.42685784],5,-1,-1,-1,-1
32953,[0.69893233 0.40786725],8,-1,-1,-1,-1
32954,[0.66281803 0.45105655],8,3,"[0.6815204869410737, 0.47689852788858716]",732,-1
32955,[0.6025822  0.50251652],5,-1,-1,-1,-1
32956,[0.71493415 0.54106929],8,-1,-1,519,-1
32957,[0.35648857 0.32836619],0,1,"[0.3897435781344088, 0.3417040596068965]",1407,-1
32958,[0.44834216 0.23827229],0,-1,-1,-1,-1
32959,[0.2143297 0.2642104],2,5,"[0.23231087327800656, 0.30304944505444303]",-1,-1
32960,[0.41370017 0.21381105],6,-1,-1,-1,-1
32961,[0.36404771 0.24847531],6,9,"[0.3110394802231661, 0.23517199738277297]",-1,-1
32962,[0.23957289 0.46303301],7,8,"[0.27392971195344684, 0.45973140540928376]",-1,-1
32963,[0.78636695 0.64858142],1,-1,-1,329,0
32964,[0.39781659 0.3370044 ],6,1,"[0.3897435781344088, 0.3417040596068965]",1004,-1
32965,[0.41145409 0.58340213],4,0,"[0.383291892093257, 0.5586820702346661]",1715,-1
32966,[0.48108204 0.52859655],9,6,"[0.5164739970238864, 0.5319253761973344]",960,-1
32967,[0.61571062 0.6559446 ],9,2,"[0.5921204552873188, 0.6383928111301557]",902,-1
32968,[0.31064972 0.51040798],7,8,"[0.27392971195344684, 0.45973140540928376]",1922,15
32969,[0.31478138 0.3208991 ],2,-1,-1,1672,-1
32970,[0.34941579 0.56935638],4,0,"[0.383291892093257, 0.5586820702346661]",-1,-1
32971,[0.19446198 0.40414286],7,-1,-1,201,-1
32972,[0.41144286 0.30542175],6,1,"[0.3897435781344088, 0.3417040596068965]",-1,-1
32973,[0.34161175 0.48418521],4,-1,-1,1891,-1
32974,[0.77337296 0.75747881],1,4,"[0.7726811996944247, 0.7249303226766757]",413,0
32975,[0.47657873 0.28102452],6,-1,-1,272,-1
32976,[0.4436505  0.55142992],5,0,"[0.383291892093257, 0.5586820702346661]",-1,-1
32977,[0.36678953 0.56852532],7,0,"[0.383291892093257, 0.5586820702346661]",1849,12
32978,[0.31326114 0.64785058],4,-1,-1,590,-1
32979,[0.42895633 0.6005754 ],4,0,"[0.383291892093257, 0.5586820702346661]",1574,-1
32980,[0.28927202 0.48682717],7,8,"[0.27392971195344684, 0.45973140540928376]",1798,-1
32981,[0.31748593 0.2421381 ],0,9,"[0.3110394802231661, 0.23517199738277297]",1490,-1
32982,[0.36975687 0.22727925],6,9,"[0.3110394802231661, 0.23517199738277297]",484,-1
32983,[0.26800227 0.45056341],7,8,"[0.27392971195344684, 0.45973140540928376]",1247,-1
32984,[0.26347261 0.36239429],0,5,"[0.23231087327800656, 0.30304944505444303]",1416,-1
32985,[0.33173725 0.40822114],3,-1,-1,948,-1
32986,[0.3223986  0.44664672],7,8,"[0.27392971195344684, 0.45973140540928376]",941,-1
32987,[0.77336814 0.44698081],8,-1,-1,92,-1
32988,[0.30635159 0.56885978],7,7,"[0.2817018170798153, 0.5849768676672948]",1925,-1
32989,[0.71870251 0.50487062],8,3,"[0.6815204869410737, 0.47689852788858716]",-1,-1
32990,[0.36057152 0.44208006],3,-1,-1,-1,-1
32991,[0.24290137 0.50731295],7,8,"[0.27392971195344684, 0.45973140540928376]",-1,-1
32992,[0.40874277 0.42159408],3,-1,-1,-1,-1
32993,[0.27098157 0.24672078],0,9,"[0.3110394802231661, 0.23517199738277297]",1524,-1
32994,[0.59429754 0.59431292],9,2,"[0.5921204552873188, 0.6383928111301557]",-1,-1
32995,[0.40453957 0.25561278],6,-1,-1,-1,-1
32996,[0.78708234 0.76538913],1,4,"[0.7726811996944247, 0.7249303226766757]",-1,0
32997,[0.25550949 0.39628544],2,8,"[0.27392971195344684, 0.45973140540928376]",649,-1
32998,[0.44399552 0.73201965],3,-1,-1,-1,-1
32999,[0.37862703 0.53725128],4,0,"[0.383291892093257, 0.5586820702346661]",1813,-1
33000,[0.70752025 0.55954332],8,-1,-1,-1,-1
33001,[0.3467793  0.36414305],6,1,"[0.3897435781344088, 0.3417040596068965]",-1,-1
33002,[0.23811982 0.26636921],2,5,"[0.23231087327800656, 0.30304944505444303]",1363,-1
33003,[0.58697677 0.45209161],8,-1,-1,607,-1
33004,[0.19359136 0.39143507],2,-1,-1,-1,-1
33005,[0.28654934 0.2233518 ],0,9,"[0.3110394802231661, 0.23517199738277297]",-1,-1
33006,[0.86749173 0.74082843],1,-1,-1,-1,0
33007,[0.60580172 0.46654443],8,-1,-1,-1,-1
33008,[0.85297714 0.64723045],1,-1,-1,32,-1
33009,[0.41156105 0.49416969],3,-1,-1,-1,-1
33010,[0.21611452 0.33856095],0,5,"[0.23231087327800656, 0.30304944505444303]",-1,-1
33011,[0.7380199  0.73260799],1,4,"[0.7726811996944247, 0.7249303226766757]",452,0
33012,[0.32382676 0.26845224],2,9,"[0.3110394802231661, 0.23517199738277297]",-1,-1
33013,[0.3578203  0.31399888],6,1,"[0.3897435781344088, 0.3417040596068965]",-1,-1
33014,[0.31091319 0.26005212],0,9,"[0.3110394802231661, 0.23517199738277297]",-1,-1
33015,[0.34481128 0.51251665],7,0,"[0.383291892093257, 0.5586820702346661]",1927,-1
33016,[0.55226127 0.56909989],5,6,"[0.5164739970238864, 0.5319253761973344]",-1,6
33017,[0.70442885 0.47580345],8,3,"[0.6815204869410737, 0.47689852788858716]",-1,-1
33018,[0.44673597 0.64309701],5,-1,-1,534,-1
33019,[0.32162699 0.53414606],4,7,"[0.2817018170798153, 0.5849768676672948]",1932,-1
33020,[0.45266913 0.59197584],9,-1,-1,1238,4
33021,[0.35852989 0.27316281],6,9,"[0.3110394802231661, 0.23517199738277297]",1156,-1
33022,[0.55047252 0.49961616],9,6,"[0.5164739970238864, 0.5319253761973344]",792,-1
33023,[0.3374632  0.51564408],4,0,"[0.383291892093257, 0.5586820702346661]",1880,-1
33024,[0.20556654 0.47058806],7,8,"[0.27392971195344684, 0.45973140540928376]",-1,-1
33025,[0.35620363 0.47488822],7,-1,-1,-1,-1
33026,[0.66672918 0.54278762],8,3,"[0.6815204869410737, 0.47689852788858716]",-1,-1
33027,[0.57072753 0.67334305],9,2,"[0.5921204552873188, 0.6383928111301557]",1034,-1
33028,[0.22541216 0.30031821],0,5,"[0.23231087327800656, 0.30304944505444303]",1468,-1
33029,[0.26452579 0.3319653 ],2,5,"[0.23231087327800656, 0.30304944505444303]",1601,-1
33030,[0.88868491 0.68618456],1,-1,-1,-1,-1
33031,[0.74530046 0.47201047],8,3,"[0.6815204869410737, 0.47689852788858716]",-1,-1
33032,[0.29591911 0.27523777],0,9,"[0.3110394802231661, 0.23517199738277297]",1510,-1
33033,[0.80707855 0.72811911],1,4,"[0.7726811996944247, 0.7249303226766757]",-1,0
33034,[0.32716783 0.58079035],4,7,"[0.2817018170798153, 0.5849768676672948]",1980,-1
33035,[0.35796683 0.28434375],0,1,"[0.3897435781344088, 0.3417040596068965]",1171,-1
33036,[0.64330737 0.51552598],8,3,"[0.6815204869410737, 0.47689852788858716]",866,-1
33037,[0.77591478 0.73078125],1,4,"[0.7726811996944247, 0.7249303226766757]",-1,0
33038,[0.36030706 0.58904208],4,0,"[0.383291892093257, 0.5586820702346661]",-1,12
33039,[0.33030543 0.52421625],4,0,"[0.383291892093257, 0.5586820702346661]",-1,-1
33040,[0.32021639 0.5511144 ],4,7,"[0.2817018170798153, 0.5849768676672948]",1989,17
33041,[0.80897048 0.75943527],1,4,"[0.7726811996944247, 0.7249303226766757]",-1,0
33042,[0.4635853  0.55171157],3,6,"[0.5164739970238864, 0.5319253761973344]",1267,-1
33043,[0.31343901 0.26759909],2,9,"[0.3110394802231661, 0.23517199738277297]",1508,-1
33044,[0.37030431 0.30095768],0,1,"[0.3897435781344088, 0.3417040596068965]",1472,-1
33045,[0.49907423 0.46932692],5,6,"[0.5164739970238864, 0.5319253761973344]",-1,-1
33046,[0.28016186 0.34554845],2,5,"[0.23231087327800656, 0.30304944505444303]",1459,-1
33047,[0.79595294 0.6140545 ],8,-1,-1,78,-1
33048,[0.3192426  0.35059806],6,-1,-1,1485,-1
33049,[0.46753533 0.33158583],6,-1,-1,530,-1
33050,[0.29873837 0.22697155],2,9,"[0.3110394802231661, 0.23517199738277297]",-1,-1
33051,[0.49208166 0.47136712],5,6,"[0.5164739970238864, 0.5319253761973344]",-1,-1
33052,[0.24429466 0.30098671],0,5,"[0.23231087327800656, 0.30304944505444303]",1589,-1
33053,[0.56142256 0.63240497],9,2,"[0.5921204552873188, 0.6383928111301557]",1278,6
33054,[0.60090529 0.62929521],9,2,"[0.5921204552873188, 0.6383928111301557]",1347,6
33055,[0.36753337 0.66397868],3,-1,-1,-1,-1
33056,[0.28933324 0.53973454],7,7,"[0.2817018170798153, 0.5849768676672948]",-1,-1
33057,[0.40976788 0.56303366],4,0,"[0.383291892093257, 0.5586820702346661]",1692,-1
33058,[0.49937289 0.35773727],6,-1,-1,-1,-1
33059,[0.17438513 0.533321  ],4,-1,-1,-1,-1
33060,[0.46852962 0.313714  ],6,-1,-1,281,-1
33061,[0.39301036 0.50777505],3,0,"[0.383291892093257, 0.5586820702346661]",-1,-1
33062,[0.327458   0.47037998],2,8,"[0.27392971195344684, 0.45973140540928376]",1523,-1
33063,[0.2703437  0.21818433],0,9,"[0.3110394802231661, 0.23517199738277297]",987,-1
33064,[0.21208173 0.53239378],7,-1,-1,853,-1
33065,[0.33094809 0.19530797],0,9,"[0.3110394802231661, 0.23517199738277297]",256,-1
33066,[0.38804737 0.17555326],6,-1,-1,-1,-1
33067,[0.66605089 0.71674241],1,-1,-1,253,-1
33068,[0.39261849 0.55006853],4,0,"[0.383291892093257, 0.5586820702346661]",-1,-1
33069,[0.48216319 0.53512895],5,6,"[0.5164739970238864, 0.5319253761973344]",-1,-1
33070,[0.37947829 0.5244366 ],3,0,"[0.383291892093257, 0.5586820702346661]",1784,-1
33071,[0.25279245 0.24768807],0,5,"[0.23231087327800656, 0.30304944505444303]",-1,-1
33072,[0.78275572 0.68268913],1,4,"[0.7726811996944247, 0.7249303226766757]",397,0
33073,[0.58541582 0.61903847],8,2,"[0.5921204552873188, 0.6383928111301557]",-1,-1
33074,[0.3522438  0.49577727],7,-1,-1,1871,-1
33075,[0.46656529 0.47746414],5,-1,-1,664,-1
33076,[0.32353176 0.29071769],0,9,"[0.3110394802231661, 0.23517199738277297]",1579,-1
33077,[0.42715396 0.55229959],4,0,"[0.383291892093257, 0.5586820702346661]",1205,-1
33078,[0.62461334 0.64751643],9,2,"[0.5921204552873188, 0.6383928111301557]",-1,-1
33079,[0.69596822 0.41565545],8,3,"[0.6815204869410737, 0.47689852788858716]",503,-1
33080,[0.80216875 0.73662485],1,4,"[0.7726811996944247, 0.7249303226766757]",-1,0
33081,[0.51293944 0.66922074],9,-1,-1,-1,-1
33082,[0.28277959 0.5637743 ],4,7,"[0.2817018170798153, 0.5849768676672948]",-1,13
33083,[0.22909026 0.31753579],2,5,"[0.23231087327800656, 0.30304944505444303]",-1,-1
33084,[0.65809806 0.49274492],8,3,"[0.6815204869410737, 0.47689852788858716]",822,-1
33085,[0.73652662 0.80195172],9,-1,-1,288,0
33086,[0.31187009 0.29666937],2,9,"[0.3110394802231661, 0.23517199738277297]",1614,-1
33087,[0.4993404  0.36608054],6,-1,-1,-1,-1
33088,[0.43030821 0.43977365],4,-1,-1,404,-1
33089,[0.62137668 0.48539919],9,3,"[0.6815204869410737, 0.47689852788858716]",789,-1
33090,[0.70546008 0.45099678],8,3,"[0.6815204869410737, 0.47689852788858716]",594,-1
33091,[0.77251015 0.66145929],1,4,"[0.7726811996944247, 0.7249303226766757]",-1,0
33092,[0.40297877 0.4589335 ],7,-1,-1,-1,-1
33093,[0.46898725 0.37814383],6,-1,-1,320,-1
33094,[0.24111081 0.35036067],2,5,"[0.23231087327800656, 0.30304944505444303]",1497,-1
33095,[0.67050568 0.6391138 ],9,-1,-1,581,-1
33096,[0.56681419 0.57490254],5,6,"[0.5164739970238864, 0.5319253761973344]",1458,-1
33097,[0.21242556 0.29666559],0,5,"[0.23231087327800656, 0.30304944505444303]",-1,-1
33098,[0.60928427 0.60285249],5,2,"[0.5921204552873188, 0.6383928111301557]",-1,6
33099,[0.22239341 0.42584219],2,8,"[0.27392971195344684, 0.45973140540928376]",-1,-1
33100,[0.53854558 0.65659922],9,2,"[0.5921204552873188, 0.6383928111301557]",1056,-1
33101,[0.5251746  0.54662239],5,6,"[0.5164739970238864, 0.5319253761973344]",1274,-1
33102,[0.27158705 0.64643701],4,7,"[0.2817018170798153, 0.5849768676672948]",-1,-1
33103,[0.46775153 0.51616875],5,6,"[0.5164739970238864, 0.5319253761973344]",-1,-1
33104,[0.27827358 0.26712746],0,9,"[0.3110394802231661, 0.23517199738277297]",-1,-1
33105,[0.41625587 0.35525844],6,1,"[0.3897435781344088, 0.3417040596068965]",981,-1
33106,[0.70322879 0.68357829],1,-1,-1,339,0
33107,[0.24185798 0.34113918],2,5,"[0.23231087327800656, 0.30304944505444303]",1565,-1
33108,[0.25083441 0.34279606],2,5,"[0.23231087327800656, 0.30304944505444303]",-1,-1
33109,[0.51733522 0.74653971],9,-1,-1,-1,-1
33110,[0.22168162 0.50324281],7,8,"[0.27392971195344684, 0.45973140540928376]",924,-1
33111,[0.72095238 0.67026521],1,-1,-1,357,0
33112,[0.50122651 0.5104377 ],9,6,"[0.5164739970238864, 0.5319253761973344]",725,-1
33113,[0.49470958 0.41424734],6,-1,-1,52,-1
33114,[0.28411726 0.26601401],0,9,"[0.3110394802231661, 0.23517199738277297]",-1,-1
33115,[0.37081471 0.51784776],7,0,"[0.383291892093257, 0.5586820702346661]",-1,-1
33116,[0.37803707 0.21726666],6,9,"[0.3110394802231661, 0.23517199738277297]",-1,-1
33117,[0.40135189 0.3754428 ],6,1,"[0.3897435781344088, 0.3417040596068965]",-1,-1
33118,[0.3169595  0.57986721],7,7,"[0.2817018170798153, 0.5849768676672948]",1962,17
33119,[0.70792513 0.63821374],1,-1,-1,238,-1
33120,[0.24217227 0.59484296],3,7,"[0.2817018170798153, 0.5849768676672948]",-1,-1
33121,[0.55837124 0.55170673],5,6,"[0.5164739970238864, 0.5319253761973344]",-1,-1
33122,[0.78030652 0.75337402],1,4,"[0.7726811996944247, 0.7249303226766757]",412,0
33123,[0.70421326 0.73771128],9,4,"[0.7726811996944247, 0.7249303226766757]",383,0
33124,[0.59553813 0.65467787],9,2,"[0.5921204552873188, 0.6383928111301557]",1125,-1
33125,[0.30317849 0.36917858],0,-1,-1,1594,-1
33126,[0.43395781 0.38688302],6,1,"[0.3897435781344088, 0.3417040596068965]",742,-1
33127,[0.38356338 0.5014145 ],4,0,"[0.383291892093257, 0.5586820702346661]",1448,-1
33128,[0.57724837 0.54656661],5,6,"[0.5164739970238864, 0.5319253761973344]",-1,-1
33129,[0.7306421 0.4909579],8,3,"[0.6815204869410737, 0.47689852788858716]",-1,-1
33130,[0.29712873 0.43258877],7,8,"[0.27392971195344684, 0.45973140540928376]",1082,-1
33131,[0.64731118 0.48544642],8,3,"[0.6815204869410737, 0.47689852788858716]",818,1
33132,[0.31369648 0.45830371],7,8,"[0.27392971195344684, 0.45973140540928376]",1556,-1
33133,[0.57327118 0.6154537 ],9,2,"[0.5921204552873188, 0.6383928111301557]",1419,-1
33134,[0.57905526 0.62550041],9,2,"[0.5921204552873188, 0.6383928111301557]",-1,-1
33135,[0.39828509 0.52129024],7,0,"[0.383291892093257, 0.5586820702346661]",-1,-1
33136,[0.70860076 0.60596114],8,-1,-1,273,-1
33137,[0.79203322 0.41598224],8,-1,-1,-1,-1
33138,[0.6503257  0.53986071],9,-1,-1,-1,-1
33139,[0.47754723 0.49343071],5,6,"[0.5164739970238864, 0.5319253761973344]",-1,-1
33140,[0.44850349 0.40092147],6,-1,-1,-1,-1
33141,[0.32183914 0.30758465],0,-1,-1,-1,-1
33142,[0.30889459 0.64971636],3,-1,-1,-1,-1
33143,[0.22343304 0.44338078],7,8,"[0.27392971195344684, 0.45973140540928376]",-1,-1
33144,[0.28218511 0.32410028],2,5,"[0.23231087327800656, 0.30304944505444303]",1585,-1
33145,[0.31202225 0.52316068],3,7,"[0.2817018170798153, 0.5849768676672948]",1919,-1
33146,[0.63174297 0.52735305],8,-1,-1,864,-1
33147,[0.71097148 0.72202435],1,4,"[0.7726811996944247, 0.7249303226766757]",384,0
33148,[0.34639802 0.58263856],4,0,"[0.383291892093257, 0.5586820702346661]",1842,-1
33149,[0.21716636 0.52490449],4,-1,-1,1169,-1
33150,[0.26752776 0.5292134 ],7,7,"[0.2817018170798153, 0.5849768676672948]",1853,-1
33151,[0.25088131 0.22535455],0,9,"[0.3110394802231661, 0.23517199738277297]",985,-1
33152,[0.75270016 0.479215  ],8,-1,-1,-1,-1
33153,[0.77383319 0.7089692 ],1,4,"[0.7726811996944247, 0.7249303226766757]",476,0
33154,[0.30592676 0.54658714],7,7,"[0.2817018170798153, 0.5849768676672948]",-1,-1
33155,[0.33381006 0.51139847],7,0,"[0.383291892093257, 0.5586820702346661]",1880,-1
33156,[0.4108995  0.54842651],3,0,"[0.383291892093257, 0.5586820702346661]",-1,-1
33157,[0.33819957 0.43207984],2,8,"[0.27392971195344684, 0.45973140540928376]",941,-1
33158,[0.36310513 0.432686  ],7,-1,-1,-1,-1
33159,[0.33221721 0.35629707],6,1,"[0.3897435781344088, 0.3417040596068965]",1368,-1
33160,[0.50844965 0.65838595],9,-1,-1,729,-1
33161,[0.18274716 0.63214278],4,-1,-1,-1,-1
33162,[0.28694021 0.5675952 ],3,7,"[0.2817018170798153, 0.5849768676672948]",1896,-1
33163,[0.32880277 0.48744484],4,8,"[0.27392971195344684, 0.45973140540928376]",1827,-1
33164,[0.43542581 0.47247531],3,-1,-1,-1,-1
33165,[0.24847556 0.15080436],0,-1,-1,140,-1
33166,[0.74572955 0.68093258],1,4,"[0.7726811996944247, 0.7249303226766757]",439,0
33167,[0.64071146 0.47642064],8,3,"[0.6815204869410737, 0.47689852788858716]",823,-1
33168,[0.33723244 0.53901132],7,0,"[0.383291892093257, 0.5586820702346661]",1950,16
33169,[0.32717628 0.40862038],2,-1,-1,-1,-1
33170,[0.37667569 0.27935059],0,1,"[0.3897435781344088, 0.3417040596068965]",1168,-1
33171,[0.23631081 0.5774727 ],7,7,"[0.2817018170798153, 0.5849768676672948]",1344,-1
33172,[0.31432766 0.30326184],0,9,"[0.3110394802231661, 0.23517199738277297]",1647,-1
33173,[0.41467003 0.51399866],3,0,"[0.383291892093257, 0.5586820702346661]",-1,-1
33174,[0.59844778 0.65897363],9,2,"[0.5921204552873188, 0.6383928111301557]",-1,-1
33175,[0.81983121 0.65548387],1,-1,-1,255,0
33176,[0.38092847 0.51772637],7,0,"[0.383291892093257, 0.5586820702346661]",1783,-1
33177,[0.62708537 0.59660717],9,2,"[0.5921204552873188, 0.6383928111301557]",1209,-1
33178,[0.41511477 0.27408531],6,-1,-1,921,-1
33179,[0.23074755 0.37019893],2,5,"[0.23231087327800656, 0.30304944505444303]",1085,-1
33180,[0.25021186 0.65670174],4,-1,-1,-1,-1
33181,[0.22107937 0.40193926],7,-1,-1,502,-1
33182,[0.33467433 0.50718922],4,-1,-1,-1,-1
33183,[0.23499325 0.54392267],4,7,"[0.2817018170798153, 0.5849768676672948]",1411,-1
33184,[0.29033527 0.54151053],7,7,"[0.2817018170798153, 0.5849768676672948]",1907,14
33185,[0.56489036 0.48910072],5,6,"[0.5164739970238864, 0.5319253761973344]",-1,-1
33186,[0.37372348 0.29715357],0,1,"[0.3897435781344088, 0.3417040596068965]",1454,-1
33187,[0.69807039 0.85549732],1,-1,-1,-1,-1
33188,[0.53943001 0.58489005],9,6,"[0.5164739970238864, 0.5319253761973344]",1432,-1
33189,[0.61295444 0.56140613],9,-1,-1,910,-1
33190,[0.6086925 0.6706733],9,2,"[0.5921204552873188, 0.6383928111301557]",-1,-1
33191,[0.59732159 0.6145489 ],9,2,"[0.5921204552873188, 0.6383928111301557]",1417,-1
33192,[0.26227745 0.51988833],7,8,"[0.27392971195344684, 0.45973140540928376]",-1,-1
33193,[0.29959357 0.55102707],3,7,"[0.2817018170798153, 0.5849768676672948]",-1,-1
33194,[0.22811105 0.27359452],0,5,"[0.23231087327800656, 0.30304944505444303]",1031,-1
33195,[0.30728964 0.632045  ],7,7,"[0.2817018170798153, 0.5849768676672948]",-1,-1
33196,[0.35864759 0.24445716],6,9,"[0.3110394802231661, 0.23517199738277297]",-1,-1
33197,[0.31941706 0.3691962 ],6,-1,-1,1392,-1
33198,[0.50166544 0.43865025],5,-1,-1,-1,-1
33199,[0.37184351 0.29373003],0,1,"[0.3897435781344088, 0.3417040596068965]",-1,-1
33200,[0.39079572 0.64945957],3,-1,-1,-1,-1
33201,[0.70049453 0.63101428],9,-1,-1,-1,-1
33202,[0.77497989 0.72147841],1,4,"[0.7726811996944247, 0.7249303226766757]",-1,0
33203,[0.20166666 0.32507867],0,5,"[0.23231087327800656, 0.30304944505444303]",1039,-1
33204,[0.33062186 0.32389215],2,1,"[0.3897435781344088, 0.3417040596068965]",1683,10
33205,[0.3588132  0.48736616],7,-1,-1,-1,-1
33206,[0.254413   0.16272599],0,-1,-1,148,-1
33207,[0.28036409 0.37426767],6,-1,-1,-1,-1
33208,[0.47950173 0.67213349],5,-1,-1,-1,-1
33209,[0.52032258 0.55899267],5,6,"[0.5164739970238864, 0.5319253761973344]",-1,-1
33210,[0.09125033 0.39132544],0,-1,-1,-1,-1
33211,[0.35121526 0.57325805],3,0,"[0.383291892093257, 0.5586820702346661]",1859,-1
33212,[0.30743876 0.57021269],7,7,"[0.2817018170798153, 0.5849768676672948]",1925,-1
33213,[0.27589387 0.58197323],3,7,"[0.2817018170798153, 0.5849768676672948]",1670,-1
33214,[0.20152654 0.35783804],2,5,"[0.23231087327800656, 0.30304944505444303]",-1,-1
33215,[0.40039701 0.58016121],3,0,"[0.383291892093257, 0.5586820702346661]",1767,-1
33216,[0.73549035 0.7122797 ],1,4,"[0.7726811996944247, 0.7249303226766757]",-1,0
33217,[0.29450925 0.26647254],0,9,"[0.3110394802231661, 0.23517199738277297]",1496,-1
33218,[0.69167302 0.41954842],8,3,"[0.6815204869410737, 0.47689852788858716]",-1,-1
33219,[0.69106908 0.71195612],1,-1,-1,343,0
33220,[0.31514863 0.5299904 ],3,7,"[0.2817018170798153, 0.5849768676672948]",1841,-1
33221,[0.47946877 0.44402861],3,-1,-1,180,-1
33222,[0.63087412 0.55778188],9,-1,-1,1104,-1
33223,[0.62813109 0.62473284],9,2,"[0.5921204552873188, 0.6383928111301557]",1159,-1
33224,[0.24132573 0.46831312],7,8,"[0.27392971195344684, 0.45973140540928376]",-1,-1
33225,[0.41970766 0.33011364],6,1,"[0.3897435781344088, 0.3417040596068965]",989,-1
33226,[0.80289265 0.67486331],1,4,"[0.7726811996944247, 0.7249303226766757]",359,0
33227,[0.28372038 0.56742303],4,7,"[0.2817018170798153, 0.5849768676672948]",1903,-1
33228,[0.5670491  0.64282665],5,2,"[0.5921204552873188, 0.6383928111301557]",1220,-1
33229,[0.37600352 0.58863422],3,0,"[0.383291892093257, 0.5586820702346661]",1846,12
33230,[0.40939491 0.31394165],6,1,"[0.3897435781344088, 0.3417040596068965]",925,-1
33231,[0.39843067 0.57174273],3,0,"[0.383291892093257, 0.5586820702346661]",1770,-1
33232,[0.45981242 0.36465814],6,-1,-1,442,-1
33233,[0.21536577 0.49649386],7,8,"[0.27392971195344684, 0.45973140540928376]",-1,-1
33234,[0.31824397 0.23929299],6,9,"[0.3110394802231661, 0.23517199738277297]",-1,-1
33235,[0.75864955 0.47344183],8,-1,-1,186,-1
33236,[0.2804933  0.31710488],0,5,"[0.23231087327800656, 0.30304944505444303]",-1,9
33237,[0.73324216 0.38232991],8,-1,-1,-1,-1
33238,[0.2754434  0.31889784],2,5,"[0.23231087327800656, 0.30304944505444303]",1585,9
33239,[0.15640155 0.40141386],2,-1,-1,-1,-1
33240,[0.2958956  0.33638626],2,-1,-1,-1,-1
33241,[0.46194494 0.50277412],5,6,"[0.5164739970238864, 0.5319253761973344]",-1,-1
33242,[0.2832695  0.49397468],4,8,"[0.27392971195344684, 0.45973140540928376]",-1,-1
33243,[0.50815722 0.60137991],9,6,"[0.5164739970238864, 0.5319253761973344]",1218,-1
33244,[0.56888341 0.58317758],9,2,"[0.5921204552873188, 0.6383928111301557]",1457,6
33245,[0.62910312 0.5132349 ],9,3,"[0.6815204869410737, 0.47689852788858716]",869,-1
33246,[0.37489162 0.56901965],3,0,"[0.383291892093257, 0.5586820702346661]",-1,-1
33247,[0.22301098 0.47495907],2,8,"[0.27392971195344684, 0.45973140540928376]",-1,-1
33248,[0.68951535 0.59459017],9,-1,-1,267,-1
33249,[0.5327769  0.48389057],5,6,"[0.5164739970238864, 0.5319253761973344]",927,-1
33250,[0.7322256  0.66511821],1,-1,-1,356,0
33251,[0.33766925 0.60416649],7,7,"[0.2817018170798153, 0.5849768676672948]",-1,-1
33252,[0.58270966 0.59988049],9,2,"[0.5921204552873188, 0.6383928111301557]",-1,6
33253,[0.33798583 0.22921005],0,9,"[0.3110394802231661, 0.23517199738277297]",-1,-1
33254,[0.72658264 0.41336082],8,-1,-1,-1,-1
33255,[0.35329665 0.62002556],4,0,"[0.383291892093257, 0.5586820702346661]",-1,-1
33256,[0.22128941 0.27312882],0,5,"[0.23231087327800656, 0.30304944505444303]",1024,-1
33257,[0.29868061 0.32048289],0,5,"[0.23231087327800656, 0.30304944505444303]",1661,-1
33258,[0.32466884 0.50721398],7,8,"[0.27392971195344684, 0.45973140540928376]",-1,-1
33259,[0.59660404 0.76102404],9,-1,-1,-1,-1
33260,[0.26785556 0.45272934],7,8,"[0.27392971195344684, 0.45973140540928376]",1247,-1
33261,[0.58078012 0.56366674],5,-1,-1,1394,-1
33262,[0.80313049 0.68790032],1,4,"[0.7726811996944247, 0.7249303226766757]",354,0
33263,[0.27896358 0.56950331],4,7,"[0.2817018170798153, 0.5849768676672948]",-1,-1
33264,[0.31464728 0.61482344],4,7,"[0.2817018170798153, 0.5849768676672948]",-1,-1
33265,[0.6194809  0.51095455],5,-1,-1,-1,-1
33266,[0.3574527  0.44276863],6,-1,-1,-1,-1
33267,[0.59245128 0.62400997],9,2,"[0.5921204552873188, 0.6383928111301557]",1343,6
33268,[0.15254527 0.54028745],4,-1,-1,53,-1
33269,[0.31174998 0.37832267],2,-1,-1,1423,-1
33270,[0.59140623 0.57194653],9,2,"[0.5921204552873188, 0.6383928111301557]",1326,-1
33271,[0.3821653  0.32766162],0,1,"[0.3897435781344088, 0.3417040596068965]",1476,-1
33272,[0.26821085 0.27084885],0,5,"[0.23231087327800656, 0.30304944505444303]",1635,11
33273,[0.67473185 0.2745677 ],8,-1,-1,-1,-1
33274,[0.7913951  0.78584176],1,4,"[0.7726811996944247, 0.7249303226766757]",-1,0
33275,[0.81075194 0.71236031],1,4,"[0.7726811996944247, 0.7249303226766757]",378,0
33276,[0.27648654 0.60516786],7,7,"[0.2817018170798153, 0.5849768676672948]",1032,-1
33277,[0.46063648 0.62345152],5,-1,-1,704,-1
33278,[0.4044325  0.57056241],4,0,"[0.383291892093257, 0.5586820702346661]",-1,-1
33279,[0.32516283 0.57697655],7,7,"[0.2817018170798153, 0.5849768676672948]",-1,-1
33280,[0.27496882 0.56230381],3,7,"[0.2817018170798153, 0.5849768676672948]",1875,13
33281,[0.29375721 0.30718576],0,5,"[0.23231087327800656, 0.30304944505444303]",-1,-1
33282,[0.62805294 0.46675248],5,3,"[0.6815204869410737, 0.47689852788858716]",626,-1
33283,[0.60266421 0.5080589 ],9,-1,-1,844,-1
33284,[0.58114217 0.53035748],5,6,"[0.5164739970238864, 0.5319253761973344]",-1,-1
33285,[0.49932683 0.60918044],9,-1,-1,-1,-1
33286,[0.25115847 0.29782581],0,5,"[0.23231087327800656, 0.30304944505444303]",-1,-1
33287,[0.23996074 0.29239394],2,5,"[0.23231087327800656, 0.30304944505444303]",1298,-1
33288,[0.57159795 0.58502108],9,2,"[0.5921204552873188, 0.6383928111301557]",-1,6
33289,[0.54925408 0.50018006],8,6,"[0.5164739970238864, 0.5319253761973344]",792,-1
33290,[0.36330813 0.23323472],6,9,"[0.3110394802231661, 0.23517199738277297]",-1,-1
33291,[0.36924149 0.60995923],4,0,"[0.383291892093257, 0.5586820702346661]",-1,-1
33292,[0.81947978 0.66382823],1,-1,-1,-1,0
33293,[0.33889933 0.58072491],7,0,"[0.383291892093257, 0.5586820702346661]",-1,-1
33294,[0.24371048 0.30221856],2,5,"[0.23231087327800656, 0.30304944505444303]",-1,-1
33295,[0.35938356 0.34243426],6,1,"[0.3897435781344088, 0.3417040596068965]",-1,-1
33296,[0.40852424 0.55944849],3,0,"[0.383291892093257, 0.5586820702346661]",-1,-1
33297,[0.38518637 0.61162212],3,0,"[0.383291892093257, 0.5586820702346661]",1720,-1
33298,[0.26105744 0.50897979],7,8,"[0.27392971195344684, 0.45973140540928376]",-1,-1
33299,[0.20722926 0.37672568],2,-1,-1,-1,-1
33300,[0.33664088 0.27148145],2,9,"[0.3110394802231661, 0.23517199738277297]",-1,-1
33301,[0.34179071 0.49449805],7,-1,-1,1880,-1
33302,[0.59440531 0.6883483 ],9,2,"[0.5921204552873188, 0.6383928111301557]",654,-1
33303,[0.51470567 0.47075638],5,6,"[0.5164739970238864, 0.5319253761973344]",-1,-1
33304,[0.5634031  0.42917003],5,-1,-1,-1,-1
33305,[0.45462463 0.62721765],5,-1,-1,705,-1
33306,[0.482533   0.38249741],6,-1,-1,-1,-1
33307,[0.72174355 0.77826033],1,-1,-1,315,0
33308,[0.30588003 0.31704158],6,-1,-1,1648,-1
33309,[0.48845151 0.47073911],5,6,"[0.5164739970238864, 0.5319253761973344]",-1,-1
33310,[0.62759978 0.61168138],9,2,"[0.5921204552873188, 0.6383928111301557]",-1,-1
33311,[0.81226843 0.51302916],8,-1,-1,-1,-1
33312,[0.35057663 0.26694689],2,9,"[0.3110394802231661, 0.23517199738277297]",951,-1
33313,[0.73129095 0.49875361],8,3,"[0.6815204869410737, 0.47689852788858716]",572,-1
33314,[0.34342328 0.55328636],4,0,"[0.383291892093257, 0.5586820702346661]",1955,-1
33315,[0.634353   0.64144848],9,2,"[0.5921204552873188, 0.6383928111301557]",-1,-1
33316,[0.59953132 0.66356255],9,2,"[0.5921204552873188, 0.6383928111301557]",-1,-1
33317,[0.67858573 0.60099277],9,-1,-1,-1,-1
33318,[0.31636852 0.53687164],7,7,"[0.2817018170798153, 0.5849768676672948]",1932,-1
33319,[0.19098006 0.29354837],2,5,"[0.23231087327800656, 0.30304944505444303]",933,-1
33320,[0.28076629 0.38414599],2,-1,-1,1098,-1
33321,[0.28986143 0.54499351],7,7,"[0.2817018170798153, 0.5849768676672948]",1907,-1
33322,[0.6313366  0.51018384],8,3,"[0.6815204869410737, 0.47689852788858716]",869,1
33323,[0.46935725 0.26818679],6,-1,-1,272,-1
33324,[0.76465901 0.74791926],1,4,"[0.7726811996944247, 0.7249303226766757]",430,0
33325,[0.30106491 0.34317259],2,-1,-1,1626,8
33326,[0.74115993 0.47179365],8,3,"[0.6815204869410737, 0.47689852788858716]",513,-1
33327,[0.39961321 0.4510339 ],3,-1,-1,-1,-1
33328,[0.25266629 0.51480182],7,8,"[0.27392971195344684, 0.45973140540928376]",-1,-1
33329,[0.28415468 0.30146559],6,5,"[0.23231087327800656, 0.30304944505444303]",1578,-1
33330,[0.64969748 0.63832151],9,2,"[0.5921204552873188, 0.6383928111301557]",939,-1
33331,[0.60512613 0.71049719],9,-1,-1,-1,-1
33332,[0.34220467 0.64206588],4,-1,-1,900,-1
33333,[0.26202119 0.23067737],0,9,"[0.3110394802231661, 0.23517199738277297]",-1,-1
33334,[0.79529383 0.72718294],1,4,"[0.7726811996944247, 0.7249303226766757]",461,0
33335,[0.46980062 0.49098318],3,6,"[0.5164739970238864, 0.5319253761973344]",875,-1
33336,[0.50075613 0.65906023],9,-1,-1,727,-1
33337,[0.59217356 0.44715317],8,-1,-1,-1,-1
33338,[0.31349025 0.32396054],0,-1,-1,-1,-1
33339,[0.37822992 0.43646413],6,-1,-1,-1,-1
33340,[0.56946393 0.58988417],9,2,"[0.5921204552873188, 0.6383928111301557]",1437,6
33341,[0.19846583 0.4581659 ],2,-1,-1,-1,-1
33342,[0.24493469 0.52607533],7,7,"[0.2817018170798153, 0.5849768676672948]",-1,-1
33343,[0.36707197 0.42794129],6,-1,-1,-1,-1
33344,[0.48579239 0.56949135],5,6,"[0.5164739970238864, 0.5319253761973344]",-1,-1
33345,[0.26273274 0.19383822],0,9,"[0.3110394802231661, 0.23517199738277297]",746,-1
33346,[0.77433019 0.48403538],8,-1,-1,-1,-1
33347,[0.22911734 0.29617916],2,5,"[0.23231087327800656, 0.30304944505444303]",1461,-1
33348,[0.56834045 0.6458443 ],9,2,"[0.5921204552873188, 0.6383928111301557]",1220,-1
33349,[0.31098508 0.55047848],3,7,"[0.2817018170798153, 0.5849768676672948]",-1,17
33350,[0.45162634 0.59202138],3,-1,-1,1238,4
33351,[0.26149666 0.6155354 ],4,7,"[0.2817018170798153, 0.5849768676672948]",-1,-1
33352,[0.59923745 0.50738632],5,-1,-1,-1,-1
33353,[0.72692273 0.67601983],1,4,"[0.7726811996944247, 0.7249303226766757]",-1,0
33354,[0.31251493 0.34896522],2,-1,-1,1630,8
33355,[0.72284039 0.58124248],8,-1,-1,55,-1
33356,[0.25960155 0.28506263],2,5,"[0.23231087327800656, 0.30304944505444303]",-1,-1
33357,[0.76056275 0.63624063],1,-1,-1,-1,0
33358,[0.22767253 0.28943656],2,5,"[0.23231087327800656, 0.30304944505444303]",1460,-1
33359,[0.79648754 0.72457362],1,4,"[0.7726811996944247, 0.7249303226766757]",461,0
33360,[0.72784037 0.56918355],8,-1,-1,125,-1
33361,[0.42792674 0.53350347],3,0,"[0.383291892093257, 0.5586820702346661]",-1,-1
33362,[0.35349966 0.56241192],3,0,"[0.383291892093257, 0.5586820702346661]",-1,-1
33363,[0.54489029 0.59896268],5,2,"[0.5921204552873188, 0.6383928111301557]",1422,-1
33364,[0.30056353 0.43315492],7,8,"[0.27392971195344684, 0.45973140540928376]",1082,-1
33365,[0.24202808 0.55794775],4,7,"[0.2817018170798153, 0.5849768676672948]",-1,-1
33366,[0.29491093 0.32241982],0,5,"[0.23231087327800656, 0.30304944505444303]",-1,9
33367,[0.48470868 0.48262   ],5,6,"[0.5164739970238864, 0.5319253761973344]",606,-1
33368,[0.6675878  0.46785066],8,3,"[0.6815204869410737, 0.47689852788858716]",805,-1
33369,[0.59233023 0.54615041],3,-1,-1,1290,-1
33370,[0.37019668 0.25714067],2,9,"[0.3110394802231661, 0.23517199738277297]",-1,-1
33371,[0.29966063 0.45182503],4,8,"[0.27392971195344684, 0.45973140540928376]",-1,-1
33372,[0.30960998 0.52655025],4,7,"[0.2817018170798153, 0.5849768676672948]",-1,-1
33373,[0.1702184  0.33936855],0,-1,-1,-1,-1
33374,[0.26863511 0.61352533],4,7,"[0.2817018170798153, 0.5849768676672948]",-1,-1
33375,[0.1704571 0.5160124],7,-1,-1,-1,-1
33376,[0.26114223 0.56604   ],7,7,"[0.2817018170798153, 0.5849768676672948]",-1,-1
33377,[0.40200738 0.29842531],6,1,"[0.3897435781344088, 0.3417040596068965]",-1,-1
33378,[0.65713116 0.68690819],1,-1,-1,-1,-1
33379,[0.63393191 0.65887527],9,2,"[0.5921204552873188, 0.6383928111301557]",-1,-1
33380,[0.21633942 0.24751395],2,5,"[0.23231087327800656, 0.30304944505444303]",895,-1
33381,[0.34855788 0.60119109],4,0,"[0.383291892093257, 0.5586820702346661]",1833,-1
33382,[0.32521047 0.28248333],2,9,"[0.3110394802231661, 0.23517199738277297]",1520,-1
33383,[0.58814764 0.63406263],5,2,"[0.5921204552873188, 0.6383928111301557]",1337,-1
33384,[0.65705996 0.71701176],9,-1,-1,-1,-1
33385,[0.44573731 0.50110131],3,-1,-1,-1,-1
33386,[0.46255972 0.53428102],3,6,"[0.5164739970238864, 0.5319253761973344]",1299,-1
33387,[0.52638366 0.61194619],5,-1,-1,1145,-1
33388,[0.26336877 0.34623088],0,5,"[0.23231087327800656, 0.30304944505444303]",1586,-1
33389,[0.34380778 0.4048212 ],7,-1,-1,881,-1
33390,[0.21362838 0.61522049],4,-1,-1,-1,-1
33391,[0.62496166 0.60289945],9,2,"[0.5921204552873188, 0.6383928111301557]",1200,-1
33392,[0.28515656 0.27773949],2,9,"[0.3110394802231661, 0.23517199738277297]",-1,-1
33393,[0.2434767 0.6377662],7,7,"[0.2817018170798153, 0.5849768676672948]",-1,-1
33394,[0.32221966 0.3571994 ],0,1,"[0.3897435781344088, 0.3417040596068965]",1485,-1
33395,[0.76955567 0.68922509],1,4,"[0.7726811996944247, 0.7249303226766757]",-1,0
33396,[0.57549589 0.65078652],9,2,"[0.5921204552873188, 0.6383928111301557]",1124,-1
33397,[0.3814668  0.66561637],3,-1,-1,702,-1
33398,[0.71375094 0.63910013],9,-1,-1,238,0
33399,[0.73341572 0.69709168],1,4,"[0.7726811996944247, 0.7249303226766757]",-1,0
33400,[0.29945438 0.31803576],2,5,"[0.23231087327800656, 0.30304944505444303]",1661,-1
33401,[0.69075229 0.56766019],8,-1,-1,-1,-1
33402,[0.58327903 0.66996326],9,2,"[0.5921204552873188, 0.6383928111301557]",1121,-1
33403,[0.74074519 0.50490071],8,3,"[0.6815204869410737, 0.47689852788858716]",568,-1
33404,[0.1731781  0.57562471],7,-1,-1,101,-1
33405,[0.62215175 0.51568744],8,-1,-1,862,-1
33406,[0.53181492 0.58477642],9,6,"[0.5164739970238864, 0.5319253761973344]",1372,6
33407,[0.2300577  0.34590911],2,5,"[0.23231087327800656, 0.30304944505444303]",-1,-1
33408,[0.10859982 0.17625741],0,-1,-1,-1,-1
33409,[0.25493654 0.26299957],0,5,"[0.23231087327800656, 0.30304944505444303]",-1,-1
33410,[0.47273007 0.38770099],6,-1,-1,321,-1
33411,[0.29916191 0.4718058 ],4,8,"[0.27392971195344684, 0.45973140540928376]",-1,-1
33412,[0.19888532 0.22032666],0,-1,-1,-1,-1
33413,[0.37476835 0.55358234],3,0,"[0.383291892093257, 0.5586820702346661]",-1,-1
33414,[0.53571103 0.68806638],9,-1,-1,555,-1
33415,[0.2493898  0.45990299],2,8,"[0.27392971195344684, 0.45973140540928376]",1148,-1
33416,[0.62035988 0.59409206],8,2,"[0.5921204552873188, 0.6383928111301557]",-1,-1
33417,[0.25391053 0.31906763],0,5,"[0.23231087327800656, 0.30304944505444303]",1501,7
33418,[0.32191789 0.57839373],3,7,"[0.2817018170798153, 0.5849768676672948]",-1,-1
33419,[0.31286544 0.50498888],7,8,"[0.27392971195344684, 0.45973140540928376]",1922,15
33420,[0.26513199 0.58671829],7,7,"[0.2817018170798153, 0.5849768676672948]",-1,-1
33421,[0.64130403 0.49190009],8,3,"[0.6815204869410737, 0.47689852788858716]",819,1
33422,[0.46316825 0.49241552],5,6,"[0.5164739970238864, 0.5319253761973344]",666,-1
33423,[0.38083388 0.52719288],7,0,"[0.383291892093257, 0.5586820702346661]",1784,-1
33424,[0.58561499 0.47113806],8,-1,-1,608,-1
33425,[0.29061882 0.59396612],4,7,"[0.2817018170798153, 0.5849768676672948]",1810,-1
33426,[0.28480012 0.35060361],2,-1,-1,1584,-1
33427,[0.32657472 0.52164369],7,0,"[0.383291892093257, 0.5586820702346661]",1905,-1
33428,[0.39328716 0.30103232],2,1,"[0.3897435781344088, 0.3417040596068965]",1396,-1
33429,[0.40665487 0.4794622 ],4,-1,-1,-1,-1
33430,[0.79417195 0.55139522],8,-1,-1,15,-1
33431,[0.7400359  0.72539865],1,4,"[0.7726811996944247, 0.7249303226766757]",411,0
33432,[0.66700047 0.71446689],1,-1,-1,253,-1
33433,[0.52136185 0.35587909],6,-1,-1,63,-1
33434,[0.26032042 0.26581732],2,5,"[0.23231087327800656, 0.30304944505444303]",-1,-1
33435,[0.58900965 0.5941869 ],9,2,"[0.5921204552873188, 0.6383928111301557]",-1,-1
33436,[0.36316303 0.34851863],6,1,"[0.3897435781344088, 0.3417040596068965]",1350,-1
33437,[0.53320368 0.68660908],9,-1,-1,555,-1
33438,[0.5869142  0.63906081],9,2,"[0.5921204552873188, 0.6383928111301557]",-1,-1
33439,[0.74660217 0.45780472],8,3,"[0.6815204869410737, 0.47689852788858716]",-1,-1
33440,[0.40805667 0.42778234],3,-1,-1,-1,-1
33441,[0.31482262 0.40479105],2,8,"[0.27392971195344684, 0.45973140540928376]",928,-1
33442,[0.74362845 0.69075193],1,4,"[0.7726811996944247, 0.7249303226766757]",440,0
33443,[0.347698   0.49039508],3,-1,-1,-1,-1
33444,[0.51149363 0.67299492],5,-1,-1,-1,-1
33445,[0.54508552 0.65625936],9,2,"[0.5921204552873188, 0.6383928111301557]",1056,-1
33446,[0.24686472 0.44741146],2,8,"[0.27392971195344684, 0.45973140540928376]",-1,-1
33447,[0.84779727 0.75601813],1,-1,-1,-1,0
33448,[0.85762677 0.72787169],1,-1,-1,-1,0
33449,[0.27702389 0.32105358],0,5,"[0.23231087327800656, 0.30304944505444303]",1585,9
33450,[0.23918724 0.43917236],2,8,"[0.27392971195344684, 0.45973140540928376]",696,-1
33451,[0.35661088 0.64963613],3,-1,-1,576,-1
33452,[0.38543065 0.49946598],3,0,"[0.383291892093257, 0.5586820702346661]",1448,-1
33453,[0.29311958 0.36957453],6,-1,-1,-1,-1
33454,[0.52671664 0.63538743],9,2,"[0.5921204552873188, 0.6383928111301557]",-1,-1
33455,[0.35864556 0.29461539],2,1,"[0.3897435781344088, 0.3417040596068965]",-1,-1
33456,[0.83287559 0.64982191],1,-1,-1,170,0
33457,[0.22562853 0.37038624],2,5,"[0.23231087327800656, 0.30304944505444303]",-1,-1
33458,[0.49676519 0.5806858 ],5,6,"[0.5164739970238864, 0.5319253761973344]",-1,-1
33459,[0.33224972 0.63779923],4,-1,-1,886,-1
33460,[0.33184881 0.285878  ],0,9,"[0.3110394802231661, 0.23517199738277297]",-1,-1
33461,[0.309094   0.54804008],3,7,"[0.2817018170798153, 0.5849768676672948]",1987,17
33462,[0.22565245 0.55849645],7,7,"[0.2817018170798153, 0.5849768676672948]",1288,-1
33463,[0.3416569  0.33567827],2,1,"[0.3897435781344088, 0.3417040596068965]",-1,-1
33464,[0.4087659  0.51396426],4,0,"[0.383291892093257, 0.5586820702346661]",1638,-1
33465,[0.38966898 0.55895555],4,0,"[0.383291892093257, 0.5586820702346661]",1774,-1
33466,[0.32832717 0.25613364],0,9,"[0.3110394802231661, 0.23517199738277297]",1484,-1
33467,[0.35922092 0.59353328],3,0,"[0.383291892093257, 0.5586820702346661]",-1,-1
33468,[0.2889495 0.3941116],2,8,"[0.27392971195344684, 0.45973140540928376]",1066,-1
33469,[0.21230213 0.07831148],0,-1,-1,-1,-1
33470,[0.35261627 0.34857239],2,1,"[0.3897435781344088, 0.3417040596068965]",1352,-1
33471,[0.34176642 0.48391625],7,-1,-1,1891,-1
33472,[0.23501599 0.1983344 ],0,-1,-1,-1,-1
33473,[0.21815479 0.19744206],2,-1,-1,374,-1
33474,[0.27571502 0.51300877],7,8,"[0.27392971195344684, 0.45973140540928376]",1887,-1
33475,[0.51241778 0.24331388],6,-1,-1,-1,-1
33476,[0.46327985 0.46078458],8,-1,-1,-1,-1
33477,[0.30783756 0.5945254 ],7,7,"[0.2817018170798153, 0.5849768676672948]",1820,-1
33478,[0.66963586 0.60364737],9,-1,-1,-1,-1
33479,[0.16485588 0.20795767],0,-1,-1,74,-1
33480,[0.41946588 0.28350805],6,1,"[0.3897435781344088, 0.3417040596068965]",765,-1
33481,[0.44670877 0.54595775],5,0,"[0.383291892093257, 0.5586820702346661]",-1,-1
33482,[0.57413275 0.52650625],5,6,"[0.5164739970238864, 0.5319253761973344]",1198,-1
33483,[0.64231276 0.51711335],8,3,"[0.6815204869410737, 0.47689852788858716]",-1,-1
33484,[0.3469723  0.42399387],4,-1,-1,-1,-1
33485,[0.48883802 0.62408919],5,-1,-1,647,-1
33486,[0.17713914 0.28188192],2,5,"[0.23231087327800656, 0.30304944505444303]",-1,-1
33487,[0.80593869 0.47066382],8,-1,-1,-1,-1
33488,[0.2530326  0.37501982],7,-1,-1,-1,-1
33489,[0.21942878 0.31763326],2,5,"[0.23231087327800656, 0.30304944505444303]",1340,-1
33490,[0.71412009 0.69488073],1,4,"[0.7726811996944247, 0.7249303226766757]",393,0
33491,[0.33001769 0.54529908],4,0,"[0.383291892093257, 0.5586820702346661]",-1,-1
33492,[0.2396897  0.39598903],0,-1,-1,-1,-1
33493,[0.72072983 0.38743012],8,-1,-1,149,-1
33494,[0.64181882 0.61606808],9,2,"[0.5921204552873188, 0.6383928111301557]",-1,-1
33495,[0.26100532 0.25685167],2,5,"[0.23231087327800656, 0.30304944505444303]",1053,-1
33496,[0.20573114 0.42685834],2,-1,-1,-1,-1
33497,[0.62975025 0.62167617],5,2,"[0.5921204552873188, 0.6383928111301557]",-1,-1
33498,[0.2951955  0.28566914],0,9,"[0.3110394802231661, 0.23517199738277297]",1554,-1
33499,[0.38772001 0.51403084],3,0,"[0.383291892093257, 0.5586820702346661]",1781,-1
33500,[0.7970305  0.81855836],1,-1,-1,142,-1
33501,[0.37550951 0.3494965 ],0,1,"[0.3897435781344088, 0.3417040596068965]",1245,-1
33502,[0.49500514 0.36649752],6,-1,-1,-1,-1
33503,[0.13751045 0.54291965],7,-1,-1,-1,-1
33504,[0.65297715 0.55320521],9,-1,-1,-1,-1
33505,[0.57545364 0.57194189],9,2,"[0.5921204552873188, 0.6383928111301557]",-1,-1
33506,[0.38552822 0.50282376],3,0,"[0.383291892093257, 0.5586820702346661]",1448,-1
33507,[0.53620337 0.5389917 ],5,6,"[0.5164739970238864, 0.5319253761973344]",-1,-1
33508,[0.28836986 0.553678  ],7,7,"[0.2817018170798153, 0.5849768676672948]",-1,13
33509,[0.35551936 0.68541627],3,-1,-1,-1,-1
33510,[0.28754174 0.51773345],7,8,"[0.27392971195344684, 0.45973140540928376]",1915,14
33511,[0.57146412 0.57347005],9,2,"[0.5921204552873188, 0.6383928111301557]",-1,6
33512,[0.37495474 0.63837896],3,-1,-1,784,-1
33513,[0.72976169 0.47770269],8,3,"[0.6815204869410737, 0.47689852788858716]",779,-1
33514,[0.23839854 0.38483227],7,-1,-1,912,-1
33515,[0.44321583 0.60154172],3,-1,-1,1493,-1
33516,[0.80533984 0.63918978],1,-1,-1,-1,0
33517,[0.40959017 0.5530191 ],4,0,"[0.383291892093257, 0.5586820702346661]",1734,-1
33518,[0.33855719 0.31734831],2,1,"[0.3897435781344088, 0.3417040596068965]",-1,-1
33519,[0.35786644 0.50242075],4,0,"[0.383291892093257, 0.5586820702346661]",-1,-1
33520,[0.55168367 0.46619701],5,-1,-1,757,-1
33521,[0.17829332 0.62412917],4,-1,-1,-1,-1
33522,[0.27811827 0.18307463],6,9,"[0.3110394802231661, 0.23517199738277297]",355,-1
33523,[0.14998817 0.2623135 ],0,-1,-1,126,-1
33524,[0.23541013 0.58682576],7,7,"[0.2817018170798153, 0.5849768676672948]",506,-1
33525,[0.45594956 0.2375763 ],6,-1,-1,-1,-1
33526,[0.24724503 0.48439496],7,8,"[0.27392971195344684, 0.45973140540928376]",1710,-1
33527,[0.73943555 0.5163123 ],8,-1,-1,480,-1
33528,[0.92607089 0.7374251 ],1,-1,-1,5,-1
33529,[0.26571834 0.39763816],0,8,"[0.27392971195344684, 0.45973140540928376]",945,-1
33530,[0.31225952 0.1987588 ],6,9,"[0.3110394802231661, 0.23517199738277297]",-1,-1
33531,[0.71324959 0.4023404 ],8,-1,-1,-1,-1
33532,[0.39853265 0.3832478 ],6,1,"[0.3897435781344088, 0.3417040596068965]",-1,-1
33533,[0.29836535 0.3827497 ],2,-1,-1,1208,-1
33534,[0.31283277 0.23464443],0,9,"[0.3110394802231661, 0.23517199738277297]",1492,-1
33535,[0.28141123 0.31432261],0,5,"[0.23231087327800656, 0.30304944505444303]",1585,9
33536,[0.76871407 0.75955818],1,4,"[0.7726811996944247, 0.7249303226766757]",-1,0
33537,[0.48244085 0.55350565],5,6,"[0.5164739970238864, 0.5319253761973344]",-1,-1
33538,[0.33903865 0.34673001],2,1,"[0.3897435781344088, 0.3417040596068965]",-1,-1
33539,[0.31788747 0.28289266],2,9,"[0.3110394802231661, 0.23517199738277297]",1576,-1
33540,[0.61256849 0.39493742],8,-1,-1,70,-1
33541,[0.5511938  0.53756635],5,6,"[0.5164739970238864, 0.5319253761973344]",-1,-1
33542,[0.81387685 0.67051013],1,4,"[0.7726811996944247, 0.7249303226766757]",-1,0
33543,[0.22134474 0.50326428],7,8,"[0.27392971195344684, 0.45973140540928376]",924,-1
33544,[0.68338266 0.64269343],9,-1,-1,-1,-1
33545,[0.33243131 0.50289036],4,-1,-1,-1,-1
33546,[0.64319676 0.47637825],8,3,"[0.6815204869410737, 0.47689852788858716]",823,1
33547,[0.71311394 0.51185982],8,3,"[0.6815204869410737, 0.47689852788858716]",-1,-1
33548,[0.80360114 0.76198619],1,4,"[0.7726811996944247, 0.7249303226766757]",428,0
33549,[0.69637884 0.75421352],1,-1,-1,319,0
33550,[0.50323156 0.55656538],5,6,"[0.5164739970238864, 0.5319253761973344]",1185,-1
33551,[0.35654879 0.56418327],7,0,"[0.383291892093257, 0.5586820702346661]",-1,-1
33552,[0.51648998 0.52537876],9,6,"[0.5164739970238864, 0.5319253761973344]",1192,-1
33553,[0.80916819 0.73510665],1,4,"[0.7726811996944247, 0.7249303226766757]",-1,0
33554,[0.35171736 0.5879057 ],7,0,"[0.383291892093257, 0.5586820702346661]",-1,-1
33555,[0.55045333 0.65519948],9,2,"[0.5921204552873188, 0.6383928111301557]",-1,-1
33556,[0.69234504 0.3891832 ],8,-1,-1,217,-1
33557,[0.41748516 0.63359426],4,-1,-1,-1,-1
33558,[0.25992618 0.36451816],2,5,"[0.23231087327800656, 0.30304944505444303]",1331,-1
33559,[0.21585648 0.31523826],2,5,"[0.23231087327800656, 0.30304944505444303]",1340,-1
33560,[0.24022197 0.31727771],0,5,"[0.23231087327800656, 0.30304944505444303]",-1,-1
33561,[0.24144306 0.61009321],4,7,"[0.2817018170798153, 0.5849768676672948]",-1,-1
33562,[0.1979699 0.4009259],2,-1,-1,-1,-1
33563,[0.67094676 0.46134021],8,3,"[0.6815204869410737, 0.47689852788858716]",-1,-1
33564,[0.48629025 0.29607529],6,-1,-1,173,-1
33565,[0.5673057  0.49885353],8,6,"[0.5164739970238864, 0.5319253761973344]",-1,-1
33566,[0.58279002 0.70046664],9,2,"[0.5921204552873188, 0.6383928111301557]",523,-1
33567,[0.30313217 0.59872906],4,7,"[0.2817018170798153, 0.5849768676672948]",-1,-1
33568,[0.28675508 0.54529265],7,7,"[0.2817018170798153, 0.5849768676672948]",1907,-1
33569,[0.51689453 0.51864998],5,6,"[0.5164739970238864, 0.5319253761973344]",-1,-1
33570,[0.49456817 0.61743902],5,-1,-1,918,-1
33571,[0.34759949 0.49816173],7,-1,-1,1871,-1
33572,[0.73047401 0.70002369],1,4,"[0.7726811996944247, 0.7249303226766757]",-1,0
33573,[0.51389282 0.39318534],6,-1,-1,44,-1
33574,[0.31698382 0.25975575],0,9,"[0.3110394802231661, 0.23517199738277297]",1491,-1
33575,[0.29078662 0.48490568],3,8,"[0.27392971195344684, 0.45973140540928376]",1798,-1
33576,[0.3724147  0.27503765],0,1,"[0.3897435781344088, 0.3417040596068965]",1170,-1
33577,[0.46626504 0.54711681],4,6,"[0.5164739970238864, 0.5319253761973344]",-1,-1
33578,[0.5794502  0.54090521],9,6,"[0.5164739970238864, 0.5319253761973344]",1233,-1
33579,[0.36461254 0.59915076],3,0,"[0.383291892093257, 0.5586820702346661]",-1,-1
33580,[0.34935676 0.53872418],4,0,"[0.383291892093257, 0.5586820702346661]",-1,16
33581,[0.75702915 0.43864543],8,-1,-1,94,-1
33582,[0.26673287 0.64158818],3,7,"[0.2817018170798153, 0.5849768676672948]",192,-1
33583,[0.23869932 0.28424703],2,5,"[0.23231087327800656, 0.30304944505444303]",1531,-1
33584,[0.3626848  0.66157513],4,-1,-1,-1,-1
33585,[0.71446828 0.7574076 ],1,4,"[0.7726811996944247, 0.7249303226766757]",-1,0
33586,[0.80634329 0.65793966],1,-1,-1,255,0
33587,[0.46972647 0.38970094],6,-1,-1,-1,-1
33588,[0.56518015 0.65528316],9,2,"[0.5921204552873188, 0.6383928111301557]",1045,-1
33589,[0.36181535 0.3673624 ],6,1,"[0.3897435781344088, 0.3417040596068965]",-1,-1
33590,[0.52301791 0.70634559],9,-1,-1,295,-1
33591,[0.45967035 0.61210573],3,-1,-1,703,-1
33592,[0.30314012 0.47920695],4,8,"[0.27392971195344684, 0.45973140540928376]",-1,-1
33593,[0.58489853 0.4471278 ],9,-1,-1,-1,-1
33594,[0.66946242 0.54230057],8,3,"[0.6815204869410737, 0.47689852788858716]",-1,-1
33595,[0.33859861 0.60915556],4,7,"[0.2817018170798153, 0.5849768676672948]",-1,-1
33596,[0.47938504 0.38412201],6,-1,-1,-1,-1
33597,[0.40583289 0.60043884],3,0,"[0.383291892093257, 0.5586820702346661]",-1,-1
33598,[0.82577963 0.75657154],1,4,"[0.7726811996944247, 0.7249303226766757]",368,0
33599,[0.67835534 0.70913434],1,-1,-1,-1,0
33600,[0.53325188 0.61856052],9,2,"[0.5921204552873188, 0.6383928111301557]",1270,-1
33601,[0.26679943 0.5060457 ],4,8,"[0.27392971195344684, 0.45973140540928376]",-1,-1
33602,[0.51938586 0.59674238],9,6,"[0.5164739970238864, 0.5319253761973344]",-1,-1
33603,[0.46960064 0.50383281],5,6,"[0.5164739970238864, 0.5319253761973344]",753,-1
33604,[0.3246909  0.49008947],7,8,"[0.27392971195344684, 0.45973140540928376]",-1,-1
33605,[0.34414769 0.22305921],2,9,"[0.3110394802231661, 0.23517199738277297]",566,-1
33606,[0.19183596 0.31797327],2,5,"[0.23231087327800656, 0.30304944505444303]",857,-1
33607,[0.16082756 0.37502338],2,-1,-1,-1,-1
33608,[0.67315249 0.40494313],8,-1,-1,592,-1
33609,[0.29620719 0.17183323],0,9,"[0.3110394802231661, 0.23517199738277297]",-1,-1
33610,[0.29060217 0.35598141],2,-1,-1,1479,-1
33611,[0.82028253 0.80374129],1,-1,-1,-1,0
33612,[0.35390984 0.6423482 ],3,-1,-1,950,-1
33613,[0.25321141 0.63283481],4,7,"[0.2817018170798153, 0.5849768676672948]",348,-1
33614,[0.40836094 0.51261743],7,0,"[0.383291892093257, 0.5586820702346661]",1638,-1
33615,[0.59898023 0.54206732],5,-1,-1,-1,-1
33616,[0.62114511 0.69188565],9,2,"[0.5921204552873188, 0.6383928111301557]",-1,-1
33617,[0.29167336 0.40659734],2,8,"[0.27392971195344684, 0.45973140540928376]",-1,-1
33618,[0.19661183 0.28067096],2,5,"[0.23231087327800656, 0.30304944505444303]",-1,-1
33619,[0.30394242 0.4859794 ],4,8,"[0.27392971195344684, 0.45973140540928376]",-1,-1
33620,[0.25800634 0.4135152 ],2,8,"[0.27392971195344684, 0.45973140540928376]",-1,-1
33621,[0.36181399 0.43955039],7,-1,-1,-1,-1
33622,[0.29035487 0.61234763],3,7,"[0.2817018170798153, 0.5849768676672948]",956,-1
33623,[0.64996707 0.79360638],1,-1,-1,-1,-1
33624,[0.52415346 0.69825994],9,-1,-1,-1,-1
33625,[0.58181195 0.4921601 ],5,-1,-1,632,-1
33626,[0.34402004 0.60946247],3,0,"[0.383291892093257, 0.5586820702346661]",1830,-1
33627,[0.31809267 0.57711354],3,7,"[0.2817018170798153, 0.5849768676672948]",1962,-1
33628,[0.56838151 0.5170174 ],5,6,"[0.5164739970238864, 0.5319253761973344]",-1,-1
33629,[0.23888367 0.38469816],2,-1,-1,912,-1
33630,[0.38927558 0.50432326],3,0,"[0.383291892093257, 0.5586820702346661]",1449,-1
33631,[0.43798679 0.29851361],6,1,"[0.3897435781344088, 0.3417040596068965]",-1,-1
33632,[0.65095043 0.42817528],8,3,"[0.6815204869410737, 0.47689852788858716]",783,-1
33633,[0.47260384 0.3366347 ],6,-1,-1,-1,-1
33634,[0.2680767  0.63939701],4,7,"[0.2817018170798153, 0.5849768676672948]",192,-1
33635,[0.27189367 0.5154088 ],7,8,"[0.27392971195344684, 0.45973140540928376]",1887,-1
33636,[0.6074802  0.41335807],8,-1,-1,-1,-1
33637,[0.5818569 0.4233548],5,-1,-1,-1,-1
33638,[0.5035923  0.48571538],5,6,"[0.5164739970238864, 0.5319253761973344]",605,-1
33639,[0.41441324 0.59570565],3,0,"[0.383291892093257, 0.5586820702346661]",1719,-1
33640,[0.7948819  0.82132066],1,-1,-1,-1,-1
33641,[0.43358311 0.31274468],6,1,"[0.3897435781344088, 0.3417040596068965]",628,-1
33642,[0.72671442 0.47406217],8,3,"[0.6815204869410737, 0.47689852788858716]",779,-1
33643,[0.76768889 0.47829283],8,-1,-1,186,-1
33644,[0.3195565  0.32392016],2,-1,-1,1671,-1
33645,[0.46181938 0.31074317],6,-1,-1,-1,-1
33646,[0.8050831  0.76794708],1,4,"[0.7726811996944247, 0.7249303226766757]",428,0
33647,[0.33553532 0.59065931],3,7,"[0.2817018170798153, 0.5849768676672948]",1940,-1
33648,[0.72807062 0.67874333],1,4,"[0.7726811996944247, 0.7249303226766757]",-1,0
33649,[0.57413671 0.51184148],5,6,"[0.5164739970238864, 0.5319253761973344]",-1,-1
33650,[0.23704038 0.62241203],7,7,"[0.2817018170798153, 0.5849768676672948]",347,-1
33651,[0.22390774 0.13428072],0,-1,-1,-1,-1
33652,[0.55897108 0.54552245],9,6,"[0.5164739970238864, 0.5319253761973344]",1409,-1
33653,[0.81154025 0.79902551],1,-1,-1,177,0
33654,[0.64524453 0.34282588],8,-1,-1,13,-1
33655,[0.78055454 0.48405711],8,-1,-1,-1,-1
33656,[0.2651278 0.5115547],4,8,"[0.27392971195344684, 0.45973140540928376]",-1,-1
33657,[0.54763006 0.54297531],5,6,"[0.5164739970238864, 0.5319253761973344]",1408,-1
33658,[0.73330374 0.41084396],8,-1,-1,316,-1
33659,[0.27811755 0.38579521],7,-1,-1,-1,-1
33660,[0.30088359 0.60913691],7,7,"[0.2817018170798153, 0.5849768676672948]",1268,-1
33661,[0.42518924 0.6859679 ],3,-1,-1,-1,-1
33662,[0.35307399 0.6060708 ],3,0,"[0.383291892093257, 0.5586820702346661]",-1,-1
33663,[0.47267906 0.52219832],3,6,"[0.5164739970238864, 0.5319253761973344]",1002,-1
33664,[0.53638055 0.54631318],8,6,"[0.5164739970238864, 0.5319253761973344]",1365,-1
33665,[0.36404384 0.4360034 ],7,-1,-1,879,-1
33666,[0.31731519 0.6515361 ],4,-1,-1,590,-1
33667,[0.72238257 0.47853035],8,3,"[0.6815204869410737, 0.47689852788858716]",779,-1
33668,[0.27245121 0.53438942],7,7,"[0.2817018170798153, 0.5849768676672948]",-1,-1
33669,[0.32134041 0.37044219],6,-1,-1,1392,-1
33670,[0.28833102 0.33630527],2,5,"[0.23231087327800656, 0.30304944505444303]",1591,-1
33671,[0.39124346 0.46314706],2,-1,-1,584,-1
33672,[0.33351929 0.56957052],3,0,"[0.383291892093257, 0.5586820702346661]",1975,-1
33673,[0.4532998  0.54038903],5,6,"[0.5164739970238864, 0.5319253761973344]",-1,-1
33674,[0.23865743 0.33592584],2,5,"[0.23231087327800656, 0.30304944505444303]",1522,-1
33675,[0.52007903 0.56234727],5,6,"[0.5164739970238864, 0.5319253761973344]",1369,-1
33676,[0.64259817 0.50010359],8,3,"[0.6815204869410737, 0.47689852788858716]",866,-1
33677,[0.44275247 0.68589053],3,-1,-1,-1,-1
33678,[0.33228924 0.49041849],4,8,"[0.27392971195344684, 0.45973140540928376]",1827,-1
33679,[0.76179359 0.46699708],8,-1,-1,-1,-1
33680,[0.31093708 0.32625229],6,-1,-1,1677,-1
33681,[0.38026684 0.62366168],3,0,"[0.383291892093257, 0.5586820702346661]",-1,-1
33682,[0.28452891 0.65702127],4,-1,-1,187,-1
33683,[0.55957799 0.61833697],9,2,"[0.5921204552873188, 0.6383928111301557]",-1,-1
33684,[0.74993788 0.64612589],1,-1,-1,310,0
33685,[0.21936517 0.26124332],0,5,"[0.23231087327800656, 0.30304944505444303]",1021,-1
33686,[0.55912646 0.47689127],8,6,"[0.5164739970238864, 0.5319253761973344]",-1,-1
33687,[0.32754387 0.59736487],3,7,"[0.2817018170798153, 0.5849768676672948]",-1,-1
33688,[0.21696882 0.3498184 ],0,5,"[0.23231087327800656, 0.30304944505444303]",-1,-1
33689,[0.15587211 0.62591265],4,-1,-1,-1,-1
33690,[0.2949919 0.5534887],7,7,"[0.2817018170798153, 0.5849768676672948]",1838,-1
33691,[0.71991539 0.46918199],8,3,"[0.6815204869410737, 0.47689852788858716]",-1,-1
33692,[0.50464593 0.54370671],5,6,"[0.5164739970238864, 0.5319253761973344]",1186,3
33693,[0.18255979 0.18692776],0,-1,-1,165,-1
33694,[0.32777795 0.25291371],6,9,"[0.3110394802231661, 0.23517199738277297]",-1,-1
33695,[0.55075558 0.5732822 ],9,6,"[0.5164739970238864, 0.5319253761973344]",1440,6
33696,[0.58242896 0.6202496 ],9,2,"[0.5921204552873188, 0.6383928111301557]",-1,-1
33697,[0.26709233 0.59539457],3,7,"[0.2817018170798153, 0.5849768676672948]",1655,-1
33698,[0.62190402 0.47294493],8,3,"[0.6815204869410737, 0.47689852788858716]",627,-1
33699,[0.55085621 0.62321034],5,2,"[0.5921204552873188, 0.6383928111301557]",-1,-1
33700,[0.15680455 0.27943782],0,-1,-1,-1,-1
33701,[0.39517458 0.27435944],2,1,"[0.3897435781344088, 0.3417040596068965]",-1,-1
33702,[0.12937477 0.32365624],0,-1,-1,-1,-1
33703,[0.62475248 0.43002408],8,-1,-1,-1,-1
33704,[0.51515997 0.51507074],9,6,"[0.5164739970238864, 0.5319253761973344]",1180,-1
33705,[0.28704534 0.54043663],4,7,"[0.2817018170798153, 0.5849768676672948]",-1,14
33706,[0.67153302 0.51048694],8,3,"[0.6815204869410737, 0.47689852788858716]",-1,2
33707,[0.29940393 0.45618577],7,8,"[0.27392971195344684, 0.45973140540928376]",1374,-1
33708,[0.7638021  0.77578001],1,4,"[0.7726811996944247, 0.7249303226766757]",370,0
33709,[0.37493    0.35100881],6,1,"[0.3897435781344088, 0.3417040596068965]",1245,-1
33710,[0.26317269 0.22635175],0,9,"[0.3110394802231661, 0.23517199738277297]",-1,-1
33711,[0.50705851 0.6294089 ],9,-1,-1,-1,-1
33712,[0.71796903 0.44325388],8,3,"[0.6815204869410737, 0.47689852788858716]",-1,-1
33713,[0.76680519 0.49120326],8,-1,-1,-1,-1
33714,[0.33411589 0.57158866],3,0,"[0.383291892093257, 0.5586820702346661]",1975,-1
33715,[0.22718991 0.45853819],4,8,"[0.27392971195344684, 0.45973140540928376]",587,-1
33716,[0.63994681 0.66063414],9,2,"[0.5921204552873188, 0.6383928111301557]",646,-1
33717,[0.37224415 0.5268618 ],3,0,"[0.383291892093257, 0.5586820702346661]",1934,-1
33718,[0.38403545 0.627716  ],4,0,"[0.383291892093257, 0.5586820702346661]",894,-1
33719,[0.31673733 0.63030579],4,7,"[0.2817018170798153, 0.5849768676672948]",1297,-1
33720,[0.29801893 0.59437469],4,7,"[0.2817018170798153, 0.5849768676672948]",1820,-1
33721,[0.66469197 0.70271356],9,-1,-1,489,-1
33722,[0.4682921  0.20179992],6,-1,-1,-1,-1
33723,[0.27717449 0.27658542],6,5,"[0.23231087327800656, 0.30304944505444303]",1674,-1
33724,[0.65691429 0.49373342],8,3,"[0.6815204869410737, 0.47689852788858716]",822,1
33725,[0.22506353 0.20337191],0,-1,-1,-1,-1
33726,[0.56027031 0.53295217],5,6,"[0.5164739970238864, 0.5319253761973344]",-1,6
33727,[0.28158643 0.24534596],0,9,"[0.3110394802231661, 0.23517199738277297]",1602,-1
33728,[0.53433524 0.55538308],5,6,"[0.5164739970238864, 0.5319253761973344]",1359,-1
33729,[0.3401617 0.6685211],4,-1,-1,298,-1
33730,[0.47602417 0.64650698],5,-1,-1,-1,-1
33731,[0.34558404 0.52207702],3,0,"[0.383291892093257, 0.5586820702346661]",-1,-1
33732,[0.37430146 0.46447491],7,-1,-1,1055,-1
33733,[0.37217962 0.50769787],4,0,"[0.383291892093257, 0.5586820702346661]",-1,-1
33734,[0.48729136 0.64938035],3,-1,-1,-1,-1
33735,[0.24930039 0.31432362],0,5,"[0.23231087327800656, 0.30304944505444303]",1501,-1
33736,[0.30894515 0.33373385],2,-1,-1,-1,8
33737,[0.72433379 0.70733218],1,4,"[0.7726811996944247, 0.7249303226766757]",350,0
33738,[0.44521636 0.36864778],6,1,"[0.3897435781344088, 0.3417040596068965]",-1,-1
33739,[0.2618521 0.6467638],4,7,"[0.2817018170798153, 0.5849768676672948]",-1,-1
33740,[0.35399228 0.24514697],2,9,"[0.3110394802231661, 0.23517199738277297]",634,-1
33741,[0.27468323 0.48648559],2,8,"[0.27392971195344684, 0.45973140540928376]",-1,-1
33742,[0.60772563 0.50368405],5,-1,-1,-1,-1
33743,[0.28826987 0.58328183],4,7,"[0.2817018170798153, 0.5849768676672948]",1810,-1
33744,[0.31246535 0.39318825],2,-1,-1,-1,-1
33745,[0.25549982 0.6656167 ],4,-1,-1,-1,-1
33746,[0.33104927 0.37908061],7,1,"[0.3897435781344088, 0.3417040596068965]",-1,-1
33747,[0.27257377 0.24267447],2,9,"[0.3110394802231661, 0.23517199738277297]",1524,-1
33748,[0.25524833 0.32838034],2,5,"[0.23231087327800656, 0.30304944505444303]",-1,-1
33749,[0.33214596 0.45523703],7,8,"[0.27392971195344684, 0.45973140540928376]",1385,-1
33750,[0.34403824 0.24723955],6,9,"[0.3110394802231661, 0.23517199738277297]",-1,-1
33751,[0.78309241 0.71861937],1,4,"[0.7726811996944247, 0.7249303226766757]",-1,0
33752,[0.55495248 0.60657824],5,2,"[0.5921204552873188, 0.6383928111301557]",-1,-1
33753,[0.7151506  0.49365039],8,3,"[0.6815204869410737, 0.47689852788858716]",680,-1
33754,[0.31970906 0.44757072],7,8,"[0.27392971195344684, 0.45973140540928376]",-1,-1
33755,[0.65092357 0.4198503 ],8,3,"[0.6815204869410737, 0.47689852788858716]",522,-1
33756,[0.62526162 0.52349644],8,-1,-1,-1,-1
33757,[0.34525988 0.53893716],3,0,"[0.383291892093257, 0.5586820702346661]",1965,16
33758,[0.4143895  0.45793073],6,-1,-1,713,-1
33759,[0.71920031 0.72932775],1,4,"[0.7726811996944247, 0.7249303226766757]",-1,0
33760,[0.39087729 0.49555403],3,0,"[0.383291892093257, 0.5586820702346661]",1361,-1
33761,[0.69040752 0.63670267],9,-1,-1,493,-1
33762,[0.19043274 0.20040144],2,-1,-1,-1,-1
33763,[0.54990151 0.59073713],5,2,"[0.5921204552873188, 0.6383928111301557]",1433,6
33764,[0.33766037 0.30348603],2,1,"[0.3897435781344088, 0.3417040596068965]",-1,-1
33765,[0.44712235 0.28437476],6,-1,-1,720,-1
33766,[0.24020658 0.42161499],2,8,"[0.27392971195344684, 0.45973140540928376]",-1,-1
33767,[0.36738465 0.45187195],7,-1,-1,-1,-1
33768,[0.83605749 0.70639185],1,4,"[0.7726811996944247, 0.7249303226766757]",-1,0
33769,[0.53368112 0.42785623],5,-1,-1,146,-1
33770,[0.21739086 0.23654258],0,5,"[0.23231087327800656, 0.30304944505444303]",-1,-1
33771,[0.29616823 0.19195518],0,9,"[0.3110394802231661, 0.23517199738277297]",425,-1
33772,[0.4761383  0.59553914],3,-1,-1,-1,4
33773,[0.67009599 0.34834765],8,-1,-1,-1,-1
33774,[0.36998049 0.32824094],6,1,"[0.3897435781344088, 0.3417040596068965]",-1,-1
33775,[0.32177583 0.33950271],6,1,"[0.3897435781344088, 0.3417040596068965]",-1,8
33776,[0.33122476 0.32565794],0,1,"[0.3897435781344088, 0.3417040596068965]",1683,-1
33777,[0.23492957 0.2992281 ],2,5,"[0.23231087327800656, 0.30304944505444303]",1298,-1
33778,[0.31528633 0.54859908],3,7,"[0.2817018170798153, 0.5849768676672948]",-1,17
33779,[0.523509  0.4297345],5,-1,-1,-1,-1
33780,[0.3146439  0.35515578],0,-1,-1,1633,8
33781,[0.64551039 0.73724426],1,-1,-1,-1,-1
33782,[0.17932541 0.25756782],2,5,"[0.23231087327800656, 0.30304944505444303]",505,-1
33783,[0.6874025  0.70625307],1,-1,-1,-1,0
33784,[0.36372056 0.37118274],2,1,"[0.3897435781344088, 0.3417040596068965]",916,-1
33785,[0.5364871  0.67817039],9,2,"[0.5921204552873188, 0.6383928111301557]",-1,-1
33786,[0.72965145 0.3461691 ],8,-1,-1,-1,-1
33787,[0.23508342 0.33175493],6,5,"[0.23231087327800656, 0.30304944505444303]",1522,-1
33788,[0.33819612 0.55996605],7,0,"[0.383291892093257, 0.5586820702346661]",-1,-1
33789,[0.21926665 0.44605531],7,8,"[0.27392971195344684, 0.45973140540928376]",-1,-1
33790,[0.82801154 0.65334399],1,-1,-1,170,0
33791,[0.65373181 0.68337087],9,-1,-1,444,-1
33792,[0.76910604 0.69596731],1,4,"[0.7726811996944247, 0.7249303226766757]",448,0
33793,[0.71004343 0.7868056 ],1,-1,-1,225,0
33794,[0.28461169 0.26088516],0,9,"[0.3110394802231661, 0.23517199738277297]",-1,-1
33795,[0.27363961 0.32465058],0,5,"[0.23231087327800656, 0.30304944505444303]",1585,9
33796,[0.25559758 0.38547218],7,-1,-1,-1,-1
33797,[0.59459218 0.58030743],5,2,"[0.5921204552873188, 0.6383928111301557]",1326,5
33798,[0.43307056 0.53829977],4,0,"[0.383291892093257, 0.5586820702346661]",1136,-1
33799,[0.24839598 0.28240777],0,5,"[0.23231087327800656, 0.30304944505444303]",1530,-1
33800,[0.28928525 0.5230353 ],7,7,"[0.2817018170798153, 0.5849768676672948]",1910,14
33801,[0.29658114 0.31263128],0,5,"[0.23231087327800656, 0.30304944505444303]",-1,-1
33802,[0.45682657 0.26354154],6,-1,-1,585,-1
33803,[0.68111464 0.60256581],1,-1,-1,-1,-1
33804,[0.36229603 0.51031351],3,0,"[0.383291892093257, 0.5586820702346661]",1899,-1
33805,[0.63175351 0.59633481],9,2,"[0.5921204552873188, 0.6383928111301557]",-1,-1
33806,[0.52848594 0.58843944],5,6,"[0.5164739970238864, 0.5319253761973344]",1372,-1
33807,[0.77365803 0.56445607],8,-1,-1,-1,-1
33808,[0.69945354 0.77995806],1,-1,-1,225,0
33809,[0.25512671 0.36430887],0,5,"[0.23231087327800656, 0.30304944505444303]",-1,-1
33810,[0.29363847 0.20476478],0,9,"[0.3110394802231661, 0.23517199738277297]",425,-1
33811,[0.30749036 0.58435523],4,7,"[0.2817018170798153, 0.5849768676672948]",1967,-1
33812,[0.44817179 0.48848047],5,-1,-1,-1,-1
33813,[0.62980809 0.59058489],9,2,"[0.5921204552873188, 0.6383928111301557]",-1,-1
33814,[0.75611572 0.73403409],1,4,"[0.7726811996944247, 0.7249303226766757]",468,0
33815,[0.51216489 0.64370733],9,-1,-1,937,-1
33816,[0.26040213 0.41790648],7,8,"[0.27392971195344684, 0.45973140540928376]",-1,-1
33817,[0.23988016 0.35859047],2,5,"[0.23231087327800656, 0.30304944505444303]",1569,-1
33818,[0.30484872 0.27255034],2,9,"[0.3110394802231661, 0.23517199738277297]",1511,-1
33819,[0.65671775 0.46004982],8,3,"[0.6815204869410737, 0.47689852788858716]",-1,-1
33820,[0.29898118 0.32522688],0,-1,-1,1661,-1
33821,[0.45919169 0.6704399 ],9,-1,-1,137,-1
33822,[0.3477101  0.23172958],0,9,"[0.3110394802231661, 0.23517199738277297]",-1,-1
33823,[0.36215295 0.58506945],4,0,"[0.383291892093257, 0.5586820702346661]",1847,12
33824,[0.55904556 0.49662104],8,6,"[0.5164739970238864, 0.5319253761973344]",845,-1
33825,[0.40505821 0.3245904 ],6,1,"[0.3897435781344088, 0.3417040596068965]",-1,-1
33826,[0.35813222 0.37228392],2,1,"[0.3897435781344088, 0.3417040596068965]",-1,-1
33827,[0.27030436 0.56814837],7,7,"[0.2817018170798153, 0.5849768676672948]",-1,-1
33828,[0.31544454 0.58562653],3,7,"[0.2817018170798153, 0.5849768676672948]",-1,-1
33829,[0.76991361 0.65590233],1,4,"[0.7726811996944247, 0.7249303226766757]",-1,0
33830,[0.69603157 0.36768753],8,-1,-1,-1,-1
33831,[0.60056099 0.38358297],8,-1,-1,97,-1
33832,[0.78093741 0.74362893],1,4,"[0.7726811996944247, 0.7249303226766757]",-1,0
33833,[0.26859688 0.51552409],7,8,"[0.27392971195344684, 0.45973140540928376]",-1,-1
33834,[0.27235355 0.36457629],2,-1,-1,-1,-1
33835,[0.85874157 0.72249562],1,-1,-1,312,0
33836,[0.3123233  0.53809276],3,7,"[0.2817018170798153, 0.5849768676672948]",-1,-1
33837,[0.67993844 0.74011458],1,-1,-1,-1,0
33838,[0.52479587 0.43778001],5,-1,-1,146,-1
33839,[0.40540843 0.58187196],5,0,"[0.383291892093257, 0.5586820702346661]",-1,-1
33840,[0.26131589 0.59632451],4,7,"[0.2817018170798153, 0.5849768676672948]",-1,-1
33841,[0.80701899 0.80767147],1,-1,-1,-1,0
33842,[0.60620756 0.62320706],8,2,"[0.5921204552873188, 0.6383928111301557]",-1,-1
33843,[0.39762075 0.59345903],3,0,"[0.383291892093257, 0.5586820702346661]",1723,-1
33844,[0.69453308 0.50339554],8,3,"[0.6815204869410737, 0.47689852788858716]",-1,2
33845,[0.57759755 0.54242036],5,6,"[0.5164739970238864, 0.5319253761973344]",1233,-1
33846,[0.41981911 0.36554423],6,1,"[0.3897435781344088, 0.3417040596068965]",-1,-1
33847,[0.25225545 0.18992073],0,-1,-1,-1,-1
33848,[0.47729954 0.63071929],3,-1,-1,647,-1
33849,[0.68915176 0.43224792],8,3,"[0.6815204869410737, 0.47689852788858716]",-1,-1
33850,[0.73030361 0.42283519],8,-1,-1,316,-1
33851,[0.67407825 0.51429234],8,3,"[0.6815204869410737, 0.47689852788858716]",817,-1
33852,[0.32540628 0.66478235],7,-1,-1,169,-1
33853,[0.64462989 0.37273461],8,-1,-1,112,-1
33854,[0.65137582 0.54009358],5,-1,-1,-1,-1
33855,[0.37986481 0.64575276],4,-1,-1,-1,-1
33856,[0.61683453 0.67286919],5,2,"[0.5921204552873188, 0.6383928111301557]",-1,-1
33857,[0.40767778 0.34404526],6,1,"[0.3897435781344088, 0.3417040596068965]",998,-1
33858,[0.26781576 0.41535001],2,8,"[0.27392971195344684, 0.45973140540928376]",-1,-1
33859,[0.52192798 0.52702148],5,6,"[0.5164739970238864, 0.5319253761973344]",-1,3
33860,[0.60437389 0.40999032],8,-1,-1,164,-1
33861,[0.76980819 0.77652482],1,4,"[0.7726811996944247, 0.7249303226766757]",-1,0
33862,[0.592034   0.43764254],5,-1,-1,216,-1
33863,[0.45582508 0.58219904],5,-1,-1,1223,4
33864,[0.31653369 0.54877524],7,7,"[0.2817018170798153, 0.5849768676672948]",1989,17
33865,[0.24652507 0.35329727],2,5,"[0.23231087327800656, 0.30304944505444303]",1570,-1
33866,[0.7560217 0.7180618],1,4,"[0.7726811996944247, 0.7249303226766757]",462,0
33867,[0.7556164  0.64159768],1,-1,-1,199,0
33868,[0.44519773 0.49547917],5,-1,-1,-1,-1
33869,[0.53862074 0.4965882 ],5,6,"[0.5164739970238864, 0.5319253761973344]",1096,-1
33870,[0.27908759 0.42729473],4,8,"[0.27392971195344684, 0.45973140540928376]",-1,-1
33871,[0.64179627 0.62878192],5,2,"[0.5921204552873188, 0.6383928111301557]",1158,-1
33872,[0.41277503 0.49779515],3,0,"[0.383291892093257, 0.5586820702346661]",1456,-1
33873,[0.2826034  0.20442243],2,9,"[0.3110394802231661, 0.23517199738277297]",648,-1
33874,[0.35653372 0.47846457],3,-1,-1,1854,-1
33875,[0.54369132 0.61071698],9,2,"[0.5921204552873188, 0.6383928111301557]",1217,-1
33876,[0.76323794 0.50535225],8,-1,-1,-1,-1
33877,[0.32436998 0.32478015],6,1,"[0.3897435781344088, 0.3417040596068965]",1671,-1
33878,[0.39967838 0.55435706],3,0,"[0.383291892093257, 0.5586820702346661]",-1,-1
33879,[0.2898447  0.58538968],7,7,"[0.2817018170798153, 0.5849768676672948]",1810,-1
33880,[0.65523672 0.59725876],8,-1,-1,-1,-1
33881,[0.49189591 0.54673408],5,6,"[0.5164739970238864, 0.5319253761973344]",-1,-1
33882,[0.60432631 0.37263997],8,-1,-1,-1,-1
33883,[0.65350664 0.4263463 ],8,3,"[0.6815204869410737, 0.47689852788858716]",783,-1
33884,[0.52693321 0.62424489],9,2,"[0.5921204552873188, 0.6383928111301557]",-1,-1
33885,[0.75976971 0.76608469],1,4,"[0.7726811996944247, 0.7249303226766757]",417,0
33886,[0.55306273 0.51380604],5,6,"[0.5164739970238864, 0.5319253761973344]",-1,-1
33887,[0.35935429 0.56157877],4,0,"[0.383291892093257, 0.5586820702346661]",1823,-1
33888,[0.52834731 0.44113766],5,-1,-1,146,-1
33889,[0.59090537 0.62994053],9,2,"[0.5921204552873188, 0.6383928111301557]",-1,-1
33890,[0.15757624 0.35864296],0,-1,-1,-1,-1
33891,[0.39797972 0.46618031],7,-1,-1,-1,-1
33892,[0.41759063 0.59829477],5,0,"[0.383291892093257, 0.5586820702346661]",1719,-1
33893,[0.52309483 0.48184297],5,6,"[0.5164739970238864, 0.5319253761973344]",-1,-1
33894,[0.20119008 0.5711842 ],4,-1,-1,-1,-1
33895,[0.40030649 0.22324164],6,-1,-1,-1,-1
33896,[0.74780419 0.77561727],1,4,"[0.7726811996944247, 0.7249303226766757]",-1,0
33897,[0.32973225 0.66602438],4,-1,-1,169,-1
33898,[0.74080725 0.78290656],1,4,"[0.7726811996944247, 0.7249303226766757]",-1,0
33899,[0.24463382 0.52961334],7,7,"[0.2817018170798153, 0.5849768676672948]",1488,-1
33900,[0.19954538 0.20094882],0,-1,-1,227,-1
33901,[0.56493197 0.56453292],8,6,"[0.5164739970238864, 0.5319253761973344]",1362,-1
33902,[0.55006704 0.54276344],5,6,"[0.5164739970238864, 0.5319253761973344]",1408,-1
33903,[0.26888557 0.27576915],2,5,"[0.23231087327800656, 0.30304944505444303]",-1,-1
33904,[0.66566458 0.81320583],1,-1,-1,-1,-1
33905,[0.23981632 0.37857239],0,-1,-1,1149,-1
33906,[0.44046186 0.6009498 ],3,-1,-1,-1,-1
33907,[0.36505336 0.52166074],4,0,"[0.383291892093257, 0.5586820702346661]",1934,-1
33908,[0.33441538 0.35522629],6,1,"[0.3897435781344088, 0.3417040596068965]",1368,-1
33909,[0.6239479  0.64499133],9,2,"[0.5921204552873188, 0.6383928111301557]",1163,-1
33910,[0.2524775  0.29204629],2,5,"[0.23231087327800656, 0.30304944505444303]",1645,-1
33911,[0.55190623 0.63925262],9,2,"[0.5921204552873188, 0.6383928111301557]",-1,-1
33912,[0.2394271  0.44177592],2,8,"[0.27392971195344684, 0.45973140540928376]",696,-1
33913,[0.31736008 0.13833128],0,-1,-1,36,-1
33914,[0.36089045 0.4598613 ],3,-1,-1,-1,-1
33915,[0.38930142 0.28150099],6,1,"[0.3897435781344088, 0.3417040596068965]",1076,-1
33916,[0.46185581 0.35219956],6,-1,-1,-1,-1
33917,[0.43229775 0.52851196],3,0,"[0.383291892093257, 0.5586820702346661]",-1,-1
33918,[0.44738338 0.5468754 ],5,0,"[0.383291892093257, 0.5586820702346661]",1295,-1
33919,[0.72800296 0.6374345 ],1,-1,-1,184,0
33920,[0.67462328 0.42912204],8,3,"[0.6815204869410737, 0.47689852788858716]",-1,-1
33921,[0.30918643 0.36875818],0,-1,-1,-1,-1
33922,[0.26197802 0.20919744],0,9,"[0.3110394802231661, 0.23517199738277297]",-1,-1
33923,[0.3340916  0.31298813],6,1,"[0.3897435781344088, 0.3417040596068965]",1683,-1
33924,[0.79273447 0.66443733],1,4,"[0.7726811996944247, 0.7249303226766757]",326,0
33925,[0.36864755 0.50861489],7,0,"[0.383291892093257, 0.5586820702346661]",-1,-1
33926,[0.20115246 0.46697343],2,-1,-1,-1,-1
33927,[0.17146251 0.48934651],7,-1,-1,-1,-1
33928,[0.16612406 0.50850937],7,-1,-1,76,-1
33929,[0.68830027 0.67282895],1,-1,-1,388,-1
33930,[0.4972072  0.57184077],3,6,"[0.5164739970238864, 0.5319253761973344]",-1,-1
33931,[0.39903333 0.20298772],2,-1,-1,-1,-1
33932,[0.46480059 0.48358955],5,-1,-1,665,-1
33933,[0.38359583 0.33115624],2,1,"[0.3897435781344088, 0.3417040596068965]",-1,-1
33934,[0.41374832 0.50521505],3,0,"[0.383291892093257, 0.5586820702346661]",1438,-1
33935,[0.33890302 0.2184845 ],0,9,"[0.3110394802231661, 0.23517199738277297]",-1,-1
33936,[0.68620676 0.55039622],8,-1,-1,673,-1
33937,[0.35019603 0.56884205],7,0,"[0.383291892093257, 0.5586820702346661]",-1,-1
33938,[0.22661135 0.46394773],7,8,"[0.27392971195344684, 0.45973140540928376]",-1,-1
33939,[0.38864225 0.34630299],6,1,"[0.3897435781344088, 0.3417040596068965]",1366,-1
33940,[0.56983412 0.64521805],9,2,"[0.5921204552873188, 0.6383928111301557]",1220,-1
33941,[0.44307956 0.31104703],6,1,"[0.3897435781344088, 0.3417040596068965]",492,-1
33942,[0.45853183 0.58898644],5,-1,-1,1235,4
33943,[0.26851028 0.52834497],7,7,"[0.2817018170798153, 0.5849768676672948]",1853,-1
33944,[0.34427543 0.59246516],4,0,"[0.383291892093257, 0.5586820702346661]",1834,-1
33945,[0.21559061 0.19755153],0,-1,-1,-1,-1
33946,[0.60064944 0.47474435],5,-1,-1,-1,-1
33947,[0.34917987 0.58137992],4,0,"[0.383291892093257, 0.5586820702346661]",-1,-1
33948,[0.74095868 0.72693861],1,4,"[0.7726811996944247, 0.7249303226766757]",411,0
33949,[0.31480439 0.16776386],2,9,"[0.3110394802231661, 0.23517199738277297]",41,-1
33950,[0.33805943 0.39171361],2,-1,-1,-1,-1
33951,[0.35638661 0.29041677],6,1,"[0.3897435781344088, 0.3417040596068965]",-1,-1
33952,[0.35488986 0.51684437],3,0,"[0.383291892093257, 0.5586820702346661]",-1,-1
33953,[0.5232821  0.47173288],5,6,"[0.5164739970238864, 0.5319253761973344]",-1,-1
33954,[0.28139927 0.22282342],0,9,"[0.3110394802231661, 0.23517199738277297]",1356,-1
33955,[0.3831533  0.53956096],3,0,"[0.383291892093257, 0.5586820702346661]",1812,-1
33956,[0.63351561 0.67372156],9,2,"[0.5921204552873188, 0.6383928111301557]",659,-1
33957,[0.36191471 0.42332426],6,-1,-1,883,-1
33958,[0.21174711 0.30877278],2,5,"[0.23231087327800656, 0.30304944505444303]",-1,-1
33959,[0.63848479 0.6902923 ],1,2,"[0.5921204552873188, 0.6383928111301557]",488,-1
33960,[0.33391174 0.5457179 ],4,0,"[0.383291892093257, 0.5586820702346661]",-1,-1
33961,[0.47028314 0.63037376],9,-1,-1,647,-1
33962,[0.29719851 0.51114582],7,8,"[0.27392971195344684, 0.45973140540928376]",-1,-1
33963,[0.31001934 0.35122985],2,-1,-1,1630,8
33964,[0.24049557 0.28016379],2,5,"[0.23231087327800656, 0.30304944505444303]",1531,-1
33965,[0.3600593  0.54029824],3,0,"[0.383291892093257, 0.5586820702346661]",-1,-1
33966,[0.81092089 0.7054669 ],1,4,"[0.7726811996944247, 0.7249303226766757]",-1,0
33967,[0.19064247 0.19742314],0,-1,-1,-1,-1
33968,[0.31811082 0.39655319],0,-1,-1,1425,-1
33969,[0.29281819 0.30276403],0,5,"[0.23231087327800656, 0.30304944505444303]",1618,-1
33970,[0.54420162 0.67150643],9,2,"[0.5921204552873188, 0.6383928111301557]",-1,-1
33971,[0.25088726 0.19848905],0,-1,-1,526,-1
33972,[0.31653244 0.58818813],4,7,"[0.2817018170798153, 0.5849768676672948]",1967,-1
33973,[0.7763367  0.76182155],1,4,"[0.7726811996944247, 0.7249303226766757]",-1,0
33974,[0.328851   0.58577833],4,7,"[0.2817018170798153, 0.5849768676672948]",-1,-1
33975,[0.30558481 0.28141719],0,9,"[0.3110394802231661, 0.23517199738277297]",1614,-1
33976,[0.56557988 0.54855842],5,6,"[0.5164739970238864, 0.5319253761973344]",-1,-1
33977,[0.23295225 0.31207507],0,5,"[0.23231087327800656, 0.30304944505444303]",-1,-1
33978,[0.18236153 0.30925139],2,5,"[0.23231087327800656, 0.30304944505444303]",549,-1
33979,[0.40374395 0.59593663],3,0,"[0.383291892093257, 0.5586820702346661]",1724,-1
33980,[0.33428453 0.34258038],2,1,"[0.3897435781344088, 0.3417040596068965]",1558,-1
33981,[0.54677766 0.48834337],5,6,"[0.5164739970238864, 0.5319253761973344]",-1,-1
33982,[0.60520942 0.54877677],8,-1,-1,1293,-1
33983,[0.21584618 0.35892538],0,5,"[0.23231087327800656, 0.30304944505444303]",1127,-1
33984,[0.50380804 0.53610557],5,6,"[0.5164739970238864, 0.5319253761973344]",1186,3
33985,[0.44552411 0.71299825],9,-1,-1,28,-1
33986,[0.25932251 0.46934444],7,8,"[0.27392971195344684, 0.45973140540928376]",-1,-1
33987,[0.427996   0.61407023],4,-1,-1,-1,-1
33988,[0.49631835 0.5440102 ],5,6,"[0.5164739970238864, 0.5319253761973344]",-1,-1
33989,[0.28012267 0.38908268],7,-1,-1,-1,-1
33990,[0.50761936 0.30034647],6,-1,-1,-1,-1
33991,[0.24848948 0.54892857],7,7,"[0.2817018170798153, 0.5849768676672948]",1700,-1
33992,[0.36928833 0.30612135],6,1,"[0.3897435781344088, 0.3417040596068965]",1472,-1
33993,[0.519501   0.57768542],5,6,"[0.5164739970238864, 0.5319253761973344]",1384,-1
33994,[0.71808857 0.83295433],9,-1,-1,-1,-1
33995,[0.62304274 0.66186564],5,2,"[0.5921204552873188, 0.6383928111301557]",711,-1
33996,[0.40299763 0.31848915],6,1,"[0.3897435781344088, 0.3417040596068965]",966,-1
33997,[0.75654345 0.8069896 ],1,-1,-1,-1,0
33998,[0.38675561 0.40095757],3,1,"[0.3897435781344088, 0.3417040596068965]",-1,-1
33999,[0.52651829 0.70754593],9,-1,-1,295,-1
34000,[0.24756932 0.38466496],2,-1,-1,-1,-1
34001,[0.55158888 0.53677474],5,6,"[0.5164739970238864, 0.5319253761973344]",-1,-1
34002,[0.45741351 0.5999501 ],5,-1,-1,-1,4
34003,[0.48118302 0.4819616 ],3,6,"[0.5164739970238864, 0.5319253761973344]",-1,-1
34004,[0.5839397 0.7224985],9,-1,-1,510,-1
34005,[0.80817638 0.72459498],1,4,"[0.7726811996944247, 0.7249303226766757]",456,0
34006,[0.69558391 0.61356576],1,-1,-1,275,-1
34007,[0.17337087 0.27993015],0,5,"[0.23231087327800656, 0.30304944505444303]",-1,-1
34008,[0.69373874 0.67230738],1,-1,-1,-1,0
34009,[0.33193856 0.25567165],2,9,"[0.3110394802231661, 0.23517199738277297]",-1,-1
34010,[0.23384943 0.44641203],7,8,"[0.27392971195344684, 0.45973140540928376]",587,-1
34011,[0.61539406 0.48725625],8,3,"[0.6815204869410737, 0.47689852788858716]",789,-1
34012,[0.35019203 0.63452661],4,-1,-1,-1,-1
34013,[0.15673602 0.43777602],7,-1,-1,-1,-1
34014,[0.19932152 0.25057989],0,5,"[0.23231087327800656, 0.30304944505444303]",-1,-1
34015,[0.27003928 0.47775167],7,8,"[0.27392971195344684, 0.45973140540928376]",1599,-1
34016,[0.64726614 0.7139614 ],9,-1,-1,-1,-1
34017,[0.33811977 0.4828152 ],4,8,"[0.27392971195344684, 0.45973140540928376]",1884,-1
34018,[0.56476693 0.58054588],5,2,"[0.5921204552873188, 0.6383928111301557]",-1,6
34019,[0.34983997 0.45413491],4,-1,-1,-1,-1
34020,[0.67444707 0.74084011],1,-1,-1,197,0
34021,[0.22927774 0.41320023],7,8,"[0.27392971195344684, 0.45973140540928376]",499,-1
34022,[0.26178343 0.52550853],4,7,"[0.2817018170798153, 0.5849768676672948]",1727,-1
34023,[0.52472982 0.51071973],5,6,"[0.5164739970238864, 0.5319253761973344]",1176,-1
34024,[0.23899603 0.3593405 ],2,5,"[0.23231087327800656, 0.30304944505444303]",-1,-1
34025,[0.08366232 0.31435978],0,-1,-1,0,-1
34026,[0.29492158 0.55139306],4,7,"[0.2817018170798153, 0.5849768676672948]",1838,-1
34027,[0.81534467 0.76178032],1,4,"[0.7726811996944247, 0.7249303226766757]",405,0
34028,[0.32237019 0.30598851],2,-1,-1,1664,-1
34029,[0.34769031 0.3330514 ],2,1,"[0.3897435781344088, 0.3417040596068965]",1414,-1
34030,[0.5502499  0.56016058],9,6,"[0.5164739970238864, 0.5319253761973344]",1406,6
34031,[0.76634147 0.68178287],1,4,"[0.7726811996944247, 0.7249303226766757]",398,0
34032,[0.36751575 0.65768236],3,-1,-1,701,-1
34033,[0.36321964 0.7862665 ],3,-1,-1,-1,-1
34034,[0.67936187 0.45692098],8,3,"[0.6815204869410737, 0.47689852788858716]",735,-1
34035,[0.26425818 0.28571585],0,5,"[0.23231087327800656, 0.30304944505444303]",-1,-1
34036,[0.21206184 0.36806147],0,5,"[0.23231087327800656, 0.30304944505444303]",903,-1
34037,[0.35902174 0.5815581 ],4,0,"[0.383291892093257, 0.5586820702346661]",1843,12
34038,[0.34719661 0.73513748],4,-1,-1,-1,-1
34039,[0.45646251 0.52109742],5,6,"[0.5164739970238864, 0.5319253761973344]",1302,-1
34040,[0.60090147 0.63675512],9,2,"[0.5921204552873188, 0.6383928111301557]",-1,-1
34041,[0.38199153 0.55043818],4,0,"[0.383291892093257, 0.5586820702346661]",-1,-1
34042,[0.47886698 0.65985211],5,-1,-1,551,-1
34043,[0.60992279 0.66315885],9,2,"[0.5921204552873188, 0.6383928111301557]",1120,-1
34044,[0.52100158 0.532009  ],5,6,"[0.5164739970238864, 0.5319253761973344]",1177,3
34045,[0.69873431 0.62560726],9,-1,-1,-1,-1
34046,[0.31702606 0.4381691 ],4,8,"[0.27392971195344684, 0.45973140540928376]",-1,-1
34047,[0.3039214  0.22071265],0,9,"[0.3110394802231661, 0.23517199738277297]",972,-1
34048,[0.23941501 0.5630181 ],4,7,"[0.2817018170798153, 0.5849768676672948]",-1,-1
34049,[0.19224405 0.23607624],0,-1,-1,-1,-1
34050,[0.37920124 0.2770216 ],6,1,"[0.3897435781344088, 0.3417040596068965]",-1,-1
34051,[0.38484532 0.36428193],6,1,"[0.3897435781344088, 0.3417040596068965]",1062,-1
34052,[0.2492007  0.37131009],2,-1,-1,-1,-1
34053,[0.45969256 0.40506098],6,-1,-1,207,-1
34054,[0.34086913 0.59876412],7,0,"[0.383291892093257, 0.5586820702346661]",-1,-1
34055,[0.28516725 0.50040914],4,8,"[0.27392971195344684, 0.45973140540928376]",1768,-1
34056,[0.65430393 0.51066471],8,3,"[0.6815204869410737, 0.47689852788858716]",781,-1
34057,[0.44295691 0.50515337],5,-1,-1,859,-1
34058,[0.36003182 0.5668613 ],4,0,"[0.383291892093257, 0.5586820702346661]",-1,-1
34059,[0.55715713 0.61769776],9,2,"[0.5921204552873188, 0.6383928111301557]",-1,-1
34060,[0.28244316 0.52270894],7,7,"[0.2817018170798153, 0.5849768676672948]",1886,-1
34061,[0.32903046 0.5573708 ],4,0,"[0.383291892093257, 0.5586820702346661]",1983,17
34062,[0.41213055 0.49965575],4,0,"[0.383291892093257, 0.5586820702346661]",-1,-1
34063,[0.27523744 0.25801143],0,9,"[0.3110394802231661, 0.23517199738277297]",1606,-1
34064,[0.76998365 0.72140013],1,4,"[0.7726811996944247, 0.7249303226766757]",-1,0
34065,[0.70190715 0.70379547],1,-1,-1,343,0
34066,[0.29777036 0.26613499],0,9,"[0.3110394802231661, 0.23517199738277297]",1496,-1
34067,[0.43940301 0.20615913],6,-1,-1,-1,-1
34068,[0.50222716 0.23570665],6,-1,-1,-1,-1
34069,[0.52356258 0.57518367],9,6,"[0.5164739970238864, 0.5319253761973344]",1052,-1
34070,[0.33460742 0.61777253],4,7,"[0.2817018170798153, 0.5849768676672948]",1694,-1
34071,[0.34083659 0.33984335],6,1,"[0.3897435781344088, 0.3417040596068965]",953,-1
34072,[0.27985422 0.56595813],4,7,"[0.2817018170798153, 0.5849768676672948]",1879,-1
34073,[0.37479079 0.30267268],6,1,"[0.3897435781344088, 0.3417040596068965]",-1,-1
34074,[0.38790596 0.47208563],2,-1,-1,582,-1
34075,[0.39685918 0.33185224],6,1,"[0.3897435781344088, 0.3417040596068965]",1003,-1
34076,[0.76536001 0.73785513],1,4,"[0.7726811996944247, 0.7249303226766757]",-1,0
34077,[0.2575024  0.45047014],7,8,"[0.27392971195344684, 0.45973140540928376]",-1,-1
34078,[0.56859699 0.53863385],8,6,"[0.5164739970238864, 0.5319253761973344]",-1,6
34079,[0.32028053 0.31541466],2,-1,-1,1673,-1
34080,[0.35027688 0.56816373],3,0,"[0.383291892093257, 0.5586820702346661]",-1,-1
34081,[0.71758376 0.45851418],8,3,"[0.6815204869410737, 0.47689852788858716]",693,-1
34082,[0.24545951 0.17997768],0,-1,-1,344,-1
34083,[0.37409893 0.29657095],2,1,"[0.3897435781344088, 0.3417040596068965]",1454,-1
34084,[0.30190334 0.56858662],7,7,"[0.2817018170798153, 0.5849768676672948]",1924,-1
34085,[0.27458245 0.53703145],7,7,"[0.2817018170798153, 0.5849768676672948]",-1,-1
34086,[0.3309633  0.23858806],2,9,"[0.3110394802231661, 0.23517199738277297]",1001,-1
34087,[0.16819386 0.35398302],2,-1,-1,-1,-1
34088,[0.61485547 0.52801503],8,-1,-1,863,-1
34089,[0.67432691 0.47459419],8,3,"[0.6815204869410737, 0.47689852788858716]",-1,-1
34090,[0.54489835 0.40930084],5,-1,-1,-1,-1
34091,[0.36070947 0.37853906],6,1,"[0.3897435781344088, 0.3417040596068965]",1009,-1
34092,[0.79752742 0.78066857],1,4,"[0.7726811996944247, 0.7249303226766757]",-1,0
34093,[0.27030859 0.43737272],2,8,"[0.27392971195344684, 0.45973140540928376]",1239,-1
34094,[0.34070012 0.35549681],6,1,"[0.3897435781344088, 0.3417040596068965]",-1,-1
34095,[0.16228728 0.47734063],4,-1,-1,-1,-1
34096,[0.76573143 0.54302729],8,-1,-1,84,-1
34097,[0.34600641 0.29555751],2,1,"[0.3897435781344088, 0.3417040596068965]",1666,-1
34098,[0.35463794 0.2052629 ],0,9,"[0.3110394802231661, 0.23517199738277297]",-1,-1
34099,[0.73246823 0.53045661],8,-1,-1,402,-1
34100,[0.20414009 0.21636725],0,-1,-1,-1,-1
34101,[0.41387685 0.41794081],7,-1,-1,575,-1
34102,[0.37526006 0.60502975],3,0,"[0.383291892093257, 0.5586820702346661]",1755,-1
34103,[0.31359554 0.62899223],3,7,"[0.2817018170798153, 0.5849768676672948]",1297,-1
34104,[0.30864704 0.35190349],2,-1,-1,-1,8
34105,[0.19137797 0.26768753],0,5,"[0.23231087327800656, 0.30304944505444303]",-1,-1
34106,[0.38169291 0.33205861],6,1,"[0.3897435781344088, 0.3417040596068965]",1476,-1
34107,[0.39862385 0.58104179],3,0,"[0.383291892093257, 0.5586820702346661]",1767,-1
34108,[0.29319844 0.29493819],0,5,"[0.23231087327800656, 0.30304944505444303]",-1,-1
34109,[0.37958589 0.31003579],6,1,"[0.3897435781344088, 0.3417040596068965]",1464,-1
34110,[0.59542288 0.52906352],8,-1,-1,1102,-1
34111,[0.58931748 0.628219  ],9,2,"[0.5921204552873188, 0.6383928111301557]",1343,6
34112,[0.29048824 0.56697612],4,7,"[0.2817018170798153, 0.5849768676672948]",-1,-1
34113,[0.56731768 0.62491184],9,2,"[0.5921204552873188, 0.6383928111301557]",1285,6
34114,[0.30833417 0.37375547],2,-1,-1,1588,-1
34115,[0.53488366 0.50856147],5,6,"[0.5164739970238864, 0.5319253761973344]",-1,-1
34116,[0.5422484  0.59436991],5,2,"[0.5921204552873188, 0.6383928111301557]",-1,-1
34117,[0.40238626 0.51166194],3,0,"[0.383291892093257, 0.5586820702346661]",-1,-1
34118,[0.18669752 0.24003398],0,-1,-1,535,-1
34119,[0.50427045 0.52402903],5,6,"[0.5164739970238864, 0.5319253761973344]",942,-1
34120,[0.25317944 0.18431865],0,-1,-1,-1,-1
34121,[0.30536803 0.20843842],0,9,"[0.3110394802231661, 0.23517199738277297]",-1,-1
34122,[0.55831763 0.5527018 ],9,6,"[0.5164739970238864, 0.5319253761973344]",-1,-1
34123,[0.71929316 0.57829551],8,-1,-1,-1,-1
34124,[0.82306556 0.72119904],9,4,"[0.7726811996944247, 0.7249303226766757]",-1,0
34125,[0.29683822 0.2961474 ],0,9,"[0.3110394802231661, 0.23517199738277297]",1690,11
34126,[0.34522463 0.54057087],4,0,"[0.383291892093257, 0.5586820702346661]",-1,16
34127,[0.53944341 0.57319048],5,6,"[0.5164739970238864, 0.5319253761973344]",-1,6
34128,[0.34511103 0.2213135 ],0,9,"[0.3110394802231661, 0.23517199738277297]",-1,-1
34129,[0.24874254 0.2152526 ],0,9,"[0.3110394802231661, 0.23517199738277297]",990,-1
34130,[0.80863362 0.69046419],1,4,"[0.7726811996944247, 0.7249303226766757]",362,0
34131,[0.74414932 0.54398928],8,-1,-1,-1,-1
34132,[0.31889267 0.26549318],0,9,"[0.3110394802231661, 0.23517199738277297]",-1,-1
34133,[0.34277444 0.55444629],4,0,"[0.383291892093257, 0.5586820702346661]",1955,-1
34134,[0.24076712 0.18181402],0,-1,-1,175,-1
34135,[0.28789181 0.14894453],0,-1,-1,-1,-1
34136,[0.3892572  0.36171872],6,1,"[0.3897435781344088, 0.3417040596068965]",1064,-1
34137,[0.81045769 0.78532578],1,-1,-1,294,0
34138,[0.33072676 0.32682259],0,1,"[0.3897435781344088, 0.3417040596068965]",-1,-1
34139,[0.28904688 0.55894971],3,7,"[0.2817018170798153, 0.5849768676672948]",1908,13
34140,[0.57261465 0.66280118],9,2,"[0.5921204552873188, 0.6383928111301557]",-1,-1
34141,[0.55527529 0.35084389],5,-1,-1,14,-1
34142,[0.29911698 0.31450118],0,5,"[0.23231087327800656, 0.30304944505444303]",1661,-1
34143,[0.2855027  0.28552453],0,5,"[0.23231087327800656, 0.30304944505444303]",-1,-1
34144,[0.30704741 0.52505054],7,7,"[0.2817018170798153, 0.5849768676672948]",1918,-1
34145,[0.36509082 0.36793336],0,1,"[0.3897435781344088, 0.3417040596068965]",-1,-1
34146,[0.30376315 0.34854292],2,-1,-1,-1,-1
34147,[0.68781408 0.44921792],8,3,"[0.6815204869410737, 0.47689852788858716]",-1,-1
34148,[0.42905257 0.4655492 ],4,-1,-1,609,-1
34149,[0.30072583 0.68784966],4,-1,-1,85,-1
34150,[0.29565569 0.3093022 ],0,5,"[0.23231087327800656, 0.30304944505444303]",1650,-1
34151,[0.28822459 0.27414372],0,9,"[0.3110394802231661, 0.23517199738277297]",1555,-1
34152,[0.61448269 0.61620225],5,2,"[0.5921204552873188, 0.6383928111301557]",-1,-1
34153,[0.55702984 0.53965221],5,6,"[0.5164739970238864, 0.5319253761973344]",1409,-1
34154,[0.37513626 0.61060946],4,0,"[0.383291892093257, 0.5586820702346661]",1513,-1
34155,[0.27167604 0.32828706],0,5,"[0.23231087327800656, 0.30304944505444303]",1597,9
34156,[0.65838356 0.51168306],8,3,"[0.6815204869410737, 0.47689852788858716]",782,-1
34157,[0.81898011 0.83197625],1,-1,-1,-1,-1
34158,[0.1909401  0.28126644],0,5,"[0.23231087327800656, 0.30304944505444303]",745,-1
34159,[0.29746379 0.58186008],7,7,"[0.2817018170798153, 0.5849768676672948]",-1,-1
34160,[0.29577544 0.57442256],3,7,"[0.2817018170798153, 0.5849768676672948]",1839,-1
34161,[0.33176527 0.42100312],6,8,"[0.27392971195344684, 0.45973140540928376]",917,-1
34162,[0.36617313 0.29917046],2,1,"[0.3897435781344088, 0.3417040596068965]",-1,-1
34163,[0.40516829 0.31914824],6,1,"[0.3897435781344088, 0.3417040596068965]",-1,-1
34164,[0.46996911 0.38883294],6,-1,-1,-1,-1
34165,[0.3395989  0.62271131],4,7,"[0.2817018170798153, 0.5849768676672948]",1695,-1
34166,[0.37767896 0.5767495 ],4,0,"[0.383291892093257, 0.5586820702346661]",1865,12
34167,[0.39784052 0.5396076 ],3,0,"[0.383291892093257, 0.5586820702346661]",1629,-1
34168,[0.24675202 0.21569672],0,9,"[0.3110394802231661, 0.23517199738277297]",-1,-1
34169,[0.50599025 0.69089613],5,-1,-1,274,-1
34170,[0.44454852 0.65922234],3,-1,-1,-1,-1
34171,[0.31076503 0.4443857 ],7,8,"[0.27392971195344684, 0.45973140540928376]",1080,-1
34172,[0.30748515 0.57004913],4,7,"[0.2817018170798153, 0.5849768676672948]",1925,-1
34173,[0.43541212 0.43034781],3,-1,-1,160,-1
34174,[0.43690977 0.57767798],4,0,"[0.383291892093257, 0.5586820702346661]",1167,-1
34175,[0.165006   0.61761251],7,-1,-1,-1,-1
34176,[0.44180061 0.37583885],6,1,"[0.3897435781344088, 0.3417040596068965]",741,-1
34177,[0.30974753 0.49158123],7,8,"[0.27392971195344684, 0.45973140540928376]",1872,-1
34178,[0.61811798 0.65556077],9,2,"[0.5921204552873188, 0.6383928111301557]",902,-1
34179,[0.71747461 0.72157124],1,4,"[0.7726811996944247, 0.7249303226766757]",-1,0
34180,[0.62609392 0.63476201],9,2,"[0.5921204552873188, 0.6383928111301557]",1162,-1
34181,[0.23851974 0.52863405],7,-1,-1,-1,-1
34182,[0.51249844 0.61810271],9,-1,-1,-1,-1
34183,[0.47240242 0.52106403],5,6,"[0.5164739970238864, 0.5319253761973344]",1002,-1
34184,[0.33880632 0.50765557],3,0,"[0.383291892093257, 0.5586820702346661]",1880,-1
34185,[0.70610712 0.62758732],8,-1,-1,234,-1
34186,[0.3390492  0.27570241],2,9,"[0.3110394802231661, 0.23517199738277297]",-1,-1
34187,[0.61266691 0.53587521],8,-1,-1,1246,-1
34188,[0.51825495 0.51088594],5,6,"[0.5164739970238864, 0.5319253761973344]",-1,-1
34189,[0.61429464 0.68564775],5,2,"[0.5921204552873188, 0.6383928111301557]",662,-1
34190,[0.5759108  0.61057006],9,2,"[0.5921204552873188, 0.6383928111301557]",-1,6
34191,[0.26613055 0.39721347],7,8,"[0.27392971195344684, 0.45973140540928376]",945,-1
34192,[0.24903982 0.27053999],2,5,"[0.23231087327800656, 0.30304944505444303]",-1,-1
34193,[0.32540162 0.24345923],0,9,"[0.3110394802231661, 0.23517199738277297]",1490,-1
34194,[0.14730354 0.59741023],7,-1,-1,-1,-1
34195,[0.6739972  0.51672989],8,3,"[0.6815204869410737, 0.47689852788858716]",817,-1
34196,[0.68982245 0.42120494],8,3,"[0.6815204869410737, 0.47689852788858716]",-1,-1
34197,[0.49748185 0.54290013],5,6,"[0.5164739970238864, 0.5319253761973344]",-1,-1
34198,[0.60262724 0.59367118],8,2,"[0.5921204552873188, 0.6383928111301557]",-1,-1
34199,[0.27715742 0.50816817],7,8,"[0.27392971195344684, 0.45973140540928376]",1760,-1
34200,[0.28086542 0.33012411],2,5,"[0.23231087327800656, 0.30304944505444303]",-1,-1
34201,[0.4329613  0.69622703],3,-1,-1,-1,-1
34202,[0.66783323 0.68687969],9,-1,-1,385,-1
34203,[0.32752201 0.60377073],3,7,"[0.2817018170798153, 0.5849768676672948]",1544,-1
34204,[0.77087337 0.68131138],1,4,"[0.7726811996944247, 0.7249303226766757]",399,0
34205,[0.33259093 0.58898471],4,7,"[0.2817018170798153, 0.5849768676672948]",-1,-1
34206,[0.28725868 0.36992228],0,-1,-1,-1,-1
34207,[0.53702565 0.42340448],5,-1,-1,-1,-1
34208,[0.37649488 0.60170258],3,0,"[0.383291892093257, 0.5586820702346661]",-1,-1
34209,[0.32419085 0.53073208],4,0,"[0.383291892093257, 0.5586820702346661]",-1,-1
34210,[0.40605575 0.41216483],6,-1,-1,-1,-1
34211,[0.23101876 0.304889  ],2,5,"[0.23231087327800656, 0.30304944505444303]",-1,-1
34212,[0.33011881 0.61516439],3,7,"[0.2817018170798153, 0.5849768676672948]",1544,-1
34213,[0.29132499 0.49831185],7,8,"[0.27392971195344684, 0.45973140540928376]",-1,-1
34214,[0.41753245 0.51526943],3,0,"[0.383291892093257, 0.5586820702346661]",-1,-1
34215,[0.36820184 0.60699526],3,0,"[0.383291892093257, 0.5586820702346661]",-1,-1
34216,[0.46667879 0.41455702],6,-1,-1,-1,-1
34217,[0.57632164 0.58966156],5,2,"[0.5921204552873188, 0.6383928111301557]",-1,6
34218,[0.51778007 0.56343031],5,6,"[0.5164739970238864, 0.5319253761973344]",1369,-1
34219,[0.63380408 0.47759162],8,3,"[0.6815204869410737, 0.47689852788858716]",-1,-1
34220,[0.28660642 0.51474872],7,8,"[0.27392971195344684, 0.45973140540928376]",1915,14
34221,[0.32632061 0.4976001 ],7,8,"[0.27392971195344684, 0.45973140540928376]",-1,-1
34222,[0.81631486 0.7326228 ],1,4,"[0.7726811996944247, 0.7249303226766757]",-1,0
34223,[0.39418906 0.35149053],2,1,"[0.3897435781344088, 0.3417040596068965]",-1,-1
34224,[0.27552   0.3807543],2,-1,-1,1105,-1
34225,[0.79148445 0.62422089],1,-1,-1,77,0
34226,[0.26293779 0.49482369],7,8,"[0.27392971195344684, 0.45973140540928376]",-1,-1
34227,[0.56104782 0.57536791],5,6,"[0.5164739970238864, 0.5319253761973344]",-1,6
34228,[0.28104492 0.44263041],7,8,"[0.27392971195344684, 0.45973140540928376]",1240,-1
34229,[0.39688979 0.54554596],7,0,"[0.383291892093257, 0.5586820702346661]",-1,-1
34230,[0.39736791 0.3951211 ],2,1,"[0.3897435781344088, 0.3417040596068965]",760,-1
34231,[0.62354768 0.65993748],9,2,"[0.5921204552873188, 0.6383928111301557]",-1,-1
34232,[0.25807193 0.4678482 ],4,8,"[0.27392971195344684, 0.45973140540928376]",-1,-1
34233,[0.56881198 0.50933104],5,6,"[0.5164739970238864, 0.5319253761973344]",-1,-1
34234,[0.27916978 0.32804528],0,5,"[0.23231087327800656, 0.30304944505444303]",-1,-1
34235,[0.5256559  0.49316423],5,6,"[0.5164739970238864, 0.5319253761973344]",1096,-1
34236,[0.33777384 0.37465405],6,1,"[0.3897435781344088, 0.3417040596068965]",1348,-1
34237,[0.32956761 0.56383021],4,7,"[0.2817018170798153, 0.5849768676672948]",-1,17
34238,[0.29114829 0.29070186],2,9,"[0.3110394802231661, 0.23517199738277297]",-1,-1
34239,[0.33016441 0.29847715],6,9,"[0.3110394802231661, 0.23517199738277297]",1659,-1
34240,[0.68796028 0.58715079],9,-1,-1,-1,-1
34241,[0.3788412  0.29930643],6,1,"[0.3897435781344088, 0.3417040596068965]",-1,-1
34242,[0.27434461 0.41292367],2,8,"[0.27392971195344684, 0.45973140540928376]",747,-1
34243,[0.33688988 0.24844013],2,9,"[0.3110394802231661, 0.23517199738277297]",967,-1
34244,[0.42193987 0.4282638 ],6,-1,-1,403,-1
34245,[0.35724853 0.30679986],6,1,"[0.3897435781344088, 0.3417040596068965]",-1,-1
34246,[0.38645961 0.51099077],3,0,"[0.383291892093257, 0.5586820702346661]",-1,-1
34247,[0.44161304 0.57789474],4,0,"[0.383291892093257, 0.5586820702346661]",1020,-1
34248,[0.47193219 0.57029567],5,6,"[0.5164739970238864, 0.5319253761973344]",1155,-1
34249,[0.27375331 0.31513266],0,5,"[0.23231087327800656, 0.30304944505444303]",1585,9
34250,[0.637652  0.7292346],9,-1,-1,-1,-1
34251,[0.30605233 0.22344358],2,9,"[0.3110394802231661, 0.23517199738277297]",972,-1
34252,[0.12862368 0.26584902],0,-1,-1,-1,-1
34253,[0.59828594 0.69785244],9,2,"[0.5921204552873188, 0.6383928111301557]",653,-1
34254,[0.7765703  0.49312846],8,-1,-1,189,-1
34255,[0.3416592  0.27678378],2,9,"[0.3110394802231661, 0.23517199738277297]",1118,-1
34256,[0.36459211 0.51436607],7,0,"[0.383291892093257, 0.5586820702346661]",1900,-1
34257,[0.49804233 0.35186871],6,-1,-1,-1,-1
34258,[0.32286931 0.52239181],7,-1,-1,1824,-1
34259,[0.63123881 0.66446918],1,2,"[0.5921204552873188, 0.6383928111301557]",-1,-1
34260,[0.61551682 0.39038623],8,-1,-1,70,-1
34261,[0.46736218 0.44561058],5,-1,-1,179,-1
34262,[0.33420828 0.68257825],4,-1,-1,-1,-1
34263,[0.27023961 0.64117513],7,7,"[0.2817018170798153, 0.5849768676672948]",192,-1
34264,[0.74715406 0.59046615],1,-1,-1,110,-1
34265,[0.31528109 0.38788511],2,-1,-1,1426,-1
34266,[0.37557056 0.31502083],0,1,"[0.3897435781344088, 0.3417040596068965]",1462,-1
34267,[0.25479967 0.31679633],2,5,"[0.23231087327800656, 0.30304944505444303]",-1,7
34268,[0.25640027 0.2894085 ],0,5,"[0.23231087327800656, 0.30304944505444303]",-1,-1
34269,[0.60487498 0.43110168],8,-1,-1,284,-1
34270,[0.33500925 0.37743803],2,1,"[0.3897435781344088, 0.3417040596068965]",-1,-1
34271,[0.43061481 0.58795862],3,0,"[0.383291892093257, 0.5586820702346661]",1703,-1
34272,[0.32524687 0.21466876],0,9,"[0.3110394802231661, 0.23517199738277297]",888,-1
34273,[0.41104295 0.51435708],3,0,"[0.383291892093257, 0.5586820702346661]",1638,-1
34274,[0.34554943 0.27449805],0,9,"[0.3110394802231661, 0.23517199738277297]",1119,-1
34275,[0.8997527  0.73886862],1,-1,-1,-1,-1
34276,[0.26447875 0.53879585],3,7,"[0.2817018170798153, 0.5849768676672948]",1743,-1
34277,[0.23061378 0.53391299],4,-1,-1,1477,-1
34278,[0.29691262 0.50630983],7,8,"[0.27392971195344684, 0.45973140540928376]",-1,-1
34279,[0.69410521 0.54132154],8,3,"[0.6815204869410737, 0.47689852788858716]",-1,-1
34280,[0.31392386 0.62575307],4,7,"[0.2817018170798153, 0.5849768676672948]",1297,-1
34281,[0.49438951 0.66901367],9,-1,-1,-1,-1
34282,[0.26497834 0.46680945],7,8,"[0.27392971195344684, 0.45973140540928376]",1595,-1
34283,[0.29604781 0.58446005],7,7,"[0.2817018170798153, 0.5849768676672948]",-1,-1
34284,[0.32084135 0.2984577 ],0,9,"[0.3110394802231661, 0.23517199738277297]",-1,-1
34285,[0.29125406 0.27284746],0,9,"[0.3110394802231661, 0.23517199738277297]",1495,-1
34286,[0.31861024 0.5924826 ],3,7,"[0.2817018170798153, 0.5849768676672948]",1937,-1
34287,[0.62452365 0.49447701],9,3,"[0.6815204869410737, 0.47689852788858716]",789,-1
34288,[0.75254925 0.56417215],8,-1,-1,-1,-1
34289,[0.32643575 0.48745101],4,8,"[0.27392971195344684, 0.45973140540928376]",-1,-1
34290,[0.51113818 0.68269509],9,-1,-1,274,-1
34291,[0.71770065 0.71566126],1,4,"[0.7726811996944247, 0.7249303226766757]",349,0
34292,[0.28808725 0.44596242],7,8,"[0.27392971195344684, 0.45973140540928376]",-1,-1
34293,[0.31669688 0.34464036],2,-1,-1,1624,8
34294,[0.45848036 0.47197999],3,-1,-1,-1,-1
34295,[0.72842286 0.53648405],8,-1,-1,-1,-1
34296,[0.57791695 0.4968753 ],8,-1,-1,847,-1
34297,[0.24680163 0.26531138],0,5,"[0.23231087327800656, 0.30304944505444303]",1310,-1
34298,[0.37324071 0.52974817],4,0,"[0.383291892093257, 0.5586820702346661]",-1,-1
34299,[0.46679815 0.56165399],5,6,"[0.5164739970238864, 0.5319253761973344]",-1,-1
34300,[0.76169359 0.38400531],8,-1,-1,-1,-1
34301,[0.35514079 0.38468857],7,1,"[0.3897435781344088, 0.3417040596068965]",-1,-1
34302,[0.3749476  0.30509669],6,1,"[0.3897435781344088, 0.3417040596068965]",-1,-1
34303,[0.27220861 0.3580885 ],0,5,"[0.23231087327800656, 0.30304944505444303]",-1,-1
34304,[0.35236498 0.56128113],4,0,"[0.383291892093257, 0.5586820702346661]",1956,-1
34305,[0.3576948  0.50564884],7,0,"[0.383291892093257, 0.5586820702346661]",-1,-1
34306,[0.26898976 0.30237232],2,5,"[0.23231087327800656, 0.30304944505444303]",1656,-1
34307,[0.44855969 0.27462357],6,-1,-1,-1,-1
34308,[0.57673567 0.5201246 ],9,6,"[0.5164739970238864, 0.5319253761973344]",1035,-1
34309,[0.12212527 0.22507794],0,-1,-1,-1,-1
34310,[0.21547492 0.52676696],7,-1,-1,-1,-1
34311,[0.47116524 0.53937475],3,6,"[0.5164739970238864, 0.5319253761973344]",-1,-1
34312,[0.64301013 0.42242584],8,3,"[0.6815204869410737, 0.47689852788858716]",-1,-1
34313,[0.10512426 0.55749405],7,-1,-1,-1,-1
34314,[0.39027797 0.46528621],3,-1,-1,584,-1
34315,[0.64064801 0.51062908],8,3,"[0.6815204869410737, 0.47689852788858716]",866,1
34316,[0.24753324 0.52096897],4,8,"[0.27392971195344684, 0.45973140540928376]",1487,-1
34317,[0.60828833 0.52630767],9,-1,-1,-1,-1
34318,[0.2951174  0.23446586],2,9,"[0.3110394802231661, 0.23517199738277297]",-1,-1
34319,[0.55556544 0.53410173],5,6,"[0.5164739970238864, 0.5319253761973344]",-1,-1
34320,[0.17368276 0.33129857],2,5,"[0.23231087327800656, 0.30304944505444303]",-1,-1
34321,[0.30629599 0.35046422],2,-1,-1,-1,-1
34322,[0.29616102 0.18914929],0,9,"[0.3110394802231661, 0.23517199738277297]",425,-1
34323,[0.25755186 0.29169872],0,5,"[0.23231087327800656, 0.30304944505444303]",1645,-1
34324,[0.20943509 0.21803279],0,-1,-1,708,-1
34325,[0.38181629 0.60402299],3,0,"[0.383291892093257, 0.5586820702346661]",-1,-1
34326,[0.44017727 0.52526671],3,0,"[0.383291892093257, 0.5586820702346661]",-1,-1
34327,[0.59807811 0.51061047],8,-1,-1,844,-1
34328,[0.2320032  0.47386997],7,8,"[0.27392971195344684, 0.45973140540928376]",724,-1
34329,[0.7838494  0.42476926],8,-1,-1,59,-1
34330,[0.74341313 0.42088594],8,-1,-1,-1,-1
34331,[0.31095568 0.27077492],0,9,"[0.3110394802231661, 0.23517199738277297]",-1,-1
34332,[0.31246599 0.29136283],2,9,"[0.3110394802231661, 0.23517199738277297]",1614,-1
34333,[0.42737724 0.42214372],6,-1,-1,403,-1
34334,[0.70476065 0.55186578],8,-1,-1,563,-1
34335,[0.62300589 0.69294584],9,2,"[0.5921204552873188, 0.6383928111301557]",663,-1
34336,[0.28035179 0.48392835],7,8,"[0.27392971195344684, 0.45973140540928376]",1728,-1
34337,[0.47073663 0.44754753],3,-1,-1,179,-1
34338,[0.73783164 0.70224573],1,4,"[0.7726811996944247, 0.7249303226766757]",-1,0
34339,[0.26369794 0.58076711],4,7,"[0.2817018170798153, 0.5849768676672948]",-1,-1
34340,[0.19243565 0.21317235],0,-1,-1,-1,-1
34341,[0.50543706 0.55751311],5,6,"[0.5164739970238864, 0.5319253761973344]",1185,-1
34342,[0.56487705 0.40256741],8,-1,-1,-1,-1
34343,[0.22681458 0.48142336],7,8,"[0.27392971195344684, 0.45973140540928376]",1022,-1
34344,[0.50984098 0.46972764],5,6,"[0.5164739970238864, 0.5319253761973344]",248,-1
34345,[0.29168207 0.56866002],7,7,"[0.2817018170798153, 0.5849768676672948]",-1,-1
34346,[0.64753572 0.58193117],8,-1,-1,-1,-1
34347,[0.52494271 0.66192486],9,-1,-1,920,-1
34348,[0.64442643 0.48470383],8,3,"[0.6815204869410737, 0.47689852788858716]",820,1
34349,[0.2534034  0.39997593],7,8,"[0.27392971195344684, 0.45973140540928376]",649,-1
34350,[0.45174495 0.57880218],3,-1,-1,1223,-1
34351,[0.26082046 0.32105554],2,5,"[0.23231087327800656, 0.30304944505444303]",1518,-1
34352,[0.26170836 0.27167748],0,5,"[0.23231087327800656, 0.30304944505444303]",1534,-1
34353,[0.5654354  0.51463488],5,6,"[0.5164739970238864, 0.5319253761973344]",-1,-1
34354,[0.37263979 0.37059267],6,1,"[0.3897435781344088, 0.3417040596068965]",-1,-1
34355,[0.28278146 0.5026031 ],7,8,"[0.27392971195344684, 0.45973140540928376]",1742,-1
34356,[0.56529041 0.6059382 ],9,2,"[0.5921204552873188, 0.6383928111301557]",-1,-1
34357,[0.36045427 0.34343376],6,1,"[0.3897435781344088, 0.3417040596068965]",-1,-1
34358,[0.28764939 0.34453524],2,5,"[0.23231087327800656, 0.30304944505444303]",1584,-1
34359,[0.83370087 0.59790933],1,-1,-1,-1,-1
34360,[0.3283743  0.64928198],4,-1,-1,-1,-1
34361,[0.58779458 0.52199713],8,-1,-1,1102,-1
34362,[0.4520426  0.51298629],5,6,"[0.5164739970238864, 0.5319253761973344]",-1,-1
34363,[0.73812172 0.82904901],1,-1,-1,-1,-1
34364,[0.34611591 0.6345225 ],3,-1,-1,1048,-1
34365,[0.54284908 0.63423116],9,2,"[0.5921204552873188, 0.6383928111301557]",1262,-1
34366,[0.31411428 0.5669971 ],7,7,"[0.2817018170798153, 0.5849768676672948]",-1,-1
34367,[0.59213282 0.59190141],5,2,"[0.5921204552873188, 0.6383928111301557]",-1,-1
34368,[0.50603874 0.64301897],5,-1,-1,-1,-1
34369,[0.31073346 0.25190698],0,9,"[0.3110394802231661, 0.23517199738277297]",1499,-1
34370,[0.57902515 0.55652498],9,6,"[0.5164739970238864, 0.5319253761973344]",-1,-1
34371,[0.27673431 0.24963149],2,9,"[0.3110394802231661, 0.23517199738277297]",-1,-1
34372,[0.61148766 0.46979717],8,-1,-1,-1,-1
34373,[0.363207   0.30969579],6,1,"[0.3897435781344088, 0.3417040596068965]",-1,-1
34374,[0.33528916 0.42343603],7,-1,-1,-1,-1
34375,[0.20440149 0.35396929],0,5,"[0.23231087327800656, 0.30304944505444303]",749,-1
34376,[0.551196   0.69175085],9,2,"[0.5921204552873188, 0.6383928111301557]",631,-1
34377,[0.29919807 0.55750656],7,7,"[0.2817018170798153, 0.5849768676672948]",-1,-1
34378,[0.45297862 0.2225046 ],6,-1,-1,-1,-1
34379,[0.61661249 0.62826308],9,2,"[0.5921204552873188, 0.6383928111301557]",-1,-1
34380,[0.49020281 0.48582276],5,6,"[0.5164739970238864, 0.5319253761973344]",606,-1
34381,[0.78579163 0.6234012 ],1,-1,-1,77,0
34382,[0.27000506 0.25442865],0,9,"[0.3110394802231661, 0.23517199738277297]",-1,-1
34383,[0.61897341 0.4740835 ],5,3,"[0.6815204869410737, 0.47689852788858716]",627,-1
34384,[0.29055285 0.31917475],0,5,"[0.23231087327800656, 0.30304944505444303]",1621,-1
34385,[0.32753006 0.63441072],3,7,"[0.2817018170798153, 0.5849768676672948]",677,-1
34386,[0.72344744 0.81067769],1,-1,-1,89,-1
34387,[0.55605043 0.56395322],9,6,"[0.5164739970238864, 0.5319253761973344]",1406,-1
34388,[0.32211578 0.24908056],6,9,"[0.3110394802231661, 0.23517199738277297]",-1,-1
34389,[0.58136065 0.4974863 ],5,-1,-1,-1,-1
34390,[0.44151696 0.59743443],3,0,"[0.383291892093257, 0.5586820702346661]",-1,-1
34391,[0.22826547 0.49332408],4,8,"[0.27392971195344684, 0.45973140540928376]",1091,-1
34392,[0.27591019 0.50752549],7,8,"[0.27392971195344684, 0.45973140540928376]",1760,-1
34393,[0.37004342 0.64727029],7,-1,-1,-1,-1
34394,[0.34290502 0.25332221],2,9,"[0.3110394802231661, 0.23517199738277297]",958,-1
34395,[0.45504257 0.62301529],4,-1,-1,705,-1
34396,[0.3647848 0.5811897],4,0,"[0.383291892093257, 0.5586820702346661]",-1,12
34397,[0.57998294 0.59819564],5,2,"[0.5921204552873188, 0.6383928111301557]",1443,6
34398,[0.32967452 0.45530188],2,8,"[0.27392971195344684, 0.45973140540928376]",-1,-1
34399,[0.22640082 0.4130019 ],7,8,"[0.27392971195344684, 0.45973140540928376]",499,-1
34400,[0.42776077 0.58467304],3,0,"[0.383291892093257, 0.5586820702346661]",-1,-1
34401,[0.45161905 0.5969571 ],4,-1,-1,-1,4
34402,[0.70167591 0.69081915],1,-1,-1,335,0
34403,[0.27166703 0.27498634],0,5,"[0.23231087327800656, 0.30304944505444303]",1636,-1
34404,[0.31183656 0.57609294],7,7,"[0.2817018170798153, 0.5849768676672948]",-1,-1
34405,[0.44585051 0.55958717],5,0,"[0.383291892093257, 0.5586820702346661]",-1,-1
34406,[0.62139412 0.4732551 ],5,3,"[0.6815204869410737, 0.47689852788858716]",627,-1
34407,[0.48433261 0.70879738],9,-1,-1,129,-1
34408,[0.79196517 0.75107956],1,4,"[0.7726811996944247, 0.7249303226766757]",445,0
34409,[0.47389456 0.52889904],3,6,"[0.5164739970238864, 0.5319253761973344]",957,-1
34410,[0.53061207 0.72533172],9,-1,-1,-1,-1
34411,[0.35211057 0.65161794],4,-1,-1,576,-1
34412,[0.24761068 0.50700226],7,8,"[0.27392971195344684, 0.45973140540928376]",1759,-1
34413,[0.22525912 0.28513864],2,5,"[0.23231087327800656, 0.30304944505444303]",-1,-1
34414,[0.45355493 0.57447387],5,-1,-1,1222,-1
34415,[0.33047373 0.46675538],6,8,"[0.27392971195344684, 0.45973140540928376]",1523,-1
34416,[0.74871232 0.47586446],8,3,"[0.6815204869410737, 0.47689852788858716]",-1,-1
34417,[0.76383557 0.78963265],1,4,"[0.7726811996944247, 0.7249303226766757]",369,0
34418,[0.28832958 0.52977988],4,7,"[0.2817018170798153, 0.5849768676672948]",1911,14
34419,[0.33198211 0.45122485],7,8,"[0.27392971195344684, 0.45973140540928376]",-1,-1
34420,[0.3600425  0.57060254],4,0,"[0.383291892093257, 0.5586820702346661]",-1,-1
34421,[0.67407291 0.61438663],9,-1,-1,299,-1
34422,[0.30880348 0.54916984],7,7,"[0.2817018170798153, 0.5849768676672948]",1987,17
34423,[0.37066975 0.38939113],6,1,"[0.3897435781344088, 0.3417040596068965]",1005,-1
34424,[0.18159841 0.57850184],7,-1,-1,102,-1
34425,[0.28894778 0.34445554],2,-1,-1,1583,-1
34426,[0.31804551 0.56846222],4,7,"[0.2817018170798153, 0.5849768676672948]",1973,-1
34427,[0.48102927 0.52053889],5,6,"[0.5164739970238864, 0.5319253761973344]",-1,-1
34428,[0.72748658 0.71873711],1,4,"[0.7726811996944247, 0.7249303226766757]",351,0
34429,[0.3584443  0.34791746],2,1,"[0.3897435781344088, 0.3417040596068965]",1350,-1
34430,[0.30763091 0.59260853],3,7,"[0.2817018170798153, 0.5849768676672948]",1820,-1
34431,[0.74780925 0.69418405],1,4,"[0.7726811996944247, 0.7249303226766757]",-1,0
34432,[0.63197097 0.38207698],8,-1,-1,-1,-1
34433,[0.34067061 0.41423799],2,-1,-1,917,-1
34434,[0.83047316 0.81271473],1,-1,-1,-1,-1
34435,[0.59289714 0.65773267],9,2,"[0.5921204552873188, 0.6383928111301557]",1125,-1
34436,[0.19881497 0.16690445],0,-1,-1,99,-1
34437,[0.58282773 0.60837587],9,2,"[0.5921204552873188, 0.6383928111301557]",1424,-1
34438,[0.87886826 0.78157582],1,-1,-1,26,-1
34439,[0.75101516 0.68313661],1,4,"[0.7726811996944247, 0.7249303226766757]",432,0
34440,[0.31369148 0.41202644],2,8,"[0.27392971195344684, 0.45973140540928376]",-1,-1
34441,[0.56614844 0.61333991],9,2,"[0.5921204552873188, 0.6383928111301557]",1412,-1
34442,[0.45878322 0.46437782],5,-1,-1,291,-1
34443,[0.36458316 0.6709947 ],4,-1,-1,-1,-1
34444,[0.3918773  0.26478348],6,-1,-1,-1,-1
34445,[0.61767894 0.59326681],8,2,"[0.5921204552873188, 0.6383928111301557]",-1,-1
34446,[0.62044296 0.65670964],9,2,"[0.5921204552873188, 0.6383928111301557]",-1,-1
34447,[0.27089803 0.13414199],0,-1,-1,56,-1
34448,[0.31314418 0.23540624],0,9,"[0.3110394802231661, 0.23517199738277297]",1492,-1
34449,[0.28483486 0.62201339],4,7,"[0.2817018170798153, 0.5849768676672948]",878,-1
34450,[0.33359856 0.41479248],7,-1,-1,917,-1
34451,[0.41352993 0.47387044],3,-1,-1,715,-1
34452,[0.48351133 0.65233271],9,-1,-1,-1,-1
34453,[0.33805327 0.39526583],0,-1,-1,984,-1
34454,[0.43005653 0.5034005 ],5,-1,-1,914,-1
34455,[0.68272261 0.57212369],9,-1,-1,464,-1
34456,[0.74158561 0.49019557],8,3,"[0.6815204869410737, 0.47689852788858716]",-1,-1
34457,[0.28916005 0.2594685 ],0,9,"[0.3110394802231661, 0.23517199738277297]",-1,-1
34458,[0.28478966 0.47207399],2,8,"[0.27392971195344684, 0.45973140540928376]",-1,-1
34459,[0.41579256 0.56933475],3,0,"[0.383291892093257, 0.5586820702346661]",1738,-1
34460,[0.81296268 0.68675374],1,4,"[0.7726811996944247, 0.7249303226766757]",362,0
34461,[0.27888606 0.34449834],2,5,"[0.23231087327800656, 0.30304944505444303]",1459,-1
34462,[0.40305973 0.30963565],6,1,"[0.3897435781344088, 0.3417040596068965]",930,-1
34463,[0.59034396 0.57490564],9,2,"[0.5921204552873188, 0.6383928111301557]",1326,-1
34464,[0.80293052 0.78245233],1,4,"[0.7726811996944247, 0.7249303226766757]",-1,0
34465,[0.69987268 0.45003526],8,3,"[0.6815204869410737, 0.47689852788858716]",-1,-1
34466,[0.31013835 0.42999753],2,8,"[0.27392971195344684, 0.45973140540928376]",-1,-1
34467,[0.56006613 0.60007995],5,2,"[0.5921204552873188, 0.6383928111301557]",1342,-1
34468,[0.42312248 0.5847809 ],3,0,"[0.383291892093257, 0.5586820702346661]",1711,-1
34469,[0.40662552 0.33940459],6,1,"[0.3897435781344088, 0.3417040596068965]",-1,-1
34470,[0.25792621 0.26572268],0,5,"[0.23231087327800656, 0.30304944505444303]",1533,-1
34471,[0.36536927 0.27005473],6,9,"[0.3110394802231661, 0.23517199738277297]",1156,-1
34472,[0.71070289 0.71864004],1,4,"[0.7726811996944247, 0.7249303226766757]",384,0
34473,[0.2652941  0.43202313],7,8,"[0.27392971195344684, 0.45973140540928376]",1175,-1
34474,[0.24612468 0.22602272],2,9,"[0.3110394802231661, 0.23517199738277297]",985,-1
34475,[0.26381441 0.38153229],0,-1,-1,1221,-1
34476,[0.66760992 0.46631267],8,3,"[0.6815204869410737, 0.47689852788858716]",805,-1
34477,[0.16354012 0.40586345],0,-1,-1,-1,-1
34478,[0.53852077 0.50345508],4,6,"[0.5164739970238864, 0.5319253761973344]",1140,-1
34479,[0.74694713 0.69384077],1,4,"[0.7726811996944247, 0.7249303226766757]",-1,0
34480,[0.41580725 0.33298969],6,1,"[0.3897435781344088, 0.3417040596068965]",989,-1
34481,[0.76921557 0.83233967],1,-1,-1,-1,-1
34482,[0.39771104 0.57122236],3,0,"[0.383291892093257, 0.5586820702346661]",1770,-1
34483,[0.46289022 0.25996391],6,-1,-1,-1,-1
34484,[0.35701859 0.50647107],7,0,"[0.383291892093257, 0.5586820702346661]",-1,-1
34485,[0.71500462 0.47101985],8,3,"[0.6815204869410737, 0.47689852788858716]",780,-1
34486,[0.27265373 0.48168714],7,8,"[0.27392971195344684, 0.45973140540928376]",-1,-1
34487,[0.53604791 0.54722975],5,6,"[0.5164739970238864, 0.5319253761973344]",-1,-1
34488,[0.7077486  0.58698858],8,-1,-1,229,-1
34489,[0.42004322 0.5373265 ],3,0,"[0.383291892093257, 0.5586820702346661]",1713,-1
34490,[0.39100685 0.40470829],6,1,"[0.3897435781344088, 0.3417040596068965]",-1,-1
34491,[0.53492655 0.67677408],5,2,"[0.5921204552873188, 0.6383928111301557]",-1,-1
34492,[0.69264733 0.36541875],8,-1,-1,-1,-1
34493,[0.60301432 0.57570268],5,2,"[0.5921204552873188, 0.6383928111301557]",1326,5
34494,[0.61234993 0.43809695],8,-1,-1,-1,-1
34495,[0.27944128 0.21642919],0,9,"[0.3110394802231661, 0.23517199738277297]",1355,-1
34496,[0.22752028 0.35436579],2,5,"[0.23231087327800656, 0.30304944505444303]",-1,-1
34497,[0.32779994 0.24770184],2,9,"[0.3110394802231661, 0.23517199738277297]",-1,-1
34498,[0.33371753 0.29679522],2,9,"[0.3110394802231661, 0.23517199738277297]",-1,-1
34499,[0.71322575 0.41955481],8,3,"[0.6815204869410737, 0.47689852788858716]",443,-1
34500,[0.78133125 0.73502111],1,4,"[0.7726811996944247, 0.7249303226766757]",470,0
34501,[0.48431734 0.53299288],5,6,"[0.5164739970238864, 0.5319253761973344]",-1,-1
34502,[0.55110549 0.70897413],9,-1,-1,-1,-1
34503,[0.23105445 0.35592315],2,5,"[0.23231087327800656, 0.30304944505444303]",1126,-1
34504,[0.44339077 0.35541407],6,1,"[0.3897435781344088, 0.3417040596068965]",-1,-1
34505,[0.38020834 0.40673279],2,1,"[0.3897435781344088, 0.3417040596068965]",723,-1
34506,[0.56225398 0.57745557],5,6,"[0.5164739970238864, 0.5319253761973344]",-1,6
34507,[0.360525   0.48106164],7,-1,-1,1746,-1
34508,[0.15713908 0.33756228],2,-1,-1,108,-1
34509,[0.3260877  0.18979157],0,9,"[0.3110394802231661, 0.23517199738277297]",-1,-1
34510,[0.28571961 0.27024014],0,9,"[0.3110394802231661, 0.23517199738277297]",1627,-1
34511,[0.32639641 0.31281926],0,1,"[0.3897435781344088, 0.3417040596068965]",1679,10
34512,[0.77431632 0.55500883],8,-1,-1,-1,-1
34513,[0.36068854 0.54012783],4,0,"[0.383291892093257, 0.5586820702346661]",-1,-1
34514,[0.50653015 0.5347068 ],5,6,"[0.5164739970238864, 0.5319253761973344]",-1,3
34515,[0.29909885 0.2806778 ],2,9,"[0.3110394802231661, 0.23517199738277297]",1554,-1
34516,[0.35029005 0.4218463 ],6,-1,-1,-1,-1
34517,[0.33747111 0.5175988 ],7,0,"[0.383291892093257, 0.5586820702346661]",1877,-1
34518,[0.40102273 0.32008923],6,1,"[0.3897435781344088, 0.3417040596068965]",966,-1
34519,[0.70244487 0.61215214],9,-1,-1,-1,-1
34520,[0.30809592 0.30690745],2,-1,-1,1647,-1
34521,[0.33038032 0.3312615 ],2,1,"[0.3897435781344088, 0.3417040596068965]",-1,-1
34522,[0.85338619 0.71820899],1,-1,-1,-1,0
34523,[0.64822801 0.48947676],8,3,"[0.6815204869410737, 0.47689852788858716]",818,1
34524,[0.20334868 0.57678015],7,-1,-1,-1,-1
34525,[0.41260539 0.50003269],3,0,"[0.383291892093257, 0.5586820702346661]",-1,-1
34526,[0.63656288 0.44572888],8,3,"[0.6815204869410737, 0.47689852788858716]",798,-1
34527,[0.28347307 0.20313983],0,9,"[0.3110394802231661, 0.23517199738277297]",648,-1
34528,[0.3304394  0.62815265],4,7,"[0.2817018170798153, 0.5849768676672948]",-1,-1
34529,[0.26202944 0.33159308],0,5,"[0.23231087327800656, 0.30304944505444303]",-1,-1
34530,[0.58092797 0.67805591],9,2,"[0.5921204552873188, 0.6383928111301557]",-1,-1
34531,[0.6472546  0.64050965],9,2,"[0.5921204552873188, 0.6383928111301557]",939,-1
34532,[0.32526733 0.59524726],3,7,"[0.2817018170798153, 0.5849768676672948]",-1,-1
34533,[0.81613834 0.80945645],1,-1,-1,120,0
34534,[0.48845774 0.61530969],9,-1,-1,918,-1
34535,[0.28367245 0.56215643],4,7,"[0.2817018170798153, 0.5849768676672948]",-1,13
34536,[0.77761143 0.78221562],1,4,"[0.7726811996944247, 0.7249303226766757]",-1,0
34537,[0.36461512 0.31544544],2,1,"[0.3897435781344088, 0.3417040596068965]",-1,-1
34538,[0.42554618 0.5998824 ],3,0,"[0.383291892093257, 0.5586820702346661]",-1,-1
34539,[0.4298583  0.34690181],6,1,"[0.3897435781344088, 0.3417040596068965]",-1,-1
34540,[0.60890194 0.42444539],8,-1,-1,285,-1
34541,[0.52924804 0.38245398],6,-1,-1,-1,-1
34542,[0.33053458 0.30454285],0,1,"[0.3897435781344088, 0.3417040596068965]",1659,-1
34543,[0.87732353 0.65250416],1,-1,-1,30,-1
34544,[0.63141608 0.45563636],8,3,"[0.6815204869410737, 0.47689852788858716]",619,-1
34545,[0.70567375 0.46491087],8,3,"[0.6815204869410737, 0.47689852788858716]",717,-1
34546,[0.369293   0.45584126],4,-1,-1,1054,-1
34547,[0.38055032 0.32616077],6,1,"[0.3897435781344088, 0.3417040596068965]",1476,-1
34548,[0.23003409 0.57134876],4,7,"[0.2817018170798153, 0.5849768676672948]",-1,-1
34549,[0.37761994 0.44441185],7,-1,-1,964,-1
34550,[0.38792203 0.22820655],6,-1,-1,-1,-1
34551,[0.23606664 0.50063252],7,8,"[0.27392971195344684, 0.45973140540928376]",-1,-1
34552,[0.23064758 0.47595417],7,8,"[0.27392971195344684, 0.45973140540928376]",724,-1
34553,[0.37504506 0.42018919],5,-1,-1,-1,-1
34554,[0.28485229 0.37699091],6,-1,-1,1099,-1
34555,[0.30429844 0.53462755],3,7,"[0.2817018170798153, 0.5849768676672948]",1982,-1
34556,[0.44766267 0.33896675],6,1,"[0.3897435781344088, 0.3417040596068965]",-1,-1
34557,[0.50715381 0.55614488],9,6,"[0.5164739970238864, 0.5319253761973344]",-1,-1
34558,[0.77018466 0.71695275],1,4,"[0.7726811996944247, 0.7249303226766757]",-1,0
34559,[0.42980395 0.6449738 ],3,-1,-1,481,-1
34560,[0.47238245 0.56626977],4,6,"[0.5164739970238864, 0.5319253761973344]",1155,-1
34561,[0.26945892 0.48935537],7,8,"[0.27392971195344684, 0.45973140540928376]",1797,-1
34562,[0.26237487 0.30610767],2,5,"[0.23231087327800656, 0.30304944505444303]",-1,-1
34563,[0.47965829 0.34685639],6,-1,-1,-1,-1
34564,[0.95038001 0.58222499],1,-1,-1,-1,-1
34565,[0.38089958 0.59554461],3,0,"[0.383291892093257, 0.5586820702346661]",-1,-1
34566,[0.28725625 0.50772096],3,8,"[0.27392971195344684, 0.45973140540928376]",-1,-1
34567,[0.2941617  0.60208073],7,7,"[0.2817018170798153, 0.5849768676672948]",1693,-1
34568,[0.34707465 0.28189381],2,9,"[0.3110394802231661, 0.23517199738277297]",-1,-1
34569,[0.66930853 0.49449075],8,3,"[0.6815204869410737, 0.47689852788858716]",796,-1
34570,[0.34711968 0.60165675],4,0,"[0.383291892093257, 0.5586820702346661]",1833,-1
34571,[0.29154733 0.37339838],2,-1,-1,1092,-1
34572,[0.74902963 0.68262624],1,4,"[0.7726811996944247, 0.7249303226766757]",439,0
34573,[0.54034074 0.64088378],9,2,"[0.5921204552873188, 0.6383928111301557]",1256,-1
34574,[0.2214028  0.34605618],2,5,"[0.23231087327800656, 0.30304944505444303]",-1,-1
34575,[0.82746072 0.75727319],1,4,"[0.7726811996944247, 0.7249303226766757]",368,0
34576,[0.79037427 0.79346992],1,-1,-1,-1,0
34577,[0.24892192 0.26020595],0,5,"[0.23231087327800656, 0.30304944505444303]",1310,-1
34578,[0.64228512 0.50337238],8,3,"[0.6815204869410737, 0.47689852788858716]",866,-1
34579,[0.62173619 0.44386494],8,3,"[0.6815204869410737, 0.47689852788858716]",-1,-1
34580,[0.35005977 0.53624394],7,0,"[0.383291892093257, 0.5586820702346661]",-1,16
34581,[0.41796021 0.5148224 ],3,0,"[0.383291892093257, 0.5586820702346661]",-1,-1
34582,[0.39964664 0.50286979],5,0,"[0.383291892093257, 0.5586820702346661]",-1,-1
34583,[0.57913543 0.56974876],9,2,"[0.5921204552873188, 0.6383928111301557]",1447,-1
34584,[0.43595241 0.62956551],3,-1,-1,-1,-1
34585,[0.67931632 0.47079594],8,3,"[0.6815204869410737, 0.47689852788858716]",814,2
34586,[0.41159551 0.59291314],4,0,"[0.383291892093257, 0.5586820702346661]",1718,-1
34587,[0.63443782 0.50426004],8,3,"[0.6815204869410737, 0.47689852788858716]",866,1
34588,[0.59600189 0.45439303],5,-1,-1,-1,-1
34589,[0.34650996 0.59570401],3,0,"[0.383291892093257, 0.5586820702346661]",-1,-1
34590,[0.69796187 0.70701057],1,-1,-1,343,0
34591,[0.39804757 0.30908335],6,1,"[0.3897435781344088, 0.3417040596068965]",-1,-1
34592,[0.23001577 0.34107112],0,5,"[0.23231087327800656, 0.30304944505444303]",1522,-1
34593,[0.34252672 0.57530249],7,0,"[0.383291892093257, 0.5586820702346661]",-1,-1
34594,[0.79472901 0.5971082 ],1,-1,-1,-1,-1
34595,[0.50759783 0.59320095],5,6,"[0.5164739970238864, 0.5319253761973344]",-1,-1
34596,[0.77008088 0.69507389],1,4,"[0.7726811996944247, 0.7249303226766757]",448,0
34597,[0.48360879 0.57353067],3,6,"[0.5164739970238864, 0.5319253761973344]",1225,-1
34598,[0.31812864 0.51740133],7,-1,-1,-1,-1
34599,[0.41897662 0.3036897 ],6,1,"[0.3897435781344088, 0.3417040596068965]",889,-1
34600,[0.50437688 0.52488268],9,6,"[0.5164739970238864, 0.5319253761973344]",942,-1
34601,[0.43344023 0.30096022],6,1,"[0.3897435781344088, 0.3417040596068965]",-1,-1
34602,[0.61625867 0.68409124],9,2,"[0.5921204552873188, 0.6383928111301557]",662,-1
34603,[0.27476711 0.39948698],7,8,"[0.27392971195344684, 0.45973140540928376]",1018,-1
34604,[0.63622692 0.51764658],8,3,"[0.6815204869410737, 0.47689852788858716]",861,1
34605,[0.44742266 0.52507219],5,6,"[0.5164739970238864, 0.5319253761973344]",-1,-1
34606,[0.22292267 0.31858655],0,5,"[0.23231087327800656, 0.30304944505444303]",-1,-1
34607,[0.6346263  0.64220074],9,2,"[0.5921204552873188, 0.6383928111301557]",-1,-1
34608,[0.2401588  0.61080304],3,7,"[0.2817018170798153, 0.5849768676672948]",-1,-1
34609,[0.5207439  0.68058074],9,-1,-1,-1,-1
34610,[0.17810598 0.36572455],2,-1,-1,-1,-1
34611,[0.779438   0.69448991],1,4,"[0.7726811996944247, 0.7249303226766757]",448,0
34612,[0.3584975  0.55118897],3,0,"[0.383291892093257, 0.5586820702346661]",-1,-1
34613,[0.5257104  0.57775639],5,6,"[0.5164739970238864, 0.5319253761973344]",1052,-1
34614,[0.31076403 0.31927622],6,-1,-1,-1,-1
34615,[0.42112144 0.32983204],6,1,"[0.3897435781344088, 0.3417040596068965]",989,-1
34616,[0.25775899 0.55776243],7,7,"[0.2817018170798153, 0.5849768676672948]",1705,-1
34617,[0.45023786 0.33374482],6,1,"[0.3897435781344088, 0.3417040596068965]",-1,-1
34618,[0.79033487 0.76811153],1,4,"[0.7726811996944247, 0.7249303226766757]",-1,0
34619,[0.36047884 0.3529258 ],6,1,"[0.3897435781344088, 0.3417040596068965]",-1,-1
34620,[0.70745622 0.49541065],8,3,"[0.6815204869410737, 0.47689852788858716]",-1,-1
34621,[0.61295969 0.43135511],8,-1,-1,285,-1
34622,[0.25958725 0.22318948],0,9,"[0.3110394802231661, 0.23517199738277297]",988,-1
34623,[0.21780194 0.43015051],2,8,"[0.27392971195344684, 0.45973140540928376]",332,-1
34624,[0.22422788 0.51872161],7,-1,-1,1090,-1
34625,[0.61171689 0.58427317],9,2,"[0.5921204552873188, 0.6383928111301557]",-1,-1
34626,[0.74954453 0.47485366],8,3,"[0.6815204869410737, 0.47689852788858716]",-1,-1
34627,[0.75525054 0.50795987],8,-1,-1,-1,-1
34628,[0.35403804 0.41678692],6,-1,-1,882,-1
34629,[0.29165496 0.45789611],7,8,"[0.27392971195344684, 0.45973140540928376]",-1,-1
34630,[0.36943928 0.62679682],4,0,"[0.383291892093257, 0.5586820702346661]",-1,-1
34631,[0.30879973 0.26415219],0,9,"[0.3110394802231661, 0.23517199738277297]",1512,-1
34632,[0.69225746 0.39559098],8,-1,-1,-1,-1
34633,[0.71845203 0.48170066],8,3,"[0.6815204869410737, 0.47689852788858716]",-1,-1
34634,[0.3493011  0.43050928],2,-1,-1,-1,-1
34635,[0.37785634 0.42665283],4,-1,-1,683,-1
34636,[0.48462384 0.57681168],5,6,"[0.5164739970238864, 0.5319253761973344]",1225,-1
34637,[0.40535108 0.46141894],2,-1,-1,578,-1
34638,[0.71894249 0.57535173],8,-1,-1,-1,-1
34639,[0.56906755 0.61914704],9,2,"[0.5921204552873188, 0.6383928111301557]",-1,-1
34640,[0.31154799 0.39848475],7,-1,-1,-1,-1
34641,[0.6489972  0.41897046],8,3,"[0.6815204869410737, 0.47689852788858716]",522,-1
34642,[0.67665418 0.54599211],5,3,"[0.6815204869410737, 0.47689852788858716]",-1,-1
34643,[0.24640035 0.57586914],3,7,"[0.2817018170798153, 0.5849768676672948]",1563,-1
34644,[0.51121012 0.53533419],5,6,"[0.5164739970238864, 0.5319253761973344]",1182,3
34645,[0.63203341 0.72473976],9,-1,-1,-1,-1
34646,[0.59077135 0.62798645],9,2,"[0.5921204552873188, 0.6383928111301557]",1343,6
34647,[0.77585922 0.44643068],8,-1,-1,92,-1
34648,[0.63495355 0.61700452],9,2,"[0.5921204552873188, 0.6383928111301557]",-1,-1
34649,[0.86634118 0.68223885],1,-1,-1,81,-1
34650,[0.31665295 0.22262968],0,9,"[0.3110394802231661, 0.23517199738277297]",970,-1
34651,[0.27087511 0.56102232],4,7,"[0.2817018170798153, 0.5849768676672948]",-1,-1
34652,[0.2447616  0.59351806],4,7,"[0.2817018170798153, 0.5849768676672948]",929,-1
34653,[0.33195379 0.28795328],2,9,"[0.3110394802231661, 0.23517199738277297]",-1,-1
34654,[0.66051525 0.70822449],1,-1,-1,-1,-1
34655,[0.4079436  0.57931286],5,0,"[0.383291892093257, 0.5586820702346661]",1715,-1
34656,[0.27312084 0.65196403],7,7,"[0.2817018170798153, 0.5849768676672948]",-1,-1
34657,[0.34099532 0.64387319],3,-1,-1,900,-1
34658,[0.14787467 0.23548528],0,-1,-1,-1,-1
34659,[0.42488675 0.48833328],3,-1,-1,-1,-1
34660,[0.64149585 0.54198198],9,-1,-1,1116,-1
34661,[0.70179649 0.55609518],9,-1,-1,563,-1
34662,[0.89608817 0.70261974],1,-1,-1,-1,-1
34663,[0.6780151  0.72363357],1,-1,-1,-1,0
34664,[0.30098855 0.30410363],0,5,"[0.23231087327800656, 0.30304944505444303]",-1,-1
34665,[0.28009252 0.45775817],2,8,"[0.27392971195344684, 0.45973140540928376]",-1,-1
34666,[0.31463524 0.38308369],6,-1,-1,1420,-1
34667,[0.2495565  0.42486046],7,8,"[0.27392971195344684, 0.45973140540928376]",-1,-1
34668,[0.52858957 0.52528282],5,6,"[0.5164739970238864, 0.5319253761973344]",1165,3
34669,[0.66826938 0.71640553],1,-1,-1,253,-1
34670,[0.5730383  0.53611312],5,6,"[0.5164739970238864, 0.5319253761973344]",1400,6
34671,[0.18758725 0.497436  ],4,-1,-1,215,-1
34672,[0.33156497 0.59377237],4,7,"[0.2817018170798153, 0.5849768676672948]",1942,-1
34673,[0.57298436 0.6098096 ],9,2,"[0.5921204552873188, 0.6383928111301557]",1415,6
34674,[0.45640681 0.50245177],3,6,"[0.5164739970238864, 0.5319253761973344]",753,-1
34675,[0.39995751 0.59932344],3,0,"[0.383291892093257, 0.5586820702346661]",1724,-1
34676,[0.37529314 0.51002164],7,0,"[0.383291892093257, 0.5586820702346661]",1764,-1
34677,[0.56687155 0.61073778],9,2,"[0.5921204552873188, 0.6383928111301557]",-1,-1
34678,[0.62164724 0.52451586],8,-1,-1,863,-1
34679,[0.56539457 0.6556846 ],9,2,"[0.5921204552873188, 0.6383928111301557]",1045,-1
34680,[0.43178715 0.47129276],7,-1,-1,-1,-1
34681,[0.67960669 0.40154838],8,-1,-1,-1,-1
34682,[0.24634402 0.31570231],2,5,"[0.23231087327800656, 0.30304944505444303]",-1,-1
34683,[0.66411913 0.40226293],8,-1,-1,-1,-1
34684,[0.44347805 0.52175354],3,-1,-1,1435,-1
34685,[0.36598694 0.56319439],3,0,"[0.383291892093257, 0.5586820702346661]",1856,12
34686,[0.75347228 0.42054835],8,-1,-1,-1,-1
34687,[0.27403922 0.38841484],7,-1,-1,-1,-1
34688,[0.23171994 0.51686099],7,-1,-1,-1,-1
34689,[0.14668076 0.4861282 ],7,-1,-1,-1,-1
34690,[0.25773043 0.57636734],4,7,"[0.2817018170798153, 0.5849768676672948]",1562,-1
34691,[0.13697404 0.47988262],7,-1,-1,-1,-1
34692,[0.70703066 0.6144229 ],9,-1,-1,-1,-1
34693,[0.31402263 0.35412824],2,-1,-1,1633,8
34694,[0.41027347 0.54880775],5,0,"[0.383291892093257, 0.5586820702346661]",-1,-1
34695,[0.81210306 0.80268116],1,-1,-1,177,0
34696,[0.48826914 0.6248734 ],9,-1,-1,647,-1
34697,[0.260971   0.23482894],0,9,"[0.3110394802231661, 0.23517199738277297]",1137,-1
34698,[0.48377353 0.62207166],9,-1,-1,-1,-1
34699,[0.72623537 0.67219409],1,-1,-1,-1,0
34700,[0.41234608 0.2909261 ],6,1,"[0.3897435781344088, 0.3417040596068965]",923,-1
34701,[0.60802185 0.4159324 ],8,-1,-1,164,-1
34702,[0.24135257 0.47821203],7,8,"[0.27392971195344684, 0.45973140540928376]",1707,-1
34703,[0.27782039 0.45124003],7,8,"[0.27392971195344684, 0.45973140540928376]",-1,-1
34704,[0.20715721 0.51349727],4,-1,-1,-1,-1
34705,[0.59013636 0.46599   ],5,-1,-1,608,-1
34706,[0.82707291 0.74031991],1,4,"[0.7726811996944247, 0.7249303226766757]",-1,0
34707,[0.35289474 0.53175626],3,0,"[0.383291892093257, 0.5586820702346661]",-1,-1
34708,[0.65722374 0.64203029],9,2,"[0.5921204552873188, 0.6383928111301557]",-1,-1
34709,[0.3815363  0.59534333],3,0,"[0.383291892093257, 0.5586820702346661]",-1,-1
34710,[0.40971381 0.35269622],6,1,"[0.3897435781344088, 0.3417040596068965]",986,-1
34711,[0.49711888 0.52102208],5,6,"[0.5164739970238864, 0.5319253761973344]",936,-1
34712,[0.38179698 0.27240992],6,1,"[0.3897435781344088, 0.3417040596068965]",1073,-1
34713,[0.85369327 0.71734804],1,-1,-1,313,0
34714,[0.30199561 0.60938003],7,7,"[0.2817018170798153, 0.5849768676672948]",1268,-1
34715,[0.66552492 0.67178327],1,-1,-1,638,-1
34716,[0.37960035 0.6368735 ],3,-1,-1,-1,-1
34717,[0.29655829 0.36925616],2,-1,-1,1594,-1
34718,[0.57016006 0.63095415],9,2,"[0.5921204552873188, 0.6383928111301557]",1286,-1
34719,[0.42951946 0.39152958],6,1,"[0.3897435781344088, 0.3417040596068965]",-1,-1
34720,[0.44094359 0.3688585 ],6,1,"[0.3897435781344088, 0.3417040596068965]",553,-1
34721,[0.23838628 0.63540016],4,7,"[0.2817018170798153, 0.5849768676672948]",-1,-1
34722,[0.56342729 0.40728241],8,-1,-1,114,-1
34723,[0.45490714 0.58016262],4,-1,-1,1223,-1
34724,[0.40300183 0.30834273],6,1,"[0.3897435781344088, 0.3417040596068965]",930,-1
34725,[0.32004643 0.29375224],0,9,"[0.3110394802231661, 0.23517199738277297]",-1,-1
34726,[0.2776542  0.56351459],4,7,"[0.2817018170798153, 0.5849768676672948]",1879,13
34727,[0.79416296 0.70181115],1,4,"[0.7726811996944247, 0.7249303226766757]",-1,0
34728,[0.52835294 0.65004487],9,2,"[0.5921204552873188, 0.6383928111301557]",1199,-1
34729,[0.31321306 0.25078548],6,9,"[0.3110394802231661, 0.23517199738277297]",-1,-1
34730,[0.6428835  0.39696531],8,-1,-1,-1,-1
34731,[0.3120775  0.30667719],0,-1,-1,1647,-1
34732,[0.64761702 0.47097362],8,3,"[0.6815204869410737, 0.47689852788858716]",824,1
34733,[0.70965419 0.70205447],9,4,"[0.7726811996944247, 0.7249303226766757]",-1,0
34734,[0.83688125 0.78101405],1,-1,-1,259,0
34735,[0.32859916 0.22311043],6,9,"[0.3110394802231661, 0.23517199738277297]",969,-1
34736,[0.70826197 0.67148792],1,-1,-1,-1,0
34737,[0.31742566 0.54543189],7,7,"[0.2817018170798153, 0.5849768676672948]",-1,17
34738,[0.45789687 0.72940144],5,-1,-1,-1,-1
34739,[0.30761651 0.48829194],4,8,"[0.27392971195344684, 0.45973140540928376]",1873,-1
34740,[0.25764016 0.30593829],0,5,"[0.23231087327800656, 0.30304944505444303]",-1,-1
34741,[0.71512964 0.73882601],1,4,"[0.7726811996944247, 0.7249303226766757]",-1,0
34742,[0.7462594  0.64604111],1,-1,-1,310,0
34743,[0.60532125 0.61113379],9,2,"[0.5921204552873188, 0.6383928111301557]",1301,-1
34744,[0.67476559 0.50321968],8,3,"[0.6815204869410737, 0.47689852788858716]",827,-1
34745,[0.21887596 0.42726212],7,8,"[0.27392971195344684, 0.45973140540928376]",332,-1
34746,[0.31039129 0.30031394],2,9,"[0.3110394802231661, 0.23517199738277297]",1614,11
34747,[0.23714776 0.49585569],7,8,"[0.27392971195344684, 0.45973140540928376]",1280,-1
34748,[0.39437589 0.49108272],7,0,"[0.383291892093257, 0.5586820702346661]",-1,-1
34749,[0.62863969 0.54785826],9,-1,-1,1100,-1
34750,[0.34061428 0.4742203 ],6,8,"[0.27392971195344684, 0.45973140540928376]",1757,-1
34751,[0.29435059 0.58270981],7,7,"[0.2817018170798153, 0.5849768676672948]",1840,-1
34752,[0.24817728 0.44161282],7,8,"[0.27392971195344684, 0.45973140540928376]",-1,-1
34753,[0.44584436 0.48557124],3,-1,-1,-1,-1
34754,[0.30978872 0.25277135],0,9,"[0.3110394802231661, 0.23517199738277297]",1499,-1
34755,[0.31479753 0.57197746],4,7,"[0.2817018170798153, 0.5849768676672948]",-1,-1
34756,[0.62793867 0.67673609],9,2,"[0.5921204552873188, 0.6383928111301557]",660,-1
34757,[0.69691041 0.61263724],9,-1,-1,-1,-1
34758,[0.33013135 0.42790679],7,8,"[0.27392971195344684, 0.45973140540928376]",-1,-1
34759,[0.46536349 0.59496286],4,-1,-1,1235,4
34760,[0.31556692 0.4843522 ],4,8,"[0.27392971195344684, 0.45973140540928376]",-1,-1
34761,[0.56995794 0.49182107],8,6,"[0.5164739970238864, 0.5319253761973344]",848,-1
34762,[0.37817233 0.52380962],7,0,"[0.383291892093257, 0.5586820702346661]",-1,-1
34763,[0.32768417 0.46885838],4,8,"[0.27392971195344684, 0.45973140540928376]",1523,-1
34764,[0.36011633 0.57935198],4,0,"[0.383291892093257, 0.5586820702346661]",-1,12
34765,[0.31277566 0.69958862],7,-1,-1,-1,-1
34766,[0.31282714 0.54718036],4,7,"[0.2817018170798153, 0.5849768676672948]",1988,17
34767,[0.22543331 0.46854793],7,8,"[0.27392971195344684, 0.45973140540928376]",724,-1
34768,[0.40301172 0.57474262],3,0,"[0.383291892093257, 0.5586820702346661]",-1,-1
34769,[0.56429805 0.44411355],8,-1,-1,249,-1
34770,[0.4001692  0.25119301],6,-1,-1,849,-1
34771,[0.30671801 0.32205843],2,-1,-1,-1,-1
34772,[0.23158478 0.2229849 ],0,-1,-1,-1,-1
34773,[0.53163628 0.60215706],5,-1,-1,1203,-1
34774,[0.27403038 0.60014791],4,7,"[0.2817018170798153, 0.5849768676672948]",-1,-1
34775,[0.22544658 0.58567502],7,7,"[0.2817018170798153, 0.5849768676672948]",380,-1
34776,[0.37755298 0.53830273],4,0,"[0.383291892093257, 0.5586820702346661]",1813,-1
34777,[0.40423538 0.5051304 ],4,0,"[0.383291892093257, 0.5586820702346661]",-1,-1
34778,[0.58302327 0.6050868 ],9,2,"[0.5921204552873188, 0.6383928111301557]",1424,-1
34779,[0.20673266 0.25727914],2,5,"[0.23231087327800656, 0.30304944505444303]",-1,-1
34780,[0.49253656 0.60905044],5,-1,-1,918,-1
34781,[0.71481797 0.52532714],8,3,"[0.6815204869410737, 0.47689852788858716]",569,-1
34782,[0.20788183 0.53742609],7,-1,-1,-1,-1
34783,[0.40650707 0.49381966],4,0,"[0.383291892093257, 0.5586820702346661]",1456,-1
34784,[0.71840506 0.7147889 ],1,4,"[0.7726811996944247, 0.7249303226766757]",349,0
34785,[0.31691859 0.55181121],4,7,"[0.2817018170798153, 0.5849768676672948]",-1,17
34786,[0.27153728 0.30075332],0,5,"[0.23231087327800656, 0.30304944505444303]",-1,-1
34787,[0.27664465 0.43301721],7,8,"[0.27392971195344684, 0.45973140540928376]",1236,-1
34788,[0.36257791 0.2681573 ],6,9,"[0.3110394802231661, 0.23517199738277297]",1156,-1
34789,[0.29526756 0.54851316],4,7,"[0.2817018170798153, 0.5849768676672948]",1838,-1
34790,[0.26678191 0.45199331],0,8,"[0.27392971195344684, 0.45973140540928376]",1247,-1
34791,[0.3014894  0.47796833],4,8,"[0.27392971195344684, 0.45973140540928376]",-1,-1
34792,[0.53175389 0.59185468],5,6,"[0.5164739970238864, 0.5319253761973344]",-1,-1
34793,[0.28177357 0.423246  ],2,8,"[0.27392971195344684, 0.45973140540928376]",-1,-1
34794,[0.53745757 0.64202088],9,2,"[0.5921204552873188, 0.6383928111301557]",-1,-1
34795,[0.2403992  0.59031368],7,7,"[0.2817018170798153, 0.5849768676672948]",-1,-1
34796,[0.69552213 0.42828847],8,3,"[0.6815204869410737, 0.47689852788858716]",597,-1
34797,[0.38952595 0.3567925 ],6,1,"[0.3897435781344088, 0.3417040596068965]",-1,-1
34798,[0.63865003 0.72725298],9,-1,-1,282,-1
34799,[0.75129985 0.72569874],1,4,"[0.7726811996944247, 0.7249303226766757]",466,0
34800,[0.2751082 0.3521147],2,5,"[0.23231087327800656, 0.30304944505444303]",1550,-1
34801,[0.80815229 0.71011732],1,4,"[0.7726811996944247, 0.7249303226766757]",-1,0
34802,[0.33437463 0.41614489],2,-1,-1,917,-1
34803,[0.32291847 0.52586998],3,0,"[0.383291892093257, 0.5586820702346661]",1943,-1
34804,[0.81876166 0.72977962],1,4,"[0.7726811996944247, 0.7249303226766757]",456,0
34805,[0.35837588 0.27499204],2,9,"[0.3110394802231661, 0.23517199738277297]",1156,-1
34806,[0.54121629 0.67058006],5,2,"[0.5921204552873188, 0.6383928111301557]",-1,-1
34807,[0.73420368 0.66158611],1,-1,-1,356,0
34808,[0.45696774 0.59758727],3,-1,-1,1238,4
34809,[0.22473882 0.52598437],7,-1,-1,-1,-1
34810,[0.43465849 0.6380298 ],3,-1,-1,-1,-1
34811,[0.458985   0.49975555],3,6,"[0.5164739970238864, 0.5319253761973344]",753,-1
34812,[0.22443475 0.47244745],7,8,"[0.27392971195344684, 0.45973140540928376]",724,-1
34813,[0.38561835 0.6238443 ],3,0,"[0.383291892093257, 0.5586820702346661]",894,-1
34814,[0.27088564 0.68670616],3,-1,-1,-1,-1
34815,[0.45065579 0.27752851],6,-1,-1,720,-1
34816,[0.74305436 0.68868834],1,4,"[0.7726811996944247, 0.7249303226766757]",440,0
34817,[0.41004292 0.34557856],6,1,"[0.3897435781344088, 0.3417040596068965]",-1,-1
34818,[0.55882736 0.53016692],5,6,"[0.5164739970238864, 0.5319253761973344]",1390,-1
34819,[0.22535645 0.30921133],2,5,"[0.23231087327800656, 0.30304944505444303]",1486,-1
34820,[0.73062113 0.42959549],8,3,"[0.6815204869410737, 0.47689852788858716]",317,-1
34821,[0.13143643 0.18331251],0,-1,-1,-1,-1
34822,[0.71157875 0.47925847],8,3,"[0.6815204869410737, 0.47689852788858716]",791,-1
34823,[0.68541491 0.50819134],8,3,"[0.6815204869410737, 0.47689852788858716]",-1,-1
34824,[0.23306818 0.5686406 ],4,7,"[0.2817018170798153, 0.5849768676672948]",1358,-1
34825,[0.45339628 0.36791432],6,1,"[0.3897435781344088, 0.3417040596068965]",-1,-1
34826,[0.60469493 0.60930965],9,2,"[0.5921204552873188, 0.6383928111301557]",1301,-1
34827,[0.37192899 0.30560992],6,1,"[0.3897435781344088, 0.3417040596068965]",1472,-1
34828,[0.62683108 0.64545949],9,2,"[0.5921204552873188, 0.6383928111301557]",1163,-1
34829,[0.32044719 0.23172116],0,9,"[0.3110394802231661, 0.23517199738277297]",-1,-1
34830,[0.38754072 0.54546595],3,0,"[0.383291892093257, 0.5586820702346661]",-1,-1
34831,[0.37644963 0.63820283],3,-1,-1,785,-1
34832,[0.51045654 0.50528969],5,6,"[0.5164739970238864, 0.5319253761973344]",661,-1
34833,[0.5260745  0.71246075],9,-1,-1,295,-1
34834,[0.6262888  0.66192463],9,2,"[0.5921204552873188, 0.6383928111301557]",711,-1
34835,[0.50313007 0.48905651],5,6,"[0.5164739970238864, 0.5319253761973344]",605,-1
34836,[0.37607215 0.3331896 ],6,1,"[0.3897435781344088, 0.3417040596068965]",1476,-1
34837,[0.73902477 0.59198199],9,-1,-1,-1,-1
34838,[0.7427429  0.37433698],8,-1,-1,60,-1
34839,[0.25018037 0.31110082],2,5,"[0.23231087327800656, 0.30304944505444303]",-1,-1
34840,[0.56371652 0.49762073],5,6,"[0.5164739970238864, 0.5319253761973344]",-1,-1
34841,[0.37001718 0.59660175],3,0,"[0.383291892093257, 0.5586820702346661]",-1,-1
34842,[0.69245296 0.51810044],8,3,"[0.6815204869410737, 0.47689852788858716]",786,-1
34843,[0.57774777 0.55453553],9,6,"[0.5164739970238864, 0.5319253761973344]",-1,-1
34844,[0.31902604 0.33486165],6,-1,-1,1615,-1
34845,[0.79358547 0.7129431 ],1,4,"[0.7726811996944247, 0.7249303226766757]",478,0
34846,[0.19255816 0.40480752],7,-1,-1,201,-1
34847,[0.51844066 0.58060701],9,6,"[0.5164739970238864, 0.5319253761973344]",1384,-1
34848,[0.57830335 0.79243664],9,-1,-1,-1,-1
34849,[0.71502516 0.42265843],8,3,"[0.6815204869410737, 0.47689852788858716]",443,-1
34850,[0.36197653 0.38573999],6,1,"[0.3897435781344088, 0.3417040596068965]",-1,-1
34851,[0.40320343 0.67563834],3,-1,-1,-1,-1
34852,[0.71606471 0.38477697],8,-1,-1,149,-1
34853,[0.40201724 0.28431189],6,1,"[0.3897435781344088, 0.3417040596068965]",1043,-1
34854,[0.7352121  0.72366948],1,4,"[0.7726811996944247, 0.7249303226766757]",-1,0
34855,[0.75613689 0.44086783],8,-1,-1,-1,-1
34856,[0.50057564 0.68114753],5,-1,-1,-1,-1
34857,[0.77933191 0.7129987 ],1,4,"[0.7726811996944247, 0.7249303226766757]",477,0
34858,[0.5689432  0.59004652],9,2,"[0.5921204552873188, 0.6383928111301557]",1437,6
34859,[0.28550178 0.356327  ],6,-1,-1,-1,-1
34860,[0.61127969 0.61285031],9,2,"[0.5921204552873188, 0.6383928111301557]",-1,-1
34861,[0.26642124 0.5590276 ],4,7,"[0.2817018170798153, 0.5849768676672948]",-1,-1
34862,[0.58479885 0.39106574],8,-1,-1,-1,-1
34863,[0.3532464  0.29754067],2,1,"[0.3897435781344088, 0.3417040596068965]",-1,-1
34864,[0.21373313 0.30102564],0,5,"[0.23231087327800656, 0.30304944505444303]",909,-1
34865,[0.55016876 0.43624784],8,-1,-1,-1,-1
34866,[0.35712872 0.39093368],6,1,"[0.3897435781344088, 0.3417040596068965]",993,-1
34867,[0.37951522 0.51480763],7,0,"[0.383291892093257, 0.5586820702346661]",-1,-1
34868,[0.54038943 0.55564067],5,6,"[0.5164739970238864, 0.5319253761973344]",1406,6
34869,[0.64469082 0.51142334],8,3,"[0.6815204869410737, 0.47689852788858716]",866,-1
34870,[0.23788534 0.5194641 ],7,8,"[0.27392971195344684, 0.45973140540928376]",-1,-1
34871,[0.33636469 0.36753778],6,1,"[0.3897435781344088, 0.3417040596068965]",1349,-1
34872,[0.219884   0.26792219],0,5,"[0.23231087327800656, 0.30304944505444303]",1024,-1
34873,[0.29140208 0.48498404],4,8,"[0.27392971195344684, 0.45973140540928376]",-1,-1
34874,[0.30119727 0.39343925],2,-1,-1,1067,-1
34875,[0.33333055 0.24694438],0,9,"[0.3110394802231661, 0.23517199738277297]",1489,-1
34876,[0.28888299 0.22050404],0,9,"[0.3110394802231661, 0.23517199738277297]",1071,-1
34877,[0.41162401 0.3170609 ],6,1,"[0.3897435781344088, 0.3417040596068965]",911,-1
34878,[0.27406232 0.39852526],2,8,"[0.27392971195344684, 0.45973140540928376]",1018,-1
34879,[0.24155101 0.41789049],2,8,"[0.27392971195344684, 0.45973140540928376]",691,-1
34880,[0.39713445 0.51513685],3,0,"[0.383291892093257, 0.5586820702346661]",1634,-1
34881,[0.56383103 0.56035076],9,6,"[0.5164739970238864, 0.5319253761973344]",1362,-1
34882,[0.24122733 0.58971071],4,7,"[0.2817018170798153, 0.5849768676672948]",-1,-1
34883,[0.55064264 0.71781415],9,-1,-1,245,-1
34884,[0.22273071 0.24850978],0,5,"[0.23231087327800656, 0.30304944505444303]",-1,-1
34885,[0.75353372 0.76727236],1,4,"[0.7726811996944247, 0.7249303226766757]",-1,0
34886,[0.59114797 0.62578394],9,2,"[0.5921204552873188, 0.6383928111301557]",1343,6
34887,[0.4706631  0.31764551],6,-1,-1,-1,-1
34888,[0.29805612 0.42280484],2,8,"[0.27392971195344684, 0.45973140540928376]",1074,-1
34889,[0.28774253 0.26235262],0,9,"[0.3110394802231661, 0.23517199738277297]",1609,-1
34890,[0.68952531 0.72219015],1,-1,-1,-1,0
34891,[0.60971852 0.53750573],8,-1,-1,1246,-1
34892,[0.41493188 0.57301679],5,0,"[0.383291892093257, 0.5586820702346661]",-1,-1
34893,[0.49720617 0.49535636],5,6,"[0.5164739970238864, 0.5319253761973344]",603,-1
34894,[0.29458202 0.29806204],6,5,"[0.23231087327800656, 0.30304944505444303]",-1,11
34895,[0.44132223 0.51238655],4,-1,-1,1059,-1
34896,[0.66026354 0.65144662],9,2,"[0.5921204552873188, 0.6383928111301557]",-1,-1
34897,[0.77690539 0.82605786],1,-1,-1,163,-1
34898,[0.65759626 0.7069366 ],9,-1,-1,489,-1
34899,[0.31561317 0.62666572],7,7,"[0.2817018170798153, 0.5849768676672948]",-1,-1
34900,[0.4196251  0.58697433],3,0,"[0.383291892093257, 0.5586820702346661]",-1,-1
34901,[0.69234567 0.51996389],8,3,"[0.6815204869410737, 0.47689852788858716]",786,-1
34902,[0.69648056 0.66501535],1,-1,-1,414,0
34903,[0.41254506 0.30017626],6,1,"[0.3897435781344088, 0.3417040596068965]",889,-1
34904,[0.75402313 0.72611007],1,4,"[0.7726811996944247, 0.7249303226766757]",466,0
34905,[0.78603992 0.78161062],1,4,"[0.7726811996944247, 0.7249303226766757]",-1,0
34906,[0.48403694 0.60904333],9,-1,-1,737,-1
34907,[0.19700735 0.56817803],7,-1,-1,262,-1
34908,[0.66733481 0.47707305],8,3,"[0.6815204869410737, 0.47689852788858716]",-1,-1
34909,[0.24421078 0.58501281],4,7,"[0.2817018170798153, 0.5849768676672948]",-1,-1
34910,[0.36061635 0.30097976],6,1,"[0.3897435781344088, 0.3417040596068965]",-1,-1
34911,[0.54880404 0.66549602],9,2,"[0.5921204552873188, 0.6383928111301557]",-1,-1
34912,[0.29562674 0.32647776],2,5,"[0.23231087327800656, 0.30304944505444303]",-1,-1
34913,[0.49949164 0.36940992],6,-1,-1,-1,-1
34914,[0.76406104 0.46556849],8,-1,-1,-1,-1
34915,[0.2699989  0.21580229],0,9,"[0.3110394802231661, 0.23517199738277297]",-1,-1
34916,[0.44886812 0.60502426],3,-1,-1,-1,-1
34917,[0.30274565 0.48413198],7,8,"[0.27392971195344684, 0.45973140540928376]",-1,-1
34918,[0.23008927 0.36904459],6,5,"[0.23231087327800656, 0.30304944505444303]",1085,-1
34919,[0.22473613 0.46525032],4,8,"[0.27392971195344684, 0.45973140540928376]",724,-1
34920,[0.69578484 0.53130443],8,3,"[0.6815204869410737, 0.47689852788858716]",-1,-1
34921,[0.3141933 0.5579916],3,7,"[0.2817018170798153, 0.5849768676672948]",-1,-1
34922,[0.33948435 0.62587034],3,-1,-1,1695,-1
34923,[0.79582931 0.6562569 ],1,-1,-1,328,0
34924,[0.31968104 0.49138482],7,8,"[0.27392971195344684, 0.45973140540928376]",-1,-1
34925,[0.63733999 0.60811499],9,2,"[0.5921204552873188, 0.6383928111301557]",613,-1
34926,[0.87178828 0.82457262],1,-1,-1,-1,-1
34927,[0.74237506 0.67052579],1,4,"[0.7726811996944247, 0.7249303226766757]",376,0
34928,[0.67318189 0.618554  ],9,-1,-1,299,-1
34929,[0.39056418 0.33491753],6,1,"[0.3897435781344088, 0.3417040596068965]",-1,-1
34930,[0.55516802 0.57117882],9,6,"[0.5164739970238864, 0.5319253761973344]",-1,6
34931,[0.28117491 0.4830867 ],7,8,"[0.27392971195344684, 0.45973140540928376]",1728,-1
34932,[0.28250815 0.26875103],0,9,"[0.3110394802231661, 0.23517199738277297]",1627,-1
34933,[0.7599409  0.74659645],1,4,"[0.7726811996944247, 0.7249303226766757]",430,0
34934,[0.50921045 0.58912829],5,6,"[0.5164739970238864, 0.5319253761973344]",-1,-1
34935,[0.30991775 0.3763506 ],6,-1,-1,1423,-1
34936,[0.47799689 0.51853741],5,6,"[0.5164739970238864, 0.5319253761973344]",1002,-1
34937,[0.32514077 0.33893744],7,1,"[0.3897435781344088, 0.3417040596068965]",-1,-1
34938,[0.8301943  0.76775974],1,-1,-1,314,0
34939,[0.53968595 0.66760527],9,2,"[0.5921204552873188, 0.6383928111301557]",943,-1
34940,[0.25314306 0.60915373],3,7,"[0.2817018170798153, 0.5849768676672948]",-1,-1
34941,[0.38032224 0.4192304 ],6,-1,-1,-1,-1
34942,[0.50250593 0.57229353],5,6,"[0.5164739970238864, 0.5319253761973344]",1380,-1
34943,[0.29341967 0.59497068],7,7,"[0.2817018170798153, 0.5849768676672948]",-1,-1
34944,[0.43609602 0.36118749],6,1,"[0.3897435781344088, 0.3417040596068965]",-1,-1
34945,[0.3761495  0.61401427],4,0,"[0.383291892093257, 0.5586820702346661]",1513,-1
34946,[0.37183307 0.27626627],6,1,"[0.3897435781344088, 0.3417040596068965]",1170,-1
34947,[0.32534743 0.27287716],0,9,"[0.3110394802231661, 0.23517199738277297]",1504,-1
34948,[0.66727057 0.62572403],9,-1,-1,-1,-1
34949,[0.43925056 0.56062741],5,0,"[0.383291892093257, 0.5586820702346661]",1283,-1
34950,[0.50930015 0.63919278],9,-1,-1,938,-1
34951,[0.24674338 0.34303319],0,5,"[0.23231087327800656, 0.30304944505444303]",1565,-1
34952,[0.28251186 0.55414606],4,7,"[0.2817018170798153, 0.5849768676672948]",1917,-1
34953,[0.28984342 0.6261597 ],3,7,"[0.2817018170798153, 0.5849768676672948]",1040,-1
34954,[0.5466723  0.74958658],9,-1,-1,-1,-1
34955,[0.29139078 0.23469002],0,9,"[0.3110394802231661, 0.23517199738277297]",1370,-1
34956,[0.39537379 0.66648753],3,-1,-1,-1,-1
34957,[0.68415588 0.49380899],9,3,"[0.6815204869410737, 0.47689852788858716]",-1,2
34958,[0.69094153 0.39078053],8,-1,-1,217,-1
34959,[0.34537451 0.48030509],7,-1,-1,1891,-1
34960,[0.4300088  0.34566586],2,1,"[0.3897435781344088, 0.3417040596068965]",794,-1
34961,[0.32467925 0.25057012],0,9,"[0.3110394802231661, 0.23517199738277297]",1489,-1
34962,[0.26028908 0.50189494],7,8,"[0.27392971195344684, 0.45973140540928376]",-1,-1
34963,[0.21959593 0.17880272],0,-1,-1,-1,-1
34964,[0.35397888 0.32879391],2,1,"[0.3897435781344088, 0.3417040596068965]",-1,-1
34965,[0.28666831 0.56404224],7,7,"[0.2817018170798153, 0.5849768676672948]",-1,13
34966,[0.52193928 0.58344984],5,6,"[0.5164739970238864, 0.5319253761973344]",-1,6
34967,[0.36368224 0.65707422],4,-1,-1,576,-1
34968,[0.36894788 0.57883611],4,0,"[0.383291892093257, 0.5586820702346661]",1866,12
34969,[0.39762661 0.28862657],6,1,"[0.3897435781344088, 0.3417040596068965]",-1,-1
34970,[0.26558287 0.22244598],0,9,"[0.3110394802231661, 0.23517199738277297]",987,-1
34971,[0.69871035 0.69536488],1,-1,-1,335,0
34972,[0.31797143 0.4845635 ],7,8,"[0.27392971195344684, 0.45973140540928376]",1869,-1
34973,[0.20065075 0.14952574],0,-1,-1,12,-1
34974,[0.37579834 0.58316385],7,0,"[0.383291892093257, 0.5586820702346661]",1867,12
34975,[0.19942619 0.19055393],0,-1,-1,227,-1
34976,[0.79583874 0.71289747],1,4,"[0.7726811996944247, 0.7249303226766757]",478,0
34977,[0.35558392 0.61534202],4,0,"[0.383291892093257, 0.5586820702346661]",1821,-1
34978,[0.71781412 0.64475248],9,-1,-1,-1,0
34979,[0.51657839 0.55017039],5,6,"[0.5164739970238864, 0.5319253761973344]",-1,-1
34980,[0.30532307 0.38377818],2,-1,-1,-1,-1
34981,[0.17668358 0.53574381],7,-1,-1,-1,-1
34982,[0.40854219 0.66784753],3,-1,-1,-1,-1
34983,[0.26733245 0.35521265],2,5,"[0.23231087327800656, 0.30304944505444303]",1564,-1
34984,[0.46814584 0.611448  ],5,-1,-1,907,-1
34985,[0.49342861 0.3559468 ],6,-1,-1,208,-1
34986,[0.44416185 0.54718619],3,0,"[0.383291892093257, 0.5586820702346661]",-1,-1
34987,[0.29203565 0.29333623],2,5,"[0.23231087327800656, 0.30304944505444303]",1689,11
34988,[0.29836315 0.67421942],4,-1,-1,-1,-1
34989,[0.50476263 0.62588268],9,-1,-1,-1,-1
34990,[0.6276507  0.63932417],9,2,"[0.5921204552873188, 0.6383928111301557]",1162,-1
34991,[0.35454375 0.52800045],4,0,"[0.383291892093257, 0.5586820702346661]",-1,-1
34992,[0.75001936 0.58629912],1,-1,-1,-1,-1
34993,[0.56267003 0.61135273],9,2,"[0.5921204552873188, 0.6383928111301557]",-1,-1
34994,[0.50262988 0.45025449],5,-1,-1,223,-1
34995,[0.69446939 0.72822067],1,-1,-1,322,0
34996,[0.58390903 0.55748083],5,-1,-1,1254,-1
34997,[0.35686789 0.37087222],2,1,"[0.3897435781344088, 0.3417040596068965]",-1,-1
34998,[0.41508379 0.55556963],3,0,"[0.383291892093257, 0.5586820702346661]",-1,-1
34999,[0.69919131 0.40408084],8,-1,-1,-1,-1
35000,[0.21907703 0.31611868],2,5,"[0.23231087327800656, 0.30304944505444303]",1340,-1
35001,[0.59337074 0.64667586],5,2,"[0.5921204552873188, 0.6383928111301557]",-1,-1
35002,[0.29910188 0.39693427],2,8,"[0.27392971195344684, 0.45973140540928376]",1067,-1
35003,[0.32858619 0.34766482],2,1,"[0.3897435781344088, 0.3417040596068965]",-1,-1
35004,[0.3840628  0.37469309],6,1,"[0.3897435781344088, 0.3417040596068965]",-1,-1
35005,[0.64795084 0.66777334],9,2,"[0.5921204552873188, 0.6383928111301557]",641,-1
35006,[0.34619394 0.43984054],2,-1,-1,-1,-1
35007,[0.29809985 0.45595295],7,8,"[0.27392971195344684, 0.45973140540928376]",1374,-1
35008,[0.38741929 0.45181214],7,-1,-1,-1,-1
35009,[0.70921402 0.47400665],8,3,"[0.6815204869410737, 0.47689852788858716]",-1,-1
35010,[0.68657049 0.38636063],8,-1,-1,-1,-1
35011,[0.15415321 0.25753134],0,-1,-1,-1,-1
35012,[0.2028803  0.44428328],7,-1,-1,-1,-1
35013,[0.28034274 0.36185427],2,-1,-1,1260,-1
35014,[0.36162943 0.58718915],4,0,"[0.383291892093257, 0.5586820702346661]",1847,12
35015,[0.68887328 0.63461906],1,-1,-1,493,-1
35016,[0.56134841 0.53061003],8,6,"[0.5164739970238864, 0.5319253761973344]",1389,6
35017,[0.72993167 0.46055315],8,3,"[0.6815204869410737, 0.47689852788858716]",778,-1
35018,[0.79274103 0.67432848],1,4,"[0.7726811996944247, 0.7249303226766757]",-1,0
35019,[0.29518913 0.57282246],3,7,"[0.2817018170798153, 0.5849768676672948]",-1,-1
35020,[0.38107318 0.45522581],7,-1,-1,855,-1
35021,[0.67917289 0.64646117],9,-1,-1,490,-1
35022,[0.75872333 0.67080371],1,4,"[0.7726811996944247, 0.7249303226766757]",-1,0
35023,[0.28960673 0.51379636],3,8,"[0.27392971195344684, 0.45973140540928376]",1914,14
35024,[0.4951539  0.34199076],6,-1,-1,168,-1
35025,[0.66057047 0.63138622],9,2,"[0.5921204552873188, 0.6383928111301557]",580,-1
35026,[0.34122446 0.4746855 ],7,8,"[0.27392971195344684, 0.45973140540928376]",1757,-1
35027,[0.30756295 0.59128574],4,7,"[0.2817018170798153, 0.5849768676672948]",1820,-1
35028,[0.58646276 0.61900354],5,2,"[0.5921204552873188, 0.6383928111301557]",1418,6
35029,[0.79575143 0.43651893],8,-1,-1,-1,-1
35030,[0.50948236 0.65593485],5,-1,-1,-1,-1
35031,[0.71663915 0.74045574],1,4,"[0.7726811996944247, 0.7249303226766757]",-1,0
35032,[0.24844755 0.26389407],0,5,"[0.23231087327800656, 0.30304944505444303]",1310,-1
35033,[0.63303065 0.80488869],1,-1,-1,-1,-1
35034,[0.53558259 0.52774154],5,6,"[0.5164739970238864, 0.5319253761973344]",1165,-1
35035,[0.4505192  0.37041499],6,1,"[0.3897435781344088, 0.3417040596068965]",441,-1
35036,[0.52219488 0.48687603],5,6,"[0.5164739970238864, 0.5319253761973344]",-1,-1
35037,[0.16049117 0.48941038],7,-1,-1,-1,-1
35038,[0.79458981 0.72598343],1,4,"[0.7726811996944247, 0.7249303226766757]",-1,0
35039,[0.5999165  0.63068404],9,2,"[0.5921204552873188, 0.6383928111301557]",1347,-1
35040,[0.72991087 0.77728204],1,4,"[0.7726811996944247, 0.7249303226766757]",250,0
35041,[0.85007083 0.70805689],1,-1,-1,-1,0
35042,[0.63144817 0.62437642],9,2,"[0.5921204552873188, 0.6383928111301557]",1159,-1
35043,[0.58705425 0.63668086],9,2,"[0.5921204552873188, 0.6383928111301557]",-1,-1
35044,[0.30745146 0.5899061 ],7,7,"[0.2817018170798153, 0.5849768676672948]",1820,-1
35045,[0.34436873 0.26765708],2,9,"[0.3110394802231661, 0.23517199738277297]",-1,-1
35046,[0.77311117 0.36716347],8,-1,-1,-1,-1
35047,[0.37339218 0.52543708],4,0,"[0.383291892093257, 0.5586820702346661]",1934,-1
35048,[0.45985175 0.35783641],6,-1,-1,-1,-1
35049,[0.72953574 0.74852582],1,4,"[0.7726811996944247, 0.7249303226766757]",420,0
35050,[0.55965194 0.62649941],9,2,"[0.5921204552873188, 0.6383928111301557]",1278,6
35051,[0.59331605 0.62156111],9,2,"[0.5921204552873188, 0.6383928111301557]",1343,6
35052,[0.5798303  0.65303996],9,2,"[0.5921204552873188, 0.6383928111301557]",1124,-1
35053,[0.2895595 0.2980669],0,5,"[0.23231087327800656, 0.30304944505444303]",-1,-1
35054,[0.69613037 0.520413  ],8,3,"[0.6815204869410737, 0.47689852788858716]",-1,-1
35055,[0.86043363 0.75491859],1,-1,-1,130,0
35056,[0.72455814 0.77465593],1,4,"[0.7726811996944247, 0.7249303226766757]",315,0
35057,[0.7372735  0.42671298],8,-1,-1,317,-1
35058,[0.69145847 0.5416315 ],8,3,"[0.6815204869410737, 0.47689852788858716]",-1,-1
35059,[0.76474336 0.7460523 ],1,4,"[0.7726811996944247, 0.7249303226766757]",430,0
35060,[0.29501209 0.1932512 ],2,9,"[0.3110394802231661, 0.23517199738277297]",425,-1
35061,[0.55130732 0.29411266],6,-1,-1,3,-1
35062,[0.82377205 0.74785035],1,4,"[0.7726811996944247, 0.7249303226766757]",-1,0
35063,[0.47205267 0.27880967],6,-1,-1,272,-1
35064,[0.61499057 0.48669492],8,3,"[0.6815204869410737, 0.47689852788858716]",789,-1
35065,[0.77193937 0.40810268],8,-1,-1,65,-1
35066,[0.53058541 0.60159409],5,-1,-1,1203,-1
35067,[0.27782319 0.33291279],2,5,"[0.23231087327800656, 0.30304944505444303]",1598,-1
35068,[0.44289142 0.5222435 ],3,0,"[0.383291892093257, 0.5586820702346661]",-1,-1
35069,[0.5291452  0.53725823],5,6,"[0.5164739970238864, 0.5319253761973344]",1177,-1
35070,[0.78676222 0.6961016 ],1,4,"[0.7726811996944247, 0.7249303226766757]",448,0
35071,[0.80951011 0.79494659],1,-1,-1,-1,0
35072,[0.71317778 0.49989575],9,3,"[0.6815204869410737, 0.47689852788858716]",-1,-1
35073,[0.35568474 0.60690529],3,0,"[0.383291892093257, 0.5586820702346661]",-1,-1
35074,[0.45862886 0.57935452],5,-1,-1,1232,4
35075,[0.33604848 0.54229675],4,0,"[0.383291892093257, 0.5586820702346661]",-1,-1
35076,[0.47664945 0.50223743],5,6,"[0.5164739970238864, 0.5319253761973344]",876,-1
35077,[0.32339801 0.22771517],6,9,"[0.3110394802231661, 0.23517199738277297]",968,-1
35078,[0.68178833 0.54032074],8,3,"[0.6815204869410737, 0.47689852788858716]",-1,-1
35079,[0.18800944 0.49414625],7,-1,-1,214,-1
35080,[0.46135238 0.38988578],6,-1,-1,-1,-1
35081,[0.72441474 0.4851216 ],8,3,"[0.6815204869410737, 0.47689852788858716]",-1,-1
35082,[0.39543905 0.5919325 ],4,0,"[0.383291892093257, 0.5586820702346661]",-1,-1
35083,[0.44493522 0.27195826],6,-1,-1,-1,-1
35084,[0.36804749 0.33226535],6,1,"[0.3897435781344088, 0.3417040596068965]",-1,-1
35085,[0.24705345 0.34668962],2,5,"[0.23231087327800656, 0.30304944505444303]",-1,-1
35086,[0.37811883 0.38473633],6,1,"[0.3897435781344088, 0.3417040596068965]",1006,-1
35087,[0.1972973  0.22468787],0,-1,-1,557,-1
35088,[0.33195058 0.53466697],3,0,"[0.383291892093257, 0.5586820702346661]",-1,-1
35089,[0.23444111 0.52968286],7,-1,-1,-1,-1
35090,[0.47479532 0.57308806],5,6,"[0.5164739970238864, 0.5319253761973344]",1026,-1
35091,[0.26438792 0.51337705],7,8,"[0.27392971195344684, 0.45973140540928376]",-1,-1
35092,[0.51034467 0.57410353],5,6,"[0.5164739970238864, 0.5319253761973344]",-1,6
35093,[0.38537719 0.37886619],6,1,"[0.3897435781344088, 0.3417040596068965]",-1,-1
35094,[0.66422809 0.65004374],9,-1,-1,-1,-1
35095,[0.62921426 0.51201722],8,3,"[0.6815204869410737, 0.47689852788858716]",869,-1
35096,[0.41429314 0.30040789],6,1,"[0.3897435781344088, 0.3417040596068965]",889,-1
35097,[0.33693184 0.3833373 ],2,1,"[0.3897435781344088, 0.3417040596068965]",-1,-1
35098,[0.37761976 0.45555264],6,-1,-1,-1,-1
35099,[0.24243814 0.32406863],0,5,"[0.23231087327800656, 0.30304944505444303]",1503,7
35100,[0.57073979 0.6365257 ],9,2,"[0.5921204552873188, 0.6383928111301557]",-1,-1
35101,[0.74445666 0.44086085],8,-1,-1,-1,-1
35102,[0.73358515 0.80784037],1,-1,-1,-1,0
35103,[0.24481033 0.55575966],7,7,"[0.2817018170798153, 0.5849768676672948]",1706,-1
35104,[0.34644105 0.51989481],7,0,"[0.383291892093257, 0.5586820702346661]",-1,-1
35105,[0.33210319 0.60051284],3,7,"[0.2817018170798153, 0.5849768676672948]",1864,-1
35106,[0.60555664 0.45516313],8,-1,-1,616,-1
35107,[0.5946192  0.63556941],9,2,"[0.5921204552873188, 0.6383928111301557]",1166,-1
35108,[0.29045353 0.53040862],4,7,"[0.2817018170798153, 0.5849768676672948]",1911,14
35109,[0.25357846 0.52961393],4,7,"[0.2817018170798153, 0.5849768676672948]",-1,-1
35110,[0.25908937 0.60355361],4,7,"[0.2817018170798153, 0.5849768676672948]",1646,-1
35111,[0.4074602  0.52388833],3,0,"[0.383291892093257, 0.5586820702346661]",1637,-1
35112,[0.30362222 0.49323414],7,8,"[0.27392971195344684, 0.45973140540928376]",1888,-1
35113,[0.45568752 0.56873911],3,-1,-1,-1,-1
35114,[0.25315785 0.59609777],4,7,"[0.2817018170798153, 0.5849768676672948]",755,-1
35115,[0.76884645 0.74080452],1,4,"[0.7726811996944247, 0.7249303226766757]",-1,0
35116,[0.21908176 0.28281172],2,5,"[0.23231087327800656, 0.30304944505444303]",1114,-1
35117,[0.578591   0.56098293],5,6,"[0.5164739970238864, 0.5319253761973344]",-1,-1
35118,[0.23817145 0.24404855],2,5,"[0.23231087327800656, 0.30304944505444303]",-1,-1
35119,[0.33171962 0.26249717],0,9,"[0.3110394802231661, 0.23517199738277297]",-1,-1
35120,[0.58229533 0.60623328],9,2,"[0.5921204552873188, 0.6383928111301557]",1424,-1
35121,[0.356558   0.48488272],3,-1,-1,1746,-1
35122,[0.34760816 0.50909443],7,0,"[0.383291892093257, 0.5586820702346661]",-1,-1
35123,[0.26081338 0.29201315],2,5,"[0.23231087327800656, 0.30304944505444303]",1645,-1
35124,[0.27777091 0.37692337],2,-1,-1,-1,-1
35125,[0.51989408 0.57150396],5,6,"[0.5164739970238864, 0.5319253761973344]",-1,-1
35126,[0.16120807 0.36482942],0,-1,-1,-1,-1
35127,[0.53385994 0.63352894],9,2,"[0.5921204552873188, 0.6383928111301557]",-1,-1
35128,[0.83006228 0.39760435],8,-1,-1,-1,-1
35129,[0.33708346 0.19559623],0,9,"[0.3110394802231661, 0.23517199738277297]",-1,-1
35130,[0.72173407 0.50776642],8,3,"[0.6815204869410737, 0.47689852788858716]",-1,-1
35131,[0.49500827 0.53359975],5,6,"[0.5164739970238864, 0.5319253761973344]",1186,-1
35132,[0.82559728 0.7951688 ],1,-1,-1,191,0
35133,[0.26830234 0.38219047],7,-1,-1,-1,-1
35134,[0.20891072 0.16879914],0,-1,-1,-1,-1
35135,[0.21828206 0.25234527],0,5,"[0.23231087327800656, 0.30304944505444303]",-1,-1
35136,[0.33632223 0.29255566],0,9,"[0.3110394802231661, 0.23517199738277297]",1651,-1
35137,[0.52063774 0.55659299],5,6,"[0.5164739970238864, 0.5319253761973344]",1369,-1
35138,[0.51088834 0.53421113],5,6,"[0.5164739970238864, 0.5319253761973344]",1182,3
35139,[0.83580446 0.64364361],1,-1,-1,170,0
35140,[0.33098327 0.30897202],6,1,"[0.3897435781344088, 0.3417040596068965]",1679,-1
35141,[0.33701777 0.28302554],6,9,"[0.3110394802231661, 0.23517199738277297]",-1,-1
35142,[0.23523563 0.49232843],7,8,"[0.27392971195344684, 0.45973140540928376]",1280,-1
35143,[0.49043143 0.56981209],5,6,"[0.5164739970238864, 0.5319253761973344]",1378,-1
35144,[0.52103304 0.62850821],9,-1,-1,1143,-1
35145,[0.72696937 0.51704598],8,3,"[0.6815204869410737, 0.47689852788858716]",487,-1
35146,[0.37783288 0.47602866],7,-1,-1,771,-1
35147,[0.50854063 0.55262419],5,6,"[0.5164739970238864, 0.5319253761973344]",-1,-1
35148,[0.68894554 0.51874734],8,3,"[0.6815204869410737, 0.47689852788858716]",-1,-1
35149,[0.24862844 0.55535455],7,7,"[0.2817018170798153, 0.5849768676672948]",1706,-1
35150,[0.33704967 0.23855706],6,9,"[0.3110394802231661, 0.23517199738277297]",-1,-1
35151,[0.55324905 0.59690883],9,2,"[0.5921204552873188, 0.6383928111301557]",1342,6
35152,[0.22597869 0.31005397],0,5,"[0.23231087327800656, 0.30304944505444303]",1486,-1
35153,[0.47202971 0.37222386],6,-1,-1,-1,-1
35154,[0.28758593 0.36376892],2,-1,-1,-1,-1
35155,[0.38398504 0.52994218],4,0,"[0.383291892093257, 0.5586820702346661]",1782,-1
35156,[0.82447469 0.66460484],1,-1,-1,-1,0
35157,[0.3022398  0.42398265],7,8,"[0.27392971195344684, 0.45973140540928376]",1074,-1
35158,[0.79100976 0.79872324],1,-1,-1,318,0
35159,[0.3107499 0.5587514],4,7,"[0.2817018170798153, 0.5849768676672948]",-1,-1
35160,[0.52298635 0.61842563],9,-1,-1,1146,-1
35161,[0.50343611 0.69457577],9,-1,-1,-1,-1
35162,[0.37552563 0.46116886],3,-1,-1,-1,-1
35163,[0.31396006 0.39478149],6,-1,-1,-1,-1
35164,[0.2733275  0.21219958],0,9,"[0.3110394802231661, 0.23517199738277297]",-1,-1
35165,[0.42943582 0.36096673],6,1,"[0.3897435781344088, 0.3417040596068965]",-1,-1
35166,[0.30177315 0.22849496],0,9,"[0.3110394802231661, 0.23517199738277297]",-1,-1
35167,[0.54516208 0.51401954],9,6,"[0.5164739970238864, 0.5319253761973344]",-1,-1
35168,[0.4397292  0.50514235],5,-1,-1,-1,-1
35169,[0.18642441 0.18119195],0,-1,-1,-1,-1
35170,[0.67799143 0.62339268],9,-1,-1,-1,-1
35171,[0.73530035 0.44511258],8,3,"[0.6815204869410737, 0.47689852788858716]",-1,-1
35172,[0.59318036 0.53016771],5,-1,-1,1102,-1
35173,[0.63404023 0.63355611],9,2,"[0.5921204552873188, 0.6383928111301557]",1161,-1
35174,[0.42251436 0.36163387],5,1,"[0.3897435781344088, 0.3417040596068965]",682,-1
35175,[0.42713442 0.52626056],3,0,"[0.383291892093257, 0.5586820702346661]",1430,-1
35176,[0.68242324 0.56604558],8,-1,-1,464,-1
35177,[0.24183166 0.22575756],2,9,"[0.3110394802231661, 0.23517199738277297]",-1,-1
35178,[0.32607154 0.55961907],4,7,"[0.2817018170798153, 0.5849768676672948]",1983,-1
35179,[0.48949844 0.22505108],6,-1,-1,-1,-1
35180,[0.28011562 0.2189974 ],0,9,"[0.3110394802231661, 0.23517199738277297]",1356,-1
35181,[0.63153661 0.40071928],8,-1,-1,265,-1
35182,[0.52184866 0.53146087],5,6,"[0.5164739970238864, 0.5319253761973344]",1177,3
35183,[0.81755495 0.74638625],1,4,"[0.7726811996944247, 0.7249303226766757]",-1,0
35184,[0.56076867 0.49613367],5,6,"[0.5164739970238864, 0.5319253761973344]",845,-1
35185,[0.71216806 0.53891884],8,3,"[0.6815204869410737, 0.47689852788858716]",519,-1
35186,[0.56957474 0.64397934],9,2,"[0.5921204552873188, 0.6383928111301557]",1220,-1
35187,[0.34025594 0.55597986],4,0,"[0.383291892093257, 0.5586820702346661]",-1,17
35188,[0.2414506  0.32395848],2,5,"[0.23231087327800656, 0.30304944505444303]",-1,7
35189,[0.64239033 0.65450371],9,2,"[0.5921204552873188, 0.6383928111301557]",645,-1
35190,[0.47420052 0.32970925],6,-1,-1,268,-1
35191,[0.46710458 0.34343706],6,-1,-1,-1,-1
35192,[0.25782642 0.1517991 ],0,-1,-1,140,-1
35193,[0.43590428 0.56104748],3,0,"[0.383291892093257, 0.5586820702346661]",1283,-1
35194,[0.27901851 0.19577592],0,9,"[0.3110394802231661, 0.23517199738277297]",648,-1
35195,[0.6963632  0.65337541],9,-1,-1,414,0
35196,[0.31182049 0.58735656],4,7,"[0.2817018170798153, 0.5849768676672948]",-1,-1
35197,[0.53151115 0.52738147],5,6,"[0.5164739970238864, 0.5319253761973344]",1165,-1
35198,[0.25913695 0.42597973],7,8,"[0.27392971195344684, 0.45973140540928376]",692,-1
35199,[0.59058682 0.61006613],5,2,"[0.5921204552873188, 0.6383928111301557]",1427,-1
35200,[0.41714746 0.45280054],4,-1,-1,-1,-1
35201,[0.60687461 0.47239933],8,-1,-1,-1,-1
35202,[0.77385166 0.7018097 ],1,4,"[0.7726811996944247, 0.7249303226766757]",-1,0
35203,[0.30727791 0.54986648],7,7,"[0.2817018170798153, 0.5849768676672948]",-1,17
35204,[0.2669745  0.57816554],4,7,"[0.2817018170798153, 0.5849768676672948]",1669,-1
35205,[0.5292426  0.41014331],5,-1,-1,45,-1
35206,[0.57402298 0.43949879],5,-1,-1,-1,-1
35207,[0.6842374  0.45536713],8,3,"[0.6815204869410737, 0.47689852788858716]",735,-1
35208,[0.31603492 0.24764215],0,9,"[0.3110394802231661, 0.23517199738277297]",-1,-1
35209,[0.29977111 0.32769283],2,-1,-1,-1,-1
35210,[0.24780592 0.46815194],7,8,"[0.27392971195344684, 0.45973140540928376]",-1,-1
35211,[0.41947764 0.48387199],4,-1,-1,-1,-1
35212,[0.23898167 0.55590325],7,7,"[0.2817018170798153, 0.5849768676672948]",1411,-1
35213,[0.30797839 0.61194362],3,7,"[0.2817018170798153, 0.5849768676672948]",1762,-1
35214,[0.37459637 0.49321992],4,0,"[0.383291892093257, 0.5586820702346661]",-1,-1
35215,[0.26864584 0.32021722],0,5,"[0.23231087327800656, 0.30304944505444303]",1585,9
35216,[0.75517661 0.81291891],1,-1,-1,-1,0
35217,[0.43218509 0.33691839],6,1,"[0.3897435781344088, 0.3417040596068965]",-1,-1
35218,[0.70786394 0.68208214],1,-1,-1,-1,0
35219,[0.53724148 0.41348425],5,-1,-1,-1,-1
35220,[0.32305079 0.5597929 ],7,7,"[0.2817018170798153, 0.5849768676672948]",1977,17
35221,[0.28751241 0.30677084],2,5,"[0.23231087327800656, 0.30304944505444303]",-1,-1
35222,[0.75993925 0.73361595],1,4,"[0.7726811996944247, 0.7249303226766757]",468,0
35223,[0.54800924 0.67581583],5,2,"[0.5921204552873188, 0.6383928111301557]",686,-1
35224,[0.52954563 0.59742325],9,6,"[0.5164739970238864, 0.5319253761973344]",1329,-1
35225,[0.26888385 0.30665925],0,5,"[0.23231087327800656, 0.30304944505444303]",1656,-1
35226,[0.3403525  0.40044972],2,-1,-1,-1,-1
35227,[0.31996552 0.55529457],4,7,"[0.2817018170798153, 0.5849768676672948]",1991,17
35228,[0.28251651 0.26783192],2,9,"[0.3110394802231661, 0.23517199738277297]",-1,-1
35229,[0.34114415 0.29715799],0,1,"[0.3897435781344088, 0.3417040596068965]",-1,-1
35230,[0.56644723 0.5308552 ],5,6,"[0.5164739970238864, 0.5319253761973344]",-1,-1
35231,[0.30222533 0.20978411],0,9,"[0.3110394802231661, 0.23517199738277297]",-1,-1
35232,[0.56758528 0.73024517],9,-1,-1,-1,-1
35233,[0.62900045 0.59995598],9,2,"[0.5921204552873188, 0.6383928111301557]",1207,-1
35234,[0.24427227 0.32446135],0,5,"[0.23231087327800656, 0.30304944505444303]",1503,7
35235,[0.57619282 0.70336519],9,2,"[0.5921204552873188, 0.6383928111301557]",-1,-1
35236,[0.33614784 0.29340703],2,9,"[0.3110394802231661, 0.23517199738277297]",-1,-1
35237,[0.64416817 0.55617761],9,-1,-1,1115,-1
35238,[0.57401862 0.53357805],9,6,"[0.5164739970238864, 0.5319253761973344]",-1,-1
35239,[0.53105649 0.57884504],5,6,"[0.5164739970238864, 0.5319253761973344]",1372,-1
35240,[0.56921951 0.78246294],9,-1,-1,-1,-1
35241,[0.62414897 0.62347797],9,2,"[0.5921204552873188, 0.6383928111301557]",-1,-1
35242,[0.86085359 0.725196  ],1,-1,-1,312,0
35243,[0.37554523 0.47795768],3,-1,-1,771,-1
35244,[0.35428626 0.25351858],6,9,"[0.3110394802231661, 0.23517199738277297]",-1,-1
35245,[0.41698452 0.32986589],6,1,"[0.3897435781344088, 0.3417040596068965]",989,-1
35246,[0.27590443 0.53110656],7,7,"[0.2817018170798153, 0.5849768676672948]",1882,-1
35247,[0.37930462 0.3050115 ],6,1,"[0.3897435781344088, 0.3417040596068965]",-1,-1
35248,[0.23216154 0.62865915],4,7,"[0.2817018170798153, 0.5849768676672948]",347,-1
35249,[0.76397035 0.58868381],8,-1,-1,57,-1
35250,[0.37599511 0.35095132],6,1,"[0.3897435781344088, 0.3417040596068965]",1245,-1
35251,[0.44121606 0.32216016],6,1,"[0.3897435781344088, 0.3417040596068965]",-1,-1
35252,[0.47969785 0.63030396],3,-1,-1,647,-1
35253,[0.39767373 0.33095495],6,1,"[0.3897435781344088, 0.3417040596068965]",1003,-1
35254,[0.44099559 0.65220271],3,-1,-1,-1,-1
35255,[0.64028633 0.65238204],9,2,"[0.5921204552873188, 0.6383928111301557]",645,-1
35256,[0.26813157 0.64329132],4,7,"[0.2817018170798153, 0.5849768676672948]",192,-1
35257,[0.81612554 0.51553774],8,-1,-1,-1,-1
35258,[0.64107635 0.72600743],1,-1,-1,282,-1
35259,[0.34637477 0.62647625],3,-1,-1,-1,-1
35260,[0.22434219 0.56882714],4,7,"[0.2817018170798153, 0.5849768676672948]",1123,-1
35261,[0.78050384 0.78625617],1,4,"[0.7726811996944247, 0.7249303226766757]",-1,0
35262,[0.85620984 0.71211951],1,-1,-1,313,0
35263,[0.37676032 0.31920842],6,1,"[0.3897435781344088, 0.3417040596068965]",-1,-1
35264,[0.3464277  0.25882138],2,9,"[0.3110394802231661, 0.23517199738277297]",-1,-1
35265,[0.58991083 0.56939926],8,2,"[0.5921204552873188, 0.6383928111301557]",-1,-1
35266,[0.1998861  0.43486925],4,-1,-1,-1,-1
35267,[0.15377778 0.59854588],4,-1,-1,-1,-1
35268,[0.306643   0.28422385],0,9,"[0.3110394802231661, 0.23517199738277297]",1614,11
35269,[0.5475477  0.53931543],5,6,"[0.5164739970238864, 0.5319253761973344]",-1,-1
35270,[0.64099183 0.57959212],8,-1,-1,-1,-1
35271,[0.58919771 0.64148873],9,2,"[0.5921204552873188, 0.6383928111301557]",1132,-1
35272,[0.55195465 0.59206666],9,2,"[0.5921204552873188, 0.6383928111301557]",-1,-1
35273,[0.57921084 0.46378271],5,-1,-1,-1,-1
35274,[0.53973053 0.5383663 ],5,6,"[0.5164739970238864, 0.5319253761973344]",-1,-1
35275,[0.18356999 0.24487333],0,-1,-1,-1,-1
35276,[0.32402456 0.38924552],0,-1,-1,1426,-1
35277,[0.23698366 0.38679723],0,-1,-1,912,-1
35278,[0.17925186 0.18578445],0,-1,-1,165,-1
35279,[0.26724855 0.6004234 ],4,7,"[0.2817018170798153, 0.5849768676672948]",-1,-1
35280,[0.26328781 0.56201437],7,7,"[0.2817018170798153, 0.5849768676672948]",1851,-1
35281,[0.35991094 0.35212548],6,1,"[0.3897435781344088, 0.3417040596068965]",1350,-1
35282,[0.43089891 0.29311401],6,1,"[0.3897435781344088, 0.3417040596068965]",-1,-1
35283,[0.72794333 0.43527987],8,3,"[0.6815204869410737, 0.47689852788858716]",-1,-1
35284,[0.24150161 0.21095502],2,-1,-1,750,-1
35285,[0.55173673 0.59813498],5,2,"[0.5921204552873188, 0.6383928111301557]",1342,-1
35286,[0.41985091 0.46758162],5,-1,-1,716,-1
35287,[0.75760196 0.69988067],1,4,"[0.7726811996944247, 0.7249303226766757]",-1,0
35288,[0.27482326 0.62982205],3,7,"[0.2817018170798153, 0.5849768676672948]",394,-1
35289,[0.77812662 0.81588855],1,-1,-1,163,0
35290,[0.36989238 0.31364832],6,1,"[0.3897435781344088, 0.3417040596068965]",1546,-1
35291,[0.46803025 0.60251527],9,-1,-1,-1,-1
35292,[0.87008678 0.71712182],1,-1,-1,-1,0
35293,[0.1783505  0.49348569],7,-1,-1,-1,-1
35294,[0.51900591 0.42031333],6,-1,-1,-1,-1
35295,[0.62140291 0.44757958],5,3,"[0.6815204869410737, 0.47689852788858716]",-1,-1
35296,[0.7052728  0.44516494],8,3,"[0.6815204869410737, 0.47689852788858716]",-1,-1
35297,[0.28084424 0.48926856],7,8,"[0.27392971195344684, 0.45973140540928376]",1796,-1
35298,[0.36043597 0.42411306],4,-1,-1,883,-1
35299,[0.40140999 0.54551145],7,0,"[0.383291892093257, 0.5586820702346661]",1631,-1
35300,[0.36800412 0.64107798],4,-1,-1,-1,-1
35301,[0.81289974 0.73578887],1,4,"[0.7726811996944247, 0.7249303226766757]",-1,0
35302,[0.32756852 0.60738318],7,7,"[0.2817018170798153, 0.5849768676672948]",1544,-1
35303,[0.64224689 0.54131615],8,-1,-1,1116,-1
35304,[0.76025467 0.55261548],1,-1,-1,84,-1
35305,[0.49039824 0.57047127],5,6,"[0.5164739970238864, 0.5319253761973344]",-1,-1
35306,[0.57083755 0.645343  ],9,2,"[0.5921204552873188, 0.6383928111301557]",1220,-1
35307,[0.54645464 0.56508811],5,6,"[0.5164739970238864, 0.5319253761973344]",-1,6
35308,[0.3135228  0.32521365],6,-1,-1,-1,8
35309,[0.59949907 0.47644828],5,-1,-1,-1,-1
35310,[0.58134925 0.58832734],9,2,"[0.5921204552873188, 0.6383928111301557]",1397,-1
35311,[0.27053156 0.24558178],2,9,"[0.3110394802231661, 0.23517199738277297]",1524,-1
35312,[0.39099934 0.59018348],3,0,"[0.383291892093257, 0.5586820702346661]",1722,-1
35313,[0.25866034 0.5058684 ],4,8,"[0.27392971195344684, 0.45973140540928376]",-1,-1
35314,[0.2928119 0.3094773],2,5,"[0.23231087327800656, 0.30304944505444303]",-1,-1
35315,[0.2271553  0.55851123],4,7,"[0.2817018170798153, 0.5849768676672948]",-1,-1
35316,[0.61612331 0.432343  ],5,-1,-1,285,-1
35317,[0.27485152 0.51877995],7,8,"[0.27392971195344684, 0.45973140540928376]",1887,14
35318,[0.30009655 0.29351526],2,9,"[0.3110394802231661, 0.23517199738277297]",-1,11
35319,[0.73115461 0.42429302],8,-1,-1,317,-1
35320,[0.37128286 0.59237471],7,0,"[0.383291892093257, 0.5586820702346661]",-1,-1
35321,[0.55265958 0.59183874],5,2,"[0.5921204552873188, 0.6383928111301557]",-1,-1
35322,[0.36348099 0.5101186 ],3,0,"[0.383291892093257, 0.5586820702346661]",1899,-1
35323,[0.71645406 0.5337784 ],8,3,"[0.6815204869410737, 0.47689852788858716]",516,-1
35324,[0.39949895 0.29453145],6,1,"[0.3897435781344088, 0.3417040596068965]",-1,-1
35325,[0.29007959 0.53646075],7,7,"[0.2817018170798153, 0.5849768676672948]",-1,-1
35326,[0.48965059 0.59071445],5,6,"[0.5164739970238864, 0.5319253761973344]",752,-1
35327,[0.20317911 0.63510113],4,-1,-1,19,-1
35328,[0.26297098 0.27416093],2,5,"[0.23231087327800656, 0.30304944505444303]",1534,-1
35329,[0.31607975 0.61101615],3,7,"[0.2817018170798153, 0.5849768676672948]",1763,-1
35330,[0.18169102 0.54531758],7,-1,-1,96,-1
35331,[0.34189337 0.56397009],3,0,"[0.383291892093257, 0.5586820702346661]",-1,-1
35332,[0.31670893 0.4847125 ],4,8,"[0.27392971195344684, 0.45973140540928376]",1869,-1
35333,[0.59546261 0.52748285],5,-1,-1,1102,-1
35334,[0.28536992 0.38565424],2,-1,-1,1094,-1
35335,[0.81219945 0.74880044],1,4,"[0.7726811996944247, 0.7249303226766757]",-1,0
35336,[0.23167789 0.31748571],0,5,"[0.23231087327800656, 0.30304944505444303]",-1,-1
35337,[0.69792328 0.49022184],8,3,"[0.6815204869410737, 0.47689852788858716]",-1,2
35338,[0.32734014 0.2020399 ],2,9,"[0.3110394802231661, 0.23517199738277297]",-1,-1
35339,[0.23334724 0.34539681],2,5,"[0.23231087327800656, 0.30304944505444303]",1522,-1
35340,[0.32476175 0.58214796],4,7,"[0.2817018170798153, 0.5849768676672948]",-1,-1
35341,[0.37240927 0.54909994],4,0,"[0.383291892093257, 0.5586820702346661]",1804,-1
35342,[0.58643913 0.69865927],9,2,"[0.5921204552873188, 0.6383928111301557]",-1,-1
35343,[0.61201977 0.65274841],1,2,"[0.5921204552873188, 0.6383928111301557]",-1,-1
35344,[0.34564403 0.30198189],6,1,"[0.3897435781344088, 0.3417040596068965]",1529,-1
35345,[0.22229829 0.22036129],0,-1,-1,871,-1
35346,[0.60268481 0.66636378],9,2,"[0.5921204552873188, 0.6383928111301557]",-1,-1
35347,[0.34357604 0.56758628],3,0,"[0.383291892093257, 0.5586820702346661]",-1,-1
35348,[0.44072203 0.59173858],3,0,"[0.383291892093257, 0.5586820702346661]",-1,-1
35349,[0.43712671 0.51513879],3,0,"[0.383291892093257, 0.5586820702346661]",-1,-1
35350,[0.3713655  0.64279006],7,-1,-1,-1,-1
35351,[0.70923201 0.71094543],1,4,"[0.7726811996944247, 0.7249303226766757]",-1,0
35352,[0.73194498 0.89820396],1,-1,-1,-1,-1
35353,[0.5517654 0.6365854],9,2,"[0.5921204552873188, 0.6383928111301557]",-1,-1
35354,[0.34585281 0.62138293],3,-1,-1,1830,-1
35355,[0.29337332 0.20201035],0,9,"[0.3110394802231661, 0.23517199738277297]",425,-1
35356,[0.55685074 0.7080402 ],9,-1,-1,-1,-1
35357,[0.35172448 0.28534942],0,9,"[0.3110394802231661, 0.23517199738277297]",1393,-1
35358,[0.38618063 0.55683161],4,0,"[0.383291892093257, 0.5586820702346661]",1774,-1
35359,[0.45069483 0.55061231],3,0,"[0.383291892093257, 0.5586820702346661]",-1,-1
35360,[0.29659006 0.6153602 ],3,7,"[0.2817018170798153, 0.5849768676672948]",856,-1
35361,[0.34183137 0.57062658],3,0,"[0.383291892093257, 0.5586820702346661]",1878,-1
35362,[0.44248624 0.56084509],4,0,"[0.383291892093257, 0.5586820702346661]",-1,-1
35363,[0.6245542  0.64514556],9,2,"[0.5921204552873188, 0.6383928111301557]",1163,-1
35364,[0.70129626 0.67569943],1,-1,-1,303,0
35365,[0.7682732  0.72250267],1,4,"[0.7726811996944247, 0.7249303226766757]",469,0
35366,[0.39670477 0.36005651],2,1,"[0.3897435781344088, 0.3417040596068965]",1061,-1
35367,[0.3954596  0.62795888],3,-1,-1,-1,-1
35368,[0.30099925 0.24986556],6,9,"[0.3110394802231661, 0.23517199738277297]",1202,-1
35369,[0.23692024 0.56898578],7,7,"[0.2817018170798153, 0.5849768676672948]",1357,-1
35370,[0.25486546 0.37578131],2,-1,-1,-1,-1
35371,[0.5003913  0.44134351],5,-1,-1,223,-1
35372,[0.32457281 0.51591994],4,-1,-1,-1,-1
35373,[0.73206478 0.63343157],1,-1,-1,184,0
35374,[0.32561607 0.58730119],4,7,"[0.2817018170798153, 0.5849768676672948]",-1,-1
35375,[0.45880883 0.58833245],3,-1,-1,-1,4
35376,[0.34928882 0.44629294],7,-1,-1,1193,-1
35377,[0.27014915 0.23863699],0,9,"[0.3110394802231661, 0.23517199738277297]",1524,-1
35378,[0.22152673 0.17039443],0,-1,-1,-1,-1
35379,[0.25724014 0.38568551],2,-1,-1,1221,-1
35380,[0.55425745 0.54264153],5,6,"[0.5164739970238864, 0.5319253761973344]",-1,6
35381,[0.28832942 0.67518753],4,-1,-1,-1,-1
35382,[0.36896595 0.60313353],3,0,"[0.383291892093257, 0.5586820702346661]",1755,-1
35383,[0.37284906 0.42120552],4,-1,-1,-1,-1
35384,[0.59981045 0.64117723],9,2,"[0.5921204552873188, 0.6383928111301557]",-1,-1
35385,[0.42957696 0.64219935],5,-1,-1,-1,-1
35386,[0.65575257 0.65325665],9,2,"[0.5921204552873188, 0.6383928111301557]",635,-1
35387,[0.57080408 0.55802522],5,6,"[0.5164739970238864, 0.5319253761973344]",1362,-1
35388,[0.65325336 0.5621575 ],8,-1,-1,-1,-1
35389,[0.22562231 0.2752251 ],2,5,"[0.23231087327800656, 0.30304944505444303]",1031,-1
35390,[0.35812249 0.47182299],3,-1,-1,1560,-1
35391,[0.33285246 0.21935208],0,9,"[0.3110394802231661, 0.23517199738277297]",891,-1
35392,[0.67211679 0.54122108],8,3,"[0.6815204869410737, 0.47689852788858716]",673,-1
35393,[0.28551516 0.58723892],4,7,"[0.2817018170798153, 0.5849768676672948]",1810,-1
35394,[0.63799217 0.71325528],1,-1,-1,283,-1
35395,[0.49351699 0.60750207],9,-1,-1,918,-1
35396,[0.28329217 0.3627639 ],2,-1,-1,1260,-1
35397,[0.6163503  0.58980745],5,2,"[0.5921204552873188, 0.6383928111301557]",-1,-1
35398,[0.68356552 0.57930574],8,-1,-1,-1,-1
35399,[0.54546683 0.67627765],9,2,"[0.5921204552873188, 0.6383928111301557]",686,-1
35400,[0.5562574  0.61134152],5,2,"[0.5921204552873188, 0.6383928111301557]",1341,-1
35401,[0.13880202 0.5604676 ],4,-1,-1,-1,-1
35402,[0.38461669 0.30226326],2,1,"[0.3897435781344088, 0.3417040596068965]",1463,-1
35403,[0.37195967 0.22779327],6,9,"[0.3110394802231661, 0.23517199738277297]",484,-1
35404,[0.47912011 0.46486421],5,-1,-1,278,-1
35405,[0.64931174 0.62529824],9,2,"[0.5921204552873188, 0.6383928111301557]",1158,-1
35406,[0.436331   0.65545476],7,-1,-1,286,-1
35407,[0.52530105 0.53780598],5,6,"[0.5164739970238864, 0.5319253761973344]",1177,-1
35408,[0.42547397 0.57347471],3,0,"[0.383291892093257, 0.5586820702346661]",1467,-1
35409,[0.2757538  0.31849855],6,5,"[0.23231087327800656, 0.30304944505444303]",1585,9
35410,[0.3119766  0.35584708],6,-1,-1,1633,-1
35411,[0.29984109 0.6029636 ],7,7,"[0.2817018170798153, 0.5849768676672948]",1662,-1
35412,[0.18967877 0.34190901],0,5,"[0.23231087327800656, 0.30304944505444303]",764,-1
35413,[0.55770682 0.62136762],9,2,"[0.5921204552873188, 0.6383928111301557]",-1,-1
35414,[0.39541187 0.57597679],3,0,"[0.383291892093257, 0.5586820702346661]",1770,-1
35415,[0.1793981  0.32729182],0,5,"[0.23231087327800656, 0.30304944505444303]",497,-1
35416,[0.69615626 0.64835716],1,-1,-1,-1,0
35417,[0.40565157 0.30755931],6,1,"[0.3897435781344088, 0.3417040596068965]",-1,-1
35418,[0.2505062  0.57519509],7,7,"[0.2817018170798153, 0.5849768676672948]",-1,-1
35419,[0.25463238 0.64339327],4,7,"[0.2817018170798153, 0.5849768676672948]",324,-1
35420,[0.26050763 0.25507838],2,9,"[0.3110394802231661, 0.23517199738277297]",1053,-1
35421,[0.32742734 0.54612883],3,0,"[0.383291892093257, 0.5586820702346661]",-1,-1
35422,[0.2406236  0.42749462],2,8,"[0.27392971195344684, 0.45973140540928376]",-1,-1
35423,[0.26416468 0.5242492 ],3,7,"[0.2817018170798153, 0.5849768676672948]",1727,-1
35424,[0.3215983  0.55795862],7,7,"[0.2817018170798153, 0.5849768676672948]",1977,17
35425,[0.31123779 0.26571457],0,9,"[0.3110394802231661, 0.23517199738277297]",-1,-1
35426,[0.35722832 0.34738483],6,1,"[0.3897435781344088, 0.3417040596068965]",1350,-1
35427,[0.62879118 0.59835706],9,2,"[0.5921204552873188, 0.6383928111301557]",1207,-1
35428,[0.38961252 0.65826511],4,-1,-1,536,-1
35429,[0.37758748 0.58847517],3,0,"[0.383291892093257, 0.5586820702346661]",1846,-1
35430,[0.40765444 0.23764899],0,-1,-1,657,-1
35431,[0.27441318 0.22419851],0,9,"[0.3110394802231661, 0.23517199738277297]",1334,-1
35432,[0.27638  0.242714],0,9,"[0.3110394802231661, 0.23517199738277297]",1524,-1
35433,[0.54964249 0.53789212],5,6,"[0.5164739970238864, 0.5319253761973344]",1375,-1
35434,[0.24497323 0.70732774],7,-1,-1,6,-1
35435,[0.19388397 0.24007057],0,-1,-1,-1,-1
35436,[0.85049245 0.73498519],1,-1,-1,-1,0
35437,[0.53267563 0.61548761],9,2,"[0.5921204552873188, 0.6383928111301557]",-1,-1
35438,[0.42237001 0.48400823],5,-1,-1,-1,-1
35439,[0.75248713 0.65943417],1,4,"[0.7726811996944247, 0.7249303226766757]",-1,0
35440,[0.50470091 0.62438925],9,-1,-1,-1,-1
35441,[0.77995979 0.69452497],1,4,"[0.7726811996944247, 0.7249303226766757]",448,0
35442,[0.40398963 0.54113945],4,0,"[0.383291892093257, 0.5586820702346661]",-1,-1
35443,[0.35350462 0.34697436],6,1,"[0.3897435781344088, 0.3417040596068965]",-1,-1
35444,[0.48077735 0.57309347],3,6,"[0.5164739970238864, 0.5319253761973344]",-1,-1
35445,[0.28533697 0.50063767],4,8,"[0.27392971195344684, 0.45973140540928376]",1768,-1
35446,[0.46002074 0.60800723],5,-1,-1,-1,-1
35447,[0.58329126 0.47646869],5,-1,-1,772,-1
35448,[0.30490498 0.37272493],2,-1,-1,1594,-1
35449,[0.33751995 0.18558605],2,9,"[0.3110394802231661, 0.23517199738277297]",-1,-1
35450,[0.35986627 0.47494155],7,-1,-1,1560,-1
35451,[0.35603819 0.49187421],7,-1,-1,1747,-1
35452,[0.36449605 0.23820578],0,9,"[0.3110394802231661, 0.23517199738277297]",-1,-1
35453,[0.2345847  0.63290747],4,7,"[0.2817018170798153, 0.5849768676672948]",-1,-1
35454,[0.27669296 0.64572604],7,7,"[0.2817018170798153, 0.5849768676672948]",-1,-1
35455,[0.27843356 0.25447052],0,9,"[0.3110394802231661, 0.23517199738277297]",-1,-1
35456,[0.34636819 0.34896779],6,1,"[0.3897435781344088, 0.3417040596068965]",1352,-1
35457,[0.74942124 0.70401908],1,4,"[0.7726811996944247, 0.7249303226766757]",-1,0
35458,[0.57414729 0.59475926],9,2,"[0.5921204552873188, 0.6383928111301557]",1442,6
35459,[0.31315236 0.23447952],0,9,"[0.3110394802231661, 0.23517199738277297]",1492,-1
35460,[0.33723254 0.32892021],2,1,"[0.3897435781344088, 0.3417040596068965]",1682,-1
35461,[0.27341753 0.57976419],4,7,"[0.2817018170798153, 0.5849768676672948]",1670,-1
35462,[0.52336514 0.59328988],5,6,"[0.5164739970238864, 0.5319253761973344]",-1,-1
35463,[0.71396789 0.52912769],8,3,"[0.6815204869410737, 0.47689852788858716]",516,-1
35464,[0.59549249 0.53994314],5,-1,-1,1291,-1
35465,[0.25161983 0.26037471],0,5,"[0.23231087327800656, 0.30304944505444303]",1310,-1
35466,[0.36361812 0.32221528],6,1,"[0.3897435781344088, 0.3417040596068965]",1545,-1
35467,[0.65490315 0.46347752],8,3,"[0.6815204869410737, 0.47689852788858716]",800,-1
35468,[0.40749553 0.37391114],6,1,"[0.3897435781344088, 0.3417040596068965]",-1,-1
35469,[0.40135693 0.27497157],6,1,"[0.3897435781344088, 0.3417040596068965]",-1,-1
35470,[0.69784378 0.75480546],1,-1,-1,319,0
35471,[0.41722096 0.62280071],3,-1,-1,-1,-1
35472,[0.3210337  0.43502748],7,8,"[0.27392971195344684, 0.45973140540928376]",-1,-1
35473,[0.39976035 0.5321168 ],4,0,"[0.383291892093257, 0.5586820702346661]",1642,-1
35474,[0.27357364 0.33096424],2,5,"[0.23231087327800656, 0.30304944505444303]",-1,9
35475,[0.33871641 0.27254743],6,9,"[0.3110394802231661, 0.23517199738277297]",1119,-1
35476,[0.3277523  0.50952628],4,-1,-1,1920,-1
35477,[0.48980982 0.60874833],5,-1,-1,918,-1
35478,[0.83173051 0.69779878],1,4,"[0.7726811996944247, 0.7249303226766757]",-1,0
35479,[0.73736188 0.4123843 ],8,-1,-1,-1,-1
35480,[0.70481058 0.55006154],8,-1,-1,563,-1
35481,[0.31387045 0.56184263],4,7,"[0.2817018170798153, 0.5849768676672948]",-1,-1
35482,[0.25856122 0.36662145],2,5,"[0.23231087327800656, 0.30304944505444303]",1331,-1
35483,[0.44183438 0.51979614],3,-1,-1,1435,-1
35484,[0.41277653 0.58499257],3,0,"[0.383291892093257, 0.5586820702346661]",1716,-1
35485,[0.20597089 0.61362682],3,-1,-1,-1,-1
35486,[0.22950112 0.52274202],4,-1,-1,-1,-1
35487,[0.73966057 0.60591502],1,-1,-1,-1,-1
35488,[0.54917089 0.56970722],5,6,"[0.5164739970238864, 0.5319253761973344]",1441,6
35489,[0.73643258 0.63503071],9,-1,-1,184,0
35490,[0.35522859 0.73993599],3,-1,-1,-1,-1
35491,[0.26302139 0.29596032],0,5,"[0.23231087327800656, 0.30304944505444303]",-1,-1
35492,[0.33772911 0.46140451],7,8,"[0.27392971195344684, 0.45973140540928376]",1387,-1
35493,[0.71975846 0.50361727],8,3,"[0.6815204869410737, 0.47689852788858716]",-1,-1
35494,[0.59844235 0.46553031],5,-1,-1,-1,-1
35495,[0.25871689 0.27779629],2,5,"[0.23231087327800656, 0.30304944505444303]",1547,-1
35496,[0.57486904 0.61670537],9,2,"[0.5921204552873188, 0.6383928111301557]",1419,-1
35497,[0.78000809 0.50239004],8,-1,-1,-1,-1
35498,[0.63967676 0.50613922],8,3,"[0.6815204869410737, 0.47689852788858716]",866,-1
35499,[0.66113206 0.72674671],9,-1,-1,195,-1
35500,[0.42778526 0.70587527],3,-1,-1,-1,-1
35501,[0.70743184 0.43138365],8,3,"[0.6815204869410737, 0.47689852788858716]",538,-1
35502,[0.27606597 0.39233432],0,8,"[0.27392971195344684, 0.45973140540928376]",-1,-1
35503,[0.25732994 0.30106605],0,5,"[0.23231087327800656, 0.30304944505444303]",-1,-1
35504,[0.31221817 0.17566849],0,9,"[0.3110394802231661, 0.23517199738277297]",-1,-1
35505,[0.33625821 0.48346697],3,8,"[0.27392971195344684, 0.45973140540928376]",1884,-1
35506,[0.25961549 0.41391456],2,8,"[0.27392971195344684, 0.45973140540928376]",-1,-1
35507,[0.20275755 0.66329816],4,-1,-1,-1,-1
35508,[0.28175132 0.43876521],4,8,"[0.27392971195344684, 0.45973140540928376]",1240,-1
35509,[0.38959627 0.51156815],4,0,"[0.383291892093257, 0.5586820702346661]",1781,-1
35510,[0.82918912 0.68284952],1,-1,-1,-1,0
35511,[0.28948087 0.5908592 ],4,7,"[0.2817018170798153, 0.5849768676672948]",1810,-1
35512,[0.70805692 0.5416084 ],8,3,"[0.6815204869410737, 0.47689852788858716]",519,-1
35513,[0.21942488 0.28743559],2,5,"[0.23231087327800656, 0.30304944505444303]",1113,-1
35514,[0.42204243 0.59246033],4,0,"[0.383291892093257, 0.5586820702346661]",1702,-1
35515,[0.28196626 0.29384259],0,5,"[0.23231087327800656, 0.30304944505444303]",1687,11
35516,[0.38658161 0.55870492],3,0,"[0.383291892093257, 0.5586820702346661]",1774,-1
35517,[0.51731037 0.5256118 ],5,6,"[0.5164739970238864, 0.5319253761973344]",1192,-1
35518,[0.40142048 0.48308619],3,-1,-1,-1,-1
35519,[0.51566035 0.52349989],5,6,"[0.5164739970238864, 0.5319253761973344]",1192,-1
35520,[0.23972042 0.30933613],2,5,"[0.23231087327800656, 0.30304944505444303]",1567,-1
35521,[0.85627357 0.75305022],1,-1,-1,130,0
35522,[0.23242339 0.55020102],4,7,"[0.2817018170798153, 0.5849768676672948]",1411,-1
35523,[0.63098108 0.41810102],8,-1,-1,264,-1
35524,[0.34368924 0.27028375],0,9,"[0.3110394802231661, 0.23517199738277297]",1119,-1
35525,[0.31964546 0.3018265 ],2,9,"[0.3110394802231661, 0.23517199738277297]",-1,-1
35526,[0.75672145 0.67331246],1,4,"[0.7726811996944247, 0.7249303226766757]",-1,0
35527,[0.66910565 0.6797649 ],1,-1,-1,385,-1
35528,[0.6896242  0.43811035],8,3,"[0.6815204869410737, 0.47689852788858716]",611,-1
35529,[0.22450641 0.27981798],0,5,"[0.23231087327800656, 0.30304944505444303]",-1,-1
35530,[0.36636358 0.50401219],3,0,"[0.383291892093257, 0.5586820702346661]",-1,-1
35531,[0.2515257  0.31452343],0,5,"[0.23231087327800656, 0.30304944505444303]",1501,-1
35532,[0.49953692 0.75861063],9,-1,-1,4,-1
35533,[0.3797438 0.3369829],2,1,"[0.3897435781344088, 0.3417040596068965]",-1,-1
35534,[0.29680449 0.29799687],6,9,"[0.3110394802231661, 0.23517199738277297]",1690,11
35535,[0.39047414 0.27982349],2,1,"[0.3897435781344088, 0.3417040596068965]",1076,-1
35536,[0.41492965 0.61363605],3,0,"[0.383291892093257, 0.5586820702346661]",1473,-1
35537,[0.30159296 0.52564985],7,7,"[0.2817018170798153, 0.5849768676672948]",1788,-1
35538,[0.34359449 0.49517511],4,-1,-1,1880,-1
35539,[0.31174699 0.24818185],2,9,"[0.3110394802231661, 0.23517199738277297]",-1,-1
35540,[0.34469765 0.65560642],4,-1,-1,730,-1
35541,[0.18386084 0.51397524],7,-1,-1,167,-1
35542,[0.49934874 0.43216013],6,-1,-1,-1,-1
35543,[0.58951544 0.55707782],5,-1,-1,-1,-1
35544,[0.33143794 0.38872551],6,-1,-1,1215,-1
35545,[0.45892322 0.59617656],3,-1,-1,-1,4
35546,[0.22083258 0.26602976],2,5,"[0.23231087327800656, 0.30304944505444303]",1024,-1
35547,[0.27507684 0.46264538],7,8,"[0.27392971195344684, 0.45973140540928376]",-1,-1
35548,[0.45937244 0.28673245],6,-1,-1,-1,-1
35549,[0.25570629 0.29223022],0,5,"[0.23231087327800656, 0.30304944505444303]",-1,-1
35550,[0.24239523 0.28768023],2,5,"[0.23231087327800656, 0.30304944505444303]",-1,-1
35551,[0.20842409 0.43726723],2,8,"[0.27392971195344684, 0.45973140540928376]",-1,-1
35552,[0.35422842 0.57636271],3,0,"[0.383291892093257, 0.5586820702346661]",-1,-1
35553,[0.2532286  0.40132745],7,8,"[0.27392971195344684, 0.45973140540928376]",649,-1
35554,[0.7089843  0.58785041],8,-1,-1,229,-1
35555,[0.27523125 0.64225209],3,7,"[0.2817018170798153, 0.5849768676672948]",192,-1
35556,[0.71306615 0.44891068],8,3,"[0.6815204869410737, 0.47689852788858716]",594,-1
35557,[0.34306577 0.5271968 ],3,0,"[0.383291892093257, 0.5586820702346661]",-1,-1
35558,[0.19602655 0.36843555],2,-1,-1,650,-1
35559,[0.71225918 0.61046282],8,-1,-1,-1,-1
35560,[0.61150787 0.44932025],8,-1,-1,-1,-1
35561,[0.24134352 0.31974063],0,5,"[0.23231087327800656, 0.30304944505444303]",1494,7
35562,[0.48967743 0.56525652],5,6,"[0.5164739970238864, 0.5319253761973344]",-1,-1
35563,[0.30819349 0.4047876 ],7,8,"[0.27392971195344684, 0.45973140540928376]",928,-1
35564,[0.20675699 0.35266223],0,5,"[0.23231087327800656, 0.30304944505444303]",749,-1
35565,[0.75928048 0.45288612],8,-1,-1,263,-1
35566,[0.47480471 0.33913533],2,-1,-1,529,-1
35567,[0.33986537 0.45836719],4,8,"[0.27392971195344684, 0.45973140540928376]",1387,-1
35568,[0.25387308 0.60522042],3,7,"[0.2817018170798153, 0.5849768676672948]",514,-1
35569,[0.34098141 0.182984  ],6,9,"[0.3110394802231661, 0.23517199738277297]",256,-1
35570,[0.3115943  0.33025428],0,-1,-1,-1,-1
35571,[0.2808553  0.53690589],7,7,"[0.2817018170798153, 0.5849768676672948]",1894,-1
35572,[0.62545781 0.4909871 ],8,3,"[0.6815204869410737, 0.47689852788858716]",789,-1
35573,[0.65772486 0.56922877],8,-1,-1,893,-1
35574,[0.75865066 0.50104491],8,-1,-1,188,-1
35575,[0.53327187 0.51580739],5,6,"[0.5164739970238864, 0.5319253761973344]",1173,-1
35576,[0.31714916 0.42322867],7,8,"[0.27392971195344684, 0.45973140540928376]",1017,-1
35577,[0.37897458 0.38058429],6,1,"[0.3897435781344088, 0.3417040596068965]",1006,-1
35578,[0.23453422 0.39077684],2,-1,-1,912,-1
35579,[0.17680342 0.18491949],0,-1,-1,-1,-1
35580,[0.37691847 0.51198437],3,0,"[0.383291892093257, 0.5586820702346661]",1764,-1
35581,[0.36649128 0.64916756],4,-1,-1,913,-1
35582,[0.37464158 0.37351833],6,1,"[0.3897435781344088, 0.3417040596068965]",1057,-1
35583,[0.36585812 0.4356345 ],7,-1,-1,879,-1
35584,[0.81499504 0.67986807],1,4,"[0.7726811996944247, 0.7249303226766757]",361,0
35585,[0.30615544 0.51990944],4,8,"[0.27392971195344684, 0.45973140540928376]",1881,-1
35586,[0.72185392 0.6708433 ],1,-1,-1,357,0
35587,[0.2972634  0.51569615],7,8,"[0.27392971195344684, 0.45973140540928376]",1876,-1
35588,[0.29204619 0.3583891 ],6,-1,-1,1479,-1
35589,[0.70105019 0.72776074],1,-1,-1,-1,0
35590,[0.68336083 0.67834288],1,-1,-1,388,-1
35591,[0.39981017 0.31787638],6,1,"[0.3897435781344088, 0.3417040596068965]",966,-1
35592,[0.64589313 0.66398118],9,2,"[0.5921204552873188, 0.6383928111301557]",-1,-1
35593,[0.51957079 0.51151732],5,6,"[0.5164739970238864, 0.5319253761973344]",1179,-1
35594,[0.55284059 0.50620712],5,6,"[0.5164739970238864, 0.5319253761973344]",-1,-1
35595,[0.78088877 0.70748216],1,4,"[0.7726811996944247, 0.7249303226766757]",-1,0
35596,[0.29277855 0.62180184],3,7,"[0.2817018170798153, 0.5849768676672948]",1040,-1
35597,[0.58499352 0.49099245],9,-1,-1,632,-1
35598,[0.34244741 0.47231331],7,8,"[0.27392971195344684, 0.45973140540928376]",1758,-1
35599,[0.50790573 0.32989929],6,-1,-1,-1,-1
35600,[0.3612841  0.26528125],0,9,"[0.3110394802231661, 0.23517199738277297]",1156,-1
35601,[0.47991444 0.59309908],5,-1,-1,1153,-1
35602,[0.30654471 0.49013656],4,8,"[0.27392971195344684, 0.45973140540928376]",-1,-1
35603,[0.52374962 0.63495354],9,2,"[0.5921204552873188, 0.6383928111301557]",-1,-1
35604,[0.26299146 0.6354753 ],3,7,"[0.2817018170798153, 0.5849768676672948]",-1,-1
35605,[0.80790148 0.68262156],1,4,"[0.7726811996944247, 0.7249303226766757]",362,0
35606,[0.65306665 0.65937325],9,2,"[0.5921204552873188, 0.6383928111301557]",639,-1
35607,[0.61849116 0.50055273],8,3,"[0.6815204869410737, 0.47689852788858716]",865,-1
35608,[0.48482264 0.65761009],9,-1,-1,-1,-1
35609,[0.44665347 0.6551955 ],5,-1,-1,-1,-1
35610,[0.30207365 0.33906157],2,-1,-1,1625,8
35611,[0.55969674 0.41938255],5,-1,-1,-1,-1
35612,[0.37846019 0.33074037],6,1,"[0.3897435781344088, 0.3417040596068965]",1476,-1
35613,[0.61763757 0.6452631 ],9,2,"[0.5921204552873188, 0.6383928111301557]",1163,-1
35614,[0.29235218 0.2239319 ],0,9,"[0.3110394802231661, 0.23517199738277297]",-1,-1
35615,[0.53134614 0.39417939],6,-1,-1,46,-1
35616,[0.56490354 0.65729153],9,2,"[0.5921204552873188, 0.6383928111301557]",1045,-1
35617,[0.52827058 0.59604208],5,6,"[0.5164739970238864, 0.5319253761973344]",1329,-1
35618,[0.20770361 0.40497677],7,-1,-1,202,-1
35619,[0.75858517 0.74939741],1,4,"[0.7726811996944247, 0.7249303226766757]",430,0
35620,[0.34666553 0.318043  ],6,1,"[0.3897435781344088, 0.3417040596068965]",-1,-1
35621,[0.54130852 0.46745042],5,6,"[0.5164739970238864, 0.5319253761973344]",-1,-1
35622,[0.28970473 0.59469704],4,7,"[0.2817018170798153, 0.5849768676672948]",1810,-1
35623,[0.69273698 0.763128  ],1,-1,-1,230,0
35624,[0.78952316 0.84952912],1,-1,-1,21,-1
35625,[0.18774779 0.24895695],0,-1,-1,676,-1
35626,[0.20579462 0.23800391],0,-1,-1,898,-1
35627,[0.31184808 0.28463628],2,9,"[0.3110394802231661, 0.23517199738277297]",1614,-1
35628,[0.51942145 0.53879294],3,6,"[0.5164739970238864, 0.5319253761973344]",-1,3
35629,[0.27213924 0.51752923],7,8,"[0.27392971195344684, 0.45973140540928376]",1887,14
35630,[0.65099679 0.64074294],9,2,"[0.5921204552873188, 0.6383928111301557]",939,-1
35631,[0.71843522 0.73396085],9,4,"[0.7726811996944247, 0.7249303226766757]",381,0
35632,[0.35569018 0.55469681],4,0,"[0.383291892093257, 0.5586820702346661]",-1,-1
35633,[0.7538658  0.58857847],1,-1,-1,-1,-1
35634,[0.34370962 0.48606448],7,-1,-1,1891,-1
35635,[0.41770683 0.54642478],4,0,"[0.383291892093257, 0.5586820702346661]",-1,-1
35636,[0.27534182 0.46340422],7,8,"[0.27392971195344684, 0.45973140540928376]",-1,-1
35637,[0.30281765 0.26873494],0,9,"[0.3110394802231661, 0.23517199738277297]",1511,-1
35638,[0.75429285 0.36413317],8,-1,-1,27,-1
35639,[0.24328771 0.50211821],7,8,"[0.27392971195344684, 0.45973140540928376]",-1,-1
35640,[0.21783338 0.38464684],2,-1,-1,-1,-1
35641,[0.64166637 0.63154945],9,2,"[0.5921204552873188, 0.6383928111301557]",1158,-1
35642,[0.45663286 0.59476882],3,-1,-1,1238,4
35643,[0.21091448 0.28381797],0,5,"[0.23231087327800656, 0.30304944505444303]",1109,-1
35644,[0.3351766  0.60370555],3,7,"[0.2817018170798153, 0.5849768676672948]",1864,-1
35645,[0.33444749 0.55446809],3,0,"[0.383291892093257, 0.5586820702346661]",1957,-1
35646,[0.18080321 0.29579362],2,5,"[0.23231087327800656, 0.30304944505444303]",-1,-1
35647,[0.26415177 0.50845236],7,8,"[0.27392971195344684, 0.45973140540928376]",1789,-1
35648,[0.21931924 0.27948171],0,5,"[0.23231087327800656, 0.30304944505444303]",-1,-1
35649,[0.39083501 0.53440678],4,0,"[0.383291892093257, 0.5586820702346661]",1777,-1
35650,[0.3565038  0.30452389],6,1,"[0.3897435781344088, 0.3417040596068965]",1537,-1
35651,[0.6779937  0.54367325],8,3,"[0.6815204869410737, 0.47689852788858716]",672,-1
35652,[0.45482682 0.48531691],4,-1,-1,546,-1
35653,[0.66231979 0.57504588],8,-1,-1,-1,-1
35654,[0.32719798 0.55020594],3,0,"[0.383291892093257, 0.5586820702346661]",1959,17
35655,[0.27507865 0.5387977 ],7,7,"[0.2817018170798153, 0.5849768676672948]",1769,-1
35656,[0.31689765 0.29907665],6,9,"[0.3110394802231661, 0.23517199738277297]",-1,-1
35657,[0.1642092  0.36449049],0,-1,-1,-1,-1
35658,[0.72010767 0.36657869],8,-1,-1,51,-1
35659,[0.72004383 0.45088946],8,3,"[0.6815204869410737, 0.47689852788858716]",693,-1
35660,[0.75804059 0.72492508],1,4,"[0.7726811996944247, 0.7249303226766757]",-1,0
35661,[0.6821559  0.46797758],8,3,"[0.6815204869410737, 0.47689852788858716]",-1,2
35662,[0.53196653 0.70799007],5,-1,-1,-1,-1
35663,[0.31747726 0.63980163],4,7,"[0.2817018170798153, 0.5849768676672948]",887,-1
35664,[0.21742551 0.45816851],7,8,"[0.27392971195344684, 0.45973140540928376]",-1,-1
35665,[0.18830094 0.54371589],7,-1,-1,-1,-1
35666,[0.66510395 0.53488389],8,3,"[0.6815204869410737, 0.47689852788858716]",-1,-1
35667,[0.34789968 0.54856136],4,0,"[0.383291892093257, 0.5586820702346661]",-1,-1
35668,[0.27151076 0.57806951],4,7,"[0.2817018170798153, 0.5849768676672948]",-1,-1
35669,[0.57124376 0.5995452 ],9,2,"[0.5921204552873188, 0.6383928111301557]",-1,6
35670,[0.31531425 0.5365451 ],3,7,"[0.2817018170798153, 0.5849768676672948]",1932,-1
35671,[0.69601682 0.71146021],1,-1,-1,343,0
35672,[0.25952998 0.51877867],3,8,"[0.27392971195344684, 0.45973140540928376]",-1,-1
35673,[0.32537663 0.23208175],0,9,"[0.3110394802231661, 0.23517199738277297]",1001,-1
35674,[0.76987365 0.74784931],1,4,"[0.7726811996944247, 0.7249303226766757]",-1,0
35675,[0.75379928 0.43083523],8,-1,-1,94,-1
35676,[0.65953642 0.45926575],8,3,"[0.6815204869410737, 0.47689852788858716]",-1,-1
35677,[0.31893135 0.54706819],3,7,"[0.2817018170798153, 0.5849768676672948]",1989,17
35678,[0.33113102 0.46535587],7,8,"[0.27392971195344684, 0.45973140540928376]",-1,-1
35679,[0.42607815 0.60604784],4,0,"[0.383291892093257, 0.5586820702346661]",-1,-1
35680,[0.73638008 0.65505915],1,-1,-1,-1,0
35681,[0.48539341 0.64607517],3,-1,-1,-1,-1
35682,[0.72497692 0.76422794],1,4,"[0.7726811996944247, 0.7249303226766757]",-1,0
35683,[0.38168891 0.57901574],3,0,"[0.383291892093257, 0.5586820702346661]",-1,-1
35684,[0.23297884 0.38027915],2,-1,-1,912,-1
35685,[0.40973917 0.65323893],5,-1,-1,-1,-1
35686,[0.20673106 0.36604299],2,5,"[0.23231087327800656, 0.30304944505444303]",-1,-1
35687,[0.69513974 0.74148655],1,-1,-1,-1,0
35688,[0.3235574  0.64924967],4,-1,-1,614,-1
35689,[0.48442277 0.70362567],3,-1,-1,129,-1
35690,[0.54448979 0.59930155],9,2,"[0.5921204552873188, 0.6383928111301557]",1422,-1
35691,[0.30472717 0.71328166],4,-1,-1,-1,-1
35692,[0.37869796 0.57448739],3,0,"[0.383291892093257, 0.5586820702346661]",1865,-1
35693,[0.56717584 0.57620851],9,2,"[0.5921204552873188, 0.6383928111301557]",1458,6
35694,[0.64749311 0.60591724],8,2,"[0.5921204552873188, 0.6383928111301557]",613,-1
35695,[0.81684835 0.85823826],1,-1,-1,-1,-1
35696,[0.78895848 0.55540955],8,-1,-1,15,-1
35697,[0.25770657 0.32409732],0,5,"[0.23231087327800656, 0.30304944505444303]",1517,-1
35698,[0.72278743 0.68763798],1,4,"[0.7726811996944247, 0.7249303226766757]",393,0
35699,[0.84183934 0.5996663 ],1,-1,-1,-1,-1
35700,[0.66818397 0.61938099],9,-1,-1,-1,-1
35701,[0.77343553 0.83313237],1,-1,-1,163,-1
35702,[0.50467114 0.50935096],5,6,"[0.5164739970238864, 0.5319253761973344]",725,-1
35703,[0.27730054 0.16080072],0,-1,-1,121,-1
35704,[0.36658047 0.39181895],2,1,"[0.3897435781344088, 0.3417040596068965]",-1,-1
35705,[0.35547798 0.57309308],4,0,"[0.383291892093257, 0.5586820702346661]",-1,12
35706,[0.3676315  0.51589764],4,0,"[0.383291892093257, 0.5586820702346661]",1900,-1
35707,[0.6868685  0.60113343],9,-1,-1,267,-1
35708,[0.61621486 0.61113734],8,2,"[0.5921204552873188, 0.6383928111301557]",-1,-1
35709,[0.71144064 0.56339482],8,-1,-1,563,-1
35710,[0.49027951 0.50042259],5,6,"[0.5164739970238864, 0.5319253761973344]",873,-1
35711,[0.59978568 0.71603785],9,-1,-1,423,-1
35712,[0.46581857 0.57522677],5,6,"[0.5164739970238864, 0.5319253761973344]",-1,-1
35713,[0.82480222 0.66491812],1,-1,-1,334,0
35714,[0.33318182 0.247434  ],6,9,"[0.3110394802231661, 0.23517199738277297]",1489,-1
35715,[0.39247588 0.5406319 ],3,0,"[0.383291892093257, 0.5586820702346661]",-1,-1
35716,[0.60645862 0.51414675],8,-1,-1,1102,-1
35717,[0.31005106 0.28783018],2,9,"[0.3110394802231661, 0.23517199738277297]",1614,11
35718,[0.23044631 0.21555688],0,-1,-1,-1,-1
35719,[0.41621367 0.57016452],3,0,"[0.383291892093257, 0.5586820702346661]",1738,-1
35720,[0.39082158 0.44978287],3,-1,-1,-1,-1
35721,[0.29279878 0.35270607],2,-1,-1,1479,-1
35722,[0.26914388 0.31940579],2,5,"[0.23231087327800656, 0.30304944505444303]",-1,9
35723,[0.51141134 0.52547895],3,6,"[0.5164739970238864, 0.5319253761973344]",-1,-1
35724,[0.38090193 0.38267886],6,1,"[0.3897435781344088, 0.3417040596068965]",1006,-1
35725,[0.40836333 0.63560574],3,-1,-1,1046,-1
35726,[0.36221239 0.49950991],4,0,"[0.383291892093257, 0.5586820702346661]",-1,-1
35727,[0.27663995 0.50394532],7,8,"[0.27392971195344684, 0.45973140540928376]",-1,-1
35728,[0.59898887 0.58614453],8,2,"[0.5921204552873188, 0.6383928111301557]",1326,-1
35729,[0.63554391 0.48189664],8,3,"[0.6815204869410737, 0.47689852788858716]",-1,-1
35730,[0.37739386 0.65177278],3,-1,-1,-1,-1
35731,[0.86864921 0.61226632],1,-1,-1,-1,-1
35732,[0.51195619 0.6296942 ],9,-1,-1,934,-1
35733,[0.29832841 0.56995573],7,7,"[0.2817018170798153, 0.5849768676672948]",1837,-1
35734,[0.21743349 0.51675027],7,-1,-1,1090,-1
35735,[0.36613182 0.25184444],6,9,"[0.3110394802231661, 0.23517199738277297]",-1,-1
35736,[0.16219249 0.27053978],0,-1,-1,220,-1
35737,[0.40742693 0.20904113],6,-1,-1,-1,-1
35738,[0.85385678 0.8023419 ],1,-1,-1,-1,-1
35739,[0.44075178 0.50736216],4,-1,-1,1059,-1
35740,[0.81301672 0.77772639],1,4,"[0.7726811996944247, 0.7249303226766757]",-1,0
35741,[0.24373209 0.32944391],0,5,"[0.23231087327800656, 0.30304944505444303]",-1,-1
35742,[0.32405854 0.61693906],4,7,"[0.2817018170798153, 0.5849768676672948]",1544,-1
35743,[0.26791845 0.23388053],2,9,"[0.3110394802231661, 0.23517199738277297]",1137,-1
35744,[0.69360398 0.55075142],8,-1,-1,600,-1
35745,[0.691772   0.42524867],8,3,"[0.6815204869410737, 0.47689852788858716]",597,-1
35746,[0.39804622 0.55859732],3,0,"[0.383291892093257, 0.5586820702346661]",-1,-1
35747,[0.65073396 0.45307557],8,3,"[0.6815204869410737, 0.47689852788858716]",801,-1
35748,[0.29588299 0.57872219],7,7,"[0.2817018170798153, 0.5849768676672948]",-1,-1
35749,[0.21586578 0.46525011],7,8,"[0.27392971195344684, 0.45973140540928376]",331,-1
35750,[0.67651267 0.50196572],8,3,"[0.6815204869410737, 0.47689852788858716]",827,2
35751,[0.34991695 0.45464862],3,-1,-1,-1,-1
35752,[0.66722004 0.40907458],8,3,"[0.6815204869410737, 0.47689852788858716]",-1,-1
35753,[0.2673918  0.29655836],0,5,"[0.23231087327800656, 0.30304944505444303]",1657,-1
35754,[0.19751642 0.17122142],0,-1,-1,99,-1
35755,[0.66140354 0.66190828],9,-1,-1,-1,-1
35756,[0.19222814 0.35308899],0,5,"[0.23231087327800656, 0.30304944505444303]",-1,-1
35757,[0.48967874 0.54439205],5,6,"[0.5164739970238864, 0.5319253761973344]",-1,-1
35758,[0.66667274 0.41603474],8,3,"[0.6815204869410737, 0.47689852788858716]",515,-1
35759,[0.62350596 0.62571599],9,2,"[0.5921204552873188, 0.6383928111301557]",-1,-1
35760,[0.40054532 0.44494244],2,-1,-1,-1,-1
35761,[0.68681028 0.52708214],8,3,"[0.6815204869410737, 0.47689852788858716]",786,-1
35762,[0.85876668 0.71340406],1,-1,-1,313,0
35763,[0.54476524 0.63466916],9,2,"[0.5921204552873188, 0.6383928111301557]",-1,-1
35764,[0.33383623 0.63546524],3,-1,-1,-1,-1
35765,[0.29323437 0.44428031],7,8,"[0.27392971195344684, 0.45973140540928376]",1240,-1
35766,[0.59794214 0.60155988],9,2,"[0.5921204552873188, 0.6383928111301557]",-1,-1
35767,[0.80233319 0.71837162],1,4,"[0.7726811996944247, 0.7249303226766757]",-1,0
35768,[0.73960485 0.42283628],8,-1,-1,-1,-1
35769,[0.45034614 0.58110087],5,-1,-1,1223,4
35770,[0.20884444 0.52948325],4,-1,-1,-1,-1
35771,[0.28271797 0.53378996],4,7,"[0.2817018170798153, 0.5849768676672948]",1893,14
35772,[0.25071905 0.25877118],0,5,"[0.23231087327800656, 0.30304944505444303]",1310,-1
35773,[0.31990461 0.58278983],4,7,"[0.2817018170798153, 0.5849768676672948]",1963,-1
35774,[0.7150019  0.74202468],1,4,"[0.7726811996944247, 0.7249303226766757]",416,0
35775,[0.74162881 0.79216755],1,-1,-1,-1,0
35776,[0.25013697 0.55612991],7,7,"[0.2817018170798153, 0.5849768676672948]",1706,-1
35777,[0.37668077 0.23531693],2,9,"[0.3110394802231661, 0.23517199738277297]",-1,-1
35778,[0.52478904 0.6019984 ],9,-1,-1,1364,-1
35779,[0.69206665 0.5248801 ],8,3,"[0.6815204869410737, 0.47689852788858716]",786,-1
35780,[0.37730577 0.35826036],0,1,"[0.3897435781344088, 0.3417040596068965]",-1,-1
35781,[0.27455227 0.32202355],2,5,"[0.23231087327800656, 0.30304944505444303]",1585,9
35782,[0.56869603 0.6236029 ],9,2,"[0.5921204552873188, 0.6383928111301557]",-1,-1
35783,[0.3420019  0.32072439],2,1,"[0.3897435781344088, 0.3417040596068965]",1575,-1
35784,[0.34751369 0.51507699],3,0,"[0.383291892093257, 0.5586820702346661]",1927,-1
35785,[0.56437113 0.55398285],5,6,"[0.5164739970238864, 0.5319253761973344]",-1,6
35786,[0.77790292 0.71594547],1,4,"[0.7726811996944247, 0.7249303226766757]",477,0
35787,[0.352194   0.46181618],4,-1,-1,-1,-1
35788,[0.81608628 0.74276098],1,4,"[0.7726811996944247, 0.7249303226766757]",446,0
35789,[0.81755279 0.53909753],1,-1,-1,7,-1
35790,[0.33786796 0.38299869],3,1,"[0.3897435781344088, 0.3417040596068965]",-1,-1
35791,[0.29010525 0.49558573],4,8,"[0.27392971195344684, 0.45973140540928376]",-1,-1
35792,[0.44231481 0.45562902],2,-1,-1,270,-1
35793,[0.72239413 0.50198413],8,3,"[0.6815204869410737, 0.47689852788858716]",-1,-1
35794,[0.46200333 0.58888798],3,-1,-1,-1,4
35795,[0.86256049 0.75208335],1,-1,-1,130,0
35796,[0.54679185 0.62902649],3,2,"[0.5921204552873188, 0.6383928111301557]",1263,-1
35797,[0.38238129 0.30268897],0,1,"[0.3897435781344088, 0.3417040596068965]",1463,-1
35798,[0.26192066 0.2989665 ],2,5,"[0.23231087327800656, 0.30304944505444303]",1649,-1
35799,[0.31432804 0.62976052],7,7,"[0.2817018170798153, 0.5849768676672948]",1297,-1
35800,[0.40191735 0.35654663],6,1,"[0.3897435781344088, 0.3417040596068965]",-1,-1
35801,[0.33757611 0.1717954 ],0,9,"[0.3110394802231661, 0.23517199738277297]",98,-1
35802,[0.19179187 0.2868865 ],0,5,"[0.23231087327800656, 0.30304944505444303]",-1,-1
35803,[0.39596221 0.54961413],5,0,"[0.383291892093257, 0.5586820702346661]",1568,-1
35804,[0.31672235 0.31311633],2,-1,-1,-1,-1
35805,[0.51884244 0.4824372 ],5,6,"[0.5164739970238864, 0.5319253761973344]",604,-1
35806,[0.77442299 0.76369226],1,4,"[0.7726811996944247, 0.7249303226766757]",410,0
35807,[0.67166448 0.62336039],9,-1,-1,495,-1
35808,[0.30789485 0.37394264],2,-1,-1,1588,-1
35809,[0.56966426 0.42705089],5,-1,-1,-1,-1
35810,[0.46261838 0.29326983],6,-1,-1,-1,-1
35811,[0.54139052 0.66441115],5,2,"[0.5921204552873188, 0.6383928111301557]",943,-1
35812,[0.38058296 0.55401699],3,0,"[0.383291892093257, 0.5586820702346661]",1816,-1
35813,[0.69850277 0.49302169],8,3,"[0.6815204869410737, 0.47689852788858716]",-1,2
35814,[0.58494884 0.51284128],5,-1,-1,-1,-1
35815,[0.37938415 0.52620147],4,0,"[0.383291892093257, 0.5586820702346661]",1784,-1
35816,[0.44603412 0.38523668],6,-1,-1,-1,-1
35817,[0.43771253 0.48575359],7,-1,-1,-1,-1
35818,[0.29167883 0.55092401],7,7,"[0.2817018170798153, 0.5849768676672948]",-1,-1
35819,[0.23636136 0.32280216],0,5,"[0.23231087327800656, 0.30304944505444303]",1494,-1
35820,[0.34601295 0.30229797],2,1,"[0.3897435781344088, 0.3417040596068965]",1529,-1
35821,[0.25462343 0.36573633],2,5,"[0.23231087327800656, 0.30304944505444303]",-1,-1
35822,[0.50839886 0.62981516],5,-1,-1,934,-1
35823,[0.532334   0.54238249],5,6,"[0.5164739970238864, 0.5319253761973344]",1330,-1
35824,[0.25863917 0.24821315],0,9,"[0.3110394802231661, 0.23517199738277297]",1138,-1
35825,[0.26969834 0.24127162],2,9,"[0.3110394802231661, 0.23517199738277297]",1524,-1
35826,[0.55668897 0.63179644],9,2,"[0.5921204552873188, 0.6383928111301557]",1278,6
35827,[0.54189082 0.40557733],6,-1,-1,-1,-1
35828,[0.43634127 0.56241589],3,0,"[0.383291892093257, 0.5586820702346661]",-1,-1
35829,[0.19227425 0.3756829 ],7,-1,-1,300,-1
35830,[0.28150201 0.29108172],6,5,"[0.23231087327800656, 0.30304944505444303]",1687,11
35831,[0.71251708 0.79611106],1,-1,-1,-1,0
35832,[0.4790725  0.60343594],9,-1,-1,1153,-1
35833,[0.21201031 0.46225768],0,8,"[0.27392971195344684, 0.45973140540928376]",331,-1
35834,[0.25965618 0.29594471],0,5,"[0.23231087327800656, 0.30304944505444303]",-1,-1
35835,[0.31209703 0.35588341],2,-1,-1,1633,-1
35836,[0.69402333 0.48504031],8,3,"[0.6815204869410737, 0.47689852788858716]",-1,-1
35837,[0.2682775 0.4883248],2,8,"[0.27392971195344684, 0.45973140540928376]",-1,-1
35838,[0.31566913 0.38476788],7,-1,-1,1420,-1
35839,[0.37128501 0.5404333 ],7,0,"[0.383291892093257, 0.5586820702346661]",1806,-1
35840,[0.6633067  0.43476756],8,3,"[0.6815204869410737, 0.47689852788858716]",732,-1
35841,[0.66324798 0.66562775],9,-1,-1,638,-1
35842,[0.32003735 0.37007441],6,-1,-1,1392,-1
35843,[0.21943034 0.19281151],0,-1,-1,375,-1
35844,[0.79435721 0.59540915],1,-1,-1,-1,-1
35845,[0.35094105 0.40205786],0,-1,-1,905,-1
35846,[0.38569328 0.31684795],6,1,"[0.3897435781344088, 0.3417040596068965]",1142,-1
35847,[0.68728566 0.4712021 ],8,3,"[0.6815204869410737, 0.47689852788858716]",-1,2
35848,[0.34086898 0.61017312],4,7,"[0.2817018170798153, 0.5849768676672948]",-1,-1
35849,[0.65535154 0.46242293],8,3,"[0.6815204869410737, 0.47689852788858716]",800,-1
35850,[0.72573518 0.4721724 ],8,3,"[0.6815204869410737, 0.47689852788858716]",779,-1
35851,[0.31754925 0.33717226],6,-1,-1,1615,-1
35852,[0.36829318 0.48456825],3,-1,-1,1561,-1
35853,[0.49634787 0.40991628],5,-1,-1,52,-1
35854,[0.36839893 0.60137632],7,0,"[0.383291892093257, 0.5586820702346661]",1755,-1
35855,[0.47125732 0.49134053],5,6,"[0.5164739970238864, 0.5319253761973344]",875,-1
35856,[0.26867018 0.37367002],2,-1,-1,-1,-1
35857,[0.25831825 0.19082612],0,9,"[0.3110394802231661, 0.23517199738277297]",746,-1
35858,[0.22489536 0.56357407],4,7,"[0.2817018170798153, 0.5849768676672948]",690,-1
35859,[0.19217885 0.5463923 ],7,-1,-1,323,-1
35860,[0.3269025  0.50721074],4,-1,-1,-1,-1
35861,[0.54985389 0.72866305],9,-1,-1,-1,-1
35862,[0.43087678 0.26912611],0,-1,-1,532,-1
35863,[0.26324008 0.59320078],7,7,"[0.2817018170798153, 0.5849768676672948]",1655,-1
35864,[0.1777282  0.26859646],2,5,"[0.23231087327800656, 0.30304944505444303]",-1,-1
35865,[0.46053856 0.39450373],6,-1,-1,207,-1
35866,[0.41453887 0.58545662],4,0,"[0.383291892093257, 0.5586820702346661]",1716,-1
35867,[0.42855034 0.47922991],3,-1,-1,767,-1
35868,[0.33931734 0.2656078 ],6,9,"[0.3110394802231661, 0.23517199738277297]",-1,-1
35869,[0.73471782 0.69997234],1,4,"[0.7726811996944247, 0.7249303226766757]",437,0
35870,[0.5582583  0.51397596],5,6,"[0.5164739970238864, 0.5319253761973344]",770,-1
35871,[0.37565019 0.3357113 ],2,1,"[0.3897435781344088, 0.3417040596068965]",1476,-1
35872,[0.28796284 0.19146436],0,9,"[0.3110394802231661, 0.23517199738277297]",-1,-1
35873,[0.68990703 0.4574548 ],8,3,"[0.6815204869410737, 0.47689852788858716]",-1,-1
35874,[0.48918398 0.39244371],6,-1,-1,-1,-1
35875,[0.57387991 0.6689276 ],5,2,"[0.5921204552873188, 0.6383928111301557]",-1,-1
35876,[0.35186187 0.52792519],7,0,"[0.383291892093257, 0.5586820702346661]",1947,-1
35877,[0.31865556 0.45999512],6,8,"[0.27392971195344684, 0.45973140540928376]",1556,-1
35878,[0.30632305 0.54405631],4,7,"[0.2817018170798153, 0.5849768676672948]",-1,-1
35879,[0.64369705 0.43296015],8,3,"[0.6815204869410737, 0.47689852788858716]",731,-1
35880,[0.55155882 0.66190315],9,2,"[0.5921204552873188, 0.6383928111301557]",-1,-1
35881,[0.27101788 0.53346167],4,7,"[0.2817018170798153, 0.5849768676672948]",-1,-1
35882,[0.19603181 0.30683164],0,5,"[0.23231087327800656, 0.30304944505444303]",777,-1
35883,[0.48511149 0.61486118],9,-1,-1,-1,-1
35884,[0.76887495 0.55118189],8,-1,-1,84,-1
35885,[0.41489299 0.6138455 ],4,0,"[0.383291892093257, 0.5586820702346661]",1473,-1
35886,[0.76910928 0.69677309],1,4,"[0.7726811996944247, 0.7249303226766757]",448,0
35887,[0.28373941 0.42384122],7,8,"[0.27392971195344684, 0.45973140540928376]",1075,-1
35888,[0.77265057 0.6879416 ],1,4,"[0.7726811996944247, 0.7249303226766757]",-1,0
35889,[0.67263967 0.82682909],1,-1,-1,23,-1
35890,[0.27043155 0.5284574 ],4,7,"[0.2817018170798153, 0.5849768676672948]",1853,-1
35891,[0.48965177 0.6687376 ],9,-1,-1,305,-1
35892,[0.28822864 0.34021144],0,5,"[0.23231087327800656, 0.30304944505444303]",-1,-1
35893,[0.36549039 0.45782214],7,-1,-1,-1,-1
35894,[0.31006808 0.42275465],6,8,"[0.27392971195344684, 0.45973140540928376]",-1,-1
35895,[0.66912861 0.6709029 ],9,-1,-1,-1,-1
35896,[0.21958249 0.26277313],2,5,"[0.23231087327800656, 0.30304944505444303]",-1,-1
35897,[0.24194199 0.36976446],0,5,"[0.23231087327800656, 0.30304944505444303]",1149,-1
35898,[0.36680785 0.51784349],3,0,"[0.383291892093257, 0.5586820702346661]",1900,-1
35899,[0.54589187 0.61915198],9,2,"[0.5921204552873188, 0.6383928111301557]",-1,-1
35900,[0.16160914 0.52671825],7,-1,-1,-1,-1
35901,[0.35027797 0.54729539],3,0,"[0.383291892093257, 0.5586820702346661]",1928,-1
35902,[0.2662084  0.58926782],7,7,"[0.2817018170798153, 0.5849768676672948]",1655,-1
35903,[0.23394883 0.30708145],2,5,"[0.23231087327800656, 0.30304944505444303]",1567,-1
35904,[0.6727133  0.58115567],5,-1,-1,-1,-1
35905,[0.32584698 0.33507636],0,1,"[0.3897435781344088, 0.3417040596068965]",-1,-1
35906,[0.29427799 0.41712148],7,8,"[0.27392971195344684, 0.45973140540928376]",-1,-1
35907,[0.35848191 0.5736728 ],3,0,"[0.383291892093257, 0.5586820702346661]",-1,-1
35908,[0.378927   0.37810016],6,1,"[0.3897435781344088, 0.3417040596068965]",1006,-1
35909,[0.53858219 0.46348568],5,-1,-1,-1,-1
35910,[0.64862527 0.3820777 ],8,-1,-1,-1,-1
35911,[0.44063323 0.37441725],6,1,"[0.3897435781344088, 0.3417040596068965]",-1,-1
35912,[0.36537832 0.38617068],6,1,"[0.3897435781344088, 0.3417040596068965]",-1,-1
35913,[0.33626593 0.51167825],7,0,"[0.383291892093257, 0.5586820702346661]",1880,-1
35914,[0.55425626 0.4693443 ],5,-1,-1,757,-1
35915,[0.68435833 0.67451999],1,-1,-1,-1,-1
35916,[0.58069812 0.57785498],9,2,"[0.5921204552873188, 0.6383928111301557]",-1,6
35917,[0.4720394  0.42064214],7,-1,-1,-1,-1
35918,[0.31786606 0.45744923],4,8,"[0.27392971195344684, 0.45973140540928376]",-1,-1
35919,[0.52307046 0.58743469],9,6,"[0.5164739970238864, 0.5319253761973344]",-1,-1
35920,[0.41023019 0.58343827],5,0,"[0.383291892093257, 0.5586820702346661]",1715,-1
35921,[0.42167842 0.55978735],5,0,"[0.383291892093257, 0.5586820702346661]",1224,-1
35922,[0.47077533 0.33725892],6,-1,-1,529,-1
35923,[0.32846622 0.23568123],2,9,"[0.3110394802231661, 0.23517199738277297]",1001,-1
35924,[0.32023897 0.42504004],2,8,"[0.27392971195344684, 0.45973140540928376]",1017,-1
35925,[0.34828859 0.59267201],4,0,"[0.383291892093257, 0.5586820702346661]",1834,-1
35926,[0.31929429 0.66898306],4,-1,-1,169,-1
35927,[0.74258972 0.66220378],9,4,"[0.7726811996944247, 0.7249303226766757]",-1,0
35928,[0.2632778  0.39363012],2,8,"[0.27392971195344684, 0.45973140540928376]",945,-1
35929,[0.18548373 0.50480881],7,-1,-1,-1,-1
35930,[0.30989966 0.25972179],2,9,"[0.3110394802231661, 0.23517199738277297]",-1,-1
35931,[0.21556293 0.29126831],0,5,"[0.23231087327800656, 0.30304944505444303]",1113,-1
35932,[0.67758485 0.41075937],8,3,"[0.6815204869410737, 0.47689852788858716]",592,-1
35933,[0.42134635 0.25768642],6,-1,-1,610,-1
35934,[0.81867671 0.84832925],1,-1,-1,-1,-1
35935,[0.62358175 0.53708352],8,-1,-1,-1,-1
35936,[0.62872575 0.57431618],9,-1,-1,1195,-1
35937,[0.17403313 0.42537479],2,-1,-1,-1,-1
35938,[0.71993959 0.49080293],8,3,"[0.6815204869410737, 0.47689852788858716]",680,-1
35939,[0.69655671 0.41051694],8,3,"[0.6815204869410737, 0.47689852788858716]",-1,-1
35940,[0.56708401 0.52784533],5,6,"[0.5164739970238864, 0.5319253761973344]",1373,-1
35941,[0.30575694 0.5707268 ],7,7,"[0.2817018170798153, 0.5849768676672948]",1925,-1
35942,[0.55581294 0.44828497],5,-1,-1,249,-1
35943,[0.73255654 0.45720364],8,3,"[0.6815204869410737, 0.47689852788858716]",-1,-1
35944,[0.33793297 0.16701124],0,-1,-1,-1,-1
35945,[0.61605829 0.6493829 ],9,2,"[0.5921204552873188, 0.6383928111301557]",-1,-1
35946,[0.35872434 0.61463914],3,0,"[0.383291892093257, 0.5586820702346661]",-1,-1
35947,[0.32897009 0.34622368],2,1,"[0.3897435781344088, 0.3417040596068965]",1617,-1
35948,[0.32920945 0.51006723],7,-1,-1,1920,-1
35949,[0.58916168 0.5610075 ],9,-1,-1,1253,-1
35950,[0.59093249 0.49493725],9,-1,-1,-1,-1
35951,[0.64336393 0.53796038],8,-1,-1,-1,-1
35952,[0.72467598 0.76394657],1,4,"[0.7726811996944247, 0.7249303226766757]",-1,0
35953,[0.25765793 0.64783248],4,7,"[0.2817018170798153, 0.5849768676672948]",324,-1
35954,[0.35953367 0.30053367],2,1,"[0.3897435781344088, 0.3417040596068965]",1537,-1
35955,[0.28251191 0.56602671],4,7,"[0.2817018170798153, 0.5849768676672948]",1903,-1
35956,[0.53970504 0.64905687],9,2,"[0.5921204552873188, 0.6383928111301557]",-1,-1
35957,[0.19369023 0.26394241],2,5,"[0.23231087327800656, 0.30304944505444303]",1012,-1
35958,[0.64766142 0.3587919 ],8,-1,-1,-1,-1
35959,[0.78948493 0.64945726],1,-1,-1,329,0
35960,[0.53640594 0.56704125],5,6,"[0.5164739970238864, 0.5319253761973344]",1360,-1
35961,[0.34287959 0.2506256 ],2,9,"[0.3110394802231661, 0.23517199738277297]",-1,-1
35962,[0.56365102 0.68025788],9,2,"[0.5921204552873188, 0.6383928111301557]",1034,-1
35963,[0.32170158 0.60201232],4,7,"[0.2817018170798153, 0.5849768676672948]",1939,-1
35964,[0.7185388  0.42334246],8,3,"[0.6815204869410737, 0.47689852788858716]",-1,-1
35965,[0.2761551  0.27493114],0,5,"[0.23231087327800656, 0.30304944505444303]",-1,-1
35966,[0.20334462 0.27440468],2,5,"[0.23231087327800656, 0.30304944505444303]",1111,-1
35967,[0.39715082 0.31220791],6,1,"[0.3897435781344088, 0.3417040596068965]",-1,-1
35968,[0.39184361 0.59006363],3,0,"[0.383291892093257, 0.5586820702346661]",1722,-1
35969,[0.33018912 0.51358038],7,0,"[0.383291892093257, 0.5586820702346661]",-1,15
35970,[0.53187555 0.64773373],9,2,"[0.5921204552873188, 0.6383928111301557]",-1,-1
35971,[0.26719117 0.53466219],7,7,"[0.2817018170798153, 0.5849768676672948]",-1,-1
35972,[0.31995343 0.22954018],2,9,"[0.3110394802231661, 0.23517199738277297]",-1,-1
35973,[0.31397793 0.48769238],7,8,"[0.27392971195344684, 0.45973140540928376]",1857,-1
35974,[0.30862812 0.30472273],0,9,"[0.3110394802231661, 0.23517199738277297]",-1,-1
35975,[0.23182423 0.27064455],0,5,"[0.23231087327800656, 0.30304944505444303]",1363,-1
35976,[0.80922292 0.73204949],1,4,"[0.7726811996944247, 0.7249303226766757]",457,0
35977,[0.80015926 0.68283914],1,4,"[0.7726811996944247, 0.7249303226766757]",354,0
35978,[0.65589542 0.45886169],8,3,"[0.6815204869410737, 0.47689852788858716]",-1,-1
35979,[0.66239635 0.60333792],9,-1,-1,-1,-1
35980,[0.35223479 0.61471816],4,0,"[0.383291892093257, 0.5586820702346661]",1830,-1
35981,[0.67489206 0.4167178 ],8,3,"[0.6815204869410737, 0.47689852788858716]",612,-1
35982,[0.28733301 0.37425912],0,-1,-1,-1,-1
35983,[0.70315605 0.49088014],8,3,"[0.6815204869410737, 0.47689852788858716]",831,-1
35984,[0.53259207 0.49486116],5,6,"[0.5164739970238864, 0.5319253761973344]",1096,-1
35985,[0.44567498 0.52072949],3,-1,-1,1435,-1
35986,[0.74906008 0.73156581],1,4,"[0.7726811996944247, 0.7249303226766757]",424,0
35987,[0.70084239 0.44842925],8,3,"[0.6815204869410737, 0.47689852788858716]",594,-1
35988,[0.63156376 0.46087905],8,3,"[0.6815204869410737, 0.47689852788858716]",-1,-1
35989,[0.64307378 0.60979685],9,2,"[0.5921204552873188, 0.6383928111301557]",613,-1
35990,[0.26348718 0.55137021],7,7,"[0.2817018170798153, 0.5849768676672948]",1704,-1
35991,[0.83977745 0.68204032],1,-1,-1,-1,0
35992,[0.28009939 0.21614334],0,9,"[0.3110394802231661, 0.23517199738277297]",1355,-1
35993,[0.33686711 0.4206838 ],7,-1,-1,917,-1
35994,[0.39721873 0.30370012],6,1,"[0.3897435781344088, 0.3417040596068965]",1396,-1
35995,[0.26145332 0.3755601 ],2,-1,-1,1221,-1
35996,[0.53234262 0.57605161],9,6,"[0.5164739970238864, 0.5319253761973344]",1372,-1
35997,[0.72070434 0.77518601],1,-1,-1,315,0
35998,[0.7686933  0.71140066],1,4,"[0.7726811996944247, 0.7249303226766757]",-1,0
35999,[0.24780583 0.56225245],7,7,"[0.2817018170798153, 0.5849768676672948]",-1,-1
36000,[0.18484984 0.19023517],0,-1,-1,165,-1
36001,[0.31418265 0.26712237],0,9,"[0.3110394802231661, 0.23517199738277297]",1508,-1
36002,[0.62928536 0.44816286],5,3,"[0.6815204869410737, 0.47689852788858716]",-1,-1
36003,[0.21159976 0.2219792 ],2,-1,-1,-1,-1
36004,[0.24140887 0.58149984],7,7,"[0.2817018170798153, 0.5849768676672948]",-1,-1
36005,[0.59998981 0.62583137],9,2,"[0.5921204552873188, 0.6383928111301557]",-1,-1
36006,[0.35356382 0.52328221],3,0,"[0.383291892093257, 0.5586820702346661]",-1,-1
36007,[0.57745747 0.58083881],5,2,"[0.5921204552873188, 0.6383928111301557]",-1,6
36008,[0.34994409 0.50783704],3,0,"[0.383291892093257, 0.5586820702346661]",1801,-1
36009,[0.38857428 0.56420133],4,0,"[0.383291892093257, 0.5586820702346661]",1772,-1
36010,[0.33152426 0.56052272],4,0,"[0.383291892093257, 0.5586820702346661]",-1,-1
36011,[0.27834934 0.23326923],0,9,"[0.3110394802231661, 0.23517199738277297]",-1,-1
36012,[0.27950782 0.30810259],6,5,"[0.23231087327800656, 0.30304944505444303]",-1,-1
36013,[0.30559322 0.62523619],3,7,"[0.2817018170798153, 0.5849768676672948]",1131,-1
36014,[0.42123226 0.42265663],6,-1,-1,403,-1
36015,[0.34136382 0.53487532],7,0,"[0.383291892093257, 0.5586820702346661]",1954,16
36016,[0.35460299 0.26926578],2,9,"[0.3110394802231661, 0.23517199738277297]",-1,-1
36017,[0.31956727 0.64005791],4,7,"[0.2817018170798153, 0.5849768676672948]",887,-1
36018,[0.24464939 0.59100063],4,7,"[0.2817018170798153, 0.5849768676672948]",929,-1
36019,[0.60356578 0.49352777],5,-1,-1,843,-1
36020,[0.35067456 0.61843557],3,0,"[0.383291892093257, 0.5586820702346661]",1830,-1
36021,[0.37313083 0.56913966],4,0,"[0.383291892093257, 0.5586820702346661]",1832,12
36022,[0.26683069 0.47381686],7,8,"[0.27392971195344684, 0.45973140540928376]",-1,-1
36023,[0.5320121  0.65880487],9,2,"[0.5921204552873188, 0.6383928111301557]",1199,-1
36024,[0.25552259 0.48643145],2,8,"[0.27392971195344684, 0.45973140540928376]",1709,-1
36025,[0.22128547 0.41875428],2,8,"[0.27392971195344684, 0.45973140540928376]",498,-1
36026,[0.63983172 0.4899541 ],8,3,"[0.6815204869410737, 0.47689852788858716]",819,1
36027,[0.50082908 0.57773471],5,6,"[0.5164739970238864, 0.5319253761973344]",-1,-1
36028,[0.57242871 0.52436665],5,6,"[0.5164739970238864, 0.5319253761973344]",1198,-1
36029,[0.26117339 0.29110087],0,5,"[0.23231087327800656, 0.30304944505444303]",1645,-1
36030,[0.30702712 0.22678607],0,9,"[0.3110394802231661, 0.23517199738277297]",971,-1
36031,[0.38584226 0.43894015],6,-1,-1,-1,-1
36032,[0.5469664 0.6160112],5,2,"[0.5921204552873188, 0.6383928111301557]",1216,-1
36033,[0.66116236 0.44443011],8,3,"[0.6815204869410737, 0.47689852788858716]",732,-1
36034,[0.71021117 0.5208439 ],8,3,"[0.6815204869410737, 0.47689852788858716]",569,-1
36035,[0.83545815 0.44723946],8,-1,-1,1,-1
36036,[0.56713302 0.70321017],9,2,"[0.5921204552873188, 0.6383928111301557]",-1,-1
36037,[0.27735096 0.36589615],2,-1,-1,1265,-1
36038,[0.2718564  0.32116482],0,5,"[0.23231087327800656, 0.30304944505444303]",1585,9
36039,[0.36477177 0.68999806],4,-1,-1,-1,-1
36040,[0.26895425 0.51514704],7,8,"[0.27392971195344684, 0.45973140540928376]",-1,-1
36041,[0.42571912 0.34296951],6,1,"[0.3897435781344088, 0.3417040596068965]",973,-1
36042,[0.70043591 0.60588787],8,-1,-1,273,-1
36043,[0.27364963 0.5147698 ],7,8,"[0.27392971195344684, 0.45973140540928376]",1887,-1
36044,[0.66183164 0.68287179],9,-1,-1,-1,-1
36045,[0.77892034 0.70507113],1,4,"[0.7726811996944247, 0.7249303226766757]",-1,0
36046,[0.39012271 0.48536505],3,-1,-1,-1,-1
36047,[0.619454   0.47949269],8,3,"[0.6815204869410737, 0.47689852788858716]",-1,-1
36048,[0.64304838 0.55641192],9,-1,-1,1115,-1
36049,[0.54187188 0.63235062],9,2,"[0.5921204552873188, 0.6383928111301557]",1262,-1
36050,[0.76428807 0.71441314],1,4,"[0.7726811996944247, 0.7249303226766757]",467,0
36051,[0.72664094 0.764935  ],1,4,"[0.7726811996944247, 0.7249303226766757]",-1,0
36052,[0.81400029 0.6509555 ],1,-1,-1,255,0
36053,[0.25435288 0.56115572],7,7,"[0.2817018170798153, 0.5849768676672948]",-1,-1
36054,[0.29528434 0.43672194],2,8,"[0.27392971195344684, 0.45973140540928376]",-1,-1
36055,[0.34824283 0.49742531],7,-1,-1,1871,-1
36056,[0.36012729 0.63224792],4,-1,-1,1304,-1
36057,[0.39394412 0.62881517],3,-1,-1,751,-1
36058,[0.54283145 0.62148228],9,2,"[0.5921204552873188, 0.6383928111301557]",1270,-1
36059,[0.3409146  0.53034769],4,0,"[0.383291892093257, 0.5586820702346661]",-1,16
36060,[0.24824968 0.29502034],0,5,"[0.23231087327800656, 0.30304944505444303]",-1,-1
36061,[0.32345812 0.36091296],2,1,"[0.3897435781344088, 0.3417040596068965]",1485,-1
36062,[0.39938481 0.28677136],6,1,"[0.3897435781344088, 0.3417040596068965]",1077,-1
36063,[0.3177708  0.47040707],7,8,"[0.27392971195344684, 0.45973140540928376]",1523,-1
36064,[0.43335759 0.59340266],3,0,"[0.383291892093257, 0.5586820702346661]",-1,-1
36065,[0.71752725 0.48849507],8,3,"[0.6815204869410737, 0.47689852788858716]",-1,-1
36066,[0.30117564 0.52151218],4,7,"[0.2817018170798153, 0.5849768676672948]",-1,-1
36067,[0.31733578 0.43347398],2,8,"[0.27392971195344684, 0.45973140540928376]",-1,-1
36068,[0.31944062 0.47598342],3,8,"[0.27392971195344684, 0.45973140540928376]",-1,-1
36069,[0.75458854 0.71572713],1,4,"[0.7726811996944247, 0.7249303226766757]",462,0
36070,[0.31809079 0.45299365],7,8,"[0.27392971195344684, 0.45973140540928376]",-1,-1
36071,[0.29276262 0.51653229],3,8,"[0.27392971195344684, 0.45973140540928376]",1914,14
36072,[0.57587748 0.61762618],9,2,"[0.5921204552873188, 0.6383928111301557]",1419,-1
36073,[0.7578133  0.52983161],1,-1,-1,-1,-1
36074,[0.33760455 0.58532451],4,0,"[0.383291892093257, 0.5586820702346661]",-1,-1
36075,[0.69752021 0.61893934],1,-1,-1,275,-1
36076,[0.63014865 0.53716047],5,-1,-1,-1,-1
36077,[0.27785553 0.26502671],0,9,"[0.3110394802231661, 0.23517199738277297]",-1,-1
36078,[0.38053361 0.44943642],3,-1,-1,-1,-1
36079,[0.53657724 0.5840348 ],9,6,"[0.5164739970238864, 0.5319253761973344]",-1,6
36080,[0.37537591 0.61481894],4,0,"[0.383291892093257, 0.5586820702346661]",1513,-1
36081,[0.42090234 0.36916751],6,1,"[0.3897435781344088, 0.3417040596068965]",-1,-1
36082,[0.73923378 0.65806083],1,-1,-1,356,0
36083,[0.70338847 0.57539626],8,-1,-1,235,-1
36084,[0.2514229  0.58523372],4,7,"[0.2817018170798153, 0.5849768676672948]",-1,-1
36085,[0.52264274 0.52033627],5,6,"[0.5164739970238864, 0.5319253761973344]",-1,-1
36086,[0.26160376 0.59760603],4,7,"[0.2817018170798153, 0.5849768676672948]",-1,-1
36087,[0.51729783 0.5259318 ],5,6,"[0.5164739970238864, 0.5319253761973344]",1192,-1
36088,[0.26529106 0.37258296],2,-1,-1,-1,-1
36089,[0.36227317 0.2973108 ],6,1,"[0.3897435781344088, 0.3417040596068965]",-1,-1
36090,[0.66452144 0.551323  ],9,-1,-1,670,-1
36091,[0.4542816 0.4057342],6,-1,-1,207,-1
36092,[0.73852718 0.39065925],8,-1,-1,149,-1
36093,[0.37329538 0.65706667],4,-1,-1,702,-1
36094,[0.29560947 0.39002151],2,-1,-1,1068,-1
36095,[0.33478555 0.31484409],2,1,"[0.3897435781344088, 0.3417040596068965]",1683,-1
36096,[0.41644783 0.48220005],5,-1,-1,-1,-1
36097,[0.49092145 0.59220704],9,6,"[0.5164739970238864, 0.5319253761973344]",752,-1
36098,[0.74461478 0.78217971],1,4,"[0.7726811996944247, 0.7249303226766757]",-1,0
36099,[0.77284749 0.69620815],1,4,"[0.7726811996944247, 0.7249303226766757]",448,0
36100,[0.30797893 0.47077741],7,8,"[0.27392971195344684, 0.45973140540928376]",1733,-1
36101,[0.4629171 0.3480732],6,-1,-1,531,-1
36102,[0.50831912 0.54604668],5,6,"[0.5164739970238864, 0.5319253761973344]",1186,3
36103,[0.4987489  0.48870077],5,6,"[0.5164739970238864, 0.5319253761973344]",605,-1
36104,[0.30661188 0.40993614],2,8,"[0.27392971195344684, 0.45973140540928376]",928,-1
36105,[0.34563461 0.55800246],3,0,"[0.383291892093257, 0.5586820702346661]",1956,-1
36106,[0.64627571 0.59282815],5,-1,-1,1013,-1
36107,[0.60513148 0.47203616],8,-1,-1,-1,-1
36108,[0.74819103 0.44599278],8,-1,-1,263,-1
36109,[0.2659413 0.2798314],2,5,"[0.23231087327800656, 0.30304944505444303]",-1,-1
36110,[0.50551887 0.60918938],3,-1,-1,1133,-1
36111,[0.62374396 0.64445348],9,2,"[0.5921204552873188, 0.6383928111301557]",1163,-1
36112,[0.29935567 0.50288788],7,8,"[0.27392971195344684, 0.45973140540928376]",1889,-1
36113,[0.45584432 0.34235976],6,1,"[0.3897435781344088, 0.3417040596068965]",531,-1
36114,[0.37032185 0.36064842],6,1,"[0.3897435781344088, 0.3417040596068965]",1088,-1
36115,[0.86403418 0.68207183],1,-1,-1,-1,-1
36116,[0.29246565 0.16032109],0,-1,-1,-1,-1
36117,[0.33788331 0.67384937],7,-1,-1,-1,-1
36118,[0.76241267 0.68730806],1,4,"[0.7726811996944247, 0.7249303226766757]",-1,0
36119,[0.77439962 0.65230602],1,-1,-1,327,0
36120,[0.5918536  0.48890759],8,-1,-1,-1,-1
36121,[0.58866767 0.51895344],9,-1,-1,1102,-1
36122,[0.30329048 0.30384221],2,9,"[0.3110394802231661, 0.23517199738277297]",-1,-1
36123,[0.33925883 0.30204076],0,1,"[0.3897435781344088, 0.3417040596068965]",-1,-1
36124,[0.27882003 0.2856322 ],2,5,"[0.23231087327800656, 0.30304944505444303]",-1,11
36125,[0.53312315 0.6810805 ],9,-1,-1,-1,-1
36126,[0.28349536 0.59223476],7,7,"[0.2817018170798153, 0.5849768676672948]",-1,-1
36127,[0.24886821 0.49573432],3,8,"[0.27392971195344684, 0.45973140540928376]",-1,-1
36128,[0.41835134 0.19030273],6,-1,-1,-1,-1
36129,[0.63445171 0.55339028],8,-1,-1,1104,-1
36130,[0.65421655 0.57657513],9,-1,-1,-1,-1
36131,[0.30373272 0.50223518],7,8,"[0.27392971195344684, 0.45973140540928376]",1858,-1
36132,[0.72263532 0.81250806],1,-1,-1,89,-1
36133,[0.60893483 0.68318868],9,2,"[0.5921204552873188, 0.6383928111301557]",658,-1
36134,[0.53214928 0.45321102],5,-1,-1,198,-1
36135,[0.64922603 0.56248029],8,-1,-1,1110,-1
36136,[0.61966073 0.43124337],8,-1,-1,285,-1
36137,[0.55511935 0.67609768],9,2,"[0.5921204552873188, 0.6383928111301557]",-1,-1
36138,[0.78309129 0.23860518],8,-1,-1,-1,-1
36139,[0.33657753 0.45657788],7,8,"[0.27392971195344684, 0.45973140540928376]",1387,-1
36140,[0.30295876 0.46435   ],2,8,"[0.27392971195344684, 0.45973140540928376]",-1,-1
36141,[0.17398921 0.34948152],0,-1,-1,-1,-1
36142,[0.7461485  0.65450328],1,-1,-1,336,0
36143,[0.35579953 0.56373821],7,0,"[0.383291892093257, 0.5586820702346661]",-1,-1
36144,[0.76999242 0.82728024],1,-1,-1,163,-1
36145,[0.21414233 0.25659663],2,5,"[0.23231087327800656, 0.30304944505444303]",-1,-1
36146,[0.4851583  0.50343636],5,6,"[0.5164739970238864, 0.5319253761973344]",873,-1
36147,[0.29512475 0.36012335],6,-1,-1,-1,-1
36148,[0.54574548 0.54511959],5,6,"[0.5164739970238864, 0.5319253761973344]",-1,6
36149,[0.35328693 0.66867191],4,-1,-1,-1,-1
36150,[0.27094082 0.50489123],7,8,"[0.27392971195344684, 0.45973140540928376]",-1,-1
36151,[0.42500534 0.31986542],6,1,"[0.3897435781344088, 0.3417040596068965]",-1,-1
36152,[0.38658487 0.57792155],3,0,"[0.383291892093257, 0.5586820702346661]",-1,-1
36153,[0.26152156 0.4262161 ],7,8,"[0.27392971195344684, 0.45973140540928376]",692,-1
36154,[0.3141441  0.55144811],4,7,"[0.2817018170798153, 0.5849768676672948]",-1,17
36155,[0.39638354 0.38102505],6,1,"[0.3897435781344088, 0.3417040596068965]",759,-1
36156,[0.42421884 0.53349883],4,0,"[0.383291892093257, 0.5586820702346661]",1469,-1
36157,[0.64970172 0.59266184],9,-1,-1,1013,-1
36158,[0.40757153 0.51412387],4,0,"[0.383291892093257, 0.5586820702346661]",1638,-1
36159,[0.67921303 0.70183051],1,-1,-1,-1,0
36160,[0.3495395 0.3887431],2,1,"[0.3897435781344088, 0.3417040596068965]",994,-1
36161,[0.23005983 0.46697512],7,8,"[0.27392971195344684, 0.45973140540928376]",-1,-1
36162,[0.26415964 0.34124289],2,5,"[0.23231087327800656, 0.30304944505444303]",-1,-1
36163,[0.36117631 0.26811816],2,9,"[0.3110394802231661, 0.23517199738277297]",1156,-1
36164,[0.55783271 0.51889051],5,6,"[0.5164739970238864, 0.5319253761973344]",1300,-1
36165,[0.48411651 0.57460856],5,6,"[0.5164739970238864, 0.5319253761973344]",1225,-1
36166,[0.25806799 0.48404672],7,8,"[0.27392971195344684, 0.45973140540928376]",1709,-1
36167,[0.34123787 0.48606587],4,-1,-1,1891,-1
36168,[0.31283017 0.51982328],4,-1,-1,-1,-1
36169,[0.30520235 0.42045397],7,8,"[0.27392971195344684, 0.45973140540928376]",-1,-1
36170,[0.21994486 0.4793895 ],7,8,"[0.27392971195344684, 0.45973140540928376]",-1,-1
36171,[0.35332867 0.27727187],0,9,"[0.3110394802231661, 0.23517199738277297]",-1,-1
36172,[0.42441011 0.50700374],3,0,"[0.383291892093257, 0.5586820702346661]",-1,-1
36173,[0.28096072 0.53825742],4,7,"[0.2817018170798153, 0.5849768676672948]",1894,-1
36174,[0.52711828 0.69434967],9,-1,-1,555,-1
36175,[0.23734087 0.68810864],4,-1,-1,-1,-1
36176,[0.49426607 0.72450141],9,-1,-1,-1,-1
36177,[0.36773594 0.61506508],3,0,"[0.383291892093257, 0.5586820702346661]",-1,-1
36178,[0.46265606 0.57985319],5,-1,-1,1232,-1
36179,[0.60589476 0.57365761],9,2,"[0.5921204552873188, 0.6383928111301557]",-1,-1
36180,[0.47755591 0.44282841],5,-1,-1,180,-1
36181,[0.60108648 0.60418035],9,2,"[0.5921204552873188, 0.6383928111301557]",1307,-1
36182,[0.43599926 0.28273862],6,-1,-1,719,-1
36183,[0.24579479 0.47030121],4,8,"[0.27392971195344684, 0.45973140540928376]",1152,-1
36184,[0.22453569 0.49516206],7,8,"[0.27392971195344684, 0.45973140540928376]",-1,-1
36185,[0.57518628 0.77376239],9,-1,-1,-1,-1
36186,[0.34528491 0.57061932],3,0,"[0.383291892093257, 0.5586820702346661]",-1,-1
36187,[0.57107435 0.63417577],9,2,"[0.5921204552873188, 0.6383928111301557]",-1,-1
36188,[0.60787557 0.55671814],8,-1,-1,1311,-1
36189,[0.5660744  0.57970049],9,2,"[0.5921204552873188, 0.6383928111301557]",-1,6
36190,[0.20197699 0.22586702],0,-1,-1,557,-1
36191,[0.38349626 0.54029082],7,0,"[0.383291892093257, 0.5586820702346661]",1812,-1
36192,[0.70664754 0.77039716],1,-1,-1,228,0
36193,[0.4074679  0.34313395],6,1,"[0.3897435781344088, 0.3417040596068965]",998,-1
36194,[0.31749245 0.5533495 ],3,7,"[0.2817018170798153, 0.5849768676672948]",-1,17
36195,[0.31404558 0.60375874],7,7,"[0.2817018170798153, 0.5849768676672948]",-1,-1
36196,[0.48688359 0.55931677],5,6,"[0.5164739970238864, 0.5319253761973344]",1184,-1
36197,[0.52838476 0.62627164],9,2,"[0.5921204552873188, 0.6383928111301557]",1143,-1
36198,[0.39574314 0.30205819],6,1,"[0.3897435781344088, 0.3417040596068965]",1396,-1
36199,[0.28252225 0.56891742],4,7,"[0.2817018170798153, 0.5849768676672948]",-1,-1
36200,[0.25711807 0.32476374],6,5,"[0.23231087327800656, 0.30304944505444303]",1517,-1
36201,[0.63221123 0.498894  ],8,3,"[0.6815204869410737, 0.47689852788858716]",795,-1
36202,[0.57446506 0.51540317],5,6,"[0.5164739970238864, 0.5319253761973344]",1035,-1
36203,[0.55749246 0.54181183],5,6,"[0.5164739970238864, 0.5319253761973344]",1409,-1
36204,[0.56215578 0.44957336],8,-1,-1,-1,-1
36205,[0.30570585 0.5764747 ],7,7,"[0.2817018170798153, 0.5849768676672948]",-1,-1
36206,[0.54912448 0.54550139],5,6,"[0.5164739970238864, 0.5319253761973344]",1408,6
36207,[0.5598409  0.65280094],9,2,"[0.5921204552873188, 0.6383928111301557]",1196,-1
36208,[0.32215133 0.49052305],7,8,"[0.27392971195344684, 0.45973140540928376]",1868,-1
36209,[0.40063669 0.62072802],3,0,"[0.383291892093257, 0.5586820702346661]",1577,-1
36210,[0.28457001 0.52756753],7,7,"[0.2817018170798153, 0.5849768676672948]",-1,14
36211,[0.33704897 0.34060851],2,1,"[0.3897435781344088, 0.3417040596068965]",-1,-1
36212,[0.28514164 0.33283576],6,5,"[0.23231087327800656, 0.30304944505444303]",-1,-1
36213,[0.38659166 0.5251399 ],4,0,"[0.383291892093257, 0.5586820702346661]",1777,-1
36214,[0.73709904 0.61746407],8,-1,-1,131,-1
36215,[0.80740391 0.7460964 ],1,4,"[0.7726811996944247, 0.7249303226766757]",-1,0
36216,[0.25704882 0.46511676],7,8,"[0.27392971195344684, 0.45973140540928376]",1595,-1
36217,[0.65325889 0.64510204],9,2,"[0.5921204552873188, 0.6383928111301557]",-1,-1
36218,[0.44888891 0.58038325],3,0,"[0.383291892093257, 0.5586820702346661]",1223,4
36219,[0.29582743 0.46131277],7,8,"[0.27392971195344684, 0.45973140540928376]",-1,-1
36220,[0.45754891 0.45437887],6,-1,-1,270,-1
36221,[0.60029846 0.68563572],1,2,"[0.5921204552873188, 0.6383928111301557]",658,-1
36222,[0.3482722  0.29685797],0,1,"[0.3897435781344088, 0.3417040596068965]",1666,-1
36223,[0.1898429  0.30829532],2,5,"[0.23231087327800656, 0.30304944505444303]",-1,-1
36224,[0.32864021 0.42760563],7,8,"[0.27392971195344684, 0.45973140540928376]",-1,-1
36225,[0.63136293 0.55115471],9,-1,-1,-1,-1
36226,[0.26408797 0.56462955],3,7,"[0.2817018170798153, 0.5849768676672948]",1851,-1
36227,[0.69845279 0.42609177],8,3,"[0.6815204869410737, 0.47689852788858716]",-1,-1
36228,[0.57554161 0.53358868],9,6,"[0.5164739970238864, 0.5319253761973344]",1400,-1
36229,[0.3240685  0.54226114],4,7,"[0.2817018170798153, 0.5849768676672948]",1978,-1
36230,[0.41298414 0.33162006],6,1,"[0.3897435781344088, 0.3417040596068965]",-1,-1
36231,[0.27293095 0.26245392],0,9,"[0.3110394802231661, 0.23517199738277297]",1606,-1
36232,[0.22143118 0.24821819],2,5,"[0.23231087327800656, 0.30304944505444303]",1021,-1
36233,[0.72551156 0.45237912],8,3,"[0.6815204869410737, 0.47689852788858716]",693,-1
36234,[0.40085303 0.50809101],3,0,"[0.383291892093257, 0.5586820702346661]",-1,-1
36235,[0.25527784 0.57182644],4,7,"[0.2817018170798153, 0.5849768676672948]",-1,-1
36236,[0.34379464 0.55600001],3,0,"[0.383291892093257, 0.5586820702346661]",1955,-1
36237,[0.2186855  0.51213232],7,-1,-1,1089,-1
36238,[0.34742453 0.56782039],4,0,"[0.383291892093257, 0.5586820702346661]",1901,-1
36239,[0.41266084 0.3650967 ],6,1,"[0.3897435781344088, 0.3417040596068965]",976,-1
36240,[0.37413552 0.58303751],3,0,"[0.383291892093257, 0.5586820702346661]",1867,12
36241,[0.80357415 0.76983375],1,4,"[0.7726811996944247, 0.7249303226766757]",428,0
36242,[0.72641063 0.50455479],8,3,"[0.6815204869410737, 0.47689852788858716]",574,-1
36243,[0.73546604 0.39568304],8,-1,-1,269,-1
36244,[0.40293118 0.4900282 ],3,-1,-1,-1,-1
36245,[0.4913698  0.69744179],5,-1,-1,-1,-1
36246,[0.45294454 0.33089884],6,1,"[0.3897435781344088, 0.3417040596068965]",528,-1
36247,[0.23695617 0.29434183],0,5,"[0.23231087327800656, 0.30304944505444303]",1298,-1
36248,[0.61337173 0.65986149],9,2,"[0.5921204552873188, 0.6383928111301557]",902,-1
36249,[0.16507606 0.25181068],0,-1,-1,172,-1
36250,[0.33465644 0.60255799],4,7,"[0.2817018170798153, 0.5849768676672948]",1864,-1
36251,[0.44283775 0.63701188],3,-1,-1,-1,-1
36252,[0.790093   0.73655619],1,4,"[0.7726811996944247, 0.7249303226766757]",471,0
36253,[0.49630098 0.60304805],5,-1,-1,-1,-1
36254,[0.65450072 0.53582681],8,3,"[0.6815204869410737, 0.47689852788858716]",668,-1
36255,[0.69692927 0.38377332],8,-1,-1,217,-1
36256,[0.53009852 0.63620101],9,2,"[0.5921204552873188, 0.6383928111301557]",-1,-1
36257,[0.34694645 0.53804786],4,0,"[0.383291892093257, 0.5586820702346661]",1970,16
36258,[0.3774437  0.30337037],6,1,"[0.3897435781344088, 0.3417040596068965]",-1,-1
36259,[0.35569289 0.59041036],3,0,"[0.383291892093257, 0.5586820702346661]",1828,-1
36260,[0.33614419 0.46624963],6,8,"[0.27392971195344684, 0.45973140540928376]",1386,-1
36261,[0.27349785 0.24433387],0,9,"[0.3110394802231661, 0.23517199738277297]",1524,-1
36262,[0.85637765 0.43736172],8,-1,-1,-1,-1
36263,[0.22431066 0.64214129],7,-1,-1,-1,-1
36264,[0.53315176 0.54054127],5,6,"[0.5164739970238864, 0.5319253761973344]",1330,-1
36265,[0.68987255 0.38002742],8,-1,-1,-1,-1
36266,[0.36917022 0.46990274],7,-1,-1,1055,-1
36267,[0.40938617 0.31238352],6,1,"[0.3897435781344088, 0.3417040596068965]",925,-1
36268,[0.31721703 0.48909788],4,8,"[0.27392971195344684, 0.45973140540928376]",1857,-1
36269,[0.34334716 0.61940778],3,-1,-1,-1,-1
36270,[0.49805925 0.66426124],9,-1,-1,712,-1
36271,[0.51377293 0.63148807],3,-1,-1,934,-1
36272,[0.7506142  0.73418964],9,4,"[0.7726811996944247, 0.7249303226766757]",424,0
36273,[0.77077529 0.82288763],1,-1,-1,163,-1
36274,[0.18646968 0.39298669],7,-1,-1,133,-1
36275,[0.60308595 0.6024351 ],9,2,"[0.5921204552873188, 0.6383928111301557]",1328,-1
36276,[0.22174293 0.33042527],2,5,"[0.23231087327800656, 0.30304944505444303]",1338,-1
36277,[0.42054373 0.49930006],3,-1,-1,-1,-1
36278,[0.3671391  0.31968716],2,1,"[0.3897435781344088, 0.3417040596068965]",1546,-1
36279,[0.53386508 0.52643541],5,6,"[0.5164739970238864, 0.5319253761973344]",1165,-1
36280,[0.79411837 0.70633452],1,4,"[0.7726811996944247, 0.7249303226766757]",478,0
36281,[0.41815255 0.51808022],5,0,"[0.383291892093257, 0.5586820702346661]",-1,-1
36282,[0.60514109 0.68746714],9,2,"[0.5921204552873188, 0.6383928111301557]",658,-1
36283,[0.57378287 0.58320136],9,2,"[0.5921204552873188, 0.6383928111301557]",1453,6
36284,[0.37189042 0.59534092],3,0,"[0.383291892093257, 0.5586820702346661]",-1,-1
36285,[0.58144821 0.48737458],5,-1,-1,-1,-1
36286,[0.39482484 0.54166998],7,0,"[0.383291892093257, 0.5586820702346661]",-1,-1
36287,[0.35981666 0.58575897],4,0,"[0.383291892093257, 0.5586820702346661]",1847,12
36288,[0.28645592 0.56231353],7,7,"[0.2817018170798153, 0.5849768676672948]",-1,13
36289,[0.46075822 0.49075343],3,6,"[0.5164739970238864, 0.5319253761973344]",666,-1
36290,[0.30584787 0.16549906],0,9,"[0.3110394802231661, 0.23517199738277297]",-1,-1
36291,[0.22887919 0.19603956],0,-1,-1,375,-1
36292,[0.22662666 0.41557369],4,8,"[0.27392971195344684, 0.45973140540928376]",499,-1
36293,[0.79393485 0.65664506],1,-1,-1,328,0
36294,[0.21550533 0.35427194],7,5,"[0.23231087327800656, 0.30304944505444303]",1127,-1
36295,[0.22300017 0.22427712],0,-1,-1,-1,-1
36296,[0.41173167 0.55827668],4,0,"[0.383291892093257, 0.5586820702346661]",1740,-1
36297,[0.36029413 0.4858412 ],5,-1,-1,-1,-1
36298,[0.30500216 0.22387361],2,9,"[0.3110394802231661, 0.23517199738277297]",972,-1
36299,[0.13781994 0.4085583 ],2,-1,-1,-1,-1
36300,[0.42784553 0.32804942],6,1,"[0.3897435781344088, 0.3417040596068965]",979,-1
36301,[0.26505397 0.63652967],3,7,"[0.2817018170798153, 0.5849768676672948]",-1,-1
36302,[0.78997015 0.76070533],1,4,"[0.7726811996944247, 0.7249303226766757]",377,0
36303,[0.30427009 0.2179538 ],2,9,"[0.3110394802231661, 0.23517199738277297]",-1,-1
36304,[0.39890943 0.59672693],3,0,"[0.383291892093257, 0.5586820702346661]",-1,-1
36305,[0.32860318 0.62568364],7,7,"[0.2817018170798153, 0.5849768676672948]",1395,-1
36306,[0.60813564 0.49930048],8,-1,-1,843,-1
36307,[0.63482745 0.51294831],8,3,"[0.6815204869410737, 0.47689852788858716]",-1,1
36308,[0.21096    0.56426595],7,-1,-1,486,-1
36309,[0.70626802 0.60682696],1,-1,-1,273,-1
36310,[0.41984073 0.63674944],5,-1,-1,-1,-1
36311,[0.19156367 0.27055349],2,5,"[0.23231087327800656, 0.30304944505444303]",-1,-1
36312,[0.30226533 0.19184952],0,9,"[0.3110394802231661, 0.23517199738277297]",425,-1
36313,[0.36793744 0.56538063],3,0,"[0.383291892093257, 0.5586820702346661]",-1,12
36314,[0.30000602 0.3365957 ],2,-1,-1,-1,-1
36315,[0.26073732 0.37615603],2,-1,-1,1221,-1
36316,[0.39455794 0.56047851],4,0,"[0.383291892093257, 0.5586820702346661]",-1,-1
36317,[0.24884363 0.50493949],7,8,"[0.27392971195344684, 0.45973140540928376]",1759,-1
36318,[0.66574192 0.69084062],1,-1,-1,386,-1
36319,[0.34085984 0.52013353],7,0,"[0.383291892093257, 0.5586820702346661]",-1,-1
36320,[0.69257871 0.75003117],1,-1,-1,-1,0
36321,[0.38034433 0.56050351],4,0,"[0.383291892093257, 0.5586820702346661]",1814,-1
36322,[0.48666317 0.53495991],5,6,"[0.5164739970238864, 0.5319253761973344]",961,-1
36323,[0.2486868  0.66971853],4,-1,-1,37,-1
36324,[0.25141226 0.30281079],0,5,"[0.23231087327800656, 0.30304944505444303]",-1,-1
36325,[0.78892882 0.70886713],1,4,"[0.7726811996944247, 0.7249303226766757]",478,0
36326,[0.37959964 0.53837   ],4,0,"[0.383291892093257, 0.5586820702346661]",1813,-1
36327,[0.54844036 0.58677971],9,6,"[0.5164739970238864, 0.5319253761973344]",1432,6
36328,[0.48250857 0.58396634],5,6,"[0.5164739970238864, 0.5319253761973344]",-1,-1
36329,[0.28788517 0.26294442],0,9,"[0.3110394802231661, 0.23517199738277297]",-1,-1
36330,[0.57380615 0.53218178],5,6,"[0.5164739970238864, 0.5319253761973344]",-1,-1
36331,[0.77286475 0.72214177],1,4,"[0.7726811996944247, 0.7249303226766757]",-1,0
36332,[0.3850102  0.62334715],3,0,"[0.383291892093257, 0.5586820702346661]",894,-1
36333,[0.79710661 0.71304315],1,4,"[0.7726811996944247, 0.7249303226766757]",-1,0
36334,[0.28063376 0.57368503],3,7,"[0.2817018170798153, 0.5849768676672948]",-1,-1
36335,[0.34469829 0.36299052],2,1,"[0.3897435781344088, 0.3417040596068965]",1354,-1
36336,[0.41007076 0.62666671],4,-1,-1,1388,-1
36337,[0.74586968 0.68076374],8,4,"[0.7726811996944247, 0.7249303226766757]",439,0
36338,[0.59957049 0.69760391],9,2,"[0.5921204552873188, 0.6383928111301557]",653,-1
36339,[0.1789661 0.4643711],7,-1,-1,210,-1
36340,[0.7817702  0.65208791],1,-1,-1,327,0
36341,[0.4053283  0.32130344],6,1,"[0.3897435781344088, 0.3417040596068965]",-1,-1
36342,[0.21788083 0.40438866],7,-1,-1,502,-1
36343,[0.36255951 0.5939151 ],3,0,"[0.383291892093257, 0.5586820702346661]",1836,-1
36344,[0.57411875 0.36423234],8,-1,-1,-1,-1
36345,[0.30423566 0.26821622],0,9,"[0.3110394802231661, 0.23517199738277297]",1511,-1
36346,[0.26460364 0.5791537 ],7,7,"[0.2817018170798153, 0.5849768676672948]",1669,-1
36347,[0.70588662 0.69196513],9,-1,-1,-1,0
36348,[0.41104448 0.55473702],3,0,"[0.383291892093257, 0.5586820702346661]",1734,-1
36349,[0.71029513 0.5146986 ],8,3,"[0.6815204869410737, 0.47689852788858716]",-1,-1
36350,[0.3660827  0.47888851],7,-1,-1,-1,-1
36351,[0.41543326 0.58229864],4,0,"[0.383291892093257, 0.5586820702346661]",1716,-1
36352,[0.40636271 0.42134333],6,-1,-1,-1,-1
36353,[0.30810368 0.37302959],2,-1,-1,1588,-1
36354,[0.34416114 0.55126529],7,0,"[0.383291892093257, 0.5586820702346661]",-1,-1
36355,[0.48780106 0.30069321],6,-1,-1,-1,-1
36356,[0.25212366 0.30100349],0,5,"[0.23231087327800656, 0.30304944505444303]",1590,-1
36357,[0.29860297 0.29790257],0,9,"[0.3110394802231661, 0.23517199738277297]",1690,11
36358,[0.35119684 0.50737596],4,0,"[0.383291892093257, 0.5586820702346661]",1801,-1
36359,[0.69143016 0.46712088],8,3,"[0.6815204869410737, 0.47689852788858716]",813,-1
36360,[0.651957   0.79329813],9,-1,-1,-1,-1
36361,[0.69347466 0.42441982],8,3,"[0.6815204869410737, 0.47689852788858716]",-1,-1
36362,[0.32243368 0.2961571 ],2,9,"[0.3110394802231661, 0.23517199738277297]",-1,-1
36363,[0.61726206 0.57626859],9,2,"[0.5921204552873188, 0.6383928111301557]",1273,-1
36364,[0.24417785 0.53794598],7,7,"[0.2817018170798153, 0.5849768676672948]",1480,-1
36365,[0.4016411  0.43749539],6,-1,-1,-1,-1
36366,[0.70101809 0.67558273],9,-1,-1,303,0
36367,[0.58425506 0.62165741],9,2,"[0.5921204552873188, 0.6383928111301557]",-1,-1
36368,[0.71472463 0.55450179],8,-1,-1,563,-1
36369,[0.38601348 0.53956062],3,0,"[0.383291892093257, 0.5586820702346661]",-1,-1
36370,[0.27993957 0.61079046],4,7,"[0.2817018170798153, 0.5849768676672948]",1032,-1
36371,[0.38724322 0.55684581],3,0,"[0.383291892093257, 0.5586820702346661]",1774,-1
36372,[0.57028805 0.42899431],5,-1,-1,252,-1
36373,[0.35788029 0.36130308],6,1,"[0.3897435781344088, 0.3417040596068965]",1079,-1
36374,[0.78801836 0.48881766],8,-1,-1,-1,-1
36375,[0.55207263 0.40763089],8,-1,-1,-1,-1
36376,[0.56529402 0.55713076],5,6,"[0.5164739970238864, 0.5319253761973344]",1362,-1
36377,[0.14154043 0.31238583],0,-1,-1,-1,-1
36378,[0.26763983 0.29762676],2,5,"[0.23231087327800656, 0.30304944505444303]",1657,-1
36379,[0.48341393 0.28334765],6,-1,-1,272,-1
36380,[0.54477028 0.72735603],9,-1,-1,-1,-1
36381,[0.20178658 0.40351502],2,-1,-1,-1,-1
36382,[0.17189557 0.44272832],7,-1,-1,-1,-1
36383,[0.70202829 0.37867916],8,-1,-1,-1,-1
36384,[0.59793424 0.71037416],9,-1,-1,423,-1
36385,[0.38952088 0.35713036],6,1,"[0.3897435781344088, 0.3417040596068965]",-1,-1
36386,[0.5438078  0.64154325],5,2,"[0.5921204552873188, 0.6383928111301557]",1255,-1
36387,[0.5366784  0.62713771],5,2,"[0.5921204552873188, 0.6383928111301557]",1141,-1
36388,[0.61858124 0.61464609],9,2,"[0.5921204552873188, 0.6383928111301557]",-1,-1
36389,[0.2813865  0.60974304],4,7,"[0.2817018170798153, 0.5849768676672948]",1032,-1
36390,[0.69059785 0.72874795],1,-1,-1,322,0
36391,[0.34118971 0.45235812],7,8,"[0.27392971195344684, 0.45973140540928376]",1387,-1
36392,[0.76061906 0.67983774],1,4,"[0.7726811996944247, 0.7249303226766757]",395,0
36393,[0.09391641 0.37541941],7,-1,-1,-1,-1
36394,[0.32527761 0.54007123],3,0,"[0.383291892093257, 0.5586820702346661]",-1,-1
36395,[0.23139845 0.5837811 ],4,7,"[0.2817018170798153, 0.5849768676672948]",506,-1
36396,[0.36349345 0.50993399],4,0,"[0.383291892093257, 0.5586820702346661]",1899,-1
36397,[0.64831663 0.499515  ],8,3,"[0.6815204869410737, 0.47689852788858716]",-1,-1
36398,[0.39283314 0.56697551],3,0,"[0.383291892093257, 0.5586820702346661]",1770,-1
36399,[0.30409755 0.48767067],4,8,"[0.27392971195344684, 0.45973140540928376]",1873,-1
36400,[0.49301541 0.3842369 ],6,-1,-1,-1,-1
36401,[0.60210532 0.46371405],5,-1,-1,-1,-1
36402,[0.80368374 0.47774529],8,-1,-1,-1,-1
36403,[0.36715288 0.58979238],3,0,"[0.383291892093257, 0.5586820702346661]",-1,12
36404,[0.44102169 0.23548683],6,-1,-1,178,-1
36405,[0.32338803 0.60990476],4,7,"[0.2817018170798153, 0.5849768676672948]",1544,-1
36406,[0.40207571 0.25545803],6,-1,-1,-1,-1
36407,[0.64572693 0.46930787],8,3,"[0.6815204869410737, 0.47689852788858716]",824,1
36408,[0.32975052 0.58045855],3,7,"[0.2817018170798153, 0.5849768676672948]",1980,-1
36409,[0.355567   0.37030367],2,1,"[0.3897435781344088, 0.3417040596068965]",1079,-1
36410,[0.57057837 0.68675172],9,2,"[0.5921204552873188, 0.6383928111301557]",-1,-1
36411,[0.32855117 0.53191785],7,0,"[0.383291892093257, 0.5586820702346661]",-1,-1
36412,[0.77028549 0.74176763],1,4,"[0.7726811996944247, 0.7249303226766757]",430,0
36413,[0.27146155 0.36778417],2,-1,-1,-1,-1
36414,[0.2183072  0.53081141],7,-1,-1,-1,-1
36415,[0.66278004 0.57433008],5,-1,-1,-1,-1
36416,[0.62920655 0.64239161],9,2,"[0.5921204552873188, 0.6383928111301557]",-1,-1
36417,[0.25474117 0.2313036 ],0,9,"[0.3110394802231661, 0.23517199738277297]",-1,-1
36418,[0.33936368 0.49595901],3,-1,-1,1880,-1
36419,[0.07221307 0.28650945],0,-1,-1,-1,-1
36420,[0.70450438 0.6626038 ],1,-1,-1,414,0
36421,[0.55431939 0.6028504 ],5,2,"[0.5921204552873188, 0.6383928111301557]",1342,-1
36422,[0.47340774 0.48811176],5,6,"[0.5164739970238864, 0.5319253761973344]",-1,-1
36423,[0.31136058 0.2897724 ],0,9,"[0.3110394802231661, 0.23517199738277297]",1614,11
36424,[0.27335291 0.6037535 ],3,7,"[0.2817018170798153, 0.5849768676672948]",1032,-1
36425,[0.57724238 0.65364329],9,2,"[0.5921204552873188, 0.6383928111301557]",1124,-1
36426,[0.43801545 0.241296  ],6,-1,-1,178,-1
36427,[0.71332844 0.4004143 ],8,-1,-1,-1,-1
36428,[0.69820978 0.65068979],1,-1,-1,-1,0
36429,[0.37104885 0.50108023],3,0,"[0.383291892093257, 0.5586820702346661]",1741,-1
36430,[0.56015757 0.56802291],9,6,"[0.5164739970238864, 0.5319253761973344]",-1,-1
36431,[0.38890124 0.59118453],3,0,"[0.383291892093257, 0.5586820702346661]",-1,-1
36432,[0.62961778 0.52212033],5,3,"[0.6815204869410737, 0.47689852788858716]",864,-1
36433,[0.64221939 0.58594887],9,-1,-1,1178,-1
36434,[0.26694304 0.52224978],7,8,"[0.27392971195344684, 0.45973140540928376]",1582,-1
36435,[0.26560574 0.52927575],7,7,"[0.2817018170798153, 0.5849768676672948]",1853,-1
36436,[0.65861815 0.37649908],8,-1,-1,242,-1
36437,[0.20071773 0.46468526],4,-1,-1,-1,-1
36438,[0.757605   0.79513469],1,-1,-1,340,0
36439,[0.20124508 0.66658393],4,-1,-1,8,-1
36440,[0.76523629 0.74742732],1,4,"[0.7726811996944247, 0.7249303226766757]",430,0
36441,[0.63411884 0.63784374],9,2,"[0.5921204552873188, 0.6383928111301557]",-1,-1
36442,[0.30922399 0.35286575],2,-1,-1,-1,8
36443,[0.70300441 0.56986351],8,-1,-1,-1,-1
36444,[0.53061765 0.49724338],5,6,"[0.5164739970238864, 0.5319253761973344]",-1,-1
36445,[0.76739593 0.43364586],8,-1,-1,-1,-1
36446,[0.68105609 0.66908799],9,-1,-1,-1,-1
36447,[0.69522494 0.7497085 ],1,-1,-1,-1,0
36448,[0.58635145 0.4394865 ],8,-1,-1,-1,-1
36449,[0.16118405 0.46500161],7,-1,-1,-1,-1
36450,[0.3128341  0.37532142],6,-1,-1,1423,-1
36451,[0.33602859 0.47536342],7,8,"[0.27392971195344684, 0.45973140540928376]",-1,-1
36452,[0.37107865 0.27700019],0,1,"[0.3897435781344088, 0.3417040596068965]",1170,-1
36453,[0.59338387 0.45708693],5,-1,-1,607,-1
36454,[0.45217241 0.5783495 ],5,-1,-1,1222,-1
36455,[0.27020221 0.26918781],0,5,"[0.23231087327800656, 0.30304944505444303]",1635,-1
36456,[0.30213322 0.60854233],4,7,"[0.2817018170798153, 0.5849768676672948]",1268,-1
36457,[0.65169411 0.55922965],8,-1,-1,-1,-1
36458,[0.28000304 0.21600993],2,9,"[0.3110394802231661, 0.23517199738277297]",1355,-1
36459,[0.45449938 0.53641079],5,6,"[0.5164739970238864, 0.5319253761973344]",-1,-1
36460,[0.78389936 0.67911907],1,4,"[0.7726811996944247, 0.7249303226766757]",397,0
36461,[0.68473151 0.54830405],8,-1,-1,673,-1
36462,[0.69394565 0.59232562],9,-1,-1,-1,-1
36463,[0.5090872  0.56171684],5,6,"[0.5164739970238864, 0.5319253761973344]",1376,-1
36464,[0.35438962 0.58562644],4,0,"[0.383291892093257, 0.5586820702346661]",-1,-1
36465,[0.63470124 0.39836928],8,-1,-1,265,-1
36466,[0.21886989 0.65647821],7,-1,-1,-1,-1
36467,[0.27578598 0.45759603],7,8,"[0.27392971195344684, 0.45973140540928376]",1248,-1
36468,[0.57362383 0.31985557],8,-1,-1,-1,-1
36469,[0.26803647 0.18763052],0,9,"[0.3110394802231661, 0.23517199738277297]",-1,-1
36470,[0.22476544 0.53774132],7,-1,-1,-1,-1
36471,[0.57506023 0.57856194],5,2,"[0.5921204552873188, 0.6383928111301557]",-1,6
36472,[0.34770165 0.31732745],2,1,"[0.3897435781344088, 0.3417040596068965]",1525,-1
36473,[0.26025434 0.28686226],2,5,"[0.23231087327800656, 0.30304944505444303]",-1,-1
36474,[0.32422322 0.23789928],0,9,"[0.3110394802231661, 0.23517199738277297]",-1,-1
36475,[0.22441487 0.55690332],7,7,"[0.2817018170798153, 0.5849768676672948]",1288,-1
36476,[0.20202881 0.58480002],7,-1,-1,181,-1
36477,[0.41480234 0.5809951 ],3,0,"[0.383291892093257, 0.5586820702346661]",-1,-1
36478,[0.72919093 0.71482748],1,4,"[0.7726811996944247, 0.7249303226766757]",351,0
36479,[0.2880203  0.39371001],2,8,"[0.27392971195344684, 0.45973140540928376]",1066,-1
36480,[0.57309981 0.47840003],5,-1,-1,772,-1
36481,[0.4535861  0.52385117],5,6,"[0.5164739970238864, 0.5319253761973344]",1302,-1
36482,[0.20254402 0.46471252],7,-1,-1,330,-1
36483,[0.62733387 0.63660978],9,2,"[0.5921204552873188, 0.6383928111301557]",1162,-1
36484,[0.50291742 0.53588624],5,6,"[0.5164739970238864, 0.5319253761973344]",1186,3
36485,[0.25214435 0.45997674],2,8,"[0.27392971195344684, 0.45973140540928376]",1148,-1
36486,[0.28228142 0.1968003 ],2,9,"[0.3110394802231661, 0.23517199738277297]",648,-1
36487,[0.38688081 0.40706408],3,1,"[0.3897435781344088, 0.3417040596068965]",-1,-1
36488,[0.41854481 0.30022662],6,1,"[0.3897435781344088, 0.3417040596068965]",889,-1
36489,[0.37311183 0.45758279],3,-1,-1,1054,-1
36490,[0.60121984 0.68740631],9,2,"[0.5921204552873188, 0.6383928111301557]",-1,-1
36491,[0.21383804 0.55250969],4,-1,-1,-1,-1
36492,[0.36494459 0.50902015],7,0,"[0.383291892093257, 0.5586820702346661]",1899,-1
36493,[0.31883347 0.47569611],7,8,"[0.27392971195344684, 0.45973140540928376]",1756,-1
36494,[0.45264566 0.63178779],5,-1,-1,705,-1
36495,[0.21906993 0.37896023],2,-1,-1,-1,-1
36496,[0.36356635 0.29503322],6,1,"[0.3897435781344088, 0.3417040596068965]",1542,-1
36497,[0.29450243 0.63374317],3,7,"[0.2817018170798153, 0.5849768676672948]",-1,-1
36498,[0.80582403 0.72166123],1,4,"[0.7726811996944247, 0.7249303226766757]",-1,0
36499,[0.69536482 0.58048509],8,-1,-1,-1,-1
36500,[0.406087  0.5982709],4,0,"[0.383291892093257, 0.5586820702346661]",-1,-1
36501,[0.51785221 0.65947938],9,-1,-1,-1,-1
36502,[0.38435923 0.29473191],6,1,"[0.3897435781344088, 0.3417040596068965]",-1,-1
36503,[0.27877414 0.22039154],2,9,"[0.3110394802231661, 0.23517199738277297]",1356,-1
36504,[0.16296667 0.37302574],2,-1,-1,145,-1
36505,[0.38512656 0.35477058],6,1,"[0.3897435781344088, 0.3417040596068965]",-1,-1
36506,[0.42619947 0.52014537],3,0,"[0.383291892093257, 0.5586820702346661]",-1,-1
36507,[0.29151661 0.51728019],7,8,"[0.27392971195344684, 0.45973140540928376]",1914,14
36508,[0.52581042 0.5884619 ],5,6,"[0.5164739970238864, 0.5319253761973344]",1372,-1
36509,[0.59862902 0.54440062],5,-1,-1,1292,-1
36510,[0.33425605 0.53303045],7,0,"[0.383291892093257, 0.5586820702346661]",1948,-1
36511,[0.40708491 0.47271814],4,-1,-1,714,-1
36512,[0.30459312 0.33428753],2,-1,-1,-1,-1
36513,[0.44527185 0.58847142],5,0,"[0.383291892093257, 0.5586820702346661]",1228,4
36514,[0.44192383 0.31673871],6,1,"[0.3897435781344088, 0.3417040596068965]",-1,-1
36515,[0.48773223 0.44476222],5,-1,-1,-1,-1
36516,[0.48683317 0.497377  ],9,6,"[0.5164739970238864, 0.5319253761973344]",873,-1
36517,[0.3254824  0.22164219],0,9,"[0.3110394802231661, 0.23517199738277297]",968,-1
36518,[0.7463377  0.44806137],8,-1,-1,263,-1
36519,[0.59246063 0.65771884],9,2,"[0.5921204552873188, 0.6383928111301557]",1125,-1
36520,[0.62357777 0.58281819],9,2,"[0.5921204552873188, 0.6383928111301557]",1204,-1
36521,[0.67291959 0.51819388],9,3,"[0.6815204869410737, 0.47689852788858716]",-1,-1
36522,[0.30155984 0.28058018],0,9,"[0.3110394802231661, 0.23517199738277297]",-1,-1
36523,[0.54755696 0.55422285],9,6,"[0.5164739970238864, 0.5319253761973344]",1406,6
36524,[0.4275435  0.62142853],3,-1,-1,483,-1
36525,[0.3593217  0.46894191],4,-1,-1,1560,-1
36526,[0.11072757 0.21478381],0,-1,-1,-1,-1
36527,[0.72650551 0.47225257],8,3,"[0.6815204869410737, 0.47689852788858716]",779,-1
36528,[0.33334002 0.54763745],4,0,"[0.383291892093257, 0.5586820702346661]",1960,-1
36529,[0.47376138 0.2789813 ],6,-1,-1,272,-1
36530,[0.36929511 0.55911068],3,0,"[0.383291892093257, 0.5586820702346661]",1856,-1
36531,[0.24128479 0.38125341],7,-1,-1,-1,-1
36532,[0.67966141 0.68010983],1,-1,-1,-1,-1
36533,[0.39339513 0.27794026],6,1,"[0.3897435781344088, 0.3417040596068965]",1076,-1
36534,[0.71405359 0.72684768],1,4,"[0.7726811996944247, 0.7249303226766757]",-1,0
36535,[0.51033885 0.61312282],9,-1,-1,1133,-1
36536,[0.30176325 0.34613233],6,-1,-1,-1,-1
36537,[0.73297914 0.70677847],1,4,"[0.7726811996944247, 0.7249303226766757]",-1,0
36538,[0.62802978 0.65749504],9,2,"[0.5921204552873188, 0.6383928111301557]",711,-1
36539,[0.298622   0.51574715],4,8,"[0.27392971195344684, 0.45973140540928376]",1876,-1
36540,[0.31004334 0.14705637],0,-1,-1,41,-1
36541,[0.20206449 0.33919464],2,5,"[0.23231087327800656, 0.30304944505444303]",-1,-1
36542,[0.27446041 0.22723167],0,9,"[0.3110394802231661, 0.23517199738277297]",-1,-1
36543,[0.56240133 0.70144151],9,2,"[0.5921204552873188, 0.6383928111301557]",-1,-1
36544,[0.2211947  0.34390726],2,5,"[0.23231087327800656, 0.30304944505444303]",-1,-1
36545,[0.275635   0.26961123],0,9,"[0.3110394802231661, 0.23517199738277297]",-1,-1
36546,[0.79501831 0.77566281],1,4,"[0.7726811996944247, 0.7249303226766757]",-1,0
36547,[0.21399243 0.5119747 ],7,-1,-1,-1,-1
36548,[0.24439001 0.27426956],0,5,"[0.23231087327800656, 0.30304944505444303]",-1,-1
36549,[0.26126711 0.46631929],2,8,"[0.27392971195344684, 0.45973140540928376]",-1,-1
36550,[0.33412806 0.23231856],2,9,"[0.3110394802231661, 0.23517199738277297]",-1,-1
36551,[0.74691592 0.69795902],1,4,"[0.7726811996944247, 0.7249303226766757]",435,0
36552,[0.39940308 0.58770619],3,0,"[0.383291892093257, 0.5586820702346661]",-1,-1
36553,[0.67130878 0.47629998],8,3,"[0.6815204869410737, 0.47689852788858716]",-1,-1
36554,[0.22636958 0.20726094],0,-1,-1,-1,-1
36555,[0.70726184 0.7222569 ],1,4,"[0.7726811996944247, 0.7249303226766757]",-1,0
36556,[0.35488318 0.47408951],7,-1,-1,-1,-1
36557,[0.59646406 0.38399321],8,-1,-1,97,-1
36558,[0.28829988 0.53974429],7,7,"[0.2817018170798153, 0.5849768676672948]",1907,14
36559,[0.5445826  0.71392961],9,-1,-1,-1,-1
36560,[0.53723558 0.55956894],5,6,"[0.5164739970238864, 0.5319253761973344]",-1,6
36561,[0.26749356 0.44629482],7,8,"[0.27392971195344684, 0.45973140540928376]",1250,-1
36562,[0.84537892 0.77816449],1,-1,-1,-1,0
36563,[0.32489761 0.51379342],4,-1,-1,1920,-1
36564,[0.66274555 0.79528757],1,-1,-1,-1,-1
36565,[0.38054421 0.51116694],3,0,"[0.383291892093257, 0.5586820702346661]",-1,-1
36566,[0.33088331 0.42057158],3,8,"[0.27392971195344684, 0.45973140540928376]",917,-1
36567,[0.763475   0.82788305],1,-1,-1,-1,-1
36568,[0.28832977 0.28080341],2,9,"[0.3110394802231661, 0.23517199738277297]",-1,-1
36569,[0.74420665 0.73308086],1,4,"[0.7726811996944247, 0.7249303226766757]",452,0
36570,[0.25277144 0.34309608],0,5,"[0.23231087327800656, 0.30304944505444303]",1398,-1
36571,[0.57949555 0.56983769],5,2,"[0.5921204552873188, 0.6383928111301557]",1447,5
36572,[0.5171287 0.3051208],6,-1,-1,-1,-1
36573,[0.3434618  0.27688114],6,9,"[0.3110394802231661, 0.23517199738277297]",1118,-1
36574,[0.20025237 0.25829983],0,5,"[0.23231087327800656, 0.30304944505444303]",1012,-1
36575,[0.5942572  0.60961617],9,2,"[0.5921204552873188, 0.6383928111301557]",1428,-1
36576,[0.35567686 0.55960566],7,0,"[0.383291892093257, 0.5586820702346661]",1952,-1
36577,[0.70822945 0.71946666],1,4,"[0.7726811996944247, 0.7249303226766757]",384,0
36578,[0.32019215 0.34022647],0,1,"[0.3897435781344088, 0.3417040596068965]",-1,-1
36579,[0.49708023 0.57580613],5,6,"[0.5164739970238864, 0.5319253761973344]",-1,-1
36580,[0.37459655 0.41415314],4,-1,-1,723,-1
36581,[0.44782981 0.56784142],3,0,"[0.383291892093257, 0.5586820702346661]",1276,-1
36582,[0.37562642 0.55886493],3,0,"[0.383291892093257, 0.5586820702346661]",-1,12
36583,[0.60922606 0.64056539],9,2,"[0.5921204552873188, 0.6383928111301557]",-1,-1
36584,[0.29398828 0.55722685],7,7,"[0.2817018170798153, 0.5849768676672948]",-1,-1
36585,[0.25966633 0.34444973],2,5,"[0.23231087327800656, 0.30304944505444303]",-1,-1
36586,[0.23845104 0.26623031],2,5,"[0.23231087327800656, 0.30304944505444303]",1363,-1
36587,[0.37286551 0.26230094],6,9,"[0.3110394802231661, 0.23517199738277297]",1101,-1
36588,[0.77466591 0.68494521],1,4,"[0.7726811996944247, 0.7249303226766757]",399,0
36589,[0.28257891 0.28612193],2,5,"[0.23231087327800656, 0.30304944505444303]",1681,11
36590,[0.27776518 0.44546051],7,8,"[0.27392971195344684, 0.45973140540928376]",-1,-1
36591,[0.30626326 0.26939512],0,9,"[0.3110394802231661, 0.23517199738277297]",-1,-1
36592,[0.22356033 0.2653456 ],0,5,"[0.23231087327800656, 0.30304944505444303]",1024,-1
36593,[0.23989719 0.55212793],7,7,"[0.2817018170798153, 0.5849768676672948]",-1,-1
36594,[0.40557727 0.26465717],6,-1,-1,842,-1
36595,[0.29359236 0.41859776],0,8,"[0.27392971195344684, 0.45973140540928376]",-1,-1
36596,[0.28325833 0.37417344],2,-1,-1,1092,-1
36597,[0.5557926 0.3797606],6,-1,-1,47,-1
36598,[0.77262063 0.72847537],1,4,"[0.7726811996944247, 0.7249303226766757]",469,0
36599,[0.46779927 0.4747109 ],5,-1,-1,664,-1
36600,[0.32869491 0.50001239],4,8,"[0.27392971195344684, 0.45973140540928376]",1750,-1
36601,[0.39122052 0.55839522],3,0,"[0.383291892093257, 0.5586820702346661]",-1,-1
36602,[0.26461389 0.40266597],2,8,"[0.27392971195344684, 0.45973140540928376]",1008,-1
36603,[0.22632312 0.57007697],4,7,"[0.2817018170798153, 0.5849768676672948]",1123,-1
36604,[0.4078107  0.52236048],3,0,"[0.383291892093257, 0.5586820702346661]",1637,-1
36605,[0.38890895 0.57732622],3,0,"[0.383291892093257, 0.5586820702346661]",1771,-1
36606,[0.65611275 0.40381803],8,-1,-1,-1,-1
36607,[0.32127284 0.3050221 ],0,-1,-1,1664,-1
36608,[0.22508247 0.46749863],7,8,"[0.27392971195344684, 0.45973140540928376]",724,-1
36609,[0.1579815  0.31001678],0,-1,-1,-1,-1
36610,[0.645927   0.42945895],8,3,"[0.6815204869410737, 0.47689852788858716]",-1,-1
36611,[0.27665189 0.53467182],7,7,"[0.2817018170798153, 0.5849768676672948]",-1,14
36612,[0.35927964 0.537431  ],4,0,"[0.383291892093257, 0.5586820702346661]",1944,-1
36613,[0.66740883 0.47991102],5,3,"[0.6815204869410737, 0.47689852788858716]",829,-1
36614,[0.29182331 0.24109894],0,9,"[0.3110394802231661, 0.23517199738277297]",-1,-1
36615,[0.88847867 0.64159378],1,-1,-1,-1,-1
36616,[0.39109524 0.3503822 ],6,1,"[0.3897435781344088, 0.3417040596068965]",-1,-1
36617,[0.42826593 0.26738438],6,-1,-1,532,-1
36618,[0.27626606 0.44867477],7,8,"[0.27392971195344684, 0.45973140540928376]",1251,-1
36619,[0.46953283 0.50094312],5,6,"[0.5164739970238864, 0.5319253761973344]",-1,-1
36620,[0.19190585 0.48903902],4,-1,-1,214,-1
36621,[0.31191068 0.54492877],7,7,"[0.2817018170798153, 0.5849768676672948]",-1,17
36622,[0.29788257 0.52641139],4,7,"[0.2817018170798153, 0.5849768676672948]",1788,-1
36623,[0.2731717  0.25445907],0,9,"[0.3110394802231661, 0.23517199738277297]",-1,-1
36624,[0.55993952 0.62108637],9,2,"[0.5921204552873188, 0.6383928111301557]",-1,-1
36625,[0.23671102 0.35335001],0,5,"[0.23231087327800656, 0.30304944505444303]",1130,-1
36626,[0.33132859 0.57173907],4,7,"[0.2817018170798153, 0.5849768676672948]",-1,-1
36627,[0.2710348  0.56701969],7,7,"[0.2817018170798153, 0.5849768676672948]",-1,-1
36628,[0.31824121 0.52325061],7,-1,-1,-1,-1
36629,[0.45886471 0.34735863],6,1,"[0.3897435781344088, 0.3417040596068965]",531,-1
36630,[0.28416827 0.45857186],7,8,"[0.27392971195344684, 0.45973140540928376]",1243,-1
36631,[0.68943407 0.58070278],8,-1,-1,235,-1
36632,[0.70122634 0.76790064],1,-1,-1,228,0
36633,[0.63029819 0.54026553],5,-1,-1,1107,-1
36634,[0.27404451 0.5267047 ],4,7,"[0.2817018170798153, 0.5849768676672948]",-1,-1
36635,[0.58765409 0.64296435],9,2,"[0.5921204552873188, 0.6383928111301557]",1132,-1
36636,[0.56147899 0.54612443],5,6,"[0.5164739970238864, 0.5319253761973344]",-1,-1
36637,[0.28818596 0.53923485],4,7,"[0.2817018170798153, 0.5849768676672948]",-1,14
36638,[0.62036246 0.71509744],9,-1,-1,-1,-1
36639,[0.58822281 0.57509452],8,2,"[0.5921204552873188, 0.6383928111301557]",-1,-1
36640,[0.26599677 0.4106158 ],2,8,"[0.27392971195344684, 0.45973140540928376]",1007,-1
36641,[0.65417497 0.61395962],9,2,"[0.5921204552873188, 0.6383928111301557]",1072,-1
36642,[0.17498574 0.26741131],2,5,"[0.23231087327800656, 0.30304944505444303]",-1,-1
36643,[0.25001599 0.4725012 ],4,8,"[0.27392971195344684, 0.45973140540928376]",1527,-1
36644,[0.26601886 0.20405487],0,9,"[0.3110394802231661, 0.23517199738277297]",688,-1
36645,[0.88824868 0.67802571],1,-1,-1,-1,-1
36646,[0.7035119  0.34907482],8,-1,-1,-1,-1
36647,[0.56394834 0.75607393],9,-1,-1,-1,-1
36648,[0.59570316 0.61000536],5,2,"[0.5921204552873188, 0.6383928111301557]",1428,-1
36649,[0.3499027 0.4371785],5,-1,-1,-1,-1
36650,[0.52583976 0.45162017],5,-1,-1,-1,-1
36651,[0.62389224 0.60256552],9,2,"[0.5921204552873188, 0.6383928111301557]",1200,-1
36652,[0.41634364 0.45726788],3,-1,-1,713,-1
36653,[0.38938014 0.5632287 ],3,0,"[0.383291892093257, 0.5586820702346661]",1772,-1
36654,[0.50674149 0.54817416],5,6,"[0.5164739970238864, 0.5319253761973344]",-1,3
36655,[0.26548224 0.29089812],0,5,"[0.23231087327800656, 0.30304944505444303]",-1,-1
36656,[0.50818999 0.53350575],5,6,"[0.5164739970238864, 0.5319253761973344]",-1,3
36657,[0.31336125 0.43344723],4,8,"[0.27392971195344684, 0.45973140540928376]",1081,-1
36658,[0.68879626 0.47583149],8,3,"[0.6815204869410737, 0.47689852788858716]",809,2
36659,[0.32381736 0.29055377],0,9,"[0.3110394802231661, 0.23517199738277297]",1579,-1
36660,[0.79352745 0.64254285],1,-1,-1,231,0
36661,[0.70190153 0.49297256],8,3,"[0.6815204869410737, 0.47689852788858716]",831,2
36662,[0.48217346 0.53288983],5,6,"[0.5164739970238864, 0.5319253761973344]",963,-1
36663,[0.31446075 0.71713902],3,-1,-1,-1,-1
36664,[0.78512377 0.67366527],1,4,"[0.7726811996944247, 0.7249303226766757]",-1,0
36665,[0.28106267 0.34196305],0,5,"[0.23231087327800656, 0.30304944505444303]",-1,-1
36666,[0.23759672 0.49239587],7,8,"[0.27392971195344684, 0.45973140540928376]",1280,-1
36667,[0.37161824 0.26476671],2,9,"[0.3110394802231661, 0.23517199738277297]",1101,-1
36668,[0.65579726 0.70393801],9,-1,-1,489,-1
36669,[0.51038214 0.55334719],5,6,"[0.5164739970238864, 0.5319253761973344]",-1,-1
36670,[0.52395249 0.53435614],5,6,"[0.5164739970238864, 0.5319253761973344]",1177,-1
36671,[0.2652398  0.30098877],0,5,"[0.23231087327800656, 0.30304944505444303]",1656,-1
36672,[0.70466576 0.50996742],8,3,"[0.6815204869410737, 0.47689852788858716]",739,-1
36673,[0.34832245 0.21822548],6,9,"[0.3110394802231661, 0.23517199738277297]",-1,-1
36674,[0.73119041 0.75925602],1,4,"[0.7726811996944247, 0.7249303226766757]",-1,0
36675,[0.3417049  0.25652467],2,9,"[0.3110394802231661, 0.23517199738277297]",958,-1
36676,[0.14236232 0.46153782],7,-1,-1,-1,-1
36677,[0.14875854 0.2871395 ],2,-1,-1,-1,-1
36678,[0.28792635 0.59789531],4,7,"[0.2817018170798153, 0.5849768676672948]",-1,-1
36679,[0.89343175 0.79757503],1,-1,-1,-1,-1
36680,[0.27191431 0.48975352],7,8,"[0.27392971195344684, 0.45973140540928376]",1797,-1
36681,[0.31188429 0.29511201],6,9,"[0.3110394802231661, 0.23517199738277297]",1614,-1
36682,[0.34308726 0.39424041],6,-1,-1,-1,-1
36683,[0.50889775 0.52897715],5,6,"[0.5164739970238864, 0.5319253761973344]",-1,-1
36684,[0.32698162 0.28032494],2,9,"[0.3110394802231661, 0.23517199738277297]",1520,-1
36685,[0.29319971 0.35689173],6,-1,-1,1479,-1
36686,[0.73280113 0.36446006],8,-1,-1,-1,-1
36687,[0.32519986 0.55627259],4,7,"[0.2817018170798153, 0.5849768676672948]",-1,17
36688,[0.36521347 0.24056787],0,9,"[0.3110394802231661, 0.23517199738277297]",675,-1
36689,[0.500825   0.29884252],6,-1,-1,93,-1
36690,[0.57160803 0.61221962],5,2,"[0.5921204552873188, 0.6383928111301557]",-1,6
36691,[0.54262302 0.54902918],5,6,"[0.5164739970238864, 0.5319253761973344]",-1,6
36692,[0.35182415 0.40886733],2,-1,-1,-1,-1
36693,[0.21389074 0.15814813],0,-1,-1,-1,-1
36694,[0.56477156 0.77821516],9,-1,-1,-1,-1
36695,[0.33290098 0.32070453],2,1,"[0.3897435781344088, 0.3417040596068965]",-1,-1
36696,[0.25253905 0.53660963],7,7,"[0.2817018170798153, 0.5849768676672948]",1482,-1
36697,[0.684104   0.69476045],9,-1,-1,-1,-1
36698,[0.46327208 0.26397262],6,-1,-1,-1,-1
36699,[0.35292649 0.35553443],6,1,"[0.3897435781344088, 0.3417040596068965]",1261,-1
36700,[0.56481567 0.41369972],8,-1,-1,-1,-1
36701,[0.44561194 0.58971918],3,0,"[0.383291892093257, 0.5586820702346661]",1228,4
36702,[0.49471247 0.56096176],3,6,"[0.5164739970238864, 0.5319253761973344]",1183,-1
36703,[0.77830978 0.74142962],1,4,"[0.7726811996944247, 0.7249303226766757]",-1,0
36704,[0.15595103 0.28683025],0,-1,-1,-1,-1
36705,[0.52616793 0.65749232],9,2,"[0.5921204552873188, 0.6383928111301557]",920,-1
36706,[0.54364332 0.57527748],5,6,"[0.5164739970238864, 0.5319253761973344]",1410,6
36707,[0.26659398 0.22056712],0,9,"[0.3110394802231661, 0.23517199738277297]",987,-1
36708,[0.58549764 0.55246849],5,-1,-1,-1,-1
36709,[0.76705399 0.76371717],1,4,"[0.7726811996944247, 0.7249303226766757]",-1,0
36710,[0.39935744 0.55571116],4,0,"[0.383291892093257, 0.5586820702346661]",1749,-1
36711,[0.1950344  0.44284361],2,-1,-1,-1,-1
36712,[0.58625194 0.45591049],5,-1,-1,607,-1
36713,[0.28096304 0.30674401],2,5,"[0.23231087327800656, 0.30304944505444303]",-1,-1
36714,[0.33967937 0.53332025],3,0,"[0.383291892093257, 0.5586820702346661]",-1,16
36715,[0.37808668 0.31615541],6,1,"[0.3897435781344088, 0.3417040596068965]",1462,-1
36716,[0.74107787 0.66299924],1,4,"[0.7726811996944247, 0.7249303226766757]",-1,0
36717,[0.69144691 0.62896488],9,-1,-1,-1,-1
36718,[0.5306499 0.7086077],9,-1,-1,295,-1
36719,[0.34938512 0.72225682],3,-1,-1,-1,-1
36720,[0.30699796 0.40932736],2,8,"[0.27392971195344684, 0.45973140540928376]",928,-1
36721,[0.57522389 0.60304693],9,2,"[0.5921204552873188, 0.6383928111301557]",-1,6
36722,[0.28898782 0.55738927],7,7,"[0.2817018170798153, 0.5849768676672948]",1908,13
36723,[0.86128702 0.67490778],1,-1,-1,-1,-1
36724,[0.67768618 0.43742509],8,3,"[0.6815204869410737, 0.47689852788858716]",612,-1
36725,[0.42228687 0.54473301],7,0,"[0.383291892093257, 0.5586820702346661]",-1,-1
36726,[0.46678527 0.48592725],3,6,"[0.5164739970238864, 0.5319253761973344]",665,-1
36727,[0.81403428 0.75164588],1,4,"[0.7726811996944247, 0.7249303226766757]",373,0
36728,[0.24735545 0.20152103],0,-1,-1,-1,-1
36729,[0.2756075  0.28866735],2,5,"[0.23231087327800656, 0.30304944505444303]",-1,-1
36730,[0.52671849 0.49140671],5,6,"[0.5164739970238864, 0.5319253761973344]",1096,-1
36731,[0.51861586 0.49005942],9,6,"[0.5164739970238864, 0.5319253761973344]",-1,-1
36732,[0.35164911 0.42627893],4,-1,-1,-1,-1
36733,[0.32712786 0.70947692],4,-1,-1,-1,-1
36734,[0.27319487 0.54304625],4,7,"[0.2817018170798153, 0.5849768676672948]",-1,-1
36735,[0.62294222 0.44089213],8,3,"[0.6815204869410737, 0.47689852788858716]",-1,-1
36736,[0.49296768 0.37985649],6,-1,-1,200,-1
36737,[0.80570555 0.6702231 ],1,4,"[0.7726811996944247, 0.7249303226766757]",-1,0
36738,[0.58862612 0.62926768],9,2,"[0.5921204552873188, 0.6383928111301557]",-1,-1
36739,[0.56540175 0.51570358],5,6,"[0.5164739970238864, 0.5319253761973344]",-1,-1
36740,[0.36911272 0.58077961],3,0,"[0.383291892093257, 0.5586820702346661]",-1,12
36741,[0.62851621 0.69677369],9,2,"[0.5921204552873188, 0.6383928111301557]",-1,-1
36742,[0.27633495 0.27163348],0,9,"[0.3110394802231661, 0.23517199738277297]",-1,-1
36743,[0.49985298 0.53688096],5,6,"[0.5164739970238864, 0.5319253761973344]",1186,-1
36744,[0.66721171 0.51391919],8,3,"[0.6815204869410737, 0.47689852788858716]",827,2
36745,[0.43632764 0.33970457],6,1,"[0.3897435781344088, 0.3417040596068965]",793,-1
36746,[0.34695563 0.35577347],6,1,"[0.3897435781344088, 0.3417040596068965]",-1,-1
36747,[0.5296353  0.37650841],5,-1,-1,-1,-1
36748,[0.34580965 0.40549102],2,-1,-1,881,-1
36749,[0.56681054 0.56219383],9,6,"[0.5164739970238864, 0.5319253761973344]",-1,-1
36750,[0.72291306 0.70359708],1,4,"[0.7726811996944247, 0.7249303226766757]",350,0
36751,[0.35449679 0.57425576],4,0,"[0.383291892093257, 0.5586820702346661]",-1,-1
36752,[0.14402023 0.21257642],0,-1,-1,-1,-1
36753,[0.14741946 0.29315796],2,-1,-1,91,-1
36754,[0.44269474 0.60931929],3,-1,-1,-1,-1
36755,[0.62322234 0.60607982],9,2,"[0.5921204552873188, 0.6383928111301557]",1200,-1
36756,[0.16538984 0.27741706],2,-1,-1,-1,-1
36757,[0.74963668 0.731875  ],1,4,"[0.7726811996944247, 0.7249303226766757]",424,0
36758,[0.50298136 0.48361428],5,6,"[0.5164739970238864, 0.5319253761973344]",605,-1
36759,[0.56657042 0.57599755],9,6,"[0.5164739970238864, 0.5319253761973344]",1458,-1
36760,[0.59122231 0.64367656],9,2,"[0.5921204552873188, 0.6383928111301557]",-1,-1
36761,[0.73451404 0.375467  ],8,-1,-1,-1,-1
36762,[0.28536804 0.25593897],0,9,"[0.3110394802231661, 0.23517199738277297]",-1,-1
36763,[0.47045376 0.57478951],3,6,"[0.5164739970238864, 0.5319253761973344]",-1,-1
36764,[0.28972941 0.56142501],4,7,"[0.2817018170798153, 0.5849768676672948]",-1,13
36765,[0.79804416 0.73261703],1,4,"[0.7726811996944247, 0.7249303226766757]",433,0
36766,[0.67351411 0.42250751],8,3,"[0.6815204869410737, 0.47689852788858716]",612,-1
36767,[0.57822683 0.53075439],5,6,"[0.5164739970238864, 0.5319253761973344]",1400,-1
36768,[0.39918621 0.59725875],7,0,"[0.383291892093257, 0.5586820702346661]",1724,-1
36769,[0.33909868 0.45583344],7,8,"[0.27392971195344684, 0.45973140540928376]",1387,-1
36770,[0.61588338 0.67129885],9,2,"[0.5921204552873188, 0.6383928111301557]",-1,-1
36771,[0.31521567 0.3177665 ],2,-1,-1,-1,-1
36772,[0.41663475 0.41329832],6,-1,-1,-1,-1
36773,[0.18087471 0.50515569],7,-1,-1,-1,-1
36774,[0.70080408 0.82916381],1,-1,-1,-1,-1
36775,[0.68433099 0.81578039],1,-1,-1,-1,-1
36776,[0.29425043 0.19089468],2,9,"[0.3110394802231661, 0.23517199738277297]",425,-1
36777,[0.59704991 0.57566127],9,2,"[0.5921204552873188, 0.6383928111301557]",1326,5
36778,[0.4911985  0.53781614],5,6,"[0.5164739970238864, 0.5319253761973344]",-1,-1
36779,[0.17934875 0.48327476],2,-1,-1,-1,-1
36780,[0.37547153 0.52503835],4,0,"[0.383291892093257, 0.5586820702346661]",-1,-1
36781,[0.26747175 0.48612425],7,8,"[0.27392971195344684, 0.45973140540928376]",-1,-1
36782,[0.1998611  0.29310085],2,5,"[0.23231087327800656, 0.30304944505444303]",-1,-1
36783,[0.31026556 0.27430485],0,9,"[0.3110394802231661, 0.23517199738277297]",-1,-1
36784,[0.48523392 0.51553104],5,6,"[0.5164739970238864, 0.5319253761973344]",936,-1
36785,[0.56905817 0.41132323],8,-1,-1,114,-1
36786,[0.65827338 0.4545724 ],8,3,"[0.6815204869410737, 0.47689852788858716]",733,-1
36787,[0.44328153 0.3841965 ],6,1,"[0.3897435781344088, 0.3417040596068965]",741,-1
36788,[0.19606026 0.24254123],0,-1,-1,897,-1
36789,[0.64893799 0.72219153],9,-1,-1,280,-1
36790,[0.6154908 0.4604472],8,3,"[0.6815204869410737, 0.47689852788858716]",-1,-1
36791,[0.40194487 0.6747808 ],4,-1,-1,247,-1
36792,[0.26006447 0.23216497],0,9,"[0.3110394802231661, 0.23517199738277297]",1137,-1
36793,[0.43375687 0.51823777],3,0,"[0.383291892093257, 0.5586820702346661]",1434,-1
36794,[0.26726979 0.33122092],0,5,"[0.23231087327800656, 0.30304944505444303]",1601,-1
36795,[0.38589226 0.32799797],7,1,"[0.3897435781344088, 0.3417040596068965]",-1,-1
36796,[0.40819404 0.32959483],6,1,"[0.3897435781344088, 0.3417040596068965]",999,-1
36797,[0.29022105 0.23194776],0,9,"[0.3110394802231661, 0.23517199738277297]",1370,-1
36798,[0.4336984 0.663517 ],5,-1,-1,138,-1
36799,[0.3254645  0.58964776],4,7,"[0.2817018170798153, 0.5849768676672948]",-1,-1
36800,[0.69209898 0.59608714],9,-1,-1,267,-1
36801,[0.73666098 0.78804977],1,-1,-1,-1,0
36802,[0.54103144 0.62014376],9,2,"[0.5921204552873188, 0.6383928111301557]",1270,-1
36803,[0.26827779 0.40240272],2,8,"[0.27392971195344684, 0.45973140540928376]",-1,-1
36804,[0.68957655 0.38456127],8,-1,-1,217,-1
36805,[0.60493135 0.54359555],8,-1,-1,-1,-1
36806,[0.43677979 0.40098555],6,-1,-1,426,-1
36807,[0.27495682 0.21634009],0,9,"[0.3110394802231661, 0.23517199738277297]",-1,-1
36808,[0.74623337 0.74574332],1,4,"[0.7726811996944247, 0.7249303226766757]",-1,0
36809,[0.4172262  0.56577261],3,0,"[0.383291892093257, 0.5586820702346661]",-1,-1
36810,[0.39001872 0.34322626],6,1,"[0.3897435781344088, 0.3417040596068965]",1366,-1
36811,[0.38041208 0.6138666 ],3,0,"[0.383291892093257, 0.5586820702346661]",-1,-1
36812,[0.26007702 0.49123388],3,8,"[0.27392971195344684, 0.45973140540928376]",-1,-1
36813,[0.73459427 0.72512373],1,4,"[0.7726811996944247, 0.7249303226766757]",411,0
36814,[0.68306378 0.69738917],1,-1,-1,-1,0
36815,[0.69760574 0.68052806],1,-1,-1,339,-1
36816,[0.7010418  0.39393863],8,-1,-1,217,-1
36817,[0.64824391 0.62036528],9,2,"[0.5921204552873188, 0.6383928111301557]",1072,-1
36818,[0.34089857 0.6321242 ],3,-1,-1,1047,-1
36819,[0.42972864 0.55952584],5,0,"[0.383291892093257, 0.5586820702346661]",-1,-1
36820,[0.61657721 0.69078734],9,2,"[0.5921204552873188, 0.6383928111301557]",662,-1
36821,[0.68071888 0.46825485],8,3,"[0.6815204869410737, 0.47689852788858716]",-1,2
36822,[0.29662641 0.57476374],4,7,"[0.2817018170798153, 0.5849768676672948]",1839,-1
36823,[0.26526177 0.56368239],4,7,"[0.2817018170798153, 0.5849768676672948]",1851,-1
36824,[0.42412976 0.46538599],6,-1,-1,-1,-1
36825,[0.47491119 0.49181032],5,6,"[0.5164739970238864, 0.5319253761973344]",875,-1
36826,[0.42251912 0.57001171],3,0,"[0.383291892093257, 0.5586820702346661]",1467,-1
36827,[0.22123027 0.3992562 ],7,-1,-1,502,-1
36828,[0.53158186 0.68600597],9,-1,-1,555,-1
36829,[0.24459163 0.56937019],7,7,"[0.2817018170798153, 0.5849768676672948]",1357,-1
36830,[0.60493673 0.68681152],9,2,"[0.5921204552873188, 0.6383928111301557]",-1,-1
36831,[0.24503101 0.51863426],7,8,"[0.27392971195344684, 0.45973140540928376]",-1,-1
36832,[0.34465877 0.52055613],3,0,"[0.383291892093257, 0.5586820702346661]",-1,-1
36833,[0.41662213 0.56671344],4,0,"[0.383291892093257, 0.5586820702346661]",-1,-1
36834,[0.72538811 0.77277118],1,4,"[0.7726811996944247, 0.7249303226766757]",315,0
36835,[0.55367331 0.69382235],9,2,"[0.5921204552873188, 0.6383928111301557]",-1,-1
36836,[0.26247813 0.29281983],0,5,"[0.23231087327800656, 0.30304944505444303]",-1,-1
36837,[0.74436564 0.73145455],1,4,"[0.7726811996944247, 0.7249303226766757]",-1,0
36838,[0.33883902 0.4768121 ],4,8,"[0.27392971195344684, 0.45973140540928376]",1757,-1
36839,[0.62509327 0.48999108],8,3,"[0.6815204869410737, 0.47689852788858716]",789,-1
36840,[0.52685327 0.5776542 ],5,6,"[0.5164739970238864, 0.5319253761973344]",1052,-1
36841,[0.47099428 0.59142708],5,-1,-1,-1,4
36842,[0.66075766 0.4022463 ],8,-1,-1,-1,-1
36843,[0.27351961 0.59257218],4,7,"[0.2817018170798153, 0.5849768676672948]",-1,-1
36844,[0.67898872 0.47643698],8,3,"[0.6815204869410737, 0.47689852788858716]",814,2
36845,[0.41766957 0.38797107],6,1,"[0.3897435781344088, 0.3417040596068965]",763,-1
36846,[0.37016626 0.41465803],6,-1,-1,721,-1
36847,[0.45330862 0.50124492],5,-1,-1,753,-1
36848,[0.64222967 0.6269464 ],9,2,"[0.5921204552873188, 0.6383928111301557]",1158,-1
36849,[0.68820734 0.46327271],8,3,"[0.6815204869410737, 0.47689852788858716]",813,-1
36850,[0.36071355 0.42830908],2,-1,-1,883,-1
36851,[0.27673949 0.53274767],7,7,"[0.2817018170798153, 0.5849768676672948]",1882,14
36852,[0.34238707 0.10438753],0,-1,-1,-1,-1
36853,[0.4329453 0.3092949],6,1,"[0.3897435781344088, 0.3417040596068965]",628,-1
36854,[0.86363579 0.67118899],1,-1,-1,81,-1
36855,[0.3766342  0.62628217],3,0,"[0.383291892093257, 0.5586820702346661]",679,-1
36856,[0.24813164 0.25169432],0,5,"[0.23231087327800656, 0.30304944505444303]",1313,-1
36857,[0.28300377 0.58884458],4,7,"[0.2817018170798153, 0.5849768676672948]",-1,-1
36858,[0.15358246 0.36650889],0,-1,-1,-1,-1
36859,[0.74608391 0.69953061],1,4,"[0.7726811996944247, 0.7249303226766757]",435,0
36860,[0.71437957 0.74503839],1,4,"[0.7726811996944247, 0.7249303226766757]",416,0
36861,[0.43519424 0.51847054],3,0,"[0.383291892093257, 0.5586820702346661]",1434,-1
36862,[0.33083111 0.31750563],0,1,"[0.3897435781344088, 0.3417040596068965]",-1,10
36863,[0.33858935 0.31542974],6,1,"[0.3897435781344088, 0.3417040596068965]",1653,-1
36864,[0.48915977 0.26938747],6,-1,-1,118,-1
36865,[0.28379883 0.26307045],2,9,"[0.3110394802231661, 0.23517199738277297]",-1,-1
36866,[0.68989373 0.67545631],1,-1,-1,388,-1
36867,[0.74122167 0.44779123],8,3,"[0.6815204869410737, 0.47689852788858716]",-1,-1
36868,[0.49379106 0.52201434],5,6,"[0.5164739970238864, 0.5319253761973344]",936,-1
36869,[0.83746102 0.79824383],1,-1,-1,-1,-1
36870,[0.51674871 0.61338711],5,-1,-1,1144,-1
36871,[0.28152102 0.53780317],7,7,"[0.2817018170798153, 0.5849768676672948]",1894,-1
36872,[0.48603306 0.69576989],9,-1,-1,132,-1
36873,[0.40524153 0.69581266],3,-1,-1,-1,-1
36874,[0.39666219 0.35185955],6,1,"[0.3897435781344088, 0.3417040596068965]",-1,-1
36875,[0.62427366 0.51322257],5,3,"[0.6815204869410737, 0.47689852788858716]",-1,-1
36876,[0.28611205 0.34342514],0,5,"[0.23231087327800656, 0.30304944505444303]",1584,-1
36877,[0.20081106 0.30106216],0,5,"[0.23231087327800656, 0.30304944505444303]",685,-1
36878,[0.74592095 0.50875931],8,-1,-1,-1,-1
36879,[0.68650575 0.52244457],8,3,"[0.6815204869410737, 0.47689852788858716]",786,-1
36880,[0.73719723 0.7753103 ],1,4,"[0.7726811996944247, 0.7249303226766757]",301,0
36881,[0.48285511 0.41692432],5,-1,-1,-1,-1
36882,[0.38338935 0.63810037],3,-1,-1,785,-1
36883,[0.57999151 0.53419162],9,6,"[0.5164739970238864, 0.5319253761973344]",-1,-1
36884,[0.42833908 0.49958131],3,-1,-1,914,-1
36885,[0.72249343 0.76756913],1,4,"[0.7726811996944247, 0.7249303226766757]",-1,0
36886,[0.49480461 0.51167731],5,6,"[0.5164739970238864, 0.5319253761973344]",-1,-1
36887,[0.41509713 0.24412349],6,-1,-1,-1,-1
36888,[0.48301398 0.35982066],6,-1,-1,208,-1
36889,[0.72735908 0.51966673],8,3,"[0.6815204869410737, 0.47689852788858716]",487,-1
36890,[0.23892463 0.50176018],3,8,"[0.27392971195344684, 0.45973140540928376]",-1,-1
36891,[0.22040996 0.57890667],4,7,"[0.2817018170798153, 0.5849768676672948]",380,-1
36892,[0.59809095 0.44057083],5,-1,-1,-1,-1
36893,[0.33205695 0.52696081],7,0,"[0.383291892093257, 0.5586820702346661]",-1,-1
36894,[0.70142065 0.72629213],1,-1,-1,-1,0
36895,[0.38379177 0.55336662],3,0,"[0.383291892093257, 0.5586820702346661]",-1,-1
36896,[0.30009401 0.25426099],2,9,"[0.3110394802231661, 0.23517199738277297]",1201,-1
36897,[0.58409024 0.64339932],9,2,"[0.5921204552873188, 0.6383928111301557]",1189,-1
36898,[0.69320874 0.40616526],8,-1,-1,509,-1
36899,[0.61329827 0.67390911],9,2,"[0.5921204552873188, 0.6383928111301557]",-1,-1
36900,[0.25826299 0.26742209],2,5,"[0.23231087327800656, 0.30304944505444303]",-1,-1
36901,[0.43108063 0.5331993 ],5,0,"[0.383291892093257, 0.5586820702346661]",-1,-1
36902,[0.4180645  0.55703215],7,0,"[0.383291892093257, 0.5586820702346661]",-1,-1
36903,[0.64981377 0.59417885],9,-1,-1,1013,-1
36904,[0.43890328 0.67772664],3,-1,-1,-1,-1
36905,[0.20453208 0.46223537],7,8,"[0.27392971195344684, 0.45973140540928376]",330,-1
36906,[0.33446548 0.46551959],7,8,"[0.27392971195344684, 0.45973140540928376]",1386,-1
36907,[0.6108567  0.52532904],5,-1,-1,1102,-1
36908,[0.59943461 0.57576144],8,2,"[0.5921204552873188, 0.6383928111301557]",1326,5
36909,[0.26960187 0.53106621],4,7,"[0.2817018170798153, 0.5849768676672948]",-1,-1
36910,[0.41164661 0.2943565 ],2,1,"[0.3897435781344088, 0.3417040596068965]",923,-1
36911,[0.35915199 0.27567268],2,9,"[0.3110394802231661, 0.23517199738277297]",1156,-1
36912,[0.30059903 0.51726392],4,8,"[0.27392971195344684, 0.45973140540928376]",-1,-1
36913,[0.27910656 0.55879896],7,7,"[0.2817018170798153, 0.5849768676672948]",-1,13
36914,[0.41197461 0.3655974 ],6,1,"[0.3897435781344088, 0.3417040596068965]",976,-1
36915,[0.46171425 0.31684549],6,-1,-1,281,-1
36916,[0.54524125 0.76745746],9,-1,-1,-1,-1
36917,[0.37100733 0.52882206],4,0,"[0.383291892093257, 0.5586820702346661]",1934,-1
36918,[0.63578368 0.62624766],9,2,"[0.5921204552873188, 0.6383928111301557]",1160,-1
36919,[0.45876052 0.56084637],4,6,"[0.5164739970238864, 0.5319253761973344]",1271,-1
36920,[0.65527573 0.51117822],9,3,"[0.6815204869410737, 0.47689852788858716]",781,-1
36921,[0.78562969 0.71620077],1,4,"[0.7726811996944247, 0.7249303226766757]",-1,0
36922,[0.39832754 0.56457068],3,0,"[0.383291892093257, 0.5586820702346661]",-1,-1
36923,[0.17754244 0.49664229],7,-1,-1,-1,-1
36924,[0.65403311 0.41654379],8,3,"[0.6815204869410737, 0.47689852788858716]",-1,-1
36925,[0.3602752  0.35426738],6,1,"[0.3897435781344088, 0.3417040596068965]",-1,-1
36926,[0.63891346 0.52620174],8,3,"[0.6815204869410737, 0.47689852788858716]",861,-1
36927,[0.36246829 0.56289975],3,0,"[0.383291892093257, 0.5586820702346661]",-1,-1
36928,[0.58255664 0.74902859],9,-1,-1,-1,-1
36929,[0.72505664 0.50559768],8,3,"[0.6815204869410737, 0.47689852788858716]",574,-1
36930,[0.38685075 0.35804266],6,1,"[0.3897435781344088, 0.3417040596068965]",-1,-1
36931,[0.36294692 0.58140311],3,0,"[0.383291892093257, 0.5586820702346661]",1847,12
36932,[0.57448611 0.61296652],9,2,"[0.5921204552873188, 0.6383928111301557]",-1,6
36933,[0.28367945 0.40539836],7,8,"[0.27392971195344684, 0.45973140540928376]",748,-1
36934,[0.40525126 0.57512688],4,0,"[0.383291892093257, 0.5586820702346661]",-1,-1
36935,[0.41390738 0.30124853],6,1,"[0.3897435781344088, 0.3417040596068965]",889,-1
36936,[0.47769527 0.53360675],5,6,"[0.5164739970238864, 0.5319253761973344]",963,-1
36937,[0.45872991 0.33421179],6,1,"[0.3897435781344088, 0.3417040596068965]",531,-1
36938,[0.4734783  0.55302204],5,6,"[0.5164739970238864, 0.5319253761973344]",-1,-1
36939,[0.49588669 0.60211941],9,-1,-1,-1,-1
36940,[0.380247   0.43036514],5,-1,-1,683,-1
36941,[0.4853335  0.65648599],9,-1,-1,-1,-1
36942,[0.64111646 0.6811502 ],9,2,"[0.5921204552873188, 0.6383928111301557]",-1,-1
36943,[0.49500588 0.61094358],3,-1,-1,918,-1
36944,[0.34854681 0.40801533],2,-1,-1,880,-1
36945,[0.33749181 0.60438278],7,7,"[0.2817018170798153, 0.5849768676672948]",-1,-1
36946,[0.28725711 0.39712854],4,8,"[0.27392971195344684, 0.45973140540928376]",1066,-1
36947,[0.3010145  0.28785553],2,9,"[0.3110394802231661, 0.23517199738277297]",-1,-1
36948,[0.76378158 0.71754393],1,4,"[0.7726811996944247, 0.7249303226766757]",-1,0
36949,[0.15707823 0.24668973],2,-1,-1,-1,-1
36950,[0.53606234 0.35282972],6,-1,-1,-1,-1
36951,[0.83287692 0.73833435],1,4,"[0.7726811996944247, 0.7249303226766757]",-1,0
36952,[0.34941796 0.67399389],4,-1,-1,298,-1
36953,[0.22162659 0.49884595],7,8,"[0.27392971195344684, 0.45973140540928376]",-1,-1
36954,[0.3766936  0.59083186],4,0,"[0.383291892093257, 0.5586820702346661]",-1,-1
36955,[0.11783529 0.20592914],0,-1,-1,-1,-1
36956,[0.70838803 0.7215914 ],1,4,"[0.7726811996944247, 0.7249303226766757]",384,0
36957,[0.32226089 0.17618562],0,9,"[0.3110394802231661, 0.23517199738277297]",-1,-1
36958,[0.74610841 0.56513899],8,-1,-1,-1,-1
36959,[0.35584321 0.61718243],3,0,"[0.383291892093257, 0.5586820702346661]",1821,-1
36960,[0.70951714 0.3971843 ],8,-1,-1,150,-1
36961,[0.26425408 0.49323955],4,8,"[0.27392971195344684, 0.45973140540928376]",-1,-1
36962,[0.71617027 0.67006721],1,-1,-1,357,0
36963,[0.65298954 0.69897381],9,-1,-1,489,-1
36964,[0.31488323 0.58327542],7,7,"[0.2817018170798153, 0.5849768676672948]",1967,17
36965,[0.33907916 0.49630951],4,-1,-1,1880,-1
36966,[0.46102853 0.36527044],6,-1,-1,442,-1
36967,[0.40306269 0.39021521],2,1,"[0.3897435781344088, 0.3417040596068965]",-1,-1
36968,[0.34447454 0.62511772],3,-1,-1,-1,-1
36969,[0.34802563 0.46576619],4,-1,-1,-1,-1
36970,[0.21612541 0.33473887],2,5,"[0.23231087327800656, 0.30304944505444303]",-1,-1
36971,[0.44133958 0.70253641],9,-1,-1,-1,-1
36972,[0.67085289 0.5170306 ],8,3,"[0.6815204869410737, 0.47689852788858716]",828,-1
36973,[0.28573537 0.19312738],2,9,"[0.3110394802231661, 0.23517199738277297]",-1,-1
36974,[0.32910737 0.5304335 ],7,0,"[0.383291892093257, 0.5586820702346661]",1948,-1
36975,[0.55141604 0.58917021],9,2,"[0.5921204552873188, 0.6383928111301557]",1431,-1
36976,[0.7597813  0.80694942],1,-1,-1,296,0
36977,[0.42049612 0.51526324],3,0,"[0.383291892093257, 0.5586820702346661]",-1,-1
36978,[0.40007379 0.29208815],6,1,"[0.3897435781344088, 0.3417040596068965]",-1,-1
36979,[0.33595072 0.52021239],4,0,"[0.383291892093257, 0.5586820702346661]",1877,-1
36980,[0.35526859 0.2622452 ],6,9,"[0.3110394802231661, 0.23517199738277297]",-1,-1
36981,[0.84725193 0.82083229],1,-1,-1,-1,-1
36982,[0.66626164 0.46080248],8,3,"[0.6815204869410737, 0.47689852788858716]",-1,-1
36983,[0.2638591  0.29216135],2,5,"[0.23231087327800656, 0.30304944505444303]",1645,-1
36984,[0.19531576 0.27305401],2,5,"[0.23231087327800656, 0.30304944505444303]",-1,-1
36985,[0.44171559 0.28453062],6,-1,-1,720,-1
36986,[0.41252845 0.65064615],3,-1,-1,-1,-1
36987,[0.37185844 0.6339846 ],3,-1,-1,784,-1
36988,[0.47519233 0.64041444],5,-1,-1,647,-1
36989,[0.35626264 0.51546664],3,0,"[0.383291892093257, 0.5586820702346661]",1921,-1
36990,[0.49340106 0.61754164],5,-1,-1,918,-1
36991,[0.47120688 0.50646453],5,6,"[0.5164739970238864, 0.5319253761973344]",753,-1
36992,[0.54861029 0.70873367],9,-1,-1,-1,-1
36993,[0.30797089 0.22549864],0,9,"[0.3110394802231661, 0.23517199738277297]",-1,-1
36994,[0.47963922 0.51021699],5,6,"[0.5164739970238864, 0.5319253761973344]",-1,-1
36995,[0.72432919 0.66651607],1,-1,-1,-1,0
36996,[0.16916173 0.58045831],7,-1,-1,-1,-1
36997,[0.52458033 0.60330827],9,-1,-1,-1,-1
36998,[0.73722979 0.7377326 ],1,4,"[0.7726811996944247, 0.7249303226766757]",452,0
36999,[0.27907169 0.27431996],6,9,"[0.3110394802231661, 0.23517199738277297]",-1,-1
37000,[0.34248373 0.32303298],6,1,"[0.3897435781344088, 0.3417040596068965]",1575,-1
37001,[0.6644044  0.32566462],8,-1,-1,-1,-1
37002,[0.53720733 0.59929612],5,2,"[0.5921204552873188, 0.6383928111301557]",-1,-1
37003,[0.26009736 0.57232718],4,7,"[0.2817018170798153, 0.5849768676672948]",-1,-1
37004,[0.25179128 0.6167721 ],4,7,"[0.2817018170798153, 0.5849768676672948]",-1,-1
37005,[0.73643974 0.72783741],1,4,"[0.7726811996944247, 0.7249303226766757]",411,0
37006,[0.62709266 0.49565788],8,3,"[0.6815204869410737, 0.47689852788858716]",789,-1
37007,[0.30031747 0.14004548],0,-1,-1,-1,-1
37008,[0.23222212 0.48947971],7,8,"[0.27392971195344684, 0.45973140540928376]",1280,-1
37009,[0.31099407 0.54174104],7,7,"[0.2817018170798153, 0.5849768676672948]",1986,-1
37010,[0.40669865 0.51303752],3,0,"[0.383291892093257, 0.5586820702346661]",1638,-1
37011,[0.3090865  0.29324457],2,9,"[0.3110394802231661, 0.23517199738277297]",1614,11
37012,[0.78270743 0.63407407],1,-1,-1,-1,0
37013,[0.71367247 0.6628944 ],1,-1,-1,358,0
37014,[0.45855163 0.59224402],5,-1,-1,1238,4
37015,[0.38421726 0.59963342],3,0,"[0.383291892093257, 0.5586820702346661]",1753,-1
37016,[0.28682965 0.30282547],2,5,"[0.23231087327800656, 0.30304944505444303]",1578,-1
37017,[0.54356865 0.63276687],9,2,"[0.5921204552873188, 0.6383928111301557]",1262,-1
37018,[0.26627699 0.282752  ],0,5,"[0.23231087327800656, 0.30304944505444303]",-1,-1
37019,[0.28158673 0.56005974],4,7,"[0.2817018170798153, 0.5849768676672948]",-1,13
37020,[0.36788812 0.57421085],4,0,"[0.383291892093257, 0.5586820702346661]",-1,12
37021,[0.6032199 0.5739951],8,2,"[0.5921204552873188, 0.6383928111301557]",1326,5
37022,[0.36302604 0.48592708],7,-1,-1,1561,-1
37023,[0.31311789 0.45750889],7,8,"[0.27392971195344684, 0.45973140540928376]",-1,-1
37024,[0.35331513 0.27774997],2,9,"[0.3110394802231661, 0.23517199738277297]",1393,-1
37025,[0.23062139 0.2280723 ],2,-1,-1,-1,-1
37026,[0.28393735 0.62923579],3,7,"[0.2817018170798153, 0.5849768676672948]",588,-1
37027,[0.65762985 0.50187253],8,3,"[0.6815204869410737, 0.47689852788858716]",816,-1
37028,[0.24184302 0.35961332],6,5,"[0.23231087327800656, 0.30304944505444303]",1569,-1
37029,[0.68350645 0.73459454],9,-1,-1,-1,0
37030,[0.30327646 0.58773523],7,7,"[0.2817018170798153, 0.5849768676672948]",1820,-1
37031,[0.23126276 0.42170603],7,8,"[0.27392971195344684, 0.45973140540928376]",-1,-1
37032,[0.32696848 0.62613322],4,7,"[0.2817018170798153, 0.5849768676672948]",-1,-1
37033,[0.77908143 0.65349962],1,-1,-1,327,0
37034,[0.28556782 0.54770423],3,7,"[0.2817018170798153, 0.5849768676672948]",-1,-1
37035,[0.67831595 0.56351779],9,-1,-1,-1,-1
37036,[0.44332482 0.53814626],4,0,"[0.383291892093257, 0.5586820702346661]",-1,-1
37037,[0.65912374 0.59975037],9,-1,-1,-1,-1
37038,[0.72846764 0.56682835],8,-1,-1,125,-1
37039,[0.762867   0.49821234],8,-1,-1,188,-1
37040,[0.67833086 0.71381448],1,-1,-1,-1,0
37041,[0.29360205 0.53689453],7,7,"[0.2817018170798153, 0.5849768676672948]",1895,-1
37042,[0.46213535 0.4660321 ],5,-1,-1,291,-1
37043,[0.76819627 0.40376839],8,-1,-1,65,-1
37044,[0.79450109 0.7722857 ],1,4,"[0.7726811996944247, 0.7249303226766757]",-1,0
37045,[0.26841557 0.5946537 ],3,7,"[0.2817018170798153, 0.5849768676672948]",1655,-1
37046,[0.34647397 0.56450529],3,0,"[0.383291892093257, 0.5586820702346661]",-1,17
37047,[0.5388298  0.60393446],9,2,"[0.5921204552873188, 0.6383928111301557]",-1,-1
37048,[0.74252246 0.49180307],8,3,"[0.6815204869410737, 0.47689852788858716]",508,-1
37049,[0.45750662 0.33739337],6,1,"[0.3897435781344088, 0.3417040596068965]",531,-1
37050,[0.76970624 0.72525231],1,4,"[0.7726811996944247, 0.7249303226766757]",469,0
37051,[0.39574747 0.5920714 ],3,0,"[0.383291892093257, 0.5586820702346661]",1723,-1
37052,[0.39731829 0.57265901],4,0,"[0.383291892093257, 0.5586820702346661]",1770,-1
37053,[0.45854016 0.51792204],3,6,"[0.5164739970238864, 0.5319253761973344]",-1,-1
37054,[0.41672789 0.50412431],4,0,"[0.383291892093257, 0.5586820702346661]",1438,-1
37055,[0.63269771 0.455128  ],8,3,"[0.6815204869410737, 0.47689852788858716]",619,-1
37056,[0.6978145  0.66095443],1,-1,-1,414,0
37057,[0.26465333 0.59343723],4,7,"[0.2817018170798153, 0.5849768676672948]",1655,-1
37058,[0.64562139 0.51325421],8,3,"[0.6815204869410737, 0.47689852788858716]",866,-1
37059,[0.17538708 0.26475184],0,5,"[0.23231087327800656, 0.30304944505444303]",-1,-1
37060,[0.31888125 0.21668759],0,9,"[0.3110394802231661, 0.23517199738277297]",-1,-1
37061,[0.29183976 0.53977314],7,7,"[0.2817018170798153, 0.5849768676672948]",-1,-1
37062,[0.79777123 0.65822803],1,-1,-1,328,0
37063,[0.30554708 0.39390392],2,-1,-1,-1,-1
37064,[0.26208278 0.35161025],2,5,"[0.23231087327800656, 0.30304944505444303]",1586,-1
37065,[0.73503903 0.69942218],1,4,"[0.7726811996944247, 0.7249303226766757]",437,0
37066,[0.67712241 0.71872311],1,-1,-1,-1,0
37067,[0.35238826 0.62458781],7,-1,-1,1304,-1
37068,[0.55143875 0.72660011],9,-1,-1,-1,-1
37069,[0.59662357 0.66237166],9,2,"[0.5921204552873188, 0.6383928111301557]",-1,-1
37070,[0.43724572 0.24393913],6,-1,-1,178,-1
37071,[0.69022097 0.48728988],8,3,"[0.6815204869410737, 0.47689852788858716]",-1,2
37072,[0.69652151 0.77798343],1,-1,-1,-1,0
37073,[0.66200998 0.45368707],8,3,"[0.6815204869410737, 0.47689852788858716]",733,-1
37074,[0.81287303 0.81415219],1,-1,-1,-1,0
37075,[0.78100044 0.80150651],1,-1,-1,-1,0
37076,[0.34618686 0.55603496],3,0,"[0.383291892093257, 0.5586820702346661]",-1,-1
37077,[0.36406617 0.3515379 ],2,1,"[0.3897435781344088, 0.3417040596068965]",-1,-1
37078,[0.50259562 0.28540173],6,-1,-1,-1,-1
37079,[0.6649807  0.51198816],8,3,"[0.6815204869410737, 0.47689852788858716]",-1,2
37080,[0.79707628 0.75833783],1,4,"[0.7726811996944247, 0.7249303226766757]",-1,0
37081,[0.31743602 0.18262481],0,9,"[0.3110394802231661, 0.23517199738277297]",232,-1
37082,[0.76288688 0.6546143 ],1,-1,-1,325,0
37083,[0.66738044 0.67980242],9,-1,-1,385,-1
37084,[0.75126416 0.86138127],1,-1,-1,24,-1
37085,[0.42277069 0.30202623],6,1,"[0.3897435781344088, 0.3417040596068965]",-1,-1
37086,[0.82177769 0.63271049],1,-1,-1,-1,-1
37087,[0.35055685 0.32131357],0,1,"[0.3897435781344088, 0.3417040596068965]",-1,-1
37088,[0.32361889 0.28192612],2,9,"[0.3110394802231661, 0.23517199738277297]",1520,-1
37089,[0.22664583 0.25812977],2,5,"[0.23231087327800656, 0.30304944505444303]",-1,-1
37090,[0.30021389 0.36941322],0,-1,-1,-1,-1
37091,[0.36295402 0.58448147],4,0,"[0.383291892093257, 0.5586820702346661]",1847,-1
37092,[0.59640966 0.57066008],9,2,"[0.5921204552873188, 0.6383928111301557]",1315,5
37093,[0.41917632 0.4159811 ],6,-1,-1,575,-1
37094,[0.40993111 0.51603197],3,0,"[0.383291892093257, 0.5586820702346661]",1638,-1
37095,[0.63402696 0.4323477 ],8,3,"[0.6815204869410737, 0.47689852788858716]",-1,-1
37096,[0.34365899 0.40343302],2,-1,-1,881,-1
37097,[0.7519594  0.71523779],1,4,"[0.7726811996944247, 0.7249303226766757]",-1,0
37098,[0.67978511 0.69477523],1,-1,-1,387,-1
37099,[0.17857105 0.30171852],0,5,"[0.23231087327800656, 0.30304944505444303]",549,-1
37100,[0.28954026 0.54340184],3,7,"[0.2817018170798153, 0.5849768676672948]",1907,-1
37101,[0.67307488 0.59143192],9,-1,-1,338,-1
37102,[0.52862797 0.59312438],9,6,"[0.5164739970238864, 0.5319253761973344]",1372,-1
37103,[0.30751568 0.64677481],4,7,"[0.2817018170798153, 0.5849768676672948]",590,-1
37104,[0.18792488 0.29403133],2,5,"[0.23231087327800656, 0.30304944505444303]",-1,-1
37105,[0.79880265 0.7374032 ],1,4,"[0.7726811996944247, 0.7249303226766757]",433,0
37106,[0.30490579 0.29079487],2,9,"[0.3110394802231661, 0.23517199738277297]",1685,11
37107,[0.51752498 0.6874826 ],5,-1,-1,-1,-1
37108,[0.4118616  0.62815471],3,-1,-1,1388,-1
37109,[0.60209286 0.54394181],9,-1,-1,-1,-1
37110,[0.29371448 0.47742454],7,8,"[0.27392971195344684, 0.45973140540928376]",-1,-1
37111,[0.44906102 0.47178587],3,-1,-1,548,-1
37112,[0.42827819 0.56694503],3,0,"[0.383291892093257, 0.5586820702346661]",1467,-1
37113,[0.46016337 0.59109051],5,-1,-1,1235,4
37114,[0.3218843  0.56641065],3,7,"[0.2817018170798153, 0.5849768676672948]",-1,17
37115,[0.61578633 0.57883705],5,2,"[0.5921204552873188, 0.6383928111301557]",-1,-1
37116,[0.44015704 0.61803027],3,-1,-1,-1,-1
37117,[0.24835311 0.53845592],4,7,"[0.2817018170798153, 0.5849768676672948]",-1,-1
37118,[0.51679027 0.3867527 ],5,-1,-1,-1,-1
37119,[0.28811703 0.54540145],7,7,"[0.2817018170798153, 0.5849768676672948]",1907,-1
37120,[0.75520084 0.76221617],1,4,"[0.7726811996944247, 0.7249303226766757]",417,0
37121,[0.34841054 0.51493629],7,0,"[0.383291892093257, 0.5586820702346661]",1927,-1
37122,[0.32150371 0.35941039],0,-1,-1,1485,-1
37123,[0.5251065  0.35576225],6,-1,-1,63,-1
37124,[0.79122732 0.84302568],1,-1,-1,21,-1
37125,[0.8380829  0.73657701],1,4,"[0.7726811996944247, 0.7249303226766757]",342,0
37126,[0.32665475 0.51550931],7,-1,-1,-1,15
37127,[0.77138063 0.46559055],8,-1,-1,-1,-1
37128,[0.62890462 0.74827522],1,-1,-1,-1,-1
37129,[0.28019876 0.20611109],0,9,"[0.3110394802231661, 0.23517199738277297]",648,-1
37130,[0.34223341 0.35954717],2,1,"[0.3897435781344088, 0.3417040596068965]",1353,-1
37131,[0.25494118 0.49731181],2,8,"[0.27392971195344684, 0.45973140540928376]",1775,-1
37132,[0.63841491 0.45093954],8,3,"[0.6815204869410737, 0.47689852788858716]",618,-1
37133,[0.19914565 0.21694454],0,-1,-1,565,-1
37134,[0.55607477 0.53100841],5,6,"[0.5164739970238864, 0.5319253761973344]",-1,-1
37135,[0.26574394 0.18086254],0,-1,-1,239,-1
37136,[0.45143365 0.3225781 ],6,1,"[0.3897435781344088, 0.3417040596068965]",527,-1
37137,[0.27602384 0.23673361],0,9,"[0.3110394802231661, 0.23517199738277297]",-1,-1
37138,[0.34485549 0.61853876],4,-1,-1,1830,-1
37139,[0.31522126 0.26436116],6,9,"[0.3110394802231661, 0.23517199738277297]",1508,-1
37140,[0.60715084 0.78041386],9,-1,-1,-1,-1
37141,[0.55120768 0.37618986],6,-1,-1,-1,-1
37142,[0.39714281 0.58699059],7,0,"[0.383291892093257, 0.5586820702346661]",-1,-1
37143,[0.24635191 0.48332028],7,8,"[0.27392971195344684, 0.45973140540928376]",-1,-1
37144,[0.38761905 0.64409437],3,-1,-1,-1,-1
37145,[0.4833859  0.53735807],5,6,"[0.5164739970238864, 0.5319253761973344]",959,-1
37146,[0.38856285 0.51235323],4,0,"[0.383291892093257, 0.5586820702346661]",1781,-1
37147,[0.33240569 0.39430037],7,-1,-1,-1,-1
37148,[0.34368129 0.59841669],4,0,"[0.383291892093257, 0.5586820702346661]",-1,-1
37149,[0.36459072 0.29342515],2,1,"[0.3897435781344088, 0.3417040596068965]",1542,-1
37150,[0.66925298 0.68297589],9,-1,-1,385,-1
37151,[0.53731303 0.60956057],9,2,"[0.5921204552873188, 0.6383928111301557]",1203,-1
37152,[0.40985345 0.55534506],3,0,"[0.383291892093257, 0.5586820702346661]",1734,-1
37153,[0.83754791 0.82515447],1,-1,-1,-1,-1
37154,[0.40747165 0.64586118],4,-1,-1,589,-1
37155,[0.23884753 0.14139044],0,-1,-1,-1,-1
37156,[0.55519624 0.47947543],5,6,"[0.5164739970238864, 0.5319253761973344]",744,-1
37157,[0.63340868 0.5505822 ],9,-1,-1,-1,-1
37158,[0.8052455  0.77241077],1,4,"[0.7726811996944247, 0.7249303226766757]",-1,0
37159,[0.29143832 0.35959994],0,-1,-1,-1,-1
37160,[0.3919486  0.39189782],7,1,"[0.3897435781344088, 0.3417040596068965]",952,-1
37161,[0.2796872  0.59099716],4,7,"[0.2817018170798153, 0.5849768676672948]",1572,-1
37162,[0.40968398 0.2838007 ],6,1,"[0.3897435781344088, 0.3417040596068965]",922,-1
37163,[0.63694909 0.38498967],8,-1,-1,157,-1
37164,[0.69012923 0.52725583],8,3,"[0.6815204869410737, 0.47689852788858716]",786,-1
37165,[0.59628258 0.61225119],5,2,"[0.5921204552873188, 0.6383928111301557]",1417,-1
37166,[0.75062681 0.69169808],9,4,"[0.7726811996944247, 0.7249303226766757]",-1,0
37167,[0.70601455 0.88248548],1,-1,-1,-1,-1
37168,[0.57601713 0.5001953 ],5,6,"[0.5164739970238864, 0.5319253761973344]",847,-1
37169,[0.23604305 0.32124111],0,5,"[0.23231087327800656, 0.30304944505444303]",-1,-1
37170,[0.76786684 0.80472317],1,-1,-1,-1,0
37171,[0.68459681 0.89332921],1,-1,-1,-1,-1
37172,[0.62316814 0.49589182],8,3,"[0.6815204869410737, 0.47689852788858716]",789,-1
37173,[0.54241797 0.25244881],6,-1,-1,-1,-1
37174,[0.41129374 0.47671229],4,-1,-1,-1,-1
37175,[0.32570837 0.57215554],4,7,"[0.2817018170798153, 0.5849768676672948]",1976,-1
37176,[0.6077101  0.69080858],9,2,"[0.5921204552873188, 0.6383928111301557]",-1,-1
37177,[0.84882516 0.7754131 ],1,-1,-1,-1,0
37178,[0.56005209 0.51569415],5,6,"[0.5164739970238864, 0.5319253761973344]",770,-1
37179,[0.34441912 0.30439417],0,1,"[0.3897435781344088, 0.3417040596068965]",-1,-1
37180,[0.79398114 0.68771022],1,4,"[0.7726811996944247, 0.7249303226766757]",-1,0
37181,[0.33359879 0.61950069],4,7,"[0.2817018170798153, 0.5849768676672948]",-1,-1
37182,[0.49525801 0.33901678],6,-1,-1,168,-1
37183,[0.4087097  0.48558105],7,-1,-1,-1,-1
37184,[0.54312383 0.60853912],9,2,"[0.5921204552873188, 0.6383928111301557]",1217,-1
37185,[0.33395802 0.46096677],3,8,"[0.27392971195344684, 0.45973140540928376]",-1,-1
37186,[0.31883251 0.24228836],2,9,"[0.3110394802231661, 0.23517199738277297]",1490,-1
37187,[0.23893423 0.30445574],0,5,"[0.23231087327800656, 0.30304944505444303]",1567,-1
37188,[0.34502391 0.40337906],6,-1,-1,881,-1
37189,[0.82583584 0.76589301],1,4,"[0.7726811996944247, 0.7249303226766757]",314,0
37190,[0.83786287 0.75184919],1,-1,-1,406,0
37191,[0.22266863 0.35036323],2,5,"[0.23231087327800656, 0.30304944505444303]",-1,-1
37192,[0.27300163 0.534467  ],7,7,"[0.2817018170798153, 0.5849768676672948]",-1,-1
37193,[0.32700696 0.52024419],4,0,"[0.383291892093257, 0.5586820702346661]",1905,-1
37194,[0.31516285 0.28129862],0,9,"[0.3110394802231661, 0.23517199738277297]",1576,-1
37195,[0.36808899 0.3117557 ],0,1,"[0.3897435781344088, 0.3417040596068965]",-1,-1
37196,[0.29081775 0.52375621],4,7,"[0.2817018170798153, 0.5849768676672948]",1910,14
37197,[0.78345745 0.69394825],1,4,"[0.7726811996944247, 0.7249303226766757]",448,0
37198,[0.22140285 0.4323562 ],7,8,"[0.27392971195344684, 0.45973140540928376]",-1,-1
37199,[0.30254216 0.39533373],7,-1,-1,1067,-1
37200,[0.85625051 0.74160382],1,-1,-1,-1,0
37201,[0.51723962 0.4069385 ],6,-1,-1,45,-1
37202,[0.73091356 0.6826932 ],1,4,"[0.7726811996944247, 0.7249303226766757]",429,0
37203,[0.34034472 0.60649608],4,7,"[0.2817018170798153, 0.5849768676672948]",1862,-1
37204,[0.48562288 0.63249568],5,-1,-1,647,-1
37205,[0.1737444 0.4223734],2,-1,-1,-1,-1
37206,[0.61668466 0.7660542 ],1,-1,-1,-1,-1
37207,[0.4245942  0.57481055],3,0,"[0.383291892093257, 0.5586820702346661]",1467,-1
37208,[0.29471111 0.47487772],3,8,"[0.27392971195344684, 0.45973140540928376]",-1,-1
37209,[0.5714876  0.45465034],5,-1,-1,517,-1
37210,[0.14165514 0.29392512],0,-1,-1,91,-1
37211,[0.31123654 0.53057079],4,7,"[0.2817018170798153, 0.5849768676672948]",1844,-1
37212,[0.24831948 0.51757664],7,8,"[0.27392971195344684, 0.45973140540928376]",-1,-1
37213,[0.68047659 0.49473483],8,3,"[0.6815204869410737, 0.47689852788858716]",826,2
37214,[0.24384308 0.43634098],2,8,"[0.27392971195344684, 0.45973140540928376]",696,-1
37215,[0.83006889 0.78579234],1,-1,-1,191,0
37216,[0.4467344 0.3917368],6,-1,-1,-1,-1
37217,[0.2311943  0.29193496],0,5,"[0.23231087327800656, 0.30304944505444303]",1460,-1
37218,[0.54309179 0.54504631],5,6,"[0.5164739970238864, 0.5319253761973344]",1402,-1
37219,[0.50329552 0.63140318],5,-1,-1,935,-1
37220,[0.34405464 0.49335908],4,-1,-1,-1,-1
37221,[0.70334932 0.61306387],9,-1,-1,276,-1
37222,[0.7185943  0.69775837],1,4,"[0.7726811996944247, 0.7249303226766757]",-1,0
37223,[0.6343498  0.58720114],5,2,"[0.5921204552873188, 0.6383928111301557]",1187,-1
37224,[0.41345549 0.58964029],3,0,"[0.383291892093257, 0.5586820702346661]",1718,-1
37225,[0.32669026 0.50485018],7,8,"[0.27392971195344684, 0.45973140540928376]",-1,-1
37226,[0.2725516 0.2937692],2,5,"[0.23231087327800656, 0.30304944505444303]",-1,-1
37227,[0.30641889 0.50698768],4,8,"[0.27392971195344684, 0.45973140540928376]",-1,-1
37228,[0.32819825 0.42798773],2,8,"[0.27392971195344684, 0.45973140540928376]",-1,-1
37229,[0.24078321 0.55177791],7,7,"[0.2817018170798153, 0.5849768676672948]",-1,-1
37230,[0.69837142 0.79042084],1,-1,-1,182,0
37231,[0.36560694 0.58433681],4,0,"[0.383291892093257, 0.5586820702346661]",1847,12
37232,[0.2552174  0.57467658],7,7,"[0.2817018170798153, 0.5849768676672948]",1562,-1
37233,[0.25172923 0.27942861],2,5,"[0.23231087327800656, 0.30304944505444303]",1530,-1
37234,[0.59731835 0.78721944],9,-1,-1,-1,-1
37235,[0.36679874 0.52968306],3,0,"[0.383291892093257, 0.5586820702346661]",1934,-1
37236,[0.20962841 0.59202707],7,-1,-1,181,-1
37237,[0.42950472 0.58975667],3,0,"[0.383291892093257, 0.5586820702346661]",1703,-1
37238,[0.37353251 0.45568523],3,-1,-1,1054,-1
37239,[0.55840045 0.6485996 ],9,2,"[0.5921204552873188, 0.6383928111301557]",1212,-1
37240,[0.72919103 0.44021109],9,3,"[0.6815204869410737, 0.47689852788858716]",562,-1
37241,[0.20250367 0.41141568],2,-1,-1,-1,-1
37242,[0.32258911 0.55677203],3,7,"[0.2817018170798153, 0.5849768676672948]",-1,17
37243,[0.75230907 0.40076533],8,-1,-1,-1,-1
37244,[0.43701532 0.4774723 ],7,-1,-1,-1,-1
37245,[0.60054621 0.63323627],9,2,"[0.5921204552873188, 0.6383928111301557]",-1,6
37246,[0.36720153 0.48727242],7,-1,-1,-1,-1
37247,[0.37324482 0.44704044],3,-1,-1,964,-1
37248,[0.44475287 0.27186903],6,-1,-1,-1,-1
37249,[0.38011769 0.52689747],4,0,"[0.383291892093257, 0.5586820702346661]",1784,-1
37250,[0.91505701 0.69591148],1,-1,-1,-1,-1
37251,[0.14261328 0.59103216],7,-1,-1,-1,-1
37252,[0.54412696 0.5780285 ],5,6,"[0.5164739970238864, 0.5319253761973344]",1410,6
37253,[0.36185466 0.63301988],3,-1,-1,1304,-1
37254,[0.4148505  0.51355576],3,0,"[0.383291892093257, 0.5586820702346661]",-1,-1
37255,[0.69162725 0.49921226],8,3,"[0.6815204869410737, 0.47689852788858716]",-1,2
37256,[0.59275459 0.73429912],9,-1,-1,-1,-1
37257,[0.47170003 0.37386667],6,-1,-1,-1,-1
37258,[0.55446944 0.63556132],9,2,"[0.5921204552873188, 0.6383928111301557]",1278,6
37259,[0.31574747 0.33744837],2,-1,-1,1615,-1
37260,[0.23462448 0.41087885],4,8,"[0.27392971195344684, 0.45973140540928376]",-1,-1
37261,[0.27942033 0.61876882],4,7,"[0.2817018170798153, 0.5849768676672948]",878,-1
37262,[0.37388342 0.59318126],4,0,"[0.383291892093257, 0.5586820702346661]",-1,-1
37263,[0.23600379 0.30611691],2,5,"[0.23231087327800656, 0.30304944505444303]",1567,-1
37264,[0.69233428 0.71025782],1,-1,-1,343,0
37265,[0.7545721  0.59516279],8,-1,-1,110,-1
37266,[0.38199188 0.3469994 ],6,1,"[0.3897435781344088, 0.3417040596068965]",1122,-1
37267,[0.27758371 0.4893051 ],7,8,"[0.27392971195344684, 0.45973140540928376]",1796,-1
37268,[0.30467154 0.56631348],4,7,"[0.2817018170798153, 0.5849768676672948]",1925,-1
37269,[0.38502027 0.55792491],4,0,"[0.383291892093257, 0.5586820702346661]",-1,-1
37270,[0.63053573 0.63841686],9,2,"[0.5921204552873188, 0.6383928111301557]",-1,-1
37271,[0.23995359 0.50464449],7,8,"[0.27392971195344684, 0.45973140540928376]",-1,-1
37272,[0.36487442 0.67934602],4,-1,-1,-1,-1
37273,[0.31986762 0.42205531],2,8,"[0.27392971195344684, 0.45973140540928376]",1017,-1
37274,[0.30590827 0.60479828],7,7,"[0.2817018170798153, 0.5849768676672948]",1726,-1
37275,[0.56390849 0.50602793],9,6,"[0.5164739970238864, 0.5319253761973344]",-1,-1
37276,[0.25713326 0.42291631],0,8,"[0.27392971195344684, 0.45973140540928376]",692,-1
37277,[0.70920498 0.72701386],1,4,"[0.7726811996944247, 0.7249303226766757]",384,0
37278,[0.34461486 0.35710917],6,1,"[0.3897435781344088, 0.3417040596068965]",1353,-1
37279,[0.60924079 0.52893511],5,-1,-1,1213,-1
37280,[0.3466872  0.33825389],6,1,"[0.3897435781344088, 0.3417040596068965]",-1,-1
37281,[0.59159606 0.47913104],5,-1,-1,561,-1
37282,[0.29523182 0.55012278],4,7,"[0.2817018170798153, 0.5849768676672948]",1838,-1
37283,[0.26445392 0.24282774],0,9,"[0.3110394802231661, 0.23517199738277297]",1345,-1
37284,[0.62237327 0.47083442],8,3,"[0.6815204869410737, 0.47689852788858716]",627,-1
37285,[0.73644045 0.65694011],1,-1,-1,356,0
37286,[0.27225426 0.42583545],7,8,"[0.27392971195344684, 0.45973140540928376]",-1,-1
37287,[0.65978097 0.3821467 ],8,-1,-1,242,-1
37288,[0.31938453 0.31080553],6,-1,-1,1663,-1
37289,[0.69222277 0.4160221 ],8,3,"[0.6815204869410737, 0.47689852788858716]",-1,-1
37290,[0.26489311 0.55237368],7,7,"[0.2817018170798153, 0.5849768676672948]",-1,-1
37291,[0.58692283 0.61859674],9,2,"[0.5921204552873188, 0.6383928111301557]",1418,6
37292,[0.37084651 0.4779725 ],4,-1,-1,1211,-1
37293,[0.76528028 0.71543714],1,4,"[0.7726811996944247, 0.7249303226766757]",467,0
37294,[0.65883807 0.57131225],5,-1,-1,893,-1
37295,[0.64652414 0.60216292],5,2,"[0.5921204552873188, 0.6383928111301557]",613,-1
37296,[0.43259183 0.39494856],6,1,"[0.3897435781344088, 0.3417040596068965]",-1,-1
37297,[0.28591657 0.24752026],0,9,"[0.3110394802231661, 0.23517199738277297]",-1,-1
37298,[0.52100416 0.49518397],5,6,"[0.5164739970238864, 0.5319253761973344]",-1,-1
37299,[0.79185935 0.61973928],1,-1,-1,-1,-1
37300,[0.35936821 0.50698737],7,0,"[0.383291892093257, 0.5586820702346661]",1897,-1
37301,[0.40340617 0.36615235],6,1,"[0.3897435781344088, 0.3417040596068965]",980,-1
37302,[0.45020056 0.31006682],6,1,"[0.3897435781344088, 0.3417040596068965]",-1,-1
37303,[0.51040268 0.49980328],5,6,"[0.5164739970238864, 0.5319253761973344]",661,-1
37304,[0.35126848 0.562948  ],4,0,"[0.383291892093257, 0.5586820702346661]",-1,-1
37305,[0.51346127 0.67415174],9,-1,-1,-1,-1
37306,[0.60843282 0.57733724],9,2,"[0.5921204552873188, 0.6383928111301557]",1326,-1
37307,[0.66456524 0.67488687],9,-1,-1,-1,-1
37308,[0.22373599 0.23030482],0,-1,-1,872,-1
37309,[0.80598159 0.71783897],1,4,"[0.7726811996944247, 0.7249303226766757]",456,0
37310,[0.32797538 0.2234442 ],0,9,"[0.3110394802231661, 0.23517199738277297]",-1,-1
37311,[0.53916529 0.65642902],9,2,"[0.5921204552873188, 0.6383928111301557]",1056,-1
37312,[0.40868947 0.49517008],3,0,"[0.383291892093257, 0.5586820702346661]",1456,-1
37313,[0.61824491 0.4987636 ],8,3,"[0.6815204869410737, 0.47689852788858716]",865,-1
37314,[0.24887223 0.3000068 ],0,5,"[0.23231087327800656, 0.30304944505444303]",1590,-1
37315,[0.72643707 0.49564745],8,3,"[0.6815204869410737, 0.47689852788858716]",-1,-1
37316,[0.57886999 0.593015  ],5,2,"[0.5921204552873188, 0.6383928111301557]",1443,6
37317,[0.6158696 0.7377148],9,-1,-1,-1,-1
37318,[0.29334115 0.45698195],7,8,"[0.27392971195344684, 0.45973140540928376]",-1,-1
37319,[0.36125565 0.45689304],2,-1,-1,860,-1
37320,[0.4183937  0.23146986],6,-1,-1,-1,-1
37321,[0.32918762 0.54868094],4,0,"[0.383291892093257, 0.5586820702346661]",1960,-1
37322,[0.34289066 0.57077405],4,0,"[0.383291892093257, 0.5586820702346661]",1878,-1
37323,[0.70906032 0.74277565],1,4,"[0.7726811996944247, 0.7249303226766757]",416,0
37324,[0.2094269  0.35499568],2,5,"[0.23231087327800656, 0.30304944505444303]",-1,-1
37325,[0.54326249 0.45511041],5,-1,-1,-1,-1
37326,[0.76275091 0.68440662],1,4,"[0.7726811996944247, 0.7249303226766757]",398,0
37327,[0.32747752 0.37451183],2,-1,-1,1391,-1
37328,[0.29102566 0.31162949],0,5,"[0.23231087327800656, 0.30304944505444303]",-1,-1
37329,[0.19135673 0.33819016],2,5,"[0.23231087327800656, 0.30304944505444303]",764,-1
37330,[0.75925003 0.47886056],8,-1,-1,-1,-1
37331,[0.33132362 0.53227774],7,0,"[0.383291892093257, 0.5586820702346661]",1948,-1
37332,[0.69643094 0.50008485],8,3,"[0.6815204869410737, 0.47689852788858716]",-1,2
37333,[0.30280743 0.33998943],0,-1,-1,1625,8
37334,[0.31874941 0.4098733 ],7,8,"[0.27392971195344684, 0.45973140540928376]",-1,-1
37335,[0.32933564 0.53471954],7,0,"[0.383291892093257, 0.5586820702346661]",-1,-1
37336,[0.75120411 0.8208709 ],1,-1,-1,103,0
37337,[0.34974603 0.60768606],3,0,"[0.383291892093257, 0.5586820702346661]",1833,-1
37338,[0.63053616 0.43280985],8,3,"[0.6815204869410737, 0.47689852788858716]",-1,-1
37339,[0.56730039 0.59940988],9,2,"[0.5921204552873188, 0.6383928111301557]",-1,-1
37340,[0.31849339 0.5466874 ],4,7,"[0.2817018170798153, 0.5849768676672948]",1989,17
37341,[0.24495109 0.62661529],7,7,"[0.2817018170798153, 0.5849768676672948]",348,-1
37342,[0.75351678 0.7566664 ],1,4,"[0.7726811996944247, 0.7249303226766757]",-1,0
37343,[0.73735137 0.51285846],8,3,"[0.6815204869410737, 0.47689852788858716]",480,-1
37344,[0.26884456 0.43465047],4,8,"[0.27392971195344684, 0.45973140540928376]",-1,-1
37345,[0.67235869 0.68113206],9,-1,-1,385,-1
37346,[0.7448449  0.60873579],1,-1,-1,-1,-1
37347,[0.72081407 0.66318271],1,-1,-1,358,0
37348,[0.30978875 0.38494428],2,-1,-1,1420,-1
37349,[0.30658825 0.52538064],4,7,"[0.2817018170798153, 0.5849768676672948]",1918,-1
37350,[0.73616355 0.76096155],1,4,"[0.7726811996944247, 0.7249303226766757]",415,0
37351,[0.25265112 0.38204458],2,-1,-1,-1,-1
37352,[0.38375422 0.54249135],3,0,"[0.383291892093257, 0.5586820702346661]",-1,-1
37353,[0.3783784  0.36488752],6,1,"[0.3897435781344088, 0.3417040596068965]",1062,-1
37354,[0.29335061 0.54514638],4,7,"[0.2817018170798153, 0.5849768676672948]",1907,14
37355,[0.39931786 0.58087251],3,0,"[0.383291892093257, 0.5586820702346661]",1767,-1
37356,[0.33067495 0.68340192],4,-1,-1,156,-1
37357,[0.64559104 0.58469751],9,-1,-1,-1,-1
37358,[0.33721618 0.28367213],6,9,"[0.3110394802231661, 0.23517199738277297]",-1,-1
37359,[0.58115763 0.65406885],9,2,"[0.5921204552873188, 0.6383928111301557]",1124,-1
37360,[0.57529427 0.46771863],8,-1,-1,-1,-1
37361,[0.41616575 0.55666549],3,0,"[0.383291892093257, 0.5586820702346661]",1739,-1
37362,[0.2932189  0.59815517],4,7,"[0.2817018170798153, 0.5849768676672948]",-1,-1
37363,[0.28746126 0.34251871],2,5,"[0.23231087327800656, 0.30304944505444303]",1584,-1
37364,[0.34666533 0.51452716],4,0,"[0.383291892093257, 0.5586820702346661]",1927,-1
37365,[0.43402421 0.25959794],6,-1,-1,-1,-1
37366,[0.64625378 0.63851753],9,2,"[0.5921204552873188, 0.6383928111301557]",939,-1
37367,[0.29153285 0.41896954],2,8,"[0.27392971195344684, 0.45973140540928376]",-1,-1
37368,[0.52514889 0.46698735],5,6,"[0.5164739970238864, 0.5319253761973344]",-1,-1
37369,[0.2678556  0.49760219],7,8,"[0.27392971195344684, 0.45973140540928376]",1778,-1
37370,[0.37801652 0.45307272],6,-1,-1,855,-1
37371,[0.30244575 0.58739856],7,7,"[0.2817018170798153, 0.5849768676672948]",-1,-1
37372,[0.59647406 0.6276114 ],9,2,"[0.5921204552873188, 0.6383928111301557]",1346,6
37373,[0.55437136 0.44049499],8,-1,-1,-1,-1
37374,[0.69226548 0.63604074],9,-1,-1,493,-1
37375,[0.29793192 0.57860685],3,7,"[0.2817018170798153, 0.5849768676672948]",1840,-1
37376,[0.38550206 0.60149718],3,0,"[0.383291892093257, 0.5586820702346661]",1753,-1
37377,[0.26861763 0.25452017],2,9,"[0.3110394802231661, 0.23517199738277297]",-1,-1
37378,[0.32992048 0.5863411 ],4,7,"[0.2817018170798153, 0.5849768676672948]",-1,-1
37379,[0.8522895  0.61013846],1,-1,-1,11,-1
37380,[0.28465964 0.58648723],3,7,"[0.2817018170798153, 0.5849768676672948]",-1,-1
37381,[0.29513304 0.3113504 ],2,5,"[0.23231087327800656, 0.30304944505444303]",1650,-1
37382,[0.35784673 0.43293776],4,-1,-1,884,-1
37383,[0.24523503 0.21900748],0,9,"[0.3110394802231661, 0.23517199738277297]",-1,-1
37384,[0.43319226 0.29905226],0,1,"[0.3897435781344088, 0.3417040596068965]",-1,-1
37385,[0.22540447 0.30187408],6,5,"[0.23231087327800656, 0.30304944505444303]",1468,-1
37386,[0.24735379 0.32696401],0,5,"[0.23231087327800656, 0.30304944505444303]",-1,7
37387,[0.51596246 0.61413493],3,-1,-1,1144,-1
37388,[0.25295203 0.4192749 ],2,8,"[0.27392971195344684, 0.45973140540928376]",700,-1
37389,[0.74791714 0.54970618],8,-1,-1,-1,-1
37390,[0.38442703 0.46959168],3,-1,-1,-1,-1
37391,[0.66220762 0.59050695],8,-1,-1,544,-1
37392,[0.21269867 0.36855137],2,5,"[0.23231087327800656, 0.30304944505444303]",903,-1
37393,[0.45599009 0.47267455],3,-1,-1,-1,-1
37394,[0.53978641 0.6560294 ],5,2,"[0.5921204552873188, 0.6383928111301557]",1056,-1
37395,[0.41115286 0.59947951],3,0,"[0.383291892093257, 0.5586820702346661]",-1,-1
37396,[0.20527652 0.25435857],2,5,"[0.23231087327800656, 0.30304944505444303]",-1,-1
37397,[0.55929693 0.44170989],8,-1,-1,-1,-1
37398,[0.37380361 0.38945781],6,1,"[0.3897435781344088, 0.3417040596068965]",-1,-1
37399,[0.20606606 0.46598599],2,8,"[0.27392971195344684, 0.45973140540928376]",-1,-1
37400,[0.26068497 0.25566746],0,9,"[0.3110394802231661, 0.23517199738277297]",-1,-1
37401,[0.40842564 0.34805053],6,1,"[0.3897435781344088, 0.3417040596068965]",-1,-1
37402,[0.35761808 0.68496276],4,-1,-1,-1,-1
37403,[0.34603639 0.55700019],3,0,"[0.383291892093257, 0.5586820702346661]",1956,-1
37404,[0.65172651 0.53605494],9,3,"[0.6815204869410737, 0.47689852788858716]",-1,-1
37405,[0.77980105 0.4253413 ],8,-1,-1,59,-1
37406,[0.18099412 0.23736467],0,-1,-1,-1,-1
37407,[0.6690183  0.56320542],8,-1,-1,892,-1
37408,[0.26285302 0.17039277],0,-1,-1,239,-1
37409,[0.23488629 0.40330822],7,8,"[0.27392971195344684, 0.45973140540928376]",-1,-1
37410,[0.355593  0.6282894],3,-1,-1,1304,-1
37411,[0.42029894 0.39618367],6,1,"[0.3897435781344088, 0.3417040596068965]",-1,-1
37412,[0.23737967 0.3152816 ],2,5,"[0.23231087327800656, 0.30304944505444303]",1566,-1
37413,[0.29723641 0.49527129],4,8,"[0.27392971195344684, 0.45973140540928376]",-1,-1
37414,[0.24288657 0.67349492],4,-1,-1,37,-1
37415,[0.57939073 0.42407559],8,-1,-1,252,-1
37416,[0.19388469 0.37745425],0,-1,-1,300,-1
37417,[0.79043799 0.71900035],1,4,"[0.7726811996944247, 0.7249303226766757]",475,0
37418,[0.42425035 0.58664217],3,0,"[0.383291892093257, 0.5586820702346661]",1712,-1
37419,[0.39827403 0.57357003],3,0,"[0.383291892093257, 0.5586820702346661]",1770,-1
37420,[0.17548011 0.39690688],0,-1,-1,-1,-1
37421,[0.42089542 0.54714703],4,0,"[0.383291892093257, 0.5586820702346661]",1714,-1
37422,[0.22590306 0.42009024],7,8,"[0.27392971195344684, 0.45973140540928376]",-1,-1
37423,[0.45324557 0.26846122],6,-1,-1,585,-1
37424,[0.16711639 0.3329689 ],0,-1,-1,-1,-1
37425,[0.75074107 0.67670911],9,4,"[0.7726811996944247, 0.7249303226766757]",439,0
37426,[0.71677317 0.66895397],1,-1,-1,357,0
37427,[0.2939336  0.23167886],0,9,"[0.3110394802231661, 0.23517199738277297]",1370,-1
37428,[0.78277648 0.62352657],1,-1,-1,-1,0
37429,[0.33792264 0.49775019],3,-1,-1,1880,-1
37430,[0.32325064 0.46499222],7,8,"[0.27392971195344684, 0.45973140540928376]",-1,-1
37431,[0.35340716 0.50066427],3,0,"[0.383291892093257, 0.5586820702346661]",1802,-1
37432,[0.53079085 0.57853415],9,6,"[0.5164739970238864, 0.5319253761973344]",-1,-1
37433,[0.2879081  0.26623253],2,9,"[0.3110394802231661, 0.23517199738277297]",-1,-1
37434,[0.46465251 0.33198579],6,-1,-1,530,-1
37435,[0.83625318 0.65152285],1,-1,-1,170,0
37436,[0.69660084 0.44987533],8,3,"[0.6815204869410737, 0.47689852788858716]",-1,-1
37437,[0.72486192 0.80060844],1,-1,-1,90,0
37438,[0.85984684 0.73555261],1,-1,-1,-1,0
37439,[0.82060653 0.79243029],1,-1,-1,191,0
37440,[0.60582237 0.47702562],8,-1,-1,622,-1
37441,[0.4898756  0.56277174],5,6,"[0.5164739970238864, 0.5319253761973344]",-1,-1
37442,[0.36985846 0.46549124],7,-1,-1,1055,-1
37443,[0.52902182 0.52096824],5,6,"[0.5164739970238864, 0.5319253761973344]",1188,3
37444,[0.44186502 0.31174276],6,1,"[0.3897435781344088, 0.3417040596068965]",492,-1
37445,[0.36829555 0.45205836],7,-1,-1,1051,-1
37446,[0.638589   0.50482676],8,3,"[0.6815204869410737, 0.47689852788858716]",866,-1
37447,[0.5121584  0.50501654],5,6,"[0.5164739970238864, 0.5319253761973344]",661,-1
37448,[0.65324233 0.40033718],8,-1,-1,-1,-1
37449,[0.63294236 0.45352165],8,3,"[0.6815204869410737, 0.47689852788858716]",619,-1
37450,[0.23546184 0.61870822],7,7,"[0.2817018170798153, 0.5849768676672948]",-1,-1
37451,[0.3036407  0.51804262],4,8,"[0.27392971195344684, 0.45973140540928376]",1881,-1
37452,[0.44689406 0.32094327],6,1,"[0.3897435781344088, 0.3417040596068965]",-1,-1
37453,[0.69709283 0.81863535],1,-1,-1,-1,-1
37454,[0.3639905  0.53218816],4,0,"[0.383291892093257, 0.5586820702346661]",1934,-1
37455,[0.40718377 0.60760037],3,0,"[0.383291892093257, 0.5586820702346661]",1697,-1
37456,[0.39776944 0.36707114],6,1,"[0.3897435781344088, 0.3417040596068965]",1061,-1
37457,[0.50030791 0.50294112],5,6,"[0.5164739970238864, 0.5319253761973344]",725,-1
37458,[0.4395923  0.63179057],9,-1,-1,698,-1
37459,[0.56982159 0.57217989],5,6,"[0.5164739970238864, 0.5319253761973344]",-1,6
37460,[0.19977207 0.29366765],0,5,"[0.23231087327800656, 0.30304944505444303]",-1,-1
37461,[0.58870386 0.6802991 ],9,2,"[0.5921204552873188, 0.6383928111301557]",-1,-1
37462,[0.33515955 0.53791144],7,0,"[0.383291892093257, 0.5586820702346661]",1950,-1
37463,[0.41312884 0.18393817],6,-1,-1,-1,-1
37464,[0.32269955 0.51127986],3,-1,-1,1920,-1
37465,[0.19883179 0.58958998],4,-1,-1,-1,-1
37466,[0.33861911 0.312913  ],6,1,"[0.3897435781344088, 0.3417040596068965]",-1,-1
37467,[0.31863039 0.54098339],7,7,"[0.2817018170798153, 0.5849768676672948]",-1,-1
37468,[0.57212941 0.67498494],9,2,"[0.5921204552873188, 0.6383928111301557]",1034,-1
37469,[0.48933637 0.57681965],5,6,"[0.5164739970238864, 0.5319253761973344]",-1,-1
37470,[0.44010815 0.24624664],6,-1,-1,-1,-1
37471,[0.23594094 0.64172949],3,-1,-1,-1,-1
37472,[0.72048593 0.60196371],9,-1,-1,-1,-1
37473,[0.77510155 0.77807704],1,4,"[0.7726811996944247, 0.7249303226766757]",410,0
37474,[0.3175215  0.50468925],4,8,"[0.27392971195344684, 0.45973140540928376]",-1,-1
37475,[0.46905182 0.60551544],3,-1,-1,908,-1
37476,[0.56082964 0.53684521],5,6,"[0.5164739970238864, 0.5319253761973344]",1409,6
37477,[0.32061197 0.51260646],4,-1,-1,-1,-1
37478,[0.406081   0.53376718],3,0,"[0.383291892093257, 0.5586820702346661]",-1,-1
37479,[0.39111398 0.49183117],3,0,"[0.383291892093257, 0.5586820702346661]",-1,-1
37480,[0.36052115 0.43816166],6,-1,-1,-1,-1
37481,[0.74323422 0.71967183],1,4,"[0.7726811996944247, 0.7249303226766757]",367,0
37482,[0.37101124 0.6010551 ],7,0,"[0.383291892093257, 0.5586820702346661]",-1,-1
37483,[0.28975706 0.68416524],4,-1,-1,-1,-1
37484,[0.66264794 0.48899416],8,3,"[0.6815204869410737, 0.47689852788858716]",821,1
37485,[0.31188174 0.22861206],2,9,"[0.3110394802231661, 0.23517199738277297]",971,-1
37486,[0.43413083 0.51002339],5,-1,-1,-1,-1
37487,[0.22586949 0.35707693],2,5,"[0.23231087327800656, 0.30304944505444303]",-1,-1
37488,[0.70621148 0.62833548],9,-1,-1,234,-1
37489,[0.39415266 0.41344783],2,-1,-1,501,-1
37490,[0.48050944 0.32934633],6,-1,-1,-1,-1
37491,[0.6014842  0.58741908],5,2,"[0.5921204552873188, 0.6383928111301557]",1326,-1
37492,[0.3711395  0.26280964],2,9,"[0.3110394802231661, 0.23517199738277297]",1101,-1
37493,[0.68544677 0.455905  ],8,3,"[0.6815204869410737, 0.47689852788858716]",735,-1
37494,[0.33061647 0.50373287],7,-1,-1,1909,-1
37495,[0.34109087 0.5037478 ],3,0,"[0.383291892093257, 0.5586820702346661]",-1,-1
37496,[0.8562926  0.70666997],1,-1,-1,-1,0
37497,[0.6952191  0.62976341],9,-1,-1,-1,-1
37498,[0.22304671 0.38407009],2,-1,-1,912,-1
37499,[0.68852041 0.67427822],1,-1,-1,388,-1
37500,[0.27639563 0.2844166 ],0,5,"[0.23231087327800656, 0.30304944505444303]",1675,-1
37501,[0.31791505 0.59543892],3,7,"[0.2817018170798153, 0.5849768676672948]",1937,-1
37502,[0.43531693 0.34985298],6,1,"[0.3897435781344088, 0.3417040596068965]",-1,-1
37503,[0.28547207 0.41790769],7,8,"[0.27392971195344684, 0.45973140540928376]",1075,-1
37504,[0.67417339 0.55202179],8,-1,-1,-1,-1
37505,[0.51446057 0.54794554],5,6,"[0.5164739970238864, 0.5319253761973344]",1186,-1
37506,[0.28800976 0.31431033],0,5,"[0.23231087327800656, 0.30304944505444303]",1605,-1
37507,[0.67364264 0.56157603],8,-1,-1,671,-1
37508,[0.2760602  0.59067213],4,7,"[0.2817018170798153, 0.5849768676672948]",1572,-1
37509,[0.42614955 0.38472963],4,1,"[0.3897435781344088, 0.3417040596068965]",761,-1
37510,[0.30761363 0.29192515],0,9,"[0.3110394802231661, 0.23517199738277297]",-1,11
37511,[0.79140699 0.46379262],8,-1,-1,-1,-1
37512,[0.51391111 0.63264664],9,-1,-1,-1,-1
37513,[0.69387914 0.51026763],8,3,"[0.6815204869410737, 0.47689852788858716]",807,-1
37514,[0.37002665 0.42455035],2,-1,-1,683,-1
37515,[0.46850801 0.59866046],5,-1,-1,1235,-1
37516,[0.75701072 0.72567248],1,4,"[0.7726811996944247, 0.7249303226766757]",466,0
37517,[0.35556967 0.61615829],3,0,"[0.383291892093257, 0.5586820702346661]",1821,-1
37518,[0.57792676 0.59900039],5,2,"[0.5921204552873188, 0.6383928111301557]",1443,6
37519,[0.72281655 0.52230887],8,3,"[0.6815204869410737, 0.47689852788858716]",-1,-1
37520,[0.45838267 0.68971147],3,-1,-1,-1,-1
37521,[0.28952699 0.53055229],4,7,"[0.2817018170798153, 0.5849768676672948]",1911,14
37522,[0.24532801 0.58716955],7,7,"[0.2817018170798153, 0.5849768676672948]",929,-1
37523,[0.5513249  0.44456745],8,-1,-1,-1,-1
37524,[0.33634775 0.30450687],2,1,"[0.3897435781344088, 0.3417040596068965]",1680,-1
37525,[0.3518413  0.48479812],7,-1,-1,-1,-1
37526,[0.67578296 0.84502625],1,-1,-1,-1,-1
37527,[0.19413667 0.29472807],2,5,"[0.23231087327800656, 0.30304944505444303]",933,-1
37528,[0.34209416 0.30038631],6,1,"[0.3897435781344088, 0.3417040596068965]",-1,-1
37529,[0.31266921 0.54562289],7,7,"[0.2817018170798153, 0.5849768676672948]",1988,17
37530,[0.37508014 0.38511943],6,1,"[0.3897435781344088, 0.3417040596068965]",1005,-1
37531,[0.77208953 0.68017056],1,4,"[0.7726811996944247, 0.7249303226766757]",399,0
37532,[0.38973241 0.50577635],3,0,"[0.383291892093257, 0.5586820702346661]",-1,-1
37533,[0.34200141 0.50045279],4,-1,-1,-1,-1
37534,[0.45479038 0.32241211],6,1,"[0.3897435781344088, 0.3417040596068965]",527,-1
37535,[0.56949062 0.63319553],9,2,"[0.5921204552873188, 0.6383928111301557]",1286,-1
37536,[0.38854755 0.57082883],3,0,"[0.383291892093257, 0.5586820702346661]",1771,-1
37537,[0.34556828 0.21126154],0,9,"[0.3110394802231661, 0.23517199738277297]",500,-1
37538,[0.57051264 0.6682967 ],9,2,"[0.5921204552873188, 0.6383928111301557]",1033,-1
37539,[0.30725672 0.45170152],7,8,"[0.27392971195344684, 0.45973140540928376]",-1,-1
37540,[0.34786156 0.457104  ],6,-1,-1,-1,-1
37541,[0.39085892 0.32742611],2,1,"[0.3897435781344088, 0.3417040596068965]",-1,-1
37542,[0.8050072  0.72213583],1,4,"[0.7726811996944247, 0.7249303226766757]",-1,0
37543,[0.62853081 0.57263432],9,-1,-1,1195,-1
37544,[0.2588284  0.54649912],4,7,"[0.2817018170798153, 0.5849768676672948]",1559,-1
37545,[0.35416804 0.5659182 ],7,0,"[0.383291892093257, 0.5586820702346661]",-1,-1
37546,[0.32288131 0.60883067],4,7,"[0.2817018170798153, 0.5849768676672948]",-1,-1
37547,[0.3705243  0.72814539],3,-1,-1,-1,-1
37548,[0.28603047 0.2098578 ],0,9,"[0.3110394802231661, 0.23517199738277297]",1028,-1
37549,[0.62277187 0.52479702],8,-1,-1,863,-1
37550,[0.37004354 0.51626447],7,0,"[0.383291892093257, 0.5586820702346661]",-1,-1
37551,[0.29522296 0.5208825 ],4,8,"[0.27392971195344684, 0.45973140540928376]",-1,14
37552,[0.6790918  0.72418251],1,-1,-1,236,0
37553,[0.44633591 0.20858648],6,-1,-1,-1,-1
37554,[0.27490905 0.29707596],0,5,"[0.23231087327800656, 0.30304944505444303]",1654,-1
37555,[0.29447461 0.49458315],4,8,"[0.27392971195344684, 0.45973140540928376]",-1,-1
37556,[0.21472448 0.23791673],0,5,"[0.23231087327800656, 0.30304944505444303]",-1,-1
37557,[0.3901532  0.26899368],0,-1,-1,-1,-1
37558,[0.49203325 0.66959408],4,-1,-1,304,-1
37559,[0.38874672 0.56015135],5,0,"[0.383291892093257, 0.5586820702346661]",1774,-1
37560,[0.48073844 0.63170663],3,-1,-1,647,-1
37561,[0.22047761 0.32374631],0,5,"[0.23231087327800656, 0.30304944505444303]",1339,-1
37562,[0.38934637 0.34703004],6,1,"[0.3897435781344088, 0.3417040596068965]",1366,-1
37563,[0.79580828 0.52192831],8,-1,-1,69,-1
37564,[0.28676012 0.43463708],2,8,"[0.27392971195344684, 0.45973140540928376]",1070,-1
37565,[0.58319849 0.4686044 ],9,-1,-1,608,-1
37566,[0.54335357 0.58227641],9,6,"[0.5164739970238864, 0.5319253761973344]",1432,6
37567,[0.26409581 0.46570739],4,8,"[0.27392971195344684, 0.45973140540928376]",1595,-1
37568,[0.63567147 0.45069504],8,3,"[0.6815204869410737, 0.47689852788858716]",618,-1
37569,[0.24517041 0.46378827],7,8,"[0.27392971195344684, 0.45973140540928376]",1151,-1
37570,[0.40739965 0.45139795],7,-1,-1,-1,-1
37571,[0.40630629 0.5086032 ],4,0,"[0.383291892093257, 0.5586820702346661]",-1,-1
37572,[0.37829757 0.23609101],0,9,"[0.3110394802231661, 0.23517199738277297]",484,-1
37573,[0.18773167 0.36728815],2,-1,-1,-1,-1
37574,[0.24645022 0.37541176],2,-1,-1,1149,-1
37575,[0.26154636 0.17074827],0,-1,-1,239,-1
37576,[0.537645   0.59419583],5,6,"[0.5164739970238864, 0.5319253761973344]",1429,-1
37577,[0.92910189 0.72210613],1,-1,-1,-1,-1
37578,[0.66959961 0.69379895],9,-1,-1,-1,-1
37579,[0.33202244 0.35067935],2,1,"[0.3897435781344088, 0.3417040596068965]",-1,-1
37580,[0.82442199 0.79541006],1,-1,-1,191,0
37581,[0.17663565 0.31042731],0,5,"[0.23231087327800656, 0.30304944505444303]",-1,-1
37582,[0.65490951 0.54738075],8,-1,-1,655,-1
37583,[0.27421553 0.39958645],7,8,"[0.27392971195344684, 0.45973140540928376]",1018,-1
37584,[0.24037401 0.51209839],7,8,"[0.27392971195344684, 0.45973140540928376]",1552,-1
37585,[0.6938744  0.67139318],9,-1,-1,-1,0
37586,[0.57202936 0.6163859 ],9,2,"[0.5921204552873188, 0.6383928111301557]",1419,-1
37587,[0.47018435 0.46758275],5,-1,-1,-1,-1
37588,[0.78196755 0.68383134],1,4,"[0.7726811996944247, 0.7249303226766757]",-1,0
37589,[0.32627346 0.38641384],2,-1,-1,-1,-1
37590,[0.55509442 0.60048952],5,2,"[0.5921204552873188, 0.6383928111301557]",1342,-1
37591,[0.31813957 0.52780688],4,7,"[0.2817018170798153, 0.5849768676672948]",-1,-1
37592,[0.2303612  0.45754243],7,8,"[0.27392971195344684, 0.45973140540928376]",587,-1
37593,[0.2300714  0.29900631],0,5,"[0.23231087327800656, 0.30304944505444303]",1468,-1
37594,[0.33117973 0.58122033],4,7,"[0.2817018170798153, 0.5849768676672948]",1980,-1
37595,[0.27760353 0.38458023],2,-1,-1,-1,-1
37596,[0.25133575 0.57157362],7,7,"[0.2817018170798153, 0.5849768676672948]",1563,-1
37597,[0.55490708 0.59370131],9,2,"[0.5921204552873188, 0.6383928111301557]",-1,6
37598,[0.65314587 0.63412326],8,2,"[0.5921204552873188, 0.6383928111301557]",-1,-1
37599,[0.38409426 0.60338438],4,0,"[0.383291892093257, 0.5586820702346661]",1753,-1
37600,[0.4738337  0.33201021],6,-1,-1,-1,-1
37601,[0.80961439 0.72443371],1,4,"[0.7726811996944247, 0.7249303226766757]",456,0
37602,[0.651      0.62532263],9,2,"[0.5921204552873188, 0.6383928111301557]",1158,-1
37603,[0.65572409 0.53760091],9,3,"[0.6815204869410737, 0.47689852788858716]",668,-1
37604,[0.40818994 0.49511828],7,0,"[0.383291892093257, 0.5586820702346661]",1456,-1
37605,[0.42949025 0.21846626],6,-1,-1,73,-1
37606,[0.34361178 0.39031187],2,1,"[0.3897435781344088, 0.3417040596068965]",992,-1
37607,[0.35529633 0.60114494],4,0,"[0.383291892093257, 0.5586820702346661]",1818,-1
37608,[0.42016093 0.45947272],6,-1,-1,-1,-1
37609,[0.64178106 0.61718551],9,2,"[0.5921204552873188, 0.6383928111301557]",-1,-1
37610,[0.20569006 0.37224025],2,-1,-1,-1,-1
37611,[0.36805774 0.30305543],6,1,"[0.3897435781344088, 0.3417040596068965]",1472,-1
37612,[0.36758958 0.39957993],2,1,"[0.3897435781344088, 0.3417040596068965]",718,-1
37613,[0.36383774 0.52764537],7,0,"[0.383291892093257, 0.5586820702346661]",1934,-1
37614,[0.75227877 0.43014865],8,-1,-1,-1,-1
37615,[0.33520954 0.24115449],0,9,"[0.3110394802231661, 0.23517199738277297]",1001,-1
37616,[0.37012918 0.2018208 ],0,9,"[0.3110394802231661, 0.23517199738277297]",-1,-1
37617,[0.65897909 0.49647445],5,3,"[0.6815204869410737, 0.47689852788858716]",-1,-1
37618,[0.3021698  0.25423338],0,9,"[0.3110394802231661, 0.23517199738277297]",1201,-1
37619,[0.78418041 0.66823007],1,4,"[0.7726811996944247, 0.7249303226766757]",-1,0
37620,[0.74804243 0.71291116],1,4,"[0.7726811996944247, 0.7249303226766757]",367,0
37621,[0.25926351 0.50289007],4,8,"[0.27392971195344684, 0.45973140540928376]",1776,-1
37622,[0.43976001 0.55963122],4,0,"[0.383291892093257, 0.5586820702346661]",1283,-1
37623,[0.36462975 0.25052746],6,9,"[0.3110394802231661, 0.23517199738277297]",-1,-1
37624,[0.29865509 0.41027528],7,8,"[0.27392971195344684, 0.45973140540928376]",-1,-1
37625,[0.72081355 0.61107029],8,-1,-1,-1,-1
37626,[0.31909622 0.55501407],3,7,"[0.2817018170798153, 0.5849768676672948]",1991,17
37627,[0.30501623 0.38571117],2,-1,-1,-1,-1
37628,[0.83228507 0.73087662],1,4,"[0.7726811996944247, 0.7249303226766757]",341,0
37629,[0.22596556 0.24457023],0,5,"[0.23231087327800656, 0.30304944505444303]",-1,-1
37630,[0.25071019 0.11286238],0,-1,-1,-1,-1
37631,[0.73398075 0.53738802],8,-1,-1,289,-1
37632,[0.59337427 0.68926488],9,2,"[0.5921204552873188, 0.6383928111301557]",654,-1
37633,[0.29348034 0.37063332],2,-1,-1,1092,-1
37634,[0.25627073 0.53834527],4,7,"[0.2817018170798153, 0.5849768676672948]",-1,-1
37635,[0.20324522 0.58683957],4,-1,-1,181,-1
37636,[0.70772395 0.71621067],1,4,"[0.7726811996944247, 0.7249303226766757]",-1,0
37637,[0.74572727 0.36930484],8,-1,-1,60,-1
37638,[0.31821575 0.53713774],3,7,"[0.2817018170798153, 0.5849768676672948]",1932,-1
37639,[0.33494648 0.33553188],2,1,"[0.3897435781344088, 0.3417040596068965]",1573,-1
37640,[0.62640283 0.68592761],9,2,"[0.5921204552873188, 0.6383928111301557]",-1,-1
37641,[0.50049039 0.61170252],9,-1,-1,-1,-1
37642,[0.33298485 0.61178712],4,7,"[0.2817018170798153, 0.5849768676672948]",1544,-1
37643,[0.18856398 0.54477733],7,-1,-1,323,-1
37644,[0.47646174 0.31572362],6,-1,-1,-1,-1
37645,[0.22059533 0.25877411],0,5,"[0.23231087327800656, 0.30304944505444303]",1021,-1
37646,[0.27241484 0.71935969],4,-1,-1,-1,-1
37647,[0.5679675  0.45581978],8,-1,-1,517,-1
37648,[0.34140285 0.62676484],4,-1,-1,-1,-1
37649,[0.16973857 0.23695434],0,-1,-1,-1,-1
37650,[0.31828914 0.33384312],2,-1,-1,-1,-1
37651,[0.45781046 0.30053629],6,-1,-1,473,-1
37652,[0.46100803 0.53450057],5,6,"[0.5164739970238864, 0.5319253761973344]",-1,-1
37653,[0.70032888 0.53172387],8,3,"[0.6815204869410737, 0.47689852788858716]",-1,-1
37654,[0.25992898 0.34307892],2,5,"[0.23231087327800656, 0.30304944505444303]",-1,-1
37655,[0.59148385 0.64829503],9,2,"[0.5921204552873188, 0.6383928111301557]",-1,-1
37656,[0.45036701 0.32078567],6,1,"[0.3897435781344088, 0.3417040596068965]",527,-1
37657,[0.45868012 0.49148902],4,-1,-1,666,-1
37658,[0.35181191 0.6243183 ],3,-1,-1,1304,-1
37659,[0.41681661 0.61549762],3,0,"[0.383291892093257, 0.5586820702346661]",1474,-1
37660,[0.36541076 0.39903524],7,1,"[0.3897435781344088, 0.3417040596068965]",-1,-1
37661,[0.42432013 0.3326259 ],6,1,"[0.3897435781344088, 0.3417040596068965]",974,-1
37662,[0.73718818 0.35647944],8,-1,-1,-1,-1
37663,[0.38614208 0.23047016],6,-1,-1,-1,-1
37664,[0.8016278  0.66382647],1,4,"[0.7726811996944247, 0.7249303226766757]",-1,0
37665,[0.25485578 0.25449698],0,5,"[0.23231087327800656, 0.30304944505444303]",-1,-1
37666,[0.32156613 0.3697656 ],2,-1,-1,1392,-1
37667,[0.28459069 0.35281833],0,-1,-1,1584,-1
37668,[0.60697294 0.51022793],8,-1,-1,-1,-1
37669,[0.75296016 0.38327929],8,-1,-1,-1,-1
37670,[0.27050268 0.58594786],4,7,"[0.2817018170798153, 0.5849768676672948]",-1,-1
37671,[0.44378701 0.57891812],5,0,"[0.383291892093257, 0.5586820702346661]",1020,-1
37672,[0.7324755  0.46931475],8,3,"[0.6815204869410737, 0.47689852788858716]",-1,-1
37673,[0.38074644 0.50348859],3,0,"[0.383291892093257, 0.5586820702346661]",-1,-1
37674,[0.57122158 0.56845667],8,6,"[0.5164739970238864, 0.5319253761973344]",-1,-1
37675,[0.41250196 0.56983624],4,0,"[0.383291892093257, 0.5586820702346661]",1738,-1
37676,[0.74591871 0.71789107],1,4,"[0.7726811996944247, 0.7249303226766757]",367,0
37677,[0.83811646 0.75253159],1,-1,-1,406,0
37678,[0.24661567 0.33769694],2,5,"[0.23231087327800656, 0.30304944505444303]",-1,-1
37679,[0.36301927 0.37073084],2,1,"[0.3897435781344088, 0.3417040596068965]",916,-1
37680,[0.1834657  0.18201478],0,-1,-1,-1,-1
37681,[0.3171523  0.57459061],3,7,"[0.2817018170798153, 0.5849768676672948]",1962,-1
37682,[0.33443841 0.58850529],3,7,"[0.2817018170798153, 0.5849768676672948]",-1,-1
37683,[0.39359905 0.5490192 ],3,0,"[0.383291892093257, 0.5586820702346661]",-1,-1
37684,[0.57656561 0.31386582],6,-1,-1,-1,-1
37685,[0.3306055  0.58922015],4,7,"[0.2817018170798153, 0.5849768676672948]",1941,-1
37686,[0.30497335 0.52722341],6,7,"[0.2817018170798153, 0.5849768676672948]",-1,-1
37687,[0.2569603  0.57815455],4,7,"[0.2817018170798153, 0.5849768676672948]",1562,-1
37688,[0.35295638 0.21740291],6,9,"[0.3110394802231661, 0.23517199738277297]",-1,-1
37689,[0.51041468 0.64806398],9,-1,-1,-1,-1
37690,[0.52808962 0.52253184],5,6,"[0.5164739970238864, 0.5319253761973344]",-1,-1
37691,[0.32845954 0.28333628],0,9,"[0.3110394802231661, 0.23517199738277297]",1520,-1
37692,[0.25072092 0.1344468 ],0,-1,-1,-1,-1
37693,[0.66976425 0.56859764],8,-1,-1,-1,-1
37694,[0.54605706 0.62843247],9,2,"[0.5921204552873188, 0.6383928111301557]",1263,-1
37695,[0.30536364 0.45962184],2,8,"[0.27392971195344684, 0.45973140540928376]",1732,-1
37696,[0.78974892 0.71948477],1,4,"[0.7726811996944247, 0.7249303226766757]",475,0
37697,[0.54602939 0.49676807],5,6,"[0.5164739970238864, 0.5319253761973344]",-1,-1
37698,[0.63184729 0.514818  ],8,3,"[0.6815204869410737, 0.47689852788858716]",-1,1
37699,[0.75333582 0.66057886],1,4,"[0.7726811996944247, 0.7249303226766757]",-1,0
37700,[0.38199339 0.53806371],4,0,"[0.383291892093257, 0.5586820702346661]",1812,-1
37701,[0.31804095 0.3036123 ],0,9,"[0.3110394802231661, 0.23517199738277297]",-1,-1
37702,[0.48376799 0.46777284],5,-1,-1,-1,-1
37703,[0.38449629 0.23247739],6,-1,-1,-1,-1
37704,[0.51119037 0.71971019],5,-1,-1,116,-1
37705,[0.29272366 0.48792302],7,8,"[0.27392971195344684, 0.45973140540928376]",-1,-1
37706,[0.28976335 0.30734418],2,5,"[0.23231087327800656, 0.30304944505444303]",-1,-1
37707,[0.26315399 0.51811661],7,8,"[0.27392971195344684, 0.45973140540928376]",1582,-1
37708,[0.29677671 0.46983777],3,8,"[0.27392971195344684, 0.45973140540928376]",-1,-1
37709,[0.61427266 0.43249874],8,-1,-1,285,-1
37710,[0.45226784 0.6007588 ],5,-1,-1,1237,-1
37711,[0.69854976 0.79906398],1,-1,-1,106,-1
37712,[0.82565245 0.70159308],1,4,"[0.7726811996944247, 0.7249303226766757]",-1,0
37713,[0.32081343 0.32479018],6,-1,-1,1671,-1
37714,[0.36737308 0.31595926],6,1,"[0.3897435781344088, 0.3417040596068965]",1546,-1
37715,[0.55898166 0.5433694 ],9,6,"[0.5164739970238864, 0.5319253761973344]",1409,6
37716,[0.37120188 0.47437741],3,-1,-1,1211,-1
37717,[0.53065709 0.53834928],9,6,"[0.5164739970238864, 0.5319253761973344]",-1,-1
37718,[0.23504291 0.59033293],7,7,"[0.2817018170798153, 0.5849768676672948]",506,-1
37719,[0.6388751  0.67190807],9,2,"[0.5921204552873188, 0.6383928111301557]",-1,-1
37720,[0.25877244 0.45872224],7,8,"[0.27392971195344684, 0.45973140540928376]",-1,-1
37721,[0.32889386 0.31940655],2,1,"[0.3897435781344088, 0.3417040596068965]",-1,10
37722,[0.79163474 0.69846667],1,4,"[0.7726811996944247, 0.7249303226766757]",-1,0
37723,[0.52179745 0.54893545],9,6,"[0.5164739970238864, 0.5319253761973344]",1274,-1
37724,[0.27792992 0.51993999],4,8,"[0.27392971195344684, 0.45973140540928376]",-1,14
37725,[0.7487474  0.76307809],1,4,"[0.7726811996944247, 0.7249303226766757]",-1,0
37726,[0.25510671 0.33678045],2,5,"[0.23231087327800656, 0.30304944505444303]",1399,-1
37727,[0.6567331 0.3929121],8,-1,-1,242,-1
37728,[0.78867906 0.68981803],1,4,"[0.7726811996944247, 0.7249303226766757]",448,0
37729,[0.65408136 0.77794036],1,-1,-1,-1,-1
37730,[0.33525643 0.42543106],7,-1,-1,-1,-1
37731,[0.73381234 0.50036658],8,3,"[0.6815204869410737, 0.47689852788858716]",-1,-1
37732,[0.34617846 0.65662395],4,-1,-1,-1,-1
37733,[0.39592751 0.26364103],6,-1,-1,838,-1
37734,[0.29730951 0.36756752],2,-1,-1,-1,-1
37735,[0.33787933 0.50863465],7,0,"[0.383291892093257, 0.5586820702346661]",1880,-1
37736,[0.41706807 0.31237782],6,1,"[0.3897435781344088, 0.3417040596068965]",977,-1
37737,[0.66744851 0.65520789],9,-1,-1,636,-1
37738,[0.28474633 0.61856919],4,7,"[0.2817018170798153, 0.5849768676672948]",878,-1
37739,[0.43322366 0.34187678],6,1,"[0.3897435781344088, 0.3417040596068965]",794,-1
37740,[0.33027371 0.50914226],4,-1,-1,-1,-1
37741,[0.28830696 0.51657916],7,8,"[0.27392971195344684, 0.45973140540928376]",1915,14
37742,[0.28732555 0.5114513 ],4,8,"[0.27392971195344684, 0.45973140540928376]",-1,-1
37743,[0.53641751 0.538762  ],5,6,"[0.5164739970238864, 0.5319253761973344]",-1,-1
37744,[0.51804185 0.5555159 ],5,6,"[0.5164739970238864, 0.5319253761973344]",1369,-1
37745,[0.36733093 0.57663608],3,0,"[0.383291892093257, 0.5586820702346661]",1866,12
37746,[0.36509685 0.6139582 ],4,0,"[0.383291892093257, 0.5586820702346661]",-1,-1
37747,[0.29191505 0.34879636],2,-1,-1,1583,-1
37748,[0.23893537 0.29247795],2,5,"[0.23231087327800656, 0.30304944505444303]",1298,-1
37749,[0.78579059 0.51327696],8,-1,-1,-1,-1
37750,[0.36383529 0.56373543],4,0,"[0.383291892093257, 0.5586820702346661]",-1,12
37751,[0.34038848 0.47684094],3,8,"[0.27392971195344684, 0.45973140540928376]",1757,-1
37752,[0.30843585 0.31358129],2,-1,-1,1648,-1
37753,[0.53903578 0.63302025],9,2,"[0.5921204552873188, 0.6383928111301557]",1262,-1
37754,[0.22540897 0.262248  ],0,5,"[0.23231087327800656, 0.30304944505444303]",-1,-1
37755,[0.71007095 0.5652527 ],5,-1,-1,563,-1
37756,[0.23946203 0.44704989],7,8,"[0.27392971195344684, 0.45973140540928376]",-1,-1
37757,[0.70578216 0.34385625],8,-1,-1,51,-1
37758,[0.21664036 0.42621112],2,8,"[0.27392971195344684, 0.45973140540928376]",332,-1
37759,[0.58945822 0.57954287],9,2,"[0.5921204552873188, 0.6383928111301557]",1325,-1
37760,[0.35758405 0.61400061],4,0,"[0.383291892093257, 0.5586820702346661]",-1,-1
37761,[0.31861214 0.57719193],4,7,"[0.2817018170798153, 0.5849768676672948]",1962,-1
37762,[0.18730812 0.2240333 ],0,-1,-1,-1,-1
37763,[0.38264064 0.56506212],4,0,"[0.383291892093257, 0.5586820702346661]",-1,-1
37764,[0.18524411 0.5284113 ],7,-1,-1,-1,-1
37765,[0.53904431 0.37507826],8,-1,-1,-1,-1
37766,[0.3718151  0.53380141],4,0,"[0.383291892093257, 0.5586820702346661]",-1,-1
37767,[0.68550681 0.48009126],8,3,"[0.6815204869410737, 0.47689852788858716]",814,-1
37768,[0.30997181 0.32618249],6,-1,-1,1677,-1
37769,[0.36307611 0.47156279],4,-1,-1,1560,-1
37770,[0.32659035 0.58000133],4,7,"[0.2817018170798153, 0.5849768676672948]",1980,-1
37771,[0.34723662 0.59547084],4,0,"[0.383291892093257, 0.5586820702346661]",-1,-1
37772,[0.29271264 0.23174708],0,9,"[0.3110394802231661, 0.23517199738277297]",1370,-1
37773,[0.64085356 0.62081306],9,2,"[0.5921204552873188, 0.6383928111301557]",1154,-1
37774,[0.27673131 0.35504222],2,5,"[0.23231087327800656, 0.30304944505444303]",-1,-1
37775,[0.36555323 0.54670883],4,0,"[0.383291892093257, 0.5586820702346661]",1790,-1
37776,[0.4996447  0.58649472],5,6,"[0.5164739970238864, 0.5319253761973344]",1266,-1
37777,[0.33699784 0.65448947],4,-1,-1,901,-1
37778,[0.24925716 0.50129939],7,8,"[0.27392971195344684, 0.45973140540928376]",1759,-1
37779,[0.6485276  0.56319414],8,-1,-1,1110,-1
37780,[0.62385354 0.5834216 ],5,2,"[0.5921204552873188, 0.6383928111301557]",1204,-1
37781,[0.36537671 0.51341969],3,0,"[0.383291892093257, 0.5586820702346661]",1900,-1
37782,[0.35442212 0.63659478],3,-1,-1,-1,-1
37783,[0.66524937 0.60228163],9,-1,-1,543,-1
37784,[0.42577704 0.55124753],5,0,"[0.383291892093257, 0.5586820702346661]",1205,-1
37785,[0.92760349 0.78428997],1,-1,-1,-1,-1
37786,[0.64076079 0.63703091],9,2,"[0.5921204552873188, 0.6383928111301557]",-1,-1
37787,[0.2566849  0.62654029],4,7,"[0.2817018170798153, 0.5849768676672948]",-1,-1
37788,[0.27422666 0.2218832 ],0,9,"[0.3110394802231661, 0.23517199738277297]",-1,-1
37789,[0.41638732 0.65224013],3,-1,-1,-1,-1
37790,[0.26273184 0.5546263 ],7,7,"[0.2817018170798153, 0.5849768676672948]",1704,-1
37791,[0.38324311 0.34426701],6,1,"[0.3897435781344088, 0.3417040596068965]",1122,-1
37792,[0.45543767 0.52827571],5,6,"[0.5164739970238864, 0.5319253761973344]",1305,-1
37793,[0.72980028 0.66591655],9,-1,-1,-1,0
37794,[0.19419482 0.28756646],0,5,"[0.23231087327800656, 0.30304944505444303]",-1,-1
37795,[0.68712674 0.61999424],5,-1,-1,494,-1
37796,[0.23965124 0.51581161],7,8,"[0.27392971195344684, 0.45973140540928376]",-1,-1
37797,[0.396083   0.42991738],6,-1,-1,363,-1
37798,[0.34202734 0.32763197],2,1,"[0.3897435781344088, 0.3417040596068965]",-1,-1
37799,[0.13321245 0.1610794 ],0,-1,-1,2,-1
37800,[0.11607885 0.28906514],0,-1,-1,10,-1
37801,[0.49620112 0.35660859],6,-1,-1,208,-1
37802,[0.44564664 0.320907  ],6,1,"[0.3897435781344088, 0.3417040596068965]",-1,-1
37803,[0.76215857 0.80625333],1,-1,-1,296,0
37804,[0.32485941 0.49536303],4,8,"[0.27392971195344684, 0.45973140540928376]",1787,-1
37805,[0.43440668 0.55412587],3,0,"[0.383291892093257, 0.5586820702346661]",1294,-1
37806,[0.84211168 0.58481156],1,-1,-1,-1,-1
37807,[0.35089067 0.54654644],5,0,"[0.383291892093257, 0.5586820702346661]",1928,-1
37808,[0.6255384  0.41242022],8,-1,-1,-1,-1
37809,[0.2700891 0.5528261],4,7,"[0.2817018170798153, 0.5849768676672948]",1698,-1
37810,[0.36208863 0.2912062 ],2,1,"[0.3897435781344088, 0.3417040596068965]",1542,-1
37811,[0.34935351 0.53296189],7,0,"[0.383291892093257, 0.5586820702346661]",-1,16
37812,[0.29975812 0.33996755],2,-1,-1,-1,-1
37813,[0.261495   0.16417585],2,-1,-1,-1,-1
37814,[0.25123277 0.27190095],0,5,"[0.23231087327800656, 0.30304944505444303]",1541,-1
37815,[0.3559376  0.28017698],6,9,"[0.3110394802231661, 0.23517199738277297]",1393,-1
37816,[0.6697752  0.48223713],8,3,"[0.6815204869410737, 0.47689852788858716]",830,-1
37817,[0.493971   0.57349961],5,6,"[0.5164739970238864, 0.5319253761973344]",-1,-1
37818,[0.5513061 0.5797611],9,6,"[0.5164739970238864, 0.5319253761973344]",1450,6
37819,[0.50426026 0.53870499],5,6,"[0.5164739970238864, 0.5319253761973344]",1186,3
37820,[0.28217173 0.23150555],2,9,"[0.3110394802231661, 0.23517199738277297]",-1,-1
37821,[0.29106454 0.18626953],2,9,"[0.3110394802231661, 0.23517199738277297]",425,-1
37822,[0.36476162 0.58092555],3,0,"[0.383291892093257, 0.5586820702346661]",-1,12
37823,[0.32461094 0.39071404],6,-1,-1,1426,-1
37824,[0.49629012 0.280384  ],6,-1,-1,-1,-1
37825,[0.83750241 0.66235157],1,-1,-1,-1,0
37826,[0.25777787 0.31678065],2,5,"[0.23231087327800656, 0.30304944505444303]",-1,7
37827,[0.74156315 0.69642404],1,4,"[0.7726811996944247, 0.7249303226766757]",435,0
37828,[0.31522414 0.29066783],2,9,"[0.3110394802231661, 0.23517199738277297]",1580,-1
37829,[0.80139141 0.73148615],1,4,"[0.7726811996944247, 0.7249303226766757]",-1,0
37830,[0.28942725 0.43596832],7,8,"[0.27392971195344684, 0.45973140540928376]",-1,-1
37831,[0.33648998 0.55268372],7,0,"[0.383291892093257, 0.5586820702346661]",1957,-1
37832,[0.64799824 0.5509333 ],8,-1,-1,-1,-1
37833,[0.63306562 0.65514756],9,2,"[0.5921204552873188, 0.6383928111301557]",-1,-1
37834,[0.2307996  0.23551374],2,5,"[0.23231087327800656, 0.30304944505444303]",947,-1
37835,[0.40960961 0.36789635],0,1,"[0.3897435781344088, 0.3417040596068965]",-1,-1
37836,[0.64603316 0.75471965],1,-1,-1,-1,-1
37837,[0.319859  0.5923486],3,7,"[0.2817018170798153, 0.5849768676672948]",-1,-1
37838,[0.42679705 0.21082643],0,-1,-1,73,-1
37839,[0.77173909 0.71504907],1,4,"[0.7726811996944247, 0.7249303226766757]",477,0
37840,[0.80339128 0.74016598],1,4,"[0.7726811996944247, 0.7249303226766757]",450,0
37841,[0.20573078 0.25372057],0,5,"[0.23231087327800656, 0.30304944505444303]",-1,-1
37842,[0.6537353  0.49916965],8,3,"[0.6815204869410737, 0.47689852788858716]",-1,-1
37843,[0.70615844 0.72240382],1,4,"[0.7726811996944247, 0.7249303226766757]",-1,0
37844,[0.44550663 0.71155701],4,-1,-1,-1,-1
37845,[0.34062606 0.37722255],6,1,"[0.3897435781344088, 0.3417040596068965]",-1,-1
37846,[0.70601462 0.50284097],8,3,"[0.6815204869410737, 0.47689852788858716]",739,-1
37847,[0.63968493 0.4147459 ],8,-1,-1,-1,-1
37848,[0.66412248 0.43757819],8,3,"[0.6815204869410737, 0.47689852788858716]",732,-1
37849,[0.66706835 0.42632006],8,3,"[0.6815204869410737, 0.47689852788858716]",612,-1
37850,[0.2980502  0.58610014],7,7,"[0.2817018170798153, 0.5849768676672948]",1819,-1
37851,[0.44267219 0.27845884],6,-1,-1,-1,-1
37852,[0.66435183 0.57861942],5,-1,-1,-1,-1
37853,[0.58730965 0.56980617],5,2,"[0.5921204552873188, 0.6383928111301557]",-1,-1
37854,[0.58822498 0.59068481],9,2,"[0.5921204552873188, 0.6383928111301557]",-1,-1
37855,[0.22202674 0.59119749],4,7,"[0.2817018170798153, 0.5849768676672948]",-1,-1
37856,[0.27613647 0.28264814],6,5,"[0.23231087327800656, 0.30304944505444303]",1675,-1
37857,[0.80083365 0.73070251],1,4,"[0.7726811996944247, 0.7249303226766757]",-1,0
37858,[0.8348184  0.71242243],1,4,"[0.7726811996944247, 0.7249303226766757]",-1,0
37859,[0.28249921 0.21265135],0,9,"[0.3110394802231661, 0.23517199738277297]",-1,-1
37860,[0.61339448 0.40865326],8,-1,-1,70,-1
37861,[0.28089995 0.62784832],7,7,"[0.2817018170798153, 0.5849768676672948]",588,-1
37862,[0.41959292 0.5683498 ],5,0,"[0.383291892093257, 0.5586820702346661]",-1,-1
37863,[0.24993176 0.3299114 ],0,5,"[0.23231087327800656, 0.30304944505444303]",1502,7
37864,[0.33189201 0.48849884],7,8,"[0.27392971195344684, 0.45973140540928376]",1827,-1
37865,[0.74599958 0.49527207],8,3,"[0.6815204869410737, 0.47689852788858716]",-1,-1
37866,[0.41857117 0.19061832],2,-1,-1,39,-1
37867,[0.31399442 0.24953609],0,9,"[0.3110394802231661, 0.23517199738277297]",-1,-1
37868,[0.32450335 0.59719657],3,7,"[0.2817018170798153, 0.5849768676672948]",-1,-1
37869,[0.13868944 0.517969  ],7,-1,-1,-1,-1
37870,[0.08718483 0.30966054],0,-1,-1,0,-1
37871,[0.45956569 0.5133529 ],5,6,"[0.5164739970238864, 0.5319253761973344]",564,-1
37872,[0.4453008 0.5183312],7,-1,-1,-1,-1
37873,[0.31147395 0.24050318],2,9,"[0.3110394802231661, 0.23517199738277297]",-1,-1
37874,[0.7895069  0.84247604],1,-1,-1,21,-1
37875,[0.31167879 0.58185819],3,7,"[0.2817018170798153, 0.5849768676672948]",-1,17
37876,[0.76327391 0.77438536],1,4,"[0.7726811996944247, 0.7249303226766757]",-1,0
37877,[0.64303893 0.39022782],5,-1,-1,157,-1
37878,[0.54277288 0.45525468],5,-1,-1,-1,-1
37879,[0.31780523 0.61826528],4,7,"[0.2817018170798153, 0.5849768676672948]",-1,-1
37880,[0.45285184 0.58299613],5,-1,-1,1223,4
37881,[0.67412315 0.67802743],1,-1,-1,385,-1
37882,[0.42272852 0.65606989],3,-1,-1,183,-1
37883,[0.47967798 0.52721202],3,6,"[0.5164739970238864, 0.5319253761973344]",960,-1
37884,[0.38460434 0.52282085],7,0,"[0.383291892093257, 0.5586820702346661]",1777,-1
37885,[0.2820896  0.55550465],7,7,"[0.2817018170798153, 0.5849768676672948]",1917,13
37886,[0.59533968 0.43159295],8,-1,-1,-1,-1
37887,[0.6764664 0.5098857],8,3,"[0.6815204869410737, 0.47689852788858716]",-1,-1
37888,[0.34488716 0.29561886],6,1,"[0.3897435781344088, 0.3417040596068965]",1666,-1
37889,[0.68947514 0.70874846],1,-1,-1,343,0
37890,[0.25046056 0.55695671],7,7,"[0.2817018170798153, 0.5849768676672948]",1706,-1
37891,[0.55987355 0.57664734],9,6,"[0.5164739970238864, 0.5319253761973344]",-1,6
37892,[0.60079511 0.51788136],5,-1,-1,-1,-1
37893,[0.57491973 0.56748532],5,6,"[0.5164739970238864, 0.5319253761973344]",1446,-1
37894,[0.34197017 0.39008804],2,1,"[0.3897435781344088, 0.3417040596068965]",992,-1
37895,[0.23517032 0.57739192],3,7,"[0.2817018170798153, 0.5849768676672948]",1344,-1
37896,[0.28966452 0.50616682],7,8,"[0.27392971195344684, 0.45973140540928376]",1898,-1
37897,[0.44200507 0.30075795],6,1,"[0.3897435781344088, 0.3417040596068965]",-1,-1
37898,[0.47373245 0.22313049],6,-1,-1,67,-1
37899,[0.24984002 0.48316999],7,8,"[0.27392971195344684, 0.45973140540928376]",1710,-1
37900,[0.75759233 0.71027688],1,4,"[0.7726811996944247, 0.7249303226766757]",-1,0
37901,[0.2738834  0.31319755],2,5,"[0.23231087327800656, 0.30304944505444303]",1585,-1
37902,[0.41406344 0.25317135],6,-1,-1,610,-1
37903,[0.38117921 0.46589323],3,-1,-1,-1,-1
37904,[0.3200403  0.55021155],4,7,"[0.2817018170798153, 0.5849768676672948]",1989,17
37905,[0.43916266 0.40429494],6,-1,-1,426,-1
37906,[0.27814628 0.37987052],7,-1,-1,-1,-1
37907,[0.24831705 0.5470207 ],4,7,"[0.2817018170798153, 0.5849768676672948]",1700,-1
37908,[0.42372606 0.49856127],5,-1,-1,-1,-1
37909,[0.37980847 0.5410663 ],3,0,"[0.383291892093257, 0.5586820702346661]",-1,-1
37910,[0.71801372 0.61889246],1,-1,-1,-1,-1
37911,[0.34027364 0.25466569],6,9,"[0.3110394802231661, 0.23517199738277297]",958,-1
37912,[0.3038554  0.33842658],2,-1,-1,1625,8
37913,[0.37472336 0.27046751],6,-1,-1,-1,-1
37914,[0.51656571 0.56648481],5,6,"[0.5164739970238864, 0.5319253761973344]",-1,-1
37915,[0.74066688 0.43579256],8,-1,-1,-1,-1
37916,[0.62490986 0.63822682],9,2,"[0.5921204552873188, 0.6383928111301557]",-1,-1
37917,[0.62544153 0.50650791],8,3,"[0.6815204869410737, 0.47689852788858716]",868,-1
37918,[0.68294949 0.53428663],8,3,"[0.6815204869410737, 0.47689852788858716]",-1,-1
37919,[0.63737786 0.48284847],9,3,"[0.6815204869410737, 0.47689852788858716]",-1,-1
37920,[0.63796742 0.65238751],9,2,"[0.5921204552873188, 0.6383928111301557]",-1,-1
37921,[0.42889403 0.52468991],5,0,"[0.383291892093257, 0.5586820702346661]",1430,-1
37922,[0.22077832 0.3016716 ],0,5,"[0.23231087327800656, 0.30304944505444303]",-1,-1
37923,[0.55972423 0.75294395],9,-1,-1,-1,-1
37924,[0.4006733  0.59922493],3,0,"[0.383291892093257, 0.5586820702346661]",1724,-1
37925,[0.3107685 0.5726944],3,7,"[0.2817018170798153, 0.5849768676672948]",1925,-1
37926,[0.35798285 0.62496052],3,-1,-1,1304,-1
37927,[0.64719427 0.47804488],8,3,"[0.6815204869410737, 0.47689852788858716]",824,1
37928,[0.30373754 0.52718914],3,7,"[0.2817018170798153, 0.5849768676672948]",-1,-1
37929,[0.28066709 0.4083123 ],6,8,"[0.27392971195344684, 0.45973140540928376]",748,-1
37930,[0.47923929 0.46530481],7,-1,-1,278,-1
37931,[0.61433708 0.63950506],9,2,"[0.5921204552873188, 0.6383928111301557]",-1,-1
37932,[0.87838574 0.65513291],1,-1,-1,30,-1
37933,[0.26587551 0.27984669],0,5,"[0.23231087327800656, 0.30304944505444303]",-1,-1
37934,[0.27601903 0.53570829],4,7,"[0.2817018170798153, 0.5849768676672948]",-1,-1
37935,[0.36151013 0.45401459],4,-1,-1,860,-1
37936,[0.7451998  0.74476211],1,4,"[0.7726811996944247, 0.7249303226766757]",454,0
37937,[0.61513249 0.63376975],9,2,"[0.5921204552873188, 0.6383928111301557]",-1,-1
37938,[0.57224867 0.61377062],9,2,"[0.5921204552873188, 0.6383928111301557]",-1,-1
37939,[0.6748269  0.56096476],9,-1,-1,671,-1
37940,[0.60357648 0.61617162],5,2,"[0.5921204552873188, 0.6383928111301557]",-1,-1
37941,[0.453889   0.31477468],6,1,"[0.3897435781344088, 0.3417040596068965]",524,-1
37942,[0.32109012 0.70841882],4,-1,-1,48,-1
37943,[0.45640481 0.3148176 ],6,-1,-1,524,-1
37944,[0.29648097 0.32955962],0,5,"[0.23231087327800656, 0.30304944505444303]",-1,-1
37945,[0.37605187 0.48729851],7,-1,-1,1041,-1
37946,[0.33673907 0.30733904],6,1,"[0.3897435781344088, 0.3417040596068965]",1680,-1
37947,[0.30956284 0.20518389],0,9,"[0.3110394802231661, 0.23517199738277297]",-1,-1
37948,[0.34113317 0.37287733],6,1,"[0.3897435781344088, 0.3417040596068965]",1349,-1
37949,[0.47961269 0.72435154],9,-1,-1,-1,-1
37950,[0.81318937 0.82836669],1,-1,-1,139,-1
37951,[0.23317485 0.28833223],0,5,"[0.23231087327800656, 0.30304944505444303]",1531,-1
37952,[0.41284946 0.57409334],3,0,"[0.383291892093257, 0.5586820702346661]",-1,-1
37953,[0.45475785 0.66135133],5,-1,-1,137,-1
37954,[0.65116601 0.57488592],9,-1,-1,-1,-1
37955,[0.63649831 0.62625758],9,2,"[0.5921204552873188, 0.6383928111301557]",1160,-1
37956,[0.67936371 0.68869482],9,-1,-1,387,-1
37957,[0.81151261 0.74368893],1,4,"[0.7726811996944247, 0.7249303226766757]",446,0
37958,[0.37390113 0.60719982],7,0,"[0.383291892093257, 0.5586820702346661]",1755,-1
37959,[0.81096645 0.82928852],1,-1,-1,-1,-1
37960,[0.39926082 0.45515965],3,-1,-1,584,-1
37961,[0.44468657 0.58783841],4,0,"[0.383291892093257, 0.5586820702346661]",1228,4
37962,[0.48680699 0.56674695],3,6,"[0.5164739970238864, 0.5319253761973344]",-1,-1
37963,[0.22367145 0.34712273],2,5,"[0.23231087327800656, 0.30304944505444303]",-1,-1
37964,[0.45690769 0.30831889],6,-1,-1,-1,-1
37965,[0.42101435 0.37690729],6,1,"[0.3897435781344088, 0.3417040596068965]",681,-1
37966,[0.37689007 0.59194033],3,0,"[0.383291892093257, 0.5586820702346661]",-1,-1
37967,[0.84069878 0.74196738],1,-1,-1,342,0
37968,[0.23082298 0.46095289],2,8,"[0.27392971195344684, 0.45973140540928376]",587,-1
37969,[0.45951118 0.51118042],5,6,"[0.5164739970238864, 0.5319253761973344]",-1,-1
37970,[0.6139099  0.73166301],9,-1,-1,-1,-1
37971,[0.7241177  0.48031689],8,3,"[0.6815204869410737, 0.47689852788858716]",779,-1
37972,[0.20904092 0.42421556],2,-1,-1,333,-1
37973,[0.56828855 0.6287632 ],9,2,"[0.5921204552873188, 0.6383928111301557]",-1,-1
37974,[0.27681499 0.28705437],0,5,"[0.23231087327800656, 0.30304944505444303]",-1,11
37975,[0.3323984  0.47837948],7,8,"[0.27392971195344684, 0.45973140540928376]",1475,-1
37976,[0.21987278 0.35167599],2,5,"[0.23231087327800656, 0.30304944505444303]",1127,-1
37977,[0.49870204 0.58347287],5,6,"[0.5164739970238864, 0.5319253761973344]",-1,-1
37978,[0.33213999 0.38079563],2,1,"[0.3897435781344088, 0.3417040596068965]",-1,-1
37979,[0.23451042 0.57628904],4,7,"[0.2817018170798153, 0.5849768676672948]",1344,-1
37980,[0.22310861 0.23124562],0,-1,-1,872,-1
37981,[0.2689668  0.53984535],3,7,"[0.2817018170798153, 0.5849768676672948]",1743,-1
37982,[0.31193325 0.3030741 ],0,9,"[0.3110394802231661, 0.23517199738277297]",1647,-1
37983,[0.7101893  0.69782934],1,4,"[0.7726811996944247, 0.7249303226766757]",392,0
37984,[0.4675204  0.23323987],6,-1,-1,82,-1
37985,[0.43525218 0.59396284],3,0,"[0.383291892093257, 0.5586820702346661]",-1,-1
37986,[0.53172493 0.6167648 ],5,2,"[0.5921204552873188, 0.6383928111301557]",-1,-1
37987,[0.33143684 0.47646359],7,8,"[0.27392971195344684, 0.45973140540928376]",1475,-1
37988,[0.73266479 0.8017337 ],1,-1,-1,-1,0
37989,[0.37821558 0.28471917],6,1,"[0.3897435781344088, 0.3417040596068965]",1027,-1
37990,[0.42371123 0.64616979],3,-1,-1,-1,-1
37991,[0.29604531 0.2909966 ],0,9,"[0.3110394802231661, 0.23517199738277297]",1689,11
37992,[0.37195462 0.56851728],3,0,"[0.383291892093257, 0.5586820702346661]",-1,12
37993,[0.5547703  0.52555328],5,6,"[0.5164739970238864, 0.5319253761973344]",1390,-1
37994,[0.30205834 0.53740358],4,7,"[0.2817018170798153, 0.5849768676672948]",-1,-1
37995,[0.21254941 0.19532385],0,-1,-1,-1,-1
37996,[0.7501226  0.44985712],8,-1,-1,263,-1
37997,[0.27757009 0.46601449],3,8,"[0.27392971195344684, 0.45973140540928376]",-1,-1
37998,[0.31238348 0.54265686],7,7,"[0.2817018170798153, 0.5849768676672948]",1986,17
37999,[0.40225123 0.44869014],7,-1,-1,-1,-1
38000,[0.56682335 0.68551988],9,2,"[0.5921204552873188, 0.6383928111301557]",-1,-1
38001,[0.39688942 0.37946522],0,1,"[0.3897435781344088, 0.3417040596068965]",759,-1
38002,[0.35238803 0.49406002],4,-1,-1,1871,-1
38003,[0.58319144 0.47643744],9,-1,-1,772,-1
38004,[0.27243931 0.18330026],0,9,"[0.3110394802231661, 0.23517199738277297]",-1,-1
38005,[0.23037464 0.27504036],0,5,"[0.23231087327800656, 0.30304944505444303]",-1,-1
38006,[0.49721983 0.61232766],5,-1,-1,918,-1
38007,[0.33900899 0.53852645],7,0,"[0.383291892093257, 0.5586820702346661]",-1,16
38008,[0.36981564 0.61917062],3,0,"[0.383291892093257, 0.5586820702346661]",-1,-1
38009,[0.31229772 0.5222288 ],7,7,"[0.2817018170798153, 0.5849768676672948]",-1,-1
38010,[0.57031665 0.61575204],5,2,"[0.5921204552873188, 0.6383928111301557]",1419,-1
38011,[0.37082217 0.30650482],2,1,"[0.3897435781344088, 0.3417040596068965]",1472,-1
38012,[0.53402829 0.57963428],5,6,"[0.5164739970238864, 0.5319253761973344]",1372,-1
38013,[0.59422433 0.64414758],9,2,"[0.5921204552873188, 0.6383928111301557]",-1,-1
38014,[0.61891875 0.56955772],9,-1,-1,1273,-1
38015,[0.71704158 0.6945749 ],1,4,"[0.7726811996944247, 0.7249303226766757]",393,0
38016,[0.39699251 0.45594901],5,-1,-1,584,-1
38017,[0.67298052 0.60402465],9,-1,-1,-1,-1
38018,[0.47806271 0.3531845 ],6,-1,-1,-1,-1
38019,[0.37991422 0.29223806],6,1,"[0.3897435781344088, 0.3417040596068965]",-1,-1
38020,[0.62440964 0.65654979],1,2,"[0.5921204552873188, 0.6383928111301557]",-1,-1
38021,[0.41986602 0.41242018],3,-1,-1,-1,-1
38022,[0.3955801  0.22624805],6,-1,-1,204,-1
38023,[0.50966018 0.63513166],9,-1,-1,938,-1
38024,[0.31008941 0.23311951],2,9,"[0.3110394802231661, 0.23517199738277297]",-1,-1
38025,[0.51678144 0.48761824],9,6,"[0.5164739970238864, 0.5319253761973344]",-1,-1
38026,[0.67402804 0.42414268],8,3,"[0.6815204869410737, 0.47689852788858716]",612,-1
38027,[0.60834177 0.69758252],9,2,"[0.5921204552873188, 0.6383928111301557]",518,-1
38028,[0.55032458 0.4620154 ],5,-1,-1,-1,-1
38029,[0.41515575 0.58171539],3,0,"[0.383291892093257, 0.5586820702346661]",-1,-1
38030,[0.75945892 0.81367824],1,-1,-1,-1,0
38031,[0.36726177 0.28492618],6,1,"[0.3897435781344088, 0.3417040596068965]",1172,-1
38032,[0.35304358 0.64139299],4,-1,-1,950,-1
38033,[0.77112059 0.79186552],1,4,"[0.7726811996944247, 0.7249303226766757]",369,0
38034,[0.65155024 0.59159319],9,-1,-1,-1,-1
38035,[0.58399151 0.55624933],5,-1,-1,1254,-1
38036,[0.32383734 0.33079164],6,1,"[0.3897435781344088, 0.3417040596068965]",1613,-1
38037,[0.24616268 0.62635829],7,7,"[0.2817018170798153, 0.5849768676672948]",348,-1
38038,[0.29872005 0.6154292 ],3,7,"[0.2817018170798153, 0.5849768676672948]",856,-1
38039,[0.69076155 0.52384693],8,3,"[0.6815204869410737, 0.47689852788858716]",786,-1
38040,[0.30035868 0.41081308],2,8,"[0.27392971195344684, 0.45973140540928376]",1074,-1
38041,[0.76647047 0.73491159],1,4,"[0.7726811996944247, 0.7249303226766757]",469,0
38042,[0.27285414 0.37339654],2,-1,-1,1265,-1
38043,[0.6095544  0.57836844],9,2,"[0.5921204552873188, 0.6383928111301557]",-1,-1
38044,[0.23996157 0.52125278],4,-1,-1,-1,-1
38045,[0.28601207 0.29421461],2,5,"[0.23231087327800656, 0.30304944505444303]",-1,-1
38046,[0.63469264 0.6907556 ],9,2,"[0.5921204552873188, 0.6383928111301557]",488,-1
38047,[0.15150786 0.55758774],7,-1,-1,35,-1
38048,[0.63397565 0.77669317],9,-1,-1,-1,-1
38049,[0.3501505  0.56097059],7,0,"[0.383291892093257, 0.5586820702346661]",-1,-1
38050,[0.34371778 0.4668504 ],3,-1,-1,-1,-1
38051,[0.33302943 0.31697096],6,1,"[0.3897435781344088, 0.3417040596068965]",1683,10
38052,[0.78597919 0.87014687],1,-1,-1,-1,-1
38053,[0.27956023 0.22622146],0,9,"[0.3110394802231661, 0.23517199738277297]",1334,-1
38054,[0.4394498  0.22646557],6,-1,-1,-1,-1
38055,[0.31576815 0.2379993 ],0,9,"[0.3110394802231661, 0.23517199738277297]",-1,-1
38056,[0.23552455 0.45607042],4,8,"[0.27392971195344684, 0.45973140540928376]",-1,-1
38057,[0.31813898 0.56558301],3,7,"[0.2817018170798153, 0.5849768676672948]",1972,-1
38058,[0.27625095 0.5853805 ],7,7,"[0.2817018170798153, 0.5849768676672948]",-1,-1
38059,[0.73633319 0.59356919],8,-1,-1,-1,-1
38060,[0.58426468 0.6260606 ],9,2,"[0.5921204552873188, 0.6383928111301557]",1333,-1
38061,[0.26094401 0.54909815],3,7,"[0.2817018170798153, 0.5849768676672948]",-1,-1
38062,[0.39421444 0.53053555],7,0,"[0.383291892093257, 0.5586820702346661]",-1,-1
38063,[0.30895808 0.46189992],7,8,"[0.27392971195344684, 0.45973140540928376]",1732,-1
38064,[0.47477913 0.24807654],6,-1,-1,-1,-1
38065,[0.84307764 0.84364019],1,-1,-1,18,-1
38066,[0.32496716 0.3003965 ],6,9,"[0.3110394802231661, 0.23517199738277297]",1659,-1
38067,[0.39462065 0.37704117],6,1,"[0.3897435781344088, 0.3417040596068965]",-1,-1
38068,[0.69811703 0.48417344],8,3,"[0.6815204869410737, 0.47689852788858716]",-1,-1
38069,[0.19049719 0.33806841],0,5,"[0.23231087327800656, 0.30304944505444303]",764,-1
38070,[0.67741723 0.36877662],8,-1,-1,-1,-1
38071,[0.71091021 0.47930892],8,3,"[0.6815204869410737, 0.47689852788858716]",791,-1
38072,[0.5236637  0.56465417],5,6,"[0.5164739970238864, 0.5319253761973344]",1371,-1
38073,[0.68891801 0.52950443],8,3,"[0.6815204869410737, 0.47689852788858716]",786,-1
38074,[0.41662684 0.64499701],3,-1,-1,541,-1
38075,[0.34398235 0.3763315 ],2,1,"[0.3897435781344088, 0.3417040596068965]",-1,-1
38076,[0.2200113  0.34296851],6,5,"[0.23231087327800656, 0.30304944505444303]",-1,-1
38077,[0.32978749 0.30625126],6,1,"[0.3897435781344088, 0.3417040596068965]",1659,10
38078,[0.48655326 0.43272208],5,-1,-1,117,-1
38079,[0.82997823 0.64799439],1,-1,-1,-1,0
38080,[0.30781837 0.47342897],4,8,"[0.27392971195344684, 0.45973140540928376]",1733,-1
38081,[0.23477453 0.48060795],7,8,"[0.27392971195344684, 0.45973140540928376]",-1,-1
38082,[0.32132763 0.49158877],7,8,"[0.27392971195344684, 0.45973140540928376]",1868,-1
38083,[0.54778394 0.63915692],5,2,"[0.5921204552873188, 0.6383928111301557]",-1,-1
38084,[0.80976102 0.53352701],8,-1,-1,-1,-1
38085,[0.55952408 0.56146029],5,6,"[0.5164739970238864, 0.5319253761973344]",1406,6
38086,[0.30522872 0.49004152],7,8,"[0.27392971195344684, 0.45973140540928376]",1873,-1
38087,[0.28964697 0.52896817],7,7,"[0.2817018170798153, 0.5849768676672948]",1911,-1
38088,[0.32492411 0.53393664],4,0,"[0.383291892093257, 0.5586820702346661]",-1,-1
38089,[0.24548567 0.32423739],0,5,"[0.23231087327800656, 0.30304944505444303]",1503,7
38090,[0.36670669 0.54644015],3,0,"[0.383291892093257, 0.5586820702346661]",1790,-1
38091,[0.61402661 0.58015629],8,2,"[0.5921204552873188, 0.6383928111301557]",-1,-1
38092,[0.5296853 0.7129131],5,-1,-1,295,-1
38093,[0.35718549 0.46487577],7,-1,-1,1560,-1
38094,[0.28919092 0.22755829],0,9,"[0.3110394802231661, 0.23517199738277297]",-1,-1
38095,[0.61222903 0.51716497],5,-1,-1,-1,-1
38096,[0.24909538 0.25286453],0,5,"[0.23231087327800656, 0.30304944505444303]",1313,-1
38097,[0.37221652 0.21007812],6,9,"[0.3110394802231661, 0.23517199738277297]",171,-1
38098,[0.32068561 0.4874171 ],7,8,"[0.27392971195344684, 0.45973140540928376]",1868,-1
38099,[0.42425278 0.52326034],3,0,"[0.383291892093257, 0.5586820702346661]",-1,-1
38100,[0.7085478  0.68830699],1,-1,-1,-1,0
38101,[0.57958314 0.63458251],9,2,"[0.5921204552873188, 0.6383928111301557]",1095,-1
38102,[0.36996374 0.64405336],4,-1,-1,-1,-1
38103,[0.4610655  0.36083671],6,-1,-1,-1,-1
38104,[0.54402501 0.56718743],5,6,"[0.5164739970238864, 0.5319253761973344]",1441,6
38105,[0.41621651 0.51266791],3,0,"[0.383291892093257, 0.5586820702346661]",-1,-1
38106,[0.27339616 0.36234945],2,-1,-1,1265,-1
38107,[0.49265555 0.68976611],5,-1,-1,132,-1
38108,[0.77546771 0.71627965],1,4,"[0.7726811996944247, 0.7249303226766757]",477,0
38109,[0.46936462 0.4964158 ],5,6,"[0.5164739970238864, 0.5319253761973344]",-1,-1
38110,[0.26392762 0.67448666],4,-1,-1,86,-1
38111,[0.34123059 0.45935882],7,8,"[0.27392971195344684, 0.45973140540928376]",1387,-1
38112,[0.30910964 0.58323696],7,7,"[0.2817018170798153, 0.5849768676672948]",1967,-1
38113,[0.321662   0.60085041],3,7,"[0.2817018170798153, 0.5849768676672948]",1939,-1
38114,[0.22514644 0.50584722],7,8,"[0.27392971195344684, 0.45973140540928376]",924,-1
38115,[0.69509468 0.47357092],8,3,"[0.6815204869410737, 0.47689852788858716]",-1,-1
38116,[0.29047659 0.58352909],4,7,"[0.2817018170798153, 0.5849768676672948]",-1,-1
38117,[0.57657927 0.53096397],5,6,"[0.5164739970238864, 0.5319253761973344]",1400,-1
38118,[0.51029292 0.55490832],5,6,"[0.5164739970238864, 0.5319253761973344]",-1,-1
38119,[0.4949017  0.59090739],5,6,"[0.5164739970238864, 0.5319253761973344]",752,-1
38120,[0.76121294 0.79434003],1,-1,-1,-1,0
38121,[0.52653705 0.54419497],5,6,"[0.5164739970238864, 0.5319253761973344]",-1,-1
38122,[0.19095788 0.26513586],0,5,"[0.23231087327800656, 0.30304944505444303]",-1,-1
38123,[0.37601387 0.38422423],6,1,"[0.3897435781344088, 0.3417040596068965]",1006,-1
38124,[0.54831921 0.57365524],5,6,"[0.5164739970238864, 0.5319253761973344]",-1,6
38125,[0.57262122 0.54057894],9,6,"[0.5164739970238864, 0.5319253761973344]",-1,6
38126,[0.79205688 0.7292234 ],1,4,"[0.7726811996944247, 0.7249303226766757]",465,0
38127,[0.4864074  0.51950347],5,6,"[0.5164739970238864, 0.5319253761973344]",936,-1
38128,[0.34524868 0.47578205],3,-1,-1,-1,-1
38129,[0.31276671 0.30445974],0,9,"[0.3110394802231661, 0.23517199738277297]",1647,-1
38130,[0.35895408 0.52191806],4,0,"[0.383291892093257, 0.5586820702346661]",-1,-1
38131,[0.30933705 0.29436239],2,9,"[0.3110394802231661, 0.23517199738277297]",1614,-1
38132,[0.62503202 0.59160649],9,2,"[0.5921204552873188, 0.6383928111301557]",1209,-1
38133,[0.70787029 0.50433591],8,3,"[0.6815204869410737, 0.47689852788858716]",739,-1
38134,[0.23916545 0.25298542],0,5,"[0.23231087327800656, 0.30304944505444303]",-1,-1
38135,[0.67186516 0.45457293],8,3,"[0.6815204869410737, 0.47689852788858716]",694,-1
38136,[0.30205285 0.46584187],7,8,"[0.27392971195344684, 0.45973140540928376]",1732,-1
38137,[0.70093288 0.40199857],8,-1,-1,-1,-1
38138,[0.59540151 0.57829476],9,2,"[0.5921204552873188, 0.6383928111301557]",1326,5
38139,[0.51646693 0.74236371],9,-1,-1,-1,-1
38140,[0.27023133 0.27742114],0,5,"[0.23231087327800656, 0.30304944505444303]",-1,-1
38141,[0.51354605 0.64462424],9,-1,-1,937,-1
38142,[0.2802547  0.21393681],6,9,"[0.3110394802231661, 0.23517199738277297]",1355,-1
38143,[0.39218871 0.32203896],2,1,"[0.3897435781344088, 0.3417040596068965]",965,-1
38144,[0.4207315  0.64531219],3,-1,-1,541,-1
38145,[0.12493692 0.31133921],2,-1,-1,-1,-1
38146,[0.45614602 0.68781923],5,-1,-1,-1,-1
38147,[0.27792111 0.29932346],0,5,"[0.23231087327800656, 0.30304944505444303]",1581,-1
38148,[0.32482204 0.65449209],3,-1,-1,614,-1
38149,[0.61878202 0.500884  ],9,3,"[0.6815204869410737, 0.47689852788858716]",-1,-1
38150,[0.43556926 0.60765612],3,-1,-1,1574,-1
38151,[0.3224744  0.33931932],6,1,"[0.3897435781344088, 0.3417040596068965]",-1,8
38152,[0.4578315 0.3431172],2,1,"[0.3897435781344088, 0.3417040596068965]",531,-1
38153,[0.36839923 0.59539187],4,0,"[0.383291892093257, 0.5586820702346661]",-1,-1
38154,[0.21666769 0.3737117 ],2,-1,-1,903,-1
38155,[0.46161848 0.2763854 ],6,-1,-1,-1,-1
38156,[0.72336388 0.48632696],8,3,"[0.6815204869410737, 0.47689852788858716]",-1,-1
38157,[0.42333882 0.30748928],6,1,"[0.3897435781344088, 0.3417040596068965]",977,-1
38158,[0.7552145  0.82262397],1,-1,-1,-1,0
38159,[0.30672434 0.36917988],2,-1,-1,-1,-1
38160,[0.37008247 0.45261141],7,-1,-1,1051,-1
38161,[0.29494263 0.24298088],2,9,"[0.3110394802231661, 0.23517199738277297]",-1,-1
38162,[0.40404744 0.53560766],3,0,"[0.383291892093257, 0.5586820702346661]",1643,-1
38163,[0.29044322 0.30341249],0,5,"[0.23231087327800656, 0.30304944505444303]",-1,-1
38164,[0.37697562 0.22600441],6,9,"[0.3110394802231661, 0.23517199738277297]",484,-1
38165,[0.28239219 0.60570133],4,7,"[0.2817018170798153, 0.5849768676672948]",-1,-1
38166,[0.23193422 0.59285635],4,7,"[0.2817018170798153, 0.5849768676672948]",506,-1
38167,[0.31609016 0.55465643],4,7,"[0.2817018170798153, 0.5849768676672948]",1981,17
38168,[0.36465327 0.4727997 ],7,-1,-1,-1,-1
38169,[0.27315756 0.50107555],7,8,"[0.27392971195344684, 0.45973140540928376]",1779,-1
38170,[0.41945098 0.51190708],3,0,"[0.383291892093257, 0.5586820702346661]",1439,-1
38171,[0.66888259 0.51858086],8,3,"[0.6815204869410737, 0.47689852788858716]",828,-1
38172,[0.67695572 0.4987974 ],8,3,"[0.6815204869410737, 0.47689852788858716]",-1,-1
38173,[0.57613571 0.72495262],9,-1,-1,-1,-1
38174,[0.22183215 0.6464967 ],4,-1,-1,-1,-1
38175,[0.2925618  0.24605747],6,9,"[0.3110394802231661, 0.23517199738277297]",1465,-1
38176,[0.67961771 0.49262027],8,3,"[0.6815204869410737, 0.47689852788858716]",826,-1
38177,[0.19405227 0.3765629 ],2,-1,-1,300,-1
38178,[0.37986964 0.33317928],6,1,"[0.3897435781344088, 0.3417040596068965]",1476,-1
38179,[0.65499587 0.4893396 ],8,3,"[0.6815204869410737, 0.47689852788858716]",-1,1
38180,[0.69293127 0.50472894],8,3,"[0.6815204869410737, 0.47689852788858716]",-1,-1
38181,[0.59858215 0.59114111],9,2,"[0.5921204552873188, 0.6383928111301557]",1318,-1
38182,[0.37225432 0.57218351],3,0,"[0.383291892093257, 0.5586820702346661]",-1,12
38183,[0.2960964  0.52450763],7,7,"[0.2817018170798153, 0.5849768676672948]",1788,-1
38184,[0.33404135 0.56398347],3,0,"[0.383291892093257, 0.5586820702346661]",1975,-1
38185,[0.38186874 0.38073362],6,1,"[0.3897435781344088, 0.3417040596068965]",1006,-1
38186,[0.51846884 0.64110028],9,-1,-1,-1,-1
38187,[0.41397105 0.28354753],6,1,"[0.3897435781344088, 0.3417040596068965]",-1,-1
38188,[0.5330993  0.59609521],5,6,"[0.5164739970238864, 0.5319253761973344]",-1,-1
38189,[0.7427576  0.72132995],1,4,"[0.7726811996944247, 0.7249303226766757]",-1,0
38190,[0.19573901 0.54250575],7,-1,-1,323,-1
38191,[0.68996661 0.60895649],1,-1,-1,267,-1
38192,[0.56257237 0.47850244],5,-1,-1,684,-1
38193,[0.7191981  0.75667969],1,4,"[0.7726811996944247, 0.7249303226766757]",-1,0
38194,[0.36958317 0.27070977],0,9,"[0.3110394802231661, 0.23517199738277297]",1101,-1
38195,[0.1544553 0.4644047],7,-1,-1,-1,-1
38196,[0.21457295 0.46356843],7,8,"[0.27392971195344684, 0.45973140540928376]",331,-1
38197,[0.29318644 0.1893958 ],0,9,"[0.3110394802231661, 0.23517199738277297]",425,-1
38198,[0.59082728 0.58516268],9,2,"[0.5921204552873188, 0.6383928111301557]",-1,-1
38199,[0.8836488  0.70802512],1,-1,-1,136,-1
38200,[0.64001077 0.60658815],9,2,"[0.5921204552873188, 0.6383928111301557]",613,-1
38201,[0.31415399 0.591529  ],4,7,"[0.2817018170798153, 0.5849768676672948]",-1,-1
38202,[0.30432674 0.56630059],4,7,"[0.2817018170798153, 0.5849768676672948]",1925,-1
38203,[0.41065862 0.52380674],3,0,"[0.383291892093257, 0.5586820702346661]",1637,-1
38204,[0.29788393 0.31658279],0,5,"[0.23231087327800656, 0.30304944505444303]",1661,-1
38205,[0.55149407 0.52584047],9,6,"[0.5164739970238864, 0.5319253761973344]",1390,-1
38206,[0.73538946 0.62224313],1,-1,-1,131,0
38207,[0.54196083 0.67442565],5,2,"[0.5921204552873188, 0.6383928111301557]",687,-1
38208,[0.62261734 0.48970581],8,3,"[0.6815204869410737, 0.47689852788858716]",789,-1
38209,[0.37862777 0.32946105],6,1,"[0.3897435781344088, 0.3417040596068965]",-1,-1
38210,[0.6092711  0.60030331],9,2,"[0.5921204552873188, 0.6383928111301557]",-1,6
38211,[0.58810608 0.67578302],9,2,"[0.5921204552873188, 0.6383928111301557]",710,-1
38212,[0.29657551 0.6154205 ],4,7,"[0.2817018170798153, 0.5849768676672948]",856,-1
38213,[0.73441076 0.71000995],1,4,"[0.7726811996944247, 0.7249303226766757]",434,0
38214,[0.36601035 0.42911656],7,-1,-1,683,-1
38215,[0.84451303 0.78286686],1,-1,-1,-1,0
38216,[0.67127563 0.57331963],9,-1,-1,542,-1
38217,[0.51819976 0.67178803],5,-1,-1,449,-1
38218,[0.39825127 0.51461791],3,0,"[0.383291892093257, 0.5586820702346661]",1634,-1
38219,[0.21304294 0.29808019],0,5,"[0.23231087327800656, 0.30304944505444303]",909,-1
38220,[0.43893859 0.58601098],3,0,"[0.383291892093257, 0.5586820702346661]",1436,-1
38221,[0.32610977 0.68267293],3,-1,-1,156,-1
38222,[0.72362575 0.56068072],1,-1,-1,-1,-1
38223,[0.34329478 0.70520915],3,-1,-1,66,-1
38224,[0.32377197 0.39533772],0,-1,-1,1215,-1
38225,[0.32623411 0.47361811],4,8,"[0.27392971195344684, 0.45973140540928376]",1475,-1
38226,[0.2062022  0.36040792],2,5,"[0.23231087327800656, 0.30304944505444303]",-1,-1
38227,[0.57916725 0.52984833],8,6,"[0.5164739970238864, 0.5319253761973344]",1400,-1
38228,[0.34977351 0.45559996],7,-1,-1,-1,-1
38229,[0.48983145 0.5083501 ],5,6,"[0.5164739970238864, 0.5319253761973344]",-1,-1
38230,[0.2734035  0.56788974],7,7,"[0.2817018170798153, 0.5849768676672948]",-1,-1
38231,[0.56923969 0.51614546],9,6,"[0.5164739970238864, 0.5319253761973344]",-1,-1
38232,[0.74742288 0.77952175],1,4,"[0.7726811996944247, 0.7249303226766757]",-1,0
38233,[0.53237762 0.64355297],5,2,"[0.5921204552873188, 0.6383928111301557]",1259,-1
38234,[0.27655601 0.29202414],0,5,"[0.23231087327800656, 0.30304944505444303]",-1,-1
38235,[0.65701776 0.68154972],9,-1,-1,-1,-1
38236,[0.26777311 0.47635282],4,8,"[0.27392971195344684, 0.45973140540928376]",1600,-1
38237,[0.33783441 0.27515625],6,9,"[0.3110394802231661, 0.23517199738277297]",-1,-1
38238,[0.3124345  0.25353779],0,9,"[0.3110394802231661, 0.23517199738277297]",1499,-1
38239,[0.45043901 0.5804506 ],3,-1,-1,1223,4
38240,[0.41441164 0.51481004],3,0,"[0.383291892093257, 0.5586820702346661]",-1,-1
38241,[0.35843755 0.44527422],4,-1,-1,-1,-1
38242,[0.30775395 0.4980638 ],3,8,"[0.27392971195344684, 0.45973140540928376]",1888,-1
38243,[0.81137999 0.72544791],1,4,"[0.7726811996944247, 0.7249303226766757]",456,0
38244,[0.40764101 0.61349014],3,0,"[0.383291892093257, 0.5586820702346661]",1696,-1
38245,[0.36450491 0.55439694],3,0,"[0.383291892093257, 0.5586820702346661]",1793,-1
38246,[0.17777478 0.20522414],2,-1,-1,-1,-1
38247,[0.80134716 0.77207158],1,4,"[0.7726811996944247, 0.7249303226766757]",-1,0
38248,[0.46974657 0.47769438],5,-1,-1,664,-1
38249,[0.27151682 0.21695867],0,9,"[0.3110394802231661, 0.23517199738277297]",-1,-1
38250,[0.31134943 0.4946513 ],7,8,"[0.27392971195344684, 0.45973140540928376]",1872,-1
38251,[0.31257866 0.51190639],4,8,"[0.27392971195344684, 0.45973140540928376]",1922,15
38252,[0.52756947 0.62739087],5,2,"[0.5921204552873188, 0.6383928111301557]",1143,-1
38253,[0.2999976  0.46192877],7,8,"[0.27392971195344684, 0.45973140540928376]",-1,-1
38254,[0.43264901 0.40620222],6,-1,-1,426,-1
38255,[0.80797657 0.81621663],1,-1,-1,-1,0
38256,[0.33734187 0.22086885],0,9,"[0.3110394802231661, 0.23517199738277297]",-1,-1
38257,[0.42915839 0.59767915],3,0,"[0.383291892093257, 0.5586820702346661]",1574,-1
38258,[0.24909672 0.22693605],0,9,"[0.3110394802231661, 0.23517199738277297]",985,-1
38259,[0.48712943 0.66532871],9,-1,-1,305,-1
38260,[0.25534724 0.4301114 ],7,8,"[0.27392971195344684, 0.45973140540928376]",1087,-1
38261,[0.32722823 0.56034096],7,7,"[0.2817018170798153, 0.5849768676672948]",1983,-1
38262,[0.38664327 0.65406862],3,-1,-1,536,-1
38263,[0.52560785 0.52167689],5,6,"[0.5164739970238864, 0.5319253761973344]",1188,-1
38264,[0.23204515 0.44458215],2,8,"[0.27392971195344684, 0.45973140540928376]",586,-1
38265,[0.36808526 0.32533735],6,1,"[0.3897435781344088, 0.3417040596068965]",-1,-1
38266,[0.38946983 0.53472753],4,0,"[0.383291892093257, 0.5586820702346661]",1777,-1
38267,[0.3115433  0.50849703],3,8,"[0.27392971195344684, 0.45973140540928376]",1922,15
38268,[0.24490753 0.53889423],7,7,"[0.2817018170798153, 0.5849768676672948]",1480,-1
38269,[0.7972651  0.66609202],1,4,"[0.7726811996944247, 0.7249303226766757]",-1,0
38270,[0.27243714 0.51354292],7,8,"[0.27392971195344684, 0.45973140540928376]",1887,-1
38271,[0.41341497 0.61980407],3,0,"[0.383291892093257, 0.5586820702346661]",-1,-1
38272,[0.53743112 0.48855211],5,6,"[0.5164739970238864, 0.5319253761973344]",927,-1
38273,[0.34227061 0.38911549],6,1,"[0.3897435781344088, 0.3417040596068965]",992,-1
38274,[0.65109651 0.69519995],9,-1,-1,489,-1
38275,[0.7965112  0.78851422],1,4,"[0.7726811996944247, 0.7249303226766757]",-1,0
38276,[0.69554831 0.83963916],1,-1,-1,-1,-1
38277,[0.34179133 0.59214581],5,0,"[0.383291892093257, 0.5586820702346661]",1834,-1
38278,[0.3238934  0.61014859],4,7,"[0.2817018170798153, 0.5849768676672948]",1544,-1
38279,[0.78831154 0.52512518],8,-1,-1,69,-1
38280,[0.25351629 0.35125902],2,5,"[0.23231087327800656, 0.30304944505444303]",1587,-1
38281,[0.28795811 0.42411496],2,8,"[0.27392971195344684, 0.45973140540928376]",1075,-1
38282,[0.62683419 0.5197453 ],8,3,"[0.6815204869410737, 0.47689852788858716]",-1,-1
38283,[0.39847546 0.64263077],3,-1,-1,589,-1
38284,[0.21133245 0.5011996 ],3,-1,-1,599,-1
38285,[0.3468581  0.27344819],0,9,"[0.3110394802231661, 0.23517199738277297]",1119,-1
38286,[0.74152634 0.41513601],8,-1,-1,-1,-1
38287,[0.34445769 0.56394012],7,0,"[0.383291892093257, 0.5586820702346661]",1902,-1
38288,[0.7371427 0.662019 ],1,-1,-1,356,0
38289,[0.42981564 0.60531609],3,0,"[0.383291892093257, 0.5586820702346661]",-1,-1
38290,[0.46606343 0.64049939],5,-1,-1,491,-1
38291,[0.53826062 0.51697227],5,6,"[0.5164739970238864, 0.5319253761973344]",-1,-1
38292,[0.48689367 0.56233526],9,6,"[0.5164739970238864, 0.5319253761973344]",-1,-1
38293,[0.30273917 0.4263164 ],2,8,"[0.27392971195344684, 0.45973140540928376]",-1,-1
38294,[0.25846324 0.23513965],0,9,"[0.3110394802231661, 0.23517199738277297]",-1,-1
38295,[0.40245187 0.25057596],6,-1,-1,849,-1
38296,[0.66020536 0.56613312],9,-1,-1,893,-1
38297,[0.78826565 0.66552159],1,4,"[0.7726811996944247, 0.7249303226766757]",326,0
38298,[0.55652102 0.44590693],8,-1,-1,249,-1
38299,[0.20776045 0.41587907],7,-1,-1,-1,-1
38300,[0.59973756 0.53564505],9,-1,-1,-1,-1
38301,[0.77541147 0.63411939],9,-1,-1,176,0
38302,[0.3686889 0.3057049],6,1,"[0.3897435781344088, 0.3417040596068965]",1472,-1
38303,[0.85706797 0.8530421 ],1,-1,-1,-1,-1
38304,[0.41583665 0.59537058],4,0,"[0.383291892093257, 0.5586820702346661]",1719,-1
38305,[0.76754215 0.68461142],1,4,"[0.7726811996944247, 0.7249303226766757]",398,0
38306,[0.39529624 0.50046781],4,0,"[0.383291892093257, 0.5586820702346661]",-1,-1
38307,[0.72438808 0.54878915],8,-1,-1,-1,-1
38308,[0.31010109 0.38261571],7,-1,-1,1420,-1
38309,[0.32264876 0.59453895],3,7,"[0.2817018170798153, 0.5849768676672948]",1938,-1
38310,[0.67290281 0.61467982],9,-1,-1,299,-1
38311,[0.35401597 0.26444917],2,9,"[0.3110394802231661, 0.23517199738277297]",951,-1
38312,[0.7905674  0.69362018],1,4,"[0.7726811996944247, 0.7249303226766757]",448,0
38313,[0.53010807 0.52683109],8,6,"[0.5164739970238864, 0.5319253761973344]",1165,-1
38314,[0.29237345 0.60563833],4,7,"[0.2817018170798153, 0.5849768676672948]",1693,-1
38315,[0.32199435 0.46094087],7,8,"[0.27392971195344684, 0.45973140540928376]",1556,-1
38316,[0.39528033 0.38429938],2,1,"[0.3897435781344088, 0.3417040596068965]",-1,-1
38317,[0.27491635 0.28448673],0,5,"[0.23231087327800656, 0.30304944505444303]",1675,-1
38318,[0.21351163 0.22615112],0,-1,-1,-1,-1
38319,[0.43640084 0.56741191],5,0,"[0.383291892093257, 0.5586820702346661]",-1,-1
38320,[0.31371117 0.53216292],4,7,"[0.2817018170798153, 0.5849768676672948]",-1,-1
38321,[0.39952493 0.29397535],6,1,"[0.3897435781344088, 0.3417040596068965]",-1,-1
38322,[0.36583413 0.5529541 ],7,0,"[0.383291892093257, 0.5586820702346661]",1793,-1
38323,[0.41746683 0.50850021],5,0,"[0.383291892093257, 0.5586820702346661]",1438,-1
38324,[0.44260704 0.45508461],6,-1,-1,-1,-1
38325,[0.55809787 0.3426581 ],8,-1,-1,-1,-1
38326,[0.56808406 0.54154811],5,6,"[0.5164739970238864, 0.5319253761973344]",1401,-1
38327,[0.44846902 0.55609195],5,0,"[0.383291892093257, 0.5586820702346661]",-1,-1
38328,[0.37742356 0.54945239],4,0,"[0.383291892093257, 0.5586820702346661]",-1,-1
38329,[0.34315983 0.60749946],4,0,"[0.383291892093257, 0.5586820702346661]",1862,-1
38330,[0.51016643 0.49161436],5,6,"[0.5164739970238864, 0.5319253761973344]",605,-1
38331,[0.79340428 0.47197023],8,-1,-1,-1,-1
38332,[0.39319665 0.22923545],2,-1,-1,204,-1
38333,[0.59498024 0.67452277],1,2,"[0.5921204552873188, 0.6383928111301557]",709,-1
38334,[0.28417543 0.22256879],0,9,"[0.3110394802231661, 0.23517199738277297]",-1,-1
38335,[0.81590169 0.6738836 ],1,4,"[0.7726811996944247, 0.7249303226766757]",-1,0
38336,[0.28919717 0.35656044],0,-1,-1,1479,-1
38337,[0.29144825 0.23068852],0,9,"[0.3110394802231661, 0.23517199738277297]",1370,-1
38338,[0.49837944 0.53660268],5,6,"[0.5164739970238864, 0.5319253761973344]",1186,-1
38339,[0.69431224 0.75582916],1,-1,-1,-1,0
38340,[0.49686086 0.44412603],6,-1,-1,223,-1
38341,[0.56963008 0.67762722],9,2,"[0.5921204552873188, 0.6383928111301557]",1034,-1
38342,[0.57531716 0.51595602],5,6,"[0.5164739970238864, 0.5319253761973344]",1035,-1
38343,[0.10594457 0.28922705],0,-1,-1,10,-1
38344,[0.72842346 0.44827573],8,3,"[0.6815204869410737, 0.47689852788858716]",693,-1
38345,[0.39747039 0.55761231],4,0,"[0.383291892093257, 0.5586820702346661]",-1,-1
38346,[0.25128736 0.24190182],0,9,"[0.3110394802231661, 0.23517199738277297]",-1,-1
38347,[0.52307136 0.5578409 ],9,6,"[0.5164739970238864, 0.5319253761973344]",-1,-1
38348,[0.24829758 0.62795282],3,7,"[0.2817018170798153, 0.5849768676672948]",348,-1
38349,[0.24596633 0.43827309],0,8,"[0.27392971195344684, 0.45973140540928376]",-1,-1
38350,[0.58954304 0.53226199],9,-1,-1,-1,-1
38351,[0.2636709  0.44727909],4,8,"[0.27392971195344684, 0.45973140540928376]",-1,-1
38352,[0.49154411 0.55262841],5,6,"[0.5164739970238864, 0.5319253761973344]",1183,-1
38353,[0.60698489 0.5518348 ],9,-1,-1,1293,-1
38354,[0.70289732 0.74253569],1,-1,-1,319,0
38355,[0.45585273 0.52093875],5,6,"[0.5164739970238864, 0.5319253761973344]",-1,-1
38356,[0.18626735 0.35040767],0,5,"[0.23231087327800656, 0.30304944505444303]",-1,-1
38357,[0.61522139 0.57323108],9,2,"[0.5921204552873188, 0.6383928111301557]",1273,-1
38358,[0.26488299 0.44108351],7,8,"[0.27392971195344684, 0.45973140540928376]",-1,-1
38359,[0.71070787 0.67018615],1,-1,-1,-1,0
38360,[0.53163926 0.68508487],9,-1,-1,555,-1
38361,[0.38003274 0.56003777],3,0,"[0.383291892093257, 0.5586820702346661]",1814,-1
38362,[0.25547125 0.54321752],4,7,"[0.2817018170798153, 0.5849768676672948]",1559,-1
38363,[0.34635836 0.66473129],3,-1,-1,298,-1
38364,[0.43629479 0.55864996],5,0,"[0.383291892093257, 0.5586820702346661]",1283,-1
38365,[0.64971804 0.62655876],9,2,"[0.5921204552873188, 0.6383928111301557]",1158,-1
38366,[0.35633047 0.59248292],3,0,"[0.383291892093257, 0.5586820702346661]",1828,-1
38367,[0.52356796 0.49966754],5,6,"[0.5164739970238864, 0.5319253761973344]",1097,-1
38368,[0.3683697  0.41387493],3,-1,-1,721,-1
38369,[0.82735639 0.4394846 ],8,-1,-1,1,-1
38370,[0.83362439 0.74543017],1,4,"[0.7726811996944247, 0.7249303226766757]",-1,0
38371,[0.31390874 0.2069968 ],0,9,"[0.3110394802231661, 0.23517199738277297]",-1,-1
38372,[0.25605596 0.391649  ],2,-1,-1,-1,-1
38373,[0.33870167 0.54807035],3,0,"[0.383291892093257, 0.5586820702346661]",-1,-1
38374,[0.43842698 0.37066858],6,1,"[0.3897435781344088, 0.3417040596068965]",553,-1
38375,[0.54129058 0.55811758],5,6,"[0.5164739970238864, 0.5319253761973344]",-1,-1
38376,[0.28367379 0.25252338],6,9,"[0.3110394802231661, 0.23517199738277297]",-1,-1
38377,[0.40454163 0.35609391],6,1,"[0.3897435781344088, 0.3417040596068965]",-1,-1
38378,[0.62397446 0.60882516],5,2,"[0.5921204552873188, 0.6383928111301557]",-1,-1
38379,[0.36333549 0.19765887],2,9,"[0.3110394802231661, 0.23517199738277297]",113,-1
38380,[0.69190379 0.53692914],8,3,"[0.6815204869410737, 0.47689852788858716]",-1,-1
38381,[0.40415309 0.27096043],0,-1,-1,-1,-1
38382,[0.63368586 0.65171284],9,2,"[0.5921204552873188, 0.6383928111301557]",-1,-1
38383,[0.56030075 0.40949657],5,-1,-1,114,-1
38384,[0.70486661 0.67594487],1,-1,-1,303,0
38385,[0.32097883 0.49436118],3,8,"[0.27392971195344684, 0.45973140540928376]",-1,-1
38386,[0.27024064 0.33166562],0,5,"[0.23231087327800656, 0.30304944505444303]",-1,-1
38387,[0.31371125 0.32167703],6,-1,-1,1672,-1
38388,[0.24444556 0.34625322],2,5,"[0.23231087327800656, 0.30304944505444303]",-1,-1
38389,[0.23174905 0.42843509],2,8,"[0.27392971195344684, 0.45973140540928376]",656,-1
38390,[0.21046604 0.46781568],7,8,"[0.27392971195344684, 0.45973140540928376]",-1,-1
38391,[0.4314846  0.60004245],5,0,"[0.383291892093257, 0.5586820702346661]",1574,-1
38392,[0.17873287 0.22747755],0,-1,-1,-1,-1
38393,[0.64632455 0.57748529],9,-1,-1,810,-1
38394,[0.16158447 0.32514262],2,-1,-1,-1,-1
38395,[0.37801785 0.53746983],3,0,"[0.383291892093257, 0.5586820702346661]",1813,-1
38396,[0.44944804 0.59338754],3,-1,-1,1238,4
38397,[0.59075156 0.54668165],9,-1,-1,-1,-1
38398,[0.21745113 0.27856301],0,5,"[0.23231087327800656, 0.30304944505444303]",1114,-1
38399,[0.26546575 0.53115561],4,7,"[0.2817018170798153, 0.5849768676672948]",-1,-1
38400,[0.52826793 0.48284442],5,6,"[0.5164739970238864, 0.5319253761973344]",-1,-1
38401,[0.47633909 0.67668023],9,-1,-1,-1,-1
38402,[0.31657335 0.49353268],7,8,"[0.27392971195344684, 0.45973140540928376]",1872,-1
38403,[0.57563757 0.71383493],9,-1,-1,512,-1
38404,[0.68734697 0.69317155],9,-1,-1,387,-1
38405,[0.19612199 0.1794279 ],0,-1,-1,99,-1
38406,[0.33624742 0.44135637],6,8,"[0.27392971195344684, 0.45973140540928376]",941,-1
38407,[0.31876069 0.37820317],6,-1,-1,1015,-1
38408,[0.22873217 0.58261173],4,7,"[0.2817018170798153, 0.5849768676672948]",-1,-1
38409,[0.32404913 0.52476283],7,0,"[0.383291892093257, 0.5586820702346661]",1943,-1
38410,[0.35878158 0.45730641],4,-1,-1,860,-1
38411,[0.35919045 0.53101537],3,0,"[0.383291892093257, 0.5586820702346661]",1935,-1
38412,[0.71165627 0.52567803],8,3,"[0.6815204869410737, 0.47689852788858716]",569,-1
38413,[0.42634683 0.57329214],3,0,"[0.383291892093257, 0.5586820702346661]",1467,-1
38414,[0.38009985 0.24047633],6,9,"[0.3110394802231661, 0.23517199738277297]",-1,-1
38415,[0.37690302 0.60704442],3,0,"[0.383291892093257, 0.5586820702346661]",-1,-1
38416,[0.43731485 0.55764083],5,0,"[0.383291892093257, 0.5586820702346661]",-1,-1
38417,[0.85694939 0.72179746],1,-1,-1,312,0
38418,[0.30888934 0.34720443],0,-1,-1,1628,8
38419,[0.30999413 0.26456678],0,9,"[0.3110394802231661, 0.23517199738277297]",1512,-1
38420,[0.57467164 0.57202051],5,2,"[0.5921204552873188, 0.6383928111301557]",-1,-1
38421,[0.24011962 0.61217442],7,7,"[0.2817018170798153, 0.5849768676672948]",-1,-1
38422,[0.31078277 0.48654269],7,8,"[0.27392971195344684, 0.45973140540928376]",-1,-1
38423,[0.26295221 0.56380379],4,7,"[0.2817018170798153, 0.5849768676672948]",1851,-1
38424,[0.29769168 0.39845771],2,8,"[0.27392971195344684, 0.45973140540928376]",1067,-1
38425,[0.2471363  0.38111006],7,-1,-1,1147,-1
38426,[0.58862534 0.63171501],9,2,"[0.5921204552873188, 0.6383928111301557]",1337,-1
38427,[0.32176344 0.6738367 ],3,-1,-1,-1,-1
38428,[0.43264612 0.60575653],4,0,"[0.383291892093257, 0.5586820702346661]",1574,-1
38429,[0.62914581 0.61697378],9,2,"[0.5921204552873188, 0.6383928111301557]",740,-1
38430,[0.16008933 0.36378811],0,-1,-1,-1,-1
38431,[0.3962963  0.39766488],6,1,"[0.3897435781344088, 0.3417040596068965]",760,-1
38432,[0.28745676 0.25471606],2,9,"[0.3110394802231661, 0.23517199738277297]",1612,-1
38433,[0.55515361 0.56325279],5,6,"[0.5164739970238864, 0.5319253761973344]",1406,6
38434,[0.38899315 0.49740463],3,0,"[0.383291892093257, 0.5586820702346661]",-1,-1
38435,[0.34772249 0.46990069],6,-1,-1,1758,-1
38436,[0.18473953 0.36063282],7,-1,-1,-1,-1
38437,[0.70372446 0.73527144],1,4,"[0.7726811996944247, 0.7249303226766757]",383,0
38438,[0.36014475 0.33133571],2,1,"[0.3897435781344088, 0.3417040596068965]",-1,-1
38439,[0.32541055 0.3000489 ],6,9,"[0.3110394802231661, 0.23517199738277297]",1659,-1
38440,[0.72389155 0.65406446],1,-1,-1,-1,0
38441,[0.84405353 0.80835184],1,-1,-1,-1,-1
38442,[0.30153436 0.19854804],0,9,"[0.3110394802231661, 0.23517199738277297]",425,-1
38443,[0.28419862 0.48031093],7,8,"[0.27392971195344684, 0.45973140540928376]",1799,-1
38444,[0.59783147 0.54479772],9,-1,-1,1292,-1
38445,[0.3509071  0.61139063],3,0,"[0.383291892093257, 0.5586820702346661]",-1,-1
38446,[0.46755504 0.30841972],6,-1,-1,-1,-1
38447,[0.29339241 0.36230977],6,-1,-1,-1,-1
38448,[0.27917703 0.4908899 ],7,8,"[0.27392971195344684, 0.45973140540928376]",1796,-1
38449,[0.28953057 0.41135029],2,8,"[0.27392971195344684, 0.45973140540928376]",-1,-1
38450,[0.59726153 0.57786867],9,2,"[0.5921204552873188, 0.6383928111301557]",1326,5
38451,[0.19146286 0.52403476],7,-1,-1,166,-1
38452,[0.46420255 0.36492268],6,-1,-1,442,-1
38453,[0.30760323 0.28170007],0,9,"[0.3110394802231661, 0.23517199738277297]",1614,-1
38454,[0.31364856 0.56699244],3,7,"[0.2817018170798153, 0.5849768676672948]",-1,-1
38455,[0.68834756 0.49775249],8,3,"[0.6815204869410737, 0.47689852788858716]",-1,2
38456,[0.37720122 0.29852238],0,1,"[0.3897435781344088, 0.3417040596068965]",-1,-1
38457,[0.64141003 0.64151873],5,2,"[0.5921204552873188, 0.6383928111301557]",-1,-1
38458,[0.34377113 0.65447044],4,-1,-1,730,-1
38459,[0.49075857 0.6067966 ],3,-1,-1,918,-1
38460,[0.31723155 0.63252732],4,7,"[0.2817018170798153, 0.5849768676672948]",-1,-1
38461,[0.68275923 0.48454708],8,3,"[0.6815204869410737, 0.47689852788858716]",-1,-1
38462,[0.37974566 0.60817258],4,0,"[0.383291892093257, 0.5586820702346661]",-1,-1
38463,[0.45139412 0.45061026],6,-1,-1,270,-1
38464,[0.36696683 0.4369327 ],2,-1,-1,879,-1
38465,[0.30110195 0.24471642],0,9,"[0.3110394802231661, 0.23517199738277297]",1174,-1
38466,[0.74305323 0.69600356],1,4,"[0.7726811996944247, 0.7249303226766757]",435,0
38467,[0.19132821 0.32375632],2,5,"[0.23231087327800656, 0.30304944505444303]",550,-1
38468,[0.65070158 0.5232669 ],8,3,"[0.6815204869410737, 0.47689852788858716]",-1,-1
38469,[0.29576157 0.21353938],0,9,"[0.3110394802231661, 0.23517199738277297]",1016,-1
38470,[0.35551921 0.55994602],4,0,"[0.383291892093257, 0.5586820702346661]",1952,-1
38471,[0.31050136 0.60480283],3,7,"[0.2817018170798153, 0.5849768676672948]",1726,-1
38472,[0.33231255 0.18642373],2,9,"[0.3110394802231661, 0.23517199738277297]",-1,-1
38473,[0.36889566 0.55841908],3,0,"[0.383291892093257, 0.5586820702346661]",1856,-1
38474,[0.79905554 0.73580799],1,4,"[0.7726811996944247, 0.7249303226766757]",433,0
38475,[0.32991523 0.56315507],4,7,"[0.2817018170798153, 0.5849768676672948]",-1,-1
38476,[0.33091386 0.30086971],2,9,"[0.3110394802231661, 0.23517199738277297]",1659,-1
38477,[0.58271839 0.5522077 ],9,6,"[0.5164739970238864, 0.5319253761973344]",-1,-1
38478,[0.61267328 0.58808009],9,2,"[0.5921204552873188, 0.6383928111301557]",-1,-1
38479,[0.45493454 0.36801539],2,-1,-1,441,-1
38480,[0.20566963 0.35758839],2,5,"[0.23231087327800656, 0.30304944505444303]",-1,-1
38481,[0.27193518 0.48780021],7,8,"[0.27392971195344684, 0.45973140540928376]",1797,-1
38482,[0.67744024 0.47298066],8,3,"[0.6815204869410737, 0.47689852788858716]",-1,-1
38483,[0.14731088 0.47088892],7,-1,-1,-1,-1
38484,[0.62400172 0.57883933],9,2,"[0.5921204552873188, 0.6383928111301557]",-1,-1
38485,[0.6041725  0.66030156],9,2,"[0.5921204552873188, 0.6383928111301557]",1120,-1
38486,[0.29693236 0.26563788],0,9,"[0.3110394802231661, 0.23517199738277297]",1496,-1
38487,[0.30319023 0.48193474],7,8,"[0.27392971195344684, 0.45973140540928376]",-1,-1
38488,[0.77143113 0.74942957],1,4,"[0.7726811996944247, 0.7249303226766757]",413,0
38489,[0.27141452 0.27624473],0,5,"[0.23231087327800656, 0.30304944505444303]",1636,-1
38490,[0.74825051 0.70309283],1,4,"[0.7726811996944247, 0.7249303226766757]",-1,0
38491,[0.50039251 0.35215679],6,-1,-1,-1,-1
38492,[0.31684157 0.56933056],4,7,"[0.2817018170798153, 0.5849768676672948]",1973,-1
38493,[0.27257863 0.31490176],2,5,"[0.23231087327800656, 0.30304944505444303]",1585,9
38494,[0.26594227 0.54122068],4,7,"[0.2817018170798153, 0.5849768676672948]",1743,-1
38495,[0.31929284 0.65510955],3,-1,-1,-1,-1
38496,[0.60424547 0.62363459],9,2,"[0.5921204552873188, 0.6383928111301557]",-1,-1
38497,[0.25712598 0.57062403],3,7,"[0.2817018170798153, 0.5849768676672948]",1562,-1
38498,[0.69975087 0.50208716],8,3,"[0.6815204869410737, 0.47689852788858716]",-1,-1
38499,[0.34469376 0.56609972],3,0,"[0.383291892093257, 0.5586820702346661]",-1,-1
38500,[0.3252042  0.53199011],3,0,"[0.383291892093257, 0.5586820702346661]",-1,-1
38501,[0.239741   0.59089428],4,7,"[0.2817018170798153, 0.5849768676672948]",-1,-1
38502,[0.4225796  0.47792827],4,-1,-1,-1,-1
38503,[0.30024376 0.4872723 ],7,8,"[0.27392971195344684, 0.45973140540928376]",1792,-1
38504,[0.70466274 0.61728874],9,-1,-1,276,-1
38505,[0.56454618 0.67942749],9,2,"[0.5921204552873188, 0.6383928111301557]",1034,-1
38506,[0.41250273 0.29377655],6,1,"[0.3897435781344088, 0.3417040596068965]",923,-1
38507,[0.28029039 0.65266647],4,7,"[0.2817018170798153, 0.5849768676672948]",187,-1
38508,[0.30792177 0.57337609],3,7,"[0.2817018170798153, 0.5849768676672948]",-1,-1
38509,[0.31509466 0.511673  ],7,8,"[0.27392971195344684, 0.45973140540928376]",1922,15
38510,[0.36171776 0.24803078],6,9,"[0.3110394802231661, 0.23517199738277297]",-1,-1
38511,[0.39572888 0.60355521],3,0,"[0.383291892093257, 0.5586820702346661]",-1,-1
38512,[0.42595043 0.37436527],6,1,"[0.3897435781344088, 0.3417040596068965]",681,-1
38513,[0.55835416 0.55642937],5,6,"[0.5164739970238864, 0.5319253761973344]",1403,-1
38514,[0.78958106 0.74907326],1,4,"[0.7726811996944247, 0.7249303226766757]",445,0
38515,[0.21758384 0.42954126],2,8,"[0.27392971195344684, 0.45973140540928376]",332,-1
38516,[0.70615634 0.61926553],9,-1,-1,-1,-1
38517,[0.3630184  0.21363409],0,9,"[0.3110394802231661, 0.23517199738277297]",-1,-1
38518,[0.32963384 0.59303748],7,7,"[0.2817018170798153, 0.5849768676672948]",1942,-1
38519,[0.26654882 0.48349692],7,8,"[0.27392971195344684, 0.45973140540928376]",-1,-1
38520,[0.34841117 0.3908486 ],6,1,"[0.3897435781344088, 0.3417040596068965]",994,-1
38521,[0.44528253 0.2725736 ],6,-1,-1,-1,-1
38522,[0.36713101 0.51857793],3,0,"[0.383291892093257, 0.5586820702346661]",1900,-1
38523,[0.54563195 0.55595329],5,6,"[0.5164739970238864, 0.5319253761973344]",1406,-1
38524,[0.78833514 0.79701348],1,-1,-1,318,0
38525,[0.30805013 0.41526977],7,8,"[0.27392971195344684, 0.45973140540928376]",-1,-1
38526,[0.67255952 0.41117751],8,3,"[0.6815204869410737, 0.47689852788858716]",592,-1
38527,[0.31817658 0.52441905],4,-1,-1,-1,-1
38528,[0.63785383 0.40893925],8,-1,-1,265,-1
38529,[0.32620801 0.35484599],2,1,"[0.3897435781344088, 0.3417040596068965]",-1,-1
38530,[0.56629687 0.56321574],5,6,"[0.5164739970238864, 0.5319253761973344]",1362,-1
38531,[0.35526651 0.60218695],4,0,"[0.383291892093257, 0.5586820702346661]",1818,-1
38532,[0.19465469 0.2421578 ],0,-1,-1,897,-1
38533,[0.25218265 0.35316963],6,5,"[0.23231087327800656, 0.30304944505444303]",-1,-1
38534,[0.62597167 0.58636051],9,2,"[0.5921204552873188, 0.6383928111301557]",-1,-1
38535,[0.63753733 0.50588511],8,3,"[0.6815204869410737, 0.47689852788858716]",866,1
38536,[0.29690964 0.5060059 ],4,8,"[0.27392971195344684, 0.45973140540928376]",-1,-1
38537,[0.67600602 0.43361795],8,3,"[0.6815204869410737, 0.47689852788858716]",612,-1
38538,[0.55694821 0.64231517],9,2,"[0.5921204552873188, 0.6383928111301557]",1278,-1
38539,[0.69838884 0.43532817],8,3,"[0.6815204869410737, 0.47689852788858716]",596,-1
38540,[0.1433113  0.59017158],7,-1,-1,-1,-1
38541,[0.35542319 0.30460988],6,1,"[0.3897435781344088, 0.3417040596068965]",1537,-1
38542,[0.41254859 0.4918448 ],4,-1,-1,-1,-1
38543,[0.40284946 0.3952464 ],6,1,"[0.3897435781344088, 0.3417040596068965]",762,-1
38544,[0.2409235  0.52031662],7,8,"[0.27392971195344684, 0.45973140540928376]",-1,-1
38545,[0.28615274 0.35039684],2,-1,-1,1584,-1
38546,[0.83725436 0.88741585],1,-1,-1,-1,-1
38547,[0.23700598 0.17267076],2,-1,-1,175,-1
38548,[0.38578334 0.37787456],2,1,"[0.3897435781344088, 0.3417040596068965]",-1,-1
38549,[0.57508425 0.63928724],9,2,"[0.5921204552873188, 0.6383928111301557]",1214,-1
38550,[0.34506523 0.34944154],2,1,"[0.3897435781344088, 0.3417040596068965]",1352,-1
38551,[0.83859851 0.76071424],1,-1,-1,297,0
38552,[0.2749342  0.32460148],0,5,"[0.23231087327800656, 0.30304944505444303]",1585,9
38553,[0.86595318 0.75135401],1,-1,-1,130,0
38554,[0.45388453 0.56753351],3,-1,-1,-1,-1
38555,[0.53581454 0.56402805],8,6,"[0.5164739970238864, 0.5319253761973344]",1360,-1
38556,[0.27510865 0.58144047],3,7,"[0.2817018170798153, 0.5849768676672948]",1670,-1
38557,[0.34548107 0.63210109],4,-1,-1,1048,-1
38558,[0.25077401 0.33020882],2,5,"[0.23231087327800656, 0.30304944505444303]",1502,-1
38559,[0.63517869 0.47614877],8,3,"[0.6815204869410737, 0.47689852788858716]",-1,-1
38560,[0.07299318 0.36522919],2,-1,-1,-1,-1
38561,[0.53149867 0.52456322],5,6,"[0.5164739970238864, 0.5319253761973344]",-1,-1
38562,[0.7232009  0.49287588],8,3,"[0.6815204869410737, 0.47689852788858716]",-1,-1
38563,[0.27274747 0.51398871],4,8,"[0.27392971195344684, 0.45973140540928376]",1887,-1
38564,[0.40823944 0.61693085],3,0,"[0.383291892093257, 0.5586820702346661]",-1,-1
38565,[0.36542738 0.34509427],2,1,"[0.3897435781344088, 0.3417040596068965]",-1,-1
38566,[0.23887529 0.32362893],2,5,"[0.23231087327800656, 0.30304944505444303]",-1,-1
38567,[0.43756042 0.50265416],5,-1,-1,-1,-1
38568,[0.31870813 0.22168498],6,9,"[0.3110394802231661, 0.23517199738277297]",-1,-1
38569,[0.3458383  0.65340916],3,-1,-1,730,-1
38570,[0.52053031 0.45759006],8,-1,-1,602,-1
38571,[0.32481407 0.52939802],3,0,"[0.383291892093257, 0.5586820702346661]",-1,-1
38572,[0.59648576 0.58398814],5,2,"[0.5921204552873188, 0.6383928111301557]",1326,5
38573,[0.47257857 0.53831868],5,6,"[0.5164739970238864, 0.5319253761973344]",962,-1
38574,[0.59936408 0.6518979 ],9,2,"[0.5921204552873188, 0.6383928111301557]",-1,-1
38575,[0.28886755 0.54815466],7,7,"[0.2817018170798153, 0.5849768676672948]",-1,-1
38576,[0.45151316 0.26094931],6,-1,-1,-1,-1
38577,[0.58242945 0.55209716],3,6,"[0.5164739970238864, 0.5319253761973344]",-1,-1
38578,[0.95469513 0.56505887],1,-1,-1,-1,-1
38579,[0.53659247 0.62078434],5,2,"[0.5921204552873188, 0.6383928111301557]",1270,-1
38580,[0.74054213 0.70675967],1,4,"[0.7726811996944247, 0.7249303226766757]",436,0
38581,[0.36850656 0.52422948],4,0,"[0.383291892093257, 0.5586820702346661]",-1,-1
38582,[0.60496272 0.45110611],5,-1,-1,616,-1
38583,[0.2793372  0.28048624],0,5,"[0.23231087327800656, 0.30304944505444303]",1675,-1
38584,[0.45504188 0.28828962],6,-1,-1,-1,-1
38585,[0.2593968 0.2326231],0,9,"[0.3110394802231661, 0.23517199738277297]",1137,-1
38586,[0.21029584 0.22383922],0,-1,-1,708,-1
38587,[0.6796593  0.48083237],8,3,"[0.6815204869410737, 0.47689852788858716]",-1,-1
38588,[0.5568405  0.71915982],9,-1,-1,245,-1
38589,[0.29426178 0.40598896],4,8,"[0.27392971195344684, 0.45973140540928376]",1074,-1
38590,[0.24921356 0.13840361],0,-1,-1,-1,-1
38591,[0.31472392 0.27488548],0,9,"[0.3110394802231661, 0.23517199738277297]",1506,-1
38592,[0.67453534 0.7157033 ],1,-1,-1,-1,0
38593,[0.3340936  0.58102616],4,7,"[0.2817018170798153, 0.5849768676672948]",1980,-1
38594,[0.62373569 0.552976  ],9,-1,-1,651,-1
38595,[0.27691066 0.49168717],3,8,"[0.27392971195344684, 0.45973140540928376]",-1,-1
38596,[0.82925838 0.68992245],1,4,"[0.7726811996944247, 0.7249303226766757]",-1,0
38597,[0.4876486 0.5727249],4,6,"[0.5164739970238864, 0.5319253761973344]",1225,-1
38598,[0.28657934 0.22748259],2,9,"[0.3110394802231661, 0.23517199738277297]",-1,-1
38599,[0.50477693 0.54867029],5,6,"[0.5164739970238864, 0.5319253761973344]",1186,-1
38600,[0.60316844 0.49958805],8,-1,-1,843,-1
38601,[0.21806784 0.52872563],7,-1,-1,1169,-1
38602,[0.31960233 0.54958241],7,7,"[0.2817018170798153, 0.5849768676672948]",-1,17
38603,[0.41582704 0.53999951],3,0,"[0.383291892093257, 0.5586820702346661]",1713,-1
38604,[0.38749814 0.53779809],3,0,"[0.383291892093257, 0.5586820702346661]",-1,-1
38605,[0.26846603 0.30132834],0,5,"[0.23231087327800656, 0.30304944505444303]",-1,-1
38606,[0.41322082 0.64815981],4,-1,-1,589,-1
38607,[0.36287912 0.45046962],2,-1,-1,-1,-1
38608,[0.5291297  0.58104851],5,6,"[0.5164739970238864, 0.5319253761973344]",-1,-1
38609,[0.28425257 0.40143748],6,8,"[0.27392971195344684, 0.45973140540928376]",-1,-1
38610,[0.19634109 0.50422962],7,-1,-1,211,-1
38611,[0.27660583 0.4943201 ],7,8,"[0.27392971195344684, 0.45973140540928376]",1794,-1
38612,[0.3316245  0.29519111],6,9,"[0.3110394802231661, 0.23517199738277297]",1658,10
38613,[0.33714433 0.63168952],3,-1,-1,1047,-1
38614,[0.32360397 0.68024801],3,-1,-1,156,-1
38615,[0.76660466 0.37214892],8,-1,-1,-1,-1
38616,[0.26817804 0.52182651],7,8,"[0.27392971195344684, 0.45973140540928376]",-1,-1
38617,[0.56989072 0.52765538],5,6,"[0.5164739970238864, 0.5319253761973344]",-1,-1
38618,[0.52733056 0.61181692],5,-1,-1,1145,-1
38619,[0.28734806 0.36108051],2,-1,-1,-1,-1
38620,[0.22750747 0.56573842],4,7,"[0.2817018170798153, 0.5849768676672948]",-1,-1
38621,[0.48592222 0.60665281],5,-1,-1,-1,-1
38622,[0.19214726 0.24778183],0,5,"[0.23231087327800656, 0.30304944505444303]",676,-1
38623,[0.3125401  0.36212894],6,-1,-1,-1,-1
38624,[0.77707431 0.80705189],1,-1,-1,-1,0
38625,[0.50037423 0.53247693],5,6,"[0.5164739970238864, 0.5319253761973344]",1186,-1
38626,[0.24559179 0.53049378],7,7,"[0.2817018170798153, 0.5849768676672948]",1488,-1
38627,[0.4964618  0.67668861],9,-1,-1,304,-1
38628,[0.20120334 0.28623294],2,5,"[0.23231087327800656, 0.30304944505444303]",-1,-1
38629,[0.26215897 0.47650837],4,8,"[0.27392971195344684, 0.45973140540928376]",1600,-1
38630,[0.25142574 0.37576477],0,-1,-1,-1,-1
38631,[0.66122519 0.74768607],9,-1,-1,109,0
38632,[0.50658174 0.60155196],3,-1,-1,1218,-1
38633,[0.42334578 0.44347777],6,-1,-1,-1,-1
38634,[0.65395707 0.65364606],8,2,"[0.5921204552873188, 0.6383928111301557]",635,-1
38635,[0.21112676 0.53706738],7,-1,-1,-1,-1
38636,[0.62584789 0.46579863],8,3,"[0.6815204869410737, 0.47689852788858716]",626,-1
38637,[0.16781664 0.27758388],0,5,"[0.23231087327800656, 0.30304944505444303]",-1,-1
38638,[0.47614221 0.42293446],6,-1,-1,-1,-1
38639,[0.27387878 0.2838141 ],0,5,"[0.23231087327800656, 0.30304944505444303]",1675,11
38640,[0.2184823  0.51591384],4,-1,-1,1089,-1
38641,[0.57434965 0.686495  ],9,2,"[0.5921204552873188, 0.6383928111301557]",915,-1
38642,[0.36305735 0.5291583 ],3,0,"[0.383291892093257, 0.5586820702346661]",1934,-1
38643,[0.31837724 0.36487048],6,-1,-1,1485,-1
38644,[0.35523278 0.68003252],4,-1,-1,-1,-1
38645,[0.39134875 0.30903011],6,1,"[0.3897435781344088, 0.3417040596068965]",-1,-1
38646,[0.30558738 0.64356616],4,7,"[0.2817018170798153, 0.5849768676672948]",590,-1
38647,[0.26212189 0.55395139],7,7,"[0.2817018170798153, 0.5849768676672948]",1704,-1
38648,[0.25086965 0.23111419],0,9,"[0.3110394802231661, 0.23517199738277297]",985,-1
38649,[0.29699212 0.27010862],2,9,"[0.3110394802231661, 0.23517199738277297]",-1,-1
38650,[0.46900112 0.37430659],6,-1,-1,320,-1
38651,[0.58977121 0.74826699],9,-1,-1,123,-1
38652,[0.30630171 0.26114003],2,9,"[0.3110394802231661, 0.23517199738277297]",-1,-1
38653,[0.36576022 0.60825442],4,0,"[0.383291892093257, 0.5586820702346661]",1752,-1
38654,[0.2660443  0.54554526],3,7,"[0.2817018170798153, 0.5849768676672948]",-1,-1
38655,[0.31220656 0.39187853],2,-1,-1,-1,-1
38656,[0.31195502 0.54897788],7,7,"[0.2817018170798153, 0.5849768676672948]",-1,17
38657,[0.34373663 0.56515209],7,0,"[0.383291892093257, 0.5586820702346661]",1902,-1
38658,[0.26840902 0.40932311],2,8,"[0.27392971195344684, 0.45973140540928376]",1007,-1
38659,[0.43054211 0.39899353],6,-1,-1,-1,-1
38660,[0.53301595 0.60512994],5,2,"[0.5921204552873188, 0.6383928111301557]",1203,-1
38661,[0.43947019 0.38147543],6,1,"[0.3897435781344088, 0.3417040596068965]",741,-1
38662,[0.39781393 0.29717244],6,1,"[0.3897435781344088, 0.3417040596068965]",-1,-1
38663,[0.4239649  0.24756791],6,-1,-1,-1,-1
38664,[0.82086253 0.7328359 ],1,4,"[0.7726811996944247, 0.7249303226766757]",-1,0
38665,[0.64213214 0.66148119],9,2,"[0.5921204552873188, 0.6383928111301557]",646,-1
38666,[0.23467419 0.26861609],2,5,"[0.23231087327800656, 0.30304944505444303]",-1,-1
38667,[0.31618259 0.39352243],2,-1,-1,1425,-1
38668,[0.33675597 0.28943416],2,9,"[0.3110394802231661, 0.23517199738277297]",1651,-1
38669,[0.20237127 0.44235832],2,-1,-1,-1,-1
38670,[0.57552126 0.71134886],9,-1,-1,512,-1
38671,[0.43887107 0.38745264],6,1,"[0.3897435781344088, 0.3417040596068965]",-1,-1
38672,[0.37885568 0.33655382],6,1,"[0.3897435781344088, 0.3417040596068965]",-1,-1
38673,[0.37174774 0.51054258],7,0,"[0.383291892093257, 0.5586820702346661]",-1,-1
38674,[0.54035583 0.43208148],5,-1,-1,146,-1
38675,[0.60397397 0.63553857],9,2,"[0.5921204552873188, 0.6383928111301557]",1332,-1
38676,[0.72001594 0.56924967],9,-1,-1,-1,-1
38677,[0.78775861 0.70055663],1,4,"[0.7726811996944247, 0.7249303226766757]",-1,0
38678,[0.50308251 0.58179264],5,6,"[0.5164739970238864, 0.5319253761973344]",-1,-1
38679,[0.19660968 0.40195977],2,-1,-1,201,-1
38680,[0.39910986 0.53816166],4,0,"[0.383291892093257, 0.5586820702346661]",-1,-1
38681,[0.31333395 0.25296566],0,9,"[0.3110394802231661, 0.23517199738277297]",1499,-1
38682,[0.76795703 0.51951929],8,-1,-1,-1,-1
38683,[0.28253679 0.55353423],7,7,"[0.2817018170798153, 0.5849768676672948]",1917,-1
38684,[0.41916829 0.30181882],6,1,"[0.3897435781344088, 0.3417040596068965]",-1,-1
38685,[0.37952364 0.57069171],7,0,"[0.383291892093257, 0.5586820702346661]",1845,-1
38686,[0.44813244 0.29866142],0,-1,-1,472,-1
38687,[0.64594932 0.44829042],8,3,"[0.6815204869410737, 0.47689852788858716]",799,-1
38688,[0.72633302 0.63512819],1,-1,-1,184,0
38689,[0.19492937 0.64674387],7,-1,-1,19,-1
38690,[0.58681335 0.61076187],9,2,"[0.5921204552873188, 0.6383928111301557]",-1,6
38691,[0.81861732 0.63761367],1,-1,-1,95,0
38692,[0.3171761  0.54882554],3,7,"[0.2817018170798153, 0.5849768676672948]",1989,17
38693,[0.28880398 0.64398725],7,7,"[0.2817018170798153, 0.5849768676672948]",738,-1
38694,[0.42313943 0.29451625],6,1,"[0.3897435781344088, 0.3417040596068965]",775,-1
38695,[0.39214766 0.61661577],4,0,"[0.383291892093257, 0.5586820702346661]",1721,-1
38696,[0.28663948 0.41893213],7,8,"[0.27392971195344684, 0.45973140540928376]",1075,-1
38697,[0.63113948 0.45750519],8,3,"[0.6815204869410737, 0.47689852788858716]",-1,-1
38698,[0.82271184 0.61944251],1,-1,-1,-1,-1
38699,[0.51195444 0.57076502],3,6,"[0.5164739970238864, 0.5319253761973344]",-1,-1
38700,[0.64101795 0.63284315],9,2,"[0.5921204552873188, 0.6383928111301557]",-1,-1
38701,[0.32531478 0.45726076],7,8,"[0.27392971195344684, 0.45973140540928376]",-1,-1
38702,[0.28226347 0.51765914],3,8,"[0.27392971195344684, 0.45973140540928376]",1886,14
38703,[0.50790801 0.36028695],6,-1,-1,-1,-1
38704,[0.28644676 0.16573291],0,-1,-1,-1,-1
38705,[0.7450354  0.75537917],1,4,"[0.7726811996944247, 0.7249303226766757]",-1,0
38706,[0.45095671 0.46768612],4,-1,-1,-1,-1
38707,[0.68130282 0.56876453],8,-1,-1,464,-1
38708,[0.77969441 0.71568949],1,4,"[0.7726811996944247, 0.7249303226766757]",477,0
38709,[0.50744489 0.67817774],5,-1,-1,-1,-1
38710,[0.62190508 0.45374112],9,3,"[0.6815204869410737, 0.47689852788858716]",620,-1
38711,[0.24202491 0.33791247],0,5,"[0.23231087327800656, 0.30304944505444303]",-1,-1
38712,[0.74062128 0.75382307],1,4,"[0.7726811996944247, 0.7249303226766757]",418,0
38713,[0.36559365 0.54720769],3,0,"[0.383291892093257, 0.5586820702346661]",1790,-1
38714,[0.61526659 0.61630296],9,2,"[0.5921204552873188, 0.6383928111301557]",-1,-1
38715,[0.38708714 0.42039897],7,-1,-1,-1,-1
38716,[0.42638545 0.58927475],5,0,"[0.383291892093257, 0.5586820702346661]",-1,-1
38717,[0.37740113 0.62694429],3,0,"[0.383291892093257, 0.5586820702346661]",679,-1
38718,[0.75135901 0.79287048],1,-1,-1,-1,0
38719,[0.36487859 0.55662154],4,0,"[0.383291892093257, 0.5586820702346661]",-1,-1
38720,[0.27959461 0.49294195],7,8,"[0.27392971195344684, 0.45973140540928376]",-1,-1
38721,[0.31561897 0.34069344],2,-1,-1,1623,8
38722,[0.41927956 0.46985616],7,-1,-1,716,-1
38723,[0.31812838 0.58346431],4,7,"[0.2817018170798153, 0.5849768676672948]",1963,-1
38724,[0.70420778 0.68500708],1,-1,-1,339,0
38725,[0.23234919 0.28194117],0,5,"[0.23231087327800656, 0.30304944505444303]",1531,-1
38726,[0.33643015 0.37483434],7,1,"[0.3897435781344088, 0.3417040596068965]",1348,-1
38727,[0.32803583 0.60046921],3,7,"[0.2817018170798153, 0.5849768676672948]",-1,-1
38728,[0.66429113 0.45187852],8,3,"[0.6815204869410737, 0.47689852788858716]",733,-1
38729,[0.15304542 0.35389809],0,-1,-1,64,-1
38730,[0.69499932 0.65705637],1,-1,-1,414,0
38731,[0.32443364 0.37032372],4,-1,-1,1392,-1
38732,[0.51270466 0.53832808],5,6,"[0.5164739970238864, 0.5319253761973344]",1182,3
38733,[0.16740848 0.28153027],0,5,"[0.23231087327800656, 0.30304944505444303]",-1,-1
38734,[0.17165962 0.26787887],0,-1,-1,-1,-1
38735,[0.21386132 0.3812876 ],2,-1,-1,-1,-1
38736,[0.35628616 0.6089423 ],4,0,"[0.383291892093257, 0.5586820702346661]",1829,-1
38737,[0.23314259 0.36107028],0,5,"[0.23231087327800656, 0.30304944505444303]",-1,-1
38738,[0.74689594 0.74174059],1,4,"[0.7726811996944247, 0.7249303226766757]",453,0
38739,[0.27762108 0.60691805],3,7,"[0.2817018170798153, 0.5849768676672948]",1032,-1
38740,[0.71475578 0.75952354],1,4,"[0.7726811996944247, 0.7249303226766757]",-1,0
38741,[0.44976593 0.52859494],3,6,"[0.5164739970238864, 0.5319253761973344]",1306,-1
38742,[0.29758687 0.57426595],4,7,"[0.2817018170798153, 0.5849768676672948]",1839,-1
38743,[0.27828789 0.36559574],2,-1,-1,1265,-1
38744,[0.50632398 0.3680476 ],6,-1,-1,-1,-1
38745,[0.64190901 0.40655521],8,-1,-1,265,-1
38746,[0.35292736 0.51882332],4,0,"[0.383291892093257, 0.5586820702346661]",-1,-1
38747,[0.50728792 0.71673975],9,-1,-1,-1,-1
38748,[0.22902275 0.61179209],4,7,"[0.2817018170798153, 0.5849768676672948]",-1,-1
38749,[0.6681538  0.71874701],1,-1,-1,253,-1
38750,[0.6837581  0.38217503],8,-1,-1,159,-1
38751,[0.41574999 0.4667813 ],4,-1,-1,-1,-1
38752,[0.21834488 0.15005656],0,-1,-1,-1,-1
38753,[0.27237075 0.32221353],6,5,"[0.23231087327800656, 0.30304944505444303]",1585,9
38754,[0.36240713 0.60595415],4,0,"[0.383291892093257, 0.5586820702346661]",-1,-1
38755,[0.35241794 0.31587382],0,1,"[0.3897435781344088, 0.3417040596068965]",1526,-1
38756,[0.68312836 0.49863354],8,3,"[0.6815204869410737, 0.47689852788858716]",-1,2
38757,[0.30452487 0.65821999],4,-1,-1,558,-1
38758,[0.48227844 0.59416748],5,-1,-1,1153,-1
38759,[0.30748338 0.17447631],0,9,"[0.3110394802231661, 0.23517199738277297]",-1,-1
38760,[0.285946   0.22700968],0,9,"[0.3110394802231661, 0.23517199738277297]",-1,-1
38761,[0.60045714 0.58875721],9,2,"[0.5921204552873188, 0.6383928111301557]",-1,-1
38762,[0.49226633 0.54952232],5,6,"[0.5164739970238864, 0.5319253761973344]",-1,-1
38763,[0.35104432 0.63378488],3,-1,-1,-1,-1
38764,[0.58172137 0.38210187],8,-1,-1,-1,-1
38765,[0.37432881 0.58721756],3,0,"[0.383291892093257, 0.5586820702346661]",1846,12
38766,[0.64480294 0.36892833],8,-1,-1,112,-1
38767,[0.82528345 0.72250254],1,4,"[0.7726811996944247, 0.7249303226766757]",-1,0
38768,[0.47469712 0.36682138],6,-1,-1,-1,-1
38769,[0.37001773 0.35264012],6,1,"[0.3897435781344088, 0.3417040596068965]",1245,-1
38770,[0.83429234 0.67195925],1,-1,-1,307,0
38771,[0.63579839 0.68671832],9,2,"[0.5921204552873188, 0.6383928111301557]",-1,-1
38772,[0.54926415 0.3948571 ],8,-1,-1,-1,-1
38773,[0.23040137 0.34340869],0,5,"[0.23231087327800656, 0.30304944505444303]",-1,-1
38774,[0.72681812 0.66838957],1,-1,-1,-1,0
38775,[0.66567789 0.48080041],8,3,"[0.6815204869410737, 0.47689852788858716]",829,-1
38776,[0.31869698 0.4990997 ],4,8,"[0.27392971195344684, 0.45973140540928376]",-1,-1
38777,[0.33743912 0.56918667],4,0,"[0.383291892093257, 0.5586820702346661]",-1,-1
38778,[0.67562693 0.67379681],9,-1,-1,385,-1
38779,[0.61018    0.59850125],9,2,"[0.5921204552873188, 0.6383928111301557]",-1,6
38780,[0.53072469 0.63810645],5,2,"[0.5921204552873188, 0.6383928111301557]",-1,-1
38781,[0.62290461 0.53407633],5,-1,-1,774,-1
38782,[0.39134529 0.39967233],6,1,"[0.3897435781344088, 0.3417040596068965]",-1,-1
38783,[0.32368741 0.3898809 ],2,-1,-1,1426,-1
38784,[0.62909428 0.55862616],5,-1,-1,-1,-1
38785,[0.30781022 0.45734764],7,8,"[0.27392971195344684, 0.45973140540928376]",-1,-1
38786,[0.47980859 0.62657062],9,-1,-1,-1,-1
38787,[0.32216156 0.56004626],7,7,"[0.2817018170798153, 0.5849768676672948]",1977,17
38788,[0.63927592 0.5587029 ],8,-1,-1,-1,-1
38789,[0.37304568 0.49845092],7,0,"[0.383291892093257, 0.5586820702346661]",-1,-1
38790,[0.74527655 0.51774129],8,-1,-1,-1,-1
38791,[0.2857137 0.3173282],0,5,"[0.23231087327800656, 0.30304944505444303]",-1,-1
38792,[0.78662488 0.73985339],1,4,"[0.7726811996944247, 0.7249303226766757]",471,0
38793,[0.34046398 0.60062848],3,0,"[0.383291892093257, 0.5586820702346661]",-1,-1
38794,[0.26581542 0.50972337],7,8,"[0.27392971195344684, 0.45973140540928376]",1789,-1
38795,[0.41479749 0.51625603],3,0,"[0.383291892093257, 0.5586820702346661]",-1,-1
38796,[0.3283984  0.49026515],4,8,"[0.27392971195344684, 0.45973140540928376]",1827,-1
38797,[0.29597718 0.24984361],0,9,"[0.3110394802231661, 0.23517199738277297]",1465,-1
38798,[0.68423838 0.82452024],1,-1,-1,-1,-1
38799,[0.40956952 0.34837879],6,1,"[0.3897435781344088, 0.3417040596068965]",-1,-1
38800,[0.24253525 0.41846549],7,8,"[0.27392971195344684, 0.45973140540928376]",691,-1
38801,[0.47133458 0.5197598 ],5,6,"[0.5164739970238864, 0.5319253761973344]",1002,-1
38802,[0.31315834 0.22630007],0,9,"[0.3110394802231661, 0.23517199738277297]",-1,-1
38803,[0.36432899 0.59414851],4,0,"[0.383291892093257, 0.5586820702346661]",1836,-1
38804,[0.63760873 0.55528564],5,-1,-1,1104,-1
38805,[0.34683871 0.3273389 ],0,1,"[0.3897435781344088, 0.3417040596068965]",1413,-1
38806,[0.28350144 0.53871308],7,7,"[0.2817018170798153, 0.5849768676672948]",1894,-1
38807,[0.58701895 0.63122906],5,2,"[0.5921204552873188, 0.6383928111301557]",-1,-1
38808,[0.39495876 0.38937484],2,1,"[0.3897435781344088, 0.3417040596068965]",-1,-1
38809,[0.26471795 0.26689873],0,5,"[0.23231087327800656, 0.30304944505444303]",1505,-1
38810,[0.23955283 0.67902366],4,-1,-1,37,-1
38811,[0.83882544 0.73971819],1,4,"[0.7726811996944247, 0.7249303226766757]",342,0
38812,[0.60939705 0.59610818],9,2,"[0.5921204552873188, 0.6383928111301557]",1323,-1
38813,[0.60725834 0.65736286],9,2,"[0.5921204552873188, 0.6383928111301557]",-1,-1
38814,[0.68316206 0.75868669],1,-1,-1,-1,0
38815,[0.30568153 0.38220484],2,-1,-1,-1,-1
38816,[0.70322167 0.6589828 ],9,-1,-1,414,0
38817,[0.57404308 0.50315104],5,6,"[0.5164739970238864, 0.5319253761973344]",-1,-1
38818,[0.49666053 0.47101927],5,6,"[0.5164739970238864, 0.5319253761973344]",-1,-1
38819,[0.45198812 0.49938405],3,-1,-1,859,-1
38820,[0.6449693  0.66791172],1,2,"[0.5921204552873188, 0.6383928111301557]",-1,-1
38821,[0.35544664 0.55896828],3,0,"[0.383291892093257, 0.5586820702346661]",1952,-1
38822,[0.80569012 0.70705057],1,4,"[0.7726811996944247, 0.7249303226766757]",-1,0
38823,[0.33062394 0.51922915],4,0,"[0.383291892093257, 0.5586820702346661]",1904,-1
38824,[0.74149456 0.71274258],1,4,"[0.7726811996944247, 0.7249303226766757]",-1,0
38825,[0.83957855 0.71895494],1,4,"[0.7726811996944247, 0.7249303226766757]",311,0
38826,[0.32324037 0.5111854 ],4,-1,-1,1920,-1
38827,[0.26050855 0.29764963],2,5,"[0.23231087327800656, 0.30304944505444303]",1649,-1
38828,[0.65620393 0.53094605],5,3,"[0.6815204869410737, 0.47689852788858716]",-1,-1
38829,[0.29232586 0.48401446],7,8,"[0.27392971195344684, 0.45973140540928376]",1798,-1
38830,[0.58736399 0.70625047],9,2,"[0.5921204552873188, 0.6383928111301557]",523,-1
38831,[0.70894565 0.52147612],8,3,"[0.6815204869410737, 0.47689852788858716]",569,-1
38832,[0.36991991 0.42794742],6,-1,-1,683,-1
38833,[0.39056142 0.59808939],3,0,"[0.383291892093257, 0.5586820702346661]",-1,-1
38834,[0.33996994 0.49225683],7,-1,-1,1880,-1
38835,[0.20914627 0.55010221],7,-1,-1,644,-1
38836,[0.36186211 0.15945026],0,-1,-1,-1,-1
38837,[0.23540883 0.34338217],2,5,"[0.23231087327800656, 0.30304944505444303]",1522,-1
38838,[0.58879789 0.60279208],9,2,"[0.5921204552873188, 0.6383928111301557]",-1,-1
38839,[0.32087977 0.54179319],7,7,"[0.2817018170798153, 0.5849768676672948]",-1,-1
38840,[0.31674491 0.62330338],4,7,"[0.2817018170798153, 0.5849768676672948]",1395,-1
38841,[0.70481574 0.50923966],8,3,"[0.6815204869410737, 0.47689852788858716]",739,-1
38842,[0.21384785 0.27489828],0,5,"[0.23231087327800656, 0.30304944505444303]",-1,-1
38843,[0.68851997 0.7927364 ],9,-1,-1,104,-1
38844,[0.36489454 0.48542232],4,-1,-1,1561,-1
38845,[0.47808711 0.49231146],5,6,"[0.5164739970238864, 0.5319253761973344]",875,-1
38846,[0.63082125 0.57042881],9,-1,-1,1195,-1
38847,[0.34240581 0.43792662],7,-1,-1,-1,-1
38848,[0.6040267 0.6651333],9,2,"[0.5921204552873188, 0.6383928111301557]",1120,-1
38849,[0.15853754 0.32051319],2,-1,-1,203,-1
38850,[0.63204375 0.51854304],9,3,"[0.6815204869410737, 0.47689852788858716]",-1,-1
38851,[0.37256896 0.30008714],0,1,"[0.3897435781344088, 0.3417040596068965]",-1,-1
38852,[0.51469048 0.5598732 ],5,6,"[0.5164739970238864, 0.5319253761973344]",-1,-1
38853,[0.28874922 0.64161616],4,7,"[0.2817018170798153, 0.5849768676672948]",738,-1
38854,[0.54329837 0.54479878],5,6,"[0.5164739970238864, 0.5319253761973344]",1402,-1
38855,[0.40177553 0.22555751],0,-1,-1,204,-1
38856,[0.78521866 0.84740625],1,-1,-1,21,-1
38857,[0.308438   0.48220198],3,8,"[0.27392971195344684, 0.45973140540928376]",1873,-1
38858,[0.3751432  0.54629277],3,0,"[0.383291892093257, 0.5586820702346661]",-1,-1
38859,[0.30979643 0.28186604],0,9,"[0.3110394802231661, 0.23517199738277297]",1614,-1
38860,[0.29714735 0.32287847],2,5,"[0.23231087327800656, 0.30304944505444303]",1661,-1
38861,[0.31584884 0.69636786],4,-1,-1,48,-1
38862,[0.52580925 0.56723465],5,6,"[0.5164739970238864, 0.5319253761973344]",1371,-1
38863,[0.38835306 0.50194761],4,0,"[0.383291892093257, 0.5586820702346661]",-1,-1
38864,[0.24985304 0.55941048],7,7,"[0.2817018170798153, 0.5849768676672948]",-1,-1
38865,[0.68793187 0.47376089],8,3,"[0.6815204869410737, 0.47689852788858716]",809,2
38866,[0.40701185 0.51217964],4,0,"[0.383291892093257, 0.5586820702346661]",-1,-1
38867,[0.34086218 0.51648746],3,0,"[0.383291892093257, 0.5586820702346661]",-1,-1
38868,[0.31916296 0.26568182],0,9,"[0.3110394802231661, 0.23517199738277297]",-1,-1
38869,[0.75262597 0.65985666],1,4,"[0.7726811996944247, 0.7249303226766757]",-1,0
38870,[0.58985368 0.63266467],5,2,"[0.5921204552873188, 0.6383928111301557]",1337,-1
38871,[0.6462293  0.63766646],9,2,"[0.5921204552873188, 0.6383928111301557]",939,-1
38872,[0.71878993 0.44823048],8,3,"[0.6815204869410737, 0.47689852788858716]",693,-1
38873,[0.34799707 0.51906197],4,0,"[0.383291892093257, 0.5586820702346661]",-1,-1
38874,[0.34466439 0.2942182 ],2,1,"[0.3897435781344088, 0.3417040596068965]",1666,-1
38875,[0.35107485 0.57177724],4,0,"[0.383291892093257, 0.5586820702346661]",1859,-1
38876,[0.6734387  0.45277368],8,3,"[0.6815204869410737, 0.47689852788858716]",694,-1
38877,[0.32329708 0.55919962],3,7,"[0.2817018170798153, 0.5849768676672948]",1977,17
38878,[0.41373562 0.38705324],6,1,"[0.3897435781344088, 0.3417040596068965]",-1,-1
38879,[0.47988863 0.56131633],5,6,"[0.5164739970238864, 0.5319253761973344]",-1,-1
38880,[0.30669214 0.6688901 ],4,-1,-1,-1,-1
38881,[0.32047671 0.31598892],2,-1,-1,1673,-1
38882,[0.6821148  0.53121899],8,3,"[0.6815204869410737, 0.47689852788858716]",-1,-1
38883,[0.68287353 0.76352129],1,-1,-1,-1,0
38884,[0.47831945 0.58457893],4,6,"[0.5164739970238864, 0.5319253761973344]",-1,-1
38885,[0.39523233 0.60876792],3,0,"[0.383291892093257, 0.5586820702346661]",-1,-1
38886,[0.20796341 0.46229489],7,8,"[0.27392971195344684, 0.45973140540928376]",330,-1
38887,[0.34526632 0.61355716],3,0,"[0.383291892093257, 0.5586820702346661]",1830,-1
38888,[0.24834464 0.22108386],0,9,"[0.3110394802231661, 0.23517199738277297]",985,-1
38889,[0.26058764 0.38101975],2,-1,-1,-1,-1
38890,[0.3086198  0.52273769],4,7,"[0.2817018170798153, 0.5849768676672948]",1918,-1
38891,[0.60864351 0.60568023],9,2,"[0.5921204552873188, 0.6383928111301557]",-1,-1
38892,[0.76698669 0.7226077 ],1,4,"[0.7726811996944247, 0.7249303226766757]",469,0
38893,[0.46293555 0.53296563],5,6,"[0.5164739970238864, 0.5319253761973344]",1299,-1
38894,[0.37139344 0.55542344],7,0,"[0.383291892093257, 0.5586820702346661]",-1,-1
38895,[0.54536429 0.64733703],9,2,"[0.5921204552873188, 0.6383928111301557]",-1,-1
38896,[0.28391091 0.41338013],7,8,"[0.27392971195344684, 0.45973140540928376]",-1,-1
38897,[0.34385226 0.66862886],3,-1,-1,298,-1
38898,[0.37087637 0.47746022],3,-1,-1,1211,-1
38899,[0.38666033 0.29952879],6,1,"[0.3897435781344088, 0.3417040596068965]",-1,-1
38900,[0.62659775 0.64337665],9,2,"[0.5921204552873188, 0.6383928111301557]",1163,-1
38901,[0.85749869 0.72570504],1,-1,-1,-1,0
38902,[0.52593578 0.5712828 ],9,6,"[0.5164739970238864, 0.5319253761973344]",-1,-1
38903,[0.18196748 0.26963214],0,5,"[0.23231087327800656, 0.30304944505444303]",458,-1
38904,[0.2396242  0.58383944],3,7,"[0.2817018170798153, 0.5849768676672948]",-1,-1
38905,[0.27309797 0.28566722],6,5,"[0.23231087327800656, 0.30304944505444303]",-1,-1
38906,[0.31677807 0.44024218],7,8,"[0.27392971195344684, 0.45973140540928376]",-1,-1
38907,[0.55684691 0.5890232 ],9,2,"[0.5921204552873188, 0.6383928111301557]",-1,-1
38908,[0.29230349 0.35501817],6,-1,-1,1479,-1
38909,[0.3883321  0.20281962],2,-1,-1,174,-1
38910,[0.51958516 0.68210711],9,-1,-1,-1,-1
38911,[0.23880751 0.4323876 ],4,8,"[0.27392971195344684, 0.45973140540928376]",689,-1
38912,[0.39191651 0.4785916 ],4,-1,-1,-1,-1
38913,[0.44133894 0.46135509],3,-1,-1,-1,-1
38914,[0.2842691 0.2697073],0,9,"[0.3110394802231661, 0.23517199738277297]",1627,-1
38915,[0.46161533 0.59822184],5,-1,-1,-1,4
38916,[0.70998258 0.58059884],8,-1,-1,229,-1
38917,[0.64015705 0.59475389],9,2,"[0.5921204552873188, 0.6383928111301557]",1187,-1
38918,[0.17589264 0.24016515],0,-1,-1,-1,-1
38919,[0.79212176 0.77778788],1,4,"[0.7726811996944247, 0.7249303226766757]",-1,0
38920,[0.22968686 0.42918602],2,8,"[0.27392971195344684, 0.45973140540928376]",-1,-1
38921,[0.27490901 0.28174981],0,5,"[0.23231087327800656, 0.30304944505444303]",1675,11
38922,[0.41602212 0.30069029],6,1,"[0.3897435781344088, 0.3417040596068965]",889,-1
38923,[0.39052801 0.6123488 ],4,0,"[0.383291892093257, 0.5586820702346661]",1721,-1
38924,[0.3201928  0.57688261],4,7,"[0.2817018170798153, 0.5849768676672948]",1962,-1
38925,[0.55170735 0.57345056],5,6,"[0.5164739970238864, 0.5319253761973344]",-1,6
38926,[0.27418663 0.15296883],0,-1,-1,-1,-1
38927,[0.59310068 0.60300506],9,2,"[0.5921204552873188, 0.6383928111301557]",1428,-1
38928,[0.54338305 0.41953392],5,-1,-1,-1,-1
38929,[0.6327006  0.57006607],9,-1,-1,1195,-1
38930,[0.25881232 0.33730829],2,5,"[0.23231087327800656, 0.30304944505444303]",1538,-1
38931,[0.35155437 0.37685264],6,1,"[0.3897435781344088, 0.3417040596068965]",1078,-1
38932,[0.62829279 0.57056674],5,-1,-1,1195,-1
38933,[0.65662498 0.44525068],8,3,"[0.6815204869410737, 0.47689852788858716]",732,-1
38934,[0.34169131 0.26431479],0,9,"[0.3110394802231661, 0.23517199738277297]",958,-1
38935,[0.42256811 0.49595675],4,-1,-1,-1,-1
38936,[0.25986861 0.37014358],2,-1,-1,-1,-1
38937,[0.37946244 0.41689984],6,-1,-1,-1,-1
38938,[0.69341761 0.38588905],8,-1,-1,217,-1
38939,[0.36236863 0.66648306],4,-1,-1,-1,-1
38940,[0.3979794  0.36401823],6,1,"[0.3897435781344088, 0.3417040596068965]",1061,-1
38941,[0.29688602 0.37894877],0,-1,-1,1208,-1
38942,[0.51500606 0.50082605],5,6,"[0.5164739970238864, 0.5319253761973344]",661,-1
38943,[0.29451374 0.17442064],2,9,"[0.3110394802231661, 0.23517199738277297]",-1,-1
38944,[0.24693362 0.42504372],2,8,"[0.27392971195344684, 0.45973140540928376]",699,-1
38945,[0.4654115  0.60751669],5,-1,-1,-1,-1
38946,[0.82502843 0.8384426 ],1,-1,-1,-1,-1
38947,[0.2554115  0.21309916],0,9,"[0.3110394802231661, 0.23517199738277297]",-1,-1
38948,[0.39044292 0.55229837],4,0,"[0.383291892093257, 0.5586820702346661]",-1,-1
38949,[0.63085883 0.42674269],8,-1,-1,-1,-1
38950,[0.25927896 0.39898516],0,8,"[0.27392971195344684, 0.45973140540928376]",-1,-1
38951,[0.76462788 0.47973281],8,-1,-1,186,-1
38952,[0.60932892 0.51775679],8,-1,-1,-1,-1
38953,[0.41517545 0.56490203],4,0,"[0.383291892093257, 0.5586820702346661]",1736,-1
38954,[0.35145925 0.58873236],3,0,"[0.383291892093257, 0.5586820702346661]",-1,-1
38955,[0.54961882 0.55423275],5,6,"[0.5164739970238864, 0.5319253761973344]",1406,6
38956,[0.41162787 0.61230286],3,0,"[0.383291892093257, 0.5586820702346661]",-1,-1
38957,[0.27351921 0.57567006],4,7,"[0.2817018170798153, 0.5849768676672948]",1668,-1
38958,[0.21714719 0.37300158],6,-1,-1,-1,-1
38959,[0.8217951 0.7146895],1,4,"[0.7726811996944247, 0.7249303226766757]",360,0
38960,[0.21245389 0.30619591],2,5,"[0.23231087327800656, 0.30304944505444303]",-1,-1
38961,[0.39648075 0.56806647],7,0,"[0.383291892093257, 0.5586820702346661]",-1,-1
38962,[0.24064991 0.28943396],0,5,"[0.23231087327800656, 0.30304944505444303]",-1,-1
38963,[0.49677763 0.39220646],5,-1,-1,-1,-1
38964,[0.24972604 0.53398062],4,7,"[0.2817018170798153, 0.5849768676672948]",1482,-1
38965,[0.30521248 0.26639192],2,9,"[0.3110394802231661, 0.23517199738277297]",1511,-1
38966,[0.63606477 0.56654321],9,-1,-1,1103,-1
38967,[0.25483797 0.5458488 ],7,7,"[0.2817018170798153, 0.5849768676672948]",-1,-1
38968,[0.22743212 0.36363769],2,5,"[0.23231087327800656, 0.30304944505444303]",1126,-1
38969,[0.25417466 0.41208686],0,8,"[0.27392971195344684, 0.45973140540928376]",-1,-1
38970,[0.29287709 0.47586428],7,8,"[0.27392971195344684, 0.45973140540928376]",1731,-1
38971,[0.41604245 0.52135921],3,0,"[0.383291892093257, 0.5586820702346661]",1471,-1
38972,[0.49320028 0.40841065],6,-1,-1,52,-1
38973,[0.26026007 0.29879411],2,5,"[0.23231087327800656, 0.30304944505444303]",1649,-1
38974,[0.30244632 0.41249801],7,8,"[0.27392971195344684, 0.45973140540928376]",1074,-1
38975,[0.56911956 0.49626809],5,6,"[0.5164739970238864, 0.5319253761973344]",-1,-1
38976,[0.34976585 0.60778951],3,0,"[0.383291892093257, 0.5586820702346661]",1833,-1
38977,[0.45664506 0.48681805],5,-1,-1,-1,-1
38978,[0.48639535 0.64924666],9,-1,-1,-1,-1
38979,[0.27355641 0.28946657],0,5,"[0.23231087327800656, 0.30304944505444303]",1466,-1
38980,[0.30923672 0.45637166],7,8,"[0.27392971195344684, 0.45973140540928376]",1688,-1
38981,[0.17126813 0.37357958],2,-1,-1,145,-1
38982,[0.21086668 0.5509882 ],7,-1,-1,644,-1
38983,[0.33444624 0.49618039],3,-1,-1,1880,-1
38984,[0.6636987  0.80462489],1,-1,-1,-1,-1
38985,[0.62631097 0.60840046],9,2,"[0.5921204552873188, 0.6383928111301557]",-1,-1
38986,[0.33055218 0.25000928],6,9,"[0.3110394802231661, 0.23517199738277297]",1489,-1
38987,[0.29627041 0.48465161],7,8,"[0.27392971195344684, 0.45973140540928376]",-1,-1
38988,[0.59073624 0.56199579],5,-1,-1,1253,-1
38989,[0.25230495 0.41771579],7,8,"[0.27392971195344684, 0.45973140540928376]",700,-1
38990,[0.60828877 0.54869826],9,-1,-1,1293,-1
38991,[0.3333804  0.37130372],6,1,"[0.3897435781344088, 0.3417040596068965]",-1,-1
38992,[0.32411591 0.58041406],3,7,"[0.2817018170798153, 0.5849768676672948]",-1,-1
38993,[0.51847543 0.60493568],9,-1,-1,1230,-1
38994,[0.26439197 0.39670796],2,8,"[0.27392971195344684, 0.45973140540928376]",945,-1
38995,[0.42845408 0.33652263],6,1,"[0.3897435781344088, 0.3417040596068965]",-1,-1
38996,[0.33845004 0.41594783],7,-1,-1,917,-1
38997,[0.34572177 0.31853224],0,1,"[0.3897435781344088, 0.3417040596068965]",1525,-1
38998,[0.42434651 0.44072227],6,-1,-1,404,-1
38999,[0.65571232 0.46311941],8,3,"[0.6815204869410737, 0.47689852788858716]",800,-1
39000,[0.32584666 0.27444242],0,9,"[0.3110394802231661, 0.23517199738277297]",1504,-1
39001,[0.54670512 0.57804907],5,6,"[0.5164739970238864, 0.5319253761973344]",1410,6
39002,[0.44152898 0.3825502 ],6,1,"[0.3897435781344088, 0.3417040596068965]",741,-1
39003,[0.38574823 0.57433211],3,0,"[0.383291892093257, 0.5586820702346661]",-1,-1
39004,[0.36765278 0.30106548],6,1,"[0.3897435781344088, 0.3417040596068965]",-1,-1
39005,[0.25540297 0.32549771],0,5,"[0.23231087327800656, 0.30304944505444303]",1517,-1
39006,[0.37120903 0.30580333],6,1,"[0.3897435781344088, 0.3417040596068965]",1472,-1
39007,[0.42839097 0.53683356],3,0,"[0.383291892093257, 0.5586820702346661]",1134,-1
39008,[0.55617258 0.74154018],9,-1,-1,-1,-1
39009,[0.36314395 0.54505432],3,0,"[0.383291892093257, 0.5586820702346661]",1790,-1
39010,[0.3292491 0.5770365],3,7,"[0.2817018170798153, 0.5849768676672948]",1980,17
39011,[0.74037611 0.37951488],8,-1,-1,-1,-1
39012,[0.39053167 0.21937319],6,-1,-1,-1,-1
39013,[0.82264219 0.64464272],1,-1,-1,-1,0
39014,[0.23128317 0.32762241],2,5,"[0.23231087327800656, 0.30304944505444303]",-1,-1
39015,[0.24472871 0.23586503],0,9,"[0.3110394802231661, 0.23517199738277297]",983,-1
39016,[0.35177077 0.56775769],7,0,"[0.383291892093257, 0.5586820702346661]",-1,-1
39017,[0.75573956 0.75362244],1,4,"[0.7726811996944247, 0.7249303226766757]",431,0
39018,[0.3117009  0.25819729],0,9,"[0.3110394802231661, 0.23517199738277297]",1491,-1
39019,[0.38532427 0.48586376],7,-1,-1,1042,-1
39020,[0.37185721 0.35650684],2,1,"[0.3897435781344088, 0.3417040596068965]",1245,-1
39021,[0.2240359  0.49142321],4,8,"[0.27392971195344684, 0.45973140540928376]",-1,-1
39022,[0.34346838 0.53736365],3,0,"[0.383291892093257, 0.5586820702346661]",1965,16
39023,[0.46572365 0.6436973 ],9,-1,-1,-1,-1
39024,[0.45924862 0.49727177],5,6,"[0.5164739970238864, 0.5319253761973344]",753,-1
39025,[0.70580156 0.66797288],1,-1,-1,-1,0
39026,[0.63839261 0.35673258],8,-1,-1,-1,-1
39027,[0.84743498 0.7156268 ],1,-1,-1,-1,0
39028,[0.26904912 0.38977921],7,-1,-1,1019,-1
39029,[0.70032002 0.47546773],8,3,"[0.6815204869410737, 0.47689852788858716]",802,-1
39030,[0.68062691 0.43448601],8,3,"[0.6815204869410737, 0.47689852788858716]",-1,-1
39031,[0.51054583 0.48031902],5,6,"[0.5164739970238864, 0.5319253761973344]",-1,-1
39032,[0.82550844 0.78894971],1,-1,-1,191,0
39033,[0.29368874 0.47274932],4,8,"[0.27392971195344684, 0.45973140540928376]",1731,-1
39034,[0.33668794 0.35224185],2,1,"[0.3897435781344088, 0.3417040596068965]",1368,-1
39035,[0.3756239  0.46756057],7,-1,-1,-1,-1
39036,[0.60028655 0.56560839],9,-1,-1,1317,-1
39037,[0.71246691 0.7437504 ],9,4,"[0.7726811996944247, 0.7249303226766757]",416,0
39038,[0.31476272 0.23094151],0,9,"[0.3110394802231661, 0.23517199738277297]",-1,-1
39039,[0.2792331  0.18724612],0,9,"[0.3110394802231661, 0.23517199738277297]",-1,-1
39040,[0.24975255 0.43496425],2,8,"[0.27392971195344684, 0.45973140540928376]",-1,-1
39041,[0.45450384 0.44951465],5,-1,-1,270,-1
39042,[0.30444668 0.49725454],3,8,"[0.27392971195344684, 0.45973140540928376]",-1,-1
39043,[0.49644229 0.53312098],5,6,"[0.5164739970238864, 0.5319253761973344]",1186,-1
39044,[0.73550909 0.62055503],1,-1,-1,-1,0
39045,[0.6397375  0.46065597],8,3,"[0.6815204869410737, 0.47689852788858716]",625,-1
39046,[0.11819615 0.43107723],2,-1,-1,-1,-1
39047,[0.22934456 0.30305271],0,5,"[0.23231087327800656, 0.30304944505444303]",1468,-1
39048,[0.7902053  0.74659905],1,4,"[0.7726811996944247, 0.7249303226766757]",445,0
39049,[0.40164818 0.29008877],2,1,"[0.3897435781344088, 0.3417040596068965]",-1,-1
39050,[0.22522012 0.53338217],7,-1,-1,-1,-1
39051,[0.27720253 0.48475834],3,8,"[0.27392971195344684, 0.45973140540928376]",-1,-1
39052,[0.67501137 0.56058171],5,-1,-1,671,-1
39053,[0.59470638 0.64569626],9,2,"[0.5921204552873188, 0.6383928111301557]",-1,-1
39054,[0.64967508 0.72651168],9,-1,-1,-1,-1
39055,[0.366692 0.344223],6,1,"[0.3897435781344088, 0.3417040596068965]",1275,-1
39056,[0.90953649 0.65406311],1,-1,-1,-1,-1
39057,[0.72991368 0.71501299],1,4,"[0.7726811996944247, 0.7249303226766757]",351,0
39058,[0.31984355 0.57054364],3,7,"[0.2817018170798153, 0.5849768676672948]",1973,-1
39059,[0.71382179 0.69703071],1,4,"[0.7726811996944247, 0.7249303226766757]",392,0
39060,[0.30821123 0.55297404],3,7,"[0.2817018170798153, 0.5849768676672948]",1985,17
39061,[0.20199494 0.65062995],4,-1,-1,19,-1
39062,[0.19720081 0.3203699 ],0,5,"[0.23231087327800656, 0.30304944505444303]",-1,-1
39063,[0.53151384 0.54128572],5,6,"[0.5164739970238864, 0.5319253761973344]",-1,-1
39064,[0.25529119 0.24568301],0,9,"[0.3110394802231661, 0.23517199738277297]",-1,-1
39065,[0.75945341 0.6521046 ],1,-1,-1,-1,0
39066,[0.30626155 0.54963583],4,7,"[0.2817018170798153, 0.5849768676672948]",-1,-1
39067,[0.56440232 0.46974948],8,-1,-1,533,-1
39068,[0.32427254 0.54363435],4,7,"[0.2817018170798153, 0.5849768676672948]",1978,-1
39069,[0.23379615 0.37049767],2,5,"[0.23231087327800656, 0.30304944505444303]",1085,-1
39070,[0.42293537 0.33770612],6,1,"[0.3897435781344088, 0.3417040596068965]",974,-1
39071,[0.33037544 0.47237373],7,8,"[0.27392971195344684, 0.45973140540928376]",-1,-1
39072,[0.27255816 0.32133007],2,5,"[0.23231087327800656, 0.30304944505444303]",1585,9
39073,[0.61237104 0.53709498],9,-1,-1,1246,-1
39074,[0.30050378 0.45299749],7,8,"[0.27392971195344684, 0.45973140540928376]",1374,-1
39075,[0.61724609 0.51131024],5,-1,-1,867,-1
39076,[0.62831002 0.40081845],8,-1,-1,265,-1
39077,[0.28665513 0.21209595],0,9,"[0.3110394802231661, 0.23517199738277297]",1028,-1
39078,[0.60744242 0.60626414],9,2,"[0.5921204552873188, 0.6383928111301557]",-1,-1
39079,[0.36845015 0.48223246],6,-1,-1,1561,-1
39080,[0.37635972 0.25651373],6,9,"[0.3110394802231661, 0.23517199738277297]",-1,-1
39081,[0.38009814 0.52671503],3,0,"[0.383291892093257, 0.5586820702346661]",1784,-1
39082,[0.66118754 0.48451772],8,3,"[0.6815204869410737, 0.47689852788858716]",825,1
39083,[0.68711468 0.58186449],1,-1,-1,-1,-1
39084,[0.72189586 0.82360308],1,-1,-1,50,-1
39085,[0.74801451 0.46755582],8,3,"[0.6815204869410737, 0.47689852788858716]",513,-1
39086,[0.54305533 0.52216296],5,6,"[0.5164739970238864, 0.5319253761973344]",899,-1
39087,[0.61529165 0.40280846],8,-1,-1,70,-1
39088,[0.34915238 0.51647571],3,0,"[0.383291892093257, 0.5586820702346661]",1926,-1
39089,[0.39231308 0.16793909],6,-1,-1,-1,-1
39090,[0.22822742 0.25332432],0,5,"[0.23231087327800656, 0.30304944505444303]",885,-1
39091,[0.47725748 0.43967808],5,-1,-1,-1,-1
39092,[0.34780391 0.24699898],6,9,"[0.3110394802231661, 0.23517199738277297]",-1,-1
39093,[0.38919574 0.36618127],0,1,"[0.3897435781344088, 0.3417040596068965]",1064,-1
39094,[0.20645837 0.54198947],4,-1,-1,-1,-1
39095,[0.6233203 0.4705479],9,3,"[0.6815204869410737, 0.47689852788858716]",627,-1
39096,[0.35741955 0.29961288],2,1,"[0.3897435781344088, 0.3417040596068965]",1537,-1
39097,[0.68248461 0.56938217],9,-1,-1,464,-1
39098,[0.75527665 0.69909821],1,4,"[0.7726811996944247, 0.7249303226766757]",-1,0
39099,[0.34186441 0.23269987],6,9,"[0.3110394802231661, 0.23517199738277297]",-1,-1
39100,[0.50964442 0.43998802],5,-1,-1,-1,-1
39101,[0.42348907 0.31488263],6,1,"[0.3897435781344088, 0.3417040596068965]",978,-1
39102,[0.37361438 0.505517  ],3,0,"[0.383291892093257, 0.5586820702346661]",1766,-1
39103,[0.31123421 0.66923598],4,-1,-1,169,-1
39104,[0.59194717 0.61044293],9,2,"[0.5921204552873188, 0.6383928111301557]",1427,-1
39105,[0.28709513 0.51088968],7,8,"[0.27392971195344684, 0.45973140540928376]",-1,-1
39106,[0.71261441 0.53906562],9,3,"[0.6815204869410737, 0.47689852788858716]",519,-1
39107,[0.65776037 0.52065788],8,3,"[0.6815204869410737, 0.47689852788858716]",-1,-1
39108,[0.36964819 0.22720385],6,9,"[0.3110394802231661, 0.23517199738277297]",484,-1
39109,[0.78952859 0.47944734],8,-1,-1,-1,-1
39110,[0.31457221 0.50804932],7,8,"[0.27392971195344684, 0.45973140540928376]",1922,15
39111,[0.31876305 0.27007103],2,9,"[0.3110394802231661, 0.23517199738277297]",1507,-1
39112,[0.43270842 0.34466915],6,1,"[0.3897435781344088, 0.3417040596068965]",794,-1
39113,[0.37933389 0.33390039],6,1,"[0.3897435781344088, 0.3417040596068965]",1476,-1
39114,[0.30400768 0.2828803 ],0,9,"[0.3110394802231661, 0.23517199738277297]",1614,11
39115,[0.46113957 0.25318568],6,-1,-1,-1,-1
39116,[0.19317191 0.61910468],4,-1,-1,-1,-1
39117,[0.84168095 0.63057211],1,-1,-1,107,-1
39118,[0.20819981 0.41059088],7,-1,-1,202,-1
39119,[0.4383501  0.56891676],5,0,"[0.383291892093257, 0.5586820702346661]",1164,-1
39120,[0.5594846 0.5716908],8,6,"[0.5164739970238864, 0.5319253761973344]",-1,6
39121,[0.77697712 0.71632499],1,4,"[0.7726811996944247, 0.7249303226766757]",477,0
39122,[0.31947302 0.36032568],0,-1,-1,1485,-1
39123,[0.27431294 0.50430903],7,8,"[0.27392971195344684, 0.45973140540928376]",1760,-1
39124,[0.16850068 0.20097448],0,-1,-1,-1,-1
39125,[0.74732153 0.72353216],1,4,"[0.7726811996944247, 0.7249303226766757]",-1,0
39126,[0.44242776 0.19143318],6,-1,-1,-1,-1
39127,[0.64763479 0.62516247],9,2,"[0.5921204552873188, 0.6383928111301557]",1158,-1
39128,[0.40079768 0.57019417],4,0,"[0.383291892093257, 0.5586820702346661]",-1,-1
39129,[0.27178177 0.55480907],4,7,"[0.2817018170798153, 0.5849768676672948]",1698,-1
39130,[0.26893762 0.50207424],4,8,"[0.27392971195344684, 0.45973140540928376]",-1,-1
39131,[0.25912887 0.42328077],7,8,"[0.27392971195344684, 0.45973140540928376]",692,-1
39132,[0.64887938 0.39126482],8,-1,-1,-1,-1
39133,[0.41659778 0.51196568],3,0,"[0.383291892093257, 0.5586820702346661]",-1,-1
39134,[0.53655373 0.74806514],9,-1,-1,-1,-1
39135,[0.59532182 0.53881493],5,-1,-1,1291,-1
39136,[0.29794205 0.57980884],4,7,"[0.2817018170798153, 0.5849768676672948]",1840,-1
39137,[0.7241924  0.82741781],1,-1,-1,50,-1
39138,[0.44843333 0.58889605],5,-1,-1,1228,4
39139,[0.76826906 0.78884229],1,4,"[0.7726811996944247, 0.7249303226766757]",-1,0
39140,[0.7117368  0.52249539],8,3,"[0.6815204869410737, 0.47689852788858716]",569,-1
39141,[0.42723662 0.45743276],3,-1,-1,-1,-1
39142,[0.78410671 0.69632181],1,4,"[0.7726811996944247, 0.7249303226766757]",448,0
39143,[0.49114218 0.55039067],5,6,"[0.5164739970238864, 0.5319253761973344]",1183,-1
39144,[0.34161779 0.35333246],6,1,"[0.3897435781344088, 0.3417040596068965]",-1,-1
39145,[0.6110795  0.63819636],9,2,"[0.5921204552873188, 0.6383928111301557]",-1,-1
39146,[0.45301919 0.4053614 ],6,-1,-1,207,-1
39147,[0.26071003 0.6030471 ],4,7,"[0.2817018170798153, 0.5849768676672948]",1646,-1
39148,[0.57671093 0.54889731],5,6,"[0.5164739970238864, 0.5319253761973344]",-1,-1
39149,[0.31792817 0.57463828],4,7,"[0.2817018170798153, 0.5849768676672948]",1962,-1
39150,[0.3499948 0.6311615],3,-1,-1,-1,-1
39151,[0.21144264 0.30739478],0,5,"[0.23231087327800656, 0.30304944505444303]",-1,-1
39152,[0.42203313 0.29115165],6,1,"[0.3897435781344088, 0.3417040596068965]",775,-1
39153,[0.75888717 0.69155661],1,4,"[0.7726811996944247, 0.7249303226766757]",459,0
39154,[0.21213386 0.28315294],0,5,"[0.23231087327800656, 0.30304944505444303]",1109,-1
39155,[0.78028017 0.78735094],1,4,"[0.7726811996944247, 0.7249303226766757]",-1,0
39156,[0.6694837  0.63655354],9,-1,-1,581,-1
39157,[0.54057749 0.53077011],5,6,"[0.5164739970238864, 0.5319253761973344]",1150,-1
39158,[0.69541009 0.44571104],8,3,"[0.6815204869410737, 0.47689852788858716]",595,-1
39159,[0.38720855 0.5434165 ],3,0,"[0.383291892093257, 0.5586820702346661]",1803,-1
39160,[0.59624066 0.67661985],5,2,"[0.5921204552873188, 0.6383928111301557]",709,-1
39161,[0.43223724 0.51499964],3,0,"[0.383291892093257, 0.5586820702346661]",-1,-1
39162,[0.30934798 0.36743398],0,-1,-1,-1,-1
39163,[0.79135102 0.76011677],1,4,"[0.7726811996944247, 0.7249303226766757]",377,0
39164,[0.27437583 0.23013799],2,9,"[0.3110394802231661, 0.23517199738277297]",-1,-1
39165,[0.41033589 0.53884199],5,0,"[0.383291892093257, 0.5586820702346661]",-1,-1
39166,[0.61117402 0.64721929],9,2,"[0.5921204552873188, 0.6383928111301557]",1332,-1
39167,[0.56595074 0.54282606],5,6,"[0.5164739970238864, 0.5319253761973344]",1401,6
39168,[0.60165386 0.754389  ],9,-1,-1,-1,-1
39169,[0.72870904 0.67308595],1,4,"[0.7726811996944247, 0.7249303226766757]",-1,0
39170,[0.16052105 0.24580708],2,-1,-1,-1,-1
39171,[0.68872129 0.7126717 ],9,-1,-1,343,0
39172,[0.19219281 0.28091409],2,5,"[0.23231087327800656, 0.30304944505444303]",745,-1
39173,[0.7705422  0.69480518],1,4,"[0.7726811996944247, 0.7249303226766757]",448,0
39174,[0.27367363 0.48033888],7,8,"[0.27392971195344684, 0.45973140540928376]",-1,-1
39175,[0.39298128 0.49735456],7,0,"[0.383291892093257, 0.5586820702346661]",1361,-1
39176,[0.36163955 0.55530792],7,0,"[0.383291892093257, 0.5586820702346661]",-1,-1
39177,[0.41516185 0.54286526],7,0,"[0.383291892093257, 0.5586820702346661]",1713,-1
39178,[0.43078015 0.48043115],5,-1,-1,767,-1
39179,[0.48529649 0.28023422],6,-1,-1,-1,-1
39180,[0.67069103 0.31355798],8,-1,-1,-1,-1
39181,[0.59875392 0.55100974],5,-1,-1,-1,-1
39182,[0.21177249 0.3791149 ],2,-1,-1,-1,-1
39183,[0.77348739 0.68832028],1,4,"[0.7726811996944247, 0.7249303226766757]",-1,0
39184,[0.42190858 0.58311798],4,0,"[0.383291892093257, 0.5586820702346661]",1711,-1
39185,[0.71994617 0.69476788],1,4,"[0.7726811996944247, 0.7249303226766757]",-1,0
39186,[0.67801815 0.37915715],8,-1,-1,159,-1
39187,[0.29443618 0.24710674],0,9,"[0.3110394802231661, 0.23517199738277297]",1465,-1
39188,[0.43637995 0.57070677],5,0,"[0.383291892093257, 0.5586820702346661]",1164,-1
39189,[0.27732024 0.20237644],0,9,"[0.3110394802231661, 0.23517199738277297]",648,-1
39190,[0.18433684 0.26348284],2,5,"[0.23231087327800656, 0.30304944505444303]",-1,-1
39191,[0.55860112 0.68864793],9,2,"[0.5921204552873188, 0.6383928111301557]",630,-1
39192,[0.60001604 0.51048268],8,-1,-1,844,-1
39193,[0.24297789 0.38120197],2,-1,-1,-1,-1
39194,[0.23351194 0.47607654],4,8,"[0.27392971195344684, 0.45973140540928376]",724,-1
39195,[0.40381628 0.24898682],6,-1,-1,849,-1
39196,[0.71940744 0.54881388],8,-1,-1,-1,-1
39197,[0.45568493 0.53720395],5,6,"[0.5164739970238864, 0.5319253761973344]",-1,-1
39198,[0.29467271 0.49715152],7,8,"[0.27392971195344684, 0.45973140540928376]",1889,-1
39199,[0.20879726 0.52344947],7,-1,-1,-1,-1
39200,[0.27619586 0.63964615],4,7,"[0.2817018170798153, 0.5849768676672948]",192,-1
39201,[0.28247132 0.48530862],7,8,"[0.27392971195344684, 0.45973140540928376]",-1,-1
39202,[0.27396264 0.48737298],7,8,"[0.27392971195344684, 0.45973140540928376]",-1,-1
39203,[0.34564139 0.44725675],7,-1,-1,1193,-1
39204,[0.38731963 0.20525179],0,-1,-1,174,-1
39205,[0.43889983 0.48800346],3,-1,-1,-1,-1
39206,[0.69494442 0.7219731 ],1,-1,-1,343,0
39207,[0.32158623 0.59211594],4,7,"[0.2817018170798153, 0.5849768676672948]",1938,-1
39208,[0.2875647  0.30335926],2,5,"[0.23231087327800656, 0.30304944505444303]",1578,-1
39209,[0.33670816 0.38534524],7,1,"[0.3897435781344088, 0.3417040596068965]",-1,-1
39210,[0.3058597  0.36374893],6,-1,-1,-1,-1
39211,[0.64499593 0.77745474],1,-1,-1,-1,-1
39212,[0.47644032 0.51956671],5,6,"[0.5164739970238864, 0.5319253761973344]",1002,-1
39213,[0.29378192 0.49444371],3,8,"[0.27392971195344684, 0.45973140540928376]",1791,-1
39214,[0.7821135  0.48865412],8,-1,-1,-1,-1
39215,[0.31698901 0.36628641],2,-1,-1,1485,-1
39216,[0.54086773 0.46358176],5,-1,-1,-1,-1
39217,[0.43298523 0.51579832],4,0,"[0.383291892093257, 0.5586820702346661]",1434,-1
39218,[0.24673585 0.19028612],0,-1,-1,-1,-1
39219,[0.19480984 0.26076789],2,5,"[0.23231087327800656, 0.30304944505444303]",1012,-1
39220,[0.29718527 0.28635834],0,9,"[0.3110394802231661, 0.23517199738277297]",-1,-1
39221,[0.32514443 0.51695613],4,-1,-1,-1,-1
39222,[0.57723685 0.41020334],8,-1,-1,114,-1
39223,[0.85041628 0.69847641],1,-1,-1,-1,0
39224,[0.25792616 0.51899588],7,8,"[0.27392971195344684, 0.45973140540928376]",-1,-1
39225,[0.30511521 0.26339304],2,9,"[0.3110394802231661, 0.23517199738277297]",-1,-1
39226,[0.62891504 0.55568485],9,-1,-1,-1,-1
39227,[0.31279262 0.47762153],7,8,"[0.27392971195344684, 0.45973140540928376]",-1,-1
39228,[0.17206896 0.57304491],7,-1,-1,101,-1
39229,[0.54885148 0.56923923],9,6,"[0.5164739970238864, 0.5319253761973344]",1441,6
39230,[0.34689431 0.53752684],4,0,"[0.383291892093257, 0.5586820702346661]",1970,16
39231,[0.33672638 0.30377242],2,1,"[0.3897435781344088, 0.3417040596068965]",1680,-1
39232,[0.39035181 0.51541817],3,0,"[0.383291892093257, 0.5586820702346661]",-1,-1
39233,[0.24587579 0.2197626 ],0,9,"[0.3110394802231661, 0.23517199738277297]",985,-1
39234,[0.37463188 0.2985359 ],0,1,"[0.3897435781344088, 0.3417040596068965]",1454,-1
39235,[0.77994443 0.64379587],1,-1,-1,-1,0
39236,[0.41746232 0.36535175],6,1,"[0.3897435781344088, 0.3417040596068965]",976,-1
39237,[0.47388869 0.27906016],6,-1,-1,272,-1
39238,[0.54383294 0.58541433],5,6,"[0.5164739970238864, 0.5319253761973344]",1432,6
39239,[0.50102268 0.63297737],5,-1,-1,-1,-1
39240,[0.36193871 0.29548525],2,1,"[0.3897435781344088, 0.3417040596068965]",-1,-1
39241,[0.28424035 0.58346916],4,7,"[0.2817018170798153, 0.5849768676672948]",1810,-1
39242,[0.5941921  0.56233992],8,-1,-1,-1,5
39243,[0.65207244 0.70191367],9,-1,-1,489,-1
39244,[0.27430275 0.57101127],7,7,"[0.2817018170798153, 0.5849768676672948]",-1,-1
39245,[0.21839841 0.2731456 ],2,5,"[0.23231087327800656, 0.30304944505444303]",1024,-1
39246,[0.65883749 0.56659576],8,-1,-1,893,-1
39247,[0.75003968 0.85706643],1,-1,-1,24,-1
39248,[0.29796238 0.29102968],6,9,"[0.3110394802231661, 0.23517199738277297]",-1,11
39249,[0.32919998 0.53017548],7,0,"[0.383291892093257, 0.5586820702346661]",-1,-1
39250,[0.34438142 0.24765625],6,9,"[0.3110394802231661, 0.23517199738277297]",-1,-1
39251,[0.3094654  0.53436728],3,7,"[0.2817018170798153, 0.5849768676672948]",-1,-1
39252,[0.49651687 0.51515453],3,6,"[0.5164739970238864, 0.5319253761973344]",936,-1
39253,[0.729049   0.76033713],1,4,"[0.7726811996944247, 0.7249303226766757]",-1,0
39254,[0.51250155 0.66192749],9,-1,-1,-1,-1
39255,[0.36388187 0.27288963],6,9,"[0.3110394802231661, 0.23517199738277297]",1156,-1
39256,[0.66466935 0.70283766],9,-1,-1,489,-1
39257,[0.73906154 0.44172882],8,3,"[0.6815204869410737, 0.47689852788858716]",-1,-1
39258,[0.24956415 0.24202971],0,9,"[0.3110394802231661, 0.23517199738277297]",983,-1
39259,[0.29059474 0.31348557],0,5,"[0.23231087327800656, 0.30304944505444303]",-1,-1
39260,[0.23819131 0.62670126],4,7,"[0.2817018170798153, 0.5849768676672948]",347,-1
39261,[0.68583147 0.50030467],8,3,"[0.6815204869410737, 0.47689852788858716]",827,2
39262,[0.65909951 0.73790229],9,-1,-1,-1,0
39263,[0.21946745 0.6603823 ],4,-1,-1,-1,-1
39264,[0.48058673 0.62718968],5,-1,-1,647,-1
39265,[0.1918011  0.46468328],7,-1,-1,210,-1
39266,[0.5036135  0.55106897],5,6,"[0.5164739970238864, 0.5319253761973344]",1185,-1
39267,[0.25242624 0.57259214],7,7,"[0.2817018170798153, 0.5849768676672948]",-1,-1
39268,[0.5465392  0.51894983],5,6,"[0.5164739970238864, 0.5319253761973344]",899,-1
39269,[0.29849629 0.28038769],2,9,"[0.3110394802231661, 0.23517199738277297]",1554,-1
39270,[0.20776585 0.28233815],0,5,"[0.23231087327800656, 0.30304944505444303]",-1,-1
39271,[0.26001021 0.41838769],2,8,"[0.27392971195344684, 0.45973140540928376]",695,-1
39272,[0.32314024 0.36168385],0,1,"[0.3897435781344088, 0.3417040596068965]",-1,-1
39273,[0.41074227 0.46768625],3,-1,-1,578,-1
39274,[0.25603293 0.19780127],0,9,"[0.3110394802231661, 0.23517199738277297]",746,-1
39275,[0.13992142 0.19919048],0,-1,-1,-1,-1
39276,[0.55584248 0.50696031],8,6,"[0.5164739970238864, 0.5319253761973344]",770,-1
39277,[0.27156119 0.37265522],2,-1,-1,1265,-1
39278,[0.78124992 0.77678101],1,4,"[0.7726811996944247, 0.7249303226766757]",407,0
39279,[0.72572081 0.75369118],1,4,"[0.7726811996944247, 0.7249303226766757]",-1,0
39280,[0.29616987 0.40208963],0,8,"[0.27392971195344684, 0.45973140540928376]",-1,-1
39281,[0.33685949 0.25176648],2,9,"[0.3110394802231661, 0.23517199738277297]",967,-1
39282,[0.10014604 0.18595267],0,-1,-1,-1,-1
39283,[0.61302541 0.59425016],5,2,"[0.5921204552873188, 0.6383928111301557]",1323,-1
39284,[0.28790778 0.3780122 ],0,-1,-1,1099,-1
39285,[0.21481844 0.3333638 ],6,5,"[0.23231087327800656, 0.30304944505444303]",-1,-1
39286,[0.36319473 0.34090663],2,1,"[0.3897435781344088, 0.3417040596068965]",-1,-1
39287,[0.3152823  0.27193436],2,9,"[0.3110394802231661, 0.23517199738277297]",-1,-1
39288,[0.24263623 0.51080236],7,8,"[0.27392971195344684, 0.45973140540928376]",1552,-1
39289,[0.54852083 0.54254925],5,6,"[0.5164739970238864, 0.5319253761973344]",1408,-1
39290,[0.29382424 0.32967116],6,5,"[0.23231087327800656, 0.30304944505444303]",-1,-1
39291,[0.37836432 0.51929726],4,0,"[0.383291892093257, 0.5586820702346661]",-1,-1
39292,[0.80216982 0.68650483],1,4,"[0.7726811996944247, 0.7249303226766757]",354,0
39293,[0.38592411 0.69183543],3,-1,-1,-1,-1
39294,[0.35800726 0.60946064],3,0,"[0.383291892093257, 0.5586820702346661]",1829,-1
39295,[0.27068557 0.21215864],0,9,"[0.3110394802231661, 0.23517199738277297]",-1,-1
39296,[0.38955861 0.55536292],4,0,"[0.383291892093257, 0.5586820702346661]",-1,-1
39297,[0.24123101 0.40853683],2,8,"[0.27392971195344684, 0.45973140540928376]",-1,-1
39298,[0.39023115 0.65810217],3,-1,-1,536,-1
39299,[0.50928377 0.60750322],9,-1,-1,-1,-1
39300,[0.38538484 0.57394111],3,0,"[0.383291892093257, 0.5586820702346661]",-1,-1
39301,[0.67687739 0.81416628],1,-1,-1,-1,-1
39302,[0.39648177 0.59179496],3,0,"[0.383291892093257, 0.5586820702346661]",1723,-1
39303,[0.32337059 0.28699651],6,9,"[0.3110394802231661, 0.23517199738277297]",-1,-1
39304,[0.51074105 0.3452991 ],6,-1,-1,63,-1
39305,[0.28952698 0.56748367],4,7,"[0.2817018170798153, 0.5849768676672948]",1896,-1
39306,[0.27416876 0.51484849],7,8,"[0.27392971195344684, 0.45973140540928376]",1887,14
39307,[0.27368139 0.59603606],4,7,"[0.2817018170798153, 0.5849768676672948]",-1,-1
39308,[0.61420003 0.42523036],8,-1,-1,285,-1
39309,[0.32354743 0.31511023],6,-1,-1,-1,-1
39310,[0.75330747 0.77862577],1,4,"[0.7726811996944247, 0.7249303226766757]",372,0
39311,[0.4355894  0.66732374],4,-1,-1,138,-1
39312,[0.33902646 0.52104309],3,0,"[0.383291892093257, 0.5586820702346661]",-1,-1
39313,[0.43410712 0.35723032],6,1,"[0.3897435781344088, 0.3417040596068965]",682,-1
39314,[0.4412836  0.60556633],9,-1,-1,-1,-1
39315,[0.23609748 0.20460886],0,-1,-1,-1,-1
39316,[0.42601046 0.40430822],6,-1,-1,-1,-1
39317,[0.34781849 0.49099521],7,-1,-1,-1,-1
39318,[0.71464256 0.53348339],8,3,"[0.6815204869410737, 0.47689852788858716]",516,-1
39319,[0.68649867 0.70754511],1,-1,-1,343,0
39320,[0.31945763 0.25970042],6,9,"[0.3110394802231661, 0.23517199738277297]",-1,-1
39321,[0.38120659 0.50585045],3,0,"[0.383291892093257, 0.5586820702346661]",-1,-1
39322,[0.27494387 0.27899711],2,5,"[0.23231087327800656, 0.30304944505444303]",-1,11
39323,[0.32712041 0.30365891],2,-1,-1,-1,-1
39324,[0.66618158 0.42941839],8,3,"[0.6815204869410737, 0.47689852788858716]",612,-1
39325,[0.45296318 0.59088042],3,-1,-1,1238,4
39326,[0.23048833 0.30720881],2,5,"[0.23231087327800656, 0.30304944505444303]",1486,-1
39327,[0.40767102 0.56365802],3,0,"[0.383291892093257, 0.5586820702346661]",1692,-1
39328,[0.25390832 0.3829985 ],0,-1,-1,-1,-1
39329,[0.56740338 0.3969217 ],5,-1,-1,-1,-1
39330,[0.45194061 0.32652817],6,1,"[0.3897435781344088, 0.3417040596068965]",-1,-1
39331,[0.74151988 0.81688916],1,-1,-1,103,0
39332,[0.55498168 0.66902635],5,2,"[0.5921204552873188, 0.6383928111301557]",-1,-1
39333,[0.31310265 0.30336984],6,9,"[0.3110394802231661, 0.23517199738277297]",1647,-1
39334,[0.53888642 0.51037809],5,6,"[0.5164739970238864, 0.5319253761973344]",1140,-1
39335,[0.52714594 0.69549809],5,-1,-1,555,-1
39336,[0.78482946 0.69990575],1,4,"[0.7726811996944247, 0.7249303226766757]",-1,0
39337,[0.3213673  0.57588961],3,7,"[0.2817018170798153, 0.5849768676672948]",1962,-1
39338,[0.43277874 0.33943386],6,1,"[0.3897435781344088, 0.3417040596068965]",-1,-1
39339,[0.38665261 0.28343614],6,1,"[0.3897435781344088, 0.3417040596068965]",-1,-1
39340,[0.74088218 0.71616481],1,4,"[0.7726811996944247, 0.7249303226766757]",-1,0
39341,[0.60304655 0.50271003],8,-1,-1,-1,-1
39342,[0.10809392 0.31771638],2,-1,-1,-1,-1
39343,[0.49698144 0.52751043],5,6,"[0.5164739970238864, 0.5319253761973344]",-1,-1
39344,[0.66806537 0.45382194],8,3,"[0.6815204869410737, 0.47689852788858716]",-1,-1
39345,[0.65351118 0.31840789],8,-1,-1,-1,-1
39346,[0.36181252 0.35697008],2,1,"[0.3897435781344088, 0.3417040596068965]",1245,-1
39347,[0.5869726  0.60614453],5,2,"[0.5921204552873188, 0.6383928111301557]",1424,-1
39348,[0.37183333 0.45569487],7,-1,-1,1054,-1
39349,[0.32007048 0.62558571],3,7,"[0.2817018170798153, 0.5849768676672948]",1395,-1
39350,[0.76136787 0.82240802],1,-1,-1,-1,0
39351,[0.20644847 0.50317574],7,-1,-1,-1,-1
39352,[0.65946621 0.47416046],8,3,"[0.6815204869410737, 0.47689852788858716]",-1,-1
39353,[0.60425628 0.55381908],9,-1,-1,-1,-1
39354,[0.40434564 0.20534568],6,-1,-1,174,-1
39355,[0.74506199 0.40238704],8,-1,-1,-1,-1
39356,[0.27093986 0.5402365 ],4,7,"[0.2817018170798153, 0.5849768676672948]",-1,-1
39357,[0.55728826 0.59143431],9,2,"[0.5921204552873188, 0.6383928111301557]",-1,-1
39358,[0.32818609 0.28537262],2,9,"[0.3110394802231661, 0.23517199738277297]",1520,-1
39359,[0.26384062 0.4873057 ],7,8,"[0.27392971195344684, 0.45973140540928376]",-1,-1
39360,[0.31708553 0.24839822],0,9,"[0.3110394802231661, 0.23517199738277297]",-1,-1
39361,[0.33891175 0.45024704],7,8,"[0.27392971195344684, 0.45973140540928376]",-1,-1
39362,[0.31201266 0.59065882],4,7,"[0.2817018170798153, 0.5849768676672948]",-1,-1
39363,[0.27131162 0.34687566],2,5,"[0.23231087327800656, 0.30304944505444303]",1592,-1
39364,[0.2193708  0.23984436],0,5,"[0.23231087327800656, 0.30304944505444303]",-1,-1
39365,[0.33030895 0.39563163],2,-1,-1,1215,-1
39366,[0.4164644  0.22542667],6,-1,-1,-1,-1
39367,[0.68635435 0.48693784],8,3,"[0.6815204869410737, 0.47689852788858716]",-1,2
39368,[0.49584239 0.49225714],5,6,"[0.5164739970238864, 0.5319253761973344]",605,-1
39369,[0.3841051  0.30346642],2,1,"[0.3897435781344088, 0.3417040596068965]",1463,-1
39370,[0.65642019 0.44877892],8,3,"[0.6815204869410737, 0.47689852788858716]",732,-1
39371,[0.38276898 0.43599399],6,-1,-1,683,-1
39372,[0.23673955 0.33586421],2,5,"[0.23231087327800656, 0.30304944505444303]",1522,-1
39373,[0.34893688 0.58491087],4,0,"[0.383291892093257, 0.5586820702346661]",1842,-1
39374,[0.24881539 0.56653585],4,7,"[0.2817018170798153, 0.5849768676672948]",1515,-1
39375,[0.46040364 0.63029427],5,-1,-1,-1,-1
39376,[0.33364613 0.62885094],3,7,"[0.2817018170798153, 0.5849768676672948]",-1,-1
39377,[0.54609565 0.62489912],9,2,"[0.5921204552873188, 0.6383928111301557]",1263,-1
39378,[0.29672781 0.28111978],2,9,"[0.3110394802231661, 0.23517199738277297]",1554,-1
39379,[0.27347223 0.46559639],7,8,"[0.27392971195344684, 0.45973140540928376]",-1,-1
39380,[0.12661976 0.43921314],7,-1,-1,-1,-1
39381,[0.32336333 0.25730456],2,9,"[0.3110394802231661, 0.23517199738277297]",1484,-1
39382,[0.39442493 0.2797561 ],2,1,"[0.3897435781344088, 0.3417040596068965]",1076,-1
39383,[0.56245972 0.5768941 ],9,6,"[0.5164739970238864, 0.5319253761973344]",-1,6
39384,[0.35581227 0.55718395],7,0,"[0.383291892093257, 0.5586820702346661]",-1,-1
39385,[0.56360849 0.54614541],9,6,"[0.5164739970238864, 0.5319253761973344]",-1,-1
39386,[0.55580068 0.56822905],5,6,"[0.5164739970238864, 0.5319253761973344]",1406,6
39387,[0.37403012 0.58607758],4,0,"[0.383291892093257, 0.5586820702346661]",1846,12
39388,[0.31827715 0.43598328],3,8,"[0.27392971195344684, 0.45973140540928376]",-1,-1
39389,[0.64108809 0.64108919],9,2,"[0.5921204552873188, 0.6383928111301557]",939,-1
39390,[0.7392932  0.68719292],1,4,"[0.7726811996944247, 0.7249303226766757]",-1,0
39391,[0.63866008 0.73491633],9,-1,-1,-1,-1
39392,[0.26209508 0.55293458],3,7,"[0.2817018170798153, 0.5849768676672948]",1704,-1
39393,[0.51627196 0.28252355],6,-1,-1,-1,-1
39394,[0.40184963 0.32109893],6,1,"[0.3897435781344088, 0.3417040596068965]",966,-1
39395,[0.41156861 0.2490223 ],6,-1,-1,610,-1
39396,[0.2775913  0.49400432],4,8,"[0.27392971195344684, 0.45973140540928376]",1794,-1
39397,[0.2822438  0.25939498],0,9,"[0.3110394802231661, 0.23517199738277297]",-1,-1
39398,[0.59274686 0.66942214],9,2,"[0.5921204552873188, 0.6383928111301557]",-1,-1
39399,[0.73547924 0.53464335],8,-1,-1,-1,-1
39400,[0.32196194 0.29015611],2,9,"[0.3110394802231661, 0.23517199738277297]",1579,-1
39401,[0.23778232 0.32932299],2,5,"[0.23231087327800656, 0.30304944505444303]",-1,-1
39402,[0.76807338 0.7733142 ],1,4,"[0.7726811996944247, 0.7249303226766757]",-1,0
39403,[0.41912226 0.35898961],6,1,"[0.3897435781344088, 0.3417040596068965]",-1,-1
39404,[0.33276227 0.46152088],4,8,"[0.27392971195344684, 0.45973140540928376]",-1,-1
39405,[0.63735606 0.48949771],9,3,"[0.6815204869410737, 0.47689852788858716]",-1,-1
39406,[0.70158734 0.45151503],8,3,"[0.6815204869410737, 0.47689852788858716]",594,-1
39407,[0.39281056 0.49515253],4,0,"[0.383291892093257, 0.5586820702346661]",1361,-1
39408,[0.2953456  0.43184497],3,8,"[0.27392971195344684, 0.45973140540928376]",-1,-1
39409,[0.31647151 0.36815035],2,-1,-1,1485,-1
39410,[0.53263121 0.56846804],5,6,"[0.5164739970238864, 0.5319253761973344]",-1,-1
39411,[0.48033138 0.34564024],6,-1,-1,-1,-1
39412,[0.17857705 0.18165566],0,-1,-1,-1,-1
39413,[0.15310785 0.26428982],0,-1,-1,126,-1
39414,[0.25988982 0.56970842],4,7,"[0.2817018170798153, 0.5849768676672948]",-1,-1
39415,[0.4026459  0.36749342],6,1,"[0.3897435781344088, 0.3417040596068965]",-1,-1
39416,[0.6891566  0.46619169],8,3,"[0.6815204869410737, 0.47689852788858716]",813,-1
39417,[0.54943436 0.61908472],5,2,"[0.5921204552873188, 0.6383928111301557]",-1,-1
39418,[0.58130897 0.62962181],9,2,"[0.5921204552873188, 0.6383928111301557]",-1,-1
39419,[0.6280272  0.47146302],8,3,"[0.6815204869410737, 0.47689852788858716]",623,-1
39420,[0.26024861 0.49817826],7,8,"[0.27392971195344684, 0.45973140540928376]",-1,-1
39421,[0.53780431 0.65943349],9,2,"[0.5921204552873188, 0.6383928111301557]",1056,-1
39422,[0.73698661 0.78797858],1,-1,-1,-1,0
39423,[0.48938278 0.24408021],6,-1,-1,-1,-1
39424,[0.59316091 0.55743508],5,-1,-1,-1,-1
39425,[0.6245321  0.50089147],5,3,"[0.6815204869410737, 0.47689852788858716]",-1,-1
39426,[0.2778206  0.44488135],7,8,"[0.27392971195344684, 0.45973140540928376]",-1,-1
39427,[0.346199   0.19676382],0,9,"[0.3110394802231661, 0.23517199738277297]",-1,-1
39428,[0.44293532 0.51053653],5,-1,-1,1059,-1
39429,[0.31846026 0.5034804 ],6,8,"[0.27392971195344684, 0.45973140540928376]",-1,-1
39430,[0.22775926 0.23185436],2,-1,-1,-1,-1
39431,[0.27475734 0.33809587],2,5,"[0.23231087327800656, 0.30304944505444303]",-1,-1
39432,[0.19121849 0.18299862],0,-1,-1,-1,-1
39433,[0.57906715 0.43709611],8,-1,-1,-1,-1
39434,[0.2456848  0.28803738],2,5,"[0.23231087327800656, 0.30304944505444303]",1640,-1
39435,[0.45894456 0.27478038],6,-1,-1,-1,-1
39436,[0.69325837 0.49487091],8,3,"[0.6815204869410737, 0.47689852788858716]",836,2
39437,[0.38247936 0.56765026],7,0,"[0.383291892093257, 0.5586820702346661]",-1,-1
39438,[0.3040365  0.61280336],4,7,"[0.2817018170798153, 0.5849768676672948]",1762,-1
39439,[0.39910302 0.37389474],6,1,"[0.3897435781344088, 0.3417040596068965]",-1,-1
39440,[0.36689796 0.62350595],3,0,"[0.383291892093257, 0.5586820702346661]",1303,-1
39441,[0.34030143 0.51546219],7,0,"[0.383291892093257, 0.5586820702346661]",-1,-1
39442,[0.54009781 0.65545719],9,2,"[0.5921204552873188, 0.6383928111301557]",1056,-1
39443,[0.75811522 0.76089006],1,4,"[0.7726811996944247, 0.7249303226766757]",417,0
39444,[0.31507964 0.35267897],2,-1,-1,1633,8
39445,[0.29215099 0.37944572],2,-1,-1,-1,-1
39446,[0.27997565 0.60952589],3,7,"[0.2817018170798153, 0.5849768676672948]",-1,-1
39447,[0.49386001 0.57020044],5,6,"[0.5164739970238864, 0.5319253761973344]",-1,-1
39448,[0.88603338 0.69328842],1,-1,-1,-1,-1
39449,[0.35030627 0.51500916],4,0,"[0.383291892093257, 0.5586820702346661]",-1,-1
39450,[0.51544386 0.65043815],9,-1,-1,-1,-1
39451,[0.4141263  0.38884722],6,1,"[0.3897435781344088, 0.3417040596068965]",763,-1
39452,[0.45597954 0.29533763],6,-1,-1,-1,-1
39453,[0.28433607 0.56696116],4,7,"[0.2817018170798153, 0.5849768676672948]",1903,-1
39454,[0.61154844 0.54007787],9,-1,-1,-1,-1
39455,[0.76271279 0.66273608],1,4,"[0.7726811996944247, 0.7249303226766757]",-1,0
39456,[0.31064639 0.5608414 ],7,7,"[0.2817018170798153, 0.5849768676672948]",1968,-1
39457,[0.57985103 0.52253098],8,6,"[0.5164739970238864, 0.5319253761973344]",-1,-1
39458,[0.28032073 0.6738752 ],4,-1,-1,88,-1
39459,[0.28413493 0.54107812],4,7,"[0.2817018170798153, 0.5849768676672948]",-1,-1
39460,[0.27391868 0.57211986],4,7,"[0.2817018170798153, 0.5849768676672948]",-1,-1
39461,[0.87525714 0.71564648],1,-1,-1,-1,0
39462,[0.68690008 0.72481609],1,-1,-1,-1,0
39463,[0.31219508 0.64726707],4,7,"[0.2817018170798153, 0.5849768676672948]",590,-1
39464,[0.48312501 0.54190841],5,6,"[0.5164739970238864, 0.5319253761973344]",959,-1
39465,[0.24441321 0.29351339],2,5,"[0.23231087327800656, 0.30304944505444303]",-1,-1
39466,[0.49532914 0.44494067],5,-1,-1,-1,-1
39467,[0.4752429  0.50609773],9,6,"[0.5164739970238864, 0.5319253761973344]",-1,-1
39468,[0.72093724 0.56317443],8,-1,-1,-1,-1
39469,[0.18425535 0.35587082],2,-1,-1,504,-1
39470,[0.55673732 0.48791584],5,6,"[0.5164739970238864, 0.5319253761973344]",845,-1
39471,[0.41607893 0.55533578],5,0,"[0.383291892093257, 0.5586820702346661]",-1,-1
39472,[0.2222694  0.54404783],7,-1,-1,-1,-1
39473,[0.42175984 0.39953847],6,1,"[0.3897435781344088, 0.3417040596068965]",-1,-1
39474,[0.21546182 0.51812379],7,-1,-1,1090,-1
39475,[0.3145771  0.51863315],7,-1,-1,1922,-1
39476,[0.29551499 0.19915149],2,9,"[0.3110394802231661, 0.23517199738277297]",425,-1
39477,[0.52468217 0.43126076],5,-1,-1,-1,-1
39478,[0.57891862 0.45519039],8,-1,-1,-1,-1
39479,[0.63992173 0.44218907],8,3,"[0.6815204869410737, 0.47689852788858716]",-1,-1
39480,[0.32113971 0.44493844],7,8,"[0.27392971195344684, 0.45973140540928376]",941,-1
39481,[0.27359621 0.40065625],2,8,"[0.27392971195344684, 0.45973140540928376]",1018,-1
39482,[0.75677405 0.73348206],1,4,"[0.7726811996944247, 0.7249303226766757]",468,0
39483,[0.6130197  0.46699484],8,3,"[0.6815204869410737, 0.47689852788858716]",615,-1
39484,[0.40999377 0.37590537],6,1,"[0.3897435781344088, 0.3417040596068965]",-1,-1
39485,[0.35747575 0.65461758],4,-1,-1,576,-1
39486,[0.38475071 0.38810362],6,1,"[0.3897435781344088, 0.3417040596068965]",952,-1
39487,[0.71246967 0.71186939],1,4,"[0.7726811996944247, 0.7249303226766757]",-1,0
39488,[0.89964099 0.7136841 ],1,-1,-1,119,-1
39489,[0.59087446 0.54208947],8,-1,-1,-1,-1
39490,[0.44553846 0.63943095],9,-1,-1,534,-1
39491,[0.64516671 0.55224761],8,-1,-1,-1,-1
39492,[0.20000732 0.38733673],2,-1,-1,193,-1
39493,[0.72309803 0.57169714],8,-1,-1,-1,-1
39494,[0.25064338 0.45497591],2,8,"[0.27392971195344684, 0.45973140540928376]",931,-1
39495,[0.45251484 0.31552437],6,1,"[0.3897435781344088, 0.3417040596068965]",524,-1
39496,[0.212365   0.47740963],7,8,"[0.27392971195344684, 0.45973140540928376]",-1,-1
39497,[0.32460765 0.41876796],7,8,"[0.27392971195344684, 0.45973140540928376]",-1,-1
39498,[0.25117527 0.41396084],6,8,"[0.27392971195344684, 0.45973140540928376]",700,-1
39499,[0.63368281 0.64954386],5,2,"[0.5921204552873188, 0.6383928111301557]",-1,-1
39500,[0.37409373 0.51873717],3,0,"[0.383291892093257, 0.5586820702346661]",-1,-1
39501,[0.33457604 0.54933259],7,0,"[0.383291892093257, 0.5586820702346661]",-1,17
39502,[0.51486294 0.56889754],3,6,"[0.5164739970238864, 0.5319253761973344]",1379,-1
39503,[0.28734642 0.28456899],2,9,"[0.3110394802231661, 0.23517199738277297]",1665,-1
39504,[0.68651724 0.42323309],8,3,"[0.6815204869410737, 0.47689852788858716]",592,-1
39505,[0.67059838 0.49487042],8,3,"[0.6815204869410737, 0.47689852788858716]",796,-1
39506,[0.71546854 0.63868264],9,-1,-1,238,0
39507,[0.40445601 0.3407371 ],2,1,"[0.3897435781344088, 0.3417040596068965]",998,-1
39508,[0.31301538 0.48631281],4,8,"[0.27392971195344684, 0.45973140540928376]",1857,-1
39509,[0.38618136 0.25252538],6,-1,-1,833,-1
39510,[0.57895874 0.51403383],5,6,"[0.5164739970238864, 0.5319253761973344]",-1,-1
39511,[0.53473539 0.57648455],5,6,"[0.5164739970238864, 0.5319253761973344]",1372,-1
39512,[0.28271831 0.50378716],4,8,"[0.27392971195344684, 0.45973140540928376]",1742,-1
39513,[0.24181064 0.32044139],0,5,"[0.23231087327800656, 0.30304944505444303]",1494,7
39514,[0.55471195 0.5665281 ],5,6,"[0.5164739970238864, 0.5319253761973344]",1406,6
39515,[0.28060895 0.49253787],3,8,"[0.27392971195344684, 0.45973140540928376]",1796,-1
39516,[0.55832279 0.58787613],9,2,"[0.5921204552873188, 0.6383928111301557]",-1,-1
39517,[0.62269905 0.58519469],9,2,"[0.5921204552873188, 0.6383928111301557]",1204,-1
39518,[0.6547001  0.55750813],9,-1,-1,-1,-1
39519,[0.267351   0.38928736],2,-1,-1,1019,-1
39520,[0.26592428 0.29626212],2,5,"[0.23231087327800656, 0.30304944505444303]",-1,-1
39521,[0.49488806 0.56645464],9,6,"[0.5164739970238864, 0.5319253761973344]",-1,-1
39522,[0.42523441 0.55218653],3,0,"[0.383291892093257, 0.5586820702346661]",1205,-1
39523,[0.28338128 0.56161531],4,7,"[0.2817018170798153, 0.5849768676672948]",-1,13
39524,[0.62231377 0.55657388],9,-1,-1,651,-1
39525,[0.2885497  0.55446067],3,7,"[0.2817018170798153, 0.5849768676672948]",-1,13
39526,[0.1891713  0.28736804],2,5,"[0.23231087327800656, 0.30304944505444303]",726,-1
39527,[0.2031377  0.54712148],3,-1,-1,644,-1
39528,[0.28986152 0.59182127],4,7,"[0.2817018170798153, 0.5849768676672948]",1810,-1
39529,[0.41578467 0.50802036],3,0,"[0.383291892093257, 0.5586820702346661]",1438,-1
39530,[0.42425795 0.55853953],3,0,"[0.383291892093257, 0.5586820702346661]",1224,-1
39531,[0.15169186 0.24947087],2,-1,-1,-1,-1
39532,[0.42628648 0.62310486],5,-1,-1,483,-1
39533,[0.31470543 0.33099522],2,-1,-1,1604,-1
39534,[0.37832331 0.40230626],2,1,"[0.3897435781344088, 0.3417040596068965]",722,-1
39535,[0.40533811 0.29703721],6,1,"[0.3897435781344088, 0.3417040596068965]",-1,-1
39536,[0.51958265 0.47990206],5,6,"[0.5164739970238864, 0.5319253761973344]",604,-1
39537,[0.5861323  0.55645455],9,-1,-1,1254,-1
39538,[0.33909071 0.29739939],2,1,"[0.3897435781344088, 0.3417040596068965]",-1,-1
39539,[0.78853361 0.82473121],1,-1,-1,-1,-1
39540,[0.32628797 0.60896609],4,7,"[0.2817018170798153, 0.5849768676672948]",1544,-1
39541,[0.30676978 0.55822515],4,7,"[0.2817018170798153, 0.5849768676672948]",-1,-1
39542,[0.35250841 0.54036455],3,0,"[0.383291892093257, 0.5586820702346661]",-1,16
39543,[0.2600277  0.24579696],0,9,"[0.3110394802231661, 0.23517199738277297]",1138,-1
39544,[0.32412705 0.3450759 ],2,1,"[0.3897435781344088, 0.3417040596068965]",-1,-1
39545,[0.65357137 0.44527592],8,3,"[0.6815204869410737, 0.47689852788858716]",732,-1
39546,[0.26188726 0.47496717],7,8,"[0.27392971195344684, 0.45973140540928376]",1600,-1
39547,[0.25617703 0.51897925],4,8,"[0.27392971195344684, 0.45973140540928376]",-1,-1
39548,[0.33684791 0.59700857],7,7,"[0.2817018170798153, 0.5849768676672948]",1863,-1
39549,[0.27396419 0.25741706],0,9,"[0.3110394802231661, 0.23517199738277297]",-1,-1
39550,[0.48602199 0.45932759],5,-1,-1,279,-1
39551,[0.31744253 0.31031003],0,-1,-1,-1,-1
39552,[0.8663783  0.61177082],1,-1,-1,11,-1
39553,[0.66255963 0.54411936],8,3,"[0.6815204869410737, 0.47689852788858716]",670,-1
39554,[0.41403516 0.53696512],3,0,"[0.383291892093257, 0.5586820702346661]",-1,-1
39555,[0.29380326 0.52050192],7,8,"[0.27392971195344684, 0.45973140540928376]",-1,14
39556,[0.6818667 0.4158658],8,3,"[0.6815204869410737, 0.47689852788858716]",592,-1
39557,[0.63681333 0.72962374],9,-1,-1,-1,-1
39558,[0.47152246 0.63292719],9,-1,-1,-1,-1
39559,[0.50674659 0.53989818],5,6,"[0.5164739970238864, 0.5319253761973344]",1186,3
39560,[0.2956066  0.49091331],4,8,"[0.27392971195344684, 0.45973140540928376]",-1,-1
39561,[0.77107774 0.5148706 ],8,-1,-1,-1,-1
39562,[0.31138736 0.25526908],2,9,"[0.3110394802231661, 0.23517199738277297]",-1,-1
39563,[0.36229651 0.52978349],4,0,"[0.383291892093257, 0.5586820702346661]",-1,-1
39564,[0.14261928 0.27207591],0,-1,-1,40,-1
39565,[0.67209413 0.48296735],8,3,"[0.6815204869410737, 0.47689852788858716]",-1,-1
39566,[0.74476084 0.75909032],1,4,"[0.7726811996944247, 0.7249303226766757]",418,0
39567,[0.88720917 0.75062629],1,-1,-1,87,-1
39568,[0.35491033 0.29312129],0,1,"[0.3897435781344088, 0.3417040596068965]",1667,-1
39569,[0.20853607 0.48789166],7,-1,-1,-1,-1
39570,[0.2545089  0.54772654],4,7,"[0.2817018170798153, 0.5849768676672948]",-1,-1
39571,[0.22067655 0.26357607],2,5,"[0.23231087327800656, 0.30304944505444303]",1024,-1
39572,[0.3565509 0.3022361],2,1,"[0.3897435781344088, 0.3417040596068965]",1537,-1
39573,[0.37583451 0.54399805],4,0,"[0.383291892093257, 0.5586820702346661]",1811,-1
39574,[0.71327245 0.6453586 ],1,-1,-1,-1,0
39575,[0.72017793 0.4106474 ],8,-1,-1,-1,-1
39576,[0.31571632 0.64075176],4,7,"[0.2817018170798153, 0.5849768676672948]",887,-1
39577,[0.6520128  0.56921916],9,-1,-1,-1,-1
39578,[0.30171383 0.58297539],3,7,"[0.2817018170798153, 0.5849768676672948]",1819,-1
39579,[0.30781213 0.3780159 ],0,-1,-1,1423,-1
39580,[0.58832327 0.51931215],5,-1,-1,1102,-1
39581,[0.28977995 0.30610521],2,5,"[0.23231087327800656, 0.30304944505444303]",-1,-1
39582,[0.28433203 0.3473079 ],2,5,"[0.23231087327800656, 0.30304944505444303]",1584,-1
39583,[0.69233155 0.55252226],8,-1,-1,600,-1
39584,[0.28494068 0.20577895],0,9,"[0.3110394802231661, 0.23517199738277297]",-1,-1
39585,[0.62315698 0.47411998],8,3,"[0.6815204869410737, 0.47689852788858716]",627,-1
39586,[0.31717056 0.27036346],2,9,"[0.3110394802231661, 0.23517199738277297]",-1,-1
39587,[0.3604057  0.42991365],2,-1,-1,883,-1
39588,[0.39945222 0.60333724],4,0,"[0.383291892093257, 0.5586820702346661]",-1,-1
39589,[0.5825615  0.50577694],5,-1,-1,-1,-1
39590,[0.41493434 0.60006528],3,0,"[0.383291892093257, 0.5586820702346661]",-1,-1
39591,[0.40376825 0.27716401],6,1,"[0.3897435781344088, 0.3417040596068965]",-1,-1
39592,[0.25933279 0.38993887],2,-1,-1,-1,-1
39593,[0.2410779  0.25020079],0,5,"[0.23231087327800656, 0.30304944505444303]",1319,-1
39594,[0.67136666 0.64091333],9,-1,-1,581,-1
39595,[0.4010196  0.45757188],3,-1,-1,584,-1
39596,[0.30926495 0.23585875],2,9,"[0.3110394802231661, 0.23517199738277297]",1492,-1
39597,[0.33779521 0.6182739 ],4,7,"[0.2817018170798153, 0.5849768676672948]",1694,-1
39598,[0.66872174 0.50995946],5,3,"[0.6815204869410737, 0.47689852788858716]",827,2
39599,[0.82108318 0.70877421],1,4,"[0.7726811996944247, 0.7249303226766757]",-1,0
39600,[0.47202659 0.53890585],3,6,"[0.5164739970238864, 0.5319253761973344]",962,-1
39601,[0.31071846 0.51784188],7,8,"[0.27392971195344684, 0.45973140540928376]",-1,15
39602,[0.43953274 0.62865086],3,-1,-1,698,-1
39603,[0.24872087 0.29152088],2,5,"[0.23231087327800656, 0.30304944505444303]",1640,-1
39604,[0.35718331 0.56563574],4,0,"[0.383291892093257, 0.5586820702346661]",-1,-1
39605,[0.51369711 0.5648221 ],3,6,"[0.5164739970238864, 0.5319253761973344]",1376,-1
39606,[0.79758906 0.691701  ],1,4,"[0.7726811996944247, 0.7249303226766757]",-1,0
39607,[0.72069963 0.63112737],1,-1,-1,184,0
39608,[0.3073401 0.2770892],2,9,"[0.3110394802231661, 0.23517199738277297]",1614,-1
39609,[0.41644565 0.47257596],3,-1,-1,716,-1
39610,[0.49781708 0.54729401],9,6,"[0.5164739970238864, 0.5319253761973344]",1186,-1
39611,[0.36565496 0.22200839],0,9,"[0.3110394802231661, 0.23517199738277297]",-1,-1
39612,[0.55325141 0.5182148 ],9,6,"[0.5164739970238864, 0.5319253761973344]",1300,-1
39613,[0.65290105 0.38683359],8,-1,-1,242,-1
39614,[0.45298252 0.58901291],3,-1,-1,1238,4
39615,[0.18395418 0.57712742],7,-1,-1,102,-1
39616,[0.42489583 0.32335546],6,1,"[0.3897435781344088, 0.3417040596068965]",-1,-1
39617,[0.37750351 0.55602209],3,0,"[0.383291892093257, 0.5586820702346661]",-1,-1
39618,[0.19739426 0.30834294],0,5,"[0.23231087327800656, 0.30304944505444303]",777,-1
39619,[0.60955198 0.49603134],5,-1,-1,843,-1
39620,[0.39620432 0.19443562],6,-1,-1,-1,-1
39621,[0.39146508 0.51423115],3,0,"[0.383291892093257, 0.5586820702346661]",-1,-1
39622,[0.22589376 0.35351006],2,5,"[0.23231087327800656, 0.30304944505444303]",-1,-1
39623,[0.32678668 0.62163038],3,7,"[0.2817018170798153, 0.5849768676672948]",-1,-1
39624,[0.24902401 0.25154918],0,5,"[0.23231087327800656, 0.30304944505444303]",1313,-1
39625,[0.42764617 0.53021205],4,0,"[0.383291892093257, 0.5586820702346661]",-1,-1
39626,[0.24497718 0.19936879],0,-1,-1,526,-1
39627,[0.37235063 0.28991295],6,1,"[0.3897435781344088, 0.3417040596068965]",-1,-1
39628,[0.34524965 0.36892428],6,1,"[0.3897435781344088, 0.3417040596068965]",1079,-1
39629,[0.34381661 0.3325882 ],6,1,"[0.3897435781344088, 0.3417040596068965]",-1,-1
39630,[0.82410153 0.53034096],8,-1,-1,7,-1
39631,[0.24084385 0.42732174],7,8,"[0.27392971195344684, 0.45973140540928376]",689,-1
39632,[0.28392582 0.4078744 ],6,8,"[0.27392971195344684, 0.45973140540928376]",-1,-1
39633,[0.32335277 0.13731461],0,-1,-1,-1,-1
39634,[0.42012025 0.25119186],6,-1,-1,-1,-1
39635,[0.48139886 0.39310825],8,-1,-1,-1,-1
39636,[0.36137684 0.21764001],2,9,"[0.3110394802231661, 0.23517199738277297]",-1,-1
39637,[0.72682667 0.47987166],8,3,"[0.6815204869410737, 0.47689852788858716]",779,-1
39638,[0.55003158 0.77151343],9,-1,-1,-1,-1
39639,[0.65203264 0.66326671],9,2,"[0.5921204552873188, 0.6383928111301557]",-1,-1
39640,[0.29302499 0.44088502],7,8,"[0.27392971195344684, 0.45973140540928376]",1240,-1
39641,[0.67782009 0.74973335],1,-1,-1,155,0
39642,[0.5547164 0.5987748],9,2,"[0.5921204552873188, 0.6383928111301557]",1342,-1
39643,[0.51158694 0.60844069],5,-1,-1,-1,-1
39644,[0.62710481 0.51508302],8,3,"[0.6815204869410737, 0.47689852788858716]",-1,-1
39645,[0.7084616 0.7589135],9,-1,-1,-1,0
39646,[0.26602268 0.55497257],7,7,"[0.2817018170798153, 0.5849768676672948]",-1,-1
39647,[0.41538942 0.65701774],3,-1,-1,-1,-1
39648,[0.4558884  0.54623369],4,6,"[0.5164739970238864, 0.5319253761973344]",1289,-1
39649,[0.22228249 0.31016432],2,5,"[0.23231087327800656, 0.30304944505444303]",1421,-1
39650,[0.31464695 0.55542357],4,7,"[0.2817018170798153, 0.5849768676672948]",1981,-1
39651,[0.85222755 0.63538906],1,-1,-1,-1,-1
39652,[0.22846823 0.23406409],2,5,"[0.23231087327800656, 0.30304944505444303]",947,-1
39653,[0.27494572 0.22889423],2,9,"[0.3110394802231661, 0.23517199738277297]",-1,-1
39654,[0.38433474 0.23377789],6,-1,-1,-1,-1
39655,[0.52977867 0.5614552 ],5,6,"[0.5164739970238864, 0.5319253761973344]",-1,-1
39656,[0.61584993 0.59519181],9,2,"[0.5921204552873188, 0.6383928111301557]",-1,-1
39657,[0.62581042 0.52434231],5,-1,-1,-1,-1
39658,[0.34704325 0.35049979],6,1,"[0.3897435781344088, 0.3417040596068965]",1352,-1
39659,[0.28905509 0.33991609],2,5,"[0.23231087327800656, 0.30304944505444303]",-1,-1
39660,[0.43197105 0.39285977],6,1,"[0.3897435781344088, 0.3417040596068965]",742,-1
39661,[0.34367314 0.33402528],2,1,"[0.3897435781344088, 0.3417040596068965]",-1,-1
39662,[0.62156181 0.45416096],5,3,"[0.6815204869410737, 0.47689852788858716]",-1,-1
39663,[0.68916376 0.68598446],1,-1,-1,382,-1
39664,[0.32922209 0.47913237],4,8,"[0.27392971195344684, 0.45973140540928376]",1475,-1
39665,[0.65818438 0.60092562],8,-1,-1,545,-1
39666,[0.27362239 0.29968837],0,5,"[0.23231087327800656, 0.30304944505444303]",1657,-1
39667,[0.21773642 0.51128571],7,-1,-1,-1,-1
39668,[0.68159211 0.50969797],8,3,"[0.6815204869410737, 0.47689852788858716]",-1,-1
39669,[0.31144664 0.26883054],6,9,"[0.3110394802231661, 0.23517199738277297]",-1,-1
39670,[0.61719958 0.88114552],1,-1,-1,-1,-1
39671,[0.77185268 0.39257144],8,-1,-1,-1,-1
39672,[0.16249918 0.58890566],7,-1,-1,-1,-1
39673,[0.70320239 0.43558664],8,3,"[0.6815204869410737, 0.47689852788858716]",-1,-1
39674,[0.59320385 0.6802197 ],9,2,"[0.5921204552873188, 0.6383928111301557]",710,-1
39675,[0.34607    0.53244589],7,0,"[0.383291892093257, 0.5586820702346661]",1946,16
39676,[0.68116185 0.47112505],8,3,"[0.6815204869410737, 0.47689852788858716]",814,2
39677,[0.28815402 0.66488938],4,-1,-1,-1,-1
39678,[0.24790345 0.25608485],0,5,"[0.23231087327800656, 0.30304944505444303]",-1,-1
39679,[0.32503165 0.56804588],5,7,"[0.2817018170798153, 0.5849768676672948]",1976,-1
39680,[0.71880368 0.77895462],1,-1,-1,-1,0
39681,[0.35366158 0.39928115],6,1,"[0.3897435781344088, 0.3417040596068965]",-1,-1
39682,[0.24408762 0.52971776],7,7,"[0.2817018170798153, 0.5849768676672948]",1488,-1
39683,[0.61762514 0.51159811],8,-1,-1,867,-1
39684,[0.35652418 0.48696236],3,-1,-1,-1,-1
39685,[0.50154608 0.37206486],3,-1,-1,-1,-1
39686,[0.31543171 0.48964   ],7,8,"[0.27392971195344684, 0.45973140540928376]",-1,-1
39687,[0.44345527 0.53431794],3,0,"[0.383291892093257, 0.5586820702346661]",-1,-1
39688,[0.474212   0.64431228],3,-1,-1,-1,-1
39689,[0.26441153 0.36703443],2,-1,-1,-1,-1
39690,[0.85533311 0.82879635],1,-1,-1,-1,-1
39691,[0.58495566 0.71149652],5,-1,-1,-1,-1
39692,[0.36949697 0.40912582],2,-1,-1,-1,-1
39693,[0.57894713 0.59229654],8,2,"[0.5921204552873188, 0.6383928111301557]",1443,6
39694,[0.74023966 0.78489944],1,4,"[0.7726811996944247, 0.7249303226766757]",-1,0
39695,[0.20513463 0.26935177],0,5,"[0.23231087327800656, 0.30304944505444303]",-1,-1
39696,[0.23645975 0.57422051],4,7,"[0.2817018170798153, 0.5849768676672948]",-1,-1
39697,[0.31831188 0.31769036],0,-1,-1,1673,10
39698,[0.25081869 0.60119169],4,7,"[0.2817018170798153, 0.5849768676672948]",514,-1
39699,[0.30810613 0.31481178],2,-1,-1,1648,-1
39700,[0.76200768 0.70676983],1,4,"[0.7726811996944247, 0.7249303226766757]",460,0
39701,[0.1773141  0.41641443],2,-1,-1,-1,-1
39702,[0.4181816  0.51945549],3,0,"[0.383291892093257, 0.5586820702346661]",1471,-1
39703,[0.14859381 0.65767957],7,-1,-1,-1,-1
39704,[0.41809926 0.59272806],3,0,"[0.383291892093257, 0.5586820702346661]",-1,-1
39705,[0.53257002 0.66306727],9,2,"[0.5921204552873188, 0.6383928111301557]",-1,-1
39706,[0.21658964 0.63467736],4,-1,-1,-1,-1
39707,[0.22560182 0.24085724],0,5,"[0.23231087327800656, 0.30304944505444303]",946,-1
39708,[0.2945686  0.67093425],4,-1,-1,226,-1
39709,[0.23026874 0.4770489 ],6,8,"[0.27392971195344684, 0.45973140540928376]",-1,-1
39710,[0.46706821 0.37816919],5,-1,-1,320,-1
39711,[0.25364889 0.38058162],2,-1,-1,1147,-1
39712,[0.63297818 0.5001113 ],8,3,"[0.6815204869410737, 0.47689852788858716]",795,-1
39713,[0.31183463 0.57380777],4,7,"[0.2817018170798153, 0.5849768676672948]",-1,-1
39714,[0.39192172 0.56970627],3,0,"[0.383291892093257, 0.5586820702346661]",-1,-1
39715,[0.41760774 0.61643246],3,0,"[0.383291892093257, 0.5586820702346661]",-1,-1
39716,[0.45304656 0.56729294],5,-1,-1,-1,-1
39717,[0.41798245 0.56458489],3,0,"[0.383291892093257, 0.5586820702346661]",-1,-1
39718,[0.7230135  0.63242926],1,-1,-1,184,0
39719,[0.75358396 0.59709657],8,-1,-1,110,-1
39720,[0.39915572 0.60409127],4,0,"[0.383291892093257, 0.5586820702346661]",-1,-1
39721,[0.34520771 0.57632625],4,0,"[0.383291892093257, 0.5586820702346661]",-1,-1
39722,[0.28317474 0.31153032],2,5,"[0.23231087327800656, 0.30304944505444303]",1585,-1
39723,[0.78642146 0.67893289],1,4,"[0.7726811996944247, 0.7249303226766757]",397,0
39724,[0.32610054 0.56901515],3,7,"[0.2817018170798153, 0.5849768676672948]",1976,-1
39725,[0.71909843 0.47448632],8,3,"[0.6815204869410737, 0.47689852788858716]",779,-1
39726,[0.58641727 0.41109082],8,-1,-1,153,-1
39727,[0.43044484 0.46780546],3,-1,-1,609,-1
39728,[0.61219735 0.64771861],9,2,"[0.5921204552873188, 0.6383928111301557]",-1,-1
39729,[0.33148235 0.56965773],4,7,"[0.2817018170798153, 0.5849768676672948]",-1,-1
39730,[0.21455293 0.38515527],0,-1,-1,-1,-1
39731,[0.29331943 0.50263531],7,8,"[0.27392971195344684, 0.45973140540928376]",-1,-1
39732,[0.30029724 0.33215035],6,-1,-1,1660,-1
39733,[0.71339468 0.46611304],8,3,"[0.6815204869410737, 0.47689852788858716]",717,-1
39734,[0.73456809 0.77100555],1,4,"[0.7726811996944247, 0.7249303226766757]",-1,0
39735,[0.23553923 0.4863144 ],7,8,"[0.27392971195344684, 0.45973140540928376]",1279,-1
39736,[0.41095574 0.59531628],3,0,"[0.383291892093257, 0.5586820702346661]",-1,-1
39737,[0.42372402 0.52443599],3,0,"[0.383291892093257, 0.5586820702346661]",-1,-1
39738,[0.85368797 0.74782024],1,-1,-1,130,0
39739,[0.43553807 0.60652638],3,-1,-1,1574,-1
39740,[0.810238   0.68252853],1,4,"[0.7726811996944247, 0.7249303226766757]",362,0
39741,[0.18509632 0.33656562],2,5,"[0.23231087327800656, 0.30304944505444303]",-1,-1
39742,[0.29344972 0.26810859],0,9,"[0.3110394802231661, 0.23517199738277297]",1496,-1
39743,[0.60541865 0.52525306],9,-1,-1,1102,-1
39744,[0.24379909 0.43741469],7,8,"[0.27392971195344684, 0.45973140540928376]",696,-1
39745,[0.53444558 0.51792867],5,6,"[0.5164739970238864, 0.5319253761973344]",1173,-1
39746,[0.30303596 0.51745929],7,8,"[0.27392971195344684, 0.45973140540928376]",1881,-1
39747,[0.20820002 0.30264236],0,5,"[0.23231087327800656, 0.30304944505444303]",685,-1
39748,[0.2762505 0.3146778],2,5,"[0.23231087327800656, 0.30304944505444303]",1585,9
39749,[0.45489814 0.35813547],6,1,"[0.3897435781344088, 0.3417040596068965]",-1,-1
39750,[0.5424924  0.62624634],5,2,"[0.5921204552873188, 0.6383928111301557]",-1,-1
39751,[0.83344047 0.80625096],1,-1,-1,-1,0
39752,[0.38708841 0.54831816],3,0,"[0.383291892093257, 0.5586820702346661]",-1,-1
39753,[0.65501919 0.50810042],8,3,"[0.6815204869410737, 0.47689852788858716]",-1,-1
39754,[0.64502642 0.61446736],9,2,"[0.5921204552873188, 0.6383928111301557]",-1,-1
39755,[0.20888217 0.18913501],0,-1,-1,-1,-1
39756,[0.2891602  0.34481399],2,-1,-1,-1,-1
39757,[0.34814428 0.6048662 ],4,0,"[0.383291892093257, 0.5586820702346661]",1833,-1
39758,[0.28850737 0.54212133],4,7,"[0.2817018170798153, 0.5849768676672948]",1907,-1
39759,[0.53288941 0.40445245],8,-1,-1,45,-1
39760,[0.42698827 0.58128029],5,0,"[0.383291892093257, 0.5586820702346661]",-1,-1
39761,[0.32662881 0.54407011],3,0,"[0.383291892093257, 0.5586820702346661]",-1,-1
39762,[0.29198616 0.52397927],4,7,"[0.2817018170798153, 0.5849768676672948]",1910,14
39763,[0.47033871 0.52213883],5,6,"[0.5164739970238864, 0.5319253761973344]",1002,-1
39764,[0.55725309 0.60471446],9,2,"[0.5921204552873188, 0.6383928111301557]",-1,-1
39765,[0.28852938 0.23060749],0,9,"[0.3110394802231661, 0.23517199738277297]",-1,-1
39766,[0.32017139 0.55407353],4,7,"[0.2817018170798153, 0.5849768676672948]",1991,17
39767,[0.52401711 0.49655261],8,6,"[0.5164739970238864, 0.5319253761973344]",-1,-1
39768,[0.37497599 0.29352949],0,1,"[0.3897435781344088, 0.3417040596068965]",-1,-1
39769,[0.23351463 0.56957925],4,7,"[0.2817018170798153, 0.5849768676672948]",1358,-1
39770,[0.39880105 0.4091411 ],7,1,"[0.3897435781344088, 0.3417040596068965]",-1,-1
39771,[0.6131516  0.45569205],8,-1,-1,621,-1
39772,[0.18548562 0.61224074],4,-1,-1,-1,-1
39773,[0.71508917 0.75087473],1,4,"[0.7726811996944247, 0.7249303226766757]",345,0
39774,[0.32700218 0.20837454],6,9,"[0.3110394802231661, 0.23517199738277297]",-1,-1
39775,[0.64125239 0.66902755],1,2,"[0.5921204552873188, 0.6383928111301557]",-1,-1
39776,[0.83225412 0.69567237],1,4,"[0.7726811996944247, 0.7249303226766757]",-1,0
39777,[0.32993403 0.17462648],0,9,"[0.3110394802231661, 0.23517199738277297]",98,-1
39778,[0.29860122 0.32351333],6,5,"[0.23231087327800656, 0.30304944505444303]",1661,-1
39779,[0.38736945 0.30651485],6,1,"[0.3897435781344088, 0.3417040596068965]",-1,-1
39780,[0.39004182 0.60479087],3,0,"[0.383291892093257, 0.5586820702346661]",1744,-1
39781,[0.3528805  0.42159156],6,-1,-1,-1,-1
39782,[0.75853599 0.73253132],1,4,"[0.7726811996944247, 0.7249303226766757]",468,0
39783,[0.22796765 0.24869935],0,5,"[0.23231087327800656, 0.30304944505444303]",-1,-1
39784,[0.39036476 0.61757846],3,0,"[0.383291892093257, 0.5586820702346661]",-1,-1
39785,[0.21635315 0.21545196],0,-1,-1,-1,-1
39786,[0.51081831 0.63301165],3,-1,-1,-1,-1
39787,[0.62564827 0.48008096],5,3,"[0.6815204869410737, 0.47689852788858716]",624,-1
39788,[0.4873498  0.55445229],5,6,"[0.5164739970238864, 0.5319253761973344]",-1,-1
39789,[0.33010329 0.46120689],3,8,"[0.27392971195344684, 0.45973140540928376]",1385,-1
39790,[0.81728107 0.67045263],1,-1,-1,-1,0
39791,[0.26819067 0.28505944],0,5,"[0.23231087327800656, 0.30304944505444303]",1622,-1
39792,[0.29440683 0.21480106],0,9,"[0.3110394802231661, 0.23517199738277297]",1016,-1
39793,[0.67875323 0.47328485],8,3,"[0.6815204869410737, 0.47689852788858716]",814,2
39794,[0.43584261 0.29805836],6,1,"[0.3897435781344088, 0.3417040596068965]",-1,-1
39795,[0.56501225 0.40635896],8,-1,-1,114,-1
39796,[0.35837289 0.42680508],6,-1,-1,883,-1
39797,[0.36910358 0.56124739],4,0,"[0.383291892093257, 0.5586820702346661]",1856,12
39798,[0.34674564 0.33175858],0,1,"[0.3897435781344088, 0.3417040596068965]",1414,-1
39799,[0.3836031  0.27341306],6,1,"[0.3897435781344088, 0.3417040596068965]",1073,-1
39800,[0.20530889 0.32124424],2,5,"[0.23231087327800656, 0.30304944505444303]",1038,-1
39801,[0.26515854 0.35180728],6,5,"[0.23231087327800656, 0.30304944505444303]",1592,-1
39802,[0.40349989 0.53678061],3,0,"[0.383291892093257, 0.5586820702346661]",1643,-1
39803,[0.30663736 0.27273512],6,9,"[0.3110394802231661, 0.23517199738277297]",1511,-1
39804,[0.77933236 0.73619744],1,4,"[0.7726811996944247, 0.7249303226766757]",470,0
39805,[0.27623264 0.51355227],4,8,"[0.27392971195344684, 0.45973140540928376]",1887,14
39806,[0.62207422 0.62844446],9,2,"[0.5921204552873188, 0.6383928111301557]",-1,-1
39807,[0.85689182 0.71544427],1,-1,-1,313,0
39808,[0.75729477 0.50747099],8,-1,-1,-1,-1
39809,[0.42982557 0.48191383],5,-1,-1,767,-1
39810,[0.24416389 0.59340458],7,7,"[0.2817018170798153, 0.5849768676672948]",929,-1
39811,[0.60164779 0.55473313],9,-1,-1,-1,-1
39812,[0.45993878 0.57258135],3,6,"[0.5164739970238864, 0.5319253761973344]",-1,-1
39813,[0.18956286 0.44696808],7,-1,-1,100,-1
39814,[0.18317437 0.28505722],0,5,"[0.23231087327800656, 0.30304944505444303]",726,-1
39815,[0.69083324 0.49063731],8,3,"[0.6815204869410737, 0.47689852788858716]",-1,2
39816,[0.72303054 0.46499621],8,3,"[0.6815204869410737, 0.47689852788858716]",780,-1
39817,[0.38922928 0.25305402],6,-1,-1,833,-1
39818,[0.35373909 0.52072099],3,0,"[0.383291892093257, 0.5586820702346661]",-1,-1
39819,[0.27398278 0.24256961],2,9,"[0.3110394802231661, 0.23517199738277297]",1524,-1
39820,[0.43526698 0.57774718],5,0,"[0.383291892093257, 0.5586820702346661]",1167,-1
39821,[0.27757329 0.57902517],4,7,"[0.2817018170798153, 0.5849768676672948]",1670,-1
39822,[0.38574511 0.54707855],7,0,"[0.383291892093257, 0.5586820702346661]",-1,-1
39823,[0.22258607 0.19868008],0,-1,-1,-1,-1
39824,[0.32255954 0.52492729],7,0,"[0.383291892093257, 0.5586820702346661]",1943,-1
39825,[0.70052584 0.44138274],8,3,"[0.6815204869410737, 0.47689852788858716]",-1,-1
39826,[0.79289076 0.69074279],1,4,"[0.7726811996944247, 0.7249303226766757]",-1,0
39827,[0.31670826 0.47129772],4,8,"[0.27392971195344684, 0.45973140540928376]",-1,-1
39828,[0.65089028 0.38677961],8,-1,-1,242,-1
39829,[0.61870993 0.64778744],9,2,"[0.5921204552873188, 0.6383928111301557]",-1,-1
39830,[0.44809022 0.47179934],5,-1,-1,-1,-1
39831,[0.25897802 0.57833215],7,7,"[0.2817018170798153, 0.5849768676672948]",1562,-1
39832,[0.21305463 0.49504535],4,-1,-1,598,-1
39833,[0.53288229 0.57648372],5,6,"[0.5164739970238864, 0.5319253761973344]",1372,-1
39834,[0.82482882 0.43020038],8,-1,-1,-1,-1
39835,[0.22776706 0.23915074],2,5,"[0.23231087327800656, 0.30304944505444303]",946,-1
39836,[0.27190359 0.57594986],4,7,"[0.2817018170798153, 0.5849768676672948]",1668,-1
39837,[0.83014051 0.71556913],1,4,"[0.7726811996944247, 0.7249303226766757]",-1,0
39838,[0.2173961  0.33638752],0,5,"[0.23231087327800656, 0.30304944505444303]",-1,-1
39839,[0.40273731 0.51327442],3,0,"[0.383291892093257, 0.5586820702346661]",-1,-1
39840,[0.3447483  0.51884016],3,0,"[0.383291892093257, 0.5586820702346661]",-1,-1
39841,[0.39158732 0.65646923],3,-1,-1,536,-1
39842,[0.29187996 0.48924118],7,8,"[0.27392971195344684, 0.45973140540928376]",-1,-1
39843,[0.25743599 0.52985161],7,7,"[0.2817018170798153, 0.5849768676672948]",-1,-1
39844,[0.3133941  0.48822874],7,8,"[0.27392971195344684, 0.45973140540928376]",1857,-1
39845,[0.25811149 0.54484925],4,7,"[0.2817018170798153, 0.5849768676672948]",1559,-1
39846,[0.45329963 0.70590497],9,-1,-1,28,-1
39847,[0.46848014 0.45153766],5,-1,-1,-1,-1
39848,[0.82279603 0.7420113 ],1,4,"[0.7726811996944247, 0.7249303226766757]",-1,0
39849,[0.44053682 0.25573358],6,-1,-1,-1,-1
39850,[0.75938744 0.73671519],1,4,"[0.7726811996944247, 0.7249303226766757]",-1,0
39851,[0.62474222 0.47792367],8,3,"[0.6815204869410737, 0.47689852788858716]",624,-1
39852,[0.27582613 0.3150182 ],0,5,"[0.23231087327800656, 0.30304944505444303]",1585,-1
39853,[0.77991762 0.71624233],1,4,"[0.7726811996944247, 0.7249303226766757]",477,0
39854,[0.26216543 0.21894383],0,9,"[0.3110394802231661, 0.23517199738277297]",-1,-1
39855,[0.39670853 0.35886459],6,1,"[0.3897435781344088, 0.3417040596068965]",-1,-1
39856,[0.14779875 0.35038584],2,-1,-1,-1,-1
39857,[0.78007945 0.46387385],8,-1,-1,-1,-1
39858,[0.36325162 0.54802413],7,0,"[0.383291892093257, 0.5586820702346661]",1790,-1
39859,[0.31186032 0.59310951],7,7,"[0.2817018170798153, 0.5849768676672948]",-1,-1
39860,[0.61511469 0.70571473],5,-1,-1,287,-1
39861,[0.6112432 0.4990665],9,-1,-1,843,-1
39862,[0.46078678 0.30108121],6,-1,-1,473,-1
39863,[0.61477051 0.61395185],9,2,"[0.5921204552873188, 0.6383928111301557]",-1,-1
39864,[0.27961508 0.53979501],4,7,"[0.2817018170798153, 0.5849768676672948]",-1,-1
39865,[0.54316573 0.62627328],5,2,"[0.5921204552873188, 0.6383928111301557]",-1,-1
39866,[0.25485409 0.62357467],7,7,"[0.2817018170798153, 0.5849768676672948]",-1,-1
39867,[0.35365072 0.54678229],4,0,"[0.383291892093257, 0.5586820702346661]",1928,-1
39868,[0.18873013 0.51241532],4,-1,-1,-1,-1
39869,[0.2218553  0.54579094],7,-1,-1,-1,-1
39870,[0.35980193 0.58382593],4,0,"[0.383291892093257, 0.5586820702346661]",1847,12
39871,[0.51499346 0.64383866],5,-1,-1,-1,-1
39872,[0.82559272 0.70448762],1,4,"[0.7726811996944247, 0.7249303226766757]",-1,0
39873,[0.25764677 0.62260065],7,7,"[0.2817018170798153, 0.5849768676672948]",496,-1
39874,[0.33614915 0.53965754],4,0,"[0.383291892093257, 0.5586820702346661]",1950,-1
39875,[0.31057207 0.37985245],2,-1,-1,1423,-1
39876,[0.65785856 0.56898694],9,-1,-1,893,-1
39877,[0.36557064 0.30405827],2,1,"[0.3897435781344088, 0.3417040596068965]",-1,-1
39878,[0.2352345  0.24796003],0,5,"[0.23231087327800656, 0.30304944505444303]",1319,-1
39879,[0.31930837 0.53309562],7,7,"[0.2817018170798153, 0.5849768676672948]",1932,-1
39880,[0.74162995 0.73880251],1,4,"[0.7726811996944247, 0.7249303226766757]",-1,0
39881,[0.24237196 0.5158198 ],7,8,"[0.27392971195344684, 0.45973140540928376]",-1,-1
39882,[0.28409979 0.40530468],3,8,"[0.27392971195344684, 0.45973140540928376]",748,-1
39883,[0.66854677 0.53888171],8,3,"[0.6815204869410737, 0.47689852788858716]",-1,-1
39884,[0.34485264 0.40292072],6,-1,-1,881,-1
39885,[0.51947059 0.46079811],5,-1,-1,602,-1
39886,[0.77715272 0.7596385 ],1,4,"[0.7726811996944247, 0.7249303226766757]",-1,0
39887,[0.21623587 0.23140094],0,-1,-1,872,-1
39888,[0.61796575 0.72038546],9,-1,-1,212,-1
39889,[0.80570992 0.61670003],1,-1,-1,-1,-1
39890,[0.81836192 0.75044483],1,4,"[0.7726811996944247, 0.7249303226766757]",373,0
39891,[0.28283327 0.28377157],0,5,"[0.23231087327800656, 0.30304944505444303]",-1,-1
39892,[0.35104477 0.26406046],6,9,"[0.3110394802231661, 0.23517199738277297]",951,-1
39893,[0.35741827 0.58802241],4,0,"[0.383291892093257, 0.5586820702346661]",1828,-1
39894,[0.44703643 0.25032087],6,-1,-1,-1,-1
39895,[0.56830604 0.54227711],5,6,"[0.5164739970238864, 0.5319253761973344]",1401,-1
39896,[0.3806528  0.55269803],3,0,"[0.383291892093257, 0.5586820702346661]",1816,-1
39897,[0.27462468 0.29519441],0,5,"[0.23231087327800656, 0.30304944505444303]",1654,-1
39898,[0.29731218 0.57013034],7,7,"[0.2817018170798153, 0.5849768676672948]",1837,-1
39899,[0.32031228 0.57427123],3,7,"[0.2817018170798153, 0.5849768676672948]",1962,-1
39900,[0.31472365 0.27403281],2,9,"[0.3110394802231661, 0.23517199738277297]",1506,-1
39901,[0.77220778 0.49279884],8,-1,-1,189,-1
39902,[0.22985933 0.54452735],4,7,"[0.2817018170798153, 0.5849768676672948]",-1,-1
39903,[0.37148718 0.45631998],7,-1,-1,1054,-1
39904,[0.39192021 0.52751022],4,0,"[0.383291892093257, 0.5586820702346661]",-1,-1
39905,[0.19245677 0.5862176 ],7,-1,-1,-1,-1
39906,[0.59994731 0.58170655],9,2,"[0.5921204552873188, 0.6383928111301557]",1326,5
39907,[0.45059379 0.63019058],9,-1,-1,-1,-1
39908,[0.54908913 0.30675409],6,-1,-1,3,-1
39909,[0.52985971 0.64710443],5,2,"[0.5921204552873188, 0.6383928111301557]",-1,-1
39910,[0.54625318 0.37060822],8,-1,-1,-1,-1
39911,[0.66273213 0.70338854],9,-1,-1,489,-1
39912,[0.78938992 0.71997281],1,4,"[0.7726811996944247, 0.7249303226766757]",475,0
39913,[0.71823135 0.73677658],1,4,"[0.7726811996944247, 0.7249303226766757]",381,0
39914,[0.21938462 0.39733759],7,-1,-1,502,-1
39915,[0.61761442 0.78720412],9,-1,-1,-1,-1
39916,[0.37506504 0.28237839],2,1,"[0.3897435781344088, 0.3417040596068965]",-1,-1
39917,[0.48241323 0.54556204],5,6,"[0.5164739970238864, 0.5319253761973344]",959,-1
39918,[0.84698114 0.7419942 ],1,-1,-1,-1,0
39919,[0.25118813 0.42853436],7,8,"[0.27392971195344684, 0.45973140540928376]",-1,-1
39920,[0.75675545 0.36551501],8,-1,-1,27,-1
39921,[0.30913841 0.3955591 ],2,-1,-1,928,-1
39922,[0.74364453 0.51882452],8,-1,-1,-1,-1
39923,[0.29517048 0.28399343],2,9,"[0.3110394802231661, 0.23517199738277297]",1554,-1
39924,[0.73085757 0.56986606],9,-1,-1,125,-1
39925,[0.8109567  0.72011349],1,4,"[0.7726811996944247, 0.7249303226766757]",-1,0
39926,[0.30059012 0.54045221],7,7,"[0.2817018170798153, 0.5849768676672948]",-1,-1
39927,[0.5709819  0.46137853],5,-1,-1,517,-1
39928,[0.46328558 0.38564087],6,-1,-1,-1,-1
39929,[0.42704034 0.54941514],5,0,"[0.383291892093257, 0.5586820702346661]",1205,-1
39930,[0.79089649 0.72998259],1,4,"[0.7726811996944247, 0.7249303226766757]",465,0
39931,[0.26097845 0.31152013],0,5,"[0.23231087327800656, 0.30304944505444303]",-1,-1
39932,[0.45034536 0.2795122 ],6,-1,-1,720,-1
39933,[0.60667567 0.60421607],5,2,"[0.5921204552873188, 0.6383928111301557]",1328,-1
39934,[0.81136344 0.49431873],8,-1,-1,16,-1
39935,[0.30006152 0.43134985],7,8,"[0.27392971195344684, 0.45973140540928376]",-1,-1
39936,[0.4141297  0.42787546],6,-1,-1,-1,-1
39937,[0.26328339 0.58298637],4,7,"[0.2817018170798153, 0.5849768676672948]",-1,-1
39938,[0.14302966 0.26962991],2,-1,-1,40,-1
39939,[0.34965508 0.2048705 ],0,9,"[0.3110394802231661, 0.23517199738277297]",161,-1
39940,[0.61605642 0.63073005],9,2,"[0.5921204552873188, 0.6383928111301557]",-1,-1
39941,[0.79337176 0.61719032],1,-1,-1,-1,-1
39942,[0.27264287 0.27373169],0,5,"[0.23231087327800656, 0.30304944505444303]",1636,11
39943,[0.40772168 0.64544763],3,-1,-1,589,-1
39944,[0.43302267 0.58958218],3,0,"[0.383291892093257, 0.5586820702346661]",-1,-1
39945,[0.61276161 0.47098564],5,3,"[0.6815204869410737, 0.47689852788858716]",622,-1
39946,[0.55026    0.54981685],5,6,"[0.5164739970238864, 0.5319253761973344]",1406,6
39947,[0.33189985 0.20464673],2,9,"[0.3110394802231661, 0.23517199738277297]",-1,-1
39948,[0.55526483 0.45021688],5,-1,-1,-1,-1
39949,[0.31722008 0.61717906],4,7,"[0.2817018170798153, 0.5849768676672948]",-1,-1
39950,[0.435941   0.50994785],5,-1,-1,1059,-1
39951,[0.82526293 0.71049645],1,4,"[0.7726811996944247, 0.7249303226766757]",360,0
39952,[0.46416051 0.56890412],3,6,"[0.5164739970238864, 0.5319253761973344]",1231,-1
39953,[0.56352535 0.2458135 ],6,-1,-1,-1,-1
39954,[0.269821   0.45158786],7,8,"[0.27392971195344684, 0.45973140540928376]",1247,-1
39955,[0.57411489 0.40725244],5,-1,-1,114,-1
39956,[0.20759951 0.18460324],0,-1,-1,-1,-1
39957,[0.39112292 0.38825761],6,1,"[0.3897435781344088, 0.3417040596068965]",-1,-1
39958,[0.70729113 0.52525024],8,3,"[0.6815204869410737, 0.47689852788858716]",-1,-1
39959,[0.69004536 0.49160612],8,3,"[0.6815204869410737, 0.47689852788858716]",-1,2
39960,[0.89621028 0.67999585],1,-1,-1,29,-1
39961,[0.60315097 0.62909911],9,2,"[0.5921204552873188, 0.6383928111301557]",1347,6
39962,[0.33311937 0.56271642],7,0,"[0.383291892093257, 0.5586820702346661]",1975,-1
39963,[0.58626302 0.51632842],5,-1,-1,-1,-1
39964,[0.34391225 0.52589522],3,0,"[0.383291892093257, 0.5586820702346661]",1931,-1
39965,[0.60371784 0.42322639],8,-1,-1,-1,-1
39966,[0.3366615  0.57123401],4,0,"[0.383291892093257, 0.5586820702346661]",-1,-1
39967,[0.28340847 0.38554916],2,-1,-1,1094,-1
39968,[0.8512893  0.84550847],1,-1,-1,18,-1
39969,[0.37769959 0.5381494 ],3,0,"[0.383291892093257, 0.5586820702346661]",1813,-1
39970,[0.96671154 0.84612508],1,-1,-1,-1,-1
39971,[0.36988668 0.57872099],7,0,"[0.383291892093257, 0.5586820702346661]",1866,12
39972,[0.51965919 0.5425604 ],9,6,"[0.5164739970238864, 0.5319253761973344]",-1,3
39973,[0.74838077 0.74001549],1,4,"[0.7726811996944247, 0.7249303226766757]",453,0
39974,[0.40369879 0.34713273],6,1,"[0.3897435781344088, 0.3417040596068965]",997,-1
39975,[0.29614265 0.30681535],2,5,"[0.23231087327800656, 0.30304944505444303]",1650,-1
39976,[0.54926099 0.56097758],5,6,"[0.5164739970238864, 0.5319253761973344]",1406,6
39977,[0.30765731 0.26466508],0,9,"[0.3110394802231661, 0.23517199738277297]",1512,-1
39978,[0.36759113 0.21187258],6,9,"[0.3110394802231661, 0.23517199738277297]",171,-1
39979,[0.27443742 0.51662204],7,8,"[0.27392971195344684, 0.45973140540928376]",1887,14
39980,[0.39929551 0.50525671],3,0,"[0.383291892093257, 0.5586820702346661]",-1,-1
39981,[0.36068129 0.5106713 ],5,0,"[0.383291892093257, 0.5586820702346661]",1899,-1
39982,[0.39905925 0.39710887],6,1,"[0.3897435781344088, 0.3417040596068965]",760,-1
39983,[0.2809519  0.36831136],2,-1,-1,-1,-1
39984,[0.57424228 0.65662896],5,2,"[0.5921204552873188, 0.6383928111301557]",-1,-1
39985,[0.36844235 0.37096783],0,1,"[0.3897435781344088, 0.3417040596068965]",-1,-1
39986,[0.33984468 0.27157082],0,9,"[0.3110394802231661, 0.23517199738277297]",-1,-1
39987,[0.85031192 0.81305985],1,-1,-1,-1,-1
39988,[0.51331946 0.7274207 ],9,-1,-1,116,-1
39989,[0.35541082 0.31594959],6,1,"[0.3897435781344088, 0.3417040596068965]",1526,-1
39990,[0.51034562 0.66582768],5,-1,-1,-1,-1
39991,[0.41502318 0.32545064],6,1,"[0.3897435781344088, 0.3417040596068965]",996,-1
39992,[0.23062524 0.26468005],0,5,"[0.23231087327800656, 0.30304944505444303]",-1,-1
39993,[0.38742428 0.52931008],3,0,"[0.383291892093257, 0.5586820702346661]",1777,-1
39994,[0.3066681  0.22886123],0,9,"[0.3110394802231661, 0.23517199738277297]",-1,-1
39995,[0.35983373 0.62934523],3,-1,-1,1304,-1
39996,[0.63879509 0.57867222],8,-1,-1,-1,-1
39997,[0.25908456 0.46386094],7,8,"[0.27392971195344684, 0.45973140540928376]",1595,-1
39998,[0.47004065 0.47169881],5,-1,-1,-1,-1
39999,[0.46469055 0.56699887],3,6,"[0.5164739970238864, 0.5319253761973344]",1231,-1
40000,[0.4273852 0.544032 ],3,0,"[0.383291892093257, 0.5586820702346661]",-1,-1
40001,[0.36444746 0.27361005],6,9,"[0.3110394802231661, 0.23517199738277297]",-1,-1
40002,[0.31660876 0.26648608],2,9,"[0.3110394802231661, 0.23517199738277297]",1508,-1
40003,[0.67932665 0.51936923],8,3,"[0.6815204869410737, 0.47689852788858716]",-1,-1
40004,[0.67212229 0.42225194],8,3,"[0.6815204869410737, 0.47689852788858716]",612,-1
40005,[0.77014949 0.40453784],8,-1,-1,65,-1
40006,[0.89379458 0.70314106],1,-1,-1,136,-1
40007,[0.25756451 0.25916129],2,5,"[0.23231087327800656, 0.30304944505444303]",-1,-1
40008,[0.28612746 0.52307354],7,7,"[0.2817018170798153, 0.5849768676672948]",1885,14
40009,[0.52906681 0.70313487],9,-1,-1,295,-1
40010,[0.39452344 0.60204599],3,0,"[0.383291892093257, 0.5586820702346661]",-1,-1
40011,[0.50516428 0.61387675],9,-1,-1,1133,-1
40012,[0.65396329 0.56528462],8,-1,-1,-1,-1
40013,[0.28910541 0.60112992],3,7,"[0.2817018170798153, 0.5849768676672948]",1693,-1
40014,[0.32379868 0.3659122 ],6,-1,-1,1392,-1
40015,[0.35100497 0.53604997],4,0,"[0.383291892093257, 0.5586820702346661]",-1,16
40016,[0.75159041 0.73730164],1,4,"[0.7726811996944247, 0.7249303226766757]",-1,0
40017,[0.439513 0.613341],3,-1,-1,-1,-1
40018,[0.25904479 0.5426112 ],4,7,"[0.2817018170798153, 0.5849768676672948]",1559,-1
40019,[0.34615658 0.38125992],2,1,"[0.3897435781344088, 0.3417040596068965]",995,-1
40020,[0.3288663  0.43327051],4,8,"[0.27392971195344684, 0.45973140540928376]",940,-1
40021,[0.73779996 0.49352472],8,3,"[0.6815204869410737, 0.47689852788858716]",-1,-1
40022,[0.45480155 0.54600798],3,6,"[0.5164739970238864, 0.5319253761973344]",1289,-1
40023,[0.82047673 0.70042083],1,4,"[0.7726811996944247, 0.7249303226766757]",-1,0
40024,[0.71644275 0.56957283],8,-1,-1,-1,-1
40025,[0.56787323 0.57545457],5,6,"[0.5164739970238864, 0.5319253761973344]",1458,6
40026,[0.43901634 0.51494458],3,-1,-1,-1,-1
40027,[0.57008767 0.43134961],5,-1,-1,252,-1
40028,[0.80254737 0.6840752 ],1,4,"[0.7726811996944247, 0.7249303226766757]",354,0
40029,[0.65747789 0.62060385],9,2,"[0.5921204552873188, 0.6383928111301557]",-1,-1
40030,[0.70929753 0.46562662],8,3,"[0.6815204869410737, 0.47689852788858716]",717,-1
40031,[0.25176872 0.30683423],0,5,"[0.23231087327800656, 0.30304944505444303]",-1,-1
40032,[0.32614956 0.43346978],7,8,"[0.27392971195344684, 0.45973140540928376]",940,-1
40033,[0.681301   0.52530913],8,3,"[0.6815204869410737, 0.47689852788858716]",-1,-1
40034,[0.47473345 0.59002568],5,-1,-1,1227,-1
40035,[0.32451939 0.50691155],4,8,"[0.27392971195344684, 0.45973140540928376]",-1,-1
40036,[0.84148711 0.8638684 ],1,-1,-1,-1,-1
40037,[0.76880652 0.71420441],1,4,"[0.7726811996944247, 0.7249303226766757]",-1,0
40038,[0.632281   0.49812389],5,3,"[0.6815204869410737, 0.47689852788858716]",795,-1
40039,[0.52588938 0.67638617],9,-1,-1,642,-1
40040,[0.78227919 0.63681403],1,-1,-1,-1,0
40041,[0.47784998 0.30319395],6,-1,-1,-1,-1
40042,[0.67647934 0.38340388],8,-1,-1,159,-1
40043,[0.55003516 0.58799546],9,6,"[0.5164739970238864, 0.5319253761973344]",1433,6
40044,[0.38641667 0.70874315],3,-1,-1,-1,-1
40045,[0.70615868 0.85218877],1,-1,-1,-1,-1
40046,[0.27238016 0.36587347],2,-1,-1,-1,-1
40047,[0.65268234 0.39150916],8,-1,-1,242,-1
40048,[0.42746596 0.44419561],3,-1,-1,-1,-1
40049,[0.22243999 0.25689259],0,5,"[0.23231087327800656, 0.30304944505444303]",1021,-1
40050,[0.28757872 0.47281578],7,8,"[0.27392971195344684, 0.45973140540928376]",-1,-1
40051,[0.63981308 0.50637951],8,3,"[0.6815204869410737, 0.47689852788858716]",866,-1
40052,[0.28570021 0.1808231 ],0,9,"[0.3110394802231661, 0.23517199738277297]",-1,-1
40053,[0.38956985 0.27757169],6,1,"[0.3897435781344088, 0.3417040596068965]",-1,-1
40054,[0.25944777 0.46467723],7,8,"[0.27392971195344684, 0.45973140540928376]",1595,-1
40055,[0.36597326 0.22451723],0,9,"[0.3110394802231661, 0.23517199738277297]",484,-1
40056,[0.36987767 0.59018283],3,0,"[0.383291892093257, 0.5586820702346661]",-1,12
40057,[0.48130207 0.60081276],5,-1,-1,1153,-1
40058,[0.251154   0.33250802],2,5,"[0.23231087327800656, 0.30304944505444303]",1502,-1
40059,[0.4879858  0.63172937],3,-1,-1,647,-1
40060,[0.21145958 0.26739567],2,5,"[0.23231087327800656, 0.30304944505444303]",1111,-1
40061,[0.27404698 0.33684463],0,5,"[0.23231087327800656, 0.30304944505444303]",1607,-1
40062,[0.59144731 0.59217068],9,2,"[0.5921204552873188, 0.6383928111301557]",-1,-1
40063,[0.34415809 0.54283103],7,0,"[0.383291892093257, 0.5586820702346661]",-1,16
40064,[0.56347147 0.64196516],9,2,"[0.5921204552873188, 0.6383928111301557]",1220,-1
40065,[0.27024653 0.65527874],4,-1,-1,-1,-1
40066,[0.77219608 0.62552212],1,-1,-1,-1,0
40067,[0.19536462 0.28071109],0,5,"[0.23231087327800656, 0.30304944505444303]",745,-1
40068,[0.4877422  0.54101537],5,6,"[0.5164739970238864, 0.5319253761973344]",-1,-1
40069,[0.5950096  0.41787595],8,-1,-1,153,-1
40070,[0.29328123 0.26764791],2,9,"[0.3110394802231661, 0.23517199738277297]",1496,-1
40071,[0.47603128 0.63131884],9,-1,-1,647,-1
40072,[0.70953186 0.60232945],1,-1,-1,-1,-1
40073,[0.35122226 0.5052116 ],3,0,"[0.383291892093257, 0.5586820702346661]",1801,-1
40074,[0.60739453 0.63413183],5,2,"[0.5921204552873188, 0.6383928111301557]",-1,6
40075,[0.23763649 0.440979  ],7,8,"[0.27392971195344684, 0.45973140540928376]",696,-1
40076,[0.27722932 0.35610471],2,5,"[0.23231087327800656, 0.30304944505444303]",1264,-1
40077,[0.37126865 0.54643783],3,0,"[0.383291892093257, 0.5586820702346661]",1804,-1
40078,[0.49726878 0.30720082],6,-1,-1,93,-1
40079,[0.38272509 0.6401302 ],4,-1,-1,785,-1
40080,[0.30411584 0.25239854],0,9,"[0.3110394802231661, 0.23517199738277297]",-1,-1
40081,[0.3940946  0.57585752],3,0,"[0.383291892093257, 0.5586820702346661]",-1,-1
40082,[0.88131643 0.7174992 ],1,-1,-1,-1,0
40083,[0.64142138 0.38737379],8,-1,-1,157,-1
40084,[0.68617914 0.45213078],8,3,"[0.6815204869410737, 0.47689852788858716]",735,-1
40085,[0.37661391 0.5098398 ],3,0,"[0.383291892093257, 0.5586820702346661]",1764,-1
40086,[0.17896644 0.25741345],0,-1,-1,505,-1
40087,[0.28394289 0.25764155],0,9,"[0.3110394802231661, 0.23517199738277297]",-1,-1
40088,[0.31499481 0.60638135],4,7,"[0.2817018170798153, 0.5849768676672948]",1936,-1
40089,[0.34594719 0.32565944],0,1,"[0.3897435781344088, 0.3417040596068965]",-1,-1
40090,[0.67693522 0.45822635],8,3,"[0.6815204869410737, 0.47689852788858716]",735,-1
40091,[0.29216287 0.26442962],2,9,"[0.3110394802231661, 0.23517199738277297]",-1,-1
40092,[0.26770591 0.41640738],2,8,"[0.27392971195344684, 0.45973140540928376]",-1,-1
40093,[0.57904081 0.59991743],9,2,"[0.5921204552873188, 0.6383928111301557]",1443,6
40094,[0.47969294 0.27766916],6,-1,-1,-1,-1
40095,[0.47351493 0.30772378],6,-1,-1,-1,-1
40096,[0.36898698 0.58708139],4,0,"[0.383291892093257, 0.5586820702346661]",1846,12
40097,[0.28754891 0.61683943],7,7,"[0.2817018170798153, 0.5849768676672948]",878,-1
40098,[0.44332103 0.41815069],6,-1,-1,-1,-1
40099,[0.25728555 0.40373811],0,8,"[0.27392971195344684, 0.45973140540928376]",-1,-1
40100,[0.4388034  0.58442843],3,0,"[0.383291892093257, 0.5586820702346661]",1436,-1
40101,[0.68702485 0.41911003],8,3,"[0.6815204869410737, 0.47689852788858716]",592,-1
40102,[0.40820113 0.62214925],3,0,"[0.383291892093257, 0.5586820702346661]",-1,-1
40103,[0.34900823 0.35426309],2,1,"[0.3897435781344088, 0.3417040596068965]",-1,-1
40104,[0.25338897 0.25397849],0,5,"[0.23231087327800656, 0.30304944505444303]",1312,-1
40105,[0.18528921 0.55368375],7,-1,-1,-1,-1
40106,[0.28334778 0.5459078 ],7,7,"[0.2817018170798153, 0.5849768676672948]",-1,-1
40107,[0.56260261 0.63332637],9,2,"[0.5921204552873188, 0.6383928111301557]",1278,6
40108,[0.44310877 0.64091305],5,-1,-1,534,-1
40109,[0.77334819 0.71633367],1,4,"[0.7726811996944247, 0.7249303226766757]",477,0
40110,[0.46105926 0.45295524],5,-1,-1,270,-1
40111,[0.34900234 0.23110644],0,9,"[0.3110394802231661, 0.23517199738277297]",-1,-1
40112,[0.35928999 0.52001465],4,0,"[0.383291892093257, 0.5586820702346661]",1921,-1
40113,[0.1689276  0.28384694],2,5,"[0.23231087327800656, 0.30304944505444303]",726,-1
40114,[0.64097312 0.52910543],8,3,"[0.6815204869410737, 0.47689852788858716]",861,-1
40115,[0.49835509 0.55171537],3,6,"[0.5164739970238864, 0.5319253761973344]",-1,-1
40116,[0.63618158 0.62590972],9,2,"[0.5921204552873188, 0.6383928111301557]",1160,-1
40117,[0.70120997 0.52098513],8,3,"[0.6815204869410737, 0.47689852788858716]",570,-1
40118,[0.56814754 0.64344951],5,2,"[0.5921204552873188, 0.6383928111301557]",1220,-1
40119,[0.76644534 0.76469127],1,4,"[0.7726811996944247, 0.7249303226766757]",-1,0
40120,[0.48125542 0.64861737],5,-1,-1,-1,-1
40121,[0.22375385 0.61696603],7,7,"[0.2817018170798153, 0.5849768676672948]",-1,-1
40122,[0.3402302  0.53274219],3,0,"[0.383291892093257, 0.5586820702346661]",-1,16
40123,[0.7769581  0.70241881],1,4,"[0.7726811996944247, 0.7249303226766757]",438,0
40124,[0.52210163 0.46560455],5,6,"[0.5164739970238864, 0.5319253761973344]",602,-1
40125,[0.37258776 0.27730573],0,1,"[0.3897435781344088, 0.3417040596068965]",1170,-1
40126,[0.51426261 0.54599596],5,6,"[0.5164739970238864, 0.5319253761973344]",1186,3
40127,[0.26405815 0.53647112],7,7,"[0.2817018170798153, 0.5849768676672948]",1743,-1
40128,[0.5320546  0.55481238],9,6,"[0.5164739970238864, 0.5319253761973344]",1359,-1
40129,[0.68012118 0.47389706],8,3,"[0.6815204869410737, 0.47689852788858716]",814,2
40130,[0.43933706 0.29220833],6,-1,-1,719,-1
40131,[0.42060901 0.35775073],6,1,"[0.3897435781344088, 0.3417040596068965]",-1,-1
40132,[0.69980555 0.44646944],8,3,"[0.6815204869410737, 0.47689852788858716]",595,-1
40133,[0.57665847 0.65113705],9,2,"[0.5921204552873188, 0.6383928111301557]",1124,-1
40134,[0.34598131 0.53185552],7,0,"[0.383291892093257, 0.5586820702346661]",1946,16
40135,[0.35645146 0.60207249],4,0,"[0.383291892093257, 0.5586820702346661]",1818,-1
40136,[0.24545929 0.19340116],0,-1,-1,-1,-1
40137,[0.66274903 0.60232648],9,-1,-1,-1,-1
40138,[0.25076234 0.55524328],4,7,"[0.2817018170798153, 0.5849768676672948]",1706,-1
40139,[0.2833849  0.62949018],4,7,"[0.2817018170798153, 0.5849768676672948]",588,-1
40140,[0.2082863  0.34789773],0,5,"[0.23231087327800656, 0.30304944505444303]",-1,-1
40141,[0.65603275 0.65894187],9,2,"[0.5921204552873188, 0.6383928111301557]",-1,-1
40142,[0.25317019 0.53657001],7,7,"[0.2817018170798153, 0.5849768676672948]",-1,-1
40143,[0.35057372 0.27816612],0,9,"[0.3110394802231661, 0.23517199738277297]",-1,-1
40144,[0.45898026 0.30155905],6,-1,-1,473,-1
40145,[0.23140379 0.34987111],2,5,"[0.23231087327800656, 0.30304944505444303]",-1,-1
40146,[0.23405034 0.55064725],7,7,"[0.2817018170798153, 0.5849768676672948]",1411,-1
40147,[0.73539597 0.63256025],8,-1,-1,184,0
40148,[0.82289495 0.78763502],1,-1,-1,-1,0
40149,[0.37664446 0.34052032],6,1,"[0.3897435781344088, 0.3417040596068965]",1122,-1
40150,[0.74856296 0.59384575],1,-1,-1,110,-1
40151,[0.25087977 0.50627839],4,8,"[0.27392971195344684, 0.45973140540928376]",1759,-1
40152,[0.2332082  0.35370692],0,5,"[0.23231087327800656, 0.30304944505444303]",1130,-1
40153,[0.27360667 0.60872815],4,7,"[0.2817018170798153, 0.5849768676672948]",-1,-1
40154,[0.80021286 0.69702938],1,4,"[0.7726811996944247, 0.7249303226766757]",353,0
40155,[0.48115844 0.24698921],6,-1,-1,-1,-1
40156,[0.44929408 0.52867084],5,6,"[0.5164739970238864, 0.5319253761973344]",1306,-1
40157,[0.47187556 0.53060605],5,6,"[0.5164739970238864, 0.5319253761973344]",-1,-1
40158,[0.29160007 0.51439688],4,8,"[0.27392971195344684, 0.45973140540928376]",1914,14
40159,[0.25917736 0.60499436],4,7,"[0.2817018170798153, 0.5849768676672948]",1646,-1
40160,[0.80078813 0.71149164],1,4,"[0.7726811996944247, 0.7249303226766757]",-1,0
40161,[0.45492871 0.64510399],3,-1,-1,-1,-1
40162,[0.60335157 0.52352399],8,-1,-1,1102,-1
40163,[0.30266071 0.21517149],0,9,"[0.3110394802231661, 0.23517199738277297]",1016,-1
40164,[0.27526583 0.58186608],7,7,"[0.2817018170798153, 0.5849768676672948]",1670,-1
40165,[0.27441902 0.46543065],7,8,"[0.27392971195344684, 0.45973140540928376]",-1,-1
40166,[0.57602237 0.50449403],5,6,"[0.5164739970238864, 0.5319253761973344]",840,-1
40167,[0.29288334 0.56868378],4,7,"[0.2817018170798153, 0.5849768676672948]",-1,-1
40168,[0.30157551 0.36437408],2,-1,-1,-1,-1
40169,[0.20168307 0.21432799],2,-1,-1,565,-1
40170,[0.47366504 0.57848027],5,6,"[0.5164739970238864, 0.5319253761973344]",1026,-1
40171,[0.35538318 0.41716971],2,-1,-1,882,-1
40172,[0.41330266 0.53152848],3,0,"[0.383291892093257, 0.5586820702346661]",1244,-1
40173,[0.33152307 0.61281233],4,7,"[0.2817018170798153, 0.5849768676672948]",1544,-1
40174,[0.41127177 0.30411743],6,1,"[0.3897435781344088, 0.3417040596068965]",-1,-1
40175,[0.26545179 0.33158693],0,5,"[0.23231087327800656, 0.30304944505444303]",1601,-1
40176,[0.31117994 0.28676755],2,9,"[0.3110394802231661, 0.23517199738277297]",1614,11
40177,[0.23573777 0.51788598],7,8,"[0.27392971195344684, 0.45973140540928376]",-1,-1
40178,[0.57224594 0.60723714],5,2,"[0.5921204552873188, 0.6383928111301557]",-1,6
40179,[0.3893873  0.53481234],3,0,"[0.383291892093257, 0.5586820702346661]",1777,-1
40180,[0.53749158 0.63667212],9,2,"[0.5921204552873188, 0.6383928111301557]",-1,-1
40181,[0.17718029 0.24722584],2,-1,-1,-1,-1
40182,[0.75711047 0.73248118],1,4,"[0.7726811996944247, 0.7249303226766757]",468,0
40183,[0.438885   0.23984872],6,-1,-1,178,-1
40184,[0.59780315 0.63780102],9,2,"[0.5921204552873188, 0.6383928111301557]",1166,-1
40185,[0.67561224 0.4362359 ],8,3,"[0.6815204869410737, 0.47689852788858716]",-1,-1
40186,[0.26783609 0.52559098],7,7,"[0.2817018170798153, 0.5849768676672948]",-1,-1
40187,[0.40937388 0.35217897],6,1,"[0.3897435781344088, 0.3417040596068965]",986,-1
40188,[0.5089217  0.63693774],5,-1,-1,938,-1
40189,[0.4674259 0.3488539],6,-1,-1,531,-1
40190,[0.59874174 0.62257332],5,2,"[0.5921204552873188, 0.6383928111301557]",-1,6
40191,[0.18958442 0.49490581],4,-1,-1,-1,-1
40192,[0.28950085 0.58132968],7,7,"[0.2817018170798153, 0.5849768676672948]",-1,-1
40193,[0.57634019 0.49900427],5,6,"[0.5164739970238864, 0.5319253761973344]",847,-1
40194,[0.59847977 0.54034182],5,-1,-1,1291,-1
40195,[0.36319134 0.27216201],6,9,"[0.3110394802231661, 0.23517199738277297]",1156,-1
40196,[0.5486095  0.55292247],5,6,"[0.5164739970238864, 0.5319253761973344]",1406,-1
40197,[0.31364739 0.48238253],4,8,"[0.27392971195344684, 0.45973140540928376]",-1,-1
40198,[0.29175093 0.16318737],0,-1,-1,-1,-1
40199,[0.71343506 0.72805907],1,4,"[0.7726811996944247, 0.7249303226766757]",-1,0
40200,[0.59277064 0.74512525],9,-1,-1,-1,-1
40201,[0.34086684 0.46929404],7,8,"[0.27392971195344684, 0.45973140540928376]",-1,-1
40202,[0.54705165 0.58591896],9,6,"[0.5164739970238864, 0.5319253761973344]",1432,6
40203,[0.47519333 0.32746641],2,-1,-1,268,-1
40204,[0.32874963 0.31853511],2,1,"[0.3897435781344088, 0.3417040596068965]",-1,10
40205,[0.18925536 0.61246428],7,-1,-1,-1,-1
40206,[0.34736344 0.70193624],3,-1,-1,-1,-1
40207,[0.56612835 0.57599916],5,6,"[0.5164739970238864, 0.5319253761973344]",1458,6
40208,[0.66310674 0.34153822],8,-1,-1,-1,-1
40209,[0.23466797 0.44486275],7,8,"[0.27392971195344684, 0.45973140540928376]",-1,-1
40210,[0.30404279 0.3689609 ],6,-1,-1,1594,-1
40211,[0.50107763 0.66082814],9,-1,-1,727,-1
40212,[0.41787687 0.63088017],3,-1,-1,-1,-1
40213,[0.12180278 0.22279032],0,-1,-1,-1,-1
40214,[0.24435611 0.35662844],0,5,"[0.23231087327800656, 0.30304944505444303]",1570,-1
40215,[0.25234495 0.36498115],0,5,"[0.23231087327800656, 0.30304944505444303]",-1,-1
40216,[0.3203073  0.46725124],4,8,"[0.27392971195344684, 0.45973140540928376]",-1,-1
40217,[0.40483508 0.52900955],4,0,"[0.383291892093257, 0.5586820702346661]",1641,-1
40218,[0.69071266 0.29048759],8,-1,-1,-1,-1
40219,[0.19522911 0.55404842],7,-1,-1,-1,-1
40220,[0.27183712 0.26982442],2,5,"[0.23231087327800656, 0.30304944505444303]",1635,-1
40221,[0.14052409 0.27080582],0,-1,-1,40,-1
40222,[0.33561152 0.42204529],6,-1,-1,917,-1
40223,[0.36622855 0.33023304],6,1,"[0.3897435781344088, 0.3417040596068965]",-1,-1
40224,[0.45852443 0.66383091],5,-1,-1,137,-1
40225,[0.23932809 0.41315741],6,8,"[0.27392971195344684, 0.45973140540928376]",-1,-1
40226,[0.50758937 0.57441511],5,6,"[0.5164739970238864, 0.5319253761973344]",1381,6
40227,[0.14648015 0.54763954],7,-1,-1,-1,-1
40228,[0.68530445 0.44993581],8,3,"[0.6815204869410737, 0.47689852788858716]",735,-1
40229,[0.24605191 0.1888122 ],0,-1,-1,344,-1
40230,[0.66888526 0.48487106],8,3,"[0.6815204869410737, 0.47689852788858716]",830,-1
40231,[0.52800215 0.66346836],5,2,"[0.5921204552873188, 0.6383928111301557]",919,-1
40232,[0.63257702 0.63679996],8,2,"[0.5921204552873188, 0.6383928111301557]",1161,-1
40233,[0.39798765 0.36208383],6,1,"[0.3897435781344088, 0.3417040596068965]",1061,-1
40234,[0.55202196 0.47571697],5,6,"[0.5164739970238864, 0.5319253761973344]",744,-1
40235,[0.3933361  0.64196505],4,-1,-1,-1,-1
40236,[0.26197188 0.51373821],7,8,"[0.27392971195344684, 0.45973140540928376]",-1,-1
40237,[0.29277436 0.23491223],6,9,"[0.3110394802231661, 0.23517199738277297]",1370,-1
40238,[0.54427702 0.36362441],6,-1,-1,-1,-1
40239,[0.80775684 0.71654575],1,4,"[0.7726811996944247, 0.7249303226766757]",456,0
40240,[0.37985032 0.19719293],2,-1,-1,127,-1
40241,[0.42222876 0.71602607],3,-1,-1,-1,-1
40242,[0.26118391 0.28093685],2,5,"[0.23231087327800656, 0.30304944505444303]",1547,-1
40243,[0.35701697 0.27487172],6,9,"[0.3110394802231661, 0.23517199738277297]",1156,-1
40244,[0.32460385 0.28150961],2,9,"[0.3110394802231661, 0.23517199738277297]",1520,11
40245,[0.28435611 0.3068716 ],2,5,"[0.23231087327800656, 0.30304944505444303]",1578,-1
40246,[0.70125669 0.53770641],8,3,"[0.6815204869410737, 0.47689852788858716]",559,-1
40247,[0.83539052 0.62811151],1,-1,-1,-1,-1
40248,[0.49396808 0.54532223],5,6,"[0.5164739970238864, 0.5319253761973344]",-1,-1
40249,[0.26567716 0.2967945 ],0,5,"[0.23231087327800656, 0.30304944505444303]",-1,-1
40250,[0.70413758 0.45848853],8,3,"[0.6815204869410737, 0.47689852788858716]",-1,-1
40251,[0.5615666  0.64531561],5,2,"[0.5921204552873188, 0.6383928111301557]",1219,-1
40252,[0.49183708 0.31902309],6,-1,-1,72,-1
40253,[0.39993522 0.55550695],3,0,"[0.383291892093257, 0.5586820702346661]",1749,-1
40254,[0.55341411 0.57760204],9,6,"[0.5164739970238864, 0.5319253761973344]",-1,6
40255,[0.34704392 0.64671759],3,-1,-1,-1,-1
40256,[0.79387484 0.65704519],1,-1,-1,328,0
40257,[0.26610976 0.41883055],4,8,"[0.27392971195344684, 0.45973140540928376]",695,-1
40258,[0.32855475 0.24870722],2,9,"[0.3110394802231661, 0.23517199738277297]",1489,-1
40259,[0.38354861 0.57596292],3,0,"[0.383291892093257, 0.5586820702346661]",1825,-1
40260,[0.67051837 0.53194361],8,3,"[0.6815204869410737, 0.47689852788858716]",-1,-1
40261,[0.73567425 0.73218395],1,4,"[0.7726811996944247, 0.7249303226766757]",-1,0
40262,[0.6154654  0.54103269],9,-1,-1,734,-1
40263,[0.27813536 0.52517417],4,7,"[0.2817018170798153, 0.5849768676672948]",1887,-1
40264,[0.33351557 0.51355835],4,0,"[0.383291892093257, 0.5586820702346661]",-1,-1
40265,[0.33010108 0.28031817],0,9,"[0.3110394802231661, 0.23517199738277297]",1520,-1
40266,[0.60431618 0.48582574],8,-1,-1,837,-1
40267,[0.49644949 0.61097123],5,-1,-1,918,-1
40268,[0.62143281 0.50229116],8,3,"[0.6815204869410737, 0.47689852788858716]",-1,-1
40269,[0.34175171 0.5570432 ],3,0,"[0.383291892093257, 0.5586820702346661]",-1,-1
40270,[0.2011519  0.23501774],0,-1,-1,-1,-1
40271,[0.70727735 0.56104298],8,-1,-1,563,-1
40272,[0.23693004 0.3051337 ],0,5,"[0.23231087327800656, 0.30304944505444303]",1567,-1
40273,[0.33756365 0.50704322],4,0,"[0.383291892093257, 0.5586820702346661]",1880,-1
40274,[0.41863248 0.46631421],4,-1,-1,716,-1
40275,[0.30579423 0.49362867],7,8,"[0.27392971195344684, 0.45973140540928376]",1888,-1
40276,[0.70171595 0.60763636],8,-1,-1,273,-1
40277,[0.68043784 0.49599747],8,3,"[0.6815204869410737, 0.47689852788858716]",-1,-1
40278,[0.26194418 0.28647679],0,5,"[0.23231087327800656, 0.30304944505444303]",-1,-1
40279,[0.28310954 0.47816482],7,8,"[0.27392971195344684, 0.45973140540928376]",1799,-1
40280,[0.33111474 0.35859193],6,1,"[0.3897435781344088, 0.3417040596068965]",-1,-1
40281,[0.35331387 0.24570419],2,9,"[0.3110394802231661, 0.23517199738277297]",634,-1
40282,[0.68604135 0.55533613],8,-1,-1,673,-1
40283,[0.37402983 0.60629532],3,0,"[0.383291892093257, 0.5586820702346661]",1755,-1
40284,[0.26949482 0.52218549],3,8,"[0.27392971195344684, 0.45973140540928376]",-1,-1
40285,[0.73760628 0.69005437],9,4,"[0.7726811996944247, 0.7249303226766757]",-1,0
40286,[0.48655    0.67041289],5,-1,-1,305,-1
40287,[0.33547787 0.61322896],7,7,"[0.2817018170798153, 0.5849768676672948]",-1,-1
40288,[0.28604079 0.26638084],6,9,"[0.3110394802231661, 0.23517199738277297]",1627,-1
40289,[0.39525251 0.72399726],3,-1,-1,-1,-1
40290,[0.42619306 0.58297996],3,0,"[0.383291892093257, 0.5586820702346661]",-1,-1
40291,[0.19493723 0.30054796],2,5,"[0.23231087327800656, 0.30304944505444303]",743,-1
40292,[0.32534683 0.29039715],6,9,"[0.3110394802231661, 0.23517199738277297]",-1,-1
40293,[0.31738888 0.68654267],4,-1,-1,-1,-1
40294,[0.24319531 0.31040908],0,5,"[0.23231087327800656, 0.30304944505444303]",1567,-1
40295,[0.75002901 0.73688791],1,4,"[0.7726811996944247, 0.7249303226766757]",-1,0
40296,[0.40581932 0.52490335],3,0,"[0.383291892093257, 0.5586820702346661]",-1,-1
40297,[0.55608879 0.58318264],9,6,"[0.5164739970238864, 0.5319253761973344]",-1,6
40298,[0.26764597 0.28858731],2,5,"[0.23231087327800656, 0.30304944505444303]",-1,-1
40299,[0.57910875 0.58496732],9,2,"[0.5921204552873188, 0.6383928111301557]",-1,6
40300,[0.38086737 0.50470554],3,0,"[0.383291892093257, 0.5586820702346661]",-1,-1
40301,[0.74240702 0.68071823],1,4,"[0.7726811996944247, 0.7249303226766757]",439,0
40302,[0.33554456 0.58067378],3,0,"[0.383291892093257, 0.5586820702346661]",1980,-1
40303,[0.52219299 0.54000406],5,6,"[0.5164739970238864, 0.5319253761973344]",-1,3
40304,[0.22212074 0.12858327],0,-1,-1,-1,-1
40305,[0.2961524  0.50163004],4,8,"[0.27392971195344684, 0.45973140540928376]",-1,-1
40306,[0.3966022  0.33008248],6,1,"[0.3897435781344088, 0.3417040596068965]",1003,-1
40307,[0.16654337 0.29451764],0,5,"[0.23231087327800656, 0.30304944505444303]",-1,-1
40308,[0.35705413 0.22392863],0,9,"[0.3110394802231661, 0.23517199738277297]",485,-1
40309,[0.30519726 0.54996469],4,7,"[0.2817018170798153, 0.5849768676672948]",-1,-1
40310,[0.37652377 0.50501594],3,0,"[0.383291892093257, 0.5586820702346661]",1765,-1
40311,[0.34546101 0.45263745],6,-1,-1,-1,-1
40312,[0.21113966 0.47438165],7,8,"[0.27392971195344684, 0.45973140540928376]",591,-1
40313,[0.5868677  0.45738649],8,-1,-1,607,-1
40314,[0.4961084  0.34005419],6,-1,-1,168,-1
40315,[0.20862601 0.60088044],4,-1,-1,181,-1
40316,[0.30769743 0.33108324],0,-1,-1,1678,-1
40317,[0.56747064 0.61046715],9,2,"[0.5921204552873188, 0.6383928111301557]",-1,-1
40318,[0.4786192 0.5202497],5,6,"[0.5164739970238864, 0.5319253761973344]",1002,-1
40319,[0.54766303 0.48168543],5,6,"[0.5164739970238864, 0.5319253761973344]",-1,-1
40320,[0.2996863  0.18353804],0,9,"[0.3110394802231661, 0.23517199738277297]",425,-1
40321,[0.69218124 0.56954505],5,-1,-1,235,-1
40322,[0.56860751 0.66942937],9,2,"[0.5921204552873188, 0.6383928111301557]",1033,-1
40323,[0.19973648 0.25933822],0,5,"[0.23231087327800656, 0.30304944505444303]",1012,-1
40324,[0.74559686 0.55693068],1,-1,-1,-1,-1
40325,[0.56866137 0.61385641],9,2,"[0.5921204552873188, 0.6383928111301557]",1412,-1
40326,[0.2362438  0.38902802],7,-1,-1,912,-1
40327,[0.82448264 0.805406  ],1,-1,-1,-1,0
40328,[0.89804942 0.66149444],1,-1,-1,-1,-1
40329,[0.48769659 0.55634977],5,6,"[0.5164739970238864, 0.5319253761973344]",1184,-1
40330,[0.57100039 0.69062875],9,2,"[0.5921204552873188, 0.6383928111301557]",-1,-1
40331,[0.33119772 0.33607471],0,1,"[0.3897435781344088, 0.3417040596068965]",1616,-1
40332,[0.23785447 0.34473538],0,5,"[0.23231087327800656, 0.30304944505444303]",-1,-1
40333,[0.68219422 0.74228261],1,-1,-1,-1,0
40334,[0.42187906 0.36575302],6,1,"[0.3897435781344088, 0.3417040596068965]",682,-1
40335,[0.75995861 0.68398972],1,4,"[0.7726811996944247, 0.7249303226766757]",-1,0
40336,[0.24939512 0.28570706],0,5,"[0.23231087327800656, 0.30304944505444303]",-1,-1
40337,[0.39263763 0.48422181],4,-1,-1,1036,-1
40338,[0.35450782 0.57959127],3,0,"[0.383291892093257, 0.5586820702346661]",-1,-1
40339,[0.40495801 0.25956465],6,-1,-1,842,-1
40340,[0.66005442 0.63837797],9,2,"[0.5921204552873188, 0.6383928111301557]",-1,-1
40341,[0.41166461 0.65199031],3,-1,-1,-1,-1
40342,[0.2850451  0.49671309],7,8,"[0.27392971195344684, 0.45973140540928376]",1768,-1
40343,[0.71904548 0.76034175],1,4,"[0.7726811996944247, 0.7249303226766757]",-1,0
40344,[0.38342461 0.2675621 ],6,-1,-1,-1,-1
40345,[0.3439555  0.60010451],7,0,"[0.383291892093257, 0.5586820702346661]",-1,-1
40346,[0.21222099 0.35147957],2,5,"[0.23231087327800656, 0.30304944505444303]",-1,-1
40347,[0.24574048 0.37155707],7,5,"[0.23231087327800656, 0.30304944505444303]",1149,-1
40348,[0.84512356 0.73608337],1,-1,-1,-1,0
40349,[0.6929111  0.46181992],8,3,"[0.6815204869410737, 0.47689852788858716]",806,-1
40350,[0.32715406 0.4047373 ],2,-1,-1,948,-1
40351,[0.16722257 0.37329508],0,-1,-1,145,-1
40352,[0.73520299 0.70022757],1,4,"[0.7726811996944247, 0.7249303226766757]",437,0
40353,[0.78042064 0.39405472],8,-1,-1,-1,-1
40354,[0.37066812 0.1681648 ],0,-1,-1,-1,-1
40355,[0.60140065 0.68627463],9,2,"[0.5921204552873188, 0.6383928111301557]",658,-1
40356,[0.36500415 0.26500678],0,9,"[0.3110394802231661, 0.23517199738277297]",1156,-1
40357,[0.4177862  0.58838518],3,0,"[0.383291892093257, 0.5586820702346661]",-1,-1
40358,[0.35181955 0.54982394],7,0,"[0.383291892093257, 0.5586820702346661]",-1,-1
40359,[0.68588258 0.55062295],8,-1,-1,673,-1
40360,[0.25176938 0.54528294],4,7,"[0.2817018170798153, 0.5849768676672948]",-1,-1
40361,[0.5229013  0.51372522],5,6,"[0.5164739970238864, 0.5319253761973344]",-1,-1
40362,[0.22559697 0.1208522 ],0,-1,-1,-1,-1
40363,[0.40471943 0.34900019],6,1,"[0.3897435781344088, 0.3417040596068965]",997,-1
40364,[0.41388246 0.51024071],5,0,"[0.383291892093257, 0.5586820702346661]",-1,-1
40365,[0.54561426 0.31181835],6,-1,-1,-1,-1
40366,[0.34583621 0.26494396],6,9,"[0.3110394802231661, 0.23517199738277297]",-1,-1
40367,[0.36458282 0.37853085],2,1,"[0.3897435781344088, 0.3417040596068965]",1009,-1
40368,[0.17555376 0.42638223],2,-1,-1,-1,-1
40369,[0.81663079 0.78031722],1,-1,-1,-1,0
40370,[0.25253688 0.47475952],7,8,"[0.27392971195344684, 0.45973140540928376]",1527,-1
40371,[0.66818481 0.68074246],9,-1,-1,385,-1
40372,[0.25791736 0.55378123],7,7,"[0.2817018170798153, 0.5849768676672948]",1705,-1
40373,[0.51098708 0.58783676],5,6,"[0.5164739970238864, 0.5319253761973344]",-1,-1
40374,[0.36810096 0.51961447],4,0,"[0.383291892093257, 0.5586820702346661]",-1,-1
40375,[0.69354717 0.7638928 ],1,-1,-1,230,0
40376,[0.33367125 0.67176769],4,-1,-1,-1,-1
40377,[0.26579384 0.33810667],0,5,"[0.23231087327800656, 0.30304944505444303]",1538,-1
40378,[0.29373864 0.3249234 ],0,5,"[0.23231087327800656, 0.30304944505444303]",1621,-1
40379,[0.26131368 0.27612423],0,5,"[0.23231087327800656, 0.30304944505444303]",-1,-1
40380,[0.84307408 0.63883149],1,-1,-1,-1,-1
40381,[0.31427437 0.52162379],4,-1,-1,-1,-1
40382,[0.35689399 0.46195692],5,-1,-1,-1,-1
40383,[0.64720109 0.46113568],8,3,"[0.6815204869410737, 0.47689852788858716]",812,-1
40384,[0.6266705  0.51360661],8,3,"[0.6815204869410737, 0.47689852788858716]",-1,-1
40385,[0.25393416 0.46458521],7,8,"[0.27392971195344684, 0.45973140540928376]",-1,-1
40386,[0.29549326 0.25002334],0,9,"[0.3110394802231661, 0.23517199738277297]",1465,-1
40387,[0.52785599 0.39327336],6,-1,-1,46,-1
40388,[0.31876907 0.38982898],2,-1,-1,1426,-1
40389,[0.60333127 0.63170594],9,2,"[0.5921204552873188, 0.6383928111301557]",-1,6
40390,[0.40918174 0.42559623],7,-1,-1,-1,-1
40391,[0.30156904 0.39271654],3,-1,-1,1067,-1
40392,[0.31379748 0.51202023],3,8,"[0.27392971195344684, 0.45973140540928376]",1922,15
40393,[0.28327112 0.55637202],7,7,"[0.2817018170798153, 0.5849768676672948]",-1,13
40394,[0.30994446 0.43905564],7,8,"[0.27392971195344684, 0.45973140540928376]",1081,-1
40395,[0.27088625 0.32004176],2,5,"[0.23231087327800656, 0.30304944505444303]",1585,9
40396,[0.69480122 0.77065444],1,-1,-1,-1,0
40397,[0.40624365 0.56608407],3,0,"[0.383291892093257, 0.5586820702346661]",1692,-1
40398,[0.17398923 0.61846139],4,-1,-1,-1,-1
40399,[0.57950654 0.57513771],9,2,"[0.5921204552873188, 0.6383928111301557]",-1,-1
40400,[0.58619978 0.7088533 ],9,-1,-1,-1,-1
40401,[0.77925172 0.60250584],1,-1,-1,79,-1
40402,[0.37559815 0.41466606],6,-1,-1,723,-1
40403,[0.29496173 0.51201356],7,8,"[0.27392971195344684, 0.45973140540928376]",-1,-1
40404,[0.3907528  0.31487314],2,1,"[0.3897435781344088, 0.3417040596068965]",1050,-1
40405,[0.37448129 0.40144552],6,1,"[0.3897435781344088, 0.3417040596068965]",-1,-1
40406,[0.29714067 0.30255719],2,5,"[0.23231087327800656, 0.30304944505444303]",-1,-1
40407,[0.36960689 0.29612786],6,1,"[0.3897435781344088, 0.3417040596068965]",1528,-1
40408,[0.38488602 0.61306675],3,0,"[0.383291892093257, 0.5586820702346661]",1720,-1
40409,[0.30443095 0.56974235],4,7,"[0.2817018170798153, 0.5849768676672948]",-1,-1
40410,[0.42735977 0.56848972],4,0,"[0.383291892093257, 0.5586820702346661]",1467,-1
40411,[0.30043817 0.40110132],2,8,"[0.27392971195344684, 0.45973140540928376]",-1,-1
40412,[0.60652811 0.5760846 ],9,2,"[0.5921204552873188, 0.6383928111301557]",1326,5
40413,[0.28847929 0.63626671],7,7,"[0.2817018170798153, 0.5849768676672948]",-1,-1
40414,[0.36434383 0.44680641],4,-1,-1,-1,-1
40415,[0.29022905 0.60952586],3,7,"[0.2817018170798153, 0.5849768676672948]",-1,-1
40416,[0.51995953 0.56272017],5,6,"[0.5164739970238864, 0.5319253761973344]",1369,-1
40417,[0.63847322 0.70758073],9,-1,-1,283,-1
40418,[0.27654837 0.62714047],4,7,"[0.2817018170798153, 0.5849768676672948]",-1,-1
40419,[0.5395272  0.68206141],9,2,"[0.5921204552873188, 0.6383928111301557]",-1,-1
40420,[0.509222  0.6399613],9,-1,-1,-1,-1
40421,[0.80591636 0.75178478],1,4,"[0.7726811996944247, 0.7249303226766757]",-1,0
40422,[0.8044538  0.75191674],1,4,"[0.7726811996944247, 0.7249303226766757]",-1,0
40423,[0.64240694 0.74653091],9,-1,-1,-1,-1
40424,[0.73155533 0.38690188],8,-1,-1,149,-1
40425,[0.23351262 0.57130393],7,7,"[0.2817018170798153, 0.5849768676672948]",1358,-1
40426,[0.39048337 0.69424177],4,-1,-1,-1,-1
40427,[0.72869238 0.46789335],8,3,"[0.6815204869410737, 0.47689852788858716]",-1,-1
40428,[0.81347644 0.7027247 ],1,4,"[0.7726811996944247, 0.7249303226766757]",-1,0
40429,[0.25826479 0.39892305],2,8,"[0.27392971195344684, 0.45973140540928376]",-1,-1
40430,[0.65009144 0.64363639],9,2,"[0.5921204552873188, 0.6383928111301557]",-1,-1
40431,[0.15429289 0.48501905],7,-1,-1,-1,-1
40432,[0.3404447  0.34015532],6,1,"[0.3897435781344088, 0.3417040596068965]",953,-1
40433,[0.88111482 0.66984025],1,-1,-1,-1,-1
40434,[0.37461802 0.53431377],7,0,"[0.383291892093257, 0.5586820702346661]",-1,-1
40435,[0.46197806 0.24954696],6,-1,-1,-1,-1
40436,[0.33205846 0.54782459],7,0,"[0.383291892093257, 0.5586820702346661]",1960,-1
40437,[0.5825862 0.6737476],9,2,"[0.5921204552873188, 0.6383928111301557]",-1,-1
40438,[0.19214491 0.59033854],4,-1,-1,-1,-1
40439,[0.4090038  0.38530686],6,1,"[0.3897435781344088, 0.3417040596068965]",-1,-1
40440,[0.39687386 0.30585931],0,1,"[0.3897435781344088, 0.3417040596068965]",1396,-1
40441,[0.69795181 0.4968063 ],8,3,"[0.6815204869410737, 0.47689852788858716]",-1,2
40442,[0.36436949 0.59244279],4,0,"[0.383291892093257, 0.5586820702346661]",1836,-1
40443,[0.30451599 0.57509139],7,7,"[0.2817018170798153, 0.5849768676672948]",-1,-1
40444,[0.28053614 0.48908709],7,8,"[0.27392971195344684, 0.45973140540928376]",1796,-1
40445,[0.36483007 0.5256758 ],4,0,"[0.383291892093257, 0.5586820702346661]",1934,-1
40446,[0.10789061 0.50948973],7,-1,-1,-1,-1
40447,[0.2654629  0.45733334],7,8,"[0.27392971195344684, 0.45973140540928376]",1241,-1
40448,[0.5675128  0.49374279],5,6,"[0.5164739970238864, 0.5319253761973344]",848,-1
40449,[0.61347516 0.50864773],8,-1,-1,-1,-1
40450,[0.31119193 0.62110498],4,7,"[0.2817018170798153, 0.5849768676672948]",1131,-1
40451,[0.31046109 0.3215076 ],0,-1,-1,1672,-1
40452,[0.32259337 0.33123668],2,1,"[0.3897435781344088, 0.3417040596068965]",1613,-1
40453,[0.29910513 0.48615766],7,8,"[0.27392971195344684, 0.45973140540928376]",1792,-1
40454,[0.28585152 0.42621736],0,8,"[0.27392971195344684, 0.45973140540928376]",1075,-1
40455,[0.46800856 0.57617405],5,6,"[0.5164739970238864, 0.5319253761973344]",1026,-1
40456,[0.6806039  0.63897725],1,-1,-1,-1,-1
40457,[0.23590278 0.57873897],7,7,"[0.2817018170798153, 0.5849768676672948]",1344,-1
40458,[0.21259154 0.22735403],0,-1,-1,-1,-1
40459,[0.83931005 0.72155274],1,4,"[0.7726811996944247, 0.7249303226766757]",311,0
40460,[0.36716266 0.50062287],7,0,"[0.383291892093257, 0.5586820702346661]",-1,-1
40461,[0.4141165  0.25148501],6,-1,-1,610,-1
40462,[0.29269932 0.56206143],7,7,"[0.2817018170798153, 0.5849768676672948]",-1,-1
40463,[0.55570969 0.68126085],9,2,"[0.5921204552873188, 0.6383928111301557]",768,-1
40464,[0.59985488 0.52749719],9,-1,-1,-1,-1
40465,[0.6855444  0.43556091],8,3,"[0.6815204869410737, 0.47689852788858716]",-1,-1
40466,[0.29997769 0.29559481],0,9,"[0.3110394802231661, 0.23517199738277297]",1690,11
40467,[0.34488908 0.32847361],2,1,"[0.3897435781344088, 0.3417040596068965]",1413,-1
40468,[0.48492549 0.63206244],5,-1,-1,647,-1
40469,[0.15441014 0.32338931],2,-1,-1,-1,-1
40470,[0.17433565 0.19996807],0,-1,-1,-1,-1
40471,[0.80314716 0.747776  ],1,4,"[0.7726811996944247, 0.7249303226766757]",-1,0
40472,[0.26495573 0.42681527],2,8,"[0.27392971195344684, 0.45973140540928376]",-1,-1
40473,[0.35911045 0.54656274],3,0,"[0.383291892093257, 0.5586820702346661]",-1,-1
40474,[0.27547013 0.36541498],2,-1,-1,1265,-1
40475,[0.24060749 0.48123441],7,8,"[0.27392971195344684, 0.45973140540928376]",1707,-1
40476,[0.59082156 0.59309314],5,2,"[0.5921204552873188, 0.6383928111301557]",-1,-1
40477,[0.45520443 0.57986529],5,-1,-1,1223,-1
40478,[0.3220426  0.55415749],4,7,"[0.2817018170798153, 0.5849768676672948]",1991,17
40479,[0.07338532 0.23344651],0,-1,-1,-1,-1
40480,[0.85194389 0.80426374],1,-1,-1,-1,-1
40481,[0.71236585 0.42600477],8,3,"[0.6815204869410737, 0.47689852788858716]",443,-1
40482,[0.26193018 0.38418236],2,-1,-1,1221,-1
40483,[0.23941061 0.20002508],0,-1,-1,-1,-1
40484,[0.56397734 0.65620816],5,2,"[0.5921204552873188, 0.6383928111301557]",1045,-1
40485,[0.63123117 0.73024642],1,-1,-1,-1,-1
40486,[0.75917027 0.74978152],1,4,"[0.7726811996944247, 0.7249303226766757]",430,0
40487,[0.47351959 0.28718325],6,-1,-1,-1,-1
40488,[0.33589203 0.32078542],2,1,"[0.3897435781344088, 0.3417040596068965]",1683,10
40489,[0.6543126  0.44663372],9,3,"[0.6815204869410737, 0.47689852788858716]",732,-1
40490,[0.29859211 0.48859916],4,8,"[0.27392971195344684, 0.45973140540928376]",1792,-1
40491,[0.34712498 0.58029909],3,0,"[0.383291892093257, 0.5586820702346661]",1842,-1
40492,[0.32966997 0.27888414],0,9,"[0.3110394802231661, 0.23517199738277297]",1520,-1
40493,[0.66994342 0.43969112],8,3,"[0.6815204869410737, 0.47689852788858716]",-1,-1
40494,[0.26200488 0.4477074 ],0,8,"[0.27392971195344684, 0.45973140540928376]",-1,-1
40495,[0.28743813 0.64183193],4,7,"[0.2817018170798153, 0.5849768676672948]",738,-1
40496,[0.28537313 0.42334299],2,8,"[0.27392971195344684, 0.45973140540928376]",1075,-1
40497,[0.32805766 0.52788698],4,0,"[0.383291892093257, 0.5586820702346661]",-1,-1
40498,[0.20951937 0.22468456],0,-1,-1,-1,-1
40499,[0.80621644 0.73214276],1,4,"[0.7726811996944247, 0.7249303226766757]",457,0
40500,[0.78118826 0.68039697],1,4,"[0.7726811996944247, 0.7249303226766757]",397,0
40501,[0.56753239 0.54547692],5,6,"[0.5164739970238864, 0.5319253761973344]",-1,-1
40502,[0.5318359  0.55971537],5,6,"[0.5164739970238864, 0.5319253761973344]",-1,-1
40503,[0.29790664 0.45593317],3,8,"[0.27392971195344684, 0.45973140540928376]",1374,-1
40504,[0.41563472 0.46014296],7,-1,-1,713,-1
40505,[0.35858517 0.59422494],4,0,"[0.383291892093257, 0.5586820702346661]",-1,-1
40506,[0.72854967 0.47527508],8,3,"[0.6815204869410737, 0.47689852788858716]",779,-1
40507,[0.42447164 0.33862736],6,1,"[0.3897435781344088, 0.3417040596068965]",973,-1
40508,[0.2080694  0.12622658],0,-1,-1,-1,-1
40509,[0.34154361 0.55285262],4,0,"[0.383291892093257, 0.5586820702346661]",1955,-1
40510,[0.70612338 0.63377841],8,-1,-1,-1,-1
40511,[0.63388815 0.50434117],8,3,"[0.6815204869410737, 0.47689852788858716]",866,1
40512,[0.82649094 0.67459416],1,-1,-1,334,0
40513,[0.78425045 0.68031967],1,4,"[0.7726811996944247, 0.7249303226766757]",397,0
40514,[0.63362671 0.57511175],9,-1,-1,-1,-1
40515,[0.62145254 0.48828733],8,3,"[0.6815204869410737, 0.47689852788858716]",789,-1
40516,[0.31509885 0.31154522],2,-1,-1,-1,-1
40517,[0.23204864 0.34548299],0,5,"[0.23231087327800656, 0.30304944505444303]",1522,-1
40518,[0.34577485 0.3576071 ],7,1,"[0.3897435781344088, 0.3417040596068965]",-1,-1
40519,[0.45326063 0.37811867],6,-1,-1,441,-1
40520,[0.35798333 0.62049542],3,0,"[0.383291892093257, 0.5586820702346661]",-1,-1
40521,[0.36475036 0.38831115],6,1,"[0.3897435781344088, 0.3417040596068965]",-1,-1
40522,[0.28030016 0.52629244],3,7,"[0.2817018170798153, 0.5849768676672948]",-1,14
40523,[0.64710542 0.70026706],1,-1,-1,489,-1
40524,[0.31759364 0.45936228],7,8,"[0.27392971195344684, 0.45973140540928376]",1556,-1
40525,[0.86694044 0.81106261],1,-1,-1,-1,-1
40526,[0.71857867 0.58434537],8,-1,-1,-1,-1
40527,[0.25945868 0.33884657],2,5,"[0.23231087327800656, 0.30304944505444303]",1538,-1
40528,[0.42058739 0.53015331],3,0,"[0.383291892093257, 0.5586820702346661]",1469,-1
40529,[0.21633442 0.5194733 ],7,-1,-1,1090,-1
40530,[0.50471923 0.63270394],4,-1,-1,935,-1
40531,[0.29157659 0.24314115],0,9,"[0.3110394802231661, 0.23517199738277297]",-1,-1
40532,[0.63297351 0.4764405 ],8,3,"[0.6815204869410737, 0.47689852788858716]",-1,-1
40533,[0.57855371 0.50320859],5,6,"[0.5164739970238864, 0.5319253761973344]",840,-1
40534,[0.81549063 0.41970428],8,-1,-1,-1,-1
40535,[0.66814096 0.54719808],8,-1,-1,-1,-1
40536,[0.27253471 0.18292286],2,9,"[0.3110394802231661, 0.23517199738277297]",-1,-1
40537,[0.62850649 0.62903919],9,2,"[0.5921204552873188, 0.6383928111301557]",-1,-1
40538,[0.33408573 0.32058915],2,1,"[0.3897435781344088, 0.3417040596068965]",1683,-1
40539,[0.35830439 0.63991542],4,-1,-1,1206,-1
40540,[0.35285774 0.23308384],2,9,"[0.3110394802231661, 0.23517199738277297]",-1,-1
40541,[0.448374   0.32347282],6,1,"[0.3897435781344088, 0.3417040596068965]",527,-1
40542,[0.3637134  0.23425076],6,9,"[0.3110394802231661, 0.23517199738277297]",-1,-1
40543,[0.41147519 0.28849523],6,1,"[0.3897435781344088, 0.3417040596068965]",-1,-1
40544,[0.36602356 0.29044531],6,1,"[0.3897435781344088, 0.3417040596068965]",-1,-1
40545,[0.2704728  0.33369244],2,5,"[0.23231087327800656, 0.30304944505444303]",-1,-1
40546,[0.33148776 0.492924  ],2,8,"[0.27392971195344684, 0.45973140540928376]",-1,-1
40547,[0.64893676 0.57321933],9,-1,-1,-1,-1
40548,[0.56047232 0.56334094],5,6,"[0.5164739970238864, 0.5319253761973344]",-1,6
40549,[0.34951075 0.51312512],3,0,"[0.383291892093257, 0.5586820702346661]",-1,-1
40550,[0.23293233 0.43214778],0,8,"[0.27392971195344684, 0.45973140540928376]",-1,-1
40551,[0.65699094 0.5351345 ],8,3,"[0.6815204869410737, 0.47689852788858716]",668,-1
40552,[0.30901174 0.70362685],3,-1,-1,-1,-1
40553,[0.65100858 0.64158924],9,2,"[0.5921204552873188, 0.6383928111301557]",939,-1
40554,[0.39638672 0.59396214],3,0,"[0.383291892093257, 0.5586820702346661]",1723,-1
40555,[0.21226718 0.5482597 ],7,-1,-1,644,-1
40556,[0.72000648 0.4755802 ],8,3,"[0.6815204869410737, 0.47689852788858716]",779,-1
40557,[0.54800371 0.46424522],3,-1,-1,-1,-1
40558,[0.647494   0.54395831],5,-1,-1,1106,-1
40559,[0.57944033 0.72115758],9,-1,-1,-1,-1
40560,[0.39114331 0.63692697],3,-1,-1,-1,-1
40561,[0.64168282 0.56302126],9,-1,-1,-1,-1
40562,[0.37622486 0.65487273],3,-1,-1,-1,-1
40563,[0.62031667 0.47453676],8,3,"[0.6815204869410737, 0.47689852788858716]",627,-1
40564,[0.25148759 0.30165344],2,5,"[0.23231087327800656, 0.30304944505444303]",1590,-1
40565,[0.25515957 0.42977934],7,8,"[0.27392971195344684, 0.45973140540928376]",1087,-1
40566,[0.5430728  0.56226449],5,6,"[0.5164739970238864, 0.5319253761973344]",1406,6
40567,[0.27202737 0.2883055 ],2,5,"[0.23231087327800656, 0.30304944505444303]",1466,-1
40568,[0.41788822 0.30067163],6,1,"[0.3897435781344088, 0.3417040596068965]",889,-1
40569,[0.28067451 0.38232247],6,-1,-1,1098,-1
40570,[0.33014527 0.61549379],3,7,"[0.2817018170798153, 0.5849768676672948]",1544,-1
40571,[0.56524716 0.4952412 ],8,6,"[0.5164739970238864, 0.5319253761973344]",-1,-1
40572,[0.46442829 0.25090836],6,-1,-1,-1,-1
40573,[0.17409752 0.50068196],7,-1,-1,76,-1
40574,[0.20500308 0.33831432],2,5,"[0.23231087327800656, 0.30304944505444303]",-1,-1
40575,[0.24769979 0.34349383],2,5,"[0.23231087327800656, 0.30304944505444303]",-1,-1
40576,[0.2313847  0.27450849],2,5,"[0.23231087327800656, 0.30304944505444303]",-1,-1
40577,[0.3401218  0.44777349],7,8,"[0.27392971195344684, 0.45973140540928376]",-1,-1
40578,[0.72478473 0.61174153],1,-1,-1,-1,-1
40579,[0.39064321 0.18733519],0,-1,-1,39,-1
40580,[0.19490785 0.22332433],0,-1,-1,557,-1
40581,[0.28572753 0.32767995],6,5,"[0.23231087327800656, 0.30304944505444303]",-1,-1
40582,[0.26334891 0.27831587],0,5,"[0.23231087327800656, 0.30304944505444303]",1547,-1
40583,[0.53938641 0.55198896],5,6,"[0.5164739970238864, 0.5319253761973344]",1406,6
40584,[0.58634373 0.65503544],9,2,"[0.5921204552873188, 0.6383928111301557]",1124,-1
40585,[0.35436694 0.33852344],2,1,"[0.3897435781344088, 0.3417040596068965]",-1,-1
40586,[0.69078777 0.52527822],8,3,"[0.6815204869410737, 0.47689852788858716]",786,-1
40587,[0.75697208 0.65736597],1,4,"[0.7726811996944247, 0.7249303226766757]",-1,0
40588,[0.31060811 0.31267192],0,-1,-1,-1,-1
40589,[0.64828321 0.56805297],5,-1,-1,1110,-1
40590,[0.71231111 0.54004763],8,-1,-1,519,-1
40591,[0.12956296 0.21173519],0,-1,-1,-1,-1
40592,[0.3671687  0.29744938],0,1,"[0.3897435781344088, 0.3417040596068965]",1528,-1
40593,[0.39788057 0.27173096],6,-1,-1,-1,-1
40594,[0.60414425 0.63723531],9,2,"[0.5921204552873188, 0.6383928111301557]",1332,-1
40595,[0.22836063 0.55935887],4,7,"[0.2817018170798153, 0.5849768676672948]",1288,-1
40596,[0.20629347 0.24190192],0,5,"[0.23231087327800656, 0.30304944505444303]",896,-1
40597,[0.47969971 0.61766108],5,-1,-1,737,-1
40598,[0.529289   0.55323268],8,6,"[0.5164739970238864, 0.5319253761973344]",-1,-1
40599,[0.52262792 0.58615273],5,6,"[0.5164739970238864, 0.5319253761973344]",-1,-1
40600,[0.25160813 0.28042664],2,5,"[0.23231087327800656, 0.30304944505444303]",1530,-1
40601,[0.4441354 0.5098028],3,-1,-1,1059,-1
40602,[0.34323973 0.34053829],2,1,"[0.3897435781344088, 0.3417040596068965]",953,-1
40603,[0.52595106 0.47108966],5,6,"[0.5164739970238864, 0.5319253761973344]",-1,-1
40604,[0.36836671 0.26820231],2,9,"[0.3110394802231661, 0.23517199738277297]",1101,-1
40605,[0.27667119 0.42282038],2,8,"[0.27392971195344684, 0.45973140540928376]",-1,-1
40606,[0.28694191 0.42315794],7,8,"[0.27392971195344684, 0.45973140540928376]",1075,-1
40607,[0.74143016 0.74672681],1,4,"[0.7726811996944247, 0.7249303226766757]",-1,0
40608,[0.67938329 0.53333744],8,3,"[0.6815204869410737, 0.47689852788858716]",673,-1
40609,[0.31988412 0.30843123],6,-1,-1,-1,-1
40610,[0.53983197 0.66380876],9,2,"[0.5921204552873188, 0.6383928111301557]",943,-1
40611,[0.52272455 0.54041392],5,6,"[0.5164739970238864, 0.5319253761973344]",-1,3
40612,[0.24308056 0.41995443],2,8,"[0.27392971195344684, 0.45973140540928376]",-1,-1
40613,[0.70399498 0.69652148],9,-1,-1,-1,0
40614,[0.32021787 0.26814863],6,9,"[0.3110394802231661, 0.23517199738277297]",-1,-1
40615,[0.69323741 0.48199923],8,3,"[0.6815204869410737, 0.47689852788858716]",-1,-1
40616,[0.7672626 0.6832383],1,4,"[0.7726811996944247, 0.7249303226766757]",398,0
40617,[0.37171956 0.55672261],4,0,"[0.383291892093257, 0.5586820702346661]",-1,-1
40618,[0.41297254 0.6293022 ],7,-1,-1,1388,-1
40619,[0.31264204 0.34517831],2,-1,-1,-1,8
40620,[0.57963607 0.54134881],5,6,"[0.5164739970238864, 0.5319253761973344]",1233,-1
40621,[0.68453866 0.71055023],1,-1,-1,343,0
40622,[0.50618082 0.71506486],9,-1,-1,-1,-1
40623,[0.24033231 0.21664163],0,-1,-1,-1,-1
40624,[0.33868911 0.2344926 ],0,9,"[0.3110394802231661, 0.23517199738277297]",-1,-1
40625,[0.43001288 0.56666857],3,0,"[0.383291892093257, 0.5586820702346661]",1467,-1
40626,[0.89861791 0.63033036],1,-1,-1,-1,-1
40627,[0.62713258 0.5077535 ],8,3,"[0.6815204869410737, 0.47689852788858716]",868,-1
40628,[0.77566826 0.52001437],8,-1,-1,111,-1
40629,[0.77445686 0.68319009],1,4,"[0.7726811996944247, 0.7249303226766757]",399,0
40630,[0.50389984 0.47157356],5,6,"[0.5164739970238864, 0.5319253761973344]",248,-1
40631,[0.56017107 0.62709757],9,2,"[0.5921204552873188, 0.6383928111301557]",1278,6
40632,[0.32375937 0.30312481],2,9,"[0.3110394802231661, 0.23517199738277297]",-1,-1
40633,[0.24321282 0.44212033],7,8,"[0.27392971195344684, 0.45973140540928376]",-1,-1
40634,[0.23585904 0.33773215],2,5,"[0.23231087327800656, 0.30304944505444303]",1522,-1
40635,[0.46801881 0.63764918],3,-1,-1,491,-1
40636,[0.27505929 0.23798856],2,9,"[0.3110394802231661, 0.23517199738277297]",-1,-1
40637,[0.60810244 0.60336188],9,2,"[0.5921204552873188, 0.6383928111301557]",1328,6
40638,[0.28585639 0.29243281],2,5,"[0.23231087327800656, 0.30304944505444303]",1686,11
40639,[0.57557504 0.45585838],8,-1,-1,-1,-1
40640,[0.29823229 0.3217498 ],2,5,"[0.23231087327800656, 0.30304944505444303]",1661,-1
40641,[0.37233315 0.26396536],6,9,"[0.3110394802231661, 0.23517199738277297]",1101,-1
40642,[0.16714275 0.21987342],0,-1,-1,-1,-1
40643,[0.72248089 0.67478423],1,-1,-1,-1,0
40644,[0.38959433 0.51962614],7,0,"[0.383291892093257, 0.5586820702346661]",-1,-1
40645,[0.33542497 0.31012529],6,1,"[0.3897435781344088, 0.3417040596068965]",1680,-1
40646,[0.28770914 0.29586057],0,5,"[0.23231087327800656, 0.30304944505444303]",-1,-1
40647,[0.42878619 0.5022764 ],5,-1,-1,914,-1
40648,[0.42847087 0.37508755],6,1,"[0.3897435781344088, 0.3417040596068965]",681,-1
40649,[0.29707346 0.56327558],4,7,"[0.2817018170798153, 0.5849768676672948]",-1,-1
40650,[0.35476132 0.60227367],7,0,"[0.383291892093257, 0.5586820702346661]",1818,-1
40651,[0.52347962 0.61399799],5,-1,-1,1145,-1
40652,[0.57595725 0.47959435],8,-1,-1,772,-1
40653,[0.59472743 0.52431396],8,-1,-1,1102,-1
40654,[0.4312306  0.57506757],3,0,"[0.383291892093257, 0.5586820702346661]",1167,-1
40655,[0.61277305 0.4912719 ],8,-1,-1,-1,-1
40656,[0.30434145 0.48395851],4,8,"[0.27392971195344684, 0.45973140540928376]",-1,-1
40657,[0.35581151 0.58122693],3,0,"[0.383291892093257, 0.5586820702346661]",1843,-1
40658,[0.59668384 0.70934464],9,-1,-1,423,-1
40659,[0.69882278 0.52664905],9,3,"[0.6815204869410737, 0.47689852788858716]",571,-1
40660,[0.69696957 0.53668484],8,3,"[0.6815204869410737, 0.47689852788858716]",-1,-1
40661,[0.63353764 0.67476535],9,2,"[0.5921204552873188, 0.6383928111301557]",659,-1
40662,[0.30630791 0.50915775],3,8,"[0.27392971195344684, 0.45973140540928376]",-1,-1
40663,[0.34497236 0.30266721],0,1,"[0.3897435781344088, 0.3417040596068965]",1529,-1
40664,[0.78735185 0.64928772],1,-1,-1,329,0
40665,[0.63851333 0.65816715],9,2,"[0.5921204552873188, 0.6383928111301557]",645,-1
40666,[0.27406127 0.52759411],7,7,"[0.2817018170798153, 0.5849768676672948]",-1,14
40667,[0.48664301 0.50194572],5,6,"[0.5164739970238864, 0.5319253761973344]",873,-1
40668,[0.20623238 0.40533036],7,-1,-1,202,-1
40669,[0.21594265 0.37103451],2,5,"[0.23231087327800656, 0.30304944505444303]",903,-1
40670,[0.47734383 0.68810113],3,-1,-1,143,-1
40671,[0.38013576 0.58918048],4,0,"[0.383291892093257, 0.5586820702346661]",1846,-1
40672,[0.33364263 0.25917801],2,9,"[0.3110394802231661, 0.23517199738277297]",-1,-1
40673,[0.32276197 0.25007869],2,9,"[0.3110394802231661, 0.23517199738277297]",-1,-1
40674,[0.84055586 0.74637669],1,-1,-1,-1,0
40675,[0.32187515 0.65293916],3,-1,-1,614,-1
40676,[0.38377713 0.33750444],6,1,"[0.3897435781344088, 0.3417040596068965]",1476,-1
40677,[0.23348606 0.27413221],0,5,"[0.23231087327800656, 0.30304944505444303]",-1,-1
40678,[0.29231257 0.48815272],7,8,"[0.27392971195344684, 0.45973140540928376]",-1,-1
40679,[0.26213036 0.34624676],2,5,"[0.23231087327800656, 0.30304944505444303]",1586,-1
40680,[0.29697544 0.33301909],6,-1,-1,-1,-1
40681,[0.84469771 0.77454422],1,-1,-1,-1,0
40682,[0.35245447 0.4271582 ],2,-1,-1,-1,-1
40683,[0.79199803 0.81143443],1,-1,-1,142,0
40684,[0.6933085  0.48645607],8,3,"[0.6815204869410737, 0.47689852788858716]",-1,2
40685,[0.37243171 0.32277696],0,1,"[0.3897435781344088, 0.3417040596068965]",-1,-1
40686,[0.66923123 0.51529095],8,3,"[0.6815204869410737, 0.47689852788858716]",828,2
40687,[0.2411847  0.23714993],0,5,"[0.23231087327800656, 0.30304944505444303]",-1,-1
40688,[0.23916147 0.22517365],2,-1,-1,-1,-1
40689,[0.37753338 0.60088969],3,0,"[0.383291892093257, 0.5586820702346661]",1754,-1
40690,[0.7939572  0.60326726],8,-1,-1,-1,-1
40691,[0.32399921 0.47818284],7,8,"[0.27392971195344684, 0.45973140540928376]",1475,-1
40692,[0.31033618 0.24216371],6,9,"[0.3110394802231661, 0.23517199738277297]",1498,-1
40693,[0.79539203 0.81313625],1,-1,-1,142,0
40694,[0.36882648 0.38897949],6,1,"[0.3897435781344088, 0.3417040596068965]",-1,-1
40695,[0.26748852 0.31729551],7,5,"[0.23231087327800656, 0.30304944505444303]",-1,-1
40696,[0.23993145 0.32216594],2,5,"[0.23231087327800656, 0.30304944505444303]",-1,-1
40697,[0.44706652 0.33912186],6,1,"[0.3897435781344088, 0.3417040596068965]",-1,-1
40698,[0.61926542 0.48599932],8,3,"[0.6815204869410737, 0.47689852788858716]",789,-1
40699,[0.64517551 0.33950811],8,-1,-1,13,-1
40700,[0.56471019 0.68097383],9,2,"[0.5921204552873188, 0.6383928111301557]",1034,-1
40701,[0.47498923 0.56694982],5,6,"[0.5164739970238864, 0.5319253761973344]",-1,-1
40702,[0.65070848 0.52448317],9,3,"[0.6815204869410737, 0.47689852788858716]",-1,-1
40703,[0.74359116 0.61000284],1,-1,-1,-1,-1
40704,[0.30501686 0.2689251 ],2,9,"[0.3110394802231661, 0.23517199738277297]",-1,-1
40705,[0.71517693 0.57387441],8,-1,-1,-1,-1
40706,[0.6797429  0.53400158],8,3,"[0.6815204869410737, 0.47689852788858716]",673,-1
40707,[0.24452199 0.52945044],7,7,"[0.2817018170798153, 0.5849768676672948]",1488,-1
40708,[0.48552115 0.33846985],6,-1,-1,-1,-1
40709,[0.3853724  0.70386952],4,-1,-1,-1,-1
40710,[0.45680895 0.63856156],3,-1,-1,-1,-1
40711,[0.23767417 0.3211059 ],0,5,"[0.23231087327800656, 0.30304944505444303]",1494,-1
40712,[0.83697359 0.79963871],1,-1,-1,-1,-1
40713,[0.20001772 0.41750007],7,-1,-1,-1,-1
40714,[0.38894324 0.2923344 ],2,1,"[0.3897435781344088, 0.3417040596068965]",-1,-1
40715,[0.70779784 0.75559717],9,-1,-1,-1,0
40716,[0.70922379 0.47754553],8,3,"[0.6815204869410737, 0.47689852788858716]",791,-1
40717,[0.71836343 0.50685456],8,3,"[0.6815204869410737, 0.47689852788858716]",-1,-1
40718,[0.36269175 0.39113793],2,1,"[0.3897435781344088, 0.3417040596068965]",-1,-1
40719,[0.5759637  0.57751388],9,2,"[0.5921204552873188, 0.6383928111301557]",1452,6
40720,[0.60366149 0.61746477],9,2,"[0.5921204552873188, 0.6383928111301557]",-1,-1
40721,[0.38630367 0.66691342],3,-1,-1,-1,-1
40722,[0.26314678 0.49957744],4,8,"[0.27392971195344684, 0.45973140540928376]",-1,-1
40723,[0.25139329 0.26115299],2,5,"[0.23231087327800656, 0.30304944505444303]",1310,-1
40724,[0.21898033 0.28012009],0,5,"[0.23231087327800656, 0.30304944505444303]",-1,-1
40725,[0.33581163 0.40317569],6,-1,-1,-1,-1
40726,[0.34800171 0.47049976],7,-1,-1,1758,-1
40727,[0.19693744 0.32159447],2,5,"[0.23231087327800656, 0.30304944505444303]",-1,-1
40728,[0.32897688 0.52556829],4,0,"[0.383291892093257, 0.5586820702346661]",-1,-1
40729,[0.64473052 0.72456613],9,-1,-1,-1,-1
40730,[0.40226353 0.41485474],6,-1,-1,-1,-1
40731,[0.43741428 0.56057723],3,0,"[0.383291892093257, 0.5586820702346661]",1283,-1
40732,[0.59041874 0.61121265],5,2,"[0.5921204552873188, 0.6383928111301557]",1427,6
40733,[0.56165443 0.63167168],5,2,"[0.5921204552873188, 0.6383928111301557]",1278,-1
40734,[0.58334586 0.61208859],5,2,"[0.5921204552873188, 0.6383928111301557]",-1,6
40735,[0.41135081 0.46617373],3,-1,-1,578,-1
40736,[0.78943539 0.66384297],1,4,"[0.7726811996944247, 0.7249303226766757]",326,0
40737,[0.88458761 0.63682592],1,-1,-1,-1,-1
40738,[0.60470698 0.58091391],9,2,"[0.5921204552873188, 0.6383928111301557]",1326,5
40739,[0.25337642 0.5632376 ],7,7,"[0.2817018170798153, 0.5849768676672948]",-1,-1
40740,[0.76400457 0.47692269],8,-1,-1,186,-1
40741,[0.38944733 0.52879574],7,0,"[0.383291892093257, 0.5586820702346661]",1777,-1
40742,[0.46221674 0.53180692],3,6,"[0.5164739970238864, 0.5319253761973344]",1299,-1
40743,[0.44965928 0.53188982],3,6,"[0.5164739970238864, 0.5319253761973344]",1306,-1
40744,[0.67602299 0.55684736],9,-1,-1,-1,-1
40745,[0.6033934  0.53128839],9,-1,-1,-1,-1
40746,[0.25983511 0.40679568],2,8,"[0.27392971195344684, 0.45973140540928376]",-1,-1
40747,[0.39867309 0.56976411],4,0,"[0.383291892093257, 0.5586820702346661]",1770,-1
40748,[0.39962115 0.67131704],3,-1,-1,247,-1
40749,[0.23368237 0.38585326],2,-1,-1,912,-1
40750,[0.5816642  0.52696473],5,6,"[0.5164739970238864, 0.5319253761973344]",-1,-1
40751,[0.20397228 0.3056943 ],0,5,"[0.23231087327800656, 0.30304944505444303]",-1,-1
40752,[0.3125607  0.40454719],2,8,"[0.27392971195344684, 0.45973140540928376]",928,-1
40753,[0.60323853 0.60151988],9,2,"[0.5921204552873188, 0.6383928111301557]",1328,-1
40754,[0.39370076 0.32357658],6,1,"[0.3897435781344088, 0.3417040596068965]",-1,-1
40755,[0.36665381 0.32526343],6,1,"[0.3897435781344088, 0.3417040596068965]",1536,-1
40756,[0.62315671 0.67317395],9,2,"[0.5921204552873188, 0.6383928111301557]",660,-1
40757,[0.21440619 0.60194892],3,7,"[0.2817018170798153, 0.5849768676672948]",-1,-1
40758,[0.58961404 0.58133294],9,2,"[0.5921204552873188, 0.6383928111301557]",1325,-1
40759,[0.80979578 0.41768703],8,-1,-1,-1,-1
40760,[0.38159877 0.63339051],3,-1,-1,-1,-1
40761,[0.30716577 0.47857927],7,8,"[0.27392971195344684, 0.45973140540928376]",1873,-1
40762,[0.29961222 0.23567991],6,9,"[0.3110394802231661, 0.23517199738277297]",-1,-1
40763,[0.23454926 0.33889564],0,5,"[0.23231087327800656, 0.30304944505444303]",1522,-1
40764,[0.71901306 0.66906458],9,-1,-1,357,0
40765,[0.73074401 0.5022473 ],8,3,"[0.6815204869410737, 0.47689852788858716]",-1,-1
40766,[0.43747718 0.55973363],4,0,"[0.383291892093257, 0.5586820702346661]",1283,-1
40767,[0.39604866 0.27933993],6,1,"[0.3897435781344088, 0.3417040596068965]",-1,-1
40768,[0.71579809 0.45336528],8,3,"[0.6815204869410737, 0.47689852788858716]",-1,-1
40769,[0.39508388 0.59657706],3,0,"[0.383291892093257, 0.5586820702346661]",-1,-1
40770,[0.21827924 0.31517825],2,5,"[0.23231087327800656, 0.30304944505444303]",1340,-1
40771,[0.77722358 0.72019013],1,4,"[0.7726811996944247, 0.7249303226766757]",-1,0
40772,[0.6066361  0.66297165],9,2,"[0.5921204552873188, 0.6383928111301557]",1120,-1
40773,[0.31613851 0.73432009],4,-1,-1,-1,-1
40774,[0.34360607 0.49399079],3,-1,-1,-1,-1
40775,[0.56970413 0.69727246],5,2,"[0.5921204552873188, 0.6383928111301557]",-1,-1
40776,[0.75879692 0.43817143],8,-1,-1,94,-1
40777,[0.23199538 0.31719623],0,5,"[0.23231087327800656, 0.30304944505444303]",-1,-1
40778,[0.3607838  0.50259683],5,0,"[0.383291892093257, 0.5586820702346661]",-1,-1
40779,[0.29682518 0.32138944],0,5,"[0.23231087327800656, 0.30304944505444303]",1661,9
40780,[0.64238344 0.44827752],8,3,"[0.6815204869410737, 0.47689852788858716]",-1,-1
40781,[0.37639303 0.41770891],3,-1,-1,-1,-1
40782,[0.47407171 0.61771077],3,-1,-1,-1,-1
40783,[0.22266413 0.53403318],4,-1,-1,-1,-1
40784,[0.35106016 0.37119594],2,1,"[0.3897435781344088, 0.3417040596068965]",1079,-1
40785,[0.64788863 0.4825044 ],5,3,"[0.6815204869410737, 0.47689852788858716]",-1,1
40786,[0.2690505  0.59725252],7,7,"[0.2817018170798153, 0.5849768676672948]",1655,-1
40787,[0.28310198 0.62094674],4,7,"[0.2817018170798153, 0.5849768676672948]",878,-1
40788,[0.32687256 0.59435848],3,7,"[0.2817018170798153, 0.5849768676672948]",-1,-1
40789,[0.22338553 0.1722504 ],0,-1,-1,-1,-1
40790,[0.33056559 0.2942349 ],0,9,"[0.3110394802231661, 0.23517199738277297]",1658,-1
40791,[0.2948815  0.62952396],4,7,"[0.2817018170798153, 0.5849768676672948]",-1,-1
40792,[0.71723296 0.50235066],8,3,"[0.6815204869410737, 0.47689852788858716]",-1,-1
40793,[0.40707583 0.60702517],4,0,"[0.383291892093257, 0.5586820702346661]",1697,-1
40794,[0.21933236 0.32379527],0,5,"[0.23231087327800656, 0.30304944505444303]",1339,-1
40795,[0.29483258 0.27624582],2,9,"[0.3110394802231661, 0.23517199738277297]",1510,-1
40796,[0.19712227 0.16369099],0,-1,-1,99,-1
40797,[0.25086976 0.2813447 ],2,5,"[0.23231087327800656, 0.30304944505444303]",1530,-1
40798,[0.364701   0.52556967],3,0,"[0.383291892093257, 0.5586820702346661]",1934,-1
40799,[0.20788487 0.27615979],2,5,"[0.23231087327800656, 0.30304944505444303]",-1,-1
40800,[0.77823953 0.75553107],1,4,"[0.7726811996944247, 0.7249303226766757]",412,0
40801,[0.27592207 0.49358864],7,8,"[0.27392971195344684, 0.45973140540928376]",1794,-1
40802,[0.81123974 0.68846042],1,4,"[0.7726811996944247, 0.7249303226766757]",362,0
40803,[0.40519548 0.66798845],3,-1,-1,247,-1
40804,[0.64189701 0.42333   ],8,3,"[0.6815204869410737, 0.47689852788858716]",-1,-1
40805,[0.68612844 0.77530296],1,-1,-1,-1,0
40806,[0.76255537 0.44741388],8,-1,-1,-1,-1
40807,[0.65911114 0.50308165],8,3,"[0.6815204869410737, 0.47689852788858716]",816,-1
40808,[0.14935145 0.33103718],2,-1,-1,-1,-1
40809,[0.7901248  0.52411903],1,-1,-1,69,-1
40810,[0.55477093 0.49579515],5,6,"[0.5164739970238864, 0.5319253761973344]",-1,-1
40811,[0.37763068 0.2268138 ],6,9,"[0.3110394802231661, 0.23517199738277297]",484,-1
40812,[0.25171357 0.4462917 ],7,8,"[0.27392971195344684, 0.45973140540928376]",-1,-1
40813,[0.27811254 0.59673888],3,7,"[0.2817018170798153, 0.5849768676672948]",-1,-1
40814,[0.36215821 0.29960023],2,1,"[0.3897435781344088, 0.3417040596068965]",-1,-1
40815,[0.25984782 0.29269804],0,5,"[0.23231087327800656, 0.30304944505444303]",-1,-1
40816,[0.34496366 0.33011109],2,1,"[0.3897435781344088, 0.3417040596068965]",-1,-1
40817,[0.29153586 0.35315057],7,-1,-1,1479,-1
40818,[0.28637914 0.45898976],7,8,"[0.27392971195344684, 0.45973140540928376]",1243,-1
40819,[0.23362254 0.45929296],2,8,"[0.27392971195344684, 0.45973140540928376]",-1,-1
40820,[0.27396876 0.45820131],2,8,"[0.27392971195344684, 0.45973140540928376]",1248,-1
40821,[0.58914097 0.58360419],9,2,"[0.5921204552873188, 0.6383928111301557]",1325,-1
40822,[0.38235499 0.45103556],3,-1,-1,-1,-1
40823,[0.25148014 0.34629483],2,5,"[0.23231087327800656, 0.30304944505444303]",-1,-1
40824,[0.30988165 0.54716066],4,7,"[0.2817018170798153, 0.5849768676672948]",1987,17
40825,[0.69974127 0.68332413],9,-1,-1,339,-1
40826,[0.37375749 0.56264228],4,0,"[0.383291892093257, 0.5586820702346661]",-1,12
40827,[0.22236793 0.2914852 ],0,5,"[0.23231087327800656, 0.30304944505444303]",-1,-1
40828,[0.31578941 0.3052171 ],0,-1,-1,-1,-1
40829,[0.44174127 0.27254179],6,-1,-1,-1,-1
40830,[0.17968041 0.57662808],7,-1,-1,102,-1
40831,[0.36927987 0.58695322],3,0,"[0.383291892093257, 0.5586820702346661]",1846,12
40832,[0.30815782 0.54021582],7,7,"[0.2817018170798153, 0.5849768676672948]",1986,-1
40833,[0.21567168 0.50592334],7,-1,-1,-1,-1
40834,[0.62834308 0.47560284],8,3,"[0.6815204869410737, 0.47689852788858716]",-1,-1
40835,[0.23549837 0.24890663],0,5,"[0.23231087327800656, 0.30304944505444303]",1319,-1
40836,[0.61638598 0.58465306],9,2,"[0.5921204552873188, 0.6383928111301557]",-1,-1
40837,[0.58560273 0.65088326],9,2,"[0.5921204552873188, 0.6383928111301557]",-1,-1
40838,[0.41146747 0.56910333],4,0,"[0.383291892093257, 0.5586820702346661]",1738,-1
40839,[0.73253949 0.66867466],1,4,"[0.7726811996944247, 0.7249303226766757]",356,0
40840,[0.27123709 0.32417693],0,5,"[0.23231087327800656, 0.30304944505444303]",1585,9
40841,[0.80292626 0.74306289],1,4,"[0.7726811996944247, 0.7249303226766757]",-1,0
40842,[0.50398019 0.54663858],5,6,"[0.5164739970238864, 0.5319253761973344]",1186,-1
40843,[0.79104731 0.7242862 ],1,4,"[0.7726811996944247, 0.7249303226766757]",-1,0
40844,[0.49066376 0.69342847],9,-1,-1,132,-1
40845,[0.54399251 0.61091179],9,2,"[0.5921204552873188, 0.6383928111301557]",1217,-1
40846,[0.16551322 0.29995467],0,5,"[0.23231087327800656, 0.30304944505444303]",-1,-1
40847,[0.37775424 0.38597063],6,1,"[0.3897435781344088, 0.3417040596068965]",1006,-1
40848,[0.35821902 0.36472535],6,1,"[0.3897435781344088, 0.3417040596068965]",-1,-1
40849,[0.32980504 0.30974966],0,1,"[0.3897435781344088, 0.3417040596068965]",1679,-1
40850,[0.30223044 0.23701462],0,9,"[0.3110394802231661, 0.23517199738277297]",1492,-1
40851,[0.57486015 0.41100425],8,-1,-1,114,-1
40852,[0.63930197 0.54851744],8,-1,-1,1104,-1
40853,[0.4945024  0.60191343],5,-1,-1,-1,-1
40854,[0.17461983 0.5659635 ],7,-1,-1,101,-1
40855,[0.3470674  0.60592551],4,0,"[0.383291892093257, 0.5586820702346661]",1833,-1
40856,[0.34278065 0.25089558],6,9,"[0.3110394802231661, 0.23517199738277297]",-1,-1
40857,[0.73861218 0.70572123],1,4,"[0.7726811996944247, 0.7249303226766757]",436,0
40858,[0.57634659 0.49712422],5,6,"[0.5164739970238864, 0.5319253761973344]",847,-1
40859,[0.63237765 0.70648949],9,-1,-1,-1,-1
40860,[0.25304876 0.25520114],0,5,"[0.23231087327800656, 0.30304944505444303]",1312,-1
40861,[0.57348608 0.48844485],5,-1,-1,-1,-1
40862,[0.42356563 0.38526788],6,1,"[0.3897435781344088, 0.3417040596068965]",761,-1
40863,[0.38794974 0.38079314],6,1,"[0.3897435781344088, 0.3417040596068965]",-1,-1
40864,[0.21945579 0.39786217],2,-1,-1,502,-1
40865,[0.82680244 0.71228985],1,4,"[0.7726811996944247, 0.7249303226766757]",360,0
40866,[0.76650596 0.81215279],1,-1,-1,296,0
40867,[0.62196061 0.66422796],9,2,"[0.5921204552873188, 0.6383928111301557]",711,-1
40868,[0.63841448 0.52861327],8,3,"[0.6815204869410737, 0.47689852788858716]",861,-1
40869,[0.34558185 0.55980881],4,0,"[0.383291892093257, 0.5586820702346661]",-1,17
40870,[0.54787008 0.69027311],9,2,"[0.5921204552873188, 0.6383928111301557]",-1,-1
40871,[0.6120552  0.54813871],9,-1,-1,-1,-1
40872,[0.52603272 0.69231548],9,-1,-1,555,-1
40873,[0.19051753 0.22144664],0,-1,-1,557,-1
40874,[0.27568196 0.51914024],7,8,"[0.27392971195344684, 0.45973140540928376]",1887,14
40875,[0.34261648 0.46841018],3,8,"[0.27392971195344684, 0.45973140540928376]",1758,-1
40876,[0.50128115 0.59722521],5,6,"[0.5164739970238864, 0.5319253761973344]",1063,-1
40877,[0.40468626 0.31638661],6,1,"[0.3897435781344088, 0.3417040596068965]",-1,-1
40878,[0.15347258 0.27712733],0,-1,-1,-1,-1
40879,[0.38169344 0.53260368],3,0,"[0.383291892093257, 0.5586820702346661]",-1,-1
40880,[0.73841573 0.70614147],1,4,"[0.7726811996944247, 0.7249303226766757]",436,0
40881,[0.81716627 0.63189426],1,-1,-1,95,-1
40882,[0.46309906 0.67089054],3,-1,-1,137,-1
40883,[0.25187785 0.39448175],2,8,"[0.27392971195344684, 0.45973140540928376]",-1,-1
40884,[0.67544323 0.68058281],9,-1,-1,385,-1
40885,[0.62880463 0.37744397],8,-1,-1,25,-1
40886,[0.30893694 0.25074608],0,9,"[0.3110394802231661, 0.23517199738277297]",1499,-1
40887,[0.3630968  0.26581045],2,9,"[0.3110394802231661, 0.23517199738277297]",1156,-1
40888,[0.56033251 0.56674063],8,6,"[0.5164739970238864, 0.5319253761973344]",-1,-1
40889,[0.27192948 0.26941095],0,5,"[0.23231087327800656, 0.30304944505444303]",1635,11
40890,[0.44584779 0.50336712],5,-1,-1,859,-1
40891,[0.26459198 0.26489664],2,5,"[0.23231087327800656, 0.30304944505444303]",1505,-1
40892,[0.33241601 0.32063679],2,1,"[0.3897435781344088, 0.3417040596068965]",1683,-1
40893,[0.34243558 0.38130434],6,1,"[0.3897435781344088, 0.3417040596068965]",995,-1
40894,[0.68312711 0.7228561 ],1,-1,-1,236,0
40895,[0.47211028 0.32774721],6,-1,-1,268,-1
40896,[0.43904361 0.69851518],9,-1,-1,-1,-1
40897,[0.21861896 0.21825944],2,-1,-1,-1,-1
40898,[0.24222093 0.3416697 ],2,5,"[0.23231087327800656, 0.30304944505444303]",1565,-1
40899,[0.66878571 0.42691699],8,3,"[0.6815204869410737, 0.47689852788858716]",612,-1
40900,[0.17813653 0.35036935],2,-1,-1,-1,-1
40901,[0.26001312 0.58070892],4,7,"[0.2817018170798153, 0.5849768676672948]",-1,-1
40902,[0.25554145 0.28277634],2,5,"[0.23231087327800656, 0.30304944505444303]",-1,-1
40903,[0.62468053 0.43717651],8,3,"[0.6815204869410737, 0.47689852788858716]",-1,-1
40904,[0.42198961 0.32264995],6,1,"[0.3897435781344088, 0.3417040596068965]",-1,-1
40905,[0.28731897 0.30373734],2,5,"[0.23231087327800656, 0.30304944505444303]",1578,-1
40906,[0.30228165 0.62468355],4,7,"[0.2817018170798153, 0.5849768676672948]",1131,-1
40907,[0.15079219 0.37744261],0,-1,-1,-1,-1
40908,[0.35301286 0.32195566],6,1,"[0.3897435781344088, 0.3417040596068965]",-1,-1
40909,[0.60883437 0.55920488],9,-1,-1,-1,-1
40910,[0.64547311 0.50513356],5,3,"[0.6815204869410737, 0.47689852788858716]",-1,-1
40911,[0.50948989 0.65382838],5,-1,-1,-1,-1
40912,[0.28301538 0.28730838],2,5,"[0.23231087327800656, 0.30304944505444303]",1681,11
40913,[0.42897541 0.50164071],4,-1,-1,914,-1
40914,[0.64604701 0.45749925],8,3,"[0.6815204869410737, 0.47689852788858716]",-1,-1
40915,[0.45746543 0.32853472],6,1,"[0.3897435781344088, 0.3417040596068965]",-1,-1
40916,[0.68772435 0.51248429],9,3,"[0.6815204869410737, 0.47689852788858716]",-1,-1
40917,[0.45488997 0.63077492],5,-1,-1,-1,-1
40918,[0.3821418 0.5913288],4,0,"[0.383291892093257, 0.5586820702346661]",-1,-1
40919,[0.2636023  0.40899094],0,8,"[0.27392971195344684, 0.45973140540928376]",1007,-1
40920,[0.48322501 0.37825255],6,-1,-1,200,-1
40921,[0.26268337 0.24271675],0,9,"[0.3110394802231661, 0.23517199738277297]",-1,-1
40922,[0.5875908 0.474213 ],8,-1,-1,-1,-1
40923,[0.63118773 0.67567636],9,2,"[0.5921204552873188, 0.6383928111301557]",659,-1
40924,[0.24862095 0.47243615],2,8,"[0.27392971195344684, 0.45973140540928376]",-1,-1
40925,[0.26945632 0.58675893],4,7,"[0.2817018170798153, 0.5849768676672948]",1655,-1
40926,[0.52207813 0.63327111],5,-1,-1,-1,-1
40927,[0.32525523 0.54531778],7,7,"[0.2817018170798153, 0.5849768676672948]",-1,-1
40928,[0.56900362 0.50705997],5,6,"[0.5164739970238864, 0.5319253761973344]",851,-1
40929,[0.28012183 0.27027588],0,9,"[0.3110394802231661, 0.23517199738277297]",1627,-1
40930,[0.3334999  0.23699648],0,9,"[0.3110394802231661, 0.23517199738277297]",-1,-1
40931,[0.16744885 0.25298389],0,-1,-1,172,-1
40932,[0.22972639 0.19838796],0,-1,-1,375,-1
40933,[0.32697232 0.26429316],2,9,"[0.3110394802231661, 0.23517199738277297]",-1,-1
40934,[0.35549372 0.47472448],3,-1,-1,-1,-1
40935,[0.33332608 0.44909067],7,8,"[0.27392971195344684, 0.45973140540928376]",-1,-1
40936,[0.38113915 0.47319778],3,-1,-1,771,-1
40937,[0.59686065 0.67678434],9,2,"[0.5921204552873188, 0.6383928111301557]",709,-1
40938,[0.57994351 0.50038519],5,-1,-1,-1,-1
40939,[0.29894516 0.24090471],0,9,"[0.3110394802231661, 0.23517199738277297]",1174,-1
40940,[0.68244172 0.61333435],9,-1,-1,-1,-1
40941,[0.25980882 0.52700026],7,7,"[0.2817018170798153, 0.5849768676672948]",-1,-1
40942,[0.43162806 0.40596445],6,-1,-1,-1,-1
40943,[0.29447783 0.42678644],2,8,"[0.27392971195344684, 0.45973140540928376]",1075,-1
40944,[0.73899297 0.56564055],8,-1,-1,-1,-1
40945,[0.65662255 0.62595252],9,2,"[0.5921204552873188, 0.6383928111301557]",1157,-1
40946,[0.29502051 0.2977731 ],2,5,"[0.23231087327800656, 0.30304944505444303]",1690,11
40947,[0.40189203 0.50635729],3,0,"[0.383291892093257, 0.5586820702346661]",1455,-1
40948,[0.64201368 0.46541682],8,3,"[0.6815204869410737, 0.47689852788858716]",-1,-1
40949,[0.4232649  0.36961273],7,1,"[0.3897435781344088, 0.3417040596068965]",682,-1
40950,[0.32055153 0.32412103],2,-1,-1,1671,-1
40951,[0.3890977 0.608371 ],4,0,"[0.383291892093257, 0.5586820702346661]",-1,-1
40952,[0.30281277 0.5061043 ],7,8,"[0.27392971195344684, 0.45973140540928376]",1858,-1
40953,[0.35908026 0.25281949],0,9,"[0.3110394802231661, 0.23517199738277297]",-1,-1
40954,[0.69897815 0.83636719],1,-1,-1,-1,-1
40955,[0.39250664 0.57261672],3,0,"[0.383291892093257, 0.5586820702346661]",-1,-1
40956,[0.4946684  0.35823434],6,-1,-1,208,-1
40957,[0.73489763 0.45046241],8,3,"[0.6815204869410737, 0.47689852788858716]",-1,-1
40958,[0.66606463 0.55184754],8,-1,-1,-1,-1
40959,[0.26367622 0.55539844],7,7,"[0.2817018170798153, 0.5849768676672948]",1704,-1
40960,[0.33338036 0.20852865],0,9,"[0.3110394802231661, 0.23517199738277297]",674,-1
40961,[0.65111313 0.38285624],8,-1,-1,242,-1
40962,[0.41416415 0.32687612],6,1,"[0.3897435781344088, 0.3417040596068965]",996,-1
40963,[0.25510081 0.4170838 ],7,8,"[0.27392971195344684, 0.45973140540928376]",700,-1
40964,[0.6464526  0.61739995],9,2,"[0.5921204552873188, 0.6383928111301557]",1072,-1
40965,[0.30207046 0.67815194],3,-1,-1,-1,-1
40966,[0.30279422 0.33308019],2,-1,-1,-1,8
40967,[0.50683219 0.51069549],5,6,"[0.5164739970238864, 0.5319253761973344]",725,-1
40968,[0.37262318 0.58649122],4,0,"[0.383291892093257, 0.5586820702346661]",1846,12
40969,[0.46535775 0.31378465],6,-1,-1,281,-1
40970,[0.34819277 0.23942924],2,9,"[0.3110394802231661, 0.23517199738277297]",633,-1
40971,[0.27070513 0.32852107],0,5,"[0.23231087327800656, 0.30304944505444303]",1597,9
40972,[0.44485159 0.55350815],5,0,"[0.383291892093257, 0.5586820702346661]",-1,-1
40973,[0.35826571 0.46323308],7,-1,-1,1560,-1
40974,[0.33615765 0.16861965],6,-1,-1,98,-1
40975,[0.23990854 0.34868345],2,5,"[0.23231087327800656, 0.30304944505444303]",1497,-1
40976,[0.7176404  0.47237879],8,3,"[0.6815204869410737, 0.47689852788858716]",779,-1
40977,[0.63091241 0.40968105],8,-1,-1,265,-1
40978,[0.49568495 0.52342514],5,6,"[0.5164739970238864, 0.5319253761973344]",936,-1
40979,[0.2817575  0.25092288],2,9,"[0.3110394802231661, 0.23517199738277297]",1603,-1
40980,[0.76925533 0.70144598],1,4,"[0.7726811996944247, 0.7249303226766757]",448,0
40981,[0.8088897 0.7445299],1,4,"[0.7726811996944247, 0.7249303226766757]",446,0
40982,[0.60178332 0.40422922],8,-1,-1,164,-1
40983,[0.42480455 0.29969052],6,1,"[0.3897435781344088, 0.3417040596068965]",975,-1
40984,[0.19064875 0.38737875],2,-1,-1,-1,-1
40985,[0.19815663 0.18455977],2,-1,-1,-1,-1
40986,[0.49686619 0.50327271],3,6,"[0.5164739970238864, 0.5319253761973344]",-1,-1
40987,[0.28168027 0.24097225],0,9,"[0.3110394802231661, 0.23517199738277297]",-1,-1
40988,[0.24195261 0.44930208],7,8,"[0.27392971195344684, 0.45973140540928376]",932,-1
40989,[0.71094464 0.453053  ],8,3,"[0.6815204869410737, 0.47689852788858716]",-1,-1
40990,[0.65360322 0.406692  ],8,-1,-1,-1,-1
40991,[0.5311185  0.57859366],5,6,"[0.5164739970238864, 0.5319253761973344]",1372,-1
40992,[0.30148587 0.65674915],3,-1,-1,558,-1
40993,[0.62340747 0.5081988 ],8,3,"[0.6815204869410737, 0.47689852788858716]",867,-1
40994,[0.58088619 0.53475838],5,6,"[0.5164739970238864, 0.5319253761973344]",-1,-1
40995,[0.31306209 0.57799842],7,7,"[0.2817018170798153, 0.5849768676672948]",1961,-1
40996,[0.59660148 0.64042935],9,2,"[0.5921204552873188, 0.6383928111301557]",1166,-1
40997,[0.36961297 0.41326714],6,-1,-1,721,-1
40998,[0.26898142 0.37967189],7,-1,-1,-1,-1
40999,[0.43499704 0.67490273],9,-1,-1,-1,-1
41000,[0.58383356 0.60374167],8,2,"[0.5921204552873188, 0.6383928111301557]",1424,-1
41001,[0.86977957 0.59061667],1,-1,-1,-1,-1
41002,[0.34437045 0.43003082],2,-1,-1,-1,-1
41003,[0.30245582 0.41391064],7,8,"[0.27392971195344684, 0.45973140540928376]",1074,-1
41004,[0.1747478  0.35921033],2,-1,-1,-1,-1
41005,[0.62554964 0.56246614],8,-1,-1,-1,-1
41006,[0.26636623 0.27223787],0,5,"[0.23231087327800656, 0.30304944505444303]",-1,-1
41007,[0.36498917 0.50395608],4,0,"[0.383291892093257, 0.5586820702346661]",1899,-1
41008,[0.82632472 0.74349383],1,4,"[0.7726811996944247, 0.7249303226766757]",-1,0
41009,[0.34520844 0.55500745],4,0,"[0.383291892093257, 0.5586820702346661]",-1,-1
41010,[0.47035214 0.60043784],5,-1,-1,1235,-1
41011,[0.80291316 0.7275239 ],1,4,"[0.7726811996944247, 0.7249303226766757]",-1,0
41012,[0.72276492 0.41518414],8,-1,-1,-1,-1
41013,[0.42568923 0.56347304],4,0,"[0.383291892093257, 0.5586820702346661]",-1,-1
41014,[0.2619895  0.29563774],0,5,"[0.23231087327800656, 0.30304944505444303]",-1,-1
41015,[0.6869211  0.54015172],9,3,"[0.6815204869410737, 0.47689852788858716]",673,-1
41016,[0.26623529 0.26402753],0,5,"[0.23231087327800656, 0.30304944505444303]",1505,-1
41017,[0.37103333 0.63802257],3,-1,-1,-1,-1
41018,[0.32620693 0.65549054],3,-1,-1,-1,-1
41019,[0.4543221  0.33057777],6,1,"[0.3897435781344088, 0.3417040596068965]",528,-1
41020,[0.22086845 0.30595995],2,5,"[0.23231087327800656, 0.30304944505444303]",1421,-1
41021,[0.22307285 0.38295997],2,-1,-1,-1,-1
41022,[0.78959574 0.77952162],1,4,"[0.7726811996944247, 0.7249303226766757]",-1,0
41023,[0.55370323 0.63757776],5,2,"[0.5921204552873188, 0.6383928111301557]",1278,-1
41024,[0.37286066 0.53686389],4,0,"[0.383291892093257, 0.5586820702346661]",1807,-1
41025,[0.20703813 0.28875751],0,5,"[0.23231087327800656, 0.30304944505444303]",1109,-1
41026,[0.49509369 0.57937599],5,6,"[0.5164739970238864, 0.5319253761973344]",-1,-1
41027,[0.25942997 0.33570881],2,5,"[0.23231087327800656, 0.30304944505444303]",-1,-1
41028,[0.3374549  0.54035271],4,0,"[0.383291892093257, 0.5586820702346661]",-1,-1
41029,[0.38446863 0.26206777],6,-1,-1,790,-1
41030,[0.31589478 0.55885785],7,7,"[0.2817018170798153, 0.5849768676672948]",-1,-1
41031,[0.17995149 0.31507071],0,5,"[0.23231087327800656, 0.30304944505444303]",-1,-1
41032,[0.20402143 0.36421404],2,5,"[0.23231087327800656, 0.30304944505444303]",-1,-1
41033,[0.69118084 0.65606486],1,-1,-1,-1,0
41034,[0.7972764  0.67271656],1,4,"[0.7726811996944247, 0.7249303226766757]",-1,0
41035,[0.35959236 0.32311713],2,1,"[0.3897435781344088, 0.3417040596068965]",-1,-1
41036,[0.60318986 0.62667063],9,2,"[0.5921204552873188, 0.6383928111301557]",-1,-1
41037,[0.72573105 0.78217202],1,-1,-1,-1,0
41038,[0.28158246 0.35244378],2,5,"[0.23231087327800656, 0.30304944505444303]",-1,-1
41039,[0.29195202 0.51396294],7,8,"[0.27392971195344684, 0.45973140540928376]",1914,14
41040,[0.18933807 0.72948654],4,-1,-1,-1,-1
41041,[0.3767833  0.38343947],6,1,"[0.3897435781344088, 0.3417040596068965]",1006,-1
41042,[0.48891421 0.67392404],9,-1,-1,-1,-1
41043,[0.25428093 0.35968243],2,5,"[0.23231087327800656, 0.30304944505444303]",1025,-1
41044,[0.42164409 0.27001142],6,-1,-1,-1,-1
41045,[0.46460044 0.51139651],3,6,"[0.5164739970238864, 0.5319253761973344]",-1,-1
41046,[0.28859494 0.51870652],7,8,"[0.27392971195344684, 0.45973140540928376]",1915,14
41047,[0.36253754 0.54427319],3,0,"[0.383291892093257, 0.5586820702346661]",1790,-1
41048,[0.38928369 0.57183924],4,0,"[0.383291892093257, 0.5586820702346661]",1771,-1
41049,[0.26466333 0.2070691 ],0,9,"[0.3110394802231661, 0.23517199738277297]",-1,-1
41050,[0.76098295 0.78184676],1,4,"[0.7726811996944247, 0.7249303226766757]",-1,0
41051,[0.74986073 0.50668053],8,-1,-1,480,-1
41052,[0.46775362 0.62486152],3,-1,-1,704,-1
41053,[0.22837679 0.41629985],2,8,"[0.27392971195344684, 0.45973140540928376]",499,-1
41054,[0.39597882 0.57602772],3,0,"[0.383291892093257, 0.5586820702346661]",1770,-1
41055,[0.7051284 0.382723 ],8,-1,-1,151,-1
41056,[0.20810765 0.29111674],0,5,"[0.23231087327800656, 0.30304944505444303]",-1,-1
41057,[0.21949206 0.61831814],4,-1,-1,-1,-1
41058,[0.29441628 0.54110645],4,7,"[0.2817018170798153, 0.5849768676672948]",-1,14
41059,[0.59979843 0.48322328],8,-1,-1,-1,-1
41060,[0.80980159 0.79077955],1,-1,-1,294,0
41061,[0.16616417 0.52202811],7,-1,-1,-1,-1
41062,[0.62451766 0.5265461 ],8,-1,-1,863,-1
41063,[0.33050241 0.30100217],2,9,"[0.3110394802231661, 0.23517199738277297]",1659,-1
41064,[0.31075659 0.50158741],4,8,"[0.27392971195344684, 0.45973140540928376]",1922,-1
41065,[0.33944282 0.6117968 ],4,7,"[0.2817018170798153, 0.5849768676672948]",-1,-1
41066,[0.55548554 0.58269451],5,6,"[0.5164739970238864, 0.5319253761973344]",-1,6
41067,[0.65496104 0.52424316],8,3,"[0.6815204869410737, 0.47689852788858716]",776,-1
41068,[0.23820069 0.5396537 ],7,7,"[0.2817018170798153, 0.5849768676672948]",-1,-1
41069,[0.30965573 0.56895649],7,7,"[0.2817018170798153, 0.5849768676672948]",-1,-1
41070,[0.74578778 0.73847956],1,4,"[0.7726811996944247, 0.7249303226766757]",453,0
41071,[0.28987107 0.6545636 ],3,-1,-1,-1,-1
41072,[0.2352415 0.3853024],2,-1,-1,912,-1
41073,[0.27919071 0.5631168 ],3,7,"[0.2817018170798153, 0.5849768676672948]",1879,13
41074,[0.41830919 0.60197856],3,0,"[0.383291892093257, 0.5586820702346661]",-1,-1
41075,[0.66623238 0.77440316],1,-1,-1,-1,-1
41076,[0.640116   0.55115027],8,-1,-1,-1,-1
41077,[0.38047198 0.36526478],0,1,"[0.3897435781344088, 0.3417040596068965]",1062,-1
41078,[0.27948795 0.32638306],2,5,"[0.23231087327800656, 0.30304944505444303]",-1,-1
41079,[0.23865879 0.24230936],0,5,"[0.23231087327800656, 0.30304944505444303]",-1,-1
41080,[0.21388669 0.25886975],0,5,"[0.23231087327800656, 0.30304944505444303]",1021,-1
41081,[0.31633324 0.34649294],2,-1,-1,-1,8
41082,[0.81982829 0.72944497],1,4,"[0.7726811996944247, 0.7249303226766757]",456,0
41083,[0.26817092 0.31286014],6,5,"[0.23231087327800656, 0.30304944505444303]",1585,-1
41084,[0.32776986 0.41595001],7,8,"[0.27392971195344684, 0.45973140540928376]",-1,-1
41085,[0.72217117 0.68541276],1,4,"[0.7726811996944247, 0.7249303226766757]",393,0
41086,[0.61496851 0.5557208 ],8,-1,-1,-1,-1
41087,[0.59954313 0.68759473],9,2,"[0.5921204552873188, 0.6383928111301557]",-1,-1
41088,[0.38615844 0.3606966 ],2,1,"[0.3897435781344088, 0.3417040596068965]",-1,-1
41089,[0.31370764 0.41331999],2,8,"[0.27392971195344684, 0.45973140540928376]",-1,-1
41090,[0.18249912 0.49397772],7,-1,-1,-1,-1
41091,[0.31937509 0.48622311],7,8,"[0.27392971195344684, 0.45973140540928376]",1869,-1
41092,[0.23806326 0.20699439],0,-1,-1,-1,-1
41093,[0.26646225 0.3724497 ],6,-1,-1,1221,-1
41094,[0.41479587 0.62116286],3,0,"[0.383291892093257, 0.5586820702346661]",1474,-1
41095,[0.32142606 0.41414343],2,8,"[0.27392971195344684, 0.45973140540928376]",-1,-1
41096,[0.68462392 0.45852362],8,3,"[0.6815204869410737, 0.47689852788858716]",735,2
41097,[0.40888415 0.25456335],6,-1,-1,610,-1
41098,[0.38040322 0.25954134],2,-1,-1,790,-1
41099,[0.28688948 0.52912339],7,7,"[0.2817018170798153, 0.5849768676672948]",1911,14
41100,[0.26300948 0.72155175],4,-1,-1,-1,-1
41101,[0.33528537 0.33622489],6,1,"[0.3897435781344088, 0.3417040596068965]",1573,-1
41102,[0.30061841 0.52097684],4,7,"[0.2817018170798153, 0.5849768676672948]",-1,-1
41103,[0.65727034 0.42723657],8,3,"[0.6815204869410737, 0.47689852788858716]",783,-1
41104,[0.44201539 0.35763751],6,1,"[0.3897435781344088, 0.3417040596068965]",552,-1
41105,[0.31008669 0.30883498],6,-1,-1,-1,-1
41106,[0.67701495 0.59677207],8,-1,-1,-1,-1
41107,[0.57816859 0.62976996],9,2,"[0.5921204552873188, 0.6383928111301557]",1309,-1
41108,[0.37106928 0.24459057],6,9,"[0.3110394802231661, 0.23517199738277297]",675,-1
41109,[0.63386027 0.62643241],9,2,"[0.5921204552873188, 0.6383928111301557]",1160,-1
41110,[0.7198981  0.70569712],1,4,"[0.7726811996944247, 0.7249303226766757]",350,0
41111,[0.45994124 0.54362816],5,6,"[0.5164739970238864, 0.5319253761973344]",-1,-1
41112,[0.21649192 0.45408063],4,8,"[0.27392971195344684, 0.45973140540928376]",-1,-1
41113,[0.57502637 0.60664401],5,2,"[0.5921204552873188, 0.6383928111301557]",1415,6
41114,[0.24343855 0.56214102],4,7,"[0.2817018170798153, 0.5849768676672948]",-1,-1
41115,[0.18509632 0.6174093 ],7,-1,-1,-1,-1
41116,[0.31508035 0.60427272],4,7,"[0.2817018170798153, 0.5849768676672948]",1936,-1
41117,[0.32938975 0.5047778 ],3,-1,-1,1909,-1
41118,[0.22847017 0.22259679],0,-1,-1,871,-1
41119,[0.49822358 0.59778343],3,6,"[0.5164739970238864, 0.5319253761973344]",1063,-1
41120,[0.25557734 0.30255733],2,5,"[0.23231087327800656, 0.30304944505444303]",-1,-1
41121,[0.41866589 0.61086656],3,0,"[0.383291892093257, 0.5586820702346661]",1473,-1
41122,[0.38867008 0.52292424],3,0,"[0.383291892093257, 0.5586820702346661]",-1,-1
41123,[0.35929936 0.41645703],7,-1,-1,-1,-1
41124,[0.24816121 0.48564511],7,8,"[0.27392971195344684, 0.45973140540928376]",1710,-1
41125,[0.3636792  0.28499816],6,1,"[0.3897435781344088, 0.3417040596068965]",1172,-1
41126,[0.72955033 0.66078233],1,-1,-1,-1,0
41127,[0.21987847 0.28655033],0,5,"[0.23231087327800656, 0.30304944505444303]",1114,-1
41128,[0.23363683 0.22605505],2,-1,-1,-1,-1
41129,[0.24132729 0.41353733],2,8,"[0.27392971195344684, 0.45973140540928376]",-1,-1
41130,[0.79129631 0.65199023],1,-1,-1,329,0
41131,[0.70017234 0.56189707],8,-1,-1,-1,-1
41132,[0.40028521 0.6003718 ],4,0,"[0.383291892093257, 0.5586820702346661]",1724,-1
41133,[0.51174569 0.56203769],5,6,"[0.5164739970238864, 0.5319253761973344]",1376,-1
41134,[0.46559458 0.26883538],2,-1,-1,272,-1
41135,[0.48014585 0.47329824],5,6,"[0.5164739970238864, 0.5319253761973344]",-1,-1
41136,[0.71058118 0.62375551],1,-1,-1,-1,-1
41137,[0.25498027 0.51384918],4,8,"[0.27392971195344684, 0.45973140540928376]",-1,-1
41138,[0.83363426 0.66079004],1,-1,-1,-1,0
41139,[0.29770135 0.37882665],2,-1,-1,1208,-1
41140,[0.37407559 0.25580473],6,9,"[0.3110394802231661, 0.23517199738277297]",1101,-1
41141,[0.56642577 0.52606952],9,6,"[0.5164739970238864, 0.5319253761973344]",1373,-1
41142,[0.32867603 0.51894452],4,0,"[0.383291892093257, 0.5586820702346661]",-1,-1
41143,[0.41077054 0.66483729],4,-1,-1,-1,-1
41144,[0.6679955 0.5007406],8,3,"[0.6815204869410737, 0.47689852788858716]",-1,2
41145,[0.78126955 0.71373406],1,4,"[0.7726811996944247, 0.7249303226766757]",477,0
41146,[0.56456306 0.4938366 ],5,6,"[0.5164739970238864, 0.5319253761973344]",-1,-1
41147,[0.51481229 0.45501626],5,-1,-1,601,-1
41148,[0.61378045 0.65975602],9,2,"[0.5921204552873188, 0.6383928111301557]",902,-1
41149,[0.26687238 0.21265479],0,9,"[0.3110394802231661, 0.23517199738277297]",-1,-1
41150,[0.56921333 0.447053  ],5,-1,-1,-1,-1
41151,[0.1845937  0.56697905],7,-1,-1,102,-1
41152,[0.26572341 0.49713801],4,8,"[0.27392971195344684, 0.45973140540928376]",1778,-1
41153,[0.54834527 0.68065517],9,2,"[0.5921204552873188, 0.6383928111301557]",-1,-1
41154,[0.34060534 0.5513624 ],3,0,"[0.383291892093257, 0.5586820702346661]",-1,-1
41155,[0.22097704 0.28968595],0,5,"[0.23231087327800656, 0.30304944505444303]",-1,-1
41156,[0.34736277 0.32860084],6,1,"[0.3897435781344088, 0.3417040596068965]",1414,-1
41157,[0.27053592 0.45261187],7,8,"[0.27392971195344684, 0.45973140540928376]",1247,-1
41158,[0.26408237 0.39293205],7,8,"[0.27392971195344684, 0.45973140540928376]",945,-1
41159,[0.62082625 0.6530601 ],5,2,"[0.5921204552873188, 0.6383928111301557]",-1,-1
41160,[0.61858766 0.66852195],9,2,"[0.5921204552873188, 0.6383928111301557]",1112,-1
41161,[0.41802687 0.25595676],0,-1,-1,610,-1
41162,[0.60930289 0.78609562],9,-1,-1,-1,-1
41163,[0.62200912 0.61661719],9,2,"[0.5921204552873188, 0.6383928111301557]",-1,-1
41164,[0.55066968 0.38255554],5,-1,-1,47,-1
41165,[0.32388784 0.49956474],4,8,"[0.27392971195344684, 0.45973140540928376]",1809,-1
41166,[0.21335778 0.56926283],7,-1,-1,-1,-1
41167,[0.35667743 0.53008567],5,0,"[0.383291892093257, 0.5586820702346661]",-1,-1
41168,[0.32882557 0.31173198],2,1,"[0.3897435781344088, 0.3417040596068965]",1679,-1
41169,[0.28404665 0.30794437],0,5,"[0.23231087327800656, 0.30304944505444303]",-1,-1
41170,[0.38139167 0.25934106],2,-1,-1,790,-1
41171,[0.82572484 0.52292518],8,-1,-1,-1,-1
41172,[0.49498993 0.49700765],5,6,"[0.5164739970238864, 0.5319253761973344]",603,-1
41173,[0.82031031 0.73283653],1,4,"[0.7726811996944247, 0.7249303226766757]",-1,0
41174,[0.17815468 0.41786431],2,-1,-1,-1,-1
41175,[0.22201761 0.17671364],0,-1,-1,-1,-1
41176,[0.41793512 0.40819959],3,-1,-1,-1,-1
41177,[0.66236419 0.70064402],1,-1,-1,489,-1
41178,[0.55873396 0.63011221],9,2,"[0.5921204552873188, 0.6383928111301557]",1278,-1
41179,[0.49345281 0.59373043],3,6,"[0.5164739970238864, 0.5319253761973344]",752,-1
41180,[0.45761832 0.50749339],3,6,"[0.5164739970238864, 0.5319253761973344]",753,-1
41181,[0.58093667 0.73997639],9,-1,-1,-1,-1
41182,[0.2879121  0.50831363],7,8,"[0.27392971195344684, 0.45973140540928376]",-1,-1
41183,[0.51680497 0.65593503],9,-1,-1,728,-1
41184,[0.27984614 0.43386033],6,8,"[0.27392971195344684, 0.45973140540928376]",-1,-1
41185,[0.76550847 0.71506143],1,4,"[0.7726811996944247, 0.7249303226766757]",-1,0
41186,[0.36745096 0.27428617],6,9,"[0.3110394802231661, 0.23517199738277297]",-1,-1
41187,[0.22351162 0.41566737],2,8,"[0.27392971195344684, 0.45973140540928376]",498,-1
41188,[0.2290009  0.15782462],0,-1,-1,-1,-1
41189,[0.55396577 0.47441765],5,6,"[0.5164739970238864, 0.5319253761973344]",744,-1
41190,[0.28190161 0.52593762],7,7,"[0.2817018170798153, 0.5849768676672948]",-1,-1
41191,[0.16462735 0.26821913],0,-1,-1,220,-1
41192,[0.60840424 0.70757517],9,-1,-1,-1,-1
41193,[0.29864708 0.60146444],4,7,"[0.2817018170798153, 0.5849768676672948]",1662,-1
41194,[0.43831104 0.27965491],6,-1,-1,-1,-1
41195,[0.22815804 0.30997541],0,5,"[0.23231087327800656, 0.30304944505444303]",1486,-1
41196,[0.65079992 0.68443559],9,-1,-1,444,-1
41197,[0.43153026 0.2746031 ],6,-1,-1,532,-1
41198,[0.36147447 0.65302108],3,-1,-1,-1,-1
41199,[0.76898024 0.72059497],1,4,"[0.7726811996944247, 0.7249303226766757]",-1,0
41200,[0.66595721 0.63582022],9,-1,-1,580,-1
41201,[0.23305302 0.21679607],0,-1,-1,-1,-1
41202,[0.33950449 0.49765353],3,-1,-1,1880,15
41203,[0.3010942  0.58233823],3,7,"[0.2817018170798153, 0.5849768676672948]",1819,-1
41204,[0.21046109 0.50382682],7,-1,-1,-1,-1
41205,[0.69685088 0.49250972],8,3,"[0.6815204869410737, 0.47689852788858716]",-1,2
41206,[0.25149781 0.29592437],0,5,"[0.23231087327800656, 0.30304944505444303]",1644,-1
41207,[0.68710827 0.51885904],8,3,"[0.6815204869410737, 0.47689852788858716]",-1,-1
41208,[0.24572598 0.22605183],0,9,"[0.3110394802231661, 0.23517199738277297]",985,-1
41209,[0.35391889 0.48801276],7,-1,-1,1747,-1
41210,[0.18857262 0.23098579],0,-1,-1,-1,-1
41211,[0.2511663  0.45396643],2,8,"[0.27392971195344684, 0.45973140540928376]",931,-1
41212,[0.3415655 0.2556479],0,9,"[0.3110394802231661, 0.23517199738277297]",958,-1
41213,[0.60071478 0.5714795 ],5,2,"[0.5921204552873188, 0.6383928111301557]",-1,5
41214,[0.5992783  0.61527568],9,2,"[0.5921204552873188, 0.6383928111301557]",1417,-1
41215,[0.4901375 0.6652377],5,-1,-1,305,-1
41216,[0.4669697  0.52576547],5,6,"[0.5164739970238864, 0.5319253761973344]",1002,-1
41217,[0.27553594 0.27200436],2,9,"[0.3110394802231661, 0.23517199738277297]",-1,-1
41218,[0.2776825  0.22439667],6,9,"[0.3110394802231661, 0.23517199738277297]",1334,-1
41219,[0.39605135 0.47045985],7,-1,-1,583,-1
41220,[0.32557831 0.25825836],0,9,"[0.3110394802231661, 0.23517199738277297]",1484,-1
41221,[0.26827385 0.44899327],4,8,"[0.27392971195344684, 0.45973140540928376]",-1,-1
41222,[0.23614165 0.34420945],2,5,"[0.23231087327800656, 0.30304944505444303]",1522,-1
41223,[0.44876477 0.34620245],2,1,"[0.3897435781344088, 0.3417040596068965]",525,-1
41224,[0.37709288 0.27802572],6,1,"[0.3897435781344088, 0.3417040596068965]",1168,-1
41225,[0.24551885 0.52616521],7,7,"[0.2817018170798153, 0.5849768676672948]",1488,-1
41226,[0.25691376 0.2347254 ],0,9,"[0.3110394802231661, 0.23517199738277297]",-1,-1
41227,[0.21134623 0.32409639],0,5,"[0.23231087327800656, 0.30304944505444303]",-1,-1
41228,[0.24497715 0.35411063],2,5,"[0.23231087327800656, 0.30304944505444303]",1570,-1
41229,[0.24839987 0.23524745],0,9,"[0.3110394802231661, 0.23517199738277297]",-1,-1
41230,[0.27641438 0.55715504],4,7,"[0.2817018170798153, 0.5849768676672948]",1875,13
41231,[0.4793092  0.23715229],6,-1,-1,82,-1
41232,[0.40680363 0.44426473],4,-1,-1,-1,-1
41233,[0.61567371 0.71682302],9,-1,-1,212,-1
41234,[0.28386981 0.44394952],7,8,"[0.27392971195344684, 0.45973140540928376]",-1,-1
41235,[0.51127734 0.54588124],5,6,"[0.5164739970238864, 0.5319253761973344]",1186,3
41236,[0.70314159 0.43044786],8,3,"[0.6815204869410737, 0.47689852788858716]",596,-1
41237,[0.543491   0.45991475],5,-1,-1,-1,-1
41238,[0.6311971  0.67425945],1,2,"[0.5921204552873188, 0.6383928111301557]",659,-1
41239,[0.35208328 0.35006236],6,1,"[0.3897435781344088, 0.3417040596068965]",1350,-1
41240,[0.29096991 0.57859371],4,7,"[0.2817018170798153, 0.5849768676672948]",-1,-1
41241,[0.19757159 0.61015477],4,-1,-1,-1,-1
41242,[0.40263203 0.33657726],6,1,"[0.3897435781344088, 0.3417040596068965]",-1,-1
41243,[0.31069818 0.29024683],0,9,"[0.3110394802231661, 0.23517199738277297]",1614,11
41244,[0.76788403 0.43385579],8,-1,-1,-1,-1
41245,[0.81698264 0.69946235],1,4,"[0.7726811996944247, 0.7249303226766757]",365,0
41246,[0.41055377 0.37997304],6,1,"[0.3897435781344088, 0.3417040596068965]",-1,-1
41247,[0.81994405 0.47438972],8,-1,-1,-1,-1
41248,[0.64360793 0.59108363],8,2,"[0.5921204552873188, 0.6383928111301557]",-1,-1
41249,[0.32032279 0.18141092],0,9,"[0.3110394802231661, 0.23517199738277297]",232,-1
41250,[0.67037733 0.66413114],9,-1,-1,638,-1
41251,[0.28072561 0.26479961],6,9,"[0.3110394802231661, 0.23517199738277297]",-1,-1
41252,[0.77635538 0.66947912],1,4,"[0.7726811996944247, 0.7249303226766757]",389,0
41253,[0.36099604 0.33867934],6,1,"[0.3897435781344088, 0.3417040596068965]",1500,-1
41254,[0.62123158 0.70738342],9,-1,-1,287,-1
41255,[0.58354281 0.65977539],5,2,"[0.5921204552873188, 0.6383928111301557]",1124,-1
41256,[0.45689131 0.20753366],6,-1,-1,-1,-1
41257,[0.26072671 0.65798421],4,-1,-1,-1,-1
41258,[0.26803872 0.34822503],6,5,"[0.23231087327800656, 0.30304944505444303]",1592,-1
41259,[0.65350814 0.60117216],9,-1,-1,-1,-1
41260,[0.68948736 0.49551174],8,3,"[0.6815204869410737, 0.47689852788858716]",836,2
41261,[0.52961208 0.68033425],5,-1,-1,-1,-1
41262,[0.23171169 0.36991197],2,5,"[0.23231087327800656, 0.30304944505444303]",1085,-1
41263,[0.75782592 0.74054819],1,4,"[0.7726811996944247, 0.7249303226766757]",-1,0
41264,[0.31192138 0.29349605],0,9,"[0.3110394802231661, 0.23517199738277297]",1614,-1
41265,[0.17860301 0.38039698],2,-1,-1,133,-1
41266,[0.42369114 0.58530314],3,0,"[0.383291892093257, 0.5586820702346661]",-1,-1
41267,[0.41135219 0.24082373],6,-1,-1,-1,-1
41268,[0.20821707 0.62418802],4,-1,-1,-1,-1
41269,[0.39245679 0.47909269],3,-1,-1,-1,-1
41270,[0.71956527 0.59832796],9,-1,-1,-1,-1
41271,[0.2422159  0.22527477],0,9,"[0.3110394802231661, 0.23517199738277297]",-1,-1
41272,[0.37002283 0.46494903],7,-1,-1,1055,-1
41273,[0.23532551 0.31601204],2,5,"[0.23231087327800656, 0.30304944505444303]",-1,-1
41274,[0.6118068  0.47265013],8,3,"[0.6815204869410737, 0.47689852788858716]",622,-1
41275,[0.2587886  0.22363947],0,9,"[0.3110394802231661, 0.23517199738277297]",988,-1
41276,[0.2204082  0.49715632],7,8,"[0.27392971195344684, 0.45973140540928376]",-1,-1
41277,[0.27826118 0.23256531],2,9,"[0.3110394802231661, 0.23517199738277297]",-1,-1
41278,[0.21169938 0.28552298],0,5,"[0.23231087327800656, 0.30304944505444303]",1109,-1
41279,[0.41463991 0.62155632],3,-1,-1,1474,-1
41280,[0.2811298  0.36272076],2,-1,-1,1260,-1
41281,[0.47857103 0.46263844],5,-1,-1,278,-1
41282,[0.44195574 0.42769393],6,-1,-1,160,-1
41283,[0.47578093 0.38592414],6,-1,-1,321,-1
41284,[0.68527847 0.4698985 ],8,3,"[0.6815204869410737, 0.47689852788858716]",-1,2
41285,[0.66896433 0.52097209],8,3,"[0.6815204869410737, 0.47689852788858716]",828,-1
41286,[0.83600002 0.6855434 ],1,-1,-1,308,0
41287,[0.45853125 0.55633633],3,6,"[0.5164739970238864, 0.5319253761973344]",1271,-1
41288,[0.26895356 0.44369916],4,8,"[0.27392971195344684, 0.45973140540928376]",1251,-1
41289,[0.67932971 0.73533629],1,-1,-1,-1,0
41290,[0.37958786 0.28716861],6,1,"[0.3897435781344088, 0.3417040596068965]",1027,-1
41291,[0.39302037 0.38025493],2,1,"[0.3897435781344088, 0.3417040596068965]",-1,-1
41292,[0.31661095 0.34277434],2,-1,-1,1624,8
41293,[0.40282929 0.54685978],3,0,"[0.383291892093257, 0.5586820702346661]",1631,-1
41294,[0.33517551 0.61337167],7,7,"[0.2817018170798153, 0.5849768676672948]",1544,-1
41295,[0.74876749 0.67852601],1,4,"[0.7726811996944247, 0.7249303226766757]",439,0
41296,[0.28739888 0.51525369],4,8,"[0.27392971195344684, 0.45973140540928376]",1915,14
41297,[0.57314364 0.50739776],8,6,"[0.5164739970238864, 0.5319253761973344]",-1,-1
41298,[0.54421486 0.60971607],9,2,"[0.5921204552873188, 0.6383928111301557]",1217,-1
41299,[0.23536114 0.47175509],7,8,"[0.27392971195344684, 0.45973140540928376]",-1,-1
41300,[0.71324232 0.73736112],1,4,"[0.7726811996944247, 0.7249303226766757]",416,0
41301,[0.40126882 0.63159933],3,-1,-1,751,-1
41302,[0.40677644 0.49133338],7,-1,-1,1456,-1
41303,[0.84919616 0.61346548],1,-1,-1,11,-1
41304,[0.21271727 0.32490827],6,5,"[0.23231087327800656, 0.30304944505444303]",1038,-1
41305,[0.24081545 0.48033292],7,8,"[0.27392971195344684, 0.45973140540928376]",1707,-1
41306,[0.52711221 0.56931003],5,6,"[0.5164739970238864, 0.5319253761973344]",1371,-1
41307,[0.28004033 0.32218035],2,5,"[0.23231087327800656, 0.30304944505444303]",1585,9
41308,[0.63410854 0.53275965],5,-1,-1,-1,-1
41309,[0.64641546 0.69530149],9,-1,-1,489,-1
41310,[0.70059183 0.62863239],1,-1,-1,234,-1
41311,[0.44099882 0.5221374 ],3,0,"[0.383291892093257, 0.5586820702346661]",1435,-1
41312,[0.31465962 0.27578543],6,9,"[0.3110394802231661, 0.23517199738277297]",1506,-1
41313,[0.21685111 0.46260714],7,8,"[0.27392971195344684, 0.45973140540928376]",331,-1
41314,[0.3418848  0.60645166],3,0,"[0.383291892093257, 0.5586820702346661]",1862,-1
41315,[0.20560793 0.26877398],2,5,"[0.23231087327800656, 0.30304944505444303]",-1,-1
41316,[0.76145429 0.71601825],1,4,"[0.7726811996944247, 0.7249303226766757]",-1,0
41317,[0.34818258 0.23456728],0,9,"[0.3110394802231661, 0.23517199738277297]",633,-1
41318,[0.39987033 0.26385659],6,-1,-1,-1,-1
41319,[0.38800709 0.24468251],6,-1,-1,-1,-1
41320,[0.20472309 0.49592026],7,-1,-1,-1,-1
41321,[0.40635657 0.58798792],4,0,"[0.383291892093257, 0.5586820702346661]",1708,-1
41322,[0.41759603 0.25839445],6,-1,-1,-1,-1
41323,[0.26203517 0.32266296],0,5,"[0.23231087327800656, 0.30304944505444303]",1518,-1
41324,[0.6844236 0.6386031],9,-1,-1,493,-1
41325,[0.40322062 0.23921889],6,-1,-1,657,-1
41326,[0.30232979 0.26547095],2,9,"[0.3110394802231661, 0.23517199738277297]",-1,-1
41327,[0.70069639 0.74692104],1,-1,-1,319,0
41328,[0.51867312 0.60357252],5,-1,-1,1230,-1
41329,[0.78753051 0.79846592],1,-1,-1,318,0
41330,[0.52448453 0.62775813],9,2,"[0.5921204552873188, 0.6383928111301557]",-1,-1
41331,[0.57436166 0.47627977],8,-1,-1,772,-1
41332,[0.29640312 0.39568698],2,8,"[0.27392971195344684, 0.45973140540928376]",1067,-1
41333,[0.31167038 0.52913032],7,7,"[0.2817018170798153, 0.5849768676672948]",1844,-1
41334,[0.74497385 0.41044554],8,-1,-1,-1,-1
41335,[0.339735   0.43931887],7,8,"[0.27392971195344684, 0.45973140540928376]",941,-1
41336,[0.44227387 0.32204365],6,1,"[0.3897435781344088, 0.3417040596068965]",-1,-1
41337,[0.29525284 0.39255331],2,-1,-1,-1,-1
41338,[0.18116055 0.32803134],0,5,"[0.23231087327800656, 0.30304944505444303]",497,-1
41339,[0.24493651 0.57868842],4,7,"[0.2817018170798153, 0.5849768676672948]",1563,-1
41340,[0.57540103 0.55338147],5,6,"[0.5164739970238864, 0.5319253761973344]",1362,-1
41341,[0.36583718 0.55844874],4,0,"[0.383291892093257, 0.5586820702346661]",-1,12
41342,[0.54863865 0.59185893],5,2,"[0.5921204552873188, 0.6383928111301557]",-1,6
41343,[0.22750044 0.30807199],0,5,"[0.23231087327800656, 0.30304944505444303]",1486,-1
41344,[0.40353819 0.59900147],3,0,"[0.383291892093257, 0.5586820702346661]",1724,-1
41345,[0.69566036 0.7092218 ],1,-1,-1,343,0
41346,[0.62792661 0.67433845],9,2,"[0.5921204552873188, 0.6383928111301557]",660,-1
41347,[0.40039163 0.64683512],3,-1,-1,589,-1
41348,[0.68237494 0.59561345],8,-1,-1,267,-1
41349,[0.31403257 0.54215632],7,7,"[0.2817018170798153, 0.5849768676672948]",1986,17
41350,[0.36521418 0.31925924],6,1,"[0.3897435781344088, 0.3417040596068965]",-1,-1
41351,[0.44202689 0.54264013],3,0,"[0.383291892093257, 0.5586820702346661]",1249,-1
41352,[0.40996651 0.25589978],6,-1,-1,-1,-1
41353,[0.37493385 0.50859347],4,0,"[0.383291892093257, 0.5586820702346661]",1764,-1
41354,[0.76719184 0.48609706],8,-1,-1,-1,-1
41355,[0.38062749 0.66872648],3,-1,-1,702,-1
41356,[0.79383972 0.75436761],1,4,"[0.7726811996944247, 0.7249303226766757]",-1,0
41357,[0.52705455 0.62958615],9,2,"[0.5921204552873188, 0.6383928111301557]",1143,-1
41358,[0.27454247 0.5082556 ],7,8,"[0.27392971195344684, 0.45973140540928376]",1760,-1
41359,[0.5684351  0.57895092],9,2,"[0.5921204552873188, 0.6383928111301557]",1458,6
41360,[0.57256614 0.55917523],5,6,"[0.5164739970238864, 0.5319253761973344]",1362,-1
41361,[0.31777702 0.20500615],0,9,"[0.3110394802231661, 0.23517199738277297]",293,-1
41362,[0.34215477 0.55353666],4,0,"[0.383291892093257, 0.5586820702346661]",1955,-1
41363,[0.24063495 0.27006145],2,5,"[0.23231087327800656, 0.30304944505444303]",1363,-1
41364,[0.21787335 0.61271046],7,7,"[0.2817018170798153, 0.5849768676672948]",-1,-1
41365,[0.61121095 0.69585214],1,2,"[0.5921204552873188, 0.6383928111301557]",518,-1
41366,[0.3662001  0.22734935],2,9,"[0.3110394802231661, 0.23517199738277297]",484,-1
41367,[0.41594334 0.45578341],3,-1,-1,713,-1
41368,[0.79124346 0.70456009],1,4,"[0.7726811996944247, 0.7249303226766757]",478,0
41369,[0.37044384 0.55714273],3,0,"[0.383291892093257, 0.5586820702346661]",1856,-1
41370,[0.42962542 0.60292549],3,0,"[0.383291892093257, 0.5586820702346661]",1574,-1
41371,[0.29100148 0.37525105],2,-1,-1,1092,-1
41372,[0.3405424  0.52627509],7,0,"[0.383291892093257, 0.5586820702346661]",-1,-1
41373,[0.38063262 0.32755494],6,1,"[0.3897435781344088, 0.3417040596068965]",1476,-1
41374,[0.59621529 0.50644713],5,-1,-1,-1,-1
41375,[0.74722748 0.64413118],1,-1,-1,310,0
41376,[0.42042245 0.53088463],3,0,"[0.383291892093257, 0.5586820702346661]",1469,-1
41377,[0.62115475 0.50776343],8,3,"[0.6815204869410737, 0.47689852788858716]",867,-1
41378,[0.47470978 0.49755895],3,6,"[0.5164739970238864, 0.5319253761973344]",-1,-1
41379,[0.36006107 0.59733524],4,0,"[0.383291892093257, 0.5586820702346661]",-1,-1
41380,[0.67144116 0.57356207],9,-1,-1,542,-1
41381,[0.72341739 0.75978587],1,4,"[0.7726811996944247, 0.7249303226766757]",-1,0
41382,[0.45132122 0.50808369],3,6,"[0.5164739970238864, 0.5319253761973344]",-1,-1
41383,[0.51552566 0.45437073],5,-1,-1,-1,-1
41384,[0.73796571 0.48746727],8,3,"[0.6815204869410737, 0.47689852788858716]",-1,-1
41385,[0.62348174 0.45896126],5,3,"[0.6815204869410737, 0.47689852788858716]",619,-1
41386,[0.86688906 0.82497532],1,-1,-1,-1,-1
41387,[0.26586692 0.59323279],3,7,"[0.2817018170798153, 0.5849768676672948]",1655,-1
41388,[0.52230574 0.52249913],5,6,"[0.5164739970238864, 0.5319253761973344]",1192,-1
41389,[0.36409061 0.51592006],4,0,"[0.383291892093257, 0.5586820702346661]",-1,-1
41390,[0.71163515 0.48221189],8,3,"[0.6815204869410737, 0.47689852788858716]",791,-1
41391,[0.23767092 0.31039094],2,5,"[0.23231087327800656, 0.30304944505444303]",-1,-1
41392,[0.27270393 0.56131006],3,7,"[0.2817018170798153, 0.5849768676672948]",1874,-1
41393,[0.68246702 0.45078792],8,3,"[0.6815204869410737, 0.47689852788858716]",735,-1
41394,[0.55264829 0.57665816],5,6,"[0.5164739970238864, 0.5319253761973344]",-1,6
41395,[0.351589   0.54125404],3,0,"[0.383291892093257, 0.5586820702346661]",1969,16
41396,[0.28707084 0.51964245],7,8,"[0.27392971195344684, 0.45973140540928376]",-1,14
41397,[0.78202206 0.77852187],1,4,"[0.7726811996944247, 0.7249303226766757]",407,0
41398,[0.31511732 0.26560908],6,9,"[0.3110394802231661, 0.23517199738277297]",1508,-1
41399,[0.8323182  0.65122283],1,-1,-1,170,0
41400,[0.89031845 0.62132452],1,-1,-1,-1,-1
41401,[0.27855908 0.23347053],0,9,"[0.3110394802231661, 0.23517199738277297]",-1,-1
41402,[0.34091061 0.49570933],4,-1,-1,1880,-1
41403,[0.51588875 0.54025511],3,6,"[0.5164739970238864, 0.5319253761973344]",-1,3
41404,[0.52541976 0.60759104],5,-1,-1,-1,-1
41405,[0.28222678 0.57946582],4,7,"[0.2817018170798153, 0.5849768676672948]",1800,-1
41406,[0.23370235 0.54693939],7,7,"[0.2817018170798153, 0.5849768676672948]",1411,-1
41407,[0.55267706 0.60394107],9,2,"[0.5921204552873188, 0.6383928111301557]",1342,-1
41408,[0.28576728 0.59048264],4,7,"[0.2817018170798153, 0.5849768676672948]",1810,-1
41409,[0.35487024 0.18557564],0,9,"[0.3110394802231661, 0.23517199738277297]",58,-1
41410,[0.48247427 0.63242549],5,-1,-1,647,-1
41411,[0.90154209 0.76807396],1,-1,-1,-1,-1
41412,[0.78781966 0.69437679],1,4,"[0.7726811996944247, 0.7249303226766757]",448,0
41413,[0.35923891 0.3092886 ],0,1,"[0.3897435781344088, 0.3417040596068965]",1540,-1
41414,[0.75838741 0.6792228 ],1,4,"[0.7726811996944247, 0.7249303226766757]",-1,0
41415,[0.84558574 0.89320827],1,-1,-1,-1,-1
41416,[0.63781123 0.55268806],8,-1,-1,-1,-1
41417,[0.33322586 0.21274529],0,9,"[0.3110394802231661, 0.23517199738277297]",674,-1
41418,[0.76273909 0.6781848 ],1,4,"[0.7726811996944247, 0.7249303226766757]",395,0
41419,[0.57048991 0.5962339 ],9,2,"[0.5921204552873188, 0.6383928111301557]",-1,6
41420,[0.40792256 0.44996427],3,-1,-1,-1,-1
41421,[0.62656641 0.44008526],8,3,"[0.6815204869410737, 0.47689852788858716]",-1,-1
41422,[0.32903995 0.2904621 ],0,9,"[0.3110394802231661, 0.23517199738277297]",-1,-1
41423,[0.86065061 0.71345982],1,-1,-1,313,0
41424,[0.35071025 0.66207367],4,-1,-1,298,-1
41425,[0.39852381 0.63072617],3,-1,-1,751,-1
41426,[0.64692586 0.4446972 ],8,3,"[0.6815204869410737, 0.47689852788858716]",-1,-1
41427,[0.38364825 0.54203844],3,0,"[0.383291892093257, 0.5586820702346661]",-1,-1
41428,[0.20047533 0.544811  ],7,-1,-1,-1,-1
41429,[0.38895869 0.5694327 ],5,0,"[0.383291892093257, 0.5586820702346661]",1771,-1
41430,[0.63322747 0.78752296],1,-1,-1,-1,-1
41431,[0.45028691 0.56702129],3,0,"[0.383291892093257, 0.5586820702346661]",1276,-1
41432,[0.31776757 0.59317646],4,7,"[0.2817018170798153, 0.5849768676672948]",1937,-1
41433,[0.28999882 0.52650468],4,7,"[0.2817018170798153, 0.5849768676672948]",-1,14
41434,[0.73993318 0.75120654],1,4,"[0.7726811996944247, 0.7249303226766757]",-1,0
41435,[0.76735037 0.42310453],8,-1,-1,-1,-1
41436,[0.40777505 0.24365736],6,-1,-1,-1,-1
41437,[0.3116984  0.28607396],0,9,"[0.3110394802231661, 0.23517199738277297]",1614,-1
41438,[0.45929124 0.41484029],7,-1,-1,206,-1
41439,[0.44433692 0.62167947],5,-1,-1,707,-1
41440,[0.59111284 0.55453485],5,-1,-1,-1,-1
41441,[0.33029318 0.48962407],7,8,"[0.27392971195344684, 0.45973140540928376]",1827,-1
41442,[0.31120181 0.27767305],0,9,"[0.3110394802231661, 0.23517199738277297]",-1,-1
41443,[0.27673803 0.3033913 ],0,5,"[0.23231087327800656, 0.30304944505444303]",1581,-1
41444,[0.27806552 0.49664276],7,8,"[0.27392971195344684, 0.45973140540928376]",1795,-1
41445,[0.43720956 0.53931898],3,0,"[0.383291892093257, 0.5586820702346661]",-1,-1
41446,[0.37664539 0.56118418],4,0,"[0.383291892093257, 0.5586820702346661]",-1,-1
41447,[0.29563248 0.63841928],3,7,"[0.2817018170798153, 0.5849768676672948]",-1,-1
41448,[0.36902362 0.55441358],7,0,"[0.383291892093257, 0.5586820702346661]",-1,-1
41449,[0.36434895 0.64322267],3,-1,-1,913,-1
41450,[0.29361063 0.53626836],4,7,"[0.2817018170798153, 0.5849768676672948]",1895,-1
41451,[0.43426731 0.4795338 ],4,-1,-1,767,-1
41452,[0.26668634 0.54153454],4,7,"[0.2817018170798153, 0.5849768676672948]",1743,-1
41453,[0.6117882  0.58041517],8,2,"[0.5921204552873188, 0.6383928111301557]",-1,-1
41454,[0.32343155 0.55092215],3,7,"[0.2817018170798153, 0.5849768676672948]",-1,17
41455,[0.35253981 0.54750971],7,0,"[0.383291892093257, 0.5586820702346661]",1928,-1
41456,[0.17936486 0.47071978],2,-1,-1,-1,-1
41457,[0.29093078 0.26995976],2,9,"[0.3110394802231661, 0.23517199738277297]",1495,-1
41458,[0.28356565 0.54914509],7,7,"[0.2817018170798153, 0.5849768676672948]",-1,-1
41459,[0.81396963 0.72020809],1,4,"[0.7726811996944247, 0.7249303226766757]",-1,0
41460,[0.31590129 0.34568549],2,-1,-1,-1,8
41461,[0.76404102 0.7242454 ],1,4,"[0.7726811996944247, 0.7249303226766757]",469,0
41462,[0.81536538 0.7239053 ],1,4,"[0.7726811996944247, 0.7249303226766757]",456,0
41463,[0.2298717  0.47069122],2,8,"[0.27392971195344684, 0.45973140540928376]",724,-1
41464,[0.18252909 0.46779165],7,-1,-1,210,-1
41465,[0.69119594 0.51264913],8,3,"[0.6815204869410737, 0.47689852788858716]",-1,-1
41466,[0.31072109 0.31962635],2,-1,-1,1672,-1
41467,[0.48883617 0.49129774],5,6,"[0.5164739970238864, 0.5319253761973344]",-1,-1
41468,[0.59734664 0.44909925],8,-1,-1,616,-1
41469,[0.60982043 0.64649765],9,2,"[0.5921204552873188, 0.6383928111301557]",-1,-1
41470,[0.51042476 0.72517297],9,-1,-1,116,-1
41471,[0.75548287 0.80128917],1,-1,-1,-1,0
41472,[0.36190331 0.27008388],6,9,"[0.3110394802231661, 0.23517199738277297]",1156,-1
41473,[0.57001333 0.61297401],9,2,"[0.5921204552873188, 0.6383928111301557]",1412,-1
41474,[0.54377263 0.58312974],5,6,"[0.5164739970238864, 0.5319253761973344]",1432,6
41475,[0.8231057  0.67498716],1,-1,-1,334,0
41476,[0.24939055 0.28204643],0,5,"[0.23231087327800656, 0.30304944505444303]",1530,-1
41477,[0.72052742 0.45154119],8,3,"[0.6815204869410737, 0.47689852788858716]",693,-1
41478,[0.40758927 0.5175801 ],3,0,"[0.383291892093257, 0.5586820702346661]",1638,-1
41479,[0.33153441 0.1190776 ],2,-1,-1,-1,-1
41480,[0.42500089 0.3653248 ],6,1,"[0.3897435781344088, 0.3417040596068965]",682,-1
41481,[0.40183583 0.5616005 ],3,0,"[0.383291892093257, 0.5586820702346661]",1748,-1
41482,[0.82897569 0.67408927],1,-1,-1,-1,0
41483,[0.65667144 0.53039979],8,3,"[0.6815204869410737, 0.47689852788858716]",-1,-1
41484,[0.29341498 0.60958937],3,7,"[0.2817018170798153, 0.5849768676672948]",956,-1
41485,[0.62218872 0.61166292],9,2,"[0.5921204552873188, 0.6383928111301557]",-1,-1
41486,[0.31926103 0.46279605],7,8,"[0.27392971195344684, 0.45973140540928376]",1556,-1
41487,[0.70427686 0.50694395],8,3,"[0.6815204869410737, 0.47689852788858716]",739,-1
41488,[0.23325036 0.52718647],4,-1,-1,1477,-1
41489,[0.41864943 0.51200186],5,0,"[0.383291892093257, 0.5586820702346661]",1439,-1
41490,[0.36532635 0.60774527],4,0,"[0.383291892093257, 0.5586820702346661]",1752,-1
41491,[0.32837368 0.64494681],4,-1,-1,-1,-1
41492,[0.31335655 0.36097753],6,-1,-1,-1,-1
41493,[0.21006179 0.32378822],0,5,"[0.23231087327800656, 0.30304944505444303]",-1,-1
41494,[0.41558427 0.48946242],5,-1,-1,1058,-1
41495,[0.39456445 0.47373384],4,-1,-1,-1,-1
41496,[0.30621877 0.34809499],2,-1,-1,1628,-1
41497,[0.25800629 0.55970114],3,7,"[0.2817018170798153, 0.5849768676672948]",1705,-1
41498,[0.5790776 0.6345608],9,2,"[0.5921204552873188, 0.6383928111301557]",1095,-1
41499,[0.55638359 0.58534677],5,2,"[0.5921204552873188, 0.6383928111301557]",-1,6
41500,[0.35288254 0.6259759 ],3,-1,-1,1304,-1
41501,[0.61544267 0.4863609 ],8,3,"[0.6815204869410737, 0.47689852788858716]",789,-1
41502,[0.26086066 0.32768736],2,5,"[0.23231087327800656, 0.30304944505444303]",-1,-1
41503,[0.72938157 0.75314678],1,4,"[0.7726811996944247, 0.7249303226766757]",-1,0
41504,[0.32186986 0.27795629],2,9,"[0.3110394802231661, 0.23517199738277297]",1519,-1
41505,[0.65344076 0.55324071],9,-1,-1,-1,-1
41506,[0.36751491 0.61335874],3,0,"[0.383291892093257, 0.5586820702346661]",-1,-1
41507,[0.6762124  0.53194512],8,3,"[0.6815204869410737, 0.47689852788858716]",-1,-1
41508,[0.23155525 0.49535416],7,8,"[0.27392971195344684, 0.45973140540928376]",1091,-1
41509,[0.72439982 0.65878497],1,-1,-1,-1,0
41510,[0.35812214 0.49163742],7,-1,-1,1747,-1
41511,[0.76443064 0.77824348],1,4,"[0.7726811996944247, 0.7249303226766757]",370,0
41512,[0.64509959 0.56207416],8,-1,-1,-1,-1
41513,[0.71561201 0.56495161],1,-1,-1,-1,-1
41514,[0.59477627 0.44037531],5,-1,-1,216,-1
41515,[0.5341473  0.53849277],4,6,"[0.5164739970238864, 0.5319253761973344]",-1,-1
41516,[0.80581519 0.67643351],1,4,"[0.7726811996944247, 0.7249303226766757]",359,0
41517,[0.60566829 0.50790482],8,-1,-1,844,-1
41518,[0.36463799 0.55853506],3,0,"[0.383291892093257, 0.5586820702346661]",-1,-1
41519,[0.41677466 0.47255088],4,-1,-1,716,-1
41520,[0.28773135 0.24791105],0,9,"[0.3110394802231661, 0.23517199738277297]",-1,-1
41521,[0.58699669 0.6172002 ],5,2,"[0.5921204552873188, 0.6383928111301557]",1418,-1
41522,[0.26103614 0.32056365],0,5,"[0.23231087327800656, 0.30304944505444303]",-1,-1
41523,[0.20475246 0.34836196],2,5,"[0.23231087327800656, 0.30304944505444303]",-1,-1
41524,[0.69576003 0.57585252],8,-1,-1,235,-1
41525,[0.32435132 0.60513047],4,7,"[0.2817018170798153, 0.5849768676672948]",-1,-1
41526,[0.66517195 0.56268166],9,-1,-1,892,-1
41527,[0.64959209 0.63122489],8,2,"[0.5921204552873188, 0.6383928111301557]",-1,-1
41528,[0.70058716 0.81139707],1,-1,-1,105,-1
41529,[0.25260436 0.21702319],2,9,"[0.3110394802231661, 0.23517199738277297]",990,-1
41530,[0.61948833 0.6096857 ],9,2,"[0.5921204552873188, 0.6383928111301557]",1200,-1
41531,[0.24103142 0.4788624 ],4,8,"[0.27392971195344684, 0.45973140540928376]",1707,-1
41532,[0.51536898 0.56639304],5,6,"[0.5164739970238864, 0.5319253761973344]",1379,-1
41533,[0.76106856 0.80630592],1,-1,-1,296,0
41534,[0.31111344 0.54611791],4,7,"[0.2817018170798153, 0.5849768676672948]",1988,17
41535,[0.62903668 0.64587071],9,2,"[0.5921204552873188, 0.6383928111301557]",-1,-1
41536,[0.5766372  0.58612948],9,2,"[0.5921204552873188, 0.6383928111301557]",1453,6
41537,[0.27773887 0.57953994],4,7,"[0.2817018170798153, 0.5849768676672948]",1670,-1
41538,[0.45897874 0.36306633],6,-1,-1,442,-1
41539,[0.35102863 0.38575897],6,1,"[0.3897435781344088, 0.3417040596068965]",-1,-1
41540,[0.31125709 0.63380567],3,7,"[0.2817018170798153, 0.5849768676672948]",-1,-1
41541,[0.63822019 0.38667384],8,-1,-1,157,-1
41542,[0.40910491 0.2543359 ],0,-1,-1,610,-1
41543,[0.73263061 0.63317243],1,-1,-1,184,0
41544,[0.4091295  0.44643611],3,-1,-1,-1,-1
41545,[0.27701153 0.40510328],2,8,"[0.27392971195344684, 0.45973140540928376]",748,-1
41546,[0.71035211 0.39086113],8,-1,-1,150,-1
41547,[0.31775542 0.28143581],6,9,"[0.3110394802231661, 0.23517199738277297]",1576,-1
41548,[0.40754481 0.64592   ],3,-1,-1,589,-1
41549,[0.6520246  0.78780449],9,-1,-1,-1,-1
41550,[0.34954488 0.48625919],7,-1,-1,-1,-1
41551,[0.6083714  0.69790935],9,2,"[0.5921204552873188, 0.6383928111301557]",518,-1
41552,[0.35972545 0.24633711],6,9,"[0.3110394802231661, 0.23517199738277297]",-1,-1
41553,[0.30910619 0.32272771],0,-1,-1,1672,-1
41554,[0.52820276 0.69891797],9,-1,-1,-1,-1
41555,[0.77541421 0.68361322],1,4,"[0.7726811996944247, 0.7249303226766757]",399,0
41556,[0.57551349 0.68427082],9,2,"[0.5921204552873188, 0.6383928111301557]",915,-1
41557,[0.76167136 0.82623065],1,-1,-1,-1,-1
41558,[0.40562111 0.25221685],6,-1,-1,-1,-1
41559,[0.42628277 0.34257556],6,1,"[0.3897435781344088, 0.3417040596068965]",-1,-1
41560,[0.28213758 0.4629752 ],7,8,"[0.27392971195344684, 0.45973140540928376]",-1,-1
41561,[0.45376063 0.60817977],3,-1,-1,-1,-1
41562,[0.41877669 0.47199528],5,-1,-1,716,-1
41563,[0.76644795 0.71402412],1,4,"[0.7726811996944247, 0.7249303226766757]",467,0
41564,[0.58642492 0.72713053],9,-1,-1,-1,-1
41565,[0.2507455  0.32038898],2,5,"[0.23231087327800656, 0.30304944505444303]",1501,7
41566,[0.41351072 0.35236397],6,1,"[0.3897435781344088, 0.3417040596068965]",981,-1
41567,[0.40737665 0.33061966],0,1,"[0.3897435781344088, 0.3417040596068965]",999,-1
41568,[0.32167266 0.42271029],2,8,"[0.27392971195344684, 0.45973140540928376]",1017,-1
41569,[0.53314701 0.67271782],9,2,"[0.5921204552873188, 0.6383928111301557]",642,-1
41570,[0.26951237 0.63237346],3,7,"[0.2817018170798153, 0.5849768676672948]",-1,-1
41571,[0.64402636 0.58610845],9,-1,-1,1178,-1
41572,[0.72152183 0.51449133],8,3,"[0.6815204869410737, 0.47689852788858716]",573,-1
41573,[0.47275307 0.58292216],9,6,"[0.5164739970238864, 0.5319253761973344]",-1,-1
41574,[0.24652411 0.26679168],2,5,"[0.23231087327800656, 0.30304944505444303]",1310,-1
41575,[0.44248975 0.41980401],6,-1,-1,160,-1
41576,[0.55619388 0.61634321],5,2,"[0.5921204552873188, 0.6383928111301557]",-1,-1
41577,[0.31057218 0.3262723 ],7,-1,-1,1677,-1
41578,[0.3749726  0.52601787],4,0,"[0.383291892093257, 0.5586820702346661]",-1,-1
41579,[0.20598036 0.23567228],0,-1,-1,898,-1
41580,[0.37260172 0.29075205],0,1,"[0.3897435781344088, 0.3417040596068965]",-1,-1
41581,[0.38289093 0.60275888],4,0,"[0.383291892093257, 0.5586820702346661]",1753,-1
41582,[0.28250279 0.53413374],7,7,"[0.2817018170798153, 0.5849768676672948]",1893,14
41583,[0.29418665 0.44178782],7,8,"[0.27392971195344684, 0.45973140540928376]",1240,-1
41584,[0.32544051 0.69425716],3,-1,-1,-1,-1
41585,[0.32176142 0.3590265 ],2,-1,-1,1485,-1
41586,[0.7207572  0.51676902],8,3,"[0.6815204869410737, 0.47689852788858716]",573,-1
41587,[0.32087023 0.52131931],6,-1,-1,1824,-1
41588,[0.31938494 0.61308634],4,7,"[0.2817018170798153, 0.5849768676672948]",1763,-1
41589,[0.56421018 0.52923602],5,6,"[0.5164739970238864, 0.5319253761973344]",-1,-1
41590,[0.40156061 0.38030396],6,1,"[0.3897435781344088, 0.3417040596068965]",-1,-1
41591,[0.59635243 0.58570088],5,2,"[0.5921204552873188, 0.6383928111301557]",1326,5
41592,[0.1539334  0.22773117],0,-1,-1,124,-1
41593,[0.44224528 0.56913373],3,0,"[0.383291892093257, 0.5586820702346661]",-1,-1
41594,[0.18154972 0.31493295],0,5,"[0.23231087327800656, 0.30304944505444303]",-1,-1
41595,[0.38058591 0.3931119 ],6,1,"[0.3897435781344088, 0.3417040596068965]",-1,-1
41596,[0.69866861 0.34218071],8,-1,-1,-1,-1
41597,[0.25551119 0.56924164],4,7,"[0.2817018170798153, 0.5849768676672948]",-1,-1
41598,[0.59810145 0.50183034],5,-1,-1,843,-1
41599,[0.40405519 0.51511745],3,0,"[0.383291892093257, 0.5586820702346661]",-1,-1
41600,[0.60163854 0.48601188],5,-1,-1,837,-1
41601,[0.52310695 0.53132171],5,6,"[0.5164739970238864, 0.5319253761973344]",1177,3
41602,[0.35101599 0.33283057],6,1,"[0.3897435781344088, 0.3417040596068965]",-1,-1
41603,[0.58906458 0.71996918],9,-1,-1,-1,-1
41604,[0.62106251 0.48962984],8,3,"[0.6815204869410737, 0.47689852788858716]",789,-1
41605,[0.26068095 0.11168707],0,-1,-1,-1,-1
41606,[0.55298006 0.49952947],9,6,"[0.5164739970238864, 0.5319253761973344]",792,-1
41607,[0.34801004 0.53853085],7,0,"[0.383291892093257, 0.5586820702346661]",1970,16
41608,[0.54614278 0.65647454],9,2,"[0.5921204552873188, 0.6383928111301557]",-1,-1
41609,[0.29567634 0.48666939],7,8,"[0.27392971195344684, 0.45973140540928376]",-1,-1
41610,[0.41702473 0.56030565],4,0,"[0.383291892093257, 0.5586820702346661]",-1,-1
41611,[0.71853795 0.72807611],1,4,"[0.7726811996944247, 0.7249303226766757]",-1,0
41612,[0.24971713 0.56729347],7,7,"[0.2817018170798153, 0.5849768676672948]",1515,-1
41613,[0.61264343 0.65217814],9,2,"[0.5921204552873188, 0.6383928111301557]",-1,-1
41614,[0.34765525 0.57999885],7,0,"[0.383291892093257, 0.5586820702346661]",1842,-1
41615,[0.65766727 0.68865766],9,-1,-1,444,-1
41616,[0.3583167  0.31792007],2,1,"[0.3897435781344088, 0.3417040596068965]",-1,-1
41617,[0.34138904 0.57505806],4,0,"[0.383291892093257, 0.5586820702346661]",-1,-1
41618,[0.59009903 0.45774775],5,-1,-1,607,-1
41619,[0.75794095 0.5001607 ],8,-1,-1,188,-1
41620,[0.29326078 0.2716001 ],6,9,"[0.3110394802231661, 0.23517199738277297]",1495,-1
41621,[0.27445165 0.26881655],0,9,"[0.3110394802231661, 0.23517199738277297]",-1,-1
41622,[0.25925302 0.64736513],3,7,"[0.2817018170798153, 0.5849768676672948]",324,-1
41623,[0.45719033 0.5262675 ],9,6,"[0.5164739970238864, 0.5319253761973344]",1305,-1
41624,[0.38781625 0.26940092],6,-1,-1,-1,-1
41625,[0.35155074 0.32365916],6,1,"[0.3897435781344088, 0.3417040596068965]",-1,-1
41626,[0.31502004 0.51039345],4,8,"[0.27392971195344684, 0.45973140540928376]",1922,15
41627,[0.60057739 0.61606395],5,2,"[0.5921204552873188, 0.6383928111301557]",-1,-1
41628,[0.54611749 0.56715481],5,6,"[0.5164739970238864, 0.5319253761973344]",1441,6
41629,[0.36840447 0.54892191],7,0,"[0.383291892093257, 0.5586820702346661]",-1,-1
41630,[0.31906953 0.70249942],3,-1,-1,48,-1
41631,[0.23202753 0.25108493],0,5,"[0.23231087327800656, 0.30304944505444303]",-1,-1
41632,[0.47270408 0.5713737 ],5,6,"[0.5164739970238864, 0.5319253761973344]",-1,-1
41633,[0.76135624 0.70204251],1,4,"[0.7726811996944247, 0.7249303226766757]",460,0
41634,[0.59145705 0.52207681],8,-1,-1,1102,-1
41635,[0.45829482 0.34451658],5,1,"[0.3897435781344088, 0.3417040596068965]",531,-1
41636,[0.35700658 0.36100663],2,1,"[0.3897435781344088, 0.3417040596068965]",-1,-1
41637,[0.33963112 0.60778913],7,7,"[0.2817018170798153, 0.5849768676672948]",1862,-1
41638,[0.36420299 0.43983584],7,-1,-1,-1,-1
41639,[0.57647682 0.5625096 ],8,6,"[0.5164739970238864, 0.5319253761973344]",1394,-1
41640,[0.40034891 0.28055307],6,1,"[0.3897435781344088, 0.3417040596068965]",-1,-1
41641,[0.7266915  0.50531838],8,3,"[0.6815204869410737, 0.47689852788858716]",574,-1
41642,[0.62231656 0.3319551 ],5,-1,-1,-1,-1
41643,[0.57079162 0.63439593],9,2,"[0.5921204552873188, 0.6383928111301557]",-1,-1
41644,[0.34448112 0.58177986],4,0,"[0.383291892093257, 0.5586820702346661]",1842,-1
41645,[0.77561194 0.60087759],1,-1,-1,-1,-1
41646,[0.36127396 0.58336922],3,0,"[0.383291892093257, 0.5586820702346661]",1847,12
41647,[0.72269658 0.66383946],1,-1,-1,-1,0
41648,[0.22368371 0.4734453 ],7,8,"[0.27392971195344684, 0.45973140540928376]",724,-1
41649,[0.56384131 0.64645275],9,2,"[0.5921204552873188, 0.6383928111301557]",1219,-1
41650,[0.32822308 0.61857296],3,7,"[0.2817018170798153, 0.5849768676672948]",-1,-1
41651,[0.23122548 0.56339498],7,7,"[0.2817018170798153, 0.5849768676672948]",-1,-1
41652,[0.22105659 0.40734034],2,-1,-1,502,-1
41653,[0.49524867 0.61534269],9,-1,-1,918,-1
41654,[0.79957192 0.71584813],1,4,"[0.7726811996944247, 0.7249303226766757]",-1,0
41655,[0.32088263 0.37946376],6,-1,-1,1015,-1
41656,[0.20633514 0.24943301],0,5,"[0.23231087327800656, 0.30304944505444303]",896,-1
41657,[0.16758226 0.31339879],2,5,"[0.23231087327800656, 0.30304944505444303]",203,-1
41658,[0.37733204 0.62889908],3,-1,-1,679,-1
41659,[0.1978142  0.43228754],7,-1,-1,194,-1
41660,[0.23612549 0.49434324],7,8,"[0.27392971195344684, 0.45973140540928376]",1280,-1
41661,[0.31722377 0.39503903],6,-1,-1,1425,-1
41662,[0.36798381 0.32917071],6,1,"[0.3897435781344088, 0.3417040596068965]",1536,-1
41663,[0.79370162 0.74028493],1,4,"[0.7726811996944247, 0.7249303226766757]",-1,0
41664,[0.11827311 0.27679258],0,-1,-1,9,-1
41665,[0.28765054 0.55009899],4,7,"[0.2817018170798153, 0.5849768676672948]",-1,-1
41666,[0.32602054 0.29740295],6,9,"[0.3110394802231661, 0.23517199738277297]",1659,-1
41667,[0.72924294 0.47452663],8,3,"[0.6815204869410737, 0.47689852788858716]",779,-1
41668,[0.2618088  0.53569069],7,7,"[0.2817018170798153, 0.5849768676672948]",1743,-1
41669,[0.70856641 0.44966957],8,3,"[0.6815204869410737, 0.47689852788858716]",594,-1
41670,[0.34801618 0.48925651],3,-1,-1,-1,-1
41671,[0.7079311 0.486751 ],8,3,"[0.6815204869410737, 0.47689852788858716]",-1,-1
41672,[0.31242508 0.37650546],0,-1,-1,1423,-1
41673,[0.65412245 0.62794674],9,2,"[0.5921204552873188, 0.6383928111301557]",1157,-1
41674,[0.57161563 0.51897928],9,6,"[0.5164739970238864, 0.5319253761973344]",-1,-1
41675,[0.36381411 0.53967623],3,0,"[0.383291892093257, 0.5586820702346661]",-1,-1
41676,[0.32756504 0.25448104],6,9,"[0.3110394802231661, 0.23517199738277297]",-1,-1
41677,[0.62762661 0.4678577 ],5,3,"[0.6815204869410737, 0.47689852788858716]",626,-1
41678,[0.36241681 0.27047736],6,9,"[0.3110394802231661, 0.23517199738277297]",1156,-1
41679,[0.59436186 0.68800759],9,2,"[0.5921204552873188, 0.6383928111301557]",654,-1
41680,[0.23830759 0.5764042 ],7,7,"[0.2817018170798153, 0.5849768676672948]",-1,-1
41681,[0.37554505 0.17981387],0,-1,-1,-1,-1
41682,[0.32100698 0.50965991],4,8,"[0.27392971195344684, 0.45973140540928376]",1920,-1
41683,[0.42082755 0.56881102],4,0,"[0.383291892093257, 0.5586820702346661]",1467,-1
41684,[0.40053289 0.66893202],3,-1,-1,247,-1
41685,[0.6013599  0.55979921],9,-1,-1,1316,-1
41686,[0.39006875 0.37598471],6,1,"[0.3897435781344088, 0.3417040596068965]",-1,-1
41687,[0.4062596  0.31324134],6,1,"[0.3897435781344088, 0.3417040596068965]",925,-1
41688,[0.74315704 0.51642186],8,-1,-1,480,-1
41689,[0.68681301 0.62886118],9,-1,-1,-1,-1
41690,[0.41602334 0.35970274],6,1,"[0.3897435781344088, 0.3417040596068965]",-1,-1
41691,[0.44384371 0.59335371],5,0,"[0.383291892093257, 0.5586820702346661]",1229,-1
41692,[0.29139814 0.58765592],7,7,"[0.2817018170798153, 0.5849768676672948]",1810,-1
41693,[0.2666865  0.40768342],2,8,"[0.27392971195344684, 0.45973140540928376]",1007,-1
41694,[0.2361457  0.33821124],2,5,"[0.23231087327800656, 0.30304944505444303]",1522,-1
41695,[0.237645  0.2686217],6,5,"[0.23231087327800656, 0.30304944505444303]",1363,-1
41696,[0.52195374 0.47674217],5,6,"[0.5164739970238864, 0.5319253761973344]",604,-1
41697,[0.38251499 0.31576318],0,1,"[0.3897435781344088, 0.3417040596068965]",1142,-1
41698,[0.31161095 0.37758786],2,-1,-1,1423,-1
41699,[0.34459298 0.2993952 ],2,1,"[0.3897435781344088, 0.3417040596068965]",-1,-1
41700,[0.17128718 0.28371438],0,5,"[0.23231087327800656, 0.30304944505444303]",726,-1
41701,[0.31065966 0.52919123],7,7,"[0.2817018170798153, 0.5849768676672948]",1844,-1
41702,[0.26605279 0.66922418],4,-1,-1,86,-1
41703,[0.23164761 0.26409327],0,5,"[0.23231087327800656, 0.30304944505444303]",-1,-1
41704,[0.28180543 0.16914606],0,-1,-1,-1,-1
41705,[0.30100935 0.33507497],0,-1,-1,-1,-1
41706,[0.21976363 0.22460532],0,-1,-1,872,-1
41707,[0.25412568 0.27421122],2,5,"[0.23231087327800656, 0.30304944505444303]",1549,-1
41708,[0.84704498 0.71216734],1,-1,-1,-1,0
41709,[0.27602714 0.15585466],0,-1,-1,-1,-1
41710,[0.29790132 0.64801176],3,7,"[0.2817018170798153, 0.5849768676672948]",590,-1
41711,[0.31242624 0.43129295],6,8,"[0.27392971195344684, 0.45973140540928376]",1081,-1
41712,[0.66281694 0.4376722 ],8,3,"[0.6815204869410737, 0.47689852788858716]",732,-1
41713,[0.33804079 0.57543035],3,0,"[0.383291892093257, 0.5586820702346661]",-1,-1
41714,[0.52384853 0.60297899],5,-1,-1,1364,-1
41715,[0.43788102 0.28488725],6,-1,-1,719,-1
41716,[0.58384338 0.53667622],5,6,"[0.5164739970238864, 0.5319253761973344]",1234,-1
41717,[0.75225336 0.67738496],1,4,"[0.7726811996944247, 0.7249303226766757]",439,0
41718,[0.89714149 0.72866852],1,-1,-1,-1,-1
41719,[0.57707784 0.42532813],8,-1,-1,-1,-1
41720,[0.58391001 0.60495483],9,2,"[0.5921204552873188, 0.6383928111301557]",1424,-1
41721,[0.52274477 0.65106021],5,-1,-1,-1,-1
41722,[0.83046502 0.75318988],1,4,"[0.7726811996944247, 0.7249303226766757]",-1,0
41723,[0.17807717 0.30176719],0,5,"[0.23231087327800656, 0.30304944505444303]",549,-1
41724,[0.62071545 0.6858863 ],9,2,"[0.5921204552873188, 0.6383928111301557]",-1,-1
41725,[0.23219961 0.57266685],7,7,"[0.2817018170798153, 0.5849768676672948]",1358,-1
41726,[0.37096393 0.33893201],2,1,"[0.3897435781344088, 0.3417040596068965]",-1,-1
41727,[0.81072484 0.51704896],8,-1,-1,-1,-1
41728,[0.36472537 0.56484878],3,0,"[0.383291892093257, 0.5586820702346661]",-1,12
41729,[0.35793124 0.63102741],4,-1,-1,1304,-1
41730,[0.74481807 0.59006737],8,-1,-1,110,-1
41731,[0.3736244  0.59139814],4,0,"[0.383291892093257, 0.5586820702346661]",1846,-1
41732,[0.39913623 0.4543354 ],6,-1,-1,584,-1
41733,[0.7221565  0.64790119],9,-1,-1,237,0
41734,[0.3674524  0.60184529],3,0,"[0.383291892093257, 0.5586820702346661]",1755,-1
41735,[0.55732133 0.52807713],9,6,"[0.5164739970238864, 0.5319253761973344]",1390,-1
41736,[0.39039284 0.44356266],6,-1,-1,567,-1
41737,[0.28054373 0.3024571 ],0,5,"[0.23231087327800656, 0.30304944505444303]",-1,-1
41738,[0.75910525 0.43067296],8,-1,-1,94,-1
41739,[0.29806772 0.60248174],3,7,"[0.2817018170798153, 0.5849768676672948]",1662,-1
41740,[0.43358463 0.27204728],6,-1,-1,532,-1
41741,[0.23418821 0.53312078],4,-1,-1,-1,-1
41742,[0.22109448 0.23269709],0,-1,-1,-1,-1
41743,[0.64899523 0.45097274],8,3,"[0.6815204869410737, 0.47689852788858716]",801,-1
41744,[0.40401662 0.59708647],7,0,"[0.383291892093257, 0.5586820702346661]",1724,-1
41745,[0.25476253 0.63473823],4,7,"[0.2817018170798153, 0.5849768676672948]",348,-1
41746,[0.35721551 0.6030079 ],3,0,"[0.383291892093257, 0.5586820702346661]",1818,-1
41747,[0.46062784 0.42025825],6,-1,-1,-1,-1
41748,[0.27577929 0.55901268],4,7,"[0.2817018170798153, 0.5849768676672948]",1875,13
41749,[0.28502362 0.51943591],4,8,"[0.27392971195344684, 0.45973140540928376]",-1,14
41750,[0.84234382 0.50559989],1,-1,-1,-1,-1
41751,[0.35316021 0.49525932],4,-1,-1,1871,-1
41752,[0.31718759 0.6135642 ],4,7,"[0.2817018170798153, 0.5849768676672948]",-1,-1
41753,[0.425597   0.66390334],4,-1,-1,-1,-1
41754,[0.56471881 0.47600873],5,-1,-1,684,-1
41755,[0.49435925 0.51343249],5,6,"[0.5164739970238864, 0.5319253761973344]",936,-1
41756,[0.31306088 0.15096521],0,-1,-1,-1,-1
41757,[0.51799356 0.4814318 ],5,6,"[0.5164739970238864, 0.5319253761973344]",604,-1
41758,[0.25739158 0.30691481],0,5,"[0.23231087327800656, 0.30304944505444303]",1639,-1
41759,[0.78485084 0.4764154 ],8,-1,-1,-1,-1
41760,[0.79256199 0.6619979 ],1,4,"[0.7726811996944247, 0.7249303226766757]",-1,0
41761,[0.43642531 0.39557403],6,-1,-1,-1,-1
41762,[0.45542278 0.39480113],6,-1,-1,205,-1
41763,[0.47114883 0.32910829],6,-1,-1,268,-1
41764,[0.23237954 0.34124556],2,5,"[0.23231087327800656, 0.30304944505444303]",1522,-1
41765,[0.6306763  0.60304789],5,2,"[0.5921204552873188, 0.6383928111301557]",1207,-1
41766,[0.77033496 0.65306457],1,-1,-1,327,0
41767,[0.33748027 0.31505585],6,1,"[0.3897435781344088, 0.3417040596068965]",1653,-1
41768,[0.86913925 0.73695464],1,-1,-1,-1,0
41769,[0.41708377 0.5339495 ],5,0,"[0.383291892093257, 0.5586820702346661]",-1,-1
41770,[0.4136688  0.25570349],0,-1,-1,610,-1
41771,[0.634812   0.82515809],1,-1,-1,-1,-1
41772,[0.50188756 0.5746234 ],5,6,"[0.5164739970238864, 0.5319253761973344]",1380,-1
41773,[0.589872   0.57411156],9,2,"[0.5921204552873188, 0.6383928111301557]",-1,-1
41774,[0.28552032 0.62215347],4,7,"[0.2817018170798153, 0.5849768676672948]",878,-1
41775,[0.6627324  0.74179225],1,-1,-1,109,0
41776,[0.46810792 0.62976652],5,-1,-1,647,-1
41777,[0.48866433 0.26415903],6,-1,-1,118,-1
41778,[0.55903858 0.62424658],9,2,"[0.5921204552873188, 0.6383928111301557]",1278,-1
41779,[0.31618461 0.59723235],3,7,"[0.2817018170798153, 0.5849768676672948]",1937,-1
41780,[0.79692618 0.67997706],1,4,"[0.7726811996944247, 0.7249303226766757]",-1,0
41781,[0.22557559 0.60829331],4,7,"[0.2817018170798153, 0.5849768676672948]",246,-1
41782,[0.5690655  0.53785112],9,6,"[0.5164739970238864, 0.5319253761973344]",1401,6
41783,[0.56396984 0.52561296],8,6,"[0.5164739970238864, 0.5319253761973344]",1373,-1
41784,[0.64992751 0.66706636],9,2,"[0.5921204552873188, 0.6383928111301557]",641,-1
41785,[0.62667904 0.42009631],8,-1,-1,-1,-1
41786,[0.72194168 0.50815037],8,3,"[0.6815204869410737, 0.47689852788858716]",-1,-1
41787,[0.60871944 0.47727392],8,-1,-1,-1,-1
41788,[0.51766236 0.65407782],9,-1,-1,728,-1
41789,[0.45573587 0.30203975],6,-1,-1,473,-1
41790,[0.39442249 0.35717526],6,1,"[0.3897435781344088, 0.3417040596068965]",-1,-1
41791,[0.27878691 0.25910606],0,9,"[0.3110394802231661, 0.23517199738277297]",1606,-1
41792,[0.68432631 0.77254742],1,-1,-1,-1,0
41793,[0.40905594 0.57846774],3,0,"[0.383291892093257, 0.5586820702346661]",1715,-1
41794,[0.21766122 0.21215722],0,-1,-1,-1,-1
41795,[0.36820284 0.65033786],4,-1,-1,913,-1
41796,[0.56009507 0.63199593],9,2,"[0.5921204552873188, 0.6383928111301557]",1278,-1
41797,[0.67110703 0.4809232 ],8,3,"[0.6815204869410737, 0.47689852788858716]",-1,-1
41798,[0.20143377 0.39051651],0,-1,-1,193,-1
41799,[0.60590837 0.69057901],9,2,"[0.5921204552873188, 0.6383928111301557]",-1,-1
41800,[0.11727439 0.26080845],0,-1,-1,9,-1
41801,[0.23073169 0.42948864],2,8,"[0.27392971195344684, 0.45973140540928376]",-1,-1
41802,[0.6225689  0.61699908],5,2,"[0.5921204552873188, 0.6383928111301557]",740,-1
41803,[0.26505322 0.40489794],2,8,"[0.27392971195344684, 0.45973140540928376]",1008,-1
41804,[0.47206543 0.69379582],9,-1,-1,143,-1
41805,[0.55862282 0.74294915],9,-1,-1,-1,-1
41806,[0.34592926 0.61623081],3,0,"[0.383291892093257, 0.5586820702346661]",1830,-1
41807,[0.30340857 0.31389436],0,-1,-1,-1,-1
41808,[0.35548291 0.36588457],2,1,"[0.3897435781344088, 0.3417040596068965]",1079,-1
41809,[0.58445401 0.58374139],9,2,"[0.5921204552873188, 0.6383928111301557]",1324,-1
41810,[0.44731481 0.22917378],6,-1,-1,-1,-1
41811,[0.29635764 0.49598544],4,8,"[0.27392971195344684, 0.45973140540928376]",1889,-1
41812,[0.58913371 0.39744988],8,-1,-1,-1,-1
41813,[0.38179941 0.5592367 ],4,0,"[0.383291892093257, 0.5586820702346661]",1814,-1
41814,[0.29739045 0.49014364],7,8,"[0.27392971195344684, 0.45973140540928376]",-1,-1
41815,[0.53181    0.49353541],5,6,"[0.5164739970238864, 0.5319253761973344]",1096,-1
41816,[0.49793981 0.56963346],9,6,"[0.5164739970238864, 0.5319253761973344]",-1,-1
41817,[0.77281266 0.50904656],8,-1,-1,-1,-1
41818,[0.29084111 0.51020838],4,8,"[0.27392971195344684, 0.45973140540928376]",-1,-1
41819,[0.35436779 0.41299217],6,-1,-1,882,-1
41820,[0.32551169 0.58037126],3,7,"[0.2817018170798153, 0.5849768676672948]",-1,-1
41821,[0.35330855 0.62649926],3,-1,-1,1304,-1
41822,[0.32216145 0.5991189 ],4,7,"[0.2817018170798153, 0.5849768676672948]",1939,-1
41823,[0.51741433 0.33094044],6,-1,-1,-1,-1
41824,[0.31999188 0.43406177],3,8,"[0.27392971195344684, 0.45973140540928376]",-1,-1
41825,[0.33438944 0.33625129],6,1,"[0.3897435781344088, 0.3417040596068965]",1573,-1
41826,[0.30031398 0.51445089],7,8,"[0.27392971195344684, 0.45973140540928376]",-1,-1
41827,[0.44167961 0.62187474],3,-1,-1,706,-1
41828,[0.24681798 0.2635103 ],0,5,"[0.23231087327800656, 0.30304944505444303]",1310,-1
41829,[0.33418914 0.65018479],4,-1,-1,-1,-1
41830,[0.41449486 0.53203201],4,0,"[0.383291892093257, 0.5586820702346661]",1244,-1
41831,[0.56301377 0.4973915 ],9,6,"[0.5164739970238864, 0.5319253761973344]",-1,-1
41832,[0.68820688 0.53244886],8,3,"[0.6815204869410737, 0.47689852788858716]",-1,-1
41833,[0.21183022 0.62274545],7,-1,-1,-1,-1
41834,[0.53881777 0.28432192],6,-1,-1,3,-1
41835,[0.20991413 0.26567697],0,5,"[0.23231087327800656, 0.30304944505444303]",1111,-1
41836,[0.64957429 0.48477551],8,3,"[0.6815204869410737, 0.47689852788858716]",-1,1
41837,[0.70094725 0.47564357],8,3,"[0.6815204869410737, 0.47689852788858716]",802,-1
41838,[0.44483929 0.28990004],6,-1,-1,-1,-1
41839,[0.38360365 0.34190277],6,1,"[0.3897435781344088, 0.3417040596068965]",-1,-1
41840,[0.23294741 0.43308398],7,8,"[0.27392971195344684, 0.45973140540928376]",-1,-1
41841,[0.41222298 0.55324124],4,0,"[0.383291892093257, 0.5586820702346661]",1734,-1
41842,[0.36643602 0.54766754],3,0,"[0.383291892093257, 0.5586820702346661]",1790,-1
41843,[0.30978627 0.3188054 ],2,-1,-1,-1,-1
41844,[0.26710511 0.14671167],0,-1,-1,-1,-1
41845,[0.63470865 0.55144387],9,-1,-1,-1,-1
41846,[0.23522951 0.27724349],0,5,"[0.23231087327800656, 0.30304944505444303]",-1,-1
41847,[0.29863618 0.59710703],7,7,"[0.2817018170798153, 0.5849768676672948]",-1,-1
41848,[0.76092732 0.73249303],1,4,"[0.7726811996944247, 0.7249303226766757]",468,0
41849,[0.36625726 0.56116067],4,0,"[0.383291892093257, 0.5586820702346661]",1856,-1
41850,[0.31074132 0.27427096],0,9,"[0.3110394802231661, 0.23517199738277297]",1506,-1
41851,[0.43438419 0.5241249 ],3,0,"[0.383291892093257, 0.5586820702346661]",-1,-1
41852,[0.75037755 0.71253953],1,4,"[0.7726811996944247, 0.7249303226766757]",-1,0
41853,[0.59925174 0.60962215],9,2,"[0.5921204552873188, 0.6383928111301557]",-1,-1
41854,[0.31092602 0.60583024],4,7,"[0.2817018170798153, 0.5849768676672948]",1726,-1
41855,[0.27040379 0.36955071],6,-1,-1,-1,-1
41856,[0.3866882  0.44057776],6,-1,-1,567,-1
41857,[0.78915243 0.74036238],1,4,"[0.7726811996944247, 0.7249303226766757]",471,0
41858,[0.67281634 0.67933918],9,-1,-1,385,-1
41859,[0.3122171  0.63010535],3,7,"[0.2817018170798153, 0.5849768676672948]",1297,-1
41860,[0.60772049 0.38879676],8,-1,-1,-1,-1
41861,[0.69478581 0.40760392],8,-1,-1,-1,-1
41862,[0.60019284 0.63891871],9,2,"[0.5921204552873188, 0.6383928111301557]",-1,-1
41863,[0.77080605 0.66592701],1,4,"[0.7726811996944247, 0.7249303226766757]",-1,0
41864,[0.55195963 0.47613723],5,6,"[0.5164739970238864, 0.5319253761973344]",744,-1
41865,[0.50061959 0.65722875],9,-1,-1,-1,-1
41866,[0.36192767 0.32034749],0,1,"[0.3897435781344088, 0.3417040596068965]",-1,-1
41867,[0.21651279 0.31581152],0,5,"[0.23231087327800656, 0.30304944505444303]",1340,-1
41868,[0.16285679 0.36456962],2,-1,-1,-1,-1
41869,[0.45670599 0.39200823],5,-1,-1,205,-1
41870,[0.36543623 0.51553463],3,0,"[0.383291892093257, 0.5586820702346661]",1900,-1
41871,[0.69288148 0.5162487 ],8,3,"[0.6815204869410737, 0.47689852788858716]",-1,-1
41872,[0.68054251 0.72132652],1,-1,-1,236,0
41873,[0.21427379 0.13307668],0,-1,-1,-1,-1
41874,[0.5892108 0.431687 ],8,-1,-1,-1,-1
41875,[0.34239879 0.22631221],6,9,"[0.3110394802231661, 0.23517199738277297]",-1,-1
41876,[0.29556885 0.23124135],0,9,"[0.3110394802231661, 0.23517199738277297]",-1,-1
41877,[0.37114043 0.43088384],7,-1,-1,683,-1
41878,[0.56465168 0.50469865],5,6,"[0.5164739970238864, 0.5319253761973344]",852,-1
41879,[0.73194112 0.50722871],8,3,"[0.6815204869410737, 0.47689852788858716]",-1,-1
41880,[0.53162729 0.54400353],9,6,"[0.5164739970238864, 0.5319253761973344]",1330,-1
41881,[0.16155415 0.25069942],0,-1,-1,-1,-1
41882,[0.47036108 0.51145482],5,6,"[0.5164739970238864, 0.5319253761973344]",-1,-1
41883,[0.35564474 0.54228602],4,0,"[0.383291892093257, 0.5586820702346661]",-1,-1
41884,[0.6765563  0.45122985],8,3,"[0.6815204869410737, 0.47689852788858716]",735,-1
41885,[0.87216974 0.67589175],1,-1,-1,81,-1
41886,[0.55136486 0.543057  ],5,6,"[0.5164739970238864, 0.5319253761973344]",1408,6
41887,[0.42323215 0.34342132],6,1,"[0.3897435781344088, 0.3417040596068965]",973,-1
41888,[0.30177809 0.20976829],0,9,"[0.3110394802231661, 0.23517199738277297]",1016,-1
41889,[0.31389407 0.13748345],0,-1,-1,36,-1
41890,[0.38237691 0.3621098 ],6,1,"[0.3897435781344088, 0.3417040596068965]",-1,-1
41891,[0.4692923 0.2428712],6,-1,-1,82,-1
41892,[0.47240963 0.29200751],6,-1,-1,-1,-1
41893,[0.27528568 0.46085013],7,8,"[0.27392971195344684, 0.45973140540928376]",-1,-1
41894,[0.56916893 0.73555756],9,-1,-1,-1,-1
41895,[0.45177301 0.51558305],5,6,"[0.5164739970238864, 0.5319253761973344]",-1,-1
41896,[0.76165526 0.75224146],1,4,"[0.7726811996944247, 0.7249303226766757]",-1,0
41897,[0.48755373 0.61136725],5,-1,-1,918,-1
41898,[0.74727387 0.68133116],1,4,"[0.7726811996944247, 0.7249303226766757]",439,0
41899,[0.3743489  0.35675719],6,1,"[0.3897435781344088, 0.3417040596068965]",-1,-1
41900,[0.17381591 0.29341179],0,5,"[0.23231087327800656, 0.30304944505444303]",-1,-1
41901,[0.47471649 0.32559055],6,-1,-1,268,-1
41902,[0.59900306 0.69141051],1,2,"[0.5921204552873188, 0.6383928111301557]",-1,-1
41903,[0.70319156 0.6269139 ],1,-1,-1,234,-1
41904,[0.70040181 0.74481433],1,-1,-1,319,0
41905,[0.37600392 0.39703708],6,1,"[0.3897435781344088, 0.3417040596068965]",722,-1
41906,[0.26522769 0.3827165 ],2,-1,-1,-1,-1
41907,[0.74049367 0.68159801],1,4,"[0.7726811996944247, 0.7249303226766757]",439,0
41908,[0.6831301  0.40809488],8,3,"[0.6815204869410737, 0.47689852788858716]",592,-1
41909,[0.30494539 0.55592224],4,7,"[0.2817018170798153, 0.5849768676672948]",-1,-1
41910,[0.46629213 0.63374621],5,-1,-1,-1,-1
41911,[0.19547957 0.22129578],2,-1,-1,557,-1
41912,[0.71892701 0.71465133],1,4,"[0.7726811996944247, 0.7249303226766757]",349,0
41913,[0.38252798 0.53862419],5,0,"[0.383291892093257, 0.5586820702346661]",1812,-1
41914,[0.75500906 0.42489945],8,-1,-1,-1,-1
41915,[0.24499628 0.59259705],7,7,"[0.2817018170798153, 0.5849768676672948]",929,-1
41916,[0.24629055 0.53434088],7,7,"[0.2817018170798153, 0.5849768676672948]",-1,-1
41917,[0.352828  0.2878964],0,1,"[0.3897435781344088, 0.3417040596068965]",1393,-1
41918,[0.63895119 0.4621047 ],8,3,"[0.6815204869410737, 0.47689852788858716]",625,-1
41919,[0.72471642 0.43823326],8,3,"[0.6815204869410737, 0.47689852788858716]",562,-1
41920,[0.81247338 0.62154098],1,-1,-1,95,-1
41921,[0.23292496 0.56859224],4,7,"[0.2817018170798153, 0.5849768676672948]",1358,-1
41922,[0.38771959 0.33528198],6,1,"[0.3897435781344088, 0.3417040596068965]",1476,-1
41923,[0.46647345 0.48572671],3,6,"[0.5164739970238864, 0.5319253761973344]",665,-1
41924,[0.4423081  0.50839706],3,-1,-1,1059,-1
41925,[0.3408001  0.42238706],6,-1,-1,-1,-1
41926,[0.23813211 0.26010479],0,5,"[0.23231087327800656, 0.30304944505444303]",-1,-1
41927,[0.32380244 0.28064259],2,9,"[0.3110394802231661, 0.23517199738277297]",1520,11
41928,[0.2831488  0.25118296],0,9,"[0.3110394802231661, 0.23517199738277297]",1603,-1
41929,[0.36796419 0.65206058],4,-1,-1,-1,-1
41930,[0.40666809 0.37369421],6,1,"[0.3897435781344088, 0.3417040596068965]",-1,-1
41931,[0.43112395 0.64630858],3,-1,-1,481,-1
41932,[0.68026875 0.47573905],8,3,"[0.6815204869410737, 0.47689852788858716]",814,2
41933,[0.59887922 0.69650484],9,2,"[0.5921204552873188, 0.6383928111301557]",653,-1
41934,[0.42354512 0.60915991],5,0,"[0.383291892093257, 0.5586820702346661]",-1,-1
41935,[0.57579426 0.48083103],8,-1,-1,772,-1
41936,[0.81507333 0.7416897 ],1,4,"[0.7726811996944247, 0.7249303226766757]",446,0
41937,[0.17187659 0.2153833 ],0,-1,-1,-1,-1
41938,[0.64129403 0.63799536],5,2,"[0.5921204552873188, 0.6383928111301557]",939,-1
41939,[0.88439006 0.78673668],1,-1,-1,-1,-1
41940,[0.42726019 0.34114405],6,1,"[0.3897435781344088, 0.3417040596068965]",-1,-1
41941,[0.76081445 0.67777068],1,4,"[0.7726811996944247, 0.7249303226766757]",395,0
41942,[0.35990782 0.49935381],4,0,"[0.383291892093257, 0.5586820702346661]",1761,-1
41943,[0.4658931  0.35011516],6,-1,-1,531,-1
41944,[0.66373079 0.38937936],8,-1,-1,241,-1
41945,[0.63156803 0.63981115],9,2,"[0.5921204552873188, 0.6383928111301557]",-1,-1
41946,[0.26080162 0.40496915],2,8,"[0.27392971195344684, 0.45973140540928376]",1008,-1
41947,[0.35637774 0.31669491],6,1,"[0.3897435781344088, 0.3417040596068965]",1526,-1
41948,[0.55727296 0.67930362],9,2,"[0.5921204552873188, 0.6383928111301557]",768,-1
41949,[0.61469761 0.53782562],8,-1,-1,-1,-1
41950,[0.29227096 0.27193512],2,9,"[0.3110394802231661, 0.23517199738277297]",1495,-1
41951,[0.57394327 0.64954989],5,2,"[0.5921204552873188, 0.6383928111301557]",1124,-1
41952,[0.29212358 0.40726775],2,8,"[0.27392971195344684, 0.45973140540928376]",1074,-1
41953,[0.24909729 0.63706647],4,7,"[0.2817018170798153, 0.5849768676672948]",-1,-1
41954,[0.66527765 0.69487035],1,-1,-1,-1,-1
41955,[0.72538652 0.58767059],9,-1,-1,55,-1
41956,[0.27169749 0.51074429],7,8,"[0.27392971195344684, 0.45973140540928376]",1887,-1
41957,[0.32183646 0.53321786],4,7,"[0.2817018170798153, 0.5849768676672948]",1932,-1
41958,[0.28173088 0.21979899],0,9,"[0.3110394802231661, 0.23517199738277297]",1356,-1
41959,[0.42075188 0.54072819],5,0,"[0.383291892093257, 0.5586820702346661]",-1,-1
41960,[0.29043072 0.4383998 ],7,8,"[0.27392971195344684, 0.45973140540928376]",1240,-1
41961,[0.75391855 0.47749009],8,-1,-1,-1,-1
41962,[0.34700398 0.32704466],2,1,"[0.3897435781344088, 0.3417040596068965]",-1,-1
41963,[0.44177672 0.22845949],6,-1,-1,178,-1
41964,[0.64960985 0.40520655],8,-1,-1,-1,-1
41965,[0.31623814 0.21338048],0,9,"[0.3110394802231661, 0.23517199738277297]",-1,-1
41966,[0.34098014 0.56150999],3,0,"[0.383291892093257, 0.5586820702346661]",1902,-1
41967,[0.27891074 0.32325298],6,5,"[0.23231087327800656, 0.30304944505444303]",1585,-1
41968,[0.28184348 0.5605114 ],4,7,"[0.2817018170798153, 0.5849768676672948]",-1,13
41969,[0.69093416 0.63658303],9,-1,-1,493,-1
41970,[0.24208914 0.53284481],7,7,"[0.2817018170798153, 0.5849768676672948]",-1,-1
41971,[0.58373907 0.69966301],9,2,"[0.5921204552873188, 0.6383928111301557]",523,-1
41972,[0.6968751  0.53434765],8,3,"[0.6815204869410737, 0.47689852788858716]",-1,-1
41973,[0.6352813 0.4575103],8,3,"[0.6815204869410737, 0.47689852788858716]",625,-1
41974,[0.28794796 0.61641239],3,7,"[0.2817018170798153, 0.5849768676672948]",878,-1
41975,[0.61077414 0.69474947],9,2,"[0.5921204552873188, 0.6383928111301557]",518,-1
41976,[0.63021899 0.52408195],9,3,"[0.6815204869410737, 0.47689852788858716]",864,-1
41977,[0.26754589 0.16043709],0,-1,-1,-1,-1
41978,[0.48914289 0.66503352],9,-1,-1,305,-1
41979,[0.50867337 0.56075037],5,6,"[0.5164739970238864, 0.5319253761973344]",-1,-1
41980,[0.26676687 0.52094216],3,8,"[0.27392971195344684, 0.45973140540928376]",-1,-1
41981,[0.80149092 0.69777036],1,4,"[0.7726811996944247, 0.7249303226766757]",353,0
41982,[0.37777778 0.22273118],6,9,"[0.3110394802231661, 0.23517199738277297]",484,-1
41983,[0.52633622 0.58995813],5,6,"[0.5164739970238864, 0.5319253761973344]",1372,-1
41984,[0.42106402 0.66401354],3,-1,-1,154,-1
41985,[0.3047269  0.28060639],2,9,"[0.3110394802231661, 0.23517199738277297]",1614,-1
41986,[0.60878587 0.77168198],9,-1,-1,-1,-1
41987,[0.37290279 0.4803347 ],7,-1,-1,771,-1
41988,[0.31510339 0.5294314 ],4,7,"[0.2817018170798153, 0.5849768676672948]",1841,-1
41989,[0.59660277 0.49384312],5,-1,-1,-1,-1
41990,[0.36542261 0.57280291],4,0,"[0.383291892093257, 0.5586820702346661]",-1,-1
41991,[0.41501064 0.58068647],3,0,"[0.383291892093257, 0.5586820702346661]",-1,-1
41992,[0.34328007 0.54349957],7,0,"[0.383291892093257, 0.5586820702346661]",-1,-1
41993,[0.3319133  0.39128051],2,-1,-1,1215,-1
41994,[0.44824221 0.4093352 ],6,-1,-1,207,-1
41995,[0.38195429 0.38146129],2,1,"[0.3897435781344088, 0.3417040596068965]",1006,-1
41996,[0.27787367 0.44939047],2,8,"[0.27392971195344684, 0.45973140540928376]",-1,-1
41997,[0.37820463 0.4883007 ],3,-1,-1,1041,-1
41998,[0.22606539 0.43602549],7,8,"[0.27392971195344684, 0.45973140540928376]",271,-1
41999,[0.19909099 0.39480351],2,-1,-1,-1,-1
42000,[0.77744412 0.80500374],1,-1,-1,-1,0
42001,[0.29166968 0.62553518],4,7,"[0.2817018170798153, 0.5849768676672948]",1040,-1
42002,[0.25845892 0.44184103],0,8,"[0.27392971195344684, 0.45973140540928376]",667,-1
42003,[0.52336371 0.49464506],9,6,"[0.5164739970238864, 0.5319253761973344]",1096,-1
42004,[0.26990111 0.55177406],4,7,"[0.2817018170798153, 0.5849768676672948]",1698,-1
42005,[0.35998451 0.45267812],7,-1,-1,860,-1
42006,[0.67170993 0.47205585],8,3,"[0.6815204869410737, 0.47689852788858716]",-1,-1
42007,[0.60692744 0.7119009 ],5,-1,-1,423,-1
42008,[0.57706755 0.77764299],9,-1,-1,-1,-1
42009,[0.34554999 0.29609593],2,1,"[0.3897435781344088, 0.3417040596068965]",-1,-1
42010,[0.57838529 0.70685364],9,2,"[0.5921204552873188, 0.6383928111301557]",-1,-1
42011,[0.35366004 0.61336895],4,0,"[0.383291892093257, 0.5586820702346661]",-1,-1
42012,[0.30364669 0.25507398],0,9,"[0.3110394802231661, 0.23517199738277297]",-1,-1
42013,[0.53833978 0.56574912],9,6,"[0.5164739970238864, 0.5319253761973344]",1360,-1
42014,[0.4435161  0.58330218],3,0,"[0.383291892093257, 0.5586820702346661]",1228,-1
42015,[0.3179045  0.29063684],0,9,"[0.3110394802231661, 0.23517199738277297]",1580,-1
42016,[0.3526442  0.66603274],3,-1,-1,-1,-1
42017,[0.3686811 0.245834 ],6,9,"[0.3110394802231661, 0.23517199738277297]",675,-1
42018,[0.77628492 0.7475174 ],1,4,"[0.7726811996944247, 0.7249303226766757]",-1,0
42019,[0.32117659 0.71598377],3,-1,-1,-1,-1
42020,[0.59244199 0.6112004 ],9,2,"[0.5921204552873188, 0.6383928111301557]",1427,-1
42021,[0.41664315 0.55270225],4,0,"[0.383291892093257, 0.5586820702346661]",-1,-1
42022,[0.52439995 0.57770678],5,6,"[0.5164739970238864, 0.5319253761973344]",1052,-1
42023,[0.20185751 0.34445487],2,5,"[0.23231087327800656, 0.30304944505444303]",944,-1
42024,[0.32304816 0.55728054],4,7,"[0.2817018170798153, 0.5849768676672948]",-1,17
42025,[0.57661604 0.66691608],1,2,"[0.5921204552873188, 0.6383928111301557]",1121,-1
42026,[0.47519856 0.61020814],5,-1,-1,-1,-1
42027,[0.243513   0.37307303],2,-1,-1,1149,-1
42028,[0.65814358 0.51953846],8,3,"[0.6815204869410737, 0.47689852788858716]",782,-1
42029,[0.18134998 0.35733025],2,-1,-1,-1,-1
42030,[0.62983016 0.57504901],5,-1,-1,-1,-1
42031,[0.4533832  0.55106966],5,6,"[0.5164739970238864, 0.5319253761973344]",-1,-1
42032,[0.21052073 0.26746007],0,5,"[0.23231087327800656, 0.30304944505444303]",1111,-1
42033,[0.70563661 0.67227825],1,-1,-1,-1,0
42034,[0.76565938 0.68470207],1,4,"[0.7726811996944247, 0.7249303226766757]",398,0
42035,[0.30523871 0.46541704],7,8,"[0.27392971195344684, 0.45973140540928376]",1732,-1
42036,[0.32245684 0.27316134],6,9,"[0.3110394802231661, 0.23517199738277297]",-1,-1
42037,[0.26401267 0.57683542],3,7,"[0.2817018170798153, 0.5849768676672948]",-1,-1
42038,[0.29267858 0.34658352],2,-1,-1,-1,-1
42039,[0.32956784 0.36901633],2,1,"[0.3897435781344088, 0.3417040596068965]",-1,-1
42040,[0.27363269 0.33984152],2,5,"[0.23231087327800656, 0.30304944505444303]",1608,-1
42041,[0.78109109 0.77773547],1,4,"[0.7726811996944247, 0.7249303226766757]",407,0
42042,[0.35059744 0.34825334],2,1,"[0.3897435781344088, 0.3417040596068965]",1352,-1
42043,[0.30174089 0.42852816],2,8,"[0.27392971195344684, 0.45973140540928376]",-1,-1
42044,[0.25325303 0.55338648],7,7,"[0.2817018170798153, 0.5849768676672948]",1706,-1
42045,[0.31067142 0.40819836],7,8,"[0.27392971195344684, 0.45973140540928376]",928,-1
42046,[0.46692969 0.38119575],6,-1,-1,320,-1
42047,[0.8287012  0.67538348],1,-1,-1,334,0
42048,[0.31940809 0.33683144],0,-1,-1,1615,8
42049,[0.59535895 0.64219832],9,2,"[0.5921204552873188, 0.6383928111301557]",1166,-1
42050,[0.6598897  0.37918179],8,-1,-1,242,-1
42051,[0.32643542 0.27480543],6,9,"[0.3110394802231661, 0.23517199738277297]",1504,-1
42052,[0.36819219 0.54817439],7,0,"[0.383291892093257, 0.5586820702346661]",1790,-1
42053,[0.89158597 0.70674102],1,-1,-1,-1,-1
42054,[0.19578024 0.4956841 ],7,-1,-1,-1,-1
42055,[0.31446285 0.58620338],4,7,"[0.2817018170798153, 0.5849768676672948]",1967,-1
42056,[0.37529619 0.59504166],4,0,"[0.383291892093257, 0.5586820702346661]",-1,-1
42057,[0.30061882 0.52255364],3,7,"[0.2817018170798153, 0.5849768676672948]",-1,-1
42058,[0.53191535 0.55363813],5,6,"[0.5164739970238864, 0.5319253761973344]",1359,-1
42059,[0.52767529 0.46488063],5,6,"[0.5164739970238864, 0.5319253761973344]",556,-1
42060,[0.82458722 0.81393515],1,-1,-1,-1,0
42061,[0.40884988 0.23191313],6,-1,-1,-1,-1
42062,[0.13623313 0.21670276],0,-1,-1,61,-1
42063,[0.69514225 0.71783337],1,-1,-1,343,0
42064,[0.27454964 0.33612583],2,5,"[0.23231087327800656, 0.30304944505444303]",-1,-1
42065,[0.17168024 0.28659246],2,5,"[0.23231087327800656, 0.30304944505444303]",726,-1
42066,[0.55681452 0.52408313],9,6,"[0.5164739970238864, 0.5319253761973344]",1390,-1
42067,[0.27027559 0.46456261],7,8,"[0.27392971195344684, 0.45973140540928376]",1595,-1
42068,[0.61175782 0.50081807],8,-1,-1,-1,-1
42069,[0.33464458 0.50368   ],7,-1,-1,1880,-1
42070,[0.20384104 0.51497898],4,-1,-1,-1,-1
42071,[0.53390006 0.67425221],9,2,"[0.5921204552873188, 0.6383928111301557]",642,-1
42072,[0.34284865 0.53049185],7,0,"[0.383291892093257, 0.5586820702346661]",1946,16
42073,[0.49429644 0.33887734],6,-1,-1,168,-1
42074,[0.33031498 0.35481617],0,1,"[0.3897435781344088, 0.3417040596068965]",1368,-1
42075,[0.70788379 0.5994967 ],8,-1,-1,-1,-1
42076,[0.23362886 0.22800233],0,-1,-1,-1,-1
42077,[0.66935394 0.39248938],8,-1,-1,241,-1
42078,[0.62566324 0.45079957],8,3,"[0.6815204869410737, 0.47689852788858716]",-1,-1
42079,[0.31312847 0.52728528],4,7,"[0.2817018170798153, 0.5849768676672948]",-1,-1
42080,[0.80222964 0.86210157],1,-1,-1,-1,-1
42081,[0.41261938 0.57352647],4,0,"[0.383291892093257, 0.5586820702346661]",-1,-1
42082,[0.33733059 0.4087036 ],4,-1,-1,-1,-1
42083,[0.4190583  0.58417507],4,0,"[0.383291892093257, 0.5586820702346661]",1711,-1
42084,[0.34461928 0.58615381],3,0,"[0.383291892093257, 0.5586820702346661]",1842,-1
42085,[0.18573128 0.59277696],4,-1,-1,-1,-1
42086,[0.31189216 0.57993623],3,7,"[0.2817018170798153, 0.5849768676672948]",-1,-1
42087,[0.38505192 0.33446532],2,1,"[0.3897435781344088, 0.3417040596068965]",1476,-1
42088,[0.74532338 0.72490606],1,4,"[0.7726811996944247, 0.7249303226766757]",-1,0
42089,[0.7028642 0.73756  ],1,-1,-1,383,0
42090,[0.26649329 0.30226069],2,5,"[0.23231087327800656, 0.30304944505444303]",-1,-1
42091,[0.55423418 0.5585257 ],5,6,"[0.5164739970238864, 0.5319253761973344]",-1,6
42092,[0.424418   0.25636541],6,-1,-1,-1,-1
42093,[0.53020664 0.44924231],5,-1,-1,198,-1
42094,[0.41391914 0.39124971],6,1,"[0.3897435781344088, 0.3417040596068965]",763,-1
42095,[0.17387986 0.3721109 ],2,-1,-1,145,-1
42096,[0.32254739 0.34292745],2,1,"[0.3897435781344088, 0.3417040596068965]",-1,-1
42097,[0.34213824 0.35893582],0,1,"[0.3897435781344088, 0.3417040596068965]",1353,-1
42098,[0.31509034 0.49273097],3,8,"[0.27392971195344684, 0.45973140540928376]",1872,-1
42099,[0.48981965 0.59517408],9,6,"[0.5164739970238864, 0.5319253761973344]",-1,-1
42100,[0.81599257 0.6856719 ],1,4,"[0.7726811996944247, 0.7249303226766757]",362,0
42101,[0.31115874 0.274542  ],0,9,"[0.3110394802231661, 0.23517199738277297]",1506,-1
42102,[0.40586987 0.56957882],4,0,"[0.383291892093257, 0.5586820702346661]",1737,-1
42103,[0.75497248 0.79092023],1,4,"[0.7726811996944247, 0.7249303226766757]",-1,0
42104,[0.57818367 0.56899725],5,-1,-1,1447,-1
42105,[0.81253798 0.61205699],1,-1,-1,-1,-1
42106,[0.20479474 0.54607137],7,-1,-1,-1,-1
42107,[0.3490836  0.25626144],0,9,"[0.3110394802231661, 0.23517199738277297]",954,-1
42108,[0.60403154 0.46781247],8,-1,-1,-1,-1
42109,[0.19518033 0.3611812 ],0,5,"[0.23231087327800656, 0.30304944505444303]",-1,-1
42110,[0.29096982 0.33282627],2,5,"[0.23231087327800656, 0.30304944505444303]",-1,-1
42111,[0.55262611 0.51967866],5,6,"[0.5164739970238864, 0.5319253761973344]",1300,-1
42112,[0.23905281 0.6239398 ],4,7,"[0.2817018170798153, 0.5849768676672948]",347,-1
42113,[0.36297817 0.26730082],6,9,"[0.3110394802231661, 0.23517199738277297]",1156,-1
42114,[0.55551423 0.56408001],9,6,"[0.5164739970238864, 0.5319253761973344]",1406,-1
42115,[0.28306818 0.30253146],0,5,"[0.23231087327800656, 0.30304944505444303]",1578,-1
42116,[0.56485462 0.63991898],9,2,"[0.5921204552873188, 0.6383928111301557]",-1,6
42117,[0.63599887 0.74062836],9,-1,-1,-1,-1
42118,[0.58199289 0.54079851],5,6,"[0.5164739970238864, 0.5319253761973344]",1233,-1
42119,[0.38692005 0.67441742],3,-1,-1,-1,-1
42120,[0.72438624 0.43619181],8,3,"[0.6815204869410737, 0.47689852788858716]",-1,-1
42121,[0.23011588 0.38403724],0,-1,-1,912,-1
42122,[0.22072015 0.53473447],7,-1,-1,-1,-1
42123,[0.28683225 0.50506361],7,8,"[0.27392971195344684, 0.45973140540928376]",-1,-1
42124,[0.44655873 0.33215562],6,1,"[0.3897435781344088, 0.3417040596068965]",-1,-1
42125,[0.37319846 0.52294794],7,0,"[0.383291892093257, 0.5586820702346661]",1934,-1
42126,[0.73521061 0.69934983],1,4,"[0.7726811996944247, 0.7249303226766757]",437,0
42127,[0.63508481 0.57025987],5,-1,-1,-1,-1
42128,[0.36234817 0.56655605],4,0,"[0.383291892093257, 0.5586820702346661]",-1,-1
42129,[0.84213949 0.65878424],1,-1,-1,162,0
42130,[0.27780964 0.62224447],4,7,"[0.2817018170798153, 0.5849768676672948]",-1,-1
42131,[0.34801359 0.33069497],6,1,"[0.3897435781344088, 0.3417040596068965]",1414,-1
42132,[0.80583244 0.73875516],1,4,"[0.7726811996944247, 0.7249303226766757]",-1,0
42133,[0.4930776  0.19033204],6,-1,-1,-1,-1
42134,[0.33757906 0.48364585],7,8,"[0.27392971195344684, 0.45973140540928376]",1884,-1
42135,[0.34308772 0.35925526],6,1,"[0.3897435781344088, 0.3417040596068965]",-1,-1
42136,[0.23374095 0.46385159],7,8,"[0.27392971195344684, 0.45973140540928376]",-1,-1
42137,[0.74479862 0.74618922],1,4,"[0.7726811996944247, 0.7249303226766757]",-1,0
42138,[0.34194228 0.59989013],3,0,"[0.383291892093257, 0.5586820702346661]",-1,-1
42139,[0.36366277 0.39506385],2,1,"[0.3897435781344088, 0.3417040596068965]",-1,-1
42140,[0.51121969 0.5814453 ],5,6,"[0.5164739970238864, 0.5319253761973344]",1377,6
42141,[0.69044368 0.49353874],8,3,"[0.6815204869410737, 0.47689852788858716]",836,2
42142,[0.5347706  0.48664711],5,6,"[0.5164739970238864, 0.5319253761973344]",-1,-1
42143,[0.56511523 0.49277087],8,6,"[0.5164739970238864, 0.5319253761973344]",848,-1
42144,[0.29773883 0.36759929],2,-1,-1,1594,-1
42145,[0.55146358 0.52766226],5,6,"[0.5164739970238864, 0.5319253761973344]",-1,-1
42146,[0.53542866 0.58913113],5,6,"[0.5164739970238864, 0.5319253761973344]",-1,-1
42147,[0.34269609 0.67290486],3,-1,-1,298,-1
42148,[0.73674838 0.80428082],1,-1,-1,288,0
42149,[0.46880893 0.27608829],6,-1,-1,272,-1
42150,[0.25420608 0.53299414],4,7,"[0.2817018170798153, 0.5849768676672948]",-1,-1
42151,[0.37757226 0.27789834],6,1,"[0.3897435781344088, 0.3417040596068965]",1168,-1
42152,[0.55873559 0.60188866],5,2,"[0.5921204552873188, 0.6383928111301557]",1342,-1
42153,[0.31957884 0.29715833],2,9,"[0.3110394802231661, 0.23517199738277297]",-1,-1
42154,[0.51295168 0.53937622],5,6,"[0.5164739970238864, 0.5319253761973344]",1182,3
42155,[0.73230565 0.64640082],9,-1,-1,184,0
42156,[0.71036885 0.38253633],8,-1,-1,151,-1
42157,[0.68082999 0.47558948],8,3,"[0.6815204869410737, 0.47689852788858716]",814,2
42158,[0.22470356 0.41161317],0,8,"[0.27392971195344684, 0.45973140540928376]",-1,-1
42159,[0.28550626 0.21187928],0,9,"[0.3110394802231661, 0.23517199738277297]",1028,-1
42160,[0.34092624 0.62056418],7,7,"[0.2817018170798153, 0.5849768676672948]",1695,-1
42161,[0.16525348 0.31901967],2,5,"[0.23231087327800656, 0.30304944505444303]",203,-1
42162,[0.69662242 0.71405556],1,-1,-1,343,0
42163,[0.40487715 0.33856042],6,1,"[0.3897435781344088, 0.3417040596068965]",-1,-1
42164,[0.32096061 0.41710757],0,8,"[0.27392971195344684, 0.45973140540928376]",1017,-1
42165,[0.25252535 0.41694467],7,8,"[0.27392971195344684, 0.45973140540928376]",700,-1
42166,[0.43515994 0.54423787],3,0,"[0.383291892093257, 0.5586820702346661]",1296,-1
42167,[0.27144079 0.28436154],0,5,"[0.23231087327800656, 0.30304944505444303]",-1,-1
42168,[0.56957904 0.53355544],9,6,"[0.5164739970238864, 0.5319253761973344]",-1,6
42169,[0.50044231 0.2359004 ],6,-1,-1,-1,-1
42170,[0.67028267 0.41175709],8,3,"[0.6815204869410737, 0.47689852788858716]",-1,-1
42171,[0.33863521 0.56954804],3,0,"[0.383291892093257, 0.5586820702346661]",-1,-1
42172,[0.58374764 0.60852676],9,2,"[0.5921204552873188, 0.6383928111301557]",-1,-1
42173,[0.19602366 0.37068092],0,-1,-1,650,-1
42174,[0.35853612 0.47844947],3,-1,-1,-1,-1
42175,[0.75505355 0.7749224 ],1,4,"[0.7726811996944247, 0.7249303226766757]",-1,0
42176,[0.32732068 0.52083769],7,0,"[0.383291892093257, 0.5586820702346661]",1905,-1
42177,[0.60924814 0.73824598],9,-1,-1,-1,-1
42178,[0.40136557 0.4039251 ],6,1,"[0.3897435781344088, 0.3417040596068965]",-1,-1
42179,[0.57879963 0.5626868 ],5,6,"[0.5164739970238864, 0.5319253761973344]",1394,-1
42180,[0.56444409 0.27772802],5,-1,-1,-1,-1
42181,[0.57923394 0.43088121],8,-1,-1,252,-1
42182,[0.6060367  0.55811311],9,-1,-1,-1,-1
42183,[0.82070417 0.60043609],1,-1,-1,-1,-1
42184,[0.29594709 0.50644344],4,8,"[0.27392971195344684, 0.45973140540928376]",-1,-1
42185,[0.77486034 0.75448741],1,4,"[0.7726811996944247, 0.7249303226766757]",413,0
42186,[0.83521216 0.68239589],1,-1,-1,-1,0
42187,[0.84198071 0.65993209],1,-1,-1,162,0
42188,[0.30409229 0.65415601],4,-1,-1,558,-1
42189,[0.78565507 0.441051  ],8,-1,-1,-1,-1
42190,[0.22541181 0.45043065],2,8,"[0.27392971195344684, 0.45973140540928376]",587,-1
42191,[0.69067282 0.75864969],9,-1,-1,-1,0
42192,[0.24796549 0.60927415],4,7,"[0.2817018170798153, 0.5849768676672948]",514,-1
42193,[0.57536857 0.64163206],9,2,"[0.5921204552873188, 0.6383928111301557]",1214,-1
42194,[0.6654005  0.44276639],8,3,"[0.6815204869410737, 0.47689852788858716]",732,-1
42195,[0.74167423 0.71262587],1,4,"[0.7726811996944247, 0.7249303226766757]",-1,0
42196,[0.63609788 0.7549779 ],9,-1,-1,-1,-1
42197,[0.7107361 0.7374201],1,4,"[0.7726811996944247, 0.7249303226766757]",416,0
42198,[0.56224203 0.58490656],9,2,"[0.5921204552873188, 0.6383928111301557]",1444,6
42199,[0.26126508 0.21068524],0,9,"[0.3110394802231661, 0.23517199738277297]",991,-1
42200,[0.23741789 0.29952445],0,5,"[0.23231087327800656, 0.30304944505444303]",-1,-1
42201,[0.27137132 0.32548724],2,5,"[0.23231087327800656, 0.30304944505444303]",1585,9
42202,[0.25230519 0.46802869],7,8,"[0.27392971195344684, 0.45973140540928376]",-1,-1
42203,[0.33595327 0.53228549],3,0,"[0.383291892093257, 0.5586820702346661]",1948,-1
42204,[0.2393119  0.56535157],4,7,"[0.2817018170798153, 0.5849768676672948]",-1,-1
42205,[0.2901933  0.39674456],2,8,"[0.27392971195344684, 0.45973140540928376]",1066,-1
42206,[0.3519553  0.35652305],2,1,"[0.3897435781344088, 0.3417040596068965]",1261,-1
42207,[0.77171278 0.67115704],1,4,"[0.7726811996944247, 0.7249303226766757]",389,0
42208,[0.22579663 0.57706007],7,7,"[0.2817018170798153, 0.5849768676672948]",-1,-1
42209,[0.33886195 0.41350295],7,-1,-1,917,-1
42210,[0.5493322  0.61832613],9,2,"[0.5921204552873188, 0.6383928111301557]",-1,-1
42211,[0.53328585 0.58495023],9,6,"[0.5164739970238864, 0.5319253761973344]",-1,6
42212,[0.25795691 0.47484697],7,8,"[0.27392971195344684, 0.45973140540928376]",-1,-1
42213,[0.73213567 0.71015348],1,4,"[0.7726811996944247, 0.7249303226766757]",434,0
42214,[0.5439696  0.56943478],9,6,"[0.5164739970238864, 0.5319253761973344]",-1,6
42215,[0.68155446 0.3722532 ],8,-1,-1,159,-1
42216,[0.24319992 0.34202481],2,5,"[0.23231087327800656, 0.30304944505444303]",1565,-1
42217,[0.56899134 0.49811351],5,6,"[0.5164739970238864, 0.5319253761973344]",-1,-1
42218,[0.61701066 0.4508338 ],8,3,"[0.6815204869410737, 0.47689852788858716]",621,-1
42219,[0.34154431 0.50667808],3,0,"[0.383291892093257, 0.5586820702346661]",1880,-1
42220,[0.77074473 0.75671583],1,4,"[0.7726811996944247, 0.7249303226766757]",413,0
42221,[0.20698169 0.23372302],0,-1,-1,898,-1
42222,[0.31241985 0.36147292],2,-1,-1,-1,-1
42223,[0.52111583 0.51318425],9,6,"[0.5164739970238864, 0.5319253761973344]",1179,-1
42224,[0.2290095  0.49630559],7,8,"[0.27392971195344684, 0.45973140540928376]",1091,-1
42225,[0.71673772 0.74556589],1,4,"[0.7726811996944247, 0.7249303226766757]",416,0
42226,[0.37876194 0.53854665],3,0,"[0.383291892093257, 0.5586820702346661]",1813,-1
42227,[0.33300428 0.37944331],6,1,"[0.3897435781344088, 0.3417040596068965]",-1,-1
42228,[0.62674002 0.72450368],1,-1,-1,-1,-1
42229,[0.32245456 0.46049619],4,8,"[0.27392971195344684, 0.45973140540928376]",1556,-1
42230,[0.29982612 0.63538891],4,7,"[0.2817018170798153, 0.5849768676672948]",1069,-1
42231,[0.21274077 0.28364123],2,5,"[0.23231087327800656, 0.30304944505444303]",1109,-1
42232,[0.65329571 0.57073437],9,-1,-1,-1,-1
42233,[0.51372801 0.61514338],5,-1,-1,1144,-1
42234,[0.46532391 0.21636284],6,-1,-1,-1,-1
42235,[0.48663193 0.65019832],9,-1,-1,-1,-1
42236,[0.50091081 0.60228879],5,-1,-1,1063,-1
42237,[0.37816481 0.32571189],6,1,"[0.3897435781344088, 0.3417040596068965]",1476,-1
42238,[0.18804551 0.23754444],0,-1,-1,535,-1
42239,[0.39514602 0.63999419],3,-1,-1,-1,-1
42240,[0.21852403 0.57146912],4,7,"[0.2817018170798153, 0.5849768676672948]",-1,-1
42241,[0.33699315 0.5152994 ],7,0,"[0.383291892093257, 0.5586820702346661]",1880,-1
42242,[0.32411022 0.42276523],6,8,"[0.27392971195344684, 0.45973140540928376]",-1,-1
42243,[0.62283856 0.67391873],9,2,"[0.5921204552873188, 0.6383928111301557]",660,-1
42244,[0.40568436 0.43280648],6,-1,-1,363,-1
42245,[0.31858573 0.24313258],6,9,"[0.3110394802231661, 0.23517199738277297]",1490,-1
42246,[0.28584777 0.55829098],4,7,"[0.2817018170798153, 0.5849768676672948]",1916,13
42247,[0.30746026 0.53724041],7,7,"[0.2817018170798153, 0.5849768676672948]",1982,-1
42248,[0.29418959 0.60261281],3,7,"[0.2817018170798153, 0.5849768676672948]",1693,-1
42249,[0.19811971 0.47765011],4,-1,-1,185,-1
42250,[0.698342   0.55656535],8,-1,-1,-1,-1
42251,[0.52116468 0.62461978],5,-1,-1,1143,-1
42252,[0.72405655 0.54902114],8,-1,-1,-1,-1
42253,[0.14844819 0.34320178],2,-1,-1,-1,-1
42254,[0.38614667 0.60953336],3,0,"[0.383291892093257, 0.5586820702346661]",1720,-1
42255,[0.25805586 0.44601294],4,8,"[0.27392971195344684, 0.45973140540928376]",667,-1
42256,[0.37952619 0.53449422],4,0,"[0.383291892093257, 0.5586820702346661]",-1,-1
42257,[0.41745228 0.2734227 ],6,-1,-1,-1,-1
42258,[0.29330261 0.39939823],2,8,"[0.27392971195344684, 0.45973140540928376]",-1,-1
42259,[0.58757008 0.49597574],8,-1,-1,-1,-1
42260,[0.30905739 0.58443845],3,7,"[0.2817018170798153, 0.5849768676672948]",1967,-1
42261,[0.37751304 0.45061842],7,-1,-1,855,-1
42262,[0.26382182 0.29873927],2,5,"[0.23231087327800656, 0.30304944505444303]",-1,-1
42263,[0.69628431 0.82488778],1,-1,-1,-1,-1
42264,[0.54931201 0.55140694],5,6,"[0.5164739970238864, 0.5319253761973344]",1406,6
42265,[0.3729441  0.54938876],4,0,"[0.383291892093257, 0.5586820702346661]",1804,-1
42266,[0.55637062 0.59989519],5,2,"[0.5921204552873188, 0.6383928111301557]",1342,-1
42267,[0.79666771 0.76985365],1,4,"[0.7726811996944247, 0.7249303226766757]",-1,0
42268,[0.35042695 0.39127619],2,1,"[0.3897435781344088, 0.3417040596068965]",-1,-1
42269,[0.28298091 0.21292535],0,9,"[0.3110394802231661, 0.23517199738277297]",1028,-1
42270,[0.34821671 0.5847581 ],4,0,"[0.383291892093257, 0.5586820702346661]",1842,-1
42271,[0.79719563 0.72336606],1,4,"[0.7726811996944247, 0.7249303226766757]",461,0
42272,[0.66389404 0.54835153],9,-1,-1,670,-1
42273,[0.30965903 0.48943222],4,8,"[0.27392971195344684, 0.45973140540928376]",-1,-1
42274,[0.61884009 0.57920401],9,2,"[0.5921204552873188, 0.6383928111301557]",1272,-1
42275,[0.53201156 0.69390953],9,-1,-1,555,-1
42276,[0.83866939 0.77940347],1,-1,-1,259,0
42277,[0.42640349 0.38912819],6,1,"[0.3897435781344088, 0.3417040596068965]",761,-1
42278,[0.2774682  0.36198428],6,-1,-1,1264,-1
42279,[0.1972161  0.21579807],0,-1,-1,-1,-1
42280,[0.60473751 0.60978801],5,2,"[0.5921204552873188, 0.6383928111301557]",1301,-1
42281,[0.82695393 0.52154578],1,-1,-1,-1,-1
42282,[0.44378997 0.27878204],6,-1,-1,-1,-1
42283,[0.3869678  0.50447328],4,0,"[0.383291892093257, 0.5586820702346661]",-1,-1
42284,[0.24453323 0.28379914],0,5,"[0.23231087327800656, 0.30304944505444303]",1531,-1
42285,[0.73393886 0.52146744],8,3,"[0.6815204869410737, 0.47689852788858716]",487,-1
42286,[0.18549946 0.36126505],0,-1,-1,-1,-1
42287,[0.30481769 0.27132583],0,9,"[0.3110394802231661, 0.23517199738277297]",1511,-1
42288,[0.51701182 0.57673391],5,6,"[0.5164739970238864, 0.5319253761973344]",1384,-1
42289,[0.65750529 0.53941521],8,3,"[0.6815204869410737, 0.47689852788858716]",668,-1
42290,[0.41679064 0.16627007],6,-1,-1,-1,-1
42291,[0.5103979  0.54659023],5,6,"[0.5164739970238864, 0.5319253761973344]",1186,3
42292,[0.40224574 0.3341898 ],6,1,"[0.3897435781344088, 0.3417040596068965]",-1,-1
42293,[0.4502003  0.53668477],3,6,"[0.5164739970238864, 0.5319253761973344]",-1,-1
42294,[0.72704858 0.5050243 ],8,3,"[0.6815204869410737, 0.47689852788858716]",574,-1
42295,[0.58844129 0.41440936],8,-1,-1,153,-1
42296,[0.39855541 0.20723112],2,-1,-1,174,-1
42297,[0.4486492  0.53098116],3,6,"[0.5164739970238864, 0.5319253761973344]",1306,-1
42298,[0.36693693 0.40098669],6,1,"[0.3897435781344088, 0.3417040596068965]",718,-1
42299,[0.15020103 0.46653793],7,-1,-1,-1,-1
42300,[0.3710449  0.35250116],7,1,"[0.3897435781344088, 0.3417040596068965]",1245,-1
42301,[0.41242999 0.36669273],2,1,"[0.3897435781344088, 0.3417040596068965]",976,-1
42302,[0.39275978 0.34360499],6,1,"[0.3897435781344088, 0.3417040596068965]",-1,-1
42303,[0.62314083 0.59689481],5,2,"[0.5921204552873188, 0.6383928111301557]",-1,-1
42304,[0.23277192 0.55228744],4,7,"[0.2817018170798153, 0.5849768676672948]",1411,-1
42305,[0.26629296 0.36976255],7,-1,-1,1221,-1
42306,[0.27869756 0.35053728],0,5,"[0.23231087327800656, 0.30304944505444303]",-1,-1
42307,[0.5120268  0.58124905],5,6,"[0.5164739970238864, 0.5319253761973344]",1377,6
42308,[0.27165475 0.26444238],2,9,"[0.3110394802231661, 0.23517199738277297]",1606,-1
42309,[0.71756744 0.71284569],1,4,"[0.7726811996944247, 0.7249303226766757]",349,0
42310,[0.34244566 0.36803186],2,1,"[0.3897435781344088, 0.3417040596068965]",1349,-1
42311,[0.27399959 0.34372524],2,5,"[0.23231087327800656, 0.30304944505444303]",-1,-1
42312,[0.25112462 0.49016701],7,8,"[0.27392971195344684, 0.45973140540928376]",1735,-1
42313,[0.11407481 0.22034813],0,-1,-1,-1,-1
42314,[0.52528269 0.70481142],9,-1,-1,295,-1
42315,[0.2910261  0.26224742],2,9,"[0.3110394802231661, 0.23517199738277297]",-1,-1
42316,[0.61073418 0.63486684],9,2,"[0.5921204552873188, 0.6383928111301557]",1332,-1
42317,[0.30840376 0.46334415],7,8,"[0.27392971195344684, 0.45973140540928376]",-1,-1
42318,[0.648942   0.70963633],9,-1,-1,489,-1
42319,[0.43961169 0.62116743],9,-1,-1,706,-1
42320,[0.21075937 0.52279813],4,-1,-1,-1,-1
42321,[0.72457107 0.67886343],1,4,"[0.7726811996944247, 0.7249303226766757]",390,0
42322,[0.85528611 0.58046532],1,-1,-1,-1,-1
42323,[0.28871829 0.50255138],4,8,"[0.27392971195344684, 0.45973140540928376]",-1,-1
42324,[0.37196751 0.14198594],0,-1,-1,-1,-1
42325,[0.47689022 0.55156096],5,6,"[0.5164739970238864, 0.5319253761973344]",-1,-1
42326,[0.31202285 0.51402066],7,8,"[0.27392971195344684, 0.45973140540928376]",1922,15
42327,[0.28609596 0.47831105],4,8,"[0.27392971195344684, 0.45973140540928376]",1799,-1
42328,[0.42621985 0.38907047],5,1,"[0.3897435781344088, 0.3417040596068965]",761,-1
42329,[0.3407641  0.60337231],4,0,"[0.383291892093257, 0.5586820702346661]",1861,-1
42330,[0.34708387 0.29287108],0,1,"[0.3897435781344088, 0.3417040596068965]",-1,-1
42331,[0.3198347  0.62496123],4,7,"[0.2817018170798153, 0.5849768676672948]",1395,-1
42332,[0.23638314 0.24955394],0,5,"[0.23231087327800656, 0.30304944505444303]",1319,-1
42333,[0.3148225  0.34002082],2,-1,-1,1623,8
42334,[0.48285732 0.61788397],3,-1,-1,-1,-1
42335,[0.29277282 0.536206  ],4,7,"[0.2817018170798153, 0.5849768676672948]",1895,-1
42336,[0.27150537 0.46855908],7,8,"[0.27392971195344684, 0.45973140540928376]",-1,-1
42337,[0.56485564 0.62999344],9,2,"[0.5921204552873188, 0.6383928111301557]",-1,6
42338,[0.38108349 0.47330288],4,-1,-1,771,-1
42339,[0.22939646 0.30092842],0,5,"[0.23231087327800656, 0.30304944505444303]",1468,-1
42340,[0.66093978 0.49138962],8,3,"[0.6815204869410737, 0.47689852788858716]",821,-1
42341,[0.79829809 0.77654258],1,4,"[0.7726811996944247, 0.7249303226766757]",401,0
42342,[0.23512356 0.2450243 ],0,5,"[0.23231087327800656, 0.30304944505444303]",-1,-1
42343,[0.28859297 0.53616403],7,7,"[0.2817018170798153, 0.5849768676672948]",-1,14
42344,[0.25883103 0.19629865],0,9,"[0.3110394802231661, 0.23517199738277297]",746,-1
42345,[0.36460441 0.4870831 ],3,-1,-1,1561,-1
42346,[0.33088267 0.46570576],3,8,"[0.27392971195344684, 0.45973140540928376]",-1,-1
42347,[0.28209108 0.53827001],3,7,"[0.2817018170798153, 0.5849768676672948]",1894,-1
42348,[0.35854729 0.41356089],4,-1,-1,-1,-1
42349,[0.39799779 0.21266165],0,-1,-1,-1,-1
42350,[0.57189422 0.55821106],5,6,"[0.5164739970238864, 0.5319253761973344]",1362,-1
42351,[0.66330077 0.60440553],8,-1,-1,-1,-1
42352,[0.28028252 0.48342743],7,8,"[0.27392971195344684, 0.45973140540928376]",1728,-1
42353,[0.55042964 0.4678153 ],8,-1,-1,757,-1
42354,[0.7130207  0.50486272],8,3,"[0.6815204869410737, 0.47689852788858716]",-1,-1
42355,[0.25477949 0.30747115],0,5,"[0.23231087327800656, 0.30304944505444303]",1639,-1
42356,[0.1809484  0.56694533],7,-1,-1,-1,-1
42357,[0.45626102 0.6222275 ],5,-1,-1,704,-1
42358,[0.36842083 0.43154097],6,-1,-1,-1,-1
42359,[0.72697425 0.61986231],1,-1,-1,131,0
42360,[0.55811625 0.70048713],9,-1,-1,-1,-1
42361,[0.29911023 0.33777123],2,-1,-1,-1,8
42362,[0.71859329 0.45062632],8,3,"[0.6815204869410737, 0.47689852788858716]",693,-1
42363,[0.53788927 0.69174377],9,-1,-1,555,-1
42364,[0.24427478 0.37343689],2,-1,-1,1149,-1
42365,[0.34915232 0.31525696],6,1,"[0.3897435781344088, 0.3417040596068965]",1525,-1
42366,[0.15926806 0.40957362],7,-1,-1,134,-1
42367,[0.20772774 0.34226121],2,5,"[0.23231087327800656, 0.30304944505444303]",-1,-1
42368,[0.49100266 0.4205004 ],5,-1,-1,-1,-1
42369,[0.43042267 0.58693007],4,0,"[0.383291892093257, 0.5586820702346661]",1703,-1
42370,[0.80874353 0.61502035],1,-1,-1,-1,-1
42371,[0.33923673 0.55684466],3,0,"[0.383291892093257, 0.5586820702346661]",-1,17
42372,[0.29354618 0.68999726],4,-1,-1,85,-1
42373,[0.3715838  0.54385768],7,0,"[0.383291892093257, 0.5586820702346661]",-1,-1
42374,[0.24585389 0.24852121],0,5,"[0.23231087327800656, 0.30304944505444303]",-1,-1
42375,[0.63794473 0.71458033],9,-1,-1,283,-1
42376,[0.69871884 0.70481692],9,-1,-1,343,0
42377,[0.39626067 0.43575316],3,-1,-1,363,-1
42378,[0.60185206 0.69259167],9,2,"[0.5921204552873188, 0.6383928111301557]",-1,-1
42379,[0.48008918 0.53932216],5,6,"[0.5164739970238864, 0.5319253761973344]",959,-1
42380,[0.60727665 0.43485958],8,-1,-1,284,-1
42381,[0.68721861 0.44323304],8,3,"[0.6815204869410737, 0.47689852788858716]",611,-1
42382,[0.29775739 0.20381194],0,9,"[0.3110394802231661, 0.23517199738277297]",-1,-1
42383,[0.42008632 0.56672894],3,0,"[0.383291892093257, 0.5586820702346661]",-1,-1
42384,[0.59488055 0.61865489],9,2,"[0.5921204552873188, 0.6383928111301557]",-1,6
42385,[0.30686688 0.60660021],7,7,"[0.2817018170798153, 0.5849768676672948]",1726,-1
42386,[0.36329778 0.37659147],2,1,"[0.3897435781344088, 0.3417040596068965]",1009,-1
42387,[0.30527535 0.5836082 ],7,7,"[0.2817018170798153, 0.5849768676672948]",-1,-1
42388,[0.23443222 0.55305182],4,7,"[0.2817018170798153, 0.5849768676672948]",1411,-1
42389,[0.41317212 0.29213096],6,1,"[0.3897435781344088, 0.3417040596068965]",923,-1
42390,[0.31613953 0.21080873],0,9,"[0.3110394802231661, 0.23517199738277297]",-1,-1
42391,[0.49243422 0.63033631],3,-1,-1,647,-1
42392,[0.5713751  0.56337243],9,6,"[0.5164739970238864, 0.5319253761973344]",-1,-1
42393,[0.77218394 0.69106891],1,4,"[0.7726811996944247, 0.7249303226766757]",-1,0
42394,[0.43495534 0.42098355],6,-1,-1,160,-1
42395,[0.42930957 0.30044846],6,1,"[0.3897435781344088, 0.3417040596068965]",975,-1
42396,[0.30610292 0.37193914],2,-1,-1,1588,-1
42397,[0.31364129 0.57270125],7,7,"[0.2817018170798153, 0.5849768676672948]",-1,-1
42398,[0.23342258 0.2440675 ],0,5,"[0.23231087327800656, 0.30304944505444303]",-1,-1
42399,[0.18890007 0.32486097],0,5,"[0.23231087327800656, 0.30304944505444303]",550,-1
42400,[0.26084516 0.29103166],0,5,"[0.23231087327800656, 0.30304944505444303]",1645,-1
42401,[0.59720894 0.48731663],5,-1,-1,-1,-1
42402,[0.52099188 0.50261431],5,6,"[0.5164739970238864, 0.5319253761973344]",-1,-1
42403,[0.34149251 0.1999428 ],0,9,"[0.3110394802231661, 0.23517199738277297]",-1,-1
42404,[0.47011388 0.31693755],6,-1,-1,281,-1
42405,[0.82711877 0.7291009 ],1,4,"[0.7726811996944247, 0.7249303226766757]",-1,0
42406,[0.25484692 0.40302501],2,8,"[0.27392971195344684, 0.45973140540928376]",649,-1
42407,[0.355885   0.54941276],4,0,"[0.383291892093257, 0.5586820702346661]",-1,-1
42408,[0.55063886 0.6266167 ],9,2,"[0.5921204552873188, 0.6383928111301557]",-1,-1
42409,[0.34176857 0.43474195],6,-1,-1,-1,-1
42410,[0.82131152 0.61703917],1,-1,-1,54,-1
42411,[0.68857984 0.50690426],8,3,"[0.6815204869410737, 0.47689852788858716]",807,-1
42412,[0.77631459 0.53009695],8,-1,-1,-1,-1
42413,[0.27329424 0.33963854],6,5,"[0.23231087327800656, 0.30304944505444303]",1608,-1
42414,[0.70953682 0.44662772],8,3,"[0.6815204869410737, 0.47689852788858716]",594,-1
42415,[0.627886   0.37436145],8,-1,-1,-1,-1
42416,[0.35090327 0.61875685],3,0,"[0.383291892093257, 0.5586820702346661]",1830,-1
42417,[0.22297867 0.39438898],2,-1,-1,-1,-1
42418,[0.27866377 0.35590082],0,-1,-1,1264,-1
42419,[0.31753505 0.23300398],2,9,"[0.3110394802231661, 0.23517199738277297]",-1,-1
42420,[0.7414499  0.74361846],1,4,"[0.7726811996944247, 0.7249303226766757]",454,0
42421,[0.78687696 0.55313914],8,-1,-1,15,-1
42422,[0.33507553 0.45167102],7,8,"[0.27392971195344684, 0.45973140540928376]",-1,-1
42423,[0.3597973  0.32642868],6,1,"[0.3897435781344088, 0.3417040596068965]",1407,-1
42424,[0.47917123 0.55094683],5,6,"[0.5164739970238864, 0.5319253761973344]",-1,-1
42425,[0.31533416 0.57892804],7,7,"[0.2817018170798153, 0.5849768676672948]",1961,-1
42426,[0.2435049  0.49810886],3,8,"[0.27392971195344684, 0.45973140540928376]",-1,-1
42427,[0.25482724 0.47389904],4,8,"[0.27392971195344684, 0.45973140540928376]",-1,-1
42428,[0.29743025 0.20348434],0,9,"[0.3110394802231661, 0.23517199738277297]",425,-1
42429,[0.40394465 0.56211691],4,0,"[0.383291892093257, 0.5586820702346661]",-1,-1
42430,[0.48838771 0.37005754],6,-1,-1,-1,-1
42431,[0.29878781 0.40375426],2,8,"[0.27392971195344684, 0.45973140540928376]",-1,-1
42432,[0.86418936 0.58418705],1,-1,-1,-1,-1
42433,[0.31833576 0.50658851],7,8,"[0.27392971195344684, 0.45973140540928376]",-1,15
42434,[0.30900459 0.48775655],7,8,"[0.27392971195344684, 0.45973140540928376]",1873,-1
42435,[0.70759926 0.46048355],8,3,"[0.6815204869410737, 0.47689852788858716]",-1,-1
42436,[0.42355771 0.28863874],6,1,"[0.3897435781344088, 0.3417040596068965]",-1,-1
42437,[0.58044984 0.54964653],9,6,"[0.5164739970238864, 0.5319253761973344]",-1,-1
42438,[0.5537389  0.70515287],9,-1,-1,-1,-1
42439,[0.48697956 0.47691722],5,6,"[0.5164739970238864, 0.5319253761973344]",-1,-1
42440,[0.22057904 0.56204137],7,7,"[0.2817018170798153, 0.5849768676672948]",690,-1
42441,[0.59173668 0.54371959],8,-1,-1,1290,-1
42442,[0.30610665 0.42021767],3,8,"[0.27392971195344684, 0.45973140540928376]",1017,-1
42443,[0.32350465 0.37589643],2,-1,-1,-1,-1
42444,[0.31332809 0.3026951 ],0,9,"[0.3110394802231661, 0.23517199738277297]",1647,-1
42445,[0.41720169 0.35411772],6,1,"[0.3897435781344088, 0.3417040596068965]",-1,-1
42446,[0.22028792 0.38368739],2,-1,-1,-1,-1
42447,[0.33948982 0.58907706],4,0,"[0.383291892093257, 0.5586820702346661]",1834,-1
42448,[0.81093344 0.67633695],1,4,"[0.7726811996944247, 0.7249303226766757]",-1,0
42449,[0.28160432 0.27774538],0,9,"[0.3110394802231661, 0.23517199738277297]",-1,-1
42450,[0.32233728 0.56427199],7,7,"[0.2817018170798153, 0.5849768676672948]",1977,17
42451,[0.49037273 0.33675807],6,-1,-1,168,-1
42452,[0.56952378 0.54794793],5,6,"[0.5164739970238864, 0.5319253761973344]",-1,-1
42453,[0.42014473 0.58636067],3,0,"[0.383291892093257, 0.5586820702346661]",-1,-1
42454,[0.71239395 0.74273317],1,4,"[0.7726811996944247, 0.7249303226766757]",416,0
42455,[0.57118016 0.53938652],5,6,"[0.5164739970238864, 0.5319253761973344]",-1,6
42456,[0.35688536 0.51156952],7,0,"[0.383291892093257, 0.5586820702346661]",-1,-1
42457,[0.82101649 0.41880343],8,-1,-1,-1,-1
42458,[0.40841087 0.44564826],6,-1,-1,-1,-1
42459,[0.40695289 0.61428178],3,0,"[0.383291892093257, 0.5586820702346661]",1696,-1
42460,[0.42673482 0.57604325],3,0,"[0.383291892093257, 0.5586820702346661]",-1,-1
42461,[0.5713934  0.55646337],9,6,"[0.5164739970238864, 0.5319253761973344]",1362,-1
42462,[0.5398304 0.4263805],5,-1,-1,-1,-1
42463,[0.40947548 0.5132604 ],4,0,"[0.383291892093257, 0.5586820702346661]",1638,-1
42464,[0.30271291 0.56939421],7,7,"[0.2817018170798153, 0.5849768676672948]",1924,-1
42465,[0.35196944 0.26704293],6,9,"[0.3110394802231661, 0.23517199738277297]",951,-1
42466,[0.76735581 0.7331635 ],1,4,"[0.7726811996944247, 0.7249303226766757]",469,0
42467,[0.75821717 0.69463501],1,4,"[0.7726811996944247, 0.7249303226766757]",459,0
42468,[0.57911049 0.56989323],9,2,"[0.5921204552873188, 0.6383928111301557]",1447,-1
42469,[0.2140073  0.49701857],7,-1,-1,598,-1
42470,[0.47912726 0.51807208],5,6,"[0.5164739970238864, 0.5319253761973344]",1002,-1
42471,[0.51193364 0.63924925],5,-1,-1,-1,-1
42472,[0.71410435 0.68346514],1,-1,-1,391,0
42473,[0.39973043 0.37595979],6,1,"[0.3897435781344088, 0.3417040596068965]",-1,-1
42474,[0.32547582 0.5985423 ],4,7,"[0.2817018170798153, 0.5849768676672948]",1939,-1
42475,[0.30470514 0.45733798],7,8,"[0.27392971195344684, 0.45973140540928376]",-1,-1
42476,[0.7722929  0.71480903],1,4,"[0.7726811996944247, 0.7249303226766757]",-1,0
42477,[0.32091254 0.50853797],7,8,"[0.27392971195344684, 0.45973140540928376]",1922,15
42478,[0.15340993 0.27417756],2,-1,-1,-1,-1
42479,[0.8362208  0.81723182],1,-1,-1,-1,-1
42480,[0.75478655 0.70799723],1,4,"[0.7726811996944247, 0.7249303226766757]",463,0
42481,[0.31970998 0.51594956],7,-1,-1,-1,-1
42482,[0.57132465 0.6000281 ],9,2,"[0.5921204552873188, 0.6383928111301557]",-1,6
42483,[0.40114529 0.6480081 ],3,-1,-1,589,-1
42484,[0.73319921 0.67531337],1,4,"[0.7726811996944247, 0.7249303226766757]",409,0
42485,[0.33866715 0.45807841],7,8,"[0.27392971195344684, 0.45973140540928376]",1387,-1
42486,[0.5942016  0.38940694],8,-1,-1,-1,-1
42487,[0.74264965 0.65728469],1,-1,-1,-1,0
42488,[0.31705273 0.33870679],6,-1,-1,1615,8
42489,[0.23294949 0.32256317],2,5,"[0.23231087327800656, 0.30304944505444303]",-1,-1
42490,[0.66452972 0.66534705],1,-1,-1,638,-1
42491,[0.45851877 0.52216052],3,6,"[0.5164739970238864, 0.5319253761973344]",-1,-1
42492,[0.31575342 0.32739756],0,-1,-1,-1,-1
42493,[0.36823995 0.3359137 ],2,1,"[0.3897435781344088, 0.3417040596068965]",-1,-1
42494,[0.42160153 0.26154926],6,-1,-1,-1,-1
42495,[0.35794304 0.54404521],4,0,"[0.383291892093257, 0.5586820702346661]",-1,-1
42496,[0.35843325 0.4799101 ],7,-1,-1,-1,-1
42497,[0.64725415 0.81114668],1,-1,-1,-1,-1
42498,[0.53913369 0.56370475],9,6,"[0.5164739970238864, 0.5319253761973344]",-1,6
42499,[0.19250952 0.61844319],7,-1,-1,-1,-1
42500,[0.57433762 0.49877966],5,6,"[0.5164739970238864, 0.5319253761973344]",847,-1
42501,[0.6119858  0.71086094],9,-1,-1,-1,-1
42502,[0.63913671 0.55569117],8,-1,-1,-1,-1
42503,[0.36763876 0.53718107],4,0,"[0.383291892093257, 0.5586820702346661]",-1,-1
42504,[0.32728498 0.51834283],3,0,"[0.383291892093257, 0.5586820702346661]",1905,-1
42505,[0.18127275 0.30821332],2,5,"[0.23231087327800656, 0.30304944505444303]",-1,-1
42506,[0.28932521 0.34607778],6,-1,-1,1583,-1
42507,[0.37822515 0.44647668],3,-1,-1,964,-1
42508,[0.22271369 0.25650501],2,5,"[0.23231087327800656, 0.30304944505444303]",1021,-1
42509,[0.34892552 0.52846916],3,0,"[0.383291892093257, 0.5586820702346661]",1947,-1
42510,[0.26815776 0.31508362],2,5,"[0.23231087327800656, 0.30304944505444303]",-1,-1
42511,[0.41965388 0.50307189],7,0,"[0.383291892093257, 0.5586820702346661]",-1,-1
42512,[0.33932492 0.50453108],3,0,"[0.383291892093257, 0.5586820702346661]",1880,-1
42513,[0.36785033 0.56869658],4,0,"[0.383291892093257, 0.5586820702346661]",1849,12
42514,[0.38069173 0.34949599],0,1,"[0.3897435781344088, 0.3417040596068965]",1122,-1
42515,[0.36050706 0.63906458],7,-1,-1,1206,-1
42516,[0.3227092  0.35622116],0,1,"[0.3897435781344088, 0.3417040596068965]",1485,-1
42517,[0.37844742 0.3733035 ],6,1,"[0.3897435781344088, 0.3417040596068965]",1062,-1
42518,[0.58650908 0.38743687],8,-1,-1,-1,-1
42519,[0.56003418 0.58672021],9,2,"[0.5921204552873188, 0.6383928111301557]",-1,-1
42520,[0.45925335 0.55335915],3,6,"[0.5164739970238864, 0.5319253761973344]",-1,-1
42521,[0.38957478 0.28379016],6,1,"[0.3897435781344088, 0.3417040596068965]",1076,-1
42522,[0.7045131  0.44910224],8,3,"[0.6815204869410737, 0.47689852788858716]",-1,-1
42523,[0.28301283 0.61102569],4,7,"[0.2817018170798153, 0.5849768676672948]",-1,-1
42524,[0.61097399 0.49841939],8,-1,-1,843,-1
42525,[0.63753401 0.57191264],5,-1,-1,-1,-1
42526,[0.34340867 0.52435068],4,0,"[0.383291892093257, 0.5586820702346661]",1931,-1
42527,[0.38311956 0.49686123],3,0,"[0.383291892093257, 0.5586820702346661]",1448,-1
42528,[0.36787547 0.44871623],4,-1,-1,-1,-1
42529,[0.23793383 0.33682575],2,5,"[0.23231087327800656, 0.30304944505444303]",1522,-1
42530,[0.50270803 0.59824979],5,6,"[0.5164739970238864, 0.5319253761973344]",1063,-1
42531,[0.65301443 0.73327966],9,-1,-1,-1,-1
42532,[0.48833315 0.69205414],9,-1,-1,132,-1
42533,[0.21546259 0.27371927],0,5,"[0.23231087327800656, 0.30304944505444303]",-1,-1
42534,[0.27648424 0.47924153],7,8,"[0.27392971195344684, 0.45973140540928376]",-1,-1
42535,[0.52835922 0.70724167],9,-1,-1,295,-1
42536,[0.5599826  0.44469259],5,-1,-1,249,-1
42537,[0.24416624 0.49789418],7,8,"[0.27392971195344684, 0.45973140540928376]",-1,-1
42538,[0.67639232 0.47120948],8,3,"[0.6815204869410737, 0.47689852788858716]",804,-1
42539,[0.30991055 0.18077137],0,9,"[0.3110394802231661, 0.23517199738277297]",219,-1
42540,[0.60327749 0.63017685],9,2,"[0.5921204552873188, 0.6383928111301557]",1347,6
42541,[0.37767453 0.37987732],2,1,"[0.3897435781344088, 0.3417040596068965]",1006,-1
42542,[0.19817413 0.61701262],4,-1,-1,-1,-1
42543,[0.63371024 0.61622201],9,2,"[0.5921204552873188, 0.6383928111301557]",740,-1
42544,[0.53841246 0.50855446],5,6,"[0.5164739970238864, 0.5319253761973344]",1140,-1
42545,[0.36927024 0.44040278],7,-1,-1,879,-1
42546,[0.30992941 0.42213207],3,8,"[0.27392971195344684, 0.45973140540928376]",1017,-1
42547,[0.2312994  0.48880214],7,8,"[0.27392971195344684, 0.45973140540928376]",-1,-1
42548,[0.3602472 0.2866527],6,1,"[0.3897435781344088, 0.3417040596068965]",-1,-1
42549,[0.31670945 0.29087742],0,9,"[0.3110394802231661, 0.23517199738277297]",1580,-1
42550,[0.56230557 0.5132639 ],9,6,"[0.5164739970238864, 0.5319253761973344]",770,-1
42551,[0.29771663 0.42174666],3,8,"[0.27392971195344684, 0.45973140540928376]",1074,-1
42552,[0.6992841  0.70417149],1,-1,-1,343,0
42553,[0.60037444 0.46547119],9,-1,-1,-1,-1
42554,[0.28402567 0.5980546 ],4,7,"[0.2817018170798153, 0.5849768676672948]",-1,-1
42555,[0.79776725 0.7230311 ],1,4,"[0.7726811996944247, 0.7249303226766757]",461,0
42556,[0.25925679 0.50639576],7,8,"[0.27392971195344684, 0.45973140540928376]",-1,-1
42557,[0.77602551 0.47606768],8,-1,-1,-1,-1
42558,[0.32204532 0.43680569],2,8,"[0.27392971195344684, 0.45973140540928376]",-1,-1
42559,[0.27902445 0.50988786],7,8,"[0.27392971195344684, 0.45973140540928376]",-1,-1
42560,[0.29229357 0.48710954],7,8,"[0.27392971195344684, 0.45973140540928376]",-1,-1
42561,[0.35013285 0.540899  ],3,0,"[0.383291892093257, 0.5586820702346661]",1969,16
42562,[0.36348347 0.34988327],0,1,"[0.3897435781344088, 0.3417040596068965]",1350,-1
42563,[0.32994464 0.18831139],2,9,"[0.3110394802231661, 0.23517199738277297]",256,-1
42564,[0.34152967 0.29178636],2,9,"[0.3110394802231661, 0.23517199738277297]",1666,-1
42565,[0.31983964 0.20311184],0,9,"[0.3110394802231661, 0.23517199738277297]",293,-1
42566,[0.57631773 0.64436818],9,2,"[0.5921204552873188, 0.6383928111301557]",1214,6
42567,[0.57913552 0.59781418],9,2,"[0.5921204552873188, 0.6383928111301557]",1443,6
42568,[0.73485116 0.53346723],8,-1,-1,-1,-1
42569,[0.28103193 0.4574021 ],7,8,"[0.27392971195344684, 0.45973140540928376]",-1,-1
42570,[0.27454379 0.41661685],2,8,"[0.27392971195344684, 0.45973140540928376]",747,-1
42571,[0.30929003 0.58774474],4,7,"[0.2817018170798153, 0.5849768676672948]",1820,-1
42572,[0.64158408 0.57848177],9,-1,-1,-1,-1
42573,[0.73502632 0.68909806],1,4,"[0.7726811996944247, 0.7249303226766757]",-1,0
42574,[0.53917578 0.71712777],9,-1,-1,-1,-1
42575,[0.78703061 0.50334653],8,-1,-1,-1,-1
42576,[0.8331308  0.73281752],1,4,"[0.7726811996944247, 0.7249303226766757]",341,0
42577,[0.50027093 0.54670194],3,6,"[0.5164739970238864, 0.5319253761973344]",1186,-1
42578,[0.16395997 0.23597542],0,-1,-1,-1,-1
42579,[0.54949549 0.50091882],8,6,"[0.5164739970238864, 0.5319253761973344]",792,-1
42580,[0.28101756 0.30765863],0,5,"[0.23231087327800656, 0.30304944505444303]",-1,-1
42581,[0.27068387 0.32620496],2,5,"[0.23231087327800656, 0.30304944505444303]",1585,9
42582,[0.44115211 0.59357182],9,0,"[0.383291892093257, 0.5586820702346661]",1229,-1
42583,[0.37624646 0.5275136 ],7,0,"[0.383291892093257, 0.5586820702346661]",-1,-1
42584,[0.29023313 0.47515773],6,8,"[0.27392971195344684, 0.45973140540928376]",-1,-1
42585,[0.31888282 0.56296205],3,7,"[0.2817018170798153, 0.5849768676672948]",-1,-1
42586,[0.31375758 0.3016626 ],2,9,"[0.3110394802231661, 0.23517199738277297]",1647,-1
42587,[0.27652267 0.32623489],2,5,"[0.23231087327800656, 0.30304944505444303]",1585,9
42588,[0.56917066 0.67639574],9,2,"[0.5921204552873188, 0.6383928111301557]",1034,-1
42589,[0.84985925 0.73434359],1,-1,-1,-1,0
42590,[0.25830746 0.36547635],2,5,"[0.23231087327800656, 0.30304944505444303]",1331,-1
42591,[0.68492835 0.47899521],8,3,"[0.6815204869410737, 0.47689852788858716]",814,-1
42592,[0.30453383 0.24879487],0,9,"[0.3110394802231661, 0.23517199738277297]",-1,-1
42593,[0.22560376 0.34551283],0,5,"[0.23231087327800656, 0.30304944505444303]",-1,-1
42594,[0.30312208 0.27123371],6,9,"[0.3110394802231661, 0.23517199738277297]",1511,-1
42595,[0.25384776 0.33473189],0,5,"[0.23231087327800656, 0.30304944505444303]",1399,-1
42596,[0.75249869 0.53250105],8,-1,-1,222,-1
42597,[0.33614307 0.60287304],4,7,"[0.2817018170798153, 0.5849768676672948]",1864,-1
42598,[0.26926923 0.43013297],7,8,"[0.27392971195344684, 0.45973140540928376]",1175,-1
42599,[0.54424589 0.73300651],9,-1,-1,-1,-1
42600,[0.26949909 0.61027664],4,7,"[0.2817018170798153, 0.5849768676672948]",-1,-1
42601,[0.24336505 0.29831572],0,5,"[0.23231087327800656, 0.30304944505444303]",-1,-1
42602,[0.26205628 0.38308844],2,-1,-1,1221,-1
42603,[0.38581049 0.38955455],6,1,"[0.3897435781344088, 0.3417040596068965]",952,-1
42604,[0.21246761 0.29484397],2,5,"[0.23231087327800656, 0.30304944505444303]",-1,-1
42605,[0.76837473 0.40771707],8,-1,-1,65,-1
42606,[0.34398599 0.6061146 ],4,0,"[0.383291892093257, 0.5586820702346661]",-1,-1
42607,[0.40337873 0.30684793],2,1,"[0.3897435781344088, 0.3417040596068965]",-1,-1
42608,[0.19573289 0.27319993],0,5,"[0.23231087327800656, 0.30304944505444303]",-1,-1
42609,[0.38219973 0.51888426],3,0,"[0.383291892093257, 0.5586820702346661]",1783,-1
42610,[0.31647493 0.60899914],3,7,"[0.2817018170798153, 0.5849768676672948]",-1,-1
42611,[0.63733307 0.64059731],9,2,"[0.5921204552873188, 0.6383928111301557]",-1,-1
42612,[0.74735936 0.75994516],1,4,"[0.7726811996944247, 0.7249303226766757]",418,0
42613,[0.24931398 0.48124892],7,8,"[0.27392971195344684, 0.45973140540928376]",-1,-1
42614,[0.20355364 0.27933787],2,5,"[0.23231087327800656, 0.30304944505444303]",-1,-1
42615,[0.32204751 0.66890844],4,-1,-1,169,-1
42616,[0.71434833 0.77352675],1,-1,-1,218,0
42617,[0.68111947 0.59184853],8,-1,-1,267,-1
42618,[0.43522591 0.33674577],6,1,"[0.3897435781344088, 0.3417040596068965]",-1,-1
42619,[0.42844335 0.42898051],6,-1,-1,-1,-1
42620,[0.36792637 0.46966871],4,-1,-1,-1,-1
42621,[0.66459248 0.70146207],9,-1,-1,489,-1
42622,[0.21057992 0.5356113 ],7,-1,-1,-1,-1
42623,[0.77502818 0.75545139],1,4,"[0.7726811996944247, 0.7249303226766757]",413,0
42624,[0.63667252 0.45120645],5,3,"[0.6815204869410737, 0.47689852788858716]",618,-1
42625,[0.39009699 0.70755085],3,-1,-1,-1,-1
42626,[0.28470481 0.4593441 ],4,8,"[0.27392971195344684, 0.45973140540928376]",1243,-1
42627,[0.83551691 0.44118999],8,-1,-1,1,-1
42628,[0.24705147 0.26806577],0,5,"[0.23231087327800656, 0.30304944505444303]",-1,-1
42629,[0.3111404 0.5853827],3,7,"[0.2817018170798153, 0.5849768676672948]",1967,-1
42630,[0.30833439 0.49069016],4,8,"[0.27392971195344684, 0.45973140540928376]",1873,-1
42631,[0.64381663 0.50900552],8,3,"[0.6815204869410737, 0.47689852788858716]",-1,-1
42632,[0.50132563 0.48847364],5,6,"[0.5164739970238864, 0.5319253761973344]",605,-1
42633,[0.50059167 0.41293217],5,-1,-1,52,-1
42634,[0.72584103 0.75278272],1,4,"[0.7726811996944247, 0.7249303226766757]",422,0
42635,[0.34415565 0.49999517],7,-1,-1,-1,-1
42636,[0.50284681 0.58369486],3,6,"[0.5164739970238864, 0.5319253761973344]",1266,-1
42637,[0.4198673  0.42410134],6,-1,-1,403,-1
42638,[0.47356135 0.42836435],6,-1,-1,-1,-1
42639,[0.26981723 0.43083081],7,8,"[0.27392971195344684, 0.45973140540928376]",1175,-1
42640,[0.46519721 0.577286  ],3,6,"[0.5164739970238864, 0.5319253761973344]",1232,-1
42641,[0.37715    0.31344828],6,1,"[0.3897435781344088, 0.3417040596068965]",1462,-1
42642,[0.27880715 0.37900869],2,-1,-1,1098,-1
42643,[0.28990962 0.26649994],6,9,"[0.3110394802231661, 0.23517199738277297]",1496,-1
42644,[0.2431367  0.57287194],3,7,"[0.2817018170798153, 0.5849768676672948]",1357,-1
42645,[0.84821468 0.77370023],1,-1,-1,-1,0
42646,[0.69788003 0.56944318],8,-1,-1,-1,-1
42647,[0.10590972 0.198587  ],0,-1,-1,-1,-1
42648,[0.50359709 0.52341215],5,6,"[0.5164739970238864, 0.5319253761973344]",942,-1
42649,[0.33794169 0.50242176],6,-1,-1,1880,-1
42650,[0.3504376  0.48446253],4,-1,-1,1854,-1
42651,[0.83552058 0.7107112 ],1,4,"[0.7726811996944247, 0.7249303226766757]",-1,0
42652,[0.66159627 0.52490403],8,3,"[0.6815204869410737, 0.47689852788858716]",-1,-1
42653,[0.442618   0.57792425],3,0,"[0.383291892093257, 0.5586820702346661]",1020,-1
42654,[0.67411316 0.43958362],8,3,"[0.6815204869410737, 0.47689852788858716]",-1,-1
42655,[0.5071487  0.69398421],9,-1,-1,274,-1
42656,[0.50620073 0.67063583],3,-1,-1,-1,-1
42657,[0.36780639 0.4374867 ],7,-1,-1,879,-1
42658,[0.13808286 0.24532794],0,-1,-1,-1,-1
42659,[0.337068   0.25778418],0,9,"[0.3110394802231661, 0.23517199738277297]",-1,-1
42660,[0.30282111 0.32549424],2,-1,-1,-1,-1
42661,[0.62997272 0.64455371],9,2,"[0.5921204552873188, 0.6383928111301557]",-1,-1
42662,[0.40802337 0.69712833],3,-1,-1,34,-1
42663,[0.25513215 0.50841457],7,8,"[0.27392971195344684, 0.45973140540928376]",1786,-1
42664,[0.29940802 0.64450124],4,7,"[0.2817018170798153, 0.5849768676672948]",-1,-1
42665,[0.36889534 0.41685765],2,-1,-1,721,-1
42666,[0.41484602 0.63243273],3,-1,-1,-1,-1
42667,[0.32372499 0.18669398],0,9,"[0.3110394802231661, 0.23517199738277297]",232,-1
42668,[0.28197211 0.3291483 ],2,5,"[0.23231087327800656, 0.30304944505444303]",-1,-1
42669,[0.44653828 0.37405222],6,1,"[0.3897435781344088, 0.3417040596068965]",-1,-1
42670,[0.28484539 0.50021106],7,8,"[0.27392971195344684, 0.45973140540928376]",1768,-1
42671,[0.32654562 0.59033092],3,7,"[0.2817018170798153, 0.5849768676672948]",-1,-1
42672,[0.31498858 0.25647483],0,9,"[0.3110394802231661, 0.23517199738277297]",1491,-1
42673,[0.35441212 0.35694386],2,1,"[0.3897435781344088, 0.3417040596068965]",1261,-1
42674,[0.61304868 0.61760652],9,2,"[0.5921204552873188, 0.6383928111301557]",-1,-1
42675,[0.71589859 0.55050207],1,-1,-1,-1,-1
42676,[0.71459382 0.8427588 ],1,-1,-1,-1,-1
42677,[0.22308563 0.52516201],7,-1,-1,-1,-1
42678,[0.33498448 0.31938595],6,1,"[0.3897435781344088, 0.3417040596068965]",1683,-1
42679,[0.27819293 0.55755965],7,7,"[0.2817018170798153, 0.5849768676672948]",1875,13
42680,[0.77031781 0.6456201 ],1,-1,-1,325,0
42681,[0.78189259 0.81704963],1,-1,-1,163,0
42682,[0.70670882 0.38642293],8,-1,-1,151,-1
42683,[0.49053741 0.39562694],6,-1,-1,-1,-1
42684,[0.41161586 0.47637162],4,-1,-1,715,-1
42685,[0.22935785 0.64169443],7,-1,-1,-1,-1
42686,[0.37845418 0.58561232],4,0,"[0.383291892093257, 0.5586820702346661]",-1,-1
42687,[0.29591351 0.24159185],2,9,"[0.3110394802231661, 0.23517199738277297]",-1,-1
42688,[0.26798577 0.58948257],7,7,"[0.2817018170798153, 0.5849768676672948]",-1,-1
42689,[0.70035118 0.74423154],1,-1,-1,319,0
42690,[0.43520055 0.48698028],5,-1,-1,-1,-1
42691,[0.43639109 0.53489211],3,0,"[0.383291892093257, 0.5586820702346661]",1135,-1
42692,[0.69350123 0.48927936],8,3,"[0.6815204869410737, 0.47689852788858716]",-1,2
42693,[0.64859531 0.39752647],8,-1,-1,-1,-1
42694,[0.27441479 0.38863992],7,-1,-1,-1,-1
42695,[0.27496813 0.54822387],4,7,"[0.2817018170798153, 0.5849768676672948]",-1,-1
42696,[0.15917778 0.30239754],2,-1,-1,-1,-1
42697,[0.5988613  0.60839207],9,2,"[0.5921204552873188, 0.6383928111301557]",-1,-1
42698,[0.47328267 0.55040472],5,6,"[0.5164739970238864, 0.5319253761973344]",-1,-1
42699,[0.50480005 0.5842872 ],5,6,"[0.5164739970238864, 0.5319253761973344]",-1,-1
42700,[0.32477667 0.6371842 ],3,7,"[0.2817018170798153, 0.5849768676672948]",-1,-1
42701,[0.3666019  0.50846092],4,0,"[0.383291892093257, 0.5586820702346661]",-1,-1
42702,[0.4062679  0.45068151],6,-1,-1,-1,-1
42703,[0.66897054 0.39333554],8,-1,-1,241,-1
42704,[0.17899381 0.37546523],2,-1,-1,-1,-1
42705,[0.20048349 0.51205766],7,-1,-1,-1,-1
42706,[0.6000749  0.44582363],5,-1,-1,616,-1
42707,[0.23570717 0.29620891],2,5,"[0.23231087327800656, 0.30304944505444303]",1298,-1
42708,[0.45283296 0.29460175],6,-1,-1,472,-1
42709,[0.75240915 0.72469531],1,4,"[0.7726811996944247, 0.7249303226766757]",466,0
42710,[0.4732568  0.56370256],5,6,"[0.5164739970238864, 0.5319253761973344]",1010,-1
42711,[0.5376327  0.52592222],8,6,"[0.5164739970238864, 0.5319253761973344]",-1,-1
42712,[0.36056855 0.59144408],3,0,"[0.383291892093257, 0.5586820702346661]",-1,12
42713,[0.28392876 0.41583646],4,8,"[0.27392971195344684, 0.45973140540928376]",1075,-1
42714,[0.55161713 0.61046617],9,2,"[0.5921204552873188, 0.6383928111301557]",1341,-1
42715,[0.33088404 0.48483445],7,8,"[0.27392971195344684, 0.45973140540928376]",-1,-1
42716,[0.49440003 0.46122022],4,-1,-1,277,-1
42717,[0.40205039 0.66999395],7,-1,-1,-1,-1
42718,[0.33572585 0.55178336],3,0,"[0.383291892093257, 0.5586820702346661]",1957,-1
42719,[0.22375311 0.39150054],2,-1,-1,-1,-1
42720,[0.20649844 0.30968688],0,5,"[0.23231087327800656, 0.30304944505444303]",777,-1
42721,[0.56310084 0.5030875 ],5,6,"[0.5164739970238864, 0.5319253761973344]",852,-1
42722,[0.51441151 0.57629892],5,6,"[0.5164739970238864, 0.5319253761973344]",-1,6
42723,[0.21424247 0.33003035],0,5,"[0.23231087327800656, 0.30304944505444303]",1038,-1
42724,[0.26600271 0.44711857],4,8,"[0.27392971195344684, 0.45973140540928376]",1250,-1
42725,[0.29834008 0.5756815 ],3,7,"[0.2817018170798153, 0.5849768676672948]",1839,-1
42726,[0.63574823 0.58204424],1,-1,-1,-1,-1
42727,[0.63543348 0.5472822 ],8,-1,-1,-1,-1
42728,[0.26983118 0.59740883],4,7,"[0.2817018170798153, 0.5849768676672948]",1655,-1
42729,[0.24229336 0.38824918],2,-1,-1,-1,-1
42730,[0.57227546 0.53006094],5,6,"[0.5164739970238864, 0.5319253761973344]",-1,6
42731,[0.38853887 0.34519986],6,1,"[0.3897435781344088, 0.3417040596068965]",1366,-1
42732,[0.45274466 0.30805518],6,-1,-1,524,-1
42733,[0.30829971 0.52306357],4,7,"[0.2817018170798153, 0.5849768676672948]",-1,-1
42734,[0.24411301 0.18613882],0,-1,-1,344,-1
42735,[0.50947144 0.49087361],5,6,"[0.5164739970238864, 0.5319253761973344]",605,-1
42736,[0.29897835 0.32495879],0,-1,-1,1661,-1
42737,[0.08176651 0.2259969 ],0,-1,-1,-1,-1
42738,[0.58588304 0.65861125],9,2,"[0.5921204552873188, 0.6383928111301557]",-1,-1
42739,[0.77209246 0.72891596],1,4,"[0.7726811996944247, 0.7249303226766757]",469,0
42740,[0.30849739 0.5113927 ],7,8,"[0.27392971195344684, 0.45973140540928376]",-1,15
42741,[0.3737055  0.55734933],4,0,"[0.383291892093257, 0.5586820702346661]",1855,-1
42742,[0.46535665 0.50342247],3,6,"[0.5164739970238864, 0.5319253761973344]",753,-1
42743,[0.11020853 0.29419761],0,-1,-1,10,-1
42744,[0.82156788 0.68177164],1,4,"[0.7726811996944247, 0.7249303226766757]",361,0
42745,[0.3430049  0.56385689],4,0,"[0.383291892093257, 0.5586820702346661]",1902,-1
42746,[0.720999   0.47611868],8,3,"[0.6815204869410737, 0.47689852788858716]",779,-1
42747,[0.31757417 0.3956862 ],2,-1,-1,1425,-1
42748,[0.28820754 0.30181465],2,5,"[0.23231087327800656, 0.30304944505444303]",1578,-1
42749,[0.33190531 0.64079416],4,-1,-1,886,-1
42750,[0.31273884 0.31444668],0,-1,-1,-1,-1
42751,[0.80738894 0.73159771],1,4,"[0.7726811996944247, 0.7249303226766757]",457,0
42752,[0.32738704 0.62003733],4,7,"[0.2817018170798153, 0.5849768676672948]",-1,-1
42753,[0.40049473 0.21645547],6,-1,-1,-1,-1
42754,[0.42384415 0.32403235],6,1,"[0.3897435781344088, 0.3417040596068965]",-1,-1
42755,[0.38646482 0.51456954],5,0,"[0.383291892093257, 0.5586820702346661]",1781,-1
42756,[0.54401641 0.48745423],5,6,"[0.5164739970238864, 0.5319253761973344]",-1,-1
42757,[0.35638702 0.31792989],2,1,"[0.3897435781344088, 0.3417040596068965]",1526,-1
42758,[0.690813   0.31569525],8,-1,-1,-1,-1
42759,[0.1904103  0.31632375],0,5,"[0.23231087327800656, 0.30304944505444303]",857,-1
42760,[0.31272187 0.48079434],4,8,"[0.27392971195344684, 0.45973140540928376]",-1,-1
42761,[0.16141216 0.31573303],0,-1,-1,203,-1
42762,[0.34517973 0.13624485],0,-1,-1,-1,-1
42763,[0.31923592 0.64905685],4,-1,-1,-1,-1
42764,[0.33490117 0.53097976],4,0,"[0.383291892093257, 0.5586820702346661]",1948,-1
42765,[0.45158775 0.47289999],4,-1,-1,-1,-1
42766,[0.42868779 0.25318135],6,-1,-1,-1,-1
42767,[0.41865259 0.37521684],3,1,"[0.3897435781344088, 0.3417040596068965]",681,-1
42768,[0.46235545 0.47689842],5,-1,-1,-1,-1
42769,[0.26705    0.36980685],2,-1,-1,1221,-1
42770,[0.5116183  0.72612572],5,-1,-1,116,-1
42771,[0.42936551 0.37360981],6,1,"[0.3897435781344088, 0.3417040596068965]",681,-1
42772,[0.27671172 0.39922237],2,8,"[0.27392971195344684, 0.45973140540928376]",1018,-1
42773,[0.6467768  0.64084555],9,2,"[0.5921204552873188, 0.6383928111301557]",939,-1
42774,[0.27477534 0.51631274],4,8,"[0.27392971195344684, 0.45973140540928376]",1887,-1
42775,[0.20390412 0.30215679],0,5,"[0.23231087327800656, 0.30304944505444303]",685,-1
42776,[0.31358344 0.3578385 ],2,-1,-1,-1,-1
42777,[0.30896065 0.42779003],2,8,"[0.27392971195344684, 0.45973140540928376]",-1,-1
42778,[0.42608685 0.54901821],3,0,"[0.383291892093257, 0.5586820702346661]",1205,-1
42779,[0.60461785 0.6430162 ],9,2,"[0.5921204552873188, 0.6383928111301557]",-1,-1
42780,[0.58343557 0.71751177],9,-1,-1,-1,-1
42781,[0.38355325 0.38510322],6,1,"[0.3897435781344088, 0.3417040596068965]",-1,-1
42782,[0.53657052 0.53549222],5,6,"[0.5164739970238864, 0.5319253761973344]",1150,-1
42783,[0.32160276 0.47953431],7,8,"[0.27392971195344684, 0.45973140540928376]",1475,-1
42784,[0.4939363  0.51554064],5,6,"[0.5164739970238864, 0.5319253761973344]",-1,-1
42785,[0.29084222 0.31839825],0,5,"[0.23231087327800656, 0.30304944505444303]",1621,-1
42786,[0.42178059 0.57194525],4,0,"[0.383291892093257, 0.5586820702346661]",-1,-1
42787,[0.59783807 0.40689655],8,-1,-1,164,-1
42788,[0.35259907 0.50600387],3,0,"[0.383291892093257, 0.5586820702346661]",1801,-1
42789,[0.5598559  0.53866224],9,6,"[0.5164739970238864, 0.5319253761973344]",1409,6
42790,[0.47981486 0.26522722],6,-1,-1,-1,-1
42791,[0.73604469 0.47597372],8,3,"[0.6815204869410737, 0.47689852788858716]",-1,-1
42792,[0.79601891 0.7426017 ],1,4,"[0.7726811996944247, 0.7249303226766757]",450,0
42793,[0.17413021 0.32920691],2,5,"[0.23231087327800656, 0.30304944505444303]",497,-1
42794,[0.58225305 0.50006209],8,-1,-1,841,-1
42795,[0.87953658 0.69769801],1,-1,-1,-1,-1
42796,[0.19262029 0.27856785],0,5,"[0.23231087327800656, 0.30304944505444303]",745,-1
42797,[0.34208909 0.53888881],7,0,"[0.383291892093257, 0.5586820702346661]",1965,16
42798,[0.49278589 0.55416984],5,6,"[0.5164739970238864, 0.5319253761973344]",1183,-1
42799,[0.31190835 0.56005784],4,7,"[0.2817018170798153, 0.5849768676672948]",1968,-1
42800,[0.66227033 0.76241229],1,-1,-1,-1,-1
42801,[0.7305834  0.80925974],1,-1,-1,-1,0
42802,[0.24072471 0.47723885],7,8,"[0.27392971195344684, 0.45973140540928376]",1707,-1
42803,[0.36971592 0.53951505],4,0,"[0.383291892093257, 0.5586820702346661]",1806,-1
42804,[0.24207428 0.51402453],7,8,"[0.27392971195344684, 0.45973140540928376]",1552,-1
42805,[0.28380838 0.63019595],4,7,"[0.2817018170798153, 0.5849768676672948]",588,-1
42806,[0.33159181 0.61168847],4,7,"[0.2817018170798153, 0.5849768676672948]",1544,-1
42807,[0.18843095 0.39471981],2,-1,-1,133,-1
42808,[0.45488163 0.47862635],4,-1,-1,-1,-1
42809,[0.33365401 0.60871586],3,7,"[0.2817018170798153, 0.5849768676672948]",-1,-1
42810,[0.62073651 0.66991875],5,2,"[0.5921204552873188, 0.6383928111301557]",-1,-1
42811,[0.24297525 0.5586229 ],7,7,"[0.2817018170798153, 0.5849768676672948]",-1,-1
42812,[0.50649146 0.59733139],5,6,"[0.5164739970238864, 0.5319253761973344]",-1,-1
42813,[0.50331283 0.56193659],5,6,"[0.5164739970238864, 0.5319253761973344]",1322,-1
42814,[0.60820622 0.49512334],8,-1,-1,843,-1
42815,[0.32904262 0.59547153],3,7,"[0.2817018170798153, 0.5849768676672948]",-1,-1
42816,[0.22516193 0.51717448],7,-1,-1,1090,-1
42817,[0.22600506 0.29240931],2,5,"[0.23231087327800656, 0.30304944505444303]",1460,-1
42818,[0.60115191 0.48158671],8,-1,-1,-1,-1
42819,[0.20778435 0.34071056],0,5,"[0.23231087327800656, 0.30304944505444303]",949,-1
42820,[0.47322109 0.55722844],5,6,"[0.5164739970238864, 0.5319253761973344]",1084,-1
42821,[0.18278274 0.32908716],2,5,"[0.23231087327800656, 0.30304944505444303]",-1,-1
42822,[0.30129836 0.28709438],0,9,"[0.3110394802231661, 0.23517199738277297]",-1,-1
42823,[0.41608865 0.36160808],6,1,"[0.3897435781344088, 0.3417040596068965]",-1,-1
42824,[0.32984733 0.52813428],4,0,"[0.383291892093257, 0.5586820702346661]",-1,-1
42825,[0.36200794 0.69498828],3,-1,-1,-1,-1
42826,[0.40088441 0.51842833],3,0,"[0.383291892093257, 0.5586820702346661]",-1,-1
42827,[0.64214365 0.46570635],8,3,"[0.6815204869410737, 0.47689852788858716]",-1,-1
42828,[0.55847893 0.53824719],5,6,"[0.5164739970238864, 0.5319253761973344]",1409,-1
42829,[0.76876851 0.72717627],1,4,"[0.7726811996944247, 0.7249303226766757]",469,0
42830,[0.26325542 0.54118362],7,7,"[0.2817018170798153, 0.5849768676672948]",-1,-1
42831,[0.28744811 0.27751052],6,9,"[0.3110394802231661, 0.23517199738277297]",1555,-1
42832,[0.42114027 0.39287051],6,1,"[0.3897435781344088, 0.3417040596068965]",-1,-1
42833,[0.8293502  0.71198378],1,4,"[0.7726811996944247, 0.7249303226766757]",360,0
42834,[0.68377463 0.47598164],8,3,"[0.6815204869410737, 0.47689852788858716]",809,-1
42835,[0.65819108 0.60337474],9,-1,-1,545,-1
42836,[0.30285551 0.34086189],2,-1,-1,-1,8
42837,[0.55289782 0.56338113],5,6,"[0.5164739970238864, 0.5319253761973344]",1406,6
42838,[0.72425396 0.44368826],8,3,"[0.6815204869410737, 0.47689852788858716]",-1,-1
42839,[0.6662194  0.38866265],8,-1,-1,241,-1
42840,[0.34951048 0.40753549],6,-1,-1,880,-1
42841,[0.40261017 0.52592403],4,0,"[0.383291892093257, 0.5586820702346661]",1641,-1
42842,[0.3766735  0.40147151],4,1,"[0.3897435781344088, 0.3417040596068965]",722,-1
42843,[0.46803664 0.5647246 ],5,6,"[0.5164739970238864, 0.5319253761973344]",-1,-1
42844,[0.20243916 0.45889541],7,-1,-1,330,-1
42845,[0.36334249 0.42743712],3,-1,-1,-1,-1
42846,[0.7999373  0.46804345],8,-1,-1,-1,-1
42847,[0.5164704  0.60216856],5,-1,-1,1230,-1
42848,[0.70599262 0.78466541],1,-1,-1,225,0
42849,[0.31333811 0.37482728],2,-1,-1,1423,-1
42850,[0.37091025 0.40296437],6,1,"[0.3897435781344088, 0.3417040596068965]",718,-1
42851,[0.58800144 0.62692567],5,2,"[0.5921204552873188, 0.6383928111301557]",-1,6
42852,[0.81522297 0.67496771],1,4,"[0.7726811996944247, 0.7249303226766757]",-1,0
42853,[0.68797004 0.62210111],5,-1,-1,494,-1
42854,[0.50779897 0.65764011],5,-1,-1,729,-1
42855,[0.35769132 0.56428662],7,0,"[0.383291892093257, 0.5586820702346661]",-1,-1
42856,[0.62847933 0.47090878],5,3,"[0.6815204869410737, 0.47689852788858716]",623,-1
42857,[0.41357993 0.53363302],3,0,"[0.383291892093257, 0.5586820702346661]",1244,-1
42858,[0.36699405 0.57689618],4,0,"[0.383291892093257, 0.5586820702346661]",1866,12
42859,[0.42723413 0.52041153],4,0,"[0.383291892093257, 0.5586820702346661]",-1,-1
42860,[0.3113315  0.51981971],4,-1,-1,1919,-1
42861,[0.54661083 0.6387524 ],9,2,"[0.5921204552873188, 0.6383928111301557]",1255,-1
42862,[0.42508634 0.5500629 ],3,0,"[0.383291892093257, 0.5586820702346661]",1205,-1
42863,[0.72010232 0.65037469],1,-1,-1,237,0
42864,[0.5654317  0.64685695],9,2,"[0.5921204552873188, 0.6383928111301557]",1219,-1
42865,[0.30409065 0.37248817],2,-1,-1,1594,-1
42866,[0.54959221 0.54851071],5,6,"[0.5164739970238864, 0.5319253761973344]",-1,-1
42867,[0.27630516 0.21196173],6,9,"[0.3110394802231661, 0.23517199738277297]",-1,-1
42868,[0.3266576  0.30041985],2,9,"[0.3110394802231661, 0.23517199738277297]",1659,-1
42869,[0.3665396 0.5945835],3,0,"[0.383291892093257, 0.5586820702346661]",-1,-1
42870,[0.27027543 0.26461487],0,9,"[0.3110394802231661, 0.23517199738277297]",1606,-1
42871,[0.41626642 0.58994753],3,0,"[0.383291892093257, 0.5586820702346661]",-1,-1
42872,[0.30951114 0.24727906],0,9,"[0.3110394802231661, 0.23517199738277297]",1499,-1
42873,[0.86698582 0.72248521],1,-1,-1,-1,0
42874,[0.28084061 0.52447619],7,7,"[0.2817018170798153, 0.5849768676672948]",-1,14
42875,[0.61509754 0.60956562],9,2,"[0.5921204552873188, 0.6383928111301557]",1200,-1
42876,[0.56918725 0.47613937],8,-1,-1,-1,-1
42877,[0.41150813 0.30592419],6,1,"[0.3897435781344088, 0.3417040596068965]",-1,-1
42878,[0.69102049 0.68080878],9,-1,-1,-1,-1
42879,[0.42684262 0.39860445],6,1,"[0.3897435781344088, 0.3417040596068965]",-1,-1
42880,[0.56034885 0.52916172],5,6,"[0.5164739970238864, 0.5319253761973344]",1390,-1
42881,[0.57049876 0.64500557],9,2,"[0.5921204552873188, 0.6383928111301557]",1220,-1
42882,[0.5795072  0.42526771],5,-1,-1,252,-1
42883,[0.3970641  0.43160618],7,-1,-1,363,-1
42884,[0.59395481 0.62681137],5,2,"[0.5921204552873188, 0.6383928111301557]",-1,6
42885,[0.38899038 0.25208197],0,-1,-1,833,-1
42886,[0.54564864 0.54958513],5,6,"[0.5164739970238864, 0.5319253761973344]",-1,6
42887,[0.37141721 0.28678141],6,1,"[0.3897435781344088, 0.3417040596068965]",-1,-1
42888,[0.19409812 0.24192326],0,-1,-1,897,-1
42889,[0.46399976 0.55327657],5,6,"[0.5164739970238864, 0.5319253761973344]",-1,-1
42890,[0.38386797 0.34593224],6,1,"[0.3897435781344088, 0.3417040596068965]",1122,-1
42891,[0.622971  0.5906578],5,2,"[0.5921204552873188, 0.6383928111301557]",1209,-1
42892,[0.42551307 0.48306748],6,-1,-1,767,-1
42893,[0.45419155 0.26804884],6,-1,-1,585,-1
42894,[0.54597369 0.2087779 ],6,-1,-1,-1,-1
42895,[0.72863935 0.47904917],8,3,"[0.6815204869410737, 0.47689852788858716]",779,-1
42896,[0.25110179 0.18867479],0,-1,-1,344,-1
42897,[0.73677739 0.52212606],8,-1,-1,-1,-1
42898,[0.33568789 0.53315312],4,0,"[0.383291892093257, 0.5586820702346661]",1948,16
42899,[0.3382645 0.6139524],3,7,"[0.2817018170798153, 0.5849768676672948]",-1,-1
42900,[0.24995514 0.61307724],7,7,"[0.2817018170798153, 0.5849768676672948]",514,-1
42901,[0.30402969 0.48276525],4,8,"[0.27392971195344684, 0.45973140540928376]",-1,-1
42902,[0.19415173 0.24603118],0,5,"[0.23231087327800656, 0.30304944505444303]",-1,-1
42903,[0.39513401 0.44219894],3,-1,-1,567,-1
42904,[0.5742506  0.60069827],5,2,"[0.5921204552873188, 0.6383928111301557]",-1,6
42905,[0.8824426  0.72135402],1,-1,-1,-1,-1
42906,[0.72266204 0.74675907],1,4,"[0.7726811996944247, 0.7249303226766757]",421,0
42907,[0.31554522 0.49428686],3,8,"[0.27392971195344684, 0.45973140540928376]",1872,-1
42908,[0.60066475 0.56978996],9,2,"[0.5921204552873188, 0.6383928111301557]",-1,5
42909,[0.44510146 0.64279251],4,-1,-1,534,-1
42910,[0.50301972 0.4921578 ],9,6,"[0.5164739970238864, 0.5319253761973344]",605,-1
42911,[0.79934958 0.42789526],8,-1,-1,-1,-1
42912,[0.69983901 0.522668  ],8,3,"[0.6815204869410737, 0.47689852788858716]",571,-1
42913,[0.28999867 0.42674182],3,8,"[0.27392971195344684, 0.45973140540928376]",1075,-1
42914,[0.42235387 0.70489885],3,-1,-1,-1,-1
42915,[0.70649333 0.76555903],1,-1,-1,228,0
42916,[0.46658577 0.38076926],6,-1,-1,320,-1
42917,[0.53528853 0.61023311],9,2,"[0.5921204552873188, 0.6383928111301557]",1203,-1
42918,[0.22451035 0.24602782],0,5,"[0.23231087327800656, 0.30304944505444303]",-1,-1
42919,[0.33491996 0.3993326 ],2,-1,-1,-1,-1
42920,[0.37035722 0.66237769],4,-1,-1,-1,-1
42921,[0.69922686 0.50567089],8,3,"[0.6815204869410737, 0.47689852788858716]",739,-1
42922,[0.26755024 0.22132437],0,9,"[0.3110394802231661, 0.23517199738277297]",987,-1
42923,[0.63121406 0.41065127],8,-1,-1,265,-1
42924,[0.91264424 0.78922918],1,-1,-1,-1,-1
42925,[0.28832497 0.49755982],3,8,"[0.27392971195344684, 0.45973140540928376]",-1,-1
42926,[0.36707514 0.67216623],3,-1,-1,-1,-1
42927,[0.62498167 0.69295341],9,2,"[0.5921204552873188, 0.6383928111301557]",663,-1
42928,[0.23414322 0.2374614 ],2,5,"[0.23231087327800656, 0.30304944505444303]",-1,-1
42929,[0.4178736  0.55063509],3,0,"[0.383291892093257, 0.5586820702346661]",-1,-1
42930,[0.30905268 0.25314173],0,9,"[0.3110394802231661, 0.23517199738277297]",1499,-1
42931,[0.198627   0.48331011],7,-1,-1,-1,-1
42932,[0.38610018 0.48853595],7,-1,-1,1042,-1
42933,[0.26296042 0.5169379 ],4,8,"[0.27392971195344684, 0.45973140540928376]",-1,-1
42934,[0.36790651 0.61534012],3,0,"[0.383291892093257, 0.5586820702346661]",-1,-1
42935,[0.31738237 0.28023   ],0,9,"[0.3110394802231661, 0.23517199738277297]",1576,-1
42936,[0.20838019 0.31570721],0,5,"[0.23231087327800656, 0.30304944505444303]",-1,-1
42937,[0.52262573 0.41342662],4,-1,-1,-1,-1
42938,[0.4954094  0.46272073],5,-1,-1,277,-1
42939,[0.62901154 0.46477341],8,3,"[0.6815204869410737, 0.47689852788858716]",626,-1
42940,[0.32231719 0.55389407],4,7,"[0.2817018170798153, 0.5849768676672948]",1990,17
42941,[0.40353885 0.31171583],6,1,"[0.3897435781344088, 0.3417040596068965]",930,-1
42942,[0.60737364 0.63925522],9,2,"[0.5921204552873188, 0.6383928111301557]",1332,-1
42943,[0.2944178  0.62558155],4,7,"[0.2817018170798153, 0.5849768676672948]",-1,-1
42944,[0.3903072  0.65416134],3,-1,-1,536,-1
42945,[0.34840841 0.26204236],0,9,"[0.3110394802231661, 0.23517199738277297]",-1,-1
42946,[0.39436319 0.67309952],3,-1,-1,247,-1
42947,[0.86568547 0.71476531],1,-1,-1,-1,0
42948,[0.36774974 0.27948647],2,1,"[0.3897435781344088, 0.3417040596068965]",1170,-1
42949,[0.32049367 0.64071378],3,7,"[0.2817018170798153, 0.5849768676672948]",887,-1
42950,[0.32788155 0.59440057],3,7,"[0.2817018170798153, 0.5849768676672948]",-1,-1
42951,[0.28146587 0.3990183 ],2,8,"[0.27392971195344684, 0.45973140540928376]",-1,-1
42952,[0.6801785  0.64571629],1,-1,-1,490,-1
42953,[0.85660162 0.64288593],1,-1,-1,32,-1
42954,[0.23293058 0.3067195 ],0,5,"[0.23231087327800656, 0.30304944505444303]",-1,-1
42955,[0.44898503 0.50386678],3,-1,-1,859,-1
42956,[0.24012039 0.33643246],0,5,"[0.23231087327800656, 0.30304944505444303]",1522,-1
42957,[0.73942307 0.52370661],9,-1,-1,-1,-1
42958,[0.28266551 0.32824064],2,5,"[0.23231087327800656, 0.30304944505444303]",-1,-1
42959,[0.6829653  0.39308509],8,-1,-1,217,-1
42960,[0.65831759 0.51430115],8,3,"[0.6815204869410737, 0.47689852788858716]",782,-1
42961,[0.84131059 0.68851288],1,-1,-1,308,0
42962,[0.63210291 0.48238875],8,3,"[0.6815204869410737, 0.47689852788858716]",-1,-1
42963,[0.84052989 0.62840237],1,-1,-1,107,-1
42964,[0.69565788 0.44134041],8,3,"[0.6815204869410737, 0.47689852788858716]",-1,-1
42965,[0.43465863 0.55413289],5,0,"[0.383291892093257, 0.5586820702346661]",1294,-1
42966,[0.26887892 0.47987297],3,8,"[0.27392971195344684, 0.45973140540928376]",-1,-1
42967,[0.62017158 0.59705099],9,2,"[0.5921204552873188, 0.6383928111301557]",1210,-1
42968,[0.33665502 0.56886881],4,0,"[0.383291892093257, 0.5586820702346661]",-1,-1
42969,[0.24696949 0.32228292],0,5,"[0.23231087327800656, 0.30304944505444303]",1503,7
42970,[0.6463216  0.60028326],9,2,"[0.5921204552873188, 0.6383928111301557]",-1,-1
42971,[0.24738158 0.41446263],0,8,"[0.27392971195344684, 0.45973140540928376]",-1,-1
42972,[0.19919236 0.23989785],0,-1,-1,-1,-1
42973,[0.19890551 0.20509078],0,-1,-1,227,-1
42974,[0.23917049 0.28086515],0,5,"[0.23231087327800656, 0.30304944505444303]",1531,-1
42975,[0.53805385 0.48801207],5,6,"[0.5164739970238864, 0.5319253761973344]",927,-1
42976,[0.30706679 0.41671813],7,8,"[0.27392971195344684, 0.45973140540928376]",-1,-1
42977,[0.41899522 0.27655369],6,-1,-1,-1,-1
42978,[0.65505829 0.66522306],9,2,"[0.5921204552873188, 0.6383928111301557]",641,-1
42979,[0.37369689 0.33483597],6,1,"[0.3897435781344088, 0.3417040596068965]",1476,-1
42980,[0.77917334 0.79096765],1,4,"[0.7726811996944247, 0.7249303226766757]",-1,0
42981,[0.74112891 0.64136328],1,-1,-1,-1,0
42982,[0.30618647 0.56711373],3,7,"[0.2817018170798153, 0.5849768676672948]",1925,-1
42983,[0.23504462 0.58428762],7,7,"[0.2817018170798153, 0.5849768676672948]",-1,-1
42984,[0.24632536 0.58935511],4,7,"[0.2817018170798153, 0.5849768676672948]",929,-1
42985,[0.56472286 0.40164548],8,-1,-1,114,-1
42986,[0.46734267 0.64219543],9,-1,-1,491,-1
42987,[0.68272248 0.5884807 ],8,-1,-1,267,-1
42988,[0.30856405 0.35645084],2,-1,-1,-1,-1
42989,[0.76371376 0.77997738],1,4,"[0.7726811996944247, 0.7249303226766757]",-1,0
42990,[0.29825405 0.34042681],2,-1,-1,1619,-1
42991,[0.35309917 0.30327975],2,1,"[0.3897435781344088, 0.3417040596068965]",1529,-1
42992,[0.55766536 0.50676747],5,6,"[0.5164739970238864, 0.5319253761973344]",770,-1
42993,[0.36321079 0.37290139],2,1,"[0.3897435781344088, 0.3417040596068965]",916,-1
42994,[0.24310059 0.45387592],7,8,"[0.27392971195344684, 0.45973140540928376]",-1,-1
42995,[0.56996044 0.45380037],5,-1,-1,-1,-1
42996,[0.21522425 0.31463427],0,5,"[0.23231087327800656, 0.30304944505444303]",1340,-1
42997,[0.47692783 0.60341944],5,-1,-1,-1,-1
42998,[0.46570458 0.31723293],6,-1,-1,281,-1
42999,[0.35076563 0.65806508],4,-1,-1,-1,-1
43000,[0.54718561 0.66584034],9,2,"[0.5921204552873188, 0.6383928111301557]",-1,-1
43001,[0.81140634 0.62715096],1,-1,-1,95,-1
43002,[0.69380297 0.48007384],8,3,"[0.6815204869410737, 0.47689852788858716]",808,-1
43003,[0.70255892 0.43138492],8,3,"[0.6815204869410737, 0.47689852788858716]",596,-1
43004,[0.63788609 0.54172478],9,-1,-1,-1,-1
43005,[0.54470103 0.59892482],9,2,"[0.5921204552873188, 0.6383928111301557]",1422,-1
43006,[0.21719886 0.21823285],0,-1,-1,-1,-1
43007,[0.36014325 0.45053894],3,-1,-1,860,-1
43008,[0.32136572 0.37871413],4,-1,-1,1015,-1
43009,[0.26899439 0.57706582],7,7,"[0.2817018170798153, 0.5849768676672948]",1669,-1
43010,[0.46630641 0.23065962],6,-1,-1,82,-1
43011,[0.782443   0.60753623],1,-1,-1,79,-1
43012,[0.1841992  0.20751795],0,-1,-1,147,-1
43013,[0.43869931 0.26686817],6,-1,-1,-1,-1
43014,[0.50543306 0.58028489],9,6,"[0.5164739970238864, 0.5319253761973344]",-1,6
43015,[0.75557246 0.52271065],8,-1,-1,-1,-1
43016,[0.33232016 0.23433469],6,9,"[0.3110394802231661, 0.23517199738277297]",-1,-1
43017,[0.53226268 0.39527102],6,-1,-1,46,-1
43018,[0.40485599 0.65118236],4,-1,-1,-1,-1
43019,[0.34435292 0.60120698],3,0,"[0.383291892093257, 0.5586820702346661]",-1,-1
43020,[0.58694098 0.61696815],9,2,"[0.5921204552873188, 0.6383928111301557]",1418,-1
43021,[0.29131204 0.53317273],4,7,"[0.2817018170798153, 0.5849768676672948]",-1,-1
43022,[0.46241789 0.51438119],3,6,"[0.5164739970238864, 0.5319253761973344]",564,-1
43023,[0.75493023 0.55135009],8,-1,-1,-1,-1
43024,[0.60543638 0.58257934],5,2,"[0.5921204552873188, 0.6383928111301557]",1326,-1
43025,[0.52726354 0.55815034],9,6,"[0.5164739970238864, 0.5319253761973344]",-1,-1
43026,[0.20183846 0.32563647],2,5,"[0.23231087327800656, 0.30304944505444303]",1039,-1
43027,[0.32188589 0.30947207],2,-1,-1,-1,-1
43028,[0.31856524 0.41190421],7,8,"[0.27392971195344684, 0.45973140540928376]",-1,-1
43029,[0.30378211 0.35625904],0,-1,-1,1551,-1
43030,[0.3811151  0.55443281],3,0,"[0.383291892093257, 0.5586820702346661]",1816,-1
43031,[0.33658343 0.49858347],3,-1,-1,1880,-1
43032,[0.46214065 0.36119044],6,-1,-1,-1,-1
43033,[0.72786967 0.51573323],8,3,"[0.6815204869410737, 0.47689852788858716]",-1,-1
43034,[0.83843725 0.78094025],1,-1,-1,259,0
43035,[0.34175351 0.44412801],7,8,"[0.27392971195344684, 0.45973140540928376]",-1,-1
43036,[0.62586205 0.45826825],5,3,"[0.6815204869410737, 0.47689852788858716]",619,-1
43037,[0.48549793 0.18890923],6,-1,-1,-1,-1
43038,[0.36344848 0.3461697 ],7,1,"[0.3897435781344088, 0.3417040596068965]",-1,-1
43039,[0.17163219 0.44743106],4,-1,-1,-1,-1
43040,[0.4772862  0.59775536],5,-1,-1,-1,-1
43041,[0.2916754  0.17811038],0,9,"[0.3110394802231661, 0.23517199738277297]",425,-1
43042,[0.70755617 0.69029187],1,-1,-1,-1,0
43043,[0.5140628  0.69390709],9,-1,-1,-1,-1
43044,[0.54534874 0.59604994],5,2,"[0.5921204552873188, 0.6383928111301557]",1422,-1
43045,[0.22633536 0.60969831],4,7,"[0.2817018170798153, 0.5849768676672948]",246,-1
43046,[0.39262566 0.36843379],6,1,"[0.3897435781344088, 0.3417040596068965]",-1,-1
43047,[0.76881369 0.73793015],1,4,"[0.7726811996944247, 0.7249303226766757]",-1,0
43048,[0.24928814 0.5158764 ],7,8,"[0.27392971195344684, 0.45973140540928376]",-1,-1
43049,[0.54512081 0.52149249],8,6,"[0.5164739970238864, 0.5319253761973344]",899,-1
43050,[0.25760176 0.48547828],7,8,"[0.27392971195344684, 0.45973140540928376]",1709,-1
43051,[0.44022459 0.50310429],3,-1,-1,-1,-1
43052,[0.34339756 0.54045359],4,0,"[0.383291892093257, 0.5586820702346661]",1965,16
43053,[0.71827072 0.35906759],8,-1,-1,-1,-1
43054,[0.33076729 0.25007501],2,9,"[0.3110394802231661, 0.23517199738277297]",1489,-1
43055,[0.23466735 0.25432408],0,5,"[0.23231087327800656, 0.30304944505444303]",-1,-1
43056,[0.42174307 0.36300963],6,1,"[0.3897435781344088, 0.3417040596068965]",682,-1
43057,[0.2412601  0.58380198],7,7,"[0.2817018170798153, 0.5849768676672948]",-1,-1
43058,[0.72846202 0.62284655],1,-1,-1,131,0
43059,[0.65875582 0.62466034],9,2,"[0.5921204552873188, 0.6383928111301557]",-1,-1
43060,[0.34080111 0.54286306],3,0,"[0.383291892093257, 0.5586820702346661]",1953,-1
43061,[0.32481439 0.51916949],4,-1,-1,-1,-1
43062,[0.24480025 0.24873217],0,5,"[0.23231087327800656, 0.30304944505444303]",-1,-1
43063,[0.38606251 0.30571154],2,1,"[0.3897435781344088, 0.3417040596068965]",-1,-1
43064,[0.52945059 0.51939484],5,6,"[0.5164739970238864, 0.5319253761973344]",-1,3
43065,[0.54102412 0.49574662],5,6,"[0.5164739970238864, 0.5319253761973344]",-1,-1
43066,[0.34187815 0.3507614 ],6,1,"[0.3897435781344088, 0.3417040596068965]",-1,-1
43067,[0.62145648 0.57917267],9,2,"[0.5921204552873188, 0.6383928111301557]",1272,-1
43068,[0.6166588  0.67098063],9,2,"[0.5921204552873188, 0.6383928111301557]",1112,-1
43069,[0.33576424 0.46515029],3,8,"[0.27392971195344684, 0.45973140540928376]",1386,-1
43070,[0.17976891 0.30289977],0,5,"[0.23231087327800656, 0.30304944505444303]",549,-1
43071,[0.34475704 0.61150956],4,0,"[0.383291892093257, 0.5586820702346661]",1830,-1
43072,[0.64696331 0.54425448],5,-1,-1,1106,-1
43073,[0.24491241 0.33476807],2,5,"[0.23231087327800656, 0.30304944505444303]",-1,-1
43074,[0.27581884 0.47031573],7,8,"[0.27392971195344684, 0.45973140540928376]",-1,-1
43075,[0.20502716 0.38037482],2,-1,-1,-1,-1
43076,[0.35946958 0.28397308],0,1,"[0.3897435781344088, 0.3417040596068965]",1171,-1
43077,[0.46675544 0.75025105],5,-1,-1,-1,-1
43078,[0.55375742 0.68679912],5,2,"[0.5921204552873188, 0.6383928111301557]",-1,-1
43079,[0.17690128 0.27848602],0,5,"[0.23231087327800656, 0.30304944505444303]",-1,-1
43080,[0.32447749 0.52902149],3,0,"[0.383291892093257, 0.5586820702346661]",-1,-1
43081,[0.258989   0.22174124],0,9,"[0.3110394802231661, 0.23517199738277297]",988,-1
43082,[0.66011763 0.46759101],8,3,"[0.6815204869410737, 0.47689852788858716]",-1,-1
43083,[0.535975   0.52970627],5,6,"[0.5164739970238864, 0.5319253761973344]",-1,-1
43084,[0.35518154 0.65024015],3,-1,-1,576,-1
43085,[0.54207234 0.59389075],5,2,"[0.5921204552873188, 0.6383928111301557]",-1,-1
43086,[0.69359188 0.7143794 ],1,-1,-1,343,0
43087,[0.26840587 0.33462158],2,5,"[0.23231087327800656, 0.30304944505444303]",-1,-1
43088,[0.759175   0.66002782],1,4,"[0.7726811996944247, 0.7249303226766757]",379,0
43089,[0.46394745 0.64906404],3,-1,-1,-1,-1
43090,[0.76931678 0.71414025],1,4,"[0.7726811996944247, 0.7249303226766757]",-1,0
43091,[0.55211204 0.54838806],5,6,"[0.5164739970238864, 0.5319253761973344]",-1,6
43092,[0.19349561 0.22796892],2,-1,-1,-1,-1
43093,[0.26433929 0.4727758 ],7,8,"[0.27392971195344684, 0.45973140540928376]",-1,-1
43094,[0.70848455 0.45314682],8,3,"[0.6815204869410737, 0.47689852788858716]",594,-1
43095,[0.32825813 0.21139522],6,9,"[0.3110394802231661, 0.23517199738277297]",-1,-1
43096,[0.56365605 0.68974163],9,2,"[0.5921204552873188, 0.6383928111301557]",629,-1
43097,[0.46425606 0.41765092],6,-1,-1,-1,-1
43098,[0.33743192 0.64007155],3,-1,-1,-1,-1
43099,[0.2184433  0.44512064],7,8,"[0.27392971195344684, 0.45973140540928376]",-1,-1
43100,[0.8683752 0.6759227],1,-1,-1,81,-1
43101,[0.53127453 0.54274724],5,6,"[0.5164739970238864, 0.5319253761973344]",1330,-1
43102,[0.72847221 0.58674703],8,-1,-1,55,-1
43103,[0.14114342 0.32187436],0,-1,-1,-1,-1
43104,[0.54983375 0.46956452],5,-1,-1,757,-1
43105,[0.31348965 0.25655917],0,9,"[0.3110394802231661, 0.23517199738277297]",1491,-1
43106,[0.26435025 0.31153918],0,5,"[0.23231087327800656, 0.30304944505444303]",-1,-1
43107,[0.49592959 0.30487344],6,-1,-1,93,-1
43108,[0.41904014 0.26703257],6,-1,-1,-1,-1
43109,[0.46901939 0.23776769],6,-1,-1,82,-1
43110,[0.24077974 0.29574294],0,5,"[0.23231087327800656, 0.30304944505444303]",1298,-1
43111,[0.43724207 0.66505859],9,-1,-1,138,-1
43112,[0.61421834 0.60535778],9,2,"[0.5921204552873188, 0.6383928111301557]",1200,-1
43113,[0.34831303 0.28903994],2,9,"[0.3110394802231661, 0.23517199738277297]",-1,-1
43114,[0.25504254 0.49789688],2,8,"[0.27392971195344684, 0.45973140540928376]",1775,-1
43115,[0.18676447 0.18869448],0,-1,-1,165,-1
43116,[0.1998689  0.33079716],2,5,"[0.23231087327800656, 0.30304944505444303]",874,-1
43117,[0.73632615 0.66052808],1,-1,-1,356,0
43118,[0.41805376 0.48616643],7,-1,-1,-1,-1
43119,[0.78346162 0.70428333],1,4,"[0.7726811996944247, 0.7249303226766757]",-1,0
43120,[0.38123955 0.50949277],3,0,"[0.383291892093257, 0.5586820702346661]",-1,-1
43121,[0.18368882 0.41987171],7,-1,-1,-1,-1
43122,[0.22280471 0.52277328],7,-1,-1,-1,-1
43123,[0.19039636 0.45801189],2,-1,-1,-1,-1
43124,[0.47253017 0.71386752],5,-1,-1,-1,-1
43125,[0.54154734 0.57679717],9,6,"[0.5164739970238864, 0.5319253761973344]",1410,-1
43126,[0.48121796 0.58789358],5,6,"[0.5164739970238864, 0.5319253761973344]",-1,-1
43127,[0.25815456 0.26787142],0,5,"[0.23231087327800656, 0.30304944505444303]",1533,-1
43128,[0.56749894 0.49350174],5,6,"[0.5164739970238864, 0.5319253761973344]",848,-1
43129,[0.69038345 0.76230941],1,-1,-1,230,0
43130,[0.32931601 0.29275785],6,9,"[0.3110394802231661, 0.23517199738277297]",-1,10
43131,[0.27628921 0.60041346],7,7,"[0.2817018170798153, 0.5849768676672948]",1032,-1
43132,[0.1839787  0.46121226],7,-1,-1,-1,-1
43133,[0.36899385 0.40195464],3,1,"[0.3897435781344088, 0.3417040596068965]",718,-1
43134,[0.27963884 0.58201879],7,7,"[0.2817018170798153, 0.5849768676672948]",-1,-1
43135,[0.27187668 0.33513015],2,5,"[0.23231087327800656, 0.30304944505444303]",1607,9
43136,[0.60680236 0.5381972 ],5,-1,-1,-1,-1
43137,[0.32100798 0.49511129],7,8,"[0.27392971195344684, 0.45973140540928376]",-1,-1
43138,[0.32758428 0.40549985],7,-1,-1,948,-1
43139,[0.32919753 0.60829079],3,7,"[0.2817018170798153, 0.5849768676672948]",1544,-1
43140,[0.4838036 0.5406712],3,6,"[0.5164739970238864, 0.5319253761973344]",959,-1
43141,[0.78171275 0.66056801],1,4,"[0.7726811996944247, 0.7249303226766757]",-1,0
43142,[0.43479591 0.33533909],6,1,"[0.3897435781344088, 0.3417040596068965]",-1,-1
43143,[0.30191466 0.26552735],0,9,"[0.3110394802231661, 0.23517199738277297]",-1,-1
43144,[0.37210168 0.5578548 ],4,0,"[0.383291892093257, 0.5586820702346661]",1855,-1
43145,[0.44378976 0.4972026 ],3,-1,-1,-1,-1
43146,[0.6769341  0.63679509],9,-1,-1,-1,-1
43147,[0.69152279 0.64932846],1,-1,-1,-1,0
43148,[0.32696453 0.56948974],4,7,"[0.2817018170798153, 0.5849768676672948]",1976,-1
43149,[0.52362959 0.64692923],9,2,"[0.5921204552873188, 0.6383928111301557]",-1,-1
43150,[0.20513522 0.4213652 ],2,-1,-1,-1,-1
43151,[0.82097017 0.64236435],1,-1,-1,-1,0
43152,[0.48597904 0.53258464],4,6,"[0.5164739970238864, 0.5319253761973344]",961,-1
43153,[0.21153866 0.26537813],0,5,"[0.23231087327800656, 0.30304944505444303]",1111,-1
43154,[0.33928816 0.50278462],7,-1,-1,1880,-1
43155,[0.65692    0.58372605],8,-1,-1,1014,-1
43156,[0.62748247 0.40598644],8,-1,-1,265,-1
43157,[0.31729456 0.65311046],4,-1,-1,-1,-1
43158,[0.23478054 0.28182449],0,5,"[0.23231087327800656, 0.30304944505444303]",1531,-1
43159,[0.22558206 0.48082045],7,8,"[0.27392971195344684, 0.45973140540928376]",1022,-1
43160,[0.76475165 0.7410213 ],1,4,"[0.7726811996944247, 0.7249303226766757]",-1,0
43161,[0.71000018 0.44538167],8,3,"[0.6815204869410737, 0.47689852788858716]",594,-1
43162,[0.30631684 0.21491211],0,9,"[0.3110394802231661, 0.23517199738277297]",1016,-1
43163,[0.40270174 0.34564007],6,1,"[0.3897435781344088, 0.3417040596068965]",997,-1
43164,[0.33541802 0.50128042],7,-1,-1,1880,15
43165,[0.26266985 0.51228818],3,8,"[0.27392971195344684, 0.45973140540928376]",-1,-1
43166,[0.33746459 0.24650472],6,9,"[0.3110394802231661, 0.23517199738277297]",-1,-1
43167,[0.3780528  0.33258358],6,1,"[0.3897435781344088, 0.3417040596068965]",1476,-1
43168,[0.5942344  0.64198204],9,2,"[0.5921204552873188, 0.6383928111301557]",1166,-1
43169,[0.7720031  0.67458868],1,4,"[0.7726811996944247, 0.7249303226766757]",-1,0
43170,[0.32645896 0.58307294],3,7,"[0.2817018170798153, 0.5849768676672948]",-1,-1
43171,[0.4880094  0.49923595],2,6,"[0.5164739970238864, 0.5319253761973344]",873,-1
43172,[0.32656682 0.5581486 ],4,7,"[0.2817018170798153, 0.5849768676672948]",1983,-1
43173,[0.7041141  0.51911266],8,3,"[0.6815204869410737, 0.47689852788858716]",570,-1
43174,[0.35366498 0.24199811],6,9,"[0.3110394802231661, 0.23517199738277297]",634,-1
43175,[0.30836797 0.54486287],7,7,"[0.2817018170798153, 0.5849768676672948]",-1,17
43176,[0.46240718 0.48173545],5,-1,-1,-1,-1
43177,[0.33085402 0.47870967],4,8,"[0.27392971195344684, 0.45973140540928376]",1475,-1
43178,[0.38851323 0.35918556],6,1,"[0.3897435781344088, 0.3417040596068965]",1065,-1
43179,[0.737858   0.71804064],1,4,"[0.7726811996944247, 0.7249303226766757]",367,0
43180,[0.27109275 0.2721028 ],0,5,"[0.23231087327800656, 0.30304944505444303]",-1,-1
43181,[0.47135166 0.60015446],3,-1,-1,-1,-1
43182,[0.31431132 0.46606632],6,8,"[0.27392971195344684, 0.45973140540928376]",-1,-1
43183,[0.60981063 0.67948035],9,2,"[0.5921204552873188, 0.6383928111301557]",658,-1
43184,[0.1851469  0.17554975],0,-1,-1,-1,-1
43185,[0.2599479  0.60599413],7,7,"[0.2817018170798153, 0.5849768676672948]",1646,-1
43186,[0.81834503 0.81680711],1,-1,-1,120,-1
43187,[0.64286608 0.69283234],9,-1,-1,-1,-1
43188,[0.48814811 0.51462277],5,6,"[0.5164739970238864, 0.5319253761973344]",936,-1
43189,[0.3902286  0.28294972],6,1,"[0.3897435781344088, 0.3417040596068965]",-1,-1
43190,[0.30729518 0.56191377],7,7,"[0.2817018170798153, 0.5849768676672948]",-1,-1
43191,[0.7628816  0.43895438],8,-1,-1,94,-1
43192,[0.17329827 0.50917146],7,-1,-1,-1,-1
43193,[0.52059403 0.59154416],5,6,"[0.5164739970238864, 0.5319253761973344]",1382,-1
43194,[0.80180507 0.75855986],1,4,"[0.7726811996944247, 0.7249303226766757]",-1,0
43195,[0.45755047 0.5427229 ],3,6,"[0.5164739970238864, 0.5319253761973344]",-1,-1
43196,[0.56677054 0.59368788],9,2,"[0.5921204552873188, 0.6383928111301557]",-1,-1
43197,[0.20383052 0.6875363 ],7,-1,-1,-1,-1
43198,[0.24992451 0.2889324 ],0,5,"[0.23231087327800656, 0.30304944505444303]",1640,-1
43199,[0.40636246 0.64342315],3,-1,-1,589,-1
43200,[0.27137918 0.20481391],0,9,"[0.3110394802231661, 0.23517199738277297]",-1,-1
43201,[0.33372105 0.56269589],4,0,"[0.383291892093257, 0.5586820702346661]",1975,-1
43202,[0.63390566 0.65579605],9,2,"[0.5921204552873188, 0.6383928111301557]",-1,-1
43203,[0.1899305  0.31439333],0,5,"[0.23231087327800656, 0.30304944505444303]",-1,-1
43204,[0.55741426 0.47217497],5,-1,-1,-1,-1
43205,[0.76709709 0.81632551],1,-1,-1,-1,0
43206,[0.55066312 0.48478001],5,6,"[0.5164739970238864, 0.5319253761973344]",-1,-1
43207,[0.23239311 0.4486292 ],2,8,"[0.27392971195344684, 0.45973140540928376]",-1,-1
43208,[0.57286349 0.62564478],5,2,"[0.5921204552873188, 0.6383928111301557]",-1,-1
43209,[0.38630569 0.52377059],4,0,"[0.383291892093257, 0.5586820702346661]",1777,-1
43210,[0.36040689 0.42756699],6,-1,-1,883,-1
43211,[0.70740851 0.77140812],1,-1,-1,-1,0
43212,[0.208045   0.53660825],7,-1,-1,-1,-1
43213,[0.25626645 0.5936876 ],4,7,"[0.2817018170798153, 0.5849768676672948]",-1,-1
43214,[0.40311101 0.4011889 ],2,1,"[0.3897435781344088, 0.3417040596068965]",-1,-1
43215,[0.7717575 0.4590502],8,-1,-1,-1,-1
43216,[0.70585192 0.35588766],8,-1,-1,51,-1
43217,[0.25457203 0.53922268],7,7,"[0.2817018170798153, 0.5849768676672948]",-1,-1
43218,[0.22173729 0.25465858],2,5,"[0.23231087327800656, 0.30304944505444303]",1021,-1
43219,[0.73303908 0.48406626],8,3,"[0.6815204869410737, 0.47689852788858716]",-1,-1
43220,[0.60452894 0.50471224],8,-1,-1,844,-1
43221,[0.31316828 0.3471576 ],0,-1,-1,1630,8
43222,[0.3190427  0.45466396],4,8,"[0.27392971195344684, 0.45973140540928376]",1557,-1
43223,[0.30094592 0.41612931],7,8,"[0.27392971195344684, 0.45973140540928376]",1074,-1
43224,[0.29064867 0.60403888],4,7,"[0.2817018170798153, 0.5849768676672948]",1693,-1
43225,[0.69935932 0.48782274],8,3,"[0.6815204869410737, 0.47689852788858716]",-1,2
43226,[0.36177485 0.60869633],3,0,"[0.383291892093257, 0.5586820702346661]",-1,-1
43227,[0.3626413  0.37800744],6,1,"[0.3897435781344088, 0.3417040596068965]",1009,-1
43228,[0.70943863 0.71361152],9,4,"[0.7726811996944247, 0.7249303226766757]",-1,0
43229,[0.48170792 0.63205721],5,-1,-1,647,-1
43230,[0.19665777 0.3111144 ],0,5,"[0.23231087327800656, 0.30304944505444303]",777,-1
43231,[0.4025555  0.66109454],3,-1,-1,247,-1
43232,[0.68317372 0.53618324],8,3,"[0.6815204869410737, 0.47689852788858716]",673,-1
43233,[0.44087229 0.48167656],7,-1,-1,-1,-1
43234,[0.68238229 0.4607695 ],8,3,"[0.6815204869410737, 0.47689852788858716]",735,-1
43235,[0.79272811 0.36166127],8,-1,-1,-1,-1
43236,[0.29222433 0.26669111],0,9,"[0.3110394802231661, 0.23517199738277297]",1496,-1
43237,[0.59616837 0.65229617],9,2,"[0.5921204552873188, 0.6383928111301557]",1125,-1
43238,[0.32917875 0.29142398],0,9,"[0.3110394802231661, 0.23517199738277297]",-1,-1
43239,[0.50467461 0.6587696 ],5,-1,-1,727,-1
43240,[0.36230883 0.38209784],2,1,"[0.3897435781344088, 0.3417040596068965]",-1,-1
43241,[0.49084601 0.61774984],5,-1,-1,-1,-1
43242,[0.31635427 0.52906913],3,7,"[0.2817018170798153, 0.5849768676672948]",1841,-1
43243,[0.76617872 0.80195223],1,-1,-1,296,0
43244,[0.38010472 0.24845472],6,-1,-1,-1,-1
43245,[0.28025798 0.29348292],0,5,"[0.23231087327800656, 0.30304944505444303]",1687,11
43246,[0.34664311 0.53292636],3,0,"[0.383291892093257, 0.5586820702346661]",1946,16
43247,[0.68267769 0.53445257],8,3,"[0.6815204869410737, 0.47689852788858716]",673,-1
43248,[0.66175386 0.6634478 ],9,-1,-1,-1,-1
43249,[0.34334452 0.56687246],3,0,"[0.383291892093257, 0.5586820702346661]",-1,-1
43250,[0.21221648 0.45433522],7,8,"[0.27392971195344684, 0.45973140540928376]",-1,-1
43251,[0.26513367 0.56677534],4,7,"[0.2817018170798153, 0.5849768676672948]",-1,-1
43252,[0.15831028 0.49475787],7,-1,-1,-1,-1
43253,[0.40339815 0.49649957],4,0,"[0.383291892093257, 0.5586820702346661]",-1,-1
43254,[0.69065612 0.69581085],1,-1,-1,-1,-1
43255,[0.26313726 0.47253145],7,8,"[0.27392971195344684, 0.45973140540928376]",-1,-1
43256,[0.68981524 0.38809331],8,-1,-1,217,-1
43257,[0.60990645 0.60706072],9,2,"[0.5921204552873188, 0.6383928111301557]",-1,-1
43258,[0.44465669 0.54229233],3,0,"[0.383291892093257, 0.5586820702346661]",1249,-1
43259,[0.25880569 0.60506142],4,7,"[0.2817018170798153, 0.5849768676672948]",1646,-1
43260,[0.31481539 0.60548565],3,7,"[0.2817018170798153, 0.5849768676672948]",1936,-1
43261,[0.41146826 0.3064819 ],6,1,"[0.3897435781344088, 0.3417040596068965]",-1,-1
43262,[0.84485223 0.71027881],1,-1,-1,-1,0
43263,[0.40893182 0.54197653],4,0,"[0.383291892093257, 0.5586820702346661]",-1,-1
43264,[0.30732633 0.33223513],0,-1,-1,1676,8
43265,[0.22854849 0.28517646],0,5,"[0.23231087327800656, 0.30304944505444303]",-1,-1
43266,[0.3572162  0.20342085],6,9,"[0.3110394802231661, 0.23517199738277297]",-1,-1
43267,[0.37832344 0.55469134],3,0,"[0.383291892093257, 0.5586820702346661]",-1,-1
43268,[0.67483576 0.52053571],8,3,"[0.6815204869410737, 0.47689852788858716]",-1,-1
43269,[0.51067021 0.64611566],9,-1,-1,937,-1
43270,[0.27045944 0.43890459],7,8,"[0.27392971195344684, 0.45973140540928376]",1239,-1
43271,[0.45957776 0.41915631],6,-1,-1,-1,-1
43272,[0.33590641 0.25736475],6,9,"[0.3110394802231661, 0.23517199738277297]",967,-1
43273,[0.38767447 0.54362906],4,0,"[0.383291892093257, 0.5586820702346661]",1803,-1
43274,[0.24155668 0.35816505],2,5,"[0.23231087327800656, 0.30304944505444303]",1569,-1
43275,[0.29336722 0.28886697],2,9,"[0.3110394802231661, 0.23517199738277297]",-1,11
43276,[0.54240478 0.63138188],5,2,"[0.5921204552873188, 0.6383928111301557]",1262,-1
43277,[0.51660318 0.58656375],5,6,"[0.5164739970238864, 0.5319253761973344]",1383,-1
43278,[0.41685653 0.49241841],5,-1,-1,-1,-1
43279,[0.62977354 0.588035  ],9,2,"[0.5921204552873188, 0.6383928111301557]",-1,-1
43280,[0.35458404 0.61126547],5,0,"[0.383291892093257, 0.5586820702346661]",-1,-1
43281,[0.84019208 0.74082847],1,4,"[0.7726811996944247, 0.7249303226766757]",342,0
43282,[0.35852338 0.64051863],4,-1,-1,1206,-1
43283,[0.46752454 0.36062726],6,-1,-1,-1,-1
43284,[0.73177957 0.4820753 ],8,3,"[0.6815204869410737, 0.47689852788858716]",779,-1
43285,[0.35433814 0.40249947],6,-1,-1,905,-1
43286,[0.55241543 0.67929811],9,2,"[0.5921204552873188, 0.6383928111301557]",-1,-1
43287,[0.29350329 0.41032773],2,8,"[0.27392971195344684, 0.45973140540928376]",1074,-1
43288,[0.44388039 0.54084927],3,0,"[0.383291892093257, 0.5586820702346661]",1249,-1
43289,[0.41509246 0.53161156],3,0,"[0.383291892093257, 0.5586820702346661]",1244,-1
43290,[0.3691893  0.28482544],6,1,"[0.3897435781344088, 0.3417040596068965]",1172,-1
43291,[0.13342507 0.25643761],2,-1,-1,-1,-1
43292,[0.65580503 0.68695433],9,-1,-1,444,-1
43293,[0.27938247 0.46318251],7,8,"[0.27392971195344684, 0.45973140540928376]",1404,-1
43294,[0.32058744 0.54610931],7,7,"[0.2817018170798153, 0.5849768676672948]",-1,-1
43295,[0.34684396 0.61054301],4,0,"[0.383291892093257, 0.5586820702346661]",1830,-1
43296,[0.32755196 0.44171153],7,8,"[0.27392971195344684, 0.45973140540928376]",941,-1
43297,[0.25019989 0.17599124],0,-1,-1,148,-1
43298,[0.43525632 0.48125151],5,-1,-1,767,-1
43299,[0.38616646 0.25796984],2,-1,-1,790,-1
43300,[0.59163283 0.73304763],9,-1,-1,-1,-1
43301,[0.62891365 0.44168763],8,3,"[0.6815204869410737, 0.47689852788858716]",678,-1
43302,[0.40275028 0.50845218],4,0,"[0.383291892093257, 0.5586820702346661]",-1,-1
43303,[0.25471749 0.42965633],2,8,"[0.27392971195344684, 0.45973140540928376]",1087,-1
43304,[0.11619286 0.26645178],0,-1,-1,9,-1
43305,[0.78587734 0.77014351],1,4,"[0.7726811996944247, 0.7249303226766757]",-1,0
43306,[0.61243633 0.62261381],9,2,"[0.5921204552873188, 0.6383928111301557]",1335,-1
43307,[0.35637188 0.663186  ],3,-1,-1,298,-1
43308,[0.5208061  0.65300275],9,-1,-1,728,-1
43309,[0.19891556 0.40054911],2,-1,-1,-1,-1
43310,[0.72615763 0.73706951],1,4,"[0.7726811996944247, 0.7249303226766757]",381,0
43311,[0.22157351 0.36330807],2,5,"[0.23231087327800656, 0.30304944505444303]",-1,-1
43312,[0.38872712 0.54416625],3,0,"[0.383291892093257, 0.5586820702346661]",1803,-1
43313,[0.7594531  0.52220904],8,-1,-1,-1,-1
43314,[0.54169053 0.5950142 ],9,2,"[0.5921204552873188, 0.6383928111301557]",1429,-1
43315,[0.49511117 0.49865912],3,6,"[0.5164739970238864, 0.5319253761973344]",-1,-1
43316,[0.31141958 0.31477723],2,-1,-1,-1,-1
43317,[0.38822103 0.64102557],4,-1,-1,-1,-1
43318,[0.74210287 0.47118242],8,3,"[0.6815204869410737, 0.47689852788858716]",513,-1
43319,[0.20443742 0.28083894],0,5,"[0.23231087327800656, 0.30304944505444303]",-1,-1
43320,[0.33597924 0.31951867],2,1,"[0.3897435781344088, 0.3417040596068965]",1683,-1
43321,[0.0925961  0.30029609],0,-1,-1,0,-1
43322,[0.45106023 0.32125741],6,1,"[0.3897435781344088, 0.3417040596068965]",527,-1
43323,[0.32168838 0.28369277],0,9,"[0.3110394802231661, 0.23517199738277297]",-1,11
43324,[0.25191629 0.47378786],2,8,"[0.27392971195344684, 0.45973140540928376]",1527,-1
43325,[0.370951   0.37432146],6,1,"[0.3897435781344088, 0.3417040596068965]",-1,-1
43326,[0.78299335 0.69560995],1,4,"[0.7726811996944247, 0.7249303226766757]",448,0
43327,[0.58852872 0.61869504],9,2,"[0.5921204552873188, 0.6383928111301557]",1418,6
43328,[0.76065688 0.44931963],8,-1,-1,263,-1
43329,[0.3268377  0.58359316],4,7,"[0.2817018170798153, 0.5849768676672948]",-1,-1
43330,[0.6397098  0.52803742],8,3,"[0.6815204869410737, 0.47689852788858716]",861,-1
43331,[0.28100863 0.32272657],0,5,"[0.23231087327800656, 0.30304944505444303]",1585,9
43332,[0.36230183 0.36554252],6,1,"[0.3897435781344088, 0.3417040596068965]",-1,-1
43333,[0.59327532 0.40525212],8,-1,-1,-1,-1
43334,[0.38815975 0.54002747],3,0,"[0.383291892093257, 0.5586820702346661]",-1,-1
43335,[0.67365547 0.467959  ],8,3,"[0.6815204869410737, 0.47689852788858716]",804,-1
43336,[0.30027375 0.43504628],7,8,"[0.27392971195344684, 0.45973140540928376]",1082,-1
43337,[0.33511654 0.58147744],7,0,"[0.383291892093257, 0.5586820702346661]",1980,-1
43338,[0.22084116 0.26612645],2,5,"[0.23231087327800656, 0.30304944505444303]",1024,-1
43339,[0.81929474 0.6786683 ],1,4,"[0.7726811996944247, 0.7249303226766757]",-1,0
43340,[0.47940445 0.49717567],9,6,"[0.5164739970238864, 0.5319253761973344]",875,-1
43341,[0.45084742 0.5267302 ],5,6,"[0.5164739970238864, 0.5319253761973344]",-1,-1
43342,[0.26200307 0.27104877],2,5,"[0.23231087327800656, 0.30304944505444303]",1534,-1
43343,[0.54346073 0.47819587],5,6,"[0.5164739970238864, 0.5319253761973344]",756,-1
43344,[0.53364288 0.66000206],5,2,"[0.5921204552873188, 0.6383928111301557]",-1,-1
43345,[0.47614651 0.69141186],5,-1,-1,143,-1
43346,[0.45255183 0.65283026],5,-1,-1,-1,-1
43347,[0.31701055 0.26661818],2,9,"[0.3110394802231661, 0.23517199738277297]",-1,-1
43348,[0.34423948 0.5380968 ],3,0,"[0.383291892093257, 0.5586820702346661]",1965,16
43349,[0.47141416 0.59595598],5,-1,-1,-1,-1
43350,[0.55586471 0.66266559],9,2,"[0.5921204552873188, 0.6383928111301557]",-1,-1
43351,[0.73319062 0.66867973],1,4,"[0.7726811996944247, 0.7249303226766757]",356,0
43352,[0.42402454 0.31663014],6,1,"[0.3897435781344088, 0.3417040596068965]",978,-1
43353,[0.32724791 0.53119442],4,0,"[0.383291892093257, 0.5586820702346661]",-1,-1
43354,[0.28814239 0.6167927 ],7,7,"[0.2817018170798153, 0.5849768676672948]",878,-1
43355,[0.32904118 0.38719096],2,-1,-1,-1,-1
43356,[0.38104425 0.60391724],3,0,"[0.383291892093257, 0.5586820702346661]",-1,-1
43357,[0.52833423 0.45074633],8,-1,-1,198,-1
43358,[0.30658664 0.33389682],2,-1,-1,1676,-1
43359,[0.35816995 0.57727774],3,0,"[0.383291892093257, 0.5586820702346661]",-1,-1
43360,[0.61757239 0.57005397],5,-1,-1,1273,-1
43361,[0.81431051 0.6577196 ],1,-1,-1,255,0
43362,[0.37783736 0.42112597],6,-1,-1,-1,-1
43363,[0.2710154  0.24042485],0,9,"[0.3110394802231661, 0.23517199738277297]",1524,-1
43364,[0.63140731 0.67429523],9,2,"[0.5921204552873188, 0.6383928111301557]",659,-1
43365,[0.35024779 0.32613947],6,1,"[0.3897435781344088, 0.3417040596068965]",1413,-1
43366,[0.39851009 0.46056913],3,-1,-1,-1,-1
43367,[0.28014005 0.16079244],2,-1,-1,121,-1
43368,[0.26931455 0.57946462],4,7,"[0.2817018170798153, 0.5849768676672948]",-1,-1
43369,[0.72576053 0.68770263],1,4,"[0.7726811996944247, 0.7249303226766757]",-1,0
43370,[0.74427713 0.8626973 ],1,-1,-1,-1,-1
43371,[0.34268936 0.51284078],3,0,"[0.383291892093257, 0.5586820702346661]",-1,-1
43372,[0.8087552  0.72960125],1,4,"[0.7726811996944247, 0.7249303226766757]",457,0
43373,[0.82537627 0.56342069],8,-1,-1,-1,-1
43374,[0.27435362 0.18782512],0,9,"[0.3110394802231661, 0.23517199738277297]",-1,-1
43375,[0.27730916 0.40111612],2,8,"[0.27392971195344684, 0.45973140540928376]",-1,-1
43376,[0.42891052 0.58554578],7,0,"[0.383291892093257, 0.5586820702346661]",-1,-1
43377,[0.24948889 0.63176152],4,7,"[0.2817018170798153, 0.5849768676672948]",348,-1
43378,[0.24495634 0.34748483],2,5,"[0.23231087327800656, 0.30304944505444303]",-1,-1
43379,[0.3235538  0.57496432],7,7,"[0.2817018170798153, 0.5849768676672948]",1974,-1
43380,[0.3294486  0.27020395],0,9,"[0.3110394802231661, 0.23517199738277297]",-1,-1
43381,[0.2718051  0.26592474],0,9,"[0.3110394802231661, 0.23517199738277297]",1606,-1
43382,[0.14135333 0.27804479],0,-1,-1,-1,-1
43383,[0.62215452 0.70220607],9,-1,-1,287,-1
43384,[0.32454739 0.32059244],6,1,"[0.3897435781344088, 0.3417040596068965]",1671,10
43385,[0.17607666 0.44540484],2,-1,-1,-1,-1
43386,[0.71181025 0.39473338],8,-1,-1,150,-1
43387,[0.31981534 0.2258296 ],6,9,"[0.3110394802231661, 0.23517199738277297]",-1,-1
43388,[0.41751704 0.47979783],7,-1,-1,-1,-1
43389,[0.84899613 0.67401789],1,-1,-1,306,0
43390,[0.29814684 0.31686516],0,5,"[0.23231087327800656, 0.30304944505444303]",1661,-1
43391,[0.22650556 0.52819531],7,-1,-1,-1,-1
43392,[0.75121711 0.44122215],8,-1,-1,-1,-1
43393,[0.4828879  0.49232001],5,6,"[0.5164739970238864, 0.5319253761973344]",-1,-1
43394,[0.41702035 0.62069362],3,-1,-1,1474,-1
43395,[0.26759188 0.28763033],0,5,"[0.23231087327800656, 0.30304944505444303]",-1,-1
43396,[0.36351756 0.29347922],6,1,"[0.3897435781344088, 0.3417040596068965]",1542,-1
43397,[0.59635027 0.63389944],8,2,"[0.5921204552873188, 0.6383928111301557]",-1,-1
43398,[0.49689128 0.45608266],5,-1,-1,-1,-1
43399,[0.37727687 0.37431895],2,1,"[0.3897435781344088, 0.3417040596068965]",-1,-1
43400,[0.50724148 0.61904939],9,-1,-1,-1,-1
43401,[0.30052298 0.34896454],2,-1,-1,-1,-1
43402,[0.33861988 0.44614382],7,8,"[0.27392971195344684, 0.45973140540928376]",-1,-1
43403,[0.25722786 0.3148164 ],2,5,"[0.23231087327800656, 0.30304944505444303]",-1,7
43404,[0.80131276 0.74200724],1,4,"[0.7726811996944247, 0.7249303226766757]",450,0
43405,[0.50077178 0.68238967],5,-1,-1,-1,-1
43406,[0.54464247 0.62639872],9,2,"[0.5921204552873188, 0.6383928111301557]",1263,-1
43407,[0.35483978 0.3151608 ],0,1,"[0.3897435781344088, 0.3417040596068965]",1526,-1
43408,[0.75848291 0.75271336],1,4,"[0.7726811996944247, 0.7249303226766757]",430,0
43409,[0.16415041 0.50003146],7,-1,-1,-1,-1
43410,[0.64533339 0.53565338],5,3,"[0.6815204869410737, 0.47689852788858716]",-1,-1
43411,[0.57656717 0.59209536],9,2,"[0.5921204552873188, 0.6383928111301557]",-1,6
43412,[0.34935801 0.19940148],2,9,"[0.3110394802231661, 0.23517199738277297]",161,-1
43413,[0.29879426 0.50838007],4,8,"[0.27392971195344684, 0.45973140540928376]",-1,-1
43414,[0.66127995 0.61787588],9,-1,-1,-1,-1
43415,[0.40380219 0.25766645],0,-1,-1,-1,-1
43416,[0.30395534 0.48818284],7,8,"[0.27392971195344684, 0.45973140540928376]",-1,-1
43417,[0.39014099 0.33165476],6,1,"[0.3897435781344088, 0.3417040596068965]",-1,-1
43418,[0.80333406 0.36733899],8,-1,-1,-1,-1
43419,[0.36775795 0.43854313],7,-1,-1,879,-1
43420,[0.6010349  0.59776918],9,2,"[0.5921204552873188, 0.6383928111301557]",-1,-1
43421,[0.44471933 0.56947145],3,0,"[0.383291892093257, 0.5586820702346661]",-1,-1
43422,[0.35354729 0.51556156],7,0,"[0.383291892093257, 0.5586820702346661]",1926,-1
43423,[0.27458815 0.53135336],7,7,"[0.2817018170798153, 0.5849768676672948]",1882,-1
43424,[0.37941209 0.28688339],6,1,"[0.3897435781344088, 0.3417040596068965]",1027,-1
43425,[0.29061338 0.50555735],7,8,"[0.27392971195344684, 0.45973140540928376]",1898,-1
43426,[0.32111558 0.49127468],4,8,"[0.27392971195344684, 0.45973140540928376]",1868,-1
43427,[0.66155877 0.4313241 ],8,3,"[0.6815204869410737, 0.47689852788858716]",612,-1
43428,[0.47848242 0.33921943],6,-1,-1,-1,-1
43429,[0.50979468 0.37567304],6,-1,-1,-1,-1
43430,[0.45825032 0.61854448],3,-1,-1,703,-1
43431,[0.34620552 0.63333602],3,-1,-1,1048,-1
43432,[0.66282582 0.48333045],8,3,"[0.6815204869410737, 0.47689852788858716]",-1,1
43433,[0.48723616 0.57455867],5,6,"[0.5164739970238864, 0.5319253761973344]",-1,-1
43434,[0.45142701 0.56382012],5,0,"[0.383291892093257, 0.5586820702346661]",1276,-1
43435,[0.25721951 0.36346835],2,5,"[0.23231087327800656, 0.30304944505444303]",1331,-1
43436,[0.46385945 0.53299842],3,6,"[0.5164739970238864, 0.5319253761973344]",1299,-1
43437,[0.38929521 0.4606486 ],3,-1,-1,584,-1
43438,[0.3299842  0.50013923],4,8,"[0.27392971195344684, 0.45973140540928376]",1750,-1
43439,[0.26853735 0.29794315],0,5,"[0.23231087327800656, 0.30304944505444303]",1657,-1
43440,[0.30538424 0.17849503],0,9,"[0.3110394802231661, 0.23517199738277297]",-1,-1
43441,[0.51433693 0.54736955],5,6,"[0.5164739970238864, 0.5319253761973344]",1186,3
43442,[0.37559148 0.50426217],7,0,"[0.383291892093257, 0.5586820702346661]",1765,-1
43443,[0.2988818  0.34316254],2,-1,-1,-1,-1
43444,[0.27970736 0.56574946],3,7,"[0.2817018170798153, 0.5849768676672948]",1879,-1
43445,[0.41567201 0.48946068],3,-1,-1,1058,-1
43446,[0.31159508 0.56715   ],3,7,"[0.2817018170798153, 0.5849768676672948]",-1,-1
43447,[0.21220259 0.59957822],7,-1,-1,181,-1
43448,[0.48894728 0.55206428],5,6,"[0.5164739970238864, 0.5319253761973344]",-1,-1
43449,[0.26211042 0.61393741],3,7,"[0.2817018170798153, 0.5849768676672948]",-1,-1
43450,[0.38474471 0.39020518],3,1,"[0.3897435781344088, 0.3417040596068965]",-1,-1
43451,[0.68418961 0.57391895],5,-1,-1,-1,-1
43452,[0.47562827 0.26151515],6,-1,-1,-1,-1
43453,[0.26234884 0.31604793],0,5,"[0.23231087327800656, 0.30304944505444303]",1516,-1
43454,[0.64367748 0.5442568 ],8,-1,-1,1116,-1
43455,[0.39328127 0.6438608 ],3,-1,-1,-1,-1
43456,[0.26927457 0.57233608],4,7,"[0.2817018170798153, 0.5849768676672948]",-1,-1
43457,[0.23541594 0.29963744],0,5,"[0.23231087327800656, 0.30304944505444303]",-1,-1
43458,[0.26111256 0.21191066],2,9,"[0.3110394802231661, 0.23517199738277297]",991,-1
43459,[0.78405149 0.7212253 ],1,4,"[0.7726811996944247, 0.7249303226766757]",-1,0
43460,[0.18218092 0.35457016],0,-1,-1,504,-1
43461,[0.6971559  0.50840945],8,3,"[0.6815204869410737, 0.47689852788858716]",-1,-1
43462,[0.15311171 0.35462536],2,-1,-1,64,-1
43463,[0.21773148 0.32017034],2,5,"[0.23231087327800656, 0.30304944505444303]",1340,-1
43464,[0.28505179 0.24193959],0,9,"[0.3110394802231661, 0.23517199738277297]",-1,-1
43465,[0.35788652 0.34602236],6,1,"[0.3897435781344088, 0.3417040596068965]",1350,-1
43466,[0.41801121 0.29856898],6,1,"[0.3897435781344088, 0.3417040596068965]",889,-1
43467,[0.27754864 0.3286031 ],2,5,"[0.23231087327800656, 0.30304944505444303]",-1,9
43468,[0.93604513 0.73352312],1,-1,-1,-1,-1
43469,[0.66145727 0.46201459],8,3,"[0.6815204869410737, 0.47689852788858716]",797,-1
43470,[0.35972513 0.51312101],4,0,"[0.383291892093257, 0.5586820702346661]",1899,-1
43471,[0.60152221 0.6581951 ],9,2,"[0.5921204552873188, 0.6383928111301557]",-1,-1
43472,[0.3591937  0.62614871],4,-1,-1,1304,-1
43473,[0.27500405 0.27971404],0,5,"[0.23231087327800656, 0.30304944505444303]",-1,11
43474,[0.85040179 0.69144237],1,-1,-1,-1,0
43475,[0.61846568 0.39701591],8,-1,-1,70,-1
43476,[0.23737816 0.34811117],0,5,"[0.23231087327800656, 0.30304944505444303]",-1,-1
43477,[0.26016551 0.63596225],4,7,"[0.2817018170798153, 0.5849768676672948]",-1,-1
43478,[0.38323385 0.30333365],0,1,"[0.3897435781344088, 0.3417040596068965]",1463,-1
43479,[0.3123417  0.50959332],7,8,"[0.27392971195344684, 0.45973140540928376]",1922,15
43480,[0.66653585 0.56414898],9,-1,-1,892,-1
43481,[0.448007  0.6153208],3,-1,-1,707,-1
43482,[0.66747991 0.49085293],8,3,"[0.6815204869410737, 0.47689852788858716]",-1,-1
43483,[0.40905149 0.40066404],6,1,"[0.3897435781344088, 0.3417040596068965]",-1,-1
43484,[0.79040881 0.7366865 ],1,4,"[0.7726811996944247, 0.7249303226766757]",471,0
43485,[0.67169296 0.38315674],8,-1,-1,-1,-1
43486,[0.34045684 0.36841871],6,1,"[0.3897435781344088, 0.3417040596068965]",1349,-1
43487,[0.31577779 0.51498261],4,8,"[0.27392971195344684, 0.45973140540928376]",1922,-1
43488,[0.26293825 0.5089373 ],7,8,"[0.27392971195344684, 0.45973140540928376]",1789,-1
43489,[0.41217354 0.43046591],6,-1,-1,-1,-1
43490,[0.33414469 0.17289628],0,9,"[0.3110394802231661, 0.23517199738277297]",98,-1
43491,[0.62236414 0.64513825],9,2,"[0.5921204552873188, 0.6383928111301557]",1163,-1
43492,[0.70746828 0.78958302],1,-1,-1,-1,0
43493,[0.44217245 0.38009411],6,1,"[0.3897435781344088, 0.3417040596068965]",741,-1
43494,[0.25013483 0.504326  ],7,8,"[0.27392971195344684, 0.45973140540928376]",-1,-1
43495,[0.28247885 0.47712061],7,8,"[0.27392971195344684, 0.45973140540928376]",1799,-1
43496,[0.32539462 0.2571711 ],0,9,"[0.3110394802231661, 0.23517199738277297]",1484,-1
43497,[0.35013768 0.56287449],4,0,"[0.383291892093257, 0.5586820702346661]",-1,-1
43498,[0.41445926 0.41665462],6,-1,-1,575,-1
43499,[0.50308879 0.5409145 ],5,6,"[0.5164739970238864, 0.5319253761973344]",-1,3
43500,[0.33527924 0.53617063],4,0,"[0.383291892093257, 0.5586820702346661]",1948,-1
43501,[0.27885281 0.54753042],4,7,"[0.2817018170798153, 0.5849768676672948]",-1,-1
43502,[0.76388375 0.78892317],1,4,"[0.7726811996944247, 0.7249303226766757]",369,0
43503,[0.48921014 0.6337544 ],9,-1,-1,647,-1
43504,[0.39416664 0.33432737],6,1,"[0.3897435781344088, 0.3417040596068965]",1003,-1
43505,[0.48451718 0.32412777],6,-1,-1,-1,-1
43506,[0.31580938 0.55996959],7,7,"[0.2817018170798153, 0.5849768676672948]",1968,-1
43507,[0.45186268 0.48746191],5,-1,-1,546,-1
43508,[0.6661204  0.56613519],8,-1,-1,892,-1
43509,[0.71338818 0.76224428],1,-1,-1,-1,0
43510,[0.20496139 0.38928277],2,-1,-1,193,-1
43511,[0.4162259  0.54366534],5,0,"[0.383291892093257, 0.5586820702346661]",1713,-1
43512,[0.44213163 0.29901661],6,1,"[0.3897435781344088, 0.3417040596068965]",-1,-1
43513,[0.35371233 0.29265005],2,1,"[0.3897435781344088, 0.3417040596068965]",1667,-1
43514,[0.25632657 0.24626368],2,9,"[0.3110394802231661, 0.23517199738277297]",-1,-1
43515,[0.22738168 0.29067293],2,5,"[0.23231087327800656, 0.30304944505444303]",1460,-1
43516,[0.40182285 0.40671376],6,1,"[0.3897435781344088, 0.3417040596068965]",-1,-1
43517,[0.24914485 0.32534839],2,5,"[0.23231087327800656, 0.30304944505444303]",-1,7
43518,[0.58757487 0.61111704],9,2,"[0.5921204552873188, 0.6383928111301557]",1427,6
43519,[0.31025066 0.31129057],2,-1,-1,1648,-1
43520,[0.81545257 0.71341612],1,4,"[0.7726811996944247, 0.7249303226766757]",378,0
43521,[0.29269057 0.34292972],2,-1,-1,-1,-1
43522,[0.37580862 0.62723521],4,0,"[0.383291892093257, 0.5586820702346661]",679,-1
43523,[0.6102161  0.62359456],9,2,"[0.5921204552873188, 0.6383928111301557]",1336,-1
43524,[0.28607027 0.34659835],2,5,"[0.23231087327800656, 0.30304944505444303]",1584,-1
43525,[0.7554606  0.45927121],8,-1,-1,263,-1
43526,[0.52649718 0.68685755],9,-1,-1,-1,-1
43527,[0.24046589 0.45892713],4,8,"[0.27392971195344684, 0.45973140540928376]",-1,-1
43528,[0.74609786 0.66269568],1,4,"[0.7726811996944247, 0.7249303226766757]",-1,0
43529,[0.75280627 0.76597608],1,4,"[0.7726811996944247, 0.7249303226766757]",419,0
43530,[0.40247914 0.40056291],2,1,"[0.3897435781344088, 0.3417040596068965]",-1,-1
43531,[0.31386021 0.39402784],6,-1,-1,-1,-1
43532,[0.28742658 0.59023389],4,7,"[0.2817018170798153, 0.5849768676672948]",1810,-1
43533,[0.60989757 0.53563835],9,-1,-1,1246,-1
43534,[0.37939373 0.26032135],6,-1,-1,790,-1
43535,[0.54699908 0.54402312],5,6,"[0.5164739970238864, 0.5319253761973344]",1408,-1
43536,[0.73434295 0.48244974],8,3,"[0.6815204869410737, 0.47689852788858716]",-1,-1
43537,[0.61679805 0.63964439],9,2,"[0.5921204552873188, 0.6383928111301557]",-1,-1
43538,[0.74697264 0.37497032],8,-1,-1,60,-1
43539,[0.27759895 0.36068251],0,-1,-1,1264,-1
43540,[0.54562431 0.42057219],5,-1,-1,-1,-1
43541,[0.75316814 0.71793247],1,4,"[0.7726811996944247, 0.7249303226766757]",-1,0
43542,[0.72800419 0.58639476],1,-1,-1,55,-1
43543,[0.34773113 0.5403756 ],4,0,"[0.383291892093257, 0.5586820702346661]",-1,16
43544,[0.65911001 0.60372275],8,-1,-1,545,-1
43545,[0.57956124 0.6793276 ],9,2,"[0.5921204552873188, 0.6383928111301557]",-1,-1
43546,[0.72021845 0.52814789],8,3,"[0.6815204869410737, 0.47689852788858716]",-1,-1
43547,[0.67518671 0.46925099],8,3,"[0.6815204869410737, 0.47689852788858716]",804,-1
43548,[0.39603306 0.29591575],0,1,"[0.3897435781344088, 0.3417040596068965]",-1,-1
43549,[0.44972291 0.46130713],7,-1,-1,-1,-1
43550,[0.27828259 0.32307124],2,5,"[0.23231087327800656, 0.30304944505444303]",1585,9
43551,[0.30254678 0.25574909],2,9,"[0.3110394802231661, 0.23517199738277297]",-1,-1
43552,[0.65272679 0.65694677],9,2,"[0.5921204552873188, 0.6383928111301557]",-1,-1
43553,[0.55022466 0.75755336],9,-1,-1,-1,-1
43554,[0.39606264 0.37505016],2,1,"[0.3897435781344088, 0.3417040596068965]",-1,-1
43555,[0.60285536 0.60724225],9,2,"[0.5921204552873188, 0.6383928111301557]",1301,-1
43556,[0.6727645  0.55693475],8,-1,-1,-1,-1
43557,[0.75009202 0.65028402],1,-1,-1,-1,0
43558,[0.30892874 0.34093468],2,-1,-1,1593,8
43559,[0.41223079 0.59782813],3,0,"[0.383291892093257, 0.5586820702346661]",-1,-1
43560,[0.57937425 0.61516516],9,2,"[0.5921204552873188, 0.6383928111301557]",1419,-1
43561,[0.6572107 0.5036052],8,3,"[0.6815204869410737, 0.47689852788858716]",-1,-1
43562,[0.51246355 0.4890786 ],5,6,"[0.5164739970238864, 0.5319253761973344]",-1,-1
43563,[0.53767152 0.58471672],9,6,"[0.5164739970238864, 0.5319253761973344]",-1,-1
43564,[0.32975502 0.63337073],4,7,"[0.2817018170798153, 0.5849768676672948]",677,-1
43565,[0.32545489 0.51123815],3,-1,-1,1920,-1
43566,[0.67417271 0.50442832],8,3,"[0.6815204869410737, 0.47689852788858716]",827,-1
43567,[0.80715216 0.73310577],1,4,"[0.7726811996944247, 0.7249303226766757]",457,0
43568,[0.62259807 0.42659016],8,-1,-1,-1,-1
43569,[0.41748677 0.56994135],3,0,"[0.383291892093257, 0.5586820702346661]",-1,-1
43570,[0.30418795 0.62125843],4,7,"[0.2817018170798153, 0.5849768676672948]",-1,-1
43571,[0.68802149 0.73348466],1,-1,-1,322,0
43572,[0.29913962 0.23917459],0,9,"[0.3110394802231661, 0.23517199738277297]",-1,-1
43573,[0.57827812 0.68556332],9,2,"[0.5921204552873188, 0.6383928111301557]",915,-1
43574,[0.6656616  0.46262451],8,3,"[0.6815204869410737, 0.47689852788858716]",797,-1
43575,[0.24952426 0.37817665],2,-1,-1,-1,-1
43576,[0.38049744 0.5566721 ],5,0,"[0.383291892093257, 0.5586820702346661]",-1,-1
43577,[0.39845887 0.28254632],6,1,"[0.3897435781344088, 0.3417040596068965]",-1,-1
43578,[0.85207344 0.67574507],1,-1,-1,-1,0
43579,[0.89029076 0.80397146],1,-1,-1,-1,-1
43580,[0.74041882 0.44766877],8,3,"[0.6815204869410737, 0.47689852788858716]",-1,-1
43581,[0.56326007 0.70297809],9,-1,-1,-1,-1
43582,[0.40045395 0.61915804],4,0,"[0.383291892093257, 0.5586820702346661]",1577,-1
43583,[0.64693282 0.49359061],8,3,"[0.6815204869410737, 0.47689852788858716]",-1,1
43584,[0.50229155 0.57919997],9,6,"[0.5164739970238864, 0.5319253761973344]",-1,-1
43585,[0.51640905 0.59026257],5,6,"[0.5164739970238864, 0.5319253761973344]",-1,-1
43586,[0.41488088 0.32876088],6,1,"[0.3897435781344088, 0.3417040596068965]",989,-1
43587,[0.79112843 0.79819397],1,-1,-1,318,0
43588,[0.61516886 0.64449783],9,2,"[0.5921204552873188, 0.6383928111301557]",1163,-1
43589,[0.48797928 0.52141234],5,6,"[0.5164739970238864, 0.5319253761973344]",936,-1
43590,[0.76111384 0.69917707],1,4,"[0.7726811996944247, 0.7249303226766757]",460,0
43591,[0.58655958 0.47609415],5,-1,-1,-1,-1
43592,[0.35979618 0.4669025 ],3,-1,-1,1560,-1
43593,[0.61453327 0.6220128 ],9,2,"[0.5921204552873188, 0.6383928111301557]",1335,-1
43594,[0.67049164 0.52103894],8,3,"[0.6815204869410737, 0.47689852788858716]",828,-1
43595,[0.56191264 0.53074772],9,6,"[0.5164739970238864, 0.5319253761973344]",-1,-1
43596,[0.2959225  0.31446067],0,5,"[0.23231087327800656, 0.30304944505444303]",-1,-1
43597,[0.36400585 0.53480265],3,0,"[0.383291892093257, 0.5586820702346661]",1934,-1
43598,[0.27307325 0.51162293],7,8,"[0.27392971195344684, 0.45973140540928376]",1887,-1
43599,[0.77274092 0.69511319],1,4,"[0.7726811996944247, 0.7249303226766757]",448,0
43600,[0.26747802 0.31193031],2,5,"[0.23231087327800656, 0.30304944505444303]",1585,-1
43601,[0.23767055 0.50980955],7,8,"[0.27392971195344684, 0.45973140540928376]",1552,-1
43602,[0.38107512 0.21056423],6,-1,-1,-1,-1
43603,[0.36643367 0.54097524],3,0,"[0.383291892093257, 0.5586820702346661]",-1,-1
43604,[0.51125109 0.29262423],6,-1,-1,-1,-1
43605,[0.71060475 0.40817032],8,-1,-1,-1,-1
43606,[0.38877117 0.57135364],3,0,"[0.383291892093257, 0.5586820702346661]",1771,-1
43607,[0.2314398  0.22713595],0,-1,-1,-1,-1
43608,[0.35996232 0.60649906],4,0,"[0.383291892093257, 0.5586820702346661]",-1,-1
43609,[0.53187668 0.44120276],8,-1,-1,146,-1
43610,[0.32986837 0.51217589],7,-1,-1,-1,15
43611,[0.51608923 0.53644671],9,6,"[0.5164739970238864, 0.5319253761973344]",-1,3
43612,[0.57307121 0.56766166],9,6,"[0.5164739970238864, 0.5319253761973344]",1446,-1
43613,[0.19473486 0.32718711],0,5,"[0.23231087327800656, 0.30304944505444303]",550,-1
43614,[0.24478155 0.28226781],0,5,"[0.23231087327800656, 0.30304944505444303]",-1,-1
43615,[0.10877783 0.29492153],0,-1,-1,10,-1
43616,[0.41431772 0.41937528],4,-1,-1,575,-1
43617,[0.27132912 0.31760657],2,5,"[0.23231087327800656, 0.30304944505444303]",-1,9
43618,[0.72617064 0.40186169],8,-1,-1,-1,-1
43619,[0.18706328 0.58411383],4,-1,-1,-1,-1
43620,[0.38690255 0.20670029],6,-1,-1,174,-1
43621,[0.31438853 0.38857218],2,-1,-1,-1,-1
43622,[0.44987773 0.35934051],6,1,"[0.3897435781344088, 0.3417040596068965]",-1,-1
43623,[0.52483754 0.54899009],3,6,"[0.5164739970238864, 0.5319253761973344]",1274,-1
43624,[0.40287478 0.43067124],6,-1,-1,363,-1
43625,[0.34791302 0.21361297],6,9,"[0.3110394802231661, 0.23517199738277297]",500,-1
43626,[0.49937147 0.64005386],9,-1,-1,260,-1
43627,[0.78711772 0.52468046],1,-1,-1,69,-1
43628,[0.62813087 0.46717911],8,3,"[0.6815204869410737, 0.47689852788858716]",626,-1
43629,[0.40267023 0.66363227],3,-1,-1,-1,-1
43630,[0.34448844 0.38546213],2,1,"[0.3897435781344088, 0.3417040596068965]",995,-1
43631,[0.27629713 0.38708373],2,-1,-1,-1,-1
43632,[0.33695756 0.63506795],4,-1,-1,1047,-1
43633,[0.69200401 0.59063103],5,-1,-1,-1,-1
43634,[0.32825597 0.51981376],7,0,"[0.383291892093257, 0.5586820702346661]",1905,-1
43635,[0.65387257 0.41307449],8,3,"[0.6815204869410737, 0.47689852788858716]",-1,-1
43636,[0.62476264 0.58526883],9,2,"[0.5921204552873188, 0.6383928111301557]",1204,-1
43637,[0.20605996 0.42277074],2,-1,-1,333,-1
43638,[0.68520249 0.70609266],1,-1,-1,-1,0
43639,[0.60345961 0.55583553],5,-1,-1,-1,-1
43640,[0.42870944 0.38337021],6,1,"[0.3897435781344088, 0.3417040596068965]",-1,-1
43641,[0.11394056 0.2103631 ],0,-1,-1,-1,-1
43642,[0.3366742  0.50357574],4,-1,-1,1880,15
43643,[0.46377096 0.29805421],0,-1,-1,337,-1
43644,[0.31752916 0.51045752],7,8,"[0.27392971195344684, 0.45973140540928376]",-1,15
43645,[0.50014181 0.30418287],6,-1,-1,93,-1
43646,[0.15052935 0.29328622],0,-1,-1,-1,-1
43647,[0.26216141 0.3366857 ],2,5,"[0.23231087327800656, 0.30304944505444303]",-1,-1
43648,[0.33375958 0.49620223],7,-1,-1,1880,-1
43649,[0.38791162 0.37514002],6,1,"[0.3897435781344088, 0.3417040596068965]",-1,-1
43650,[0.35950744 0.55599222],3,0,"[0.383291892093257, 0.5586820702346661]",1823,-1
43651,[0.51234443 0.52170356],5,6,"[0.5164739970238864, 0.5319253761973344]",-1,-1
43652,[0.42128527 0.56162551],3,0,"[0.383291892093257, 0.5586820702346661]",1224,-1
43653,[0.16722402 0.26914316],2,-1,-1,220,-1
43654,[0.76963903 0.74285818],1,4,"[0.7726811996944247, 0.7249303226766757]",430,0
43655,[0.24088056 0.54191143],7,7,"[0.2817018170798153, 0.5849768676672948]",1480,-1
43656,[0.35089017 0.65797428],3,-1,-1,-1,-1
43657,[0.86628282 0.76624624],1,-1,-1,-1,-1
43658,[0.29997277 0.20008257],0,9,"[0.3110394802231661, 0.23517199738277297]",425,-1
43659,[0.42535219 0.31282776],6,1,"[0.3897435781344088, 0.3417040596068965]",977,-1
43660,[0.32800997 0.11756151],0,-1,-1,-1,-1
43661,[0.47114757 0.39475749],6,-1,-1,-1,-1
43662,[0.78696156 0.75409703],1,4,"[0.7726811996944247, 0.7249303226766757]",-1,0
43663,[0.80860006 0.63376541],1,-1,-1,-1,-1
43664,[0.41089143 0.56274537],7,0,"[0.383291892093257, 0.5586820702346661]",-1,-1
43665,[0.26331428 0.50403847],7,8,"[0.27392971195344684, 0.45973140540928376]",1776,-1
43666,[0.76414286 0.87352593],1,-1,-1,-1,-1
43667,[0.33440146 0.40635479],2,-1,-1,-1,-1
43668,[0.16429367 0.25490193],0,-1,-1,172,-1
43669,[0.30553901 0.62783861],7,7,"[0.2817018170798153, 0.5849768676672948]",-1,-1
43670,[0.31323946 0.29857729],2,9,"[0.3110394802231661, 0.23517199738277297]",-1,-1
43671,[0.28706513 0.24187771],0,9,"[0.3110394802231661, 0.23517199738277297]",-1,-1
43672,[0.58125909 0.55148957],9,6,"[0.5164739970238864, 0.5319253761973344]",-1,-1
43673,[0.32013854 0.32472221],2,-1,-1,1671,-1
43674,[0.34927855 0.50739091],4,0,"[0.383291892093257, 0.5586820702346661]",-1,-1
43675,[0.62376817 0.63687068],9,2,"[0.5921204552873188, 0.6383928111301557]",-1,-1
43676,[0.34351621 0.57218481],3,0,"[0.383291892093257, 0.5586820702346661]",1878,-1
43677,[0.34464262 0.5397607 ],3,0,"[0.383291892093257, 0.5586820702346661]",1965,16
43678,[0.46723573 0.59531092],5,-1,-1,1235,4
43679,[0.61352349 0.60035807],9,2,"[0.5921204552873188, 0.6383928111301557]",-1,-1
43680,[0.73724846 0.71798636],1,4,"[0.7726811996944247, 0.7249303226766757]",-1,0
43681,[0.32321963 0.27962785],2,9,"[0.3110394802231661, 0.23517199738277297]",1520,-1
43682,[0.53917841 0.561449  ],5,6,"[0.5164739970238864, 0.5319253761973344]",-1,6
43683,[0.55844271 0.67680098],9,2,"[0.5921204552873188, 0.6383928111301557]",768,-1
43684,[0.63907221 0.66405426],9,2,"[0.5921204552873188, 0.6383928111301557]",646,-1
43685,[0.23624704 0.31328199],0,5,"[0.23231087327800656, 0.30304944505444303]",-1,-1
43686,[0.31994186 0.64329316],3,7,"[0.2817018170798153, 0.5849768676672948]",887,-1
43687,[0.85898152 0.61118483],1,-1,-1,11,-1
43688,[0.31244602 0.19369857],0,9,"[0.3110394802231661, 0.23517199738277297]",-1,-1
43689,[0.82401717 0.73950957],1,4,"[0.7726811996944247, 0.7249303226766757]",-1,0
43690,[0.41419653 0.40098507],6,1,"[0.3897435781344088, 0.3417040596068965]",758,-1
43691,[0.38446194 0.58519388],3,0,"[0.383291892093257, 0.5586820702346661]",1826,-1
43692,[0.51264563 0.68165982],5,-1,-1,274,-1
43693,[0.46950333 0.52327122],8,6,"[0.5164739970238864, 0.5319253761973344]",1002,-1
43694,[0.5234708  0.22020762],6,-1,-1,-1,-1
43695,[0.194721   0.26475557],6,5,"[0.23231087327800656, 0.30304944505444303]",1012,-1
43696,[0.4234846  0.37584043],6,1,"[0.3897435781344088, 0.3417040596068965]",681,-1
43697,[0.29218806 0.59204617],3,7,"[0.2817018170798153, 0.5849768676672948]",1810,-1
43698,[0.41834509 0.25008555],6,-1,-1,-1,-1
43699,[0.29325515 0.36823265],2,-1,-1,1092,-1
43700,[0.33132778 0.58458777],4,7,"[0.2817018170798153, 0.5849768676672948]",-1,17
43701,[0.22173028 0.63282259],4,-1,-1,-1,-1
43702,[0.26969702 0.30515351],6,5,"[0.23231087327800656, 0.30304944505444303]",1656,-1
43703,[0.19610611 0.28573897],0,5,"[0.23231087327800656, 0.30304944505444303]",-1,-1
43704,[0.28176093 0.57094477],4,7,"[0.2817018170798153, 0.5849768676672948]",-1,-1
43705,[0.23457362 0.3342384 ],0,5,"[0.23231087327800656, 0.30304944505444303]",1522,-1
43706,[0.65042903 0.57298082],8,-1,-1,-1,-1
43707,[0.39053134 0.56233786],4,0,"[0.383291892093257, 0.5586820702346661]",1772,-1
43708,[0.61169858 0.42817592],8,-1,-1,285,-1
43709,[0.53516438 0.51513642],8,6,"[0.5164739970238864, 0.5319253761973344]",-1,-1
43710,[0.37301697 0.3243442 ],6,1,"[0.3897435781344088, 0.3417040596068965]",-1,-1
43711,[0.78847796 0.73850345],1,4,"[0.7726811996944247, 0.7249303226766757]",471,0
43712,[0.181981   0.33701601],2,5,"[0.23231087327800656, 0.30304944505444303]",-1,-1
43713,[0.3763291  0.66691007],4,-1,-1,-1,-1
43714,[0.30196239 0.27591731],2,9,"[0.3110394802231661, 0.23517199738277297]",-1,-1
43715,[0.32300747 0.49856055],7,8,"[0.27392971195344684, 0.45973140540928376]",1809,-1
43716,[0.4985881  0.61275845],9,-1,-1,918,-1
43717,[0.29861575 0.40668734],7,8,"[0.27392971195344684, 0.45973140540928376]",-1,-1
43718,[0.88746426 0.73503602],1,-1,-1,-1,-1
43719,[0.86047284 0.79415027],1,-1,-1,-1,-1
43720,[0.31001589 0.37778265],2,-1,-1,1423,-1
43721,[0.37500238 0.22303983],0,9,"[0.3110394802231661, 0.23517199738277297]",484,-1
43722,[0.29268784 0.5582212 ],7,7,"[0.2817018170798153, 0.5849768676672948]",-1,-1
43723,[0.41130464 0.53619021],3,0,"[0.383291892093257, 0.5586820702346661]",-1,-1
43724,[0.66318239 0.73089642],9,-1,-1,195,0
43725,[0.32329159 0.56401838],7,7,"[0.2817018170798153, 0.5849768676672948]",1977,17
43726,[0.25963707 0.24063483],0,9,"[0.3110394802231661, 0.23517199738277297]",1137,-1
43727,[0.44335338 0.45959818],3,-1,-1,-1,-1
43728,[0.37085026 0.31876197],6,1,"[0.3897435781344088, 0.3417040596068965]",-1,-1
43729,[0.4625295  0.46221087],3,-1,-1,291,-1
43730,[0.63678404 0.60805736],9,2,"[0.5921204552873188, 0.6383928111301557]",613,-1
43731,[0.76214986 0.76323716],1,4,"[0.7726811996944247, 0.7249303226766757]",417,0
43732,[0.59499996 0.57052892],9,2,"[0.5921204552873188, 0.6383928111301557]",1315,5
43733,[0.27830146 0.22243634],0,9,"[0.3110394802231661, 0.23517199738277297]",-1,-1
43734,[0.51782148 0.6720544 ],5,-1,-1,449,-1
43735,[0.29046699 0.4936792 ],7,8,"[0.27392971195344684, 0.45973140540928376]",1791,-1
43736,[0.78862712 0.74063338],1,4,"[0.7726811996944247, 0.7249303226766757]",471,0
43737,[0.81717095 0.58822514],8,-1,-1,-1,-1
43738,[0.45867733 0.60099906],5,-1,-1,-1,-1
43739,[0.37918016 0.31024867],6,1,"[0.3897435781344088, 0.3417040596068965]",-1,-1
43740,[0.32470642 0.44852646],2,8,"[0.27392971195344684, 0.45973140540928376]",941,-1
43741,[0.22181232 0.58189085],7,7,"[0.2817018170798153, 0.5849768676672948]",380,-1
43742,[0.31489088 0.52400408],4,7,"[0.2817018170798153, 0.5849768676672948]",-1,15
43743,[0.4220187  0.35761608],6,1,"[0.3897435781344088, 0.3417040596068965]",-1,-1
43744,[0.66562285 0.39199893],8,-1,-1,241,-1
43745,[0.42292299 0.53580368],4,0,"[0.383291892093257, 0.5586820702346661]",-1,-1
43746,[0.60348938 0.59721071],9,2,"[0.5921204552873188, 0.6383928111301557]",1327,-1
43747,[0.66927401 0.41261174],8,3,"[0.6815204869410737, 0.47689852788858716]",-1,-1
43748,[0.31411146 0.26805531],2,9,"[0.3110394802231661, 0.23517199738277297]",-1,-1
43749,[0.36603369 0.56132271],4,0,"[0.383291892093257, 0.5586820702346661]",1856,12
43750,[0.66775068 0.57888591],8,-1,-1,-1,-1
43751,[0.68529712 0.5974354 ],8,-1,-1,267,-1
43752,[0.63157    0.59098117],5,2,"[0.5921204552873188, 0.6383928111301557]",-1,-1
43753,[0.45000532 0.54315778],3,6,"[0.5164739970238864, 0.5319253761973344]",1277,-1
43754,[0.33837521 0.48173788],7,8,"[0.27392971195344684, 0.45973140540928376]",-1,-1
43755,[0.29874232 0.21709306],0,9,"[0.3110394802231661, 0.23517199738277297]",1016,-1
43756,[0.31313656 0.48434082],7,8,"[0.27392971195344684, 0.45973140540928376]",-1,-1
43757,[0.1749333  0.39196858],7,-1,-1,133,-1
43758,[0.6081529  0.74117335],9,-1,-1,-1,-1
43759,[0.31646813 0.28864815],2,9,"[0.3110394802231661, 0.23517199738277297]",1580,11
43760,[0.3664631  0.53323017],4,0,"[0.383291892093257, 0.5586820702346661]",1934,-1
43761,[0.25539619 0.19388444],0,9,"[0.3110394802231661, 0.23517199738277297]",-1,-1
43762,[0.47385273 0.37834595],6,-1,-1,320,-1
43763,[0.56583347 0.53746836],9,6,"[0.5164739970238864, 0.5319253761973344]",1401,6
43764,[0.56875091 0.62658781],9,2,"[0.5921204552873188, 0.6383928111301557]",1285,-1
43765,[0.5580229  0.57150703],9,6,"[0.5164739970238864, 0.5319253761973344]",-1,6
43766,[0.37973055 0.54463687],3,0,"[0.383291892093257, 0.5586820702346661]",1805,-1
43767,[0.24118656 0.14524994],0,-1,-1,-1,-1
43768,[0.7585366 0.4862431],8,-1,-1,-1,-1
43769,[0.27491245 0.47817126],4,8,"[0.27392971195344684, 0.45973140540928376]",-1,-1
43770,[0.34179886 0.42674824],4,-1,-1,-1,-1
43771,[0.28357067 0.24376194],2,9,"[0.3110394802231661, 0.23517199738277297]",-1,-1
43772,[0.33592379 0.60167506],4,7,"[0.2817018170798153, 0.5849768676672948]",1864,-1
43773,[0.33130888 0.28129953],2,9,"[0.3110394802231661, 0.23517199738277297]",1520,-1
43774,[0.3464931  0.40695074],2,-1,-1,880,-1
43775,[0.3575136 0.4254417],3,-1,-1,883,-1
43776,[0.22053309 0.5211643 ],4,-1,-1,1090,-1
43777,[0.66542407 0.66117946],9,-1,-1,636,-1
43778,[0.31484508 0.50948067],7,8,"[0.27392971195344684, 0.45973140540928376]",1922,15
43779,[0.65408698 0.4274294 ],8,3,"[0.6815204869410737, 0.47689852788858716]",783,-1
43780,[0.54667375 0.65742021],5,2,"[0.5921204552873188, 0.6383928111301557]",-1,-1
43781,[0.56546734 0.54608923],8,6,"[0.5164739970238864, 0.5319253761973344]",-1,-1
43782,[0.14352981 0.31449623],0,-1,-1,-1,-1
43783,[0.62916584 0.51066052],8,3,"[0.6815204869410737, 0.47689852788858716]",869,-1
43784,[0.27761153 0.1765779 ],0,9,"[0.3110394802231661, 0.23517199738277297]",-1,-1
43785,[0.60824515 0.6820633 ],9,2,"[0.5921204552873188, 0.6383928111301557]",658,-1
43786,[0.24647061 0.42696435],7,8,"[0.27392971195344684, 0.45973140540928376]",699,-1
43787,[0.29848829 0.19217667],0,9,"[0.3110394802231661, 0.23517199738277297]",425,-1
43788,[0.37083847 0.27185335],6,-1,-1,-1,-1
43789,[0.46602233 0.43460709],6,-1,-1,-1,-1
43790,[0.38157664 0.29970818],0,1,"[0.3897435781344088, 0.3417040596068965]",1463,-1
43791,[0.53762321 0.70910723],9,-1,-1,257,-1
43792,[0.40164897 0.55794723],3,0,"[0.383291892093257, 0.5586820702346661]",1749,-1
43793,[0.60410507 0.66798855],9,2,"[0.5921204552873188, 0.6383928111301557]",-1,-1
43794,[0.3092605  0.36663925],6,-1,-1,1483,-1
43795,[0.82265743 0.78973477],1,-1,-1,191,0
43796,[0.74107402 0.40135115],8,-1,-1,-1,-1
43797,[0.2965895  0.28026104],0,9,"[0.3110394802231661, 0.23517199738277297]",1554,-1
43798,[0.8283888  0.47529252],8,-1,-1,-1,-1
43799,[0.22055837 0.30846125],2,5,"[0.23231087327800656, 0.30304944505444303]",1421,-1
43800,[0.64602278 0.53872033],8,-1,-1,1106,-1
43801,[0.81535389 0.75052153],1,4,"[0.7726811996944247, 0.7249303226766757]",373,0
43802,[0.1700439  0.27296781],0,5,"[0.23231087327800656, 0.30304944505444303]",-1,-1
43803,[0.77995976 0.76238128],1,4,"[0.7726811996944247, 0.7249303226766757]",-1,0
43804,[0.30798907 0.62431135],4,7,"[0.2817018170798153, 0.5849768676672948]",1131,-1
43805,[0.18890371 0.28246105],6,5,"[0.23231087327800656, 0.30304944505444303]",745,-1
43806,[0.44541366 0.27845448],6,-1,-1,-1,-1
43807,[0.76957947 0.54223738],8,-1,-1,84,-1
43808,[0.26428853 0.43145924],2,8,"[0.27392971195344684, 0.45973140540928376]",1175,-1
43809,[0.37699373 0.57987325],4,0,"[0.383291892093257, 0.5586820702346661]",-1,-1
43810,[0.30660714 0.47356689],7,8,"[0.27392971195344684, 0.45973140540928376]",-1,-1
43811,[0.43127977 0.41053392],5,-1,-1,-1,-1
43812,[0.71036204 0.46485456],8,3,"[0.6815204869410737, 0.47689852788858716]",717,-1
43813,[0.85704597 0.69762752],1,-1,-1,-1,0
43814,[0.29184162 0.26658236],0,9,"[0.3110394802231661, 0.23517199738277297]",1496,-1
43815,[0.70100951 0.47904737],8,3,"[0.6815204869410737, 0.47689852788858716]",-1,-1
43816,[0.49351572 0.59277677],5,6,"[0.5164739970238864, 0.5319253761973344]",752,-1
43817,[0.30959623 0.23737591],0,9,"[0.3110394802231661, 0.23517199738277297]",1492,-1
43818,[0.31472756 0.49608457],7,8,"[0.27392971195344684, 0.45973140540928376]",-1,-1
43819,[0.81156736 0.54462037],1,-1,-1,7,-1
43820,[0.77295727 0.69818104],1,4,"[0.7726811996944247, 0.7249303226766757]",448,0
43821,[0.32710756 0.65674846],3,-1,-1,-1,-1
43822,[0.56760143 0.63345279],9,2,"[0.5921204552873188, 0.6383928111301557]",1286,-1
43823,[0.28020672 0.46062425],7,8,"[0.27392971195344684, 0.45973140540928376]",-1,-1
43824,[0.39248438 0.49355936],4,0,"[0.383291892093257, 0.5586820702346661]",1361,-1
43825,[0.28637196 0.44058327],2,8,"[0.27392971195344684, 0.45973140540928376]",-1,-1
43826,[0.40467424 0.58166428],3,0,"[0.383291892093257, 0.5586820702346661]",-1,-1
43827,[0.48873001 0.55987302],5,6,"[0.5164739970238864, 0.5319253761973344]",1184,-1
43828,[0.29132587 0.30986243],2,5,"[0.23231087327800656, 0.30304944505444303]",-1,-1
43829,[0.73637164 0.49956155],8,3,"[0.6815204869410737, 0.47689852788858716]",568,-1
43830,[0.59574106 0.57665795],5,2,"[0.5921204552873188, 0.6383928111301557]",1326,5
43831,[0.20693985 0.27172045],2,5,"[0.23231087327800656, 0.30304944505444303]",1111,-1
43832,[0.36103552 0.47093496],3,-1,-1,1560,-1
43833,[0.33785824 0.2215924 ],6,9,"[0.3110394802231661, 0.23517199738277297]",-1,-1
43834,[0.33629322 0.20988207],0,9,"[0.3110394802231661, 0.23517199738277297]",674,-1
43835,[0.34731823 0.5857084 ],4,0,"[0.383291892093257, 0.5586820702346661]",-1,-1
43836,[0.31322652 0.51995843],7,-1,-1,-1,-1
43837,[0.2670206  0.38556018],7,-1,-1,-1,-1
43838,[0.58581506 0.69272687],9,2,"[0.5921204552873188, 0.6383928111301557]",-1,-1
43839,[0.29070724 0.51393639],4,8,"[0.27392971195344684, 0.45973140540928376]",1914,14
43840,[0.26901973 0.34535798],6,5,"[0.23231087327800656, 0.30304944505444303]",-1,-1
43841,[0.63655438 0.58995093],8,2,"[0.5921204552873188, 0.6383928111301557]",-1,-1
43842,[0.55047393 0.61208295],9,2,"[0.5921204552873188, 0.6383928111301557]",-1,-1
43843,[0.54147731 0.62182079],3,2,"[0.5921204552873188, 0.6383928111301557]",1270,-1
43844,[0.2373006  0.38603936],2,-1,-1,912,-1
43845,[0.46415148 0.59331939],4,-1,-1,1235,4
43846,[0.55814681 0.58124173],5,6,"[0.5164739970238864, 0.5319253761973344]",-1,6
43847,[0.57314575 0.64594709],5,2,"[0.5921204552873188, 0.6383928111301557]",-1,-1
43848,[0.30553724 0.29631832],2,9,"[0.3110394802231661, 0.23517199738277297]",-1,-1
43849,[0.66765164 0.53054522],8,3,"[0.6815204869410737, 0.47689852788858716]",-1,-1
43850,[0.57374292 0.49429484],8,6,"[0.5164739970238864, 0.5319253761973344]",847,-1
43851,[0.83439813 0.72779687],1,4,"[0.7726811996944247, 0.7249303226766757]",-1,0
43852,[0.70203961 0.40922015],8,-1,-1,540,-1
43853,[0.76428733 0.52091755],8,-1,-1,-1,-1
43854,[0.27538936 0.50359013],4,8,"[0.27392971195344684, 0.45973140540928376]",-1,-1
43855,[0.18698052 0.31983909],2,5,"[0.23231087327800656, 0.30304944505444303]",-1,-1
43856,[0.73660179 0.39790976],8,-1,-1,269,-1
43857,[0.28359446 0.30103757],0,5,"[0.23231087327800656, 0.30304944505444303]",1578,-1
43858,[0.37855518 0.66961275],3,-1,-1,702,-1
43859,[0.79482575 0.57661046],1,-1,-1,-1,-1
43860,[0.39166832 0.30930866],6,1,"[0.3897435781344088, 0.3417040596068965]",1050,-1
43861,[0.22919688 0.50611165],4,8,"[0.27392971195344684, 0.45973140540928376]",924,-1
43862,[0.57769172 0.62991463],9,2,"[0.5921204552873188, 0.6383928111301557]",-1,-1
43863,[0.56935619 0.49257803],5,6,"[0.5164739970238864, 0.5319253761973344]",848,-1
43864,[0.3183137  0.34190483],2,-1,-1,1615,8
43865,[0.22192625 0.17618378],0,-1,-1,-1,-1
43866,[0.60791104 0.69651822],9,2,"[0.5921204552873188, 0.6383928111301557]",518,-1
43867,[0.35690157 0.6183233 ],3,0,"[0.383291892093257, 0.5586820702346661]",1821,-1
43868,[0.84435278 0.73660131],1,-1,-1,-1,0
43869,[0.28990758 0.46460612],7,8,"[0.27392971195344684, 0.45973140540928376]",-1,-1
43870,[0.22701122 0.48395581],7,8,"[0.27392971195344684, 0.45973140540928376]",-1,-1
43871,[0.57603978 0.71968127],9,-1,-1,-1,-1
43872,[0.25710945 0.31885303],2,5,"[0.23231087327800656, 0.30304944505444303]",1501,-1
43873,[0.3558517  0.33058483],2,1,"[0.3897435781344088, 0.3417040596068965]",1407,-1
43874,[0.25240344 0.32146126],2,5,"[0.23231087327800656, 0.30304944505444303]",1501,7
43875,[0.41031691 0.61187728],3,0,"[0.383291892093257, 0.5586820702346661]",-1,-1
43876,[0.29883117 0.33198693],2,-1,-1,1660,-1
43877,[0.45246279 0.51713434],5,6,"[0.5164739970238864, 0.5319253761973344]",-1,-1
43878,[0.45556271 0.50555519],5,6,"[0.5164739970238864, 0.5319253761973344]",753,-1
43879,[0.21368771 0.46510908],7,8,"[0.27392971195344684, 0.45973140540928376]",331,-1
43880,[0.4223302  0.27132193],6,-1,-1,-1,-1
43881,[0.23294615 0.37870346],2,-1,-1,-1,-1
43882,[0.63853718 0.7834246 ],1,-1,-1,-1,-1
43883,[0.29222591 0.36815969],7,-1,-1,-1,-1
43884,[0.74749021 0.68832107],1,4,"[0.7726811996944247, 0.7249303226766757]",440,0
43885,[0.60399801 0.66848622],9,2,"[0.5921204552873188, 0.6383928111301557]",-1,-1
43886,[0.42089893 0.38846041],6,1,"[0.3897435781344088, 0.3417040596068965]",-1,-1
43887,[0.2959532  0.57542222],4,7,"[0.2817018170798153, 0.5849768676672948]",-1,-1
43888,[0.79853567 0.61071988],1,-1,-1,78,-1
43889,[0.47374513 0.46732145],5,-1,-1,-1,-1
43890,[0.27702874 0.33920566],0,5,"[0.23231087327800656, 0.30304944505444303]",-1,-1
43891,[0.63057226 0.45599987],8,3,"[0.6815204869410737, 0.47689852788858716]",619,-1
43892,[0.44870238 0.33925767],6,1,"[0.3897435781344088, 0.3417040596068965]",788,-1
43893,[0.82029291 0.68275477],1,4,"[0.7726811996944247, 0.7249303226766757]",361,0
43894,[0.35109286 0.52061733],3,0,"[0.383291892093257, 0.5586820702346661]",-1,-1
43895,[0.72029726 0.46444202],8,3,"[0.6815204869410737, 0.47689852788858716]",780,-1
43896,[0.23374087 0.33847026],2,5,"[0.23231087327800656, 0.30304944505444303]",1522,-1
43897,[0.66232628 0.72790191],9,-1,-1,-1,0
43898,[0.3332576  0.30171509],0,1,"[0.3897435781344088, 0.3417040596068965]",-1,-1
43899,[0.31941767 0.50741094],4,8,"[0.27392971195344684, 0.45973140540928376]",1922,-1
43900,[0.23666053 0.5796265 ],7,7,"[0.2817018170798153, 0.5849768676672948]",1344,-1
43901,[0.74333317 0.73512771],1,4,"[0.7726811996944247, 0.7249303226766757]",452,0
43902,[0.32713812 0.26517465],0,9,"[0.3110394802231661, 0.23517199738277297]",-1,-1
43903,[0.3358123  0.46477768],4,8,"[0.27392971195344684, 0.45973140540928376]",1386,-1
43904,[0.38250607 0.51159592],4,0,"[0.383291892093257, 0.5586820702346661]",-1,-1
43905,[0.58923798 0.43645454],5,-1,-1,-1,-1
43906,[0.57277213 0.59641021],9,2,"[0.5921204552873188, 0.6383928111301557]",1442,6
43907,[0.55765906 0.57393274],5,6,"[0.5164739970238864, 0.5319253761973344]",-1,6
43908,[0.48760253 0.70535724],9,-1,-1,129,-1
43909,[0.32840727 0.28621086],6,9,"[0.3110394802231661, 0.23517199738277297]",1520,-1
43910,[0.73179076 0.48442364],8,3,"[0.6815204869410737, 0.47689852788858716]",-1,-1
43911,[0.41681718 0.6491907 ],7,-1,-1,541,-1
43912,[0.84223248 0.70258772],1,-1,-1,346,0
43913,[0.36601117 0.61141999],4,0,"[0.383291892093257, 0.5586820702346661]",-1,-1
43914,[0.22008015 0.50836076],2,-1,-1,-1,-1
43915,[0.73421995 0.64862004],1,-1,-1,184,0
43916,[0.29809825 0.15913697],0,-1,-1,-1,-1
43917,[0.61633395 0.57062703],8,-1,-1,1273,-1
43918,[0.87400422 0.78834043],1,-1,-1,-1,-1
43919,[0.3321137  0.53322696],7,0,"[0.383291892093257, 0.5586820702346661]",1948,-1
43920,[0.55203104 0.57459674],5,6,"[0.5164739970238864, 0.5319253761973344]",1440,6
43921,[0.90424675 0.71118887],1,-1,-1,-1,-1
43922,[0.67651397 0.64373365],9,-1,-1,-1,-1
43923,[0.2377944  0.43058744],7,8,"[0.27392971195344684, 0.45973140540928376]",689,-1
43924,[0.32290439 0.55833128],4,7,"[0.2817018170798153, 0.5849768676672948]",1977,17
43925,[0.35942743 0.57744654],3,0,"[0.383291892093257, 0.5586820702346661]",1843,-1
43926,[0.64673052 0.40893299],8,-1,-1,-1,-1
43927,[0.30587187 0.28923992],6,9,"[0.3110394802231661, 0.23517199738277297]",1685,11
43928,[0.73587558 0.72426253],1,4,"[0.7726811996944247, 0.7249303226766757]",411,0
43929,[0.80882386 0.76997965],1,4,"[0.7726811996944247, 0.7249303226766757]",-1,0
43930,[0.79797686 0.75405284],1,4,"[0.7726811996944247, 0.7249303226766757]",-1,0
43931,[0.37361199 0.55818727],3,0,"[0.383291892093257, 0.5586820702346661]",1855,-1
43932,[0.42325829 0.20582996],6,-1,-1,73,-1
43933,[0.7382024  0.76703409],1,4,"[0.7726811996944247, 0.7249303226766757]",-1,0
43934,[0.248741   0.37098639],2,5,"[0.23231087327800656, 0.30304944505444303]",-1,-1
43935,[0.33107101 0.50426207],7,-1,-1,1909,-1
43936,[0.24557431 0.51502388],7,8,"[0.27392971195344684, 0.45973140540928376]",-1,-1
43937,[0.4491399  0.62291494],4,-1,-1,707,-1
43938,[0.34100816 0.3562122 ],6,1,"[0.3897435781344088, 0.3417040596068965]",-1,-1
43939,[0.33850621 0.21241536],0,9,"[0.3110394802231661, 0.23517199738277297]",-1,-1
43940,[0.58081743 0.59841258],5,2,"[0.5921204552873188, 0.6383928111301557]",1443,6
43941,[0.24551315 0.52854353],4,7,"[0.2817018170798153, 0.5849768676672948]",1488,-1
43942,[0.2142632  0.47081902],7,8,"[0.27392971195344684, 0.45973140540928376]",-1,-1
43943,[0.30386991 0.59329428],4,7,"[0.2817018170798153, 0.5849768676672948]",1820,-1
43944,[0.30616621 0.28615853],6,9,"[0.3110394802231661, 0.23517199738277297]",-1,11
43945,[0.19109188 0.24922766],0,5,"[0.23231087327800656, 0.30304944505444303]",676,-1
43946,[0.44804146 0.51857319],7,6,"[0.5164739970238864, 0.5319253761973344]",-1,-1
43947,[0.28567257 0.29011061],0,5,"[0.23231087327800656, 0.30304944505444303]",1686,11
43948,[0.40130055 0.55457721],3,0,"[0.383291892093257, 0.5586820702346661]",1749,-1
43949,[0.25954396 0.28535101],2,5,"[0.23231087327800656, 0.30304944505444303]",-1,-1
43950,[0.22687685 0.32430812],6,5,"[0.23231087327800656, 0.30304944505444303]",-1,-1
43951,[0.15571126 0.2227473 ],0,-1,-1,124,-1
43952,[0.46097943 0.58145705],5,-1,-1,-1,4
43953,[0.44870547 0.53567399],4,6,"[0.5164739970238864, 0.5319253761973344]",-1,-1
43954,[0.34855041 0.57422844],3,0,"[0.383291892093257, 0.5586820702346661]",-1,-1
43955,[0.50510985 0.51003656],5,6,"[0.5164739970238864, 0.5319253761973344]",725,-1
43956,[0.30657381 0.1535707 ],6,-1,-1,-1,-1
43957,[0.23769467 0.2545657 ],0,5,"[0.23231087327800656, 0.30304944505444303]",-1,-1
43958,[0.54851575 0.62489733],9,2,"[0.5921204552873188, 0.6383928111301557]",-1,-1
43959,[0.60579822 0.64663016],9,2,"[0.5921204552873188, 0.6383928111301557]",-1,-1
43960,[0.32171568 0.27102316],2,9,"[0.3110394802231661, 0.23517199738277297]",1504,-1
43961,[0.85599518 0.70075956],1,-1,-1,-1,0
43962,[0.59957842 0.69755017],9,2,"[0.5921204552873188, 0.6383928111301557]",653,-1
43963,[0.39201397 0.59373412],3,0,"[0.383291892093257, 0.5586820702346661]",1722,-1
43964,[0.21436476 0.32300714],2,5,"[0.23231087327800656, 0.30304944505444303]",-1,-1
43965,[0.17521002 0.25230821],0,-1,-1,-1,-1
43966,[0.63976965 0.61617662],9,2,"[0.5921204552873188, 0.6383928111301557]",-1,-1
43967,[0.58108488 0.57325618],9,2,"[0.5921204552873188, 0.6383928111301557]",-1,-1
43968,[0.83810378 0.41238807],8,-1,-1,-1,-1
43969,[0.66763863 0.62007592],9,-1,-1,495,-1
43970,[0.35497254 0.5673184 ],3,0,"[0.383291892093257, 0.5586820702346661]",-1,-1
43971,[0.87800843 0.6834454 ],1,-1,-1,-1,-1
43972,[0.65724333 0.61794135],9,2,"[0.5921204552873188, 0.6383928111301557]",-1,-1
43973,[0.3561192  0.68764638],3,-1,-1,-1,-1
43974,[0.80664183 0.82197556],1,-1,-1,141,-1
43975,[0.69742646 0.49201415],8,3,"[0.6815204869410737, 0.47689852788858716]",-1,2
43976,[0.35387462 0.48042978],4,-1,-1,1854,-1
43977,[0.65467115 0.36608017],8,-1,-1,-1,-1
43978,[0.38675152 0.53184692],3,0,"[0.383291892093257, 0.5586820702346661]",-1,-1
43979,[0.24627831 0.2327745 ],0,9,"[0.3110394802231661, 0.23517199738277297]",-1,-1
43980,[0.49926367 0.61773765],9,-1,-1,918,-1
43981,[0.29497915 0.55041177],7,7,"[0.2817018170798153, 0.5849768676672948]",1838,-1
43982,[0.37918706 0.28710413],0,1,"[0.3897435781344088, 0.3417040596068965]",1027,-1
43983,[0.52945351 0.6809664 ],5,-1,-1,-1,-1
43984,[0.25424246 0.31964306],0,5,"[0.23231087327800656, 0.30304944505444303]",1501,7
43985,[0.53536863 0.56677127],9,6,"[0.5164739970238864, 0.5319253761973344]",1360,-1
43986,[0.37886075 0.60553409],4,0,"[0.383291892093257, 0.5586820702346661]",-1,-1
43987,[0.32808649 0.1766732 ],0,9,"[0.3110394802231661, 0.23517199738277297]",-1,-1
43988,[0.2516472 0.501056 ],3,8,"[0.27392971195344684, 0.45973140540928376]",-1,-1
43989,[0.19056942 0.18556426],0,-1,-1,165,-1
43990,[0.30857374 0.50554759],4,8,"[0.27392971195344684, 0.45973140540928376]",-1,15
43991,[0.31297288 0.54182395],3,7,"[0.2817018170798153, 0.5849768676672948]",1986,17
43992,[0.6326551  0.42065133],8,-1,-1,264,-1
43993,[0.57960404 0.48836154],5,-1,-1,-1,-1
43994,[0.22583112 0.56870646],4,7,"[0.2817018170798153, 0.5849768676672948]",1123,-1
43995,[0.74877462 0.69849103],1,4,"[0.7726811996944247, 0.7249303226766757]",435,0
43996,[0.43739241 0.37660601],6,1,"[0.3897435781344088, 0.3417040596068965]",-1,-1
43997,[0.34157022 0.19911735],2,9,"[0.3110394802231661, 0.23517199738277297]",-1,-1
43998,[0.25352764 0.27496737],0,5,"[0.23231087327800656, 0.30304944505444303]",-1,-1
43999,[0.25878749 0.57489644],3,7,"[0.2817018170798153, 0.5849768676672948]",-1,-1
44000,[0.50222368 0.5266183 ],5,6,"[0.5164739970238864, 0.5319253761973344]",-1,-1
44001,[0.29591856 0.28348156],0,9,"[0.3110394802231661, 0.23517199738277297]",1554,-1
44002,[0.37957291 0.25934602],6,-1,-1,790,-1
44003,[0.5399201  0.59401972],9,6,"[0.5164739970238864, 0.5319253761973344]",1429,-1
44004,[0.38004635 0.39432464],2,1,"[0.3897435781344088, 0.3417040596068965]",-1,-1
44005,[0.24546492 0.61985034],4,7,"[0.2817018170798153, 0.5849768676672948]",-1,-1
44006,[0.26004827 0.58524442],4,7,"[0.2817018170798153, 0.5849768676672948]",-1,-1
44007,[0.87223586 0.72623735],1,-1,-1,87,0
44008,[0.64813084 0.5355539 ],9,3,"[0.6815204869410737, 0.47689852788858716]",-1,-1
44009,[0.46718541 0.36988248],6,-1,-1,-1,-1
44010,[0.69335325 0.43021281],8,3,"[0.6815204869410737, 0.47689852788858716]",597,-1
44011,[0.21669915 0.35773258],2,5,"[0.23231087327800656, 0.30304944505444303]",1127,-1
44012,[0.3420353  0.39995313],2,-1,-1,-1,-1
44013,[0.35452545 0.51962584],3,0,"[0.383291892093257, 0.5586820702346661]",-1,-1
44014,[0.30740494 0.40055614],2,8,"[0.27392971195344684, 0.45973140540928376]",-1,-1
44015,[0.5070403  0.67322827],9,-1,-1,-1,-1
44016,[0.69110255 0.40125003],8,-1,-1,509,-1
44017,[0.5444313  0.66340552],9,2,"[0.5921204552873188, 0.6383928111301557]",-1,-1
44018,[0.45354177 0.41849987],6,-1,-1,-1,-1
44019,[0.49034106 0.51161976],5,6,"[0.5164739970238864, 0.5319253761973344]",936,-1
44020,[0.43763258 0.51230077],5,-1,-1,1059,-1
44021,[0.22015241 0.41820029],7,8,"[0.27392971195344684, 0.45973140540928376]",498,-1
44022,[0.26067281 0.35019488],2,5,"[0.23231087327800656, 0.30304944505444303]",1586,-1
44023,[0.46710955 0.64102671],5,-1,-1,491,-1
44024,[0.23330122 0.34526823],2,5,"[0.23231087327800656, 0.30304944505444303]",1522,-1
44025,[0.41785976 0.30529416],6,1,"[0.3897435781344088, 0.3417040596068965]",-1,-1
44026,[0.59803582 0.5065436 ],8,-1,-1,844,-1
44027,[0.34843632 0.64441384],4,-1,-1,-1,-1
44028,[0.30650531 0.29430825],0,9,"[0.3110394802231661, 0.23517199738277297]",-1,11
44029,[0.89127825 0.80120333],1,-1,-1,-1,-1
44030,[0.29994642 0.53088246],3,7,"[0.2817018170798153, 0.5849768676672948]",-1,-1
44031,[0.5448247  0.66106063],9,2,"[0.5921204552873188, 0.6383928111301557]",1029,-1
44032,[0.7558472  0.36182017],8,-1,-1,27,-1
44033,[0.81876178 0.72713945],1,4,"[0.7726811996944247, 0.7249303226766757]",456,0
44034,[0.27408126 0.4900054 ],7,8,"[0.27392971195344684, 0.45973140540928376]",-1,-1
44035,[0.76640436 0.53726722],8,-1,-1,84,-1
44036,[0.70086087 0.40717042],8,-1,-1,540,-1
44037,[0.14738171 0.21946044],0,-1,-1,-1,-1
44038,[0.67461313 0.40283506],8,-1,-1,-1,-1
44039,[0.28619441 0.33160367],2,5,"[0.23231087327800656, 0.30304944505444303]",-1,-1
44040,[0.75375957 0.53250934],8,-1,-1,222,-1
44041,[0.38039808 0.33420421],2,1,"[0.3897435781344088, 0.3417040596068965]",1476,-1
44042,[0.73792764 0.5122482 ],8,3,"[0.6815204869410737, 0.47689852788858716]",480,-1
44043,[0.31845418 0.49851729],3,8,"[0.27392971195344684, 0.45973140540928376]",-1,-1
44044,[0.49497077 0.55429205],5,6,"[0.5164739970238864, 0.5319253761973344]",1183,-1
44045,[0.25777213 0.35486036],2,5,"[0.23231087327800656, 0.30304944505444303]",-1,-1
44046,[0.65667868 0.63003931],9,2,"[0.5921204552873188, 0.6383928111301557]",1157,-1
44047,[0.35450915 0.2795898 ],6,9,"[0.3110394802231661, 0.23517199738277297]",1393,-1
44048,[0.29936937 0.31094603],2,5,"[0.23231087327800656, 0.30304944505444303]",-1,-1
44049,[0.34226255 0.60707603],4,0,"[0.383291892093257, 0.5586820702346661]",-1,-1
44050,[0.45935411 0.35951831],6,-1,-1,442,-1
44051,[0.21358994 0.26015982],0,5,"[0.23231087327800656, 0.30304944505444303]",1021,-1
44052,[0.56856617 0.80702089],9,-1,-1,-1,-1
44053,[0.73856666 0.50350003],8,3,"[0.6815204869410737, 0.47689852788858716]",568,-1
44054,[0.56434653 0.59694703],5,2,"[0.5921204552873188, 0.6383928111301557]",-1,-1
44055,[0.55186297 0.45789084],5,-1,-1,-1,-1
44056,[0.70411206 0.54355696],8,-1,-1,-1,-1
44057,[0.2326784  0.19013626],2,-1,-1,-1,-1
44058,[0.28185507 0.27046426],0,9,"[0.3110394802231661, 0.23517199738277297]",1627,-1
44059,[0.61828    0.56082482],5,-1,-1,910,-1
44060,[0.35927338 0.34734428],0,1,"[0.3897435781344088, 0.3417040596068965]",1350,-1
44061,[0.56577001 0.49859696],5,6,"[0.5164739970238864, 0.5319253761973344]",852,-1
44062,[0.56321698 0.58029   ],5,2,"[0.5921204552873188, 0.6383928111301557]",-1,6
44063,[0.2046809  0.52865214],7,-1,-1,-1,-1
44064,[0.35437578 0.28213557],6,9,"[0.3110394802231661, 0.23517199738277297]",1393,-1
44065,[0.57109741 0.41839149],5,-1,-1,-1,-1
44066,[0.79133589 0.60282902],1,-1,-1,-1,-1
44067,[0.33838472 0.37662053],2,1,"[0.3897435781344088, 0.3417040596068965]",1348,-1
44068,[0.28677062 0.60845993],4,7,"[0.2817018170798153, 0.5849768676672948]",-1,-1
44069,[0.73402425 0.44272343],8,3,"[0.6815204869410737, 0.47689852788858716]",-1,-1
44070,[0.79672817 0.71043756],1,4,"[0.7726811996944247, 0.7249303226766757]",479,0
44071,[0.40049767 0.54600293],3,0,"[0.383291892093257, 0.5586820702346661]",1631,-1
44072,[0.5922276  0.43817616],8,-1,-1,216,-1
44073,[0.39289089 0.60823081],3,0,"[0.383291892093257, 0.5586820702346661]",-1,-1
44074,[0.7273906  0.66330743],1,-1,-1,-1,0
44075,[0.36351371 0.45647505],2,-1,-1,860,-1
44076,[0.5710637  0.65278709],9,2,"[0.5921204552873188, 0.6383928111301557]",-1,-1
44077,[0.31964487 0.48754913],3,8,"[0.27392971195344684, 0.45973140540928376]",1869,-1
44078,[0.30911029 0.67423745],3,-1,-1,-1,-1
44079,[0.73927405 0.39919355],8,-1,-1,269,-1
44080,[0.68614226 0.66156333],9,-1,-1,-1,0
44081,[0.85966435 0.67273657],1,-1,-1,-1,-1
44082,[0.20455756 0.25502762],0,5,"[0.23231087327800656, 0.30304944505444303]",1012,-1
44083,[0.43763966 0.54285571],3,0,"[0.383291892093257, 0.5586820702346661]",-1,-1
44084,[0.53986265 0.67667473],5,2,"[0.5921204552873188, 0.6383928111301557]",687,-1
44085,[0.33879738 0.2573027 ],0,9,"[0.3110394802231661, 0.23517199738277297]",958,-1
44086,[0.69508886 0.49198346],8,3,"[0.6815204869410737, 0.47689852788858716]",-1,2
44087,[0.58087464 0.5200375 ],8,6,"[0.5164739970238864, 0.5319253761973344]",1035,-1
44088,[0.29173799 0.32469651],0,5,"[0.23231087327800656, 0.30304944505444303]",1621,9
44089,[0.64409133 0.4808339 ],8,3,"[0.6815204869410737, 0.47689852788858716]",-1,1
44090,[0.30014093 0.50143049],3,8,"[0.27392971195344684, 0.45973140540928376]",1889,-1
44091,[0.29088899 0.55495229],7,7,"[0.2817018170798153, 0.5849768676672948]",-1,-1
44092,[0.48685451 0.71314818],9,-1,-1,129,-1
44093,[0.19889673 0.22437032],0,-1,-1,557,-1
44094,[0.28750319 0.429467  ],7,8,"[0.27392971195344684, 0.45973140540928376]",-1,-1
44095,[0.59696871 0.65608292],9,2,"[0.5921204552873188, 0.6383928111301557]",1125,-1
44096,[0.38363517 0.32739397],2,1,"[0.3897435781344088, 0.3417040596068965]",1476,-1
44097,[0.48802007 0.60337857],9,-1,-1,918,-1
44098,[0.73897292 0.68018499],1,4,"[0.7726811996944247, 0.7249303226766757]",-1,0
44099,[0.71850947 0.70204099],1,4,"[0.7726811996944247, 0.7249303226766757]",-1,0
44100,[0.44966322 0.59967328],3,-1,-1,1237,-1
44101,[0.4823534  0.40820584],6,-1,-1,-1,-1
44102,[0.45159924 0.28790094],6,-1,-1,-1,-1
44103,[0.41376114 0.23852919],6,-1,-1,-1,-1
44104,[0.71022724 0.7146156 ],1,4,"[0.7726811996944247, 0.7249303226766757]",-1,0
44105,[0.33011857 0.24222631],0,9,"[0.3110394802231661, 0.23517199738277297]",-1,-1
44106,[0.36578147 0.62898658],4,-1,-1,1303,-1
44107,[0.27502561 0.37308457],2,-1,-1,1265,-1
44108,[0.59259812 0.60816662],9,2,"[0.5921204552873188, 0.6383928111301557]",1428,-1
44109,[0.23067196 0.53756532],7,7,"[0.2817018170798153, 0.5849768676672948]",-1,-1
44110,[0.65171154 0.47822082],8,3,"[0.6815204869410737, 0.47689852788858716]",824,1
44111,[0.27147868 0.44271137],7,8,"[0.27392971195344684, 0.45973140540928376]",-1,-1
44112,[0.61850353 0.47584607],8,3,"[0.6815204869410737, 0.47689852788858716]",-1,-1
44113,[0.60455726 0.53519554],5,-1,-1,-1,-1
44114,[0.29367358 0.29325907],0,9,"[0.3110394802231661, 0.23517199738277297]",1689,-1
44115,[0.81925386 0.72968696],1,4,"[0.7726811996944247, 0.7249303226766757]",456,0
44116,[0.28842937 0.61242708],7,7,"[0.2817018170798153, 0.5849768676672948]",-1,-1
44117,[0.43116244 0.35311507],6,1,"[0.3897435781344088, 0.3417040596068965]",-1,-1
44118,[0.27491857 0.37453342],2,-1,-1,-1,-1
44119,[0.60143039 0.73607916],9,-1,-1,-1,-1
44120,[0.44713391 0.40011661],6,-1,-1,-1,-1
44121,[0.82314742 0.66477781],1,-1,-1,334,0
44122,[0.34357215 0.48713847],3,-1,-1,-1,-1
44123,[0.3292413  0.58007171],4,7,"[0.2817018170798153, 0.5849768676672948]",1980,17
44124,[0.27401452 0.66614691],4,-1,-1,-1,-1
44125,[0.30640863 0.19801548],0,9,"[0.3110394802231661, 0.23517199738277297]",-1,-1
44126,[0.38031207 0.65940145],3,-1,-1,-1,-1
44127,[0.29913925 0.62819977],4,7,"[0.2817018170798153, 0.5849768676672948]",-1,-1
44128,[0.44347477 0.3245891 ],6,1,"[0.3897435781344088, 0.3417040596068965]",-1,-1
44129,[0.79428702 0.6414612 ],1,-1,-1,231,0
44130,[0.28084519 0.59951541],3,7,"[0.2817018170798153, 0.5849768676672948]",-1,-1
44131,[0.63724392 0.64257314],9,2,"[0.5921204552873188, 0.6383928111301557]",-1,-1
44132,[0.22720207 0.46280636],7,8,"[0.27392971195344684, 0.45973140540928376]",-1,-1
44133,[0.31466126 0.49370755],4,8,"[0.27392971195344684, 0.45973140540928376]",1872,-1
44134,[0.45617453 0.43803869],5,-1,-1,-1,-1
44135,[0.48695483 0.69295534],9,-1,-1,132,-1
44136,[0.79761461 0.71411481],1,4,"[0.7726811996944247, 0.7249303226766757]",-1,0
44137,[0.35992228 0.62776209],4,-1,-1,1304,-1
44138,[0.38502088 0.33597855],6,1,"[0.3897435781344088, 0.3417040596068965]",1476,-1
44139,[0.22345838 0.29475213],2,5,"[0.23231087327800656, 0.30304944505444303]",-1,-1
44140,[0.41322499 0.63690322],4,-1,-1,-1,-1
44141,[0.26759118 0.35945581],2,5,"[0.23231087327800656, 0.30304944505444303]",-1,-1
44142,[0.34073934 0.33091776],2,1,"[0.3897435781344088, 0.3417040596068965]",-1,-1
44143,[0.3079055  0.27171833],2,9,"[0.3110394802231661, 0.23517199738277297]",-1,-1
44144,[0.24924398 0.50213117],7,8,"[0.27392971195344684, 0.45973140540928376]",-1,-1
44145,[0.28118791 0.07498019],0,-1,-1,-1,-1
44146,[0.52001146 0.6242141 ],3,-1,-1,1143,-1
44147,[0.20650441 0.28715205],0,5,"[0.23231087327800656, 0.30304944505444303]",1109,-1
44148,[0.30047307 0.22645752],0,9,"[0.3110394802231661, 0.23517199738277297]",-1,-1
44149,[0.3298746  0.54883553],7,0,"[0.383291892093257, 0.5586820702346661]",1960,-1
44150,[0.36114952 0.32334406],2,1,"[0.3897435781344088, 0.3417040596068965]",-1,-1
44151,[0.5945585  0.41950758],8,-1,-1,153,-1
44152,[0.42652759 0.56928181],3,0,"[0.383291892093257, 0.5586820702346661]",1467,-1
44153,[0.38251857 0.54454007],3,0,"[0.383291892093257, 0.5586820702346661]",-1,-1
44154,[0.64526881 0.53777562],8,-1,-1,1106,-1
44155,[0.33131366 0.2596319 ],6,9,"[0.3110394802231661, 0.23517199738277297]",-1,-1
44156,[0.63915281 0.71930631],1,-1,-1,282,-1
44157,[0.34080941 0.62537782],3,-1,-1,1695,-1
44158,[0.28649308 0.47584176],7,8,"[0.27392971195344684, 0.45973140540928376]",1799,-1
44159,[0.82390716 0.69861248],1,4,"[0.7726811996944247, 0.7249303226766757]",364,0
44160,[0.38282972 0.6340306 ],4,-1,-1,-1,-1
44161,[0.30915397 0.39201678],4,-1,-1,-1,-1
44162,[0.48183048 0.44240807],6,-1,-1,-1,-1
44163,[0.72872658 0.44634732],8,3,"[0.6815204869410737, 0.47689852788858716]",-1,-1
44164,[0.35699253 0.48710009],3,-1,-1,1747,-1
44165,[0.44359771 0.51205746],5,-1,-1,1059,-1
44166,[0.21616836 0.36978814],0,5,"[0.23231087327800656, 0.30304944505444303]",903,-1
44167,[0.34561586 0.54095896],7,0,"[0.383291892093257, 0.5586820702346661]",-1,16
44168,[0.5341833  0.56416659],9,6,"[0.5164739970238864, 0.5319253761973344]",1360,-1
44169,[0.7449968  0.50221237],9,3,"[0.6815204869410737, 0.47689852788858716]",-1,-1
44170,[0.41013725 0.58151363],3,0,"[0.383291892093257, 0.5586820702346661]",1715,-1
44171,[0.38238026 0.31566466],6,1,"[0.3897435781344088, 0.3417040596068965]",-1,-1
44172,[0.28215854 0.32945485],2,5,"[0.23231087327800656, 0.30304944505444303]",-1,-1
44173,[0.32075317 0.34778682],2,1,"[0.3897435781344088, 0.3417040596068965]",1485,-1
44174,[0.6180377  0.54202257],9,-1,-1,734,-1
44175,[0.58990866 0.4540179 ],8,-1,-1,607,-1
44176,[0.75541282 0.45889285],8,-1,-1,263,-1
44177,[0.34540675 0.51335113],4,0,"[0.383291892093257, 0.5586820702346661]",1927,-1
44178,[0.6017727  0.53939045],5,-1,-1,1291,-1
44179,[0.59776443 0.69352339],9,2,"[0.5921204552873188, 0.6383928111301557]",653,-1
44180,[0.27436732 0.32633146],0,5,"[0.23231087327800656, 0.30304944505444303]",1585,9
44181,[0.40765769 0.24041885],2,-1,-1,657,-1
44182,[0.29834046 0.64568207],3,7,"[0.2817018170798153, 0.5849768676672948]",-1,-1
44183,[0.69835227 0.69238747],9,-1,-1,335,0
44184,[0.43807911 0.60496782],3,-1,-1,1574,-1
44185,[0.50376527 0.60887956],5,-1,-1,1133,-1
44186,[0.30571122 0.48833354],7,8,"[0.27392971195344684, 0.45973140540928376]",1873,-1
44187,[0.56249186 0.67669292],9,2,"[0.5921204552873188, 0.6383928111301557]",-1,-1
44188,[0.65374212 0.47849815],8,3,"[0.6815204869410737, 0.47689852788858716]",824,1
44189,[0.42373255 0.33787282],6,1,"[0.3897435781344088, 0.3417040596068965]",974,-1
44190,[0.42640368 0.3439255 ],6,1,"[0.3897435781344088, 0.3417040596068965]",-1,-1
44191,[0.74689501 0.7380256 ],1,4,"[0.7726811996944247, 0.7249303226766757]",453,0
44192,[0.22407377 0.32890723],2,5,"[0.23231087327800656, 0.30304944505444303]",1338,-1
44193,[0.33272741 0.44353404],6,8,"[0.27392971195344684, 0.45973140540928376]",941,-1
44194,[0.36173381 0.64498881],3,-1,-1,913,-1
44195,[0.29843894 0.66153896],4,-1,-1,-1,-1
44196,[0.58778234 0.72780576],9,-1,-1,-1,-1
44197,[0.27854735 0.33385725],0,5,"[0.23231087327800656, 0.30304944505444303]",1598,-1
44198,[0.6044603  0.60269948],9,2,"[0.5921204552873188, 0.6383928111301557]",1328,-1
44199,[0.8056536  0.68837606],1,4,"[0.7726811996944247, 0.7249303226766757]",-1,0
44200,[0.29781699 0.27301627],2,9,"[0.3110394802231661, 0.23517199738277297]",1509,-1
44201,[0.39153457 0.59217594],7,0,"[0.383291892093257, 0.5586820702346661]",1722,-1
44202,[0.84018797 0.61976482],1,-1,-1,-1,-1
44203,[0.30945362 0.24984217],2,9,"[0.3110394802231661, 0.23517199738277297]",1499,-1
44204,[0.37435653 0.58905649],4,0,"[0.383291892093257, 0.5586820702346661]",1846,12
44205,[0.87863265 0.7450258 ],1,-1,-1,87,-1
44206,[0.57587531 0.54789671],9,6,"[0.5164739970238864, 0.5319253761973344]",-1,-1
44207,[0.28291362 0.55928588],7,7,"[0.2817018170798153, 0.5849768676672948]",-1,13
44208,[0.44465673 0.24356434],6,-1,-1,-1,-1
44209,[0.37400098 0.29832033],2,1,"[0.3897435781344088, 0.3417040596068965]",1454,-1
44210,[0.21511497 0.53139635],4,-1,-1,853,-1
44211,[0.34763845 0.67925643],4,-1,-1,298,-1
44212,[0.26782477 0.54948288],7,7,"[0.2817018170798153, 0.5849768676672948]",-1,-1
44213,[0.78868412 0.69248327],1,4,"[0.7726811996944247, 0.7249303226766757]",448,0
44214,[0.26415774 0.599435  ],4,7,"[0.2817018170798153, 0.5849768676672948]",-1,-1
44215,[0.72326581 0.44503   ],8,3,"[0.6815204869410737, 0.47689852788858716]",-1,-1
44216,[0.56608672 0.58634971],9,2,"[0.5921204552873188, 0.6383928111301557]",-1,6
44217,[0.81505513 0.69880695],1,4,"[0.7726811996944247, 0.7249303226766757]",365,0
44218,[0.33449868 0.57528616],4,0,"[0.383291892093257, 0.5586820702346661]",1979,-1
44219,[0.36817794 0.09967817],0,-1,-1,-1,-1
44220,[0.71258834 0.66586449],1,-1,-1,358,0
44221,[0.51949487 0.56306472],5,6,"[0.5164739970238864, 0.5319253761973344]",1369,-1
44222,[0.66556664 0.61273319],9,-1,-1,-1,-1
44223,[0.28193759 0.44025047],7,8,"[0.27392971195344684, 0.45973140540928376]",1240,-1
44224,[0.37786398 0.49973146],3,0,"[0.383291892093257, 0.5586820702346661]",1448,-1
44225,[0.43718078 0.54537343],5,0,"[0.383291892093257, 0.5586820702346661]",1296,-1
44226,[0.59814993 0.52315829],5,-1,-1,1102,-1
44227,[0.67968894 0.48871625],8,3,"[0.6815204869410737, 0.47689852788858716]",787,-1
44228,[0.24678925 0.36968751],0,5,"[0.23231087327800656, 0.30304944505444303]",-1,-1
44229,[0.56349507 0.69074098],9,2,"[0.5921204552873188, 0.6383928111301557]",629,-1
44230,[0.51657344 0.25135275],6,-1,-1,-1,-1
44231,[0.32058361 0.311287  ],0,-1,-1,1663,-1
44232,[0.32208912 0.59519547],4,7,"[0.2817018170798153, 0.5849768676672948]",1938,-1
44233,[0.54811961 0.57093624],9,6,"[0.5164739970238864, 0.5319253761973344]",1441,6
44234,[0.85191515 0.7993472 ],1,-1,-1,-1,-1
44235,[0.59559152 0.62907092],9,2,"[0.5921204552873188, 0.6383928111301557]",1346,6
44236,[0.3514216 0.5519149],4,0,"[0.383291892093257, 0.5586820702346661]",-1,-1
44237,[0.34329702 0.66616203],4,-1,-1,298,-1
44238,[0.35983489 0.27669671],6,9,"[0.3110394802231661, 0.23517199738277297]",1156,-1
44239,[0.22640226 0.31320041],0,5,"[0.23231087327800656, 0.30304944505444303]",-1,-1
44240,[0.62156988 0.67865591],9,2,"[0.5921204552873188, 0.6383928111301557]",660,-1
44241,[0.65578159 0.62082839],1,2,"[0.5921204552873188, 0.6383928111301557]",-1,-1
44242,[0.16473589 0.19932348],0,-1,-1,-1,-1
44243,[0.62151402 0.64257723],9,2,"[0.5921204552873188, 0.6383928111301557]",1163,-1
44244,[0.60873182 0.59612242],9,2,"[0.5921204552873188, 0.6383928111301557]",-1,-1
44245,[0.35174504 0.43778362],3,-1,-1,-1,-1
44246,[0.2700421  0.56713924],4,7,"[0.2817018170798153, 0.5849768676672948]",-1,-1
44247,[0.29371046 0.56159736],7,7,"[0.2817018170798153, 0.5849768676672948]",-1,-1
44248,[0.31727311 0.48605992],3,8,"[0.27392971195344684, 0.45973140540928376]",1869,-1
44249,[0.30436627 0.55737477],7,7,"[0.2817018170798153, 0.5849768676672948]",-1,-1
44250,[0.64560597 0.57712189],9,-1,-1,810,-1
44251,[0.78916467 0.73680457],1,4,"[0.7726811996944247, 0.7249303226766757]",471,0
44252,[0.50019797 0.55914823],9,6,"[0.5164739970238864, 0.5319253761973344]",-1,-1
44253,[0.22793965 0.2336841 ],0,5,"[0.23231087327800656, 0.30304944505444303]",947,-1
44254,[0.72239408 0.4784992 ],8,3,"[0.6815204869410737, 0.47689852788858716]",779,-1
44255,[0.43373972 0.33004151],2,1,"[0.3897435781344088, 0.3417040596068965]",-1,-1
44256,[0.22903499 0.19285346],0,-1,-1,-1,-1
44257,[0.32794848 0.39570396],2,-1,-1,1215,-1
44258,[0.3737571  0.27799229],6,1,"[0.3897435781344088, 0.3417040596068965]",-1,-1
44259,[0.84082903 0.72101874],1,4,"[0.7726811996944247, 0.7249303226766757]",311,0
44260,[0.31471756 0.51382956],3,8,"[0.27392971195344684, 0.45973140540928376]",1922,15
44261,[0.48731835 0.29117019],6,-1,-1,-1,-1
44262,[0.38090802 0.27257248],6,1,"[0.3897435781344088, 0.3417040596068965]",1073,-1
44263,[0.61743024 0.68508977],9,2,"[0.5921204552873188, 0.6383928111301557]",662,-1
44264,[0.3971448  0.52112937],7,0,"[0.383291892093257, 0.5586820702346661]",-1,-1
44265,[0.28450311 0.59486748],7,7,"[0.2817018170798153, 0.5849768676672948]",-1,-1
44266,[0.74775349 0.71140751],1,4,"[0.7726811996944247, 0.7249303226766757]",-1,0
44267,[0.90493052 0.69099894],1,-1,-1,-1,-1
44268,[0.46543522 0.55150579],3,6,"[0.5164739970238864, 0.5319253761973344]",1267,-1
44269,[0.41932877 0.52825587],4,0,"[0.383291892093257, 0.5586820702346661]",-1,-1
44270,[0.54879774 0.50698333],5,6,"[0.5164739970238864, 0.5319253761973344]",906,-1
44271,[0.29370963 0.44304914],3,8,"[0.27392971195344684, 0.45973140540928376]",1240,-1
44272,[0.24932126 0.58237975],7,7,"[0.2817018170798153, 0.5849768676672948]",-1,-1
44273,[0.71819371 0.4926925 ],8,3,"[0.6815204869410737, 0.47689852788858716]",680,-1
44274,[0.23049457 0.49587759],4,8,"[0.27392971195344684, 0.45973140540928376]",1091,-1
44275,[0.65117496 0.72089541],1,-1,-1,280,-1
44276,[0.37782073 0.27976855],6,1,"[0.3897435781344088, 0.3417040596068965]",1168,-1
44277,[0.75298785 0.67924945],1,4,"[0.7726811996944247, 0.7249303226766757]",-1,0
44278,[0.61599945 0.42797444],5,-1,-1,285,-1
44279,[0.57711347 0.69476419],9,2,"[0.5921204552873188, 0.6383928111301557]",-1,-1
44280,[0.25346125 0.33705386],2,5,"[0.23231087327800656, 0.30304944505444303]",1399,-1
44281,[0.47798891 0.58344058],5,6,"[0.5164739970238864, 0.5319253761973344]",1226,-1
44282,[0.63502095 0.76778694],1,-1,-1,-1,-1
44283,[0.2893712  0.32843387],0,5,"[0.23231087327800656, 0.30304944505444303]",1621,-1
44284,[0.20327915 0.46515963],7,-1,-1,330,-1
44285,[0.25799469 0.6856062 ],4,-1,-1,-1,-1
44286,[0.22046206 0.39419372],2,-1,-1,502,-1
44287,[0.2812401  0.35958174],6,-1,-1,-1,-1
44288,[0.26457564 0.31484251],0,5,"[0.23231087327800656, 0.30304944505444303]",-1,-1
44289,[0.76686872 0.7534791 ],1,4,"[0.7726811996944247, 0.7249303226766757]",-1,0
44290,[0.74513273 0.76044442],1,4,"[0.7726811996944247, 0.7249303226766757]",418,0
44291,[0.31505627 0.42234601],7,8,"[0.27392971195344684, 0.45973140540928376]",1017,-1
44292,[0.18627175 0.56187248],4,-1,-1,-1,-1
44293,[0.83375588 0.77636446],1,-1,-1,-1,0
44294,[0.55092104 0.6156746 ],5,2,"[0.5921204552873188, 0.6383928111301557]",-1,-1
44295,[0.34710312 0.55686194],3,0,"[0.383291892093257, 0.5586820702346661]",1956,-1
44296,[0.35885817 0.65591139],4,-1,-1,-1,-1
44297,[0.25947053 0.23879232],0,9,"[0.3110394802231661, 0.23517199738277297]",1137,-1
44298,[0.49710391 0.51398134],3,6,"[0.5164739970238864, 0.5319253761973344]",936,-1
44299,[0.67401527 0.33066441],8,-1,-1,-1,-1
44300,[0.34524002 0.42488009],7,-1,-1,-1,-1
44301,[0.18904267 0.29410905],2,5,"[0.23231087327800656, 0.30304944505444303]",-1,-1
44302,[0.27886689 0.34668087],2,5,"[0.23231087327800656, 0.30304944505444303]",1459,-1
44303,[0.39851911 0.6614993 ],4,-1,-1,-1,-1
44304,[0.78621309 0.6823264 ],1,4,"[0.7726811996944247, 0.7249303226766757]",-1,0
44305,[0.73236405 0.84136734],1,-1,-1,31,-1
44306,[0.67684558 0.52843379],8,3,"[0.6815204869410737, 0.47689852788858716]",673,-1
44307,[0.32816783 0.47512855],3,8,"[0.27392971195344684, 0.45973140540928376]",1475,-1
44308,[0.75461406 0.77510089],1,4,"[0.7726811996944247, 0.7249303226766757]",-1,0
44309,[0.58746545 0.63086498],5,2,"[0.5921204552873188, 0.6383928111301557]",-1,-1
44310,[0.43546037 0.28726085],6,-1,-1,719,-1
44311,[0.27459111 0.19904097],2,9,"[0.3110394802231661, 0.23517199738277297]",-1,-1
44312,[0.27700338 0.3324013 ],2,5,"[0.23231087327800656, 0.30304944505444303]",1598,9
44313,[0.54310838 0.59181967],5,6,"[0.5164739970238864, 0.5319253761973344]",-1,6
44314,[0.29675747 0.13257065],0,-1,-1,-1,-1
44315,[0.83395621 0.69120769],1,4,"[0.7726811996944247, 0.7249303226766757]",-1,0
44316,[0.44772084 0.50445893],3,-1,-1,-1,-1
44317,[0.67324257 0.36099394],8,-1,-1,-1,-1
44318,[0.35071166 0.49205339],3,-1,-1,-1,-1
44319,[0.30784871 0.56156246],4,7,"[0.2817018170798153, 0.5849768676672948]",1968,-1
44320,[0.7455049  0.52910435],8,-1,-1,222,-1
44321,[0.22207554 0.56386345],7,7,"[0.2817018170798153, 0.5849768676672948]",690,-1
44322,[0.67126191 0.53871427],8,3,"[0.6815204869410737, 0.47689852788858716]",673,-1
44323,[0.42169992 0.30492486],6,1,"[0.3897435781344088, 0.3417040596068965]",977,-1
44324,[0.20712207 0.58413296],7,-1,-1,181,-1
44325,[0.20182731 0.49240107],7,-1,-1,-1,-1
44326,[0.39284836 0.61464826],4,0,"[0.383291892093257, 0.5586820702346661]",1721,-1
44327,[0.65765501 0.56016493],8,-1,-1,-1,-1
44328,[0.30160508 0.30369121],2,9,"[0.3110394802231661, 0.23517199738277297]",-1,-1
44329,[0.21083618 0.39718215],2,-1,-1,-1,-1
44330,[0.59795926 0.48876688],9,-1,-1,-1,-1
44331,[0.67841297 0.3547049 ],8,-1,-1,17,-1
44332,[0.37206456 0.6028259 ],4,0,"[0.383291892093257, 0.5586820702346661]",1755,-1
44333,[0.36565309 0.49569601],7,0,"[0.383291892093257, 0.5586820702346661]",-1,-1
44334,[0.29045557 0.19414509],0,9,"[0.3110394802231661, 0.23517199738277297]",425,-1
44335,[0.38754691 0.33616547],6,1,"[0.3897435781344088, 0.3417040596068965]",1476,-1
44336,[0.65945613 0.53349424],9,3,"[0.6815204869410737, 0.47689852788858716]",-1,-1
44337,[0.34275299 0.41234736],6,-1,-1,-1,-1
44338,[0.52637454 0.66016493],9,2,"[0.5921204552873188, 0.6383928111301557]",920,-1
44339,[0.51842783 0.613345  ],5,-1,-1,-1,-1
44340,[0.78320825 0.76763905],1,4,"[0.7726811996944247, 0.7249303226766757]",407,0
44341,[0.28962723 0.35525674],6,-1,-1,1479,-1
44342,[0.48369822 0.56154777],5,6,"[0.5164739970238864, 0.5319253761973344]",-1,-1
44343,[0.36070577 0.24901794],6,9,"[0.3110394802231661, 0.23517199738277297]",-1,-1
44344,[0.49239076 0.54690613],3,6,"[0.5164739970238864, 0.5319253761973344]",-1,-1
44345,[0.34232748 0.57529624],3,0,"[0.383291892093257, 0.5586820702346661]",-1,-1
44346,[0.76983135 0.45809093],8,-1,-1,-1,-1
44347,[0.64033409 0.60698204],8,2,"[0.5921204552873188, 0.6383928111301557]",613,-1
44348,[0.72971134 0.73698258],1,4,"[0.7726811996944247, 0.7249303226766757]",381,0
44349,[0.35922195 0.30644372],6,1,"[0.3897435781344088, 0.3417040596068965]",-1,-1
44350,[0.20923693 0.60387017],3,-1,-1,-1,-1
44351,[0.51673394 0.34595748],6,-1,-1,63,-1
44352,[0.3138719  0.62441524],3,7,"[0.2817018170798153, 0.5849768676672948]",-1,-1
44353,[0.33764957 0.49382972],3,-1,-1,-1,-1
44354,[0.38179446 0.27665244],0,1,"[0.3897435781344088, 0.3417040596068965]",-1,-1
44355,[0.23663073 0.38925424],2,-1,-1,912,-1
44356,[0.69794122 0.65017553],1,-1,-1,-1,0
44357,[0.22386293 0.55973495],7,7,"[0.2817018170798153, 0.5849768676672948]",-1,-1
44358,[0.82719823 0.82798071],1,-1,-1,122,-1
44359,[0.29619797 0.55192945],4,7,"[0.2817018170798153, 0.5849768676672948]",1838,-1
44360,[0.19944111 0.36550975],2,-1,-1,-1,-1
44361,[0.19206363 0.30241463],2,5,"[0.23231087327800656, 0.30304944505444303]",743,-1
44362,[0.69108831 0.72916602],1,-1,-1,322,0
44363,[0.45800017 0.32987604],6,1,"[0.3897435781344088, 0.3417040596068965]",-1,-1
44364,[0.65680246 0.74437822],9,-1,-1,109,0
44365,[0.62937935 0.66296823],9,2,"[0.5921204552873188, 0.6383928111301557]",711,-1
44366,[0.32153938 0.51133995],4,-1,-1,1920,-1
44367,[0.29658429 0.34650745],0,-1,-1,-1,-1
44368,[0.34234158 0.293776  ],0,9,"[0.3110394802231661, 0.23517199738277297]",1666,-1
44369,[0.25326417 0.32199793],2,5,"[0.23231087327800656, 0.30304944505444303]",-1,7
44370,[0.37109713 0.35466751],6,1,"[0.3897435781344088, 0.3417040596068965]",1245,-1
44371,[0.37016678 0.35491739],2,1,"[0.3897435781344088, 0.3417040596068965]",1245,-1
44372,[0.69029531 0.777718  ],1,-1,-1,-1,0
44373,[0.29418086 0.6506014 ],4,7,"[0.2817018170798153, 0.5849768676672948]",-1,-1
44374,[0.64059795 0.68708861],9,2,"[0.5921204552873188, 0.6383928111301557]",488,-1
44375,[0.45114589 0.33110069],6,1,"[0.3897435781344088, 0.3417040596068965]",528,-1
44376,[0.66127682 0.62235216],5,-1,-1,-1,-1
44377,[0.80236566 0.56557235],8,-1,-1,-1,-1
44378,[0.26922145 0.45345176],4,8,"[0.27392971195344684, 0.45973140540928376]",1247,-1
44379,[0.72505902 0.41446861],8,-1,-1,-1,-1
44380,[0.73711762 0.81781605],1,-1,-1,-1,0
44381,[0.66694472 0.51359603],8,3,"[0.6815204869410737, 0.47689852788858716]",-1,2
44382,[0.60983523 0.62178692],9,2,"[0.5921204552873188, 0.6383928111301557]",-1,-1
44383,[0.68047533 0.41136882],8,3,"[0.6815204869410737, 0.47689852788858716]",592,-1
44384,[0.35242053 0.53917214],7,0,"[0.383291892093257, 0.5586820702346661]",1964,16
44385,[0.21635795 0.48448678],7,8,"[0.27392971195344684, 0.45973140540928376]",-1,-1
44386,[0.61529637 0.63412953],9,2,"[0.5921204552873188, 0.6383928111301557]",-1,-1
44387,[0.71989953 0.71176173],1,4,"[0.7726811996944247, 0.7249303226766757]",349,0
44388,[0.36790326 0.37036914],2,1,"[0.3897435781344088, 0.3417040596068965]",-1,-1
44389,[0.35225783 0.34772524],2,1,"[0.3897435781344088, 0.3417040596068965]",-1,-1
44390,[0.3378721  0.60839161],4,7,"[0.2817018170798153, 0.5849768676672948]",-1,-1
44391,[0.71307368 0.68840425],1,4,"[0.7726811996944247, 0.7249303226766757]",-1,0
44392,[0.23679047 0.24132665],0,5,"[0.23231087327800656, 0.30304944505444303]",1314,-1
44393,[0.25209638 0.46110936],4,8,"[0.27392971195344684, 0.45973140540928376]",1148,-1
44394,[0.3224826 0.3813604],2,-1,-1,1015,-1
44395,[0.31386548 0.48738403],3,8,"[0.27392971195344684, 0.45973140540928376]",1857,-1
44396,[0.40564453 0.36880579],6,1,"[0.3897435781344088, 0.3417040596068965]",-1,-1
44397,[0.4218788  0.62437202],5,-1,-1,-1,-1
44398,[0.37085417 0.49139977],7,0,"[0.383291892093257, 0.5586820702346661]",-1,-1
44399,[0.32210345 0.37306815],2,-1,-1,-1,-1
44400,[0.59169146 0.46559046],5,-1,-1,608,-1
44401,[0.2856813  0.51029927],7,8,"[0.27392971195344684, 0.45973140540928376]",-1,-1
44402,[0.33473581 0.49219515],7,8,"[0.27392971195344684, 0.45973140540928376]",-1,-1
44403,[0.59086417 0.53075091],5,-1,-1,1102,-1
44404,[0.25562925 0.19793573],0,9,"[0.3110394802231661, 0.23517199738277297]",-1,-1
44405,[0.41543958 0.53937161],3,0,"[0.383291892093257, 0.5586820702346661]",1713,-1
44406,[0.37991435 0.58177236],3,0,"[0.383291892093257, 0.5586820702346661]",-1,-1
44407,[0.48118408 0.50855648],5,6,"[0.5164739970238864, 0.5319253761973344]",936,-1
44408,[0.45399277 0.31154701],6,-1,-1,524,-1
44409,[0.4422124  0.30851258],2,1,"[0.3897435781344088, 0.3417040596068965]",492,-1
44410,[0.62669785 0.74215016],9,-1,-1,135,-1
44411,[0.55659893 0.58080513],9,6,"[0.5164739970238864, 0.5319253761973344]",1451,6
44412,[0.8876937  0.68737057],1,-1,-1,-1,-1
44413,[0.51897429 0.57086739],5,6,"[0.5164739970238864, 0.5319253761973344]",1379,-1
44414,[0.17930481 0.23976821],0,-1,-1,-1,-1
44415,[0.39607078 0.47811221],6,-1,-1,-1,-1
44416,[0.56499484 0.5393016 ],5,6,"[0.5164739970238864, 0.5319253761973344]",1401,6
44417,[0.66125035 0.49034168],8,3,"[0.6815204869410737, 0.47689852788858716]",821,1
44418,[0.28995094 0.34206527],6,5,"[0.23231087327800656, 0.30304944505444303]",-1,-1
44419,[0.73582016 0.52815911],8,-1,-1,402,-1
44420,[0.32184799 0.343896  ],0,1,"[0.3897435781344088, 0.3417040596068965]",-1,-1
44421,[0.29963766 0.51768952],4,8,"[0.27392971195344684, 0.45973140540928376]",-1,-1
44422,[0.37875282 0.27116406],2,-1,-1,1073,-1
44423,[0.39471895 0.43368503],3,-1,-1,363,-1
44424,[0.62295704 0.56845975],9,-1,-1,-1,-1
44425,[0.5953496  0.56539097],9,-1,-1,1315,5
44426,[0.60434055 0.71593141],9,-1,-1,423,-1
44427,[0.33664618 0.36838532],2,1,"[0.3897435781344088, 0.3417040596068965]",1349,-1
44428,[0.70796286 0.46152942],8,3,"[0.6815204869410737, 0.47689852788858716]",-1,-1
44429,[0.42745083 0.42174821],6,-1,-1,403,-1
44430,[0.33224774 0.58860309],7,7,"[0.2817018170798153, 0.5849768676672948]",1941,-1
44431,[0.40942361 0.33462582],6,1,"[0.3897435781344088, 0.3417040596068965]",999,-1
44432,[0.23707275 0.2641846 ],0,5,"[0.23231087327800656, 0.30304944505444303]",1363,-1
44433,[0.69646981 0.58511302],9,-1,-1,-1,-1
44434,[0.38343678 0.25872856],2,-1,-1,790,-1
44435,[0.50665278 0.60497386],5,-1,-1,-1,-1
44436,[0.80247769 0.67420344],1,4,"[0.7726811996944247, 0.7249303226766757]",359,0
44437,[0.5163325  0.72436092],9,-1,-1,-1,-1
44438,[0.56877747 0.61667969],9,2,"[0.5921204552873188, 0.6383928111301557]",-1,6
44439,[0.20725423 0.35942709],2,5,"[0.23231087327800656, 0.30304944505444303]",-1,-1
44440,[0.32595039 0.3009375 ],6,9,"[0.3110394802231661, 0.23517199738277297]",1659,-1
44441,[0.29252922 0.65769039],7,-1,-1,226,-1
44442,[0.64465544 0.63532481],9,2,"[0.5921204552873188, 0.6383928111301557]",939,-1
44443,[0.3166541  0.45548314],7,8,"[0.27392971195344684, 0.45973140540928376]",1557,-1
44444,[0.82398482 0.75823938],1,4,"[0.7726811996944247, 0.7249303226766757]",368,0
44445,[0.32163728 0.60205538],3,7,"[0.2817018170798153, 0.5849768676672948]",1939,-1
44446,[0.21300015 0.50651062],7,-1,-1,-1,-1
44447,[0.29434466 0.4477458 ],7,8,"[0.27392971195344684, 0.45973140540928376]",-1,-1
44448,[0.57860143 0.68710829],9,2,"[0.5921204552873188, 0.6383928111301557]",915,-1
44449,[0.36120131 0.2917891 ],2,1,"[0.3897435781344088, 0.3417040596068965]",1542,-1
44450,[0.30068705 0.29626336],0,9,"[0.3110394802231661, 0.23517199738277297]",1690,11
44451,[0.27127489 0.49435882],7,8,"[0.27392971195344684, 0.45973140540928376]",1780,-1
44452,[0.52748842 0.51131238],5,6,"[0.5164739970238864, 0.5319253761973344]",1176,-1
44453,[0.27540605 0.40901991],7,8,"[0.27392971195344684, 0.45973140540928376]",748,-1
44454,[0.64202694 0.63770541],9,2,"[0.5921204552873188, 0.6383928111301557]",-1,-1
44455,[0.3201001  0.61205183],4,7,"[0.2817018170798153, 0.5849768676672948]",-1,-1
44456,[0.31070466 0.58013254],3,7,"[0.2817018170798153, 0.5849768676672948]",-1,-1
44457,[0.85934331 0.65625183],1,-1,-1,-1,-1
44458,[0.74128148 0.71339824],1,4,"[0.7726811996944247, 0.7249303226766757]",-1,0
44459,[0.42737212 0.52510659],4,0,"[0.383291892093257, 0.5586820702346661]",-1,-1
44460,[0.44381733 0.54774039],5,0,"[0.383291892093257, 0.5586820702346661]",-1,-1
44461,[0.50066593 0.45266859],5,-1,-1,-1,-1
44462,[0.40152905 0.32962404],6,1,"[0.3897435781344088, 0.3417040596068965]",1000,-1
44463,[0.58530721 0.52853726],5,6,"[0.5164739970238864, 0.5319253761973344]",1102,-1
44464,[0.43496686 0.5464184 ],4,0,"[0.383291892093257, 0.5586820702346661]",-1,-1
44465,[0.36121117 0.46674549],4,-1,-1,-1,-1
44466,[0.34237459 0.59564128],7,0,"[0.383291892093257, 0.5586820702346661]",-1,-1
44467,[0.35347404 0.48206271],7,-1,-1,1854,-1
44468,[0.36779111 0.49636879],3,0,"[0.383291892093257, 0.5586820702346661]",1741,-1
44469,[0.32912964 0.38492318],6,-1,-1,1011,-1
44470,[0.61867336 0.52810909],8,-1,-1,863,-1
44471,[0.75559194 0.46098609],8,-1,-1,263,-1
44472,[0.86293963 0.64713257],1,-1,-1,32,-1
44473,[0.52900763 0.7376794 ],9,-1,-1,-1,-1
44474,[0.46949707 0.66075524],3,-1,-1,-1,-1
44475,[0.23859663 0.29046974],2,5,"[0.23231087327800656, 0.30304944505444303]",1298,-1
44476,[0.3922265  0.62331064],4,0,"[0.383291892093257, 0.5586820702346661]",-1,-1
44477,[0.84162976 0.7236048 ],1,4,"[0.7726811996944247, 0.7249303226766757]",-1,0
44478,[0.27048512 0.35852967],2,5,"[0.23231087327800656, 0.30304944505444303]",-1,-1
44479,[0.35552393 0.18062774],0,-1,-1,58,-1
44480,[0.63948893 0.40627907],8,-1,-1,265,-1
44481,[0.37049044 0.46380008],3,-1,-1,1055,-1
44482,[0.3401284  0.45933323],3,8,"[0.27392971195344684, 0.45973140540928376]",1387,-1
44483,[0.33889227 0.59997508],4,7,"[0.2817018170798153, 0.5849768676672948]",1864,-1
44484,[0.37207086 0.38732675],6,1,"[0.3897435781344088, 0.3417040596068965]",1005,-1
44485,[0.34597458 0.6236771 ],4,-1,-1,-1,-1
44486,[0.31181144 0.59672007],4,7,"[0.2817018170798153, 0.5849768676672948]",-1,-1
44487,[0.36814807 0.57746469],4,0,"[0.383291892093257, 0.5586820702346661]",1866,12
44488,[0.5153337  0.57379161],5,6,"[0.5164739970238864, 0.5319253761973344]",-1,-1
44489,[0.50267062 0.59713154],9,6,"[0.5164739970238864, 0.5319253761973344]",1063,-1
44490,[0.19067404 0.16835891],0,-1,-1,-1,-1
44491,[0.38216181 0.34739266],6,1,"[0.3897435781344088, 0.3417040596068965]",1122,-1
44492,[0.67337904 0.75075397],1,-1,-1,-1,0
44493,[0.27745406 0.38542928],7,-1,-1,-1,-1
44494,[0.76073764 0.77245262],1,4,"[0.7726811996944247, 0.7249303226766757]",371,0
44495,[0.40513704 0.4923173 ],4,0,"[0.383291892093257, 0.5586820702346661]",1456,-1
44496,[0.27863654 0.28775577],0,5,"[0.23231087327800656, 0.30304944505444303]",-1,11
44497,[0.18669656 0.55707524],4,-1,-1,-1,-1
44498,[0.34500506 0.31419867],6,1,"[0.3897435781344088, 0.3417040596068965]",1525,-1
44499,[0.28402813 0.49684472],4,8,"[0.27392971195344684, 0.45973140540928376]",1768,-1
44500,[0.65346801 0.45514306],8,3,"[0.6815204869410737, 0.47689852788858716]",801,-1
44501,[0.69034087 0.60522756],1,-1,-1,267,-1
44502,[0.51604357 0.39737581],6,-1,-1,44,-1
44503,[0.57985219 0.55061636],5,6,"[0.5164739970238864, 0.5319253761973344]",-1,-1
44504,[0.33781583 0.58894962],4,0,"[0.383291892093257, 0.5586820702346661]",-1,-1
44505,[0.39110251 0.28036237],0,1,"[0.3897435781344088, 0.3417040596068965]",1076,-1
44506,[0.22840923 0.18727827],0,-1,-1,-1,-1
44507,[0.34801464 0.54247017],7,0,"[0.383291892093257, 0.5586820702346661]",-1,16
44508,[0.48348998 0.50915955],5,6,"[0.5164739970238864, 0.5319253761973344]",936,-1
44509,[0.17521197 0.31569279],6,5,"[0.23231087327800656, 0.30304944505444303]",-1,-1
44510,[0.76022739 0.68400565],1,4,"[0.7726811996944247, 0.7249303226766757]",-1,0
44511,[0.31383985 0.30083062],0,9,"[0.3110394802231661, 0.23517199738277297]",1647,-1
44512,[0.71703925 0.49378359],8,3,"[0.6815204869410737, 0.47689852788858716]",680,-1
44513,[0.58472412 0.53069666],8,6,"[0.5164739970238864, 0.5319253761973344]",-1,-1
44514,[0.25716978 0.41846348],7,8,"[0.27392971195344684, 0.45973140540928376]",-1,-1
44515,[0.65796227 0.56721097],9,-1,-1,893,-1
44516,[0.48310036 0.52626179],5,6,"[0.5164739970238864, 0.5319253761973344]",-1,-1
44517,[0.82289933 0.73006648],1,4,"[0.7726811996944247, 0.7249303226766757]",-1,0
44518,[0.5828962  0.59510919],5,2,"[0.5921204552873188, 0.6383928111301557]",-1,-1
44519,[0.20877838 0.48836393],7,-1,-1,-1,-1
44520,[0.64659355 0.62854142],9,2,"[0.5921204552873188, 0.6383928111301557]",1158,-1
44521,[0.33543969 0.49574343],7,-1,-1,1880,-1
44522,[0.67682266 0.60289532],9,-1,-1,-1,-1
44523,[0.68653152 0.632737  ],8,-1,-1,493,-1
44524,[0.34806118 0.56444649],4,0,"[0.383291892093257, 0.5586820702346661]",1902,17
44525,[0.25032467 0.21706815],2,9,"[0.3110394802231661, 0.23517199738277297]",990,-1
44526,[0.63128337 0.49587618],8,3,"[0.6815204869410737, 0.47689852788858716]",795,-1
44527,[0.30735841 0.37423832],2,-1,-1,1588,-1
44528,[0.34760663 0.39002102],6,1,"[0.3897435781344088, 0.3417040596068965]",994,-1
44529,[0.56489204 0.68912109],9,2,"[0.5921204552873188, 0.6383928111301557]",629,-1
44530,[0.38731272 0.31362888],6,1,"[0.3897435781344088, 0.3417040596068965]",-1,-1
44531,[0.75981084 0.55731788],8,-1,-1,84,-1
44532,[0.38990018 0.6684376 ],3,-1,-1,-1,-1
44533,[0.72019503 0.66316128],1,-1,-1,358,0
44534,[0.53450528 0.6012658 ],9,2,"[0.5921204552873188, 0.6383928111301557]",-1,-1
44535,[0.65306641 0.45207313],8,3,"[0.6815204869410737, 0.47689852788858716]",801,-1
44536,[0.2436169  0.31401782],2,5,"[0.23231087327800656, 0.30304944505444303]",1567,-1
44537,[0.48601387 0.59349561],5,6,"[0.5164739970238864, 0.5319253761973344]",-1,-1
44538,[0.68167092 0.66604714],1,-1,-1,-1,-1
44539,[0.29207964 0.54267901],4,7,"[0.2817018170798153, 0.5849768676672948]",-1,14
44540,[0.47945751 0.62015799],5,-1,-1,-1,-1
44541,[0.36332232 0.198056  ],6,9,"[0.3110394802231661, 0.23517199738277297]",113,-1
44542,[0.40182138 0.59106668],4,0,"[0.383291892093257, 0.5586820702346661]",-1,-1
44543,[0.31402741 0.57604238],7,7,"[0.2817018170798153, 0.5849768676672948]",1961,-1
44544,[0.33958695 0.36518904],6,1,"[0.3897435781344088, 0.3417040596068965]",-1,-1
44545,[0.47250064 0.71103301],9,-1,-1,-1,-1
44546,[0.61553229 0.61688896],9,2,"[0.5921204552873188, 0.6383928111301557]",-1,-1
44547,[0.39803495 0.28509567],2,1,"[0.3897435781344088, 0.3417040596068965]",1077,-1
44548,[0.64726411 0.59383524],9,-1,-1,1013,-1
44549,[0.21852829 0.35589907],0,5,"[0.23231087327800656, 0.30304944505444303]",1127,-1
44550,[0.55360939 0.61709138],5,2,"[0.5921204552873188, 0.6383928111301557]",-1,-1
44551,[0.68317409 0.81979555],1,-1,-1,23,-1
44552,[0.33072377 0.31139011],2,1,"[0.3897435781344088, 0.3417040596068965]",1679,-1
44553,[0.32800885 0.31012714],2,1,"[0.3897435781344088, 0.3417040596068965]",1679,-1
44554,[0.59047672 0.55938142],9,-1,-1,1253,-1
44555,[0.24623514 0.3736653 ],2,-1,-1,1149,-1
44556,[0.55204652 0.71849796],9,-1,-1,245,-1
44557,[0.2170196  0.24418622],0,5,"[0.23231087327800656, 0.30304944505444303]",-1,-1
44558,[0.32293201 0.26608835],6,9,"[0.3110394802231661, 0.23517199738277297]",-1,-1
44559,[0.27495565 0.49000878],4,8,"[0.27392971195344684, 0.45973140540928376]",-1,-1
44560,[0.66728338 0.50428912],8,3,"[0.6815204869410737, 0.47689852788858716]",827,2
44561,[0.60893498 0.51875182],8,-1,-1,1102,-1
44562,[0.51575765 0.46788235],5,6,"[0.5164739970238864, 0.5319253761973344]",-1,-1
44563,[0.22206875 0.30187689],2,5,"[0.23231087327800656, 0.30304944505444303]",1421,-1
44564,[0.41318711 0.50252622],7,0,"[0.383291892093257, 0.5586820702346661]",-1,-1
44565,[0.2528026  0.34016347],0,5,"[0.23231087327800656, 0.30304944505444303]",-1,-1
44566,[0.74389091 0.75451978],1,4,"[0.7726811996944247, 0.7249303226766757]",-1,0
44567,[0.38976199 0.60539661],3,0,"[0.383291892093257, 0.5586820702346661]",-1,-1
44568,[0.33249312 0.53304231],4,0,"[0.383291892093257, 0.5586820702346661]",1948,-1
44569,[0.46292977 0.3800215 ],6,-1,-1,320,-1
44570,[0.25687814 0.31888978],2,5,"[0.23231087327800656, 0.30304944505444303]",1501,-1
44571,[0.24446237 0.57240167],3,7,"[0.2817018170798153, 0.5849768676672948]",1357,-1
44572,[0.28411795 0.59441897],4,7,"[0.2817018170798153, 0.5849768676672948]",-1,-1
44573,[0.29172942 0.18778972],0,9,"[0.3110394802231661, 0.23517199738277297]",425,-1
44574,[0.35658904 0.51234755],4,0,"[0.383291892093257, 0.5586820702346661]",-1,-1
44575,[0.66627195 0.43654891],8,3,"[0.6815204869410737, 0.47689852788858716]",-1,-1
44576,[0.40695847 0.58772994],5,0,"[0.383291892093257, 0.5586820702346661]",1708,-1
44577,[0.82887928 0.74317487],1,4,"[0.7726811996944247, 0.7249303226766757]",406,0
44578,[0.33645525 0.22887684],2,9,"[0.3110394802231661, 0.23517199738277297]",-1,-1
44579,[0.2003021  0.16019109],0,-1,-1,99,-1
44580,[0.6432859  0.65527377],9,2,"[0.5921204552873188, 0.6383928111301557]",645,-1
44581,[0.40134587 0.23556102],6,-1,-1,657,-1
44582,[0.59132936 0.61131322],9,2,"[0.5921204552873188, 0.6383928111301557]",1427,6
44583,[0.80233877 0.65691097],1,-1,-1,-1,0
44584,[0.77632879 0.4773724 ],8,-1,-1,-1,-1
44585,[0.30659923 0.34059034],0,-1,-1,1593,8
44586,[0.65234778 0.52154287],8,3,"[0.6815204869410737, 0.47689852788858716]",776,-1
44587,[0.34504778 0.52389145],4,0,"[0.383291892093257, 0.5586820702346661]",1931,-1
44588,[0.49202844 0.48602982],5,6,"[0.5164739970238864, 0.5319253761973344]",-1,-1
44589,[0.75604139 0.48324192],8,-1,-1,507,-1
44590,[0.57820116 0.66779903],5,2,"[0.5921204552873188, 0.6383928111301557]",1121,-1
44591,[0.25007369 0.33877135],0,5,"[0.23231087327800656, 0.30304944505444303]",-1,-1
44592,[0.41674475 0.38951312],6,1,"[0.3897435781344088, 0.3417040596068965]",763,-1
44593,[0.30366671 0.65852106],3,-1,-1,558,-1
44594,[0.2627619  0.32497356],2,5,"[0.23231087327800656, 0.30304944505444303]",-1,-1
44595,[0.60842107 0.71651982],9,-1,-1,-1,-1
44596,[0.68160792 0.88571815],1,-1,-1,-1,-1
44597,[0.3103609  0.32498872],2,-1,-1,1677,-1
44598,[0.33875307 0.5062597 ],7,0,"[0.383291892093257, 0.5586820702346661]",1880,-1
44599,[0.56364813 0.64737091],9,2,"[0.5921204552873188, 0.6383928111301557]",1219,-1
44600,[0.5102048  0.53547626],5,6,"[0.5164739970238864, 0.5319253761973344]",1182,3
44601,[0.33914744 0.63044572],4,-1,-1,1047,-1
44602,[0.70535176 0.5256927 ],8,3,"[0.6815204869410737, 0.47689852788858716]",-1,-1
44603,[0.23660696 0.5096658 ],7,8,"[0.27392971195344684, 0.45973140540928376]",1552,-1
44604,[0.26954792 0.31088834],2,5,"[0.23231087327800656, 0.30304944505444303]",1585,-1
44605,[0.60692529 0.66295573],9,2,"[0.5921204552873188, 0.6383928111301557]",1120,-1
44606,[0.17791723 0.27394268],2,5,"[0.23231087327800656, 0.30304944505444303]",458,-1
44607,[0.45143023 0.53839814],3,6,"[0.5164739970238864, 0.5319253761973344]",-1,-1
44608,[0.42814351 0.65392733],4,-1,-1,-1,-1
44609,[0.90348955 0.68382189],1,-1,-1,29,-1
44610,[0.29969022 0.30210386],0,5,"[0.23231087327800656, 0.30304944505444303]",1691,-1
44611,[0.1987633 0.3408451],2,5,"[0.23231087327800656, 0.30304944505444303]",944,-1
44612,[0.66495233 0.67925532],9,-1,-1,385,-1
44613,[0.38259917 0.62101982],3,0,"[0.383291892093257, 0.5586820702346661]",-1,-1
44614,[0.51895528 0.53928003],5,6,"[0.5164739970238864, 0.5319253761973344]",1181,3
44615,[0.64177298 0.55043684],8,-1,-1,1116,-1
44616,[0.29648387 0.29359634],0,9,"[0.3110394802231661, 0.23517199738277297]",1689,11
44617,[0.42803575 0.2226785 ],6,-1,-1,73,-1
44618,[0.35958532 0.53583048],3,0,"[0.383291892093257, 0.5586820702346661]",1944,-1
44619,[0.60201019 0.661391  ],9,2,"[0.5921204552873188, 0.6383928111301557]",-1,-1
44620,[0.54898597 0.60334545],9,2,"[0.5921204552873188, 0.6383928111301557]",-1,-1
44621,[0.28829914 0.39377566],2,8,"[0.27392971195344684, 0.45973140540928376]",1066,-1
44622,[0.42857675 0.3291067 ],6,1,"[0.3897435781344088, 0.3417040596068965]",979,-1
44623,[0.50368965 0.50080098],5,6,"[0.5164739970238864, 0.5319253761973344]",725,-1
44624,[0.81061442 0.78240371],1,4,"[0.7726811996944247, 0.7249303226766757]",294,0
44625,[0.33216642 0.54105444],3,0,"[0.383291892093257, 0.5586820702346661]",1949,-1
44626,[0.30081472 0.44866839],4,8,"[0.27392971195344684, 0.45973140540928376]",-1,-1
44627,[0.81678387 0.75103673],1,4,"[0.7726811996944247, 0.7249303226766757]",373,0
44628,[0.55118335 0.54863057],9,6,"[0.5164739970238864, 0.5319253761973344]",-1,6
44629,[0.36319272 0.59097747],3,0,"[0.383291892093257, 0.5586820702346661]",-1,-1
44630,[0.41092148 0.27929399],6,1,"[0.3897435781344088, 0.3417040596068965]",-1,-1
44631,[0.43138964 0.27428639],0,-1,-1,532,-1
44632,[0.68766707 0.50436188],8,3,"[0.6815204869410737, 0.47689852788858716]",807,-1
44633,[0.68108178 0.64760904],1,-1,-1,490,-1
44634,[0.75613701 0.58977664],8,-1,-1,-1,-1
44635,[0.49654475 0.49864695],9,6,"[0.5164739970238864, 0.5319253761973344]",603,-1
44636,[0.50838342 0.55238245],3,6,"[0.5164739970238864, 0.5319253761973344]",-1,-1
44637,[0.36585776 0.5754071 ],7,0,"[0.383291892093257, 0.5586820702346661]",-1,12
44638,[0.64100712 0.50008798],8,3,"[0.6815204869410737, 0.47689852788858716]",-1,1
44639,[0.31848091 0.66996983],4,-1,-1,169,-1
44640,[0.72662471 0.51997902],8,3,"[0.6815204869410737, 0.47689852788858716]",-1,-1
44641,[0.7753171  0.68379344],1,4,"[0.7726811996944247, 0.7249303226766757]",399,0
44642,[0.46384827 0.48492988],3,-1,-1,665,-1
44643,[0.35991492 0.5563956 ],3,0,"[0.383291892093257, 0.5586820702346661]",1823,-1
44644,[0.3111722  0.30678221],0,-1,-1,1647,-1
44645,[0.28958002 0.47280877],7,8,"[0.27392971195344684, 0.45973140540928376]",1731,-1
44646,[0.29798473 0.5583683 ],3,7,"[0.2817018170798153, 0.5849768676672948]",1870,-1
44647,[0.43044918 0.59439993],5,0,"[0.383291892093257, 0.5586820702346661]",-1,-1
44648,[0.31162428 0.5363149 ],4,7,"[0.2817018170798153, 0.5849768676672948]",-1,-1
44649,[0.35437906 0.61559478],3,0,"[0.383291892093257, 0.5586820702346661]",1821,-1
44650,[0.3800155  0.43064224],2,-1,-1,683,-1
44651,[0.77207404 0.68222743],1,4,"[0.7726811996944247, 0.7249303226766757]",399,0
44652,[0.59621624 0.62129918],9,2,"[0.5921204552873188, 0.6383928111301557]",-1,6
44653,[0.31187931 0.53510915],4,7,"[0.2817018170798153, 0.5849768676672948]",-1,-1
44654,[0.65692083 0.6933168 ],9,-1,-1,-1,-1
44655,[0.38776236 0.38481746],6,1,"[0.3897435781344088, 0.3417040596068965]",-1,-1
44656,[0.67249437 0.47362788],8,3,"[0.6815204869410737, 0.47689852788858716]",-1,-1
44657,[0.39990525 0.51151585],3,0,"[0.383291892093257, 0.5586820702346661]",-1,-1
44658,[0.6476797  0.46836654],8,3,"[0.6815204869410737, 0.47689852788858716]",824,1
44659,[0.19960088 0.20372248],0,-1,-1,227,-1
44660,[0.2172913  0.47685392],7,8,"[0.27392971195344684, 0.45973140540928376]",-1,-1
44661,[0.37032197 0.56359892],7,0,"[0.383291892093257, 0.5586820702346661]",1856,12
44662,[0.43628553 0.51288651],5,-1,-1,-1,-1
44663,[0.47110706 0.57695439],5,6,"[0.5164739970238864, 0.5319253761973344]",1026,-1
44664,[0.7149049 0.4413921],8,3,"[0.6815204869410737, 0.47689852788858716]",-1,-1
44665,[0.32407595 0.40690615],6,-1,-1,-1,-1
44666,[0.28453811 0.3931692 ],6,8,"[0.27392971195344684, 0.45973140540928376]",1066,-1
44667,[0.7445593  0.69601871],1,4,"[0.7726811996944247, 0.7249303226766757]",435,0
44668,[0.25683815 0.20162261],0,9,"[0.3110394802231661, 0.23517199738277297]",746,-1
44669,[0.69868508 0.59513661],1,-1,-1,-1,-1
44670,[0.54151514 0.58343896],5,6,"[0.5164739970238864, 0.5319253761973344]",1432,6
44671,[0.61118386 0.52354306],8,-1,-1,1102,-1
44672,[0.68010029 0.62665076],9,-1,-1,-1,-1
44673,[0.32828193 0.35770507],6,1,"[0.3897435781344088, 0.3417040596068965]",-1,-1
44674,[0.47751963 0.5717425 ],5,6,"[0.5164739970238864, 0.5319253761973344]",-1,-1
44675,[0.19357607 0.32391765],0,5,"[0.23231087327800656, 0.30304944505444303]",550,-1
44676,[0.83116026 0.76941436],1,-1,-1,314,0
44677,[0.32711745 0.44676281],7,8,"[0.27392971195344684, 0.45973140540928376]",-1,-1
44678,[0.31222462 0.61472208],4,7,"[0.2817018170798153, 0.5849768676672948]",1763,-1
44679,[0.60421355 0.59763617],9,2,"[0.5921204552873188, 0.6383928111301557]",1327,-1
44680,[0.26571411 0.29980905],0,5,"[0.23231087327800656, 0.30304944505444303]",-1,-1
44681,[0.48470788 0.51606356],5,6,"[0.5164739970238864, 0.5319253761973344]",936,-1
44682,[0.45649262 0.50670271],5,6,"[0.5164739970238864, 0.5319253761973344]",753,-1
44683,[0.211235   0.56367602],7,-1,-1,486,-1
44684,[0.45210204 0.36610194],6,1,"[0.3897435781344088, 0.3417040596068965]",-1,-1
44685,[0.28828477 0.36947702],0,-1,-1,1092,-1
44686,[0.59701536 0.46960079],9,-1,-1,-1,-1
44687,[0.2850691 0.5187175],7,8,"[0.27392971195344684, 0.45973140540928376]",-1,14
44688,[0.8084357 0.7252909],1,4,"[0.7726811996944247, 0.7249303226766757]",456,0
44689,[0.83988315 0.70391995],1,-1,-1,-1,0
44690,[0.85254029 0.7122652 ],1,-1,-1,313,0
44691,[0.15642965 0.23141493],2,-1,-1,124,-1
44692,[0.29107761 0.32229915],2,5,"[0.23231087327800656, 0.30304944505444303]",1621,-1
44693,[0.27077988 0.43506874],6,8,"[0.27392971195344684, 0.45973140540928376]",1239,-1
44694,[0.23509054 0.70596095],4,-1,-1,-1,-1
44695,[0.42472601 0.66925755],3,-1,-1,-1,-1
44696,[0.28311441 0.58368252],7,7,"[0.2817018170798153, 0.5849768676672948]",-1,-1
44697,[0.39912955 0.24459664],6,-1,-1,-1,-1
44698,[0.43351972 0.60660016],5,0,"[0.383291892093257, 0.5586820702346661]",1574,-1
44699,[0.79064043 0.730207  ],1,4,"[0.7726811996944247, 0.7249303226766757]",465,0
44700,[0.23105891 0.54746973],7,7,"[0.2817018170798153, 0.5849768676672948]",1411,-1
44701,[0.84861816 0.75341486],1,-1,-1,130,0
44702,[0.34780986 0.52892261],7,0,"[0.383291892093257, 0.5586820702346661]",1947,-1
44703,[0.43191981 0.45721105],3,-1,-1,-1,-1
44704,[0.40291673 0.47205776],7,-1,-1,714,-1
44705,[0.81619594 0.70954451],1,4,"[0.7726811996944247, 0.7249303226766757]",378,0
44706,[0.33980984 0.56520573],3,0,"[0.383291892093257, 0.5586820702346661]",1848,-1
44707,[0.2766616  0.31806964],0,5,"[0.23231087327800656, 0.30304944505444303]",1585,9
44708,[0.56034393 0.50983942],8,6,"[0.5164739970238864, 0.5319253761973344]",770,-1
44709,[0.25910056 0.36850021],2,-1,-1,-1,-1
44710,[0.32094266 0.35635133],2,-1,-1,1485,-1
44711,[0.18177972 0.29482652],0,5,"[0.23231087327800656, 0.30304944505444303]",-1,-1
44712,[0.48049106 0.27318396],6,-1,-1,-1,-1
44713,[0.41210479 0.35948823],6,1,"[0.3897435781344088, 0.3417040596068965]",982,-1
44714,[0.70983096 0.54835403],9,-1,-1,563,-1
44715,[0.77858222 0.80779669],1,-1,-1,-1,0
44716,[0.27574529 0.37173464],2,-1,-1,1265,-1
44717,[0.39490373 0.46717773],4,-1,-1,583,-1
44718,[0.37839771 0.50462106],4,0,"[0.383291892093257, 0.5586820702346661]",-1,-1
44719,[0.33331399 0.62765683],3,7,"[0.2817018170798153, 0.5849768676672948]",-1,-1
44720,[0.22127917 0.42323009],2,8,"[0.27392971195344684, 0.45973140540928376]",-1,-1
44721,[0.39666648 0.6796007 ],4,-1,-1,-1,-1
44722,[0.33178098 0.35576581],6,1,"[0.3897435781344088, 0.3417040596068965]",1368,-1
44723,[0.74361642 0.82538819],1,-1,-1,103,-1
44724,[0.37743206 0.31767338],6,1,"[0.3897435781344088, 0.3417040596068965]",1462,-1
44725,[0.34484469 0.46951824],7,-1,-1,-1,-1
44726,[0.74178239 0.55804281],8,-1,-1,-1,-1
44727,[0.25784246 0.29032989],0,5,"[0.23231087327800656, 0.30304944505444303]",1645,-1
44728,[0.66391254 0.45612673],8,3,"[0.6815204869410737, 0.47689852788858716]",-1,-1
44729,[0.68007336 0.58016875],9,-1,-1,-1,-1
44730,[0.76093    0.76341716],1,4,"[0.7726811996944247, 0.7249303226766757]",417,0
44731,[0.27952435 0.30080366],2,5,"[0.23231087327800656, 0.30304944505444303]",1581,-1
44732,[0.82547937 0.76917232],1,4,"[0.7726811996944247, 0.7249303226766757]",314,0
44733,[0.81740947 0.74070284],1,4,"[0.7726811996944247, 0.7249303226766757]",446,0
44734,[0.32131574 0.57861902],3,7,"[0.2817018170798153, 0.5849768676672948]",-1,-1
44735,[0.21077308 0.26095294],0,5,"[0.23231087327800656, 0.30304944505444303]",-1,-1
44736,[0.3966383  0.20126221],6,-1,-1,-1,-1
44737,[0.4261714  0.54418386],4,0,"[0.383291892093257, 0.5586820702346661]",-1,-1
44738,[0.81714244 0.82392296],1,-1,-1,-1,-1
44739,[0.7194007  0.65970795],8,-1,-1,-1,0
44740,[0.27009654 0.50575905],3,8,"[0.27392971195344684, 0.45973140540928376]",1789,-1
44741,[0.7382512  0.69068353],1,4,"[0.7726811996944247, 0.7249303226766757]",-1,0
44742,[0.24878437 0.28020136],0,5,"[0.23231087327800656, 0.30304944505444303]",1530,-1
44743,[0.44095517 0.22750442],6,-1,-1,-1,-1
44744,[0.31421415 0.12988582],0,-1,-1,36,-1
44745,[0.21104706 0.21536548],0,-1,-1,708,-1
44746,[0.72489387 0.71042818],1,4,"[0.7726811996944247, 0.7249303226766757]",351,0
44747,[0.52446545 0.53802775],5,6,"[0.5164739970238864, 0.5319253761973344]",1177,3
44748,[0.29630988 0.32175793],0,5,"[0.23231087327800656, 0.30304944505444303]",1661,9
44749,[0.57459775 0.4965106 ],5,6,"[0.5164739970238864, 0.5319253761973344]",847,-1
44750,[0.61728446 0.63839198],9,2,"[0.5921204552873188, 0.6383928111301557]",-1,-1
44751,[0.39551684 0.38265114],6,1,"[0.3897435781344088, 0.3417040596068965]",759,-1
44752,[0.5193737  0.41215191],8,-1,-1,45,-1
44753,[0.69354006 0.71244007],1,-1,-1,343,0
44754,[0.51332698 0.5882923 ],5,6,"[0.5164739970238864, 0.5319253761973344]",-1,-1
44755,[0.35398649 0.52231696],4,0,"[0.383291892093257, 0.5586820702346661]",-1,-1
44756,[0.37306272 0.60299755],4,0,"[0.383291892093257, 0.5586820702346661]",1755,-1
44757,[0.39392776 0.64788082],3,-1,-1,-1,-1
44758,[0.36342958 0.1293107 ],6,-1,-1,-1,-1
44759,[0.26437418 0.47685471],7,8,"[0.27392971195344684, 0.45973140540928376]",-1,-1
44760,[0.60237138 0.49256687],8,-1,-1,837,-1
44761,[0.40550806 0.49409626],7,0,"[0.383291892093257, 0.5586820702346661]",1456,-1
44762,[0.41034146 0.63795654],3,-1,-1,1046,-1
44763,[0.5426315  0.60331452],5,2,"[0.5921204552873188, 0.6383928111301557]",-1,-1
44764,[0.78547004 0.80910916],1,-1,-1,142,0
44765,[0.37234719 0.36195233],6,1,"[0.3897435781344088, 0.3417040596068965]",1088,-1
44766,[0.31437045 0.26926381],0,9,"[0.3110394802231661, 0.23517199738277297]",-1,-1
44767,[0.31361199 0.41666192],6,8,"[0.27392971195344684, 0.45973140540928376]",1017,-1
44768,[0.33274397 0.54007298],4,0,"[0.383291892093257, 0.5586820702346661]",1949,-1
44769,[0.68041985 0.48109685],8,3,"[0.6815204869410737, 0.47689852788858716]",-1,-1
44770,[0.35257785 0.17551768],0,-1,-1,58,-1
44771,[0.41833692 0.35596571],6,1,"[0.3897435781344088, 0.3417040596068965]",-1,-1
44772,[0.72741551 0.71134256],1,4,"[0.7726811996944247, 0.7249303226766757]",351,0
44773,[0.24963058 0.48341686],3,8,"[0.27392971195344684, 0.45973140540928376]",1710,-1
44774,[0.1572799  0.33558009],2,-1,-1,108,-1
44775,[0.73660609 0.52944919],8,-1,-1,402,-1
44776,[0.73065709 0.75448586],1,4,"[0.7726811996944247, 0.7249303226766757]",422,0
44777,[0.37937627 0.27496861],6,1,"[0.3897435781344088, 0.3417040596068965]",-1,-1
44778,[0.49481341 0.63601333],5,-1,-1,-1,-1
44779,[0.30664866 0.47482176],4,8,"[0.27392971195344684, 0.45973140540928376]",-1,-1
44780,[0.32515296 0.26548678],0,9,"[0.3110394802231661, 0.23517199738277297]",-1,-1
44781,[0.6462963 0.5555096],8,-1,-1,-1,-1
44782,[0.30349641 0.33717372],4,-1,-1,-1,8
44783,[0.15743491 0.29769036],0,-1,-1,-1,-1
44784,[0.26728509 0.34503529],0,5,"[0.23231087327800656, 0.30304944505444303]",-1,-1
44785,[0.61044332 0.632977  ],9,2,"[0.5921204552873188, 0.6383928111301557]",1332,-1
44786,[0.18144345 0.16246539],0,-1,-1,-1,-1
44787,[0.6103906  0.55104049],5,-1,-1,-1,-1
44788,[0.41482629 0.34954437],6,1,"[0.3897435781344088, 0.3417040596068965]",981,-1
44789,[0.58668202 0.52690938],9,-1,-1,1102,-1
44790,[0.19055499 0.41986912],0,-1,-1,144,-1
44791,[0.65918714 0.55456975],8,-1,-1,-1,-1
44792,[0.29979405 0.36680098],2,-1,-1,-1,-1
44793,[0.45624007 0.28146095],6,-1,-1,-1,-1
44794,[0.38477149 0.48531023],4,-1,-1,1042,-1
44795,[0.26758041 0.24135352],0,9,"[0.3110394802231661, 0.23517199738277297]",-1,-1
44796,[0.37791867 0.3013959 ],2,1,"[0.3897435781344088, 0.3417040596068965]",-1,-1
44797,[0.19351912 0.36503196],2,-1,-1,-1,-1
44798,[0.35055006 0.53456202],4,0,"[0.383291892093257, 0.5586820702346661]",-1,16
44799,[0.27972264 0.65715491],4,-1,-1,187,-1
44800,[0.34388742 0.30123207],6,1,"[0.3897435781344088, 0.3417040596068965]",1529,-1
44801,[0.40728698 0.34262664],6,1,"[0.3897435781344088, 0.3417040596068965]",998,-1
44802,[0.32676761 0.48885616],3,8,"[0.27392971195344684, 0.45973140540928376]",1827,-1
44803,[0.5874627  0.60140493],5,2,"[0.5921204552873188, 0.6383928111301557]",1351,-1
44804,[0.37528351 0.5151522 ],3,0,"[0.383291892093257, 0.5586820702346661]",-1,-1
44805,[0.40225793 0.60631717],3,0,"[0.383291892093257, 0.5586820702346661]",-1,-1
44806,[0.76418123 0.81073565],1,-1,-1,-1,0
44807,[0.26254325 0.17304151],0,-1,-1,239,-1
44808,[0.23103006 0.32342651],0,5,"[0.23231087327800656, 0.30304944505444303]",1338,-1
44809,[0.22440966 0.24023533],0,5,"[0.23231087327800656, 0.30304944505444303]",946,-1
44810,[0.40140102 0.52310487],4,0,"[0.383291892093257, 0.5586820702346661]",-1,-1
44811,[0.86274275 0.71632626],1,-1,-1,-1,0
44812,[0.63605551 0.63509345],9,2,"[0.5921204552873188, 0.6383928111301557]",-1,-1
44813,[0.41512918 0.22511586],6,-1,-1,-1,-1
44814,[0.3717997 0.4409525],3,-1,-1,-1,-1
44815,[0.70351172 0.49477332],8,3,"[0.6815204869410737, 0.47689852788858716]",831,2
44816,[0.13815273 0.35309533],2,-1,-1,-1,-1
44817,[0.34458927 0.58582579],4,0,"[0.383291892093257, 0.5586820702346661]",1842,-1
44818,[0.35628491 0.62711408],4,-1,-1,1304,-1
44819,[0.21877686 0.21562843],2,-1,-1,-1,-1
44820,[0.75011771 0.81626123],1,-1,-1,-1,0
44821,[0.4350442  0.28212107],6,-1,-1,-1,-1
44822,[0.26330913 0.24998717],0,9,"[0.3110394802231661, 0.23517199738277297]",-1,-1
44823,[0.60355407 0.63035095],9,2,"[0.5921204552873188, 0.6383928111301557]",1347,6
44824,[0.78988125 0.63782089],1,-1,-1,-1,0
44825,[0.34315493 0.34340253],2,1,"[0.3897435781344088, 0.3417040596068965]",-1,-1
44826,[0.58330836 0.6304235 ],9,2,"[0.5921204552873188, 0.6383928111301557]",1309,-1
44827,[0.28560398 0.26644961],0,9,"[0.3110394802231661, 0.23517199738277297]",1627,-1
44828,[0.72881283 0.76287514],1,4,"[0.7726811996944247, 0.7249303226766757]",-1,0
44829,[0.7057009  0.41410027],8,3,"[0.6815204869410737, 0.47689852788858716]",540,-1
44830,[0.2910644  0.49967379],7,8,"[0.27392971195344684, 0.45973140540928376]",-1,-1
44831,[0.81880343 0.78415533],1,-1,-1,-1,0
44832,[0.36807004 0.22329077],6,9,"[0.3110394802231661, 0.23517199738277297]",484,-1
44833,[0.38523175 0.56383284],7,0,"[0.383291892093257, 0.5586820702346661]",-1,-1
44834,[0.62231912 0.65394919],5,2,"[0.5921204552873188, 0.6383928111301557]",-1,-1
44835,[0.57040238 0.65727779],9,2,"[0.5921204552873188, 0.6383928111301557]",-1,-1
44836,[0.21684348 0.56317079],7,7,"[0.2817018170798153, 0.5849768676672948]",-1,-1
44837,[0.18070294 0.55967396],7,-1,-1,-1,-1
44838,[0.64727051 0.76994319],1,-1,-1,-1,-1
44839,[0.25966146 0.61174694],4,7,"[0.2817018170798153, 0.5849768676672948]",-1,-1
44840,[0.28548387 0.58674554],4,7,"[0.2817018170798153, 0.5849768676672948]",1810,-1
44841,[0.73295731 0.68269638],8,4,"[0.7726811996944247, 0.7249303226766757]",429,0
44842,[0.38557568 0.58291654],3,0,"[0.383291892093257, 0.5586820702346661]",1825,-1
44843,[0.41508833 0.29857041],6,1,"[0.3897435781344088, 0.3417040596068965]",889,-1
44844,[0.63435968 0.5163415 ],8,3,"[0.6815204869410737, 0.47689852788858716]",-1,-1
44845,[0.46106309 0.73935407],5,-1,-1,-1,-1
44846,[0.74855017 0.73905251],1,4,"[0.7726811996944247, 0.7249303226766757]",453,0
44847,[0.20009529 0.42683871],7,-1,-1,-1,-1
44848,[0.6763323  0.53976985],8,3,"[0.6815204869410737, 0.47689852788858716]",673,-1
44849,[0.26715841 0.56956811],4,7,"[0.2817018170798153, 0.5849768676672948]",1571,-1
44850,[0.2853675  0.58201234],4,7,"[0.2817018170798153, 0.5849768676672948]",1810,-1
44851,[0.31639557 0.32015565],6,-1,-1,1672,10
44852,[0.26787411 0.27305188],2,5,"[0.23231087327800656, 0.30304944505444303]",1635,-1
44853,[0.30881332 0.44117803],3,8,"[0.27392971195344684, 0.45973140540928376]",1081,-1
44854,[0.48364879 0.51454773],5,6,"[0.5164739970238864, 0.5319253761973344]",936,-1
44855,[0.77802426 0.6674963 ],1,4,"[0.7726811996944247, 0.7249303226766757]",389,0
44856,[0.5762186  0.52577429],8,6,"[0.5164739970238864, 0.5319253761973344]",1198,-1
44857,[0.29829067 0.49417393],7,8,"[0.27392971195344684, 0.45973140540928376]",-1,-1
44858,[0.22457982 0.35109777],2,5,"[0.23231087327800656, 0.30304944505444303]",1129,-1
44859,[0.75200931 0.48327683],8,-1,-1,507,-1
44860,[0.26578868 0.43309193],7,8,"[0.27392971195344684, 0.45973140540928376]",-1,-1
44861,[0.49905376 0.5138638 ],5,6,"[0.5164739970238864, 0.5319253761973344]",-1,-1
44862,[0.33340661 0.44112591],7,8,"[0.27392971195344684, 0.45973140540928376]",941,-1
44863,[0.32504811 0.61360303],4,7,"[0.2817018170798153, 0.5849768676672948]",1544,-1
44864,[0.70701976 0.43268794],8,3,"[0.6815204869410737, 0.47689852788858716]",538,-1
44865,[0.25915632 0.33520013],2,5,"[0.23231087327800656, 0.30304944505444303]",1538,-1
44866,[0.50729861 0.65827867],9,-1,-1,729,-1
44867,[0.66694235 0.74869375],9,-1,-1,-1,-1
44868,[0.72357414 0.73499269],1,4,"[0.7726811996944247, 0.7249303226766757]",381,0
44869,[0.33925105 0.45222806],3,8,"[0.27392971195344684, 0.45973140540928376]",1387,-1
44870,[0.34076427 0.57677635],7,0,"[0.383291892093257, 0.5586820702346661]",-1,-1
44871,[0.48860229 0.6657726 ],9,-1,-1,305,-1
44872,[0.70968097 0.51852905],8,3,"[0.6815204869410737, 0.47689852788858716]",569,-1
44873,[0.34901266 0.23808308],0,9,"[0.3110394802231661, 0.23517199738277297]",633,-1
44874,[0.44147247 0.38299675],6,1,"[0.3897435781344088, 0.3417040596068965]",741,-1
44875,[0.62341555 0.45552487],8,3,"[0.6815204869410737, 0.47689852788858716]",-1,-1
44876,[0.49024119 0.51030028],5,6,"[0.5164739970238864, 0.5319253761973344]",-1,-1
44877,[0.59482579 0.70548708],9,2,"[0.5921204552873188, 0.6383928111301557]",-1,-1
44878,[0.28468726 0.39594825],2,8,"[0.27392971195344684, 0.45973140540928376]",1066,-1
44879,[0.88398317 0.67554118],1,-1,-1,-1,-1
44880,[0.34648238 0.59894152],3,0,"[0.383291892093257, 0.5586820702346661]",1833,-1
44881,[0.32844872 0.68352001],3,-1,-1,156,-1
44882,[0.53160324 0.56782515],5,6,"[0.5164739970238864, 0.5319253761973344]",-1,-1
44883,[0.43188075 0.55150121],3,0,"[0.383291892093257, 0.5586820702346661]",-1,-1
44884,[0.26216859 0.26091816],0,5,"[0.23231087327800656, 0.30304944505444303]",1053,-1
44885,[0.37207528 0.60810587],3,0,"[0.383291892093257, 0.5586820702346661]",-1,-1
44886,[0.80374059 0.76073176],1,4,"[0.7726811996944247, 0.7249303226766757]",-1,0
44887,[0.30044408 0.26245048],0,9,"[0.3110394802231661, 0.23517199738277297]",-1,-1
44888,[0.52497157 0.64016937],5,2,"[0.5921204552873188, 0.6383928111301557]",1258,-1
44889,[0.26926405 0.52891985],4,7,"[0.2817018170798153, 0.5849768676672948]",1853,-1
44890,[0.7442721  0.37224684],8,-1,-1,60,-1
44891,[0.77084648 0.64039905],1,-1,-1,-1,0
44892,[0.79351163 0.73303218],1,4,"[0.7726811996944247, 0.7249303226766757]",-1,0
44893,[0.46615661 0.30290543],6,-1,-1,337,-1
44894,[0.23897774 0.30820811],2,5,"[0.23231087327800656, 0.30304944505444303]",1567,-1
44895,[0.19832679 0.31782838],0,5,"[0.23231087327800656, 0.30304944505444303]",-1,-1
44896,[0.14617826 0.22149394],0,-1,-1,-1,-1
44897,[0.44764267 0.52708896],3,6,"[0.5164739970238864, 0.5319253761973344]",-1,-1
44898,[0.40801146 0.30002795],6,1,"[0.3897435781344088, 0.3417040596068965]",-1,-1
44899,[0.57682387 0.53362868],5,6,"[0.5164739970238864, 0.5319253761973344]",1400,-1
44900,[0.5121805  0.35149573],6,-1,-1,63,-1
44901,[0.18031992 0.25887017],0,5,"[0.23231087327800656, 0.30304944505444303]",505,-1
44902,[0.69209382 0.46027194],8,3,"[0.6815204869410737, 0.47689852788858716]",806,-1
44903,[0.65321451 0.74385861],9,-1,-1,-1,0
44904,[0.64938152 0.63576326],9,2,"[0.5921204552873188, 0.6383928111301557]",939,-1
44905,[0.16887704 0.52181872],7,-1,-1,-1,-1
44906,[0.78939141 0.71459372],1,4,"[0.7726811996944247, 0.7249303226766757]",-1,0
44907,[0.48151942 0.41975485],5,-1,-1,-1,-1
44908,[0.15880668 0.47844236],7,-1,-1,-1,-1
44909,[0.34744603 0.33516128],0,1,"[0.3897435781344088, 0.3417040596068965]",-1,-1
44910,[0.35107889 0.60399667],3,0,"[0.383291892093257, 0.5586820702346661]",1833,-1
44911,[0.50215595 0.48359109],5,6,"[0.5164739970238864, 0.5319253761973344]",-1,-1
44912,[0.73140124 0.71475941],1,4,"[0.7726811996944247, 0.7249303226766757]",351,0
44913,[0.41546665 0.57204677],3,0,"[0.383291892093257, 0.5586820702346661]",-1,-1
44914,[0.3817119  0.57883957],3,0,"[0.383291892093257, 0.5586820702346661]",-1,-1
44915,[0.2504083  0.08655201],0,-1,-1,-1,-1
44916,[0.59916882 0.62316526],9,2,"[0.5921204552873188, 0.6383928111301557]",-1,6
44917,[0.29206558 0.23171253],0,9,"[0.3110394802231661, 0.23517199738277297]",1370,-1
44918,[0.262121   0.27955637],0,5,"[0.23231087327800656, 0.30304944505444303]",1547,-1
44919,[0.75931058 0.74456309],1,4,"[0.7726811996944247, 0.7249303226766757]",430,0
44920,[0.6060908  0.56667648],5,-1,-1,-1,-1
44921,[0.35900018 0.60804368],4,0,"[0.383291892093257, 0.5586820702346661]",1829,-1
44922,[0.56041804 0.55035157],5,6,"[0.5164739970238864, 0.5319253761973344]",-1,-1
44923,[0.54584915 0.65313995],9,2,"[0.5921204552873188, 0.6383928111301557]",-1,-1
44924,[0.40108543 0.32234605],6,1,"[0.3897435781344088, 0.3417040596068965]",966,-1
44925,[0.63580667 0.48432434],8,3,"[0.6815204869410737, 0.47689852788858716]",-1,-1
44926,[0.3102224  0.34300757],2,-1,-1,-1,8
44927,[0.27031429 0.39606218],0,8,"[0.27392971195344684, 0.45973140540928376]",1019,-1
44928,[0.76599949 0.52788947],8,-1,-1,-1,-1
44929,[0.57964123 0.4697778 ],8,-1,-1,-1,-1
44930,[0.37246904 0.33657599],6,1,"[0.3897435781344088, 0.3417040596068965]",-1,-1
44931,[0.65354571 0.41791908],8,3,"[0.6815204869410737, 0.47689852788858716]",521,-1
44932,[0.5337232  0.48658332],5,6,"[0.5164739970238864, 0.5319253761973344]",927,-1
44933,[0.27764354 0.50695836],7,8,"[0.27392971195344684, 0.45973140540928376]",1760,-1
44934,[0.57933157 0.43322545],8,-1,-1,252,-1
44935,[0.58880877 0.61699832],9,2,"[0.5921204552873188, 0.6383928111301557]",1418,-1
44936,[0.33479936 0.57228647],3,0,"[0.383291892093257, 0.5586820702346661]",1979,-1
44937,[0.30164252 0.48282653],7,8,"[0.27392971195344684, 0.45973140540928376]",-1,-1
44938,[0.39480983 0.26304162],6,-1,-1,838,-1
44939,[0.32579809 0.27205   ],0,9,"[0.3110394802231661, 0.23517199738277297]",1504,-1
44940,[0.19451218 0.21308372],0,-1,-1,565,-1
44941,[0.18537135 0.30439292],0,5,"[0.23231087327800656, 0.30304944505444303]",-1,-1
44942,[0.58979713 0.49013614],5,-1,-1,-1,-1
44943,[0.42957396 0.51873568],5,0,"[0.383291892093257, 0.5586820702346661]",-1,-1
44944,[0.59758634 0.56446555],9,-1,-1,-1,5
44945,[0.45911971 0.59757232],3,-1,-1,-1,4
44946,[0.27055424 0.31785647],2,5,"[0.23231087327800656, 0.30304944505444303]",-1,9
44947,[0.31253457 0.44273097],7,8,"[0.27392971195344684, 0.45973140540928376]",1080,-1
44948,[0.34091267 0.24447023],0,9,"[0.3110394802231661, 0.23517199738277297]",-1,-1
44949,[0.70756106 0.63805803],8,-1,-1,238,-1
44950,[0.44729836 0.51024449],3,-1,-1,1059,-1
44951,[0.59941825 0.61996983],5,2,"[0.5921204552873188, 0.6383928111301557]",-1,-1
44952,[0.17279195 0.33147975],0,5,"[0.23231087327800656, 0.30304944505444303]",-1,-1
44953,[0.59530316 0.30520765],8,-1,-1,-1,-1
44954,[0.20956164 0.23264329],0,-1,-1,898,-1
44955,[0.39138414 0.27257399],0,1,"[0.3897435781344088, 0.3417040596068965]",-1,-1
44956,[0.62745824 0.71064579],9,-1,-1,-1,-1
44957,[0.23948856 0.29688866],0,5,"[0.23231087327800656, 0.30304944505444303]",1298,-1
44958,[0.46254537 0.63311801],9,-1,-1,-1,-1
44959,[0.33548694 0.62512167],3,7,"[0.2817018170798153, 0.5849768676672948]",-1,-1
44960,[0.52765326 0.53623586],9,6,"[0.5164739970238864, 0.5319253761973344]",1177,-1
44961,[0.31840461 0.30779935],6,-1,-1,-1,-1
44962,[0.34643581 0.66948976],7,-1,-1,298,-1
44963,[0.27241536 0.60075991],7,7,"[0.2817018170798153, 0.5849768676672948]",-1,-1
44964,[0.36386154 0.6650219 ],3,-1,-1,-1,-1
44965,[0.61944032 0.35248167],8,-1,-1,-1,-1
44966,[0.43491287 0.63241144],4,-1,-1,-1,-1
44967,[0.26182568 0.21753882],0,9,"[0.3110394802231661, 0.23517199738277297]",-1,-1
44968,[0.14130421 0.53940814],7,-1,-1,-1,-1
44969,[0.34903226 0.38800975],6,1,"[0.3897435781344088, 0.3417040596068965]",994,-1
44970,[0.31637329 0.27543734],6,9,"[0.3110394802231661, 0.23517199738277297]",1506,-1
44971,[0.68007546 0.33369215],8,-1,-1,-1,-1
44972,[0.81797733 0.77317317],1,4,"[0.7726811996944247, 0.7249303226766757]",254,0
44973,[0.47544437 0.50587583],9,6,"[0.5164739970238864, 0.5319253761973344]",876,-1
44974,[0.33455684 0.60020833],7,7,"[0.2817018170798153, 0.5849768676672948]",1864,-1
44975,[0.23238622 0.48233806],4,8,"[0.27392971195344684, 0.45973140540928376]",-1,-1
44976,[0.2067092  0.19735052],0,-1,-1,227,-1
44977,[0.55135184 0.62955167],5,2,"[0.5921204552873188, 0.6383928111301557]",-1,-1
44978,[0.7059344  0.63657481],9,-1,-1,238,-1
44979,[0.35894056 0.53157812],4,0,"[0.383291892093257, 0.5586820702346661]",1935,-1
44980,[0.27343462 0.54302229],7,7,"[0.2817018170798153, 0.5849768676672948]",-1,-1
44981,[0.19608274 0.45863821],7,-1,-1,-1,-1
44982,[0.62359835 0.56056185],9,-1,-1,-1,-1
44983,[0.37254813 0.54133738],3,0,"[0.383291892093257, 0.5586820702346661]",-1,-1
44984,[0.55741119 0.58577176],5,2,"[0.5921204552873188, 0.6383928111301557]",-1,6
44985,[0.82625189 0.69676441],1,4,"[0.7726811996944247, 0.7249303226766757]",364,0
44986,[0.6275134  0.65003345],9,2,"[0.5921204552873188, 0.6383928111301557]",-1,-1
44987,[0.70983655 0.41790995],8,3,"[0.6815204869410737, 0.47689852788858716]",-1,-1
44988,[0.59984352 0.50406715],5,-1,-1,844,-1
44989,[0.18852868 0.39280363],2,-1,-1,133,-1
44990,[0.55626382 0.42499944],5,-1,-1,-1,-1
44991,[0.52643519 0.705257  ],9,-1,-1,295,-1
44992,[0.63193782 0.67061069],9,2,"[0.5921204552873188, 0.6383928111301557]",-1,-1
44993,[0.52016905 0.43947238],5,-1,-1,-1,-1
44994,[0.36600802 0.49220479],4,0,"[0.383291892093257, 0.5586820702346661]",-1,-1
44995,[0.67203251 0.56501514],5,-1,-1,-1,-1
44996,[0.21071451 0.42491265],2,-1,-1,333,-1
44997,[0.23691865 0.56499719],4,7,"[0.2817018170798153, 0.5849768676672948]",-1,-1
44998,[0.33805999 0.18485161],2,9,"[0.3110394802231661, 0.23517199738277297]",256,-1
44999,[0.41187413 0.23693049],2,-1,-1,-1,-1
45000,[0.21250735 0.24675908],2,5,"[0.23231087327800656, 0.30304944505444303]",895,-1
45001,[0.76767776 0.72928999],1,4,"[0.7726811996944247, 0.7249303226766757]",469,0
45002,[0.50254218 0.54623105],5,6,"[0.5164739970238864, 0.5319253761973344]",1186,-1
45003,[0.22142211 0.39922895],2,-1,-1,502,-1
45004,[0.36205338 0.59370457],7,0,"[0.383291892093257, 0.5586820702346661]",-1,-1
45005,[0.31629881 0.28775724],0,9,"[0.3110394802231661, 0.23517199738277297]",-1,11
45006,[0.29771095 0.50620666],7,8,"[0.27392971195344684, 0.45973140540928376]",1889,-1
45007,[0.29570929 0.39767492],2,8,"[0.27392971195344684, 0.45973140540928376]",1067,-1
45008,[0.22010468 0.40329239],3,-1,-1,502,-1
45009,[0.55857903 0.5988197 ],9,2,"[0.5921204552873188, 0.6383928111301557]",1342,-1
45010,[0.34533607 0.46526985],4,-1,-1,-1,-1
45011,[0.83919891 0.74205747],1,4,"[0.7726811996944247, 0.7249303226766757]",342,0
45012,[0.37448278 0.54101761],4,0,"[0.383291892093257, 0.5586820702346661]",1811,-1
45013,[0.67641815 0.4631624 ],8,3,"[0.6815204869410737, 0.47689852788858716]",735,2
45014,[0.52302038 0.36837521],6,-1,-1,-1,-1
45015,[0.22316677 0.59914234],4,7,"[0.2817018170798153, 0.5849768676672948]",246,-1
45016,[0.60897856 0.63792193],9,2,"[0.5921204552873188, 0.6383928111301557]",1332,-1
45017,[0.2277481  0.18268593],0,-1,-1,-1,-1
45018,[0.19327013 0.27487556],0,5,"[0.23231087327800656, 0.30304944505444303]",-1,-1
45019,[0.24913165 0.53425509],7,7,"[0.2817018170798153, 0.5849768676672948]",1482,-1
45020,[0.66652383 0.78779496],9,-1,-1,-1,-1
45021,[0.31109056 0.61007778],7,7,"[0.2817018170798153, 0.5849768676672948]",-1,-1
45022,[0.40165028 0.42687331],7,-1,-1,363,-1
45023,[0.37939345 0.60067818],3,0,"[0.383291892093257, 0.5586820702346661]",-1,-1
45024,[0.78805685 0.62929798],9,-1,-1,77,0
45025,[0.32787793 0.42903081],7,8,"[0.27392971195344684, 0.45973140540928376]",-1,-1
45026,[0.58561341 0.53870856],5,6,"[0.5164739970238864, 0.5319253761973344]",1234,-1
45027,[0.60475601 0.4026663 ],5,-1,-1,164,-1
45028,[0.20233131 0.33163785],2,5,"[0.23231087327800656, 0.30304944505444303]",-1,-1
45029,[0.68105723 0.38988307],8,-1,-1,-1,-1
45030,[0.32480502 0.68310933],4,-1,-1,156,-1
45031,[0.27116932 0.3537468 ],2,5,"[0.23231087327800656, 0.30304944505444303]",-1,-1
45032,[0.79800172 0.72308849],1,4,"[0.7726811996944247, 0.7249303226766757]",461,0
45033,[0.78493328 0.76055808],1,4,"[0.7726811996944247, 0.7249303226766757]",-1,0
45034,[0.21381894 0.34920145],0,5,"[0.23231087327800656, 0.30304944505444303]",-1,-1
45035,[0.43850876 0.57212768],4,0,"[0.383291892093257, 0.5586820702346661]",-1,-1
45036,[0.57976891 0.61307873],9,2,"[0.5921204552873188, 0.6383928111301557]",-1,6
45037,[0.61714218 0.6827126 ],1,2,"[0.5921204552873188, 0.6383928111301557]",662,-1
45038,[0.71284982 0.51429337],8,3,"[0.6815204869410737, 0.47689852788858716]",-1,-1
45039,[0.35903111 0.50742617],4,0,"[0.383291892093257, 0.5586820702346661]",1897,-1
45040,[0.63392342 0.52391586],8,3,"[0.6815204869410737, 0.47689852788858716]",-1,-1
45041,[0.27105506 0.52272608],4,8,"[0.27392971195344684, 0.45973140540928376]",-1,-1
45042,[0.29873031 0.50999919],7,8,"[0.27392971195344684, 0.45973140540928376]",1852,-1
45043,[0.24515031 0.22234652],0,9,"[0.3110394802231661, 0.23517199738277297]",-1,-1
45044,[0.63523392 0.52047267],9,3,"[0.6815204869410737, 0.47689852788858716]",-1,-1
45045,[0.75345177 0.53545075],8,-1,-1,-1,-1
45046,[0.30325721 0.23583496],2,9,"[0.3110394802231661, 0.23517199738277297]",1492,-1
45047,[0.3097834  0.48975743],7,8,"[0.27392971195344684, 0.45973140540928376]",-1,-1
45048,[0.35171409 0.23621624],2,9,"[0.3110394802231661, 0.23517199738277297]",633,-1
45049,[0.41883104 0.5316276 ],5,0,"[0.383291892093257, 0.5586820702346661]",1469,-1
45050,[0.52408703 0.64721803],5,2,"[0.5921204552873188, 0.6383928111301557]",-1,-1
45051,[0.27770936 0.50655169],4,8,"[0.27392971195344684, 0.45973140540928376]",1760,-1
45052,[0.70489267 0.55577497],9,-1,-1,563,-1
45053,[0.22094976 0.5824296 ],4,7,"[0.2817018170798153, 0.5849768676672948]",380,-1
45054,[0.39184063 0.29466617],6,1,"[0.3897435781344088, 0.3417040596068965]",-1,-1
45055,[0.74008149 0.79276947],1,-1,-1,-1,0
45056,[0.39622842 0.57061288],3,0,"[0.383291892093257, 0.5586820702346661]",1770,-1
45057,[0.42182936 0.38305773],6,1,"[0.3897435781344088, 0.3417040596068965]",-1,-1
45058,[0.18614283 0.25104088],0,5,"[0.23231087327800656, 0.30304944505444303]",676,-1
45059,[0.47727633 0.6985074 ],3,-1,-1,143,-1
45060,[0.54475638 0.54754254],8,6,"[0.5164739970238864, 0.5319253761973344]",-1,6
45061,[0.28813245 0.57504094],4,7,"[0.2817018170798153, 0.5849768676672948]",1773,-1
45062,[0.2611046  0.68195585],4,-1,-1,-1,-1
45063,[0.43801218 0.55403817],3,0,"[0.383291892093257, 0.5586820702346661]",1294,-1
45064,[0.25100755 0.38361831],2,-1,-1,1147,-1
45065,[0.23144186 0.39171936],2,-1,-1,-1,-1
45066,[0.49903259 0.69906472],9,-1,-1,-1,-1
45067,[0.43292058 0.55976826],3,0,"[0.383291892093257, 0.5586820702346661]",-1,-1
45068,[0.55301688 0.61155133],9,2,"[0.5921204552873188, 0.6383928111301557]",-1,-1
45069,[0.5317235  0.63893681],5,2,"[0.5921204552873188, 0.6383928111301557]",1258,-1
45070,[0.36167144 0.60227696],4,0,"[0.383291892093257, 0.5586820702346661]",-1,-1
45071,[0.21147053 0.23213683],0,-1,-1,898,-1
45072,[0.25410948 0.2937557 ],0,5,"[0.23231087327800656, 0.30304944505444303]",-1,-1
45073,[0.20408306 0.2758989 ],0,5,"[0.23231087327800656, 0.30304944505444303]",-1,-1
45074,[0.42304377 0.32081539],6,1,"[0.3897435781344088, 0.3417040596068965]",-1,-1
45075,[0.65754856 0.5460347 ],8,-1,-1,-1,-1
45076,[0.30497336 0.48173932],7,8,"[0.27392971195344684, 0.45973140540928376]",-1,-1
45077,[0.44321511 0.53184144],7,0,"[0.383291892093257, 0.5586820702346661]",-1,-1
45078,[0.2481659  0.18594333],0,-1,-1,344,-1
45079,[0.19300052 0.43558825],2,-1,-1,-1,-1
45080,[0.69423201 0.85045948],1,-1,-1,-1,-1
45081,[0.74778843 0.3216835 ],8,-1,-1,-1,-1
45082,[0.3767349  0.42344478],3,-1,-1,683,-1
45083,[0.52743048 0.52901559],5,6,"[0.5164739970238864, 0.5319253761973344]",-1,-1
45084,[0.23083736 0.41878237],7,8,"[0.27392971195344684, 0.45973140540928376]",499,-1
45085,[0.68945587 0.55917327],8,-1,-1,-1,-1
45086,[0.45344868 0.34466685],6,1,"[0.3897435781344088, 0.3417040596068965]",-1,-1
45087,[0.40527265 0.52831188],3,0,"[0.383291892093257, 0.5586820702346661]",1641,-1
45088,[0.55640779 0.46913912],5,-1,-1,757,-1
45089,[0.37584662 0.54227807],3,0,"[0.383291892093257, 0.5586820702346661]",1811,-1
45090,[0.74197078 0.80603385],1,-1,-1,288,0
45091,[0.46675437 0.58239046],3,-1,-1,1232,-1
45092,[0.30974658 0.48733629],7,8,"[0.27392971195344684, 0.45973140540928376]",-1,-1
45093,[0.36263003 0.42259327],7,-1,-1,883,-1
45094,[0.37152917 0.5323087 ],3,0,"[0.383291892093257, 0.5586820702346661]",1934,-1
45095,[0.28147823 0.38132018],2,-1,-1,1098,-1
45096,[0.42816524 0.3552617 ],6,1,"[0.3897435781344088, 0.3417040596068965]",-1,-1
45097,[0.52013033 0.6001849 ],5,6,"[0.5164739970238864, 0.5319253761973344]",-1,-1
45098,[0.26027056 0.18031883],0,-1,-1,239,-1
45099,[0.56790584 0.73303799],9,-1,-1,-1,-1
45100,[0.42880285 0.48684437],3,-1,-1,766,-1
45101,[0.5925751  0.62029277],9,2,"[0.5921204552873188, 0.6383928111301557]",1343,6
45102,[0.35714541 0.69628437],3,-1,-1,-1,-1
45103,[0.72048037 0.67864959],9,4,"[0.7726811996944247, 0.7249303226766757]",390,0
45104,[0.22381685 0.29857718],2,5,"[0.23231087327800656, 0.30304944505444303]",-1,-1
45105,[0.29772733 0.32537087],2,5,"[0.23231087327800656, 0.30304944505444303]",1661,-1
45106,[0.61427934 0.73300498],9,-1,-1,213,-1
45107,[0.55506144 0.64244128],9,2,"[0.5921204552873188, 0.6383928111301557]",1278,6
45108,[0.58239436 0.44135447],5,-1,-1,-1,-1
45109,[0.31574952 0.23440571],2,9,"[0.3110394802231661, 0.23517199738277297]",-1,-1
45110,[0.78094827 0.44518605],8,-1,-1,-1,-1
45111,[0.67779247 0.56890742],9,-1,-1,464,-1
45112,[0.18915161 0.44656181],7,-1,-1,100,-1
45113,[0.41985013 0.5329859 ],3,0,"[0.383291892093257, 0.5586820702346661]",1469,-1
45114,[0.29227427 0.54208259],4,7,"[0.2817018170798153, 0.5849768676672948]",1907,14
45115,[0.48635769 0.49543655],5,6,"[0.5164739970238864, 0.5319253761973344]",-1,-1
45116,[0.40105516 0.6099057 ],3,0,"[0.383291892093257, 0.5586820702346661]",-1,-1
45117,[0.56102467 0.68731089],9,2,"[0.5921204552873188, 0.6383928111301557]",630,-1
45118,[0.21578848 0.28042861],0,5,"[0.23231087327800656, 0.30304944505444303]",1114,-1
45119,[0.82337781 0.75586253],1,4,"[0.7726811996944247, 0.7249303226766757]",368,0
45120,[0.29701685 0.28286864],2,9,"[0.3110394802231661, 0.23517199738277297]",1554,-1
45121,[0.3925371  0.27035287],6,-1,-1,-1,-1
45122,[0.27169614 0.31224566],0,5,"[0.23231087327800656, 0.30304944505444303]",1585,-1
45123,[0.36826116 0.56188201],7,0,"[0.383291892093257, 0.5586820702346661]",1856,12
45124,[0.6230824 0.5351887],9,-1,-1,774,-1
45125,[0.25642726 0.59782337],7,7,"[0.2817018170798153, 0.5849768676672948]",-1,-1
45126,[0.44959763 0.34861699],6,1,"[0.3897435781344088, 0.3417040596068965]",525,-1
45127,[0.48819842 0.46088293],5,-1,-1,279,-1
45128,[0.3245497  0.28768434],0,9,"[0.3110394802231661, 0.23517199738277297]",-1,-1
45129,[0.52805403 0.49320824],5,6,"[0.5164739970238864, 0.5319253761973344]",1096,-1
45130,[0.49933767 0.55447329],5,6,"[0.5164739970238864, 0.5319253761973344]",-1,-1
45131,[0.33206785 0.21803314],0,9,"[0.3110394802231661, 0.23517199738277297]",891,-1
45132,[0.43593442 0.57049038],4,0,"[0.383291892093257, 0.5586820702346661]",1164,-1
45133,[0.41470779 0.40445983],7,1,"[0.3897435781344088, 0.3417040596068965]",758,-1
45134,[0.70116567 0.63575887],9,-1,-1,-1,-1
45135,[0.34036971 0.54319659],3,0,"[0.383291892093257, 0.5586820702346661]",-1,-1
45136,[0.29713731 0.48873994],7,8,"[0.27392971195344684, 0.45973140540928376]",1792,-1
45137,[0.45087848 0.55338941],3,0,"[0.383291892093257, 0.5586820702346661]",-1,-1
45138,[0.33731215 0.27841548],2,9,"[0.3110394802231661, 0.23517199738277297]",-1,-1
45139,[0.45608851 0.25412884],6,-1,-1,-1,-1
45140,[0.85319551 0.71280981],1,-1,-1,313,0
45141,[0.37343749 0.55752823],3,0,"[0.383291892093257, 0.5586820702346661]",1855,-1
45142,[0.26180896 0.34930013],2,5,"[0.23231087327800656, 0.30304944505444303]",1586,-1
45143,[0.7542737  0.73465727],1,4,"[0.7726811996944247, 0.7249303226766757]",-1,0
45144,[0.29327209 0.54350097],4,7,"[0.2817018170798153, 0.5849768676672948]",1907,14
45145,[0.53813927 0.54988159],9,6,"[0.5164739970238864, 0.5319253761973344]",1406,6
45146,[0.65877347 0.38755911],8,-1,-1,-1,-1
45147,[0.44589951 0.56267702],3,0,"[0.383291892093257, 0.5586820702346661]",1281,-1
45148,[0.29934117 0.5041674 ],3,8,"[0.27392971195344684, 0.45973140540928376]",1889,-1
45149,[0.72863386 0.75275555],1,4,"[0.7726811996944247, 0.7249303226766757]",422,0
45150,[0.74297855 0.6983912 ],1,4,"[0.7726811996944247, 0.7249303226766757]",435,0
45151,[0.35506294 0.64955183],4,-1,-1,576,-1
45152,[0.53882118 0.48433073],9,6,"[0.5164739970238864, 0.5319253761973344]",-1,-1
45153,[0.38940967 0.55045839],5,0,"[0.383291892093257, 0.5586820702346661]",1815,-1
45154,[0.36630879 0.23757269],2,9,"[0.3110394802231661, 0.23517199738277297]",-1,-1
45155,[0.51372603 0.66975089],3,-1,-1,-1,-1
45156,[0.33456014 0.56474975],7,0,"[0.383291892093257, 0.5586820702346661]",1975,-1
45157,[0.17101646 0.3233993 ],2,5,"[0.23231087327800656, 0.30304944505444303]",-1,-1
45158,[0.38063735 0.40194697],3,1,"[0.3897435781344088, 0.3417040596068965]",722,-1
45159,[0.30530439 0.68664698],7,-1,-1,85,-1
45160,[0.6699978  0.46177943],8,3,"[0.6815204869410737, 0.47689852788858716]",-1,-1
45161,[0.7391343  0.70851575],1,4,"[0.7726811996944247, 0.7249303226766757]",436,0
45162,[0.27494575 0.48929614],7,8,"[0.27392971195344684, 0.45973140540928376]",1797,-1
45163,[0.57245786 0.46334253],5,-1,-1,517,-1
45164,[0.4202186  0.53250167],5,0,"[0.383291892093257, 0.5586820702346661]",1469,-1
45165,[0.4752187 0.6506311],5,-1,-1,-1,-1
45166,[0.36596344 0.64873406],3,-1,-1,913,-1
45167,[0.38137194 0.41790321],2,-1,-1,-1,-1
45168,[0.78867925 0.51290962],8,-1,-1,-1,-1
45169,[0.23982903 0.28447966],0,5,"[0.23231087327800656, 0.30304944505444303]",1531,-1
45170,[0.20878284 0.24010886],0,5,"[0.23231087327800656, 0.30304944505444303]",896,-1
45171,[0.80682305 0.7500834 ],1,4,"[0.7726811996944247, 0.7249303226766757]",-1,0
45172,[0.73647859 0.62907491],1,-1,-1,184,0
45173,[0.27085578 0.34716199],2,5,"[0.23231087327800656, 0.30304944505444303]",1592,-1
45174,[0.29496003 0.41389906],7,8,"[0.27392971195344684, 0.45973140540928376]",1074,-1
45175,[0.19273135 0.52371736],7,-1,-1,166,-1
45176,[0.24770186 0.55739283],7,7,"[0.2817018170798153, 0.5849768676672948]",1706,-1
45177,[0.34927022 0.57696789],3,0,"[0.383291892093257, 0.5586820702346661]",1842,-1
45178,[0.60995442 0.62935665],9,2,"[0.5921204552873188, 0.6383928111301557]",1336,-1
45179,[0.77851903 0.84936811],1,-1,-1,21,-1
45180,[0.32739836 0.29823053],6,9,"[0.3110394802231661, 0.23517199738277297]",1659,-1
45181,[0.3055255 0.2884522],2,9,"[0.3110394802231661, 0.23517199738277297]",1685,11
45182,[0.31989744 0.28007297],0,9,"[0.3110394802231661, 0.23517199738277297]",-1,-1
45183,[0.83172998 0.78402194],1,-1,-1,-1,0
45184,[0.6131667  0.66807781],9,2,"[0.5921204552873188, 0.6383928111301557]",1112,-1
45185,[0.54909807 0.40400893],5,-1,-1,-1,-1
45186,[0.31952728 0.6131769 ],4,7,"[0.2817018170798153, 0.5849768676672948]",1763,-1
45187,[0.33439241 0.51042237],7,0,"[0.383291892093257, 0.5586820702346661]",-1,-1
45188,[0.24619733 0.14375285],0,-1,-1,-1,-1
45189,[0.28789198 0.42081258],6,8,"[0.27392971195344684, 0.45973140540928376]",1075,-1
45190,[0.68817555 0.47399148],8,3,"[0.6815204869410737, 0.47689852788858716]",809,2
45191,[0.30581101 0.50757337],7,8,"[0.27392971195344684, 0.45973140540928376]",-1,-1
45192,[0.38339528 0.41885055],4,-1,-1,-1,-1
45193,[0.37348761 0.57062605],5,0,"[0.383291892093257, 0.5586820702346661]",-1,12
45194,[0.56778824 0.46467735],5,-1,-1,-1,-1
45195,[0.49399121 0.57138684],5,6,"[0.5164739970238864, 0.5319253761973344]",1378,-1
45196,[0.49482554 0.44654961],5,-1,-1,-1,-1
45197,[0.52433403 0.51770207],5,6,"[0.5164739970238864, 0.5319253761973344]",-1,3
45198,[0.61170052 0.59448977],9,2,"[0.5921204552873188, 0.6383928111301557]",1323,-1
45199,[0.55595739 0.70897944],9,-1,-1,-1,-1
45200,[0.29510186 0.5170813 ],3,8,"[0.27392971195344684, 0.45973140540928376]",-1,-1
45201,[0.70772714 0.54621084],8,-1,-1,-1,-1
45202,[0.34849661 0.33219155],0,1,"[0.3897435781344088, 0.3417040596068965]",1414,-1
45203,[0.3543739  0.40099099],2,1,"[0.3897435781344088, 0.3417040596068965]",905,-1
45204,[0.31361564 0.5846153 ],4,7,"[0.2817018170798153, 0.5849768676672948]",1967,17
45205,[0.41119506 0.41385266],2,-1,-1,-1,-1
45206,[0.69166886 0.85549888],1,-1,-1,-1,-1
45207,[0.2835215  0.53190917],7,7,"[0.2817018170798153, 0.5849768676672948]",-1,14
45208,[0.42457219 0.36416729],6,1,"[0.3897435781344088, 0.3417040596068965]",682,-1
45209,[0.48956811 0.56612732],3,6,"[0.5164739970238864, 0.5319253761973344]",-1,-1
45210,[0.43882935 0.49566976],4,-1,-1,617,-1
45211,[0.57875402 0.61532435],9,2,"[0.5921204552873188, 0.6383928111301557]",1419,-1
45212,[0.33020375 0.44300066],7,8,"[0.27392971195344684, 0.45973140540928376]",941,-1
45213,[0.57531879 0.80209311],9,-1,-1,-1,-1
45214,[0.3089066  0.24842573],2,9,"[0.3110394802231661, 0.23517199738277297]",1499,-1
45215,[0.57506652 0.5976306 ],9,2,"[0.5921204552873188, 0.6383928111301557]",-1,6
45216,[0.26319508 0.34359976],2,5,"[0.23231087327800656, 0.30304944505444303]",-1,-1
45217,[0.72944262 0.637677  ],9,-1,-1,184,0
45218,[0.25755596 0.48269199],7,8,"[0.27392971195344684, 0.45973140540928376]",1709,-1
45219,[0.66486998 0.54580542],5,-1,-1,670,-1
45220,[0.24862907 0.48575903],7,8,"[0.27392971195344684, 0.45973140540928376]",1710,-1
45221,[0.22995822 0.23835993],0,5,"[0.23231087327800656, 0.30304944505444303]",946,-1
45222,[0.50818929 0.68961367],9,-1,-1,274,-1
45223,[0.26226981 0.39271455],2,8,"[0.27392971195344684, 0.45973140540928376]",945,-1
45224,[0.18968001 0.23790291],0,-1,-1,535,-1
45225,[0.51350455 0.57859617],5,6,"[0.5164739970238864, 0.5319253761973344]",-1,6
45226,[0.66763533 0.65707572],9,-1,-1,636,-1
45227,[0.43053786 0.4887434 ],5,-1,-1,766,-1
45228,[0.77157853 0.6804845 ],1,4,"[0.7726811996944247, 0.7249303226766757]",399,0
45229,[0.23840284 0.54940274],7,7,"[0.2817018170798153, 0.5849768676672948]",-1,-1
45230,[0.49958813 0.63812221],9,-1,-1,260,-1
45231,[0.37490402 0.22777428],0,9,"[0.3110394802231661, 0.23517199738277297]",484,-1
45232,[0.44795386 0.37909016],2,1,"[0.3897435781344088, 0.3417040596068965]",-1,-1
45233,[0.31275464 0.37427993],7,-1,-1,1423,-1
45234,[0.5410616  0.65605185],9,2,"[0.5921204552873188, 0.6383928111301557]",1056,-1
45235,[0.57948874 0.63538161],9,2,"[0.5921204552873188, 0.6383928111301557]",1095,-1
45236,[0.6403164  0.54028677],8,-1,-1,1116,-1
45237,[0.57171589 0.47036757],5,-1,-1,-1,-1
45238,[0.23476245 0.34689023],0,5,"[0.23231087327800656, 0.30304944505444303]",1522,-1
45239,[0.52780555 0.53869993],5,6,"[0.5164739970238864, 0.5319253761973344]",1177,-1
45240,[0.39919268 0.45933647],3,-1,-1,-1,-1
45241,[0.59965473 0.53934592],5,-1,-1,-1,-1
45242,[0.30557043 0.41891307],2,8,"[0.27392971195344684, 0.45973140540928376]",1017,-1
45243,[0.19859391 0.26910907],0,5,"[0.23231087327800656, 0.30304944505444303]",-1,-1
45244,[0.20866465 0.50820942],4,-1,-1,-1,-1
45245,[0.34768979 0.20975744],0,9,"[0.3110394802231661, 0.23517199738277297]",500,-1
45246,[0.20069302 0.34116309],0,5,"[0.23231087327800656, 0.30304944505444303]",-1,-1
45247,[0.56810183 0.64063663],9,2,"[0.5921204552873188, 0.6383928111301557]",1220,6
45248,[0.78757785 0.48564113],8,-1,-1,-1,-1
45249,[0.45922361 0.64316455],3,-1,-1,-1,-1
45250,[0.79891225 0.76717855],1,4,"[0.7726811996944247, 0.7249303226766757]",427,0
45251,[0.4785008  0.49198868],5,6,"[0.5164739970238864, 0.5319253761973344]",875,-1
45252,[0.46642651 0.30190879],6,-1,-1,-1,-1
45253,[0.24245421 0.6723691 ],4,-1,-1,37,-1
45254,[0.1993191  0.25971639],0,5,"[0.23231087327800656, 0.30304944505444303]",1012,-1
45255,[0.50486708 0.24557492],6,-1,-1,-1,-1
45256,[0.25890721 0.47472122],4,8,"[0.27392971195344684, 0.45973140540928376]",-1,-1
45257,[0.29248338 0.37249044],7,-1,-1,1092,-1
45258,[0.66129667 0.47683361],8,3,"[0.6815204869410737, 0.47689852788858716]",-1,-1
45259,[0.30269194 0.59986446],3,7,"[0.2817018170798153, 0.5849768676672948]",-1,-1
45260,[0.31561302 0.48403849],4,8,"[0.27392971195344684, 0.45973140540928376]",-1,-1
45261,[0.28010446 0.2921801 ],2,5,"[0.23231087327800656, 0.30304944505444303]",1687,11
45262,[0.42812508 0.43338791],6,-1,-1,-1,-1
45263,[0.48931834 0.30918594],6,-1,-1,-1,-1
45264,[0.35125994 0.50345429],4,0,"[0.383291892093257, 0.5586820702346661]",1801,-1
45265,[0.33179297 0.28168915],0,9,"[0.3110394802231661, 0.23517199738277297]",1520,-1
45266,[0.82349214 0.69621372],1,4,"[0.7726811996944247, 0.7249303226766757]",-1,0
45267,[0.67995962 0.54478014],9,3,"[0.6815204869410737, 0.47689852788858716]",672,-1
45268,[0.37159283 0.54761354],3,0,"[0.383291892093257, 0.5586820702346661]",1804,-1
45269,[0.80356487 0.71542617],1,4,"[0.7726811996944247, 0.7249303226766757]",-1,0
45270,[0.4633821  0.55876762],5,6,"[0.5164739970238864, 0.5319253761973344]",-1,-1
45271,[0.46319737 0.47262419],3,-1,-1,-1,-1
45272,[0.23797464 0.5590121 ],7,7,"[0.2817018170798153, 0.5849768676672948]",-1,-1
45273,[0.42271537 0.28778254],6,1,"[0.3897435781344088, 0.3417040596068965]",765,-1
45274,[0.71774854 0.41230037],8,-1,-1,-1,-1
45275,[0.24429928 0.61457562],4,7,"[0.2817018170798153, 0.5849768676672948]",-1,-1
45276,[0.28873948 0.57082723],4,7,"[0.2817018170798153, 0.5849768676672948]",-1,-1
45277,[0.50675162 0.46014091],5,-1,-1,-1,-1
45278,[0.6074592  0.60004484],9,2,"[0.5921204552873188, 0.6383928111301557]",1328,6
45279,[0.55580553 0.6769353 ],5,2,"[0.5921204552873188, 0.6383928111301557]",768,-1
45280,[0.39301406 0.52863995],4,0,"[0.383291892093257, 0.5586820702346661]",1777,-1
45281,[0.65841351 0.57935912],9,-1,-1,-1,-1
45282,[0.6169653 0.6760895],1,2,"[0.5921204552873188, 0.6383928111301557]",-1,-1
45283,[0.81447142 0.63459708],1,-1,-1,-1,-1
45284,[0.3490726  0.55392292],3,0,"[0.383291892093257, 0.5586820702346661]",-1,-1
45285,[0.47183158 0.64486945],5,-1,-1,-1,-1
45286,[0.20522028 0.26278497],2,5,"[0.23231087327800656, 0.30304944505444303]",-1,-1
45287,[0.39833919 0.6612597 ],3,-1,-1,247,-1
45288,[0.53369212 0.56370544],9,6,"[0.5164739970238864, 0.5319253761973344]",1360,-1
45289,[0.68500486 0.53843122],8,3,"[0.6815204869410737, 0.47689852788858716]",673,-1
45290,[0.24724998 0.25012188],2,5,"[0.23231087327800656, 0.30304944505444303]",-1,-1
45291,[0.37743126 0.58215395],3,0,"[0.383291892093257, 0.5586820702346661]",-1,-1
45292,[0.2418783  0.54027897],4,7,"[0.2817018170798153, 0.5849768676672948]",1480,-1
45293,[0.2807541  0.53018486],4,7,"[0.2817018170798153, 0.5849768676672948]",1883,-1
45294,[0.89539198 0.75336131],1,-1,-1,-1,-1
45295,[0.66601437 0.52819269],9,3,"[0.6815204869410737, 0.47689852788858716]",-1,-1
45296,[0.52387491 0.50769978],5,6,"[0.5164739970238864, 0.5319253761973344]",-1,-1
45297,[0.42084607 0.57960592],3,0,"[0.383291892093257, 0.5586820702346661]",-1,-1
45298,[0.26555491 0.40079343],7,8,"[0.27392971195344684, 0.45973140540928376]",-1,-1
45299,[0.31210743 0.47568169],7,8,"[0.27392971195344684, 0.45973140540928376]",-1,-1
45300,[0.44726649 0.23521161],6,-1,-1,-1,-1
45301,[0.17636964 0.31084593],0,5,"[0.23231087327800656, 0.30304944505444303]",-1,-1
45302,[0.40451995 0.58231255],3,0,"[0.383291892093257, 0.5586820702346661]",1767,-1
45303,[0.32628734 0.18168033],0,9,"[0.3110394802231661, 0.23517199738277297]",-1,-1
45304,[0.35216471 0.31667311],7,1,"[0.3897435781344088, 0.3417040596068965]",1526,-1
45305,[0.32452136 0.39887821],2,-1,-1,1215,-1
45306,[0.74517569 0.69622484],1,4,"[0.7726811996944247, 0.7249303226766757]",435,0
45307,[0.45482122 0.22207885],6,-1,-1,-1,-1
45308,[0.70632814 0.47242674],8,3,"[0.6815204869410737, 0.47689852788858716]",717,-1
45309,[0.69814494 0.46184644],8,3,"[0.6815204869410737, 0.47689852788858716]",-1,-1
45310,[0.40255197 0.6313085 ],3,-1,-1,751,-1
45311,[0.45285691 0.52494387],9,6,"[0.5164739970238864, 0.5319253761973344]",1302,-1
45312,[0.58229539 0.66870971],9,2,"[0.5921204552873188, 0.6383928111301557]",1121,-1
45313,[0.68806879 0.68627834],9,-1,-1,382,-1
45314,[0.48349779 0.28687317],6,-1,-1,-1,-1
45315,[0.37430332 0.39619643],2,1,"[0.3897435781344088, 0.3417040596068965]",722,-1
45316,[0.27777699 0.26608349],0,9,"[0.3110394802231661, 0.23517199738277297]",-1,-1
45317,[0.46697777 0.6199652 ],9,-1,-1,704,-1
45318,[0.41825328 0.26963894],6,-1,-1,-1,-1
45319,[0.2576505  0.28032722],0,5,"[0.23231087327800656, 0.30304944505444303]",-1,-1
45320,[0.2643477  0.51998668],3,8,"[0.27392971195344684, 0.45973140540928376]",1582,-1
45321,[0.33144998 0.4777001 ],7,8,"[0.27392971195344684, 0.45973140540928376]",1475,-1
45322,[0.77767366 0.75602173],1,4,"[0.7726811996944247, 0.7249303226766757]",413,0
45323,[0.29538012 0.42609931],7,8,"[0.27392971195344684, 0.45973140540928376]",1075,-1
45324,[0.43071833 0.48149241],5,-1,-1,767,-1
45325,[0.39779071 0.54616088],3,0,"[0.383291892093257, 0.5586820702346661]",-1,-1
45326,[0.64425343 0.52850782],5,3,"[0.6815204869410737, 0.47689852788858716]",861,-1
45327,[0.39769319 0.55599129],3,0,"[0.383291892093257, 0.5586820702346661]",-1,-1
45328,[0.6018719  0.55984925],5,-1,-1,1316,-1
45329,[0.25403474 0.16920411],0,-1,-1,148,-1
45330,[0.31278489 0.55212042],3,7,"[0.2817018170798153, 0.5849768676672948]",-1,17
45331,[0.2241305  0.23203235],0,-1,-1,872,-1
45332,[0.32407347 0.25412821],0,9,"[0.3110394802231661, 0.23517199738277297]",-1,-1
45333,[0.18173177 0.32989976],2,5,"[0.23231087327800656, 0.30304944505444303]",497,-1
45334,[0.32796142 0.52519026],7,0,"[0.383291892093257, 0.5586820702346661]",-1,-1
45335,[0.26016422 0.36685092],2,5,"[0.23231087327800656, 0.30304944505444303]",1331,-1
45336,[0.75818153 0.42050767],8,-1,-1,-1,-1
45337,[0.54629422 0.57164664],9,6,"[0.5164739970238864, 0.5319253761973344]",-1,6
45338,[0.2297778  0.34091246],0,5,"[0.23231087327800656, 0.30304944505444303]",-1,-1
45339,[0.5056747  0.58935225],5,6,"[0.5164739970238864, 0.5319253761973344]",-1,-1
45340,[0.30731838 0.23918141],0,9,"[0.3110394802231661, 0.23517199738277297]",-1,-1
45341,[0.58775166 0.67595553],9,2,"[0.5921204552873188, 0.6383928111301557]",710,-1
45342,[0.36264311 0.31310194],2,1,"[0.3897435781344088, 0.3417040596068965]",-1,-1
45343,[0.2237426  0.28195483],0,5,"[0.23231087327800656, 0.30304944505444303]",-1,-1
45344,[0.31341597 0.55467199],4,7,"[0.2817018170798153, 0.5849768676672948]",-1,17
45345,[0.79492771 0.78606425],1,4,"[0.7726811996944247, 0.7249303226766757]",-1,0
45346,[0.33116864 0.50009251],7,-1,-1,1750,-1
45347,[0.25133112 0.58515699],4,7,"[0.2817018170798153, 0.5849768676672948]",-1,-1
45348,[0.37673877 0.21914022],2,9,"[0.3110394802231661, 0.23517199738277297]",-1,-1
45349,[0.66929457 0.50443753],8,3,"[0.6815204869410737, 0.47689852788858716]",827,2
45350,[0.32049456 0.28530517],0,9,"[0.3110394802231661, 0.23517199738277297]",1576,11
45351,[0.29968447 0.51150753],4,8,"[0.27392971195344684, 0.45973140540928376]",1852,-1
45352,[0.19327468 0.39212534],2,-1,-1,-1,-1
45353,[0.19273915 0.5280782 ],7,-1,-1,-1,-1
45354,[0.25681952 0.431192  ],2,8,"[0.27392971195344684, 0.45973140540928376]",1087,-1
45355,[0.56395825 0.67143547],5,2,"[0.5921204552873188, 0.6383928111301557]",-1,-1
45356,[0.51265326 0.3947276 ],6,-1,-1,44,-1
45357,[0.43292415 0.6045515 ],4,0,"[0.383291892093257, 0.5586820702346661]",1574,-1
45358,[0.65720458 0.39760605],8,-1,-1,242,-1
45359,[0.58316905 0.58332861],5,2,"[0.5921204552873188, 0.6383928111301557]",1324,6
45360,[0.29235559 0.66654084],4,-1,-1,226,-1
45361,[0.34740766 0.53999169],3,0,"[0.383291892093257, 0.5586820702346661]",1970,16
45362,[0.71465395 0.51792132],8,3,"[0.6815204869410737, 0.47689852788858716]",-1,-1
45363,[0.67879223 0.76648137],1,-1,-1,-1,0
45364,[0.63610683 0.6006424 ],5,2,"[0.5921204552873188, 0.6383928111301557]",-1,-1
45365,[0.31615151 0.25078563],0,9,"[0.3110394802231661, 0.23517199738277297]",1499,-1
45366,[0.57986748 0.57218473],5,2,"[0.5921204552873188, 0.6383928111301557]",-1,-1
45367,[0.43088854 0.33505546],6,1,"[0.3897435781344088, 0.3417040596068965]",-1,-1
45368,[0.69386536 0.7227213 ],1,-1,-1,-1,0
45369,[0.69344419 0.40253573],8,-1,-1,509,-1
45370,[0.67660743 0.4965019 ],5,3,"[0.6815204869410737, 0.47689852788858716]",-1,-1
45371,[0.34277753 0.57136557],3,0,"[0.383291892093257, 0.5586820702346661]",1878,-1
45372,[0.41019203 0.63586663],3,-1,-1,1046,-1
45373,[0.30830122 0.63119486],4,7,"[0.2817018170798153, 0.5849768676672948]",-1,-1
45374,[0.77468321 0.7727286 ],1,4,"[0.7726811996944247, 0.7249303226766757]",410,0
45375,[0.62218793 0.67280875],9,2,"[0.5921204552873188, 0.6383928111301557]",660,-1
45376,[0.22277    0.29543279],2,5,"[0.23231087327800656, 0.30304944505444303]",-1,-1
45377,[0.27026163 0.23288721],0,9,"[0.3110394802231661, 0.23517199738277297]",-1,-1
45378,[0.73994341 0.38873434],8,-1,-1,-1,-1
45379,[0.71550508 0.6100646 ],9,-1,-1,233,-1
45380,[0.29095208 0.38371241],2,-1,-1,-1,-1
45381,[0.25836266 0.62187895],4,7,"[0.2817018170798153, 0.5849768676672948]",496,-1
45382,[0.33792102 0.34586758],6,1,"[0.3897435781344088, 0.3417040596068965]",-1,-1
45383,[0.23672527 0.25700889],0,5,"[0.23231087327800656, 0.30304944505444303]",885,-1
45384,[0.36165369 0.52765372],3,0,"[0.383291892093257, 0.5586820702346661]",1934,-1
45385,[0.43653373 0.53231769],3,0,"[0.383291892093257, 0.5586820702346661]",1135,-1
45386,[0.47044072 0.59588634],5,-1,-1,1235,-1
45387,[0.73224778 0.44765385],8,3,"[0.6815204869410737, 0.47689852788858716]",-1,-1
45388,[0.47147226 0.58686309],5,-1,-1,1226,-1
45389,[0.2114908 0.5990951],7,-1,-1,181,-1
45390,[0.45949099 0.52639061],5,6,"[0.5164739970238864, 0.5319253761973344]",-1,-1
45391,[0.464412   0.25157165],6,-1,-1,-1,-1
45392,[0.67510658 0.69488675],9,-1,-1,-1,-1
45393,[0.71391212 0.79163759],1,-1,-1,-1,0
45394,[0.52921726 0.41741312],5,-1,-1,-1,-1
45395,[0.29997427 0.41952539],2,8,"[0.27392971195344684, 0.45973140540928376]",1074,-1
45396,[0.30614478 0.65053417],4,7,"[0.2817018170798153, 0.5849768676672948]",-1,-1
45397,[0.65209484 0.45299437],8,3,"[0.6815204869410737, 0.47689852788858716]",801,-1
45398,[0.78976889 0.62566542],1,-1,-1,77,0
45399,[0.32411166 0.36430751],2,1,"[0.3897435781344088, 0.3417040596068965]",1392,-1
45400,[0.49185456 0.56342103],3,6,"[0.5164739970238864, 0.5319253761973344]",-1,-1
45401,[0.62299443 0.60107975],9,2,"[0.5921204552873188, 0.6383928111301557]",1200,-1
45402,[0.614485   0.71854004],9,-1,-1,-1,-1
45403,[0.43428364 0.60393911],3,0,"[0.383291892093257, 0.5586820702346661]",-1,-1
45404,[0.35492691 0.47872084],7,-1,-1,1854,-1
45405,[0.30552337 0.53562216],7,7,"[0.2817018170798153, 0.5849768676672948]",1982,-1
45406,[0.37137571 0.58673942],7,0,"[0.383291892093257, 0.5586820702346661]",1846,12
45407,[0.32318402 0.24355209],6,9,"[0.3110394802231661, 0.23517199738277297]",1490,-1
45408,[0.48152255 0.50395645],5,6,"[0.5164739970238864, 0.5319253761973344]",-1,-1
45409,[0.35368659 0.24425728],0,9,"[0.3110394802231661, 0.23517199738277297]",634,-1
45410,[0.34808764 0.39501557],6,1,"[0.3897435781344088, 0.3417040596068965]",-1,-1
45411,[0.43995775 0.56030984],5,0,"[0.383291892093257, 0.5586820702346661]",1283,-1
45412,[0.33430939 0.36220446],2,1,"[0.3897435781344088, 0.3417040596068965]",-1,-1
45413,[0.32778084 0.33841447],0,1,"[0.3897435781344088, 0.3417040596068965]",-1,-1
45414,[0.40728868 0.33452143],6,1,"[0.3897435781344088, 0.3417040596068965]",999,-1
45415,[0.26506603 0.50364307],4,8,"[0.27392971195344684, 0.45973140540928376]",1776,-1
45416,[0.36045893 0.61345952],3,0,"[0.383291892093257, 0.5586820702346661]",-1,-1
45417,[0.37940889 0.31446843],2,1,"[0.3897435781344088, 0.3417040596068965]",1462,-1
45418,[0.64986897 0.4526534 ],8,3,"[0.6815204869410737, 0.47689852788858716]",801,-1
45419,[0.45132497 0.60367645],5,-1,-1,-1,-1
45420,[0.24449249 0.43030399],0,8,"[0.27392971195344684, 0.45973140540928376]",-1,-1
45421,[0.65981751 0.45412258],8,3,"[0.6815204869410737, 0.47689852788858716]",733,-1
45422,[0.35986293 0.56334376],4,0,"[0.383291892093257, 0.5586820702346661]",-1,-1
45423,[0.28068035 0.51118677],7,8,"[0.27392971195344684, 0.45973140540928376]",1835,-1
45424,[0.35314469 0.64846776],3,-1,-1,576,-1
45425,[0.48602723 0.34362899],6,-1,-1,-1,-1
45426,[0.3213513  0.38315489],2,-1,-1,-1,-1
45427,[0.31544028 0.38192017],2,-1,-1,1420,-1
45428,[0.32335349 0.57923051],3,7,"[0.2817018170798153, 0.5849768676672948]",-1,-1
45429,[0.70045499 0.5258157 ],8,3,"[0.6815204869410737, 0.47689852788858716]",571,-1
45430,[0.38393141 0.60208573],7,0,"[0.383291892093257, 0.5586820702346661]",1753,-1
45431,[0.71092327 0.79383774],1,-1,-1,225,0
45432,[0.72414143 0.43335496],8,3,"[0.6815204869410737, 0.47689852788858716]",-1,-1
45433,[0.25082266 0.33135173],0,5,"[0.23231087327800656, 0.30304944505444303]",1502,-1
45434,[0.62687879 0.56560096],8,-1,-1,-1,-1
45435,[0.30384602 0.28385472],0,9,"[0.3110394802231661, 0.23517199738277297]",1614,-1
45436,[0.65000843 0.70437265],9,-1,-1,489,-1
45437,[0.42011172 0.31734869],6,1,"[0.3897435781344088, 0.3417040596068965]",-1,-1
45438,[0.62984055 0.6126225 ],9,2,"[0.5921204552873188, 0.6383928111301557]",740,-1
45439,[0.39591781 0.25236943],6,-1,-1,850,-1
45440,[0.68711351 0.4800877 ],8,3,"[0.6815204869410737, 0.47689852788858716]",814,-1
45441,[0.53487983 0.47320399],5,6,"[0.5164739970238864, 0.5319253761973344]",-1,-1
45442,[0.24483149 0.61007551],7,7,"[0.2817018170798153, 0.5849768676672948]",514,-1
45443,[0.2306182  0.61665589],4,7,"[0.2817018170798153, 0.5849768676672948]",-1,-1
45444,[0.29542133 0.58221485],4,7,"[0.2817018170798153, 0.5849768676672948]",1840,-1
45445,[0.19405864 0.37798244],7,-1,-1,300,-1
45446,[0.20961913 0.26921524],0,5,"[0.23231087327800656, 0.30304944505444303]",1111,-1
45447,[0.30692675 0.36320275],2,-1,-1,-1,-1
45448,[0.46197643 0.49982224],5,6,"[0.5164739970238864, 0.5319253761973344]",753,-1
45449,[0.3208029  0.55731236],4,7,"[0.2817018170798153, 0.5849768676672948]",-1,17
45450,[0.2629577  0.27680268],0,5,"[0.23231087327800656, 0.30304944505444303]",-1,-1
45451,[0.33322016 0.27822988],6,9,"[0.3110394802231661, 0.23517199738277297]",-1,-1
45452,[0.78282701 0.72771969],1,4,"[0.7726811996944247, 0.7249303226766757]",474,0
45453,[0.25253329 0.48441513],2,8,"[0.27392971195344684, 0.45973140540928376]",-1,-1
45454,[0.60825671 0.53025291],5,-1,-1,1213,-1
45455,[0.80050516 0.62422177],1,-1,-1,-1,-1
45456,[0.48974142 0.45065346],5,-1,-1,-1,-1
45457,[0.23460916 0.48442717],7,8,"[0.27392971195344684, 0.45973140540928376]",-1,-1
45458,[0.17971659 0.30904216],0,5,"[0.23231087327800656, 0.30304944505444303]",-1,-1
45459,[0.22920282 0.54195161],7,7,"[0.2817018170798153, 0.5849768676672948]",-1,-1
45460,[0.4279717  0.53956027],4,0,"[0.383291892093257, 0.5586820702346661]",1134,-1
45461,[0.24060312 0.26641679],0,5,"[0.23231087327800656, 0.30304944505444303]",1363,-1
45462,[0.59045555 0.47873006],8,-1,-1,-1,-1
45463,[0.40425608 0.60243719],3,0,"[0.383291892093257, 0.5586820702346661]",-1,-1
45464,[0.64286691 0.70782194],9,-1,-1,-1,-1
45465,[0.55375485 0.63956161],9,2,"[0.5921204552873188, 0.6383928111301557]",1278,-1
45466,[0.50003951 0.59836467],5,6,"[0.5164739970238864, 0.5319253761973344]",1063,-1
45467,[0.20716188 0.5244718 ],7,-1,-1,-1,-1
45468,[0.327562   0.41370665],7,-1,-1,-1,-1
45469,[0.26818911 0.45979118],2,8,"[0.27392971195344684, 0.45973140540928376]",-1,-1
45470,[0.5635189  0.52579596],5,6,"[0.5164739970238864, 0.5319253761973344]",-1,-1
45471,[0.28959206 0.26286889],0,9,"[0.3110394802231661, 0.23517199738277297]",1609,-1
45472,[0.1970379  0.48300574],7,-1,-1,-1,-1
45473,[0.3146256  0.60622868],4,7,"[0.2817018170798153, 0.5849768676672948]",1936,-1
45474,[0.41894513 0.61916769],3,-1,-1,1474,-1
45475,[0.60206946 0.45397226],8,-1,-1,-1,-1
45476,[0.66914999 0.57159298],8,-1,-1,-1,-1
45477,[0.89655463 0.63439443],1,-1,-1,-1,-1
45478,[0.30096596 0.30907888],6,5,"[0.23231087327800656, 0.30304944505444303]",-1,-1
45479,[0.45738659 0.52954993],5,6,"[0.5164739970238864, 0.5319253761973344]",1305,-1
45480,[0.2692469  0.49129771],7,8,"[0.27392971195344684, 0.45973140540928376]",-1,-1
45481,[0.30191213 0.46473797],3,8,"[0.27392971195344684, 0.45973140540928376]",1732,-1
45482,[0.73241489 0.84009024],1,-1,-1,31,-1
45483,[0.5590197 0.5761868],9,6,"[0.5164739970238864, 0.5319253761973344]",1451,6
45484,[0.73106219 0.73176169],1,4,"[0.7726811996944247, 0.7249303226766757]",381,0
45485,[0.75550071 0.64980112],1,-1,-1,-1,0
45486,[0.38320463 0.2976849 ],6,1,"[0.3897435781344088, 0.3417040596068965]",-1,-1
45487,[0.25972564 0.29754286],6,5,"[0.23231087327800656, 0.30304944505444303]",1649,-1
45488,[0.86503177 0.75722859],1,-1,-1,130,0
45489,[0.43862546 0.54789094],5,0,"[0.383291892093257, 0.5586820702346661]",1296,-1
45490,[0.27987238 0.4884678 ],3,8,"[0.27392971195344684, 0.45973140540928376]",1796,-1
45491,[0.28025627 0.52136463],4,8,"[0.27392971195344684, 0.45973140540928376]",1886,-1
45492,[0.21762674 0.35318174],2,5,"[0.23231087327800656, 0.30304944505444303]",1127,-1
45493,[0.36052656 0.27680257],6,9,"[0.3110394802231661, 0.23517199738277297]",1156,-1
45494,[0.21143357 0.48240784],7,8,"[0.27392971195344684, 0.45973140540928376]",-1,-1
45495,[0.80012201 0.6832942 ],1,4,"[0.7726811996944247, 0.7249303226766757]",354,0
45496,[0.28252638 0.52904521],4,7,"[0.2817018170798153, 0.5849768676672948]",-1,14
45497,[0.65975202 0.77121429],1,-1,-1,-1,-1
45498,[0.58335782 0.54731025],5,6,"[0.5164739970238864, 0.5319253761973344]",-1,-1
45499,[0.21484803 0.24603273],2,5,"[0.23231087327800656, 0.30304944505444303]",895,-1
45500,[0.33618537 0.38703051],3,-1,-1,-1,-1
45501,[0.34903471 0.60279939],7,0,"[0.383291892093257, 0.5586820702346661]",1833,-1
45502,[0.33270719 0.42124181],6,-1,-1,917,-1
45503,[0.50637372 0.63428673],9,-1,-1,935,-1
45504,[0.29525399 0.40486448],7,8,"[0.27392971195344684, 0.45973140540928376]",-1,-1
45505,[0.50926109 0.60679554],9,-1,-1,-1,-1
45506,[0.38057999 0.29617729],6,1,"[0.3897435781344088, 0.3417040596068965]",-1,-1
45507,[0.41738537 0.46149306],5,-1,-1,-1,-1
45508,[0.32318992 0.57688945],4,7,"[0.2817018170798153, 0.5849768676672948]",-1,-1
45509,[0.67325112 0.47962854],8,3,"[0.6815204869410737, 0.47689852788858716]",-1,-1
45510,[0.33864617 0.52741455],4,0,"[0.383291892093257, 0.5586820702346661]",-1,-1
45511,[0.71989358 0.38466319],8,-1,-1,149,-1
45512,[0.36470655 0.27242639],0,9,"[0.3110394802231661, 0.23517199738277297]",1156,-1
45513,[0.63081104 0.66446657],9,2,"[0.5921204552873188, 0.6383928111301557]",-1,-1
45514,[0.75168712 0.45453137],8,-1,-1,-1,-1
45515,[0.41932994 0.61637004],3,0,"[0.383291892093257, 0.5586820702346661]",-1,-1
45516,[0.7414783  0.41654957],8,-1,-1,-1,-1
45517,[0.59146079 0.41009522],8,-1,-1,153,-1
45518,[0.68551002 0.40574392],8,-1,-1,-1,-1
45519,[0.76358071 0.79903405],1,-1,-1,296,0
45520,[0.33655405 0.63005526],4,-1,-1,-1,-1
45521,[0.28508326 0.15186478],0,-1,-1,-1,-1
45522,[0.47774856 0.40100222],5,-1,-1,-1,-1
45523,[0.47838892 0.6387073 ],9,-1,-1,647,-1
45524,[0.44782758 0.55333965],5,0,"[0.383291892093257, 0.5586820702346661]",-1,-1
45525,[0.80925866 0.48673978],8,-1,-1,-1,-1
45526,[0.42799575 0.63611672],4,-1,-1,366,-1
45527,[0.56482616 0.56912417],9,6,"[0.5164739970238864, 0.5319253761973344]",-1,-1
45528,[0.54445846 0.56694668],9,6,"[0.5164739970238864, 0.5319253761973344]",1441,6
45529,[0.40962003 0.39490018],3,1,"[0.3897435781344088, 0.3417040596068965]",-1,-1
45530,[0.29962946 0.58525624],4,7,"[0.2817018170798153, 0.5849768676672948]",1819,-1
45531,[0.82339171 0.71268674],1,4,"[0.7726811996944247, 0.7249303226766757]",360,0
45532,[0.18886702 0.58150121],7,-1,-1,102,-1
45533,[0.4385147  0.64350648],3,-1,-1,-1,-1
45534,[0.32955873 0.49713629],7,8,"[0.27392971195344684, 0.45973140540928376]",-1,-1
45535,[0.62418933 0.70308208],5,-1,-1,287,-1
45536,[0.29028043 0.53646012],7,7,"[0.2817018170798153, 0.5849768676672948]",-1,-1
45537,[0.34751539 0.26512184],2,9,"[0.3110394802231661, 0.23517199738277297]",951,-1
45538,[0.33386403 0.21652343],2,9,"[0.3110394802231661, 0.23517199738277297]",891,-1
45539,[0.622517   0.57965544],5,2,"[0.5921204552873188, 0.6383928111301557]",-1,-1
45540,[0.37429342 0.57658055],7,0,"[0.383291892093257, 0.5586820702346661]",-1,12
45541,[0.36685145 0.5295006 ],7,0,"[0.383291892093257, 0.5586820702346661]",1934,-1
45542,[0.39890567 0.56258478],3,0,"[0.383291892093257, 0.5586820702346661]",-1,-1
45543,[0.55858064 0.72924304],9,-1,-1,-1,-1
45544,[0.39031071 0.53057   ],3,0,"[0.383291892093257, 0.5586820702346661]",1777,-1
45545,[0.34158779 0.56851915],3,0,"[0.383291892093257, 0.5586820702346661]",-1,-1
45546,[0.30243062 0.42114069],7,8,"[0.27392971195344684, 0.45973140540928376]",1074,-1
45547,[0.3089894 0.3180421],0,-1,-1,-1,-1
45548,[0.20939512 0.26658456],0,5,"[0.23231087327800656, 0.30304944505444303]",1111,-1
45549,[0.21029704 0.25770642],0,5,"[0.23231087327800656, 0.30304944505444303]",-1,-1
45550,[0.67147545 0.66691641],1,-1,-1,-1,-1
45551,[0.72607378 0.73333024],1,4,"[0.7726811996944247, 0.7249303226766757]",381,0
45552,[0.25868216 0.44848107],7,8,"[0.27392971195344684, 0.45973140540928376]",667,-1
45553,[0.75878355 0.67463154],1,4,"[0.7726811996944247, 0.7249303226766757]",-1,0
45554,[0.28348334 0.47651456],4,8,"[0.27392971195344684, 0.45973140540928376]",1799,-1
45555,[0.33443732 0.31755785],2,1,"[0.3897435781344088, 0.3417040596068965]",1683,-1
45556,[0.3841698  0.27164069],2,-1,-1,1073,-1
45557,[0.27655066 0.54682352],7,7,"[0.2817018170798153, 0.5849768676672948]",1769,-1
45558,[0.32970204 0.53205738],4,0,"[0.383291892093257, 0.5586820702346661]",1948,-1
45559,[0.44636645 0.54849815],3,0,"[0.383291892093257, 0.5586820702346661]",1295,-1
45560,[0.24617673 0.5455798 ],7,7,"[0.2817018170798153, 0.5849768676672948]",-1,-1
45561,[0.71717851 0.46560647],8,3,"[0.6815204869410737, 0.47689852788858716]",780,-1
45562,[0.38547898 0.55073772],3,0,"[0.383291892093257, 0.5586820702346661]",1815,-1
45563,[0.25041377 0.43789856],7,8,"[0.27392971195344684, 0.45973140540928376]",-1,-1
45564,[0.50507659 0.47153942],5,6,"[0.5164739970238864, 0.5319253761973344]",248,-1
45565,[0.24832221 0.38117008],2,-1,-1,1147,-1
45566,[0.37048429 0.31598989],6,1,"[0.3897435781344088, 0.3417040596068965]",1546,-1
45567,[0.8534896  0.88598694],1,-1,-1,-1,-1
45568,[0.1911446 0.4790879],4,-1,-1,-1,-1
45569,[0.2595138  0.33564299],0,5,"[0.23231087327800656, 0.30304944505444303]",1538,-1
45570,[0.51157755 0.64408647],5,-1,-1,937,-1
45571,[0.20041121 0.20296514],0,-1,-1,227,-1
45572,[0.58366252 0.63271806],9,2,"[0.5921204552873188, 0.6383928111301557]",-1,-1
45573,[0.67673786 0.60905585],9,-1,-1,447,-1
45574,[0.40768888 0.53235332],3,0,"[0.383291892093257, 0.5586820702346661]",-1,-1
45575,[0.45488819 0.50935194],3,6,"[0.5164739970238864, 0.5319253761973344]",-1,-1
45576,[0.30662526 0.47955109],4,8,"[0.27392971195344684, 0.45973140540928376]",-1,-1
45577,[0.38649137 0.5483975 ],3,0,"[0.383291892093257, 0.5586820702346661]",-1,-1
45578,[0.607771   0.41898584],8,-1,-1,-1,-1
45579,[0.41582812 0.30235988],6,1,"[0.3897435781344088, 0.3417040596068965]",889,-1
45580,[0.54000266 0.54491211],5,6,"[0.5164739970238864, 0.5319253761973344]",-1,-1
45581,[0.38684058 0.61194137],4,0,"[0.383291892093257, 0.5586820702346661]",1720,-1
45582,[0.26051363 0.34071492],2,5,"[0.23231087327800656, 0.30304944505444303]",1538,-1
45583,[0.70956933 0.59123749],8,-1,-1,-1,-1
45584,[0.40991389 0.52568386],3,0,"[0.383291892093257, 0.5586820702346661]",-1,-1
45585,[0.24288567 0.33195182],0,5,"[0.23231087327800656, 0.30304944505444303]",-1,-1
45586,[0.38485594 0.62249641],4,0,"[0.383291892093257, 0.5586820702346661]",894,-1
45587,[0.65069108 0.58680802],9,-1,-1,1014,-1
45588,[0.66478597 0.62185271],9,-1,-1,-1,-1
45589,[0.26083881 0.66673171],3,-1,-1,86,-1
45590,[0.31658656 0.56642899],3,7,"[0.2817018170798153, 0.5849768676672948]",1972,-1
45591,[0.79552498 0.74127182],1,4,"[0.7726811996944247, 0.7249303226766757]",-1,0
45592,[0.25346787 0.45517218],7,8,"[0.27392971195344684, 0.45973140540928376]",931,-1
45593,[0.55943351 0.6643641 ],9,2,"[0.5921204552873188, 0.6383928111301557]",-1,-1
45594,[0.24852744 0.2108296 ],0,9,"[0.3110394802231661, 0.23517199738277297]",990,-1
45595,[0.37034891 0.29753688],6,1,"[0.3897435781344088, 0.3417040596068965]",-1,-1
45596,[0.61059503 0.50461093],8,-1,-1,-1,-1
45597,[0.82825593 0.70666428],1,4,"[0.7726811996944247, 0.7249303226766757]",360,0
45598,[0.78230842 0.77294246],1,4,"[0.7726811996944247, 0.7249303226766757]",407,0
45599,[0.16142592 0.61637517],7,-1,-1,-1,-1
45600,[0.55543957 0.62218231],5,2,"[0.5921204552873188, 0.6383928111301557]",-1,-1
45601,[0.69073111 0.55184976],8,-1,-1,600,-1
45602,[0.78910289 0.85617804],1,-1,-1,21,-1
45603,[0.71562645 0.37033204],8,-1,-1,51,-1
45604,[0.40159777 0.50475584],7,0,"[0.383291892093257, 0.5586820702346661]",1455,-1
45605,[0.3580246 0.4692636],7,-1,-1,1560,-1
45606,[0.31743729 0.22376413],0,9,"[0.3110394802231661, 0.23517199738277297]",970,-1
45607,[0.43660418 0.40216637],6,-1,-1,426,-1
45608,[0.555227   0.18748278],6,-1,-1,-1,-1
45609,[0.54868528 0.62860193],5,2,"[0.5921204552873188, 0.6383928111301557]",1263,-1
45610,[0.30962127 0.330924  ],0,-1,-1,-1,8
45611,[0.25648306 0.55634651],4,7,"[0.2817018170798153, 0.5849768676672948]",1705,-1
45612,[0.72872349 0.58583923],8,-1,-1,55,-1
45613,[0.52237692 0.52668678],5,6,"[0.5164739970238864, 0.5319253761973344]",-1,3
45614,[0.28446611 0.33924978],0,5,"[0.23231087327800656, 0.30304944505444303]",-1,-1
45615,[0.86029352 0.72030179],1,-1,-1,-1,0
45616,[0.23441839 0.57309817],4,7,"[0.2817018170798153, 0.5849768676672948]",1358,-1
45617,[0.74821609 0.44947397],8,-1,-1,263,-1
45618,[0.65144265 0.4655827 ],8,3,"[0.6815204869410737, 0.47689852788858716]",-1,-1
45619,[0.24916994 0.55598485],4,7,"[0.2817018170798153, 0.5849768676672948]",1706,-1
45620,[0.28502395 0.58930259],4,7,"[0.2817018170798153, 0.5849768676672948]",1810,-1
45621,[0.28740836 0.56882436],7,7,"[0.2817018170798153, 0.5849768676672948]",1896,-1
45622,[0.25414669 0.53712674],7,7,"[0.2817018170798153, 0.5849768676672948]",1482,-1
45623,[0.39227263 0.55525093],3,0,"[0.383291892093257, 0.5586820702346661]",1568,-1
45624,[0.65141879 0.78276341],1,-1,-1,-1,-1
45625,[0.21869073 0.52588729],7,-1,-1,1169,-1
45626,[0.42473577 0.24684091],6,-1,-1,178,-1
45627,[0.75476725 0.75955951],1,4,"[0.7726811996944247, 0.7249303226766757]",-1,0
45628,[0.34895026 0.26527671],6,9,"[0.3110394802231661, 0.23517199738277297]",951,-1
45629,[0.59012728 0.57921567],5,2,"[0.5921204552873188, 0.6383928111301557]",1325,-1
45630,[0.33630819 0.65890589],4,-1,-1,-1,-1
45631,[0.32858928 0.37667472],0,-1,-1,-1,-1
45632,[0.27980738 0.59936977],4,7,"[0.2817018170798153, 0.5849768676672948]",1032,-1
45633,[0.65058443 0.62902649],9,2,"[0.5921204552873188, 0.6383928111301557]",1158,-1
45634,[0.83955509 0.75908776],1,-1,-1,297,0
45635,[0.28777748 0.57904651],3,7,"[0.2817018170798153, 0.5849768676672948]",-1,-1
45636,[0.55700442 0.5760429 ],3,6,"[0.5164739970238864, 0.5319253761973344]",1451,6
45637,[0.28787183 0.65161487],4,7,"[0.2817018170798153, 0.5849768676672948]",-1,-1
45638,[0.72044284 0.78753454],1,-1,-1,224,0
45639,[0.40959538 0.49287218],7,-1,-1,1456,-1
45640,[0.53422636 0.61688677],5,2,"[0.5921204552873188, 0.6383928111301557]",-1,-1
45641,[0.29806268 0.2950789 ],2,9,"[0.3110394802231661, 0.23517199738277297]",1690,11
45642,[0.67708125 0.5075821 ],8,3,"[0.6815204869410737, 0.47689852788858716]",-1,-1
45643,[0.52530526 0.48695793],5,6,"[0.5164739970238864, 0.5319253761973344]",-1,-1
45644,[0.46135636 0.33257135],6,-1,-1,-1,-1
45645,[0.54778485 0.62741955],9,2,"[0.5921204552873188, 0.6383928111301557]",1263,-1
45646,[0.57012357 0.41021045],8,-1,-1,114,-1
45647,[0.26341825 0.5023268 ],7,8,"[0.27392971195344684, 0.45973140540928376]",-1,-1
45648,[0.17689852 0.40320198],2,-1,-1,-1,-1
45649,[0.38949213 0.3520026 ],2,1,"[0.3897435781344088, 0.3417040596068965]",-1,-1
45650,[0.86293624 0.66569639],1,-1,-1,81,-1
45651,[0.33141073 0.46089191],4,8,"[0.27392971195344684, 0.45973140540928376]",1385,-1
45652,[0.68065078 0.68070232],1,-1,-1,387,-1
45653,[0.74846551 0.60081269],9,-1,-1,110,-1
45654,[0.40792394 0.51150281],3,0,"[0.383291892093257, 0.5586820702346661]",-1,-1
45655,[0.34760455 0.35346988],0,1,"[0.3897435781344088, 0.3417040596068965]",-1,-1
45656,[0.27877019 0.28293373],2,5,"[0.23231087327800656, 0.30304944505444303]",1675,-1
45657,[0.6766023  0.40897879],8,3,"[0.6815204869410737, 0.47689852788858716]",592,-1
45658,[0.43780085 0.21412195],6,-1,-1,73,-1
45659,[0.64840947 0.42068713],8,3,"[0.6815204869410737, 0.47689852788858716]",522,-1
45660,[0.20776423 0.5495023 ],4,-1,-1,644,-1
45661,[0.43618924 0.38640646],6,1,"[0.3897435781344088, 0.3417040596068965]",742,-1
45662,[0.47801892 0.44619186],5,-1,-1,180,-1
45663,[0.66577217 0.47597485],8,3,"[0.6815204869410737, 0.47689852788858716]",-1,-1
45664,[0.45698776 0.35186235],6,1,"[0.3897435781344088, 0.3417040596068965]",-1,-1
45665,[0.43971927 0.37363257],6,1,"[0.3897435781344088, 0.3417040596068965]",-1,-1
45666,[0.18935342 0.2395469 ],2,-1,-1,535,-1
45667,[0.51717132 0.46954126],5,6,"[0.5164739970238864, 0.5319253761973344]",-1,-1
45668,[0.76521612 0.73902249],1,4,"[0.7726811996944247, 0.7249303226766757]",-1,0
45669,[0.66768983 0.41145883],8,3,"[0.6815204869410737, 0.47689852788858716]",-1,-1
45670,[0.65358101 0.62704313],9,2,"[0.5921204552873188, 0.6383928111301557]",-1,-1
45671,[0.729124  0.6991547],1,4,"[0.7726811996944247, 0.7249303226766757]",-1,0
45672,[0.63860504 0.50763123],5,3,"[0.6815204869410737, 0.47689852788858716]",866,1
45673,[0.65695187 0.53697762],8,3,"[0.6815204869410737, 0.47689852788858716]",668,-1
45674,[0.58855397 0.59772894],5,2,"[0.5921204552873188, 0.6383928111301557]",-1,-1
45675,[0.49029419 0.59320905],5,6,"[0.5164739970238864, 0.5319253761973344]",752,-1
45676,[0.69869418 0.81279569],1,-1,-1,105,-1
45677,[0.78895793 0.584028  ],1,-1,-1,-1,-1
45678,[0.32985407 0.24981347],2,9,"[0.3110394802231661, 0.23517199738277297]",1489,-1
45679,[0.81477346 0.75159262],1,4,"[0.7726811996944247, 0.7249303226766757]",-1,0
45680,[0.65486202 0.52586092],8,3,"[0.6815204869410737, 0.47689852788858716]",776,-1
45681,[0.54258007 0.58686686],5,6,"[0.5164739970238864, 0.5319253761973344]",1432,6
45682,[0.31596487 0.50790227],3,8,"[0.27392971195344684, 0.45973140540928376]",1922,15
45683,[0.28321215 0.47854491],7,8,"[0.27392971195344684, 0.45973140540928376]",1799,-1
45684,[0.31846537 0.39808415],2,-1,-1,1425,-1
45685,[0.54151579 0.65000921],9,2,"[0.5921204552873188, 0.6383928111301557]",-1,-1
45686,[0.37788435 0.41359062],6,-1,-1,-1,-1
45687,[0.3541628  0.28373227],6,9,"[0.3110394802231661, 0.23517199738277297]",-1,-1
45688,[0.31743825 0.63894126],3,7,"[0.2817018170798153, 0.5849768676672948]",887,-1
45689,[0.31639274 0.25676272],6,9,"[0.3110394802231661, 0.23517199738277297]",1491,-1
45690,[0.7016027  0.49981743],8,3,"[0.6815204869410737, 0.47689852788858716]",-1,2
45691,[0.25574442 0.30027194],2,5,"[0.23231087327800656, 0.30304944505444303]",-1,-1
45692,[0.28897181 0.49345972],4,8,"[0.27392971195344684, 0.45973140540928376]",1791,-1
45693,[0.54106257 0.60769493],5,2,"[0.5921204552873188, 0.6383928111301557]",-1,-1
45694,[0.42793308 0.54641714],5,0,"[0.383291892093257, 0.5586820702346661]",-1,-1
45695,[0.24376189 0.29811306],2,5,"[0.23231087327800656, 0.30304944505444303]",-1,-1
45696,[0.27355386 0.23168455],2,9,"[0.3110394802231661, 0.23517199738277297]",-1,-1
45697,[0.59659745 0.64916892],9,2,"[0.5921204552873188, 0.6383928111301557]",-1,-1
45698,[0.41886402 0.53686835],3,0,"[0.383291892093257, 0.5586820702346661]",1713,-1
45699,[0.5429914  0.56817976],9,6,"[0.5164739970238864, 0.5319253761973344]",1441,6
45700,[0.43410643 0.56497135],3,0,"[0.383291892093257, 0.5586820702346661]",-1,-1
45701,[0.43610986 0.38107339],6,1,"[0.3897435781344088, 0.3417040596068965]",742,-1
45702,[0.29539834 0.5309866 ],7,7,"[0.2817018170798153, 0.5849768676672948]",1895,-1
45703,[0.41214358 0.58971799],5,0,"[0.383291892093257, 0.5586820702346661]",-1,-1
45704,[0.75896881 0.57116581],8,-1,-1,-1,-1
45705,[0.66890851 0.5187393 ],8,3,"[0.6815204869410737, 0.47689852788858716]",828,-1
45706,[0.18494062 0.1691913 ],0,-1,-1,71,-1
45707,[0.32932785 0.58249927],3,7,"[0.2817018170798153, 0.5849768676672948]",1980,-1
45708,[0.32762466 0.49300226],4,8,"[0.27392971195344684, 0.45973140540928376]",-1,-1
45709,[0.2661657  0.54039277],7,7,"[0.2817018170798153, 0.5849768676672948]",1743,-1
45710,[0.43189384 0.48280755],3,-1,-1,767,-1
45711,[0.33743324 0.52952443],4,0,"[0.383291892093257, 0.5586820702346661]",-1,-1
45712,[0.27509446 0.31368998],6,5,"[0.23231087327800656, 0.30304944505444303]",1585,-1
45713,[0.30990948 0.6039287 ],4,7,"[0.2817018170798153, 0.5849768676672948]",1726,-1
45714,[0.44738407 0.56676103],4,0,"[0.383291892093257, 0.5586820702346661]",-1,-1
45715,[0.45793496 0.54249902],3,6,"[0.5164739970238864, 0.5319253761973344]",-1,-1
45716,[0.18142742 0.29170542],0,5,"[0.23231087327800656, 0.30304944505444303]",-1,-1
45717,[0.31573415 0.25240374],0,9,"[0.3110394802231661, 0.23517199738277297]",1499,-1
45718,[0.24744676 0.51922189],4,8,"[0.27392971195344684, 0.45973140540928376]",1487,-1
45719,[0.30137562 0.42886527],7,8,"[0.27392971195344684, 0.45973140540928376]",-1,-1
45720,[0.5604372 0.6219675],9,2,"[0.5921204552873188, 0.6383928111301557]",1284,-1
45721,[0.32031224 0.48598057],4,8,"[0.27392971195344684, 0.45973140540928376]",1869,-1
45722,[0.58270514 0.5593268 ],5,-1,-1,-1,-1
45723,[0.42829753 0.67146101],4,-1,-1,-1,-1
45724,[0.39638198 0.50984826],4,0,"[0.383291892093257, 0.5586820702346661]",-1,-1
45725,[0.17208505 0.46895981],7,-1,-1,-1,-1
45726,[0.33532417 0.18989052],0,9,"[0.3110394802231661, 0.23517199738277297]",-1,-1
45727,[0.31500922 0.20282935],6,9,"[0.3110394802231661, 0.23517199738277297]",-1,-1
45728,[0.33915362 0.55231499],7,0,"[0.383291892093257, 0.5586820702346661]",-1,17
45729,[0.98535851 0.74911666],1,-1,-1,-1,-1
45730,[0.19506    0.32882571],0,5,"[0.23231087327800656, 0.30304944505444303]",-1,-1
45731,[0.52019865 0.46144238],5,-1,-1,602,-1
45732,[0.51495281 0.52352166],5,6,"[0.5164739970238864, 0.5319253761973344]",1192,-1
45733,[0.42388471 0.40756587],6,-1,-1,-1,-1
45734,[0.46126621 0.36793087],6,-1,-1,442,-1
45735,[0.83644298 0.75756729],1,-1,-1,297,0
45736,[0.51285843 0.45826377],5,-1,-1,601,-1
45737,[0.23030343 0.37301219],2,5,"[0.23231087327800656, 0.30304944505444303]",-1,-1
45738,[0.32504227 0.40287166],7,-1,-1,948,-1
45739,[0.58604253 0.46889671],5,-1,-1,608,-1
45740,[0.28374749 0.49034911],4,8,"[0.27392971195344684, 0.45973140540928376]",-1,-1
45741,[0.53540548 0.56310256],8,6,"[0.5164739970238864, 0.5319253761973344]",1360,-1
45742,[0.26087094 0.45157447],7,8,"[0.27392971195344684, 0.45973140540928376]",667,-1
45743,[0.29421814 0.31003277],2,5,"[0.23231087327800656, 0.30304944505444303]",1650,-1
45744,[0.17973565 0.2917152 ],0,5,"[0.23231087327800656, 0.30304944505444303]",-1,-1
45745,[0.50149061 0.54684124],5,6,"[0.5164739970238864, 0.5319253761973344]",1186,-1
45746,[0.30050279 0.25286023],6,9,"[0.3110394802231661, 0.23517199738277297]",1201,-1
45747,[0.35295589 0.61034869],3,0,"[0.383291892093257, 0.5586820702346661]",1833,-1
45748,[0.63267094 0.55540294],8,-1,-1,1104,-1
45749,[0.79137262 0.74472825],1,4,"[0.7726811996944247, 0.7249303226766757]",445,0
45750,[0.80147362 0.48193521],8,-1,-1,-1,-1
45751,[0.58895383 0.57849056],9,2,"[0.5921204552873188, 0.6383928111301557]",1325,-1
45752,[0.63115628 0.68661019],9,2,"[0.5921204552873188, 0.6383928111301557]",-1,-1
45753,[0.28944594 0.32810866],2,5,"[0.23231087327800656, 0.30304944505444303]",1621,-1
45754,[0.5473898  0.66050983],9,2,"[0.5921204552873188, 0.6383928111301557]",1029,-1
45755,[0.79003222 0.67375199],1,4,"[0.7726811996944247, 0.7249303226766757]",396,0
45756,[0.43411928 0.35554195],6,1,"[0.3897435781344088, 0.3417040596068965]",-1,-1
45757,[0.4296104  0.49257586],7,-1,-1,766,-1
45758,[0.44845684 0.4119553 ],6,-1,-1,-1,-1
45759,[0.59634321 0.56713786],5,-1,-1,1315,-1
45760,[0.82324159 0.84600633],1,-1,-1,-1,-1
45761,[0.53481273 0.58968363],8,6,"[0.5164739970238864, 0.5319253761973344]",-1,-1
45762,[0.25904465 0.21691028],0,9,"[0.3110394802231661, 0.23517199738277297]",-1,-1
45763,[0.27609606 0.31385867],0,5,"[0.23231087327800656, 0.30304944505444303]",1585,-1
45764,[0.84484428 0.67657945],1,-1,-1,-1,0
45765,[0.34290845 0.58329759],4,0,"[0.383291892093257, 0.5586820702346661]",-1,-1
45766,[0.55327981 0.64506097],9,2,"[0.5921204552873188, 0.6383928111301557]",-1,-1
45767,[0.30169349 0.38521663],0,-1,-1,1208,-1
45768,[0.54296724 0.60820239],5,2,"[0.5921204552873188, 0.6383928111301557]",1217,-1
45769,[0.31046152 0.26348093],2,9,"[0.3110394802231661, 0.23517199738277297]",-1,-1
45770,[0.4080268  0.46665767],5,-1,-1,578,-1
45771,[0.45302123 0.54335107],3,6,"[0.5164739970238864, 0.5319253761973344]",-1,-1
45772,[0.60568775 0.42031707],8,-1,-1,-1,-1
45773,[0.77134803 0.83905701],1,-1,-1,-1,-1
45774,[0.2523846  0.27717151],2,5,"[0.23231087327800656, 0.30304944505444303]",-1,-1
45775,[0.3444661  0.50933878],7,0,"[0.383291892093257, 0.5586820702346661]",-1,-1
45776,[0.71969067 0.40737704],8,-1,-1,-1,-1
45777,[0.27250648 0.31552609],2,5,"[0.23231087327800656, 0.30304944505444303]",1585,9
45778,[0.76595296 0.60062505],9,-1,-1,57,-1
45779,[0.35867515 0.63127807],3,-1,-1,1304,-1
45780,[0.55711606 0.63262004],9,2,"[0.5921204552873188, 0.6383928111301557]",1278,6
45781,[0.34089879 0.60388608],4,0,"[0.383291892093257, 0.5586820702346661]",1861,-1
45782,[0.27736444 0.2817179 ],2,5,"[0.23231087327800656, 0.30304944505444303]",1675,-1
45783,[0.33621992 0.64348869],7,-1,-1,900,-1
45784,[0.20067492 0.3242697 ],2,5,"[0.23231087327800656, 0.30304944505444303]",1039,-1
45785,[0.44731691 0.38284717],6,-1,-1,-1,-1
45786,[0.30252928 0.2356743 ],0,9,"[0.3110394802231661, 0.23517199738277297]",1492,-1
45787,[0.33070609 0.45936675],7,8,"[0.27392971195344684, 0.45973140540928376]",1385,-1
45788,[0.32146929 0.53360554],7,7,"[0.2817018170798153, 0.5849768676672948]",1932,-1
45789,[0.38203984 0.55186688],3,0,"[0.383291892093257, 0.5586820702346661]",1816,-1
45790,[0.57571828 0.67665726],9,2,"[0.5921204552873188, 0.6383928111301557]",915,-1
45791,[0.79005431 0.66526049],1,4,"[0.7726811996944247, 0.7249303226766757]",326,0
45792,[0.29443564 0.19418034],0,9,"[0.3110394802231661, 0.23517199738277297]",425,-1
45793,[0.52391171 0.48765588],8,6,"[0.5164739970238864, 0.5319253761973344]",-1,-1
45794,[0.77837484 0.7159197 ],1,4,"[0.7726811996944247, 0.7249303226766757]",477,0
45795,[0.60860935 0.60868113],9,2,"[0.5921204552873188, 0.6383928111301557]",-1,-1
45796,[0.38748488 0.24947605],6,-1,-1,-1,-1
45797,[0.85775553 0.81123099],1,-1,-1,-1,-1
45798,[0.31243067 0.29222503],6,9,"[0.3110394802231661, 0.23517199738277297]",1614,-1
45799,[0.74104221 0.81281469],1,-1,-1,-1,0
45800,[0.38249833 0.27235289],6,1,"[0.3897435781344088, 0.3417040596068965]",1073,-1
45801,[0.65935112 0.3936897 ],8,-1,-1,241,-1
45802,[0.71865473 0.5347296 ],8,3,"[0.6815204869410737, 0.47689852788858716]",516,-1
45803,[0.45681708 0.46312532],6,-1,-1,-1,-1
45804,[0.25571723 0.16778491],0,-1,-1,-1,-1
45805,[0.4971668 0.4828563],5,6,"[0.5164739970238864, 0.5319253761973344]",-1,-1
45806,[0.3356659  0.34274005],6,1,"[0.3897435781344088, 0.3417040596068965]",-1,-1
45807,[0.27961047 0.29168353],2,5,"[0.23231087327800656, 0.30304944505444303]",1687,11
45808,[0.65937917 0.51212514],8,3,"[0.6815204869410737, 0.47689852788858716]",782,-1
45809,[0.48690102 0.28005044],6,-1,-1,-1,-1
45810,[0.92798846 0.80747487],1,-1,-1,-1,-1
45811,[0.49704762 0.76696799],9,-1,-1,4,-1
45812,[0.4652883  0.34139529],6,-1,-1,-1,-1
45813,[0.419521   0.68018735],3,-1,-1,-1,-1
45814,[0.23931136 0.42522149],7,8,"[0.27392971195344684, 0.45973140540928376]",-1,-1
45815,[0.6739454  0.63374941],9,-1,-1,-1,-1
45816,[0.32599904 0.31255141],2,-1,-1,1679,10
45817,[0.27748426 0.29614655],0,5,"[0.23231087327800656, 0.30304944505444303]",-1,-1
45818,[0.31450965 0.25754728],2,9,"[0.3110394802231661, 0.23517199738277297]",1491,-1
45819,[0.72661694 0.90949864],1,-1,-1,-1,-1
45820,[0.3279587 0.2734077],2,9,"[0.3110394802231661, 0.23517199738277297]",1504,-1
45821,[0.37609903 0.35150428],6,1,"[0.3897435781344088, 0.3417040596068965]",-1,-1
45822,[0.43796659 0.58352161],5,0,"[0.383291892093257, 0.5586820702346661]",1436,-1
45823,[0.60749125 0.49660315],8,-1,-1,843,-1
45824,[0.26647123 0.38769885],2,-1,-1,1019,-1
45825,[0.34589981 0.34347062],6,1,"[0.3897435781344088, 0.3417040596068965]",-1,-1
45826,[0.31346547 0.26279543],0,9,"[0.3110394802231661, 0.23517199738277297]",-1,-1
45827,[0.15399225 0.24074434],0,-1,-1,-1,-1
45828,[0.57838568 0.53563524],5,6,"[0.5164739970238864, 0.5319253761973344]",-1,-1
45829,[0.33846151 0.45572932],4,8,"[0.27392971195344684, 0.45973140540928376]",1387,-1
45830,[0.27904487 0.25494059],0,9,"[0.3110394802231661, 0.23517199738277297]",-1,-1
45831,[0.31076832 0.38238289],0,-1,-1,1420,-1
45832,[0.37828973 0.37200584],2,1,"[0.3897435781344088, 0.3417040596068965]",1062,-1
45833,[0.26891047 0.35347467],6,5,"[0.23231087327800656, 0.30304944505444303]",-1,-1
45834,[0.32826597 0.30030887],0,9,"[0.3110394802231661, 0.23517199738277297]",1659,-1
45835,[0.73373645 0.74979417],1,4,"[0.7726811996944247, 0.7249303226766757]",-1,0
45836,[0.65778664 0.55503361],8,-1,-1,-1,-1
45837,[0.52696424 0.47777309],5,6,"[0.5164739970238864, 0.5319253761973344]",-1,-1
45838,[0.79420262 0.65015912],1,-1,-1,329,0
45839,[0.68721696 0.62651642],1,-1,-1,-1,-1
45840,[0.59280152 0.60788026],9,2,"[0.5921204552873188, 0.6383928111301557]",1428,-1
45841,[0.53047592 0.73638102],9,-1,-1,-1,-1
45842,[0.55831807 0.59177144],5,2,"[0.5921204552873188, 0.6383928111301557]",-1,-1
45843,[0.68473793 0.6175459 ],9,-1,-1,-1,-1
45844,[0.40221228 0.58765712],4,0,"[0.383291892093257, 0.5586820702346661]",-1,-1
45845,[0.1743858  0.33585761],0,5,"[0.23231087327800656, 0.30304944505444303]",-1,-1
45846,[0.83935828 0.68519947],1,-1,-1,308,0
45847,[0.86416073 0.56456628],8,-1,-1,-1,-1
45848,[0.44466429 0.62155874],3,-1,-1,707,-1
45849,[0.33616274 0.53389024],4,0,"[0.383291892093257, 0.5586820702346661]",1948,16
45850,[0.42542289 0.31014532],6,1,"[0.3897435781344088, 0.3417040596068965]",977,-1
45851,[0.47618478 0.54029427],5,6,"[0.5164739970238864, 0.5319253761973344]",-1,-1
45852,[0.30626945 0.55135331],3,7,"[0.2817018170798153, 0.5849768676672948]",-1,-1
45853,[0.57614359 0.576174  ],9,2,"[0.5921204552873188, 0.6383928111301557]",1452,6
45854,[0.7186245  0.48181789],8,3,"[0.6815204869410737, 0.47689852788858716]",-1,-1
45855,[0.24987556 0.48728663],7,8,"[0.27392971195344684, 0.45973140540928376]",-1,-1
45856,[0.58715704 0.53769564],8,-1,-1,-1,-1
45857,[0.5896541  0.58062158],9,2,"[0.5921204552873188, 0.6383928111301557]",1325,-1
45858,[0.7647159  0.78638803],1,4,"[0.7726811996944247, 0.7249303226766757]",369,0
45859,[0.2956694  0.56378945],7,7,"[0.2817018170798153, 0.5849768676672948]",1870,-1
45860,[0.28631147 0.63482698],7,7,"[0.2817018170798153, 0.5849768676672948]",-1,-1
45861,[0.53233996 0.67125659],5,2,"[0.5921204552873188, 0.6383928111301557]",642,-1
45862,[0.64531526 0.54479045],8,-1,-1,-1,-1
45863,[0.27618923 0.50867092],7,8,"[0.27392971195344684, 0.45973140540928376]",1760,-1
45864,[0.57372599 0.5162523 ],5,6,"[0.5164739970238864, 0.5319253761973344]",1035,-1
45865,[0.52420263 0.57620916],5,6,"[0.5164739970238864, 0.5319253761973344]",1052,-1
45866,[0.6625907  0.56911268],9,-1,-1,-1,-1
45867,[0.47546449 0.62139086],9,-1,-1,736,-1
45868,[0.28154888 0.47702155],7,8,"[0.27392971195344684, 0.45973140540928376]",-1,-1
45869,[0.23691698 0.36234024],2,5,"[0.23231087327800656, 0.30304944505444303]",-1,-1
45870,[0.43897705 0.40673377],6,-1,-1,-1,-1
45871,[0.60083781 0.6169202 ],9,2,"[0.5921204552873188, 0.6383928111301557]",-1,-1
45872,[0.36258397 0.37034157],6,1,"[0.3897435781344088, 0.3417040596068965]",916,-1
45873,[0.61914114 0.64326609],9,2,"[0.5921204552873188, 0.6383928111301557]",1163,-1
45874,[0.3981563  0.59282453],3,0,"[0.383291892093257, 0.5586820702346661]",1723,-1
45875,[0.57751701 0.5254853 ],9,6,"[0.5164739970238864, 0.5319253761973344]",-1,-1
45876,[0.48765453 0.55631964],9,6,"[0.5164739970238864, 0.5319253761973344]",1184,-1
45877,[0.69580447 0.45766176],8,3,"[0.6815204869410737, 0.47689852788858716]",-1,-1
45878,[0.32325058 0.60054519],4,7,"[0.2817018170798153, 0.5849768676672948]",1939,-1
45879,[0.312099   0.57122955],4,7,"[0.2817018170798153, 0.5849768676672948]",1925,-1
45880,[0.35749399 0.41071297],2,-1,-1,-1,-1
45881,[0.23705456 0.55300601],7,7,"[0.2817018170798153, 0.5849768676672948]",1411,-1
45882,[0.24415258 0.33273424],2,5,"[0.23231087327800656, 0.30304944505444303]",-1,-1
45883,[0.86533714 0.73718459],1,-1,-1,-1,0
45884,[0.7602995  0.74972342],1,4,"[0.7726811996944247, 0.7249303226766757]",430,0
45885,[0.29736495 0.54979213],3,7,"[0.2817018170798153, 0.5849768676672948]",-1,-1
45886,[0.44918605 0.53205543],5,6,"[0.5164739970238864, 0.5319253761973344]",-1,-1
45887,[0.41024133 0.39846707],2,1,"[0.3897435781344088, 0.3417040596068965]",-1,-1
45888,[0.82875398 0.78878117],1,-1,-1,191,0
45889,[0.24586527 0.258086  ],0,5,"[0.23231087327800656, 0.30304944505444303]",-1,-1
45890,[0.58455729 0.668779  ],9,2,"[0.5921204552873188, 0.6383928111301557]",-1,-1
45891,[0.19333197 0.35971804],2,5,"[0.23231087327800656, 0.30304944505444303]",-1,-1
45892,[0.23148082 0.31582643],0,5,"[0.23231087327800656, 0.30304944505444303]",-1,-1
45893,[0.38064703 0.41734551],6,-1,-1,-1,-1
45894,[0.38921147 0.47129988],7,-1,-1,582,-1
45895,[0.35187069 0.50535844],7,0,"[0.383291892093257, 0.5586820702346661]",1801,-1
45896,[0.49301807 0.6142459 ],4,-1,-1,918,-1
45897,[0.3823958  0.50143029],4,0,"[0.383291892093257, 0.5586820702346661]",-1,-1
45898,[0.6318352 0.5738127],8,-1,-1,1195,-1
45899,[0.70467186 0.41055957],8,-1,-1,540,-1
45900,[0.46870474 0.47029883],5,-1,-1,664,-1
45901,[0.5782898  0.44784232],8,-1,-1,-1,-1
45902,[0.27582451 0.24357407],0,9,"[0.3110394802231661, 0.23517199738277297]",1524,-1
45903,[0.63501839 0.47694443],8,3,"[0.6815204869410737, 0.47689852788858716]",-1,-1
45904,[0.37586577 0.58374097],3,0,"[0.383291892093257, 0.5586820702346661]",1867,12
45905,[0.23553036 0.25929115],0,5,"[0.23231087327800656, 0.30304944505444303]",885,-1
45906,[0.25218151 0.32768283],0,5,"[0.23231087327800656, 0.30304944505444303]",-1,-1
45907,[0.37081884 0.55658976],3,0,"[0.383291892093257, 0.5586820702346661]",1856,-1
45908,[0.33133362 0.49372924],6,8,"[0.27392971195344684, 0.45973140540928376]",-1,-1
45909,[0.28376503 0.24482634],0,9,"[0.3110394802231661, 0.23517199738277297]",1602,-1
45910,[0.28449486 0.44013035],2,8,"[0.27392971195344684, 0.45973140540928376]",1240,-1
45911,[0.62177364 0.63063652],9,2,"[0.5921204552873188, 0.6383928111301557]",-1,-1
45912,[0.67648774 0.77878978],1,-1,-1,83,-1
45913,[0.51441649 0.61473126],5,-1,-1,1144,-1
45914,[0.67727324 0.48672017],8,3,"[0.6815204869410737, 0.47689852788858716]",787,-1
45915,[0.50614253 0.46678104],5,6,"[0.5164739970238864, 0.5319253761973344]",248,-1
45916,[0.32216153 0.50274334],3,8,"[0.27392971195344684, 0.45973140540928376]",1809,-1
45917,[0.33319223 0.52243998],7,0,"[0.383291892093257, 0.5586820702346661]",1877,-1
45918,[0.32239724 0.47472763],7,8,"[0.27392971195344684, 0.45973140540928376]",-1,-1
45919,[0.76400909 0.79152537],1,4,"[0.7726811996944247, 0.7249303226766757]",369,0
45920,[0.24591257 0.5579771 ],3,7,"[0.2817018170798153, 0.5849768676672948]",1706,-1
45921,[0.31139444 0.5068872 ],3,8,"[0.27392971195344684, 0.45973140540928376]",1922,15
45922,[0.2897078  0.60161942],7,7,"[0.2817018170798153, 0.5849768676672948]",1693,-1
45923,[0.79539248 0.6366855 ],1,-1,-1,231,0
45924,[0.3636909  0.66898899],3,-1,-1,-1,-1
45925,[0.26835297 0.28380083],0,5,"[0.23231087327800656, 0.30304944505444303]",1622,-1
45926,[0.49541818 0.56833595],5,6,"[0.5164739970238864, 0.5319253761973344]",-1,-1
45927,[0.39478922 0.51656575],3,0,"[0.383291892093257, 0.5586820702346661]",1634,-1
45928,[0.2134521  0.32685442],2,5,"[0.23231087327800656, 0.30304944505444303]",1038,-1
45929,[0.64297419 0.57939012],5,-1,-1,-1,-1
45930,[0.60330996 0.70482827],9,2,"[0.5921204552873188, 0.6383928111301557]",-1,-1
45931,[0.47248163 0.31203081],6,-1,-1,281,-1
45932,[0.67684973 0.40671934],8,-1,-1,-1,-1
45933,[0.40483833 0.51454809],3,0,"[0.383291892093257, 0.5586820702346661]",-1,-1
45934,[0.30681645 0.37745626],6,-1,-1,-1,-1
45935,[0.26700528 0.43726435],7,8,"[0.27392971195344684, 0.45973140540928376]",-1,-1
45936,[0.22215713 0.31724286],2,5,"[0.23231087327800656, 0.30304944505444303]",-1,-1
45937,[0.25086528 0.31563499],2,5,"[0.23231087327800656, 0.30304944505444303]",1501,-1
45938,[0.27809603 0.39529406],2,8,"[0.27392971195344684, 0.45973140540928376]",1066,-1
45939,[0.47332689 0.23630952],6,-1,-1,82,-1
45940,[0.36075935 0.35232405],6,1,"[0.3897435781344088, 0.3417040596068965]",-1,-1
45941,[0.3311432  0.46984107],4,8,"[0.27392971195344684, 0.45973140540928376]",-1,-1
45942,[0.63330254 0.437946  ],8,3,"[0.6815204869410737, 0.47689852788858716]",678,-1
45943,[0.78588483 0.42366369],8,-1,-1,59,-1
45944,[0.25130167 0.25155166],2,5,"[0.23231087327800656, 0.30304944505444303]",1313,-1
45945,[0.1703102  0.24491894],0,-1,-1,172,-1
45946,[0.48586354 0.51874548],5,6,"[0.5164739970238864, 0.5319253761973344]",936,-1
45947,[0.57717042 0.73739219],9,-1,-1,-1,-1
45948,[0.16863293 0.27249378],2,-1,-1,-1,-1
45949,[0.56556183 0.52264012],8,6,"[0.5164739970238864, 0.5319253761973344]",-1,-1
45950,[0.72315423 0.37002646],8,-1,-1,-1,-1
45951,[0.48659633 0.7174079 ],9,-1,-1,-1,-1
45952,[0.3009516  0.31806506],2,-1,-1,1661,-1
45953,[0.26192725 0.40214464],2,8,"[0.27392971195344684, 0.45973140540928376]",1008,-1
45954,[0.72047776 0.71253357],1,4,"[0.7726811996944247, 0.7249303226766757]",349,0
45955,[0.50218981 0.53258686],3,6,"[0.5164739970238864, 0.5319253761973344]",1186,-1
45956,[0.80279429 0.5590463 ],1,-1,-1,-1,-1
45957,[0.58211424 0.69998481],9,2,"[0.5921204552873188, 0.6383928111301557]",523,-1
45958,[0.67063603 0.47717721],8,3,"[0.6815204869410737, 0.47689852788858716]",-1,-1
45959,[0.36855163 0.34366629],6,1,"[0.3897435781344088, 0.3417040596068965]",1275,-1
45960,[0.47264967 0.53412704],5,6,"[0.5164739970238864, 0.5319253761973344]",-1,-1
45961,[0.71225622 0.68356633],1,-1,-1,391,0
45962,[0.2788717  0.31604255],2,5,"[0.23231087327800656, 0.30304944505444303]",1585,9
45963,[0.23000967 0.15080212],0,-1,-1,-1,-1
45964,[0.78197322 0.5264375 ],8,-1,-1,-1,-1
45965,[0.30082    0.24381685],0,9,"[0.3110394802231661, 0.23517199738277297]",1174,-1
45966,[0.18615788 0.35624471],2,-1,-1,504,-1
45967,[0.24053269 0.27818917],0,5,"[0.23231087327800656, 0.30304944505444303]",1531,-1
45968,[0.48286924 0.69049581],9,-1,-1,-1,-1
45969,[0.26670586 0.36939585],2,-1,-1,1221,-1
45970,[0.78637835 0.80844849],1,-1,-1,-1,0
45971,[0.53392651 0.59247889],5,6,"[0.5164739970238864, 0.5319253761973344]",-1,-1
45972,[0.28851432 0.53316885],7,7,"[0.2817018170798153, 0.5849768676672948]",-1,14
45973,[0.70414168 0.47307521],8,3,"[0.6815204869410737, 0.47689852788858716]",717,-1
45974,[0.34004014 0.49343845],5,-1,-1,1880,-1
45975,[0.56067611 0.48679683],8,6,"[0.5164739970238864, 0.5319253761973344]",-1,-1
45976,[0.2897159  0.35605496],0,-1,-1,1479,-1
45977,[0.29348152 0.24139435],0,9,"[0.3110394802231661, 0.23517199738277297]",1465,-1
45978,[0.66896029 0.43548108],8,3,"[0.6815204869410737, 0.47689852788858716]",-1,-1
45979,[0.60581168 0.59178034],5,2,"[0.5921204552873188, 0.6383928111301557]",-1,-1
45980,[0.71122812 0.45996597],8,3,"[0.6815204869410737, 0.47689852788858716]",717,-1
45981,[0.31584621 0.51311889],7,8,"[0.27392971195344684, 0.45973140540928376]",1922,15
45982,[0.45678067 0.36049139],6,1,"[0.3897435781344088, 0.3417040596068965]",442,-1
45983,[0.43040336 0.5487108 ],5,0,"[0.383291892093257, 0.5586820702346661]",-1,-1
45984,[0.27425426 0.36242794],2,-1,-1,1265,-1
45985,[0.73542282 0.70054027],1,4,"[0.7726811996944247, 0.7249303226766757]",437,0
45986,[0.36306264 0.211619  ],0,9,"[0.3110394802231661, 0.23517199738277297]",-1,-1
45987,[0.46048335 0.30620739],6,-1,-1,473,-1
45988,[0.30947815 0.35481199],2,-1,-1,-1,8
45989,[0.22409468 0.50936323],4,-1,-1,-1,-1
45990,[0.33170112 0.25301263],0,9,"[0.3110394802231661, 0.23517199738277297]",-1,-1
45991,[0.21924168 0.58075488],4,7,"[0.2817018170798153, 0.5849768676672948]",380,-1
45992,[0.54982925 0.31923161],6,-1,-1,-1,-1
45993,[0.28055203 0.28568371],2,5,"[0.23231087327800656, 0.30304944505444303]",1681,11
45994,[0.53678121 0.70326046],9,-1,-1,-1,-1
45995,[0.35714939 0.51625372],3,0,"[0.383291892093257, 0.5586820702346661]",1921,-1
45996,[0.28956645 0.64625155],4,7,"[0.2817018170798153, 0.5849768676672948]",-1,-1
45997,[0.79740802 0.73540857],1,4,"[0.7726811996944247, 0.7249303226766757]",433,0
45998,[0.73720275 0.76761846],1,4,"[0.7726811996944247, 0.7249303226766757]",-1,0
45999,[0.67236378 0.72609956],9,-1,-1,196,0
46000,[0.27441284 0.35279454],6,5,"[0.23231087327800656, 0.30304944505444303]",1550,-1
46001,[0.86781407 0.64731299],1,-1,-1,30,-1
46002,[0.59715462 0.48196469],8,-1,-1,-1,-1
46003,[0.21216701 0.20927842],0,-1,-1,244,-1
46004,[0.17283636 0.53616543],7,-1,-1,-1,-1
46005,[0.39482526 0.39849646],4,1,"[0.3897435781344088, 0.3417040596068965]",-1,-1
46006,[0.40525044 0.46254815],3,-1,-1,-1,-1
46007,[0.5804095  0.70324512],9,2,"[0.5921204552873188, 0.6383928111301557]",523,-1
46008,[0.34524954 0.47171929],3,-1,-1,1758,-1
46009,[0.14665783 0.52443039],7,-1,-1,-1,-1
46010,[0.7244876  0.74836425],1,4,"[0.7726811996944247, 0.7249303226766757]",421,0
46011,[0.33032485 0.3597575 ],2,1,"[0.3897435781344088, 0.3417040596068965]",-1,-1
46012,[0.24499427 0.71121922],3,-1,-1,6,-1
46013,[0.32616517 0.43980205],3,8,"[0.27392971195344684, 0.45973140540928376]",941,-1
46014,[0.77840598 0.78414103],1,4,"[0.7726811996944247, 0.7249303226766757]",-1,0
46015,[0.32409622 0.55267967],3,7,"[0.2817018170798153, 0.5849768676672948]",1990,17
46016,[0.3253977  0.19517169],0,9,"[0.3110394802231661, 0.23517199738277297]",256,-1
46017,[0.51447392 0.29903677],6,-1,-1,-1,-1
46018,[0.79864739 0.7459102 ],1,4,"[0.7726811996944247, 0.7249303226766757]",450,0
46019,[0.58317955 0.64328898],9,2,"[0.5921204552873188, 0.6383928111301557]",1189,-1
46020,[0.54887852 0.46762335],8,-1,-1,757,-1
46021,[0.82013332 0.74802018],1,4,"[0.7726811996944247, 0.7249303226766757]",-1,0
46022,[0.19973272 0.55327445],7,-1,-1,-1,-1
46023,[0.39471018 0.66577048],3,-1,-1,-1,-1
46024,[0.37065735 0.49637818],3,0,"[0.383291892093257, 0.5586820702346661]",1741,-1
46025,[0.30030783 0.51020795],4,8,"[0.27392971195344684, 0.45973140540928376]",1852,-1
46026,[0.16543956 0.14967375],0,-1,-1,-1,-1
46027,[0.30562356 0.34286912],2,-1,-1,1593,8
46028,[0.71371884 0.83070311],1,-1,-1,-1,-1
46029,[0.32763194 0.52895108],4,0,"[0.383291892093257, 0.5586820702346661]",-1,-1
46030,[0.50842078 0.57261942],5,6,"[0.5164739970238864, 0.5319253761973344]",1381,-1
46031,[0.2725237 0.3293131],2,5,"[0.23231087327800656, 0.30304944505444303]",1597,9
46032,[0.55273931 0.6914944 ],9,2,"[0.5921204552873188, 0.6383928111301557]",-1,-1
46033,[0.53345328 0.66675378],9,2,"[0.5921204552873188, 0.6383928111301557]",-1,-1
46034,[0.66412199 0.68596657],9,-1,-1,-1,-1
46035,[0.28325834 0.33189699],0,5,"[0.23231087327800656, 0.30304944505444303]",-1,-1
46036,[0.68790496 0.54700963],8,-1,-1,-1,-1
46037,[0.60461469 0.4405282 ],5,-1,-1,-1,-1
46038,[0.46553382 0.5567435 ],5,6,"[0.5164739970238864, 0.5319253761973344]",1084,-1
46039,[0.62903004 0.51978638],8,3,"[0.6815204869410737, 0.47689852788858716]",864,-1
46040,[0.34142747 0.24221348],0,9,"[0.3110394802231661, 0.23517199738277297]",-1,-1
46041,[0.62582976 0.46538726],8,3,"[0.6815204869410737, 0.47689852788858716]",626,-1
46042,[0.43883965 0.54862601],5,0,"[0.383291892093257, 0.5586820702346661]",1296,-1
46043,[0.61918516 0.42997461],8,-1,-1,285,-1
46044,[0.33780224 0.57300594],4,0,"[0.383291892093257, 0.5586820702346661]",-1,-1
46045,[0.39996687 0.2505787 ],2,-1,-1,849,-1
46046,[0.70060399 0.73920607],1,-1,-1,383,0
46047,[0.30044612 0.49489138],7,8,"[0.27392971195344684, 0.45973140540928376]",1889,-1
46048,[0.74864133 0.70282541],1,4,"[0.7726811996944247, 0.7249303226766757]",-1,0
46049,[0.10464968 0.24003085],0,-1,-1,-1,-1
46050,[0.66630367 0.47971412],8,3,"[0.6815204869410737, 0.47689852788858716]",829,-1
46051,[0.84007698 0.73330506],1,4,"[0.7726811996944247, 0.7249303226766757]",-1,0
46052,[0.24106915 0.33522296],0,5,"[0.23231087327800656, 0.30304944505444303]",-1,-1
46053,[0.70805458 0.81983955],1,-1,-1,-1,-1
46054,[0.78887291 0.64820538],1,-1,-1,329,0
46055,[0.46439527 0.57083542],3,6,"[0.5164739970238864, 0.5319253761973344]",1231,-1
46056,[0.42354336 0.43903047],5,-1,-1,404,-1
46057,[0.21515757 0.4899866 ],4,8,"[0.27392971195344684, 0.45973140540928376]",-1,-1
46058,[0.34989007 0.25865778],2,9,"[0.3110394802231661, 0.23517199738277297]",-1,-1
46059,[0.60324011 0.70301814],9,2,"[0.5921204552873188, 0.6383928111301557]",-1,-1
46060,[0.58722542 0.61700049],5,2,"[0.5921204552873188, 0.6383928111301557]",1418,-1
46061,[0.26508075 0.46806971],4,8,"[0.27392971195344684, 0.45973140540928376]",1595,-1
46062,[0.42715025 0.56605257],5,0,"[0.383291892093257, 0.5586820702346661]",-1,-1
46063,[0.41792594 0.67066543],4,-1,-1,-1,-1
46064,[0.40377439 0.18280979],6,-1,-1,39,-1
46065,[0.62626149 0.61718631],9,2,"[0.5921204552873188, 0.6383928111301557]",740,-1
46066,[0.30272527 0.6757319 ],4,-1,-1,-1,-1
46067,[0.65561544 0.56153281],9,-1,-1,-1,-1
46068,[0.39073763 0.54803212],3,0,"[0.383291892093257, 0.5586820702346661]",-1,-1
46069,[0.57033825 0.48689474],8,-1,-1,848,-1
46070,[0.18036557 0.55572803],7,-1,-1,96,-1
46071,[0.72527328 0.70066493],1,4,"[0.7726811996944247, 0.7249303226766757]",-1,0
46072,[0.34066645 0.62074915],3,7,"[0.2817018170798153, 0.5849768676672948]",1695,-1
46073,[0.46768625 0.3135213 ],6,-1,-1,281,-1
46074,[0.64500755 0.71412203],9,-1,-1,-1,-1
46075,[0.45633496 0.60540951],9,-1,-1,-1,-1
46076,[0.69914937 0.38990413],8,-1,-1,217,-1
46077,[0.29231218 0.56050395],7,7,"[0.2817018170798153, 0.5849768676672948]",-1,-1
46078,[0.90149841 0.6775827 ],1,-1,-1,29,-1
46079,[0.35098475 0.24874326],0,9,"[0.3110394802231661, 0.23517199738277297]",-1,-1
46080,[0.24584239 0.6754341 ],4,-1,-1,37,-1
46081,[0.34801811 0.51611265],7,0,"[0.383291892093257, 0.5586820702346661]",1927,-1
46082,[0.27069867 0.26284079],2,9,"[0.3110394802231661, 0.23517199738277297]",1606,-1
46083,[0.7924936  0.57384392],8,-1,-1,-1,-1
46084,[0.68091911 0.37254029],8,-1,-1,-1,-1
46085,[0.39284162 0.55751433],3,0,"[0.383291892093257, 0.5586820702346661]",-1,-1
46086,[0.31643633 0.53206839],7,7,"[0.2817018170798153, 0.5849768676672948]",-1,-1
46087,[0.30138929 0.41671808],2,8,"[0.27392971195344684, 0.45973140540928376]",1074,-1
46088,[0.28441287 0.53715912],4,7,"[0.2817018170798153, 0.5849768676672948]",-1,-1
46089,[0.43539248 0.6631033 ],4,-1,-1,138,-1
46090,[0.61630427 0.54738476],9,-1,-1,-1,-1
46091,[0.24809287 0.35525417],2,5,"[0.23231087327800656, 0.30304944505444303]",-1,-1
46092,[0.26867707 0.28108962],0,5,"[0.23231087327800656, 0.30304944505444303]",-1,-1
46093,[0.34808309 0.24645107],0,9,"[0.3110394802231661, 0.23517199738277297]",-1,-1
46094,[0.26858559 0.4697963 ],7,8,"[0.27392971195344684, 0.45973140540928376]",-1,-1
46095,[0.7678454  0.49436045],8,-1,-1,190,-1
46096,[0.24580408 0.14805895],0,-1,-1,-1,-1
46097,[0.22750913 0.33882866],0,5,"[0.23231087327800656, 0.30304944505444303]",-1,-1
46098,[0.3992298  0.51488498],5,0,"[0.383291892093257, 0.5586820702346661]",1634,-1
46099,[0.3737132  0.61521082],3,0,"[0.383291892093257, 0.5586820702346661]",-1,-1
46100,[0.27731836 0.5572757 ],7,7,"[0.2817018170798153, 0.5849768676672948]",1875,13
46101,[0.41451819 0.58424848],4,0,"[0.383291892093257, 0.5586820702346661]",1716,-1
46102,[0.67755837 0.66246033],9,-1,-1,482,-1
46103,[0.63958972 0.76401969],9,-1,-1,-1,-1
46104,[0.68970014 0.68288658],1,-1,-1,382,-1
46105,[0.28432509 0.36694398],0,-1,-1,-1,-1
46106,[0.4967027  0.23127794],0,-1,-1,-1,-1
46107,[0.6729016  0.53893981],9,3,"[0.6815204869410737, 0.47689852788858716]",-1,-1
46108,[0.57403754 0.56119403],9,6,"[0.5164739970238864, 0.5319253761973344]",-1,-1
46109,[0.30825871 0.31847527],2,-1,-1,-1,10
46110,[0.74355468 0.56564924],1,-1,-1,-1,-1
46111,[0.26797856 0.25732704],2,9,"[0.3110394802231661, 0.23517199738277297]",1049,-1
46112,[0.45759374 0.48667843],4,-1,-1,546,-1
46113,[0.50220433 0.5653059 ],5,6,"[0.5164739970238864, 0.5319253761973344]",1322,-1
46114,[0.56064204 0.53564029],8,6,"[0.5164739970238864, 0.5319253761973344]",-1,-1
46115,[0.3911797 0.5751045],3,0,"[0.383291892093257, 0.5586820702346661]",-1,-1
46116,[0.54089165 0.6228    ],5,2,"[0.5921204552873188, 0.6383928111301557]",-1,-1
46117,[0.72010294 0.67156524],1,-1,-1,357,0
46118,[0.27132495 0.46527953],4,8,"[0.27392971195344684, 0.45973140540928376]",1595,-1
46119,[0.61042867 0.63628965],9,2,"[0.5921204552873188, 0.6383928111301557]",1332,-1
46120,[0.25080648 0.30530446],6,5,"[0.23231087327800656, 0.30304944505444303]",-1,-1
46121,[0.37774105 0.27966015],6,1,"[0.3897435781344088, 0.3417040596068965]",1168,-1
46122,[0.27787285 0.5606073 ],4,7,"[0.2817018170798153, 0.5849768676672948]",-1,13
46123,[0.21890506 0.22837109],0,-1,-1,872,-1
46124,[0.35393575 0.49968221],5,0,"[0.383291892093257, 0.5586820702346661]",1802,-1
46125,[0.45789258 0.56831413],3,6,"[0.5164739970238864, 0.5319253761973344]",1231,-1
46126,[0.86063655 0.74401007],1,-1,-1,130,0
46127,[0.32946523 0.614119  ],3,7,"[0.2817018170798153, 0.5849768676672948]",1544,-1
46128,[0.36196035 0.52210674],4,0,"[0.383291892093257, 0.5586820702346661]",-1,-1
46129,[0.6389509  0.62182375],9,2,"[0.5921204552873188, 0.6383928111301557]",1154,-1
46130,[0.13492847 0.38175733],0,-1,-1,-1,-1
46131,[0.40812155 0.23955149],6,-1,-1,657,-1
46132,[0.77895316 0.64008062],1,-1,-1,176,0
46133,[0.74513528 0.68708237],1,4,"[0.7726811996944247, 0.7249303226766757]",440,0
46134,[0.7397741  0.80382903],1,-1,-1,288,0
46135,[0.85360608 0.64245428],1,-1,-1,32,-1
46136,[0.73756912 0.79371283],1,-1,-1,-1,0
46137,[0.74096406 0.85377246],1,-1,-1,-1,-1
46138,[0.43070518 0.56770238],5,0,"[0.383291892093257, 0.5586820702346661]",1467,-1
46139,[0.47409652 0.52122202],3,6,"[0.5164739970238864, 0.5319253761973344]",1002,-1
46140,[0.4086166  0.41463722],6,-1,-1,-1,-1
46141,[0.20888236 0.40679731],2,-1,-1,202,-1
46142,[0.27643145 0.57272124],3,7,"[0.2817018170798153, 0.5849768676672948]",-1,-1
46143,[0.33139144 0.22348323],0,9,"[0.3110394802231661, 0.23517199738277297]",969,-1
46144,[0.35660223 0.528526  ],4,0,"[0.383291892093257, 0.5586820702346661]",-1,-1
46145,[0.38978086 0.29737419],6,1,"[0.3897435781344088, 0.3417040596068965]",-1,-1
46146,[0.72617843 0.49359646],8,3,"[0.6815204869410737, 0.47689852788858716]",-1,-1
46147,[0.54638482 0.45546679],5,-1,-1,-1,-1
46148,[0.58885054 0.649055  ],5,2,"[0.5921204552873188, 0.6383928111301557]",-1,-1
46149,[0.23474742 0.26170811],0,5,"[0.23231087327800656, 0.30304944505444303]",-1,-1
46150,[0.75340509 0.44674146],8,-1,-1,-1,-1
46151,[0.64354318 0.61364487],8,2,"[0.5921204552873188, 0.6383928111301557]",-1,-1
46152,[0.37796906 0.49903922],7,0,"[0.383291892093257, 0.5586820702346661]",1448,-1
46153,[0.67600422 0.83090317],1,-1,-1,23,-1
46154,[0.3606789  0.52818497],3,0,"[0.383291892093257, 0.5586820702346661]",-1,-1
46155,[0.34321953 0.32048204],0,1,"[0.3897435781344088, 0.3417040596068965]",1575,-1
46156,[0.27251972 0.23407482],2,9,"[0.3110394802231661, 0.23517199738277297]",-1,-1
46157,[0.30568558 0.54528442],7,7,"[0.2817018170798153, 0.5849768676672948]",-1,-1
46158,[0.68908802 0.54272158],8,3,"[0.6815204869410737, 0.47689852788858716]",673,-1
46159,[0.66537091 0.55023276],8,-1,-1,670,-1
46160,[0.27588777 0.31866253],0,5,"[0.23231087327800656, 0.30304944505444303]",1585,9
46161,[0.52866348 0.52060251],9,6,"[0.5164739970238864, 0.5319253761973344]",1188,3
46162,[0.3420822  0.25648275],0,9,"[0.3110394802231661, 0.23517199738277297]",958,-1
46163,[0.42506399 0.3477693 ],6,1,"[0.3897435781344088, 0.3417040596068965]",-1,-1
46164,[0.16350209 0.396273  ],2,-1,-1,-1,-1
46165,[0.30922443 0.32699616],6,-1,-1,1677,-1
46166,[0.32391669 0.31170872],0,-1,-1,-1,10
46167,[0.19186144 0.31137613],2,5,"[0.23231087327800656, 0.30304944505444303]",-1,-1
46168,[0.41654633 0.61253556],5,0,"[0.383291892093257, 0.5586820702346661]",1473,-1
46169,[0.43620807 0.41582523],6,-1,-1,-1,-1
46170,[0.37736576 0.41430304],2,-1,-1,-1,-1
46171,[0.60715621 0.52157302],5,-1,-1,1102,-1
46172,[0.5954037  0.60796728],9,2,"[0.5921204552873188, 0.6383928111301557]",-1,6
46173,[0.31595369 0.5860869 ],4,7,"[0.2817018170798153, 0.5849768676672948]",-1,-1
46174,[0.25816536 0.61173645],3,7,"[0.2817018170798153, 0.5849768676672948]",-1,-1
46175,[0.44666247 0.31599344],6,1,"[0.3897435781344088, 0.3417040596068965]",-1,-1
46176,[0.42293668 0.57490379],3,0,"[0.383291892093257, 0.5586820702346661]",-1,-1
46177,[0.45332088 0.60017928],3,-1,-1,1237,-1
46178,[0.34022161 0.29485203],6,9,"[0.3110394802231661, 0.23517199738277297]",1666,-1
46179,[0.73762967 0.54153819],8,-1,-1,-1,-1
46180,[0.25384384 0.5258999 ],4,7,"[0.2817018170798153, 0.5849768676672948]",-1,-1
46181,[0.30100331 0.26221734],2,9,"[0.3110394802231661, 0.23517199738277297]",-1,-1
46182,[0.27970042 0.55397138],3,7,"[0.2817018170798153, 0.5849768676672948]",-1,-1
46183,[0.24317573 0.20366031],0,-1,-1,-1,-1
46184,[0.78138328 0.36276892],8,-1,-1,-1,-1
46185,[0.25439702 0.54569381],7,7,"[0.2817018170798153, 0.5849768676672948]",-1,-1
46186,[0.24921202 0.18152423],0,-1,-1,-1,-1
46187,[0.20204509 0.30962029],2,5,"[0.23231087327800656, 0.30304944505444303]",777,-1
46188,[0.4365667  0.25661049],6,-1,-1,240,-1
46189,[0.41446932 0.54184661],3,0,"[0.383291892093257, 0.5586820702346661]",-1,-1
46190,[0.71085986 0.31167407],8,-1,-1,-1,-1
46191,[0.39530168 0.26652996],0,-1,-1,838,-1
46192,[0.31991066 0.42815241],2,8,"[0.27392971195344684, 0.45973140540928376]",-1,-1
46193,[0.47020342 0.55403679],5,6,"[0.5164739970238864, 0.5319253761973344]",839,-1
46194,[0.45071778 0.29661493],6,-1,-1,472,-1
46195,[0.5919666  0.70910849],9,-1,-1,-1,-1
46196,[0.56713017 0.63000209],9,2,"[0.5921204552873188, 0.6383928111301557]",-1,-1
46197,[0.36089713 0.27628894],0,9,"[0.3110394802231661, 0.23517199738277297]",-1,-1
46198,[0.35095146 0.60355251],3,0,"[0.383291892093257, 0.5586820702346661]",1833,-1
46199,[0.21172232 0.27827631],2,5,"[0.23231087327800656, 0.30304944505444303]",-1,-1
46200,[0.37155361 0.72798212],3,-1,-1,-1,-1
46201,[0.52092607 0.66155964],9,-1,-1,-1,-1
46202,[0.35094926 0.616434  ],3,0,"[0.383291892093257, 0.5586820702346661]",1830,-1
46203,[0.26454486 0.34841289],0,5,"[0.23231087327800656, 0.30304944505444303]",-1,-1
46204,[0.38089623 0.47469977],4,-1,-1,771,-1
46205,[0.17133821 0.56629719],7,-1,-1,-1,-1
46206,[0.25325904 0.36916431],0,5,"[0.23231087327800656, 0.30304944505444303]",-1,-1
46207,[0.59352612 0.57362661],9,2,"[0.5921204552873188, 0.6383928111301557]",-1,5
46208,[0.3664723  0.18685463],0,-1,-1,-1,-1
46209,[0.30657321 0.51670176],7,8,"[0.27392971195344684, 0.45973140540928376]",1881,-1
46210,[0.6723067 0.7343079],1,-1,-1,197,0
46211,[0.1832195 0.2855239],2,5,"[0.23231087327800656, 0.30304944505444303]",726,-1
46212,[0.83357227 0.83538445],1,-1,-1,-1,-1
46213,[0.34260598 0.51380733],4,0,"[0.383291892093257, 0.5586820702346661]",-1,-1
46214,[0.30403519 0.2910685 ],0,9,"[0.3110394802231661, 0.23517199738277297]",1685,11
46215,[0.82553234 0.71100818],1,4,"[0.7726811996944247, 0.7249303226766757]",360,0
46216,[0.27904534 0.31311187],0,5,"[0.23231087327800656, 0.30304944505444303]",1585,-1
46217,[0.58387889 0.6256035 ],9,2,"[0.5921204552873188, 0.6383928111301557]",-1,-1
46218,[0.6590155  0.47726326],8,3,"[0.6815204869410737, 0.47689852788858716]",825,-1
46219,[0.28917282 0.22731888],2,9,"[0.3110394802231661, 0.23517199738277297]",-1,-1
46220,[0.71386725 0.67837364],1,-1,-1,391,0
46221,[0.25817475 0.49124934],4,8,"[0.27392971195344684, 0.45973140540928376]",-1,-1
46222,[0.24016063 0.61172529],7,7,"[0.2817018170798153, 0.5849768676672948]",-1,-1
46223,[0.36010041 0.39457255],6,1,"[0.3897435781344088, 0.3417040596068965]",-1,-1
46224,[0.7162211  0.41915932],8,3,"[0.6815204869410737, 0.47689852788858716]",443,-1
46225,[0.31823741 0.3832596 ],7,-1,-1,-1,-1
46226,[0.54236935 0.58515813],5,6,"[0.5164739970238864, 0.5319253761973344]",1432,-1
46227,[0.57949215 0.46608247],8,-1,-1,-1,-1
46228,[0.33715547 0.27027689],0,9,"[0.3110394802231661, 0.23517199738277297]",1030,-1
46229,[0.33747419 0.32354808],2,1,"[0.3897435781344088, 0.3417040596068965]",1682,-1
46230,[0.40895041 0.51883729],3,0,"[0.383291892093257, 0.5586820702346661]",1638,-1
46231,[0.30120237 0.56840913],3,7,"[0.2817018170798153, 0.5849768676672948]",1924,-1
46232,[0.30531055 0.60664184],3,7,"[0.2817018170798153, 0.5849768676672948]",1726,-1
46233,[0.3929045  0.57614601],4,0,"[0.383291892093257, 0.5586820702346661]",-1,-1
46234,[0.55407174 0.65036404],5,2,"[0.5921204552873188, 0.6383928111301557]",1212,-1
46235,[0.35920344 0.54934305],3,0,"[0.383291892093257, 0.5586820702346661]",1790,-1
46236,[0.30646845 0.29459792],0,9,"[0.3110394802231661, 0.23517199738277297]",-1,11
46237,[0.7760503  0.53992028],8,-1,-1,84,-1
46238,[0.30529646 0.33417492],2,-1,-1,1676,-1
46239,[0.29513454 0.28731473],0,9,"[0.3110394802231661, 0.23517199738277297]",1554,-1
46240,[0.32271906 0.36695526],6,-1,-1,1392,-1
46241,[0.26998243 0.52526452],4,7,"[0.2817018170798153, 0.5849768676672948]",-1,-1
46242,[0.24473961 0.42845101],2,8,"[0.27392971195344684, 0.45973140540928376]",699,-1
46243,[0.27797    0.25059598],0,9,"[0.3110394802231661, 0.23517199738277297]",-1,-1
46244,[0.21473537 0.51063829],7,-1,-1,-1,-1
46245,[0.35987429 0.6403173 ],3,-1,-1,1206,-1
46246,[0.34844952 0.52405444],3,0,"[0.383291892093257, 0.5586820702346661]",-1,-1
46247,[0.51198865 0.60776313],5,-1,-1,-1,-1
46248,[0.54930413 0.55528118],9,6,"[0.5164739970238864, 0.5319253761973344]",1406,6
46249,[0.31450141 0.45973229],7,8,"[0.27392971195344684, 0.45973140540928376]",1556,-1
46250,[0.59169516 0.40021824],8,-1,-1,-1,-1
46251,[0.24716507 0.58739435],3,7,"[0.2817018170798153, 0.5849768676672948]",-1,-1
46252,[0.82641956 0.68680444],1,4,"[0.7726811996944247, 0.7249303226766757]",-1,0
46253,[0.62633003 0.62736554],9,2,"[0.5921204552873188, 0.6383928111301557]",-1,-1
46254,[0.18836904 0.23352068],0,-1,-1,-1,-1
46255,[0.2991265  0.35950442],2,-1,-1,-1,-1
46256,[0.29819533 0.57471231],4,7,"[0.2817018170798153, 0.5849768676672948]",1839,-1
46257,[0.48254696 0.3810617 ],6,-1,-1,200,-1
46258,[0.28359524 0.56587655],4,7,"[0.2817018170798153, 0.5849768676672948]",1903,-1
46259,[0.22962797 0.50883105],7,8,"[0.27392971195344684, 0.45973140540928376]",924,-1
46260,[0.46627068 0.62285457],5,-1,-1,704,-1
46261,[0.37871975 0.60155784],3,0,"[0.383291892093257, 0.5586820702346661]",1754,-1
46262,[0.62597834 0.54748834],9,-1,-1,1100,-1
46263,[0.40966819 0.33714122],6,1,"[0.3897435781344088, 0.3417040596068965]",-1,-1
46264,[0.52828821 0.4792502 ],9,6,"[0.5164739970238864, 0.5319253761973344]",926,-1
46265,[0.20706106 0.55746821],4,-1,-1,-1,-1
46266,[0.44138616 0.4777372 ],5,-1,-1,547,-1
46267,[0.61685402 0.65735297],9,2,"[0.5921204552873188, 0.6383928111301557]",902,-1
46268,[0.84677967 0.70951354],1,-1,-1,-1,0
46269,[0.32341742 0.49859102],4,8,"[0.27392971195344684, 0.45973140540928376]",1809,-1
46270,[0.43090038 0.34639219],6,1,"[0.3897435781344088, 0.3417040596068965]",794,-1
46271,[0.38016355 0.60181012],3,0,"[0.383291892093257, 0.5586820702346661]",1753,-1
46272,[0.39886388 0.5406125 ],3,0,"[0.383291892093257, 0.5586820702346661]",1629,-1
46273,[0.37051704 0.52895312],7,0,"[0.383291892093257, 0.5586820702346661]",1934,-1
46274,[0.76570863 0.49249507],8,-1,-1,-1,-1
46275,[0.59375897 0.66071557],5,2,"[0.5921204552873188, 0.6383928111301557]",-1,-1
46276,[0.68192148 0.56160962],8,-1,-1,-1,-1
46277,[0.24343272 0.32068282],0,5,"[0.23231087327800656, 0.30304944505444303]",1494,7
46278,[0.8162856  0.76338616],1,4,"[0.7726811996944247, 0.7249303226766757]",405,0
46279,[0.45672253 0.6162232 ],5,-1,-1,703,-1
46280,[0.5634858  0.45923705],5,-1,-1,-1,-1
46281,[0.53488475 0.67149696],5,2,"[0.5921204552873188, 0.6383928111301557]",642,-1
46282,[0.31629832 0.50115829],7,8,"[0.27392971195344684, 0.45973140540928376]",-1,-1
46283,[0.57524509 0.59529685],9,2,"[0.5921204552873188, 0.6383928111301557]",1442,6
46284,[0.51628007 0.55520953],9,6,"[0.5164739970238864, 0.5319253761973344]",1369,-1
46285,[0.24150278 0.25644671],0,5,"[0.23231087327800656, 0.30304944505444303]",1320,-1
46286,[0.31233444 0.50387493],3,8,"[0.27392971195344684, 0.45973140540928376]",1922,-1
46287,[0.30077016 0.51614128],7,8,"[0.27392971195344684, 0.45973140540928376]",1876,-1
46288,[0.7077723  0.45602898],8,3,"[0.6815204869410737, 0.47689852788858716]",-1,-1
46289,[0.60895254 0.37929939],8,-1,-1,97,-1
46290,[0.22435238 0.24585128],0,5,"[0.23231087327800656, 0.30304944505444303]",-1,-1
46291,[0.23461058 0.58944698],7,7,"[0.2817018170798153, 0.5849768676672948]",506,-1
46292,[0.39073368 0.3134539 ],6,1,"[0.3897435781344088, 0.3417040596068965]",1050,-1
46293,[0.25934267 0.58376351],3,7,"[0.2817018170798153, 0.5849768676672948]",1514,-1
46294,[0.53589126 0.49676005],5,6,"[0.5164739970238864, 0.5319253761973344]",1096,-1
46295,[0.38323157 0.60093646],3,0,"[0.383291892093257, 0.5586820702346661]",1753,-1
46296,[0.29545031 0.41177291],2,8,"[0.27392971195344684, 0.45973140540928376]",1074,-1
46297,[0.79374621 0.65358983],1,-1,-1,328,0
46298,[0.34035658 0.63114311],3,-1,-1,-1,-1
46299,[0.69807282 0.44522772],8,3,"[0.6815204869410737, 0.47689852788858716]",595,-1
46300,[0.38438644 0.58596023],3,0,"[0.383291892093257, 0.5586820702346661]",1826,-1
46301,[0.73560195 0.43374212],8,3,"[0.6815204869410737, 0.47689852788858716]",317,-1
46302,[0.22912639 0.49176975],3,8,"[0.27392971195344684, 0.45973140540928376]",1091,-1
46303,[0.76490063 0.65597965],1,4,"[0.7726811996944247, 0.7249303226766757]",325,0
46304,[0.42428051 0.36164992],6,1,"[0.3897435781344088, 0.3417040596068965]",682,-1
46305,[0.21707197 0.2231641 ],0,-1,-1,-1,-1
46306,[0.23796157 0.35860122],2,5,"[0.23231087327800656, 0.30304944505444303]",-1,-1
46307,[0.81482012 0.69873556],1,4,"[0.7726811996944247, 0.7249303226766757]",365,0
46308,[0.61991097 0.72877743],9,-1,-1,212,-1
46309,[0.75761945 0.77860401],1,4,"[0.7726811996944247, 0.7249303226766757]",371,0
46310,[0.32126419 0.62879466],3,7,"[0.2817018170798153, 0.5849768676672948]",-1,-1
46311,[0.25939623 0.51455258],4,8,"[0.27392971195344684, 0.45973140540928376]",-1,-1
46312,[0.6201808  0.58099717],8,2,"[0.5921204552873188, 0.6383928111301557]",1272,-1
46313,[0.70481609 0.65398755],9,-1,-1,-1,0
46314,[0.64082442 0.35965267],8,-1,-1,-1,-1
46315,[0.29835591 0.54903843],3,7,"[0.2817018170798153, 0.5849768676672948]",-1,-1
46316,[0.6081027  0.38947043],8,-1,-1,-1,-1
46317,[0.20189937 0.33834621],2,5,"[0.23231087327800656, 0.30304944505444303]",-1,-1
46318,[0.34248632 0.46730132],7,8,"[0.27392971195344684, 0.45973140540928376]",-1,-1
46319,[0.34951406 0.30822346],2,1,"[0.3897435781344088, 0.3417040596068965]",-1,-1
46320,[0.4191919  0.35665316],6,1,"[0.3897435781344088, 0.3417040596068965]",-1,-1
46321,[0.29147649 0.52773706],4,7,"[0.2817018170798153, 0.5849768676672948]",-1,14
46322,[0.32450507 0.49489419],3,8,"[0.27392971195344684, 0.45973140540928376]",-1,-1
46323,[0.32582471 0.30563975],2,-1,-1,-1,10
46324,[0.62771079 0.62341696],9,2,"[0.5921204552873188, 0.6383928111301557]",1159,-1
46325,[0.22641349 0.32719614],2,5,"[0.23231087327800656, 0.30304944505444303]",1338,-1
46326,[0.1910524 0.3778277],0,-1,-1,300,-1
46327,[0.45757666 0.6129466 ],4,-1,-1,703,-1
46328,[0.40988053 0.57887136],4,0,"[0.383291892093257, 0.5586820702346661]",1715,-1
46329,[0.37451227 0.22811457],0,9,"[0.3110394802231661, 0.23517199738277297]",484,-1
46330,[0.64485251 0.43059565],8,3,"[0.6815204869410737, 0.47689852788858716]",731,-1
46331,[0.41925732 0.52205872],4,0,"[0.383291892093257, 0.5586820702346661]",1470,-1
46332,[0.54565787 0.56523809],9,6,"[0.5164739970238864, 0.5319253761973344]",1441,6
46333,[0.45231528 0.32034418],6,1,"[0.3897435781344088, 0.3417040596068965]",527,-1
46334,[0.29052126 0.28198649],2,9,"[0.3110394802231661, 0.23517199738277297]",-1,-1
46335,[0.39131691 0.58287219],7,0,"[0.383291892093257, 0.5586820702346661]",1701,-1
46336,[0.21160199 0.34969282],2,5,"[0.23231087327800656, 0.30304944505444303]",-1,-1
46337,[0.31880979 0.27494375],2,9,"[0.3110394802231661, 0.23517199738277297]",-1,-1
46338,[0.32948045 0.59779502],4,7,"[0.2817018170798153, 0.5849768676672948]",-1,-1
46339,[0.26540384 0.51589337],2,8,"[0.27392971195344684, 0.45973140540928376]",-1,-1
46340,[0.55244954 0.54397432],8,6,"[0.5164739970238864, 0.5319253761973344]",1408,-1
46341,[0.45361003 0.64579023],5,-1,-1,243,-1
46342,[0.67897698 0.57371399],8,-1,-1,-1,-1
46343,[0.59279434 0.6632562 ],9,2,"[0.5921204552873188, 0.6383928111301557]",1125,-1
46344,[0.30455773 0.28286892],0,9,"[0.3110394802231661, 0.23517199738277297]",1614,-1
46345,[0.41030493 0.56278097],4,0,"[0.383291892093257, 0.5586820702346661]",-1,-1
46346,[0.63449243 0.50658866],8,3,"[0.6815204869410737, 0.47689852788858716]",866,1
46347,[0.77323323 0.44940418],8,-1,-1,92,-1
46348,[0.6957386  0.49579423],8,3,"[0.6815204869410737, 0.47689852788858716]",-1,2
46349,[0.27496561 0.58152163],4,7,"[0.2817018170798153, 0.5849768676672948]",1670,-1
46350,[0.31607273 0.38313695],2,-1,-1,1420,-1
46351,[0.31777516 0.2696604 ],0,9,"[0.3110394802231661, 0.23517199738277297]",1507,-1
46352,[0.35527757 0.52058999],3,0,"[0.383291892093257, 0.5586820702346661]",-1,-1
46353,[0.29888487 0.39324597],7,-1,-1,1067,-1
46354,[0.36842396 0.49041784],3,0,"[0.383291892093257, 0.5586820702346661]",-1,-1
46355,[0.30141576 0.58837255],7,7,"[0.2817018170798153, 0.5849768676672948]",1820,-1
46356,[0.57331715 0.52225817],5,6,"[0.5164739970238864, 0.5319253761973344]",-1,-1
46357,[0.37926102 0.54685436],4,0,"[0.383291892093257, 0.5586820702346661]",1805,-1
46358,[0.65427773 0.49590859],8,3,"[0.6815204869410737, 0.47689852788858716]",-1,-1
46359,[0.55742859 0.63551847],9,2,"[0.5921204552873188, 0.6383928111301557]",1278,6
46360,[0.30676716 0.26722954],2,9,"[0.3110394802231661, 0.23517199738277297]",1512,-1
46361,[0.60767514 0.51859213],8,-1,-1,1102,-1
46362,[0.43104525 0.2686336 ],6,-1,-1,532,-1
46363,[0.84955601 0.77432234],1,-1,-1,-1,0
46364,[0.71528556 0.42923697],8,3,"[0.6815204869410737, 0.47689852788858716]",-1,-1
46365,[0.44060189 0.26818737],6,-1,-1,-1,-1
46366,[0.2941882  0.24469927],0,9,"[0.3110394802231661, 0.23517199738277297]",1465,-1
46367,[0.5226066  0.57980081],5,6,"[0.5164739970238864, 0.5319253761973344]",1052,-1
46368,[0.66562178 0.45671472],8,3,"[0.6815204869410737, 0.47689852788858716]",-1,-1
46369,[0.29435552 0.49357542],7,8,"[0.27392971195344684, 0.45973140540928376]",1791,-1
46370,[0.15687903 0.29873707],2,-1,-1,-1,-1
46371,[0.64289318 0.4885041 ],8,3,"[0.6815204869410737, 0.47689852788858716]",819,1
46372,[0.35615381 0.59618544],4,0,"[0.383291892093257, 0.5586820702346661]",-1,-1
46373,[0.28886303 0.27765508],0,9,"[0.3110394802231661, 0.23517199738277297]",1555,-1
46374,[0.31283241 0.5319312 ],3,7,"[0.2817018170798153, 0.5849768676672948]",1844,-1
46375,[0.35233288 0.4418085 ],7,-1,-1,-1,-1
46376,[0.71159693 0.35834128],8,-1,-1,51,-1
46377,[0.26283974 0.31547257],0,5,"[0.23231087327800656, 0.30304944505444303]",1516,-1
46378,[0.39847584 0.26468615],6,-1,-1,838,-1
46379,[0.27963396 0.56411268],7,7,"[0.2817018170798153, 0.5849768676672948]",1879,13
46380,[0.29799808 0.54219079],7,7,"[0.2817018170798153, 0.5849768676672948]",-1,-1
46381,[0.33935063 0.29379403],0,9,"[0.3110394802231661, 0.23517199738277297]",-1,-1
46382,[0.6651586  0.48867893],8,3,"[0.6815204869410737, 0.47689852788858716]",-1,1
46383,[0.70339472 0.43853694],8,3,"[0.6815204869410737, 0.47689852788858716]",596,-1
46384,[0.62536111 0.59159101],9,2,"[0.5921204552873188, 0.6383928111301557]",1209,-1
46385,[0.36779159 0.37955897],6,1,"[0.3897435781344088, 0.3417040596068965]",1009,-1
46386,[0.17596742 0.41232677],2,-1,-1,134,-1
46387,[0.34033544 0.54122736],3,0,"[0.383291892093257, 0.5586820702346661]",1953,16
46388,[0.29235476 0.49290207],4,8,"[0.27392971195344684, 0.45973140540928376]",1791,-1
46389,[0.68293498 0.47929737],8,3,"[0.6815204869410737, 0.47689852788858716]",814,2
46390,[0.23929222 0.25465309],0,5,"[0.23231087327800656, 0.30304944505444303]",-1,-1
46391,[0.49141466 0.71636242],9,-1,-1,129,-1
46392,[0.33264777 0.66029079],3,-1,-1,-1,-1
46393,[0.63606642 0.66921851],5,2,"[0.5921204552873188, 0.6383928111301557]",-1,-1
46394,[0.55297962 0.77898214],9,-1,-1,-1,-1
46395,[0.22462404 0.31200195],0,5,"[0.23231087327800656, 0.30304944505444303]",1486,-1
46396,[0.13084367 0.26671304],0,-1,-1,40,-1
46397,[0.29202327 0.25662348],0,9,"[0.3110394802231661, 0.23517199738277297]",1611,-1
46398,[0.35167345 0.52820537],3,0,"[0.383291892093257, 0.5586820702346661]",1947,-1
46399,[0.73954381 0.71067832],1,4,"[0.7726811996944247, 0.7249303226766757]",-1,0
46400,[0.28081522 0.24412334],2,9,"[0.3110394802231661, 0.23517199738277297]",1602,-1
46401,[0.63079926 0.36367979],8,-1,-1,25,-1
46402,[0.27894766 0.21191436],2,9,"[0.3110394802231661, 0.23517199738277297]",-1,-1
46403,[0.42003766 0.50838453],3,0,"[0.383291892093257, 0.5586820702346661]",1439,-1
46404,[0.81052312 0.78477814],1,-1,-1,294,0
46405,[0.55639931 0.52116638],9,6,"[0.5164739970238864, 0.5319253761973344]",1300,-1
46406,[0.29646412 0.35174856],6,-1,-1,-1,-1
46407,[0.21550881 0.31252588],0,5,"[0.23231087327800656, 0.30304944505444303]",1340,-1
46408,[0.2051832  0.31041628],0,5,"[0.23231087327800656, 0.30304944505444303]",777,-1
46409,[0.37466787 0.27741616],2,1,"[0.3897435781344088, 0.3417040596068965]",-1,-1
46410,[0.34482895 0.55512976],3,0,"[0.383291892093257, 0.5586820702346661]",1955,-1
46411,[0.62018449 0.60582229],9,2,"[0.5921204552873188, 0.6383928111301557]",-1,-1
46412,[0.37187226 0.58249066],3,0,"[0.383291892093257, 0.5586820702346661]",-1,12
46413,[0.28971535 0.50084715],7,8,"[0.27392971195344684, 0.45973140540928376]",-1,-1
46414,[0.18872051 0.22401856],0,-1,-1,557,-1
46415,[0.20759583 0.62030885],4,-1,-1,-1,-1
46416,[0.59182311 0.64724018],9,2,"[0.5921204552873188, 0.6383928111301557]",-1,-1
46417,[0.4925882  0.26276969],6,-1,-1,118,-1
46418,[0.63666036 0.44487591],8,3,"[0.6815204869410737, 0.47689852788858716]",798,-1
46419,[0.2997274  0.32725259],6,-1,-1,-1,-1
46420,[0.32649398 0.61396703],4,7,"[0.2817018170798153, 0.5849768676672948]",1544,-1
46421,[0.27991886 0.28994344],2,5,"[0.23231087327800656, 0.30304944505444303]",1687,11
46422,[0.47974243 0.53278877],5,6,"[0.5164739970238864, 0.5319253761973344]",963,-1
46423,[0.29238916 0.2612848 ],0,9,"[0.3110394802231661, 0.23517199738277297]",-1,-1
46424,[0.62586415 0.60604006],9,2,"[0.5921204552873188, 0.6383928111301557]",1200,-1
46425,[0.79976309 0.74349052],1,4,"[0.7726811996944247, 0.7249303226766757]",450,0
46426,[0.46468636 0.57197087],3,6,"[0.5164739970238864, 0.5319253761973344]",-1,-1
46427,[0.29222303 0.23000561],2,9,"[0.3110394802231661, 0.23517199738277297]",1370,-1
46428,[0.54841134 0.54553808],5,6,"[0.5164739970238864, 0.5319253761973344]",1408,6
46429,[0.7319552  0.46191886],8,3,"[0.6815204869410737, 0.47689852788858716]",778,-1
46430,[0.21899082 0.26863117],2,5,"[0.23231087327800656, 0.30304944505444303]",1024,-1
46431,[0.355153   0.55257843],4,0,"[0.383291892093257, 0.5586820702346661]",-1,-1
46432,[0.29292726 0.55611446],4,7,"[0.2817018170798153, 0.5849768676672948]",-1,-1
46433,[0.2270256  0.36668125],2,5,"[0.23231087327800656, 0.30304944505444303]",-1,-1
46434,[0.20228844 0.25476887],0,5,"[0.23231087327800656, 0.30304944505444303]",-1,-1
46435,[0.48081921 0.58462918],3,6,"[0.5164739970238864, 0.5319253761973344]",-1,-1
46436,[0.23102701 0.40841859],7,8,"[0.27392971195344684, 0.45973140540928376]",-1,-1
46437,[0.69610557 0.66102141],1,-1,-1,414,0
46438,[0.19963847 0.22478635],0,-1,-1,557,-1
46439,[0.28810722 0.2694231 ],0,9,"[0.3110394802231661, 0.23517199738277297]",-1,-1
46440,[0.27513423 0.50825634],4,8,"[0.27392971195344684, 0.45973140540928376]",1760,-1
46441,[0.44818347 0.28286588],6,-1,-1,720,-1
46442,[0.25793657 0.31855301],2,5,"[0.23231087327800656, 0.30304944505444303]",-1,7
46443,[0.26745342 0.30925275],2,5,"[0.23231087327800656, 0.30304944505444303]",-1,-1
46444,[0.66593372 0.59525563],9,-1,-1,-1,-1
46445,[0.24782096 0.35377594],6,5,"[0.23231087327800656, 0.30304944505444303]",1570,-1
46446,[0.2450774  0.51390114],7,8,"[0.27392971195344684, 0.45973140540928376]",-1,-1
46447,[0.72004266 0.38680643],8,-1,-1,149,-1
46448,[0.6488217  0.36685224],8,-1,-1,-1,-1
46449,[0.52229959 0.733556  ],9,-1,-1,-1,-1
46450,[0.30997128 0.57138189],4,7,"[0.2817018170798153, 0.5849768676672948]",1925,-1
46451,[0.76322484 0.63872192],1,-1,-1,-1,0
46452,[0.60358411 0.5445836 ],8,-1,-1,-1,-1
46453,[0.25134884 0.29555464],2,5,"[0.23231087327800656, 0.30304944505444303]",1644,-1
46454,[0.37336795 0.39942035],6,1,"[0.3897435781344088, 0.3417040596068965]",722,-1
46455,[0.46757331 0.61258032],5,-1,-1,907,-1
46456,[0.52471674 0.61701699],9,-1,-1,1146,-1
46457,[0.36072818 0.28538834],6,1,"[0.3897435781344088, 0.3417040596068965]",1171,-1
46458,[0.22265773 0.2592492 ],2,5,"[0.23231087327800656, 0.30304944505444303]",1021,-1
46459,[0.49610352 0.5668945 ],5,6,"[0.5164739970238864, 0.5319253761973344]",-1,-1
46460,[0.36514078 0.61539736],3,0,"[0.383291892093257, 0.5586820702346661]",-1,-1
46461,[0.84037967 0.7812163 ],1,-1,-1,259,0
46462,[0.22741947 0.22235703],6,-1,-1,871,-1
46463,[0.81041432 0.76142734],1,4,"[0.7726811996944247, 0.7249303226766757]",405,0
46464,[0.73126951 0.75929693],1,4,"[0.7726811996944247, 0.7249303226766757]",-1,0
46465,[0.35558723 0.67049425],3,-1,-1,-1,-1
46466,[0.44537286 0.2579231 ],6,-1,-1,-1,-1
46467,[0.31836563 0.62487598],3,7,"[0.2817018170798153, 0.5849768676672948]",1395,-1
46468,[0.49212037 0.55475831],5,6,"[0.5164739970238864, 0.5319253761973344]",1183,-1
46469,[0.35273182 0.64153765],4,-1,-1,950,-1
46470,[0.35499021 0.66458049],4,-1,-1,298,-1
46471,[0.31793321 0.21709166],0,9,"[0.3110394802231661, 0.23517199738277297]",-1,-1
46472,[0.3739382  0.36627339],6,1,"[0.3897435781344088, 0.3417040596068965]",-1,-1
46473,[0.59680437 0.70081562],9,2,"[0.5921204552873188, 0.6383928111301557]",-1,-1
46474,[0.35084447 0.30940824],2,1,"[0.3897435781344088, 0.3417040596068965]",-1,-1
46475,[0.49047206 0.38844101],6,-1,-1,-1,-1
46476,[0.34325061 0.59467083],7,0,"[0.383291892093257, 0.5586820702346661]",-1,-1
46477,[0.70234138 0.70752619],1,-1,-1,343,0
46478,[0.2496704  0.55655903],3,7,"[0.2817018170798153, 0.5849768676672948]",1706,-1
46479,[0.61516005 0.37766254],8,-1,-1,-1,-1
46480,[0.36277141 0.28962455],2,1,"[0.3897435781344088, 0.3417040596068965]",1542,-1
46481,[0.84688743 0.68531226],1,-1,-1,-1,0
46482,[0.68036937 0.68545587],9,-1,-1,-1,-1
46483,[0.32442499 0.48825067],4,8,"[0.27392971195344684, 0.45973140540928376]",-1,-1
46484,[0.29986909 0.3156779 ],2,5,"[0.23231087327800656, 0.30304944505444303]",1661,-1
46485,[0.31877754 0.53639886],3,7,"[0.2817018170798153, 0.5849768676672948]",1932,-1
46486,[0.60985938 0.53186966],5,-1,-1,1213,-1
46487,[0.28833355 0.28583522],2,9,"[0.3110394802231661, 0.23517199738277297]",1665,-1
46488,[0.27495813 0.29601283],2,5,"[0.23231087327800656, 0.30304944505444303]",1654,-1
46489,[0.14403861 0.44139507],7,-1,-1,-1,-1
46490,[0.34992511 0.53108965],3,0,"[0.383291892093257, 0.5586820702346661]",-1,-1
46491,[0.35749089 0.38325654],6,1,"[0.3897435781344088, 0.3417040596068965]",-1,-1
46492,[0.46337813 0.59016903],5,-1,-1,1235,4
46493,[0.17901479 0.19913057],0,-1,-1,147,-1
46494,[0.29934432 0.3946955 ],2,8,"[0.27392971195344684, 0.45973140540928376]",1067,-1
46495,[0.18180471 0.64172938],7,-1,-1,-1,-1
46496,[0.20522739 0.56446676],7,-1,-1,486,-1
46497,[0.28327693 0.45750872],7,8,"[0.27392971195344684, 0.45973140540928376]",1243,-1
46498,[0.27641867 0.33107143],2,5,"[0.23231087327800656, 0.30304944505444303]",1598,-1
46499,[0.6761725  0.60944693],1,-1,-1,447,-1
46500,[0.32632364 0.63347774],4,7,"[0.2817018170798153, 0.5849768676672948]",677,-1
46501,[0.60798809 0.62657474],5,2,"[0.5921204552873188, 0.6383928111301557]",1336,-1
46502,[0.41723586 0.33230239],0,1,"[0.3897435781344088, 0.3417040596068965]",989,-1
46503,[0.24198693 0.28054421],0,5,"[0.23231087327800656, 0.30304944505444303]",1531,-1
46504,[0.51913994 0.47693651],9,6,"[0.5164739970238864, 0.5319253761973344]",604,-1
46505,[0.6289441  0.47163341],8,3,"[0.6815204869410737, 0.47689852788858716]",623,-1
46506,[0.3736913  0.58070655],3,0,"[0.383291892093257, 0.5586820702346661]",1866,12
46507,[0.54381779 0.59630816],3,2,"[0.5921204552873188, 0.6383928111301557]",-1,-1
46508,[0.35139701 0.56247909],4,0,"[0.383291892093257, 0.5586820702346661]",-1,-1
46509,[0.30323008 0.64745579],4,7,"[0.2817018170798153, 0.5849768676672948]",590,-1
46510,[0.28454464 0.55056306],4,7,"[0.2817018170798153, 0.5849768676672948]",1912,-1
46511,[0.31458327 0.58750721],7,7,"[0.2817018170798153, 0.5849768676672948]",-1,-1
46512,[0.64927814 0.51641895],9,3,"[0.6815204869410737, 0.47689852788858716]",-1,-1
46513,[0.21448964 0.54849098],4,-1,-1,-1,-1
46514,[0.34750618 0.4352966 ],4,-1,-1,-1,-1
46515,[0.33526997 0.43875893],4,8,"[0.27392971195344684, 0.45973140540928376]",941,-1
46516,[0.19764945 0.64405019],4,-1,-1,-1,-1
46517,[0.22203598 0.37273207],0,-1,-1,-1,-1
46518,[0.32670839 0.44237743],2,8,"[0.27392971195344684, 0.45973140540928376]",941,-1
46519,[0.32132989 0.55173836],3,7,"[0.2817018170798153, 0.5849768676672948]",-1,17
46520,[0.51012941 0.54441773],5,6,"[0.5164739970238864, 0.5319253761973344]",1186,3
46521,[0.59007542 0.53126734],5,-1,-1,-1,-1
46522,[0.20200027 0.286459  ],2,5,"[0.23231087327800656, 0.30304944505444303]",-1,-1
46523,[0.33766851 0.70790843],3,-1,-1,-1,-1
46524,[0.64173556 0.62871107],8,2,"[0.5921204552873188, 0.6383928111301557]",-1,-1
46525,[0.20208954 0.27654503],0,5,"[0.23231087327800656, 0.30304944505444303]",1111,-1
46526,[0.36250438 0.46502293],3,-1,-1,-1,-1
46527,[0.29174109 0.51264489],7,8,"[0.27392971195344684, 0.45973140540928376]",1914,14
46528,[0.24952589 0.42149189],2,8,"[0.27392971195344684, 0.45973140540928376]",-1,-1
46529,[0.51716304 0.68464035],9,-1,-1,-1,-1
46530,[0.86408069 0.80925565],1,-1,-1,-1,-1
46531,[0.47225868 0.66381311],9,-1,-1,-1,-1
46532,[0.56539627 0.6687642 ],9,2,"[0.5921204552873188, 0.6383928111301557]",1033,-1
46533,[0.61856991 0.49746915],5,3,"[0.6815204869410737, 0.47689852788858716]",-1,-1
46534,[0.65369869 0.46135731],8,3,"[0.6815204869410737, 0.47689852788858716]",800,-1
46535,[0.34904095 0.26326296],0,9,"[0.3110394802231661, 0.23517199738277297]",951,-1
46536,[0.76364505 0.47311924],8,-1,-1,186,-1
46537,[0.23799239 0.27840562],0,5,"[0.23231087327800656, 0.30304944505444303]",1531,-1
46538,[0.17360272 0.33898417],0,5,"[0.23231087327800656, 0.30304944505444303]",-1,-1
46539,[0.53302666 0.44943392],5,-1,-1,-1,-1
46540,[0.29048353 0.31839564],0,5,"[0.23231087327800656, 0.30304944505444303]",1621,-1
46541,[0.40615849 0.63257466],3,-1,-1,-1,-1
46542,[0.39459638 0.59410829],3,0,"[0.383291892093257, 0.5586820702346661]",-1,-1
46543,[0.8336814 0.7206413],1,4,"[0.7726811996944247, 0.7249303226766757]",-1,0
46544,[0.30982566 0.5843469 ],3,7,"[0.2817018170798153, 0.5849768676672948]",1967,-1
46545,[0.32821493 0.55939852],4,7,"[0.2817018170798153, 0.5849768676672948]",-1,17
46546,[0.77572217 0.37440223],8,-1,-1,-1,-1
46547,[0.32261704 0.24033138],6,9,"[0.3110394802231661, 0.23517199738277297]",1490,-1
46548,[0.20913601 0.3044558 ],0,5,"[0.23231087327800656, 0.30304944505444303]",-1,-1
46549,[0.37212011 0.3714654 ],6,1,"[0.3897435781344088, 0.3417040596068965]",1057,-1
46550,[0.59771013 0.62620575],9,2,"[0.5921204552873188, 0.6383928111301557]",1346,6
46551,[0.25881377 0.49238947],3,8,"[0.27392971195344684, 0.45973140540928376]",-1,-1
46552,[0.44354055 0.26065897],6,-1,-1,-1,-1
46553,[0.38024131 0.6016551 ],3,0,"[0.383291892093257, 0.5586820702346661]",-1,-1
46554,[0.31401013 0.24876677],0,9,"[0.3110394802231661, 0.23517199738277297]",1499,-1
46555,[0.21341558 0.42259107],7,-1,-1,-1,-1
46556,[0.37058964 0.57822874],3,0,"[0.383291892093257, 0.5586820702346661]",1866,-1
46557,[0.2217225  0.60900945],3,7,"[0.2817018170798153, 0.5849768676672948]",246,-1
46558,[0.82656777 0.65314359],1,-1,-1,170,0
46559,[0.73524218 0.44180302],8,3,"[0.6815204869410737, 0.47689852788858716]",-1,-1
46560,[0.32014868 0.28923281],2,9,"[0.3110394802231661, 0.23517199738277297]",1580,-1
46561,[0.20043712 0.19642202],0,-1,-1,227,-1
46562,[0.62699106 0.67697585],9,2,"[0.5921204552873188, 0.6383928111301557]",-1,-1
46563,[0.56226662 0.31962814],6,-1,-1,-1,-1
46564,[0.36141845 0.22062187],6,9,"[0.3110394802231661, 0.23517199738277297]",-1,-1
46565,[0.32502076 0.29757184],0,9,"[0.3110394802231661, 0.23517199738277297]",-1,-1
46566,[0.25212559 0.4710299 ],4,8,"[0.27392971195344684, 0.45973140540928376]",-1,-1
46567,[0.23674755 0.36363436],6,5,"[0.23231087327800656, 0.30304944505444303]",-1,-1
46568,[0.34026925 0.46286671],2,8,"[0.27392971195344684, 0.45973140540928376]",1387,-1
46569,[0.29823655 0.60419901],3,7,"[0.2817018170798153, 0.5849768676672948]",-1,-1
46570,[0.32256791 0.56960944],4,7,"[0.2817018170798153, 0.5849768676672948]",1976,17
46571,[0.60545558 0.38339475],8,-1,-1,97,-1
46572,[0.82985111 0.70053723],1,4,"[0.7726811996944247, 0.7249303226766757]",360,0
46573,[0.28801319 0.48072494],7,8,"[0.27392971195344684, 0.45973140540928376]",1799,-1
46574,[0.51566524 0.4959044 ],3,6,"[0.5164739970238864, 0.5319253761973344]",-1,-1
46575,[0.31561407 0.53447256],3,7,"[0.2817018170798153, 0.5849768676672948]",-1,-1
46576,[0.51397307 0.26687901],6,-1,-1,-1,-1
46577,[0.53246968 0.5155144 ],9,6,"[0.5164739970238864, 0.5319253761973344]",1173,-1
46578,[0.42939588 0.64680408],3,-1,-1,-1,-1
46579,[0.38579949 0.60495938],4,0,"[0.383291892093257, 0.5586820702346661]",-1,-1
46580,[0.29371975 0.42494201],7,8,"[0.27392971195344684, 0.45973140540928376]",1075,-1
46581,[0.88753668 0.68395908],1,-1,-1,-1,-1
46582,[0.30921193 0.44157583],7,8,"[0.27392971195344684, 0.45973140540928376]",1081,-1
46583,[0.28757198 0.51136492],7,8,"[0.27392971195344684, 0.45973140540928376]",1913,14
46584,[0.23381222 0.36991287],2,5,"[0.23231087327800656, 0.30304944505444303]",1085,-1
46585,[0.1537145  0.33758154],0,-1,-1,108,-1
46586,[0.30470117 0.57002149],3,7,"[0.2817018170798153, 0.5849768676672948]",1925,-1
46587,[0.61204214 0.61771972],9,2,"[0.5921204552873188, 0.6383928111301557]",-1,-1
46588,[0.63499434 0.45986533],8,3,"[0.6815204869410737, 0.47689852788858716]",625,-1
46589,[0.34335346 0.44753064],7,-1,-1,1193,-1
46590,[0.61761093 0.50526382],9,3,"[0.6815204869410737, 0.47689852788858716]",-1,-1
46591,[0.28372195 0.33168887],2,5,"[0.23231087327800656, 0.30304944505444303]",-1,-1
46592,[0.300437   0.59831528],4,7,"[0.2817018170798153, 0.5849768676672948]",-1,-1
46593,[0.71038898 0.43662113],8,3,"[0.6815204869410737, 0.47689852788858716]",538,-1
46594,[0.4366194  0.28727306],6,-1,-1,719,-1
46595,[0.3050299  0.50738547],4,8,"[0.27392971195344684, 0.45973140540928376]",-1,-1
46596,[0.16056312 0.31568487],2,-1,-1,203,-1
46597,[0.32034905 0.56934402],4,7,"[0.2817018170798153, 0.5849768676672948]",-1,-1
46598,[0.40641399 0.25007911],6,-1,-1,-1,-1
46599,[0.36577883 0.37165658],6,1,"[0.3897435781344088, 0.3417040596068965]",916,-1
46600,[0.30573412 0.24836816],0,9,"[0.3110394802231661, 0.23517199738277297]",-1,-1
46601,[0.628775   0.74562681],1,-1,-1,135,-1
46602,[0.71220768 0.47177713],8,3,"[0.6815204869410737, 0.47689852788858716]",780,-1
46603,[0.68283433 0.5382561 ],8,3,"[0.6815204869410737, 0.47689852788858716]",-1,-1
46604,[0.69934312 0.73961023],1,-1,-1,-1,0
46605,[0.62072042 0.48644889],8,3,"[0.6815204869410737, 0.47689852788858716]",789,-1
46606,[0.27787583 0.5316249 ],4,7,"[0.2817018170798153, 0.5849768676672948]",1882,-1
46607,[0.83562565 0.68724315],1,-1,-1,-1,0
46608,[0.4344798  0.58769122],4,0,"[0.383291892093257, 0.5586820702346661]",1436,-1
46609,[0.34340714 0.50405828],4,0,"[0.383291892093257, 0.5586820702346661]",-1,-1
46610,[0.28767783 0.52540023],4,7,"[0.2817018170798153, 0.5849768676672948]",-1,14
46611,[0.33700531 0.6418275 ],7,-1,-1,900,-1
46612,[0.46986948 0.5801911 ],3,6,"[0.5164739970238864, 0.5319253761973344]",-1,-1
46613,[0.22698556 0.56577683],7,7,"[0.2817018170798153, 0.5849768676672948]",-1,-1
46614,[0.3470832  0.36010331],6,1,"[0.3897435781344088, 0.3417040596068965]",1354,-1
46615,[0.39118871 0.53372193],3,0,"[0.383291892093257, 0.5586820702346661]",1777,-1
46616,[0.3139704 0.3082165],0,-1,-1,-1,-1
46617,[0.44553768 0.57394568],5,0,"[0.383291892093257, 0.5586820702346661]",-1,-1
46618,[0.42884763 0.59285951],3,0,"[0.383291892093257, 0.5586820702346661]",1703,-1
46619,[0.43522913 0.3874576 ],6,1,"[0.3897435781344088, 0.3417040596068965]",742,-1
46620,[0.35794233 0.26909578],6,9,"[0.3110394802231661, 0.23517199738277297]",1156,-1
46621,[0.29450508 0.53275397],3,7,"[0.2817018170798153, 0.5849768676672948]",1895,-1
46622,[0.62827628 0.63236888],9,2,"[0.5921204552873188, 0.6383928111301557]",-1,-1
46623,[0.47771138 0.565283  ],5,6,"[0.5164739970238864, 0.5319253761973344]",1010,-1
46624,[0.51754821 0.65559198],9,-1,-1,728,-1
46625,[0.30361559 0.35950109],2,-1,-1,1551,-1
46626,[0.25451915 0.33555818],2,5,"[0.23231087327800656, 0.30304944505444303]",1399,-1
46627,[0.50715557 0.5668844 ],5,6,"[0.5164739970238864, 0.5319253761973344]",-1,-1
46628,[0.77998308 0.73242686],1,4,"[0.7726811996944247, 0.7249303226766757]",470,0
46629,[0.74083505 0.76812402],1,4,"[0.7726811996944247, 0.7249303226766757]",-1,0
46630,[0.55521494 0.51434274],5,6,"[0.5164739970238864, 0.5319253761973344]",-1,-1
46631,[0.50410384 0.30149323],6,-1,-1,93,-1
46632,[0.65979715 0.42819976],8,3,"[0.6815204869410737, 0.47689852788858716]",783,-1
46633,[0.54009143 0.61275003],5,2,"[0.5921204552873188, 0.6383928111301557]",-1,-1
46634,[0.49595512 0.51216154],5,6,"[0.5164739970238864, 0.5319253761973344]",-1,-1
46635,[0.49631372 0.51911753],5,6,"[0.5164739970238864, 0.5319253761973344]",936,-1
46636,[0.33289193 0.15802224],6,-1,-1,-1,-1
46637,[0.28010875 0.22914555],0,9,"[0.3110394802231661, 0.23517199738277297]",-1,-1
46638,[0.8969142  0.72030812],1,-1,-1,-1,-1
46639,[0.5060166  0.52715764],5,6,"[0.5164739970238864, 0.5319253761973344]",942,-1
46640,[0.70620061 0.54727715],8,-1,-1,-1,-1
46641,[0.32137199 0.21026685],0,9,"[0.3110394802231661, 0.23517199738277297]",-1,-1
46642,[0.59127329 0.48849389],5,-1,-1,-1,-1
46643,[0.73327453 0.46019823],8,3,"[0.6815204869410737, 0.47689852788858716]",-1,-1
46644,[0.44434624 0.42637155],7,-1,-1,160,-1
46645,[0.2626506  0.28419771],0,5,"[0.23231087327800656, 0.30304944505444303]",-1,-1
46646,[0.31517698 0.5958718 ],4,7,"[0.2817018170798153, 0.5849768676672948]",1937,-1
46647,[0.61231367 0.56182931],5,-1,-1,-1,-1
46648,[0.33086197 0.57375283],4,7,"[0.2817018170798153, 0.5849768676672948]",-1,-1
46649,[0.49820192 0.56609004],5,6,"[0.5164739970238864, 0.5319253761973344]",-1,-1
46650,[0.36986063 0.26281496],6,9,"[0.3110394802231661, 0.23517199738277297]",1101,-1
46651,[0.3822102  0.36449933],6,1,"[0.3897435781344088, 0.3417040596068965]",1062,-1
46652,[0.28391074 0.57237966],3,7,"[0.2817018170798153, 0.5849768676672948]",-1,-1
46653,[0.25624568 0.61047738],4,7,"[0.2817018170798153, 0.5849768676672948]",-1,-1
46654,[0.70280314 0.70804235],1,-1,-1,343,0
46655,[0.3518074  0.54777905],4,0,"[0.383291892093257, 0.5586820702346661]",1928,-1
46656,[0.72988326 0.47485718],8,3,"[0.6815204869410737, 0.47689852788858716]",779,-1
46657,[0.20146929 0.3318709 ],0,5,"[0.23231087327800656, 0.30304944505444303]",-1,-1
46658,[0.79614525 0.52315127],8,-1,-1,69,-1
46659,[0.29228548 0.26656998],2,9,"[0.3110394802231661, 0.23517199738277297]",1496,-1
46660,[0.2427785  0.25894524],0,5,"[0.23231087327800656, 0.30304944505444303]",1308,-1
46661,[0.34437671 0.35391195],6,1,"[0.3897435781344088, 0.3417040596068965]",-1,-1
46662,[0.36384615 0.30556906],6,1,"[0.3897435781344088, 0.3417040596068965]",-1,-1
46663,[0.26193385 0.51244373],7,8,"[0.27392971195344684, 0.45973140540928376]",-1,-1
46664,[0.55787653 0.4037593 ],8,-1,-1,-1,-1
46665,[0.2118981  0.58216223],7,7,"[0.2817018170798153, 0.5849768676672948]",-1,-1
46666,[0.17394283 0.25736433],0,-1,-1,172,-1
46667,[0.31792093 0.28047262],2,9,"[0.3110394802231661, 0.23517199738277297]",1576,-1
46668,[0.60665602 0.46021732],5,-1,-1,-1,-1
46669,[0.78087987 0.577263  ],1,-1,-1,-1,-1
46670,[0.29860921 0.52882634],4,7,"[0.2817018170798153, 0.5849768676672948]",-1,-1
46671,[0.71090912 0.58709882],8,-1,-1,229,-1
46672,[0.76307671 0.70700484],1,4,"[0.7726811996944247, 0.7249303226766757]",460,0
46673,[0.23334993 0.23221007],0,-1,-1,-1,-1
46674,[0.33273536 0.523768  ],3,0,"[0.383291892093257, 0.5586820702346661]",1877,-1
46675,[0.7635188  0.70217268],1,4,"[0.7726811996944247, 0.7249303226766757]",460,0
46676,[0.60109684 0.58509394],9,2,"[0.5921204552873188, 0.6383928111301557]",1326,5
46677,[0.55886276 0.41643298],8,-1,-1,-1,-1
46678,[0.58669466 0.56071175],9,-1,-1,-1,-1
46679,[0.64594794 0.62787698],1,2,"[0.5921204552873188, 0.6383928111301557]",1158,-1
46680,[0.56734844 0.60219435],9,2,"[0.5921204552873188, 0.6383928111301557]",-1,-1
46681,[0.24640584 0.22345478],0,9,"[0.3110394802231661, 0.23517199738277297]",985,-1
46682,[0.72044057 0.47764585],8,3,"[0.6815204869410737, 0.47689852788858716]",779,-1
46683,[0.26734197 0.32160594],0,5,"[0.23231087327800656, 0.30304944505444303]",-1,-1
46684,[0.42858558 0.3179894 ],6,1,"[0.3897435781344088, 0.3417040596068965]",-1,-1
46685,[0.70406444 0.55770814],8,-1,-1,563,-1
46686,[0.17557368 0.46098242],0,-1,-1,-1,-1
46687,[0.37170795 0.20662766],2,9,"[0.3110394802231661, 0.23517199738277297]",171,-1
46688,[0.63092152 0.37660827],8,-1,-1,25,-1
46689,[0.32055462 0.39048615],2,-1,-1,1426,-1
46690,[0.22052442 0.32506295],2,5,"[0.23231087327800656, 0.30304944505444303]",1338,-1
46691,[0.29225687 0.3352576 ],2,5,"[0.23231087327800656, 0.30304944505444303]",-1,-1
46692,[0.49450127 0.63217035],9,-1,-1,-1,-1
46693,[0.60914561 0.52110594],5,-1,-1,1102,-1
46694,[0.6808443  0.50120098],8,3,"[0.6815204869410737, 0.47689852788858716]",827,2
46695,[0.37109128 0.45485028],4,-1,-1,1054,-1
46696,[0.26790442 0.43465033],2,8,"[0.27392971195344684, 0.45973140540928376]",-1,-1
46697,[0.34702677 0.55204494],3,0,"[0.383291892093257, 0.5586820702346661]",-1,-1
46698,[0.49274019 0.34526818],6,-1,-1,168,-1
46699,[0.23686777 0.57472746],4,7,"[0.2817018170798153, 0.5849768676672948]",1344,-1
46700,[0.2923029  0.51174823],3,8,"[0.27392971195344684, 0.45973140540928376]",-1,14
46701,[0.32614834 0.3418443 ],2,1,"[0.3897435781344088, 0.3417040596068965]",-1,-1
46702,[0.50598367 0.6422967 ],5,-1,-1,-1,-1
46703,[0.34892644 0.58298774],5,0,"[0.383291892093257, 0.5586820702346661]",1842,-1
46704,[0.34558105 0.54720402],4,0,"[0.383291892093257, 0.5586820702346661]",-1,-1
46705,[0.29819427 0.62715308],3,7,"[0.2817018170798153, 0.5849768676672948]",-1,-1
46706,[0.40442816 0.58610134],4,0,"[0.383291892093257, 0.5586820702346661]",1708,-1
46707,[0.2627072  0.25530684],2,9,"[0.3110394802231661, 0.23517199738277297]",-1,-1
46708,[0.75589101 0.84646652],1,-1,-1,-1,-1
46709,[0.65652426 0.6534721 ],9,2,"[0.5921204552873188, 0.6383928111301557]",635,-1
46710,[0.42599608 0.20183279],6,-1,-1,-1,-1
46711,[0.49774902 0.62490427],5,-1,-1,-1,-1
46712,[0.21633025 0.50864079],4,-1,-1,1089,-1
46713,[0.56400938 0.52774024],5,6,"[0.5164739970238864, 0.5319253761973344]",1373,-1
46714,[0.79793852 0.73619618],1,4,"[0.7726811996944247, 0.7249303226766757]",433,0
46715,[0.44530099 0.36390741],2,1,"[0.3897435781344088, 0.3417040596068965]",-1,-1
46716,[0.52274421 0.61729307],5,-1,-1,1146,-1
46717,[0.70596188 0.71209946],1,4,"[0.7726811996944247, 0.7249303226766757]",-1,0
46718,[0.33167691 0.45626531],7,8,"[0.27392971195344684, 0.45973140540928376]",1385,-1
46719,[0.88018832 0.71992118],1,-1,-1,-1,0
46720,[0.34230139 0.64385877],4,-1,-1,-1,-1
46721,[0.59866687 0.56150866],9,-1,-1,-1,-1
46722,[0.2417411  0.25929034],0,5,"[0.23231087327800656, 0.30304944505444303]",-1,-1
46723,[0.64181199 0.76289625],9,-1,-1,-1,-1
46724,[0.26248926 0.54054419],4,7,"[0.2817018170798153, 0.5849768676672948]",1743,-1
46725,[0.66295028 0.5820811 ],9,-1,-1,-1,-1
46726,[0.44392407 0.57344002],3,0,"[0.383291892093257, 0.5586820702346661]",-1,-1
46727,[0.33136279 0.36507685],3,1,"[0.3897435781344088, 0.3417040596068965]",1367,-1
46728,[0.65799752 0.54881779],8,-1,-1,-1,-1
46729,[0.71708709 0.63216938],1,-1,-1,184,0
46730,[0.69682924 0.54580554],8,-1,-1,559,-1
46731,[0.74756691 0.58806546],9,-1,-1,110,-1
46732,[0.31172597 0.31266338],0,-1,-1,1648,-1
46733,[0.5909767  0.50671085],8,-1,-1,841,-1
46734,[0.33579376 0.32982532],6,1,"[0.3897435781344088, 0.3417040596068965]",1682,-1
46735,[0.68892057 0.6764095 ],9,-1,-1,-1,-1
46736,[0.38332765 0.27764961],6,1,"[0.3897435781344088, 0.3417040596068965]",1073,-1
46737,[0.35931188 0.3612041 ],2,1,"[0.3897435781344088, 0.3417040596068965]",1079,-1
46738,[0.46915084 0.6397771 ],9,-1,-1,491,-1
46739,[0.91073313 0.62046574],1,-1,-1,-1,-1
46740,[0.3213115  0.55230469],4,7,"[0.2817018170798153, 0.5849768676672948]",1989,17
46741,[0.77646189 0.65197221],1,-1,-1,327,0
46742,[0.31626571 0.14411539],0,-1,-1,36,-1
46743,[0.33230997 0.58179999],3,7,"[0.2817018170798153, 0.5849768676672948]",1980,-1
46744,[0.36919259 0.28635673],0,1,"[0.3897435781344088, 0.3417040596068965]",1172,-1
46745,[0.24914464 0.20745289],0,9,"[0.3110394802231661, 0.23517199738277297]",-1,-1
46746,[0.37667972 0.2334098 ],0,9,"[0.3110394802231661, 0.23517199738277297]",484,-1
46747,[0.29277235 0.4832611 ],7,8,"[0.27392971195344684, 0.45973140540928376]",-1,-1
46748,[0.59683062 0.68619235],9,2,"[0.5921204552873188, 0.6383928111301557]",654,-1
46749,[0.73622842 0.41324465],8,-1,-1,316,-1
46750,[0.47918063 0.67124802],9,-1,-1,-1,-1
46751,[0.25102744 0.30034485],0,5,"[0.23231087327800656, 0.30304944505444303]",1590,-1
46752,[0.33162058 0.51659443],4,0,"[0.383291892093257, 0.5586820702346661]",1904,-1
46753,[0.29509353 0.26002281],2,9,"[0.3110394802231661, 0.23517199738277297]",-1,-1
46754,[0.27057062 0.30670691],0,5,"[0.23231087327800656, 0.30304944505444303]",1656,-1
46755,[0.24023669 0.37144559],7,5,"[0.23231087327800656, 0.30304944505444303]",1149,-1
46756,[0.42740631 0.57409335],3,0,"[0.383291892093257, 0.5586820702346661]",-1,-1
46757,[0.72301061 0.5948626 ],1,-1,-1,-1,-1
46758,[0.3163724  0.61174465],3,7,"[0.2817018170798153, 0.5849768676672948]",1763,-1
46759,[0.37340828 0.57708134],3,0,"[0.383291892093257, 0.5586820702346661]",-1,12
46760,[0.77549941 0.6791595 ],1,4,"[0.7726811996944247, 0.7249303226766757]",-1,0
46761,[0.70484025 0.60502268],1,-1,-1,273,-1
46762,[0.28543134 0.52849937],4,7,"[0.2817018170798153, 0.5849768676672948]",1911,14
46763,[0.28507919 0.24117647],0,9,"[0.3110394802231661, 0.23517199738277297]",-1,-1
46764,[0.3188546  0.33629486],2,-1,-1,1615,-1
46765,[0.67211832 0.64329798],8,-1,-1,-1,-1
46766,[0.70227993 0.66184268],1,-1,-1,414,0
46767,[0.48090162 0.53913285],5,6,"[0.5164739970238864, 0.5319253761973344]",959,-1
46768,[0.77131688 0.80189484],1,-1,-1,-1,0
46769,[0.50345496 0.50922289],5,6,"[0.5164739970238864, 0.5319253761973344]",725,-1
46770,[0.16989731 0.31647572],0,5,"[0.23231087327800656, 0.30304944505444303]",203,-1
46771,[0.40312763 0.59220135],4,0,"[0.383291892093257, 0.5586820702346661]",-1,-1
46772,[0.25859696 0.43633358],2,8,"[0.27392971195344684, 0.45973140540928376]",-1,-1
46773,[0.24076791 0.5003925 ],4,8,"[0.27392971195344684, 0.45973140540928376]",-1,-1
46774,[0.405921   0.35768355],6,1,"[0.3897435781344088, 0.3417040596068965]",-1,-1
46775,[0.33107024 0.58758521],7,7,"[0.2817018170798153, 0.5849768676672948]",1941,17
46776,[0.74765013 0.73153976],1,4,"[0.7726811996944247, 0.7249303226766757]",424,0
46777,[0.53101405 0.61940948],5,2,"[0.5921204552873188, 0.6383928111301557]",-1,-1
46778,[0.27347228 0.53125021],7,7,"[0.2817018170798153, 0.5849768676672948]",1882,-1
46779,[0.47292693 0.47643506],5,-1,-1,-1,-1
46780,[0.29497005 0.58109843],3,7,"[0.2817018170798153, 0.5849768676672948]",1840,-1
46781,[0.56560889 0.64934443],9,2,"[0.5921204552873188, 0.6383928111301557]",-1,-1
46782,[0.27097655 0.37198158],2,-1,-1,-1,-1
46783,[0.25816157 0.25737004],0,5,"[0.23231087327800656, 0.30304944505444303]",-1,-1
46784,[0.26031202 0.33967025],2,5,"[0.23231087327800656, 0.30304944505444303]",1538,-1
46785,[0.26115238 0.50401688],7,8,"[0.27392971195344684, 0.45973140540928376]",1776,-1
46786,[0.2898745  0.34748902],0,-1,-1,-1,-1
46787,[0.28008578 0.24019634],6,9,"[0.3110394802231661, 0.23517199738277297]",-1,-1
46788,[0.41682664 0.40224273],6,1,"[0.3897435781344088, 0.3417040596068965]",758,-1
46789,[0.37024409 0.60861529],3,0,"[0.383291892093257, 0.5586820702346661]",-1,-1
46790,[0.32790593 0.67890002],3,-1,-1,156,-1
46791,[0.63186686 0.71549619],9,-1,-1,283,-1
46792,[0.25455517 0.52684945],7,7,"[0.2817018170798153, 0.5849768676672948]",-1,-1
46793,[0.44488711 0.30644055],6,1,"[0.3897435781344088, 0.3417040596068965]",492,-1
46794,[0.29484912 0.59702711],7,7,"[0.2817018170798153, 0.5849768676672948]",-1,-1
46795,[0.36761441 0.55978257],4,0,"[0.383291892093257, 0.5586820702346661]",-1,-1
46796,[0.8903226  0.72961892],1,-1,-1,-1,-1
46797,[0.72999796 0.41455802],8,-1,-1,-1,-1
46798,[0.5347352  0.64841878],5,2,"[0.5921204552873188, 0.6383928111301557]",1259,-1
46799,[0.49831437 0.40783302],3,-1,-1,52,-1
46800,[0.56532152 0.55906276],9,6,"[0.5164739970238864, 0.5319253761973344]",1362,-1
46801,[0.50745445 0.5742887 ],5,6,"[0.5164739970238864, 0.5319253761973344]",1381,-1
46802,[0.75802357 0.58129793],8,-1,-1,-1,-1
46803,[0.36622425 0.53269012],3,0,"[0.383291892093257, 0.5586820702346661]",1934,-1
46804,[0.61335118 0.609963  ],9,2,"[0.5921204552873188, 0.6383928111301557]",1200,-1
46805,[0.39117529 0.56400429],4,0,"[0.383291892093257, 0.5586820702346661]",1772,-1
46806,[0.26722719 0.11886199],0,-1,-1,20,-1
46807,[0.30767852 0.4869256 ],4,8,"[0.27392971195344684, 0.45973140540928376]",1873,-1
46808,[0.25823043 0.54958041],7,7,"[0.2817018170798153, 0.5849768676672948]",-1,-1
46809,[0.77080699 0.64469562],1,-1,-1,-1,0
46810,[0.55300434 0.5254409 ],5,6,"[0.5164739970238864, 0.5319253761973344]",1390,-1
46811,[0.54222938 0.55194352],5,6,"[0.5164739970238864, 0.5319253761973344]",-1,6
46812,[0.38675277 0.68073179],3,-1,-1,-1,-1
46813,[0.28975078 0.39810179],2,8,"[0.27392971195344684, 0.45973140540928376]",1066,-1
46814,[0.48337092 0.64368802],5,-1,-1,647,-1
46815,[0.71981586 0.54739688],8,-1,-1,-1,-1
46816,[0.77039615 0.63352676],1,-1,-1,-1,0
46817,[0.83685411 0.58281399],1,-1,-1,-1,-1
46818,[0.65010465 0.48624478],8,3,"[0.6815204869410737, 0.47689852788858716]",818,1
46819,[0.2928307  0.65871392],4,-1,-1,226,-1
46820,[0.57992814 0.52618861],5,6,"[0.5164739970238864, 0.5319253761973344]",-1,-1
46821,[0.3074356  0.54798878],7,7,"[0.2817018170798153, 0.5849768676672948]",-1,17
46822,[0.71647649 0.46768345],8,3,"[0.6815204869410737, 0.47689852788858716]",780,-1
46823,[0.30666831 0.26625893],2,9,"[0.3110394802231661, 0.23517199738277297]",1512,-1
46824,[0.24903898 0.53681161],3,7,"[0.2817018170798153, 0.5849768676672948]",1482,-1
46825,[0.34897095 0.57065636],4,0,"[0.383291892093257, 0.5586820702346661]",-1,-1
46826,[0.5722266  0.61118802],9,2,"[0.5921204552873188, 0.6383928111301557]",-1,6
46827,[0.31901209 0.56079183],3,7,"[0.2817018170798153, 0.5849768676672948]",1977,17
46828,[0.1740279  0.33759679],2,5,"[0.23231087327800656, 0.30304944505444303]",-1,-1
46829,[0.55409475 0.54205951],8,6,"[0.5164739970238864, 0.5319253761973344]",1409,6
46830,[0.26367479 0.34503806],2,5,"[0.23231087327800656, 0.30304944505444303]",1586,-1
46831,[0.27777023 0.33662413],2,5,"[0.23231087327800656, 0.30304944505444303]",-1,9
46832,[0.27923777 0.34341316],2,5,"[0.23231087327800656, 0.30304944505444303]",1459,-1
46833,[0.70588941 0.65043774],1,-1,-1,221,0
46834,[0.22670321 0.30266964],2,5,"[0.23231087327800656, 0.30304944505444303]",1468,-1
46835,[0.31229758 0.51313348],7,8,"[0.27392971195344684, 0.45973140540928376]",1922,15
46836,[0.27569392 0.49782259],7,8,"[0.27392971195344684, 0.45973140540928376]",-1,-1
46837,[0.59667513 0.52682867],8,-1,-1,1102,-1
46838,[0.67759067 0.68950494],9,-1,-1,387,-1
46839,[0.56187969 0.60205961],9,2,"[0.5921204552873188, 0.6383928111301557]",-1,-1
46840,[0.49413731 0.52078701],5,6,"[0.5164739970238864, 0.5319253761973344]",936,-1
46841,[0.26972636 0.56995139],4,7,"[0.2817018170798153, 0.5849768676672948]",-1,-1
46842,[0.40636091 0.39920531],6,1,"[0.3897435781344088, 0.3417040596068965]",-1,-1
46843,[0.43512229 0.29196104],6,1,"[0.3897435781344088, 0.3417040596068965]",-1,-1
46844,[0.48222483 0.59781329],5,-1,-1,1153,-1
46845,[0.50026102 0.66601597],9,-1,-1,712,-1
46846,[0.18527457 0.54065858],7,-1,-1,-1,-1
46847,[0.14386774 0.16698358],0,-1,-1,2,-1
46848,[0.48963864 0.40186739],6,-1,-1,-1,-1
46849,[0.44324713 0.57067885],5,0,"[0.383291892093257, 0.5586820702346661]",-1,-1
46850,[0.19219172 0.35618972],0,5,"[0.23231087327800656, 0.30304944505444303]",-1,-1
46851,[0.42960733 0.51606099],5,0,"[0.383291892093257, 0.5586820702346661]",-1,-1
46852,[0.5270393  0.59723802],5,6,"[0.5164739970238864, 0.5319253761973344]",1329,-1
46853,[0.19132993 0.42113219],7,-1,-1,144,-1
46854,[0.65100778 0.72261247],1,-1,-1,280,-1
46855,[0.39259272 0.44518721],4,-1,-1,567,-1
46856,[0.56667571 0.43238332],8,-1,-1,-1,-1
46857,[0.57228442 0.60302647],5,2,"[0.5921204552873188, 0.6383928111301557]",1415,6
46858,[0.36386556 0.32086031],0,1,"[0.3897435781344088, 0.3417040596068965]",1545,-1
46859,[0.65146844 0.4215    ],8,3,"[0.6815204869410737, 0.47689852788858716]",522,-1
46860,[0.51811336 0.49852894],5,6,"[0.5164739970238864, 0.5319253761973344]",-1,-1
46861,[0.68258381 0.47880784],8,3,"[0.6815204869410737, 0.47689852788858716]",814,2
46862,[0.59346167 0.42578956],8,-1,-1,-1,-1
46863,[0.70207452 0.48282396],8,3,"[0.6815204869410737, 0.47689852788858716]",-1,-1
46864,[0.53553955 0.72078681],5,-1,-1,261,-1
46865,[0.15581999 0.22933016],2,-1,-1,124,-1
46866,[0.30954643 0.44063197],6,8,"[0.27392971195344684, 0.45973140540928376]",1081,-1
46867,[0.36909699 0.43699142],6,-1,-1,879,-1
46868,[0.34985757 0.41777011],7,-1,-1,870,-1
46869,[0.57313249 0.70596177],9,-1,-1,-1,-1
46870,[0.66747044 0.62636111],9,-1,-1,-1,-1
46871,[0.70473275 0.5144055 ],8,3,"[0.6815204869410737, 0.47689852788858716]",-1,-1
46872,[0.30757926 0.4667859 ],7,8,"[0.27392971195344684, 0.45973140540928376]",-1,-1
46873,[0.53483507 0.45806208],5,-1,-1,-1,-1
46874,[0.29664567 0.53375861],4,7,"[0.2817018170798153, 0.5849768676672948]",1895,-1
46875,[0.39223499 0.29161259],6,1,"[0.3897435781344088, 0.3417040596068965]",-1,-1
46876,[0.33274371 0.60070429],7,7,"[0.2817018170798153, 0.5849768676672948]",1864,-1
46877,[0.6327868  0.71830375],9,-1,-1,283,-1
46878,[0.3626457 0.3379324],6,1,"[0.3897435781344088, 0.3417040596068965]",1532,-1
46879,[0.85505332 0.72021175],1,-1,-1,313,0
46880,[0.28242124 0.51006461],7,8,"[0.27392971195344684, 0.45973140540928376]",1835,-1
46881,[0.32750706 0.57101132],7,7,"[0.2817018170798153, 0.5849768676672948]",1976,-1
46882,[0.80799314 0.719305  ],1,4,"[0.7726811996944247, 0.7249303226766757]",456,0
46883,[0.30039652 0.34325989],6,-1,-1,1626,-1
46884,[0.44150161 0.61509828],9,-1,-1,-1,-1
46885,[0.87125435 0.67916703],1,-1,-1,81,-1
46886,[0.86180422 0.70878208],1,-1,-1,-1,0
46887,[0.73436482 0.69823973],1,4,"[0.7726811996944247, 0.7249303226766757]",437,0
46888,[0.59436181 0.56822417],5,-1,-1,1315,-1
46889,[0.336634  0.5806606],7,0,"[0.383291892093257, 0.5586820702346661]",1980,-1
46890,[0.32648068 0.32166164],0,1,"[0.3897435781344088, 0.3417040596068965]",-1,10
46891,[0.39900307 0.6242002 ],3,0,"[0.383291892093257, 0.5586820702346661]",-1,-1
46892,[0.34117786 0.5156433 ],3,0,"[0.383291892093257, 0.5586820702346661]",-1,-1
46893,[0.70617357 0.65190578],1,-1,-1,221,0
46894,[0.33912601 0.53056887],3,0,"[0.383291892093257, 0.5586820702346661]",-1,-1
46895,[0.55414996 0.63613924],9,2,"[0.5921204552873188, 0.6383928111301557]",-1,6
46896,[0.24760381 0.2431027 ],0,5,"[0.23231087327800656, 0.30304944505444303]",983,-1
46897,[0.297076   0.54241862],4,7,"[0.2817018170798153, 0.5849768676672948]",1906,-1
46898,[0.61998026 0.57423108],9,2,"[0.5921204552873188, 0.6383928111301557]",-1,-1
46899,[0.77541394 0.48422547],8,-1,-1,-1,-1
46900,[0.68063507 0.39879466],8,-1,-1,-1,-1
46901,[0.25003658 0.41176743],2,8,"[0.27392971195344684, 0.45973140540928376]",700,-1
46902,[0.1651986 0.4819679],7,-1,-1,-1,-1
46903,[0.48119613 0.54006854],5,6,"[0.5164739970238864, 0.5319253761973344]",959,-1
46904,[0.61400671 0.57211116],9,2,"[0.5921204552873188, 0.6383928111301557]",1273,-1
46905,[0.62564866 0.52591753],8,-1,-1,863,-1
46906,[0.33262494 0.29498612],0,9,"[0.3110394802231661, 0.23517199738277297]",-1,10
46907,[0.28890688 0.4025933 ],2,8,"[0.27392971195344684, 0.45973140540928376]",-1,-1
46908,[0.42855596 0.72299694],3,-1,-1,-1,-1
46909,[0.47922865 0.67409329],9,-1,-1,-1,-1
46910,[0.40449985 0.49586284],5,0,"[0.383291892093257, 0.5586820702346661]",-1,-1
46911,[0.55147905 0.68538029],9,2,"[0.5921204552873188, 0.6383928111301557]",-1,-1
46912,[0.76329126 0.60389674],1,-1,-1,-1,-1
46913,[0.58843154 0.58789288],5,2,"[0.5921204552873188, 0.6383928111301557]",-1,-1
46914,[0.3717426  0.38807903],6,1,"[0.3897435781344088, 0.3417040596068965]",1005,-1
46915,[0.41418528 0.6112038 ],3,0,"[0.383291892093257, 0.5586820702346661]",1473,-1
46916,[0.53577111 0.66222363],5,2,"[0.5921204552873188, 0.6383928111301557]",-1,-1
46917,[0.37070344 0.27525525],6,1,"[0.3897435781344088, 0.3417040596068965]",1170,-1
46918,[0.36004943 0.6120893 ],4,0,"[0.383291892093257, 0.5586820702346661]",-1,-1
46919,[0.54786686 0.49232194],8,6,"[0.5164739970238864, 0.5319253761973344]",846,-1
46920,[0.32869161 0.54914397],7,0,"[0.383291892093257, 0.5586820702346661]",1960,17
46921,[0.29152366 0.60013259],4,7,"[0.2817018170798153, 0.5849768676672948]",1693,-1
46922,[0.61781435 0.4929996 ],8,3,"[0.6815204869410737, 0.47689852788858716]",-1,-1
46923,[0.52841065 0.58744218],5,6,"[0.5164739970238864, 0.5319253761973344]",1372,-1
46924,[0.42822306 0.24407102],6,-1,-1,178,-1
46925,[0.30304614 0.57347247],4,7,"[0.2817018170798153, 0.5849768676672948]",-1,-1
46926,[0.68541211 0.77800136],1,-1,-1,-1,0
46927,[0.48148794 0.53406124],5,6,"[0.5164739970238864, 0.5319253761973344]",-1,-1
46928,[0.36868347 0.53655707],3,0,"[0.383291892093257, 0.5586820702346661]",-1,-1
46929,[0.67938975 0.46017368],8,3,"[0.6815204869410737, 0.47689852788858716]",735,-1
46930,[0.41971032 0.52018399],3,0,"[0.383291892093257, 0.5586820702346661]",1471,-1
46931,[0.2345875  0.36460837],2,5,"[0.23231087327800656, 0.30304944505444303]",-1,-1
46932,[0.62489141 0.55408567],8,-1,-1,651,-1
46933,[0.53496279 0.65085316],5,2,"[0.5921204552873188, 0.6383928111301557]",1259,-1
46934,[0.37554028 0.32691184],6,1,"[0.3897435781344088, 0.3417040596068965]",1476,-1
46935,[0.23426792 0.64872437],4,-1,-1,-1,-1
46936,[0.38078972 0.31901972],6,1,"[0.3897435781344088, 0.3417040596068965]",1142,-1
46937,[0.51445794 0.45532068],5,-1,-1,601,-1
46938,[0.59847481 0.53033766],5,-1,-1,-1,-1
46939,[0.51372188 0.58174956],5,6,"[0.5164739970238864, 0.5319253761973344]",1377,6
46940,[0.27563416 0.53346848],7,7,"[0.2817018170798153, 0.5849768676672948]",1882,-1
46941,[0.25669729 0.32813016],2,5,"[0.23231087327800656, 0.30304944505444303]",-1,-1
46942,[0.7529145 0.7478026],1,4,"[0.7726811996944247, 0.7249303226766757]",430,0
46943,[0.75252676 0.39726879],8,-1,-1,-1,-1
46944,[0.23209028 0.24693956],0,5,"[0.23231087327800656, 0.30304944505444303]",-1,-1
46945,[0.43487685 0.21908049],6,-1,-1,73,-1
46946,[0.34342295 0.23135034],6,9,"[0.3110394802231661, 0.23517199738277297]",-1,-1
46947,[0.38301791 0.393722  ],2,1,"[0.3897435781344088, 0.3417040596068965]",-1,-1
46948,[0.37157698 0.61133855],3,0,"[0.383291892093257, 0.5586820702346661]",-1,-1
46949,[0.54289058 0.4619015 ],5,-1,-1,-1,-1
46950,[0.57704932 0.45496512],5,-1,-1,-1,-1
46951,[0.69791308 0.55288147],8,-1,-1,-1,-1
46952,[0.70405322 0.41346881],8,3,"[0.6815204869410737, 0.47689852788858716]",540,-1
46953,[0.60473823 0.50884533],8,-1,-1,844,-1
46954,[0.29357976 0.28454251],2,9,"[0.3110394802231661, 0.23517199738277297]",1554,-1
46955,[0.21660508 0.47687009],7,8,"[0.27392971195344684, 0.45973140540928376]",-1,-1
46956,[0.41859471 0.20722413],6,-1,-1,-1,-1
46957,[0.322648   0.56357307],4,7,"[0.2817018170798153, 0.5849768676672948]",1977,17
46958,[0.26444574 0.37852614],2,-1,-1,1221,-1
46959,[0.85411681 0.84041365],1,-1,-1,18,-1
46960,[0.34722314 0.49801721],7,-1,-1,-1,-1
46961,[0.31513911 0.61109392],7,7,"[0.2817018170798153, 0.5849768676672948]",1763,-1
46962,[0.64371428 0.43883129],8,3,"[0.6815204869410737, 0.47689852788858716]",-1,-1
46963,[0.48369034 0.27566018],6,-1,-1,-1,-1
46964,[0.77941664 0.60690402],1,-1,-1,79,-1
46965,[0.26330058 0.41945633],0,8,"[0.27392971195344684, 0.45973140540928376]",695,-1
46966,[0.74416248 0.65786577],1,-1,-1,-1,0
46967,[0.80661842 0.39594024],8,-1,-1,-1,-1
46968,[0.371664   0.33936867],6,1,"[0.3897435781344088, 0.3417040596068965]",1122,-1
46969,[0.46454859 0.29699603],6,-1,-1,-1,-1
46970,[0.20547622 0.57422377],7,-1,-1,486,-1
46971,[0.61184437 0.59571491],9,2,"[0.5921204552873188, 0.6383928111301557]",1323,-1
46972,[0.4590897  0.27274656],6,-1,-1,-1,-1
46973,[0.56219446 0.39656986],5,-1,-1,-1,-1
46974,[0.17781001 0.51818037],4,-1,-1,-1,-1
46975,[0.33050159 0.28187708],6,9,"[0.3110394802231661, 0.23517199738277297]",1520,-1
46976,[0.29723236 0.58838407],4,7,"[0.2817018170798153, 0.5849768676672948]",-1,-1
46977,[0.3069382  0.58149587],4,7,"[0.2817018170798153, 0.5849768676672948]",1966,-1
46978,[0.68479351 0.62227659],9,-1,-1,494,-1
46979,[0.35111934 0.20088417],6,9,"[0.3110394802231661, 0.23517199738277297]",161,-1
46980,[0.25377855 0.49491304],7,8,"[0.27392971195344684, 0.45973140540928376]",-1,-1
46981,[0.56765929 0.69163616],9,2,"[0.5921204552873188, 0.6383928111301557]",-1,-1
46982,[0.38136218 0.28381131],2,1,"[0.3897435781344088, 0.3417040596068965]",1027,-1
46983,[0.39396615 0.54244589],3,0,"[0.383291892093257, 0.5586820702346661]",-1,-1
46984,[0.59103565 0.62461218],9,2,"[0.5921204552873188, 0.6383928111301557]",1343,6
46985,[0.38522727 0.25917777],6,-1,-1,790,-1
46986,[0.29043933 0.59211825],7,7,"[0.2817018170798153, 0.5849768676672948]",1810,-1
46987,[0.35982275 0.58373282],3,0,"[0.383291892093257, 0.5586820702346661]",1847,12
46988,[0.43347019 0.34424932],6,1,"[0.3897435781344088, 0.3417040596068965]",794,-1
46989,[0.32247485 0.6256323 ],4,7,"[0.2817018170798153, 0.5849768676672948]",1395,-1
46990,[0.30928614 0.59508302],7,7,"[0.2817018170798153, 0.5849768676672948]",1820,-1
46991,[0.57611715 0.49514393],5,-1,-1,847,-1
46992,[0.35732381 0.23785805],0,9,"[0.3110394802231661, 0.23517199738277297]",-1,-1
46993,[0.18658125 0.63523467],4,-1,-1,-1,-1
46994,[0.36069751 0.27123217],6,9,"[0.3110394802231661, 0.23517199738277297]",1156,-1
46995,[0.36580531 0.59241241],4,0,"[0.383291892093257, 0.5586820702346661]",1836,-1
46996,[0.68800213 0.6853446 ],9,-1,-1,382,-1
46997,[0.83114121 0.77334406],1,-1,-1,290,0
46998,[0.27719521 0.39302547],2,8,"[0.27392971195344684, 0.45973140540928376]",1066,-1
46999,[0.52156675 0.46449873],5,6,"[0.5164739970238864, 0.5319253761973344]",602,-1
47000,[0.46357372 0.54581459],5,6,"[0.5164739970238864, 0.5319253761973344]",-1,-1
47001,[0.20614542 0.4747649 ],7,8,"[0.27392971195344684, 0.45973140540928376]",-1,-1
47002,[0.68454149 0.47462026],8,3,"[0.6815204869410737, 0.47689852788858716]",-1,2
47003,[0.28378755 0.45578657],7,8,"[0.27392971195344684, 0.45973140540928376]",1243,-1
47004,[0.73843032 0.76284304],1,4,"[0.7726811996944247, 0.7249303226766757]",415,0
47005,[0.57445463 0.56560188],5,6,"[0.5164739970238864, 0.5319253761973344]",-1,-1
47006,[0.2433465  0.32677111],2,5,"[0.23231087327800656, 0.30304944505444303]",1503,7
47007,[0.33273627 0.28920073],2,9,"[0.3110394802231661, 0.23517199738277297]",1652,-1
47008,[0.44661641 0.33827448],6,1,"[0.3897435781344088, 0.3417040596068965]",788,-1
47009,[0.79842087 0.74981241],1,4,"[0.7726811996944247, 0.7249303226766757]",-1,0
47010,[0.35745323 0.29908494],2,1,"[0.3897435781344088, 0.3417040596068965]",-1,-1
47011,[0.37723714 0.26065923],2,-1,-1,790,-1
47012,[0.3228589  0.50587803],4,8,"[0.27392971195344684, 0.45973140540928376]",-1,-1
47013,[0.31707791 0.27329307],2,9,"[0.3110394802231661, 0.23517199738277297]",1506,-1
47014,[0.37131499 0.54588359],3,0,"[0.383291892093257, 0.5586820702346661]",1804,-1
47015,[0.41928316 0.58098643],4,0,"[0.383291892093257, 0.5586820702346661]",-1,-1
47016,[0.31574025 0.60396561],4,7,"[0.2817018170798153, 0.5849768676672948]",1936,-1
47017,[0.34766173 0.56886016],7,0,"[0.383291892093257, 0.5586820702346661]",1901,-1
47018,[0.41516509 0.31545437],6,1,"[0.3897435781344088, 0.3417040596068965]",911,-1
47019,[0.41479162 0.56661419],4,0,"[0.383291892093257, 0.5586820702346661]",-1,-1
47020,[0.15376823 0.41155812],2,-1,-1,-1,-1
47021,[0.34059635 0.46189779],7,8,"[0.27392971195344684, 0.45973140540928376]",1387,-1
47022,[0.25950469 0.38466747],6,-1,-1,1221,-1
47023,[0.40829472 0.40269424],6,1,"[0.3897435781344088, 0.3417040596068965]",-1,-1
47024,[0.3692824  0.34489201],6,1,"[0.3897435781344088, 0.3417040596068965]",1275,-1
47025,[0.68980698 0.43976196],8,3,"[0.6815204869410737, 0.47689852788858716]",611,-1
47026,[0.25048605 0.63870753],4,7,"[0.2817018170798153, 0.5849768676672948]",-1,-1
47027,[0.4998274  0.57493489],3,6,"[0.5164739970238864, 0.5319253761973344]",1380,-1
47028,[0.27403365 0.49243479],4,8,"[0.27392971195344684, 0.45973140540928376]",-1,-1
47029,[0.2876972  0.37846526],2,-1,-1,1099,-1
47030,[0.37998626 0.54389823],7,0,"[0.383291892093257, 0.5586820702346661]",1805,-1
47031,[0.3008213  0.21473898],0,9,"[0.3110394802231661, 0.23517199738277297]",1016,-1
47032,[0.64911543 0.42109984],8,3,"[0.6815204869410737, 0.47689852788858716]",522,-1
47033,[0.55605141 0.51768421],5,6,"[0.5164739970238864, 0.5319253761973344]",1300,-1
47034,[0.44280808 0.33966635],6,1,"[0.3897435781344088, 0.3417040596068965]",788,-1
47035,[0.68601886 0.56016109],9,-1,-1,-1,-1
47036,[0.40904028 0.59064347],3,0,"[0.383291892093257, 0.5586820702346661]",-1,-1
47037,[0.50601574 0.63729505],9,-1,-1,-1,-1
47038,[0.71297408 0.43587578],8,3,"[0.6815204869410737, 0.47689852788858716]",-1,-1
47039,[0.31268795 0.51477673],7,8,"[0.27392971195344684, 0.45973140540928376]",1922,15
47040,[0.44532559 0.54921634],4,0,"[0.383291892093257, 0.5586820702346661]",1295,-1
47041,[0.32917536 0.58396917],3,7,"[0.2817018170798153, 0.5849768676672948]",-1,17
47042,[0.46734607 0.42556762],6,-1,-1,128,-1
47043,[0.65622583 0.47147717],5,3,"[0.6815204869410737, 0.47689852788858716]",-1,1
47044,[0.33072365 0.57724281],4,7,"[0.2817018170798153, 0.5849768676672948]",1980,-1
47045,[0.74346418 0.74716117],1,4,"[0.7726811996944247, 0.7249303226766757]",-1,0
47046,[0.38368903 0.44276525],6,-1,-1,-1,-1
47047,[0.39435919 0.59147504],3,0,"[0.383291892093257, 0.5586820702346661]",-1,-1
47048,[0.20768089 0.32122746],2,5,"[0.23231087327800656, 0.30304944505444303]",1038,-1
47049,[0.25123293 0.28444407],2,5,"[0.23231087327800656, 0.30304944505444303]",-1,-1
47050,[0.38705289 0.48229502],8,-1,-1,1042,-1
47051,[0.54847626 0.49153608],5,6,"[0.5164739970238864, 0.5319253761973344]",846,-1
47052,[0.65664217 0.48860441],8,3,"[0.6815204869410737, 0.47689852788858716]",-1,-1
47053,[0.22938187 0.52606126],7,-1,-1,-1,-1
47054,[0.71206884 0.58372971],9,-1,-1,229,-1
47055,[0.5317889  0.48520863],5,6,"[0.5164739970238864, 0.5319253761973344]",927,-1
47056,[0.27911638 0.3933524 ],6,8,"[0.27392971195344684, 0.45973140540928376]",1066,-1
47057,[0.72289372 0.82972782],1,-1,-1,50,-1
47058,[0.24502237 0.34232675],0,5,"[0.23231087327800656, 0.30304944505444303]",1565,-1
47059,[0.31630826 0.56569162],3,7,"[0.2817018170798153, 0.5849768676672948]",1972,-1
47060,[0.30417877 0.53214858],4,7,"[0.2817018170798153, 0.5849768676672948]",-1,-1
47061,[0.47473996 0.57366448],5,6,"[0.5164739970238864, 0.5319253761973344]",1026,-1
47062,[0.67975843 0.68263717],1,-1,-1,387,-1
47063,[0.23089951 0.57663459],7,7,"[0.2817018170798153, 0.5849768676672948]",-1,-1
47064,[0.49616327 0.49737888],5,6,"[0.5164739970238864, 0.5319253761973344]",603,-1
47065,[0.30022298 0.24912562],0,9,"[0.3110394802231661, 0.23517199738277297]",1202,-1
47066,[0.41862306 0.37651863],6,1,"[0.3897435781344088, 0.3417040596068965]",681,-1
47067,[0.57340022 0.59527009],9,2,"[0.5921204552873188, 0.6383928111301557]",1442,6
47068,[0.81344593 0.68472508],1,4,"[0.7726811996944247, 0.7249303226766757]",362,0
47069,[0.34031724 0.45561904],7,8,"[0.27392971195344684, 0.45973140540928376]",-1,-1
47070,[0.35352965 0.51211878],4,0,"[0.383291892093257, 0.5586820702346661]",-1,-1
47071,[0.32501179 0.45371526],7,8,"[0.27392971195344684, 0.45973140540928376]",-1,-1
47072,[0.77644111 0.7085825 ],1,4,"[0.7726811996944247, 0.7249303226766757]",-1,0
47073,[0.30376793 0.50506541],7,8,"[0.27392971195344684, 0.45973140540928376]",1858,-1
47074,[0.29651475 0.50015787],4,8,"[0.27392971195344684, 0.45973140540928376]",-1,-1
47075,[0.65818994 0.58041139],5,-1,-1,1014,-1
47076,[0.61986349 0.50801552],8,3,"[0.6815204869410737, 0.47689852788858716]",-1,-1
47077,[0.30506861 0.65403025],4,-1,-1,-1,-1
47078,[0.54977627 0.57518243],9,6,"[0.5164739970238864, 0.5319253761973344]",-1,6
47079,[0.19622515 0.36538522],2,-1,-1,650,-1
47080,[0.74406964 0.81818018],1,-1,-1,-1,0
47081,[0.2497449 0.4243818],2,8,"[0.27392971195344684, 0.45973140540928376]",699,-1
47082,[0.48502012 0.26553683],6,-1,-1,-1,-1
47083,[0.76205704 0.48282884],8,-1,-1,-1,-1
47084,[0.64661137 0.64098016],9,2,"[0.5921204552873188, 0.6383928111301557]",939,-1
47085,[0.31098719 0.52459458],3,7,"[0.2817018170798153, 0.5849768676672948]",-1,-1
47086,[0.34699639 0.41866672],6,-1,-1,-1,-1
47087,[0.81564166 0.77554534],1,4,"[0.7726811996944247, 0.7249303226766757]",254,0
47088,[0.20000166 0.23688307],0,-1,-1,897,-1
47089,[0.74068791 0.45911764],8,3,"[0.6815204869410737, 0.47689852788858716]",-1,-1
47090,[0.36503843 0.521258  ],3,0,"[0.383291892093257, 0.5586820702346661]",1934,-1
47091,[0.23212687 0.52683005],4,-1,-1,1477,-1
47092,[0.40086639 0.41403562],2,-1,-1,-1,-1
47093,[0.54398082 0.39180395],5,-1,-1,47,-1
47094,[0.28107092 0.66820329],4,-1,-1,88,-1
47095,[0.31730209 0.29332822],0,9,"[0.3110394802231661, 0.23517199738277297]",-1,-1
47096,[0.78405008 0.76619516],1,4,"[0.7726811996944247, 0.7249303226766757]",408,0
47097,[0.22637459 0.60813869],7,7,"[0.2817018170798153, 0.5849768676672948]",-1,-1
47098,[0.34142082 0.38218803],6,1,"[0.3897435781344088, 0.3417040596068965]",995,-1
47099,[0.25803201 0.14123063],0,-1,-1,-1,-1
47100,[0.28196244 0.52170848],4,8,"[0.27392971195344684, 0.45973140540928376]",1886,-1
47101,[0.31208122 0.45401097],7,8,"[0.27392971195344684, 0.45973140540928376]",1688,-1
47102,[0.17008764 0.25682395],0,-1,-1,172,-1
47103,[0.70177325 0.46462148],8,3,"[0.6815204869410737, 0.47689852788858716]",717,-1
47104,[0.61579584 0.60195491],9,2,"[0.5921204552873188, 0.6383928111301557]",1200,-1
47105,[0.42510776 0.38497748],2,1,"[0.3897435781344088, 0.3417040596068965]",761,-1
47106,[0.50329344 0.49198951],5,6,"[0.5164739970238864, 0.5319253761973344]",605,-1
47107,[0.34521638 0.55927229],3,0,"[0.383291892093257, 0.5586820702346661]",1956,-1
47108,[0.39990269 0.52396744],4,0,"[0.383291892093257, 0.5586820702346661]",1641,-1
47109,[0.40306166 0.27416918],2,1,"[0.3897435781344088, 0.3417040596068965]",-1,-1
47110,[0.74206384 0.67069523],1,4,"[0.7726811996944247, 0.7249303226766757]",376,0
47111,[0.20114158 0.37370584],0,-1,-1,-1,-1
47112,[0.31024914 0.2174141 ],6,9,"[0.3110394802231661, 0.23517199738277297]",-1,-1
47113,[0.55751081 0.72087515],9,-1,-1,-1,-1
47114,[0.67749998 0.74315677],1,-1,-1,197,0
47115,[0.77675584 0.79485013],1,-1,-1,-1,0
47116,[0.43565488 0.35753016],6,1,"[0.3897435781344088, 0.3417040596068965]",-1,-1
47117,[0.63531652 0.66868717],9,2,"[0.5921204552873188, 0.6383928111301557]",659,-1
47118,[0.2787503  0.23830182],0,9,"[0.3110394802231661, 0.23517199738277297]",-1,-1
47119,[0.33786005 0.60155167],3,7,"[0.2817018170798153, 0.5849768676672948]",1864,-1
47120,[0.2897871  0.25777656],2,9,"[0.3110394802231661, 0.23517199738277297]",1611,-1
47121,[0.62633728 0.6661515 ],9,2,"[0.5921204552873188, 0.6383928111301557]",-1,-1
47122,[0.59872186 0.55918747],9,-1,-1,1316,-1
47123,[0.29492533 0.53437713],7,7,"[0.2817018170798153, 0.5849768676672948]",1895,-1
47124,[0.29351716 0.40318914],2,8,"[0.27392971195344684, 0.45973140540928376]",-1,-1
47125,[0.80105235 0.71424475],1,4,"[0.7726811996944247, 0.7249303226766757]",-1,0
47126,[0.56131939 0.64100023],9,2,"[0.5921204552873188, 0.6383928111301557]",-1,6
47127,[0.54438994 0.6601147 ],5,2,"[0.5921204552873188, 0.6383928111301557]",1029,-1
47128,[0.79210397 0.7628335 ],1,4,"[0.7726811996944247, 0.7249303226766757]",377,0
47129,[0.71217247 0.69992367],1,4,"[0.7726811996944247, 0.7249303226766757]",392,0
47130,[0.39678696 0.58011487],3,0,"[0.383291892093257, 0.5586820702346661]",1767,-1
47131,[0.41405425 0.31647816],6,1,"[0.3897435781344088, 0.3417040596068965]",911,-1
47132,[0.35537115 0.49848135],7,0,"[0.383291892093257, 0.5586820702346661]",-1,-1
47133,[0.60219696 0.54900385],8,-1,-1,1293,-1
47134,[0.47673693 0.47160145],5,-1,-1,-1,-1
47135,[0.62359979 0.67574471],9,2,"[0.5921204552873188, 0.6383928111301557]",660,-1
47136,[0.2869298  0.30251767],2,5,"[0.23231087327800656, 0.30304944505444303]",1578,-1
47137,[0.62731265 0.63049939],8,2,"[0.5921204552873188, 0.6383928111301557]",-1,-1
47138,[0.21074075 0.37122995],2,-1,-1,-1,-1
47139,[0.43120646 0.6735956 ],3,-1,-1,-1,-1
47140,[0.82003353 0.68220718],1,4,"[0.7726811996944247, 0.7249303226766757]",361,0
47141,[0.63532965 0.45064798],8,3,"[0.6815204869410737, 0.47689852788858716]",-1,-1
47142,[0.26051891 0.52979907],3,7,"[0.2817018170798153, 0.5849768676672948]",-1,-1
47143,[0.36881842 0.28951403],6,1,"[0.3897435781344088, 0.3417040596068965]",-1,-1
47144,[0.32332649 0.30736016],6,-1,-1,-1,-1
47145,[0.41863394 0.48759324],5,-1,-1,-1,-1
47146,[0.61972558 0.5914249 ],9,2,"[0.5921204552873188, 0.6383928111301557]",1204,-1
47147,[0.51801985 0.63121635],5,-1,-1,-1,-1
47148,[0.27891604 0.58772973],4,7,"[0.2817018170798153, 0.5849768676672948]",1572,-1
47149,[0.31463653 0.55627864],7,7,"[0.2817018170798153, 0.5849768676672948]",1981,17
47150,[0.54840724 0.58811035],5,6,"[0.5164739970238864, 0.5319253761973344]",1433,6
47151,[0.77153241 0.66740053],1,4,"[0.7726811996944247, 0.7249303226766757]",-1,0
47152,[0.64310473 0.48264047],8,3,"[0.6815204869410737, 0.47689852788858716]",820,1
47153,[0.42982113 0.54538522],3,0,"[0.383291892093257, 0.5586820702346661]",-1,-1
47154,[0.70229523 0.7449431 ],1,-1,-1,319,0
47155,[0.71589388 0.44755147],8,3,"[0.6815204869410737, 0.47689852788858716]",-1,-1
47156,[0.27281724 0.35129959],2,5,"[0.23231087327800656, 0.30304944505444303]",1550,-1
47157,[0.29162351 0.26792747],2,9,"[0.3110394802231661, 0.23517199738277297]",1496,-1
47158,[0.24643177 0.41079798],2,8,"[0.27392971195344684, 0.45973140540928376]",-1,-1
47159,[0.3710182  0.40154119],6,1,"[0.3897435781344088, 0.3417040596068965]",-1,-1
47160,[0.46206887 0.60513962],5,-1,-1,-1,-1
47161,[0.26832053 0.40192701],6,8,"[0.27392971195344684, 0.45973140540928376]",-1,-1
47162,[0.24761985 0.16958368],0,-1,-1,-1,-1
47163,[0.81358923 0.74435117],1,4,"[0.7726811996944247, 0.7249303226766757]",446,0
47164,[0.25263724 0.29141274],0,5,"[0.23231087327800656, 0.30304944505444303]",-1,-1
47165,[0.6503514  0.52147641],8,3,"[0.6815204869410737, 0.47689852788858716]",-1,-1
47166,[0.27665045 0.52411341],4,7,"[0.2817018170798153, 0.5849768676672948]",1887,-1
47167,[0.26234287 0.30449886],2,5,"[0.23231087327800656, 0.30304944505444303]",-1,-1
47168,[0.23331453 0.29207156],0,5,"[0.23231087327800656, 0.30304944505444303]",-1,-1
47169,[0.38629788 0.60469605],3,0,"[0.383291892093257, 0.5586820702346661]",-1,-1
47170,[0.35656617 0.53482123],3,0,"[0.383291892093257, 0.5586820702346661]",1951,-1
47171,[0.33310721 0.48778027],3,8,"[0.27392971195344684, 0.45973140540928376]",-1,-1
47172,[0.30303988 0.59421241],3,7,"[0.2817018170798153, 0.5849768676672948]",-1,-1
47173,[0.63885105 0.412492  ],8,-1,-1,265,-1
47174,[0.46373201 0.44353322],5,-1,-1,179,-1
47175,[0.33869857 0.34254285],6,1,"[0.3897435781344088, 0.3417040596068965]",-1,-1
47176,[0.27599044 0.36986655],6,-1,-1,1265,-1
47177,[0.19113046 0.62545294],7,-1,-1,-1,-1
47178,[0.24221541 0.16451175],0,-1,-1,-1,-1
47179,[0.56738497 0.55318083],5,6,"[0.5164739970238864, 0.5319253761973344]",-1,-1
47180,[0.71726958 0.54012915],8,-1,-1,-1,-1
47181,[0.28278135 0.24412048],0,9,"[0.3110394802231661, 0.23517199738277297]",1602,-1
47182,[0.2557232  0.36221713],6,5,"[0.23231087327800656, 0.30304944505444303]",-1,-1
47183,[0.7094238  0.56670263],8,-1,-1,563,-1
47184,[0.4487805  0.53258599],5,6,"[0.5164739970238864, 0.5319253761973344]",-1,-1
47185,[0.32739529 0.24135768],0,9,"[0.3110394802231661, 0.23517199738277297]",-1,-1
47186,[0.75071557 0.79522273],1,-1,-1,-1,0
47187,[0.21296489 0.26964173],0,5,"[0.23231087327800656, 0.30304944505444303]",-1,-1
47188,[0.4772019  0.72496893],9,-1,-1,-1,-1
47189,[0.65998072 0.67706886],9,-1,-1,-1,-1
47190,[0.51395203 0.57260632],5,6,"[0.5164739970238864, 0.5319253761973344]",-1,-1
47191,[0.37981127 0.29909214],6,1,"[0.3897435781344088, 0.3417040596068965]",1463,-1
47192,[0.5681842  0.55482138],5,6,"[0.5164739970238864, 0.5319253761973344]",1362,-1
47193,[0.48049619 0.40396425],6,-1,-1,-1,-1
47194,[0.39263707 0.35659938],6,1,"[0.3897435781344088, 0.3417040596068965]",-1,-1
47195,[0.35593933 0.42198782],7,-1,-1,883,-1
47196,[0.31001358 0.29282751],6,9,"[0.3110394802231661, 0.23517199738277297]",1614,11
47197,[0.35370399 0.23655113],0,9,"[0.3110394802231661, 0.23517199738277297]",633,-1
47198,[0.46177124 0.50010637],5,6,"[0.5164739970238864, 0.5319253761973344]",753,-1
47199,[0.59180886 0.77305961],9,-1,-1,-1,-1
47200,[0.63332338 0.48431988],8,3,"[0.6815204869410737, 0.47689852788858716]",-1,-1
47201,[0.22886006 0.29052282],0,5,"[0.23231087327800656, 0.30304944505444303]",1460,-1
47202,[0.32037648 0.53731502],7,7,"[0.2817018170798153, 0.5849768676672948]",1932,-1
47203,[0.24549629 0.16360777],0,-1,-1,-1,-1
47204,[0.3964348  0.62136338],4,0,"[0.383291892093257, 0.5586820702346661]",1577,-1
47205,[0.67241272 0.74222394],1,-1,-1,197,0
47206,[0.31858565 0.45708502],7,8,"[0.27392971195344684, 0.45973140540928376]",1556,-1
47207,[0.38200113 0.53947063],3,0,"[0.383291892093257, 0.5586820702346661]",1812,-1
47208,[0.38080683 0.36457461],2,1,"[0.3897435781344088, 0.3417040596068965]",1062,-1
47209,[0.60838307 0.4433149 ],8,-1,-1,-1,-1
47210,[0.26867445 0.52970119],4,7,"[0.2817018170798153, 0.5849768676672948]",1853,-1
47211,[0.74795083 0.68322394],1,4,"[0.7726811996944247, 0.7249303226766757]",439,0
47212,[0.33687661 0.36923866],0,1,"[0.3897435781344088, 0.3417040596068965]",1349,-1
47213,[0.20795371 0.21646081],0,-1,-1,-1,-1
47214,[0.70722541 0.82289014],1,-1,-1,-1,-1
47215,[0.50147563 0.59141912],5,6,"[0.5164739970238864, 0.5319253761973344]",-1,-1
47216,[0.33229455 0.26864126],6,9,"[0.3110394802231661, 0.23517199738277297]",1030,-1
47217,[0.2908648  0.51541228],7,8,"[0.27392971195344684, 0.45973140540928376]",1914,14
47218,[0.28825342 0.34373791],2,5,"[0.23231087327800656, 0.30304944505444303]",1584,-1
47219,[0.24288383 0.33755487],0,5,"[0.23231087327800656, 0.30304944505444303]",-1,-1
47220,[0.66469985 0.68789691],1,-1,-1,-1,-1
47221,[0.28471849 0.55914892],7,7,"[0.2817018170798153, 0.5849768676672948]",1916,13
47222,[0.47937382 0.23145047],6,-1,-1,-1,-1
47223,[0.50107485 0.5359752 ],5,6,"[0.5164739970238864, 0.5319253761973344]",1186,-1
47224,[0.35807577 0.53244612],7,0,"[0.383291892093257, 0.5586820702346661]",-1,-1
47225,[0.21132168 0.27457968],0,5,"[0.23231087327800656, 0.30304944505444303]",1111,-1
47226,[0.31021035 0.54134256],3,7,"[0.2817018170798153, 0.5849768676672948]",1986,-1
47227,[0.30904265 0.40904852],7,8,"[0.27392971195344684, 0.45973140540928376]",928,-1
47228,[0.60759    0.56387373],5,-1,-1,-1,-1
47229,[0.28427389 0.41500338],7,8,"[0.27392971195344684, 0.45973140540928376]",1075,-1
47230,[0.1661911  0.26810281],2,-1,-1,220,-1
47231,[0.32492022 0.55150347],7,7,"[0.2817018170798153, 0.5849768676672948]",-1,17
47232,[0.57550917 0.53610601],5,6,"[0.5164739970238864, 0.5319253761973344]",1400,6
47233,[0.31230047 0.35936223],2,-1,-1,1632,-1
47234,[0.23905642 0.55719996],7,7,"[0.2817018170798153, 0.5849768676672948]",1411,-1
47235,[0.2587002  0.62198607],4,7,"[0.2817018170798153, 0.5849768676672948]",496,-1
47236,[0.77768095 0.7513072 ],1,4,"[0.7726811996944247, 0.7249303226766757]",-1,0
47237,[0.31891185 0.34292332],2,-1,-1,1624,8
47238,[0.27269236 0.44411985],7,8,"[0.27392971195344684, 0.45973140540928376]",1251,-1
47239,[0.67002738 0.81083369],1,-1,-1,-1,-1
47240,[0.35190285 0.31389018],0,1,"[0.3897435781344088, 0.3417040596068965]",1526,-1
47241,[0.3169901  0.48670203],4,8,"[0.27392971195344684, 0.45973140540928376]",1869,-1
47242,[0.36983212 0.55685314],3,0,"[0.383291892093257, 0.5586820702346661]",-1,-1
47243,[0.30723045 0.33914172],2,-1,-1,-1,8
47244,[0.32751993 0.58784979],4,7,"[0.2817018170798153, 0.5849768676672948]",-1,-1
47245,[0.73938222 0.50811532],8,3,"[0.6815204869410737, 0.47689852788858716]",-1,-1
47246,[0.54888825 0.5463397 ],3,6,"[0.5164739970238864, 0.5319253761973344]",1408,-1
47247,[0.20686055 0.53757212],4,-1,-1,-1,-1
47248,[0.61789444 0.56449911],8,-1,-1,910,-1
47249,[0.29862607 0.27293237],2,9,"[0.3110394802231661, 0.23517199738277297]",1509,-1
47250,[0.48260133 0.37466533],6,-1,-1,-1,-1
47251,[0.46857208 0.5267839 ],5,6,"[0.5164739970238864, 0.5319253761973344]",-1,-1
47252,[0.75438038 0.47597167],8,-1,-1,-1,-1
47253,[0.25899877 0.54255379],4,7,"[0.2817018170798153, 0.5849768676672948]",1559,-1
47254,[0.55642944 0.62205057],5,2,"[0.5921204552873188, 0.6383928111301557]",-1,-1
47255,[0.24084792 0.48794551],7,8,"[0.27392971195344684, 0.45973140540928376]",-1,-1
47256,[0.54723375 0.72295657],9,-1,-1,245,-1
47257,[0.23449873 0.3381985 ],2,5,"[0.23231087327800656, 0.30304944505444303]",1522,-1
47258,[0.30052486 0.44757761],7,8,"[0.27392971195344684, 0.45973140540928376]",-1,-1
47259,[0.31145956 0.62979308],4,7,"[0.2817018170798153, 0.5849768676672948]",1297,-1
47260,[0.35053013 0.41583108],2,-1,-1,870,-1
47261,[0.2457441  0.54853606],4,7,"[0.2817018170798153, 0.5849768676672948]",-1,-1
47262,[0.40183301 0.35339653],6,1,"[0.3897435781344088, 0.3417040596068965]",-1,-1
47263,[0.73045698 0.48347673],8,3,"[0.6815204869410737, 0.47689852788858716]",-1,-1
47264,[0.64266871 0.55005565],8,-1,-1,1116,-1
47265,[0.79273973 0.4688316 ],8,-1,-1,-1,-1
47266,[0.43127689 0.49505514],5,-1,-1,-1,-1
47267,[0.25531073 0.51016007],7,8,"[0.27392971195344684, 0.45973140540928376]",1786,-1
47268,[0.45178956 0.26067956],6,-1,-1,-1,-1
47269,[0.51848378 0.57855396],5,6,"[0.5164739970238864, 0.5319253761973344]",1384,-1
47270,[0.66846174 0.54901336],8,-1,-1,670,-1
47271,[0.6859829  0.53938398],8,3,"[0.6815204869410737, 0.47689852788858716]",673,-1
47272,[0.21472883 0.34498672],2,5,"[0.23231087327800656, 0.30304944505444303]",1128,-1
47273,[0.75142077 0.68354304],1,4,"[0.7726811996944247, 0.7249303226766757]",-1,0
47274,[0.29689114 0.35712526],2,-1,-1,1479,-1
47275,[0.22350387 0.33729009],2,5,"[0.23231087327800656, 0.30304944505444303]",-1,-1
47276,[0.25011044 0.27345329],0,5,"[0.23231087327800656, 0.30304944505444303]",1541,-1
47277,[0.24989158 0.49084722],4,8,"[0.27392971195344684, 0.45973140540928376]",1735,-1
47278,[0.35610827 0.59405708],3,0,"[0.383291892093257, 0.5586820702346661]",1828,-1
47279,[0.2523424  0.24845781],0,5,"[0.23231087327800656, 0.30304944505444303]",-1,-1
47280,[0.43184722 0.67979505],3,-1,-1,43,-1
47281,[0.40188868 0.57872819],3,0,"[0.383291892093257, 0.5586820702346661]",-1,-1
47282,[0.33957959 0.57686801],4,0,"[0.383291892093257, 0.5586820702346661]",-1,-1
47283,[0.19215374 0.13998649],0,-1,-1,12,-1
47284,[0.70816271 0.63370464],1,-1,-1,-1,-1
47285,[0.30028435 0.55126804],4,7,"[0.2817018170798153, 0.5849768676672948]",-1,-1
47286,[0.72081573 0.73397023],1,4,"[0.7726811996944247, 0.7249303226766757]",381,0
47287,[0.30897934 0.35884031],2,-1,-1,1632,-1
47288,[0.37500532 0.60637935],4,0,"[0.383291892093257, 0.5586820702346661]",1755,-1
47289,[0.60080247 0.60734004],9,2,"[0.5921204552873188, 0.6383928111301557]",1307,-1
47290,[0.56915888 0.57096826],9,6,"[0.5164739970238864, 0.5319253761973344]",-1,-1
47291,[0.34253172 0.65755694],3,-1,-1,730,-1
47292,[0.36701581 0.26768752],6,9,"[0.3110394802231661, 0.23517199738277297]",1156,-1
47293,[0.32049806 0.54872862],7,7,"[0.2817018170798153, 0.5849768676672948]",1989,17
47294,[0.35516011 0.57667583],4,0,"[0.383291892093257, 0.5586820702346661]",-1,-1
47295,[0.64399607 0.49012164],9,3,"[0.6815204869410737, 0.47689852788858716]",819,1
47296,[0.24450862 0.29051384],2,5,"[0.23231087327800656, 0.30304944505444303]",-1,-1
47297,[0.43885444 0.46766999],3,-1,-1,-1,-1
47298,[0.35202112 0.22190798],0,9,"[0.3110394802231661, 0.23517199738277297]",-1,-1
47299,[0.35209398 0.55260513],3,0,"[0.383291892093257, 0.5586820702346661]",-1,-1
47300,[0.38725473 0.33190218],2,1,"[0.3897435781344088, 0.3417040596068965]",1476,-1
47301,[0.76528915 0.7234013 ],1,4,"[0.7726811996944247, 0.7249303226766757]",469,0
47302,[0.57849913 0.58282845],8,2,"[0.5921204552873188, 0.6383928111301557]",-1,6
47303,[0.31274255 0.59857445],7,7,"[0.2817018170798153, 0.5849768676672948]",-1,-1
47304,[0.21140929 0.23046731],0,-1,-1,898,-1
47305,[0.36246143 0.2790049 ],0,9,"[0.3110394802231661, 0.23517199738277297]",-1,-1
47306,[0.48915559 0.33246615],6,-1,-1,168,-1
47307,[0.3634354  0.54224961],3,0,"[0.383291892093257, 0.5586820702346661]",-1,-1
47308,[0.29865907 0.23510196],0,9,"[0.3110394802231661, 0.23517199738277297]",-1,-1
47309,[0.41880316 0.45798718],3,-1,-1,713,-1
47310,[0.52302592 0.73524675],9,-1,-1,-1,-1
47311,[0.74488491 0.70860997],1,4,"[0.7726811996944247, 0.7249303226766757]",-1,0
47312,[0.5457847  0.46430944],5,-1,-1,-1,-1
47313,[0.37461401 0.53733164],3,0,"[0.383291892093257, 0.5586820702346661]",1807,-1
47314,[0.2108556 0.2891191],2,5,"[0.23231087327800656, 0.30304944505444303]",-1,-1
47315,[0.24600776 0.65495255],3,-1,-1,49,-1
47316,[0.31253816 0.25557707],2,9,"[0.3110394802231661, 0.23517199738277297]",1491,-1
47317,[0.66198995 0.45525649],8,3,"[0.6815204869410737, 0.47689852788858716]",733,-1
47318,[0.19624043 0.29676329],0,5,"[0.23231087327800656, 0.30304944505444303]",933,-1
47319,[0.36383722 0.30932688],6,1,"[0.3897435781344088, 0.3417040596068965]",-1,-1
47320,[0.7224771  0.38066599],8,-1,-1,-1,-1
47321,[0.34937032 0.47503775],7,-1,-1,-1,-1
47322,[0.27139034 0.17285713],0,-1,-1,-1,-1
47323,[0.27251978 0.61602826],4,7,"[0.2817018170798153, 0.5849768676672948]",-1,-1
47324,[0.57900198 0.70003864],9,2,"[0.5921204552873188, 0.6383928111301557]",-1,-1
47325,[0.31488143 0.58897948],4,7,"[0.2817018170798153, 0.5849768676672948]",-1,-1
47326,[0.23523151 0.4287569 ],2,8,"[0.27392971195344684, 0.45973140540928376]",-1,-1
47327,[0.20493658 0.45954103],7,8,"[0.27392971195344684, 0.45973140540928376]",330,-1
47328,[0.24975803 0.22648544],0,9,"[0.3110394802231661, 0.23517199738277297]",985,-1
47329,[0.39484468 0.58679228],5,0,"[0.383291892093257, 0.5586820702346661]",-1,-1
47330,[0.39547143 0.52225715],3,0,"[0.383291892093257, 0.5586820702346661]",-1,-1
47331,[0.53440071 0.57253238],9,6,"[0.5164739970238864, 0.5319253761973344]",-1,-1
47332,[0.34164858 0.56853142],3,0,"[0.383291892093257, 0.5586820702346661]",-1,-1
47333,[0.30721245 0.29948907],2,9,"[0.3110394802231661, 0.23517199738277297]",-1,-1
47334,[0.32982913 0.52020316],3,0,"[0.383291892093257, 0.5586820702346661]",-1,-1
47335,[0.36244465 0.5935326 ],3,0,"[0.383291892093257, 0.5586820702346661]",1836,-1
47336,[0.61893515 0.72553936],9,-1,-1,212,-1
47337,[0.60614733 0.71994407],9,-1,-1,-1,-1
47338,[0.62639718 0.5984092 ],5,2,"[0.5921204552873188, 0.6383928111301557]",-1,-1
47339,[0.16606695 0.28512485],0,5,"[0.23231087327800656, 0.30304944505444303]",-1,-1
47340,[0.51891056 0.48788018],5,6,"[0.5164739970238864, 0.5319253761973344]",-1,-1
47341,[0.6536906  0.69650801],9,-1,-1,489,-1
47342,[0.30334588 0.39343265],2,-1,-1,1067,-1
47343,[0.37456894 0.29897775],6,1,"[0.3897435781344088, 0.3417040596068965]",1454,-1
47344,[0.66501443 0.4812741 ],8,3,"[0.6815204869410737, 0.47689852788858716]",829,1
47345,[0.20105124 0.3184993 ],2,5,"[0.23231087327800656, 0.30304944505444303]",-1,-1
47346,[0.66453398 0.58362976],8,-1,-1,-1,-1
47347,[0.79862193 0.68589902],1,4,"[0.7726811996944247, 0.7249303226766757]",-1,0
47348,[0.35192361 0.56041066],4,0,"[0.383291892093257, 0.5586820702346661]",1956,-1
47349,[0.2557545  0.66723616],4,-1,-1,-1,-1
47350,[0.35759988 0.30302012],6,1,"[0.3897435781344088, 0.3417040596068965]",1537,-1
47351,[0.26025884 0.56082754],4,7,"[0.2817018170798153, 0.5849768676672948]",-1,-1
47352,[0.34258374 0.38207833],6,1,"[0.3897435781344088, 0.3417040596068965]",995,-1
47353,[0.53384632 0.61780694],5,2,"[0.5921204552873188, 0.6383928111301557]",1270,-1
47354,[0.52815216 0.58687952],9,6,"[0.5164739970238864, 0.5319253761973344]",1372,-1
47355,[0.39045641 0.59358533],4,0,"[0.383291892093257, 0.5586820702346661]",-1,-1
47356,[0.19212453 0.48424466],7,-1,-1,-1,-1
47357,[0.34839238 0.57647575],3,0,"[0.383291892093257, 0.5586820702346661]",1842,-1
47358,[0.32581694 0.36084964],6,1,"[0.3897435781344088, 0.3417040596068965]",1485,-1
47359,[0.23992482 0.57150967],7,7,"[0.2817018170798153, 0.5849768676672948]",-1,-1
47360,[0.35298513 0.35690557],6,1,"[0.3897435781344088, 0.3417040596068965]",1261,-1
47361,[0.58782701 0.66120296],9,2,"[0.5921204552873188, 0.6383928111301557]",-1,-1
47362,[0.52954367 0.6122297 ],9,2,"[0.5921204552873188, 0.6383928111301557]",-1,-1
47363,[0.53156075 0.64383611],9,2,"[0.5921204552873188, 0.6383928111301557]",1259,-1
47364,[0.3420198  0.57787947],4,0,"[0.383291892093257, 0.5586820702346661]",-1,-1
47365,[0.32654112 0.51446003],4,-1,-1,-1,15
47366,[0.2752067  0.34188666],0,5,"[0.23231087327800656, 0.30304944505444303]",-1,-1
47367,[0.29872174 0.33976782],2,-1,-1,1619,-1
47368,[0.23031596 0.57320623],7,7,"[0.2817018170798153, 0.5849768676672948]",1358,-1
47369,[0.71998187 0.46564393],8,3,"[0.6815204869410737, 0.47689852788858716]",780,-1
47370,[0.35426582 0.31479018],6,1,"[0.3897435781344088, 0.3417040596068965]",1526,-1
47371,[0.49756578 0.66536031],9,-1,-1,-1,-1
47372,[0.82541712 0.65517436],1,-1,-1,170,0
47373,[0.62193297 0.59626274],9,2,"[0.5921204552873188, 0.6383928111301557]",1210,-1
47374,[0.50152456 0.37698789],6,-1,-1,-1,-1
47375,[0.75894195 0.55355004],1,-1,-1,-1,-1
47376,[0.4239955  0.54661758],4,0,"[0.383291892093257, 0.5586820702346661]",-1,-1
47377,[0.41263104 0.60939466],7,0,"[0.383291892093257, 0.5586820702346661]",-1,-1
47378,[0.28482793 0.56656731],4,7,"[0.2817018170798153, 0.5849768676672948]",1903,-1
47379,[0.28049365 0.24209356],0,9,"[0.3110394802231661, 0.23517199738277297]",1602,-1
47380,[0.34415418 0.61699795],3,-1,-1,1830,-1
47381,[0.31868593 0.57230979],4,7,"[0.2817018170798153, 0.5849768676672948]",-1,-1
47382,[0.77330494 0.48183268],8,-1,-1,-1,-1
47383,[0.36913387 0.5839716 ],7,0,"[0.383291892093257, 0.5586820702346661]",-1,12
47384,[0.63720164 0.51802333],8,3,"[0.6815204869410737, 0.47689852788858716]",861,1
47385,[0.33473977 0.6504141 ],4,-1,-1,900,-1
47386,[0.43612864 0.28792289],6,-1,-1,719,-1
47387,[0.37813648 0.66142278],3,-1,-1,702,-1
47388,[0.41483348 0.4921244 ],7,-1,-1,1058,-1
47389,[0.38241079 0.30549469],6,1,"[0.3897435781344088, 0.3417040596068965]",-1,-1
47390,[0.15173851 0.56749025],4,-1,-1,-1,-1
47391,[0.63812084 0.71444722],9,-1,-1,283,-1
47392,[0.38977466 0.35953013],6,1,"[0.3897435781344088, 0.3417040596068965]",1065,-1
47393,[0.3397486  0.50563363],7,0,"[0.383291892093257, 0.5586820702346661]",1880,-1
47394,[0.72295934 0.77277375],1,4,"[0.7726811996944247, 0.7249303226766757]",315,0
47395,[0.47911935 0.41445617],6,-1,-1,-1,-1
47396,[0.36391245 0.50463841],4,0,"[0.383291892093257, 0.5586820702346661]",1899,-1
47397,[0.40494786 0.51095773],6,0,"[0.383291892093257, 0.5586820702346661]",-1,-1
47398,[0.46585517 0.5563309 ],5,6,"[0.5164739970238864, 0.5319253761973344]",-1,-1
47399,[0.36410933 0.56724151],3,0,"[0.383291892093257, 0.5586820702346661]",-1,12
47400,[0.30964553 0.28421906],0,9,"[0.3110394802231661, 0.23517199738277297]",1614,-1
47401,[0.52040324 0.49879386],5,6,"[0.5164739970238864, 0.5319253761973344]",-1,-1
47402,[0.29302465 0.28080142],0,9,"[0.3110394802231661, 0.23517199738277297]",-1,-1
47403,[0.4322385  0.49325043],7,-1,-1,766,-1
47404,[0.34669101 0.58352921],4,0,"[0.383291892093257, 0.5586820702346661]",1842,-1
47405,[0.40242441 0.4977496 ],3,0,"[0.383291892093257, 0.5586820702346661]",-1,-1
47406,[0.8510392  0.71272557],1,-1,-1,-1,0
47407,[0.41395283 0.61074197],3,0,"[0.383291892093257, 0.5586820702346661]",1473,-1
47408,[0.63086375 0.40459955],8,-1,-1,265,-1
47409,[0.35224583 0.38053583],6,1,"[0.3897435781344088, 0.3417040596068965]",1078,-1
47410,[0.25587706 0.21765034],2,9,"[0.3110394802231661, 0.23517199738277297]",990,-1
47411,[0.70387796 0.78045534],1,-1,-1,225,0
47412,[0.27573187 0.28386698],2,5,"[0.23231087327800656, 0.30304944505444303]",1675,-1
47413,[0.36854638 0.49698903],4,0,"[0.383291892093257, 0.5586820702346661]",1741,-1
47414,[0.67461349 0.46893527],8,3,"[0.6815204869410737, 0.47689852788858716]",804,-1
47415,[0.56725004 0.63346643],9,2,"[0.5921204552873188, 0.6383928111301557]",1286,-1
47416,[0.28239593 0.51129094],7,8,"[0.27392971195344684, 0.45973140540928376]",1835,-1
47417,[0.69854974 0.61676209],9,-1,-1,275,-1
47418,[0.22953488 0.38314983],2,-1,-1,912,-1
47419,[0.36331973 0.50267466],4,0,"[0.383291892093257, 0.5586820702346661]",-1,-1
47420,[0.35454097 0.32558679],6,1,"[0.3897435781344088, 0.3417040596068965]",1407,-1
47421,[0.6817969  0.55228388],9,-1,-1,-1,-1
47422,[0.24508978 0.32400081],0,5,"[0.23231087327800656, 0.30304944505444303]",1503,7
47423,[0.20485183 0.3027102 ],0,5,"[0.23231087327800656, 0.30304944505444303]",685,-1
47424,[0.37561174 0.53952802],7,0,"[0.383291892093257, 0.5586820702346661]",-1,-1
47425,[0.21621906 0.52652406],7,-1,-1,1169,-1
47426,[0.69938437 0.44257315],8,3,"[0.6815204869410737, 0.47689852788858716]",595,-1
47427,[0.3960937  0.24764818],0,-1,-1,-1,-1
47428,[0.24211458 0.27137061],0,5,"[0.23231087327800656, 0.30304944505444303]",1363,-1
47429,[0.28485477 0.64082535],3,7,"[0.2817018170798153, 0.5849768676672948]",738,-1
47430,[0.61276309 0.70049777],9,2,"[0.5921204552873188, 0.6383928111301557]",287,-1
47431,[0.34571488 0.48065276],7,-1,-1,1891,-1
47432,[0.33213735 0.49375996],7,8,"[0.27392971195344684, 0.45973140540928376]",-1,-1
47433,[0.25370332 0.3161612 ],2,5,"[0.23231087327800656, 0.30304944505444303]",-1,-1
47434,[0.28156157 0.24498441],2,9,"[0.3110394802231661, 0.23517199738277297]",-1,-1
47435,[0.17908415 0.25261198],2,-1,-1,-1,-1
47436,[0.71320162 0.4253547 ],8,3,"[0.6815204869410737, 0.47689852788858716]",443,-1
47437,[0.4028827  0.29278524],6,1,"[0.3897435781344088, 0.3417040596068965]",-1,-1
47438,[0.61902127 0.73888003],9,-1,-1,-1,-1
47439,[0.52497362 0.61206698],3,-1,-1,1145,-1
47440,[0.24679137 0.25843496],0,5,"[0.23231087327800656, 0.30304944505444303]",1310,-1
47441,[0.22702338 0.47009571],7,8,"[0.27392971195344684, 0.45973140540928376]",724,-1
47442,[0.48818744 0.6137255 ],9,-1,-1,918,-1
47443,[0.3364224  0.55656362],3,0,"[0.383291892093257, 0.5586820702346661]",-1,-1
47444,[0.34934951 0.52770194],4,0,"[0.383291892093257, 0.5586820702346661]",1947,-1
47445,[0.14069833 0.18418774],0,-1,-1,-1,-1
47446,[0.58802871 0.58286725],5,2,"[0.5921204552873188, 0.6383928111301557]",1325,-1
47447,[0.29668027 0.57083646],3,7,"[0.2817018170798153, 0.5849768676672948]",1837,-1
47448,[0.31807465 0.26031442],2,9,"[0.3110394802231661, 0.23517199738277297]",1491,-1
47449,[0.4069303  0.59558422],4,0,"[0.383291892093257, 0.5586820702346661]",1717,-1
47450,[0.31102041 0.66882537],3,-1,-1,169,-1
47451,[0.27922717 0.46655568],7,8,"[0.27392971195344684, 0.45973140540928376]",1404,-1
47452,[0.50774808 0.61450933],9,-1,-1,1133,-1
47453,[0.22273584 0.47872142],2,8,"[0.27392971195344684, 0.45973140540928376]",1022,-1
47454,[0.54591535 0.60244788],9,2,"[0.5921204552873188, 0.6383928111301557]",-1,-1
47455,[0.36666213 0.51577285],3,0,"[0.383291892093257, 0.5586820702346661]",1900,-1
47456,[0.38067138 0.33267528],6,1,"[0.3897435781344088, 0.3417040596068965]",1476,-1
47457,[0.49924478 0.59378167],5,6,"[0.5164739970238864, 0.5319253761973344]",-1,-1
47458,[0.66417256 0.42005268],8,3,"[0.6815204869410737, 0.47689852788858716]",515,-1
47459,[0.36560784 0.27894813],2,1,"[0.3897435781344088, 0.3417040596068965]",1170,-1
47460,[0.37661126 0.68081913],3,-1,-1,-1,-1
47461,[0.47886881 0.45352213],6,-1,-1,-1,-1
47462,[0.16006043 0.28740113],0,-1,-1,-1,-1
47463,[0.48756247 0.63597777],5,-1,-1,647,-1
47464,[0.28603091 0.55143771],4,7,"[0.2817018170798153, 0.5849768676672948]",1912,-1
47465,[0.66629097 0.589056  ],9,-1,-1,-1,-1
47466,[0.20334954 0.43143516],4,-1,-1,-1,-1
47467,[0.29518304 0.37579444],2,-1,-1,-1,-1
47468,[0.35330908 0.40555113],0,-1,-1,-1,-1
47469,[0.77615576 0.48857156],8,-1,-1,-1,-1
47470,[0.77533733 0.38351477],8,-1,-1,-1,-1
47471,[0.28084361 0.67456651],4,-1,-1,-1,-1
47472,[0.76477268 0.71194758],1,4,"[0.7726811996944247, 0.7249303226766757]",467,0
47473,[0.3179652  0.57057699],3,7,"[0.2817018170798153, 0.5849768676672948]",1973,-1
47474,[0.49251705 0.42826204],5,-1,-1,-1,-1
47475,[0.25560663 0.50633756],4,8,"[0.27392971195344684, 0.45973140540928376]",-1,-1
47476,[0.33717551 0.43992715],6,8,"[0.27392971195344684, 0.45973140540928376]",941,-1
47477,[0.37095073 0.27470547],0,1,"[0.3897435781344088, 0.3417040596068965]",1170,-1
47478,[0.31020676 0.50778086],4,8,"[0.27392971195344684, 0.45973140540928376]",1922,15
47479,[0.57367347 0.70772197],9,-1,-1,512,-1
47480,[0.63156257 0.58898576],9,2,"[0.5921204552873188, 0.6383928111301557]",-1,-1
47481,[0.2963134  0.26514277],2,9,"[0.3110394802231661, 0.23517199738277297]",1496,-1
47482,[0.56755668 0.54133119],5,6,"[0.5164739970238864, 0.5319253761973344]",1401,-1
47483,[0.42277237 0.34246307],6,1,"[0.3897435781344088, 0.3417040596068965]",-1,-1
47484,[0.61945294 0.60226953],8,2,"[0.5921204552873188, 0.6383928111301557]",-1,-1
47485,[0.35241021 0.25773537],6,9,"[0.3110394802231661, 0.23517199738277297]",954,-1
47486,[0.31584919 0.32182157],2,-1,-1,1672,-1
47487,[0.76167782 0.67845087],1,4,"[0.7726811996944247, 0.7249303226766757]",395,0
47488,[0.78905317 0.70511943],1,4,"[0.7726811996944247, 0.7249303226766757]",478,0
47489,[0.33102153 0.41821347],6,-1,-1,917,-1
47490,[0.27433477 0.37820002],2,-1,-1,1105,-1
47491,[0.24148441 0.25642817],0,5,"[0.23231087327800656, 0.30304944505444303]",1320,-1
47492,[0.62246459 0.4216062 ],8,-1,-1,-1,-1
47493,[0.54938374 0.5029641 ],5,6,"[0.5164739970238864, 0.5319253761973344]",792,-1
47494,[0.33873426 0.39343587],7,-1,-1,984,-1
47495,[0.68720371 0.79302492],1,-1,-1,104,-1
47496,[0.32491496 0.51032739],4,-1,-1,1920,-1
47497,[0.24720769 0.38323238],2,-1,-1,1147,-1
47498,[0.56600909 0.64703804],9,2,"[0.5921204552873188, 0.6383928111301557]",1219,-1
47499,[0.26999317 0.30614641],0,5,"[0.23231087327800656, 0.30304944505444303]",1656,-1
47500,[0.71453593 0.56102401],8,-1,-1,-1,-1
47501,[0.34773015 0.46755526],3,-1,-1,-1,-1
47502,[0.27717614 0.14677232],0,-1,-1,-1,-1
47503,[0.31070453 0.24990926],0,9,"[0.3110394802231661, 0.23517199738277297]",1499,-1
47504,[0.21502822 0.54316837],7,-1,-1,644,-1
47505,[0.45241167 0.54547326],4,6,"[0.5164739970238864, 0.5319253761973344]",1289,-1
47506,[0.32317554 0.50190967],3,8,"[0.27392971195344684, 0.45973140540928376]",-1,-1
47507,[0.51788092 0.62755054],5,-1,-1,1143,-1
47508,[0.51315025 0.55410468],5,6,"[0.5164739970238864, 0.5319253761973344]",-1,-1
47509,[0.71256986 0.49844126],8,3,"[0.6815204869410737, 0.47689852788858716]",-1,-1
47510,[0.61151051 0.52926055],8,-1,-1,-1,-1
47511,[0.58900386 0.39445094],8,-1,-1,-1,-1
47512,[0.54108948 0.66490816],9,2,"[0.5921204552873188, 0.6383928111301557]",943,-1
47513,[0.48847935 0.71886282],9,-1,-1,-1,-1
47514,[0.25928479 0.50193548],3,8,"[0.27392971195344684, 0.45973140540928376]",-1,-1
47515,[0.37441879 0.47209409],3,-1,-1,-1,-1
47516,[0.2931839  0.53606552],4,7,"[0.2817018170798153, 0.5849768676672948]",1895,-1
47517,[0.58270362 0.64724549],9,2,"[0.5921204552873188, 0.6383928111301557]",1189,-1
47518,[0.37292416 0.53725132],4,0,"[0.383291892093257, 0.5586820702346661]",1807,-1
47519,[0.38093857 0.66836678],4,-1,-1,702,-1
47520,[0.35320996 0.32479926],2,1,"[0.3897435781344088, 0.3417040596068965]",-1,-1
47521,[0.56228495 0.5922286 ],9,2,"[0.5921204552873188, 0.6383928111301557]",-1,6
47522,[0.43830386 0.54033113],5,0,"[0.383291892093257, 0.5586820702346661]",-1,-1
47523,[0.53318056 0.40223912],5,-1,-1,-1,-1
47524,[0.45361477 0.51073404],3,6,"[0.5164739970238864, 0.5319253761973344]",-1,-1
47525,[0.73928316 0.41815126],8,-1,-1,-1,-1
47526,[0.88117943 0.70822295],1,-1,-1,136,-1
47527,[0.38297649 0.35400316],6,1,"[0.3897435781344088, 0.3417040596068965]",1086,-1
47528,[0.27294588 0.34713115],2,5,"[0.23231087327800656, 0.30304944505444303]",1592,-1
47529,[0.25962526 0.5337284 ],4,7,"[0.2817018170798153, 0.5849768676672948]",1743,-1
47530,[0.62314351 0.72135059],9,-1,-1,212,-1
47531,[0.51979742 0.56698592],5,6,"[0.5164739970238864, 0.5319253761973344]",-1,-1
47532,[0.16612719 0.26688488],0,-1,-1,220,-1
47533,[0.43212601 0.34394579],6,1,"[0.3897435781344088, 0.3417040596068965]",794,-1
47534,[0.61409103 0.59965093],5,2,"[0.5921204552873188, 0.6383928111301557]",-1,6
47535,[0.35815514 0.58545553],4,0,"[0.383291892093257, 0.5586820702346661]",1847,12
47536,[0.54761968 0.63374343],5,2,"[0.5921204552873188, 0.6383928111301557]",-1,-1
47537,[0.30813581 0.51587988],7,8,"[0.27392971195344684, 0.45973140540928376]",1881,-1
47538,[0.7445425  0.52031865],8,-1,-1,-1,-1
47539,[0.68070942 0.65981954],9,-1,-1,-1,-1
47540,[0.67300688 0.57121772],5,-1,-1,542,-1
47541,[0.23936878 0.53157319],7,7,"[0.2817018170798153, 0.5849768676672948]",-1,-1
47542,[0.34686446 0.44233194],3,-1,-1,-1,-1
47543,[0.76633251 0.80585838],1,-1,-1,296,0
47544,[0.53333224 0.50167424],5,6,"[0.5164739970238864, 0.5319253761973344]",1139,-1
47545,[0.40375592 0.27942702],6,1,"[0.3897435781344088, 0.3417040596068965]",-1,-1
47546,[0.22157876 0.28779357],0,5,"[0.23231087327800656, 0.30304944505444303]",1114,-1
47547,[0.25796981 0.52357463],7,8,"[0.27392971195344684, 0.45973140540928376]",1727,-1
47548,[0.83978991 0.74751307],1,-1,-1,-1,0
47549,[0.3991471  0.26635501],0,-1,-1,838,-1
47550,[0.22930944 0.55374675],4,7,"[0.2817018170798153, 0.5849768676672948]",-1,-1
47551,[0.39122025 0.39208002],6,1,"[0.3897435781344088, 0.3417040596068965]",952,-1
47552,[0.32805522 0.27872546],0,9,"[0.3110394802231661, 0.23517199738277297]",1520,-1
47553,[0.3989051  0.13800409],0,-1,-1,-1,-1
47554,[0.29268079 0.63290806],4,7,"[0.2817018170798153, 0.5849768676672948]",-1,-1
47555,[0.24573424 0.46836575],7,8,"[0.27392971195344684, 0.45973140540928376]",1152,-1
47556,[0.42761116 0.46623121],4,-1,-1,609,-1
47557,[0.17441774 0.33722933],2,5,"[0.23231087327800656, 0.30304944505444303]",-1,-1
47558,[0.41596326 0.54906567],7,0,"[0.383291892093257, 0.5586820702346661]",-1,-1
47559,[0.2786086  0.25469968],0,9,"[0.3110394802231661, 0.23517199738277297]",-1,-1
47560,[0.27667134 0.61518503],3,7,"[0.2817018170798153, 0.5849768676672948]",-1,-1
47561,[0.2171959  0.38690455],2,-1,-1,-1,-1
47562,[0.25774684 0.6586172 ],4,-1,-1,-1,-1
47563,[0.30040505 0.34948369],2,-1,-1,-1,-1
47564,[0.27914996 0.58156253],7,7,"[0.2817018170798153, 0.5849768676672948]",-1,-1
47565,[0.59150533 0.61535233],5,2,"[0.5921204552873188, 0.6383928111301557]",1427,6
47566,[0.55895701 0.60972801],9,2,"[0.5921204552873188, 0.6383928111301557]",-1,-1
47567,[0.45311495 0.52370119],3,6,"[0.5164739970238864, 0.5319253761973344]",1302,-1
47568,[0.3393541  0.26780978],0,9,"[0.3110394802231661, 0.23517199738277297]",-1,-1
47569,[0.37613641 0.43281899],5,-1,-1,683,-1
47570,[0.26114632 0.5583022 ],7,7,"[0.2817018170798153, 0.5849768676672948]",-1,-1
47571,[0.29943436 0.27904493],2,9,"[0.3110394802231661, 0.23517199738277297]",-1,-1
47572,[0.23197441 0.54508369],4,7,"[0.2817018170798153, 0.5849768676672948]",-1,-1
47573,[0.35488989 0.5915224 ],4,0,"[0.383291892093257, 0.5586820702346661]",1828,-1
47574,[0.28872035 0.5437274 ],7,7,"[0.2817018170798153, 0.5849768676672948]",1907,-1
47575,[0.38326638 0.69901667],3,-1,-1,-1,-1
47576,[0.67750129 0.53003274],8,3,"[0.6815204869410737, 0.47689852788858716]",673,-1
47577,[0.18896091 0.47282217],7,-1,-1,-1,-1
47578,[0.46529773 0.57969659],3,-1,-1,1232,-1
47579,[0.49574268 0.46272779],5,-1,-1,277,-1
47580,[0.39111292 0.32618678],6,1,"[0.3897435781344088, 0.3417040596068965]",-1,-1
47581,[0.45470184 0.58285258],3,-1,-1,1223,4
47582,[0.578688   0.54557193],9,6,"[0.5164739970238864, 0.5319253761973344]",-1,-1
47583,[0.26031    0.54693813],7,7,"[0.2817018170798153, 0.5849768676672948]",1559,-1
47584,[0.89200678 0.81113584],1,-1,-1,-1,-1
47585,[0.33649656 0.24660524],0,9,"[0.3110394802231661, 0.23517199738277297]",-1,-1
47586,[0.54088898 0.63971852],3,2,"[0.5921204552873188, 0.6383928111301557]",1256,-1
47587,[0.25080864 0.60710971],4,7,"[0.2817018170798153, 0.5849768676672948]",514,-1
47588,[0.30809724 0.54787913],4,7,"[0.2817018170798153, 0.5849768676672948]",1987,17
47589,[0.28875824 0.37123708],2,-1,-1,1092,-1
47590,[0.70420328 0.41663374],8,3,"[0.6815204869410737, 0.47689852788858716]",-1,-1
47591,[0.09395743 0.43143425],7,-1,-1,-1,-1
47592,[0.30359383 0.60056362],3,7,"[0.2817018170798153, 0.5849768676672948]",1820,-1
47593,[0.30581312 0.28312456],0,9,"[0.3110394802231661, 0.23517199738277297]",1614,-1
47594,[0.58392379 0.46869694],5,-1,-1,608,-1
47595,[0.7130408  0.47445307],8,3,"[0.6815204869410737, 0.47689852788858716]",780,-1
47596,[0.3475908  0.52964493],3,0,"[0.383291892093257, 0.5586820702346661]",-1,-1
47597,[0.4479945  0.24538124],6,-1,-1,-1,-1
47598,[0.26041077 0.27653346],2,5,"[0.23231087327800656, 0.30304944505444303]",-1,-1
47599,[0.201129   0.31383707],0,5,"[0.23231087327800656, 0.30304944505444303]",-1,-1
47600,[0.27860289 0.26165094],0,9,"[0.3110394802231661, 0.23517199738277297]",-1,-1
47601,[0.60751696 0.5559607 ],9,-1,-1,1311,-1
47602,[0.20308804 0.23708567],0,-1,-1,898,-1
47603,[0.18066282 0.37472198],2,-1,-1,-1,-1
47604,[0.59477038 0.47988098],9,-1,-1,561,-1
47605,[0.70160194 0.49195717],8,3,"[0.6815204869410737, 0.47689852788858716]",831,2
47606,[0.34406732 0.59064313],7,0,"[0.383291892093257, 0.5586820702346661]",1834,-1
47607,[0.36356564 0.66482825],4,-1,-1,-1,-1
47608,[0.67951305 0.40908935],8,3,"[0.6815204869410737, 0.47689852788858716]",592,-1
47609,[0.53996309 0.5862997 ],5,6,"[0.5164739970238864, 0.5319253761973344]",-1,6
47610,[0.3671027  0.47030958],3,-1,-1,-1,-1
47611,[0.39785978 0.25492676],2,-1,-1,-1,-1
47612,[0.61191728 0.68118575],9,2,"[0.5921204552873188, 0.6383928111301557]",658,-1
47613,[0.79717962 0.65834294],1,-1,-1,328,0
47614,[0.8210857  0.75700453],1,4,"[0.7726811996944247, 0.7249303226766757]",-1,0
47615,[0.74510635 0.28958919],8,-1,-1,-1,-1
47616,[0.51168743 0.33909815],6,-1,-1,-1,-1
47617,[0.50621639 0.54222441],5,6,"[0.5164739970238864, 0.5319253761973344]",1186,3
47618,[0.84021489 0.50617608],8,-1,-1,-1,-1
47619,[0.65706007 0.5796376 ],9,-1,-1,-1,-1
47620,[0.73280915 0.71016696],1,4,"[0.7726811996944247, 0.7249303226766757]",434,0
47621,[0.34195013 0.4443543 ],6,8,"[0.27392971195344684, 0.45973140540928376]",-1,-1
47622,[0.2441873 0.3049685],0,5,"[0.23231087327800656, 0.30304944505444303]",1567,-1
47623,[0.72107053 0.43061628],8,3,"[0.6815204869410737, 0.47689852788858716]",-1,-1
47624,[0.47007068 0.25364499],6,-1,-1,-1,-1
47625,[0.7614447  0.67658695],1,4,"[0.7726811996944247, 0.7249303226766757]",395,0
47626,[0.38172989 0.55236212],3,0,"[0.383291892093257, 0.5586820702346661]",1816,-1
47627,[0.51889012 0.51469021],5,6,"[0.5164739970238864, 0.5319253761973344]",1179,-1
47628,[0.60083769 0.57731997],5,2,"[0.5921204552873188, 0.6383928111301557]",1326,5
47629,[0.26300139 0.52878725],7,7,"[0.2817018170798153, 0.5849768676672948]",-1,-1
47630,[0.34856948 0.5573298 ],3,0,"[0.383291892093257, 0.5586820702346661]",1956,-1
47631,[0.54408727 0.56130109],5,6,"[0.5164739970238864, 0.5319253761973344]",1406,6
47632,[0.53544086 0.45820073],5,-1,-1,-1,-1
47633,[0.23662259 0.53463515],4,7,"[0.2817018170798153, 0.5849768676672948]",-1,-1
47634,[0.35843349 0.52510014],3,0,"[0.383291892093257, 0.5586820702346661]",1929,-1
47635,[0.66125054 0.54294856],8,3,"[0.6815204869410737, 0.47689852788858716]",670,-1
47636,[0.19949051 0.4141548 ],2,-1,-1,-1,-1
47637,[0.52751638 0.51271067],5,6,"[0.5164739970238864, 0.5319253761973344]",-1,-1
47638,[0.28599514 0.33334511],7,5,"[0.23231087327800656, 0.30304944505444303]",-1,-1
47639,[0.38694614 0.27275359],0,1,"[0.3897435781344088, 0.3417040596068965]",-1,-1
47640,[0.30724907 0.21513802],0,9,"[0.3110394802231661, 0.23517199738277297]",1016,-1
47641,[0.45377917 0.54601714],5,6,"[0.5164739970238864, 0.5319253761973344]",1289,-1
47642,[0.28420431 0.57376797],7,7,"[0.2817018170798153, 0.5849768676672948]",-1,-1
47643,[0.75115333 0.7654335 ],1,4,"[0.7726811996944247, 0.7249303226766757]",419,0
47644,[0.2790429  0.49915526],4,8,"[0.27392971195344684, 0.45973140540928376]",-1,-1
47645,[0.53899131 0.42064457],8,-1,-1,-1,-1
47646,[0.4417667  0.29727916],6,1,"[0.3897435781344088, 0.3417040596068965]",-1,-1
47647,[0.60432802 0.42858035],8,-1,-1,284,-1
47648,[0.69543915 0.70961801],1,-1,-1,343,0
47649,[0.45508221 0.30978619],6,-1,-1,524,-1
47650,[0.60779701 0.7084493 ],9,-1,-1,-1,-1
47651,[0.37326054 0.50767771],4,0,"[0.383291892093257, 0.5586820702346661]",-1,-1
47652,[0.46020739 0.72600768],9,-1,-1,-1,-1
47653,[0.46484817 0.44089482],5,-1,-1,179,-1
47654,[0.71156726 0.42143053],8,3,"[0.6815204869410737, 0.47689852788858716]",443,-1
47655,[0.41445464 0.3177366 ],2,1,"[0.3897435781344088, 0.3417040596068965]",911,-1
47656,[0.42571567 0.35636883],6,1,"[0.3897435781344088, 0.3417040596068965]",-1,-1
47657,[0.24164392 0.42514703],4,8,"[0.27392971195344684, 0.45973140540928376]",-1,-1
47658,[0.352377   0.22970774],6,9,"[0.3110394802231661, 0.23517199738277297]",-1,-1
47659,[0.34209029 0.44994775],6,8,"[0.27392971195344684, 0.45973140540928376]",-1,-1
47660,[0.4122189 0.5579361],7,0,"[0.383291892093257, 0.5586820702346661]",1740,-1
47661,[0.40282568 0.58620723],3,0,"[0.383291892093257, 0.5586820702346661]",-1,-1
47662,[0.50315321 0.65959779],5,-1,-1,727,-1
47663,[0.32029975 0.71143818],3,-1,-1,-1,-1
47664,[0.37542658 0.51552095],3,0,"[0.383291892093257, 0.5586820702346661]",-1,-1
47665,[0.24663248 0.33823945],2,5,"[0.23231087327800656, 0.30304944505444303]",-1,-1
47666,[0.38580355 0.52698115],4,0,"[0.383291892093257, 0.5586820702346661]",1777,-1
47667,[0.27404264 0.351064  ],2,5,"[0.23231087327800656, 0.30304944505444303]",1550,-1
47668,[0.39584573 0.59450216],4,0,"[0.383291892093257, 0.5586820702346661]",-1,-1
47669,[0.27428621 0.41026717],2,8,"[0.27392971195344684, 0.45973140540928376]",747,-1
47670,[0.63304215 0.64889488],9,2,"[0.5921204552873188, 0.6383928111301557]",-1,-1
47671,[0.27847066 0.54733373],7,7,"[0.2817018170798153, 0.5849768676672948]",-1,-1
47672,[0.3785673  0.25464862],6,-1,-1,-1,-1
47673,[0.80072051 0.72459425],1,4,"[0.7726811996944247, 0.7249303226766757]",-1,0
47674,[0.70951655 0.41201696],8,-1,-1,-1,-1
47675,[0.42472687 0.60308869],3,0,"[0.383291892093257, 0.5586820702346661]",1574,-1
47676,[0.69405001 0.67925284],9,-1,-1,339,-1
47677,[0.66108676 0.66826232],1,-1,-1,638,-1
47678,[0.24786245 0.56923357],7,7,"[0.2817018170798153, 0.5849768676672948]",-1,-1
47679,[0.3332562  0.58411968],4,7,"[0.2817018170798153, 0.5849768676672948]",-1,-1
47680,[0.18150335 0.17246939],0,-1,-1,71,-1
47681,[0.32509544 0.56777251],3,7,"[0.2817018170798153, 0.5849768676672948]",1976,-1
47682,[0.36610663 0.60923071],3,0,"[0.383291892093257, 0.5586820702346661]",1752,-1
47683,[0.2732855  0.58160142],4,7,"[0.2817018170798153, 0.5849768676672948]",1670,-1
47684,[0.31296016 0.33301913],2,-1,-1,1604,-1
47685,[0.7687696  0.85342804],1,-1,-1,-1,-1
47686,[0.3385399  0.66509771],3,-1,-1,-1,-1
47687,[0.3563037  0.39730035],7,1,"[0.3897435781344088, 0.3417040596068965]",904,-1
47688,[0.19799326 0.16552939],0,-1,-1,99,-1
47689,[0.78393028 0.76407359],1,4,"[0.7726811996944247, 0.7249303226766757]",408,0
47690,[0.57406696 0.49281035],5,6,"[0.5164739970238864, 0.5319253761973344]",847,-1
47691,[0.29248465 0.27180372],0,9,"[0.3110394802231661, 0.23517199738277297]",1495,-1
47692,[0.84353036 0.6928562 ],1,-1,-1,309,0
47693,[0.36029606 0.49381938],3,0,"[0.383291892093257, 0.5586820702346661]",1761,-1
47694,[0.23449313 0.41767222],2,8,"[0.27392971195344684, 0.45973140540928376]",-1,-1
47695,[0.7656002  0.80147734],1,-1,-1,296,0
47696,[0.2678725 0.5630185],7,7,"[0.2817018170798153, 0.5849768676672948]",-1,-1
47697,[0.65689824 0.6397526 ],9,2,"[0.5921204552873188, 0.6383928111301557]",580,-1
47698,[0.2995604  0.60284294],4,7,"[0.2817018170798153, 0.5849768676672948]",1662,-1
47699,[0.66177904 0.58308955],9,-1,-1,-1,-1
47700,[0.40824295 0.63381323],3,-1,-1,1046,-1
47701,[0.6356931  0.42283016],5,-1,-1,-1,-1
47702,[0.39927905 0.32714741],6,1,"[0.3897435781344088, 0.3417040596068965]",-1,-1
47703,[0.38779756 0.58379984],3,0,"[0.383291892093257, 0.5586820702346661]",-1,-1
47704,[0.30847299 0.32748976],2,-1,-1,1677,-1
47705,[0.38238326 0.55404213],3,0,"[0.383291892093257, 0.5586820702346661]",1816,-1
47706,[0.64856947 0.60873355],5,2,"[0.5921204552873188, 0.6383928111301557]",-1,-1
47707,[0.33871649 0.20090624],0,9,"[0.3110394802231661, 0.23517199738277297]",-1,-1
47708,[0.73815512 0.84360887],1,-1,-1,31,-1
47709,[0.17299605 0.2868768 ],2,5,"[0.23231087327800656, 0.30304944505444303]",726,-1
47710,[0.35979372 0.46053943],3,-1,-1,-1,-1
47711,[0.5201981  0.55611339],9,6,"[0.5164739970238864, 0.5319253761973344]",1369,-1
47712,[0.45724445 0.50160099],3,6,"[0.5164739970238864, 0.5319253761973344]",-1,-1
47713,[0.39036705 0.59455628],3,0,"[0.383291892093257, 0.5586820702346661]",-1,-1
47714,[0.62962102 0.59952314],5,2,"[0.5921204552873188, 0.6383928111301557]",-1,-1
47715,[0.29214689 0.60366844],3,7,"[0.2817018170798153, 0.5849768676672948]",1693,-1
47716,[0.26875254 0.54200164],7,7,"[0.2817018170798153, 0.5849768676672948]",1743,-1
47717,[0.32234905 0.48830666],3,8,"[0.27392971195344684, 0.45973140540928376]",-1,-1
47718,[0.67351024 0.48549431],8,3,"[0.6815204869410737, 0.47689852788858716]",-1,-1
47719,[0.38774411 0.59650411],5,0,"[0.383291892093257, 0.5586820702346661]",-1,-1
47720,[0.24845306 0.23967536],0,9,"[0.3110394802231661, 0.23517199738277297]",983,-1
47721,[0.52097835 0.61107495],9,-1,-1,1230,-1
47722,[0.29878897 0.68699373],4,-1,-1,85,-1
47723,[0.74753025 0.73008381],1,4,"[0.7726811996944247, 0.7249303226766757]",424,0
47724,[0.33540036 0.39582258],2,-1,-1,984,-1
47725,[0.2966654  0.25499502],2,9,"[0.3110394802231661, 0.23517199738277297]",-1,-1
47726,[0.37173903 0.68176339],3,-1,-1,-1,-1
47727,[0.7103025  0.62761279],9,-1,-1,234,-1
47728,[0.84305969 0.69876451],1,-1,-1,-1,0
47729,[0.31439585 0.57880021],7,7,"[0.2817018170798153, 0.5849768676672948]",1961,-1
47730,[0.63893727 0.55358675],8,-1,-1,-1,-1
47731,[0.31468696 0.34263068],2,-1,-1,1623,8
47732,[0.49071145 0.53930638],5,6,"[0.5164739970238864, 0.5319253761973344]",-1,-1
47733,[0.60260202 0.58296171],8,2,"[0.5921204552873188, 0.6383928111301557]",1326,5
47734,[0.30890376 0.58157893],3,7,"[0.2817018170798153, 0.5849768676672948]",-1,-1
47735,[0.49164655 0.57825383],5,6,"[0.5164739970238864, 0.5319253761973344]",-1,-1
47736,[0.42413448 0.51404933],3,0,"[0.383291892093257, 0.5586820702346661]",1439,-1
47737,[0.3653363  0.26349589],2,9,"[0.3110394802231661, 0.23517199738277297]",1156,-1
47738,[0.46655746 0.5055826 ],3,6,"[0.5164739970238864, 0.5319253761973344]",753,-1
47739,[0.57054248 0.55525351],5,6,"[0.5164739970238864, 0.5319253761973344]",1362,-1
47740,[0.46747624 0.33415746],6,-1,-1,529,-1
47741,[0.18861221 0.38753854],2,-1,-1,133,-1
47742,[0.32851108 0.53509349],3,0,"[0.383291892093257, 0.5586820702346661]",-1,-1
47743,[0.659419  0.5890904],9,-1,-1,-1,-1
47744,[0.61866671 0.78411392],1,-1,-1,-1,-1
47745,[0.47182627 0.55939784],5,6,"[0.5164739970238864, 0.5319253761973344]",1084,-1
47746,[0.79611875 0.45105345],8,-1,-1,-1,-1
47747,[0.26255855 0.60761648],4,7,"[0.2817018170798153, 0.5849768676672948]",-1,-1
47748,[0.18552396 0.42269384],7,-1,-1,-1,-1
47749,[0.40824362 0.27437039],6,1,"[0.3897435781344088, 0.3417040596068965]",-1,-1
47750,[0.37173878 0.58829501],7,0,"[0.383291892093257, 0.5586820702346661]",1846,12
47751,[0.32072332 0.56814073],4,7,"[0.2817018170798153, 0.5849768676672948]",-1,17
47752,[0.45180424 0.45543479],5,-1,-1,-1,-1
47753,[0.65960346 0.42781494],8,3,"[0.6815204869410737, 0.47689852788858716]",783,-1
47754,[0.48848754 0.70590296],9,-1,-1,-1,-1
47755,[0.22149173 0.23973831],0,5,"[0.23231087327800656, 0.30304944505444303]",-1,-1
47756,[0.53143545 0.53176855],5,6,"[0.5164739970238864, 0.5319253761973344]",-1,-1
47757,[0.7773702  0.73147382],1,4,"[0.7726811996944247, 0.7249303226766757]",470,0
47758,[0.57083935 0.62888172],9,2,"[0.5921204552873188, 0.6383928111301557]",1287,-1
47759,[0.25152279 0.5287764 ],4,7,"[0.2817018170798153, 0.5849768676672948]",-1,-1
47760,[0.28054187 0.29072829],6,5,"[0.23231087327800656, 0.30304944505444303]",1687,11
47761,[0.58289715 0.64630784],9,2,"[0.5921204552873188, 0.6383928111301557]",1189,-1
47762,[0.33043492 0.44299715],7,8,"[0.27392971195344684, 0.45973140540928376]",941,-1
47763,[0.55059961 0.56436806],9,6,"[0.5164739970238864, 0.5319253761973344]",1406,6
47764,[0.54955407 0.44445503],8,-1,-1,-1,-1
47765,[0.28201831 0.33911589],2,5,"[0.23231087327800656, 0.30304944505444303]",-1,-1
47766,[0.30088923 0.54408579],4,7,"[0.2817018170798153, 0.5849768676672948]",-1,-1
47767,[0.28416486 0.28704341],2,5,"[0.23231087327800656, 0.30304944505444303]",1681,-1
47768,[0.29621531 0.6100623 ],3,7,"[0.2817018170798153, 0.5849768676672948]",956,-1
47769,[0.28780653 0.20269545],0,9,"[0.3110394802231661, 0.23517199738277297]",-1,-1
47770,[0.64872114 0.37635935],8,-1,-1,-1,-1
47771,[0.22682572 0.30922604],2,5,"[0.23231087327800656, 0.30304944505444303]",1486,-1
47772,[0.32111887 0.30510537],2,-1,-1,1664,-1
47773,[0.27262915 0.39361377],2,8,"[0.27392971195344684, 0.45973140540928376]",-1,-1
47774,[0.51196425 0.49799409],5,6,"[0.5164739970238864, 0.5319253761973344]",661,-1
47775,[0.68449612 0.54646748],8,3,"[0.6815204869410737, 0.47689852788858716]",673,-1
47776,[0.76438147 0.38707655],8,-1,-1,-1,-1
47777,[0.2524169  0.26991123],6,5,"[0.23231087327800656, 0.30304944505444303]",1539,-1
47778,[0.27586248 0.51849139],4,8,"[0.27392971195344684, 0.45973140540928376]",1887,14
47779,[0.39721411 0.33811766],6,1,"[0.3897435781344088, 0.3417040596068965]",1004,-1
47780,[0.27931603 0.49768435],7,8,"[0.27392971195344684, 0.45973140540928376]",1795,-1
47781,[0.47954051 0.56613809],3,6,"[0.5164739970238864, 0.5319253761973344]",-1,-1
47782,[0.60385126 0.44963039],5,-1,-1,616,-1
47783,[0.28415496 0.34368695],6,5,"[0.23231087327800656, 0.30304944505444303]",1584,-1
47784,[0.28196388 0.34524362],2,5,"[0.23231087327800656, 0.30304944505444303]",-1,-1
47785,[0.26235983 0.34966661],2,5,"[0.23231087327800656, 0.30304944505444303]",1586,-1
47786,[0.82257717 0.7257378 ],1,4,"[0.7726811996944247, 0.7249303226766757]",-1,0
47787,[0.34520765 0.38473852],0,1,"[0.3897435781344088, 0.3417040596068965]",995,-1
47788,[0.4971498  0.72868782],9,-1,-1,-1,-1
47789,[0.44919159 0.69958281],5,-1,-1,-1,-1
47790,[0.29873414 0.47441612],7,8,"[0.27392971195344684, 0.45973140540928376]",1729,-1
47791,[0.20554233 0.28417116],2,5,"[0.23231087327800656, 0.30304944505444303]",-1,-1
47792,[0.35061494 0.30802729],0,1,"[0.3897435781344088, 0.3417040596068965]",-1,-1
47793,[0.63190294 0.44495377],8,3,"[0.6815204869410737, 0.47689852788858716]",-1,-1
47794,[0.21691377 0.28237915],2,5,"[0.23231087327800656, 0.30304944505444303]",1114,-1
47795,[0.25025789 0.2534389 ],0,5,"[0.23231087327800656, 0.30304944505444303]",-1,-1
47796,[0.2365987  0.60974547],4,7,"[0.2817018170798153, 0.5849768676672948]",-1,-1
47797,[0.75141836 0.71466842],1,4,"[0.7726811996944247, 0.7249303226766757]",-1,0
47798,[0.6230062  0.58363516],8,2,"[0.5921204552873188, 0.6383928111301557]",1204,-1
47799,[0.35886845 0.58395525],3,0,"[0.383291892093257, 0.5586820702346661]",1847,12
47800,[0.41969716 0.34471351],6,1,"[0.3897435781344088, 0.3417040596068965]",-1,-1
47801,[0.54354879 0.67140329],9,2,"[0.5921204552873188, 0.6383928111301557]",-1,-1
47802,[0.2147182  0.59270835],4,7,"[0.2817018170798153, 0.5849768676672948]",-1,-1
47803,[0.49590387 0.61504808],5,-1,-1,918,-1
47804,[0.65805154 0.60300065],9,-1,-1,545,-1
47805,[0.26086704 0.31131416],2,5,"[0.23231087327800656, 0.30304944505444303]",-1,-1
47806,[0.3243286  0.37139375],6,-1,-1,-1,-1
47807,[0.3169944  0.44607073],3,8,"[0.27392971195344684, 0.45973140540928376]",1080,-1
47808,[0.26853644 0.49630981],7,8,"[0.27392971195344684, 0.45973140540928376]",1778,-1
47809,[0.26665981 0.28491504],0,5,"[0.23231087327800656, 0.30304944505444303]",1622,-1
47810,[0.55162228 0.69788407],9,-1,-1,-1,-1
47811,[0.27586453 0.56238755],4,7,"[0.2817018170798153, 0.5849768676672948]",-1,13
47812,[0.58058538 0.59202938],9,2,"[0.5921204552873188, 0.6383928111301557]",-1,6
47813,[0.7760082  0.73596471],1,4,"[0.7726811996944247, 0.7249303226766757]",-1,0
47814,[0.55866396 0.66871819],9,2,"[0.5921204552873188, 0.6383928111301557]",-1,-1
47815,[0.62691132 0.74341315],9,-1,-1,135,-1
47816,[0.63902308 0.4466601 ],8,3,"[0.6815204869410737, 0.47689852788858716]",-1,-1
47817,[0.4958068  0.48299046],5,6,"[0.5164739970238864, 0.5319253761973344]",-1,-1
47818,[0.36534987 0.56185195],4,0,"[0.383291892093257, 0.5586820702346661]",1856,12
47819,[0.77431808 0.63313105],1,-1,-1,176,0
47820,[0.46993168 0.53452549],5,6,"[0.5164739970238864, 0.5319253761973344]",-1,-1
47821,[0.38945961 0.47394648],3,-1,-1,582,-1
47822,[0.34441085 0.58377857],4,0,"[0.383291892093257, 0.5586820702346661]",1842,-1
47823,[0.38147439 0.52828247],3,0,"[0.383291892093257, 0.5586820702346661]",1782,-1
47824,[0.25877661 0.60900968],7,7,"[0.2817018170798153, 0.5849768676672948]",-1,-1
47825,[0.78584883 0.81971177],1,-1,-1,-1,0
47826,[0.52955818 0.56101306],5,6,"[0.5164739970238864, 0.5319253761973344]",-1,-1
47827,[0.36743866 0.52395843],4,0,"[0.383291892093257, 0.5586820702346661]",-1,-1
47828,[0.43510688 0.6222607 ],3,-1,-1,-1,-1
47829,[0.61570298 0.57141268],9,-1,-1,1273,-1
47830,[0.360208   0.59947474],7,0,"[0.383291892093257, 0.5586820702346661]",-1,-1
47831,[0.28437622 0.50942866],3,8,"[0.27392971195344684, 0.45973140540928376]",1835,-1
47832,[0.68892042 0.59029048],5,-1,-1,267,-1
47833,[0.32089307 0.60200574],3,7,"[0.2817018170798153, 0.5849768676672948]",1939,-1
47834,[0.58964765 0.60292214],9,2,"[0.5921204552873188, 0.6383928111301557]",-1,-1
47835,[0.18343729 0.26429094],0,5,"[0.23231087327800656, 0.30304944505444303]",-1,-1
47836,[0.54270826 0.60707749],3,2,"[0.5921204552873188, 0.6383928111301557]",-1,-1
47837,[0.71854844 0.66828881],1,-1,-1,357,0
47838,[0.66747945 0.64723008],9,-1,-1,400,-1
47839,[0.25970379 0.65783955],3,-1,-1,-1,-1
47840,[0.37165105 0.63460943],3,-1,-1,784,-1
47841,[0.76778882 0.67715502],1,4,"[0.7726811996944247, 0.7249303226766757]",-1,0
47842,[0.37050881 0.50339634],4,0,"[0.383291892093257, 0.5586820702346661]",-1,-1
47843,[0.31525253 0.26452893],0,9,"[0.3110394802231661, 0.23517199738277297]",1508,-1
47844,[0.48682569 0.56755607],5,6,"[0.5164739970238864, 0.5319253761973344]",1378,-1
47845,[0.27483962 0.52118917],4,8,"[0.27392971195344684, 0.45973140540928376]",1887,-1
47846,[0.79252371 0.72799831],1,4,"[0.7726811996944247, 0.7249303226766757]",-1,0
47847,[0.28879706 0.51017058],4,8,"[0.27392971195344684, 0.45973140540928376]",1913,-1
47848,[0.22821427 0.56195002],7,7,"[0.2817018170798153, 0.5849768676672948]",-1,-1
47849,[0.34705801 0.59835772],7,0,"[0.383291892093257, 0.5586820702346661]",1833,-1
47850,[0.82824358 0.69952453],1,4,"[0.7726811996944247, 0.7249303226766757]",-1,0
47851,[0.75997827 0.78104134],1,4,"[0.7726811996944247, 0.7249303226766757]",-1,0
47852,[0.31272961 0.3183231 ],2,-1,-1,1672,-1
47853,[0.22329872 0.26353524],2,5,"[0.23231087327800656, 0.30304944505444303]",-1,-1
47854,[0.41915389 0.59893562],4,0,"[0.383291892093257, 0.5586820702346661]",-1,-1
47855,[0.5200328  0.63731587],9,-1,-1,-1,-1
47856,[0.30723986 0.26145557],2,9,"[0.3110394802231661, 0.23517199738277297]",-1,-1
47857,[0.2442979  0.25346887],0,5,"[0.23231087327800656, 0.30304944505444303]",1320,-1
47858,[0.69997743 0.46535617],8,3,"[0.6815204869410737, 0.47689852788858716]",-1,-1
47859,[0.25078924 0.62792858],7,7,"[0.2817018170798153, 0.5849768676672948]",348,-1
47860,[0.7598011  0.77571459],1,4,"[0.7726811996944247, 0.7249303226766757]",371,0
47861,[0.32272351 0.54638097],3,7,"[0.2817018170798153, 0.5849768676672948]",1989,-1
47862,[0.26281477 0.39175928],2,8,"[0.27392971195344684, 0.45973140540928376]",945,-1
47863,[0.23157096 0.18347147],0,-1,-1,-1,-1
47864,[0.33279297 0.54871227],4,0,"[0.383291892093257, 0.5586820702346661]",1960,17
47865,[0.34148469 0.50811165],3,0,"[0.383291892093257, 0.5586820702346661]",1880,-1
47866,[0.28794814 0.51319596],7,8,"[0.27392971195344684, 0.45973140540928376]",1914,14
47867,[0.61913008 0.6857718 ],9,2,"[0.5921204552873188, 0.6383928111301557]",-1,-1
47868,[0.64471952 0.41630877],8,-1,-1,-1,-1
47869,[0.2014383  0.43133624],2,-1,-1,194,-1
47870,[0.77969241 0.59101972],8,-1,-1,-1,-1
47871,[0.63766679 0.49667173],8,3,"[0.6815204869410737, 0.47689852788858716]",-1,1
47872,[0.53522123 0.62983249],9,2,"[0.5921204552873188, 0.6383928111301557]",1141,-1
47873,[0.34708861 0.55765973],4,0,"[0.383291892093257, 0.5586820702346661]",1956,-1
47874,[0.77541771 0.74759079],1,4,"[0.7726811996944247, 0.7249303226766757]",-1,0
47875,[0.65670643 0.68794576],9,-1,-1,-1,-1
47876,[0.27059791 0.53426071],4,7,"[0.2817018170798153, 0.5849768676672948]",-1,-1
47877,[0.71886075 0.6458028 ],1,-1,-1,237,0
47878,[0.28829155 0.59906027],4,7,"[0.2817018170798153, 0.5849768676672948]",1693,-1
47879,[0.29240738 0.44237911],4,8,"[0.27392971195344684, 0.45973140540928376]",1240,-1
47880,[0.29895726 0.49216199],4,8,"[0.27392971195344684, 0.45973140540928376]",-1,-1
47881,[0.3276758  0.25843414],0,9,"[0.3110394802231661, 0.23517199738277297]",1484,-1
47882,[0.28841003 0.26059947],0,9,"[0.3110394802231661, 0.23517199738277297]",1609,-1
47883,[0.38624745 0.53947612],3,0,"[0.383291892093257, 0.5586820702346661]",-1,-1
47884,[0.63105803 0.47161987],8,3,"[0.6815204869410737, 0.47689852788858716]",623,-1
47885,[0.47473059 0.51659753],5,6,"[0.5164739970238864, 0.5319253761973344]",1002,-1
47886,[0.21252305 0.25815144],0,5,"[0.23231087327800656, 0.30304944505444303]",-1,-1
47887,[0.29279897 0.26651209],2,9,"[0.3110394802231661, 0.23517199738277297]",1496,-1
47888,[0.64710569 0.46935432],8,3,"[0.6815204869410737, 0.47689852788858716]",824,1
47889,[0.37323764 0.38308953],6,1,"[0.3897435781344088, 0.3417040596068965]",-1,-1
47890,[0.4909641  0.37915945],6,-1,-1,200,-1
47891,[0.63406961 0.58266015],8,2,"[0.5921204552873188, 0.6383928111301557]",1190,-1
47892,[0.71339145 0.47653925],8,3,"[0.6815204869410737, 0.47689852788858716]",-1,-1
47893,[0.53902746 0.54105869],5,6,"[0.5164739970238864, 0.5319253761973344]",-1,-1
47894,[0.3405921  0.61146429],4,7,"[0.2817018170798153, 0.5849768676672948]",-1,-1
47895,[0.37170476 0.55256822],4,0,"[0.383291892093257, 0.5586820702346661]",-1,-1
47896,[0.31682139 0.65230148],4,-1,-1,-1,-1
47897,[0.82327313 0.68421623],1,4,"[0.7726811996944247, 0.7249303226766757]",361,0
47898,[0.68369378 0.53306669],8,3,"[0.6815204869410737, 0.47689852788858716]",673,-1
47899,[0.84123819 0.68595161],1,-1,-1,308,0
47900,[0.78418002 0.6146026 ],1,-1,-1,-1,-1
47901,[0.37549692 0.44196305],7,-1,-1,-1,-1
47902,[0.24281278 0.54045321],4,7,"[0.2817018170798153, 0.5849768676672948]",1480,-1
47903,[0.21588596 0.26475411],0,5,"[0.23231087327800656, 0.30304944505444303]",-1,-1
47904,[0.53583829 0.64705091],9,2,"[0.5921204552873188, 0.6383928111301557]",1259,-1
47905,[0.86400046 0.76401223],1,-1,-1,-1,-1
47906,[0.33250107 0.5366002 ],3,0,"[0.383291892093257, 0.5586820702346661]",-1,-1
47907,[0.31907137 0.51272793],7,8,"[0.27392971195344684, 0.45973140540928376]",1923,15
47908,[0.54526871 0.47236913],5,6,"[0.5164739970238864, 0.5319253761973344]",-1,-1
47909,[0.5541921  0.54961744],5,6,"[0.5164739970238864, 0.5319253761973344]",-1,6
47910,[0.44037337 0.41351347],7,-1,-1,-1,-1
47911,[0.34879941 0.66787051],4,-1,-1,298,-1
47912,[0.52545443 0.63144367],5,2,"[0.5921204552873188, 0.6383928111301557]",-1,-1
47913,[0.39381114 0.70030811],4,-1,-1,-1,-1
47914,[0.35546413 0.54012942],7,0,"[0.383291892093257, 0.5586820702346661]",-1,-1
47915,[0.28464197 0.19409713],0,9,"[0.3110394802231661, 0.23517199738277297]",-1,-1
47916,[0.30609153 0.31362452],2,-1,-1,1648,-1
47917,[0.21381415 0.24484167],0,5,"[0.23231087327800656, 0.30304944505444303]",895,-1
47918,[0.57132859 0.66163649],9,2,"[0.5921204552873188, 0.6383928111301557]",-1,-1
47919,[0.30561692 0.32940502],6,-1,-1,-1,-1
47920,[0.70664306 0.61009061],8,-1,-1,-1,-1
47921,[0.27147152 0.31357523],2,5,"[0.23231087327800656, 0.30304944505444303]",1585,-1
47922,[0.33260981 0.26748137],2,9,"[0.3110394802231661, 0.23517199738277297]",1030,-1
47923,[0.52569328 0.66290637],9,-1,-1,920,-1
47924,[0.62573325 0.61594861],5,2,"[0.5921204552873188, 0.6383928111301557]",740,-1
47925,[0.2102489  0.41185354],7,-1,-1,202,-1
47926,[0.38338547 0.66409723],4,-1,-1,-1,-1
47927,[0.3065204  0.61242098],4,7,"[0.2817018170798153, 0.5849768676672948]",1762,-1
47928,[0.29315935 0.50334381],4,8,"[0.27392971195344684, 0.45973140540928376]",-1,-1
47929,[0.87170493 0.81038993],1,-1,-1,-1,-1
47930,[0.37554957 0.41055316],2,-1,-1,723,-1
47931,[0.55621232 0.55462676],5,6,"[0.5164739970238864, 0.5319253761973344]",1403,-1
47932,[0.67718821 0.48781242],8,3,"[0.6815204869410737, 0.47689852788858716]",787,-1
47933,[0.2242909  0.18566672],0,-1,-1,375,-1
47934,[0.31653209 0.58818217],3,7,"[0.2817018170798153, 0.5849768676672948]",1967,-1
47935,[0.31705906 0.47986113],7,8,"[0.27392971195344684, 0.45973140540928376]",1756,-1
47936,[0.45349038 0.56380111],7,-1,-1,1276,-1
47937,[0.5046094  0.30369916],6,-1,-1,-1,-1
47938,[0.3663296  0.41640836],3,-1,-1,721,-1
47939,[0.57100796 0.48540935],8,-1,-1,848,-1
47940,[0.2545563  0.50969124],4,8,"[0.27392971195344684, 0.45973140540928376]",1786,-1
47941,[0.44880853 0.59370596],4,-1,-1,1238,4
47942,[0.20498507 0.31204064],2,5,"[0.23231087327800656, 0.30304944505444303]",-1,-1
47943,[0.21171461 0.51515606],7,-1,-1,-1,-1
47944,[0.664969   0.48126426],5,3,"[0.6815204869410737, 0.47689852788858716]",829,1
47945,[0.60698454 0.5160226 ],5,-1,-1,1102,-1
47946,[0.58105175 0.47519791],5,-1,-1,772,-1
47947,[0.57722838 0.53371782],9,6,"[0.5164739970238864, 0.5319253761973344]",1400,6
47948,[0.35485445 0.60494802],3,0,"[0.383291892093257, 0.5586820702346661]",-1,-1
47949,[0.65613487 0.4293541 ],8,3,"[0.6815204869410737, 0.47689852788858716]",783,-1
47950,[0.36255635 0.57437427],3,0,"[0.383291892093257, 0.5586820702346661]",-1,-1
47951,[0.72676411 0.4696943 ],8,3,"[0.6815204869410737, 0.47689852788858716]",779,-1
47952,[0.26655958 0.330513  ],7,5,"[0.23231087327800656, 0.30304944505444303]",1601,-1
47953,[0.57924952 0.57630593],5,2,"[0.5921204552873188, 0.6383928111301557]",-1,6
47954,[0.71913607 0.37138954],8,-1,-1,51,-1
47955,[0.2547692  0.55107742],3,7,"[0.2817018170798153, 0.5849768676672948]",-1,-1
47956,[0.73858907 0.70155722],1,4,"[0.7726811996944247, 0.7249303226766757]",437,0
47957,[0.62171059 0.47318534],8,3,"[0.6815204869410737, 0.47689852788858716]",627,-1
47958,[0.19454182 0.30058138],2,5,"[0.23231087327800656, 0.30304944505444303]",743,-1
47959,[0.61131791 0.44368521],8,-1,-1,-1,-1
47960,[0.31124034 0.54902938],7,7,"[0.2817018170798153, 0.5849768676672948]",-1,17
47961,[0.2774055  0.32013136],6,5,"[0.23231087327800656, 0.30304944505444303]",1585,9
47962,[0.32645398 0.26593484],2,9,"[0.3110394802231661, 0.23517199738277297]",-1,-1
47963,[0.31022007 0.30265696],2,9,"[0.3110394802231661, 0.23517199738277297]",-1,-1
47964,[0.28750766 0.28581738],0,9,"[0.3110394802231661, 0.23517199738277297]",1665,-1
47965,[0.47866075 0.48466058],3,6,"[0.5164739970238864, 0.5319253761973344]",-1,-1
47966,[0.45017952 0.56158675],3,0,"[0.383291892093257, 0.5586820702346661]",1276,-1
47967,[0.47498555 0.66329201],5,-1,-1,551,-1
47968,[0.66447414 0.66032667],9,-1,-1,636,-1
47969,[0.31199404 0.49879484],4,8,"[0.27392971195344684, 0.45973140540928376]",1822,-1
47970,[0.25602017 0.31974406],2,5,"[0.23231087327800656, 0.30304944505444303]",1501,-1
47971,[0.55570767 0.52456408],8,6,"[0.5164739970238864, 0.5319253761973344]",1390,-1
47972,[0.66158242 0.53009562],8,3,"[0.6815204869410737, 0.47689852788858716]",669,-1
47973,[0.70269061 0.74946576],1,-1,-1,319,0
47974,[0.59634398 0.6550368 ],9,2,"[0.5921204552873188, 0.6383928111301557]",1125,-1
47975,[0.41055784 0.25393448],6,-1,-1,610,-1
47976,[0.48697277 0.57897963],5,6,"[0.5164739970238864, 0.5319253761973344]",-1,-1
47977,[0.64765947 0.70009092],1,-1,-1,489,-1
47978,[0.24643295 0.26842981],0,5,"[0.23231087327800656, 0.30304944505444303]",-1,-1
47979,[0.59960182 0.57666565],9,2,"[0.5921204552873188, 0.6383928111301557]",1326,5
47980,[0.29324159 0.33183648],0,5,"[0.23231087327800656, 0.30304944505444303]",1591,-1
47981,[0.38107674 0.38114769],6,1,"[0.3897435781344088, 0.3417040596068965]",1006,-1
47982,[0.1956983  0.30223698],0,5,"[0.23231087327800656, 0.30304944505444303]",-1,-1
47983,[0.54190601 0.49833403],8,6,"[0.5164739970238864, 0.5319253761973344]",-1,-1
47984,[0.25947421 0.29074944],2,5,"[0.23231087327800656, 0.30304944505444303]",1645,-1
47985,[0.82152461 0.78438144],1,-1,-1,-1,0
47986,[0.59590161 0.71442299],9,-1,-1,423,-1
47987,[0.31055403 0.58565418],3,7,"[0.2817018170798153, 0.5849768676672948]",1967,-1
47988,[0.51791333 0.62092282],9,-1,-1,1143,-1
47989,[0.37497882 0.33622374],6,1,"[0.3897435781344088, 0.3417040596068965]",-1,-1
47990,[0.67002142 0.44559801],8,3,"[0.6815204869410737, 0.47689852788858716]",-1,-1
47991,[0.76052205 0.6538    ],1,-1,-1,325,0
47992,[0.3056808  0.59882808],3,7,"[0.2817018170798153, 0.5849768676672948]",1820,-1
47993,[0.63558617 0.63452466],9,2,"[0.5921204552873188, 0.6383928111301557]",1161,-1
47994,[0.33171096 0.59520715],3,7,"[0.2817018170798153, 0.5849768676672948]",-1,-1
47995,[0.32672385 0.39485825],2,-1,-1,1215,-1
47996,[0.24543769 0.59776879],7,7,"[0.2817018170798153, 0.5849768676672948]",-1,-1
47997,[0.18523798 0.3378734 ],0,5,"[0.23231087327800656, 0.30304944505444303]",764,-1
47998,[0.43234223 0.26296476],0,-1,-1,532,-1
47999,[0.71053095 0.4325191 ],8,3,"[0.6815204869410737, 0.47689852788858716]",538,-1
48000,[0.41648924 0.50786303],3,0,"[0.383291892093257, 0.5586820702346661]",-1,-1
48001,[0.34915744 0.35034247],6,1,"[0.3897435781344088, 0.3417040596068965]",1352,-1
48002,[0.51582943 0.62862668],9,-1,-1,1143,-1
48003,[0.19557049 0.39127794],0,-1,-1,-1,-1
48004,[0.29095335 0.37090013],6,-1,-1,1092,-1
48005,[0.41350198 0.37449781],2,1,"[0.3897435781344088, 0.3417040596068965]",-1,-1
48006,[0.38016222 0.38457482],6,1,"[0.3897435781344088, 0.3417040596068965]",1006,-1
48007,[0.50549684 0.48524884],5,6,"[0.5164739970238864, 0.5319253761973344]",605,-1
48008,[0.30004037 0.30242473],2,5,"[0.23231087327800656, 0.30304944505444303]",1691,-1
48009,[0.34515713 0.5133577 ],7,0,"[0.383291892093257, 0.5586820702346661]",1927,-1
48010,[0.29541939 0.58449414],7,7,"[0.2817018170798153, 0.5849768676672948]",-1,-1
48011,[0.15109152 0.26466762],0,-1,-1,126,-1
48012,[0.27578846 0.25037636],0,9,"[0.3110394802231661, 0.23517199738277297]",-1,-1
48013,[0.30840046 0.53265197],7,7,"[0.2817018170798153, 0.5849768676672948]",-1,-1
48014,[0.34988263 0.31089345],2,1,"[0.3897435781344088, 0.3417040596068965]",-1,-1
48015,[0.2027653  0.25935154],0,5,"[0.23231087327800656, 0.30304944505444303]",1012,-1
48016,[0.81460892 0.78524279],1,-1,-1,-1,0
48017,[0.28515716 0.20727714],0,9,"[0.3110394802231661, 0.23517199738277297]",-1,-1
48018,[0.18704017 0.54596602],4,-1,-1,-1,-1
48019,[0.40459071 0.55042716],4,0,"[0.383291892093257, 0.5586820702346661]",-1,-1
48020,[0.71159802 0.44028055],8,3,"[0.6815204869410737, 0.47689852788858716]",-1,-1
48021,[0.46723026 0.6400045 ],5,-1,-1,491,-1
48022,[0.38161201 0.60394084],3,0,"[0.383291892093257, 0.5586820702346661]",-1,-1
48023,[0.2120772  0.52497703],7,-1,-1,-1,-1
48024,[0.70210782 0.71019061],1,-1,-1,-1,0
48025,[0.55325469 0.59311959],5,2,"[0.5921204552873188, 0.6383928111301557]",-1,6
48026,[0.32101959 0.25358915],6,9,"[0.3110394802231661, 0.23517199738277297]",-1,-1
48027,[0.41419547 0.5064046 ],4,0,"[0.383291892093257, 0.5586820702346661]",1438,-1
48028,[0.70655985 0.62699435],1,-1,-1,234,-1
48029,[0.47188677 0.50128186],5,6,"[0.5164739970238864, 0.5319253761973344]",-1,-1
48030,[0.29836292 0.47658838],4,8,"[0.27392971195344684, 0.45973140540928376]",1729,-1
48031,[0.27535299 0.37740463],0,-1,-1,-1,-1
48032,[0.74587063 0.43393915],8,-1,-1,-1,-1
48033,[0.3999948  0.62978817],3,-1,-1,751,-1
48034,[0.63967136 0.3788351 ],8,-1,-1,-1,-1
48035,[0.31779594 0.59562012],7,7,"[0.2817018170798153, 0.5849768676672948]",-1,-1
48036,[0.37631183 0.39901879],7,1,"[0.3897435781344088, 0.3417040596068965]",722,-1
48037,[0.32884916 0.54824391],3,0,"[0.383291892093257, 0.5586820702346661]",1960,-1
48038,[0.59297683 0.55381737],5,-1,-1,-1,-1
48039,[0.46928547 0.34455802],6,-1,-1,-1,-1
48040,[0.33796233 0.58943869],4,0,"[0.383291892093257, 0.5586820702346661]",-1,-1
48041,[0.71178313 0.45884347],8,3,"[0.6815204869410737, 0.47689852788858716]",717,-1
48042,[0.28568484 0.47557939],4,8,"[0.27392971195344684, 0.45973140540928376]",1799,-1
48043,[0.25638191 0.30154769],2,5,"[0.23231087327800656, 0.30304944505444303]",-1,-1
48044,[0.70306146 0.66493657],1,-1,-1,414,0
48045,[0.34489293 0.75434891],3,-1,-1,-1,-1
48046,[0.63926528 0.64245636],9,2,"[0.5921204552873188, 0.6383928111301557]",-1,-1
48047,[0.53283422 0.55072412],5,6,"[0.5164739970238864, 0.5319253761973344]",1359,-1
48048,[0.57737982 0.6863956 ],9,2,"[0.5921204552873188, 0.6383928111301557]",915,-1
48049,[0.41058388 0.3693041 ],6,1,"[0.3897435781344088, 0.3417040596068965]",-1,-1
48050,[0.53654062 0.64974309],9,2,"[0.5921204552873188, 0.6383928111301557]",-1,-1
48051,[0.22851291 0.57257722],4,7,"[0.2817018170798153, 0.5849768676672948]",-1,-1
48052,[0.36378833 0.30274383],6,1,"[0.3897435781344088, 0.3417040596068965]",1543,-1
48053,[0.27102349 0.58220661],3,7,"[0.2817018170798153, 0.5849768676672948]",1670,-1
48054,[0.4319044  0.47115256],7,-1,-1,-1,-1
48055,[0.79685756 0.65063204],1,-1,-1,-1,0
48056,[0.72061325 0.50410713],8,3,"[0.6815204869410737, 0.47689852788858716]",-1,-1
48057,[0.24977881 0.49062703],7,8,"[0.27392971195344684, 0.45973140540928376]",1735,-1
48058,[0.42558361 0.37715662],6,1,"[0.3897435781344088, 0.3417040596068965]",681,-1
48059,[0.22733232 0.48843474],7,8,"[0.27392971195344684, 0.45973140540928376]",-1,-1
48060,[0.50071996 0.49207183],5,6,"[0.5164739970238864, 0.5319253761973344]",605,-1
48061,[0.93529503 0.77806158],1,-1,-1,-1,-1
48062,[0.74653232 0.63809212],1,-1,-1,209,0
48063,[0.24532742 0.58060044],7,7,"[0.2817018170798153, 0.5849768676672948]",1563,-1
48064,[0.66064755 0.45448193],8,3,"[0.6815204869410737, 0.47689852788858716]",733,-1
48065,[0.24738095 0.27115414],2,5,"[0.23231087327800656, 0.30304944505444303]",-1,-1
48066,[0.55389456 0.60826239],5,2,"[0.5921204552873188, 0.6383928111301557]",1341,-1
48067,[0.50573846 0.54480596],5,6,"[0.5164739970238864, 0.5319253761973344]",1186,3
48068,[0.52084946 0.53152058],5,6,"[0.5164739970238864, 0.5319253761973344]",1177,3
48069,[0.46583999 0.59149135],5,-1,-1,1235,4
48070,[0.23557087 0.39195423],2,-1,-1,912,-1
48071,[0.50716793 0.56231006],5,6,"[0.5164739970238864, 0.5319253761973344]",-1,-1
48072,[0.32959464 0.28965211],2,9,"[0.3110394802231661, 0.23517199738277297]",-1,-1
48073,[0.5406702  0.55213431],5,6,"[0.5164739970238864, 0.5319253761973344]",1406,6
48074,[0.28601431 0.30163153],2,5,"[0.23231087327800656, 0.30304944505444303]",1578,-1
48075,[0.29219217 0.35414072],2,-1,-1,1479,-1
48076,[0.21177748 0.47118062],7,8,"[0.27392971195344684, 0.45973140540928376]",-1,-1
48077,[0.33685083 0.29114058],6,9,"[0.3110394802231661, 0.23517199738277297]",1651,-1
48078,[0.75807465 0.79426614],1,-1,-1,340,0
48079,[0.15594694 0.33256752],2,-1,-1,108,-1
48080,[0.23813537 0.49165618],7,8,"[0.27392971195344684, 0.45973140540928376]",1280,-1
48081,[0.58562537 0.51314829],9,-1,-1,-1,-1
48082,[0.36854393 0.35103671],6,1,"[0.3897435781344088, 0.3417040596068965]",-1,-1
48083,[0.46618798 0.21016074],6,-1,-1,-1,-1
48084,[0.86185591 0.88906244],1,-1,-1,-1,-1
48085,[0.26769106 0.4303931 ],4,8,"[0.27392971195344684, 0.45973140540928376]",1175,-1
48086,[0.3429568 0.6194353],3,-1,-1,-1,-1
48087,[0.43672737 0.57243459],3,0,"[0.383291892093257, 0.5586820702346661]",1164,-1
48088,[0.28461467 0.55923355],3,7,"[0.2817018170798153, 0.5849768676672948]",1916,13
48089,[0.35331563 0.55071465],3,0,"[0.383291892093257, 0.5586820702346661]",-1,-1
48090,[0.34951574 0.52208604],4,0,"[0.383291892093257, 0.5586820702346661]",-1,-1
48091,[0.31997636 0.20999729],2,9,"[0.3110394802231661, 0.23517199738277297]",-1,-1
48092,[0.83767245 0.79014083],1,-1,-1,-1,0
48093,[0.38852844 0.63509013],4,-1,-1,-1,-1
48094,[0.30171941 0.54710114],7,7,"[0.2817018170798153, 0.5849768676672948]",-1,-1
48095,[0.31877097 0.31806525],6,-1,-1,1673,10
48096,[0.58363419 0.56868997],8,-1,-1,1445,-1
48097,[0.28366107 0.31107089],0,5,"[0.23231087327800656, 0.30304944505444303]",-1,-1
48098,[0.42449152 0.28252585],6,1,"[0.3897435781344088, 0.3417040596068965]",-1,-1
48099,[0.39382989 0.6319018 ],3,-1,-1,751,-1
48100,[0.48377962 0.60818988],5,-1,-1,737,-1
48101,[0.21113385 0.46299543],7,8,"[0.27392971195344684, 0.45973140540928376]",331,-1
48102,[0.34961972 0.31151948],0,1,"[0.3897435781344088, 0.3417040596068965]",-1,-1
48103,[0.33881442 0.52545226],3,0,"[0.383291892093257, 0.5586820702346661]",-1,-1
48104,[0.40021761 0.62011613],3,0,"[0.383291892093257, 0.5586820702346661]",1577,-1
48105,[0.33946897 0.5157924 ],7,0,"[0.383291892093257, 0.5586820702346661]",1880,-1
48106,[0.43503914 0.6028263 ],5,0,"[0.383291892093257, 0.5586820702346661]",-1,-1
48107,[0.79622142 0.65763051],1,-1,-1,328,0
48108,[0.47314352 0.4524136 ],5,-1,-1,-1,-1
48109,[0.27120853 0.22663876],0,9,"[0.3110394802231661, 0.23517199738277297]",-1,-1
48110,[0.2076517  0.27217454],0,5,"[0.23231087327800656, 0.30304944505444303]",1111,-1
48111,[0.77017577 0.39099954],8,-1,-1,-1,-1
48112,[0.53080346 0.54948672],5,6,"[0.5164739970238864, 0.5319253761973344]",-1,-1
48113,[0.74908266 0.48122471],8,3,"[0.6815204869410737, 0.47689852788858716]",-1,-1
48114,[0.63626956 0.53455305],5,-1,-1,-1,-1
48115,[0.34297299 0.54146921],4,0,"[0.383291892093257, 0.5586820702346661]",-1,16
48116,[0.69078497 0.38741283],8,-1,-1,217,-1
48117,[0.21049153 0.20794669],0,-1,-1,244,-1
48118,[0.38556104 0.65496624],3,-1,-1,536,-1
48119,[0.56733678 0.6710286 ],9,2,"[0.5921204552873188, 0.6383928111301557]",1033,-1
48120,[0.5249625  0.67580273],9,-1,-1,-1,-1
48121,[0.25181148 0.42020308],6,8,"[0.27392971195344684, 0.45973140540928376]",700,-1
48122,[0.688998   0.59958382],8,-1,-1,267,-1
48123,[0.7093129  0.51972929],8,3,"[0.6815204869410737, 0.47689852788858716]",569,-1
48124,[0.6890806  0.66669471],1,-1,-1,-1,0
48125,[0.59904635 0.5880681 ],5,2,"[0.5921204552873188, 0.6383928111301557]",1326,-1
48126,[0.46071887 0.57811747],5,-1,-1,1232,4
48127,[0.29419251 0.60199193],3,7,"[0.2817018170798153, 0.5849768676672948]",1693,-1
48128,[0.24657434 0.48759557],0,8,"[0.27392971195344684, 0.45973140540928376]",1710,-1
48129,[0.69179482 0.44749499],8,3,"[0.6815204869410737, 0.47689852788858716]",-1,-1
48130,[0.38221184 0.40659983],2,1,"[0.3897435781344088, 0.3417040596068965]",-1,-1
48131,[0.33032467 0.60187741],7,7,"[0.2817018170798153, 0.5849768676672948]",-1,-1
48132,[0.45469944 0.52916551],5,6,"[0.5164739970238864, 0.5319253761973344]",1305,-1
48133,[0.42305688 0.40703809],6,-1,-1,-1,-1
48134,[0.71262227 0.46246621],8,3,"[0.6815204869410737, 0.47689852788858716]",717,-1
48135,[0.26197992 0.21259301],2,9,"[0.3110394802231661, 0.23517199738277297]",991,-1
48136,[0.63802169 0.63198992],9,2,"[0.5921204552873188, 0.6383928111301557]",-1,-1
48137,[0.43413592 0.48693071],3,-1,-1,-1,-1
48138,[0.33235041 0.58081578],7,7,"[0.2817018170798153, 0.5849768676672948]",1980,-1
48139,[0.62343238 0.57635325],5,2,"[0.5921204552873188, 0.6383928111301557]",-1,-1
48140,[0.3862425  0.61133157],3,0,"[0.383291892093257, 0.5586820702346661]",1720,-1
48141,[0.34832555 0.34761868],6,1,"[0.3897435781344088, 0.3417040596068965]",-1,-1
48142,[0.49331641 0.28505983],6,-1,-1,-1,-1
48143,[0.43981842 0.42001717],6,-1,-1,160,-1
48144,[0.2362311  0.44833386],7,8,"[0.27392971195344684, 0.45973140540928376]",-1,-1
48145,[0.46997583 0.59250437],5,-1,-1,1235,-1
48146,[0.35399958 0.57211732],4,0,"[0.383291892093257, 0.5586820702346661]",-1,-1
48147,[0.36472685 0.55238402],3,0,"[0.383291892093257, 0.5586820702346661]",1793,-1
48148,[0.28530423 0.35072884],2,-1,-1,1584,-1
48149,[0.7000724  0.58255017],5,-1,-1,-1,-1
48150,[0.35032954 0.61443495],3,0,"[0.383291892093257, 0.5586820702346661]",1830,-1
48151,[0.2428334  0.33875609],2,5,"[0.23231087327800656, 0.30304944505444303]",-1,-1
48152,[0.33409366 0.37354896],6,1,"[0.3897435781344088, 0.3417040596068965]",-1,-1
48153,[0.61119065 0.56973044],9,-1,-1,1273,-1
48154,[0.24502455 0.45545761],7,8,"[0.27392971195344684, 0.45973140540928376]",931,-1
48155,[0.88476532 0.72638889],1,-1,-1,-1,-1
48156,[0.42060125 0.38802882],6,1,"[0.3897435781344088, 0.3417040596068965]",763,-1
48157,[0.58535216 0.46894914],8,-1,-1,608,-1
48158,[0.43885146 0.65397454],3,-1,-1,286,-1
48159,[0.34260322 0.51665313],3,0,"[0.383291892093257, 0.5586820702346661]",-1,-1
48160,[0.74045154 0.50787749],8,3,"[0.6815204869410737, 0.47689852788858716]",-1,-1
48161,[0.84723968 0.7475935 ],1,-1,-1,-1,0
48162,[0.33397736 0.28684029],2,9,"[0.3110394802231661, 0.23517199738277297]",1652,-1
48163,[0.557157   0.68063629],9,2,"[0.5921204552873188, 0.6383928111301557]",768,-1
48164,[0.5555867 0.5542262],9,6,"[0.5164739970238864, 0.5319253761973344]",1403,-1
48165,[0.28616752 0.37876543],6,-1,-1,1099,-1
48166,[0.35565784 0.32682739],2,1,"[0.3897435781344088, 0.3417040596068965]",1407,-1
48167,[0.48182024 0.57436826],5,6,"[0.5164739970238864, 0.5319253761973344]",1225,-1
48168,[0.39443845 0.49809293],4,0,"[0.383291892093257, 0.5586820702346661]",1361,-1
48169,[0.24102189 0.33024648],0,5,"[0.23231087327800656, 0.30304944505444303]",-1,-1
48170,[0.38627592 0.50841805],4,0,"[0.383291892093257, 0.5586820702346661]",-1,-1
48171,[0.46704084 0.30066641],6,-1,-1,337,-1
48172,[0.30016515 0.5917123 ],4,7,"[0.2817018170798153, 0.5849768676672948]",1820,-1
48173,[0.2697548  0.39578261],2,8,"[0.27392971195344684, 0.45973140540928376]",1019,-1
48174,[0.55325733 0.65588314],5,2,"[0.5921204552873188, 0.6383928111301557]",1197,-1
48175,[0.28741589 0.34701265],2,-1,-1,-1,-1
48176,[0.61743375 0.49828929],8,3,"[0.6815204869410737, 0.47689852788858716]",865,-1
48177,[0.43391135 0.58712402],5,0,"[0.383291892093257, 0.5586820702346661]",-1,-1
48178,[0.66924805 0.53517616],9,3,"[0.6815204869410737, 0.47689852788858716]",-1,-1
48179,[0.57542161 0.71026444],9,-1,-1,-1,-1
48180,[0.56471995 0.66826167],9,2,"[0.5921204552873188, 0.6383928111301557]",1033,-1
48181,[0.80127377 0.85616494],1,-1,-1,-1,-1
48182,[0.6321822 0.6399624],5,2,"[0.5921204552873188, 0.6383928111301557]",-1,-1
48183,[0.21526185 0.26444326],0,5,"[0.23231087327800656, 0.30304944505444303]",-1,-1
48184,[0.32179597 0.58061017],3,7,"[0.2817018170798153, 0.5849768676672948]",-1,-1
48185,[0.43331086 0.28312188],6,-1,-1,-1,-1
48186,[0.80139268 0.76313156],1,4,"[0.7726811996944247, 0.7249303226766757]",-1,0
48187,[0.14586693 0.15032681],0,-1,-1,-1,-1
48188,[0.35993717 0.54429964],4,0,"[0.383291892093257, 0.5586820702346661]",-1,-1
48189,[0.51599851 0.63935651],3,-1,-1,-1,-1
48190,[0.32460464 0.34422376],6,1,"[0.3897435781344088, 0.3417040596068965]",-1,-1
48191,[0.46495344 0.50462269],5,6,"[0.5164739970238864, 0.5319253761973344]",753,-1
48192,[0.55707353 0.64948299],9,2,"[0.5921204552873188, 0.6383928111301557]",1212,-1
48193,[0.85457846 0.66840556],1,-1,-1,-1,0
48194,[0.27311625 0.48835293],7,8,"[0.27392971195344684, 0.45973140540928376]",1797,-1
48195,[0.51637609 0.47608074],9,6,"[0.5164739970238864, 0.5319253761973344]",-1,-1
48196,[0.39871623 0.36657345],6,1,"[0.3897435781344088, 0.3417040596068965]",-1,-1
48197,[0.78827515 0.81027024],1,-1,-1,142,0
48198,[0.81566552 0.84513879],1,-1,-1,-1,-1
48199,[0.84745427 0.72127114],1,-1,-1,311,0
48200,[0.35801752 0.31342401],6,1,"[0.3897435781344088, 0.3417040596068965]",-1,-1
48201,[0.36197584 0.49381383],3,0,"[0.383291892093257, 0.5586820702346661]",-1,-1
48202,[0.35043191 0.41325356],0,-1,-1,-1,-1
48203,[0.53392419 0.63728928],9,2,"[0.5921204552873188, 0.6383928111301557]",1257,-1
48204,[0.63232642 0.49553807],5,3,"[0.6815204869410737, 0.47689852788858716]",795,-1
48205,[0.65391287 0.66812728],9,2,"[0.5921204552873188, 0.6383928111301557]",641,-1
48206,[0.27759592 0.55148109],4,7,"[0.2817018170798153, 0.5849768676672948]",-1,-1
48207,[0.62797271 0.66813246],9,2,"[0.5921204552873188, 0.6383928111301557]",-1,-1
48208,[0.32546089 0.29017416],0,9,"[0.3110394802231661, 0.23517199738277297]",-1,-1
48209,[0.59956325 0.57544221],9,2,"[0.5921204552873188, 0.6383928111301557]",1326,5
48210,[0.75365031 0.68998683],1,4,"[0.7726811996944247, 0.7249303226766757]",-1,0
48211,[0.26372664 0.41523934],0,8,"[0.27392971195344684, 0.45973140540928376]",-1,-1
48212,[0.29559121 0.30953312],6,5,"[0.23231087327800656, 0.30304944505444303]",1650,-1
48213,[0.61961051 0.43696447],8,-1,-1,-1,-1
48214,[0.54553596 0.4447114 ],8,-1,-1,-1,-1
48215,[0.28355932 0.4252186 ],2,8,"[0.27392971195344684, 0.45973140540928376]",1075,-1
48216,[0.46188245 0.39225266],5,-1,-1,207,-1
48217,[0.42018138 0.53329589],4,0,"[0.383291892093257, 0.5586820702346661]",1469,-1
48218,[0.46342274 0.60279423],5,-1,-1,1235,-1
48219,[0.35823164 0.48199082],5,-1,-1,1746,-1
48220,[0.30564093 0.32757237],2,-1,-1,-1,-1
48221,[0.58776172 0.52325025],9,-1,-1,1102,-1
48222,[0.4202636  0.42233484],3,-1,-1,403,-1
48223,[0.36105296 0.45658469],7,-1,-1,860,-1
48224,[0.56200136 0.64457772],9,2,"[0.5921204552873188, 0.6383928111301557]",-1,-1
48225,[0.86704994 0.67243558],1,-1,-1,81,-1
48226,[0.48294866 0.64141208],3,-1,-1,647,-1
48227,[0.29005238 0.35176081],2,-1,-1,1479,-1
48228,[0.73114457 0.52042445],8,3,"[0.6815204869410737, 0.47689852788858716]",487,-1
48229,[0.68977731 0.49712521],8,3,"[0.6815204869410737, 0.47689852788858716]",836,2
48230,[0.69688515 0.67887706],1,-1,-1,-1,-1
48231,[0.60700354 0.60052599],9,2,"[0.5921204552873188, 0.6383928111301557]",1328,6
48232,[0.56174121 0.42973894],8,-1,-1,251,-1
48233,[0.16271952 0.25410625],0,-1,-1,172,-1
48234,[0.28830757 0.25478238],0,9,"[0.3110394802231661, 0.23517199738277297]",1612,-1
48235,[0.27816865 0.29645333],2,5,"[0.23231087327800656, 0.30304944505444303]",-1,-1
48236,[0.36324203 0.388159  ],7,1,"[0.3897435781344088, 0.3417040596068965]",-1,-1
48237,[0.34177869 0.51080262],7,0,"[0.383291892093257, 0.5586820702346661]",1880,-1
48238,[0.58979746 0.58441042],9,2,"[0.5921204552873188, 0.6383928111301557]",1325,-1
48239,[0.62772727 0.6521618 ],9,2,"[0.5921204552873188, 0.6383928111301557]",-1,-1
48240,[0.57928914 0.59852611],5,2,"[0.5921204552873188, 0.6383928111301557]",1443,6
48241,[0.48689956 0.63078077],9,-1,-1,647,-1
48242,[0.79942957 0.47049335],8,-1,-1,-1,-1
48243,[0.75564435 0.49689984],8,-1,-1,-1,-1
48244,[0.76594387 0.68487732],1,4,"[0.7726811996944247, 0.7249303226766757]",398,0
48245,[0.3541521  0.57235034],5,0,"[0.383291892093257, 0.5586820702346661]",-1,-1
48246,[0.58021125 0.67352344],9,2,"[0.5921204552873188, 0.6383928111301557]",1121,-1
48247,[0.67111456 0.50578018],8,3,"[0.6815204869410737, 0.47689852788858716]",827,-1
48248,[0.69575801 0.61714232],8,-1,-1,275,-1
48249,[0.28646928 0.46330779],7,8,"[0.27392971195344684, 0.45973140540928376]",-1,-1
48250,[0.57000216 0.54536669],8,6,"[0.5164739970238864, 0.5319253761973344]",-1,-1
48251,[0.60346506 0.6212489 ],9,2,"[0.5921204552873188, 0.6383928111301557]",-1,-1
48252,[0.48567517 0.5703888 ],5,6,"[0.5164739970238864, 0.5319253761973344]",-1,-1
48253,[0.26307436 0.42501571],7,8,"[0.27392971195344684, 0.45973140540928376]",692,-1
48254,[0.29279669 0.55203496],4,7,"[0.2817018170798153, 0.5849768676672948]",-1,-1
48255,[0.50718922 0.58681029],9,6,"[0.5164739970238864, 0.5319253761973344]",1093,-1
48256,[0.35022102 0.20028144],0,9,"[0.3110394802231661, 0.23517199738277297]",161,-1
48257,[0.59948874 0.55134576],5,-1,-1,-1,-1
48258,[0.2724846  0.69757582],3,-1,-1,-1,-1
48259,[0.37703054 0.33199499],6,1,"[0.3897435781344088, 0.3417040596068965]",1476,-1
48260,[0.37479693 0.32828446],6,1,"[0.3897435781344088, 0.3417040596068965]",-1,-1
48261,[0.73440568 0.51204922],8,3,"[0.6815204869410737, 0.47689852788858716]",480,-1
48262,[0.4219066  0.49012864],7,-1,-1,-1,-1
48263,[0.32207416 0.59134639],7,7,"[0.2817018170798153, 0.5849768676672948]",-1,-1
48264,[0.76840793 0.41655411],8,-1,-1,-1,-1
48265,[0.56797699 0.63321196],9,2,"[0.5921204552873188, 0.6383928111301557]",1286,-1
48266,[0.28211146 0.28693896],2,5,"[0.23231087327800656, 0.30304944505444303]",1681,11
48267,[0.37614507 0.48022298],7,-1,-1,771,-1
48268,[0.59316982 0.56921938],5,2,"[0.5921204552873188, 0.6383928111301557]",1315,5
48269,[0.77697966 0.4641404 ],8,-1,-1,-1,-1
48270,[0.75337937 0.75384325],1,4,"[0.7726811996944247, 0.7249303226766757]",431,0
48271,[0.63863314 0.45966078],8,3,"[0.6815204869410737, 0.47689852788858716]",-1,-1
48272,[0.85888344 0.64254284],1,-1,-1,32,-1
48273,[0.7120947  0.78753334],1,-1,-1,225,0
48274,[0.57038386 0.3947633 ],8,-1,-1,115,-1
48275,[0.31720594 0.4524007 ],3,8,"[0.27392971195344684, 0.45973140540928376]",1557,-1
48276,[0.6596567  0.57429725],9,-1,-1,-1,-1
48277,[0.59318917 0.52746412],5,-1,-1,1102,-1
48278,[0.64492699 0.44160737],8,3,"[0.6815204869410737, 0.47689852788858716]",798,-1
48279,[0.26006486 0.51253042],7,8,"[0.27392971195344684, 0.45973140540928376]",-1,-1
48280,[0.5888036  0.52523075],5,-1,-1,1102,-1
48281,[0.6433545  0.60458607],5,2,"[0.5921204552873188, 0.6383928111301557]",613,-1
48282,[0.68821247 0.52316122],8,3,"[0.6815204869410737, 0.47689852788858716]",786,-1
48283,[0.33513263 0.5723852 ],7,0,"[0.383291892093257, 0.5586820702346661]",1979,-1
48284,[0.75692789 0.36538737],8,-1,-1,27,-1
48285,[0.80446341 0.80126725],1,-1,-1,-1,0
48286,[0.48504497 0.66383404],3,-1,-1,-1,-1
48287,[0.76908022 0.5462214 ],1,-1,-1,84,-1
48288,[0.79166668 0.71368758],1,4,"[0.7726811996944247, 0.7249303226766757]",478,0
48289,[0.53413957 0.48493121],8,6,"[0.5164739970238864, 0.5319253761973344]",927,-1
48290,[0.23137593 0.36103955],2,5,"[0.23231087327800656, 0.30304944505444303]",1126,-1
48291,[0.57541758 0.62889614],9,2,"[0.5921204552873188, 0.6383928111301557]",-1,-1
48292,[0.73254301 0.68016602],1,4,"[0.7726811996944247, 0.7249303226766757]",-1,0
48293,[0.52446456 0.532517  ],5,6,"[0.5164739970238864, 0.5319253761973344]",1177,-1
48294,[0.41578385 0.358099  ],6,1,"[0.3897435781344088, 0.3417040596068965]",982,-1
48295,[0.26965376 0.4401061 ],7,8,"[0.27392971195344684, 0.45973140540928376]",1239,-1
48296,[0.38704635 0.5324548 ],4,0,"[0.383291892093257, 0.5586820702346661]",1777,-1
48297,[0.52258996 0.60962478],9,-1,-1,1230,-1
48298,[0.71239525 0.56988313],8,-1,-1,-1,-1
48299,[0.41503345 0.59005662],4,0,"[0.383291892093257, 0.5586820702346661]",-1,-1
48300,[0.68671431 0.42316127],8,3,"[0.6815204869410737, 0.47689852788858716]",592,-1
48301,[0.69454571 0.37193232],8,-1,-1,-1,-1
48302,[0.37802046 0.43951333],4,-1,-1,-1,-1
48303,[0.46434632 0.32464002],6,-1,-1,-1,-1
48304,[0.47453297 0.31012643],6,-1,-1,-1,-1
48305,[0.15549178 0.29066837],2,-1,-1,-1,-1
48306,[0.60799799 0.35013198],6,-1,-1,-1,-1
48307,[0.29262164 0.23906617],0,9,"[0.3110394802231661, 0.23517199738277297]",1465,-1
48308,[0.23606466 0.61303808],7,7,"[0.2817018170798153, 0.5849768676672948]",-1,-1
48309,[0.38483303 0.36747193],6,1,"[0.3897435781344088, 0.3417040596068965]",-1,-1
48310,[0.36533077 0.52893579],3,0,"[0.383291892093257, 0.5586820702346661]",1934,-1
48311,[0.3075114 0.3567388],6,-1,-1,-1,-1
48312,[0.71972079 0.69149833],1,4,"[0.7726811996944247, 0.7249303226766757]",393,0
48313,[0.6381291  0.73085094],9,-1,-1,282,-1
48314,[0.33912773 0.47487995],7,8,"[0.27392971195344684, 0.45973140540928376]",1757,-1
48315,[0.32094527 0.33249308],2,1,"[0.3897435781344088, 0.3417040596068965]",1613,-1
48316,[0.70139346 0.54909693],9,-1,-1,-1,-1
48317,[0.79354119 0.47485401],8,-1,-1,-1,-1
48318,[0.40794853 0.37487157],6,1,"[0.3897435781344088, 0.3417040596068965]",-1,-1
48319,[0.31807346 0.2247076 ],2,9,"[0.3110394802231661, 0.23517199738277297]",-1,-1
48320,[0.7101375  0.73756005],1,4,"[0.7726811996944247, 0.7249303226766757]",-1,0
48321,[0.77842151 0.46182968],8,-1,-1,-1,-1
48322,[0.41421949 0.63630714],3,-1,-1,1046,-1
48323,[0.39678151 0.52919897],4,0,"[0.383291892093257, 0.5586820702346661]",-1,-1
48324,[0.40908524 0.36554141],6,1,"[0.3897435781344088, 0.3417040596068965]",980,-1
48325,[0.21979992 0.2003328 ],0,-1,-1,374,-1
48326,[0.59358703 0.67315325],9,2,"[0.5921204552873188, 0.6383928111301557]",-1,-1
48327,[0.46536286 0.39860995],6,-1,-1,-1,-1
48328,[0.71093213 0.7420885 ],1,4,"[0.7726811996944247, 0.7249303226766757]",416,0
48329,[0.3123925  0.21956758],0,9,"[0.3110394802231661, 0.23517199738277297]",-1,-1
48330,[0.10929738 0.26088742],2,-1,-1,9,-1
48331,[0.44168185 0.34233138],6,1,"[0.3897435781344088, 0.3417040596068965]",-1,-1
48332,[0.3095419  0.59205903],3,7,"[0.2817018170798153, 0.5849768676672948]",1820,-1
48333,[0.32092367 0.56110075],4,7,"[0.2817018170798153, 0.5849768676672948]",1977,17
48334,[0.40864448 0.62212968],7,0,"[0.383291892093257, 0.5586820702346661]",-1,-1
48335,[0.21514288 0.57274005],7,7,"[0.2817018170798153, 0.5849768676672948]",-1,-1
48336,[0.24391303 0.30868385],2,5,"[0.23231087327800656, 0.30304944505444303]",-1,-1
48337,[0.16603598 0.37027563],2,-1,-1,145,-1
48338,[0.36335988 0.2908354 ],6,1,"[0.3897435781344088, 0.3417040596068965]",1542,-1
48339,[0.26014871 0.2815356 ],0,5,"[0.23231087327800656, 0.30304944505444303]",-1,-1
48340,[0.27968148 0.31454468],2,5,"[0.23231087327800656, 0.30304944505444303]",1585,9
48341,[0.40712335 0.63652123],9,-1,-1,1046,-1
48342,[0.42733147 0.24354559],2,-1,-1,178,-1
48343,[0.36721299 0.57287121],4,0,"[0.383291892093257, 0.5586820702346661]",-1,12
48344,[0.29660561 0.30748646],2,5,"[0.23231087327800656, 0.30304944505444303]",1620,-1
48345,[0.34828642 0.32451307],6,1,"[0.3897435781344088, 0.3417040596068965]",-1,-1
48346,[0.27226945 0.24445161],0,9,"[0.3110394802231661, 0.23517199738277297]",1524,-1
48347,[0.8578296  0.60207904],1,-1,-1,11,-1
48348,[0.33487988 0.47066798],7,8,"[0.27392971195344684, 0.45973140540928376]",1553,-1
48349,[0.23536742 0.22751356],0,-1,-1,-1,-1
48350,[0.21317836 0.36065143],2,5,"[0.23231087327800656, 0.30304944505444303]",903,-1
48351,[0.76625093 0.77682304],1,4,"[0.7726811996944247, 0.7249303226766757]",-1,0
48352,[0.55705108 0.38047593],5,-1,-1,-1,-1
48353,[0.71883753 0.42841365],8,3,"[0.6815204869410737, 0.47689852788858716]",-1,-1
48354,[0.22865369 0.29924772],2,5,"[0.23231087327800656, 0.30304944505444303]",1468,-1
48355,[0.33681795 0.69098959],3,-1,-1,-1,-1
48356,[0.60815385 0.67940521],9,2,"[0.5921204552873188, 0.6383928111301557]",658,-1
48357,[0.16798836 0.31059154],2,5,"[0.23231087327800656, 0.30304944505444303]",-1,-1
48358,[0.83353303 0.74052722],1,4,"[0.7726811996944247, 0.7249303226766757]",-1,0
48359,[0.18427594 0.38762332],2,-1,-1,133,-1
48360,[0.4818721  0.50311602],3,6,"[0.5164739970238864, 0.5319253761973344]",-1,-1
48361,[0.24077399 0.48169296],7,8,"[0.27392971195344684, 0.45973140540928376]",1707,-1
48362,[0.27942229 0.55928556],4,7,"[0.2817018170798153, 0.5849768676672948]",-1,13
48363,[0.27240202 0.43838229],0,8,"[0.27392971195344684, 0.45973140540928376]",1239,-1
48364,[0.6489303  0.49780564],8,3,"[0.6815204869410737, 0.47689852788858716]",819,-1
48365,[0.37191359 0.50810602],3,0,"[0.383291892093257, 0.5586820702346661]",1751,-1
48366,[0.22187548 0.27271746],0,5,"[0.23231087327800656, 0.30304944505444303]",-1,-1
48367,[0.21746352 0.55795318],4,7,"[0.2817018170798153, 0.5849768676672948]",-1,-1
48368,[0.50017255 0.57773805],5,6,"[0.5164739970238864, 0.5319253761973344]",-1,-1
48369,[0.39682351 0.52563937],3,0,"[0.383291892093257, 0.5586820702346661]",-1,-1
48370,[0.4386291  0.55417152],3,0,"[0.383291892093257, 0.5586820702346661]",1294,-1
48371,[0.46058873 0.68511049],9,-1,-1,-1,-1
48372,[0.23316792 0.2507685 ],0,5,"[0.23231087327800656, 0.30304944505444303]",-1,-1
48373,[0.2140935  0.28765551],0,5,"[0.23231087327800656, 0.30304944505444303]",1109,-1
48374,[0.25777166 0.33182626],2,5,"[0.23231087327800656, 0.30304944505444303]",-1,-1
48375,[0.40776267 0.59606149],3,0,"[0.383291892093257, 0.5586820702346661]",1717,-1
48376,[0.37502494 0.25479897],0,9,"[0.3110394802231661, 0.23517199738277297]",-1,-1
48377,[0.2992426  0.24495389],0,9,"[0.3110394802231661, 0.23517199738277297]",1174,-1
48378,[0.46343366 0.27658142],6,-1,-1,-1,-1
48379,[0.24119035 0.21395692],0,-1,-1,750,-1
48380,[0.25962561 0.24872673],0,9,"[0.3110394802231661, 0.23517199738277297]",1138,-1
48381,[0.28568209 0.43151345],2,8,"[0.27392971195344684, 0.45973140540928376]",-1,-1
48382,[0.24388649 0.53650199],7,7,"[0.2817018170798153, 0.5849768676672948]",-1,-1
48383,[0.34424082 0.58063251],3,0,"[0.383291892093257, 0.5586820702346661]",1842,-1
48384,[0.75842947 0.47930571],8,-1,-1,-1,-1
48385,[0.3080738  0.55709672],3,7,"[0.2817018170798153, 0.5849768676672948]",1984,-1
48386,[0.21020163 0.28397193],0,5,"[0.23231087327800656, 0.30304944505444303]",-1,-1
48387,[0.31739453 0.54942761],7,7,"[0.2817018170798153, 0.5849768676672948]",1989,17
48388,[0.28234813 0.27562928],0,9,"[0.3110394802231661, 0.23517199738277297]",-1,-1
48389,[0.31647293 0.49683833],4,8,"[0.27392971195344684, 0.45973140540928376]",-1,-1
48390,[0.33431287 0.45378039],7,8,"[0.27392971195344684, 0.45973140540928376]",-1,-1
48391,[0.32305861 0.29657876],0,9,"[0.3110394802231661, 0.23517199738277297]",-1,-1
48392,[0.62470873 0.53574069],8,-1,-1,774,-1
48393,[0.40203725 0.40146161],2,1,"[0.3897435781344088, 0.3417040596068965]",-1,-1
48394,[0.38090021 0.49211146],3,0,"[0.383291892093257, 0.5586820702346661]",-1,-1
48395,[0.31207721 0.3450145 ],6,-1,-1,-1,8
48396,[0.31450489 0.4302634 ],2,8,"[0.27392971195344684, 0.45973140540928376]",-1,-1
48397,[0.47865919 0.35831733],6,-1,-1,208,-1
48398,[0.52493213 0.71808244],9,-1,-1,-1,-1
48399,[0.67599259 0.5142043 ],8,3,"[0.6815204869410737, 0.47689852788858716]",817,-1
48400,[0.36505686 0.57002888],3,0,"[0.383291892093257, 0.5586820702346661]",-1,-1
48401,[0.35180917 0.40735589],6,-1,-1,880,-1
48402,[0.30274967 0.22730656],2,9,"[0.3110394802231661, 0.23517199738277297]",-1,-1
48403,[0.80438813 0.68551697],1,4,"[0.7726811996944247, 0.7249303226766757]",354,0
48404,[0.39590787 0.32144481],2,1,"[0.3897435781344088, 0.3417040596068965]",965,-1
48405,[0.3194269  0.40753257],2,8,"[0.27392971195344684, 0.45973140540928376]",-1,-1
48406,[0.16374581 0.38344596],2,-1,-1,-1,-1
48407,[0.2314898  0.55805118],7,7,"[0.2817018170798153, 0.5849768676672948]",1288,-1
48408,[0.67596244 0.63900543],9,-1,-1,581,-1
48409,[0.75111355 0.64035137],1,-1,-1,-1,0
48410,[0.51449771 0.28843118],6,-1,-1,-1,-1
48411,[0.26631003 0.4673603 ],4,8,"[0.27392971195344684, 0.45973140540928376]",1595,-1
48412,[0.24405145 0.55948451],7,7,"[0.2817018170798153, 0.5849768676672948]",-1,-1
48413,[0.39460751 0.5882192 ],3,0,"[0.383291892093257, 0.5586820702346661]",-1,-1
48414,[0.6050798  0.53573751],8,-1,-1,-1,-1
48415,[0.38196536 0.43277575],6,-1,-1,683,-1
48416,[0.27748659 0.58146366],7,7,"[0.2817018170798153, 0.5849768676672948]",1670,-1
48417,[0.45932997 0.29598693],6,-1,-1,-1,-1
48418,[0.33098441 0.35290365],0,1,"[0.3897435781344088, 0.3417040596068965]",1368,-1
48419,[0.3175108  0.58282376],3,7,"[0.2817018170798153, 0.5849768676672948]",1963,-1
48420,[0.36486262 0.33300391],0,1,"[0.3897435781344088, 0.3417040596068965]",1535,-1
48421,[0.36869399 0.33326291],6,1,"[0.3897435781344088, 0.3417040596068965]",-1,-1
48422,[0.27804408 0.47119741],4,8,"[0.27392971195344684, 0.45973140540928376]",1596,-1
48423,[0.5448256  0.58306739],9,6,"[0.5164739970238864, 0.5319253761973344]",1432,6
48424,[0.254787   0.29203717],0,5,"[0.23231087327800656, 0.30304944505444303]",1645,-1
48425,[0.45109025 0.53937248],3,6,"[0.5164739970238864, 0.5319253761973344]",1277,-1
48426,[0.581595   0.50062777],8,-1,-1,-1,-1
48427,[0.7352062  0.55511597],8,-1,-1,-1,-1
48428,[0.66251083 0.66811918],9,-1,-1,638,-1
48429,[0.32055151 0.49965818],7,8,"[0.27392971195344684, 0.45973140540928376]",1809,-1
48430,[0.40706248 0.59678987],4,0,"[0.383291892093257, 0.5586820702346661]",1717,-1
48431,[0.35578735 0.54484919],3,0,"[0.383291892093257, 0.5586820702346661]",-1,-1
48432,[0.41764268 0.32153375],0,1,"[0.3897435781344088, 0.3417040596068965]",-1,-1
48433,[0.38102583 0.38800776],2,1,"[0.3897435781344088, 0.3417040596068965]",-1,-1
48434,[0.31108172 0.45782938],7,8,"[0.27392971195344684, 0.45973140540928376]",-1,-1
48435,[0.17547697 0.42629347],7,-1,-1,-1,-1
48436,[0.53717794 0.61398871],5,2,"[0.5921204552873188, 0.6383928111301557]",-1,-1
48437,[0.74885156 0.52936262],8,-1,-1,222,-1
48438,[0.26929793 0.51664483],7,8,"[0.27392971195344684, 0.45973140540928376]",-1,-1
48439,[0.51631115 0.31859809],6,-1,-1,-1,-1
48440,[0.27290756 0.38533213],0,-1,-1,-1,-1
48441,[0.3780182  0.61562256],4,0,"[0.383291892093257, 0.5586820702346661]",1513,-1
48442,[0.65617839 0.58269236],9,-1,-1,1014,-1
48443,[0.29130073 0.53161397],7,7,"[0.2817018170798153, 0.5849768676672948]",-1,-1
48444,[0.44458201 0.56695572],5,0,"[0.383291892093257, 0.5586820702346661]",1281,-1
48445,[0.40103715 0.34664926],6,1,"[0.3897435781344088, 0.3417040596068965]",997,-1
48446,[0.24774499 0.26466432],6,5,"[0.23231087327800656, 0.30304944505444303]",1310,-1
48447,[0.3790361  0.57464994],4,0,"[0.383291892093257, 0.5586820702346661]",1865,-1
48448,[0.88727846 0.64454474],1,-1,-1,-1,-1
48449,[0.6865571  0.49396707],8,3,"[0.6815204869410737, 0.47689852788858716]",835,2
48450,[0.28246036 0.6444947 ],3,7,"[0.2817018170798153, 0.5849768676672948]",-1,-1
48451,[0.24935653 0.35506471],2,5,"[0.23231087327800656, 0.30304944505444303]",1570,-1
48452,[0.58458448 0.53280609],5,6,"[0.5164739970238864, 0.5319253761973344]",-1,-1
48453,[0.3464     0.59541714],4,0,"[0.383291892093257, 0.5586820702346661]",-1,-1
48454,[0.3889192 0.1801091],6,-1,-1,39,-1
48455,[0.18784902 0.50307464],7,-1,-1,-1,-1
48456,[0.38940389 0.68912177],3,-1,-1,-1,-1
48457,[0.22190357 0.55692129],7,7,"[0.2817018170798153, 0.5849768676672948]",-1,-1
48458,[0.44497277 0.57868796],5,0,"[0.383291892093257, 0.5586820702346661]",1020,-1
48459,[0.32138355 0.30507786],6,-1,-1,1664,-1
48460,[0.3765009  0.63232025],3,-1,-1,-1,-1
48461,[0.66633387 0.49263178],8,3,"[0.6815204869410737, 0.47689852788858716]",-1,-1
48462,[0.37013059 0.43852217],6,-1,-1,879,-1
48463,[0.3735495  0.53314621],3,0,"[0.383291892093257, 0.5586820702346661]",-1,-1
48464,[0.33827869 0.47728396],7,8,"[0.27392971195344684, 0.45973140540928376]",1757,-1
48465,[0.38301882 0.46563889],3,-1,-1,-1,-1
48466,[0.30596186 0.29725308],2,9,"[0.3110394802231661, 0.23517199738277297]",-1,-1
48467,[0.66092372 0.4290782 ],8,3,"[0.6815204869410737, 0.47689852788858716]",-1,-1
48468,[0.69971721 0.7052632 ],1,-1,-1,343,0
48469,[0.26546668 0.57090005],4,7,"[0.2817018170798153, 0.5849768676672948]",1571,-1
48470,[0.67770688 0.34992575],8,-1,-1,17,-1
48471,[0.37922264 0.56856647],3,0,"[0.383291892093257, 0.5586820702346661]",1845,-1
48472,[0.83539202 0.70501451],1,4,"[0.7726811996944247, 0.7249303226766757]",346,0
48473,[0.40609166 0.53809549],3,0,"[0.383291892093257, 0.5586820702346661]",-1,-1
48474,[0.92198573 0.71358369],1,-1,-1,-1,-1
48475,[0.65888395 0.47895034],8,3,"[0.6815204869410737, 0.47689852788858716]",825,-1
48476,[0.48355101 0.57633229],5,6,"[0.5164739970238864, 0.5319253761973344]",1225,-1
48477,[0.33198413 0.25225174],6,9,"[0.3110394802231661, 0.23517199738277297]",-1,-1
48478,[0.30706101 0.31835546],0,-1,-1,1648,-1
48479,[0.2784199  0.27123325],2,9,"[0.3110394802231661, 0.23517199738277297]",-1,-1
48480,[0.30041061 0.34472184],0,-1,-1,1626,-1
48481,[0.34290096 0.52577563],4,0,"[0.383291892093257, 0.5586820702346661]",1931,-1
48482,[0.59492445 0.71435591],9,-1,-1,423,-1
48483,[0.26919556 0.54269782],4,7,"[0.2817018170798153, 0.5849768676672948]",1743,-1
48484,[0.74848505 0.76710691],1,4,"[0.7726811996944247, 0.7249303226766757]",-1,0
48485,[0.35744473 0.51539621],7,0,"[0.383291892093257, 0.5586820702346661]",-1,-1
48486,[0.25834922 0.38827361],7,-1,-1,1221,-1
48487,[0.17523446 0.55782404],7,-1,-1,96,-1
48488,[0.21797623 0.28537422],0,5,"[0.23231087327800656, 0.30304944505444303]",1114,-1
48489,[0.53987058 0.58809247],5,6,"[0.5164739970238864, 0.5319253761973344]",-1,6
48490,[0.2837598  0.68793407],7,-1,-1,-1,-1
48491,[0.37343292 0.60660185],3,0,"[0.383291892093257, 0.5586820702346661]",1755,-1
48492,[0.68746019 0.65960186],1,-1,-1,-1,0
48493,[0.11649797 0.26673579],0,-1,-1,9,-1
48494,[0.32175574 0.36058458],6,-1,-1,1485,-1
48495,[0.20214355 0.66298398],3,-1,-1,-1,-1
48496,[0.44692608 0.61523136],3,-1,-1,-1,-1
48497,[0.392899   0.33734507],6,1,"[0.3897435781344088, 0.3417040596068965]",-1,-1
48498,[0.25923934 0.43289158],2,8,"[0.27392971195344684, 0.45973140540928376]",1087,-1
48499,[0.75050382 0.67940056],1,4,"[0.7726811996944247, 0.7249303226766757]",439,0
48500,[0.32810663 0.48443827],7,8,"[0.27392971195344684, 0.45973140540928376]",1831,-1
48501,[0.34281556 0.53847696],4,0,"[0.383291892093257, 0.5586820702346661]",1965,16
48502,[0.75908554 0.80269775],1,-1,-1,-1,0
48503,[0.31784161 0.29725084],2,9,"[0.3110394802231661, 0.23517199738277297]",-1,-1
48504,[0.16233798 0.30600351],0,-1,-1,-1,-1
48505,[0.30467398 0.22088503],6,9,"[0.3110394802231661, 0.23517199738277297]",972,-1
48506,[0.38997726 0.20583321],6,-1,-1,174,-1
48507,[0.23683054 0.46369242],4,8,"[0.27392971195344684, 0.45973140540928376]",-1,-1
48508,[0.3442935  0.58553125],3,0,"[0.383291892093257, 0.5586820702346661]",1842,-1
48509,[0.74887646 0.79303106],1,-1,-1,-1,0
48510,[0.31027439 0.56519057],3,7,"[0.2817018170798153, 0.5849768676672948]",-1,-1
48511,[0.80047122 0.74120639],1,4,"[0.7726811996944247, 0.7249303226766757]",-1,0
48512,[0.62761664 0.64366947],9,2,"[0.5921204552873188, 0.6383928111301557]",1163,-1
48513,[0.23397087 0.36377494],2,5,"[0.23231087327800656, 0.30304944505444303]",-1,-1
48514,[0.43956075 0.62747817],5,-1,-1,698,-1
48515,[0.32031528 0.55943661],3,7,"[0.2817018170798153, 0.5849768676672948]",-1,17
48516,[0.36929731 0.40139841],6,1,"[0.3897435781344088, 0.3417040596068965]",718,-1
48517,[0.57826095 0.60911406],9,2,"[0.5921204552873188, 0.6383928111301557]",-1,6
48518,[0.41718725 0.50506474],3,0,"[0.383291892093257, 0.5586820702346661]",-1,-1
48519,[0.2057241  0.56189827],4,-1,-1,-1,-1
48520,[0.21651655 0.47264441],2,8,"[0.27392971195344684, 0.45973140540928376]",591,-1
48521,[0.37739341 0.55373779],7,0,"[0.383291892093257, 0.5586820702346661]",1816,-1
48522,[0.70482552 0.47093488],8,3,"[0.6815204869410737, 0.47689852788858716]",717,-1
48523,[0.57556376 0.58427581],8,2,"[0.5921204552873188, 0.6383928111301557]",1453,6
48524,[0.42465015 0.25196752],6,-1,-1,-1,-1
48525,[0.41485546 0.56579233],3,0,"[0.383291892093257, 0.5586820702346661]",1736,-1
48526,[0.73961237 0.82659874],1,-1,-1,103,-1
48527,[0.58303414 0.66405643],9,2,"[0.5921204552873188, 0.6383928111301557]",-1,-1
48528,[0.20926728 0.60233655],4,-1,-1,181,-1
48529,[0.76732576 0.46579416],8,-1,-1,-1,-1
48530,[0.61790017 0.62183643],5,2,"[0.5921204552873188, 0.6383928111301557]",-1,-1
48531,[0.81001069 0.68283637],1,4,"[0.7726811996944247, 0.7249303226766757]",362,0
48532,[0.80727284 0.78356236],1,4,"[0.7726811996944247, 0.7249303226766757]",294,0
48533,[0.31518319 0.56078022],3,7,"[0.2817018170798153, 0.5849768676672948]",1968,-1
48534,[0.32889301 0.58591203],3,7,"[0.2817018170798153, 0.5849768676672948]",-1,-1
48535,[0.66405842 0.63613317],9,-1,-1,-1,-1
48536,[0.5695211  0.67119948],9,2,"[0.5921204552873188, 0.6383928111301557]",1033,-1
48537,[0.66537509 0.46641353],8,3,"[0.6815204869410737, 0.47689852788858716]",-1,-1
48538,[0.38578264 0.32725113],6,1,"[0.3897435781344088, 0.3417040596068965]",1476,-1
48539,[0.59837458 0.57622475],9,2,"[0.5921204552873188, 0.6383928111301557]",1326,5
48540,[0.31134567 0.60752629],7,7,"[0.2817018170798153, 0.5849768676672948]",-1,-1
48541,[0.2054313  0.43575068],2,-1,-1,-1,-1
48542,[0.35366039 0.29933072],6,1,"[0.3897435781344088, 0.3417040596068965]",-1,-1
48543,[0.73670914 0.73821676],1,4,"[0.7726811996944247, 0.7249303226766757]",452,0
48544,[0.65811474 0.66821011],9,-1,-1,-1,-1
48545,[0.43649743 0.52179553],3,0,"[0.383291892093257, 0.5586820702346661]",-1,-1
48546,[0.68397947 0.56745727],8,-1,-1,464,-1
48547,[0.66547503 0.48756739],8,3,"[0.6815204869410737, 0.47689852788858716]",-1,1
48548,[0.63388276 0.43767331],8,3,"[0.6815204869410737, 0.47689852788858716]",678,-1
48549,[0.35404812 0.50341039],4,0,"[0.383291892093257, 0.5586820702346661]",-1,-1
48550,[0.64811287 0.61868189],9,2,"[0.5921204552873188, 0.6383928111301557]",1072,-1
48551,[0.4451963  0.62468742],3,-1,-1,-1,-1
48552,[0.55729418 0.68324012],9,2,"[0.5921204552873188, 0.6383928111301557]",-1,-1
48553,[0.28856877 0.49853647],7,8,"[0.27392971195344684, 0.45973140540928376]",-1,-1
48554,[0.54821112 0.59593789],9,2,"[0.5921204552873188, 0.6383928111301557]",-1,-1
48555,[0.27894343 0.32281519],2,5,"[0.23231087327800656, 0.30304944505444303]",1585,9
48556,[0.35582516 0.59083888],4,0,"[0.383291892093257, 0.5586820702346661]",1828,-1
48557,[0.33412987 0.58673895],3,7,"[0.2817018170798153, 0.5849768676672948]",-1,17
48558,[0.5424351  0.53210803],5,6,"[0.5164739970238864, 0.5319253761973344]",-1,-1
48559,[0.29819186 0.495771  ],3,8,"[0.27392971195344684, 0.45973140540928376]",1889,-1
48560,[0.4712867  0.55531069],4,6,"[0.5164739970238864, 0.5319253761973344]",1084,-1
48561,[0.63145097 0.52166082],9,3,"[0.6815204869410737, 0.47689852788858716]",-1,-1
48562,[0.26924485 0.56461578],7,7,"[0.2817018170798153, 0.5849768676672948]",-1,-1
48563,[0.35374417 0.37010936],2,1,"[0.3897435781344088, 0.3417040596068965]",1079,-1
48564,[0.30112074 0.52448618],4,7,"[0.2817018170798153, 0.5849768676672948]",1788,-1
48565,[0.73779048 0.75747832],1,4,"[0.7726811996944247, 0.7249303226766757]",418,0
48566,[0.15301058 0.53790738],7,-1,-1,53,-1
48567,[0.56610213 0.6585222 ],5,2,"[0.5921204552873188, 0.6383928111301557]",1045,-1
48568,[0.30468071 0.53465157],7,7,"[0.2817018170798153, 0.5849768676672948]",1982,-1
48569,[0.56673823 0.63228255],5,2,"[0.5921204552873188, 0.6383928111301557]",1286,-1
48570,[0.71111395 0.40446338],8,-1,-1,-1,-1
48571,[0.68446362 0.54958773],8,-1,-1,673,-1
48572,[0.62590118 0.37337798],8,-1,-1,-1,-1
48573,[0.38940164 0.54871504],3,0,"[0.383291892093257, 0.5586820702346661]",1815,-1
48574,[0.31029688 0.21393769],2,9,"[0.3110394802231661, 0.23517199738277297]",-1,-1
48575,[0.34329258 0.27847662],0,9,"[0.3110394802231661, 0.23517199738277297]",1118,-1
48576,[0.44528519 0.47825103],4,-1,-1,547,-1
48577,[0.41032929 0.35269139],6,1,"[0.3897435781344088, 0.3417040596068965]",986,-1
48578,[0.68368521 0.59642805],9,-1,-1,-1,-1
48579,[0.45664132 0.31665359],6,-1,-1,524,-1
48580,[0.29384434 0.32949602],0,5,"[0.23231087327800656, 0.30304944505444303]",-1,-1
48581,[0.37399533 0.40784068],6,1,"[0.3897435781344088, 0.3417040596068965]",-1,-1
48582,[0.68610005 0.6060815 ],8,-1,-1,-1,-1
48583,[0.39383006 0.55412711],3,0,"[0.383291892093257, 0.5586820702346661]",1568,-1
48584,[0.42841559 0.57949916],3,0,"[0.383291892093257, 0.5586820702346661]",-1,-1
48585,[0.33557033 0.38488648],2,1,"[0.3897435781344088, 0.3417040596068965]",-1,-1
48586,[0.33829487 0.53257078],3,0,"[0.383291892093257, 0.5586820702346661]",-1,16
48587,[0.19908155 0.14594582],0,-1,-1,12,-1
48588,[0.36395421 0.36311974],6,1,"[0.3897435781344088, 0.3417040596068965]",-1,-1
48589,[0.23816209 0.49147148],7,8,"[0.27392971195344684, 0.45973140540928376]",1280,-1
48590,[0.75876071 0.45873794],8,-1,-1,263,-1
48591,[0.29870531 0.31267789],6,5,"[0.23231087327800656, 0.30304944505444303]",-1,-1
48592,[0.33199668 0.58850245],4,7,"[0.2817018170798153, 0.5849768676672948]",1941,-1
48593,[0.45061375 0.62267408],9,-1,-1,-1,-1
48594,[0.31650431 0.60454109],4,7,"[0.2817018170798153, 0.5849768676672948]",1936,-1
48595,[0.57076275 0.59229092],9,2,"[0.5921204552873188, 0.6383928111301557]",-1,6
48596,[0.38762096 0.26160013],6,-1,-1,-1,-1
48597,[0.28847504 0.3286824 ],0,5,"[0.23231087327800656, 0.30304944505444303]",1621,-1
48598,[0.65322259 0.5870583 ],9,-1,-1,1014,-1
48599,[0.27212127 0.40002671],2,8,"[0.27392971195344684, 0.45973140540928376]",1018,-1
48600,[0.47738655 0.27310309],6,-1,-1,-1,-1
48601,[0.73135499 0.41594188],8,-1,-1,316,-1
48602,[0.52489894 0.27071571],6,-1,-1,-1,-1
48603,[0.25552127 0.44196503],2,8,"[0.27392971195344684, 0.45973140540928376]",-1,-1
48604,[0.71036812 0.44362266],8,3,"[0.6815204869410737, 0.47689852788858716]",594,-1
48605,[0.68430338 0.36805923],8,-1,-1,-1,-1
48606,[0.55916131 0.55344994],5,6,"[0.5164739970238864, 0.5319253761973344]",-1,-1
48607,[0.32948325 0.32589924],0,1,"[0.3897435781344088, 0.3417040596068965]",1683,-1
48608,[0.44332068 0.29250307],6,-1,-1,-1,-1
48609,[0.33604947 0.53958321],4,0,"[0.383291892093257, 0.5586820702346661]",1950,-1
48610,[0.14908743 0.32034784],0,-1,-1,-1,-1
48611,[0.29228319 0.29462238],2,5,"[0.23231087327800656, 0.30304944505444303]",-1,-1
48612,[0.42765745 0.46422052],7,-1,-1,-1,-1
48613,[0.19998614 0.30116134],2,5,"[0.23231087327800656, 0.30304944505444303]",-1,-1
48614,[0.27148737 0.62788206],7,7,"[0.2817018170798153, 0.5849768676672948]",394,-1
48615,[0.25504189 0.55345449],4,7,"[0.2817018170798153, 0.5849768676672948]",1705,-1
48616,[0.74132636 0.51444907],8,-1,-1,480,-1
48617,[0.76560454 0.47038548],8,-1,-1,-1,-1
48618,[0.29567852 0.54288152],7,7,"[0.2817018170798153, 0.5849768676672948]",1906,-1
48619,[0.53357891 0.58862799],9,6,"[0.5164739970238864, 0.5319253761973344]",-1,-1
48620,[0.73277901 0.62135147],8,-1,-1,131,0
48621,[0.81963748 0.65509784],1,-1,-1,255,0
48622,[0.66550492 0.48008045],8,3,"[0.6815204869410737, 0.47689852788858716]",829,1
48623,[0.44076207 0.6448987 ],3,-1,-1,534,-1
48624,[0.36112569 0.26874195],2,9,"[0.3110394802231661, 0.23517199738277297]",1156,-1
48625,[0.35174094 0.5383127 ],3,0,"[0.383291892093257, 0.5586820702346661]",1964,-1
48626,[0.27022401 0.32341111],2,5,"[0.23231087327800656, 0.30304944505444303]",1585,-1
48627,[0.74757341 0.66511686],1,4,"[0.7726811996944247, 0.7249303226766757]",-1,0
48628,[0.36354826 0.57309295],4,0,"[0.383291892093257, 0.5586820702346661]",1850,-1
48629,[0.61734711 0.68818392],9,2,"[0.5921204552873188, 0.6383928111301557]",662,-1
48630,[0.35919784 0.50318976],7,0,"[0.383291892093257, 0.5586820702346661]",-1,-1
48631,[0.26972274 0.50606995],7,8,"[0.27392971195344684, 0.45973140540928376]",1789,-1
48632,[0.39763365 0.34229654],2,1,"[0.3897435781344088, 0.3417040596068965]",-1,-1
48633,[0.570675   0.60683365],5,2,"[0.5921204552873188, 0.6383928111301557]",-1,6
48634,[0.61930953 0.58594138],9,2,"[0.5921204552873188, 0.6383928111301557]",1204,-1
48635,[0.63176266 0.35896585],8,-1,-1,25,-1
48636,[0.88758461 0.72829676],1,-1,-1,-1,-1
48637,[0.33173229 0.48421891],3,8,"[0.27392971195344684, 0.45973140540928376]",1831,-1
48638,[0.4278326  0.30770841],6,1,"[0.3897435781344088, 0.3417040596068965]",-1,-1
48639,[0.78157641 0.69803052],1,4,"[0.7726811996944247, 0.7249303226766757]",-1,0
48640,[0.49469708 0.30077115],6,-1,-1,-1,-1
48641,[0.27934395 0.47889785],4,8,"[0.27392971195344684, 0.45973140540928376]",1728,-1
48642,[0.29217268 0.32858491],2,5,"[0.23231087327800656, 0.30304944505444303]",-1,-1
48643,[0.6175082  0.51311567],5,-1,-1,-1,-1
48644,[0.71397208 0.66410273],1,-1,-1,358,0
48645,[0.30270419 0.31814381],6,-1,-1,1661,-1
48646,[0.468784   0.34705644],6,-1,-1,-1,-1
48647,[0.25727069 0.28519273],2,5,"[0.23231087327800656, 0.30304944505444303]",-1,-1
48648,[0.76948368 0.72885054],1,4,"[0.7726811996944247, 0.7249303226766757]",469,0
48649,[0.33672171 0.29967473],6,1,"[0.3897435781344088, 0.3417040596068965]",-1,-1
48650,[0.5371437  0.50404424],9,6,"[0.5164739970238864, 0.5319253761973344]",1140,-1
48651,[0.43826396 0.54775207],3,0,"[0.383291892093257, 0.5586820702346661]",1296,-1
48652,[0.25153697 0.38121545],0,-1,-1,1147,-1
48653,[0.43377772 0.59243376],3,0,"[0.383291892093257, 0.5586820702346661]",-1,-1
48654,[0.39391377 0.25217071],6,-1,-1,850,-1
48655,[0.24953147 0.47575031],4,8,"[0.27392971195344684, 0.45973140540928376]",-1,-1
48656,[0.30351074 0.55441709],4,7,"[0.2817018170798153, 0.5849768676672948]",1930,-1
48657,[0.2858304  0.51377036],4,8,"[0.27392971195344684, 0.45973140540928376]",1915,14
48658,[0.6764879  0.34199218],8,-1,-1,-1,-1
48659,[0.46226363 0.50656621],3,6,"[0.5164739970238864, 0.5319253761973344]",-1,-1
48660,[0.7643325  0.48594709],8,-1,-1,-1,-1
48661,[0.59492013 0.43339658],8,-1,-1,-1,-1
48662,[0.20832931 0.36422055],2,5,"[0.23231087327800656, 0.30304944505444303]",903,-1
48663,[0.24446221 0.46981835],7,8,"[0.27392971195344684, 0.45973140540928376]",1152,-1
48664,[0.61469619 0.45151804],5,-1,-1,621,-1
48665,[0.21479587 0.46510339],4,8,"[0.27392971195344684, 0.45973140540928376]",331,-1
48666,[0.20136036 0.24300536],0,5,"[0.23231087327800656, 0.30304944505444303]",-1,-1
48667,[0.28871096 0.31426635],2,5,"[0.23231087327800656, 0.30304944505444303]",1605,-1
48668,[0.41333312 0.29188447],6,1,"[0.3897435781344088, 0.3417040596068965]",923,-1
48669,[0.69284667 0.4245339 ],8,3,"[0.6815204869410737, 0.47689852788858716]",597,-1
48670,[0.17593406 0.56801521],7,-1,-1,101,-1
48671,[0.33499946 0.4084215 ],2,-1,-1,-1,-1
48672,[0.60048321 0.53003278],5,-1,-1,1023,-1
48673,[0.40112966 0.63247525],3,-1,-1,751,-1
48674,[0.31029557 0.64818797],4,7,"[0.2817018170798153, 0.5849768676672948]",590,-1
48675,[0.4779977  0.61570342],5,-1,-1,737,-1
48676,[0.61846119 0.539693  ],9,-1,-1,734,-1
48677,[0.22403442 0.49718753],7,8,"[0.27392971195344684, 0.45973140540928376]",-1,-1
48678,[0.34815886 0.31558314],2,1,"[0.3897435781344088, 0.3417040596068965]",1525,-1
48679,[0.23546447 0.56915557],7,7,"[0.2817018170798153, 0.5849768676672948]",1358,-1
48680,[0.34926439 0.5919111 ],5,0,"[0.383291892093257, 0.5586820702346661]",-1,-1
48681,[0.39315825 0.2934696 ],6,1,"[0.3897435781344088, 0.3417040596068965]",-1,-1
48682,[0.2682496 0.5967677],7,7,"[0.2817018170798153, 0.5849768676672948]",1655,-1
48683,[0.25735788 0.14481468],0,-1,-1,-1,-1
48684,[0.54617128 0.35864665],8,-1,-1,-1,-1
48685,[0.75383382 0.74690122],1,4,"[0.7726811996944247, 0.7249303226766757]",430,0
48686,[0.2344814  0.61179083],4,7,"[0.2817018170798153, 0.5849768676672948]",-1,-1
48687,[0.59803578 0.64091029],9,2,"[0.5921204552873188, 0.6383928111301557]",-1,-1
48688,[0.4645312  0.62734986],9,-1,-1,-1,-1
48689,[0.23267154 0.43262658],7,8,"[0.27392971195344684, 0.45973140540928376]",-1,-1
48690,[0.34368836 0.29374101],2,1,"[0.3897435781344088, 0.3417040596068965]",1666,-1
48691,[0.31793577 0.30091197],2,9,"[0.3110394802231661, 0.23517199738277297]",1647,-1
48692,[0.44955622 0.54564154],4,0,"[0.383291892093257, 0.5586820702346661]",-1,-1
48693,[0.29373182 0.56197816],7,7,"[0.2817018170798153, 0.5849768676672948]",-1,-1
48694,[0.7409833  0.66742972],1,4,"[0.7726811996944247, 0.7249303226766757]",376,0
48695,[0.19732722 0.23557183],0,-1,-1,-1,-1
48696,[0.41243605 0.31386402],6,1,"[0.3897435781344088, 0.3417040596068965]",911,-1
48697,[0.44814676 0.59356847],4,-1,-1,-1,4
48698,[0.24901297 0.52318021],7,8,"[0.27392971195344684, 0.45973140540928376]",-1,-1
48699,[0.33886172 0.45964495],7,8,"[0.27392971195344684, 0.45973140540928376]",1387,-1
48700,[0.44302561 0.2407337 ],6,-1,-1,178,-1
48701,[0.2171583  0.41031204],7,-1,-1,-1,-1
48702,[0.35978297 0.47099489],3,-1,-1,1560,-1
48703,[0.8632713 0.7291107],1,-1,-1,-1,0
48704,[0.50571471 0.48046344],5,6,"[0.5164739970238864, 0.5319253761973344]",-1,-1
48705,[0.45162975 0.60620223],3,-1,-1,-1,-1
48706,[0.67878781 0.45323184],8,3,"[0.6815204869410737, 0.47689852788858716]",735,-1
48707,[0.54937161 0.69006011],9,2,"[0.5921204552873188, 0.6383928111301557]",631,-1
48708,[0.72350638 0.54104941],8,-1,-1,-1,-1
48709,[0.22615624 0.36212881],2,5,"[0.23231087327800656, 0.30304944505444303]",-1,-1
48710,[0.64696397 0.6966887 ],1,-1,-1,489,-1
48711,[0.36121857 0.31077221],6,1,"[0.3897435781344088, 0.3417040596068965]",-1,-1
48712,[0.37734743 0.60011422],7,0,"[0.383291892093257, 0.5586820702346661]",1754,-1
48713,[0.33025868 0.35105419],0,1,"[0.3897435781344088, 0.3417040596068965]",1368,-1
48714,[0.76344732 0.46178343],8,-1,-1,-1,-1
48715,[0.59123531 0.74744571],9,-1,-1,123,-1
48716,[0.68233576 0.44693699],8,3,"[0.6815204869410737, 0.47689852788858716]",-1,-1
48717,[0.71788152 0.70822969],1,4,"[0.7726811996944247, 0.7249303226766757]",-1,0
48718,[0.26498755 0.28454585],0,5,"[0.23231087327800656, 0.30304944505444303]",1622,-1
48719,[0.22137416 0.35524975],0,5,"[0.23231087327800656, 0.30304944505444303]",-1,-1
48720,[0.27633636 0.48850678],3,8,"[0.27392971195344684, 0.45973140540928376]",1796,-1
48721,[0.59574195 0.521023  ],5,-1,-1,1102,-1
48722,[0.25797071 0.29752768],0,5,"[0.23231087327800656, 0.30304944505444303]",-1,-1
48723,[0.45059238 0.5238654 ],5,6,"[0.5164739970238864, 0.5319253761973344]",-1,-1
48724,[0.56987801 0.48924166],5,6,"[0.5164739970238864, 0.5319253761973344]",848,-1
48725,[0.83182695 0.53542612],8,-1,-1,-1,-1
48726,[0.29323751 0.31866604],2,5,"[0.23231087327800656, 0.30304944505444303]",-1,-1
48727,[0.25862218 0.52438225],4,7,"[0.2817018170798153, 0.5849768676672948]",1727,-1
48728,[0.61351067 0.71350918],9,-1,-1,212,-1
48729,[0.29359962 0.2555524 ],2,9,"[0.3110394802231661, 0.23517199738277297]",1611,-1
48730,[0.67022619 0.66723426],1,-1,-1,638,-1
48731,[0.52428153 0.32203432],6,-1,-1,42,-1
48732,[0.56365504 0.5495486 ],5,6,"[0.5164739970238864, 0.5319253761973344]",1405,-1
48733,[0.27208558 0.60838323],7,7,"[0.2817018170798153, 0.5849768676672948]",-1,-1
48734,[0.64051099 0.59303781],5,2,"[0.5921204552873188, 0.6383928111301557]",1187,-1
48735,[0.2491423  0.30512037],0,5,"[0.23231087327800656, 0.30304944505444303]",-1,-1
48736,[0.27952267 0.3672775 ],0,-1,-1,-1,-1
48737,[0.45297754 0.59385172],5,-1,-1,1238,4
48738,[0.41680682 0.34317627],6,1,"[0.3897435781344088, 0.3417040596068965]",-1,-1
48739,[0.20819303 0.55875793],4,-1,-1,-1,-1
48740,[0.52845293 0.69662697],9,-1,-1,555,-1
48741,[0.25134292 0.5072367 ],7,8,"[0.27392971195344684, 0.45973140540928376]",-1,-1
48742,[0.55457547 0.63029898],9,2,"[0.5921204552873188, 0.6383928111301557]",-1,6
48743,[0.40258068 0.28581339],6,1,"[0.3897435781344088, 0.3417040596068965]",-1,-1
48744,[0.26174244 0.31532911],0,5,"[0.23231087327800656, 0.30304944505444303]",1516,-1
48745,[0.51781193 0.58211211],9,6,"[0.5164739970238864, 0.5319253761973344]",1384,6
48746,[0.67147587 0.48606727],8,3,"[0.6815204869410737, 0.47689852788858716]",-1,-1
48747,[0.45850229 0.65859984],3,-1,-1,-1,-1
48748,[0.68433695 0.68694574],1,-1,-1,382,-1
48749,[0.28315297 0.26681655],0,9,"[0.3110394802231661, 0.23517199738277297]",-1,-1
48750,[0.23581486 0.45206609],7,8,"[0.27392971195344684, 0.45973140540928376]",-1,-1
48751,[0.21401749 0.39677344],2,-1,-1,-1,-1
48752,[0.32655489 0.49578708],4,8,"[0.27392971195344684, 0.45973140540928376]",1787,-1
48753,[0.64936899 0.63907896],9,2,"[0.5921204552873188, 0.6383928111301557]",939,-1
48754,[0.55090898 0.57059582],5,6,"[0.5164739970238864, 0.5319253761973344]",-1,6
48755,[0.82589452 0.48401981],8,-1,-1,-1,-1
48756,[0.43233207 0.54425054],3,0,"[0.383291892093257, 0.5586820702346661]",-1,-1
48757,[0.31609235 0.44837031],2,8,"[0.27392971195344684, 0.45973140540928376]",-1,-1
48758,[0.3350647  0.48375073],4,8,"[0.27392971195344684, 0.45973140540928376]",-1,-1
48759,[0.73261783 0.86636446],1,-1,-1,-1,-1
48760,[0.45041504 0.48111466],3,-1,-1,-1,-1
48761,[0.48167301 0.52208954],5,6,"[0.5164739970238864, 0.5319253761973344]",-1,-1
48762,[0.48495667 0.62452586],3,-1,-1,647,-1
48763,[0.42213966 0.51460086],3,0,"[0.383291892093257, 0.5586820702346661]",1439,-1
48764,[0.26231878 0.33300284],2,5,"[0.23231087327800656, 0.30304944505444303]",1601,-1
48765,[0.47048328 0.58056083],3,6,"[0.5164739970238864, 0.5319253761973344]",-1,-1
48766,[0.32098361 0.19478172],0,9,"[0.3110394802231661, 0.23517199738277297]",292,-1
48767,[0.52526947 0.62176973],9,2,"[0.5921204552873188, 0.6383928111301557]",1146,-1
48768,[0.24860285 0.34877766],0,5,"[0.23231087327800656, 0.30304944505444303]",-1,-1
48769,[0.28501311 0.58998577],4,7,"[0.2817018170798153, 0.5849768676672948]",-1,-1
48770,[0.51900116 0.35517853],6,-1,-1,63,-1
48771,[0.38660504 0.31796052],2,1,"[0.3897435781344088, 0.3417040596068965]",-1,-1
48772,[0.44282039 0.62814676],3,-1,-1,698,-1
48773,[0.55934782 0.45184747],5,-1,-1,-1,-1
48774,[0.4035742  0.49754118],4,0,"[0.383291892093257, 0.5586820702346661]",-1,-1
48775,[0.34333211 0.32325457],6,1,"[0.3897435781344088, 0.3417040596068965]",1575,-1
48776,[0.4469129  0.54941313],5,0,"[0.383291892093257, 0.5586820702346661]",-1,-1
48777,[0.68259511 0.64432137],9,-1,-1,490,-1
48778,[0.85865707 0.71258285],1,-1,-1,313,0
48779,[0.79254732 0.68097982],1,4,"[0.7726811996944247, 0.7249303226766757]",-1,0
48780,[0.25473703 0.57920541],7,7,"[0.2817018170798153, 0.5849768676672948]",1562,-1
48781,[0.39420106 0.43229026],4,-1,-1,363,-1
48782,[0.40779513 0.46058145],5,-1,-1,579,-1
48783,[0.25819543 0.60656436],4,7,"[0.2817018170798153, 0.5849768676672948]",1646,-1
48784,[0.32103265 0.65160834],3,-1,-1,614,-1
48785,[0.40504271 0.60824657],5,0,"[0.383291892093257, 0.5586820702346661]",1697,-1
48786,[0.30005726 0.55073732],7,7,"[0.2817018170798153, 0.5849768676672948]",-1,-1
48787,[0.72705244 0.47546821],8,3,"[0.6815204869410737, 0.47689852788858716]",779,-1
48788,[0.5201726 0.5322959],5,6,"[0.5164739970238864, 0.5319253761973344]",1177,3
48789,[0.78337652 0.66400687],1,4,"[0.7726811996944247, 0.7249303226766757]",-1,0
48790,[0.15728228 0.28589562],2,-1,-1,-1,-1
48791,[0.74595558 0.76906615],1,4,"[0.7726811996944247, 0.7249303226766757]",301,0
48792,[0.28294539 0.54066572],7,7,"[0.2817018170798153, 0.5849768676672948]",-1,14
48793,[0.56531759 0.50249761],8,6,"[0.5164739970238864, 0.5319253761973344]",852,-1
48794,[0.2726593  0.29470526],0,5,"[0.23231087327800656, 0.30304944505444303]",1654,-1
48795,[0.57171674 0.61668477],9,2,"[0.5921204552873188, 0.6383928111301557]",-1,6
48796,[0.59500861 0.78001063],9,-1,-1,-1,-1
48797,[0.55786245 0.58815037],5,2,"[0.5921204552873188, 0.6383928111301557]",-1,-1
48798,[0.33347599 0.54162356],3,0,"[0.383291892093257, 0.5586820702346661]",-1,-1
48799,[0.31630416 0.56277048],3,7,"[0.2817018170798153, 0.5849768676672948]",-1,-1
48800,[0.45925166 0.59751143],3,-1,-1,1238,4
48801,[0.27021617 0.3263032 ],2,5,"[0.23231087327800656, 0.30304944505444303]",1585,9
48802,[0.60791303 0.58905032],9,2,"[0.5921204552873188, 0.6383928111301557]",-1,-1
48803,[0.18477377 0.53341151],3,-1,-1,-1,-1
48804,[0.33854744 0.49991835],7,-1,-1,-1,15
48805,[0.7311318  0.47571338],8,3,"[0.6815204869410737, 0.47689852788858716]",779,-1
48806,[0.41357066 0.64253425],3,-1,-1,-1,-1
48807,[0.23834453 0.47219112],7,8,"[0.27392971195344684, 0.45973140540928376]",-1,-1
48808,[0.50153347 0.30277495],6,-1,-1,93,-1
48809,[0.65556522 0.41941678],8,3,"[0.6815204869410737, 0.47689852788858716]",-1,-1
48810,[0.44926866 0.29452383],6,-1,-1,472,-1
48811,[0.4979017 0.2477666],6,-1,-1,-1,-1
48812,[0.18008037 0.33363561],2,5,"[0.23231087327800656, 0.30304944505444303]",-1,-1
48813,[0.52823015 0.72383477],9,-1,-1,-1,-1
48814,[0.28509581 0.54185104],7,7,"[0.2817018170798153, 0.5849768676672948]",-1,14
48815,[0.44386507 0.3383299 ],6,1,"[0.3897435781344088, 0.3417040596068965]",788,-1
48816,[0.63755416 0.59450284],9,2,"[0.5921204552873188, 0.6383928111301557]",-1,-1
48817,[0.51712836 0.5694787 ],5,6,"[0.5164739970238864, 0.5319253761973344]",1379,-1
48818,[0.71245625 0.48849822],8,3,"[0.6815204869410737, 0.47689852788858716]",-1,-1
48819,[0.50535306 0.45153251],5,-1,-1,-1,-1
48820,[0.49085541 0.54372614],5,6,"[0.5164739970238864, 0.5319253761973344]",-1,-1
48821,[0.41271463 0.35097999],6,1,"[0.3897435781344088, 0.3417040596068965]",981,-1
48822,[0.44445824 0.52091339],5,-1,-1,1435,-1
48823,[0.21842807 0.31551119],6,5,"[0.23231087327800656, 0.30304944505444303]",1340,-1
48824,[0.39007485 0.65645427],3,-1,-1,536,-1
48825,[0.50597744 0.63627056],5,-1,-1,-1,-1
48826,[0.40757411 0.62583203],7,-1,-1,-1,-1
48827,[0.5515652  0.61348942],9,2,"[0.5921204552873188, 0.6383928111301557]",-1,-1
48828,[0.51940463 0.62315098],9,-1,-1,1143,-1
48829,[0.30451214 0.22157913],6,9,"[0.3110394802231661, 0.23517199738277297]",972,-1
48830,[0.33897879 0.35092649],0,1,"[0.3897435781344088, 0.3417040596068965]",-1,-1
48831,[0.84862185 0.85057124],1,-1,-1,-1,-1
48832,[0.31922974 0.55203817],7,7,"[0.2817018170798153, 0.5849768676672948]",-1,17
48833,[0.35269602 0.62845029],4,-1,-1,1304,-1
48834,[0.27127939 0.28011507],0,5,"[0.23231087327800656, 0.30304944505444303]",-1,-1
48835,[0.30883103 0.49573194],7,8,"[0.27392971195344684, 0.45973140540928376]",-1,-1
48836,[0.44441822 0.33504702],6,1,"[0.3897435781344088, 0.3417040596068965]",788,-1
48837,[0.72433464 0.47335292],8,3,"[0.6815204869410737, 0.47689852788858716]",779,-1
48838,[0.23407126 0.68607947],4,-1,-1,-1,-1
48839,[0.31931799 0.39921142],0,-1,-1,-1,-1
48840,[0.82803814 0.79293035],1,-1,-1,191,0
48841,[0.19799911 0.47558197],7,-1,-1,185,-1
48842,[0.20111479 0.29938105],6,5,"[0.23231087327800656, 0.30304944505444303]",685,-1
48843,[0.26336357 0.36013301],2,5,"[0.23231087327800656, 0.30304944505444303]",1416,-1
48844,[0.27314279 0.67344553],7,-1,-1,-1,-1
48845,[0.40729698 0.61683502],3,0,"[0.383291892093257, 0.5586820702346661]",1696,-1
48846,[0.17757993 0.41047748],2,-1,-1,-1,-1
48847,[0.3337839  0.59031801],4,7,"[0.2817018170798153, 0.5849768676672948]",1940,-1
48848,[0.78617082 0.47371748],8,-1,-1,-1,-1
48849,[0.46496031 0.55025065],5,6,"[0.5164739970238864, 0.5319253761973344]",1267,-1
48850,[0.327201   0.59976935],3,7,"[0.2817018170798153, 0.5849768676672948]",-1,-1
48851,[0.44075505 0.23277291],6,-1,-1,178,-1
48852,[0.44962046 0.61681881],3,-1,-1,707,-1
48853,[0.32850079 0.57624026],4,7,"[0.2817018170798153, 0.5849768676672948]",-1,-1
48854,[0.34353631 0.49105557],3,-1,-1,-1,-1
48855,[0.37499828 0.31547884],2,1,"[0.3897435781344088, 0.3417040596068965]",-1,-1
48856,[0.16746328 0.60062995],7,-1,-1,-1,-1
48857,[0.35639174 0.62538295],3,-1,-1,1304,-1
48858,[0.80138021 0.71819156],1,4,"[0.7726811996944247, 0.7249303226766757]",-1,0
48859,[0.76103696 0.74556984],1,4,"[0.7726811996944247, 0.7249303226766757]",430,0
48860,[0.37153051 0.49929093],3,0,"[0.383291892093257, 0.5586820702346661]",1741,-1
48861,[0.41711544 0.39571994],6,1,"[0.3897435781344088, 0.3417040596068965]",758,-1
48862,[0.35937637 0.4966964 ],3,0,"[0.383291892093257, 0.5586820702346661]",1761,-1
48863,[0.40612777 0.50363077],4,0,"[0.383291892093257, 0.5586820702346661]",1455,-1
48864,[0.27865329 0.25933179],2,9,"[0.3110394802231661, 0.23517199738277297]",1606,-1
48865,[0.72179866 0.45430586],8,3,"[0.6815204869410737, 0.47689852788858716]",693,-1
48866,[0.67405802 0.59106934],9,-1,-1,338,-1
48867,[0.37243314 0.42674458],3,-1,-1,-1,-1
48868,[0.85307656 0.75939646],1,-1,-1,-1,0
48869,[0.16535189 0.28016976],0,-1,-1,-1,-1
48870,[0.3566342  0.53358891],7,0,"[0.383291892093257, 0.5586820702346661]",1951,-1
48871,[0.62547219 0.63030225],9,2,"[0.5921204552873188, 0.6383928111301557]",1162,-1
48872,[0.30682911 0.51587321],3,8,"[0.27392971195344684, 0.45973140540928376]",1881,-1
48873,[0.39804342 0.26901541],6,-1,-1,838,-1
48874,[0.20368576 0.54662237],7,-1,-1,644,-1
48875,[0.68706253 0.50825627],8,3,"[0.6815204869410737, 0.47689852788858716]",807,-1
48876,[0.33536787 0.26796214],0,9,"[0.3110394802231661, 0.23517199738277297]",-1,-1
48877,[0.25765936 0.60217056],4,7,"[0.2817018170798153, 0.5849768676672948]",-1,-1
48878,[0.49001928 0.5203768 ],5,6,"[0.5164739970238864, 0.5319253761973344]",936,-1
48879,[0.6578486  0.48095966],8,3,"[0.6815204869410737, 0.47689852788858716]",825,-1
48880,[0.67178785 0.46666017],8,3,"[0.6815204869410737, 0.47689852788858716]",804,-1
48881,[0.51621468 0.63498781],4,-1,-1,-1,-1
48882,[0.80071718 0.701206  ],1,4,"[0.7726811996944247, 0.7249303226766757]",-1,0
48883,[0.29388309 0.18713527],0,9,"[0.3110394802231661, 0.23517199738277297]",425,-1
48884,[0.67395585 0.77708264],1,-1,-1,83,-1
48885,[0.73180581 0.40736549],8,-1,-1,316,-1
48886,[0.21305435 0.21369494],2,-1,-1,-1,-1
48887,[0.69858539 0.3922316 ],8,-1,-1,217,-1
48888,[0.44127383 0.42381579],3,-1,-1,160,-1
48889,[0.24431254 0.55418241],4,7,"[0.2817018170798153, 0.5849768676672948]",-1,-1
48890,[0.44163522 0.50873941],3,-1,-1,1059,-1
48891,[0.62398794 0.71480969],9,-1,-1,-1,-1
48892,[0.28919871 0.55433197],4,7,"[0.2817018170798153, 0.5849768676672948]",-1,13
48893,[0.70393397 0.54246752],8,3,"[0.6815204869410737, 0.47689852788858716]",-1,-1
48894,[0.27982959 0.63355556],3,7,"[0.2817018170798153, 0.5849768676672948]",-1,-1
48895,[0.48457303 0.30473723],6,-1,-1,173,-1
48896,[0.35014663 0.59639628],3,0,"[0.383291892093257, 0.5586820702346661]",1833,-1
48897,[0.25435036 0.39912738],7,8,"[0.27392971195344684, 0.45973140540928376]",649,-1
48898,[0.3154069  0.33695204],2,-1,-1,1615,-1
48899,[0.76699413 0.79887664],1,-1,-1,-1,0
48900,[0.52473078 0.52643799],5,6,"[0.5164739970238864, 0.5319253761973344]",-1,3
48901,[0.65049419 0.70774014],9,-1,-1,489,-1
48902,[0.54957465 0.5364653 ],5,6,"[0.5164739970238864, 0.5319253761973344]",1375,-1
48903,[0.19655596 0.16005712],2,-1,-1,99,-1
48904,[0.41525397 0.33172267],6,1,"[0.3897435781344088, 0.3417040596068965]",989,-1
48905,[0.28350625 0.3457378 ],6,5,"[0.23231087327800656, 0.30304944505444303]",-1,-1
48906,[0.77642322 0.71467666],1,4,"[0.7726811996944247, 0.7249303226766757]",477,0
48907,[0.33734025 0.42969795],7,-1,-1,-1,-1
48908,[0.59615783 0.51934426],9,-1,-1,1102,-1
48909,[0.50679999 0.65225357],5,-1,-1,-1,-1
48910,[0.50185494 0.59887645],5,6,"[0.5164739970238864, 0.5319253761973344]",1063,-1
48911,[0.64378794 0.48302487],8,3,"[0.6815204869410737, 0.47689852788858716]",820,1
48912,[0.30850124 0.59775434],4,7,"[0.2817018170798153, 0.5849768676672948]",1820,-1
48913,[0.29634193 0.69516167],4,-1,-1,-1,-1
48914,[0.32864035 0.24994193],2,9,"[0.3110394802231661, 0.23517199738277297]",1489,-1
48915,[0.8047329  0.50658464],8,-1,-1,-1,-1
48916,[0.30039297 0.33504039],2,-1,-1,-1,-1
48917,[0.18804291 0.59750165],7,-1,-1,-1,-1
48918,[0.56906783 0.64377629],9,2,"[0.5921204552873188, 0.6383928111301557]",1220,-1
48919,[0.28223204 0.223752  ],0,9,"[0.3110394802231661, 0.23517199738277297]",1356,-1
48920,[0.28271997 0.2936736 ],0,5,"[0.23231087327800656, 0.30304944505444303]",1687,11
48921,[0.56297259 0.54377084],9,6,"[0.5164739970238864, 0.5319253761973344]",-1,6
48922,[0.52453672 0.58134725],9,6,"[0.5164739970238864, 0.5319253761973344]",1052,6
48923,[0.67483382 0.36049065],8,-1,-1,-1,-1
48924,[0.69321753 0.77939204],1,-1,-1,-1,0
48925,[0.31732957 0.46995571],2,8,"[0.27392971195344684, 0.45973140540928376]",-1,-1
48926,[0.355644   0.58730434],3,0,"[0.383291892093257, 0.5586820702346661]",1828,-1
48927,[0.1687889  0.40870833],7,-1,-1,134,-1
48928,[0.29796734 0.39600328],6,8,"[0.27392971195344684, 0.45973140540928376]",1067,-1
48929,[0.35163497 0.44387617],6,-1,-1,1193,-1
48930,[0.211236   0.41628936],7,-1,-1,-1,-1
48931,[0.35090181 0.62114955],3,-1,-1,-1,-1
48932,[0.25884479 0.50569363],7,8,"[0.27392971195344684, 0.45973140540928376]",-1,-1
48933,[0.5444849  0.46571689],5,-1,-1,-1,-1
48934,[0.66235419 0.6752298 ],1,-1,-1,637,-1
48935,[0.22853757 0.26265164],2,5,"[0.23231087327800656, 0.30304944505444303]",-1,-1
48936,[0.80608151 0.82773856],1,-1,-1,-1,-1
48937,[0.54040252 0.62836079],9,2,"[0.5921204552873188, 0.6383928111301557]",-1,-1
48938,[0.26767199 0.4557163 ],7,8,"[0.27392971195344684, 0.45973140540928376]",1241,-1
48939,[0.37775807 0.47404513],7,-1,-1,-1,-1
48940,[0.18939689 0.48320421],7,-1,-1,214,-1
48941,[0.67163833 0.59699791],9,-1,-1,-1,-1
48942,[0.55248819 0.64325071],9,2,"[0.5921204552873188, 0.6383928111301557]",1278,-1
48943,[0.73691959 0.64708873],9,-1,-1,184,0
48944,[0.3440385  0.67691944],4,-1,-1,298,-1
48945,[0.67224102 0.64086019],9,-1,-1,581,-1
48946,[0.260497   0.24448737],0,9,"[0.3110394802231661, 0.23517199738277297]",-1,-1
48947,[0.34987877 0.27591302],6,9,"[0.3110394802231661, 0.23517199738277297]",-1,-1
48948,[0.37025109 0.39227815],6,1,"[0.3897435781344088, 0.3417040596068965]",-1,-1
48949,[0.26669615 0.33796846],6,5,"[0.23231087327800656, 0.30304944505444303]",-1,-1
48950,[0.81483248 0.7648854 ],1,4,"[0.7726811996944247, 0.7249303226766757]",405,0
48951,[0.3933916  0.28855238],6,1,"[0.3897435781344088, 0.3417040596068965]",-1,-1
48952,[0.31096954 0.55401465],7,7,"[0.2817018170798153, 0.5849768676672948]",-1,17
48953,[0.36146312 0.58547792],4,0,"[0.383291892093257, 0.5586820702346661]",1847,12
48954,[0.7178253  0.46806918],8,3,"[0.6815204869410737, 0.47689852788858716]",780,-1
48955,[0.65128794 0.46753802],9,3,"[0.6815204869410737, 0.47689852788858716]",-1,1
48956,[0.20065757 0.28924867],0,5,"[0.23231087327800656, 0.30304944505444303]",933,-1
48957,[0.7190332  0.78809187],1,-1,-1,224,0
48958,[0.51098759 0.53460028],5,6,"[0.5164739970238864, 0.5319253761973344]",1182,3
48959,[0.46283439 0.42553294],5,-1,-1,128,-1
48960,[0.56083864 0.62232021],9,2,"[0.5921204552873188, 0.6383928111301557]",1284,-1
48961,[0.42772462 0.56294214],5,0,"[0.383291892093257, 0.5586820702346661]",1224,-1
48962,[0.35913341 0.3399115 ],2,1,"[0.3897435781344088, 0.3417040596068965]",1500,-1
48963,[0.73675201 0.4492545 ],8,3,"[0.6815204869410737, 0.47689852788858716]",-1,-1
48964,[0.22901088 0.63573213],4,-1,-1,-1,-1
48965,[0.54856384 0.36755403],5,-1,-1,-1,-1
48966,[0.47522387 0.25098798],6,-1,-1,-1,-1
48967,[0.59015354 0.63253146],9,2,"[0.5921204552873188, 0.6383928111301557]",1337,-1
48968,[0.5192008  0.51167901],5,6,"[0.5164739970238864, 0.5319253761973344]",1179,-1
48969,[0.1721666  0.37335831],0,-1,-1,145,-1
48970,[0.21010854 0.32682272],0,5,"[0.23231087327800656, 0.30304944505444303]",-1,-1
48971,[0.54743454 0.68509917],9,2,"[0.5921204552873188, 0.6383928111301557]",-1,-1
48972,[0.57777543 0.5610266 ],9,6,"[0.5164739970238864, 0.5319253761973344]",1394,-1
48973,[0.79111951 0.72854997],1,4,"[0.7726811996944247, 0.7249303226766757]",465,0
48974,[0.34667654 0.71247124],3,-1,-1,-1,-1
48975,[0.53112122 0.31187538],6,-1,-1,-1,-1
48976,[0.24734831 0.32413314],2,5,"[0.23231087327800656, 0.30304944505444303]",1503,7
48977,[0.23450843 0.30536981],0,5,"[0.23231087327800656, 0.30304944505444303]",1567,-1
48978,[0.36119137 0.25620756],2,9,"[0.3110394802231661, 0.23517199738277297]",-1,-1
48979,[0.40212671 0.35011531],6,1,"[0.3897435781344088, 0.3417040596068965]",-1,-1
48980,[0.75526633 0.72366689],1,4,"[0.7726811996944247, 0.7249303226766757]",466,0
48981,[0.69198838 0.51806475],8,3,"[0.6815204869410737, 0.47689852788858716]",786,-1
48982,[0.40232114 0.34635877],6,1,"[0.3897435781344088, 0.3417040596068965]",997,-1
48983,[0.3361302  0.33140911],6,1,"[0.3897435781344088, 0.3417040596068965]",-1,-1
48984,[0.22711261 0.25252457],0,5,"[0.23231087327800656, 0.30304944505444303]",885,-1
48985,[0.63563901 0.65712439],9,2,"[0.5921204552873188, 0.6383928111301557]",645,-1
48986,[0.78184193 0.71609487],1,4,"[0.7726811996944247, 0.7249303226766757]",477,0
48987,[0.57125856 0.608754  ],5,2,"[0.5921204552873188, 0.6383928111301557]",1415,6
48988,[0.2230975  0.20215528],0,-1,-1,374,-1
48989,[0.60217448 0.56740802],5,-1,-1,-1,5
48990,[0.31327548 0.59991021],7,7,"[0.2817018170798153, 0.5849768676672948]",-1,-1
48991,[0.84048056 0.71381684],1,4,"[0.7726811996944247, 0.7249303226766757]",-1,0
48992,[0.36940897 0.62971083],3,-1,-1,-1,-1
48993,[0.70171185 0.49421573],8,3,"[0.6815204869410737, 0.47689852788858716]",831,2
48994,[0.3668017  0.52718416],3,0,"[0.383291892093257, 0.5586820702346661]",-1,-1
48995,[0.3630227 0.3621032],7,1,"[0.3897435781344088, 0.3417040596068965]",-1,-1
48996,[0.46352133 0.45366513],3,-1,-1,-1,-1
48997,[0.31339204 0.648132  ],4,-1,-1,590,-1
48998,[0.55811614 0.4677505 ],9,-1,-1,-1,-1
48999,[0.40121389 0.32917094],6,1,"[0.3897435781344088, 0.3417040596068965]",1000,-1
49000,[0.3322648  0.66915125],7,-1,-1,-1,-1
49001,[0.73166355 0.77093255],1,4,"[0.7726811996944247, 0.7249303226766757]",315,0
49002,[0.32296062 0.44626685],7,8,"[0.27392971195344684, 0.45973140540928376]",941,-1
49003,[0.60884862 0.63164405],5,2,"[0.5921204552873188, 0.6383928111301557]",1336,6
49004,[0.24862304 0.6127135 ],4,7,"[0.2817018170798153, 0.5849768676672948]",514,-1
49005,[0.15546494 0.31202299],0,-1,-1,-1,-1
49006,[0.58373948 0.62085898],9,2,"[0.5921204552873188, 0.6383928111301557]",-1,-1
49007,[0.7343536  0.42619911],8,-1,-1,317,-1
49008,[0.81663001 0.65425616],1,-1,-1,255,0
49009,[0.76579925 0.73207171],1,4,"[0.7726811996944247, 0.7249303226766757]",469,0
49010,[0.41027503 0.56014179],3,0,"[0.383291892093257, 0.5586820702346661]",1740,-1
49011,[0.29316817 0.37813891],6,-1,-1,-1,-1
49012,[0.41465358 0.35968144],6,1,"[0.3897435781344088, 0.3417040596068965]",982,-1
49013,[0.34624933 0.61420214],4,0,"[0.383291892093257, 0.5586820702346661]",-1,-1
49014,[0.40866243 0.43406693],7,-1,-1,-1,-1
49015,[0.60551412 0.59644947],9,2,"[0.5921204552873188, 0.6383928111301557]",1327,-1
49016,[0.40515349 0.57345192],4,0,"[0.383291892093257, 0.5586820702346661]",1737,-1
49017,[0.54621401 0.63765914],5,2,"[0.5921204552873188, 0.6383928111301557]",1255,-1
49018,[0.59779892 0.74172798],9,-1,-1,-1,-1
49019,[0.26322988 0.46596634],7,8,"[0.27392971195344684, 0.45973140540928376]",1595,-1
49020,[0.71373643 0.68101297],1,-1,-1,391,0
49021,[0.17437417 0.17612376],0,-1,-1,-1,-1
49022,[0.84427511 0.69211012],1,-1,-1,309,0
49023,[0.81925278 0.77689023],1,4,"[0.7726811996944247, 0.7249303226766757]",254,0
49024,[0.45420372 0.50377327],4,6,"[0.5164739970238864, 0.5319253761973344]",-1,-1
49025,[0.38264319 0.27708771],2,1,"[0.3897435781344088, 0.3417040596068965]",1073,-1
49026,[0.27783748 0.4722701 ],4,8,"[0.27392971195344684, 0.45973140540928376]",1596,-1
49027,[0.19235511 0.31818813],0,5,"[0.23231087327800656, 0.30304944505444303]",857,-1
49028,[0.30533484 0.44927102],2,8,"[0.27392971195344684, 0.45973140540928376]",-1,-1
49029,[0.43519294 0.65568218],3,-1,-1,-1,-1
49030,[0.3796317  0.18198705],0,-1,-1,-1,-1
49031,[0.44236397 0.63269163],3,-1,-1,-1,-1
49032,[0.17690278 0.34138189],2,5,"[0.23231087327800656, 0.30304944505444303]",-1,-1
49033,[0.77845591 0.76063162],1,4,"[0.7726811996944247, 0.7249303226766757]",-1,0
49034,[0.30749806 0.59604311],7,7,"[0.2817018170798153, 0.5849768676672948]",1820,-1
49035,[0.1312338  0.37316298],2,-1,-1,-1,-1
49036,[0.39088389 0.62441381],3,0,"[0.383291892093257, 0.5586820702346661]",-1,-1
49037,[0.64349233 0.50169085],8,3,"[0.6815204869410737, 0.47689852788858716]",866,-1
49038,[0.65040875 0.50938054],8,3,"[0.6815204869410737, 0.47689852788858716]",-1,-1
49039,[0.30929235 0.30900233],2,-1,-1,1648,-1
49040,[0.27126755 0.61508404],4,7,"[0.2817018170798153, 0.5849768676672948]",-1,-1
49041,[0.27805911 0.29351863],0,5,"[0.23231087327800656, 0.30304944505444303]",-1,-1
49042,[0.18714333 0.3163226 ],2,5,"[0.23231087327800656, 0.30304944505444303]",-1,-1
49043,[0.79983573 0.45274078],8,-1,-1,-1,-1
49044,[0.28749996 0.4045759 ],7,8,"[0.27392971195344684, 0.45973140540928376]",-1,-1
49045,[0.65080202 0.45546441],8,3,"[0.6815204869410737, 0.47689852788858716]",801,-1
49046,[0.4397106 0.5481319],4,0,"[0.383291892093257, 0.5586820702346661]",1296,-1
49047,[0.32650038 0.57209779],4,7,"[0.2817018170798153, 0.5849768676672948]",1976,-1
49048,[0.35912027 0.36291797],6,1,"[0.3897435781344088, 0.3417040596068965]",1079,-1
49049,[0.5646156 0.5022053],5,6,"[0.5164739970238864, 0.5319253761973344]",852,-1
49050,[0.47905966 0.4534793 ],5,-1,-1,-1,-1
49051,[0.60736992 0.56026448],5,-1,-1,-1,-1
49052,[0.54806001 0.5348173 ],9,6,"[0.5164739970238864, 0.5319253761973344]",1375,-1
49053,[0.50078065 0.56065916],5,6,"[0.5164739970238864, 0.5319253761973344]",-1,-1
49054,[0.44073611 0.5128417 ],3,-1,-1,1059,-1
49055,[0.36978128 0.30781175],6,1,"[0.3897435781344088, 0.3417040596068965]",1472,-1
49056,[0.22804533 0.29952578],2,5,"[0.23231087327800656, 0.30304944505444303]",1468,-1
49057,[0.78214819 0.71269762],1,4,"[0.7726811996944247, 0.7249303226766757]",-1,0
49058,[0.48916148 0.55680158],9,6,"[0.5164739970238864, 0.5319253761973344]",1184,-1
49059,[0.6600213  0.67225929],9,-1,-1,-1,-1
49060,[0.24960275 0.35478604],2,5,"[0.23231087327800656, 0.30304944505444303]",1570,-1
49061,[0.56364282 0.58033229],5,2,"[0.5921204552873188, 0.6383928111301557]",-1,6
49062,[0.58470825 0.62813714],9,2,"[0.5921204552873188, 0.6383928111301557]",1333,-1
49063,[0.59879401 0.38114022],8,-1,-1,97,-1
49064,[0.42621533 0.5183359 ],3,0,"[0.383291892093257, 0.5586820702346661]",1439,-1
49065,[0.22783576 0.53156423],7,-1,-1,1477,-1
49066,[0.77347111 0.80563124],1,-1,-1,-1,0
49067,[0.83385383 0.52403746],8,-1,-1,7,-1
49068,[0.25954973 0.54028401],7,7,"[0.2817018170798153, 0.5849768676672948]",1559,-1
49069,[0.57324357 0.63619855],9,2,"[0.5921204552873188, 0.6383928111301557]",-1,-1
49070,[0.29935077 0.2990955 ],2,9,"[0.3110394802231661, 0.23517199738277297]",1690,-1
49071,[0.55340527 0.466164  ],5,-1,-1,-1,-1
49072,[0.1799432  0.28954314],0,5,"[0.23231087327800656, 0.30304944505444303]",-1,-1
49073,[0.35607713 0.62202445],3,0,"[0.383291892093257, 0.5586820702346661]",-1,-1
49074,[0.11925308 0.18968578],0,-1,-1,-1,-1
49075,[0.51224188 0.49480432],5,6,"[0.5164739970238864, 0.5319253761973344]",-1,-1
49076,[0.51404721 0.60688119],5,-1,-1,1230,-1
49077,[0.32340541 0.54299467],3,7,"[0.2817018170798153, 0.5849768676672948]",1978,-1
49078,[0.23407776 0.26329091],2,5,"[0.23231087327800656, 0.30304944505444303]",-1,-1
49079,[0.34809894 0.34008594],2,1,"[0.3897435781344088, 0.3417040596068965]",-1,-1
49080,[0.17320749 0.45191132],7,-1,-1,-1,-1
49081,[0.39445992 0.42933583],6,-1,-1,363,-1
49082,[0.23843149 0.38373589],7,-1,-1,912,-1
49083,[0.62825486 0.45923501],8,3,"[0.6815204869410737, 0.47689852788858716]",619,-1
49084,[0.25495316 0.27703595],2,5,"[0.23231087327800656, 0.30304944505444303]",-1,-1
49085,[0.12702385 0.50958156],7,-1,-1,-1,-1
49086,[0.32778247 0.4479149 ],7,8,"[0.27392971195344684, 0.45973140540928376]",941,-1
49087,[0.40085281 0.6025974 ],4,0,"[0.383291892093257, 0.5586820702346661]",1724,-1
49088,[0.72480928 0.81068634],1,-1,-1,89,-1
49089,[0.56637586 0.5284559 ],5,6,"[0.5164739970238864, 0.5319253761973344]",1373,-1
49090,[0.31452603 0.59674892],3,7,"[0.2817018170798153, 0.5849768676672948]",1937,-1
49091,[0.34136311 0.60539244],4,0,"[0.383291892093257, 0.5586820702346661]",1862,-1
49092,[0.35187011 0.48952821],4,-1,-1,-1,-1
49093,[0.56608304 0.5926875 ],5,2,"[0.5921204552873188, 0.6383928111301557]",-1,-1
49094,[0.84942279 0.67211398],1,-1,-1,306,0
49095,[0.73910945 0.73343537],1,4,"[0.7726811996944247, 0.7249303226766757]",452,0
49096,[0.29344682 0.34941895],0,-1,-1,-1,-1
49097,[0.36716346 0.53980062],4,0,"[0.383291892093257, 0.5586820702346661]",-1,-1
49098,[0.38520157 0.41118558],6,1,"[0.3897435781344088, 0.3417040596068965]",-1,-1
49099,[0.24969193 0.17532041],0,-1,-1,-1,-1
49100,[0.32761589 0.33535098],6,1,"[0.3897435781344088, 0.3417040596068965]",-1,-1
49101,[0.56951415 0.67935846],9,2,"[0.5921204552873188, 0.6383928111301557]",1034,-1
49102,[0.2833542  0.50992588],7,8,"[0.27392971195344684, 0.45973140540928376]",1835,-1
49103,[0.5804279  0.50387708],8,6,"[0.5164739970238864, 0.5319253761973344]",-1,-1
49104,[0.68747571 0.50035043],8,3,"[0.6815204869410737, 0.47689852788858716]",-1,2
49105,[0.54539207 0.38378235],8,-1,-1,47,-1
49106,[0.21481883 0.31280997],2,5,"[0.23231087327800656, 0.30304944505444303]",1340,-1
49107,[0.30658776 0.34222518],0,-1,-1,1593,8
49108,[0.41398178 0.35210155],6,1,"[0.3897435781344088, 0.3417040596068965]",981,-1
49109,[0.4076592  0.38258154],6,1,"[0.3897435781344088, 0.3417040596068965]",-1,-1
49110,[0.36388072 0.19459498],6,9,"[0.3110394802231661, 0.23517199738277297]",-1,-1
49111,[0.62155755 0.50356589],8,3,"[0.6815204869410737, 0.47689852788858716]",-1,-1
49112,[0.54770984 0.66777296],9,2,"[0.5921204552873188, 0.6383928111301557]",-1,-1
49113,[0.7091656  0.55118815],9,-1,-1,563,-1
49114,[0.44671234 0.25543055],6,-1,-1,-1,-1
49115,[0.34149208 0.4405374 ],3,-1,-1,-1,-1
49116,[0.37749586 0.43474036],3,-1,-1,-1,-1
49117,[0.26517164 0.35867811],0,5,"[0.23231087327800656, 0.30304944505444303]",-1,-1
49118,[0.43806886 0.21532387],6,-1,-1,73,-1
49119,[0.52927986 0.43695184],8,-1,-1,146,-1
49120,[0.36471507 0.55887185],7,0,"[0.383291892093257, 0.5586820702346661]",-1,12
49121,[0.39990881 0.20440475],6,-1,-1,174,-1
49122,[0.56448026 0.51755146],8,6,"[0.5164739970238864, 0.5319253761973344]",-1,-1
49123,[0.3633589  0.55241918],3,0,"[0.383291892093257, 0.5586820702346661]",1793,-1
49124,[0.2935877  0.38947053],7,-1,-1,1068,-1
49125,[0.68848935 0.49613898],8,3,"[0.6815204869410737, 0.47689852788858716]",836,2
49126,[0.44457627 0.30504545],6,1,"[0.3897435781344088, 0.3417040596068965]",492,-1
49127,[0.28547799 0.32144566],0,5,"[0.23231087327800656, 0.30304944505444303]",1610,-1
49128,[0.59420012 0.62352409],9,2,"[0.5921204552873188, 0.6383928111301557]",1343,-1
49129,[0.76906346 0.73593699],1,4,"[0.7726811996944247, 0.7249303226766757]",469,0
49130,[0.34812654 0.50252593],4,0,"[0.383291892093257, 0.5586820702346661]",-1,-1
49131,[0.73786718 0.74540261],1,4,"[0.7726811996944247, 0.7249303226766757]",-1,0
49132,[0.8205129  0.65514067],1,-1,-1,255,0
49133,[0.44338823 0.53963872],4,0,"[0.383291892093257, 0.5586820702346661]",1249,-1
49134,[0.32648889 0.60991987],3,7,"[0.2817018170798153, 0.5849768676672948]",1544,-1
49135,[0.44660003 0.59688513],3,-1,-1,-1,4
49136,[0.37663612 0.388952  ],6,1,"[0.3897435781344088, 0.3417040596068965]",-1,-1
49137,[0.30956079 0.47025255],3,8,"[0.27392971195344684, 0.45973140540928376]",1733,-1
49138,[0.3190649 0.2320765],0,9,"[0.3110394802231661, 0.23517199738277297]",-1,-1
49139,[0.83050137 0.82477622],1,-1,-1,122,-1
49140,[0.11513037 0.58932918],7,-1,-1,-1,-1
49141,[0.72385191 0.59744109],1,-1,-1,-1,-1
49142,[0.2851032  0.49454953],4,8,"[0.27392971195344684, 0.45973140540928376]",-1,-1
49143,[0.24503421 0.36334191],2,5,"[0.23231087327800656, 0.30304944505444303]",-1,-1
49144,[0.22879544 0.53901593],4,-1,-1,-1,-1
49145,[0.66415984 0.58954242],8,-1,-1,-1,-1
49146,[0.46689005 0.47413112],3,-1,-1,664,-1
49147,[0.55952249 0.54835563],9,6,"[0.5164739970238864, 0.5319253761973344]",-1,-1
49148,[0.52371466 0.78152788],9,-1,-1,-1,-1
49149,[0.895978   0.92307204],1,-1,-1,-1,-1
49150,[0.30202299 0.25013361],0,9,"[0.3110394802231661, 0.23517199738277297]",1202,-1
49151,[0.7243114 0.7464207],1,4,"[0.7726811996944247, 0.7249303226766757]",421,0
49152,[0.25781679 0.56035486],4,7,"[0.2817018170798153, 0.5849768676672948]",1705,-1
49153,[0.26668325 0.26385451],0,5,"[0.23231087327800656, 0.30304944505444303]",1505,-1
49154,[0.62361426 0.49072749],8,3,"[0.6815204869410737, 0.47689852788858716]",789,-1
49155,[0.76552703 0.68771554],1,4,"[0.7726811996944247, 0.7249303226766757]",-1,0
49156,[0.67512889 0.63733807],9,-1,-1,581,-1
49157,[0.39039233 0.37864078],6,1,"[0.3897435781344088, 0.3417040596068965]",-1,-1
49158,[0.21681456 0.36546689],2,5,"[0.23231087327800656, 0.30304944505444303]",-1,-1
49159,[0.36582454 0.53402896],4,0,"[0.383291892093257, 0.5586820702346661]",1934,-1
49160,[0.48698634 0.64050735],5,-1,-1,647,-1
49161,[0.52878404 0.5732555 ],5,6,"[0.5164739970238864, 0.5319253761973344]",-1,-1
49162,[0.5961319  0.50851662],5,-1,-1,844,-1
49163,[0.31195055 0.49644663],3,8,"[0.27392971195344684, 0.45973140540928376]",-1,-1
49164,[0.30641719 0.22145925],2,9,"[0.3110394802231661, 0.23517199738277297]",972,-1
49165,[0.54827602 0.28222544],6,-1,-1,-1,-1
49166,[0.39199145 0.44464528],5,-1,-1,567,-1
49167,[0.67509714 0.62586087],9,-1,-1,-1,-1
49168,[0.50831213 0.46950907],5,6,"[0.5164739970238864, 0.5319253761973344]",248,-1
49169,[0.57116163 0.70889642],9,-1,-1,-1,-1
49170,[0.51714486 0.67331581],9,-1,-1,449,-1
49171,[0.29005587 0.54859856],4,7,"[0.2817018170798153, 0.5849768676672948]",-1,-1
49172,[0.42693494 0.49554737],5,-1,-1,-1,-1
49173,[0.18743849 0.26181152],0,5,"[0.23231087327800656, 0.30304944505444303]",-1,-1
49174,[0.23878804 0.46814402],7,8,"[0.27392971195344684, 0.45973140540928376]",-1,-1
49175,[0.74124605 0.55829298],8,-1,-1,-1,-1
49176,[0.21333898 0.35298427],0,5,"[0.23231087327800656, 0.30304944505444303]",-1,-1
49177,[0.19965967 0.56905548],7,-1,-1,-1,-1
49178,[0.53272432 0.58374287],5,6,"[0.5164739970238864, 0.5319253761973344]",1372,-1
49179,[0.32954024 0.54888826],7,0,"[0.383291892093257, 0.5586820702346661]",1960,-1
49180,[0.46451295 0.27463455],6,-1,-1,-1,-1
49181,[0.11823989 0.45194514],7,-1,-1,-1,-1
49182,[0.2511434  0.16785101],0,-1,-1,148,-1
49183,[0.31592894 0.41971462],4,8,"[0.27392971195344684, 0.45973140540928376]",1017,-1
49184,[0.67273956 0.72029045],1,-1,-1,-1,0
49185,[0.71602197 0.77187471],1,-1,-1,218,0
49186,[0.71261826 0.7070297 ],1,4,"[0.7726811996944247, 0.7249303226766757]",-1,0
49187,[0.24907891 0.22893109],0,9,"[0.3110394802231661, 0.23517199738277297]",985,-1
49188,[0.62256371 0.48408088],8,3,"[0.6815204869410737, 0.47689852788858716]",-1,-1
49189,[0.54611459 0.53256235],9,6,"[0.5164739970238864, 0.5319253761973344]",-1,-1
49190,[0.80102104 0.70658314],1,4,"[0.7726811996944247, 0.7249303226766757]",479,0
49191,[0.58381358 0.54824525],5,6,"[0.5164739970238864, 0.5319253761973344]",-1,-1
49192,[0.77801132 0.56935751],8,-1,-1,-1,-1
49193,[0.21320151 0.28705363],0,5,"[0.23231087327800656, 0.30304944505444303]",1109,-1
49194,[0.84346159 0.44870594],8,-1,-1,1,-1
49195,[0.54455981 0.5414959 ],5,6,"[0.5164739970238864, 0.5319253761973344]",-1,-1
49196,[0.68231033 0.62449593],9,-1,-1,494,-1
49197,[0.29056557 0.44333786],7,8,"[0.27392971195344684, 0.45973140540928376]",1240,-1
49198,[0.65147907 0.43569017],8,3,"[0.6815204869410737, 0.47689852788858716]",-1,-1
49199,[0.77611649 0.70868396],1,4,"[0.7726811996944247, 0.7249303226766757]",476,0
49200,[0.38878383 0.39085468],6,1,"[0.3897435781344088, 0.3417040596068965]",952,-1
49201,[0.29074692 0.52761466],4,7,"[0.2817018170798153, 0.5849768676672948]",-1,14
49202,[0.30884497 0.32584879],6,-1,-1,1677,-1
49203,[0.33304782 0.3982026 ],7,-1,-1,-1,-1
49204,[0.85167296 0.80797365],1,-1,-1,-1,-1
49205,[0.22689311 0.29115938],2,5,"[0.23231087327800656, 0.30304944505444303]",1460,-1
49206,[0.28522732 0.28767609],0,5,"[0.23231087327800656, 0.30304944505444303]",-1,11
49207,[0.65496058 0.7036518 ],9,-1,-1,489,-1
49208,[0.72521003 0.65051439],1,-1,-1,-1,0
49209,[0.6344321 0.4152045],8,-1,-1,-1,-1
49210,[0.46080357 0.61296334],3,-1,-1,703,-1
49211,[0.40654319 0.34857007],6,1,"[0.3897435781344088, 0.3417040596068965]",-1,-1
49212,[0.47510373 0.24219462],6,-1,-1,-1,-1
49213,[0.51579502 0.52185232],5,6,"[0.5164739970238864, 0.5319253761973344]",1192,-1
49214,[0.25225706 0.20118973],2,9,"[0.3110394802231661, 0.23517199738277297]",-1,-1
49215,[0.61024341 0.5229035 ],5,-1,-1,1102,-1
49216,[0.35696725 0.49651958],4,0,"[0.383291892093257, 0.5586820702346661]",-1,-1
49217,[0.34353622 0.32174094],6,1,"[0.3897435781344088, 0.3417040596068965]",1575,-1
49218,[0.39848093 0.32315894],2,1,"[0.3897435781344088, 0.3417040596068965]",966,-1
49219,[0.58490254 0.6544741 ],9,2,"[0.5921204552873188, 0.6383928111301557]",1124,-1
49220,[0.21791452 0.07001146],0,-1,-1,-1,-1
49221,[0.38740196 0.49137791],4,0,"[0.383291892093257, 0.5586820702346661]",-1,-1
49222,[0.22182338 0.47278625],7,8,"[0.27392971195344684, 0.45973140540928376]",724,-1
49223,[0.44657052 0.20815575],6,-1,-1,-1,-1
49224,[0.56947535 0.57498672],5,2,"[0.5921204552873188, 0.6383928111301557]",-1,6
49225,[0.21515726 0.218499  ],0,-1,-1,-1,-1
49226,[0.29153592 0.52082866],4,8,"[0.27392971195344684, 0.45973140540928376]",-1,14
49227,[0.71961945 0.51614772],8,3,"[0.6815204869410737, 0.47689852788858716]",573,-1
49228,[0.63749471 0.56656937],9,-1,-1,1103,-1
49229,[0.32047328 0.70164401],4,-1,-1,48,-1
49230,[0.27103547 0.44581634],2,8,"[0.27392971195344684, 0.45973140540928376]",1251,-1
49231,[0.35772368 0.446297  ],7,-1,-1,-1,-1
49232,[0.55264687 0.58810327],5,2,"[0.5921204552873188, 0.6383928111301557]",1431,-1
49233,[0.79367832 0.71574881],1,4,"[0.7726811996944247, 0.7249303226766757]",-1,0
49234,[0.74121741 0.48002894],8,3,"[0.6815204869410737, 0.47689852788858716]",-1,-1
49235,[0.42494402 0.5882827 ],4,0,"[0.383291892093257, 0.5586820702346661]",1712,-1
49236,[0.23863709 0.64905352],7,-1,-1,-1,-1
49237,[0.68280419 0.4785079 ],8,3,"[0.6815204869410737, 0.47689852788858716]",814,-1
49238,[0.23797398 0.50580605],7,8,"[0.27392971195344684, 0.45973140540928376]",-1,-1
49239,[0.59591446 0.71603689],9,-1,-1,423,-1
49240,[0.32947434 0.58177109],7,7,"[0.2817018170798153, 0.5849768676672948]",1980,-1
49241,[0.3186419  0.32765972],0,-1,-1,-1,-1
49242,[0.32087205 0.22791829],0,9,"[0.3110394802231661, 0.23517199738277297]",-1,-1
49243,[0.84793628 0.65521919],1,-1,-1,-1,0
49244,[0.33553865 0.5741493 ],4,0,"[0.383291892093257, 0.5586820702346661]",1979,-1
49245,[0.31116586 0.22068624],6,9,"[0.3110394802231661, 0.23517199738277297]",-1,-1
49246,[0.20438238 0.23277557],0,-1,-1,898,-1
49247,[0.27628307 0.36608761],6,-1,-1,1265,-1
49248,[0.54924633 0.54176609],5,6,"[0.5164739970238864, 0.5319253761973344]",1408,-1
49249,[0.55291868 0.76173084],9,-1,-1,-1,-1
49250,[0.42122535 0.29151999],6,1,"[0.3897435781344088, 0.3417040596068965]",775,-1
49251,[0.75489505 0.52997302],8,-1,-1,222,-1
49252,[0.32138844 0.60392941],4,7,"[0.2817018170798153, 0.5849768676672948]",-1,-1
49253,[0.25651758 0.64468165],4,7,"[0.2817018170798153, 0.5849768676672948]",324,-1
49254,[0.68080898 0.44372211],8,3,"[0.6815204869410737, 0.47689852788858716]",-1,-1
49255,[0.2501136  0.44163282],7,8,"[0.27392971195344684, 0.45973140540928376]",-1,-1
49256,[0.63450881 0.49748519],8,3,"[0.6815204869410737, 0.47689852788858716]",795,-1
49257,[0.54409969 0.5825847 ],9,6,"[0.5164739970238864, 0.5319253761973344]",1432,6
49258,[0.65040878 0.71290275],9,-1,-1,-1,-1
49259,[0.41192361 0.26575697],6,-1,-1,640,-1
49260,[0.2753078  0.29428762],2,5,"[0.23231087327800656, 0.30304944505444303]",1654,-1
49261,[0.24040605 0.32181858],0,5,"[0.23231087327800656, 0.30304944505444303]",1494,-1
49262,[0.42713147 0.44306082],3,-1,-1,-1,-1
49263,[0.73684319 0.69763844],1,4,"[0.7726811996944247, 0.7249303226766757]",437,0
49264,[0.71282884 0.55530875],8,-1,-1,563,-1
49265,[0.35646418 0.39442772],3,1,"[0.3897435781344088, 0.3417040596068965]",904,-1
49266,[0.27001514 0.26328871],2,9,"[0.3110394802231661, 0.23517199738277297]",1606,-1
49267,[0.33788168 0.29597163],6,9,"[0.3110394802231661, 0.23517199738277297]",-1,-1
49268,[0.7635643  0.71016137],1,4,"[0.7726811996944247, 0.7249303226766757]",-1,0
49269,[0.4656249 0.5340569],5,6,"[0.5164739970238864, 0.5319253761973344]",-1,-1
49270,[0.22944706 0.47069025],2,8,"[0.27392971195344684, 0.45973140540928376]",724,-1
49271,[0.65421755 0.42567149],8,3,"[0.6815204869410737, 0.47689852788858716]",-1,-1
49272,[0.26009843 0.42449869],0,8,"[0.27392971195344684, 0.45973140540928376]",692,-1
49273,[0.33665673 0.54743638],4,0,"[0.383291892093257, 0.5586820702346661]",-1,-1
49274,[0.74650413 0.71745404],1,4,"[0.7726811996944247, 0.7249303226766757]",367,0
49275,[0.57774279 0.54109567],5,6,"[0.5164739970238864, 0.5319253761973344]",1233,-1
49276,[0.31073688 0.61186343],3,7,"[0.2817018170798153, 0.5849768676672948]",1763,-1
49277,[0.49014889 0.52053183],5,6,"[0.5164739970238864, 0.5319253761973344]",936,-1
49278,[0.70351062 0.49973204],8,3,"[0.6815204869410737, 0.47689852788858716]",831,-1
49279,[0.85394029 0.69233689],1,-1,-1,-1,0
49280,[0.43303515 0.24233358],6,-1,-1,178,-1
49281,[0.36145335 0.37721624],2,1,"[0.3897435781344088, 0.3417040596068965]",1009,-1
49282,[0.54401348 0.43742586],5,-1,-1,-1,-1
49283,[0.30978903 0.18641372],0,9,"[0.3110394802231661, 0.23517199738277297]",-1,-1
49284,[0.57781897 0.65697289],9,2,"[0.5921204552873188, 0.6383928111301557]",1124,-1
49285,[0.4209014  0.54478798],3,0,"[0.383291892093257, 0.5586820702346661]",1714,-1
49286,[0.69222524 0.46762496],8,3,"[0.6815204869410737, 0.47689852788858716]",813,-1
49287,[0.18198867 0.33383156],0,5,"[0.23231087327800656, 0.30304944505444303]",-1,-1
49288,[0.31816911 0.59932725],3,7,"[0.2817018170798153, 0.5849768676672948]",-1,-1
49289,[0.29050712 0.44257244],2,8,"[0.27392971195344684, 0.45973140540928376]",1240,-1
49290,[0.56912053 0.82982035],1,-1,-1,-1,-1
49291,[0.39683584 0.44727674],7,-1,-1,-1,-1
49292,[0.84256162 0.77159136],1,-1,-1,258,0
49293,[0.21345286 0.55982361],4,-1,-1,486,-1
49294,[0.68408667 0.43064181],8,3,"[0.6815204869410737, 0.47689852788858716]",-1,-1
49295,[0.22057956 0.39027891],7,-1,-1,-1,-1
49296,[0.73787761 0.68905733],1,4,"[0.7726811996944247, 0.7249303226766757]",440,0
49297,[0.72521353 0.54298573],8,-1,-1,-1,-1
49298,[0.582299   0.52058836],5,6,"[0.5164739970238864, 0.5319253761973344]",1035,-1
49299,[0.34221806 0.2843536 ],2,9,"[0.3110394802231661, 0.23517199738277297]",-1,-1
49300,[0.21850269 0.39014112],2,-1,-1,-1,-1
49301,[0.24266024 0.5550779 ],7,7,"[0.2817018170798153, 0.5849768676672948]",-1,-1
49302,[0.30778163 0.64623375],4,7,"[0.2817018170798153, 0.5849768676672948]",590,-1
49303,[0.67240915 0.75916407],1,-1,-1,-1,-1
49304,[0.4898988  0.60361944],5,-1,-1,918,-1
49305,[0.78004374 0.73385279],1,4,"[0.7726811996944247, 0.7249303226766757]",470,0
49306,[0.28852209 0.20147635],0,9,"[0.3110394802231661, 0.23517199738277297]",-1,-1
49307,[0.17253088 0.24545185],2,-1,-1,172,-1
49308,[0.67217966 0.46333961],8,3,"[0.6815204869410737, 0.47689852788858716]",-1,-1
49309,[0.49769892 0.55681878],5,6,"[0.5164739970238864, 0.5319253761973344]",-1,-1
49310,[0.65446981 0.68232241],9,-1,-1,444,-1
49311,[0.56475487 0.54001374],5,6,"[0.5164739970238864, 0.5319253761973344]",1401,6
49312,[0.57084379 0.58085711],9,2,"[0.5921204552873188, 0.6383928111301557]",-1,6
49313,[0.32864168 0.4934986 ],3,8,"[0.27392971195344684, 0.45973140540928376]",-1,-1
49314,[0.63397292 0.51211652],8,3,"[0.6815204869410737, 0.47689852788858716]",869,1
49315,[0.49550456 0.67486097],5,-1,-1,304,-1
49316,[0.36650454 0.56350787],7,0,"[0.383291892093257, 0.5586820702346661]",-1,12
49317,[0.47435076 0.29824002],6,-1,-1,-1,-1
49318,[0.17947252 0.37145609],2,-1,-1,145,-1
49319,[0.80390006 0.68487321],1,4,"[0.7726811996944247, 0.7249303226766757]",354,0
49320,[0.30109186 0.29570597],2,9,"[0.3110394802231661, 0.23517199738277297]",1690,11
49321,[0.36910748 0.60400782],4,0,"[0.383291892093257, 0.5586820702346661]",-1,-1
49322,[0.36362141 0.36324236],2,1,"[0.3897435781344088, 0.3417040596068965]",1088,-1
49323,[0.78985366 0.70783632],1,4,"[0.7726811996944247, 0.7249303226766757]",478,0
49324,[0.26145151 0.29754715],0,5,"[0.23231087327800656, 0.30304944505444303]",1649,-1
49325,[0.60135878 0.44547638],8,-1,-1,616,-1
49326,[0.64853511 0.52952716],5,3,"[0.6815204869410737, 0.47689852788858716]",-1,-1
49327,[0.65789984 0.60576392],9,-1,-1,545,-1
49328,[0.74527961 0.40990572],8,-1,-1,-1,-1
49329,[0.20581411 0.27098819],2,5,"[0.23231087327800656, 0.30304944505444303]",1111,-1
49330,[0.31718804 0.57989238],3,7,"[0.2817018170798153, 0.5849768676672948]",-1,17
49331,[0.59793541 0.69771894],9,2,"[0.5921204552873188, 0.6383928111301557]",653,-1
49332,[0.66428734 0.66814606],1,-1,-1,638,-1
49333,[0.82742422 0.77553968],1,-1,-1,-1,0
49334,[0.26065575 0.46922394],7,8,"[0.27392971195344684, 0.45973140540928376]",-1,-1
49335,[0.693131  0.4574339],8,3,"[0.6815204869410737, 0.47689852788858716]",-1,-1
49336,[0.56504124 0.57692574],9,6,"[0.5164739970238864, 0.5319253761973344]",1458,6
49337,[0.74199791 0.66556283],1,4,"[0.7726811996944247, 0.7249303226766757]",376,0
49338,[0.82817822 0.36043019],8,-1,-1,-1,-1
49339,[0.18430745 0.5799616 ],7,-1,-1,102,-1
49340,[0.40865617 0.29102072],6,1,"[0.3897435781344088, 0.3417040596068965]",-1,-1
49341,[0.67631805 0.50981987],8,3,"[0.6815204869410737, 0.47689852788858716]",-1,-1
49342,[0.70869828 0.53084653],8,3,"[0.6815204869410737, 0.47689852788858716]",516,-1
49343,[0.35088843 0.52860691],4,0,"[0.383291892093257, 0.5586820702346661]",1947,-1
49344,[0.25914876 0.48143107],3,8,"[0.27392971195344684, 0.45973140540928376]",1709,-1
49345,[0.50534339 0.44281604],5,-1,-1,223,-1
49346,[0.2935264  0.51606039],7,8,"[0.27392971195344684, 0.45973140540928376]",1914,-1
49347,[0.34619909 0.47227412],3,-1,-1,1758,-1
49348,[0.37059056 0.61877108],4,0,"[0.383291892093257, 0.5586820702346661]",-1,-1
49349,[0.28537686 0.31419581],2,5,"[0.23231087327800656, 0.30304944505444303]",-1,-1
49350,[0.60135027 0.5617558 ],5,-1,-1,1316,-1
49351,[0.45339178 0.47317999],5,-1,-1,548,-1
49352,[0.30625348 0.33468529],2,-1,-1,1676,8
49353,[0.35458662 0.58075038],3,0,"[0.383291892093257, 0.5586820702346661]",1843,-1
49354,[0.27099653 0.30601049],2,5,"[0.23231087327800656, 0.30304944505444303]",1656,-1
49355,[0.32201084 0.6207985 ],3,7,"[0.2817018170798153, 0.5849768676672948]",-1,-1
49356,[0.37524585 0.37193908],6,1,"[0.3897435781344088, 0.3417040596068965]",-1,-1
49357,[0.81004195 0.81606976],1,-1,-1,-1,0
49358,[0.31291985 0.43252884],7,8,"[0.27392971195344684, 0.45973140540928376]",1081,-1
49359,[0.33800368 0.64427113],4,-1,-1,900,-1
49360,[0.29011561 0.28824132],2,9,"[0.3110394802231661, 0.23517199738277297]",-1,11
49361,[0.57626042 0.60061541],9,2,"[0.5921204552873188, 0.6383928111301557]",-1,6
49362,[0.32603767 0.21479799],6,9,"[0.3110394802231661, 0.23517199738277297]",888,-1
49363,[0.40896685 0.33667373],2,1,"[0.3897435781344088, 0.3417040596068965]",999,-1
49364,[0.72404791 0.7080843 ],1,4,"[0.7726811996944247, 0.7249303226766757]",351,0
49365,[0.5770016  0.51937919],5,6,"[0.5164739970238864, 0.5319253761973344]",1035,-1
49366,[0.41809362 0.4685063 ],3,-1,-1,716,-1
49367,[0.23694324 0.297198  ],0,5,"[0.23231087327800656, 0.30304944505444303]",1298,-1
49368,[0.25820078 0.514671  ],4,8,"[0.27392971195344684, 0.45973140540928376]",1785,-1
49369,[0.63429594 0.60221501],9,2,"[0.5921204552873188, 0.6383928111301557]",-1,-1
49370,[0.31518856 0.51826943],7,-1,-1,1922,15
49371,[0.24199347 0.50511194],7,8,"[0.27392971195344684, 0.45973140540928376]",-1,-1
49372,[0.70374301 0.54434705],8,-1,-1,-1,-1
49373,[0.33396331 0.22456486],0,9,"[0.3110394802231661, 0.23517199738277297]",-1,-1
49374,[0.36362216 0.56937394],4,0,"[0.383291892093257, 0.5586820702346661]",-1,-1
49375,[0.43806708 0.28992555],6,-1,-1,719,-1
49376,[0.41565425 0.24316798],2,-1,-1,-1,-1
49377,[0.26404203 0.29032701],0,5,"[0.23231087327800656, 0.30304944505444303]",1645,-1
49378,[0.69520234 0.41572798],8,3,"[0.6815204869410737, 0.47689852788858716]",503,-1
49379,[0.60213632 0.60122189],5,2,"[0.5921204552873188, 0.6383928111301557]",1328,-1
49380,[0.49432264 0.61202809],5,-1,-1,918,-1
49381,[0.69400028 0.41968895],8,3,"[0.6815204869410737, 0.47689852788858716]",-1,-1
49382,[0.42070798 0.62541989],3,-1,-1,-1,-1
49383,[0.32559269 0.26458791],0,9,"[0.3110394802231661, 0.23517199738277297]",-1,-1
49384,[0.31160203 0.51446673],3,8,"[0.27392971195344684, 0.45973140540928376]",1922,15
49385,[0.59078782 0.67721319],9,2,"[0.5921204552873188, 0.6383928111301557]",710,-1
49386,[0.55930937 0.63885499],9,2,"[0.5921204552873188, 0.6383928111301557]",-1,6
49387,[0.75566328 0.66717763],1,4,"[0.7726811996944247, 0.7249303226766757]",379,0
49388,[0.28645793 0.51356127],7,8,"[0.27392971195344684, 0.45973140540928376]",1915,14
49389,[0.30869101 0.24230609],0,9,"[0.3110394802231661, 0.23517199738277297]",-1,-1
49390,[0.43613939 0.40938529],6,-1,-1,-1,-1
49391,[0.46913514 0.50887876],8,6,"[0.5164739970238864, 0.5319253761973344]",-1,-1
49392,[0.36429412 0.53889604],3,0,"[0.383291892093257, 0.5586820702346661]",-1,-1
49393,[0.22001932 0.54794453],4,-1,-1,-1,-1
49394,[0.48316508 0.53802721],5,6,"[0.5164739970238864, 0.5319253761973344]",959,-1
49395,[0.43682081 0.56269183],3,0,"[0.383291892093257, 0.5586820702346661]",-1,-1
49396,[0.66660059 0.64701693],1,-1,-1,400,-1
49397,[0.34252457 0.65909338],7,-1,-1,-1,-1
49398,[0.31687708 0.53575336],4,7,"[0.2817018170798153, 0.5849768676672948]",1932,-1
49399,[0.5249282  0.58353516],9,6,"[0.5164739970238864, 0.5319253761973344]",-1,6
49400,[0.35581637 0.49627202],4,0,"[0.383291892093257, 0.5586820702346661]",-1,-1
49401,[0.36745442 0.48991923],7,-1,-1,-1,-1
49402,[0.29766185 0.33581623],2,-1,-1,-1,8
49403,[0.28129929 0.34192429],2,5,"[0.23231087327800656, 0.30304944505444303]",-1,-1
49404,[0.3173177  0.51727706],7,-1,-1,1922,-1
49405,[0.41342206 0.62854505],4,-1,-1,1388,-1
49406,[0.2090482  0.26284145],2,5,"[0.23231087327800656, 0.30304944505444303]",-1,-1
49407,[0.6303571  0.62501108],9,2,"[0.5921204552873188, 0.6383928111301557]",1159,-1
49408,[0.36523907 0.46752094],6,-1,-1,-1,-1
49409,[0.42723351 0.61012735],3,0,"[0.383291892093257, 0.5586820702346661]",-1,-1
49410,[0.70279436 0.5047962 ],9,3,"[0.6815204869410737, 0.47689852788858716]",739,-1
49411,[0.39305118 0.27729654],6,1,"[0.3897435781344088, 0.3417040596068965]",1076,-1
49412,[0.30814615 0.53973677],7,7,"[0.2817018170798153, 0.5849768676672948]",1986,-1
49413,[0.60622579 0.59525555],5,2,"[0.5921204552873188, 0.6383928111301557]",1327,-1
49414,[0.3155043  0.55638546],4,7,"[0.2817018170798153, 0.5849768676672948]",1981,-1
49415,[0.34165535 0.50639645],7,0,"[0.383291892093257, 0.5586820702346661]",1880,-1
49416,[0.29719831 0.69486467],4,-1,-1,-1,-1
49417,[0.42512128 0.33425968],6,1,"[0.3897435781344088, 0.3417040596068965]",-1,-1
49418,[0.31608508 0.33714415],2,-1,-1,1615,-1
49419,[0.62642972 0.83168466],1,-1,-1,-1,-1
49420,[0.62452405 0.42263347],8,-1,-1,264,-1
49421,[0.68385711 0.71174199],1,-1,-1,-1,0
49422,[0.30086157 0.47352845],7,8,"[0.27392971195344684, 0.45973140540928376]",1729,-1
49423,[0.50904652 0.67352278],5,-1,-1,-1,-1
49424,[0.66680278 0.52383898],8,3,"[0.6815204869410737, 0.47689852788858716]",-1,-1
49425,[0.41419897 0.60201235],3,0,"[0.383291892093257, 0.5586820702346661]",-1,-1
49426,[0.51964399 0.48109205],5,6,"[0.5164739970238864, 0.5319253761973344]",604,-1
49427,[0.33283085 0.57160982],4,0,"[0.383291892093257, 0.5586820702346661]",-1,-1
49428,[0.26308786 0.28643945],0,5,"[0.23231087327800656, 0.30304944505444303]",-1,-1
49429,[0.61026941 0.58333327],5,2,"[0.5921204552873188, 0.6383928111301557]",-1,-1
49430,[0.57859661 0.75596378],9,-1,-1,-1,-1
49431,[0.44380681 0.60531293],5,-1,-1,1493,-1
49432,[0.32128751 0.23953677],0,9,"[0.3110394802231661, 0.23517199738277297]",1490,-1
49433,[0.48720035 0.51715825],5,6,"[0.5164739970238864, 0.5319253761973344]",936,-1
49434,[0.55042268 0.45658457],8,-1,-1,-1,-1
49435,[0.62225857 0.67137035],5,2,"[0.5921204552873188, 0.6383928111301557]",660,-1
49436,[0.31606183 0.461932  ],7,8,"[0.27392971195344684, 0.45973140540928376]",-1,-1
49437,[0.66965453 0.64999518],9,-1,-1,400,-1
49438,[0.35977083 0.52632369],3,0,"[0.383291892093257, 0.5586820702346661]",-1,-1
49439,[0.48987057 0.51802996],5,6,"[0.5164739970238864, 0.5319253761973344]",936,-1
49440,[0.72360012 0.68170668],1,4,"[0.7726811996944247, 0.7249303226766757]",390,0
49441,[0.24671994 0.47086928],7,8,"[0.27392971195344684, 0.45973140540928376]",-1,-1
49442,[0.26261131 0.63232831],4,7,"[0.2817018170798153, 0.5849768676672948]",-1,-1
49443,[0.44750693 0.35131064],6,1,"[0.3897435781344088, 0.3417040596068965]",-1,-1
49444,[0.62751632 0.54814792],5,-1,-1,1100,-1
49445,[0.35749175 0.32585691],2,1,"[0.3897435781344088, 0.3417040596068965]",1407,-1
49446,[0.20502573 0.21855804],0,-1,-1,-1,-1
49447,[0.60268001 0.65883916],9,2,"[0.5921204552873188, 0.6383928111301557]",-1,-1
49448,[0.62029122 0.46606339],8,3,"[0.6815204869410737, 0.47689852788858716]",-1,-1
49449,[0.42473537 0.48374284],3,-1,-1,-1,-1
49450,[0.35778995 0.59027226],3,0,"[0.383291892093257, 0.5586820702346661]",1828,-1
49451,[0.33669981 0.3114631 ],6,1,"[0.3897435781344088, 0.3417040596068965]",-1,-1
49452,[0.30474328 0.46982526],7,8,"[0.27392971195344684, 0.45973140540928376]",-1,-1
49453,[0.7164201  0.44300748],8,3,"[0.6815204869410737, 0.47689852788858716]",-1,-1
49454,[0.38086196 0.29514321],6,1,"[0.3897435781344088, 0.3417040596068965]",1463,-1
49455,[0.26809772 0.27722083],2,5,"[0.23231087327800656, 0.30304944505444303]",-1,-1
49456,[0.87964335 0.74148417],1,-1,-1,87,-1
49457,[0.53716388 0.61616233],5,2,"[0.5921204552873188, 0.6383928111301557]",-1,-1
49458,[0.76671337 0.38374234],8,-1,-1,-1,-1
49459,[0.32313181 0.25260222],0,9,"[0.3110394802231661, 0.23517199738277297]",-1,-1
49460,[0.66998009 0.5183626 ],8,3,"[0.6815204869410737, 0.47689852788858716]",828,-1
49461,[0.46787721 0.40900549],6,-1,-1,-1,-1
49462,[0.2603046  0.47163911],7,8,"[0.27392971195344684, 0.45973140540928376]",-1,-1
49463,[0.27398047 0.30364844],0,5,"[0.23231087327800656, 0.30304944505444303]",1581,-1
49464,[0.27021669 0.30894111],0,5,"[0.23231087327800656, 0.30304944505444303]",-1,-1
49465,[0.55651627 0.53502917],9,6,"[0.5164739970238864, 0.5319253761973344]",-1,-1
49466,[0.31718661 0.53773349],7,7,"[0.2817018170798153, 0.5849768676672948]",1932,-1
49467,[0.28030723 0.39486897],2,8,"[0.27392971195344684, 0.45973140540928376]",1066,-1
49468,[0.44503551 0.49045438],4,-1,-1,-1,-1
49469,[0.26390584 0.23845115],0,9,"[0.3110394802231661, 0.23517199738277297]",-1,-1
49470,[0.52058975 0.62970456],3,-1,-1,1143,-1
49471,[0.30627399 0.43378898],2,8,"[0.27392971195344684, 0.45973140540928376]",1081,-1
49472,[0.51000375 0.51633776],5,6,"[0.5164739970238864, 0.5319253761973344]",858,-1
49473,[0.27236039 0.60358344],4,7,"[0.2817018170798153, 0.5849768676672948]",1032,-1
49474,[0.49802847 0.52653751],9,6,"[0.5164739970238864, 0.5319253761973344]",-1,-1
49475,[0.26063642 0.29313732],0,5,"[0.23231087327800656, 0.30304944505444303]",1645,-1
49476,[0.52550477 0.44871161],5,-1,-1,-1,-1
49477,[0.23218279 0.40188641],2,-1,-1,-1,-1
49478,[0.33649482 0.56411743],4,0,"[0.383291892093257, 0.5586820702346661]",-1,-1
49479,[0.33381939 0.36043076],6,1,"[0.3897435781344088, 0.3417040596068965]",1367,-1
49480,[0.76940614 0.83220582],1,-1,-1,163,-1
49481,[0.47201276 0.460357  ],3,-1,-1,-1,-1
49482,[0.67116218 0.71547689],9,-1,-1,253,-1
49483,[0.64936213 0.53119671],8,3,"[0.6815204869410737, 0.47689852788858716]",-1,-1
49484,[0.36392857 0.48532918],7,-1,-1,1561,-1
49485,[0.29154484 0.47187422],4,8,"[0.27392971195344684, 0.45973140540928376]",1731,-1
49486,[0.30873708 0.26593769],0,9,"[0.3110394802231661, 0.23517199738277297]",1512,-1
49487,[0.46530764 0.36398324],6,-1,-1,-1,-1
49488,[0.77369693 0.61342597],1,-1,-1,-1,-1
49489,[0.75144667 0.72236942],1,4,"[0.7726811996944247, 0.7249303226766757]",-1,0
49490,[0.17810677 0.32484447],0,5,"[0.23231087327800656, 0.30304944505444303]",497,-1
49491,[0.23912998 0.27971995],0,5,"[0.23231087327800656, 0.30304944505444303]",1531,-1
49492,[0.38494801 0.51907597],3,0,"[0.383291892093257, 0.5586820702346661]",-1,-1
49493,[0.55757622 0.63801429],5,2,"[0.5921204552873188, 0.6383928111301557]",1278,6
49494,[0.15428842 0.31202519],0,-1,-1,-1,-1
49495,[0.39153153 0.51071325],7,0,"[0.383291892093257, 0.5586820702346661]",1781,-1
49496,[0.35780893 0.56882835],4,0,"[0.383291892093257, 0.5586820702346661]",-1,-1
49497,[0.25101205 0.26143532],0,5,"[0.23231087327800656, 0.30304944505444303]",1310,-1
49498,[0.26165063 0.27913957],6,5,"[0.23231087327800656, 0.30304944505444303]",1547,-1
49499,[0.44377879 0.5189702 ],3,-1,-1,-1,-1
49500,[0.28365977 0.34282338],2,5,"[0.23231087327800656, 0.30304944505444303]",-1,-1
49501,[0.42344241 0.57927867],3,0,"[0.383291892093257, 0.5586820702346661]",-1,-1
49502,[0.24216026 0.26099815],0,5,"[0.23231087327800656, 0.30304944505444303]",1308,-1
49503,[0.42753891 0.62492364],5,-1,-1,483,-1
49504,[0.43027196 0.57458827],3,0,"[0.383291892093257, 0.5586820702346661]",1167,-1
49505,[0.27815321 0.48719317],4,8,"[0.27392971195344684, 0.45973140540928376]",-1,-1
49506,[0.3930541  0.46960193],5,-1,-1,-1,-1
49507,[0.32167111 0.30219338],6,9,"[0.3110394802231661, 0.23517199738277297]",-1,-1
49508,[0.53361482 0.62536486],5,2,"[0.5921204552873188, 0.6383928111301557]",-1,-1
49509,[0.4037483  0.52869769],5,0,"[0.383291892093257, 0.5586820702346661]",1641,-1
49510,[0.78045129 0.48159864],8,-1,-1,-1,-1
49511,[0.11096303 0.22038778],0,-1,-1,-1,-1
49512,[0.43083325 0.25771061],6,-1,-1,-1,-1
49513,[0.27137886 0.2440525 ],0,9,"[0.3110394802231661, 0.23517199738277297]",1524,-1
49514,[0.59334904 0.75848312],9,-1,-1,-1,-1
49515,[0.23926699 0.33628255],2,5,"[0.23231087327800656, 0.30304944505444303]",1522,-1
49516,[0.46448329 0.53723596],3,6,"[0.5164739970238864, 0.5319253761973344]",-1,-1
49517,[0.63759645 0.51076775],8,3,"[0.6815204869410737, 0.47689852788858716]",-1,1
49518,[0.36363343 0.53000971],3,0,"[0.383291892093257, 0.5586820702346661]",1934,-1
49519,[0.28568181 0.34979432],2,-1,-1,1584,-1
49520,[0.35162865 0.49110666],3,-1,-1,1871,-1
49521,[0.29262291 0.52552643],7,7,"[0.2817018170798153, 0.5849768676672948]",-1,14
49522,[0.32807092 0.29981569],2,9,"[0.3110394802231661, 0.23517199738277297]",1659,-1
49523,[0.3019839  0.31489731],6,-1,-1,1661,-1
49524,[0.72825028 0.3275615 ],8,-1,-1,-1,-1
49525,[0.19506576 0.2215515 ],0,-1,-1,557,-1
49526,[0.65013824 0.44261217],8,3,"[0.6815204869410737, 0.47689852788858716]",-1,-1
49527,[0.52122046 0.65102076],9,-1,-1,-1,-1
49528,[0.2923399  0.62470738],4,7,"[0.2817018170798153, 0.5849768676672948]",1040,-1
49529,[0.40468485 0.34109833],2,1,"[0.3897435781344088, 0.3417040596068965]",998,-1
49530,[0.29493136 0.60141157],4,7,"[0.2817018170798153, 0.5849768676672948]",1693,-1
49531,[0.32637993 0.56491896],4,7,"[0.2817018170798153, 0.5849768676672948]",-1,-1
49532,[0.72909591 0.44730046],8,3,"[0.6815204869410737, 0.47689852788858716]",693,-1
49533,[0.33651391 0.37712215],2,1,"[0.3897435781344088, 0.3417040596068965]",1348,-1
49534,[0.4315128  0.59705781],3,0,"[0.383291892093257, 0.5586820702346661]",-1,-1
49535,[0.34452759 0.386317  ],6,1,"[0.3897435781344088, 0.3417040596068965]",995,-1
49536,[0.2944086  0.59332783],7,7,"[0.2817018170798153, 0.5849768676672948]",-1,-1
49537,[0.62053915 0.5697007 ],9,-1,-1,1273,-1
49538,[0.234593   0.38199611],4,-1,-1,912,-1
49539,[0.52825274 0.60625601],9,-1,-1,-1,-1
49540,[0.2212735  0.30247589],2,5,"[0.23231087327800656, 0.30304944505444303]",1421,-1
49541,[0.26108179 0.53128387],4,7,"[0.2817018170798153, 0.5849768676672948]",-1,-1
49542,[0.34397394 0.34747716],6,1,"[0.3897435781344088, 0.3417040596068965]",1352,-1
49543,[0.25989963 0.51074462],7,8,"[0.27392971195344684, 0.45973140540928376]",-1,-1
49544,[0.67695608 0.51420107],9,3,"[0.6815204869410737, 0.47689852788858716]",-1,-1
49545,[0.30631754 0.23849356],0,9,"[0.3110394802231661, 0.23517199738277297]",-1,-1
49546,[0.25888534 0.57403688],3,7,"[0.2817018170798153, 0.5849768676672948]",1562,-1
49547,[0.2900172  0.38399803],7,-1,-1,-1,-1
49548,[0.70387612 0.76946685],1,-1,-1,228,0
49549,[0.73698333 0.77862707],1,4,"[0.7726811996944247, 0.7249303226766757]",301,0
49550,[0.65749565 0.47420148],9,3,"[0.6815204869410737, 0.47689852788858716]",-1,-1
49551,[0.6229505  0.73213146],9,-1,-1,212,-1
49552,[0.43088161 0.382642  ],6,1,"[0.3897435781344088, 0.3417040596068965]",-1,-1
49553,[0.40778489 0.58716596],3,0,"[0.383291892093257, 0.5586820702346661]",1708,-1
49554,[0.51945515 0.56445512],3,6,"[0.5164739970238864, 0.5319253761973344]",1369,-1
49555,[0.2885831  0.24968352],0,9,"[0.3110394802231661, 0.23517199738277297]",-1,-1
49556,[0.65909111 0.57092645],5,-1,-1,893,-1
49557,[0.31949528 0.60442195],7,7,"[0.2817018170798153, 0.5849768676672948]",-1,-1
49558,[0.42609848 0.56159637],7,0,"[0.383291892093257, 0.5586820702346661]",1224,-1
49559,[0.72992224 0.68791998],1,4,"[0.7726811996944247, 0.7249303226766757]",-1,0
49560,[0.27558233 0.54693012],7,7,"[0.2817018170798153, 0.5849768676672948]",-1,-1
49561,[0.34135771 0.2851304 ],2,9,"[0.3110394802231661, 0.23517199738277297]",-1,-1
49562,[0.320009   0.36209679],2,-1,-1,1485,-1
49563,[0.31066061 0.27314744],6,9,"[0.3110394802231661, 0.23517199738277297]",-1,-1
49564,[0.66469469 0.77700871],9,-1,-1,-1,-1
49565,[0.26700475 0.18294633],0,9,"[0.3110394802231661, 0.23517199738277297]",-1,-1
49566,[0.18082178 0.18991433],0,-1,-1,165,-1
49567,[0.26479948 0.59123301],3,7,"[0.2817018170798153, 0.5849768676672948]",-1,-1
49568,[0.2619884  0.55070715],7,7,"[0.2817018170798153, 0.5849768676672948]",-1,-1
49569,[0.55374829 0.55729076],5,6,"[0.5164739970238864, 0.5319253761973344]",-1,6
49570,[0.53084761 0.52870492],5,6,"[0.5164739970238864, 0.5319253761973344]",1165,-1
49571,[0.28454638 0.63189624],7,7,"[0.2817018170798153, 0.5849768676672948]",588,-1
49572,[0.4025487  0.42773047],7,-1,-1,363,-1
49573,[0.38205542 0.35733245],6,1,"[0.3897435781344088, 0.3417040596068965]",-1,-1
49574,[0.34591381 0.24851618],2,9,"[0.3110394802231661, 0.23517199738277297]",955,-1
49575,[0.70582842 0.6012983 ],9,-1,-1,273,-1
49576,[0.3387343  0.59434035],4,0,"[0.383291892093257, 0.5586820702346661]",-1,-1
49577,[0.28154824 0.51829793],7,8,"[0.27392971195344684, 0.45973140540928376]",1886,14
49578,[0.72629444 0.69714484],1,4,"[0.7726811996944247, 0.7249303226766757]",-1,0
49579,[0.38677527 0.4597323 ],4,-1,-1,-1,-1
49580,[0.56683777 0.64171375],5,2,"[0.5921204552873188, 0.6383928111301557]",1220,-1
49581,[0.07958707 0.30823312],0,-1,-1,0,-1
49582,[0.33696415 0.47606927],7,8,"[0.27392971195344684, 0.45973140540928376]",1757,-1
49583,[0.48796345 0.52344928],5,6,"[0.5164739970238864, 0.5319253761973344]",936,-1
49584,[0.20467385 0.47267019],7,-1,-1,-1,-1
49585,[0.34406528 0.24600197],6,9,"[0.3110394802231661, 0.23517199738277297]",-1,-1
49586,[0.24767303 0.52559972],4,7,"[0.2817018170798153, 0.5849768676672948]",-1,-1
49587,[0.5578412 0.6397452],5,2,"[0.5921204552873188, 0.6383928111301557]",1278,6
49588,[0.19500542 0.44835205],2,-1,-1,100,-1
49589,[0.19822169 0.33491565],0,5,"[0.23231087327800656, 0.30304944505444303]",874,-1
49590,[0.33506634 0.43124479],7,8,"[0.27392971195344684, 0.45973140540928376]",-1,-1
49591,[0.50664248 0.59884404],5,6,"[0.5164739970238864, 0.5319253761973344]",1218,-1
49592,[0.30296094 0.57189456],3,7,"[0.2817018170798153, 0.5849768676672948]",-1,-1
49593,[0.35496279 0.2789923 ],0,9,"[0.3110394802231661, 0.23517199738277297]",1393,-1
49594,[0.45025588 0.48685619],7,-1,-1,546,-1
49595,[0.38876933 0.70721177],3,-1,-1,-1,-1
49596,[0.34530741 0.47597794],7,-1,-1,-1,-1
49597,[0.28705205 0.34323036],2,5,"[0.23231087327800656, 0.30304944505444303]",1584,-1
49598,[0.44212606 0.45412428],5,-1,-1,270,-1
49599,[0.80112682 0.690524  ],1,4,"[0.7726811996944247, 0.7249303226766757]",-1,0
49600,[0.55591346 0.71757997],9,-1,-1,245,-1
49601,[0.29521518 0.53569827],7,7,"[0.2817018170798153, 0.5849768676672948]",1895,-1
49602,[0.57765047 0.66156807],5,2,"[0.5921204552873188, 0.6383928111301557]",-1,-1
49603,[0.30867082 0.56244445],7,7,"[0.2817018170798153, 0.5849768676672948]",1968,-1
49604,[0.70047095 0.35884334],8,-1,-1,-1,-1
49605,[0.70223497 0.8085335 ],1,-1,-1,105,-1
49606,[0.13961699 0.49268625],7,-1,-1,-1,-1
49607,[0.35082674 0.29084852],0,1,"[0.3897435781344088, 0.3417040596068965]",-1,-1
49608,[0.29899549 0.38904347],0,-1,-1,-1,-1
49609,[0.80745252 0.74706866],1,4,"[0.7726811996944247, 0.7249303226766757]",-1,0
49610,[0.36502777 0.54751537],3,0,"[0.383291892093257, 0.5586820702346661]",1790,-1
49611,[0.34385542 0.35531802],2,1,"[0.3897435781344088, 0.3417040596068965]",1353,-1
49612,[0.72196044 0.77463691],1,-1,-1,315,0
49613,[0.42471017 0.33504599],6,1,"[0.3897435781344088, 0.3417040596068965]",974,-1
49614,[0.50751717 0.57126172],9,6,"[0.5164739970238864, 0.5319253761973344]",1380,-1
49615,[0.50187462 0.67066532],9,-1,-1,-1,-1
49616,[0.30855836 0.5885242 ],3,7,"[0.2817018170798153, 0.5849768676672948]",1820,-1
49617,[0.5044999  0.52262362],5,6,"[0.5164739970238864, 0.5319253761973344]",942,-1
49618,[0.46707998 0.37796304],6,-1,-1,320,-1
49619,[0.68554753 0.77430979],1,-1,-1,-1,0
49620,[0.25543037 0.55456646],4,7,"[0.2817018170798153, 0.5849768676672948]",1705,-1
49621,[0.33054945 0.32108165],0,1,"[0.3897435781344088, 0.3417040596068965]",1683,-1
49622,[0.22749026 0.49127056],7,8,"[0.27392971195344684, 0.45973140540928376]",1091,-1
49623,[0.41630177 0.57534698],3,0,"[0.383291892093257, 0.5586820702346661]",-1,-1
49624,[0.46920336 0.52395893],5,6,"[0.5164739970238864, 0.5319253761973344]",1002,-1
49625,[0.62260952 0.62584693],9,2,"[0.5921204552873188, 0.6383928111301557]",-1,-1
49626,[0.26152141 0.43115888],7,8,"[0.27392971195344684, 0.45973140540928376]",-1,-1
49627,[0.79791075 0.74825344],1,4,"[0.7726811996944247, 0.7249303226766757]",450,0
49628,[0.33109546 0.32230164],2,1,"[0.3897435781344088, 0.3417040596068965]",1683,-1
49629,[0.32477937 0.51530505],3,-1,-1,1920,-1
49630,[0.60488067 0.59480703],9,2,"[0.5921204552873188, 0.6383928111301557]",-1,-1
49631,[0.47939106 0.36458826],6,-1,-1,208,-1
49632,[0.60124986 0.51414046],9,-1,-1,-1,-1
49633,[0.26835616 0.38590367],2,-1,-1,-1,-1
49634,[0.27264589 0.29975543],0,5,"[0.23231087327800656, 0.30304944505444303]",1657,-1
49635,[0.76538181 0.52132478],8,-1,-1,111,-1
49636,[0.41140976 0.29909188],6,1,"[0.3897435781344088, 0.3417040596068965]",889,-1
49637,[0.74662655 0.81104174],1,-1,-1,-1,0
49638,[0.61646187 0.45515359],8,3,"[0.6815204869410737, 0.47689852788858716]",-1,-1
49639,[0.3658916  0.38759674],6,1,"[0.3897435781344088, 0.3417040596068965]",-1,-1
49640,[0.77315079 0.67440002],1,4,"[0.7726811996944247, 0.7249303226766757]",389,0
49641,[0.71189821 0.52589244],8,3,"[0.6815204869410737, 0.47689852788858716]",569,-1
49642,[0.25194814 0.25531576],2,5,"[0.23231087327800656, 0.30304944505444303]",1312,-1
49643,[0.36360182 0.58802621],4,0,"[0.383291892093257, 0.5586820702346661]",-1,12
49644,[0.27186456 0.28961813],0,5,"[0.23231087327800656, 0.30304944505444303]",1466,-1
49645,[0.686321   0.54387777],8,3,"[0.6815204869410737, 0.47689852788858716]",673,-1
49646,[0.39531562 0.61931592],3,0,"[0.383291892093257, 0.5586820702346661]",-1,-1
49647,[0.78633228 0.83188511],1,-1,-1,-1,-1
49648,[0.37542367 0.53040267],4,0,"[0.383291892093257, 0.5586820702346661]",-1,-1
49649,[0.30685888 0.36736958],6,-1,-1,-1,-1
49650,[0.42907949 0.3593474 ],6,1,"[0.3897435781344088, 0.3417040596068965]",682,-1
49651,[0.20870483 0.56541429],7,-1,-1,486,-1
49652,[0.56989167 0.45495561],8,-1,-1,517,-1
49653,[0.51522731 0.43165343],5,-1,-1,-1,-1
49654,[0.47493125 0.65568141],5,-1,-1,-1,-1
49655,[0.71065403 0.51596488],9,3,"[0.6815204869410737, 0.47689852788858716]",569,-1
49656,[0.40063044 0.43223338],6,-1,-1,363,-1
49657,[0.3052986  0.29916813],2,9,"[0.3110394802231661, 0.23517199738277297]",-1,-1
49658,[0.6465744  0.68249007],1,-1,-1,-1,-1
49659,[0.30719912 0.40482464],3,8,"[0.27392971195344684, 0.45973140540928376]",928,-1
49660,[0.13634571 0.23115265],0,-1,-1,-1,-1
49661,[0.71602538 0.50664176],8,3,"[0.6815204869410737, 0.47689852788858716]",-1,-1
49662,[0.29880767 0.38265261],6,-1,-1,-1,-1
49663,[0.25280848 0.47928558],7,8,"[0.27392971195344684, 0.45973140540928376]",-1,-1
49664,[0.59695988 0.5946981 ],9,2,"[0.5921204552873188, 0.6383928111301557]",-1,-1
49665,[0.56435391 0.6057091 ],9,2,"[0.5921204552873188, 0.6383928111301557]",-1,-1
49666,[0.39795684 0.39858454],6,1,"[0.3897435781344088, 0.3417040596068965]",760,-1
49667,[0.35978281 0.26931664],2,9,"[0.3110394802231661, 0.23517199738277297]",1156,-1
49668,[0.32100729 0.52041226],4,-1,-1,1824,-1
49669,[0.24387593 0.34332964],0,5,"[0.23231087327800656, 0.30304944505444303]",1565,-1
49670,[0.31059234 0.50445648],7,8,"[0.27392971195344684, 0.45973140540928376]",-1,-1
49671,[0.74772653 0.6912107 ],1,4,"[0.7726811996944247, 0.7249303226766757]",-1,0
49672,[0.21045962 0.28763903],2,5,"[0.23231087327800656, 0.30304944505444303]",1109,-1
49673,[0.44472035 0.43298279],5,-1,-1,-1,-1
49674,[0.39142857 0.48095711],5,-1,-1,1036,-1
49675,[0.33182582 0.61483949],3,7,"[0.2817018170798153, 0.5849768676672948]",1544,-1
49676,[0.47050439 0.56969401],3,6,"[0.5164739970238864, 0.5319253761973344]",-1,-1
49677,[0.33753336 0.35146296],6,1,"[0.3897435781344088, 0.3417040596068965]",-1,-1
49678,[0.62805084 0.66872302],9,2,"[0.5921204552873188, 0.6383928111301557]",660,-1
49679,[0.3102629  0.47626106],3,8,"[0.27392971195344684, 0.45973140540928376]",-1,-1
49680,[0.52347143 0.49993052],3,6,"[0.5164739970238864, 0.5319253761973344]",1097,-1
49681,[0.26023266 0.18888266],0,9,"[0.3110394802231661, 0.23517199738277297]",-1,-1
49682,[0.85908526 0.68554189],1,-1,-1,-1,0
49683,[0.42295936 0.46945561],3,-1,-1,-1,-1
49684,[0.31953602 0.36131473],2,-1,-1,1485,-1
49685,[0.33342493 0.38234818],7,1,"[0.3897435781344088, 0.3417040596068965]",-1,-1
49686,[0.39598418 0.3799441 ],6,1,"[0.3897435781344088, 0.3417040596068965]",759,-1
49687,[0.60879271 0.58435822],9,2,"[0.5921204552873188, 0.6383928111301557]",-1,-1
49688,[0.31657673 0.25900792],0,9,"[0.3110394802231661, 0.23517199738277297]",1491,-1
49689,[0.68405399 0.49645523],8,3,"[0.6815204869410737, 0.47689852788858716]",-1,2
49690,[0.59342819 0.62247951],9,2,"[0.5921204552873188, 0.6383928111301557]",1343,6
49691,[0.37021898 0.27879529],6,1,"[0.3897435781344088, 0.3417040596068965]",1170,-1
49692,[0.66526708 0.66622285],1,-1,-1,638,-1
49693,[0.22291104 0.27829102],0,5,"[0.23231087327800656, 0.30304944505444303]",-1,-1
49694,[0.1961066  0.34086463],2,5,"[0.23231087327800656, 0.30304944505444303]",-1,-1
49695,[0.34213692 0.31361964],0,1,"[0.3897435781344088, 0.3417040596068965]",-1,-1
49696,[0.28555972 0.22700666],0,9,"[0.3110394802231661, 0.23517199738277297]",-1,-1
49697,[0.51518584 0.58820354],5,6,"[0.5164739970238864, 0.5319253761973344]",1383,-1
49698,[0.20720636 0.24301324],2,5,"[0.23231087327800656, 0.30304944505444303]",896,-1
49699,[0.37909203 0.5783298 ],4,0,"[0.383291892093257, 0.5586820702346661]",-1,-1
49700,[0.78632213 0.76944741],1,4,"[0.7726811996944247, 0.7249303226766757]",-1,0
49701,[0.27358253 0.26333092],0,9,"[0.3110394802231661, 0.23517199738277297]",1606,-1
49702,[0.61732113 0.73775579],9,-1,-1,213,-1
49703,[0.6803107  0.69279371],1,-1,-1,387,-1
49704,[0.363153   0.57207212],3,0,"[0.383291892093257, 0.5586820702346661]",1850,12
49705,[0.48984752 0.68938707],3,-1,-1,132,-1
49706,[0.64009829 0.51064406],8,3,"[0.6815204869410737, 0.47689852788858716]",866,1
49707,[0.3341256 0.3387957],2,1,"[0.3897435781344088, 0.3417040596068965]",-1,-1
49708,[0.72532675 0.75031617],1,4,"[0.7726811996944247, 0.7249303226766757]",421,0
49709,[0.32603812 0.443944  ],7,8,"[0.27392971195344684, 0.45973140540928376]",941,-1
49710,[0.50626985 0.53941867],4,6,"[0.5164739970238864, 0.5319253761973344]",1186,3
49711,[0.28417064 0.39185655],2,8,"[0.27392971195344684, 0.45973140540928376]",1066,-1
49712,[0.68582039 0.70742501],1,-1,-1,343,0
49713,[0.40635974 0.63233408],4,-1,-1,-1,-1
49714,[0.36160215 0.42257608],6,-1,-1,883,-1
49715,[0.30848813 0.55307517],3,7,"[0.2817018170798153, 0.5849768676672948]",1985,17
49716,[0.64271123 0.59644289],9,2,"[0.5921204552873188, 0.6383928111301557]",-1,-1
49717,[0.80637771 0.46385966],8,-1,-1,-1,-1
49718,[0.27980416 0.22563081],2,9,"[0.3110394802231661, 0.23517199738277297]",-1,-1
49719,[0.62137799 0.50643664],8,3,"[0.6815204869410737, 0.47689852788858716]",867,-1
49720,[0.14954233 0.3185795 ],0,-1,-1,-1,-1
49721,[0.36421925 0.30147783],6,1,"[0.3897435781344088, 0.3417040596068965]",1543,-1
49722,[0.72935583 0.69489737],1,4,"[0.7726811996944247, 0.7249303226766757]",-1,0
49723,[0.20209894 0.39038415],2,-1,-1,193,-1
49724,[0.64213578 0.7141788 ],9,-1,-1,-1,-1
49725,[0.65368803 0.52398992],9,3,"[0.6815204869410737, 0.47689852788858716]",776,-1
49726,[0.52888033 0.48437612],5,6,"[0.5164739970238864, 0.5319253761973344]",-1,-1
49727,[0.66260837 0.74412577],1,-1,-1,-1,0
49728,[0.41553075 0.39488183],6,1,"[0.3897435781344088, 0.3417040596068965]",-1,-1
49729,[0.60873456 0.67962181],9,2,"[0.5921204552873188, 0.6383928111301557]",658,-1
49730,[0.5413012  0.64382871],9,2,"[0.5921204552873188, 0.6383928111301557]",-1,-1
49731,[0.22394944 0.34762764],0,5,"[0.23231087327800656, 0.30304944505444303]",-1,-1
49732,[0.31777118 0.58909715],4,7,"[0.2817018170798153, 0.5849768676672948]",1967,-1
49733,[0.55026662 0.55165061],9,6,"[0.5164739970238864, 0.5319253761973344]",1406,6
49734,[0.62706117 0.61783272],9,2,"[0.5921204552873188, 0.6383928111301557]",740,-1
49735,[0.24036489 0.45543644],7,8,"[0.27392971195344684, 0.45973140540928376]",-1,-1
49736,[0.38909672 0.60051373],3,0,"[0.383291892093257, 0.5586820702346661]",-1,-1
49737,[0.60402984 0.54858404],5,-1,-1,1293,-1
49738,[0.64650616 0.57949442],9,-1,-1,810,-1
49739,[0.39031878 0.36785069],6,1,"[0.3897435781344088, 0.3417040596068965]",1064,-1
49740,[0.21693225 0.34699409],2,5,"[0.23231087327800656, 0.30304944505444303]",1128,-1
49741,[0.40099727 0.24931508],6,-1,-1,849,-1
49742,[0.29328959 0.56724516],7,7,"[0.2817018170798153, 0.5849768676672948]",-1,-1
49743,[0.49988779 0.53467306],5,6,"[0.5164739970238864, 0.5319253761973344]",1186,-1
49744,[0.71525182 0.4245593 ],8,3,"[0.6815204869410737, 0.47689852788858716]",443,-1
49745,[0.38569436 0.37464993],6,1,"[0.3897435781344088, 0.3417040596068965]",-1,-1
49746,[0.25131731 0.55645284],3,7,"[0.2817018170798153, 0.5849768676672948]",1706,-1
49747,[0.41190308 0.41011805],6,-1,-1,-1,-1
49748,[0.29643432 0.34392384],6,-1,-1,-1,-1
49749,[0.63259434 0.4825791 ],8,3,"[0.6815204869410737, 0.47689852788858716]",-1,-1
49750,[0.3205944  0.46949307],3,8,"[0.27392971195344684, 0.45973140540928376]",1523,-1
49751,[0.71576676 0.61413153],1,-1,-1,233,-1
49752,[0.52439193 0.61840847],9,-1,-1,1146,-1
49753,[0.55337927 0.38791131],8,-1,-1,-1,-1
49754,[0.57703026 0.50272606],5,6,"[0.5164739970238864, 0.5319253761973344]",840,-1
49755,[0.34479668 0.49674067],3,-1,-1,1880,-1
49756,[0.25638898 0.51503729],7,8,"[0.27392971195344684, 0.45973140540928376]",1785,-1
49757,[0.77060008 0.50356043],8,-1,-1,190,-1
49758,[0.64051679 0.6619143 ],9,2,"[0.5921204552873188, 0.6383928111301557]",646,-1
49759,[0.29085889 0.49415733],7,8,"[0.27392971195344684, 0.45973140540928376]",1791,-1
49760,[0.4926608  0.25156764],6,-1,-1,-1,-1
49761,[0.52386993 0.40675971],8,-1,-1,45,-1
49762,[0.69649314 0.38532928],8,-1,-1,217,-1
49763,[0.31873771 0.19441475],6,9,"[0.3110394802231661, 0.23517199738277297]",292,-1
49764,[0.47281548 0.56069226],3,6,"[0.5164739970238864, 0.5319253761973344]",-1,-1
49765,[0.20590618 0.48880487],7,-1,-1,185,-1
49766,[0.4177422  0.31029896],6,1,"[0.3897435781344088, 0.3417040596068965]",977,-1
49767,[0.3407247  0.33404793],2,1,"[0.3897435781344088, 0.3417040596068965]",-1,-1
49768,[0.40675059 0.32421434],6,1,"[0.3897435781344088, 0.3417040596068965]",-1,-1
49769,[0.60508066 0.64861283],9,2,"[0.5921204552873188, 0.6383928111301557]",1321,-1
49770,[0.84453171 0.82400571],1,-1,-1,-1,-1
49771,[0.3483385  0.27033022],6,9,"[0.3110394802231661, 0.23517199738277297]",-1,-1
49772,[0.51729163 0.30879102],6,-1,-1,-1,-1
49773,[0.46150591 0.41376072],6,-1,-1,-1,-1
49774,[0.25613687 0.41174799],7,8,"[0.27392971195344684, 0.45973140540928376]",-1,-1
49775,[0.56806679 0.50572668],9,6,"[0.5164739970238864, 0.5319253761973344]",851,-1
49776,[0.24934875 0.23027282],0,9,"[0.3110394802231661, 0.23517199738277297]",985,-1
49777,[0.25921474 0.23784705],0,9,"[0.3110394802231661, 0.23517199738277297]",1137,-1
49778,[0.34614464 0.16993805],0,-1,-1,-1,-1
49779,[0.62583113 0.38769576],8,-1,-1,-1,-1
49780,[0.48777924 0.5396289 ],5,6,"[0.5164739970238864, 0.5319253761973344]",959,-1
49781,[0.69524535 0.39348078],8,-1,-1,217,-1
49782,[0.3753381  0.32513482],6,1,"[0.3897435781344088, 0.3417040596068965]",1476,-1
49783,[0.27089919 0.23841552],0,9,"[0.3110394802231661, 0.23517199738277297]",1524,-1
49784,[0.55627676 0.61327532],9,2,"[0.5921204552873188, 0.6383928111301557]",-1,-1
49785,[0.4982554  0.62032046],9,-1,-1,918,-1
49786,[0.30864045 0.54693952],7,7,"[0.2817018170798153, 0.5849768676672948]",1987,17
49787,[0.42706134 0.64580717],3,-1,-1,-1,-1
49788,[0.47247172 0.24519758],6,-1,-1,-1,-1
49789,[0.40018901 0.4580432 ],3,-1,-1,584,-1
49790,[0.25865467 0.36578319],2,5,"[0.23231087327800656, 0.30304944505444303]",1331,-1
49791,[0.79527158 0.7666118 ],1,4,"[0.7726811996944247, 0.7249303226766757]",427,0
49792,[0.85373362 0.68017058],1,-1,-1,-1,0
49793,[0.33892385 0.49585596],4,-1,-1,1880,-1
49794,[0.64242194 0.64153845],9,2,"[0.5921204552873188, 0.6383928111301557]",-1,-1
49795,[0.62409709 0.32714527],8,-1,-1,-1,-1
49796,[0.46735243 0.41627369],3,-1,-1,-1,-1
49797,[0.52462596 0.5175944 ],5,6,"[0.5164739970238864, 0.5319253761973344]",-1,3
49798,[0.33363786 0.54767784],3,0,"[0.383291892093257, 0.5586820702346661]",1960,-1
49799,[0.42652815 0.40999748],6,-1,-1,-1,-1
49800,[0.19932381 0.51082217],4,-1,-1,-1,-1
49801,[0.6729917  0.76631053],1,-1,-1,-1,-1
49802,[0.44286916 0.59574766],3,-1,-1,1229,-1
49803,[0.32738742 0.60238981],3,7,"[0.2817018170798153, 0.5849768676672948]",1544,-1
49804,[0.3188099  0.57595539],3,7,"[0.2817018170798153, 0.5849768676672948]",1962,-1
49805,[0.34712507 0.3119623 ],2,1,"[0.3897435781344088, 0.3417040596068965]",1525,-1
49806,[0.25000699 0.3989116 ],2,8,"[0.27392971195344684, 0.45973140540928376]",649,-1
49807,[0.64447924 0.65194444],9,2,"[0.5921204552873188, 0.6383928111301557]",-1,-1
49808,[0.36549963 0.31976456],2,1,"[0.3897435781344088, 0.3417040596068965]",1545,-1
49809,[0.29004983 0.3701039 ],2,-1,-1,1092,-1
49810,[0.612659  0.5231739],8,-1,-1,-1,-1
49811,[0.25231416 0.60880589],4,7,"[0.2817018170798153, 0.5849768676672948]",-1,-1
49812,[0.81335834 0.74051228],1,4,"[0.7726811996944247, 0.7249303226766757]",-1,0
49813,[0.35914097 0.65194968],4,-1,-1,576,-1
49814,[0.21028103 0.27140014],0,5,"[0.23231087327800656, 0.30304944505444303]",1111,-1
49815,[0.25461988 0.58424127],7,7,"[0.2817018170798153, 0.5849768676672948]",-1,-1
49816,[0.53395612 0.61126696],9,2,"[0.5921204552873188, 0.6383928111301557]",1203,-1
49817,[0.32684666 0.54146665],4,0,"[0.383291892093257, 0.5586820702346661]",-1,-1
49818,[0.23392979 0.33244533],2,5,"[0.23231087327800656, 0.30304944505444303]",-1,-1
49819,[0.37067425 0.3387089 ],6,1,"[0.3897435781344088, 0.3417040596068965]",-1,-1
49820,[0.47275235 0.49032603],5,6,"[0.5164739970238864, 0.5319253761973344]",875,-1
49821,[0.32638115 0.5262453 ],7,0,"[0.383291892093257, 0.5586820702346661]",1943,-1
49822,[0.35072198 0.30491788],0,1,"[0.3897435781344088, 0.3417040596068965]",-1,-1
49823,[0.61158686 0.64649945],9,2,"[0.5921204552873188, 0.6383928111301557]",-1,-1
49824,[0.64687068 0.57652068],9,-1,-1,810,-1
49825,[0.55926545 0.49693732],5,6,"[0.5164739970238864, 0.5319253761973344]",845,-1
49826,[0.24424234 0.35109146],2,5,"[0.23231087327800656, 0.30304944505444303]",1570,-1
49827,[0.40859588 0.29769104],0,1,"[0.3897435781344088, 0.3417040596068965]",-1,-1
49828,[0.33375875 0.42068032],7,-1,-1,917,-1
49829,[0.27011671 0.42929373],2,8,"[0.27392971195344684, 0.45973140540928376]",1175,-1
49830,[0.25636926 0.16223114],0,-1,-1,-1,-1
49831,[0.37019107 0.64733407],4,-1,-1,-1,-1
49832,[0.382968   0.57711223],3,0,"[0.383291892093257, 0.5586820702346661]",1825,-1
49833,[0.2307303  0.51649669],7,-1,-1,-1,-1
49834,[0.35763712 0.49827879],7,0,"[0.383291892093257, 0.5586820702346661]",1761,-1
49835,[0.37688246 0.67250496],4,-1,-1,-1,-1
49836,[0.28554217 0.2623919 ],0,9,"[0.3110394802231661, 0.23517199738277297]",-1,-1
49837,[0.71102811 0.53375921],8,3,"[0.6815204869410737, 0.47689852788858716]",-1,-1
49838,[0.36784836 0.32616645],6,1,"[0.3897435781344088, 0.3417040596068965]",1536,-1
49839,[0.31702808 0.24964933],0,9,"[0.3110394802231661, 0.23517199738277297]",1499,-1
49840,[0.34107402 0.63882573],3,-1,-1,-1,-1
49841,[0.72588438 0.6576848 ],1,-1,-1,-1,0
49842,[0.36614438 0.51367475],3,0,"[0.383291892093257, 0.5586820702346661]",1900,-1
49843,[0.37612118 0.4656099 ],4,-1,-1,-1,-1
49844,[0.45776603 0.6072824 ],3,-1,-1,-1,-1
49845,[0.19278944 0.47005188],7,-1,-1,210,-1
49846,[0.58288254 0.38899685],8,-1,-1,-1,-1
49847,[0.69867948 0.67572227],1,-1,-1,303,0
49848,[0.42748989 0.32796435],6,1,"[0.3897435781344088, 0.3417040596068965]",979,-1
49849,[0.67246083 0.70490719],9,-1,-1,-1,0
49850,[0.3792012  0.40171528],3,1,"[0.3897435781344088, 0.3417040596068965]",722,-1
49851,[0.17023336 0.43646666],7,-1,-1,-1,-1
49852,[0.4962255  0.61732902],5,-1,-1,918,-1
49853,[0.66941441 0.4462323 ],8,3,"[0.6815204869410737, 0.47689852788858716]",-1,-1
49854,[0.4709247  0.45438325],7,-1,-1,291,-1
49855,[0.78983392 0.70716325],1,4,"[0.7726811996944247, 0.7249303226766757]",478,0
49856,[0.23866419 0.27119307],2,5,"[0.23231087327800656, 0.30304944505444303]",1363,-1
49857,[0.83648276 0.79814083],1,-1,-1,-1,-1
49858,[0.33351344 0.53649832],3,0,"[0.383291892093257, 0.5586820702346661]",1948,-1
49859,[0.44074798 0.39658839],6,-1,-1,426,-1
49860,[0.24887352 0.52370987],7,8,"[0.27392971195344684, 0.45973140540928376]",-1,-1
49861,[0.27677902 0.37342353],2,-1,-1,1265,-1
49862,[0.89712667 0.83886351],1,-1,-1,-1,-1
49863,[0.43540646 0.40918645],5,-1,-1,-1,-1
49864,[0.39617863 0.5813765 ],3,0,"[0.383291892093257, 0.5586820702346661]",-1,-1
49865,[0.45300885 0.52777421],7,6,"[0.5164739970238864, 0.5319253761973344]",-1,-1
49866,[0.2738893  0.23858432],0,9,"[0.3110394802231661, 0.23517199738277297]",-1,-1
49867,[0.25870459 0.19186398],0,9,"[0.3110394802231661, 0.23517199738277297]",-1,-1
49868,[0.32416804 0.32793705],6,1,"[0.3897435781344088, 0.3417040596068965]",-1,-1
49869,[0.80386316 0.72631204],1,4,"[0.7726811996944247, 0.7249303226766757]",455,0
49870,[0.3366602  0.55263805],3,0,"[0.383291892093257, 0.5586820702346661]",1957,-1
49871,[0.69553924 0.48085998],8,3,"[0.6815204869410737, 0.47689852788858716]",808,-1
49872,[0.18528264 0.50508179],7,-1,-1,-1,-1
49873,[0.44234233 0.55040531],5,0,"[0.383291892093257, 0.5586820702346661]",-1,-1
49874,[0.17451138 0.54880538],7,-1,-1,-1,-1
49875,[0.2436413  0.26840396],2,5,"[0.23231087327800656, 0.30304944505444303]",-1,-1
49876,[0.47540227 0.6894552 ],9,-1,-1,-1,-1
49877,[0.76587265 0.48689888],8,-1,-1,-1,-1
49878,[0.49095008 0.48851119],3,6,"[0.5164739970238864, 0.5319253761973344]",606,-1
49879,[0.568984   0.49257034],8,6,"[0.5164739970238864, 0.5319253761973344]",848,-1
49880,[0.27571171 0.34977815],2,5,"[0.23231087327800656, 0.30304944505444303]",1550,-1
49881,[0.45001199 0.63686641],4,-1,-1,-1,-1
49882,[0.8675316  0.70955149],1,-1,-1,-1,0
49883,[0.76424951 0.4833531 ],8,-1,-1,186,-1
49884,[0.29046987 0.55930675],3,7,"[0.2817018170798153, 0.5849768676672948]",-1,-1
49885,[0.36955873 0.56921437],3,0,"[0.383291892093257, 0.5586820702346661]",-1,12
49886,[0.26389104 0.11461436],0,-1,-1,20,-1
49887,[0.32390846 0.53240056],4,0,"[0.383291892093257, 0.5586820702346661]",-1,-1
49888,[0.28033655 0.5179065 ],4,8,"[0.27392971195344684, 0.45973140540928376]",1886,14
49889,[0.25045839 0.45897092],7,8,"[0.27392971195344684, 0.45973140540928376]",1148,-1
49890,[0.78458903 0.6507794 ],1,-1,-1,329,0
49891,[0.65835252 0.41352664],8,3,"[0.6815204869410737, 0.47689852788858716]",-1,-1
49892,[0.60338509 0.56029651],5,-1,-1,1316,-1
49893,[0.33720447 0.57139127],4,0,"[0.383291892093257, 0.5586820702346661]",1979,-1
49894,[0.30426934 0.67503581],4,-1,-1,-1,-1
49895,[0.52785758 0.45840334],5,-1,-1,-1,-1
49896,[0.2609839  0.60405934],7,7,"[0.2817018170798153, 0.5849768676672948]",1646,-1
49897,[0.51967255 0.70019716],9,-1,-1,-1,-1
49898,[0.39063767 0.26417229],0,-1,-1,-1,-1
49899,[0.28996324 0.21128143],0,9,"[0.3110394802231661, 0.23517199738277297]",-1,-1
49900,[0.256388   0.33444851],0,5,"[0.23231087327800656, 0.30304944505444303]",-1,-1
49901,[0.21069712 0.40531893],7,-1,-1,202,-1
49902,[0.87611762 0.74640075],1,-1,-1,87,-1
49903,[0.53223921 0.65998634],5,2,"[0.5921204552873188, 0.6383928111301557]",-1,-1
49904,[0.44993008 0.52068127],7,6,"[0.5164739970238864, 0.5319253761973344]",-1,-1
49905,[0.59559096 0.48703878],5,-1,-1,-1,-1
49906,[0.65221955 0.50469148],8,3,"[0.6815204869410737, 0.47689852788858716]",-1,-1
49907,[0.66561265 0.69528997],9,-1,-1,-1,-1
49908,[0.20473361 0.27101756],0,5,"[0.23231087327800656, 0.30304944505444303]",1111,-1
49909,[0.51283546 0.55124032],5,6,"[0.5164739970238864, 0.5319253761973344]",-1,-1
49910,[0.29535038 0.60263331],4,7,"[0.2817018170798153, 0.5849768676672948]",1693,-1
49911,[0.25746485 0.56604108],7,7,"[0.2817018170798153, 0.5849768676672948]",1699,-1
49912,[0.62818638 0.57148638],9,-1,-1,1195,-1
49913,[0.72415489 0.46966351],8,3,"[0.6815204869410737, 0.47689852788858716]",779,-1
49914,[0.60667998 0.54395713],5,-1,-1,-1,-1
49915,[0.56673963 0.53243929],5,6,"[0.5164739970238864, 0.5319253761973344]",-1,-1
49916,[0.54132595 0.59471124],8,2,"[0.5921204552873188, 0.6383928111301557]",1429,-1
49917,[0.30812455 0.24239053],0,9,"[0.3110394802231661, 0.23517199738277297]",1498,-1
49918,[0.27734759 0.30629223],0,5,"[0.23231087327800656, 0.30304944505444303]",-1,-1
49919,[0.69623822 0.73455906],1,-1,-1,-1,0
49920,[0.71378515 0.58074451],8,-1,-1,229,-1
49921,[0.6393823  0.51512267],9,3,"[0.6815204869410737, 0.47689852788858716]",-1,1
49922,[0.47821215 0.27630752],6,-1,-1,-1,-1
49923,[0.71468413 0.52174426],8,3,"[0.6815204869410737, 0.47689852788858716]",-1,-1
49924,[0.2802422  0.31053686],2,5,"[0.23231087327800656, 0.30304944505444303]",-1,-1
49925,[0.39467315 0.27228632],6,1,"[0.3897435781344088, 0.3417040596068965]",-1,-1
49926,[0.55973666 0.66269981],9,2,"[0.5921204552873188, 0.6383928111301557]",-1,-1
49927,[0.51877627 0.67337578],5,-1,-1,449,-1
49928,[0.25103261 0.31298754],2,5,"[0.23231087327800656, 0.30304944505444303]",1501,-1
49929,[0.24304798 0.35490101],0,5,"[0.23231087327800656, 0.30304944505444303]",-1,-1
49930,[0.19534175 0.49320148],7,-1,-1,-1,-1
49931,[0.28318408 0.27197352],2,9,"[0.3110394802231661, 0.23517199738277297]",1627,-1
49932,[0.66543394 0.50575077],8,3,"[0.6815204869410737, 0.47689852788858716]",-1,2
49933,[0.32403923 0.43294041],7,8,"[0.27392971195344684, 0.45973140540928376]",-1,-1
49934,[0.6615976  0.48612054],8,3,"[0.6815204869410737, 0.47689852788858716]",-1,1
49935,[0.35435905 0.58199228],3,0,"[0.383291892093257, 0.5586820702346661]",1843,-1
49936,[0.40036574 0.32357277],6,1,"[0.3897435781344088, 0.3417040596068965]",966,-1
49937,[0.81040722 0.76481839],1,4,"[0.7726811996944247, 0.7249303226766757]",-1,0
49938,[0.36984284 0.53171047],3,0,"[0.383291892093257, 0.5586820702346661]",1934,-1
49939,[0.380004   0.61772375],4,0,"[0.383291892093257, 0.5586820702346661]",1513,-1
49940,[0.28319089 0.3168548 ],2,5,"[0.23231087327800656, 0.30304944505444303]",-1,-1
49941,[0.6691742  0.58775428],8,-1,-1,-1,-1
49942,[0.30267634 0.6585411 ],4,-1,-1,558,-1
49943,[0.64353528 0.70024742],9,-1,-1,-1,-1
49944,[0.47507778 0.57479444],5,6,"[0.5164739970238864, 0.5319253761973344]",1026,-1
49945,[0.82808302 0.81414126],1,-1,-1,-1,-1
49946,[0.31336417 0.43436799],2,8,"[0.27392971195344684, 0.45973140540928376]",-1,-1
49947,[0.53619823 0.35494593],6,-1,-1,-1,-1
49948,[0.35494077 0.60963515],3,0,"[0.383291892093257, 0.5586820702346661]",1829,-1
49949,[0.56660989 0.65142586],9,2,"[0.5921204552873188, 0.6383928111301557]",-1,-1
49950,[0.74539041 0.66991439],1,4,"[0.7726811996944247, 0.7249303226766757]",-1,0
49951,[0.36705609 0.36174013],6,1,"[0.3897435781344088, 0.3417040596068965]",1088,-1
49952,[0.11287902 0.37112079],2,-1,-1,-1,-1
49953,[0.33858287 0.41226131],7,-1,-1,-1,-1
49954,[0.78201405 0.67685801],1,4,"[0.7726811996944247, 0.7249303226766757]",397,0
49955,[0.81174653 0.72729518],1,4,"[0.7726811996944247, 0.7249303226766757]",456,0
49956,[0.2292915  0.36190279],2,5,"[0.23231087327800656, 0.30304944505444303]",1126,-1
49957,[0.69810441 0.3875195 ],8,-1,-1,217,-1
49958,[0.34702591 0.53708341],4,0,"[0.383291892093257, 0.5586820702346661]",-1,16
49959,[0.30013756 0.52502769],7,7,"[0.2817018170798153, 0.5849768676672948]",1788,-1
49960,[0.69421613 0.40672686],8,-1,-1,509,-1
49961,[0.24192679 0.54599305],7,7,"[0.2817018170798153, 0.5849768676672948]",1481,-1
49962,[0.59426306 0.47269236],5,-1,-1,-1,-1
49963,[0.63222255 0.50518232],9,3,"[0.6815204869410737, 0.47689852788858716]",-1,-1
49964,[0.62553064 0.72860579],9,-1,-1,-1,-1
49965,[0.62923278 0.56790661],5,-1,-1,1195,-1
49966,[0.25061189 0.2671855 ],0,5,"[0.23231087327800656, 0.30304944505444303]",-1,-1
49967,[0.42945455 0.40115139],2,-1,-1,-1,-1
49968,[0.48474171 0.30544161],6,-1,-1,173,-1
49969,[0.71166168 0.61840978],1,-1,-1,-1,-1
49970,[0.65063975 0.55658789],9,-1,-1,1108,-1
49971,[0.76567463 0.74543467],1,4,"[0.7726811996944247, 0.7249303226766757]",430,0
49972,[0.68849994 0.53334499],8,3,"[0.6815204869410737, 0.47689852788858716]",-1,-1
49973,[0.19315635 0.22380629],0,-1,-1,557,-1
49974,[0.76641223 0.73331667],1,4,"[0.7726811996944247, 0.7249303226766757]",469,0
49975,[0.47072638 0.4450712 ],5,-1,-1,179,-1
49976,[0.24161884 0.27132019],0,5,"[0.23231087327800656, 0.30304944505444303]",1363,-1
49977,[0.26344989 0.45389149],7,8,"[0.27392971195344684, 0.45973140540928376]",-1,-1
49978,[0.33597318 0.34959833],2,1,"[0.3897435781344088, 0.3417040596068965]",-1,-1
49979,[0.75745463 0.46160323],8,-1,-1,263,-1
49980,[0.38035385 0.35068445],6,1,"[0.3897435781344088, 0.3417040596068965]",1086,-1
49981,[0.57712087 0.62154647],8,2,"[0.5921204552873188, 0.6383928111301557]",-1,-1
49982,[0.32131786 0.34362251],2,1,"[0.3897435781344088, 0.3417040596068965]",-1,-1
49983,[0.54636916 0.65962359],9,2,"[0.5921204552873188, 0.6383928111301557]",1029,-1
49984,[0.47328326 0.5457902 ],5,6,"[0.5164739970238864, 0.5319253761973344]",854,-1
49985,[0.2488038  0.23424575],0,9,"[0.3110394802231661, 0.23517199738277297]",-1,-1
49986,[0.70029676 0.63908038],1,-1,-1,-1,-1
49987,[0.37492415 0.39035757],6,1,"[0.3897435781344088, 0.3417040596068965]",-1,-1
49988,[0.14132647 0.37879772],2,-1,-1,-1,-1
49989,[0.32419863 0.50944503],7,-1,-1,1920,-1
49990,[0.24140133 0.29644011],2,5,"[0.23231087327800656, 0.30304944505444303]",-1,-1
49991,[0.21946788 0.58573236],7,7,"[0.2817018170798153, 0.5849768676672948]",380,-1
49992,[0.34937526 0.52873053],4,0,"[0.383291892093257, 0.5586820702346661]",1947,-1
49993,[0.25430405 0.3249428 ],0,5,"[0.23231087327800656, 0.30304944505444303]",1517,7
49994,[0.31982186 0.51482663],4,-1,-1,1923,15
49995,[0.30819548 0.32623443],0,-1,-1,1677,-1
49996,[0.2406978  0.36270017],4,5,"[0.23231087327800656, 0.30304944505444303]",-1,-1
49997,[0.5457796  0.53609397],9,6,"[0.5164739970238864, 0.5319253761973344]",-1,-1
49998,[0.37737687 0.40068782],6,1,"[0.3897435781344088, 0.3417040596068965]",722,-1
49999,[0.73154784 0.76988541],1,4,"[0.7726811996944247, 0.7249303226766757]",-1,0
