,datum,blob,snowball_label,snowball_center,hdbscan_eom_label,hdbscan_leaf_label
0,[0.55697777 0.81197006],41,54,"[0.5543559290453911, 0.8745301787140618]",-1,1
1,[0.25391058 0.17652203],53,24,"[0.22211726943580432, 0.16778750473136125]",1,1
2,[0.80039751 0.74135566],86,2,"[0.8251177034883999, 0.7275290938401112]",1,1
3,[0.32244455 0.79469114],82,11,"[0.31946153154474277, 0.8007570151943507]",1,1
4,[0.84805043 0.64411827],86,55,"[0.8726536015100935, 0.6704107022671288]",1,1
5,[0.08882252 0.50633026],14,37,"[0.09667375602219228, 0.5047931523832969]",1,1
6,[0.83369909 0.33197641],28,3,"[0.8370814657805602, 0.35225254968495334]",1,1
7,[0.23884002 0.2546148 ],49,28,"[0.22360759621917864, 0.2427852254756986]",1,1
8,[0.24924544 0.33265069],9,6,"[0.2759410232297699, 0.32456577129288416]",1,1
9,[0.30921398 0.09592035],96,75,"[0.32672578932004837, 0.08969704753039312]",1,1
10,[0.33212227 0.26696907],9,41,"[0.30435986332947107, 0.25489047636266116]",1,1
11,[0.69470273 0.188467  ],11,49,"[0.6792858981871475, 0.22379767258241093]",-1,0
12,[0.36176472 0.39867157],39,38,"[0.3781963905630463, 0.3893118837258947]",1,1
13,[0.16053045 0.40979351],54,35,"[0.20133940847753817, 0.40496047509109045]",1,1
14,[0.74336579 0.32505366],71,9,"[0.7331864882126137, 0.3023916012711726]",1,1
15,[0.95921166 0.38493978],64,66,"[0.9210325838845916, 0.39559659470405517]",-1,1
16,[0.35254714 0.42231   ],19,52,"[0.3323220564871865, 0.40426557194963486]",1,1
17,[0.33765698 0.65641993],65,1,"[0.3454618260560106, 0.6588114384242099]",1,1
18,[0.23501286 0.81757898],56,18,"[0.18273864280326527, 0.8345377082154484]",1,1
19,[0.32855999 0.5253364 ],33,7,"[0.32018815006195595, 0.5751338600097899]",1,1
20,[0.14771394 0.39873088],54,72,"[0.09658016382716816, 0.40888385439805186]",1,1
21,[0.37884533 0.7735651 ],51,33,"[0.41790649834360427, 0.7572666849156103]",1,1
22,[0.32301948 0.31819556],81,20,"[0.3506894007985839, 0.3300900505680594]",1,1
23,[0.3304886  0.50064281],88,68,"[0.27997543802476765, 0.5038325811756155]",1,1
24,[0.82638892 0.7805377 ],95,12,"[0.7906283097636692, 0.7850983936308884]",1,1
25,[0.82922824 0.15016315],7,44,"[0.7970774761030968, 0.17571119454117654]",1,1
26,[0.70473178 0.69720861],32,14,"[0.6536094821078945, 0.6851260493137298]",1,1
27,[0.79861449 0.16544817],7,44,"[0.7970774761030968, 0.17571119454117654]",1,1
28,[0.82010359 0.11199445],99,53,"[0.8038827034113276, 0.10463983927609051]",1,1
29,[0.20141449 0.07955505],24,48,"[0.20198996797159463, 0.10585880045132366]",1,1
30,[0.29955393 0.10855014],38,62,"[0.2818857089266789, 0.1141301849237604]",1,1
31,[0.52161039 0.43916034],13,17,"[0.5082991783733504, 0.4926120380141159]",1,1
32,[0.10089514 0.48427563],14,37,"[0.09667375602219228, 0.5047931523832969]",1,1
33,[0.71849899 0.27519172],25,9,"[0.7331864882126137, 0.3023916012711726]",1,1
34,[0.24946978 0.7422535 ],82,13,"[0.255378642795236, 0.7434727381590717]",1,1
35,[0.65246808 0.66347111],97,14,"[0.6536094821078945, 0.6851260493137298]",1,1
36,[0.62117539 0.71421029],63,14,"[0.6536094821078945, 0.6851260493137298]",1,1
37,[0.51522974 0.66193122],6,26,"[0.5477477513981099, 0.6474502763867422]",1,1
38,[0.78400067 0.43436892],15,8,"[0.796427715552865, 0.4037736390260863]",1,1
39,[0.86149698 0.37848699],2,3,"[0.8370814657805602, 0.35225254968495334]",1,1
40,[0.87801554 0.83852675],58,42,"[0.9036570809859629, 0.8544624868096156]",1,1
41,[0.34309283 0.32935447],19,20,"[0.3506894007985839, 0.3300900505680594]",1,1
42,[0.28307165 0.78708303],87,11,"[0.31946153154474277, 0.8007570151943507]",1,1
43,[0.20073657 0.61956676],35,22,"[0.1844588343877217, 0.5802608839440713]",1,1
44,[0.72234583 0.38981533],72,46,"[0.7180070556524429, 0.3708344651524445]",1,1
45,[0.7015954  0.68329693],74,14,"[0.6536094821078945, 0.6851260493137298]",1,1
46,[0.76314536 0.80141543],92,12,"[0.7906283097636692, 0.7850983936308884]",1,1
47,[0.1351402  0.63375966],48,76,"[0.1334025737159373, 0.6631768732537268]",1,1
48,[0.26375064 0.88957858],8,19,"[0.26353507515627533, 0.8865786808719914]",1,1
49,[0.77483564 0.78196054],90,12,"[0.7906283097636692, 0.7850983936308884]",1,1
50,[0.36741941 0.65762314],70,1,"[0.3454618260560106, 0.6588114384242099]",1,1
51,[0.34781854 0.53746079],45,0,"[0.38658715831249124, 0.5590080073840624]",1,1
52,[0.48096395 0.75466787],66,34,"[0.5263260195098358, 0.7202941054923024]",1,1
53,[0.92908375 0.23562711],3,-1,-1,-1,-1
54,[0.22304901 0.39442887],62,35,"[0.20133940847753817, 0.40496047509109045]",1,1
55,[0.16505455 0.60368998],35,22,"[0.1844588343877217, 0.5802608839440713]",1,1
56,[0.83358272 0.74196652],23,2,"[0.8251177034883999, 0.7275290938401112]",1,1
57,[0.12856541 0.15794828],73,69,"[0.11280724766555504, 0.11835980806724535]",-1,-1
58,[0.85086329 0.42799205],2,8,"[0.796427715552865, 0.4037736390260863]",1,1
59,[0.390526   0.50905966],52,23,"[0.40398128906285485, 0.47238793985600597]",1,1
60,[0.5694368  0.67134908],89,26,"[0.5477477513981099, 0.6474502763867422]",1,1
61,[0.81030878 0.73406551],77,2,"[0.8251177034883999, 0.7275290938401112]",1,1
62,[0.83687318 0.719423  ],23,2,"[0.8251177034883999, 0.7275290938401112]",1,1
63,[0.2111677  0.17010923],60,24,"[0.22211726943580432, 0.16778750473136125]",1,1
64,[0.41596098 0.54880431],22,0,"[0.38658715831249124, 0.5590080073840624]",1,1
65,[0.80519182 0.69882645],77,2,"[0.8251177034883999, 0.7275290938401112]",1,1
66,[0.11445422 0.50486248],14,37,"[0.09667375602219228, 0.5047931523832969]",1,1
67,[0.20068768 0.8654457 ],80,18,"[0.18273864280326527, 0.8345377082154484]",1,1
68,[0.71420456 0.29205341],71,9,"[0.7331864882126137, 0.3023916012711726]",1,1
69,[0.96088112 0.40145046],64,66,"[0.9210325838845916, 0.39559659470405517]",-1,-1
70,[0.2430615  0.78649076],87,13,"[0.255378642795236, 0.7434727381590717]",1,1
71,[0.82778652 0.37787049],50,3,"[0.8370814657805602, 0.35225254968495334]",1,1
72,[0.29816549 0.25690096],9,41,"[0.30435986332947107, 0.25489047636266116]",1,1
73,[0.74699333 0.77415143],67,16,"[0.7050872121683005, 0.7603958293550058]",1,1
74,[0.09824326 0.53337808],14,37,"[0.09667375602219228, 0.5047931523832969]",1,1
75,[0.82145488 0.8061943 ],83,12,"[0.7906283097636692, 0.7850983936308884]",1,1
76,[0.16255402 0.47658288],62,10,"[0.17576281003312205, 0.4889110350411397]",1,1
77,[0.67501456 0.75699531],84,16,"[0.7050872121683005, 0.7603958293550058]",1,1
78,[0.52206744 0.81232948],66,-1,-1,0,-1
79,[0.63814913 0.48618002],0,57,"[0.6025455808399671, 0.5051586096785398]",-1,-1
80,[0.25543379 0.07829858],24,62,"[0.2818857089266789, 0.1141301849237604]",1,1
81,[0.04359895 0.4071149 ],14,72,"[0.09658016382716816, 0.40888385439805186]",-1,-1
82,[0.54966238 0.55183249],97,50,"[0.5692359568894049, 0.5807815375338512]",1,1
83,[0.54015111 0.73791684],89,34,"[0.5263260195098358, 0.7202941054923024]",1,1
84,[0.64771712 0.69304127],74,14,"[0.6536094821078945, 0.6851260493137298]",1,1
85,[0.91429799 0.31441339],3,36,"[0.8935860533799959, 0.3144975410282371]",1,1
86,[0.87291179 0.79378327],58,45,"[0.898884348570375, 0.7749711697086166]",1,1
87,[0.84378532 0.71676597],67,2,"[0.8251177034883999, 0.7275290938401112]",1,1
88,[0.24716542 0.16367704],24,24,"[0.22211726943580432, 0.16778750473136125]",1,1
89,[0.64339341 0.805755  ],84,58,"[0.6385510374052902, 0.7983947905826927]",1,1
90,[0.18793101 0.80132716],80,18,"[0.18273864280326527, 0.8345377082154484]",1,1
91,[0.39343457 0.72499303],66,33,"[0.41790649834360427, 0.7572666849156103]",1,1
92,[0.87832925 0.72786217],23,45,"[0.898884348570375, 0.7749711697086166]",1,1
93,[0.16558291 0.55001868],5,22,"[0.1844588343877217, 0.5802608839440713]",1,1
94,[0.39598186 0.57073736],59,0,"[0.38658715831249124, 0.5590080073840624]",1,1
95,[0.20136624 0.68329622],48,56,"[0.22324329736570062, 0.6816423034669387]",1,1
96,[0.14599884 0.80823802],46,77,"[0.12121306059167974, 0.7847190178948913]",1,1
97,[0.43132071 0.86398266],69,47,"[0.40296909504905565, 0.8275795924145622]",-1,-1
98,[0.88880888 0.30623122],64,36,"[0.8935860533799959, 0.3144975410282371]",1,1
99,[0.70629716 0.64564445],32,14,"[0.6536094821078945, 0.6851260493137298]",1,1
100,[0.71872976 0.29178705],71,9,"[0.7331864882126137, 0.3023916012711726]",1,1
101,[0.77500545 0.32589275],25,9,"[0.7331864882126137, 0.3023916012711726]",1,1
102,[0.61737471 0.65561266],10,40,"[0.605951516640453, 0.6434281068112507]",1,1
103,[0.43800606 0.62049958],59,4,"[0.4325600541878534, 0.6662301021542341]",1,1
104,[0.5476664  0.62792084],89,26,"[0.5477477513981099, 0.6474502763867422]",1,1
105,[0.1136863 0.8837696],46,21,"[0.11841755385852878, 0.8774513778183699]",1,1
106,[0.82973714 0.77743242],77,12,"[0.7906283097636692, 0.7850983936308884]",1,1
107,[0.24818491 0.66118649],65,56,"[0.22324329736570062, 0.6816423034669387]",1,1
108,[0.15411154 0.36472868],29,15,"[0.18006251620302297, 0.34454068205898164]",1,1
109,[0.33248312 0.703528  ],26,32,"[0.34610507400884494, 0.728547610352863]",1,1
110,[0.51709285 0.47488964],16,17,"[0.5082991783733504, 0.4926120380141159]",1,1
111,[0.08233619 0.47086868],47,37,"[0.09667375602219228, 0.5047931523832969]",1,1
112,[0.23557935 0.28451646],21,28,"[0.22360759621917864, 0.2427852254756986]",1,1
113,[0.58519699 0.58057367],34,50,"[0.5692359568894049, 0.5807815375338512]",1,1
114,[0.1290606  0.88936779],76,21,"[0.11841755385852878, 0.8774513778183699]",1,1
115,[0.20061285 0.42859678],62,35,"[0.20133940847753817, 0.40496047509109045]",1,1
116,[0.30281516 0.09580495],98,75,"[0.32672578932004837, 0.08969704753039312]",1,1
117,[0.3979249  0.76874949],26,33,"[0.41790649834360427, 0.7572666849156103]",1,1
118,[0.41892408 0.71178247],17,33,"[0.41790649834360427, 0.7572666849156103]",1,1
119,[0.61532124 0.70842042],10,14,"[0.6536094821078945, 0.6851260493137298]",1,1
120,[0.33461393 0.63846347],70,1,"[0.3454618260560106, 0.6588114384242099]",1,1
121,[0.33416017 0.33707732],81,20,"[0.3506894007985839, 0.3300900505680594]",1,1
122,[0.22517521 0.22044348],49,28,"[0.22360759621917864, 0.2427852254756986]",1,1
123,[0.28548848 0.71111139],51,13,"[0.255378642795236, 0.7434727381590717]",1,1
124,[0.82600577 0.71533006],67,2,"[0.8251177034883999, 0.7275290938401112]",1,1
125,[0.19058146 0.25333145],49,28,"[0.22360759621917864, 0.2427852254756986]",1,1
126,[0.24625093 0.67908269],20,56,"[0.22324329736570062, 0.6816423034669387]",1,1
127,[0.27325916 0.24056149],91,41,"[0.30435986332947107, 0.25489047636266116]",1,1
128,[0.81455219 0.71912544],67,2,"[0.8251177034883999, 0.7275290938401112]",1,1
129,[0.4408199  0.68625845],66,4,"[0.4325600541878534, 0.6662301021542341]",1,1
130,[0.28278553 0.54657452],59,68,"[0.27997543802476765, 0.5038325811756155]",1,1
131,[0.59063755 0.51158596],34,57,"[0.6025455808399671, 0.5051586096785398]",1,1
132,[0.38559813 0.67689668],65,1,"[0.3454618260560106, 0.6588114384242099]",1,1
133,[0.37198857 0.55538657],18,0,"[0.38658715831249124, 0.5590080073840624]",1,1
134,[0.27075555 0.32104334],21,6,"[0.2759410232297699, 0.32456577129288416]",1,1
135,[0.18812059 0.57771571],88,22,"[0.1844588343877217, 0.5802608839440713]",1,1
136,[0.87107536 0.82495497],40,42,"[0.9036570809859629, 0.8544624868096156]",1,1
137,[0.63540893 0.30001549],72,25,"[0.6355051145360792, 0.3159382518739555]",1,1
138,[0.78124729 0.84094301],90,12,"[0.7906283097636692, 0.7850983936308884]",1,-1
139,[0.13331105 0.43281015],54,72,"[0.09658016382716816, 0.40888385439805186]",1,1
140,[0.72777612 0.76181014],83,16,"[0.7050872121683005, 0.7603958293550058]",1,1
141,[0.29358317 0.32516133],91,6,"[0.2759410232297699, 0.32456577129288416]",1,1
142,[0.72501435 0.31889429],12,9,"[0.7331864882126137, 0.3023916012711726]",1,1
143,[0.80278207 0.36517815],75,3,"[0.8370814657805602, 0.35225254968495334]",1,1
144,[0.10635027 0.11514804],73,69,"[0.11280724766555504, 0.11835980806724535]",1,-1
145,[0.39014931 0.50366749],59,23,"[0.40398128906285485, 0.47238793985600597]",1,1
146,[0.79206115 0.7688117 ],90,12,"[0.7906283097636692, 0.7850983936308884]",1,1
147,[0.37605375 0.58292358],33,0,"[0.38658715831249124, 0.5590080073840624]",1,1
148,[0.50018748 0.79192142],6,-1,-1,1,1
149,[0.39122879 0.33312631],78,20,"[0.3506894007985839, 0.3300900505680594]",1,1
150,[0.18055239 0.57455729],88,22,"[0.1844588343877217, 0.5802608839440713]",1,1
151,[0.63565234 0.65020557],97,40,"[0.605951516640453, 0.6434281068112507]",1,1
152,[0.80432026 0.72821079],77,2,"[0.8251177034883999, 0.7275290938401112]",1,1
153,[0.80109477 0.41176336],28,8,"[0.796427715552865, 0.4037736390260863]",1,1
154,[0.21106495 0.24480963],21,28,"[0.22360759621917864, 0.2427852254756986]",1,1
155,[0.29933981 0.35633215],44,6,"[0.2759410232297699, 0.32456577129288416]",1,1
156,[0.80786493 0.28410461],25,30,"[0.8165959170420058, 0.2656763866382133]",1,1
157,[0.42646549 0.65112436],65,4,"[0.4325600541878534, 0.6662301021542341]",1,1
158,[0.517222  0.6280864],89,26,"[0.5477477513981099, 0.6474502763867422]",1,1
159,[0.37360011 0.56403496],22,0,"[0.38658715831249124, 0.5590080073840624]",1,1
160,[0.83135092 0.78712457],23,12,"[0.7906283097636692, 0.7850983936308884]",1,1
161,[0.2237708  0.13258674],24,48,"[0.20198996797159463, 0.10585880045132366]",1,1
162,[0.7270297 0.2840321],71,9,"[0.7331864882126137, 0.3023916012711726]",1,1
163,[0.76444801 0.10863472],99,53,"[0.8038827034113276, 0.10463983927609051]",1,1
164,[0.20999488 0.38656897],62,35,"[0.20133940847753817, 0.40496047509109045]",1,1
165,[0.88520856 0.28992383],75,36,"[0.8935860533799959, 0.3144975410282371]",1,1
166,[0.78654022 0.40243213],28,8,"[0.796427715552865, 0.4037736390260863]",1,1
167,[0.38885759 0.6236061 ],22,1,"[0.3454618260560106, 0.6588114384242099]",1,1
168,[0.50638232 0.28689957],78,67,"[0.45791353587753475, 0.3072654894480269]",1,-1
169,[0.45129156 0.71892642],6,33,"[0.41790649834360427, 0.7572666849156103]",1,1
170,[0.78317408 0.74359139],90,12,"[0.7906283097636692, 0.7850983936308884]",1,1
171,[0.76176029 0.23415023],71,30,"[0.8165959170420058, 0.2656763866382133]",1,1
172,[0.27852975 0.41771257],19,27,"[0.2556767675781077, 0.4119816890542318]",1,1
173,[0.2846811  0.93134137],8,19,"[0.26353507515627533, 0.8865786808719914]",1,1
174,[0.66083613 0.72197245],84,14,"[0.6536094821078945, 0.6851260493137298]",1,1
175,[0.47886326 0.67692476],30,4,"[0.4325600541878534, 0.6662301021542341]",1,1
176,[0.74915085 0.28758445],25,9,"[0.7331864882126137, 0.3023916012711726]",1,1
177,[0.85927972 0.36380972],12,3,"[0.8370814657805602, 0.35225254968495334]",1,1
178,[0.13258353 0.52702879],47,37,"[0.09667375602219228, 0.5047931523832969]",1,1
179,[0.87797403 0.16724611],7,61,"[0.874682845687125, 0.1766622702718438]",1,1
180,[0.41741434 0.46562904],52,23,"[0.40398128906285485, 0.47238793985600597]",1,1
181,[0.44198832 0.7017833 ],6,4,"[0.4325600541878534, 0.6662301021542341]",1,1
182,[0.27294896 0.20960381],24,41,"[0.30435986332947107, 0.25489047636266116]",1,1
183,[0.47148175 0.22674181],36,51,"[0.476438649430152, 0.2189717371213992]",1,1
184,[0.8311561  0.70549327],95,2,"[0.8251177034883999, 0.7275290938401112]",1,1
185,[0.59197549 0.67243575],63,40,"[0.605951516640453, 0.6434281068112507]",1,1
186,[0.80414492 0.31482787],75,3,"[0.8370814657805602, 0.35225254968495334]",1,1
187,[0.41451616 0.78021097],69,33,"[0.41790649834360427, 0.7572666849156103]",1,1
188,[0.20813219 0.16956461],60,24,"[0.22211726943580432, 0.16778750473136125]",1,1
189,[0.27862042 0.36738361],91,6,"[0.2759410232297699, 0.32456577129288416]",1,1
190,[0.90534979 0.33637528],2,36,"[0.8935860533799959, 0.3144975410282371]",1,1
191,[0.21065797 0.35512249],29,15,"[0.18006251620302297, 0.34454068205898164]",1,1
192,[0.31860331 0.79987722],68,11,"[0.31946153154474277, 0.8007570151943507]",1,1
193,[0.45721409 0.27487745],85,67,"[0.45791353587753475, 0.3072654894480269]",1,1
194,[0.06910406 0.14814108],73,69,"[0.11280724766555504, 0.11835980806724535]",-1,-1
195,[0.17810735 0.8470584 ],76,18,"[0.18273864280326527, 0.8345377082154484]",1,1
196,[0.41294597 0.09052221],96,39,"[0.4212603913810281, 0.10642708501122958]",1,1
197,[0.13261022 0.9037295 ],37,21,"[0.11841755385852878, 0.8774513778183699]",1,1
198,[0.55532179 0.34325221],85,5,"[0.5654639725716368, 0.39607858668394824]",1,1
199,[0.3135636  0.67511029],20,1,"[0.3454618260560106, 0.6588114384242099]",1,1
200,[0.24938087 0.31161832],21,6,"[0.2759410232297699, 0.32456577129288416]",1,1
201,[0.29357557 0.9256005 ],8,19,"[0.26353507515627533, 0.8865786808719914]",1,1
202,[0.80339416 0.31739305],50,3,"[0.8370814657805602, 0.35225254968495334]",1,1
203,[0.20878806 0.18497788],60,24,"[0.22211726943580432, 0.16778750473136125]",1,1
204,[0.18055123 0.84827796],46,18,"[0.18273864280326527, 0.8345377082154484]",1,1
205,[0.26471246 0.89943389],8,19,"[0.26353507515627533, 0.8865786808719914]",1,1
206,[0.44363037 0.68556911],17,4,"[0.4325600541878534, 0.6662301021542341]",1,1
207,[0.8282174  0.37785335],75,3,"[0.8370814657805602, 0.35225254968495334]",1,1
208,[0.62344958 0.48052356],0,57,"[0.6025455808399671, 0.5051586096785398]",-1,-1
209,[0.1149837  0.88407769],46,21,"[0.11841755385852878, 0.8774513778183699]",1,1
210,[0.32397954 0.41746075],44,52,"[0.3323220564871865, 0.40426557194963486]",1,1
211,[0.19997149 0.49955599],5,10,"[0.17576281003312205, 0.4889110350411397]",1,1
212,[0.30395215 0.83131855],80,11,"[0.31946153154474277, 0.8007570151943507]",1,1
213,[0.23179765 0.69176829],20,56,"[0.22324329736570062, 0.6816423034669387]",1,1
214,[0.38036821 0.45209823],31,23,"[0.40398128906285485, 0.47238793985600597]",1,1
215,[0.78063852 0.38640702],50,8,"[0.796427715552865, 0.4037736390260863]",1,1
216,[0.53859916 0.48127369],16,17,"[0.5082991783733504, 0.4926120380141159]",1,1
217,[0.34024576 0.64129847],18,1,"[0.3454618260560106, 0.6588114384242099]",1,1
218,[0.55837781 0.40617145],0,5,"[0.5654639725716368, 0.39607858668394824]",1,1
219,[0.3417303  0.34002453],93,20,"[0.3506894007985839, 0.3300900505680594]",1,1
220,[0.81741721 0.16904828],99,44,"[0.7970774761030968, 0.17571119454117654]",1,1
221,[0.29042342 0.08711318],38,62,"[0.2818857089266789, 0.1141301849237604]",1,1
222,[0.36686594 0.51103919],52,0,"[0.38658715831249124, 0.5590080073840624]",1,1
223,[0.37250325 0.56051297],33,0,"[0.38658715831249124, 0.5590080073840624]",1,1
224,[0.77197576 0.384631  ],15,8,"[0.796427715552865, 0.4037736390260863]",1,1
225,[0.7180546  0.77523185],92,16,"[0.7050872121683005, 0.7603958293550058]",1,1
226,[0.4466673 0.5925198],18,43,"[0.4825913820269017, 0.5697507501626031]",1,1
227,[0.45823595 0.57894837],79,43,"[0.4825913820269017, 0.5697507501626031]",1,1
228,[0.53636641 0.73676581],30,34,"[0.5263260195098358, 0.7202941054923024]",1,1
229,[0.42093476 0.22925933],78,51,"[0.476438649430152, 0.2189717371213992]",-1,-1
230,[0.17732562 0.34561411],91,15,"[0.18006251620302297, 0.34454068205898164]",1,1
231,[0.71116341 0.68202385],32,29,"[0.7633191161322418, 0.6918938593572181]",1,1
232,[0.49729505 0.21809789],36,51,"[0.476438649430152, 0.2189717371213992]",1,1
233,[0.20172111 0.31776224],49,15,"[0.18006251620302297, 0.34454068205898164]",1,1
234,[0.58555887 0.55146392],97,50,"[0.5692359568894049, 0.5807815375338512]",1,1
235,[0.37553025 0.15669803],98,31,"[0.34916343089338797, 0.15832209216610185]",1,1
236,[0.5394156  0.88475383],41,54,"[0.5543559290453911, 0.8745301787140618]",0,1
237,[0.83639078 0.36327993],15,3,"[0.8370814657805602, 0.35225254968495334]",1,1
238,[0.22906323 0.40907664],55,27,"[0.2556767675781077, 0.4119816890542318]",1,1
239,[0.32073775 0.61759029],70,7,"[0.32018815006195595, 0.5751338600097899]",1,1
240,[0.83955621 0.32632975],50,3,"[0.8370814657805602, 0.35225254968495334]",1,1
241,[0.82812953 0.31675509],12,3,"[0.8370814657805602, 0.35225254968495334]",1,1
242,[0.30938164 0.36784259],81,52,"[0.3323220564871865, 0.40426557194963486]",1,1
243,[0.2431623  0.72012732],56,13,"[0.255378642795236, 0.7434727381590717]",1,1
244,[0.24410774 0.28260015],81,28,"[0.22360759621917864, 0.2427852254756986]",1,1
245,[0.2358015 0.6038613],35,60,"[0.24955780999813876, 0.6176750586885945]",1,1
246,[0.3923203  0.37096807],19,38,"[0.3781963905630463, 0.3893118837258947]",1,1
247,[0.73294338 0.67812373],32,29,"[0.7633191161322418, 0.6918938593572181]",1,1
248,[0.37072174 0.487809  ],31,23,"[0.40398128906285485, 0.47238793985600597]",1,1
249,[0.17555604 0.5234022 ],14,10,"[0.17576281003312205, 0.4889110350411397]",1,1
250,[0.8308485  0.87983877],58,59,"[0.8273411418361588, 0.879080487015064]",1,1
251,[0.36094707 0.6197103 ],59,1,"[0.3454618260560106, 0.6588114384242099]",1,1
252,[0.45896111 0.47050134],52,17,"[0.5082991783733504, 0.4926120380141159]",1,1
253,[0.7676221  0.32337195],71,9,"[0.7331864882126137, 0.3023916012711726]",1,1
254,[0.53279029 0.23694056],36,74,"[0.5875348376000232, 0.22682887629646886]",1,1
255,[0.6421876  0.30954328],57,25,"[0.6355051145360792, 0.3159382518739555]",1,1
256,[0.89394409 0.83871571],40,42,"[0.9036570809859629, 0.8544624868096156]",1,1
257,[0.84552986 0.7654708 ],67,2,"[0.8251177034883999, 0.7275290938401112]",1,1
258,[0.71441582 0.36183789],75,46,"[0.7180070556524429, 0.3708344651524445]",1,1
259,[0.38633415 0.38299204],44,38,"[0.3781963905630463, 0.3893118837258947]",1,1
260,[0.29165141 0.34137863],49,6,"[0.2759410232297699, 0.32456577129288416]",1,1
261,[0.91596161 0.86285113],40,42,"[0.9036570809859629, 0.8544624868096156]",1,1
262,[0.46892525 0.53410839],22,43,"[0.4825913820269017, 0.5697507501626031]",1,1
263,[0.77777236 0.75380675],77,12,"[0.7906283097636692, 0.7850983936308884]",1,1
264,[0.2188904  0.14393252],24,24,"[0.22211726943580432, 0.16778750473136125]",1,1
265,[0.17088586 0.21418553],53,63,"[0.14382570580912205, 0.23724667976214525]",1,1
266,[0.23282778 0.6945588 ],20,56,"[0.22324329736570062, 0.6816423034669387]",1,1
267,[0.85810696 0.36115139],2,3,"[0.8370814657805602, 0.35225254968495334]",1,1
268,[0.25224676 0.74763819],68,13,"[0.255378642795236, 0.7434727381590717]",1,1
269,[0.3551679  0.11529738],96,75,"[0.32672578932004837, 0.08969704753039312]",1,1
270,[0.09507606 0.39949198],54,72,"[0.09658016382716816, 0.40888385439805186]",1,1
271,[0.81880365 0.47879702],27,-1,-1,-1,-1
272,[0.56184944 0.3492092 ],4,5,"[0.5654639725716368, 0.39607858668394824]",1,1
273,[0.61585779 0.33670897],57,25,"[0.6355051145360792, 0.3159382518739555]",1,1
274,[0.27394401 0.34376713],43,6,"[0.2759410232297699, 0.32456577129288416]",1,1
275,[0.89643518 0.91483069],40,42,"[0.9036570809859629, 0.8544624868096156]",-1,1
276,[0.46032127 0.73942811],66,33,"[0.41790649834360427, 0.7572666849156103]",1,1
277,[0.3852202  0.72316426],66,32,"[0.34610507400884494, 0.728547610352863]",1,1
278,[0.26685581 0.5451354 ],35,68,"[0.27997543802476765, 0.5038325811756155]",1,1
279,[0.22353413 0.50759145],88,10,"[0.17576281003312205, 0.4889110350411397]",1,1
280,[0.71338036 0.76823271],90,16,"[0.7050872121683005, 0.7603958293550058]",1,1
281,[0.58615824 0.87422261],84,54,"[0.5543559290453911, 0.8745301787140618]",0,1
282,[0.76745186 0.11327425],99,53,"[0.8038827034113276, 0.10463983927609051]",1,1
283,[0.32672428 0.3455371 ],21,20,"[0.3506894007985839, 0.3300900505680594]",1,1
284,[0.62141078 0.65767752],10,40,"[0.605951516640453, 0.6434281068112507]",1,1
285,[0.2863871  0.85129198],68,19,"[0.26353507515627533, 0.8865786808719914]",1,1
286,[0.91675652 0.29796191],2,36,"[0.8935860533799959, 0.3144975410282371]",1,1
287,[0.32537325 0.58521695],20,7,"[0.32018815006195595, 0.5751338600097899]",1,1
288,[0.05381657 0.47049204],14,37,"[0.09667375602219228, 0.5047931523832969]",1,1
289,[0.69691341 0.67251642],32,14,"[0.6536094821078945, 0.6851260493137298]",1,1
290,[0.86379953 0.27256451],3,30,"[0.8165959170420058, 0.2656763866382133]",1,1
291,[0.14562659 0.84412531],76,18,"[0.18273864280326527, 0.8345377082154484]",1,1
292,[0.68036176 0.78243837],92,16,"[0.7050872121683005, 0.7603958293550058]",1,1
293,[0.23513639 0.51687469],88,68,"[0.27997543802476765, 0.5038325811756155]",1,1
294,[0.78782892 0.17581185],61,44,"[0.7970774761030968, 0.17571119454117654]",1,1
295,[0.88459019 0.21018844],7,61,"[0.874682845687125, 0.1766622702718438]",-1,-1
296,[0.88009675 0.37393843],64,66,"[0.9210325838845916, 0.39559659470405517]",1,1
297,[0.51395582 0.51821939],63,17,"[0.5082991783733504, 0.4926120380141159]",1,1
298,[0.774472  0.6617717],32,29,"[0.7633191161322418, 0.6918938593572181]",1,1
299,[0.57032761 0.91256828],41,54,"[0.5543559290453911, 0.8745301787140618]",0,1
300,[0.41179372 0.53056367],31,0,"[0.38658715831249124, 0.5590080073840624]",1,1
301,[0.18682224 0.12574746],73,48,"[0.20198996797159463, 0.10585880045132366]",1,1
302,[0.64664702 0.21294332],1,49,"[0.6792858981871475, 0.22379767258241093]",1,1
303,[0.57705313 0.66868648],10,26,"[0.5477477513981099, 0.6474502763867422]",1,1
304,[0.15573698 0.19891361],73,63,"[0.14382570580912205, 0.23724667976214525]",1,1
305,[0.34876046 0.54526031],33,0,"[0.38658715831249124, 0.5590080073840624]",1,1
306,[0.81845291 0.12413845],99,53,"[0.8038827034113276, 0.10463983927609051]",1,1
307,[0.6898723  0.65899926],32,14,"[0.6536094821078945, 0.6851260493137298]",1,1
308,[0.51238753 0.51305063],52,17,"[0.5082991783733504, 0.4926120380141159]",1,1
309,[0.20189581 0.33586961],91,15,"[0.18006251620302297, 0.34454068205898164]",1,1
310,[0.40975043 0.67288631],65,4,"[0.4325600541878534, 0.6662301021542341]",1,1
311,[0.56101986 0.41710196],4,5,"[0.5654639725716368, 0.39607858668394824]",1,1
312,[0.13071983 0.58217799],47,22,"[0.1844588343877217, 0.5802608839440713]",1,1
313,[0.93891856 0.34207842],64,36,"[0.8935860533799959, 0.3144975410282371]",1,1
314,[0.71567827 0.24208752],25,49,"[0.6792858981871475, 0.22379767258241093]",1,1
315,[0.68156534 0.62047465],32,-1,-1,1,1
316,[0.6260943  0.61340165],97,40,"[0.605951516640453, 0.6434281068112507]",1,1
317,[0.32938219 0.54467855],33,7,"[0.32018815006195595, 0.5751338600097899]",1,1
318,[0.85136168 0.34935243],12,3,"[0.8370814657805602, 0.35225254968495334]",1,1
319,[0.33454875 0.73558781],51,32,"[0.34610507400884494, 0.728547610352863]",1,1
320,[0.82253267 0.3484971 ],50,3,"[0.8370814657805602, 0.35225254968495334]",1,1
321,[0.75342483 0.37549334],28,46,"[0.7180070556524429, 0.3708344651524445]",1,1
322,[0.42712335 0.69641317],17,4,"[0.4325600541878534, 0.6662301021542341]",1,1
323,[0.48328579 0.20723686],36,51,"[0.476438649430152, 0.2189717371213992]",1,1
324,[0.29151394 0.42369288],43,27,"[0.2556767675781077, 0.4119816890542318]",1,1
325,[0.24195035 0.2338649 ],49,28,"[0.22360759621917864, 0.2427852254756986]",1,1
326,[0.23411009 0.87784034],80,19,"[0.26353507515627533, 0.8865786808719914]",1,1
327,[0.62978526 0.80313932],84,58,"[0.6385510374052902, 0.7983947905826927]",1,1
328,[0.09801431 0.70459989],48,76,"[0.1334025737159373, 0.6631768732537268]",-1,-1
329,[0.17610505 0.15002226],60,24,"[0.22211726943580432, 0.16778750473136125]",1,1
330,[0.32195515 0.85325777],8,11,"[0.31946153154474277, 0.8007570151943507]",1,1
331,[0.55202574 0.42234928],13,5,"[0.5654639725716368, 0.39607858668394824]",1,1
332,[0.09908993 0.3159907 ],29,70,"[0.11455515424427153, 0.33454094536543555]",1,1
333,[0.84774883 0.26199667],3,30,"[0.8165959170420058, 0.2656763866382133]",1,1
334,[0.5176155  0.45703616],13,17,"[0.5082991783733504, 0.4926120380141159]",1,1
335,[0.61367818 0.72294334],10,14,"[0.6536094821078945, 0.6851260493137298]",1,1
336,[0.71364752 0.3803805 ],75,46,"[0.7180070556524429, 0.3708344651524445]",1,1
337,[0.57321504 0.60817572],63,50,"[0.5692359568894049, 0.5807815375338512]",1,1
338,[0.73628635 0.73804826],83,16,"[0.7050872121683005, 0.7603958293550058]",1,1
339,[0.57237516 0.89307492],41,54,"[0.5543559290453911, 0.8745301787140618]",0,1
340,[0.24090686 0.6975488 ],87,56,"[0.22324329736570062, 0.6816423034669387]",1,1
341,[0.24576636 0.40778717],55,27,"[0.2556767675781077, 0.4119816890542318]",1,1
342,[0.80185128 0.39383447],15,8,"[0.796427715552865, 0.4037736390260863]",1,1
343,[0.66191528 0.17073559],11,49,"[0.6792858981871475, 0.22379767258241093]",1,1
344,[0.07408265 0.8555906 ],37,21,"[0.11841755385852878, 0.8774513778183699]",1,1
345,[0.2336274  0.23332726],53,28,"[0.22360759621917864, 0.2427852254756986]",1,1
346,[0.81602553 0.88276996],58,59,"[0.8273411418361588, 0.879080487015064]",1,1
347,[0.85869093 0.64575785],77,55,"[0.8726536015100935, 0.6704107022671288]",1,1
348,[0.38929501 0.52698707],52,0,"[0.38658715831249124, 0.5590080073840624]",1,1
349,[0.56063551 0.39289185],4,5,"[0.5654639725716368, 0.39607858668394824]",1,1
350,[0.84974819 0.25593341],3,30,"[0.8165959170420058, 0.2656763866382133]",1,1
351,[0.02501176 0.83967233],76,-1,-1,-1,-1
352,[0.19415569 0.48999053],55,10,"[0.17576281003312205, 0.4889110350411397]",1,1
353,[0.91784262 0.65880116],95,55,"[0.8726536015100935, 0.6704107022671288]",-1,-1
354,[0.62661276 0.73761985],89,14,"[0.6536094821078945, 0.6851260493137298]",1,1
355,[0.22302691 0.31893981],21,15,"[0.18006251620302297, 0.34454068205898164]",1,1
356,[0.32803492 0.58339304],33,7,"[0.32018815006195595, 0.5751338600097899]",1,1
357,[0.83219127 0.72610794],83,2,"[0.8251177034883999, 0.7275290938401112]",1,1
358,[0.80309554 0.63772556],86,64,"[0.7951965962330483, 0.6208181990667567]",1,1
359,[0.49892915 0.33383083],85,67,"[0.45791353587753475, 0.3072654894480269]",1,1
360,[0.81986628 0.71026895],83,2,"[0.8251177034883999, 0.7275290938401112]",1,1
361,[0.40511253 0.76129127],69,33,"[0.41790649834360427, 0.7572666849156103]",1,1
362,[0.6029772  0.33361842],25,25,"[0.6355051145360792, 0.3159382518739555]",1,1
363,[0.47704593 0.62457002],6,43,"[0.4825913820269017, 0.5697507501626031]",1,1
364,[0.08280817 0.36394537],54,70,"[0.11455515424427153, 0.33454094536543555]",1,1
365,[0.28455861 0.30843281],93,6,"[0.2759410232297699, 0.32456577129288416]",1,1
366,[0.32786186 0.65369935],65,1,"[0.3454618260560106, 0.6588114384242099]",1,1
367,[0.53114358 0.66171682],89,26,"[0.5477477513981099, 0.6474502763867422]",1,1
368,[0.34460115 0.38243235],93,52,"[0.3323220564871865, 0.40426557194963486]",1,1
369,[0.08151586 0.43485314],54,72,"[0.09658016382716816, 0.40888385439805186]",1,1
370,[0.42694898 0.33918263],39,71,"[0.4321794745699467, 0.3542141114412492]",1,1
371,[0.13926395 0.34341993],29,70,"[0.11455515424427153, 0.33454094536543555]",1,1
372,[0.51517575 0.71200899],89,34,"[0.5263260195098358, 0.7202941054923024]",1,1
373,[0.84913586 0.70881272],86,2,"[0.8251177034883999, 0.7275290938401112]",1,1
374,[0.29267719 0.74495696],56,13,"[0.255378642795236, 0.7434727381590717]",1,1
375,[0.66319209 0.34270705],72,25,"[0.6355051145360792, 0.3159382518739555]",1,1
376,[0.46732556 0.29655663],78,67,"[0.45791353587753475, 0.3072654894480269]",1,1
377,[0.16318545 0.3437657 ],91,15,"[0.18006251620302297, 0.34454068205898164]",1,1
378,[0.32373169 0.35094923],21,20,"[0.3506894007985839, 0.3300900505680594]",1,1
379,[0.84223944 0.72385876],90,2,"[0.8251177034883999, 0.7275290938401112]",1,1
380,[0.80662311 0.35921667],15,3,"[0.8370814657805602, 0.35225254968495334]",1,1
381,[0.33054731 0.58980995],59,7,"[0.32018815006195595, 0.5751338600097899]",1,1
382,[0.85200252 0.17376583],61,61,"[0.874682845687125, 0.1766622702718438]",1,1
383,[0.35773855 0.4054678 ],19,52,"[0.3323220564871865, 0.40426557194963486]",1,1
384,[0.18330768 0.54407483],5,22,"[0.1844588343877217, 0.5802608839440713]",1,1
385,[0.54545291 0.70230483],89,34,"[0.5263260195098358, 0.7202941054923024]",1,1
386,[0.11509796 0.91141172],37,21,"[0.11841755385852878, 0.8774513778183699]",1,1
387,[0.50735169 0.64418135],30,26,"[0.5477477513981099, 0.6474502763867422]",1,1
388,[0.81422704 0.14547077],99,44,"[0.7970774761030968, 0.17571119454117654]",1,1
389,[0.38442022 0.67933927],17,1,"[0.3454618260560106, 0.6588114384242099]",1,1
390,[0.40943525 0.55054014],22,0,"[0.38658715831249124, 0.5590080073840624]",1,1
391,[0.52155308 0.8887262 ],41,54,"[0.5543559290453911, 0.8745301787140618]",0,1
392,[0.22838877 0.41207555],91,27,"[0.2556767675781077, 0.4119816890542318]",1,1
393,[0.73694677 0.74989088],92,16,"[0.7050872121683005, 0.7603958293550058]",1,1
394,[0.56364339 0.7319595 ],10,34,"[0.5263260195098358, 0.7202941054923024]",1,1
395,[0.43129379 0.12046717],98,39,"[0.4212603913810281, 0.10642708501122958]",1,1
396,[0.88996005 0.33806274],50,36,"[0.8935860533799959, 0.3144975410282371]",1,1
397,[0.81387477 0.81677564],23,12,"[0.7906283097636692, 0.7850983936308884]",1,1
398,[0.92301839 0.74685115],42,45,"[0.898884348570375, 0.7749711697086166]",1,1
399,[0.33117077 0.17722863],38,31,"[0.34916343089338797, 0.15832209216610185]",1,1
400,[0.12173235 0.3536197 ],54,70,"[0.11455515424427153, 0.33454094536543555]",1,1
401,[0.349835  0.6987801],51,32,"[0.34610507400884494, 0.728547610352863]",1,1
402,[0.68662646 0.33840046],71,46,"[0.7180070556524429, 0.3708344651524445]",1,1
403,[0.8289738  0.12560161],61,53,"[0.8038827034113276, 0.10463983927609051]",1,1
404,[0.62517704 0.33117548],57,25,"[0.6355051145360792, 0.3159382518739555]",1,1
405,[0.25442113 0.69234101],87,56,"[0.22324329736570062, 0.6816423034669387]",1,1
406,[0.21730643 0.77516549],68,13,"[0.255378642795236, 0.7434727381590717]",1,1
407,[0.46030242 0.66042484],66,4,"[0.4325600541878534, 0.6662301021542341]",1,1
408,[0.30627061 0.08651226],96,75,"[0.32672578932004837, 0.08969704753039312]",1,1
409,[0.57979662 0.16417599],1,74,"[0.5875348376000232, 0.22682887629646886]",-1,-1
410,[0.80426719 0.18825696],7,44,"[0.7970774761030968, 0.17571119454117654]",1,1
411,[0.11428383 0.52016932],14,37,"[0.09667375602219228, 0.5047931523832969]",1,1
412,[0.36030898 0.66407421],45,1,"[0.3454618260560106, 0.6588114384242099]",1,1
413,[0.61664353 0.48292328],0,57,"[0.6025455808399671, 0.5051586096785398]",1,1
414,[0.21585166 0.19311102],53,24,"[0.22211726943580432, 0.16778750473136125]",1,1
415,[0.27969607 0.79014025],68,11,"[0.31946153154474277, 0.8007570151943507]",1,1
416,[0.4886203  0.19434459],36,51,"[0.476438649430152, 0.2189717371213992]",1,1
417,[0.46884332 0.74285246],66,33,"[0.41790649834360427, 0.7572666849156103]",1,1
418,[0.35590586 0.5887996 ],70,7,"[0.32018815006195595, 0.5751338600097899]",1,1
419,[0.37935432 0.40491511],31,38,"[0.3781963905630463, 0.3893118837258947]",1,1
420,[0.60810208 0.30912025],57,25,"[0.6355051145360792, 0.3159382518739555]",1,1
421,[0.82292869 0.79412988],90,12,"[0.7906283097636692, 0.7850983936308884]",1,1
422,[0.88086543 0.12059602],61,61,"[0.874682845687125, 0.1766622702718438]",1,1
423,[0.25982328 0.75243308],56,13,"[0.255378642795236, 0.7434727381590717]",1,1
424,[0.26531845 0.48612814],88,68,"[0.27997543802476765, 0.5038325811756155]",1,1
425,[0.7864548  0.07695851],61,53,"[0.8038827034113276, 0.10463983927609051]",1,-1
426,[0.74471706 0.69598604],77,29,"[0.7633191161322418, 0.6918938593572181]",1,1
427,[0.77228968 0.74054294],92,12,"[0.7906283097636692, 0.7850983936308884]",1,1
428,[0.31466158 0.32911315],93,20,"[0.3506894007985839, 0.3300900505680594]",1,1
429,[0.37476513 0.67757199],26,1,"[0.3454618260560106, 0.6588114384242099]",1,1
430,[0.84926943 0.37040957],28,3,"[0.8370814657805602, 0.35225254968495334]",1,1
431,[0.50881138 0.55735014],89,43,"[0.4825913820269017, 0.5697507501626031]",1,1
432,[0.78436576 0.68825265],67,29,"[0.7633191161322418, 0.6918938593572181]",1,1
433,[0.71718802 0.45094545],27,73,"[0.7295662705573459, 0.5022179604662814]",1,1
434,[0.29234087 0.25178046],9,41,"[0.30435986332947107, 0.25489047636266116]",1,1
435,[0.34916979 0.697659  ],20,32,"[0.34610507400884494, 0.728547610352863]",1,1
436,[0.55248177 0.61280309],63,26,"[0.5477477513981099, 0.6474502763867422]",1,1
437,[0.33817986 0.75458707],68,32,"[0.34610507400884494, 0.728547610352863]",1,1
438,[0.29142681 0.62938902],59,60,"[0.24955780999813876, 0.6176750586885945]",1,1
439,[0.34701094 0.38006257],93,52,"[0.3323220564871865, 0.40426557194963486]",1,1
440,[0.31813895 0.16974629],38,31,"[0.34916343089338797, 0.15832209216610185]",1,1
441,[0.73443987 0.69380065],23,29,"[0.7633191161322418, 0.6918938593572181]",1,1
442,[0.16949809 0.36644779],29,15,"[0.18006251620302297, 0.34454068205898164]",1,1
443,[0.73127157 0.29476676],25,9,"[0.7331864882126137, 0.3023916012711726]",1,1
444,[0.88787571 0.78043275],23,45,"[0.898884348570375, 0.7749711697086166]",1,1
445,[0.8189872  0.70398988],67,2,"[0.8251177034883999, 0.7275290938401112]",1,1
446,[0.27607551 0.09707139],24,62,"[0.2818857089266789, 0.1141301849237604]",1,1
447,[0.36757136 0.59485898],18,0,"[0.38658715831249124, 0.5590080073840624]",1,1
448,[0.2586849  0.33872963],9,6,"[0.2759410232297699, 0.32456577129288416]",1,1
449,[0.77701333 0.61433166],32,64,"[0.7951965962330483, 0.6208181990667567]",1,1
450,[0.78806265 0.69645293],77,29,"[0.7633191161322418, 0.6918938593572181]",1,1
451,[0.92696351 0.19280631],7,61,"[0.874682845687125, 0.1766622702718438]",-1,-1
452,[0.78302621 0.39007221],15,8,"[0.796427715552865, 0.4037736390260863]",1,1
453,[0.3254625  0.17543368],94,31,"[0.34916343089338797, 0.15832209216610185]",1,1
454,[0.82626277 0.13298276],7,53,"[0.8038827034113276, 0.10463983927609051]",1,1
455,[0.9471638  0.83523923],42,42,"[0.9036570809859629, 0.8544624868096156]",1,1
456,[0.17042933 0.25032816],53,63,"[0.14382570580912205, 0.23724667976214525]",1,1
457,[0.08804593 0.36103467],54,70,"[0.11455515424427153, 0.33454094536543555]",1,1
458,[0.38077609 0.57978462],18,0,"[0.38658715831249124, 0.5590080073840624]",1,1
459,[0.33548276 0.60084045],59,7,"[0.32018815006195595, 0.5751338600097899]",1,1
460,[0.3991875  0.15635939],94,31,"[0.34916343089338797, 0.15832209216610185]",1,1
461,[0.79735192 0.73692473],67,2,"[0.8251177034883999, 0.7275290938401112]",1,1
462,[0.17647586 0.47229211],55,10,"[0.17576281003312205, 0.4889110350411397]",1,1
463,[0.90284246 0.26150923],3,36,"[0.8935860533799959, 0.3144975410282371]",1,1
464,[0.56791253 0.17420451],36,74,"[0.5875348376000232, 0.22682887629646886]",-1,-1
465,[0.14463696 0.24720037],49,63,"[0.14382570580912205, 0.23724667976214525]",1,1
466,[0.51055226 0.50479482],79,17,"[0.5082991783733504, 0.4926120380141159]",1,1
467,[0.79055445 0.17549529],99,44,"[0.7970774761030968, 0.17571119454117654]",1,1
468,[0.335493   0.65039101],65,1,"[0.3454618260560106, 0.6588114384242099]",1,1
469,[0.36640827 0.66603006],45,1,"[0.3454618260560106, 0.6588114384242099]",1,1
470,[0.88482735 0.33692563],12,36,"[0.8935860533799959, 0.3144975410282371]",1,1
471,[0.55201323 0.58571181],10,50,"[0.5692359568894049, 0.5807815375338512]",1,1
472,[0.45236289 0.35259695],78,71,"[0.4321794745699467, 0.3542141114412492]",1,1
473,[0.1791385  0.43602927],62,35,"[0.20133940847753817, 0.40496047509109045]",1,1
474,[0.31722935 0.66540183],20,1,"[0.3454618260560106, 0.6588114384242099]",1,1
475,[0.50194666 0.4669285 ],16,17,"[0.5082991783733504, 0.4926120380141159]",1,1
476,[0.32441676 0.48671728],31,68,"[0.27997543802476765, 0.5038325811756155]",1,1
477,[0.25275643 0.72459445],82,13,"[0.255378642795236, 0.7434727381590717]",1,1
478,[0.64324648 0.13501085],11,65,"[0.6685548771347277, 0.11294076429504661]",1,1
479,[0.61872166 0.53247506],34,57,"[0.6025455808399671, 0.5051586096785398]",1,1
480,[0.13040582 0.84372802],37,21,"[0.11841755385852878, 0.8774513778183699]",1,1
481,[0.67756676 0.71528161],32,14,"[0.6536094821078945, 0.6851260493137298]",1,1
482,[0.54637269 0.69338206],89,34,"[0.5263260195098358, 0.7202941054923024]",1,1
483,[0.17728082 0.2406141 ],53,63,"[0.14382570580912205, 0.23724667976214525]",1,1
484,[0.51748082 0.36945511],85,5,"[0.5654639725716368, 0.39607858668394824]",1,1
485,[0.11619565 0.41781507],55,72,"[0.09658016382716816, 0.40888385439805186]",1,1
486,[0.69122761 0.1346707 ],11,65,"[0.6685548771347277, 0.11294076429504661]",1,0
487,[0.85186172 0.69251616],23,55,"[0.8726536015100935, 0.6704107022671288]",1,1
488,[0.27485451 0.38165991],43,27,"[0.2556767675781077, 0.4119816890542318]",1,1
489,[0.79915978 0.20756636],71,44,"[0.7970774761030968, 0.17571119454117654]",1,1
490,[0.65857563 0.28720013],57,25,"[0.6355051145360792, 0.3159382518739555]",1,1
491,[0.43848652 0.13921844],98,39,"[0.4212603913810281, 0.10642708501122958]",1,1
492,[0.28661208 0.53711161],5,68,"[0.27997543802476765, 0.5038325811756155]",1,1
493,[0.15722145 0.15881255],53,69,"[0.11280724766555504, 0.11835980806724535]",1,1
494,[0.77202878 0.24027702],71,30,"[0.8165959170420058, 0.2656763866382133]",1,1
495,[0.39714743 0.63395509],59,4,"[0.4325600541878534, 0.6662301021542341]",1,1
496,[0.47043386 0.5514349 ],52,43,"[0.4825913820269017, 0.5697507501626031]",1,1
497,[0.16387304 0.32421938],91,15,"[0.18006251620302297, 0.34454068205898164]",1,1
498,[0.47563892 0.29146596],78,67,"[0.45791353587753475, 0.3072654894480269]",1,1
499,[0.72318253 0.39372222],28,46,"[0.7180070556524429, 0.3708344651524445]",1,1
500,[0.77362433 0.0907125 ],7,53,"[0.8038827034113276, 0.10463983927609051]",1,1
501,[0.2678689  0.49218732],88,68,"[0.27997543802476765, 0.5038325811756155]",1,1
502,[0.78854584 0.69688335],86,29,"[0.7633191161322418, 0.6918938593572181]",1,1
503,[0.35725318 0.57300851],18,0,"[0.38658715831249124, 0.5590080073840624]",1,1
504,[0.59115908 0.36800259],13,5,"[0.5654639725716368, 0.39607858668394824]",1,1
505,[0.30198289 0.33618249],81,6,"[0.2759410232297699, 0.32456577129288416]",1,1
506,[0.88272311 0.35617809],3,36,"[0.8935860533799959, 0.3144975410282371]",1,1
507,[0.14167889 0.81157837],46,77,"[0.12121306059167974, 0.7847190178948913]",1,1
508,[0.24980382 0.42470613],62,27,"[0.2556767675781077, 0.4119816890542318]",1,1
509,[0.42865281 0.78043216],66,33,"[0.41790649834360427, 0.7572666849156103]",1,1
510,[0.50895238 0.5125517 ],79,17,"[0.5082991783733504, 0.4926120380141159]",1,1
511,[0.50270441 0.3754653 ],13,5,"[0.5654639725716368, 0.39607858668394824]",1,1
512,[0.78194602 0.24012144],75,30,"[0.8165959170420058, 0.2656763866382133]",1,1
513,[0.53965927 0.49078361],4,17,"[0.5082991783733504, 0.4926120380141159]",1,1
514,[0.34726047 0.56868367],59,7,"[0.32018815006195595, 0.5751338600097899]",1,1
515,[0.1769527  0.61187818],35,22,"[0.1844588343877217, 0.5802608839440713]",1,1
516,[0.37961173 0.82546549],69,47,"[0.40296909504905565, 0.8275795924145622]",1,1
517,[0.75418836 0.63261567],32,64,"[0.7951965962330483, 0.6208181990667567]",1,1
518,[0.23183493 0.45010655],55,27,"[0.2556767675781077, 0.4119816890542318]",1,1
519,[0.6903765  0.14211708],11,65,"[0.6685548771347277, 0.11294076429504661]",1,-1
520,[0.91124295 0.33497988],64,36,"[0.8935860533799959, 0.3144975410282371]",1,1
521,[0.83138453 0.27844946],12,30,"[0.8165959170420058, 0.2656763866382133]",1,1
522,[0.17649292 0.74981829],87,77,"[0.12121306059167974, 0.7847190178948913]",-1,-1
523,[0.32012686 0.39184439],19,52,"[0.3323220564871865, 0.40426557194963486]",1,1
524,[0.17203266 0.90172525],46,21,"[0.11841755385852878, 0.8774513778183699]",1,1
525,[0.32345299 0.6785431 ],45,1,"[0.3454618260560106, 0.6588114384242099]",1,1
526,[0.33919089 0.28726974],93,20,"[0.3506894007985839, 0.3300900505680594]",1,1
527,[0.60138025 0.65129916],74,40,"[0.605951516640453, 0.6434281068112507]",1,1
528,[0.58649349 0.27912476],1,74,"[0.5875348376000232, 0.22682887629646886]",1,1
529,[0.82909635 0.8383189 ],90,59,"[0.8273411418361588, 0.879080487015064]",1,1
530,[0.34879882 0.10537651],96,75,"[0.32672578932004837, 0.08969704753039312]",1,1
531,[0.07865016 0.08637105],73,69,"[0.11280724766555504, 0.11835980806724535]",-1,-1
532,[0.60394647 0.33040826],13,25,"[0.6355051145360792, 0.3159382518739555]",1,1
533,[0.27834258 0.32960997],21,6,"[0.2759410232297699, 0.32456577129288416]",1,1
534,[0.40315929 0.57575585],18,0,"[0.38658715831249124, 0.5590080073840624]",1,1
535,[0.26526795 0.35224275],93,6,"[0.2759410232297699, 0.32456577129288416]",1,1
536,[0.15319736 0.09556567],73,69,"[0.11280724766555504, 0.11835980806724535]",-1,-1
537,[0.25551415 0.61277363],20,60,"[0.24955780999813876, 0.6176750586885945]",1,1
538,[0.37791338 0.35304008],44,20,"[0.3506894007985839, 0.3300900505680594]",1,1
539,[0.6804766  0.71527504],74,14,"[0.6536094821078945, 0.6851260493137298]",1,1
540,[0.20564435 0.33931385],91,15,"[0.18006251620302297, 0.34454068205898164]",1,1
541,[0.26675192 0.75738539],87,13,"[0.255378642795236, 0.7434727381590717]",1,1
542,[0.78215648 0.37794684],28,8,"[0.796427715552865, 0.4037736390260863]",1,1
543,[0.33951565 0.56050113],70,7,"[0.32018815006195595, 0.5751338600097899]",1,1
544,[0.73076732 0.82789861],90,-1,-1,1,1
545,[0.80917388 0.63442794],77,64,"[0.7951965962330483, 0.6208181990667567]",1,1
546,[0.59869192 0.42476949],85,5,"[0.5654639725716368, 0.39607858668394824]",1,1
547,[0.68180209 0.77606972],84,16,"[0.7050872121683005, 0.7603958293550058]",1,1
548,[0.60010296 0.24962327],1,74,"[0.5875348376000232, 0.22682887629646886]",1,1
549,[0.77034268 0.75555933],83,12,"[0.7906283097636692, 0.7850983936308884]",1,1
550,[0.50717831 0.90060947],41,54,"[0.5543559290453911, 0.8745301787140618]",-1,-1
551,[0.7493187 0.4098248],28,8,"[0.796427715552865, 0.4037736390260863]",1,1
552,[0.2215445  0.63526968],48,60,"[0.24955780999813876, 0.6176750586885945]",1,1
553,[0.24979996 0.86104194],80,19,"[0.26353507515627533, 0.8865786808719914]",1,1
554,[0.39761226 0.52295364],33,0,"[0.38658715831249124, 0.5590080073840624]",1,1
555,[0.72404885 0.51271009],27,73,"[0.7295662705573459, 0.5022179604662814]",-1,-1
556,[0.88341354 0.88342027],58,42,"[0.9036570809859629, 0.8544624868096156]",1,1
557,[0.39218138 0.33646087],39,20,"[0.3506894007985839, 0.3300900505680594]",1,1
558,[0.29944332 0.59833575],70,7,"[0.32018815006195595, 0.5751338600097899]",1,1
559,[0.76213851 0.35441034],28,46,"[0.7180070556524429, 0.3708344651524445]",1,1
560,[0.6165342  0.69283714],89,14,"[0.6536094821078945, 0.6851260493137298]",1,1
561,[0.23095835 0.61332785],35,60,"[0.24955780999813876, 0.6176750586885945]",1,1
562,[0.12810238 0.31121987],29,70,"[0.11455515424427153, 0.33454094536543555]",1,1
563,[0.84585756 0.25615184],7,30,"[0.8165959170420058, 0.2656763866382133]",1,1
564,[0.40856087 0.54641561],33,0,"[0.38658715831249124, 0.5590080073840624]",1,1
565,[0.75301105 0.79625997],92,12,"[0.7906283097636692, 0.7850983936308884]",1,1
566,[0.51895116 0.25169486],36,51,"[0.476438649430152, 0.2189717371213992]",1,1
567,[0.8564558  0.33165987],64,3,"[0.8370814657805602, 0.35225254968495334]",1,1
568,[0.15174526 0.25142508],53,63,"[0.14382570580912205, 0.23724667976214525]",1,1
569,[0.26881141 0.90381009],8,19,"[0.26353507515627533, 0.8865786808719914]",1,1
570,[0.19082168 0.84959324],76,18,"[0.18273864280326527, 0.8345377082154484]",1,1
571,[0.41414034 0.54193457],22,0,"[0.38658715831249124, 0.5590080073840624]",1,1
572,[0.39134824 0.13745904],94,39,"[0.4212603913810281, 0.10642708501122958]",1,1
573,[0.42653972 0.53187007],52,0,"[0.38658715831249124, 0.5590080073840624]",1,1
574,[0.28134983 0.86538442],80,19,"[0.26353507515627533, 0.8865786808719914]",1,1
575,[0.90408524 0.78831055],40,45,"[0.898884348570375, 0.7749711697086166]",1,1
576,[0.40319857 0.46707953],31,23,"[0.40398128906285485, 0.47238793985600597]",1,1
577,[0.36481636 0.12087242],98,31,"[0.34916343089338797, 0.15832209216610185]",1,1
578,[0.2315901  0.86012989],82,19,"[0.26353507515627533, 0.8865786808719914]",1,1
579,[0.80989526 0.866961  ],40,59,"[0.8273411418361588, 0.879080487015064]",1,1
580,[0.14863809 0.35403801],29,15,"[0.18006251620302297, 0.34454068205898164]",1,1
581,[0.8837352  0.09381614],61,-1,-1,-1,-1
582,[0.21688563 0.24747816],49,28,"[0.22360759621917864, 0.2427852254756986]",1,1
583,[0.28201352 0.74328436],87,13,"[0.255378642795236, 0.7434727381590717]",1,1
584,[0.90482664 0.77863778],42,45,"[0.898884348570375, 0.7749711697086166]",1,1
585,[0.59858031 0.60097391],34,50,"[0.5692359568894049, 0.5807815375338512]",1,1
586,[0.63507235 0.68058826],10,14,"[0.6536094821078945, 0.6851260493137298]",1,1
587,[0.43333637 0.39158165],39,71,"[0.4321794745699467, 0.3542141114412492]",1,1
588,[0.27675874 0.56345533],59,7,"[0.32018815006195595, 0.5751338600097899]",1,1
589,[0.35991009 0.65462279],17,1,"[0.3454618260560106, 0.6588114384242099]",1,1
590,[0.38144291 0.57804216],70,0,"[0.38658715831249124, 0.5590080073840624]",1,1
591,[0.85233303 0.64654893],77,55,"[0.8726536015100935, 0.6704107022671288]",1,1
592,[0.12150677 0.23937412],53,63,"[0.14382570580912205, 0.23724667976214525]",1,1
593,[0.23275134 0.88050048],80,19,"[0.26353507515627533, 0.8865786808719914]",1,1
594,[0.48742177 0.25098486],36,51,"[0.476438649430152, 0.2189717371213992]",1,1
595,[0.38845113 0.16554155],96,31,"[0.34916343089338797, 0.15832209216610185]",1,1
596,[0.1616045  0.18545725],73,63,"[0.14382570580912205, 0.23724667976214525]",1,1
597,[0.18166211 0.87292312],37,18,"[0.18273864280326527, 0.8345377082154484]",1,1
598,[0.77987548 0.15414941],61,44,"[0.7970774761030968, 0.17571119454117654]",1,1
599,[0.10942973 0.85088964],76,21,"[0.11841755385852878, 0.8774513778183699]",1,1
600,[0.54027656 0.49906828],4,17,"[0.5082991783733504, 0.4926120380141159]",1,1
601,[0.19518352 0.47081328],55,10,"[0.17576281003312205, 0.4889110350411397]",1,1
602,[0.17340889 0.52079194],88,10,"[0.17576281003312205, 0.4889110350411397]",1,1
603,[0.82968797 0.69696829],67,2,"[0.8251177034883999, 0.7275290938401112]",1,1
604,[0.42511313 0.7751129 ],51,33,"[0.41790649834360427, 0.7572666849156103]",1,1
605,[0.49072469 0.2515525 ],36,51,"[0.476438649430152, 0.2189717371213992]",1,1
606,[0.4753629 0.2043458],36,51,"[0.476438649430152, 0.2189717371213992]",1,1
607,[0.41493343 0.57986336],22,0,"[0.38658715831249124, 0.5590080073840624]",1,1
608,[0.49720917 0.50470805],16,17,"[0.5082991783733504, 0.4926120380141159]",1,1
609,[0.51356944 0.57142967],52,43,"[0.4825913820269017, 0.5697507501626031]",1,1
610,[0.33443814 0.68137555],65,1,"[0.3454618260560106, 0.6588114384242099]",1,1
611,[0.18024142 0.36365542],21,15,"[0.18006251620302297, 0.34454068205898164]",1,1
612,[0.38775503 0.40527284],39,38,"[0.3781963905630463, 0.3893118837258947]",1,1
613,[0.47434347 0.59084309],22,43,"[0.4825913820269017, 0.5697507501626031]",1,1
614,[0.60605434 0.40113808],0,5,"[0.5654639725716368, 0.39607858668394824]",1,1
615,[0.25853191 0.71903731],56,13,"[0.255378642795236, 0.7434727381590717]",1,1
616,[0.60978304 0.29573776],57,25,"[0.6355051145360792, 0.3159382518739555]",1,1
617,[0.62452736 0.06581998],11,65,"[0.6685548771347277, 0.11294076429504661]",-1,-1
618,[0.6641808  0.63787391],97,14,"[0.6536094821078945, 0.6851260493137298]",1,1
619,[0.22647242 0.19548778],53,24,"[0.22211726943580432, 0.16778750473136125]",1,1
620,[0.51801576 0.66175841],63,26,"[0.5477477513981099, 0.6474502763867422]",1,1
621,[0.26239856 0.29953366],49,6,"[0.2759410232297699, 0.32456577129288416]",1,1
622,[0.29119784 0.32815918],44,6,"[0.2759410232297699, 0.32456577129288416]",1,1
623,[0.55490651 0.43476198],13,5,"[0.5654639725716368, 0.39607858668394824]",1,1
624,[0.15973252 0.89739055],46,21,"[0.11841755385852878, 0.8774513778183699]",1,1
625,[0.27140035 0.29999356],81,6,"[0.2759410232297699, 0.32456577129288416]",1,1
626,[0.35984078 0.15393243],94,31,"[0.34916343089338797, 0.15832209216610185]",1,1
627,[0.42314552 0.65000115],17,4,"[0.4325600541878534, 0.6662301021542341]",1,1
628,[0.12709868 0.82872422],37,77,"[0.12121306059167974, 0.7847190178948913]",1,1
629,[0.16602254 0.52373752],14,10,"[0.17576281003312205, 0.4889110350411397]",1,1
630,[0.49841645 0.70053284],89,34,"[0.5263260195098358, 0.7202941054923024]",1,1
631,[0.31377796 0.21423187],94,41,"[0.30435986332947107, 0.25489047636266116]",1,-1
632,[0.57897633 0.64855496],63,40,"[0.605951516640453, 0.6434281068112507]",1,1
633,[0.26469908 0.60307445],33,60,"[0.24955780999813876, 0.6176750586885945]",1,1
634,[0.54526108 0.46996701],0,17,"[0.5082991783733504, 0.4926120380141159]",1,1
635,[0.23886394 0.1920845 ],53,24,"[0.22211726943580432, 0.16778750473136125]",1,1
636,[0.42732153 0.49586462],22,23,"[0.40398128906285485, 0.47238793985600597]",1,1
637,[0.20308597 0.33298446],91,15,"[0.18006251620302297, 0.34454068205898164]",1,1
638,[0.94960908 0.38538551],50,66,"[0.9210325838845916, 0.39559659470405517]",1,1
639,[0.46073846 0.25326284],78,51,"[0.476438649430152, 0.2189717371213992]",1,1
640,[0.67240688 0.24775914],1,49,"[0.6792858981871475, 0.22379767258241093]",1,1
641,[0.42659646 0.2923077 ],78,67,"[0.45791353587753475, 0.3072654894480269]",1,1
642,[0.21665457 0.35023303],91,15,"[0.18006251620302297, 0.34454068205898164]",1,1
643,[0.71202896 0.37050671],72,46,"[0.7180070556524429, 0.3708344651524445]",1,1
644,[0.83063079 0.79597179],23,12,"[0.7906283097636692, 0.7850983936308884]",1,1
645,[0.19789622 0.37884727],43,35,"[0.20133940847753817, 0.40496047509109045]",1,1
646,[0.56374064 0.85574712],41,54,"[0.5543559290453911, 0.8745301787140618]",0,1
647,[0.85609819 0.18080134],99,61,"[0.874682845687125, 0.1766622702718438]",1,1
648,[0.49445148 0.74454432],6,34,"[0.5263260195098358, 0.7202941054923024]",1,1
649,[0.57711    0.63588972],97,40,"[0.605951516640453, 0.6434281068112507]",1,1
650,[0.78658903 0.75001834],32,12,"[0.7906283097636692, 0.7850983936308884]",1,1
651,[0.49266085 0.52215897],16,17,"[0.5082991783733504, 0.4926120380141159]",1,1
652,[0.19580617 0.39814054],62,35,"[0.20133940847753817, 0.40496047509109045]",1,1
653,[0.26366043 0.53007052],88,68,"[0.27997543802476765, 0.5038325811756155]",1,1
654,[0.38173922 0.75104732],82,33,"[0.41790649834360427, 0.7572666849156103]",1,1
655,[0.89293472 0.31839726],3,36,"[0.8935860533799959, 0.3144975410282371]",1,1
656,[0.75051085 0.80841487],90,12,"[0.7906283097636692, 0.7850983936308884]",1,1
657,[0.86535737 0.78171757],42,45,"[0.898884348570375, 0.7749711697086166]",1,1
658,[0.76089591 0.16669804],61,44,"[0.7970774761030968, 0.17571119454117654]",1,1
659,[0.89828085 0.35930477],3,66,"[0.9210325838845916, 0.39559659470405517]",1,1
660,[0.33510241 0.36488942],9,20,"[0.3506894007985839, 0.3300900505680594]",1,1
661,[0.27353883 0.2981499 ],21,6,"[0.2759410232297699, 0.32456577129288416]",1,1
662,[0.22515028 0.31509392],43,6,"[0.2759410232297699, 0.32456577129288416]",1,1
663,[0.83057604 0.32193511],2,3,"[0.8370814657805602, 0.35225254968495334]",1,1
664,[0.78915176 0.68404528],86,29,"[0.7633191161322418, 0.6918938593572181]",1,1
665,[0.93505023 0.77438231],95,45,"[0.898884348570375, 0.7749711697086166]",1,1
666,[0.75641174 0.6985832 ],92,29,"[0.7633191161322418, 0.6918938593572181]",1,1
667,[0.38301076 0.61613009],70,1,"[0.3454618260560106, 0.6588114384242099]",1,1
668,[0.31258833 0.31615108],9,6,"[0.2759410232297699, 0.32456577129288416]",1,1
669,[0.38993776 0.34953421],44,38,"[0.3781963905630463, 0.3893118837258947]",1,1
670,[0.79036665 0.62862725],86,64,"[0.7951965962330483, 0.6208181990667567]",1,1
671,[0.60068836 0.28781598],57,25,"[0.6355051145360792, 0.3159382518739555]",1,1
672,[0.10300185 0.87580838],76,21,"[0.11841755385852878, 0.8774513778183699]",1,1
673,[0.28107434 0.3002532 ],9,6,"[0.2759410232297699, 0.32456577129288416]",1,1
674,[0.41746102 0.57761282],18,0,"[0.38658715831249124, 0.5590080073840624]",1,1
675,[0.24455902 0.47842593],5,68,"[0.27997543802476765, 0.5038325811756155]",1,1
676,[0.51326274 0.62156749],30,26,"[0.5477477513981099, 0.6474502763867422]",1,1
677,[0.37984838 0.32369487],19,20,"[0.3506894007985839, 0.3300900505680594]",1,1
678,[0.81318602 0.37846534],28,8,"[0.796427715552865, 0.4037736390260863]",1,1
679,[0.55422275 0.25410124],85,74,"[0.5875348376000232, 0.22682887629646886]",1,1
680,[0.5238083  0.68046029],10,34,"[0.5263260195098358, 0.7202941054923024]",1,1
681,[0.45069557 0.10029396],98,39,"[0.4212603913810281, 0.10642708501122958]",1,1
682,[0.29079577 0.49342157],88,68,"[0.27997543802476765, 0.5038325811756155]",1,1
683,[0.70513308 0.47138581],27,73,"[0.7295662705573459, 0.5022179604662814]",-1,-1
684,[0.9352117  0.85332284],40,42,"[0.9036570809859629, 0.8544624868096156]",1,1
685,[0.5932625  0.29926764],72,25,"[0.6355051145360792, 0.3159382518739555]",1,1
686,[0.10509474 0.955468  ],37,-1,-1,-1,-1
687,[0.55129578 0.05501015],11,-1,-1,-1,-1
688,[0.59106958 0.20673037],1,74,"[0.5875348376000232, 0.22682887629646886]",1,1
689,[0.20563674 0.11648615],60,48,"[0.20198996797159463, 0.10585880045132366]",1,1
690,[0.34164644 0.29637494],44,20,"[0.3506894007985839, 0.3300900505680594]",1,1
691,[0.32505535 0.27296125],81,41,"[0.30435986332947107, 0.25489047636266116]",1,1
692,[0.17763443 0.4868859 ],14,10,"[0.17576281003312205, 0.4889110350411397]",1,1
693,[0.71048903 0.31005561],72,9,"[0.7331864882126137, 0.3023916012711726]",1,1
694,[0.21783655 0.71445918],87,56,"[0.22324329736570062, 0.6816423034669387]",1,1
695,[0.23198989 0.2474538 ],49,28,"[0.22360759621917864, 0.2427852254756986]",1,1
696,[0.42245393 0.07274214],98,39,"[0.4212603913810281, 0.10642708501122958]",1,1
697,[0.79444639 0.68280619],67,29,"[0.7633191161322418, 0.6918938593572181]",1,1
698,[0.59874449 0.65190464],74,40,"[0.605951516640453, 0.6434281068112507]",1,1
699,[0.75283952 0.74085806],77,29,"[0.7633191161322418, 0.6918938593572181]",1,1
700,[0.54187785 0.64590026],97,26,"[0.5477477513981099, 0.6474502763867422]",1,1
701,[0.39353012 0.5647741 ],22,0,"[0.38658715831249124, 0.5590080073840624]",1,1
702,[0.56109067 0.40140738],13,5,"[0.5654639725716368, 0.39607858668394824]",1,1
703,[0.59319553 0.21627904],1,74,"[0.5875348376000232, 0.22682887629646886]",1,1
704,[0.87897167 0.68472229],95,55,"[0.8726536015100935, 0.6704107022671288]",1,1
705,[0.89948102 0.21757033],3,61,"[0.874682845687125, 0.1766622702718438]",-1,1
706,[0.84849441 0.37330068],3,3,"[0.8370814657805602, 0.35225254968495334]",1,1
707,[0.23980688 0.14169631],60,24,"[0.22211726943580432, 0.16778750473136125]",1,1
708,[0.78994245 0.69425522],67,29,"[0.7633191161322418, 0.6918938593572181]",1,1
709,[0.14900306 0.61182772],48,22,"[0.1844588343877217, 0.5802608839440713]",1,1
710,[0.53604807 0.70096195],63,34,"[0.5263260195098358, 0.7202941054923024]",1,1
711,[0.24673909 0.38381737],43,27,"[0.2556767675781077, 0.4119816890542318]",1,1
712,[0.57550922 0.90888728],41,54,"[0.5543559290453911, 0.8745301787140618]",0,1
713,[0.43537895 0.69695999],17,4,"[0.4325600541878534, 0.6662301021542341]",1,1
714,[0.12457006 0.87861944],46,21,"[0.11841755385852878, 0.8774513778183699]",1,1
715,[0.38150316 0.45000941],31,23,"[0.40398128906285485, 0.47238793985600597]",1,1
716,[0.33047223 0.7201765 ],82,32,"[0.34610507400884494, 0.728547610352863]",1,1
717,[0.63322817 0.25303685],57,74,"[0.5875348376000232, 0.22682887629646886]",1,1
718,[0.81106958 0.36291688],75,3,"[0.8370814657805602, 0.35225254968495334]",1,1
719,[0.10997216 0.10519654],73,69,"[0.11280724766555504, 0.11835980806724535]",1,1
720,[0.48445203 0.16392239],36,51,"[0.476438649430152, 0.2189717371213992]",1,-1
721,[0.56594972 0.37381261],4,5,"[0.5654639725716368, 0.39607858668394824]",1,1
722,[0.8257955  0.11845314],61,53,"[0.8038827034113276, 0.10463983927609051]",1,1
723,[0.38719503 0.49807648],31,23,"[0.40398128906285485, 0.47238793985600597]",1,1
724,[0.14887443 0.68844335],48,76,"[0.1334025737159373, 0.6631768732537268]",1,1
725,[0.93107309 0.37070555],2,66,"[0.9210325838845916, 0.39559659470405517]",1,1
726,[0.03154353 0.46779192],47,-1,-1,-1,-1
727,[0.62353369 0.65306453],89,40,"[0.605951516640453, 0.6434281068112507]",1,1
728,[0.68690528 0.77437841],74,16,"[0.7050872121683005, 0.7603958293550058]",1,1
729,[0.11331867 0.52902926],14,37,"[0.09667375602219228, 0.5047931523832969]",1,1
730,[0.35453913 0.79568537],82,11,"[0.31946153154474277, 0.8007570151943507]",1,1
731,[0.15708372 0.30839875],29,15,"[0.18006251620302297, 0.34454068205898164]",1,1
732,[0.53787774 0.90724969],41,54,"[0.5543559290453911, 0.8745301787140618]",0,1
733,[0.25747434 0.71257161],68,13,"[0.255378642795236, 0.7434727381590717]",1,1
734,[0.87188485 0.75770334],23,45,"[0.898884348570375, 0.7749711697086166]",1,1
735,[0.57557722 0.61147813],97,50,"[0.5692359568894049, 0.5807815375338512]",1,1
736,[0.61407264 0.78082217],84,58,"[0.6385510374052902, 0.7983947905826927]",1,1
737,[0.29963465 0.43563625],43,52,"[0.3323220564871865, 0.40426557194963486]",1,1
738,[0.20934763 0.60701786],35,22,"[0.1844588343877217, 0.5802608839440713]",1,1
739,[0.2759796  0.37561583],81,27,"[0.2556767675781077, 0.4119816890542318]",1,1
740,[0.68409301 0.75972688],92,16,"[0.7050872121683005, 0.7603958293550058]",1,1
741,[0.32077294 0.13292263],38,31,"[0.34916343089338797, 0.15832209216610185]",1,1
742,[0.33424012 0.34648612],93,20,"[0.3506894007985839, 0.3300900505680594]",1,1
743,[0.75799732 0.73831773],23,29,"[0.7633191161322418, 0.6918938593572181]",1,1
744,[0.46628022 0.50647402],79,17,"[0.5082991783733504, 0.4926120380141159]",1,1
745,[0.88048927 0.16277871],7,61,"[0.874682845687125, 0.1766622702718438]",1,1
746,[0.27379182 0.79150333],26,11,"[0.31946153154474277, 0.8007570151943507]",1,1
747,[0.39988101 0.65233125],65,4,"[0.4325600541878534, 0.6662301021542341]",1,1
748,[0.21547045 0.10849335],24,48,"[0.20198996797159463, 0.10585880045132366]",1,1
749,[0.29412579 0.88246669],80,19,"[0.26353507515627533, 0.8865786808719914]",1,1
750,[0.82036962 0.27780889],3,30,"[0.8165959170420058, 0.2656763866382133]",1,1
751,[0.59432321 0.59981774],97,50,"[0.5692359568894049, 0.5807815375338512]",1,1
752,[0.58815618 0.24688533],1,74,"[0.5875348376000232, 0.22682887629646886]",1,1
753,[0.86984342 0.85750152],40,42,"[0.9036570809859629, 0.8544624868096156]",1,1
754,[0.41665931 0.14323513],94,39,"[0.4212603913810281, 0.10642708501122958]",1,1
755,[0.35701858 0.39111159],93,38,"[0.3781963905630463, 0.3893118837258947]",1,1
756,[0.82189194 0.75288316],42,2,"[0.8251177034883999, 0.7275290938401112]",1,1
757,[0.40758942 0.80468039],26,47,"[0.40296909504905565, 0.8275795924145622]",1,1
758,[0.28600769 0.6125382 ],70,60,"[0.24955780999813876, 0.6176750586885945]",1,1
759,[0.40429552 0.79259717],69,47,"[0.40296909504905565, 0.8275795924145622]",1,1
760,[0.4210868  0.80228978],69,47,"[0.40296909504905565, 0.8275795924145622]",1,1
761,[0.83652392 0.40147097],50,8,"[0.796427715552865, 0.4037736390260863]",1,1
762,[0.9409283  0.36600221],64,66,"[0.9210325838845916, 0.39559659470405517]",1,1
763,[0.42254965 0.67765747],30,4,"[0.4325600541878534, 0.6662301021542341]",1,1
764,[0.39639208 0.82444807],69,47,"[0.40296909504905565, 0.8275795924145622]",1,1
765,[0.69868775 0.61100792],32,-1,-1,-1,-1
766,[0.19913691 0.10859706],73,48,"[0.20198996797159463, 0.10585880045132366]",1,1
767,[0.10774872 0.3114904 ],29,70,"[0.11455515424427153, 0.33454094536543555]",1,1
768,[0.32061322 0.45723113],31,52,"[0.3323220564871865, 0.40426557194963486]",1,1
769,[0.19525126 0.69783591],56,56,"[0.22324329736570062, 0.6816423034669387]",1,1
770,[0.23479555 0.88523042],8,19,"[0.26353507515627533, 0.8865786808719914]",1,1
771,[0.23713091 0.28282185],60,28,"[0.22360759621917864, 0.2427852254756986]",1,1
772,[0.20639761 0.52120705],55,10,"[0.17576281003312205, 0.4889110350411397]",1,1
773,[0.11430486 0.76029529],46,77,"[0.12121306059167974, 0.7847190178948913]",-1,-1
774,[0.14978831 0.46207487],55,10,"[0.17576281003312205, 0.4889110350411397]",1,1
775,[0.16226492 0.26544203],49,63,"[0.14382570580912205, 0.23724667976214525]",1,1
776,[0.68497897 0.77281715],84,16,"[0.7050872121683005, 0.7603958293550058]",1,1
777,[0.18390359 0.37470104],62,15,"[0.18006251620302297, 0.34454068205898164]",1,1
778,[0.46364389 0.80355717],66,33,"[0.41790649834360427, 0.7572666849156103]",1,-1
779,[0.23889091 0.83127494],80,18,"[0.18273864280326527, 0.8345377082154484]",1,1
780,[0.84938154 0.14224048],7,61,"[0.874682845687125, 0.1766622702718438]",1,1
781,[0.80333003 0.31708395],75,3,"[0.8370814657805602, 0.35225254968495334]",1,1
782,[0.84474911 0.3898895 ],2,3,"[0.8370814657805602, 0.35225254968495334]",1,1
783,[0.28919718 0.79382385],68,11,"[0.31946153154474277, 0.8007570151943507]",1,1
784,[0.28712539 0.26981801],21,41,"[0.30435986332947107, 0.25489047636266116]",1,1
785,[0.43096882 0.70548958],17,4,"[0.4325600541878534, 0.6662301021542341]",1,1
786,[0.77703098 0.53838912],27,73,"[0.7295662705573459, 0.5022179604662814]",-1,-1
787,[0.55457619 0.61409997],97,26,"[0.5477477513981099, 0.6474502763867422]",1,1
788,[0.70222482 0.73003424],74,16,"[0.7050872121683005, 0.7603958293550058]",1,1
789,[0.35966586 0.38262734],44,38,"[0.3781963905630463, 0.3893118837258947]",1,1
790,[0.57033797 0.48943407],79,57,"[0.6025455808399671, 0.5051586096785398]",1,1
791,[0.15043466 0.88791011],76,21,"[0.11841755385852878, 0.8774513778183699]",1,1
792,[0.4114796 0.7449111],66,33,"[0.41790649834360427, 0.7572666849156103]",1,1
793,[0.88863361 0.33814346],2,36,"[0.8935860533799959, 0.3144975410282371]",1,1
794,[0.76094379 0.38560959],15,8,"[0.796427715552865, 0.4037736390260863]",1,1
795,[0.34514771 0.78870688],56,11,"[0.31946153154474277, 0.8007570151943507]",1,1
796,[0.40232329 0.51368388],79,23,"[0.40398128906285485, 0.47238793985600597]",1,1
797,[0.4102768  0.53234012],52,0,"[0.38658715831249124, 0.5590080073840624]",1,1
798,[0.38331565 0.56360089],18,0,"[0.38658715831249124, 0.5590080073840624]",1,1
799,[0.45375688 0.46342363],19,23,"[0.40398128906285485, 0.47238793985600597]",1,1
800,[0.93690983 0.86442161],40,42,"[0.9036570809859629, 0.8544624868096156]",1,1
801,[0.6986424  0.38128509],0,46,"[0.7180070556524429, 0.3708344651524445]",1,1
802,[0.78099276 0.60655372],86,64,"[0.7951965962330483, 0.6208181990667567]",1,1
803,[0.14250445 0.33977123],29,70,"[0.11455515424427153, 0.33454094536543555]",1,1
804,[0.34008664 0.39310906],19,52,"[0.3323220564871865, 0.40426557194963486]",1,1
805,[0.41512506 0.79055623],17,33,"[0.41790649834360427, 0.7572666849156103]",1,1
806,[0.11102384 0.60397702],48,76,"[0.1334025737159373, 0.6631768732537268]",1,-1
807,[0.78257267 0.77294568],90,12,"[0.7906283097636692, 0.7850983936308884]",1,1
808,[0.47798023 0.54451953],79,43,"[0.4825913820269017, 0.5697507501626031]",1,1
809,[0.41066933 0.11140201],96,39,"[0.4212603913810281, 0.10642708501122958]",1,1
810,[0.6899709  0.25861569],1,49,"[0.6792858981871475, 0.22379767258241093]",1,1
811,[0.84909602 0.26987479],75,30,"[0.8165959170420058, 0.2656763866382133]",1,1
812,[0.26580708 0.79268687],56,13,"[0.255378642795236, 0.7434727381590717]",1,1
813,[0.81598933 0.75531551],23,2,"[0.8251177034883999, 0.7275290938401112]",1,1
814,[0.63600097 0.33801038],57,25,"[0.6355051145360792, 0.3159382518739555]",1,1
815,[0.6371007  0.86214978],84,58,"[0.6385510374052902, 0.7983947905826927]",-1,-1
816,[0.32496591 0.59166728],65,7,"[0.32018815006195595, 0.5751338600097899]",1,1
817,[0.81084616 0.74389132],95,2,"[0.8251177034883999, 0.7275290938401112]",1,1
818,[0.79782774 0.42260953],28,8,"[0.796427715552865, 0.4037736390260863]",1,1
819,[0.61170329 0.4231463 ],0,5,"[0.5654639725716368, 0.39607858668394824]",1,1
820,[0.85170488 0.28609644],3,30,"[0.8165959170420058, 0.2656763866382133]",1,1
821,[0.35063135 0.76233011],26,32,"[0.34610507400884494, 0.728547610352863]",1,1
822,[0.73418374 0.43805059],28,73,"[0.7295662705573459, 0.5022179604662814]",1,1
823,[0.81653423 0.35940543],64,3,"[0.8370814657805602, 0.35225254968495334]",1,1
824,[0.65752547 0.74846981],74,16,"[0.7050872121683005, 0.7603958293550058]",1,1
825,[0.11215939 0.75405888],48,77,"[0.12121306059167974, 0.7847190178948913]",-1,-1
826,[0.91374582 0.70241706],95,55,"[0.8726536015100935, 0.6704107022671288]",-1,-1
827,[0.50712682 0.6077667 ],79,43,"[0.4825913820269017, 0.5697507501626031]",1,1
828,[0.60125425 0.34313785],57,25,"[0.6355051145360792, 0.3159382518739555]",1,1
829,[0.23220489 0.24663233],91,28,"[0.22360759621917864, 0.2427852254756986]",1,1
830,[0.07565792 0.66665593],48,76,"[0.1334025737159373, 0.6631768732537268]",-1,-1
831,[0.13991297 0.43098158],54,72,"[0.09658016382716816, 0.40888385439805186]",1,1
832,[0.21924444 0.55344379],35,22,"[0.1844588343877217, 0.5802608839440713]",1,1
833,[0.26332469 0.29548521],81,6,"[0.2759410232297699, 0.32456577129288416]",1,1
834,[0.34306741 0.58681688],70,7,"[0.32018815006195595, 0.5751338600097899]",1,1
835,[0.37437823 0.12494031],98,31,"[0.34916343089338797, 0.15832209216610185]",1,1
836,[0.21084496 0.13389221],24,48,"[0.20198996797159463, 0.10585880045132366]",1,1
837,[0.80919518 0.74081898],83,2,"[0.8251177034883999, 0.7275290938401112]",1,1
838,[0.64028937 0.249044  ],1,49,"[0.6792858981871475, 0.22379767258241093]",1,1
839,[0.1494851  0.35045844],54,15,"[0.18006251620302297, 0.34454068205898164]",1,1
840,[0.21979945 0.51948709],88,10,"[0.17576281003312205, 0.4889110350411397]",1,1
841,[0.31598153 0.10915012],94,75,"[0.32672578932004837, 0.08969704753039312]",1,1
842,[0.30854571 0.65320327],20,1,"[0.3454618260560106, 0.6588114384242099]",1,1
843,[0.27784267 0.16191256],60,62,"[0.2818857089266789, 0.1141301849237604]",1,1
844,[0.79856979 0.27121715],50,30,"[0.8165959170420058, 0.2656763866382133]",1,1
845,[0.88635542 0.33957182],12,36,"[0.8935860533799959, 0.3144975410282371]",1,1
846,[0.2576218  0.22026893],60,28,"[0.22360759621917864, 0.2427852254756986]",1,1
847,[0.33772876 0.7239053 ],20,32,"[0.34610507400884494, 0.728547610352863]",1,1
848,[0.35474145 0.82243173],26,11,"[0.31946153154474277, 0.8007570151943507]",1,1
849,[0.31296352 0.5639465 ],18,7,"[0.32018815006195595, 0.5751338600097899]",1,1
850,[0.12779055 0.24578144],29,63,"[0.14382570580912205, 0.23724667976214525]",1,1
851,[0.39261176 0.60915789],45,0,"[0.38658715831249124, 0.5590080073840624]",1,1
852,[0.86740417 0.34831105],28,3,"[0.8370814657805602, 0.35225254968495334]",1,1
853,[0.50657664 0.41449918],16,5,"[0.5654639725716368, 0.39607858668394824]",1,1
854,[0.67092073 0.75473665],74,16,"[0.7050872121683005, 0.7603958293550058]",1,1
855,[0.45922087 0.55066608],22,43,"[0.4825913820269017, 0.5697507501626031]",1,1
856,[0.74453903 0.33990683],25,9,"[0.7331864882126137, 0.3023916012711726]",1,1
857,[0.05639107 0.41422665],54,72,"[0.09658016382716816, 0.40888385439805186]",-1,-1
858,[0.45502669 0.76887819],66,33,"[0.41790649834360427, 0.7572666849156103]",1,1
859,[0.37948642 0.40872984],31,38,"[0.3781963905630463, 0.3893118837258947]",1,1
860,[0.90419662 0.35038591],2,36,"[0.8935860533799959, 0.3144975410282371]",1,1
861,[0.76826506 0.267927  ],71,30,"[0.8165959170420058, 0.2656763866382133]",1,1
862,[0.0880339 0.8055443],37,77,"[0.12121306059167974, 0.7847190178948913]",-1,1
863,[0.52254226 0.38247565],13,5,"[0.5654639725716368, 0.39607858668394824]",1,1
864,[0.22934936 0.44747453],5,27,"[0.2556767675781077, 0.4119816890542318]",1,1
865,[0.81777632 0.14746583],99,44,"[0.7970774761030968, 0.17571119454117654]",1,1
866,[0.66701175 0.28950532],57,25,"[0.6355051145360792, 0.3159382518739555]",1,1
867,[0.61421789 0.6624205 ],10,40,"[0.605951516640453, 0.6434281068112507]",1,1
868,[0.90766458 0.85997907],58,42,"[0.9036570809859629, 0.8544624868096156]",1,1
869,[0.20166827 0.37945243],91,35,"[0.20133940847753817, 0.40496047509109045]",1,1
870,[0.27885807 0.29784205],93,6,"[0.2759410232297699, 0.32456577129288416]",1,1
871,[0.26088579 0.92454319],8,19,"[0.26353507515627533, 0.8865786808719914]",1,1
872,[0.46681946 0.63466887],30,4,"[0.4325600541878534, 0.6662301021542341]",1,1
873,[0.64853589 0.14380928],11,65,"[0.6685548771347277, 0.11294076429504661]",1,1
874,[0.4142761  0.56607679],31,0,"[0.38658715831249124, 0.5590080073840624]",1,1
875,[0.076601   0.48720133],47,37,"[0.09667375602219228, 0.5047931523832969]",1,1
876,[0.39060948 0.10594841],96,39,"[0.4212603913810281, 0.10642708501122958]",1,1
877,[0.61841443 0.78363519],74,58,"[0.6385510374052902, 0.7983947905826927]",1,1
878,[0.37373782 0.66734436],51,1,"[0.3454618260560106, 0.6588114384242099]",1,1
879,[0.19730759 0.4060472 ],55,35,"[0.20133940847753817, 0.40496047509109045]",1,1
880,[0.54944161 0.41180396],16,5,"[0.5654639725716368, 0.39607858668394824]",1,1
881,[0.64966769 0.14877911],1,65,"[0.6685548771347277, 0.11294076429504661]",1,1
882,[0.79477866 0.75205187],90,12,"[0.7906283097636692, 0.7850983936308884]",1,1
883,[0.73079725 0.3322999 ],25,9,"[0.7331864882126137, 0.3023916012711726]",1,1
884,[0.59959357 0.92353409],41,54,"[0.5543559290453911, 0.8745301787140618]",0,1
885,[0.12045753 0.80759331],37,77,"[0.12121306059167974, 0.7847190178948913]",1,1
886,[0.09848999 0.49977012],14,37,"[0.09667375602219228, 0.5047931523832969]",1,1
887,[0.16153512 0.65476298],48,76,"[0.1334025737159373, 0.6631768732537268]",1,1
888,[0.3186856  0.10280095],38,75,"[0.32672578932004837, 0.08969704753039312]",1,1
889,[0.41361356 0.85005575],69,47,"[0.40296909504905565, 0.8275795924145622]",1,1
890,[0.24102585 0.85636945],8,19,"[0.26353507515627533, 0.8865786808719914]",1,1
891,[0.47658155 0.67264855],6,4,"[0.4325600541878534, 0.6662301021542341]",1,1
892,[0.18526774 0.46265101],55,10,"[0.17576281003312205, 0.4889110350411397]",1,1
893,[0.60976649 0.23333001],1,74,"[0.5875348376000232, 0.22682887629646886]",1,1
894,[0.87356334 0.37427442],12,3,"[0.8370814657805602, 0.35225254968495334]",1,1
895,[0.49163456 0.51205179],79,17,"[0.5082991783733504, 0.4926120380141159]",1,1
896,[0.67164869 0.3364613 ],25,25,"[0.6355051145360792, 0.3159382518739555]",1,1
897,[0.44060848 0.45296956],39,23,"[0.40398128906285485, 0.47238793985600597]",1,1
898,[0.38142866 0.29279439],44,20,"[0.3506894007985839, 0.3300900505680594]",1,1
899,[0.69137067 0.7097506 ],74,14,"[0.6536094821078945, 0.6851260493137298]",1,1
900,[0.82424312 0.64043689],86,64,"[0.7951965962330483, 0.6208181990667567]",1,1
901,[0.17932476 0.45138123],55,10,"[0.17576281003312205, 0.4889110350411397]",1,1
902,[0.50774812 0.60752823],30,43,"[0.4825913820269017, 0.5697507501626031]",1,1
903,[0.54530579 0.38795914],4,5,"[0.5654639725716368, 0.39607858668394824]",1,1
904,[0.31775206 0.77514055],56,11,"[0.31946153154474277, 0.8007570151943507]",1,1
905,[0.34560908 0.51735678],33,0,"[0.38658715831249124, 0.5590080073840624]",1,1
906,[0.30953373 0.49725819],22,68,"[0.27997543802476765, 0.5038325811756155]",1,1
907,[0.30291997 0.27623298],93,41,"[0.30435986332947107, 0.25489047636266116]",1,1
908,[0.69858426 0.10139718],11,65,"[0.6685548771347277, 0.11294076429504661]",1,0
909,[0.82899923 0.61336795],86,64,"[0.7951965962330483, 0.6208181990667567]",1,1
910,[0.12283201 0.51130217],47,37,"[0.09667375602219228, 0.5047931523832969]",1,1
911,[0.81987205 0.59996749],86,64,"[0.7951965962330483, 0.6208181990667567]",1,1
912,[0.1952649 0.4917709],88,10,"[0.17576281003312205, 0.4889110350411397]",1,1
913,[0.63324031 0.33546845],72,25,"[0.6355051145360792, 0.3159382518739555]",1,1
914,[0.12427894 0.54082383],47,37,"[0.09667375602219228, 0.5047931523832969]",1,1
915,[0.16829154 0.65880322],48,76,"[0.1334025737159373, 0.6631768732537268]",1,1
916,[0.78628496 0.5157698 ],27,73,"[0.7295662705573459, 0.5022179604662814]",-1,-1
917,[0.79066852 0.28950997],71,30,"[0.8165959170420058, 0.2656763866382133]",1,1
918,[0.27889797 0.38095863],93,27,"[0.2556767675781077, 0.4119816890542318]",1,1
919,[0.89775267 0.75465258],67,45,"[0.898884348570375, 0.7749711697086166]",1,1
920,[0.62595373 0.74880477],10,58,"[0.6385510374052902, 0.7983947905826927]",1,1
921,[0.71744012 0.77095254],92,16,"[0.7050872121683005, 0.7603958293550058]",1,1
922,[0.81995777 0.30315932],12,30,"[0.8165959170420058, 0.2656763866382133]",1,1
923,[0.51987485 0.50232723],79,17,"[0.5082991783733504, 0.4926120380141159]",1,1
924,[0.30672591 0.44990396],31,52,"[0.3323220564871865, 0.40426557194963486]",1,1
925,[0.66480404 0.29501254],72,25,"[0.6355051145360792, 0.3159382518739555]",1,1
926,[0.56020027 0.96613227],41,-1,-1,-1,-1
927,[0.63174212 0.42645724],0,-1,-1,1,1
928,[0.58381827 0.50620262],34,57,"[0.6025455808399671, 0.5051586096785398]",1,1
929,[0.70186315 0.34646541],0,46,"[0.7180070556524429, 0.3708344651524445]",1,1
930,[0.76834978 0.31965913],12,9,"[0.7331864882126137, 0.3023916012711726]",1,1
931,[0.43585172 0.30000542],78,67,"[0.45791353587753475, 0.3072654894480269]",1,1
932,[0.67128104 0.73685902],84,16,"[0.7050872121683005, 0.7603958293550058]",1,1
933,[0.13891143 0.54073442],47,37,"[0.09667375602219228, 0.5047931523832969]",1,1
934,[0.40181802 0.49470076],22,23,"[0.40398128906285485, 0.47238793985600597]",1,1
935,[0.26180749 0.84114895],80,19,"[0.26353507515627533, 0.8865786808719914]",1,1
936,[0.78494739 0.10591217],99,53,"[0.8038827034113276, 0.10463983927609051]",1,1
937,[0.53799088 0.61071777],30,26,"[0.5477477513981099, 0.6474502763867422]",1,1
938,[0.81454077 0.4248228 ],28,8,"[0.796427715552865, 0.4037736390260863]",1,1
939,[0.32191248 0.37744871],93,52,"[0.3323220564871865, 0.40426557194963486]",1,1
940,[0.3722824 0.6484856],33,1,"[0.3454618260560106, 0.6588114384242099]",1,1
941,[0.72838462 0.19837971],61,49,"[0.6792858981871475, 0.22379767258241093]",-1,-1
942,[0.33403446 0.74523626],51,32,"[0.34610507400884494, 0.728547610352863]",1,1
943,[0.32730322 0.37217118],19,52,"[0.3323220564871865, 0.40426557194963486]",1,1
944,[0.46621634 0.18487411],94,51,"[0.476438649430152, 0.2189717371213992]",1,1
945,[0.89724447 0.35205454],50,36,"[0.8935860533799959, 0.3144975410282371]",1,1
946,[0.50186854 0.491377  ],16,17,"[0.5082991783733504, 0.4926120380141159]",1,1
947,[0.80000169 0.40405367],15,8,"[0.796427715552865, 0.4037736390260863]",1,1
948,[0.94899381 0.32002189],64,36,"[0.8935860533799959, 0.3144975410282371]",1,-1
949,[0.38413444 0.44158428],31,23,"[0.40398128906285485, 0.47238793985600597]",1,1
950,[0.43500928 0.28062902],78,67,"[0.45791353587753475, 0.3072654894480269]",1,1
951,[0.88650721 0.76957382],95,45,"[0.898884348570375, 0.7749711697086166]",1,1
952,[0.46942665 0.24591807],36,51,"[0.476438649430152, 0.2189717371213992]",1,1
953,[0.28383755 0.6519504 ],45,60,"[0.24955780999813876, 0.6176750586885945]",1,1
954,[0.4134136  0.59081857],52,0,"[0.38658715831249124, 0.5590080073840624]",1,1
955,[0.36144773 0.34206168],39,20,"[0.3506894007985839, 0.3300900505680594]",1,1
956,[0.44860494 0.48804833],52,23,"[0.40398128906285485, 0.47238793985600597]",1,1
957,[0.6039889  0.27952417],72,25,"[0.6355051145360792, 0.3159382518739555]",1,1
958,[0.21034484 0.30795723],91,15,"[0.18006251620302297, 0.34454068205898164]",1,1
959,[0.24918481 0.49971168],5,68,"[0.27997543802476765, 0.5038325811756155]",1,1
960,[0.24351292 0.17919199],24,24,"[0.22211726943580432, 0.16778750473136125]",1,1
961,[0.8486133  0.23249089],7,30,"[0.8165959170420058, 0.2656763866382133]",1,1
962,[0.50388358 0.21802532],36,51,"[0.476438649430152, 0.2189717371213992]",1,1
963,[0.36189688 0.72861123],51,32,"[0.34610507400884494, 0.728547610352863]",1,1
964,[0.12054471 0.85913406],46,21,"[0.11841755385852878, 0.8774513778183699]",1,1
965,[0.37641273 0.35738626],44,38,"[0.3781963905630463, 0.3893118837258947]",1,1
966,[0.31660311 0.87092701],82,19,"[0.26353507515627533, 0.8865786808719914]",1,1
967,[0.34767361 0.14893411],94,31,"[0.34916343089338797, 0.15832209216610185]",1,1
968,[0.19480334 0.1678205 ],60,24,"[0.22211726943580432, 0.16778750473136125]",1,1
969,[0.41517669 0.21422514],94,51,"[0.476438649430152, 0.2189717371213992]",-1,-1
970,[0.28343652 0.09549165],24,62,"[0.2818857089266789, 0.1141301849237604]",1,1
971,[0.58337794 0.90497655],41,54,"[0.5543559290453911, 0.8745301787140618]",0,1
972,[0.55301396 0.66942396],10,26,"[0.5477477513981099, 0.6474502763867422]",1,1
973,[0.27751179 0.31142145],9,6,"[0.2759410232297699, 0.32456577129288416]",1,1
974,[0.27397207 0.59093167],45,60,"[0.24955780999813876, 0.6176750586885945]",1,1
975,[0.18924105 0.51020985],5,10,"[0.17576281003312205, 0.4889110350411397]",1,1
976,[0.76248496 0.37862717],50,8,"[0.796427715552865, 0.4037736390260863]",1,1
977,[0.71854733 0.2543754 ],57,49,"[0.6792858981871475, 0.22379767258241093]",1,1
978,[0.20115319 0.87014215],8,18,"[0.18273864280326527, 0.8345377082154484]",1,1
979,[0.56809831 0.35741296],85,5,"[0.5654639725716368, 0.39607858668394824]",1,1
980,[0.47892916 0.47761027],16,17,"[0.5082991783733504, 0.4926120380141159]",1,1
981,[0.20255765 0.12211997],24,48,"[0.20198996797159463, 0.10585880045132366]",1,1
982,[0.22714567 0.22507616],49,28,"[0.22360759621917864, 0.2427852254756986]",1,1
983,[0.58963664 0.59004374],97,50,"[0.5692359568894049, 0.5807815375338512]",1,1
984,[0.66749921 0.76856314],74,16,"[0.7050872121683005, 0.7603958293550058]",1,1
985,[0.80432518 0.35642237],75,3,"[0.8370814657805602, 0.35225254968495334]",1,1
986,[0.28986091 0.29916543],44,6,"[0.2759410232297699, 0.32456577129288416]",1,1
987,[0.28984845 0.77905719],82,11,"[0.31946153154474277, 0.8007570151943507]",1,1
988,[0.30893978 0.31225435],44,6,"[0.2759410232297699, 0.32456577129288416]",1,1
989,[0.74253565 0.74102962],67,16,"[0.7050872121683005, 0.7603958293550058]",1,1
990,[0.81093029 0.78679529],67,12,"[0.7906283097636692, 0.7850983936308884]",1,1
991,[0.85146698 0.73639223],95,2,"[0.8251177034883999, 0.7275290938401112]",1,1
992,[0.32601579 0.57868022],70,7,"[0.32018815006195595, 0.5751338600097899]",1,1
993,[0.18617357 0.68609143],35,56,"[0.22324329736570062, 0.6816423034669387]",1,1
994,[0.81561638 0.76621469],83,12,"[0.7906283097636692, 0.7850983936308884]",1,1
995,[0.5382407  0.43391278],85,5,"[0.5654639725716368, 0.39607858668394824]",1,1
996,[0.36115276 0.49344768],31,23,"[0.40398128906285485, 0.47238793985600597]",1,1
997,[0.24477001 0.45095159],43,27,"[0.2556767675781077, 0.4119816890542318]",1,1
998,[0.2811369  0.27691556],9,41,"[0.30435986332947107, 0.25489047636266116]",1,1
999,[0.43967182 0.53106728],18,43,"[0.4825913820269017, 0.5697507501626031]",1,1
1000,[0.34933058 0.75089652],17,32,"[0.34610507400884494, 0.728547610352863]",1,1
1001,[0.78826796 0.1631475 ],61,44,"[0.7970774761030968, 0.17571119454117654]",1,1
1002,[0.3926535  0.77549875],66,33,"[0.41790649834360427, 0.7572666849156103]",1,1
1003,[0.45279406 0.30746349],39,67,"[0.45791353587753475, 0.3072654894480269]",1,1
1004,[0.19512465 0.18541316],53,24,"[0.22211726943580432, 0.16778750473136125]",1,1
1005,[0.19172158 0.18727222],49,24,"[0.22211726943580432, 0.16778750473136125]",1,1
1006,[0.37451714 0.84724513],69,47,"[0.40296909504905565, 0.8275795924145622]",1,1
1007,[0.81414102 0.23870865],75,30,"[0.8165959170420058, 0.2656763866382133]",1,1
1008,[0.64212831 0.1426226 ],11,65,"[0.6685548771347277, 0.11294076429504661]",1,1
1009,[0.43860636 0.65150772],30,4,"[0.4325600541878534, 0.6662301021542341]",1,1
1010,[0.1596572  0.13072076],73,69,"[0.11280724766555504, 0.11835980806724535]",1,1
1011,[0.52112804 0.38366395],85,5,"[0.5654639725716368, 0.39607858668394824]",1,1
1012,[0.8151518  0.39148356],50,8,"[0.796427715552865, 0.4037736390260863]",1,1
1013,[0.66413032 0.62971896],32,14,"[0.6536094821078945, 0.6851260493137298]",1,1
1014,[0.34192505 0.64734041],45,1,"[0.3454618260560106, 0.6588114384242099]",1,1
1015,[0.8756106  0.40887405],2,66,"[0.9210325838845916, 0.39559659470405517]",1,1
1016,[0.22119528 0.10259151],24,48,"[0.20198996797159463, 0.10585880045132366]",1,1
1017,[0.25882449 0.60651795],20,60,"[0.24955780999813876, 0.6176750586885945]",1,1
1018,[0.56323089 0.79801536],84,-1,-1,-1,-1
1019,[0.35482516 0.66779296],20,1,"[0.3454618260560106, 0.6588114384242099]",1,1
1020,[0.3784311  0.71802434],51,32,"[0.34610507400884494, 0.728547610352863]",1,1
1021,[0.71564261 0.3311439 ],72,9,"[0.7331864882126137, 0.3023916012711726]",1,1
1022,[0.22001339 0.7112048 ],87,56,"[0.22324329736570062, 0.6816423034669387]",1,1
1023,[0.648055   0.32216188],72,25,"[0.6355051145360792, 0.3159382518739555]",1,1
1024,[0.82579505 0.07587706],99,53,"[0.8038827034113276, 0.10463983927609051]",1,1
1025,[0.71483329 0.30707717],25,9,"[0.7331864882126137, 0.3023916012711726]",1,1
1026,[0.33207386 0.37155064],19,52,"[0.3323220564871865, 0.40426557194963486]",1,1
1027,[0.87378034 0.70647504],95,55,"[0.8726536015100935, 0.6704107022671288]",1,1
1028,[0.35251964 0.18279392],94,31,"[0.34916343089338797, 0.15832209216610185]",1,1
1029,[0.84562777 0.18982812],61,61,"[0.874682845687125, 0.1766622702718438]",1,1
1030,[0.76003792 0.46720446],27,73,"[0.7295662705573459, 0.5022179604662814]",1,1
1031,[0.34363407 0.58488775],70,7,"[0.32018815006195595, 0.5751338600097899]",1,1
1032,[0.3699909  0.15261555],38,31,"[0.34916343089338797, 0.15832209216610185]",1,1
1033,[0.39706398 0.68615337],26,4,"[0.4325600541878534, 0.6662301021542341]",1,1
1034,[0.67261796 0.81251354],92,58,"[0.6385510374052902, 0.7983947905826927]",1,1
1035,[0.46151468 0.57486104],22,43,"[0.4825913820269017, 0.5697507501626031]",1,1
1036,[0.05047028 0.82467924],37,-1,-1,-1,-1
1037,[0.70379927 0.64914938],32,14,"[0.6536094821078945, 0.6851260493137298]",1,1
1038,[0.42424027 0.4374097 ],39,23,"[0.40398128906285485, 0.47238793985600597]",1,1
1039,[0.25903366 0.22232446],60,28,"[0.22360759621917864, 0.2427852254756986]",1,1
1040,[0.60645101 0.65199238],63,40,"[0.605951516640453, 0.6434281068112507]",1,1
1041,[0.66020339 0.30939313],57,25,"[0.6355051145360792, 0.3159382518739555]",1,1
1042,[0.72365587 0.85288891],90,-1,-1,-1,-1
1043,[0.39200857 0.40685469],39,38,"[0.3781963905630463, 0.3893118837258947]",1,1
1044,[0.82161027 0.67359683],67,55,"[0.8726536015100935, 0.6704107022671288]",1,1
1045,[0.66658489 0.81352728],92,58,"[0.6385510374052902, 0.7983947905826927]",1,1
1046,[0.36420172 0.71485257],26,32,"[0.34610507400884494, 0.728547610352863]",1,1
1047,[0.61466293 0.75185752],10,58,"[0.6385510374052902, 0.7983947905826927]",1,1
1048,[0.09022589 0.3828374 ],54,72,"[0.09658016382716816, 0.40888385439805186]",1,1
1049,[0.14437965 0.85391812],37,21,"[0.11841755385852878, 0.8774513778183699]",1,1
1050,[0.85853949 0.22213372],7,61,"[0.874682845687125, 0.1766622702718438]",1,1
1051,[0.36098029 0.51034646],31,0,"[0.38658715831249124, 0.5590080073840624]",1,1
1052,[0.12267975 0.24458991],29,63,"[0.14382570580912205, 0.23724667976214525]",1,1
1053,[0.34189692 0.19812488],96,31,"[0.34916343089338797, 0.15832209216610185]",1,1
1054,[0.85025221 0.66222432],83,55,"[0.8726536015100935, 0.6704107022671288]",1,1
1055,[0.22890055 0.18150888],60,24,"[0.22211726943580432, 0.16778750473136125]",1,1
1056,[0.32701408 0.09981415],94,75,"[0.32672578932004837, 0.08969704753039312]",1,1
1057,[0.68632145 0.76068799],84,16,"[0.7050872121683005, 0.7603958293550058]",1,1
1058,[0.79614033 0.62042896],86,64,"[0.7951965962330483, 0.6208181990667567]",1,1
1059,[0.46471657 0.53997314],33,43,"[0.4825913820269017, 0.5697507501626031]",1,1
1060,[0.46713533 0.77714898],66,33,"[0.41790649834360427, 0.7572666849156103]",1,1
1061,[0.21414078 0.84000133],68,18,"[0.18273864280326527, 0.8345377082154484]",1,1
1062,[0.23608577 0.13273566],24,24,"[0.22211726943580432, 0.16778750473136125]",1,1
1063,[0.32035598 0.14174728],94,31,"[0.34916343089338797, 0.15832209216610185]",1,1
1064,[0.3369804  0.69114977],65,1,"[0.3454618260560106, 0.6588114384242099]",1,1
1065,[0.41768549 0.68717244],26,4,"[0.4325600541878534, 0.6662301021542341]",1,1
1066,[0.79410291 0.1356702 ],99,53,"[0.8038827034113276, 0.10463983927609051]",1,1
1067,[0.17468547 0.44005856],62,35,"[0.20133940847753817, 0.40496047509109045]",1,1
1068,[0.479822   0.71334243],89,34,"[0.5263260195098358, 0.7202941054923024]",1,1
1069,[0.13205676 0.27219127],49,63,"[0.14382570580912205, 0.23724667976214525]",1,1
1070,[0.2418138  0.14454018],60,24,"[0.22211726943580432, 0.16778750473136125]",1,1
1071,[0.3496949  0.14809037],94,31,"[0.34916343089338797, 0.15832209216610185]",1,1
1072,[0.50000202 0.53680531],22,43,"[0.4825913820269017, 0.5697507501626031]",1,1
1073,[0.22830445 0.45308394],5,27,"[0.2556767675781077, 0.4119816890542318]",1,1
1074,[0.86065442 0.25655405],3,30,"[0.8165959170420058, 0.2656763866382133]",1,1
1075,[0.33143436 0.72702282],26,32,"[0.34610507400884494, 0.728547610352863]",1,1
1076,[0.37851744 0.30767359],19,20,"[0.3506894007985839, 0.3300900505680594]",1,1
1077,[0.81117905 0.7530406 ],90,2,"[0.8251177034883999, 0.7275290938401112]",1,1
1078,[0.58197657 0.64035751],63,40,"[0.605951516640453, 0.6434281068112507]",1,1
1079,[0.35063242 0.58933311],45,7,"[0.32018815006195595, 0.5751338600097899]",1,1
1080,[0.36083239 0.6381826 ],65,1,"[0.3454618260560106, 0.6588114384242099]",1,1
1081,[0.9571727  0.45669072],64,-1,-1,-1,-1
1082,[0.31152779 0.14321785],96,31,"[0.34916343089338797, 0.15832209216610185]",1,1
1083,[0.15063308 0.47848456],55,10,"[0.17576281003312205, 0.4889110350411397]",1,1
1084,[0.24185519 0.29411478],21,6,"[0.2759410232297699, 0.32456577129288416]",1,1
1085,[0.2418992  0.36732795],81,27,"[0.2556767675781077, 0.4119816890542318]",1,1
1086,[0.31020343 0.55264259],88,7,"[0.32018815006195595, 0.5751338600097899]",1,1
1087,[0.15521369 0.47997952],5,10,"[0.17576281003312205, 0.4889110350411397]",1,1
1088,[0.28700367 0.14154533],38,62,"[0.2818857089266789, 0.1141301849237604]",1,1
1089,[0.63340667 0.73730591],74,14,"[0.6536094821078945, 0.6851260493137298]",1,1
1090,[0.47493899 0.59052766],18,43,"[0.4825913820269017, 0.5697507501626031]",1,1
1091,[0.60044619 0.69265521],97,40,"[0.605951516640453, 0.6434281068112507]",1,1
1092,[0.40764921 0.50477999],22,23,"[0.40398128906285485, 0.47238793985600597]",1,1
1093,[0.91095889 0.39830827],64,66,"[0.9210325838845916, 0.39559659470405517]",1,1
1094,[0.23744554 0.38911219],81,27,"[0.2556767675781077, 0.4119816890542318]",1,1
1095,[0.3029894  0.76005115],56,11,"[0.31946153154474277, 0.8007570151943507]",1,1
1096,[0.13507317 0.45339474],55,10,"[0.17576281003312205, 0.4889110350411397]",1,1
1097,[0.31243735 0.66369872],65,1,"[0.3454618260560106, 0.6588114384242099]",1,1
1098,[0.1798875  0.37541001],62,15,"[0.18006251620302297, 0.34454068205898164]",1,1
1099,[0.3575819  0.35160208],93,20,"[0.3506894007985839, 0.3300900505680594]",1,1
1100,[0.30924438 0.64343596],20,1,"[0.3454618260560106, 0.6588114384242099]",1,1
1101,[0.33916838 0.25307908],9,41,"[0.30435986332947107, 0.25489047636266116]",1,1
1102,[0.78997841 0.39283931],15,8,"[0.796427715552865, 0.4037736390260863]",1,1
1103,[0.32594333 0.72480049],51,32,"[0.34610507400884494, 0.728547610352863]",1,1
1104,[0.37549572 0.49336601],22,23,"[0.40398128906285485, 0.47238793985600597]",1,1
1105,[0.32588132 0.28647406],9,41,"[0.30435986332947107, 0.25489047636266116]",1,1
1106,[0.30205813 0.27502762],93,41,"[0.30435986332947107, 0.25489047636266116]",1,1
1107,[0.82789179 0.62088315],32,64,"[0.7951965962330483, 0.6208181990667567]",1,1
1108,[0.79822564 0.39021442],15,8,"[0.796427715552865, 0.4037736390260863]",1,1
1109,[0.56558606 0.3345105 ],57,5,"[0.5654639725716368, 0.39607858668394824]",1,1
1110,[0.57077093 0.20927113],36,74,"[0.5875348376000232, 0.22682887629646886]",1,1
1111,[0.84441205 0.79247515],77,12,"[0.7906283097636692, 0.7850983936308884]",1,1
1112,[0.24453059 0.65181928],48,60,"[0.24955780999813876, 0.6176750586885945]",1,1
1113,[0.28145458 0.31677551],81,6,"[0.2759410232297699, 0.32456577129288416]",1,1
1114,[0.6814659  0.76294523],84,16,"[0.7050872121683005, 0.7603958293550058]",1,1
1115,[0.68717418 0.51305808],27,73,"[0.7295662705573459, 0.5022179604662814]",-1,-1
1116,[0.23135304 0.85697831],80,19,"[0.26353507515627533, 0.8865786808719914]",1,1
1117,[0.29466431 0.17858246],38,31,"[0.34916343089338797, 0.15832209216610185]",1,1
1118,[0.2795111  0.86392235],80,19,"[0.26353507515627533, 0.8865786808719914]",1,1
1119,[0.18553903 0.35072995],29,15,"[0.18006251620302297, 0.34454068205898164]",1,1
1120,[0.33651806 0.77793648],51,11,"[0.31946153154474277, 0.8007570151943507]",1,1
1121,[0.24797439 0.34256349],9,6,"[0.2759410232297699, 0.32456577129288416]",1,1
1122,[0.37112267 0.80301818],69,47,"[0.40296909504905565, 0.8275795924145622]",1,1
1123,[0.83017032 0.84996547],42,59,"[0.8273411418361588, 0.879080487015064]",1,1
1124,[0.1037938 0.5624104],47,37,"[0.09667375602219228, 0.5047931523832969]",1,1
1125,[0.46883272 0.4041575 ],4,71,"[0.4321794745699467, 0.3542141114412492]",-1,-1
1126,[0.63951315 0.17172802],11,49,"[0.6792858981871475, 0.22379767258241093]",1,1
1127,[0.40469385 0.0908689 ],98,39,"[0.4212603913810281, 0.10642708501122958]",1,1
1128,[0.37086208 0.58301041],33,0,"[0.38658715831249124, 0.5590080073840624]",1,1
1129,[0.35608886 0.41562882],19,52,"[0.3323220564871865, 0.40426557194963486]",1,1
1130,[0.1857063  0.69466241],87,56,"[0.22324329736570062, 0.6816423034669387]",1,1
1131,[0.79811126 0.50392595],27,73,"[0.7295662705573459, 0.5022179604662814]",-1,-1
1132,[0.78522747 0.78994757],77,12,"[0.7906283097636692, 0.7850983936308884]",1,1
1133,[0.85341176 0.74857056],95,2,"[0.8251177034883999, 0.7275290938401112]",1,1
1134,[0.12762592 0.87180303],37,21,"[0.11841755385852878, 0.8774513778183699]",1,1
1135,[0.59981577 0.90853043],41,54,"[0.5543559290453911, 0.8745301787140618]",0,1
1136,[0.75838506 0.32987817],25,9,"[0.7331864882126137, 0.3023916012711726]",1,1
1137,[0.69965901 0.29190041],72,9,"[0.7331864882126137, 0.3023916012711726]",1,1
1138,[0.2374532  0.72800944],87,13,"[0.255378642795236, 0.7434727381590717]",1,1
1139,[0.36768541 0.5926236 ],18,0,"[0.38658715831249124, 0.5590080073840624]",1,1
1140,[0.39209817 0.32022555],44,20,"[0.3506894007985839, 0.3300900505680594]",1,1
1141,[0.1304827  0.85048047],76,21,"[0.11841755385852878, 0.8774513778183699]",1,1
1142,[0.793012   0.69044169],86,29,"[0.7633191161322418, 0.6918938593572181]",1,1
1143,[0.20277811 0.36706733],91,15,"[0.18006251620302297, 0.34454068205898164]",1,1
1144,[0.75702685 0.74365022],67,29,"[0.7633191161322418, 0.6918938593572181]",1,1
1145,[0.87072129 0.70166687],95,55,"[0.8726536015100935, 0.6704107022671288]",1,1
1146,[0.34423879 0.60286444],45,7,"[0.32018815006195595, 0.5751338600097899]",1,1
1147,[0.88050812 0.76848108],95,45,"[0.898884348570375, 0.7749711697086166]",1,1
1148,[0.3711009  0.36134508],44,38,"[0.3781963905630463, 0.3893118837258947]",1,1
1149,[0.3333437  0.65453847],65,1,"[0.3454618260560106, 0.6588114384242099]",1,1
1150,[0.7166859  0.28106869],75,9,"[0.7331864882126137, 0.3023916012711726]",1,1
1151,[0.23377839 0.61353959],35,60,"[0.24955780999813876, 0.6176750586885945]",1,1
1152,[0.15565712 0.81439265],76,18,"[0.18273864280326527, 0.8345377082154484]",1,1
1153,[0.22286017 0.43072873],62,35,"[0.20133940847753817, 0.40496047509109045]",1,1
1154,[0.25724429 0.22858308],38,28,"[0.22360759621917864, 0.2427852254756986]",1,1
1155,[0.21659205 0.34148099],43,15,"[0.18006251620302297, 0.34454068205898164]",1,1
1156,[0.68914456 0.73543254],74,16,"[0.7050872121683005, 0.7603958293550058]",1,1
1157,[0.23137276 0.7701282 ],56,13,"[0.255378642795236, 0.7434727381590717]",1,1
1158,[0.43377753 0.8728138 ],69,47,"[0.40296909504905565, 0.8275795924145622]",-1,-1
1159,[0.31463244 0.65826636],17,1,"[0.3454618260560106, 0.6588114384242099]",1,1
1160,[0.51567503 0.42219765],13,5,"[0.5654639725716368, 0.39607858668394824]",1,1
1161,[0.2424078  0.74360997],56,13,"[0.255378642795236, 0.7434727381590717]",1,1
1162,[0.19005141 0.57804444],47,22,"[0.1844588343877217, 0.5802608839440713]",1,1
1163,[0.27728682 0.14283761],38,62,"[0.2818857089266789, 0.1141301849237604]",1,1
1164,[0.5131429  0.72120443],6,34,"[0.5263260195098358, 0.7202941054923024]",1,1
1165,[0.39733648 0.54894533],59,0,"[0.38658715831249124, 0.5590080073840624]",1,1
1166,[0.92224944 0.33884025],2,36,"[0.8935860533799959, 0.3144975410282371]",1,1
1167,[0.19884996 0.78407323],87,18,"[0.18273864280326527, 0.8345377082154484]",1,1
1168,[0.21333722 0.86890029],8,18,"[0.18273864280326527, 0.8345377082154484]",1,1
1169,[0.49767805 0.51919109],79,17,"[0.5082991783733504, 0.4926120380141159]",1,1
1170,[0.1626477  0.87961349],37,21,"[0.11841755385852878, 0.8774513778183699]",1,1
1171,[0.68366568 0.37971976],15,46,"[0.7180070556524429, 0.3708344651524445]",1,1
1172,[0.40815873 0.62475876],65,4,"[0.4325600541878534, 0.6662301021542341]",1,1
1173,[0.40417152 0.58352286],22,0,"[0.38658715831249124, 0.5590080073840624]",1,1
1174,[0.40066202 0.07564082],98,39,"[0.4212603913810281, 0.10642708501122958]",1,1
1175,[0.20103905 0.76683037],68,13,"[0.255378642795236, 0.7434727381590717]",1,1
1176,[0.49497174 0.19879843],36,51,"[0.476438649430152, 0.2189717371213992]",1,1
1177,[0.88454078 0.75676584],95,45,"[0.898884348570375, 0.7749711697086166]",1,1
1178,[0.48355785 0.79823852],69,-1,-1,1,1
1179,[0.25405775 0.45558942],62,27,"[0.2556767675781077, 0.4119816890542318]",1,1
1180,[0.55776918 0.52371622],16,57,"[0.6025455808399671, 0.5051586096785398]",1,1
1181,[0.40664612 0.55820271],18,0,"[0.38658715831249124, 0.5590080073840624]",1,1
1182,[0.06200657 0.35496825],54,70,"[0.11455515424427153, 0.33454094536543555]",-1,-1
1183,[0.75000827 0.40873979],15,8,"[0.796427715552865, 0.4037736390260863]",1,1
1184,[0.26396584 0.40366227],43,27,"[0.2556767675781077, 0.4119816890542318]",1,1
1185,[0.13350877 0.08608149],73,69,"[0.11280724766555504, 0.11835980806724535]",1,1
1186,[0.51572955 0.550217  ],79,43,"[0.4825913820269017, 0.5697507501626031]",1,1
1187,[0.4291122  0.31925884],78,67,"[0.45791353587753475, 0.3072654894480269]",1,1
1188,[0.55153213 0.43287044],13,5,"[0.5654639725716368, 0.39607858668394824]",1,1
1189,[0.3642395  0.66835727],17,1,"[0.3454618260560106, 0.6588114384242099]",1,1
1190,[0.83071136 0.36631507],12,3,"[0.8370814657805602, 0.35225254968495334]",1,1
1191,[0.62855409 0.70052211],10,14,"[0.6536094821078945, 0.6851260493137298]",1,1
1192,[0.39985628 0.32174871],78,71,"[0.4321794745699467, 0.3542141114412492]",1,1
1193,[0.39213252 0.5120925 ],52,23,"[0.40398128906285485, 0.47238793985600597]",1,1
1194,[0.32904399 0.58493251],22,7,"[0.32018815006195595, 0.5751338600097899]",1,1
1195,[0.37820438 0.34269928],44,20,"[0.3506894007985839, 0.3300900505680594]",1,1
1196,[0.86871337 0.13664886],99,61,"[0.874682845687125, 0.1766622702718438]",1,1
1197,[0.56760416 0.63733692],63,26,"[0.5477477513981099, 0.6474502763867422]",1,1
1198,[0.27105354 0.57273987],88,7,"[0.32018815006195595, 0.5751338600097899]",1,1
1199,[0.44555917 0.16961257],98,51,"[0.476438649430152, 0.2189717371213992]",1,1
1200,[0.2161791  0.25832916],81,28,"[0.22360759621917864, 0.2427852254756986]",1,1
1201,[0.30356815 0.71822777],82,32,"[0.34610507400884494, 0.728547610352863]",1,1
1202,[0.13923452 0.62640573],5,76,"[0.1334025737159373, 0.6631768732537268]",1,1
1203,[0.30769571 0.49377399],45,68,"[0.27997543802476765, 0.5038325811756155]",1,1
1204,[0.77603265 0.79183827],90,12,"[0.7906283097636692, 0.7850983936308884]",1,1
1205,[0.87615264 0.36375999],64,3,"[0.8370814657805602, 0.35225254968495334]",1,1
1206,[0.25978494 0.30171978],21,6,"[0.2759410232297699, 0.32456577129288416]",1,1
1207,[0.19028754 0.85519464],46,18,"[0.18273864280326527, 0.8345377082154484]",1,1
1208,[0.30247596 0.27755186],91,41,"[0.30435986332947107, 0.25489047636266116]",1,1
1209,[0.44375582 0.16246149],98,39,"[0.4212603913810281, 0.10642708501122958]",1,1
1210,[0.83645024 0.71478107],95,2,"[0.8251177034883999, 0.7275290938401112]",1,1
1211,[0.42306156 0.78091353],51,33,"[0.41790649834360427, 0.7572666849156103]",1,1
1212,[0.10566844 0.12435748],73,69,"[0.11280724766555504, 0.11835980806724535]",1,-1
1213,[0.79585981 0.17737772],61,44,"[0.7970774761030968, 0.17571119454117654]",1,1
1214,[0.7886553 0.4362003],27,8,"[0.796427715552865, 0.4037736390260863]",1,1
1215,[0.51953239 0.51877531],79,17,"[0.5082991783733504, 0.4926120380141159]",1,1
1216,[0.2601889  0.45567469],62,27,"[0.2556767675781077, 0.4119816890542318]",1,1
1217,[0.76651432 0.13792896],7,44,"[0.7970774761030968, 0.17571119454117654]",1,1
1218,[0.29360701 0.14376318],38,62,"[0.2818857089266789, 0.1141301849237604]",1,1
1219,[0.28578752 0.35746983],21,6,"[0.2759410232297699, 0.32456577129288416]",1,1
1220,[0.30182111 0.39050025],93,52,"[0.3323220564871865, 0.40426557194963486]",1,1
1221,[0.84069883 0.41421197],64,8,"[0.796427715552865, 0.4037736390260863]",1,1
1222,[0.1621436 0.3147438],91,15,"[0.18006251620302297, 0.34454068205898164]",1,1
1223,[0.45774236 0.64735906],30,4,"[0.4325600541878534, 0.6662301021542341]",1,1
1224,[0.37236105 0.69734423],70,32,"[0.34610507400884494, 0.728547610352863]",1,1
1225,[0.28895994 0.70575432],87,13,"[0.255378642795236, 0.7434727381590717]",1,1
1226,[0.56038398 0.73100456],6,34,"[0.5263260195098358, 0.7202941054923024]",1,1
1227,[0.32423771 0.39512679],19,52,"[0.3323220564871865, 0.40426557194963486]",1,1
1228,[0.8528957  0.86640019],58,59,"[0.8273411418361588, 0.879080487015064]",1,1
1229,[0.35141801 0.79872681],69,11,"[0.31946153154474277, 0.8007570151943507]",1,1
1230,[0.3931563  0.46079243],39,23,"[0.40398128906285485, 0.47238793985600597]",1,1
1231,[0.5186202  0.70566996],6,34,"[0.5263260195098358, 0.7202941054923024]",1,1
1232,[0.45063114 0.56125666],52,43,"[0.4825913820269017, 0.5697507501626031]",1,1
1233,[0.79448772 0.38802822],64,8,"[0.796427715552865, 0.4037736390260863]",1,1
1234,[0.30427253 0.30773617],21,6,"[0.2759410232297699, 0.32456577129288416]",1,1
1235,[0.78384591 0.71856719],83,29,"[0.7633191161322418, 0.6918938593572181]",1,1
1236,[0.3360748  0.65878356],70,1,"[0.3454618260560106, 0.6588114384242099]",1,1
1237,[0.41857649 0.17555056],98,39,"[0.4212603913810281, 0.10642708501122958]",1,1
1238,[0.60030613 0.6194766 ],34,40,"[0.605951516640453, 0.6434281068112507]",1,1
1239,[0.57193922 0.62209607],63,26,"[0.5477477513981099, 0.6474502763867422]",1,1
1240,[0.59267925 0.63823353],10,40,"[0.605951516640453, 0.6434281068112507]",1,1
1241,[0.67472543 0.26299726],72,49,"[0.6792858981871475, 0.22379767258241093]",1,1
1242,[0.28881715 0.16796875],38,62,"[0.2818857089266789, 0.1141301849237604]",1,1
1243,[0.40992992 0.65023452],45,4,"[0.4325600541878534, 0.6662301021542341]",1,1
1244,[0.09094434 0.81688294],46,77,"[0.12121306059167974, 0.7847190178948913]",1,1
1245,[0.91498001 0.80321294],42,45,"[0.898884348570375, 0.7749711697086166]",1,1
1246,[0.72711319 0.68114213],83,29,"[0.7633191161322418, 0.6918938593572181]",1,1
1247,[0.82579769 0.72283566],83,2,"[0.8251177034883999, 0.7275290938401112]",1,1
1248,[0.31345149 0.26598794],93,41,"[0.30435986332947107, 0.25489047636266116]",1,1
1249,[0.78881254 0.22239006],71,44,"[0.7970774761030968, 0.17571119454117654]",1,1
1250,[0.73637083 0.45552543],15,73,"[0.7295662705573459, 0.5022179604662814]",1,1
1251,[0.25255745 0.77117793],56,13,"[0.255378642795236, 0.7434727381590717]",1,1
1252,[0.35546021 0.10475704],96,75,"[0.32672578932004837, 0.08969704753039312]",1,1
1253,[0.55051564 0.57123175],34,50,"[0.5692359568894049, 0.5807815375338512]",1,1
1254,[0.314436   0.64236194],20,1,"[0.3454618260560106, 0.6588114384242099]",1,1
1255,[0.03216004 0.85674569],46,-1,-1,-1,-1
1256,[0.10758624 0.46825823],47,37,"[0.09667375602219228, 0.5047931523832969]",1,1
1257,[0.65526697 0.32031397],57,25,"[0.6355051145360792, 0.3159382518739555]",1,1
1258,[0.1264217  0.61587554],47,76,"[0.1334025737159373, 0.6631768732537268]",1,1
1259,[0.70853159 0.26317938],57,9,"[0.7331864882126137, 0.3023916012711726]",1,1
1260,[0.68029204 0.04835766],11,65,"[0.6685548771347277, 0.11294076429504661]",-1,-1
1261,[0.66695328 0.52874074],27,73,"[0.7295662705573459, 0.5022179604662814]",-1,-1
1262,[0.12608834 0.48406557],14,37,"[0.09667375602219228, 0.5047931523832969]",1,1
1263,[0.36623513 0.33136   ],19,20,"[0.3506894007985839, 0.3300900505680594]",1,1
1264,[0.19292374 0.31680003],81,15,"[0.18006251620302297, 0.34454068205898164]",1,1
1265,[0.37839942 0.34044079],78,20,"[0.3506894007985839, 0.3300900505680594]",1,1
1266,[0.85497249 0.29706639],12,36,"[0.8935860533799959, 0.3144975410282371]",1,1
1267,[0.51610227 0.50730255],34,17,"[0.5082991783733504, 0.4926120380141159]",1,1
1268,[0.54061742 0.54622408],79,50,"[0.5692359568894049, 0.5807815375338512]",1,1
1269,[0.3810794  0.66849574],17,1,"[0.3454618260560106, 0.6588114384242099]",1,1
1270,[0.103538   0.87236065],76,21,"[0.11841755385852878, 0.8774513778183699]",1,1
1271,[0.13349549 0.45917583],47,10,"[0.17576281003312205, 0.4889110350411397]",1,1
1272,[0.93041946 0.80252063],42,45,"[0.898884348570375, 0.7749711697086166]",1,1
1273,[0.56398426 0.59004152],63,50,"[0.5692359568894049, 0.5807815375338512]",1,1
1274,[0.21327905 0.45950792],62,10,"[0.17576281003312205, 0.4889110350411397]",1,1
1275,[0.25430611 1.        ],8,-1,-1,-1,-1
1276,[0.29134001 0.20236948],60,41,"[0.30435986332947107, 0.25489047636266116]",1,1
1277,[0.15527321 0.11354331],73,69,"[0.11280724766555504, 0.11835980806724535]",1,1
1278,[0.21773457 0.14032815],60,24,"[0.22211726943580432, 0.16778750473136125]",1,1
1279,[0.39069379 0.64721348],45,4,"[0.4325600541878534, 0.6662301021542341]",1,1
1280,[0.53959097 0.41562668],13,5,"[0.5654639725716368, 0.39607858668394824]",1,1
1281,[0.65713693 0.75590607],84,58,"[0.6385510374052902, 0.7983947905826927]",1,1
1282,[0.29789828 0.69495262],87,32,"[0.34610507400884494, 0.728547610352863]",1,1
1283,[0.8518352  0.05671566],61,53,"[0.8038827034113276, 0.10463983927609051]",-1,-1
1284,[0.52323287 0.56264244],79,43,"[0.4825913820269017, 0.5697507501626031]",1,1
1285,[0.7308032  0.27697886],75,9,"[0.7331864882126137, 0.3023916012711726]",1,1
1286,[0.72985124 0.26643114],75,9,"[0.7331864882126137, 0.3023916012711726]",1,1
1287,[0.80059441 0.32632911],12,3,"[0.8370814657805602, 0.35225254968495334]",1,1
1288,[0.40514538 0.10808532],96,39,"[0.4212603913810281, 0.10642708501122958]",1,1
1289,[0.15455554 0.80587615],37,77,"[0.12121306059167974, 0.7847190178948913]",1,1
1290,[0.38013106 0.06106357],96,75,"[0.32672578932004837, 0.08969704753039312]",1,1
1291,[0.14498403 0.85388974],76,21,"[0.11841755385852878, 0.8774513778183699]",1,1
1292,[0.10391367 0.90136145],37,21,"[0.11841755385852878, 0.8774513778183699]",1,1
1293,[0.22837981 0.38617019],21,35,"[0.20133940847753817, 0.40496047509109045]",1,1
1294,[0.12776585 0.25894582],29,63,"[0.14382570580912205, 0.23724667976214525]",1,1
1295,[0.86709712 0.86177083],58,42,"[0.9036570809859629, 0.8544624868096156]",1,1
1296,[0.8019602  0.85698728],90,59,"[0.8273411418361588, 0.879080487015064]",1,1
1297,[0.70194569 0.37267083],0,46,"[0.7180070556524429, 0.3708344651524445]",1,1
1298,[0.43480674 0.67565696],17,4,"[0.4325600541878534, 0.6662301021542341]",1,1
1299,[0.60646377 0.69931031],10,14,"[0.6536094821078945, 0.6851260493137298]",1,1
1300,[0.69957575 0.7375362 ],74,16,"[0.7050872121683005, 0.7603958293550058]",1,1
1301,[0.45064317 0.70344729],17,4,"[0.4325600541878534, 0.6662301021542341]",1,1
1302,[0.727726  0.4336695],15,46,"[0.7180070556524429, 0.3708344651524445]",1,1
1303,[0.63000534 0.66135727],74,40,"[0.605951516640453, 0.6434281068112507]",1,1
1304,[0.78854032 0.32049409],75,3,"[0.8370814657805602, 0.35225254968495334]",1,1
1305,[0.4003763  0.13172664],94,39,"[0.4212603913810281, 0.10642708501122958]",1,1
1306,[0.15522345 0.44093282],14,10,"[0.17576281003312205, 0.4889110350411397]",1,1
1307,[0.23338775 0.06351716],24,48,"[0.20198996797159463, 0.10585880045132366]",-1,-1
1308,[0.63997661 0.20414738],1,49,"[0.6792858981871475, 0.22379767258241093]",1,1
1309,[0.80083461 0.35447445],12,3,"[0.8370814657805602, 0.35225254968495334]",1,1
1310,[0.85508886 0.87614259],58,59,"[0.8273411418361588, 0.879080487015064]",1,1
1311,[0.79046368 0.28636099],50,30,"[0.8165959170420058, 0.2656763866382133]",1,1
1312,[0.59349743 0.62948687],63,40,"[0.605951516640453, 0.6434281068112507]",1,1
1313,[0.12970788 0.31825743],29,70,"[0.11455515424427153, 0.33454094536543555]",1,1
1314,[0.27105671 0.66172311],56,60,"[0.24955780999813876, 0.6176750586885945]",1,1
1315,[0.73158877 0.518601  ],27,73,"[0.7295662705573459, 0.5022179604662814]",-1,-1
1316,[0.78883358 0.716332  ],77,29,"[0.7633191161322418, 0.6918938593572181]",1,1
1317,[0.61138625 0.05250616],11,-1,-1,-1,-1
1318,[0.25212278 0.96111702],8,-1,-1,-1,-1
1319,[0.88652326 0.19514576],61,61,"[0.874682845687125, 0.1766622702718438]",1,1
1320,[0.77100241 0.65539492],86,29,"[0.7633191161322418, 0.6918938593572181]",1,1
1321,[0.36319018 0.16026198],94,31,"[0.34916343089338797, 0.15832209216610185]",1,1
1322,[0.37351399 0.77027002],66,33,"[0.41790649834360427, 0.7572666849156103]",1,1
1323,[0.28851989 0.54034821],59,68,"[0.27997543802476765, 0.5038325811756155]",1,1
1324,[0.50759901 0.52238115],79,17,"[0.5082991783733504, 0.4926120380141159]",1,1
1325,[0.57559506 0.27186717],85,74,"[0.5875348376000232, 0.22682887629646886]",1,1
1326,[0.37934432 0.56160799],18,0,"[0.38658715831249124, 0.5590080073840624]",1,1
1327,[0.89436464 0.41229425],64,66,"[0.9210325838845916, 0.39559659470405517]",1,1
1328,[0.54395317 0.94502299],41,-1,-1,-1,-1
1329,[0.53090905 0.63072236],34,26,"[0.5477477513981099, 0.6474502763867422]",1,1
1330,[0.33474705 0.16149344],38,31,"[0.34916343089338797, 0.15832209216610185]",1,1
1331,[0.4176529  0.70849214],66,4,"[0.4325600541878534, 0.6662301021542341]",1,1
1332,[0.73004759 0.38824942],15,46,"[0.7180070556524429, 0.3708344651524445]",1,1
1333,[0.19251965 0.39971401],62,35,"[0.20133940847753817, 0.40496047509109045]",1,1
1334,[0.4239408  0.58651858],33,0,"[0.38658715831249124, 0.5590080073840624]",1,1
1335,[0.31891517 0.78065198],26,11,"[0.31946153154474277, 0.8007570151943507]",1,1
1336,[0.8687546  0.65466362],95,55,"[0.8726536015100935, 0.6704107022671288]",1,1
1337,[0.74689115 0.77161545],90,16,"[0.7050872121683005, 0.7603958293550058]",1,1
1338,[0.08894227 0.52023002],47,37,"[0.09667375602219228, 0.5047931523832969]",1,1
1339,[0.82144509 0.91121733],58,59,"[0.8273411418361588, 0.879080487015064]",1,1
1340,[0.58754662 0.40318497],0,5,"[0.5654639725716368, 0.39607858668394824]",1,1
1341,[0.13940914 0.38100533],62,72,"[0.09658016382716816, 0.40888385439805186]",1,1
1342,[0.36142347 0.77559691],82,11,"[0.31946153154474277, 0.8007570151943507]",1,1
1343,[0.38217896 0.65932873],17,1,"[0.3454618260560106, 0.6588114384242099]",1,1
1344,[0.51220159 0.10827106],36,-1,-1,-1,-1
1345,[0.95575125 0.87248593],58,42,"[0.9036570809859629, 0.8544624868096156]",1,1
1346,[0.33516368 0.34675243],19,20,"[0.3506894007985839, 0.3300900505680594]",1,1
1347,[0.37848164 0.59691346],45,0,"[0.38658715831249124, 0.5590080073840624]",1,1
1348,[0.17244226 0.30208623],49,15,"[0.18006251620302297, 0.34454068205898164]",1,1
1349,[0.91419002 0.83642046],40,42,"[0.9036570809859629, 0.8544624868096156]",1,1
1350,[0.88250947 0.29120603],3,36,"[0.8935860533799959, 0.3144975410282371]",1,1
1351,[0.25751028 0.86697033],80,19,"[0.26353507515627533, 0.8865786808719914]",1,1
1352,[0.34110693 0.74820589],26,32,"[0.34610507400884494, 0.728547610352863]",1,1
1353,[0.7459234  0.48634167],27,73,"[0.7295662705573459, 0.5022179604662814]",1,1
1354,[0.26601281 0.88405242],8,19,"[0.26353507515627533, 0.8865786808719914]",1,1
1355,[0.59022539 0.22930657],1,74,"[0.5875348376000232, 0.22682887629646886]",1,1
1356,[0.8339066  0.84591924],40,59,"[0.8273411418361588, 0.879080487015064]",1,1
1357,[0.32668332 0.53421992],31,7,"[0.32018815006195595, 0.5751338600097899]",1,1
1358,[0.85052282 0.32198171],50,3,"[0.8370814657805602, 0.35225254968495334]",1,1
1359,[0.89224786 0.40103967],2,66,"[0.9210325838845916, 0.39559659470405517]",1,1
1360,[0.71697248 0.67982293],97,29,"[0.7633191161322418, 0.6918938593572181]",1,1
1361,[0.85564332 0.74187889],23,2,"[0.8251177034883999, 0.7275290938401112]",1,1
1362,[0.70838859 0.55257512],34,73,"[0.7295662705573459, 0.5022179604662814]",-1,-1
1363,[0.27790845 0.53691556],45,68,"[0.27997543802476765, 0.5038325811756155]",1,1
1364,[0.28340556 0.70298997],87,13,"[0.255378642795236, 0.7434727381590717]",1,1
1365,[0.80145595 0.79348946],23,12,"[0.7906283097636692, 0.7850983936308884]",1,1
1366,[0.74864608 0.28686898],71,9,"[0.7331864882126137, 0.3023916012711726]",1,1
1367,[0.30315882 0.6100132 ],88,7,"[0.32018815006195595, 0.5751338600097899]",1,1
1368,[0.33853711 0.57313246],33,7,"[0.32018815006195595, 0.5751338600097899]",1,1
1369,[0.10019474 0.4974055 ],14,37,"[0.09667375602219228, 0.5047931523832969]",1,1
1370,[0.45529971 0.75958248],69,33,"[0.41790649834360427, 0.7572666849156103]",1,1
1371,[0.21956318 0.82161634],80,18,"[0.18273864280326527, 0.8345377082154484]",1,1
1372,[0.81163739 0.72942828],83,2,"[0.8251177034883999, 0.7275290938401112]",1,1
1373,[0.72315036 0.14742043],99,65,"[0.6685548771347277, 0.11294076429504661]",-1,-1
1374,[0.08211098 0.50294645],47,37,"[0.09667375602219228, 0.5047931523832969]",1,1
1375,[0.13944607 0.31916452],29,70,"[0.11455515424427153, 0.33454094536543555]",1,1
1376,[0.31877876 0.73941061],20,32,"[0.34610507400884494, 0.728547610352863]",1,1
1377,[0.36246813 0.75748952],51,32,"[0.34610507400884494, 0.728547610352863]",1,1
1378,[0.58275071 0.39320985],0,5,"[0.5654639725716368, 0.39607858668394824]",1,1
1379,[0.4103573  0.62243748],70,4,"[0.4325600541878534, 0.6662301021542341]",1,1
1380,[0.55198066 0.42937919],4,5,"[0.5654639725716368, 0.39607858668394824]",1,1
1381,[0.37412609 0.57896397],45,0,"[0.38658715831249124, 0.5590080073840624]",1,1
1382,[0.39775228 0.64848622],59,4,"[0.4325600541878534, 0.6662301021542341]",1,1
1383,[0.3963235  0.51836295],52,0,"[0.38658715831249124, 0.5590080073840624]",1,1
1384,[0.17147375 0.51026371],5,10,"[0.17576281003312205, 0.4889110350411397]",1,1
1385,[0.62648178 0.54109885],34,57,"[0.6025455808399671, 0.5051586096785398]",1,1
1386,[0.26239849 0.87544704],8,19,"[0.26353507515627533, 0.8865786808719914]",1,1
1387,[0.05741235 0.45457969],54,72,"[0.09658016382716816, 0.40888385439805186]",1,1
1388,[0.5006511  0.68968178],6,34,"[0.5263260195098358, 0.7202941054923024]",1,1
1389,[0.91196371 0.81320887],40,45,"[0.898884348570375, 0.7749711697086166]",1,1
1390,[0.82707334 0.72483445],86,2,"[0.8251177034883999, 0.7275290938401112]",1,1
1391,[0.10716264 0.64986727],48,76,"[0.1334025737159373, 0.6631768732537268]",-1,-1
1392,[0.82304627 0.31272945],12,3,"[0.8370814657805602, 0.35225254968495334]",1,1
1393,[0.27610554 0.95414577],8,19,"[0.26353507515627533, 0.8865786808719914]",1,1
1394,[0.33573983 0.60192338],59,7,"[0.32018815006195595, 0.5751338600097899]",1,1
1395,[0.4814934  0.65504226],6,4,"[0.4325600541878534, 0.6662301021542341]",1,1
1396,[0.32207581 0.81984056],51,11,"[0.31946153154474277, 0.8007570151943507]",1,1
1397,[0.58279463 0.48195253],0,57,"[0.6025455808399671, 0.5051586096785398]",1,1
1398,[0.1757615  0.15804467],53,24,"[0.22211726943580432, 0.16778750473136125]",1,1
1399,[0.64372583 0.56582132],34,-1,-1,1,-1
1400,[0.73173903 0.80697057],90,16,"[0.7050872121683005, 0.7603958293550058]",1,1
1401,[0.40641443 0.33119851],39,71,"[0.4321794745699467, 0.3542141114412492]",1,1
1402,[0.10214723 0.90297503],76,21,"[0.11841755385852878, 0.8774513778183699]",1,1
1403,[0.80233396 0.72655133],83,2,"[0.8251177034883999, 0.7275290938401112]",1,1
1404,[0.78823162 0.76924075],92,12,"[0.7906283097636692, 0.7850983936308884]",1,1
1405,[0.62884505 0.21305758],1,74,"[0.5875348376000232, 0.22682887629646886]",1,1
1406,[0.66433095 0.8095551 ],84,58,"[0.6385510374052902, 0.7983947905826927]",1,1
1407,[0.85612965 0.67529197],83,55,"[0.8726536015100935, 0.6704107022671288]",1,1
1408,[0.75974334 0.63333482],86,64,"[0.7951965962330483, 0.6208181990667567]",1,1
1409,[0.55914295 0.30707655],85,-1,-1,1,1
1410,[0.6892792  0.69682692],92,14,"[0.6536094821078945, 0.6851260493137298]",1,1
1411,[0.79629649 0.19703393],7,44,"[0.7970774761030968, 0.17571119454117654]",1,1
1412,[0.20731507 0.82260346],80,18,"[0.18273864280326527, 0.8345377082154484]",1,1
1413,[0.76952824 0.72928135],90,29,"[0.7633191161322418, 0.6918938593572181]",1,1
1414,[0.30129852 0.10907183],96,62,"[0.2818857089266789, 0.1141301849237604]",1,1
1415,[0.824232   0.20414524],7,44,"[0.7970774761030968, 0.17571119454117654]",1,1
1416,[0.55641458 0.71197503],89,34,"[0.5263260195098358, 0.7202941054923024]",1,1
1417,[0.59435945 0.39533099],0,5,"[0.5654639725716368, 0.39607858668394824]",1,1
1418,[0.82898284 0.75359951],42,2,"[0.8251177034883999, 0.7275290938401112]",1,1
1419,[0.92397078 0.77415781],42,45,"[0.898884348570375, 0.7749711697086166]",1,1
1420,[0.62758918 0.53628693],34,57,"[0.6025455808399671, 0.5051586096785398]",1,1
1421,[0.26447738 0.73217938],51,13,"[0.255378642795236, 0.7434727381590717]",1,1
1422,[0.81450055 0.09398438],61,53,"[0.8038827034113276, 0.10463983927609051]",1,1
1423,[0.75042939 0.10126626],99,53,"[0.8038827034113276, 0.10463983927609051]",1,1
1424,[0.15473    0.41945949],54,35,"[0.20133940847753817, 0.40496047509109045]",1,1
1425,[0.69021381 0.32305959],28,9,"[0.7331864882126137, 0.3023916012711726]",1,1
1426,[0.32032755 0.83205716],69,11,"[0.31946153154474277, 0.8007570151943507]",1,1
1427,[0.28654559 0.30652513],44,6,"[0.2759410232297699, 0.32456577129288416]",1,1
1428,[0.58447555 0.63566283],34,40,"[0.605951516640453, 0.6434281068112507]",1,1
1429,[0.21061243 0.23477803],21,28,"[0.22360759621917864, 0.2427852254756986]",1,1
1430,[0.18006068 0.37141534],62,15,"[0.18006251620302297, 0.34454068205898164]",1,1
1431,[0.55337139 0.51144035],4,17,"[0.5082991783733504, 0.4926120380141159]",1,1
1432,[0.60893058 0.65162665],63,40,"[0.605951516640453, 0.6434281068112507]",1,1
1433,[0.34309075 0.38961521],44,52,"[0.3323220564871865, 0.40426557194963486]",1,1
1434,[0.16586581 0.5219202 ],5,10,"[0.17576281003312205, 0.4889110350411397]",1,1
1435,[0.26618908 0.16980956],53,24,"[0.22211726943580432, 0.16778750473136125]",1,1
1436,[0.58039024 0.34374352],0,5,"[0.5654639725716368, 0.39607858668394824]",1,1
1437,[0.50110425 0.34688084],85,67,"[0.45791353587753475, 0.3072654894480269]",1,1
1438,[0.15705101 0.87857461],76,21,"[0.11841755385852878, 0.8774513778183699]",1,1
1439,[0.34992302 0.1341006 ],96,31,"[0.34916343089338797, 0.15832209216610185]",1,1
1440,[0.11769091 0.36084847],29,70,"[0.11455515424427153, 0.33454094536543555]",1,1
1441,[0.25946381 0.31812578],81,6,"[0.2759410232297699, 0.32456577129288416]",1,1
1442,[0.73511411 0.33534973],72,9,"[0.7331864882126137, 0.3023916012711726]",1,1
1443,[0.52907221 0.48063894],16,17,"[0.5082991783733504, 0.4926120380141159]",1,1
1444,[0.27079567 0.71856471],87,13,"[0.255378642795236, 0.7434727381590717]",1,1
1445,[0.22227854 0.79106036],68,13,"[0.255378642795236, 0.7434727381590717]",1,1
1446,[0.14071619 0.89544824],76,21,"[0.11841755385852878, 0.8774513778183699]",1,1
1447,[0.86524575 0.91976179],58,59,"[0.8273411418361588, 0.879080487015064]",-1,-1
1448,[0.41688587 0.35971754],39,71,"[0.4321794745699467, 0.3542141114412492]",1,1
1449,[0.87142721 0.62703146],86,55,"[0.8726536015100935, 0.6704107022671288]",1,1
1450,[0.12334681 0.41681935],54,72,"[0.09658016382716816, 0.40888385439805186]",1,1
1451,[0.32097956 0.14566021],38,31,"[0.34916343089338797, 0.15832209216610185]",1,1
1452,[0.67768394 0.53584013],27,73,"[0.7295662705573459, 0.5022179604662814]",-1,-1
1453,[0.46256446 0.11104897],96,39,"[0.4212603913810281, 0.10642708501122958]",-1,1
1454,[0.17262937 0.13975787],24,48,"[0.20198996797159463, 0.10585880045132366]",1,1
1455,[0.44776916 0.76281678],66,33,"[0.41790649834360427, 0.7572666849156103]",1,1
1456,[0.84125803 0.41156678],50,8,"[0.796427715552865, 0.4037736390260863]",1,1
1457,[0.25957001 0.83482625],56,19,"[0.26353507515627533, 0.8865786808719914]",1,1
1458,[0.91941401 0.80238092],40,45,"[0.898884348570375, 0.7749711697086166]",1,1
1459,[0.54746717 0.36257403],85,5,"[0.5654639725716368, 0.39607858668394824]",1,1
1460,[0.5163309  0.55709847],16,43,"[0.4825913820269017, 0.5697507501626031]",1,1
1461,[0.83648274 0.41989428],50,8,"[0.796427715552865, 0.4037736390260863]",1,1
1462,[0.80222648 0.42627633],3,8,"[0.796427715552865, 0.4037736390260863]",1,1
1463,[0.57737618 0.62400359],97,40,"[0.605951516640453, 0.6434281068112507]",1,1
1464,[0.1421155  0.31548783],29,70,"[0.11455515424427153, 0.33454094536543555]",1,1
1465,[0.37480933 0.76730791],51,33,"[0.41790649834360427, 0.7572666849156103]",1,1
1466,[0.90581786 0.77070331],42,45,"[0.898884348570375, 0.7749711697086166]",1,1
1467,[0.34467869 0.1154753 ],94,75,"[0.32672578932004837, 0.08969704753039312]",1,1
1468,[0.90373029 0.12206368],7,61,"[0.874682845687125, 0.1766622702718438]",-1,-1
1469,[0.23653274 0.86561331],76,19,"[0.26353507515627533, 0.8865786808719914]",1,1
1470,[0.48314016 0.68829291],30,34,"[0.5263260195098358, 0.7202941054923024]",1,1
1471,[0.36164101 0.80761028],69,11,"[0.31946153154474277, 0.8007570151943507]",1,1
1472,[0.36691051 0.75580316],26,32,"[0.34610507400884494, 0.728547610352863]",1,1
1473,[0.85104185 0.74502414],23,2,"[0.8251177034883999, 0.7275290938401112]",1,1
1474,[0.23673825 0.39047887],55,27,"[0.2556767675781077, 0.4119816890542318]",1,1
1475,[0.16391842 0.60985553],35,22,"[0.1844588343877217, 0.5802608839440713]",1,1
1476,[0.19779686 0.46240042],62,10,"[0.17576281003312205, 0.4889110350411397]",1,1
1477,[0.3379128  0.69103453],65,1,"[0.3454618260560106, 0.6588114384242099]",1,1
1478,[0.58655534 0.70273392],74,40,"[0.605951516640453, 0.6434281068112507]",1,1
1479,[0.63563055 0.60580574],97,40,"[0.605951516640453, 0.6434281068112507]",1,1
1480,[0.36213753 0.25586379],78,41,"[0.30435986332947107, 0.25489047636266116]",1,-1
1481,[0.27538832 0.27111026],81,41,"[0.30435986332947107, 0.25489047636266116]",1,1
1482,[0.21801393 0.77666512],68,13,"[0.255378642795236, 0.7434727381590717]",1,1
1483,[0.80913804 0.74517042],77,2,"[0.8251177034883999, 0.7275290938401112]",1,1
1484,[0.51129406 0.44451014],4,17,"[0.5082991783733504, 0.4926120380141159]",1,1
1485,[0.23320032 0.57539227],35,60,"[0.24955780999813876, 0.6176750586885945]",1,1
1486,[0.21913157 0.57141234],35,22,"[0.1844588343877217, 0.5802608839440713]",1,1
1487,[0.75653609 0.35673836],28,46,"[0.7180070556524429, 0.3708344651524445]",1,1
1488,[0.42213988 0.293714  ],78,67,"[0.45791353587753475, 0.3072654894480269]",1,1
1489,[0.44842562 0.12773326],98,39,"[0.4212603913810281, 0.10642708501122958]",1,1
1490,[0.80175915 0.31027842],25,30,"[0.8165959170420058, 0.2656763866382133]",1,1
1491,[0.81903005 0.38218039],2,8,"[0.796427715552865, 0.4037736390260863]",1,1
1492,[0.80846117 0.3920838 ],75,8,"[0.796427715552865, 0.4037736390260863]",1,1
1493,[0.36566561 0.84935291],82,47,"[0.40296909504905565, 0.8275795924145622]",1,1
1494,[0.7300104  0.64634372],32,29,"[0.7633191161322418, 0.6918938593572181]",1,1
1495,[0.11837999 0.81217235],37,77,"[0.12121306059167974, 0.7847190178948913]",1,1
1496,[0.7208632  0.41797692],27,46,"[0.7180070556524429, 0.3708344651524445]",1,1
1497,[0.81397803 0.81423629],67,12,"[0.7906283097636692, 0.7850983936308884]",1,1
1498,[0.58928122 0.41773905],0,5,"[0.5654639725716368, 0.39607858668394824]",1,1
1499,[0.46563403 0.66061505],30,4,"[0.4325600541878534, 0.6662301021542341]",1,1
1500,[0.30824154 0.        ],96,-1,-1,-1,-1
1501,[0.32508993 0.35276146],93,20,"[0.3506894007985839, 0.3300900505680594]",1,1
1502,[0.27306427 0.36027944],93,6,"[0.2759410232297699, 0.32456577129288416]",1,1
1503,[0.62191074 0.61037811],97,40,"[0.605951516640453, 0.6434281068112507]",1,1
1504,[0.84632949 0.88762458],58,59,"[0.8273411418361588, 0.879080487015064]",1,1
1505,[0.35992029 0.56666588],45,0,"[0.38658715831249124, 0.5590080073840624]",1,1
1506,[0.24146434 0.33030675],43,6,"[0.2759410232297699, 0.32456577129288416]",1,1
1507,[0.29316716 0.94472645],8,19,"[0.26353507515627533, 0.8865786808719914]",1,1
1508,[0.25980921 0.59620594],35,60,"[0.24955780999813876, 0.6176750586885945]",1,1
1509,[0.7496691  0.74648452],83,16,"[0.7050872121683005, 0.7603958293550058]",1,1
1510,[0.44292966 0.32557368],78,67,"[0.45791353587753475, 0.3072654894480269]",1,1
1511,[0.27320294 0.10393965],24,62,"[0.2818857089266789, 0.1141301849237604]",1,1
1512,[0.23436256 0.06941134],24,48,"[0.20198996797159463, 0.10585880045132366]",-1,1
1513,[0.60007324 0.80191529],84,58,"[0.6385510374052902, 0.7983947905826927]",1,1
1514,[0.49362613 0.33348703],85,67,"[0.45791353587753475, 0.3072654894480269]",1,1
1515,[0.73757145 0.27683522],12,9,"[0.7331864882126137, 0.3023916012711726]",1,1
1516,[0.45452941 0.50341396],52,17,"[0.5082991783733504, 0.4926120380141159]",1,1
1517,[0.72882731 0.77835266],92,16,"[0.7050872121683005, 0.7603958293550058]",1,1
1518,[0.08969022 0.17225366],73,69,"[0.11280724766555504, 0.11835980806724535]",-1,-1
1519,[0.20766338 0.5237014 ],88,10,"[0.17576281003312205, 0.4889110350411397]",1,1
1520,[0.68390953 0.34411669],25,46,"[0.7180070556524429, 0.3708344651524445]",1,1
1521,[0.57918707 0.66815612],63,40,"[0.605951516640453, 0.6434281068112507]",1,1
1522,[0.38100126 0.73295686],26,32,"[0.34610507400884494, 0.728547610352863]",1,1
1523,[0.14477686 0.44008848],54,72,"[0.09658016382716816, 0.40888385439805186]",1,1
1524,[0.20093609 0.83725569],68,18,"[0.18273864280326527, 0.8345377082154484]",1,1
1525,[0.2554837 0.7428293],68,13,"[0.255378642795236, 0.7434727381590717]",1,1
1526,[0.15254555 0.82969838],46,18,"[0.18273864280326527, 0.8345377082154484]",1,1
1527,[0.74711941 0.76054828],77,16,"[0.7050872121683005, 0.7603958293550058]",1,1
1528,[0.19306467 0.19034705],53,24,"[0.22211726943580432, 0.16778750473136125]",1,1
1529,[0.82328749 0.37919244],2,3,"[0.8370814657805602, 0.35225254968495334]",1,1
1530,[0.31754104 0.55258926],33,7,"[0.32018815006195595, 0.5751338600097899]",1,1
1531,[0.43653534 0.15527403],96,39,"[0.4212603913810281, 0.10642708501122958]",1,1
1532,[0.84029849 0.19204987],7,61,"[0.874682845687125, 0.1766622702718438]",1,1
1533,[0.19139315 0.54885626],35,22,"[0.1844588343877217, 0.5802608839440713]",1,1
1534,[0.76458663 0.38281278],15,8,"[0.796427715552865, 0.4037736390260863]",1,1
1535,[0.06721094 0.87560447],46,21,"[0.11841755385852878, 0.8774513778183699]",1,1
1536,[0.93938555 0.87472708],40,42,"[0.9036570809859629, 0.8544624868096156]",1,1
1537,[0.70638645 0.66695493],63,14,"[0.6536094821078945, 0.6851260493137298]",1,1
1538,[0.38541544 0.49065857],18,23,"[0.40398128906285485, 0.47238793985600597]",1,1
1539,[0.83605604 0.35938254],75,3,"[0.8370814657805602, 0.35225254968495334]",1,1
1540,[0.11620174 0.03914514],73,-1,-1,-1,-1
1541,[0.37673087 0.68167903],59,1,"[0.3454618260560106, 0.6588114384242099]",1,1
1542,[0.46104749 0.66426287],6,4,"[0.4325600541878534, 0.6662301021542341]",1,1
1543,[0.76068234 0.82745485],90,12,"[0.7906283097636692, 0.7850983936308884]",1,1
1544,[0.32672553 0.57291722],18,7,"[0.32018815006195595, 0.5751338600097899]",1,1
1545,[0.64598226 0.19584947],1,49,"[0.6792858981871475, 0.22379767258241093]",1,1
1546,[0.15903321 0.85620285],46,18,"[0.18273864280326527, 0.8345377082154484]",1,1
1547,[0.61310765 0.56619155],34,50,"[0.5692359568894049, 0.5807815375338512]",1,1
1548,[0.26256504 0.37811889],81,27,"[0.2556767675781077, 0.4119816890542318]",1,1
1549,[0.53258159 0.82914791],41,54,"[0.5543559290453911, 0.8745301787140618]",0,1
1550,[0.10135755 0.86101747],37,21,"[0.11841755385852878, 0.8774513778183699]",1,1
1551,[0.17532529 0.84360102],76,18,"[0.18273864280326527, 0.8345377082154484]",1,1
1552,[0.14747178 0.88163605],76,21,"[0.11841755385852878, 0.8774513778183699]",1,1
1553,[0.29759749 0.75498342],68,13,"[0.255378642795236, 0.7434727381590717]",1,1
1554,[0.25561982 0.53731264],5,68,"[0.27997543802476765, 0.5038325811756155]",1,1
1555,[0.76196474 0.31498055],25,9,"[0.7331864882126137, 0.3023916012711726]",1,1
1556,[0.33078874 0.60522818],65,7,"[0.32018815006195595, 0.5751338600097899]",1,1
1557,[0.55678374 0.85514851],41,54,"[0.5543559290453911, 0.8745301787140618]",0,1
1558,[0.26713945 0.32517127],9,6,"[0.2759410232297699, 0.32456577129288416]",1,1
1559,[0.39082625 0.08470961],98,39,"[0.4212603913810281, 0.10642708501122958]",1,1
1560,[0.86252013 0.76216466],86,45,"[0.898884348570375, 0.7749711697086166]",1,1
1561,[0.75422306 0.46510937],27,73,"[0.7295662705573459, 0.5022179604662814]",1,1
1562,[0.89666846 0.84045797],42,42,"[0.9036570809859629, 0.8544624868096156]",1,1
1563,[0.84616134 0.7290444 ],83,2,"[0.8251177034883999, 0.7275290938401112]",1,1
1564,[0.61490032 0.41953377],4,5,"[0.5654639725716368, 0.39607858668394824]",1,1
1565,[0.63082513 0.65132395],10,40,"[0.605951516640453, 0.6434281068112507]",1,1
1566,[0.21090373 0.65592147],48,56,"[0.22324329736570062, 0.6816423034669387]",1,1
1567,[0.66304592 0.31775633],71,25,"[0.6355051145360792, 0.3159382518739555]",1,1
1568,[0.2725647  0.52810478],88,68,"[0.27997543802476765, 0.5038325811756155]",1,1
1569,[0.1438306 0.5059309],47,10,"[0.17576281003312205, 0.4889110350411397]",1,1
1570,[0.49885546 0.53121682],16,17,"[0.5082991783733504, 0.4926120380141159]",1,1
1571,[0.3986701  0.15805244],96,31,"[0.34916343089338797, 0.15832209216610185]",1,1
1572,[0.34775153 0.62646089],20,1,"[0.3454618260560106, 0.6588114384242099]",1,1
1573,[0.72411311 0.37072911],72,46,"[0.7180070556524429, 0.3708344651524445]",1,1
1574,[0.928377   0.26317424],3,36,"[0.8935860533799959, 0.3144975410282371]",-1,-1
1575,[0.61688694 0.42971395],4,5,"[0.5654639725716368, 0.39607858668394824]",1,1
1576,[0.28260397 0.33737043],81,6,"[0.2759410232297699, 0.32456577129288416]",1,1
1577,[0.36353677 0.83541235],69,47,"[0.40296909504905565, 0.8275795924145622]",1,1
1578,[0.73341878 0.20643408],99,49,"[0.6792858981871475, 0.22379767258241093]",-1,-1
1579,[0.36599839 0.56270022],45,0,"[0.38658715831249124, 0.5590080073840624]",1,1
1580,[0.15000343 0.87590242],37,21,"[0.11841755385852878, 0.8774513778183699]",1,1
1581,[0.42441148 0.48131028],22,23,"[0.40398128906285485, 0.47238793985600597]",1,1
1582,[0.3676667  0.47877168],79,23,"[0.40398128906285485, 0.47238793985600597]",1,1
1583,[0.79185065 0.18798925],61,44,"[0.7970774761030968, 0.17571119454117654]",1,1
1584,[0.59705706 0.38733996],4,5,"[0.5654639725716368, 0.39607858668394824]",1,1
1585,[0.475546   0.55892144],79,43,"[0.4825913820269017, 0.5697507501626031]",1,1
1586,[0.15297741 0.6997118 ],48,76,"[0.1334025737159373, 0.6631768732537268]",-1,1
1587,[0.65028444 0.43263248],4,-1,-1,-1,-1
1588,[0.37542443 0.61312405],70,1,"[0.3454618260560106, 0.6588114384242099]",1,1
1589,[0.7307703  0.55175147],27,73,"[0.7295662705573459, 0.5022179604662814]",-1,-1
1590,[0.88890237 0.83540141],40,42,"[0.9036570809859629, 0.8544624868096156]",1,1
1591,[0.41933168 0.66728224],17,4,"[0.4325600541878534, 0.6662301021542341]",1,1
1592,[0.25465231 0.13429157],38,62,"[0.2818857089266789, 0.1141301849237604]",1,1
1593,[0.79545381 0.2051334 ],7,44,"[0.7970774761030968, 0.17571119454117654]",1,1
1594,[0.26235085 0.280351  ],9,6,"[0.2759410232297699, 0.32456577129288416]",1,1
1595,[0.36226588 0.55310115],45,0,"[0.38658715831249124, 0.5590080073840624]",1,1
1596,[0.28504044 0.25659732],9,41,"[0.30435986332947107, 0.25489047636266116]",1,1
1597,[0.81143163 0.28363424],75,30,"[0.8165959170420058, 0.2656763866382133]",1,1
1598,[0.53520043 0.35912954],13,5,"[0.5654639725716368, 0.39607858668394824]",1,1
1599,[0.04733507 0.50827227],14,37,"[0.09667375602219228, 0.5047931523832969]",-1,-1
1600,[0.21628641 0.633044  ],48,60,"[0.24955780999813876, 0.6176750586885945]",1,1
1601,[0.15599641 0.24071096],49,63,"[0.14382570580912205, 0.23724667976214525]",1,1
1602,[0.59808016 0.4442844 ],0,5,"[0.5654639725716368, 0.39607858668394824]",1,1
1603,[0.15412983 0.51458851],55,10,"[0.17576281003312205, 0.4889110350411397]",1,1
1604,[0.56906293 0.41684438],13,5,"[0.5654639725716368, 0.39607858668394824]",1,1
1605,[0.8713336  0.79771588],58,45,"[0.898884348570375, 0.7749711697086166]",1,1
1606,[0.89847793 0.44757561],2,66,"[0.9210325838845916, 0.39559659470405517]",-1,-1
1607,[0.34836633 0.58368002],18,7,"[0.32018815006195595, 0.5751338600097899]",1,1
1608,[0.24229215 0.73257706],56,13,"[0.255378642795236, 0.7434727381590717]",1,1
1609,[0.56183675 0.68273517],63,26,"[0.5477477513981099, 0.6474502763867422]",1,1
1610,[0.38446696 0.29436969],78,20,"[0.3506894007985839, 0.3300900505680594]",1,1
1611,[0.34199353 0.43022623],31,52,"[0.3323220564871865, 0.40426557194963486]",1,1
1612,[0.11374013 0.8464112 ],76,21,"[0.11841755385852878, 0.8774513778183699]",1,1
1613,[0.68887139 0.73684044],83,16,"[0.7050872121683005, 0.7603958293550058]",1,1
1614,[0.38094933 0.15462299],98,31,"[0.34916343089338797, 0.15832209216610185]",1,1
1615,[0.19745631 0.38176629],91,35,"[0.20133940847753817, 0.40496047509109045]",1,1
1616,[0.90045122 0.69369151],95,55,"[0.8726536015100935, 0.6704107022671288]",1,1
1617,[0.47863183 0.69958074],89,34,"[0.5263260195098358, 0.7202941054923024]",1,1
1618,[0.53811392 0.20383639],36,74,"[0.5875348376000232, 0.22682887629646886]",1,1
1619,[0.86629575 0.72559755],23,2,"[0.8251177034883999, 0.7275290938401112]",1,1
1620,[0.74269902 0.75661792],74,16,"[0.7050872121683005, 0.7603958293550058]",1,1
1621,[0.59581786 0.70836598],10,14,"[0.6536094821078945, 0.6851260493137298]",1,1
1622,[0.16061054 0.20393458],73,63,"[0.14382570580912205, 0.23724667976214525]",1,1
1623,[0.35699813 0.36331208],19,38,"[0.3781963905630463, 0.3893118837258947]",1,1
1624,[0.39727482 0.73150709],26,33,"[0.41790649834360427, 0.7572666849156103]",1,1
1625,[0.20523367 0.61985405],35,60,"[0.24955780999813876, 0.6176750586885945]",1,1
1626,[0.16634674 0.76026182],87,77,"[0.12121306059167974, 0.7847190178948913]",-1,-1
1627,[0.28877495 0.37575921],21,27,"[0.2556767675781077, 0.4119816890542318]",1,1
1628,[0.27941728 0.3747483 ],43,27,"[0.2556767675781077, 0.4119816890542318]",1,1
1629,[0.49596892 0.68413243],30,34,"[0.5263260195098358, 0.7202941054923024]",1,1
1630,[0.36028484 0.31747837],93,20,"[0.3506894007985839, 0.3300900505680594]",1,1
1631,[0.57719691 0.41767648],0,5,"[0.5654639725716368, 0.39607858668394824]",1,1
1632,[0.64340585 0.72622894],74,14,"[0.6536094821078945, 0.6851260493137298]",1,1
1633,[0.78524618 0.39091954],15,8,"[0.796427715552865, 0.4037736390260863]",1,1
1634,[0.30538986 0.12582658],38,62,"[0.2818857089266789, 0.1141301849237604]",1,1
1635,[0.79847323 0.39829736],28,8,"[0.796427715552865, 0.4037736390260863]",1,1
1636,[0.58402541 0.74220793],74,34,"[0.5263260195098358, 0.7202941054923024]",1,1
1637,[0.65895534 0.21729966],57,49,"[0.6792858981871475, 0.22379767258241093]",1,1
1638,[0.83684965 0.73248486],23,2,"[0.8251177034883999, 0.7275290938401112]",1,1
1639,[0.44099881 0.23746966],36,51,"[0.476438649430152, 0.2189717371213992]",1,1
1640,[0.17369849 0.86124633],80,18,"[0.18273864280326527, 0.8345377082154484]",1,1
1641,[0.31370113 0.62053483],59,7,"[0.32018815006195595, 0.5751338600097899]",1,1
1642,[0.1123778  0.16065084],73,69,"[0.11280724766555504, 0.11835980806724535]",-1,-1
1643,[0.7010597  0.16077525],11,65,"[0.6685548771347277, 0.11294076429504661]",1,0
1644,[0.76335972 0.34631704],28,46,"[0.7180070556524429, 0.3708344651524445]",1,1
1645,[0.39512698 0.43535664],39,23,"[0.40398128906285485, 0.47238793985600597]",1,1
1646,[0.09647117 0.35263827],29,70,"[0.11455515424427153, 0.33454094536543555]",1,1
1647,[0.24538637 0.24389728],9,28,"[0.22360759621917864, 0.2427852254756986]",1,1
1648,[0.56773992 0.48011875],13,57,"[0.6025455808399671, 0.5051586096785398]",1,1
1649,[0.37458936 0.70421048],26,32,"[0.34610507400884494, 0.728547610352863]",1,1
1650,[0.20402445 0.55964453],88,22,"[0.1844588343877217, 0.5802608839440713]",1,1
1651,[0.8079456  0.73657315],23,2,"[0.8251177034883999, 0.7275290938401112]",1,1
1652,[0.35413495 0.673636  ],20,1,"[0.3454618260560106, 0.6588114384242099]",1,1
1653,[0.59972655 0.35674694],57,5,"[0.5654639725716368, 0.39607858668394824]",1,1
1654,[0.45336813 0.64660549],30,4,"[0.4325600541878534, 0.6662301021542341]",1,1
1655,[0.14567622 0.94964392],37,-1,-1,-1,-1
1656,[0.36560618 0.59947896],59,0,"[0.38658715831249124, 0.5590080073840624]",1,1
1657,[0.32093884 0.74421334],51,32,"[0.34610507400884494, 0.728547610352863]",1,1
1658,[0.31369492 0.56746718],70,7,"[0.32018815006195595, 0.5751338600097899]",1,1
1659,[0.15052289 0.8184148 ],46,18,"[0.18273864280326527, 0.8345377082154484]",1,1
1660,[0.70459269 0.26892945],72,9,"[0.7331864882126137, 0.3023916012711726]",1,1
1661,[0.90847532 0.76406923],42,45,"[0.898884348570375, 0.7749711697086166]",1,1
1662,[0.69905916 0.27397268],71,9,"[0.7331864882126137, 0.3023916012711726]",1,1
1663,[0.14688173 0.05364827],24,-1,-1,-1,-1
1664,[0.88748596 0.2698569 ],3,36,"[0.8935860533799959, 0.3144975410282371]",1,1
1665,[0.90658111 0.90867207],40,42,"[0.9036570809859629, 0.8544624868096156]",-1,1
1666,[0.65396733 0.1281824 ],11,65,"[0.6685548771347277, 0.11294076429504661]",1,1
1667,[0.34417157 0.60018025],45,7,"[0.32018815006195595, 0.5751338600097899]",1,1
1668,[0.64060636 0.80113332],84,58,"[0.6385510374052902, 0.7983947905826927]",1,1
1669,[0.17428444 0.22048725],60,63,"[0.14382570580912205, 0.23724667976214525]",1,1
1670,[0.75345589 0.27916554],71,9,"[0.7331864882126137, 0.3023916012711726]",1,1
1671,[0.6881939  0.75362325],92,16,"[0.7050872121683005, 0.7603958293550058]",1,1
1672,[0.57453734 0.71833987],6,34,"[0.5263260195098358, 0.7202941054923024]",1,1
1673,[0.15585614 0.66664302],48,76,"[0.1334025737159373, 0.6631768732537268]",1,1
1674,[0.6015041  0.53109198],34,57,"[0.6025455808399671, 0.5051586096785398]",1,1
1675,[0.56976724 0.60975781],97,50,"[0.5692359568894049, 0.5807815375338512]",1,1
1676,[0.3206294  0.53976399],65,7,"[0.32018815006195595, 0.5751338600097899]",1,1
1677,[0.8108913  0.86040194],40,59,"[0.8273411418361588, 0.879080487015064]",1,1
1678,[0.2890326  0.09951773],38,62,"[0.2818857089266789, 0.1141301849237604]",1,1
1679,[0.28405364 0.87631323],80,19,"[0.26353507515627533, 0.8865786808719914]",1,1
1680,[0.85323827 0.34465332],50,3,"[0.8370814657805602, 0.35225254968495334]",1,1
1681,[0.63961864 0.28142773],57,25,"[0.6355051145360792, 0.3159382518739555]",1,1
1682,[0.11883541 0.53082668],14,37,"[0.09667375602219228, 0.5047931523832969]",1,1
1683,[0.82784185 0.35813288],12,3,"[0.8370814657805602, 0.35225254968495334]",1,1
1684,[0.20206904 0.33658291],62,15,"[0.18006251620302297, 0.34454068205898164]",1,1
1685,[0.50468662 0.44076701],79,17,"[0.5082991783733504, 0.4926120380141159]",1,1
1686,[0.23728297 0.39247241],43,27,"[0.2556767675781077, 0.4119816890542318]",1,1
1687,[0.50475529 0.52819068],16,17,"[0.5082991783733504, 0.4926120380141159]",1,1
1688,[0.41275021 0.43983052],39,23,"[0.40398128906285485, 0.47238793985600597]",1,1
1689,[0.7787784  0.53894411],27,73,"[0.7295662705573459, 0.5022179604662814]",-1,-1
1690,[0.5600374  0.63478667],30,26,"[0.5477477513981099, 0.6474502763867422]",1,1
1691,[0.1772049  0.61809423],5,22,"[0.1844588343877217, 0.5802608839440713]",1,1
1692,[0.33206432 0.76952925],51,11,"[0.31946153154474277, 0.8007570151943507]",1,1
1693,[0.8586406  0.25550393],64,30,"[0.8165959170420058, 0.2656763866382133]",1,1
1694,[0.91855608 0.34637035],3,36,"[0.8935860533799959, 0.3144975410282371]",1,1
1695,[0.20281732 0.78677284],68,18,"[0.18273864280326527, 0.8345377082154484]",1,1
1696,[0.61542899 0.91680814],41,-1,-1,-1,-1
1697,[0.30699148 0.91694418],8,19,"[0.26353507515627533, 0.8865786808719914]",1,1
1698,[0.3728107  0.42552867],19,38,"[0.3781963905630463, 0.3893118837258947]",1,1
1699,[0.41870196 0.08533611],98,39,"[0.4212603913810281, 0.10642708501122958]",1,1
1700,[0.41527919 0.08613149],98,39,"[0.4212603913810281, 0.10642708501122958]",1,1
1701,[0.84349617 0.83012469],58,59,"[0.8273411418361588, 0.879080487015064]",1,1
1702,[0.76579265 0.37090472],28,8,"[0.796427715552865, 0.4037736390260863]",1,1
1703,[0.84047617 0.87879296],40,59,"[0.8273411418361588, 0.879080487015064]",1,1
1704,[0.35345331 0.68954497],51,1,"[0.3454618260560106, 0.6588114384242099]",1,1
1705,[0.19949332 0.43137515],54,35,"[0.20133940847753817, 0.40496047509109045]",1,1
1706,[0.55898338 0.22867553],1,74,"[0.5875348376000232, 0.22682887629646886]",1,1
1707,[0.35293036 0.65353249],65,1,"[0.3454618260560106, 0.6588114384242099]",1,1
1708,[0.21982855 0.37439423],43,35,"[0.20133940847753817, 0.40496047509109045]",1,1
1709,[0.46425907 0.59052843],79,43,"[0.4825913820269017, 0.5697507501626031]",1,1
1710,[0.29696986 0.20794905],21,41,"[0.30435986332947107, 0.25489047636266116]",1,1
1711,[0.36632395 0.66933946],17,1,"[0.3454618260560106, 0.6588114384242099]",1,1
1712,[0.61328093 0.65399525],97,40,"[0.605951516640453, 0.6434281068112507]",1,1
1713,[0.84097107 0.71983694],95,2,"[0.8251177034883999, 0.7275290938401112]",1,1
1714,[0.55387776 0.87224299],41,54,"[0.5543559290453911, 0.8745301787140618]",0,1
1715,[0.06835092 0.5151886 ],47,37,"[0.09667375602219228, 0.5047931523832969]",1,1
1716,[0.80219945 0.16887451],99,44,"[0.7970774761030968, 0.17571119454117654]",1,1
1717,[0.2393059  0.44733172],55,27,"[0.2556767675781077, 0.4119816890542318]",1,1
1718,[0.13862525 0.43123932],54,72,"[0.09658016382716816, 0.40888385439805186]",1,1
1719,[0.30989616 0.60315404],70,7,"[0.32018815006195595, 0.5751338600097899]",1,1
1720,[0.28572429 0.26979497],9,41,"[0.30435986332947107, 0.25489047636266116]",1,1
1721,[0.48026164 0.47233106],16,17,"[0.5082991783733504, 0.4926120380141159]",1,1
1722,[0.82205221 0.94282378],58,59,"[0.8273411418361588, 0.879080487015064]",-1,-1
1723,[0.85199454 0.29319184],75,30,"[0.8165959170420058, 0.2656763866382133]",1,1
1724,[0.52080717 0.46110577],16,17,"[0.5082991783733504, 0.4926120380141159]",1,1
1725,[0.66293703 0.19432152],1,49,"[0.6792858981871475, 0.22379767258241093]",1,1
1726,[0.91953871 0.81137756],42,45,"[0.898884348570375, 0.7749711697086166]",1,1
1727,[0.85242935 0.78799886],42,45,"[0.898884348570375, 0.7749711697086166]",1,1
1728,[0.58423727 0.42145275],13,5,"[0.5654639725716368, 0.39607858668394824]",1,1
1729,[0.14257761 0.49452409],14,10,"[0.17576281003312205, 0.4889110350411397]",1,1
1730,[0.18309887 0.83091685],46,18,"[0.18273864280326527, 0.8345377082154484]",1,1
1731,[0.2558971  0.74093678],56,13,"[0.255378642795236, 0.7434727381590717]",1,1
1732,[0.75186014 0.69712254],77,29,"[0.7633191161322418, 0.6918938593572181]",1,1
1733,[0.61672806 0.70619408],63,14,"[0.6536094821078945, 0.6851260493137298]",1,1
1734,[0.88016683 0.92739286],58,-1,-1,-1,-1
1735,[0.42823649 0.42527417],39,23,"[0.40398128906285485, 0.47238793985600597]",1,1
1736,[0.20079585 0.35420139],43,15,"[0.18006251620302297, 0.34454068205898164]",1,1
1737,[0.84451304 0.77757085],42,2,"[0.8251177034883999, 0.7275290938401112]",1,1
1738,[0.31231688 0.80822315],82,11,"[0.31946153154474277, 0.8007570151943507]",1,1
1739,[0.56087885 0.72960688],6,34,"[0.5263260195098358, 0.7202941054923024]",1,1
1740,[0.6540202  0.25925887],25,49,"[0.6792858981871475, 0.22379767258241093]",1,1
1741,[0.42179319 0.78400966],66,33,"[0.41790649834360427, 0.7572666849156103]",1,1
1742,[0.7570261  0.74872225],83,12,"[0.7906283097636692, 0.7850983936308884]",1,1
1743,[0.83573293 0.30949025],50,3,"[0.8370814657805602, 0.35225254968495334]",1,1
1744,[0.58865204 0.41893486],0,5,"[0.5654639725716368, 0.39607858668394824]",1,1
1745,[0.28776137 0.84237833],82,19,"[0.26353507515627533, 0.8865786808719914]",1,1
1746,[0.80650253 0.95188907],58,-1,-1,-1,-1
1747,[0.66268057 0.04675741],11,65,"[0.6685548771347277, 0.11294076429504661]",-1,-1
1748,[0.60503322 0.40859554],16,5,"[0.5654639725716368, 0.39607858668394824]",1,1
1749,[0.25413659 0.77097015],68,13,"[0.255378642795236, 0.7434727381590717]",1,1
1750,[0.29378218 0.7707181 ],68,11,"[0.31946153154474277, 0.8007570151943507]",1,1
1751,[0.16460708 0.37220076],91,15,"[0.18006251620302297, 0.34454068205898164]",1,1
1752,[0.19272221 0.82729602],46,18,"[0.18273864280326527, 0.8345377082154484]",1,1
1753,[0.36072762 0.76984647],26,32,"[0.34610507400884494, 0.728547610352863]",1,1
1754,[0.35532434 0.35122668],19,20,"[0.3506894007985839, 0.3300900505680594]",1,1
1755,[0.55982458 0.66710065],6,26,"[0.5477477513981099, 0.6474502763867422]",1,1
1756,[0.30342892 0.70707495],56,32,"[0.34610507400884494, 0.728547610352863]",1,1
1757,[0.69393706 0.76512992],92,16,"[0.7050872121683005, 0.7603958293550058]",1,1
1758,[0.73473011 0.352502  ],25,46,"[0.7180070556524429, 0.3708344651524445]",1,1
1759,[0.15256066 0.53216669],14,10,"[0.17576281003312205, 0.4889110350411397]",1,1
1760,[0.39712334 0.12188554],98,39,"[0.4212603913810281, 0.10642708501122958]",1,1
1761,[0.16826323 0.41232857],47,35,"[0.20133940847753817, 0.40496047509109045]",1,1
1762,[0.37653339 0.55866511],18,0,"[0.38658715831249124, 0.5590080073840624]",1,1
1763,[0.16201365 0.58151167],35,22,"[0.1844588343877217, 0.5802608839440713]",1,1
1764,[0.37648709 0.41159158],19,38,"[0.3781963905630463, 0.3893118837258947]",1,1
1765,[0.25692368 0.71671338],48,13,"[0.255378642795236, 0.7434727381590717]",1,1
1766,[0.4470842  0.69051696],6,4,"[0.4325600541878534, 0.6662301021542341]",1,1
1767,[0.56681356 0.65937051],10,26,"[0.5477477513981099, 0.6474502763867422]",1,1
1768,[0.48108613 0.21375498],36,51,"[0.476438649430152, 0.2189717371213992]",1,1
1769,[0.35891983 0.36898832],44,38,"[0.3781963905630463, 0.3893118837258947]",1,1
1770,[0.77692344 0.7213245 ],32,29,"[0.7633191161322418, 0.6918938593572181]",1,1
1771,[0.19785918 0.55106038],5,22,"[0.1844588343877217, 0.5802608839440713]",1,1
1772,[0.60146356 0.24339027],1,74,"[0.5875348376000232, 0.22682887629646886]",1,1
1773,[0.57434141 0.35671793],4,5,"[0.5654639725716368, 0.39607858668394824]",1,1
1774,[0.34007572 0.63899578],20,1,"[0.3454618260560106, 0.6588114384242099]",1,1
1775,[0.66355997 0.82937902],84,58,"[0.6385510374052902, 0.7983947905826927]",1,1
1776,[0.84005215 0.14668986],61,61,"[0.874682845687125, 0.1766622702718438]",1,1
1777,[0.28214902 0.63863458],35,60,"[0.24955780999813876, 0.6176750586885945]",1,1
1778,[0.79905571 0.79089896],77,12,"[0.7906283097636692, 0.7850983936308884]",1,1
1779,[0.38108218 0.55152293],33,0,"[0.38658715831249124, 0.5590080073840624]",1,1
1780,[0.87974157 0.3193048 ],2,36,"[0.8935860533799959, 0.3144975410282371]",1,1
1781,[0.29198452 0.33305473],9,6,"[0.2759410232297699, 0.32456577129288416]",1,1
1782,[0.76995972 0.18513254],99,44,"[0.7970774761030968, 0.17571119454117654]",1,1
1783,[0.11188383 0.22687298],49,63,"[0.14382570580912205, 0.23724667976214525]",1,1
1784,[0.50102904 0.40283129],4,5,"[0.5654639725716368, 0.39607858668394824]",1,1
1785,[0.32512916 0.78307819],56,11,"[0.31946153154474277, 0.8007570151943507]",1,1
1786,[0.31960748 0.30992751],21,20,"[0.3506894007985839, 0.3300900505680594]",1,1
1787,[0.77657918 0.41187684],15,8,"[0.796427715552865, 0.4037736390260863]",1,1
1788,[0.74534504 0.30768045],71,9,"[0.7331864882126137, 0.3023916012711726]",1,1
1789,[0.76602791 0.37406857],15,8,"[0.796427715552865, 0.4037736390260863]",1,1
1790,[0.22774422 0.62873884],20,60,"[0.24955780999813876, 0.6176750586885945]",1,1
1791,[0.51434294 0.75126511],6,34,"[0.5263260195098358, 0.7202941054923024]",1,1
1792,[0.74403947 0.74936731],77,16,"[0.7050872121683005, 0.7603958293550058]",1,1
1793,[0.22595783 0.12176258],53,48,"[0.20198996797159463, 0.10585880045132366]",1,1
1794,[0.42345681 0.80638642],69,47,"[0.40296909504905565, 0.8275795924145622]",1,1
1795,[0.78120486 0.91072935],58,59,"[0.8273411418361588, 0.879080487015064]",-1,-1
1796,[0.55797325 0.33986222],85,5,"[0.5654639725716368, 0.39607858668394824]",1,1
1797,[0.17929483 0.35035051],29,15,"[0.18006251620302297, 0.34454068205898164]",1,1
1798,[0.23784511 0.12113165],53,48,"[0.20198996797159463, 0.10585880045132366]",1,1
1799,[0.19093318 0.48452718],55,10,"[0.17576281003312205, 0.4889110350411397]",1,1
1800,[0.18296619 0.22791473],53,63,"[0.14382570580912205, 0.23724667976214525]",1,1
1801,[0.20796655 0.15704839],53,24,"[0.22211726943580432, 0.16778750473136125]",1,1
1802,[0.92040121 0.37025132],2,66,"[0.9210325838845916, 0.39559659470405517]",1,1
1803,[0.44615042 0.57534006],52,43,"[0.4825913820269017, 0.5697507501626031]",1,1
1804,[0.40014207 0.29295192],78,67,"[0.45791353587753475, 0.3072654894480269]",1,1
1805,[0.43042032 0.44052499],16,23,"[0.40398128906285485, 0.47238793985600597]",1,1
1806,[0.35992517 0.59897941],33,7,"[0.32018815006195595, 0.5751338600097899]",1,1
1807,[0.80941754 0.74612849],42,2,"[0.8251177034883999, 0.7275290938401112]",1,1
1808,[0.1667591  0.63222496],48,76,"[0.1334025737159373, 0.6631768732537268]",1,1
1809,[0.88482734 0.80916505],42,45,"[0.898884348570375, 0.7749711697086166]",1,1
1810,[0.8784359  0.36111614],64,3,"[0.8370814657805602, 0.35225254968495334]",1,1
1811,[0.84623642 0.29684214],12,30,"[0.8165959170420058, 0.2656763866382133]",1,1
1812,[0.20507664 0.54201964],5,22,"[0.1844588343877217, 0.5802608839440713]",1,1
1813,[0.21296847 0.73516853],87,13,"[0.255378642795236, 0.7434727381590717]",1,1
1814,[0.39128221 0.06997622],98,39,"[0.4212603913810281, 0.10642708501122958]",1,1
1815,[0.41411539 0.479213  ],52,23,"[0.40398128906285485, 0.47238793985600597]",1,1
1816,[0.09468511 0.39839763],54,72,"[0.09658016382716816, 0.40888385439805186]",1,1
1817,[0.61452685 0.67209622],97,40,"[0.605951516640453, 0.6434281068112507]",1,1
1818,[0.23662804 0.40941358],43,27,"[0.2556767675781077, 0.4119816890542318]",1,1
1819,[0.33329095 0.8178606 ],82,11,"[0.31946153154474277, 0.8007570151943507]",1,1
1820,[0.23124992 0.78767185],68,13,"[0.255378642795236, 0.7434727381590717]",1,1
1821,[0.88612877 0.48974925],2,-1,-1,-1,-1
1822,[0.37352448 0.83251178],26,47,"[0.40296909504905565, 0.8275795924145622]",1,1
1823,[0.5483456  0.55276496],34,50,"[0.5692359568894049, 0.5807815375338512]",1,1
1824,[0.32854529 0.60674555],70,7,"[0.32018815006195595, 0.5751338600097899]",1,1
1825,[0.49705595 0.64142569],30,26,"[0.5477477513981099, 0.6474502763867422]",1,1
1826,[0.42049181 0.68615238],20,4,"[0.4325600541878534, 0.6662301021542341]",1,1
1827,[0.33692845 0.60152231],33,7,"[0.32018815006195595, 0.5751338600097899]",1,1
1828,[0.26040437 0.90267672],8,19,"[0.26353507515627533, 0.8865786808719914]",1,1
1829,[0.62633196 0.52905163],34,57,"[0.6025455808399671, 0.5051586096785398]",1,1
1830,[0.24926494 0.63593822],48,60,"[0.24955780999813876, 0.6176750586885945]",1,1
1831,[0.30794004 0.8495503 ],82,11,"[0.31946153154474277, 0.8007570151943507]",1,1
1832,[0.73694429 0.67399321],32,29,"[0.7633191161322418, 0.6918938593572181]",1,1
1833,[0.81670586 0.73425644],95,2,"[0.8251177034883999, 0.7275290938401112]",1,1
1834,[0.4116718  0.48416252],52,23,"[0.40398128906285485, 0.47238793985600597]",1,1
1835,[0.55878345 0.65238281],89,26,"[0.5477477513981099, 0.6474502763867422]",1,1
1836,[0.16322651 0.40907255],43,35,"[0.20133940847753817, 0.40496047509109045]",1,1
1837,[0.32835925 0.68409658],65,1,"[0.3454618260560106, 0.6588114384242099]",1,1
1838,[0.59585231 0.85247743],84,54,"[0.5543559290453911, 0.8745301787140618]",-1,-1
1839,[0.1702362  0.18883959],60,63,"[0.14382570580912205, 0.23724667976214525]",1,1
1840,[0.86397701 0.28842066],12,36,"[0.8935860533799959, 0.3144975410282371]",1,1
1841,[0.82041672 0.694504  ],23,2,"[0.8251177034883999, 0.7275290938401112]",1,1
1842,[0.31184384 0.33716388],81,6,"[0.2759410232297699, 0.32456577129288416]",1,1
1843,[0.55712935 0.44080189],4,5,"[0.5654639725716368, 0.39607858668394824]",1,1
1844,[0.26532639 0.73759073],56,13,"[0.255378642795236, 0.7434727381590717]",1,1
1845,[0.68196645 0.09246602],11,65,"[0.6685548771347277, 0.11294076429504661]",-1,0
1846,[0.69383458 0.32643371],25,9,"[0.7331864882126137, 0.3023916012711726]",1,1
1847,[0.11674199 0.8730924 ],46,21,"[0.11841755385852878, 0.8774513778183699]",1,1
1848,[0.86444224 0.38684644],12,3,"[0.8370814657805602, 0.35225254968495334]",1,1
1849,[0.5464126  0.87380168],41,54,"[0.5543559290453911, 0.8745301787140618]",0,1
1850,[0.38506417 0.56905627],52,0,"[0.38658715831249124, 0.5590080073840624]",1,1
1851,[0.87713705 0.3922131 ],2,66,"[0.9210325838845916, 0.39559659470405517]",1,1
1852,[0.36017987 0.45613285],31,23,"[0.40398128906285485, 0.47238793985600597]",1,1
1853,[0.87837371 0.28029322],3,36,"[0.8935860533799959, 0.3144975410282371]",1,1
1854,[0.23167198 0.54497042],47,22,"[0.1844588343877217, 0.5802608839440713]",1,1
1855,[0.34681352 0.38865423],44,52,"[0.3323220564871865, 0.40426557194963486]",1,1
1856,[0.25155915 0.36533176],43,27,"[0.2556767675781077, 0.4119816890542318]",1,1
1857,[0.20248476 0.8615487 ],8,18,"[0.18273864280326527, 0.8345377082154484]",1,1
1858,[0.85112428 0.12688573],7,53,"[0.8038827034113276, 0.10463983927609051]",1,1
1859,[0.33742895 0.24980959],94,41,"[0.30435986332947107, 0.25489047636266116]",1,1
1860,[0.59317202 0.80660464],84,58,"[0.6385510374052902, 0.7983947905826927]",1,1
1861,[0.83258254 0.31450709],71,3,"[0.8370814657805602, 0.35225254968495334]",1,1
1862,[0.14093355 0.86479921],37,21,"[0.11841755385852878, 0.8774513778183699]",1,1
1863,[0.77343065 0.63595663],77,64,"[0.7951965962330483, 0.6208181990667567]",1,1
1864,[0.5402863  0.31193427],85,-1,-1,1,1
1865,[0.4160685  0.56567107],59,0,"[0.38658715831249124, 0.5590080073840624]",1,1
1866,[0.19859546 0.89467855],80,18,"[0.18273864280326527, 0.8345377082154484]",1,1
1867,[0.79019998 0.6573042 ],86,64,"[0.7951965962330483, 0.6208181990667567]",1,1
1868,[0.78553399 0.76793904],92,12,"[0.7906283097636692, 0.7850983936308884]",1,1
1869,[0.23120877 0.27087332],49,28,"[0.22360759621917864, 0.2427852254756986]",1,1
1870,[0.8518015  0.18089607],99,61,"[0.874682845687125, 0.1766622702718438]",1,1
1871,[0.10510288 0.08680296],73,69,"[0.11280724766555504, 0.11835980806724535]",1,1
1872,[0.32116692 0.84141487],69,11,"[0.31946153154474277, 0.8007570151943507]",1,1
1873,[0.31055414 0.48979596],31,68,"[0.27997543802476765, 0.5038325811756155]",1,1
1874,[0.34450874 0.72566408],82,32,"[0.34610507400884494, 0.728547610352863]",1,1
1875,[0.3750646  0.35070204],78,20,"[0.3506894007985839, 0.3300900505680594]",1,1
1876,[0.22964936 0.24824434],49,28,"[0.22360759621917864, 0.2427852254756986]",1,1
1877,[0.52521942 0.85164743],41,54,"[0.5543559290453911, 0.8745301787140618]",0,1
1878,[0.22642105 0.7827635 ],80,13,"[0.255378642795236, 0.7434727381590717]",1,1
1879,[0.39817921 0.38391368],39,38,"[0.3781963905630463, 0.3893118837258947]",1,1
1880,[0.46102403 0.71016285],6,4,"[0.4325600541878534, 0.6662301021542341]",1,1
1881,[0.16078153 0.49154014],47,10,"[0.17576281003312205, 0.4889110350411397]",1,1
1882,[0.78522103 0.6034257 ],27,64,"[0.7951965962330483, 0.6208181990667567]",1,1
1883,[0.07852126 0.46472496],55,37,"[0.09667375602219228, 0.5047931523832969]",1,1
1884,[0.82062146 0.44188221],15,8,"[0.796427715552865, 0.4037736390260863]",1,1
1885,[0.66224026 0.75851268],92,16,"[0.7050872121683005, 0.7603958293550058]",1,1
1886,[0.34847087 0.19966676],94,31,"[0.34916343089338797, 0.15832209216610185]",1,1
1887,[0.58000224 0.44265723],4,5,"[0.5654639725716368, 0.39607858668394824]",1,1
1888,[0.67197131 0.2996884 ],72,25,"[0.6355051145360792, 0.3159382518739555]",1,1
1889,[0.3185817 0.1627358],38,31,"[0.34916343089338797, 0.15832209216610185]",1,1
1890,[0.59479388 0.69626191],10,40,"[0.605951516640453, 0.6434281068112507]",1,1
1891,[0.44424788 0.36150415],39,71,"[0.4321794745699467, 0.3542141114412492]",1,1
1892,[0.53094707 0.32443059],85,-1,-1,1,1
1893,[0.17554317 0.31371272],49,15,"[0.18006251620302297, 0.34454068205898164]",1,1
1894,[0.14909045 0.55032621],5,22,"[0.1844588343877217, 0.5802608839440713]",1,1
1895,[0.67391248 0.08228981],11,65,"[0.6685548771347277, 0.11294076429504661]",1,0
1896,[0.60904372 0.32888965],13,25,"[0.6355051145360792, 0.3159382518739555]",1,1
1897,[0.90448213 0.87294163],58,42,"[0.9036570809859629, 0.8544624868096156]",1,1
1898,[0.25234895 0.41135674],43,27,"[0.2556767675781077, 0.4119816890542318]",1,1
1899,[0.52382756 0.43785541],13,17,"[0.5082991783733504, 0.4926120380141159]",1,1
1900,[0.77214968 0.43384033],27,8,"[0.796427715552865, 0.4037736390260863]",1,1
1901,[0.25191493 0.16984059],38,24,"[0.22211726943580432, 0.16778750473136125]",1,1
1902,[0.79896513 0.12822028],99,53,"[0.8038827034113276, 0.10463983927609051]",1,1
1903,[0.90045439 0.36449105],64,66,"[0.9210325838845916, 0.39559659470405517]",1,1
1904,[0.21948338 0.02432688],24,-1,-1,-1,-1
1905,[0.4609038  0.44042414],16,23,"[0.40398128906285485, 0.47238793985600597]",1,1
1906,[0.39019901 0.39172606],31,38,"[0.3781963905630463, 0.3893118837258947]",1,1
1907,[0.12000637 0.16247994],73,69,"[0.11280724766555504, 0.11835980806724535]",1,-1
1908,[0.38931953 0.3927226 ],44,38,"[0.3781963905630463, 0.3893118837258947]",1,1
1909,[0.82135618 0.41381338],64,8,"[0.796427715552865, 0.4037736390260863]",1,1
1910,[0.47958017 0.36070012],85,71,"[0.4321794745699467, 0.3542141114412492]",1,1
1911,[0.17345163 0.4588681 ],55,10,"[0.17576281003312205, 0.4889110350411397]",1,1
1912,[0.22841803 0.53822268],35,22,"[0.1844588343877217, 0.5802608839440713]",1,1
1913,[0.71737736 0.26632182],25,9,"[0.7331864882126137, 0.3023916012711726]",1,1
1914,[0.26000303 0.13050417],60,62,"[0.2818857089266789, 0.1141301849237604]",1,1
1915,[0.35682347 0.0710559 ],96,75,"[0.32672578932004837, 0.08969704753039312]",1,1
1916,[0.53743555 0.18340924],36,74,"[0.5875348376000232, 0.22682887629646886]",-1,-1
1917,[0.79040153 0.34362351],50,3,"[0.8370814657805602, 0.35225254968495334]",1,1
1918,[0.8993486  0.76498924],42,45,"[0.898884348570375, 0.7749711697086166]",1,1
1919,[0.20094695 0.12823843],60,48,"[0.20198996797159463, 0.10585880045132366]",1,1
1920,[0.57661603 0.56497765],34,50,"[0.5692359568894049, 0.5807815375338512]",1,1
1921,[0.17134237 0.32535752],81,15,"[0.18006251620302297, 0.34454068205898164]",1,1
1922,[0.48725911 0.31089434],85,67,"[0.45791353587753475, 0.3072654894480269]",1,1
1923,[0.3543659  0.62440533],59,1,"[0.3454618260560106, 0.6588114384242099]",1,1
1924,[0.27687428 0.52874833],88,68,"[0.27997543802476765, 0.5038325811756155]",1,1
1925,[0.23288513 0.45246492],43,27,"[0.2556767675781077, 0.4119816890542318]",1,1
1926,[0.17811068 0.50303761],5,10,"[0.17576281003312205, 0.4889110350411397]",1,1
1927,[0.71468453 0.29871069],71,9,"[0.7331864882126137, 0.3023916012711726]",1,1
1928,[0.4194297  0.67167607],17,4,"[0.4325600541878534, 0.6662301021542341]",1,1
1929,[0.3036297  0.33759055],9,6,"[0.2759410232297699, 0.32456577129288416]",1,1
1930,[0.36611966 0.58155477],33,0,"[0.38658715831249124, 0.5590080073840624]",1,1
1931,[0.74619837 0.32198977],25,9,"[0.7331864882126137, 0.3023916012711726]",1,1
1932,[0.18841504 0.51675993],5,10,"[0.17576281003312205, 0.4889110350411397]",1,1
1933,[0.21691076 0.55891172],88,22,"[0.1844588343877217, 0.5802608839440713]",1,1
1934,[0.22882029 0.46126345],62,27,"[0.2556767675781077, 0.4119816890542318]",1,1
1935,[0.19930856 0.55200765],35,22,"[0.1844588343877217, 0.5802608839440713]",1,1
1936,[0.65127646 0.35858667],72,25,"[0.6355051145360792, 0.3159382518739555]",1,1
1937,[0.67604956 0.32801398],57,25,"[0.6355051145360792, 0.3159382518739555]",1,1
1938,[0.5299123  0.43171836],13,5,"[0.5654639725716368, 0.39607858668394824]",1,1
1939,[0.37716743 0.71840565],51,32,"[0.34610507400884494, 0.728547610352863]",1,1
1940,[0.75411767 0.72843624],67,29,"[0.7633191161322418, 0.6918938593572181]",1,1
1941,[0.28528046 0.75930696],87,13,"[0.255378642795236, 0.7434727381590717]",1,1
1942,[0.56294071 0.64215498],89,26,"[0.5477477513981099, 0.6474502763867422]",1,1
1943,[0.83625445 0.85489554],40,59,"[0.8273411418361588, 0.879080487015064]",1,1
1944,[0.68916824 0.09776376],11,65,"[0.6685548771347277, 0.11294076429504661]",1,0
1945,[0.94819508 0.89808218],40,42,"[0.9036570809859629, 0.8544624868096156]",-1,-1
1946,[0.42123657 0.82657023],66,47,"[0.40296909504905565, 0.8275795924145622]",1,1
1947,[0.77581095 0.60532804],32,64,"[0.7951965962330483, 0.6208181990667567]",1,1
1948,[0.69978543 0.28465836],72,9,"[0.7331864882126137, 0.3023916012711726]",1,1
1949,[0.24201246 0.21523113],60,28,"[0.22360759621917864, 0.2427852254756986]",1,1
1950,[0.47433499 0.64419272],30,4,"[0.4325600541878534, 0.6662301021542341]",1,1
1951,[0.29910567 0.84262305],82,11,"[0.31946153154474277, 0.8007570151943507]",1,1
1952,[0.26030877 0.3557165 ],91,6,"[0.2759410232297699, 0.32456577129288416]",1,1
1953,[0.30151892 0.7766498 ],82,11,"[0.31946153154474277, 0.8007570151943507]",1,1
1954,[0.36763298 0.78382264],68,11,"[0.31946153154474277, 0.8007570151943507]",1,1
1955,[0.51765576 0.39111332],13,5,"[0.5654639725716368, 0.39607858668394824]",1,1
1956,[0.41461993 0.40470674],39,38,"[0.3781963905630463, 0.3893118837258947]",1,1
1957,[0.69715199 0.10340083],11,65,"[0.6685548771347277, 0.11294076429504661]",1,0
1958,[0.76616298 0.24372723],61,30,"[0.8165959170420058, 0.2656763866382133]",1,1
1959,[0.73633619 0.28854984],71,9,"[0.7331864882126137, 0.3023916012711726]",1,1
1960,[0.41085087 0.69404627],66,4,"[0.4325600541878534, 0.6662301021542341]",1,1
1961,[0.32275775 0.35965574],39,20,"[0.3506894007985839, 0.3300900505680594]",1,1
1962,[0.60079108 0.66649849],6,40,"[0.605951516640453, 0.6434281068112507]",1,1
1963,[0.28578746 0.842041  ],82,19,"[0.26353507515627533, 0.8865786808719914]",1,1
1964,[0.60381038 0.6982093 ],89,14,"[0.6536094821078945, 0.6851260493137298]",1,1
1965,[0.58544319 0.74151868],89,34,"[0.5263260195098358, 0.7202941054923024]",1,1
1966,[0.35564547 0.655261  ],17,1,"[0.3454618260560106, 0.6588114384242099]",1,1
1967,[0.38273341 0.56259935],70,0,"[0.38658715831249124, 0.5590080073840624]",1,1
1968,[0.82455545 0.74341448],83,2,"[0.8251177034883999, 0.7275290938401112]",1,1
1969,[0.10379788 0.79584398],76,77,"[0.12121306059167974, 0.7847190178948913]",1,1
1970,[0.4136718  0.28164242],78,67,"[0.45791353587753475, 0.3072654894480269]",1,1
1971,[0.14526698 0.50155788],14,10,"[0.17576281003312205, 0.4889110350411397]",1,1
1972,[0.93079625 0.79272053],42,45,"[0.898884348570375, 0.7749711697086166]",1,1
1973,[0.64328982 0.6160333 ],63,40,"[0.605951516640453, 0.6434281068112507]",1,1
1974,[0.83386279 0.07848088],61,53,"[0.8038827034113276, 0.10463983927609051]",1,1
1975,[0.80294456 0.22500537],72,30,"[0.8165959170420058, 0.2656763866382133]",1,1
1976,[0.3440751  0.82073516],69,11,"[0.31946153154474277, 0.8007570151943507]",1,1
1977,[0.71773809 0.80721237],92,16,"[0.7050872121683005, 0.7603958293550058]",1,1
1978,[0.60621529 0.46473768],16,57,"[0.6025455808399671, 0.5051586096785398]",1,1
1979,[0.47197756 0.66227256],30,4,"[0.4325600541878534, 0.6662301021542341]",1,1
1980,[0.64106    0.22770944],1,49,"[0.6792858981871475, 0.22379767258241093]",1,1
1981,[0.87231792 0.69653747],67,55,"[0.8726536015100935, 0.6704107022671288]",1,1
1982,[0.39392736 0.86548916],26,47,"[0.40296909504905565, 0.8275795924145622]",1,-1
1983,[0.85633509 0.65621271],95,55,"[0.8726536015100935, 0.6704107022671288]",1,1
1984,[0.78394888 0.74239358],86,12,"[0.7906283097636692, 0.7850983936308884]",1,1
1985,[0.449868   0.36251316],85,71,"[0.4321794745699467, 0.3542141114412492]",1,1
1986,[0.7263035 0.7753447],92,16,"[0.7050872121683005, 0.7603958293550058]",1,1
1987,[0.41063285 0.62705544],18,4,"[0.4325600541878534, 0.6662301021542341]",1,1
1988,[0.25768567 0.16962506],53,24,"[0.22211726943580432, 0.16778750473136125]",1,1
1989,[0.31962107 0.79403391],87,11,"[0.31946153154474277, 0.8007570151943507]",1,1
1990,[0.80013788 0.39270671],50,8,"[0.796427715552865, 0.4037736390260863]",1,1
1991,[0.80212248 0.39614872],28,8,"[0.796427715552865, 0.4037736390260863]",1,1
1992,[0.17687859 0.85774386],80,18,"[0.18273864280326527, 0.8345377082154484]",1,1
1993,[0.79023797 0.72271436],23,2,"[0.8251177034883999, 0.7275290938401112]",1,1
1994,[0.57570333 0.42794008],4,5,"[0.5654639725716368, 0.39607858668394824]",1,1
1995,[0.37405465 0.13582377],94,31,"[0.34916343089338797, 0.15832209216610185]",1,1
1996,[0.82118694 0.70502816],67,2,"[0.8251177034883999, 0.7275290938401112]",1,1
1997,[0.49510485 0.76448488],30,34,"[0.5263260195098358, 0.7202941054923024]",1,1
1998,[0.55212569 0.56656136],34,50,"[0.5692359568894049, 0.5807815375338512]",1,1
1999,[0.39656906 0.68211996],30,4,"[0.4325600541878534, 0.6662301021542341]",1,1
