,datum,blob,snowball_label,snowball_center,hdbscan_eom_label,hdbscan_leaf_label
0,[0.53499664 0.5642362 ],12,20,"[0.5371890084085489, 0.5739528596094324]",0,88
1,[0.38924951 0.36473755],8,6,"[0.40678448596985844, 0.34277371919698396]",0,-1
2,[0.64211842 0.59252732],74,9,"[0.6184830434267037, 0.586333469678524]",0,76
3,[0.64449006 0.64384763],35,76,"[0.6483290776065068, 0.6569295539328516]",0,-1
4,[0.75895541 0.55018309],35,32,"[0.7786163905873836, 0.5211842185039978]",0,-1
5,[0.35712946 0.39910105],64,1,"[0.3572487842659222, 0.41922446128046986]",0,89
6,[0.26666989 0.66777389],23,39,"[0.2596202559688416, 0.6257540185994204]",0,-1
7,[0.1301575  0.46397667],26,51,"[0.1508950301577577, 0.45723062251398755]",0,-1
8,[0.4157378  0.34724163],92,6,"[0.40678448596985844, 0.34277371919698396]",0,-1
9,[0.3553848  0.66490876],19,36,"[0.3536068858323266, 0.6613822308481206]",0,-1
10,[0.10084921 0.8065425 ],0,86,"[0.11333449837233942, 0.8035791769910723]",0,-1
11,[0.24911567 0.82662869],59,26,"[0.2731213809151105, 0.8295374863795931]",0,-1
12,[0.82368419 0.36537388],66,25,"[0.8211120104597844, 0.37574618786089475]",0,-1
13,[0.70164583 0.60591177],99,72,"[0.7259305706267937, 0.621464812471517]",0,-1
14,[0.36732239 0.75984745],56,58,"[0.37887936110594184, 0.7334391897891285]",0,-1
15,[0.54656679 0.64546709],12,5,"[0.54876158375065, 0.6433749135954844]",0,-1
16,[0.78383139 0.36380468],68,22,"[0.757272224425649, 0.33905999717339425]",0,20
17,[0.15111115 0.79145186],0,43,"[0.15465866632935668, 0.7523522483084468]",0,-1
18,[0.25654158 0.48284777],9,28,"[0.2520846559803125, 0.4621952512240386]",0,-1
19,[0.58238446 0.53194014],49,29,"[0.5812618174713859, 0.5240123764686471]",0,-1
20,[0.3838841  0.70978659],56,58,"[0.37887936110594184, 0.7334391897891285]",0,-1
21,[0.37093978 0.40617386],64,1,"[0.3572487842659222, 0.41922446128046986]",0,89
22,[0.75653331 0.52872607],28,32,"[0.7786163905873836, 0.5211842185039978]",0,-1
23,[0.67412404 0.32800111],2,3,"[0.6759399092328674, 0.32128183561871837]",0,21
24,[0.65084637 0.20712532],89,35,"[0.6545605605339905, 0.22500987532438183]",0,6
25,[0.44882489 0.49320053],64,40,"[0.4758590512403852, 0.5317248607280546]",0,-1
26,[0.41859056 0.66981256],15,0,"[0.4226395002574949, 0.6460584349087278]",0,88
27,[0.86084479 0.81872012],96,41,"[0.8492841799095646, 0.8019622424543851]",0,-1
28,[0.90836452 0.58176506],99,59,"[0.8763268698051316, 0.579199170331017]",0,-1
29,[0.84081861 0.53387224],43,13,"[0.843760744736157, 0.5166552078676889]",0,-1
30,[0.37479428 0.2803093 ],25,21,"[0.3571400957876323, 0.26942599959136726]",0,-1
31,[0.2238185  0.76505468],59,11,"[0.22353793679767786, 0.7478364040140648]",0,57
32,[0.30075172 0.2132128 ],57,27,"[0.29001319373773415, 0.21087702736570366]",0,59
33,[0.34980398 0.34770239],14,7,"[0.3321936611977011, 0.34293111744375654]",0,89
34,[0.20949767 0.31352138],11,38,"[0.18350109397176653, 0.31916714902230253]",0,-1
35,[0.72267953 0.54415741],35,53,"[0.6955018555560987, 0.5389599645427405]",0,-1
36,[0.4016783 0.1074559],33,74,"[0.4464145664830302, 0.11749079524673668]",0,-1
37,[0.46133024 0.60248015],6,2,"[0.4675886295436634, 0.6021765353351279]",0,88
38,[0.40424509 0.44774168],42,17,"[0.4108830354862289, 0.4435508998593477]",0,82
39,[0.61335808 0.60626748],37,9,"[0.6184830434267037, 0.586333469678524]",0,-1
40,[0.29772964 0.26615806],25,27,"[0.29001319373773415, 0.21087702736570366]",0,-1
41,[0.36622198 0.41670747],81,1,"[0.3572487842659222, 0.41922446128046986]",0,89
42,[0.51847444 0.64892387],75,5,"[0.54876158375065, 0.6433749135954844]",0,-1
43,[0.59259057 0.3933915 ],29,73,"[0.5684491373659465, 0.3759776977620393]",0,11
44,[0.51176643 0.21185696],52,56,"[0.4908116515444846, 0.16632592191374188]",0,-1
45,[0.66184339 0.54966562],49,53,"[0.6955018555560987, 0.5389599645427405]",0,-1
46,[0.79579238 0.56617913],27,47,"[0.8091525442233867, 0.6013457413252116]",0,-1
47,[0.66941139 0.36794795],61,10,"[0.6398799516193626, 0.38844091859549007]",0,21
48,[0.44827012 0.78258148],94,16,"[0.45898902168994016, 0.8115000101692392]",0,-1
49,[0.36873194 0.65143822],82,36,"[0.3536068858323266, 0.6613822308481206]",0,-1
50,[0.34972475 0.80697827],59,54,"[0.36959478636682913, 0.8084550989826409]",0,-1
51,[0.25229928 0.21828929],58,27,"[0.29001319373773415, 0.21087702736570366]",0,-1
52,[0.59251928 0.57985116],35,9,"[0.6184830434267037, 0.586333469678524]",0,88
53,[0.77920567 0.80821031],96,48,"[0.7803433920128066, 0.8205948599681767]",0,-1
54,[0.58862769 0.61459171],37,9,"[0.6184830434267037, 0.586333469678524]",0,87
55,[0.62157184 0.53563704],37,29,"[0.5812618174713859, 0.5240123764686471]",0,-1
56,[0.75683984 0.31102229],54,22,"[0.757272224425649, 0.33905999717339425]",0,-1
57,[0.44121715 0.23497488],52,34,"[0.47832967363307105, 0.25654673669797673]",0,-1
58,[0.33957782 0.27875991],47,21,"[0.3571400957876323, 0.26942599959136726]",0,75
59,[0.85185309 0.54171485],63,13,"[0.843760744736157, 0.5166552078676889]",0,-1
60,[0.         0.44412862],26,-1,-1,-1,-1
61,[0.20790089 0.41203361],22,23,"[0.2032497039719594, 0.393824370774819]",0,-1
62,[0.86253995 0.83392076],96,41,"[0.8492841799095646, 0.8019622424543851]",0,-1
63,[0.35030219 0.35191088],42,7,"[0.3321936611977011, 0.34293111744375654]",0,89
64,[0.81343201 0.14540026],36,78,"[0.7951539755354653, 0.19004804298167233]",0,-1
65,[0.49435345 0.36011409],4,42,"[0.47090413605197745, 0.3706753216883814]",0,-1
66,[0.27953471 0.39417787],9,19,"[0.2847353251184853, 0.39005308479636985]",0,-1
67,[0.14907556 0.79461774],0,86,"[0.11333449837233942, 0.8035791769910723]",0,-1
68,[0.71787693 0.46151433],28,15,"[0.7558016368645127, 0.4462797814247812]",0,-1
69,[0.14823948 0.75324029],39,43,"[0.15465866632935668, 0.7523522483084468]",0,51
70,[0.35509253 0.38446672],81,1,"[0.3572487842659222, 0.41922446128046986]",0,89
71,[0.31872442 0.58213114],20,30,"[0.36820757824267275, 0.5891561499462349]",0,-1
72,[0.35259527 0.78612983],51,54,"[0.36959478636682913, 0.8084550989826409]",0,-1
73,[0.29253938 0.40471222],22,19,"[0.2847353251184853, 0.39005308479636985]",0,-1
74,[0.72985682 0.36044422],61,4,"[0.7100353299176262, 0.3875574879176719]",0,21
75,[0.57780215 0.82245374],70,14,"[0.6208537257023621, 0.8045775614928529]",0,-1
76,[0.76562553 0.53310254],28,32,"[0.7786163905873836, 0.5211842185039978]",0,17
77,[0.82918785 0.29390086],80,66,"[0.8238364342627095, 0.2773691959806487]",0,-1
78,[0.44660014 0.63888506],76,0,"[0.4226395002574949, 0.6460584349087278]",0,88
79,[0.73621281 0.49890661],87,32,"[0.7786163905873836, 0.5211842185039978]",0,-1
80,[0.48752779 0.24617966],52,34,"[0.47832967363307105, 0.25654673669797673]",0,-1
81,[0.48130936 0.52010012],41,40,"[0.4758590512403852, 0.5317248607280546]",0,-1
82,[0.56843217 0.58974019],13,20,"[0.5371890084085489, 0.5739528596094324]",0,-1
83,[0.47099235 0.34804527],55,42,"[0.47090413605197745, 0.3706753216883814]",0,-1
84,[0.3183263  0.82376776],48,26,"[0.2731213809151105, 0.8295374863795931]",0,-1
85,[0.46065419 0.6427136 ],75,0,"[0.4226395002574949, 0.6460584349087278]",0,88
86,[0.53043231 0.29045017],88,34,"[0.47832967363307105, 0.25654673669797673]",0,-1
87,[0.88046642 0.42969669],83,62,"[0.8921140984845523, 0.4428581583396137]",0,-1
88,[0.72033529 0.53469049],28,53,"[0.6955018555560987, 0.5389599645427405]",0,-1
89,[0.44481437 0.83714613],78,16,"[0.45898902168994016, 0.8115000101692392]",0,-1
90,[0.62733771 0.37747132],34,10,"[0.6398799516193626, 0.38844091859549007]",0,-1
91,[0.42865174 0.64200885],76,0,"[0.4226395002574949, 0.6460584349087278]",0,88
92,[0.79093019 0.84556142],85,48,"[0.7803433920128066, 0.8205948599681767]",0,-1
93,[0.29738216 0.50886625],81,28,"[0.2520846559803125, 0.4621952512240386]",0,-1
94,[0.38789485 0.67373006],82,36,"[0.3536068858323266, 0.6613822308481206]",0,-1
95,[0.22878239 0.31753362],11,38,"[0.18350109397176653, 0.31916714902230253]",0,-1
96,[0.39945098 0.24160141],25,21,"[0.3571400957876323, 0.26942599959136726]",0,-1
97,[0.61265746 0.83947552],60,82,"[0.6132420785222222, 0.8710652413331001]",0,41
98,[0.22447849 0.39537666],22,23,"[0.2032497039719594, 0.393824370774819]",0,73
99,[0.84964217 0.82676308],21,41,"[0.8492841799095646, 0.8019622424543851]",0,-1
100,[0.64880531 0.39207653],71,10,"[0.6398799516193626, 0.38844091859549007]",0,21
101,[0.13237494 0.51825827],97,77,"[0.10737865443478777, 0.5291217341624451]",0,-1
102,[0.42678694 0.43982573],38,17,"[0.4108830354862289, 0.4435508998593477]",0,-1
103,[0.59402413 0.29368808],88,64,"[0.594073349455653, 0.28354489837534175]",0,-1
104,[0.26756671 0.30307458],42,24,"[0.23531691667485555, 0.27209662123665185]",0,-1
105,[0.38210614 0.68287045],6,36,"[0.3536068858323266, 0.6613822308481206]",0,-1
106,[0.11746459 0.60522022],17,80,"[0.15990270049190128, 0.5986117043755352]",0,-1
107,[0.46453974 0.54209893],12,40,"[0.4758590512403852, 0.5317248607280546]",0,83
108,[0.64958804 0.39573008],29,10,"[0.6398799516193626, 0.38844091859549007]",0,21
109,[0.81662414 0.44977642],83,8,"[0.8210079602672482, 0.4506152114933381]",0,17
110,[0.48630167 0.8428868 ],93,16,"[0.45898902168994016, 0.8115000101692392]",0,-1
111,[0.57785715 0.55104402],77,29,"[0.5812618174713859, 0.5240123764686471]",0,88
112,[0.38304427 0.10213443],73,49,"[0.35418448506576955, 0.14329850428612353]",0,-1
113,[0.75820093 0.27578831],91,55,"[0.7305076164562052, 0.2580112669411776]",0,-1
114,[0.34522178 0.10308087],73,49,"[0.35418448506576955, 0.14329850428612353]",0,-1
115,[0.69105418 0.52003319],49,53,"[0.6955018555560987, 0.5389599645427405]",0,-1
116,[0.23132095 0.1456727 ],45,52,"[0.2294764018471187, 0.143723856671554]",0,-1
117,[0.16229782 0.41849755],26,51,"[0.1508950301577577, 0.45723062251398755]",0,-1
118,[0.57398157 0.40202467],4,73,"[0.5684491373659465, 0.3759776977620393]",0,-1
119,[0.165853   0.33930176],26,38,"[0.18350109397176653, 0.31916714902230253]",0,-1
120,[0.46010342 0.32746154],55,42,"[0.47090413605197745, 0.3706753216883814]",0,-1
121,[0.46360193 0.58987439],7,2,"[0.4675886295436634, 0.6021765353351279]",0,-1
122,[0.20627931 0.16021953],45,52,"[0.2294764018471187, 0.143723856671554]",0,-1
123,[0.20616835 0.6111992 ],19,80,"[0.15990270049190128, 0.5986117043755352]",0,-1
124,[0.17422429 0.66159907],23,45,"[0.19601325606017345, 0.667358514260268]",0,-1
125,[0.26919183 0.26801269],5,24,"[0.23531691667485555, 0.27209662123665185]",0,65
126,[0.1446066  0.39240828],26,71,"[0.11481900251646894, 0.37559708088824]",0,-1
127,[0.26865475 0.11594146],10,52,"[0.2294764018471187, 0.143723856671554]",0,-1
128,[0.36207687 0.81130169],48,54,"[0.36959478636682913, 0.8084550989826409]",0,-1
129,[0.23781718 0.22237489],10,24,"[0.23531691667485555, 0.27209662123665185]",0,-1
130,[0.62251494 0.3619961 ],40,10,"[0.6398799516193626, 0.38844091859549007]",0,-1
131,[0.85394522 0.47200101],43,8,"[0.8210079602672482, 0.4506152114933381]",0,17
132,[0.2286268  0.66881138],51,45,"[0.19601325606017345, 0.667358514260268]",0,-1
133,[0.1975247 0.7761063],65,11,"[0.22353793679767786, 0.7478364040140648]",0,-1
134,[0.38421997 0.45322389],8,17,"[0.4108830354862289, 0.4435508998593477]",0,-1
135,[0.725426   0.40007912],3,4,"[0.7100353299176262, 0.3875574879176719]",0,21
136,[0.56265986 0.58361218],75,20,"[0.5371890084085489, 0.5739528596094324]",0,88
137,[0.20150788 0.35364937],22,38,"[0.18350109397176653, 0.31916714902230253]",0,62
138,[0.61561046 0.73622174],24,57,"[0.6165364982648931, 0.7310583472769618]",0,-1
139,[0.21366908 0.37732369],22,23,"[0.2032497039719594, 0.393824370774819]",0,-1
140,[0.1509091  0.44447127],98,51,"[0.1508950301577577, 0.45723062251398755]",0,70
141,[0.71501654 0.39029978],40,4,"[0.7100353299176262, 0.3875574879176719]",0,21
142,[0.5546738  0.18470229],88,91,"[0.5747298360762695, 0.15930251145986343]",0,-1
143,[0.37491778 0.60387108],19,30,"[0.36820757824267275, 0.5891561499462349]",0,-1
144,[0.67306108 0.28664179],89,3,"[0.6759399092328674, 0.32128183561871837]",0,22
145,[0.24589592 0.84252321],59,26,"[0.2731213809151105, 0.8295374863795931]",0,45
146,[0.39008919 0.39667473],67,1,"[0.3572487842659222, 0.41922446128046986]",0,89
147,[0.47860066 0.61377731],69,2,"[0.4675886295436634, 0.6021765353351279]",0,-1
148,[0.65259476 0.40321113],71,10,"[0.6398799516193626, 0.38844091859549007]",0,21
149,[0.47662473 0.30730204],55,34,"[0.47832967363307105, 0.25654673669797673]",0,-1
150,[0.36948199 0.42422574],64,1,"[0.3572487842659222, 0.41922446128046986]",0,89
151,[0.45267625 0.64079852],90,0,"[0.4226395002574949, 0.6460584349087278]",0,88
152,[0.28954709 0.71499497],16,12,"[0.2822438507480652, 0.7105313788319401]",0,54
153,[0.69158163 0.35311659],29,3,"[0.6759399092328674, 0.32128183561871837]",0,21
154,[0.10472269 0.05220518],45,89,"[0.15862126123377812, 0.09531060003677258]",-1,-1
155,[0.43259622 0.18572728],84,31,"[0.4191189173246286, 0.19329258812229377]",0,-1
156,[0.74551083 0.70773894],99,60,"[0.7001338409322506, 0.7409401695756385]",0,-1
157,[0.86871776 0.5836467 ],27,59,"[0.8763268698051316, 0.579199170331017]",0,-1
158,[0.06138363 0.50902671],98,77,"[0.10737865443478777, 0.5291217341624451]",0,-1
159,[0.28893819 0.70929219],19,12,"[0.2822438507480652, 0.7105313788319401]",0,54
160,[0.234439   0.38799556],9,23,"[0.2032497039719594, 0.393824370774819]",0,73
161,[0.3514149  0.35851021],81,7,"[0.3321936611977011, 0.34293111744375654]",0,89
162,[0.7506628 0.811856 ],46,48,"[0.7803433920128066, 0.8205948599681767]",0,-1
163,[0.62985979 0.51335347],77,29,"[0.5812618174713859, 0.5240123764686471]",0,-1
164,[0.63113871 0.19268403],86,35,"[0.6545605605339905, 0.22500987532438183]",0,-1
165,[0.52809258 0.87254615],93,18,"[0.527398606849523, 0.8662745321442044]",0,-1
166,[0.16970243 0.30891924],11,38,"[0.18350109397176653, 0.31916714902230253]",0,-1
167,[0.32042558 0.60426865],19,30,"[0.36820757824267275, 0.5891561499462349]",0,-1
168,[0.34811154 0.43719964],8,1,"[0.3572487842659222, 0.41922446128046986]",0,-1
169,[0.41222963 0.48889475],14,50,"[0.3898476181838421, 0.5216929572274273]",0,-1
170,[0.37695579 0.66581526],90,36,"[0.3536068858323266, 0.6613822308481206]",0,-1
171,[0.69005259 0.32985131],40,3,"[0.6759399092328674, 0.32128183561871837]",0,-1
172,[0.25802906 0.02207145],10,98,"[0.3113890783178001, 0.057273366575225935]",-1,-1
173,[0.15677432 0.50017102],98,51,"[0.1508950301577577, 0.45723062251398755]",0,-1
174,[0.67717959 0.76627994],70,60,"[0.7001338409322506, 0.7409401695756385]",0,-1
175,[0.42520342 0.66906591],90,0,"[0.4226395002574949, 0.6460584349087278]",0,88
176,[0.63920458 0.32695185],2,3,"[0.6759399092328674, 0.32128183561871837]",0,-1
177,[0.34181143 0.66360511],19,36,"[0.3536068858323266, 0.6613822308481206]",0,-1
178,[0.81147413 0.4549269 ],43,8,"[0.8210079602672482, 0.4506152114933381]",0,17
179,[0.52157584 0.64253149],94,5,"[0.54876158375065, 0.6433749135954844]",0,-1
180,[0.21333801 0.79225431],59,69,"[0.18889864315739, 0.8195957758801673]",0,49
181,[0.60719067 0.70538122],72,57,"[0.6165364982648931, 0.7310583472769618]",0,-1
182,[0.24564524 0.74857406],31,11,"[0.22353793679767786, 0.7478364040140648]",0,-1
183,[0.48600149 0.61906277],6,2,"[0.4675886295436634, 0.6021765353351279]",0,-1
184,[0.19990293 0.34846804],11,38,"[0.18350109397176653, 0.31916714902230253]",0,62
185,[0.55951914 0.52999075],77,29,"[0.5812618174713859, 0.5240123764686471]",0,-1
186,[0.75007507 0.37347592],61,22,"[0.757272224425649, 0.33905999717339425]",0,21
187,[0.40041764 0.19037989],73,31,"[0.4191189173246286, 0.19329258812229377]",0,31
188,[0.29105602 0.43736587],64,28,"[0.2520846559803125, 0.4621952512240386]",0,-1
189,[0.92819324 0.44744109],50,62,"[0.8921140984845523, 0.4428581583396137]",0,-1
190,[0.95269478 0.81400667],96,93,"[0.9128525281281048, 0.8015861505597924]",-1,-1
191,[0.31603383 0.24681903],58,27,"[0.29001319373773415, 0.21087702736570366]",0,-1
192,[0.16874584 0.81240733],31,69,"[0.18889864315739, 0.8195957758801673]",0,-1
193,[0.38139314 0.45919749],38,17,"[0.4108830354862289, 0.4435508998593477]",0,-1
194,[0.62836458 0.77398546],70,14,"[0.6208537257023621, 0.8045775614928529]",0,36
195,[0.65795741 0.29568776],71,3,"[0.6759399092328674, 0.32128183561871837]",0,-1
196,[0.76992238 0.16671302],95,78,"[0.7951539755354653, 0.19004804298167233]",0,-1
197,[0.59231258 0.43670499],4,68,"[0.6059400326152605, 0.4534475926518635]",0,-1
198,[0.70663911 0.29642681],91,3,"[0.6759399092328674, 0.32128183561871837]",0,18
199,[0.56328208 0.23422967],86,61,"[0.5821749572804258, 0.2185848836493384]",0,-1
200,[0.78227316 0.44476933],29,15,"[0.7558016368645127, 0.4462797814247812]",0,17
201,[0.17499458 0.77037132],65,43,"[0.15465866632935668, 0.7523522483084468]",0,51
202,[0.42387239 0.15606518],73,31,"[0.4191189173246286, 0.19329258812229377]",0,-1
203,[0.54944909 0.57614044],37,20,"[0.5371890084085489, 0.5739528596094324]",0,88
204,[0.77340648 0.44832323],54,15,"[0.7558016368645127, 0.4462797814247812]",0,17
205,[0.15827339 0.20513031],32,33,"[0.1898538969523832, 0.20289106741831933]",0,-1
206,[0.55085897 0.65829131],6,5,"[0.54876158375065, 0.6433749135954844]",0,-1
207,[0.7939114  0.45694679],3,8,"[0.8210079602672482, 0.4506152114933381]",0,17
208,[0.3158184  0.46398953],14,1,"[0.3572487842659222, 0.41922446128046986]",0,-1
209,[0.5708058  0.53357755],41,29,"[0.5812618174713859, 0.5240123764686471]",0,84
210,[0.11966174 0.42964668],98,51,"[0.1508950301577577, 0.45723062251398755]",0,-1
211,[0.88639337 0.44818487],30,62,"[0.8921140984845523, 0.4428581583396137]",0,-1
212,[0.26819754 0.43130274],22,28,"[0.2520846559803125, 0.4621952512240386]",0,-1
213,[0.86718343 0.43845507],43,62,"[0.8921140984845523, 0.4428581583396137]",0,-1
214,[0.44628375 0.33100785],55,6,"[0.40678448596985844, 0.34277371919698396]",0,-1
215,[0.50919874 0.79322043],79,46,"[0.5435344637313357, 0.7795756563374607]",0,-1
216,[0.26251148 0.83206056],59,26,"[0.2731213809151105, 0.8295374863795931]",0,-1
217,[0.2153247  0.75596743],31,11,"[0.22353793679767786, 0.7478364040140648]",0,57
218,[0.36116697 0.55947605],82,30,"[0.36820757824267275, 0.5891561499462349]",0,-1
219,[0.5896058  0.71466034],75,57,"[0.6165364982648931, 0.7310583472769618]",0,-1
220,[0.75567447 0.46549588],87,15,"[0.7558016368645127, 0.4462797814247812]",0,-1
221,[0.55781993 0.890072  ],72,18,"[0.527398606849523, 0.8662745321442044]",0,-1
222,[0.73169966 0.47050118],50,15,"[0.7558016368645127, 0.4462797814247812]",0,-1
223,[0.16566451 0.76921673],39,43,"[0.15465866632935668, 0.7523522483084468]",0,51
224,[0.3710902 0.4330636],14,1,"[0.3572487842659222, 0.41922446128046986]",0,89
225,[0.31522838 0.69097586],16,12,"[0.2822438507480652, 0.7105313788319401]",0,-1
226,[0.43132133 0.40301868],38,17,"[0.4108830354862289, 0.4435508998593477]",0,-1
227,[0.8374806  0.34665665],50,25,"[0.8211120104597844, 0.37574618786089475]",0,9
228,[0.19943952 0.11361147],32,52,"[0.2294764018471187, 0.143723856671554]",0,-1
229,[0.65041948 0.24476611],86,35,"[0.6545605605339905, 0.22500987532438183]",0,-1
230,[0.48573981 0.51449753],41,40,"[0.4758590512403852, 0.5317248607280546]",0,-1
231,[0.3881876  0.77930821],78,54,"[0.36959478636682913, 0.8084550989826409]",0,23
232,[0.68280161 0.17043937],89,70,"[0.6986975952159088, 0.16842470592263856]",0,5
233,[0.82759086 0.39082388],80,25,"[0.8211120104597844, 0.37574618786089475]",0,17
234,[0.57989034 0.21218527],86,61,"[0.5821749572804258, 0.2185848836493384]",0,-1
235,[0.68462071 0.36451022],34,4,"[0.7100353299176262, 0.3875574879176719]",0,21
236,[0.34766209 0.1581689 ],73,49,"[0.35418448506576955, 0.14329850428612353]",0,28
237,[0.9157401  0.45065404],83,62,"[0.8921140984845523, 0.4428581583396137]",0,-1
238,[0.84024472 0.51928382],43,13,"[0.843760744736157, 0.5166552078676889]",0,17
239,[0.29949978 0.71318056],51,12,"[0.2822438507480652, 0.7105313788319401]",0,54
240,[0.46613408 0.40441995],55,42,"[0.47090413605197745, 0.3706753216883814]",0,58
241,[0.67439927 0.64389426],35,76,"[0.6483290776065068, 0.6569295539328516]",0,-1
242,[0.40648265 0.28533053],1,21,"[0.3571400957876323, 0.26942599959136726]",0,-1
243,[0.86589104 0.58635062],27,59,"[0.8763268698051316, 0.579199170331017]",0,-1
244,[0.10447887 0.36729239],53,71,"[0.11481900251646894, 0.37559708088824]",0,-1
245,[0.73183373 0.30352613],54,22,"[0.757272224425649, 0.33905999717339425]",0,-1
246,[0.23777183 0.69461801],31,12,"[0.2822438507480652, 0.7105313788319401]",0,53
247,[0.24749056 0.37020548],44,19,"[0.2847353251184853, 0.39005308479636985]",0,71
248,[0.85454853 0.5315053 ],43,13,"[0.843760744736157, 0.5166552078676889]",0,17
249,[0.39254642 0.21127706],25,31,"[0.4191189173246286, 0.19329258812229377]",0,-1
250,[0.82209733 0.5647335 ],63,47,"[0.8091525442233867, 0.6013457413252116]",0,14
251,[0.85007713 0.43777865],50,8,"[0.8210079602672482, 0.4506152114933381]",0,-1
252,[0.47410921 0.40612815],14,42,"[0.47090413605197745, 0.3706753216883814]",0,58
253,[0.76480491 0.77779036],46,63,"[0.7856877410353075, 0.7534945903126699]",0,-1
254,[0.80003592 0.84468426],21,48,"[0.7803433920128066, 0.8205948599681767]",0,13
255,[0.77682741 0.62509786],99,47,"[0.8091525442233867, 0.6013457413252116]",0,-1
256,[0.34471295 0.61995308],20,30,"[0.36820757824267275, 0.5891561499462349]",0,-1
257,[0.5528344  0.63375042],12,5,"[0.54876158375065, 0.6433749135954844]",0,88
258,[0.37323721 0.42063415],92,1,"[0.3572487842659222, 0.41922446128046986]",0,89
259,[0.34666851 0.17369677],57,49,"[0.35418448506576955, 0.14329850428612353]",0,28
260,[0.2156314  0.27798448],32,24,"[0.23531691667485555, 0.27209662123665185]",0,63
261,[0.93240307 0.4347194 ],43,62,"[0.8921140984845523, 0.4428581583396137]",0,-1
262,[0.80224271 0.81124339],62,48,"[0.7803433920128066, 0.8205948599681767]",0,-1
263,[0.28380636 0.34862566],81,19,"[0.2847353251184853, 0.39005308479636985]",0,-1
264,[0.60210322 0.24360198],86,61,"[0.5821749572804258, 0.2185848836493384]",0,-1
265,[0.35739184 0.34217258],92,7,"[0.3321936611977011, 0.34293111744375654]",0,89
266,[0.32093874 0.41592274],14,1,"[0.3572487842659222, 0.41922446128046986]",0,-1
267,[0.44357897 0.15883021],84,74,"[0.4464145664830302, 0.11749079524673668]",0,34
268,[0.53229494 0.58391093],7,20,"[0.5371890084085489, 0.5739528596094324]",0,88
269,[0.53088139 0.38939519],67,73,"[0.5684491373659465, 0.3759776977620393]",0,-1
270,[0.62467157 0.61792957],74,9,"[0.6184830434267037, 0.586333469678524]",0,-1
271,[0.1338097 0.5671529],17,80,"[0.15990270049190128, 0.5986117043755352]",0,-1
272,[0.62288031 0.56763337],37,9,"[0.6184830434267037, 0.586333469678524]",0,-1
273,[0.8087292  0.82703114],21,48,"[0.7803433920128066, 0.8205948599681767]",0,13
274,[0.1468344  0.78519942],18,43,"[0.15465866632935668, 0.7523522483084468]",0,-1
275,[0.84367799 0.4667101 ],50,8,"[0.8210079602672482, 0.4506152114933381]",0,17
276,[0.85291842 0.46449678],63,8,"[0.8210079602672482, 0.4506152114933381]",0,17
277,[0.19204586 0.74726045],31,11,"[0.22353793679767786, 0.7478364040140648]",0,57
278,[0.8629391  0.43982849],87,62,"[0.8921140984845523, 0.4428581583396137]",0,-1
279,[0.23768957 0.22922302],58,24,"[0.23531691667485555, 0.27209662123665185]",0,-1
280,[0.58095479 0.61629263],49,5,"[0.54876158375065, 0.6433749135954844]",0,87
281,[0.90814579 0.44693268],83,62,"[0.8921140984845523, 0.4428581583396137]",0,-1
282,[0.68545623 0.37569483],68,4,"[0.7100353299176262, 0.3875574879176719]",0,-1
283,[0.40381118 0.48060298],64,17,"[0.4108830354862289, 0.4435508998593477]",0,80
284,[0.76928002 0.45856689],87,15,"[0.7558016368645127, 0.4462797814247812]",0,-1
285,[0.35979198 0.14486903],57,49,"[0.35418448506576955, 0.14329850428612353]",0,-1
286,[0.22065109 0.43290511],44,23,"[0.2032497039719594, 0.393824370774819]",0,-1
287,[0.61780366 0.41710672],29,10,"[0.6398799516193626, 0.38844091859549007]",0,-1
288,[0.66942465 0.45916281],40,65,"[0.6636957553845171, 0.46135824588144125]",0,-1
289,[0.57108162 0.24334811],88,61,"[0.5821749572804258, 0.2185848836493384]",0,7
290,[0.41012839 0.60869331],82,0,"[0.4226395002574949, 0.6460584349087278]",0,88
291,[0.16492432 0.85959093],39,69,"[0.18889864315739, 0.8195957758801673]",0,-1
292,[0.27967893 0.74761929],51,12,"[0.2822438507480652, 0.7105313788319401]",0,-1
293,[0.68743292 0.26312863],89,55,"[0.7305076164562052, 0.2580112669411776]",0,-1
294,[0.70403689 0.37329531],40,4,"[0.7100353299176262, 0.3875574879176719]",0,21
295,[0.85310015 0.37374178],50,25,"[0.8211120104597844, 0.37574618786089475]",0,-1
296,[0.65509598 0.26124753],91,35,"[0.6545605605339905, 0.22500987532438183]",0,-1
297,[0.6868407  0.37445728],61,4,"[0.7100353299176262, 0.3875574879176719]",0,21
298,[0.10660235 0.53552939],98,77,"[0.10737865443478777, 0.5291217341624451]",0,24
299,[0.3060907  0.39714146],64,19,"[0.2847353251184853, 0.39005308479636985]",0,-1
300,[0.76967968 0.48928255],63,32,"[0.7786163905873836, 0.5211842185039978]",0,17
301,[0.56856062 0.62248771],37,5,"[0.54876158375065, 0.6433749135954844]",0,-1
302,[0.77776756 0.43670181],2,15,"[0.7558016368645127, 0.4462797814247812]",0,17
303,[0.63227676 0.8066141 ],24,14,"[0.6208537257023621, 0.8045775614928529]",0,42
304,[0.61464369 0.42083417],40,68,"[0.6059400326152605, 0.4534475926518635]",0,-1
305,[0.58463891 0.52588907],13,29,"[0.5812618174713859, 0.5240123764686471]",0,-1
306,[0.73335736 0.45443524],34,15,"[0.7558016368645127, 0.4462797814247812]",0,-1
307,[0.52975244 0.86742502],60,18,"[0.527398606849523, 0.8662745321442044]",0,29
308,[0.27577809 0.85658125],59,26,"[0.2731213809151105, 0.8295374863795931]",0,-1
309,[0.44255612 0.84803941],78,16,"[0.45898902168994016, 0.8115000101692392]",0,-1
310,[0.42043111 0.3123846 ],55,6,"[0.40678448596985844, 0.34277371919698396]",0,-1
311,[0.37965652 0.55769215],20,30,"[0.36820757824267275, 0.5891561499462349]",0,-1
312,[0.23246551 0.4989823 ],97,28,"[0.2520846559803125, 0.4621952512240386]",0,-1
313,[0.53928754 0.55772248],41,20,"[0.5371890084085489, 0.5739528596094324]",0,-1
314,[0.61090139 0.47037137],34,68,"[0.6059400326152605, 0.4534475926518635]",0,-1
315,[0.80239338 0.4851991 ],27,8,"[0.8210079602672482, 0.4506152114933381]",0,17
316,[0.8803987  0.81845254],96,41,"[0.8492841799095646, 0.8019622424543851]",0,-1
317,[0.39233777 0.34213309],55,6,"[0.40678448596985844, 0.34277371919698396]",0,-1
318,[0.43880539 0.60208108],15,2,"[0.4675886295436634, 0.6021765353351279]",0,88
319,[0.54641517 0.52527397],37,29,"[0.5812618174713859, 0.5240123764686471]",0,-1
320,[0.31292655 0.20399156],57,27,"[0.29001319373773415, 0.21087702736570366]",0,59
321,[0.48015877 0.44874505],55,75,"[0.5172236746686562, 0.4443369127615434]",0,-1
322,[0.35597871 0.48145244],14,50,"[0.3898476181838421, 0.5216929572274273]",0,77
323,[0.61418989 0.68733175],75,57,"[0.6165364982648931, 0.7310583472769618]",0,-1
324,[0.22097962 0.26024684],11,24,"[0.23531691667485555, 0.27209662123665185]",0,-1
325,[0.50938129 0.77393588],94,46,"[0.5435344637313357, 0.7795756563374607]",0,-1
326,[0.20318477 0.78260048],31,69,"[0.18889864315739, 0.8195957758801673]",0,-1
327,[0.4052584  0.64663374],20,0,"[0.4226395002574949, 0.6460584349087278]",0,88
328,[0.58450386 0.24176776],88,61,"[0.5821749572804258, 0.2185848836493384]",0,7
329,[0.21581409 0.10707792],45,52,"[0.2294764018471187, 0.143723856671554]",0,-1
330,[0.63320564 0.18988585],89,35,"[0.6545605605339905, 0.22500987532438183]",0,-1
331,[0.19357323 0.30807925],11,38,"[0.18350109397176653, 0.31916714902230253]",0,61
332,[0.59757648 0.48584936],13,68,"[0.6059400326152605, 0.4534475926518635]",0,-1
333,[0.57854346 0.74134029],70,57,"[0.6165364982648931, 0.7310583472769618]",0,-1
334,[0.72323824 0.33944245],54,22,"[0.757272224425649, 0.33905999717339425]",0,21
335,[0.44724449 0.80110526],94,16,"[0.45898902168994016, 0.8115000101692392]",0,-1
336,[0.8117436  0.84522645],85,79,"[0.8263954992254994, 0.8681441505941476]",0,13
337,[0.54765296 0.91667011],60,18,"[0.527398606849523, 0.8662745321442044]",0,-1
338,[0.4535308  0.77345026],56,16,"[0.45898902168994016, 0.8115000101692392]",0,-1
339,[0.27300825 0.58285542],20,39,"[0.2596202559688416, 0.6257540185994204]",0,-1
340,[0.20104108 0.63936664],23,45,"[0.19601325606017345, 0.667358514260268]",0,-1
341,[0.19349288 0.55760238],17,44,"[0.1912270592870895, 0.5359549801185394]",0,-1
342,[0.48135475 0.60270735],7,2,"[0.4675886295436634, 0.6021765353351279]",0,-1
343,[0.63832197 0.69287974],70,76,"[0.6483290776065068, 0.6569295539328516]",0,-1
344,[0.41275662 0.59034762],15,30,"[0.36820757824267275, 0.5891561499462349]",0,88
345,[0.60741079 0.3779752 ],40,10,"[0.6398799516193626, 0.38844091859549007]",0,11
346,[0.40568851 0.6044496 ],76,30,"[0.36820757824267275, 0.5891561499462349]",0,88
347,[0.18094933 0.6928027 ],18,45,"[0.19601325606017345, 0.667358514260268]",0,-1
348,[0.78016261 0.41670484],50,15,"[0.7558016368645127, 0.4462797814247812]",0,21
349,[0.70207627 0.72232002],46,60,"[0.7001338409322506, 0.7409401695756385]",0,15
350,[0.59453644 0.70040549],74,57,"[0.6165364982648931, 0.7310583472769618]",0,-1
351,[0.80061403 0.71374507],46,63,"[0.7856877410353075, 0.7534945903126699]",0,-1
352,[0.56941237 0.68201933],74,5,"[0.54876158375065, 0.6433749135954844]",0,-1
353,[0.61062846 0.81119373],24,14,"[0.6208537257023621, 0.8045775614928529]",0,42
354,[0.70173333 0.57289758],49,53,"[0.6955018555560987, 0.5389599645427405]",0,-1
355,[0.79454907 0.54528482],63,32,"[0.7786163905873836, 0.5211842185039978]",0,-1
356,[0.5829574  0.45080388],29,68,"[0.6059400326152605, 0.4534475926518635]",0,-1
357,[0.45445836 0.45245551],14,17,"[0.4108830354862289, 0.4435508998593477]",0,-1
358,[0.7413004  0.50233545],87,32,"[0.7786163905873836, 0.5211842185039978]",0,-1
359,[0.64550904 0.58718235],49,9,"[0.6184830434267037, 0.586333469678524]",0,-1
360,[0.51325823 0.79220402],56,46,"[0.5435344637313357, 0.7795756563374607]",0,-1
361,[0.44852999 0.6675979 ],6,0,"[0.4226395002574949, 0.6460584349087278]",0,-1
362,[0.44534946 0.25896128],55,34,"[0.47832967363307105, 0.25654673669797673]",0,-1
363,[0.32291778 0.62333159],20,36,"[0.3536068858323266, 0.6613822308481206]",0,-1
364,[0.50981402 0.74492318],56,46,"[0.5435344637313357, 0.7795756563374607]",0,-1
365,[0.61015382 0.43994253],29,68,"[0.6059400326152605, 0.4534475926518635]",0,-1
366,[0.4293714  0.80880397],78,16,"[0.45898902168994016, 0.8115000101692392]",0,-1
367,[0.76874575 1.        ],85,-1,-1,-1,-1
368,[0.42235818 0.8838407 ],78,67,"[0.37743107737986015, 0.883213849264441]",0,-1
369,[0.81350459 0.72217314],99,63,"[0.7856877410353075, 0.7534945903126699]",0,-1
370,[0.24752849 0.28896841],5,24,"[0.23531691667485555, 0.27209662123665185]",0,-1
371,[0.30410746 0.12697824],57,49,"[0.35418448506576955, 0.14329850428612353]",0,-1
372,[0.61180124 0.21227729],86,61,"[0.5821749572804258, 0.2185848836493384]",0,-1
373,[0.36093224 0.3174089 ],38,7,"[0.3321936611977011, 0.34293111744375654]",0,-1
374,[0.7853809  0.35576823],66,22,"[0.757272224425649, 0.33905999717339425]",0,20
375,[0.37957756 0.37037541],1,6,"[0.40678448596985844, 0.34277371919698396]",0,89
376,[0.59360551 0.56682173],13,9,"[0.6184830434267037, 0.586333469678524]",0,88
377,[0.32223917 0.68487047],51,36,"[0.3536068858323266, 0.6613822308481206]",0,-1
378,[0.38399364 0.66396878],76,36,"[0.3536068858323266, 0.6613822308481206]",0,-1
379,[0.40949183 0.16189506],73,31,"[0.4191189173246286, 0.19329258812229377]",0,-1
380,[0.15524015 0.73484459],65,43,"[0.15465866632935668, 0.7523522483084468]",0,-1
381,[0.29570157 0.21674984],25,27,"[0.29001319373773415, 0.21087702736570366]",0,59
382,[0.17563581 0.29377131],5,38,"[0.18350109397176653, 0.31916714902230253]",0,-1
383,[0.31120342 0.61613587],76,39,"[0.2596202559688416, 0.6257540185994204]",0,-1
384,[0.45846826 0.63761237],76,2,"[0.4675886295436634, 0.6021765353351279]",0,88
385,[0.83772439 0.81696258],85,41,"[0.8492841799095646, 0.8019622424543851]",0,13
386,[0.92146671 0.88760516],85,87,"[0.8925149589987491, 0.8617277435613537]",-1,-1
387,[0.60980105 0.41450136],34,68,"[0.6059400326152605, 0.4534475926518635]",0,-1
388,[0.47304008 0.54777044],13,40,"[0.4758590512403852, 0.5317248607280546]",0,83
389,[0.47991102 0.5471807 ],7,40,"[0.4758590512403852, 0.5317248607280546]",0,83
390,[0.82710433 0.50505368],28,13,"[0.843760744736157, 0.5166552078676889]",0,17
391,[0.20804793 0.55187663],97,44,"[0.1912270592870895, 0.5359549801185394]",0,-1
392,[0.38157689 0.32298637],42,6,"[0.40678448596985844, 0.34277371919698396]",0,-1
393,[0.82235131 0.41390879],30,8,"[0.8210079602672482, 0.4506152114933381]",0,17
394,[0.49967469 0.61740344],41,2,"[0.4675886295436634, 0.6021765353351279]",0,-1
395,[0.37018522 0.25364292],25,21,"[0.3571400957876323, 0.26942599959136726]",0,-1
396,[0.06484875 0.36117765],53,71,"[0.11481900251646894, 0.37559708088824]",-1,-1
397,[0.37049677 0.78538155],56,54,"[0.36959478636682913, 0.8084550989826409]",0,23
398,[0.31644353 0.65786972],51,36,"[0.3536068858323266, 0.6613822308481206]",0,-1
399,[0.12373486 0.3987137 ],53,71,"[0.11481900251646894, 0.37559708088824]",0,-1
400,[0.38784483 0.59251053],20,30,"[0.36820757824267275, 0.5891561499462349]",0,-1
401,[0.45292553 0.44581328],64,17,"[0.4108830354862289, 0.4435508998593477]",0,-1
402,[0.80206079 0.50871129],43,32,"[0.7786163905873836, 0.5211842185039978]",0,17
403,[0.52303946 0.42087182],77,75,"[0.5172236746686562, 0.4443369127615434]",0,-1
404,[0.1807836 0.1491814],5,81,"[0.13426292668090453, 0.163935928071412]",0,-1
405,[0.44961542 0.18353417],73,31,"[0.4191189173246286, 0.19329258812229377]",0,34
406,[0.348031   0.26562759],25,21,"[0.3571400957876323, 0.26942599959136726]",0,75
407,[0.68044609 0.3585138 ],40,3,"[0.6759399092328674, 0.32128183561871837]",0,21
408,[0.41879611 0.62658784],90,0,"[0.4226395002574949, 0.6460584349087278]",0,88
409,[0.81164894 0.83568019],96,48,"[0.7803433920128066, 0.8205948599681767]",0,13
410,[0.19766469 0.76184589],65,11,"[0.22353793679767786, 0.7478364040140648]",0,57
411,[0.41250315 0.43283   ],64,17,"[0.4108830354862289, 0.4435508998593477]",0,-1
412,[0.20902815 0.24797018],45,24,"[0.23531691667485555, 0.27209662123665185]",0,66
413,[0.42729586 0.19250113],33,31,"[0.4191189173246286, 0.19329258812229377]",0,-1
414,[0.60148397 0.70196165],70,57,"[0.6165364982648931, 0.7310583472769618]",0,-1
415,[0.5769119 0.6131972],77,5,"[0.54876158375065, 0.6433749135954844]",0,87
416,[0.6820921  0.68201538],46,76,"[0.6483290776065068, 0.6569295539328516]",0,-1
417,[0.59545211 0.63      ],37,5,"[0.54876158375065, 0.6433749135954844]",0,87
418,[0.31379382 0.74748464],18,12,"[0.2822438507480652, 0.7105313788319401]",0,-1
419,[0.17194861 0.71516947],39,43,"[0.15465866632935668, 0.7523522483084468]",0,-1
420,[0.80614102 0.43897352],43,8,"[0.8210079602672482, 0.4506152114933381]",0,17
421,[0.42577852 0.66131185],75,0,"[0.4226395002574949, 0.6460584349087278]",0,88
422,[0.58194634 0.47133157],13,68,"[0.6059400326152605, 0.4534475926518635]",0,-1
423,[0.47630793 0.4986895 ],77,40,"[0.4758590512403852, 0.5317248607280546]",0,-1
424,[0.82174727 0.48515242],68,8,"[0.8210079602672482, 0.4506152114933381]",0,17
425,[0.40643169 0.5589314 ],41,50,"[0.3898476181838421, 0.5216929572274273]",0,79
426,[0.82998549 0.19368464],36,88,"[0.8567588921418147, 0.17457306337920828]",0,0
427,[0.30384441 0.41653467],42,19,"[0.2847353251184853, 0.39005308479636985]",0,86
428,[0.14556342 0.76826188],39,43,"[0.15465866632935668, 0.7523522483084468]",0,51
429,[0.69844471 0.38269381],29,4,"[0.7100353299176262, 0.3875574879176719]",0,-1
430,[0.53163899 0.87124671],60,18,"[0.527398606849523, 0.8662745321442044]",0,-1
431,[0.19421577 0.50601331],97,44,"[0.1912270592870895, 0.5359549801185394]",0,-1
432,[0.22980023 0.81124891],59,69,"[0.18889864315739, 0.8195957758801673]",0,-1
433,[0.45785833 0.10237478],33,74,"[0.4464145664830302, 0.11749079524673668]",0,-1
434,[0.77935682 0.72394609],62,63,"[0.7856877410353075, 0.7534945903126699]",0,-1
435,[0.39913336 0.5653724 ],82,30,"[0.36820757824267275, 0.5891561499462349]",0,-1
436,[0.69941763 0.15509511],95,70,"[0.6986975952159088, 0.16842470592263856]",0,-1
437,[0.76150229 0.83707784],62,48,"[0.7803433920128066, 0.8205948599681767]",0,-1
438,[0.83092652 0.77166467],21,41,"[0.8492841799095646, 0.8019622424543851]",0,-1
439,[0.14675102 0.60616997],17,80,"[0.15990270049190128, 0.5986117043755352]",0,-1
440,[0.30829611 0.33713082],1,7,"[0.3321936611977011, 0.34293111744375654]",0,-1
441,[0.22147388 0.72046943],39,11,"[0.22353793679767786, 0.7478364040140648]",0,-1
442,[0.5856016  0.84265078],72,82,"[0.6132420785222222, 0.8710652413331001]",0,-1
443,[0.71660679 0.66086497],46,72,"[0.7259305706267937, 0.621464812471517]",0,-1
444,[0.72899097 0.44028105],68,15,"[0.7558016368645127, 0.4462797814247812]",0,-1
445,[0.14811329 0.74287611],39,43,"[0.15465866632935668, 0.7523522483084468]",0,-1
446,[0.60596793 0.58767788],35,9,"[0.6184830434267037, 0.586333469678524]",0,87
447,[0.41632768 0.63367503],15,0,"[0.4226395002574949, 0.6460584349087278]",0,88
448,[0.74305906 0.39665407],68,4,"[0.7100353299176262, 0.3875574879176719]",0,21
449,[0.26788267 0.18196307],10,27,"[0.29001319373773415, 0.21087702736570366]",0,-1
450,[0.81729038 0.58960584],99,47,"[0.8091525442233867, 0.6013457413252116]",0,-1
451,[0.15505666 0.27416534],11,84,"[0.1433957510634753, 0.2579081432754369]",0,-1
452,[0.4537818  0.44969271],14,17,"[0.4108830354862289, 0.4435508998593477]",0,-1
453,[0.58327609 0.69966682],70,57,"[0.6165364982648931, 0.7310583472769618]",0,-1
454,[0.43379853 0.55479841],41,40,"[0.4758590512403852, 0.5317248607280546]",0,-1
455,[0.38959641 0.51721779],64,50,"[0.3898476181838421, 0.5216929572274273]",0,-1
456,[0.22391392 0.40678108],44,23,"[0.2032497039719594, 0.393824370774819]",0,73
457,[0.53966876 0.53341264],77,20,"[0.5371890084085489, 0.5739528596094324]",0,-1
458,[0.19520282 0.40137313],26,23,"[0.2032497039719594, 0.393824370774819]",0,72
459,[0.34151071 0.39832889],14,1,"[0.3572487842659222, 0.41922446128046986]",0,89
460,[0.24641999 0.72895902],65,11,"[0.22353793679767786, 0.7478364040140648]",0,-1
461,[0.4101779  0.43826161],64,17,"[0.4108830354862289, 0.4435508998593477]",0,-1
462,[0.30269321 0.33842679],92,7,"[0.3321936611977011, 0.34293111744375654]",0,-1
463,[0.26358349 0.26783385],58,24,"[0.23531691667485555, 0.27209662123665185]",0,-1
464,[0.2128984  0.36004787],26,23,"[0.2032497039719594, 0.393824370774819]",0,62
465,[0.23164351 0.42890483],26,28,"[0.2520846559803125, 0.4621952512240386]",0,74
466,[0.58406754 0.62558645],12,5,"[0.54876158375065, 0.6433749135954844]",0,87
467,[0.47655105 0.36607919],67,42,"[0.47090413605197745, 0.3706753216883814]",0,-1
468,[0.32199327 0.359539  ],92,7,"[0.3321936611977011, 0.34293111744375654]",0,89
469,[0.71696192 0.43259402],68,15,"[0.7558016368645127, 0.4462797814247812]",0,-1
470,[0.67593135 0.26365293],91,35,"[0.6545605605339905, 0.22500987532438183]",0,-1
471,[0.88559614 0.54612183],63,59,"[0.8763268698051316, 0.579199170331017]",0,-1
472,[0.1904715  0.81901729],0,69,"[0.18889864315739, 0.8195957758801673]",0,-1
473,[0.68030609 0.14208196],95,70,"[0.6986975952159088, 0.16842470592263856]",0,-1
474,[0.75012612 0.45029923],3,15,"[0.7558016368645127, 0.4462797814247812]",0,-1
475,[0.46827102 0.59826566],7,2,"[0.4675886295436634, 0.6021765353351279]",0,-1
476,[0.59369093 0.59701623],35,9,"[0.6184830434267037, 0.586333469678524]",0,87
477,[0.22409181 0.15231954],10,52,"[0.2294764018471187, 0.143723856671554]",0,-1
478,[0.33194866 0.42556555],38,1,"[0.3572487842659222, 0.41922446128046986]",0,-1
479,[0.67156464 0.64928989],35,76,"[0.6483290776065068, 0.6569295539328516]",0,-1
480,[0.43122981 0.624348  ],76,0,"[0.4226395002574949, 0.6460584349087278]",0,88
481,[0.77574004 0.20451595],36,78,"[0.7951539755354653, 0.19004804298167233]",0,-1
482,[0.55490321 0.62159419],37,5,"[0.54876158375065, 0.6433749135954844]",0,88
483,[0.60040069 0.52425453],77,29,"[0.5812618174713859, 0.5240123764686471]",0,-1
484,[0.48533988 0.57834854],7,2,"[0.4675886295436634, 0.6021765353351279]",0,88
485,[0.16331364 0.53996227],17,44,"[0.1912270592870895, 0.5359549801185394]",0,44
486,[0.44373449 0.27265078],55,34,"[0.47832967363307105, 0.25654673669797673]",0,-1
487,[0.3068021 0.3901592],1,19,"[0.2847353251184853, 0.39005308479636985]",0,-1
488,[0.33213426 0.60251727],20,30,"[0.36820757824267275, 0.5891561499462349]",0,-1
489,[0.28045433 0.16574294],10,27,"[0.29001319373773415, 0.21087702736570366]",0,-1
490,[0.40280763 0.13273739],33,74,"[0.4464145664830302, 0.11749079524673668]",0,-1
491,[0.79271282 0.14664362],95,78,"[0.7951539755354653, 0.19004804298167233]",-1,-1
492,[0.24603001 0.13739602],45,52,"[0.2294764018471187, 0.143723856671554]",0,-1
493,[0.59991324 0.1079473 ],88,91,"[0.5747298360762695, 0.15930251145986343]",-1,-1
494,[0.81825782 0.43363045],43,8,"[0.8210079602672482, 0.4506152114933381]",0,17
495,[0.34270408 0.44834594],92,1,"[0.3572487842659222, 0.41922446128046986]",0,-1
496,[0.35970143 0.49312743],8,50,"[0.3898476181838421, 0.5216929572274273]",0,-1
497,[0.21700041 0.67743089],18,45,"[0.19601325606017345, 0.667358514260268]",0,-1
498,[0.79381602 0.25865209],89,66,"[0.8238364342627095, 0.2773691959806487]",0,-1
499,[0.40350193 0.30900051],52,6,"[0.40678448596985844, 0.34277371919698396]",0,-1
500,[0.46150623 0.69541402],6,37,"[0.47348968360582744, 0.7125916710309903]",0,-1
501,[0.50192872 0.45951297],7,75,"[0.5172236746686562, 0.4443369127615434]",0,-1
502,[0.37459474 0.44280714],64,1,"[0.3572487842659222, 0.41922446128046986]",0,-1
503,[0.66349018 0.39791364],61,10,"[0.6398799516193626, 0.38844091859549007]",0,21
504,[0.50507842 0.55255523],37,40,"[0.4758590512403852, 0.5317248607280546]",0,88
505,[0.31262124 0.73711201],18,12,"[0.2822438507480652, 0.7105313788319401]",0,-1
506,[0.19754163 0.37207676],53,23,"[0.2032497039719594, 0.393824370774819]",0,-1
507,[0.60314573 0.38788992],29,73,"[0.5684491373659465, 0.3759776977620393]",0,11
508,[0.8341806 0.4768229],3,8,"[0.8210079602672482, 0.4506152114933381]",0,17
509,[0.20887009 0.58583761],17,80,"[0.15990270049190128, 0.5986117043755352]",0,43
510,[0.2918552  0.73007854],18,12,"[0.2822438507480652, 0.7105313788319401]",0,54
511,[0.3800089 0.5516878],20,50,"[0.3898476181838421, 0.5216929572274273]",0,-1
512,[0.61233491 0.61079936],77,9,"[0.6184830434267037, 0.586333469678524]",0,-1
513,[0.5683955 0.5193631],77,29,"[0.5812618174713859, 0.5240123764686471]",0,-1
514,[0.77129767 0.42581761],3,15,"[0.7558016368645127, 0.4462797814247812]",0,-1
515,[0.26860611 0.74933337],16,12,"[0.2822438507480652, 0.7105313788319401]",0,-1
516,[0.19485619 0.81379803],0,69,"[0.18889864315739, 0.8195957758801673]",0,-1
517,[0.80615968 0.45181159],43,8,"[0.8210079602672482, 0.4506152114933381]",0,17
518,[0.47762296 0.64940127],69,2,"[0.4675886295436634, 0.6021765353351279]",0,88
519,[0.59775529 0.19003711],88,61,"[0.5821749572804258, 0.2185848836493384]",0,-1
520,[0.77597703 0.77045574],21,63,"[0.7856877410353075, 0.7534945903126699]",0,-1
521,[0.40059788 0.52160489],82,50,"[0.3898476181838421, 0.5216929572274273]",0,-1
522,[0.84382564 0.50854785],28,13,"[0.843760744736157, 0.5166552078676889]",0,17
523,[0.68700903 0.32104235],71,3,"[0.6759399092328674, 0.32128183561871837]",0,-1
524,[0.63423092 0.18072377],88,35,"[0.6545605605339905, 0.22500987532438183]",0,-1
525,[0.58041487 0.69798042],75,57,"[0.6165364982648931, 0.7310583472769618]",0,-1
526,[0.17278578 0.63551342],17,80,"[0.15990270049190128, 0.5986117043755352]",0,-1
527,[0.21261486 0.07944779],45,89,"[0.15862126123377812, 0.09531060003677258]",0,-1
528,[0.65457162 0.3982274 ],40,10,"[0.6398799516193626, 0.38844091859549007]",0,21
529,[0.18188986 0.18748417],45,33,"[0.1898538969523832, 0.20289106741831933]",0,48
530,[0.21486339 0.47542715],97,28,"[0.2520846559803125, 0.4621952512240386]",0,60
531,[0.58860464 0.82274742],70,14,"[0.6208537257023621, 0.8045775614928529]",0,-1
532,[0.43408544 0.74443723],94,37,"[0.47348968360582744, 0.7125916710309903]",0,-1
533,[0.87788818 0.53511181],27,13,"[0.843760744736157, 0.5166552078676889]",0,-1
534,[0.39665679 0.61678355],90,0,"[0.4226395002574949, 0.6460584349087278]",0,88
535,[0.25118362 0.59851072],51,39,"[0.2596202559688416, 0.6257540185994204]",0,-1
536,[0.72054803 0.48340293],40,15,"[0.7558016368645127, 0.4462797814247812]",0,-1
537,[0.54966289 0.63147532],12,5,"[0.54876158375065, 0.6433749135954844]",0,88
538,[0.18602518 0.77716125],31,43,"[0.15465866632935668, 0.7523522483084468]",0,-1
539,[0.52352334 0.84758558],72,18,"[0.527398606849523, 0.8662745321442044]",0,37
540,[0.5323716  0.45532118],4,75,"[0.5172236746686562, 0.4443369127615434]",0,-1
541,[0.28077631 0.35997137],1,19,"[0.2847353251184853, 0.39005308479636985]",0,-1
542,[0.36917196 0.48382793],14,50,"[0.3898476181838421, 0.5216929572274273]",0,-1
543,[0.63789551 0.66575968],74,76,"[0.6483290776065068, 0.6569295539328516]",0,-1
544,[0.5081989 0.6493815],69,5,"[0.54876158375065, 0.6433749135954844]",0,-1
545,[0.66126982 0.80579232],24,14,"[0.6208537257023621, 0.8045775614928529]",0,-1
546,[0.38013635 0.58533267],20,30,"[0.36820757824267275, 0.5891561499462349]",0,-1
547,[0.1752155  0.25638768],5,84,"[0.1433957510634753, 0.2579081432754369]",0,-1
548,[0.77651647 0.48284658],50,32,"[0.7786163905873836, 0.5211842185039978]",0,17
549,[0.43658752 0.71210389],6,37,"[0.47348968360582744, 0.7125916710309903]",0,47
550,[0.60530695 0.90828913],60,82,"[0.6132420785222222, 0.8710652413331001]",-1,-1
551,[0.12607819 0.18430139],45,81,"[0.13426292668090453, 0.163935928071412]",0,-1
552,[0.52212648 0.54734909],90,20,"[0.5371890084085489, 0.5739528596094324]",0,81
553,[0.55291957 0.55759943],37,20,"[0.5371890084085489, 0.5739528596094324]",0,-1
554,[0.68513874 0.40420522],68,4,"[0.7100353299176262, 0.3875574879176719]",0,21
555,[0.18335012 0.57898499],17,80,"[0.15990270049190128, 0.5986117043755352]",0,43
556,[0.20129943 0.08059405],45,89,"[0.15862126123377812, 0.09531060003677258]",0,-1
557,[0.13374819 0.34633135],26,71,"[0.11481900251646894, 0.37559708088824]",0,-1
558,[0.38104737 0.4070237 ],64,1,"[0.3572487842659222, 0.41922446128046986]",0,89
559,[0.50348765 0.37640043],4,42,"[0.47090413605197745, 0.3706753216883814]",0,-1
560,[0.45398125 0.83056842],56,16,"[0.45898902168994016, 0.8115000101692392]",0,-1
561,[0.20005202 0.07720246],10,89,"[0.15862126123377812, 0.09531060003677258]",0,-1
562,[0.8670009  0.74405489],21,85,"[0.8584098981619135, 0.7196353557924977]",0,-1
563,[0.77441309 0.53405054],83,32,"[0.7786163905873836, 0.5211842185039978]",0,17
564,[0.43286007 0.15082588],52,74,"[0.4464145664830302, 0.11749079524673668]",0,-1
565,[0.44233729 0.65120055],20,0,"[0.4226395002574949, 0.6460584349087278]",0,88
566,[0.49277477 0.85105768],60,18,"[0.527398606849523, 0.8662745321442044]",0,-1
567,[0.44304635 0.76477558],56,16,"[0.45898902168994016, 0.8115000101692392]",0,-1
568,[0.63133226 0.78345784],24,14,"[0.6208537257023621, 0.8045775614928529]",0,36
569,[0.42973689 0.25604268],52,34,"[0.47832967363307105, 0.25654673669797673]",0,-1
570,[0.35217869 0.7451899 ],16,58,"[0.37887936110594184, 0.7334391897891285]",0,-1
571,[0.42046446 0.8054832 ],78,16,"[0.45898902168994016, 0.8115000101692392]",0,-1
572,[0.74714669 0.21094366],95,55,"[0.7305076164562052, 0.2580112669411776]",0,-1
573,[0.20928482 0.24709405],5,24,"[0.23531691667485555, 0.27209662123665185]",0,66
574,[0.8192978  0.48814543],27,13,"[0.843760744736157, 0.5166552078676889]",0,17
575,[0.59501262 0.29237055],89,64,"[0.594073349455653, 0.28354489837534175]",0,-1
576,[0.52089724 0.67066855],75,5,"[0.54876158375065, 0.6433749135954844]",0,-1
577,[0.82196585 0.80951476],62,41,"[0.8492841799095646, 0.8019622424543851]",0,13
578,[0.28091895 0.72525954],16,12,"[0.2822438507480652, 0.7105313788319401]",0,54
579,[0.74289167 0.47992413],87,15,"[0.7558016368645127, 0.4462797814247812]",0,-1
580,[0.40054094 0.41493144],14,17,"[0.4108830354862289, 0.4435508998593477]",0,89
581,[0.70545373 0.38265316],91,4,"[0.7100353299176262, 0.3875574879176719]",0,21
582,[0.6306049  0.64031101],35,76,"[0.6483290776065068, 0.6569295539328516]",0,-1
583,[0.17422793 0.61185549],17,80,"[0.15990270049190128, 0.5986117043755352]",0,40
584,[0.33179521 0.41221624],92,1,"[0.3572487842659222, 0.41922446128046986]",0,89
585,[0.5967799  0.53332796],37,29,"[0.5812618174713859, 0.5240123764686471]",0,-1
586,[0.38893028 0.1995003 ],84,31,"[0.4191189173246286, 0.19329258812229377]",0,-1
587,[0.59783001 0.3807642 ],91,73,"[0.5684491373659465, 0.3759776977620393]",0,11
588,[0.64971301 0.77681525],24,14,"[0.6208537257023621, 0.8045775614928529]",0,-1
589,[0.27264572 0.44254341],81,28,"[0.2520846559803125, 0.4621952512240386]",0,-1
590,[0.2039795  0.53456829],98,44,"[0.1912270592870895, 0.5359549801185394]",0,44
591,[0.25397422 0.28858928],5,24,"[0.23531691667485555, 0.27209662123665185]",0,-1
592,[0.39647772 0.22451678],52,31,"[0.4191189173246286, 0.19329258812229377]",0,-1
593,[0.46783794 0.56801748],69,2,"[0.4675886295436634, 0.6021765353351279]",0,88
594,[0.2647002 0.7384915],16,12,"[0.2822438507480652, 0.7105313788319401]",0,-1
595,[0.17359298 0.38109567],44,23,"[0.2032497039719594, 0.393824370774819]",0,-1
596,[0.2742773  0.14697737],10,52,"[0.2294764018471187, 0.143723856671554]",0,-1
597,[0.41044163 0.42160914],38,17,"[0.4108830354862289, 0.4435508998593477]",0,89
598,[0.65084    0.49110427],68,65,"[0.6636957553845171, 0.46135824588144125]",0,-1
599,[0.35454561 0.3416633 ],55,7,"[0.3321936611977011, 0.34293111744375654]",0,89
600,[0.51577081 0.80371579],72,46,"[0.5435344637313357, 0.7795756563374607]",0,-1
601,[0.23313877 0.44376961],81,28,"[0.2520846559803125, 0.4621952512240386]",0,74
602,[0.53177445 0.73214915],70,46,"[0.5435344637313357, 0.7795756563374607]",0,-1
603,[0.08601466 0.16764244],45,81,"[0.13426292668090453, 0.163935928071412]",0,-1
604,[0.19182144 0.17370939],45,33,"[0.1898538969523832, 0.20289106741831933]",0,48
605,[0.44511717 0.3767204 ],55,42,"[0.47090413605197745, 0.3706753216883814]",0,58
606,[0.23808316 0.76315548],65,11,"[0.22353793679767786, 0.7478364040140648]",0,-1
607,[0.36723307 0.27295667],25,21,"[0.3571400957876323, 0.26942599959136726]",0,-1
608,[0.25252041 0.87571081],59,97,"[0.2279904617185373, 0.9146376924080816]",0,-1
609,[0.74426043 0.27506759],95,55,"[0.7305076164562052, 0.2580112669411776]",0,-1
610,[0.77848384 0.49518234],83,32,"[0.7786163905873836, 0.5211842185039978]",0,-1
611,[0.44237995 0.55682452],7,40,"[0.4758590512403852, 0.5317248607280546]",0,88
612,[0.51283743 0.91310774],93,18,"[0.527398606849523, 0.8662745321442044]",0,-1
613,[0.6609051 0.4097116],3,10,"[0.6398799516193626, 0.38844091859549007]",0,21
614,[0.59979494 0.19263024],86,61,"[0.5821749572804258, 0.2185848836493384]",0,-1
615,[0.39855728 0.35451127],55,6,"[0.40678448596985844, 0.34277371919698396]",0,89
616,[0.27714011 0.39751295],92,19,"[0.2847353251184853, 0.39005308479636985]",0,-1
617,[0.83349348 0.50875585],28,13,"[0.843760744736157, 0.5166552078676889]",0,17
618,[0.79537368 0.76595643],96,63,"[0.7856877410353075, 0.7534945903126699]",0,-1
619,[0.8465166  0.34374393],30,83,"[0.8762199555116444, 0.3404048051239979]",0,9
620,[0.32537152 0.34637097],42,7,"[0.3321936611977011, 0.34293111744375654]",0,89
621,[0.77369347 0.48399028],87,32,"[0.7786163905873836, 0.5211842185039978]",0,17
622,[0.14711827 0.28068667],5,84,"[0.1433957510634753, 0.2579081432754369]",0,-1
623,[0.23413497 0.76106823],65,11,"[0.22353793679767786, 0.7478364040140648]",0,57
624,[0.57311733 0.44903739],4,68,"[0.6059400326152605, 0.4534475926518635]",0,-1
625,[0.27362253 0.14115037],10,52,"[0.2294764018471187, 0.143723856671554]",0,-1
626,[0.29199017 0.73507886],16,12,"[0.2822438507480652, 0.7105313788319401]",0,-1
627,[0.29319375 0.84629291],59,26,"[0.2731213809151105, 0.8295374863795931]",0,-1
628,[0.13884061 0.75264364],0,43,"[0.15465866632935668, 0.7523522483084468]",0,-1
629,[0.28500984 0.5004238 ],97,28,"[0.2520846559803125, 0.4621952512240386]",0,-1
630,[0.40135272 0.53367716],82,50,"[0.3898476181838421, 0.5216929572274273]",0,-1
631,[0.57760353 0.82695385],79,14,"[0.6208537257023621, 0.8045775614928529]",0,-1
632,[0.40707835 0.37000362],14,6,"[0.40678448596985844, 0.34277371919698396]",0,-1
633,[0.32036888 0.3442237 ],38,7,"[0.3321936611977011, 0.34293111744375654]",0,-1
634,[0.51813734 0.60190476],7,20,"[0.5371890084085489, 0.5739528596094324]",0,-1
635,[0.24787198 0.65955675],51,39,"[0.2596202559688416, 0.6257540185994204]",0,52
636,[0.76587668 0.44147076],50,15,"[0.7558016368645127, 0.4462797814247812]",0,17
637,[0.39401368 0.28231452],55,21,"[0.3571400957876323, 0.26942599959136726]",0,-1
638,[0.33160611 0.66394033],19,36,"[0.3536068858323266, 0.6613822308481206]",0,-1
639,[0.47178975 0.75381742],56,37,"[0.47348968360582744, 0.7125916710309903]",0,-1
640,[0.85333608 0.57170207],83,59,"[0.8763268698051316, 0.579199170331017]",0,16
641,[0.68675494 0.72357079],70,60,"[0.7001338409322506, 0.7409401695756385]",0,15
642,[0.82009048 0.41281784],80,25,"[0.8211120104597844, 0.37574618786089475]",0,17
643,[0.82281235 0.40096691],30,25,"[0.8211120104597844, 0.37574618786089475]",0,17
644,[0.43441172 0.64076869],15,0,"[0.4226395002574949, 0.6460584349087278]",0,88
645,[0.35218466 0.28657397],47,21,"[0.3571400957876323, 0.26942599959136726]",0,75
646,[0.6345196  0.40666835],61,10,"[0.6398799516193626, 0.38844091859549007]",0,21
647,[0.84427663 0.41882777],30,8,"[0.8210079602672482, 0.4506152114933381]",0,17
648,[0.81959048 0.33403215],91,25,"[0.8211120104597844, 0.37574618786089475]",0,-1
649,[0.54962751 0.22374056],88,61,"[0.5821749572804258, 0.2185848836493384]",0,-1
650,[0.6457203  0.24327386],86,35,"[0.6545605605339905, 0.22500987532438183]",0,-1
651,[0.71475596 0.32589618],91,3,"[0.6759399092328674, 0.32128183561871837]",0,-1
652,[0.19812316 0.73824689],65,11,"[0.22353793679767786, 0.7478364040140648]",0,57
653,[0.57777239 0.71367263],70,57,"[0.6165364982648931, 0.7310583472769618]",0,-1
654,[0.15816502 0.87443458],0,69,"[0.18889864315739, 0.8195957758801673]",0,-1
655,[0.86472873 0.68332042],99,85,"[0.8584098981619135, 0.7196353557924977]",0,-1
656,[0.20354811 0.8038771 ],0,69,"[0.18889864315739, 0.8195957758801673]",0,-1
657,[0.42299044 0.34960167],67,6,"[0.40678448596985844, 0.34277371919698396]",0,-1
658,[0.41280939 0.51492765],14,50,"[0.3898476181838421, 0.5216929572274273]",0,-1
659,[0.80490729 0.58098822],27,47,"[0.8091525442233867, 0.6013457413252116]",0,8
660,[0.20787802 0.72313984],18,11,"[0.22353793679767786, 0.7478364040140648]",0,55
661,[0.22127231 0.5144218 ],97,44,"[0.1912270592870895, 0.5359549801185394]",0,-1
662,[0.17744024 0.48297538],97,51,"[0.1508950301577577, 0.45723062251398755]",0,-1
663,[0.47262206 0.52988732],12,40,"[0.4758590512403852, 0.5317248607280546]",0,-1
664,[0.34406178 0.45712967],42,1,"[0.3572487842659222, 0.41922446128046986]",0,78
665,[0.16668595 0.16759338],45,81,"[0.13426292668090453, 0.163935928071412]",0,-1
666,[0.73255662 0.17742084],95,70,"[0.6986975952159088, 0.16842470592263856]",0,-1
667,[0.62255941 0.56425628],74,9,"[0.6184830434267037, 0.586333469678524]",0,-1
668,[0.46004096 0.53368809],15,40,"[0.4758590512403852, 0.5317248607280546]",0,-1
669,[0.42518  0.291888],55,6,"[0.40678448596985844, 0.34277371919698396]",0,-1
670,[0.88588943 0.85011964],21,87,"[0.8925149589987491, 0.8617277435613537]",0,-1
671,[0.81526779 0.54384962],27,13,"[0.843760744736157, 0.5166552078676889]",0,-1
672,[0.12206013 0.37511049],26,71,"[0.11481900251646894, 0.37559708088824]",0,-1
673,[0.20427854 0.54027491],98,44,"[0.1912270592870895, 0.5359549801185394]",0,-1
674,[0.32973589 0.16807953],47,49,"[0.35418448506576955, 0.14329850428612353]",0,-1
675,[0.59446104 0.14653281],95,91,"[0.5747298360762695, 0.15930251145986343]",0,-1
676,[0.13309441 0.75506378],39,43,"[0.15465866632935668, 0.7523522483084468]",0,-1
677,[0.94575757 0.41427976],43,62,"[0.8921140984845523, 0.4428581583396137]",0,-1
678,[0.83574384 0.51454212],87,13,"[0.843760744736157, 0.5166552078676889]",0,17
679,[0.4037845  0.42888982],8,17,"[0.4108830354862289, 0.4435508998593477]",0,-1
680,[0.63273643 0.59040876],49,9,"[0.6184830434267037, 0.586333469678524]",0,-1
681,[0.64648116 0.22854875],89,35,"[0.6545605605339905, 0.22500987532438183]",0,6
682,[0.20082113 0.59482004],23,80,"[0.15990270049190128, 0.5986117043755352]",0,-1
683,[0.29836316 0.41160099],8,19,"[0.2847353251184853, 0.39005308479636985]",0,86
684,[0.40330583 0.20079113],33,31,"[0.4191189173246286, 0.19329258812229377]",0,31
685,[0.46537642 0.40714733],67,42,"[0.47090413605197745, 0.3706753216883814]",0,58
686,[0.79858258 0.89981932],85,79,"[0.8263954992254994, 0.8681441505941476]",0,-1
687,[0.81260035 0.56243696],63,47,"[0.8091525442233867, 0.6013457413252116]",0,-1
688,[0.37665032 0.38409619],1,1,"[0.3572487842659222, 0.41922446128046986]",0,89
689,[0.5946066  0.62063681],74,9,"[0.6184830434267037, 0.586333469678524]",0,87
690,[0.20126828 0.24096238],5,33,"[0.1898538969523832, 0.20289106741831933]",0,66
691,[0.3665906  0.83066927],78,54,"[0.36959478636682913, 0.8084550989826409]",0,-1
692,[0.12550059 0.14630686],32,81,"[0.13426292668090453, 0.163935928071412]",0,-1
693,[0.75748657 0.56284394],28,32,"[0.7786163905873836, 0.5211842185039978]",0,-1
694,[0.31308662 0.29640258],42,7,"[0.3321936611977011, 0.34293111744375654]",0,75
695,[0.62135619 0.56111   ],13,9,"[0.6184830434267037, 0.586333469678524]",0,-1
696,[0.16084712 0.45690175],26,51,"[0.1508950301577577, 0.45723062251398755]",0,-1
697,[0.62296442 0.77772794],72,14,"[0.6208537257023621, 0.8045775614928529]",0,36
698,[0.40611609 0.35647379],67,6,"[0.40678448596985844, 0.34277371919698396]",0,-1
699,[0.49720787 0.17257371],33,56,"[0.4908116515444846, 0.16632592191374188]",0,-1
700,[0.81096573 0.88331693],85,79,"[0.8263954992254994, 0.8681441505941476]",0,-1
701,[0.55073906 0.52570857],13,29,"[0.5812618174713859, 0.5240123764686471]",0,-1
702,[0.75937436 0.4524528 ],3,15,"[0.7558016368645127, 0.4462797814247812]",0,-1
703,[0.47677192 0.41445438],4,42,"[0.47090413605197745, 0.3706753216883814]",0,58
704,[0.54977601 0.768752  ],72,46,"[0.5435344637313357, 0.7795756563374607]",0,26
705,[0.55504546 0.19609546],88,61,"[0.5821749572804258, 0.2185848836493384]",0,-1
706,[0.25667051 0.32937491],11,24,"[0.23531691667485555, 0.27209662123665185]",0,-1
707,[0.84610559 0.78644485],85,41,"[0.8492841799095646, 0.8019622424543851]",0,13
708,[0.48146882 0.58160377],69,2,"[0.4675886295436634, 0.6021765353351279]",0,88
709,[0.22249731 0.18805792],5,33,"[0.1898538969523832, 0.20289106741831933]",0,-1
710,[0.41284247 0.63621218],82,0,"[0.4226395002574949, 0.6460584349087278]",0,88
711,[0.61092937 0.85691417],60,82,"[0.6132420785222222, 0.8710652413331001]",0,-1
712,[0.46188039 0.81248789],94,16,"[0.45898902168994016, 0.8115000101692392]",0,39
713,[0.31830904 0.73281762],19,12,"[0.2822438507480652, 0.7105313788319401]",0,-1
714,[0.12948153 0.28379451],53,84,"[0.1433957510634753, 0.2579081432754369]",0,-1
715,[0.85148515 0.29727762],80,66,"[0.8238364342627095, 0.2773691959806487]",0,-1
716,[0.20753719 0.56550392],97,44,"[0.1912270592870895, 0.5359549801185394]",0,-1
717,[0.49692333 0.52496784],41,40,"[0.4758590512403852, 0.5317248607280546]",0,-1
718,[0.32217281 0.66248705],19,36,"[0.3536068858323266, 0.6613822308481206]",0,-1
719,[0.66183256 0.40810851],34,10,"[0.6398799516193626, 0.38844091859549007]",0,21
720,[0.68160256 0.4707051 ],29,65,"[0.6636957553845171, 0.46135824588144125]",0,-1
721,[0.54392765 0.63740148],12,5,"[0.54876158375065, 0.6433749135954844]",0,88
722,[0.85765642 0.49059372],83,13,"[0.843760744736157, 0.5166552078676889]",0,17
723,[0.19812401 0.17706078],5,33,"[0.1898538969523832, 0.20289106741831933]",0,48
724,[0.16482738 0.8238733 ],31,69,"[0.18889864315739, 0.8195957758801673]",0,-1
725,[0.85425481 0.31667388],80,83,"[0.8762199555116444, 0.3404048051239979]",0,2
726,[0.55312922 0.47830308],13,75,"[0.5172236746686562, 0.4443369127615434]",0,-1
727,[0.3879823  0.46559182],64,17,"[0.4108830354862289, 0.4435508998593477]",0,80
728,[0.35352521 0.38665587],47,1,"[0.3572487842659222, 0.41922446128046986]",0,89
729,[0.38811609 0.17485525],73,31,"[0.4191189173246286, 0.19329258812229377]",0,-1
730,[0.18575638 0.79264595],39,69,"[0.18889864315739, 0.8195957758801673]",0,50
731,[0.59587318 0.88237982],60,82,"[0.6132420785222222, 0.8710652413331001]",0,-1
732,[0.8986838 0.144652 ],36,88,"[0.8567588921418147, 0.17457306337920828]",-1,-1
733,[0.3129808  0.57190154],20,30,"[0.36820757824267275, 0.5891561499462349]",0,-1
734,[0.27575973 0.81285822],31,26,"[0.2731213809151105, 0.8295374863795931]",0,-1
735,[0.78767194 0.50480389],28,32,"[0.7786163905873836, 0.5211842185039978]",0,17
736,[0.38182618 0.57439437],82,30,"[0.36820757824267275, 0.5891561499462349]",0,-1
737,[0.16982958 0.04105271],10,89,"[0.15862126123377812, 0.09531060003677258]",-1,-1
738,[0.58431525 0.77535982],70,46,"[0.5435344637313357, 0.7795756563374607]",0,-1
739,[0.47630181 0.6780437 ],69,37,"[0.47348968360582744, 0.7125916710309903]",0,-1
740,[0.28830496 0.36357765],22,19,"[0.2847353251184853, 0.39005308479636985]",0,-1
741,[0.77635172 0.37311737],66,22,"[0.757272224425649, 0.33905999717339425]",0,-1
742,[0.49516101 0.62459683],7,2,"[0.4675886295436634, 0.6021765353351279]",0,-1
743,[0.48240786 0.54672878],77,40,"[0.4758590512403852, 0.5317248607280546]",0,83
744,[0.25931546 0.70178966],18,12,"[0.2822438507480652, 0.7105313788319401]",0,-1
745,[0.53422559 0.63358909],6,5,"[0.54876158375065, 0.6433749135954844]",0,-1
746,[0.22233196 0.2426904 ],5,24,"[0.23531691667485555, 0.27209662123665185]",0,-1
747,[0.81651668 0.55984514],27,47,"[0.8091525442233867, 0.6013457413252116]",0,14
748,[0.51269766 0.55516841],69,20,"[0.5371890084085489, 0.5739528596094324]",0,-1
749,[0.63947132 0.43140697],29,65,"[0.6636957553845171, 0.46135824588144125]",0,-1
750,[0.58396731 0.23090373],88,61,"[0.5821749572804258, 0.2185848836493384]",0,7
751,[0.83604316 0.41732472],43,8,"[0.8210079602672482, 0.4506152114933381]",0,17
752,[0.47083193 0.53779661],41,40,"[0.4758590512403852, 0.5317248607280546]",0,-1
753,[0.10735483 0.47550638],98,51,"[0.1508950301577577, 0.45723062251398755]",0,-1
754,[0.85159165 0.56543955],63,59,"[0.8763268698051316, 0.579199170331017]",0,16
755,[0.61684363 0.38657096],61,10,"[0.6398799516193626, 0.38844091859549007]",0,11
756,[0.30448705 0.17586591],57,27,"[0.29001319373773415, 0.21087702736570366]",0,-1
757,[0.78152988 0.60019905],99,47,"[0.8091525442233867, 0.6013457413252116]",0,-1
758,[0.78896311 0.19656831],36,78,"[0.7951539755354653, 0.19004804298167233]",0,0
759,[0.44383919 0.65091874],76,0,"[0.4226395002574949, 0.6460584349087278]",0,88
760,[0.87968266 0.82290122],85,41,"[0.8492841799095646, 0.8019622424543851]",0,-1
761,[0.37585643 0.54779064],82,50,"[0.3898476181838421, 0.5216929572274273]",0,-1
762,[0.52933396 0.59668795],41,20,"[0.5371890084085489, 0.5739528596094324]",0,-1
763,[0.48826832 0.75763144],94,37,"[0.47348968360582744, 0.7125916710309903]",0,-1
764,[0.15398002 0.34466911],53,38,"[0.18350109397176653, 0.31916714902230253]",0,-1
765,[0.11513212 0.36154351],26,71,"[0.11481900251646894, 0.37559708088824]",0,-1
766,[0.82324535 0.45196886],43,8,"[0.8210079602672482, 0.4506152114933381]",0,17
767,[0.54597386 0.57903152],74,20,"[0.5371890084085489, 0.5739528596094324]",0,88
768,[0.18119493 0.76395642],39,43,"[0.15465866632935668, 0.7523522483084468]",0,-1
769,[0.67347557 0.82695685],79,14,"[0.6208537257023621, 0.8045775614928529]",0,-1
770,[0.71566436 0.35681248],54,4,"[0.7100353299176262, 0.3875574879176719]",0,21
771,[0.48893816 0.76336157],94,37,"[0.47348968360582744, 0.7125916710309903]",0,-1
772,[0.49689773 0.68123237],75,37,"[0.47348968360582744, 0.7125916710309903]",0,-1
773,[0.28784215 0.45724772],22,28,"[0.2520846559803125, 0.4621952512240386]",0,-1
774,[0.44569989 0.80593462],94,16,"[0.45898902168994016, 0.8115000101692392]",0,39
775,[0.41450963 0.63841172],15,0,"[0.4226395002574949, 0.6460584349087278]",0,88
776,[0.27580463 0.41945021],22,19,"[0.2847353251184853, 0.39005308479636985]",0,-1
777,[0.32556759 0.43482453],92,1,"[0.3572487842659222, 0.41922446128046986]",0,-1
778,[0.29523145 0.8646666 ],48,26,"[0.2731213809151105, 0.8295374863795931]",0,-1
779,[0.68589335 0.15913189],86,70,"[0.6986975952159088, 0.16842470592263856]",0,-1
780,[0.31333497 0.19157544],73,27,"[0.29001319373773415, 0.21087702736570366]",0,-1
781,[0.61799476 0.86136407],79,82,"[0.6132420785222222, 0.8710652413331001]",0,-1
782,[0.41375927 0.11224095],84,74,"[0.4464145664830302, 0.11749079524673668]",0,-1
783,[0.80254163 0.58534973],63,47,"[0.8091525442233867, 0.6013457413252116]",0,-1
784,[0.43080737 0.33013273],38,6,"[0.40678448596985844, 0.34277371919698396]",0,-1
785,[0.19770785 0.66499945],18,45,"[0.19601325606017345, 0.667358514260268]",0,-1
786,[0.49885346 0.09005241],33,99,"[0.5444828914688598, 0.07256639339212836]",0,-1
787,[0.44407184 0.37780932],38,42,"[0.47090413605197745, 0.3706753216883814]",0,58
788,[0.8134691  0.47005299],87,8,"[0.8210079602672482, 0.4506152114933381]",0,17
789,[0.34194111 0.31385481],38,7,"[0.3321936611977011, 0.34293111744375654]",0,-1
790,[0.2491273  0.41087576],22,19,"[0.2847353251184853, 0.39005308479636985]",0,74
791,[0.57896424 0.63557779],35,5,"[0.54876158375065, 0.6433749135954844]",0,-1
792,[0.16119404 0.40111524],44,23,"[0.2032497039719594, 0.393824370774819]",0,-1
793,[0.47034133 0.56428538],41,40,"[0.4758590512403852, 0.5317248607280546]",0,88
794,[0.12722063 0.74898238],65,43,"[0.15465866632935668, 0.7523522483084468]",0,-1
795,[0.37286126 0.65174796],20,36,"[0.3536068858323266, 0.6613822308481206]",0,-1
796,[0.380755   0.46714263],64,17,"[0.4108830354862289, 0.4435508998593477]",0,80
797,[0.15209065 0.7032415 ],0,43,"[0.15465866632935668, 0.7523522483084468]",0,-1
798,[0.81558765 0.42521995],30,8,"[0.8210079602672482, 0.4506152114933381]",0,-1
799,[0.35053869 0.39350066],47,1,"[0.3572487842659222, 0.41922446128046986]",0,89
800,[0.30330828 0.2564905 ],58,27,"[0.29001319373773415, 0.21087702736570366]",0,-1
801,[0.48857962 0.25780225],86,34,"[0.47832967363307105, 0.25654673669797673]",0,-1
802,[0.36096431 0.40505783],92,1,"[0.3572487842659222, 0.41922446128046986]",0,89
803,[0.73177159 0.62825022],99,72,"[0.7259305706267937, 0.621464812471517]",0,-1
804,[0.5921943  0.16771623],88,91,"[0.5747298360762695, 0.15930251145986343]",0,-1
805,[0.66581077 0.32038124],71,3,"[0.6759399092328674, 0.32128183561871837]",0,21
806,[0.24856987 0.25727437],5,24,"[0.23531691667485555, 0.27209662123665185]",0,-1
807,[0.36616522 0.48367766],9,50,"[0.3898476181838421, 0.5216929572274273]",0,77
808,[0.51572278 0.6147373 ],69,5,"[0.54876158375065, 0.6433749135954844]",0,-1
809,[0.58672865 0.26836873],86,64,"[0.594073349455653, 0.28354489837534175]",0,-1
810,[0.51853328 0.79440764],60,46,"[0.5435344637313357, 0.7795756563374607]",0,-1
811,[0.42927524 0.82227618],78,16,"[0.45898902168994016, 0.8115000101692392]",0,-1
812,[0.19574951 0.63533636],23,45,"[0.19601325606017345, 0.667358514260268]",0,-1
813,[0.79544782 0.45758684],3,8,"[0.8210079602672482, 0.4506152114933381]",0,17
814,[0.36084823 0.32869668],1,7,"[0.3321936611977011, 0.34293111744375654]",0,-1
815,[0.16470514 0.52116185],97,44,"[0.1912270592870895, 0.5359549801185394]",0,44
816,[0.58547283 0.7725856 ],70,46,"[0.5435344637313357, 0.7795756563374607]",0,-1
817,[0.2743904  0.24786536],58,27,"[0.29001319373773415, 0.21087702736570366]",0,-1
818,[0.3954611  0.65027204],19,0,"[0.4226395002574949, 0.6460584349087278]",0,88
819,[0.50315259 0.13117815],33,56,"[0.4908116515444846, 0.16632592191374188]",0,-1
820,[0.4708985  0.70914839],90,37,"[0.47348968360582744, 0.7125916710309903]",0,-1
821,[0.18432727 0.53787892],97,44,"[0.1912270592870895, 0.5359549801185394]",0,-1
822,[0.59686032 0.80974588],79,14,"[0.6208537257023621, 0.8045775614928529]",0,42
823,[0.71764413 0.29816708],2,55,"[0.7305076164562052, 0.2580112669411776]",0,-1
824,[0.58384605 0.44311396],4,68,"[0.6059400326152605, 0.4534475926518635]",0,-1
825,[0.14907035 0.52850787],98,77,"[0.10737865443478777, 0.5291217341624451]",0,44
826,[0.83812338 0.22744093],80,66,"[0.8238364342627095, 0.2773691959806487]",0,0
827,[0.2614962 0.2640582],58,24,"[0.23531691667485555, 0.27209662123665185]",0,-1
828,[0.49763418 0.81593982],60,16,"[0.45898902168994016, 0.8115000101692392]",0,38
829,[0.42347181 0.33453752],55,6,"[0.40678448596985844, 0.34277371919698396]",0,-1
830,[0.32711859 0.38773132],81,19,"[0.2847353251184853, 0.39005308479636985]",0,89
831,[0.7580593  0.43104973],50,15,"[0.7558016368645127, 0.4462797814247812]",0,-1
832,[0.70242646 0.35113706],54,4,"[0.7100353299176262, 0.3875574879176719]",0,21
833,[0.83100704 0.76414738],21,41,"[0.8492841799095646, 0.8019622424543851]",0,-1
834,[0.34697441 0.34991724],38,7,"[0.3321936611977011, 0.34293111744375654]",0,89
835,[0.33004245 0.32296039],38,7,"[0.3321936611977011, 0.34293111744375654]",0,75
836,[0.76847574 0.29456157],54,22,"[0.757272224425649, 0.33905999717339425]",0,-1
837,[0.2149921  0.47196157],9,28,"[0.2520846559803125, 0.4621952512240386]",0,60
838,[0.48745294 0.60711533],7,2,"[0.4675886295436634, 0.6021765353351279]",0,-1
839,[0.77872708 0.77824516],21,63,"[0.7856877410353075, 0.7534945903126699]",0,-1
840,[0.78192548 0.49298148],3,32,"[0.7786163905873836, 0.5211842185039978]",0,-1
841,[0.09160448 0.33292247],53,71,"[0.11481900251646894, 0.37559708088824]",0,-1
842,[0.37975645 0.60636869],7,30,"[0.36820757824267275, 0.5891561499462349]",0,-1
843,[0.65420528 0.57304737],13,9,"[0.6184830434267037, 0.586333469678524]",0,-1
844,[0.47636252 0.57829026],15,2,"[0.4675886295436634, 0.6021765353351279]",0,88
845,[0.13207997 0.7086195 ],0,90,"[0.11769418158886381, 0.6663972759552037]",0,-1
846,[0.72802153 0.53972706],3,53,"[0.6955018555560987, 0.5389599645427405]",0,-1
847,[0.13238606 0.80130276],39,86,"[0.11333449837233942, 0.8035791769910723]",0,-1
848,[0.29195197 0.84836863],48,26,"[0.2731213809151105, 0.8295374863795931]",0,-1
849,[0.85519633 0.53099253],28,13,"[0.843760744736157, 0.5166552078676889]",0,17
850,[0.76664852 0.50222893],63,32,"[0.7786163905873836, 0.5211842185039978]",0,-1
851,[0.26138776 0.38086936],9,19,"[0.2847353251184853, 0.39005308479636985]",0,-1
852,[0.82183351 0.47228966],43,8,"[0.8210079602672482, 0.4506152114933381]",0,17
853,[0.48704632 0.63596975],41,2,"[0.4675886295436634, 0.6021765353351279]",0,85
854,[0.22871148 0.49815372],9,28,"[0.2520846559803125, 0.4621952512240386]",0,-1
855,[0.19697387 0.49909937],97,44,"[0.1912270592870895, 0.5359549801185394]",0,44
856,[0.49301506 0.82505465],78,16,"[0.45898902168994016, 0.8115000101692392]",0,38
857,[0.34876428 0.22936344],58,21,"[0.3571400957876323, 0.26942599959136726]",0,-1
858,[0.423973   0.11025969],33,74,"[0.4464145664830302, 0.11749079524673668]",0,-1
859,[0.10214604 0.33924328],11,71,"[0.11481900251646894, 0.37559708088824]",0,-1
860,[0.8271559  0.16419044],36,88,"[0.8567588921418147, 0.17457306337920828]",0,-1
861,[0.24219522 0.34949714],22,19,"[0.2847353251184853, 0.39005308479636985]",0,-1
862,[0.31921748 0.32594354],22,7,"[0.3321936611977011, 0.34293111744375654]",0,-1
863,[0.85713345 0.51017459],87,13,"[0.843760744736157, 0.5166552078676889]",0,17
864,[0.19400083 0.44761065],44,51,"[0.1508950301577577, 0.45723062251398755]",0,-1
865,[0.54245453 0.86272182],72,18,"[0.527398606849523, 0.8662745321442044]",0,29
866,[0.22649046 0.36210463],22,23,"[0.2032497039719594, 0.393824370774819]",0,-1
867,[0.85553906 0.32241827],66,83,"[0.8762199555116444, 0.3404048051239979]",0,2
868,[0.29863496 0.38966479],22,19,"[0.2847353251184853, 0.39005308479636985]",0,-1
869,[0.16403532 0.35703255],53,38,"[0.18350109397176653, 0.31916714902230253]",0,-1
870,[0.84267158 0.84161335],85,79,"[0.8263954992254994, 0.8681441505941476]",0,-1
871,[0.57216722 0.05968255],33,99,"[0.5444828914688598, 0.07256639339212836]",-1,-1
872,[0.53398002 0.92892539],60,18,"[0.527398606849523, 0.8662745321442044]",0,-1
873,[0.350652   0.66369922],19,36,"[0.3536068858323266, 0.6613822308481206]",0,-1
874,[0.44352617 0.14214293],33,74,"[0.4464145664830302, 0.11749079524673668]",0,-1
875,[0.31511658 0.33031226],42,7,"[0.3321936611977011, 0.34293111744375654]",0,-1
876,[0.66189472 0.90598218],72,82,"[0.6132420785222222, 0.8710652413331001]",-1,-1
877,[0.34883867 0.34871406],42,7,"[0.3321936611977011, 0.34293111744375654]",0,89
878,[0.26860077 0.75597423],18,11,"[0.22353793679767786, 0.7478364040140648]",0,56
879,[0.39448788 0.67345005],6,0,"[0.4226395002574949, 0.6460584349087278]",0,-1
880,[0.82033922 0.46544563],30,8,"[0.8210079602672482, 0.4506152114933381]",0,17
881,[0.81979325 0.45797054],50,8,"[0.8210079602672482, 0.4506152114933381]",0,17
882,[0.79959928 0.43193214],3,8,"[0.8210079602672482, 0.4506152114933381]",0,17
883,[0.40474158 0.32159336],1,6,"[0.40678448596985844, 0.34277371919698396]",0,-1
884,[0.58260371 0.77856023],72,46,"[0.5435344637313357, 0.7795756563374607]",0,-1
885,[0.71117309 0.58942592],49,72,"[0.7259305706267937, 0.621464812471517]",0,-1
886,[0.92115822 0.53836661],27,92,"[0.9291777218511399, 0.5053403904093751]",0,-1
887,[0.59527879 0.15982344],88,91,"[0.5747298360762695, 0.15930251145986343]",0,-1
888,[0.85223881 0.11447744],36,88,"[0.8567588921418147, 0.17457306337920828]",-1,-1
889,[0.17473178 0.85692519],0,69,"[0.18889864315739, 0.8195957758801673]",0,-1
890,[0.2383745  0.42367402],22,28,"[0.2520846559803125, 0.4621952512240386]",0,74
891,[0.39389042 0.31210665],42,6,"[0.40678448596985844, 0.34277371919698396]",0,-1
892,[0.66324422 0.28898579],88,3,"[0.6759399092328674, 0.32128183561871837]",0,22
893,[0.27496877 0.36649206],22,19,"[0.2847353251184853, 0.39005308479636985]",0,-1
894,[0.38648017 0.83765444],48,54,"[0.36959478636682913, 0.8084550989826409]",0,-1
895,[0.65911643 0.82274151],24,14,"[0.6208537257023621, 0.8045775614928529]",0,-1
896,[0.26686302 0.86252336],59,26,"[0.2731213809151105, 0.8295374863795931]",0,-1
897,[0.54617122 0.63978394],35,5,"[0.54876158375065, 0.6433749135954844]",0,88
898,[0.38253336 0.69230251],19,58,"[0.37887936110594184, 0.7334391897891285]",0,-1
899,[0.522407   0.79026705],93,46,"[0.5435344637313357, 0.7795756563374607]",0,-1
900,[0.47290369 0.65590398],6,0,"[0.4226395002574949, 0.6460584349087278]",0,-1
901,[0.41289538 0.68639362],76,0,"[0.4226395002574949, 0.6460584349087278]",0,-1
902,[0.81292612 0.55814865],28,47,"[0.8091525442233867, 0.6013457413252116]",0,-1
903,[0.21952273 0.24100068],32,24,"[0.23531691667485555, 0.27209662123665185]",0,-1
904,[0.10433123 0.77018773],0,86,"[0.11333449837233942, 0.8035791769910723]",0,-1
905,[0.46850071 0.40813738],4,42,"[0.47090413605197745, 0.3706753216883814]",0,58
906,[0.81587397 0.43036754],87,8,"[0.8210079602672482, 0.4506152114933381]",0,17
907,[0.18553217 0.14731511],10,52,"[0.2294764018471187, 0.143723856671554]",0,48
908,[0.46747687 0.82221217],94,16,"[0.45898902168994016, 0.8115000101692392]",0,-1
909,[0.23380791 0.31002537],22,24,"[0.23531691667485555, 0.27209662123665185]",0,-1
910,[0.68580934 0.48551713],29,65,"[0.6636957553845171, 0.46135824588144125]",0,-1
911,[0.35149021 0.38896163],1,1,"[0.3572487842659222, 0.41922446128046986]",0,89
912,[0.67482515 0.33695665],71,3,"[0.6759399092328674, 0.32128183561871837]",0,21
913,[0.44966557 0.70999559],6,37,"[0.47348968360582744, 0.7125916710309903]",0,-1
914,[0.28339955 0.73816422],48,12,"[0.2822438507480652, 0.7105313788319401]",0,-1
915,[0.23982636 0.78692235],31,11,"[0.22353793679767786, 0.7478364040140648]",0,-1
916,[0.44406925 0.66274208],6,0,"[0.4226395002574949, 0.6460584349087278]",0,88
917,[0.15233029 0.41273618],44,51,"[0.1508950301577577, 0.45723062251398755]",0,-1
918,[0.25837476 0.73824882],16,11,"[0.22353793679767786, 0.7478364040140648]",0,-1
919,[0.46775004 0.7359572 ],94,37,"[0.47348968360582744, 0.7125916710309903]",0,-1
920,[0.42116961 0.43510326],64,17,"[0.4108830354862289, 0.4435508998593477]",0,82
921,[0.43280982 0.77754676],56,16,"[0.45898902168994016, 0.8115000101692392]",0,30
922,[0.13151923 0.77935189],0,86,"[0.11333449837233942, 0.8035791769910723]",0,-1
923,[0.41217417 0.61972913],7,0,"[0.4226395002574949, 0.6460584349087278]",0,88
924,[0.53541079 0.59681574],75,20,"[0.5371890084085489, 0.5739528596094324]",0,88
925,[0.72073859 0.35175543],91,4,"[0.7100353299176262, 0.3875574879176719]",0,21
926,[0.8130308  0.52308307],28,13,"[0.843760744736157, 0.5166552078676889]",0,17
927,[0.25411307 0.1081531 ],10,52,"[0.2294764018471187, 0.143723856671554]",0,-1
928,[0.82767419 0.50238283],43,13,"[0.843760744736157, 0.5166552078676889]",0,17
929,[0.3090909  0.55797631],82,30,"[0.36820757824267275, 0.5891561499462349]",0,-1
930,[0.66822701 0.36020933],71,3,"[0.6759399092328674, 0.32128183561871837]",0,21
931,[0.41748251 0.55836856],8,50,"[0.3898476181838421, 0.5216929572274273]",0,79
932,[0.6707387  0.34645541],68,3,"[0.6759399092328674, 0.32128183561871837]",0,21
933,[0.62198649 0.5501893 ],37,9,"[0.6184830434267037, 0.586333469678524]",0,-1
934,[0.51974742 0.23149235],88,34,"[0.47832967363307105, 0.25654673669797673]",0,-1
935,[0.5114794  0.62180463],12,5,"[0.54876158375065, 0.6433749135954844]",0,-1
936,[0.41993477 0.47191535],14,17,"[0.4108830354862289, 0.4435508998593477]",0,-1
937,[0.45391671 0.63502619],69,0,"[0.4226395002574949, 0.6460584349087278]",0,88
938,[0.53080094 0.87021477],93,18,"[0.527398606849523, 0.8662745321442044]",0,-1
939,[0.27223632 0.77859189],31,26,"[0.2731213809151105, 0.8295374863795931]",0,-1
940,[0.60048425 0.76262945],70,57,"[0.6165364982648931, 0.7310583472769618]",0,36
941,[0.89929291 0.61402929],63,59,"[0.8763268698051316, 0.579199170331017]",0,-1
942,[0.75856536 0.37974954],50,22,"[0.757272224425649, 0.33905999717339425]",0,-1
943,[0.83028948 0.58590179],27,47,"[0.8091525442233867, 0.6013457413252116]",0,-1
944,[0.16214969 0.69728887],23,45,"[0.19601325606017345, 0.667358514260268]",0,-1
945,[0.39425272 0.16589316],73,31,"[0.4191189173246286, 0.19329258812229377]",0,-1
946,[0.92530473 0.76378136],21,93,"[0.9128525281281048, 0.8015861505597924]",-1,-1
947,[0.26023365 0.62910055],23,39,"[0.2596202559688416, 0.6257540185994204]",0,52
948,[0.17126071 0.08655476],45,89,"[0.15862126123377812, 0.09531060003677258]",0,-1
949,[0.55843527 0.16414422],88,91,"[0.5747298360762695, 0.15930251145986343]",0,-1
950,[0.83083561 0.56978891],27,47,"[0.8091525442233867, 0.6013457413252116]",0,-1
951,[0.43412417 0.44857436],8,17,"[0.4108830354862289, 0.4435508998593477]",0,-1
952,[0.47059966 0.56968452],7,2,"[0.4675886295436634, 0.6021765353351279]",0,88
953,[0.81195759 0.4050964 ],68,25,"[0.8211120104597844, 0.37574618786089475]",0,-1
954,[0.23532796 0.38247936],44,23,"[0.2032497039719594, 0.393824370774819]",0,73
955,[0.82845417 0.54708308],87,13,"[0.843760744736157, 0.5166552078676889]",0,14
956,[0.54597856 0.47509317],4,75,"[0.5172236746686562, 0.4443369127615434]",0,-1
957,[0.56391918 0.68897393],75,5,"[0.54876158375065, 0.6433749135954844]",0,-1
958,[0.79668291 0.38935889],43,25,"[0.8211120104597844, 0.37574618786089475]",0,-1
959,[0.15752352 0.46690726],98,51,"[0.1508950301577577, 0.45723062251398755]",0,-1
960,[0.857987   0.12402408],36,88,"[0.8567588921418147, 0.17457306337920828]",-1,-1
961,[0.30604854 0.68258809],18,12,"[0.2822438507480652, 0.7105313788319401]",0,-1
962,[0.83140385 0.41086576],30,25,"[0.8211120104597844, 0.37574618786089475]",0,17
963,[0.44561184 0.62743688],69,0,"[0.4226395002574949, 0.6460584349087278]",0,88
964,[0.1532144  0.50431583],98,51,"[0.1508950301577577, 0.45723062251398755]",0,-1
965,[0.45967818 0.78856444],94,16,"[0.45898902168994016, 0.8115000101692392]",0,-1
966,[0.65247909 0.71709753],70,57,"[0.6165364982648931, 0.7310583472769618]",0,-1
967,[0.40507278 0.52387208],7,50,"[0.3898476181838421, 0.5216929572274273]",0,-1
968,[0.28707418 0.47011516],81,28,"[0.2520846559803125, 0.4621952512240386]",0,-1
969,[0.29596873 0.82141004],48,26,"[0.2731213809151105, 0.8295374863795931]",0,46
970,[0.0977489  0.43166098],98,71,"[0.11481900251646894, 0.37559708088824]",0,-1
971,[0.65063065 0.21808242],89,35,"[0.6545605605339905, 0.22500987532438183]",0,6
972,[0.35154121 0.38107465],9,1,"[0.3572487842659222, 0.41922446128046986]",0,89
973,[0.75509911 0.5538348 ],28,32,"[0.7786163905873836, 0.5211842185039978]",0,-1
974,[0.06258594 0.75847219],0,94,"[0.08336279277630905, 0.7423055088738316]",0,-1
975,[0.29006906 0.76412372],48,12,"[0.2822438507480652, 0.7105313788319401]",0,-1
976,[0.44743059 0.55044697],15,40,"[0.4758590512403852, 0.5317248607280546]",0,-1
977,[0.14587617 0.8359338 ],31,86,"[0.11333449837233942, 0.8035791769910723]",0,-1
978,[0.39525699 0.3631095 ],38,6,"[0.40678448596985844, 0.34277371919698396]",0,-1
979,[0.52512258 0.63377007],74,5,"[0.54876158375065, 0.6433749135954844]",0,-1
980,[0.82178633 0.52959356],63,13,"[0.843760744736157, 0.5166552078676889]",0,17
981,[0.37339968 0.52037713],41,50,"[0.3898476181838421, 0.5216929572274273]",0,-1
982,[0.66949701 0.32789607],71,3,"[0.6759399092328674, 0.32128183561871837]",0,21
983,[0.75221336 0.3952025 ],66,4,"[0.7100353299176262, 0.3875574879176719]",0,21
984,[0.17581278 0.66300118],18,45,"[0.19601325606017345, 0.667358514260268]",0,-1
985,[0.82980353 0.38704537],30,25,"[0.8211120104597844, 0.37574618786089475]",0,17
986,[0.66046499 0.40146736],34,10,"[0.6398799516193626, 0.38844091859549007]",0,21
987,[0.57810994 0.5688629 ],34,20,"[0.5371890084085489, 0.5739528596094324]",0,88
988,[0.89904387 0.3334031 ],80,83,"[0.8762199555116444, 0.3404048051239979]",0,-1
989,[0.47543889 0.13853572],33,56,"[0.4908116515444846, 0.16632592191374188]",0,-1
990,[0.32997537 0.35450908],47,7,"[0.3321936611977011, 0.34293111744375654]",0,89
991,[0.16554202 0.54451572],97,44,"[0.1912270592870895, 0.5359549801185394]",0,44
992,[0.65426571 0.43709365],61,65,"[0.6636957553845171, 0.46135824588144125]",0,-1
993,[0.23182196 0.75125752],31,11,"[0.22353793679767786, 0.7478364040140648]",0,-1
994,[0.18020945 0.24509305],11,84,"[0.1433957510634753, 0.2579081432754369]",0,-1
995,[0.78183834 0.60037175],99,47,"[0.8091525442233867, 0.6013457413252116]",0,-1
996,[0.60400333 0.26947208],86,64,"[0.594073349455653, 0.28354489837534175]",0,-1
997,[0.70484019 0.42679863],3,4,"[0.7100353299176262, 0.3875574879176719]",0,-1
998,[0.2809286  0.37032398],44,19,"[0.2847353251184853, 0.39005308479636985]",0,-1
999,[0.87442906 0.84143955],85,87,"[0.8925149589987491, 0.8617277435613537]",0,-1
1000,[0.37041214 0.39913294],14,1,"[0.3572487842659222, 0.41922446128046986]",0,89
1001,[0.49829708 0.27574571],4,34,"[0.47832967363307105, 0.25654673669797673]",0,-1
1002,[0.822271   0.35961046],66,25,"[0.8211120104597844, 0.37574618786089475]",0,-1
1003,[0.63720133 0.80436966],79,14,"[0.6208537257023621, 0.8045775614928529]",0,42
1004,[0.88675337 0.81215923],85,93,"[0.9128525281281048, 0.8015861505597924]",0,-1
1005,[0.41227153 0.13619933],52,74,"[0.4464145664830302, 0.11749079524673668]",0,-1
1006,[0.54296072 0.36939801],71,73,"[0.5684491373659465, 0.3759776977620393]",0,-1
1007,[0.81858448 0.61698952],99,47,"[0.8091525442233867, 0.6013457413252116]",0,8
1008,[0.77167368 0.5245501 ],28,32,"[0.7786163905873836, 0.5211842185039978]",0,17
1009,[0.4491979  0.57754319],82,2,"[0.4675886295436634, 0.6021765353351279]",0,88
1010,[0.28453004 0.73155104],18,12,"[0.2822438507480652, 0.7105313788319401]",0,54
1011,[0.65395114 0.59129638],35,9,"[0.6184830434267037, 0.586333469678524]",0,-1
1012,[0.39311496 0.59465043],20,30,"[0.36820757824267275, 0.5891561499462349]",0,88
1013,[0.35688509 0.4271225 ],92,1,"[0.3572487842659222, 0.41922446128046986]",0,89
1014,[0.11986969 0.5385402 ],98,77,"[0.10737865443478777, 0.5291217341624451]",0,24
1015,[0.4129014  0.33064287],67,6,"[0.40678448596985844, 0.34277371919698396]",0,-1
1016,[0.10613843 0.53642503],98,77,"[0.10737865443478777, 0.5291217341624451]",0,24
1017,[0.29634129 0.65770148],51,39,"[0.2596202559688416, 0.6257540185994204]",0,-1
1018,[0.19498205 0.37353521],81,23,"[0.2032497039719594, 0.393824370774819]",0,-1
1019,[0.25086266 0.43305261],9,28,"[0.2520846559803125, 0.4621952512240386]",0,74
1020,[0.29585087 0.82601044],31,26,"[0.2731213809151105, 0.8295374863795931]",0,-1
1021,[0.43528244 0.658719  ],6,0,"[0.4226395002574949, 0.6460584349087278]",0,88
1022,[0.76831753 0.57357241],28,47,"[0.8091525442233867, 0.6013457413252116]",0,-1
1023,[0.59022941 0.62252473],74,9,"[0.6184830434267037, 0.586333469678524]",0,87
1024,[0.6978881  0.30707919],2,3,"[0.6759399092328674, 0.32128183561871837]",0,-1
1025,[0.13455333 0.54233448],23,77,"[0.10737865443478777, 0.5291217341624451]",0,-1
1026,[0.59672524 0.28605358],86,64,"[0.594073349455653, 0.28354489837534175]",0,-1
1027,[0.47228446 0.26713386],55,34,"[0.47832967363307105, 0.25654673669797673]",0,27
1028,[0.10639079 0.27876732],32,84,"[0.1433957510634753, 0.2579081432754369]",0,-1
1029,[0.86253676 0.50512465],63,13,"[0.843760744736157, 0.5166552078676889]",0,17
1030,[0.44663048 0.58696189],15,2,"[0.4675886295436634, 0.6021765353351279]",0,88
1031,[0.43558279 0.47943278],64,17,"[0.4108830354862289, 0.4435508998593477]",0,-1
1032,[0.569261   0.56589149],13,20,"[0.5371890084085489, 0.5739528596094324]",0,88
1033,[0.81618238 0.83172161],96,48,"[0.7803433920128066, 0.8205948599681767]",0,13
1034,[0.15873453 0.41510043],26,51,"[0.1508950301577577, 0.45723062251398755]",0,-1
1035,[0.76676973 0.51698388],28,32,"[0.7786163905873836, 0.5211842185039978]",0,-1
1036,[0.19688305 0.40741665],9,23,"[0.2032497039719594, 0.393824370774819]",0,72
1037,[0.6707828  0.39125253],2,10,"[0.6398799516193626, 0.38844091859549007]",0,21
1038,[0.55152452 0.87089513],72,18,"[0.527398606849523, 0.8662745321442044]",0,-1
1039,[0.48781446 0.7389997 ],94,37,"[0.47348968360582744, 0.7125916710309903]",0,-1
1040,[0.80114135 0.29406533],91,66,"[0.8238364342627095, 0.2773691959806487]",0,-1
1041,[0.52966856 0.1205998 ],84,99,"[0.5444828914688598, 0.07256639339212836]",0,-1
1042,[0.64931675 0.67496994],74,76,"[0.6483290776065068, 0.6569295539328516]",0,-1
1043,[0.32890182 0.47421661],14,1,"[0.3572487842659222, 0.41922446128046986]",0,78
1044,[0.6526707  0.74358506],24,57,"[0.6165364982648931, 0.7310583472769618]",0,-1
1045,[0.3948477  0.13649607],33,49,"[0.35418448506576955, 0.14329850428612353]",0,-1
1046,[0.53294113 0.54696284],12,20,"[0.5371890084085489, 0.5739528596094324]",0,-1
1047,[0.65683433 0.83172799],24,14,"[0.6208537257023621, 0.8045775614928529]",0,-1
1048,[0.52286681 0.67274349],75,5,"[0.54876158375065, 0.6433749135954844]",0,-1
1049,[0.57453689 0.64347805],12,5,"[0.54876158375065, 0.6433749135954844]",0,-1
1050,[0.65145414 0.66474551],35,76,"[0.6483290776065068, 0.6569295539328516]",0,-1
1051,[0.85089301 0.54685407],63,13,"[0.843760744736157, 0.5166552078676889]",0,-1
1052,[0.2762685  0.15829423],10,52,"[0.2294764018471187, 0.143723856671554]",0,-1
1053,[0.71620617 0.40142185],29,4,"[0.7100353299176262, 0.3875574879176719]",0,21
1054,[0.70422324 0.39930125],40,4,"[0.7100353299176262, 0.3875574879176719]",0,21
1055,[0.43939649 0.76915019],56,16,"[0.45898902168994016, 0.8115000101692392]",0,30
1056,[0.42368359 0.6268462 ],90,0,"[0.4226395002574949, 0.6460584349087278]",0,88
1057,[0.4464692  0.72587023],6,37,"[0.47348968360582744, 0.7125916710309903]",0,-1
1058,[0.2653689  0.70995489],19,12,"[0.2822438507480652, 0.7105313788319401]",0,-1
1059,[0.37856669 0.42705694],8,1,"[0.3572487842659222, 0.41922446128046986]",0,89
1060,[0.54541664 0.63656166],12,5,"[0.54876158375065, 0.6433749135954844]",0,-1
1061,[0.18184625 0.39561249],44,23,"[0.2032497039719594, 0.393824370774819]",0,-1
1062,[0.46138984 0.37606266],92,42,"[0.47090413605197745, 0.3706753216883814]",0,-1
1063,[0.22111903 0.77212503],31,11,"[0.22353793679767786, 0.7478364040140648]",0,-1
1064,[0.47280655 0.67570172],6,37,"[0.47348968360582744, 0.7125916710309903]",0,-1
1065,[0.10212024 0.83484392],0,86,"[0.11333449837233942, 0.8035791769910723]",0,-1
1066,[0.802509   0.17343156],36,78,"[0.7951539755354653, 0.19004804298167233]",0,-1
1067,[0.88493208 0.77353456],21,93,"[0.9128525281281048, 0.8015861505597924]",0,-1
1068,[0.58842499 0.25553441],88,64,"[0.594073349455653, 0.28354489837534175]",0,-1
1069,[0.8666389  0.54294492],83,13,"[0.843760744736157, 0.5166552078676889]",0,17
1070,[0.69722616 0.40736702],61,4,"[0.7100353299176262, 0.3875574879176719]",0,-1
1071,[0.18081575 0.27757368],5,38,"[0.18350109397176653, 0.31916714902230253]",0,-1
1072,[0.42494306 0.07943707],73,74,"[0.4464145664830302, 0.11749079524673668]",0,-1
1073,[0.19162706 0.74915228],0,11,"[0.22353793679767786, 0.7478364040140648]",0,57
1074,[0.25419446 0.69686075],16,12,"[0.2822438507480652, 0.7105313788319401]",0,-1
1075,[0.6081447  0.78063501],70,14,"[0.6208537257023621, 0.8045775614928529]",0,36
1076,[0.19850155 0.67074374],23,45,"[0.19601325606017345, 0.667358514260268]",0,53
1077,[0.51940927 0.19983066],52,56,"[0.4908116515444846, 0.16632592191374188]",0,-1
1078,[0.65215088 0.7577065 ],24,57,"[0.6165364982648931, 0.7310583472769618]",0,-1
1079,[0.70898722 0.36832491],40,4,"[0.7100353299176262, 0.3875574879176719]",0,21
1080,[0.36751616 0.39052589],81,1,"[0.3572487842659222, 0.41922446128046986]",0,89
1081,[0.21379106 0.47179118],44,28,"[0.2520846559803125, 0.4621952512240386]",0,60
1082,[0.37945078 0.40785205],92,1,"[0.3572487842659222, 0.41922446128046986]",0,89
1083,[0.81638644 0.82565873],62,48,"[0.7803433920128066, 0.8205948599681767]",0,13
1084,[0.35803178 0.220625  ],47,21,"[0.3571400957876323, 0.26942599959136726]",0,-1
1085,[0.15451654 0.60741835],18,80,"[0.15990270049190128, 0.5986117043755352]",0,-1
1086,[0.69481508 0.41595153],29,4,"[0.7100353299176262, 0.3875574879176719]",0,-1
1087,[0.29097012 0.29254902],1,24,"[0.23531691667485555, 0.27209662123665185]",0,-1
1088,[0.7446917  0.36208829],54,22,"[0.757272224425649, 0.33905999717339425]",0,21
1089,[0.7570956  0.63396408],35,72,"[0.7259305706267937, 0.621464812471517]",0,-1
1090,[0.79858722 0.34753749],66,25,"[0.8211120104597844, 0.37574618786089475]",0,-1
1091,[0.66909062 0.39953731],40,10,"[0.6398799516193626, 0.38844091859549007]",0,21
1092,[0.85120122 0.47934223],83,13,"[0.843760744736157, 0.5166552078676889]",0,17
1093,[0.73467959 0.6831004 ],46,72,"[0.7259305706267937, 0.621464812471517]",0,-1
1094,[0.81978481 0.20416252],36,78,"[0.7951539755354653, 0.19004804298167233]",0,0
1095,[0.19015141 0.51694592],97,44,"[0.1912270592870895, 0.5359549801185394]",0,44
1096,[0.20432155 0.24966596],5,24,"[0.23531691667485555, 0.27209662123665185]",0,66
1097,[0.75609585 0.47748631],3,15,"[0.7558016368645127, 0.4462797814247812]",0,-1
1098,[0.62392964 0.77445292],70,14,"[0.6208537257023621, 0.8045775614928529]",0,36
1099,[0.3985813  0.63327969],6,0,"[0.4226395002574949, 0.6460584349087278]",0,88
1100,[0.25391083 0.73875925],16,11,"[0.22353793679767786, 0.7478364040140648]",0,56
1101,[0.85610795 0.62063006],99,59,"[0.8763268698051316, 0.579199170331017]",0,-1
1102,[0.75310204 0.40284205],68,15,"[0.7558016368645127, 0.4462797814247812]",0,-1
1103,[0.56382417 0.38870352],4,73,"[0.5684491373659465, 0.3759776977620393]",0,-1
1104,[0.63540128 0.79958956],79,14,"[0.6208537257023621, 0.8045775614928529]",0,42
1105,[0.4609419 0.8139727],93,16,"[0.45898902168994016, 0.8115000101692392]",0,39
1106,[0.74528186 0.75640233],62,63,"[0.7856877410353075, 0.7534945903126699]",0,-1
1107,[0.43790108 0.5806375 ],7,2,"[0.4675886295436634, 0.6021765353351279]",0,-1
1108,[0.47625495 0.40531827],38,42,"[0.47090413605197745, 0.3706753216883814]",0,58
1109,[0.75712012 0.78253305],62,63,"[0.7856877410353075, 0.7534945903126699]",0,-1
1110,[0.71778085 0.44062249],29,15,"[0.7558016368645127, 0.4462797814247812]",0,-1
1111,[0.45945148 0.38689645],14,42,"[0.47090413605197745, 0.3706753216883814]",0,58
1112,[0.17179773 0.83320517],0,69,"[0.18889864315739, 0.8195957758801673]",0,-1
1113,[0.57761578 0.52685526],37,29,"[0.5812618174713859, 0.5240123764686471]",0,84
1114,[0.33856166 0.34333554],81,7,"[0.3321936611977011, 0.34293111744375654]",0,89
1115,[0.59245345 0.42730462],4,68,"[0.6059400326152605, 0.4534475926518635]",0,-1
1116,[0.46223714 0.35692665],67,42,"[0.47090413605197745, 0.3706753216883814]",0,-1
1117,[0.30838315 0.17880948],58,27,"[0.29001319373773415, 0.21087702736570366]",0,59
1118,[0.70229212 0.34969066],54,4,"[0.7100353299176262, 0.3875574879176719]",0,21
1119,[0.69571114 0.30968199],68,3,"[0.6759399092328674, 0.32128183561871837]",0,-1
1120,[0.19698276 0.29989105],53,38,"[0.18350109397176653, 0.31916714902230253]",0,61
1121,[0.81466168 0.48143446],63,8,"[0.8210079602672482, 0.4506152114933381]",0,17
1122,[0.18812878 0.54976485],97,44,"[0.1912270592870895, 0.5359549801185394]",0,-1
1123,[0.45238284 0.59269753],90,2,"[0.4675886295436634, 0.6021765353351279]",0,88
1124,[0.38799446 0.19126287],73,31,"[0.4191189173246286, 0.19329258812229377]",0,31
1125,[0.44254177 0.79079659],56,16,"[0.45898902168994016, 0.8115000101692392]",0,30
1126,[0.62387878 0.21319242],88,35,"[0.6545605605339905, 0.22500987532438183]",0,-1
1127,[0.41416592 0.15159045],52,31,"[0.4191189173246286, 0.19329258812229377]",0,33
1128,[0.63195631 0.36401442],34,10,"[0.6398799516193626, 0.38844091859549007]",0,-1
1129,[0.82963515 0.40583654],50,25,"[0.8211120104597844, 0.37574618786089475]",0,17
1130,[0.44419772 0.75419783],94,37,"[0.47348968360582744, 0.7125916710309903]",0,-1
1131,[0.57577701 0.42506353],4,68,"[0.6059400326152605, 0.4534475926518635]",0,-1
1132,[0.40651282 0.41911473],92,17,"[0.4108830354862289, 0.4435508998593477]",0,89
1133,[0.21936176 0.58159867],17,44,"[0.1912270592870895, 0.5359549801185394]",0,-1
1134,[0.19763026 0.69567788],39,45,"[0.19601325606017345, 0.667358514260268]",0,-1
1135,[0.38092145 0.37285711],1,6,"[0.40678448596985844, 0.34277371919698396]",0,89
1136,[0.55998063 0.37827169],4,73,"[0.5684491373659465, 0.3759776977620393]",0,-1
1137,[0.77979537 0.24725343],54,55,"[0.7305076164562052, 0.2580112669411776]",0,-1
1138,[0.51069979 0.58300839],69,20,"[0.5371890084085489, 0.5739528596094324]",0,-1
1139,[0.1673788  0.52438877],17,44,"[0.1912270592870895, 0.5359549801185394]",0,44
1140,[0.43824758 0.47897023],77,17,"[0.4108830354862289, 0.4435508998593477]",0,-1
1141,[0.86659943 0.5671425 ],27,59,"[0.8763268698051316, 0.579199170331017]",0,16
1142,[0.87811895 0.3598234 ],30,83,"[0.8762199555116444, 0.3404048051239979]",0,-1
1143,[0.19494599 0.5509733 ],17,44,"[0.1912270592870895, 0.5359549801185394]",0,-1
1144,[0.53393784 0.54792658],7,20,"[0.5371890084085489, 0.5739528596094324]",0,-1
1145,[0.49693105 0.28646479],67,34,"[0.47832967363307105, 0.25654673669797673]",0,-1
1146,[0.6076068  0.89757369],79,82,"[0.6132420785222222, 0.8710652413331001]",0,-1
1147,[0.78294152 0.57421306],63,47,"[0.8091525442233867, 0.6013457413252116]",0,-1
1148,[0.3808047  0.46830176],92,17,"[0.4108830354862289, 0.4435508998593477]",0,80
1149,[0.83761101 0.30788774],80,66,"[0.8238364342627095, 0.2773691959806487]",0,-1
1150,[0.67618294 0.36013098],71,3,"[0.6759399092328674, 0.32128183561871837]",0,21
1151,[0.34698219 0.36309349],42,7,"[0.3321936611977011, 0.34293111744375654]",0,89
1152,[0.43000457 0.63360581],90,0,"[0.4226395002574949, 0.6460584349087278]",0,-1
1153,[0.55263668 0.59498588],13,20,"[0.5371890084085489, 0.5739528596094324]",0,-1
1154,[0.26693404 0.67809239],23,12,"[0.2822438507480652, 0.7105313788319401]",0,-1
1155,[0.27259403 0.67223637],18,12,"[0.2822438507480652, 0.7105313788319401]",0,-1
1156,[0.27759117 0.90114601],48,97,"[0.2279904617185373, 0.9146376924080816]",0,-1
1157,[0.61590431 0.38867109],61,10,"[0.6398799516193626, 0.38844091859549007]",0,-1
1158,[0.17801303 0.79780134],39,69,"[0.18889864315739, 0.8195957758801673]",0,50
1159,[0.56684263 0.76610743],72,46,"[0.5435344637313357, 0.7795756563374607]",0,-1
1160,[0.7907588  0.51084854],50,32,"[0.7786163905873836, 0.5211842185039978]",0,17
1161,[0.10334168 0.34283458],53,71,"[0.11481900251646894, 0.37559708088824]",0,-1
1162,[0.8833968  0.42060954],30,62,"[0.8921140984845523, 0.4428581583396137]",0,-1
1163,[0.31927528 0.32691738],81,7,"[0.3321936611977011, 0.34293111744375654]",0,-1
1164,[0.6485447  0.56635101],49,9,"[0.6184830434267037, 0.586333469678524]",0,68
1165,[0.52068594 0.60244701],37,20,"[0.5371890084085489, 0.5739528596094324]",0,-1
1166,[0.3484777  0.46050705],8,1,"[0.3572487842659222, 0.41922446128046986]",0,78
1167,[0.46038211 0.8301655 ],56,16,"[0.45898902168994016, 0.8115000101692392]",0,39
1168,[0.53453628 0.80307091],93,46,"[0.5435344637313357, 0.7795756563374607]",0,-1
1169,[0.83024684 0.4762978 ],28,8,"[0.8210079602672482, 0.4506152114933381]",0,17
1170,[0.56137098 0.63096829],75,5,"[0.54876158375065, 0.6433749135954844]",0,-1
1171,[0.20893266 0.74879487],39,11,"[0.22353793679767786, 0.7478364040140648]",0,57
1172,[0.19987706 0.47396992],98,51,"[0.1508950301577577, 0.45723062251398755]",0,-1
1173,[0.19078101 0.68708813],23,45,"[0.19601325606017345, 0.667358514260268]",0,-1
1174,[0.90488519 0.79015559],96,93,"[0.9128525281281048, 0.8015861505597924]",0,-1
1175,[0.19857251 0.3228368 ],53,38,"[0.18350109397176653, 0.31916714902230253]",0,-1
1176,[0.51705034 0.62889391],37,5,"[0.54876158375065, 0.6433749135954844]",0,-1
1177,[0.70524518 0.21626984],95,70,"[0.6986975952159088, 0.16842470592263856]",0,3
1178,[0.42294948 0.60739093],76,0,"[0.4226395002574949, 0.6460584349087278]",0,88
1179,[0.20008913 0.11974114],10,52,"[0.2294764018471187, 0.143723856671554]",0,-1
1180,[0.2310876  0.38430265],26,23,"[0.2032497039719594, 0.393824370774819]",0,73
1181,[0.1980522  0.82272666],31,69,"[0.18889864315739, 0.8195957758801673]",0,-1
1182,[0.09046255 0.16508473],45,81,"[0.13426292668090453, 0.163935928071412]",0,-1
1183,[0.65497711 0.29853549],89,3,"[0.6759399092328674, 0.32128183561871837]",0,-1
1184,[0.58234345 0.62220181],12,5,"[0.54876158375065, 0.6433749135954844]",0,87
1185,[0.34682847 0.46571329],92,1,"[0.3572487842659222, 0.41922446128046986]",0,78
1186,[0.69992678 0.44709533],40,65,"[0.6636957553845171, 0.46135824588144125]",0,-1
1187,[0.75026093 0.36515241],68,22,"[0.757272224425649, 0.33905999717339425]",0,21
1188,[0.55396045 0.40692211],4,73,"[0.5684491373659465, 0.3759776977620393]",0,-1
1189,[0.51173292 0.53038447],41,40,"[0.4758590512403852, 0.5317248607280546]",0,-1
1190,[0.72924668 0.44716414],50,15,"[0.7558016368645127, 0.4462797814247812]",0,-1
1191,[0.40709445 0.44405607],92,17,"[0.4108830354862289, 0.4435508998593477]",0,82
1192,[0.69461053 0.73654975],46,60,"[0.7001338409322506, 0.7409401695756385]",0,15
1193,[0.76538419 0.33672171],54,22,"[0.757272224425649, 0.33905999717339425]",0,-1
1194,[0.69393834 0.17602035],95,70,"[0.6986975952159088, 0.16842470592263856]",0,-1
1195,[0.29952614 0.26279503],47,27,"[0.29001319373773415, 0.21087702736570366]",0,-1
1196,[0.23010142 0.44211356],81,28,"[0.2520846559803125, 0.4621952512240386]",0,-1
1197,[0.49904103 0.2299512 ],52,34,"[0.47832967363307105, 0.25654673669797673]",0,-1
1198,[0.83667001 0.58852697],99,47,"[0.8091525442233867, 0.6013457413252116]",0,-1
1199,[0.63873702 0.56751448],35,9,"[0.6184830434267037, 0.586333469678524]",0,68
1200,[0.37113871 0.38515337],38,1,"[0.3572487842659222, 0.41922446128046986]",0,89
1201,[0.78865406 0.44376053],3,15,"[0.7558016368645127, 0.4462797814247812]",0,17
1202,[0.12495126 0.40600886],26,71,"[0.11481900251646894, 0.37559708088824]",0,-1
1203,[0.21575617 0.19630013],32,33,"[0.1898538969523832, 0.20289106741831933]",0,-1
1204,[0.62798809 0.41145442],34,10,"[0.6398799516193626, 0.38844091859549007]",0,-1
1205,[0.3799834  0.73431508],76,58,"[0.37887936110594184, 0.7334391897891285]",0,-1
1206,[0.41874136 0.62108655],15,0,"[0.4226395002574949, 0.6460584349087278]",0,88
1207,[0.32910623 0.26754737],47,21,"[0.3571400957876323, 0.26942599959136726]",0,75
1208,[0.55305566 0.53036355],77,29,"[0.5812618174713859, 0.5240123764686471]",0,-1
1209,[0.21406837 0.33699736],53,38,"[0.18350109397176653, 0.31916714902230253]",0,-1
1210,[0.81908083 0.63480822],99,47,"[0.8091525442233867, 0.6013457413252116]",0,-1
1211,[0.8834689  0.56590526],27,59,"[0.8763268698051316, 0.579199170331017]",0,-1
1212,[0.19505712 0.20559332],5,33,"[0.1898538969523832, 0.20289106741831933]",0,-1
1213,[0.16938938 0.49224234],97,51,"[0.1508950301577577, 0.45723062251398755]",0,-1
1214,[0.66429503 0.26719214],61,35,"[0.6545605605339905, 0.22500987532438183]",0,-1
1215,[0.59790431 0.4867548 ],13,68,"[0.6059400326152605, 0.4534475926518635]",0,-1
1216,[0.29959663 0.19583346],57,27,"[0.29001319373773415, 0.21087702736570366]",0,-1
1217,[0.29412552 0.35450936],81,19,"[0.2847353251184853, 0.39005308479636985]",0,-1
1218,[0.49200508 0.75308423],94,37,"[0.47348968360582744, 0.7125916710309903]",0,-1
1219,[0.16000555 0.79928858],39,69,"[0.18889864315739, 0.8195957758801673]",0,-1
1220,[0.71564945 0.6400695 ],99,72,"[0.7259305706267937, 0.621464812471517]",0,-1
1221,[0.36920827 0.10288648],84,49,"[0.35418448506576955, 0.14329850428612353]",0,-1
1222,[0.19582956 0.72464141],18,11,"[0.22353793679767786, 0.7478364040140648]",0,55
1223,[0.29400902 0.37843699],22,19,"[0.2847353251184853, 0.39005308479636985]",0,90
1224,[0.13603557 0.82808854],0,86,"[0.11333449837233942, 0.8035791769910723]",0,-1
1225,[0.23436178 0.71939287],65,11,"[0.22353793679767786, 0.7478364040140648]",0,-1
1226,[0.3662887  0.55705619],76,30,"[0.36820757824267275, 0.5891561499462349]",0,-1
1227,[0.13659071 0.57482164],97,80,"[0.15990270049190128, 0.5986117043755352]",0,-1
1228,[0.24228541 0.40956178],9,23,"[0.2032497039719594, 0.393824370774819]",0,74
1229,[0.28080748 0.19430244],58,27,"[0.29001319373773415, 0.21087702736570366]",0,-1
1230,[0.62452369 0.44547139],34,68,"[0.6059400326152605, 0.4534475926518635]",0,-1
1231,[0.1258359  0.14054786],45,81,"[0.13426292668090453, 0.163935928071412]",0,-1
1232,[0.6789152  0.53955884],35,53,"[0.6955018555560987, 0.5389599645427405]",0,-1
1233,[0.68680422 0.38961787],29,4,"[0.7100353299176262, 0.3875574879176719]",0,21
1234,[0.38418174 0.34898585],67,6,"[0.40678448596985844, 0.34277371919698396]",0,89
1235,[0.33751182 0.35404956],1,7,"[0.3321936611977011, 0.34293111744375654]",0,89
1236,[0.24905585 0.75421094],16,11,"[0.22353793679767786, 0.7478364040140648]",0,56
1237,[0.57957142 0.85070109],72,82,"[0.6132420785222222, 0.8710652413331001]",0,-1
1238,[0.68067883 0.37154209],40,4,"[0.7100353299176262, 0.3875574879176719]",0,21
1239,[0.65702147 0.57590063],35,9,"[0.6184830434267037, 0.586333469678524]",0,-1
1240,[0.28524759 0.87091624],48,26,"[0.2731213809151105, 0.8295374863795931]",0,-1
1241,[0.45445001 0.21582065],55,31,"[0.4191189173246286, 0.19329258812229377]",0,-1
1242,[0.77345634 0.25970879],80,55,"[0.7305076164562052, 0.2580112669411776]",0,1
1243,[0.42606575 0.14138577],33,74,"[0.4464145664830302, 0.11749079524673668]",0,-1
1244,[0.10261769 0.22893165],11,84,"[0.1433957510634753, 0.2579081432754369]",-1,-1
1245,[0.77595332 0.36189722],61,22,"[0.757272224425649, 0.33905999717339425]",0,20
1246,[0.44127592 0.54964777],7,40,"[0.4758590512403852, 0.5317248607280546]",0,88
1247,[0.32391807 0.25901566],47,21,"[0.3571400957876323, 0.26942599959136726]",0,-1
1248,[0.20411038 0.70846134],39,45,"[0.19601325606017345, 0.667358514260268]",0,-1
1249,[0.41017898 0.33936604],1,6,"[0.40678448596985844, 0.34277371919698396]",0,-1
1250,[0.44055101 0.32804472],55,6,"[0.40678448596985844, 0.34277371919698396]",0,-1
1251,[0.63372268 0.60303183],13,9,"[0.6184830434267037, 0.586333469678524]",0,76
1252,[0.57404882 0.25088158],88,61,"[0.5821749572804258, 0.2185848836493384]",0,-1
1253,[0.63300567 0.48285112],37,65,"[0.6636957553845171, 0.46135824588144125]",0,-1
1254,[0.36287396 0.3673448 ],47,7,"[0.3321936611977011, 0.34293111744375654]",0,-1
1255,[0.32960992 0.56039823],20,30,"[0.36820757824267275, 0.5891561499462349]",0,-1
1256,[0.64880003 0.74328359],24,57,"[0.6165364982648931, 0.7310583472769618]",0,-1
1257,[0.85283388 0.51139343],43,13,"[0.843760744736157, 0.5166552078676889]",0,17
1258,[0.41172747 0.30604506],52,6,"[0.40678448596985844, 0.34277371919698396]",0,-1
1259,[0.47031992 0.81987072],94,16,"[0.45898902168994016, 0.8115000101692392]",0,39
1260,[0.20524936 0.30237691],11,38,"[0.18350109397176653, 0.31916714902230253]",0,61
1261,[0.45249925 0.66763817],6,0,"[0.4226395002574949, 0.6460584349087278]",0,-1
1262,[0.14266316 0.52988763],97,77,"[0.10737865443478777, 0.5291217341624451]",0,-1
1263,[0.35908154 0.15378478],57,49,"[0.35418448506576955, 0.14329850428612353]",0,28
1264,[0.26838623 0.4481405 ],9,28,"[0.2520846559803125, 0.4621952512240386]",0,-1
1265,[0.43594675 0.34659064],47,6,"[0.40678448596985844, 0.34277371919698396]",0,-1
1266,[0.21145915 0.75110999],65,11,"[0.22353793679767786, 0.7478364040140648]",0,57
1267,[0.71376101 0.55830221],74,53,"[0.6955018555560987, 0.5389599645427405]",0,-1
1268,[0.86845639 0.82048944],85,41,"[0.8492841799095646, 0.8019622424543851]",0,-1
1269,[0.4674578 0.6477581],6,0,"[0.4226395002574949, 0.6460584349087278]",0,-1
1270,[0.53487746 0.66695496],75,5,"[0.54876158375065, 0.6433749135954844]",0,-1
1271,[0.19949331 0.12308327],10,52,"[0.2294764018471187, 0.143723856671554]",0,-1
1272,[0.19422426 0.6032795 ],17,80,"[0.15990270049190128, 0.5986117043755352]",0,-1
1273,[0.56803419 0.63938015],90,5,"[0.54876158375065, 0.6433749135954844]",0,88
1274,[0.30292754 0.73010744],16,12,"[0.2822438507480652, 0.7105313788319401]",0,54
1275,[0.81295612 0.79426192],62,41,"[0.8492841799095646, 0.8019622424543851]",0,-1
1276,[0.47353891 0.20152407],52,56,"[0.4908116515444846, 0.16632592191374188]",0,-1
1277,[0.7721475  0.27269173],66,55,"[0.7305076164562052, 0.2580112669411776]",0,1
1278,[0.7776913  0.47733397],87,15,"[0.7558016368645127, 0.4462797814247812]",0,17
1279,[0.3991152  0.81804405],48,54,"[0.36959478636682913, 0.8084550989826409]",0,-1
1280,[0.83531357 0.34555864],66,25,"[0.8211120104597844, 0.37574618786089475]",0,9
1281,[0.82357119 0.38243266],83,25,"[0.8211120104597844, 0.37574618786089475]",0,17
1282,[0.80893588 0.59834   ],99,47,"[0.8091525442233867, 0.6013457413252116]",0,8
1283,[0.86092096 0.57924009],63,59,"[0.8763268698051316, 0.579199170331017]",0,-1
1284,[0.38722131 0.88725112],78,67,"[0.37743107737986015, 0.883213849264441]",0,-1
1285,[0.69010015 0.71620172],46,60,"[0.7001338409322506, 0.7409401695756385]",0,-1
1286,[0.51432    0.10791719],33,99,"[0.5444828914688598, 0.07256639339212836]",0,-1
1287,[0.3788705  0.41174055],38,1,"[0.3572487842659222, 0.41922446128046986]",0,89
1288,[0.41787506 0.6662856 ],15,0,"[0.4226395002574949, 0.6460584349087278]",0,88
1289,[0.4869442  0.84277346],60,16,"[0.45898902168994016, 0.8115000101692392]",0,-1
1290,[0.72029535 0.65302166],46,72,"[0.7259305706267937, 0.621464812471517]",0,-1
1291,[0.90676869 0.57436803],63,59,"[0.8763268698051316, 0.579199170331017]",0,-1
1292,[0.19304571 0.34614014],11,38,"[0.18350109397176653, 0.31916714902230253]",0,62
1293,[0.24543588 0.4251429 ],44,28,"[0.2520846559803125, 0.4621952512240386]",0,74
1294,[0.84199619 0.61842016],99,47,"[0.8091525442233867, 0.6013457413252116]",0,-1
1295,[0.56057222 0.58587606],77,20,"[0.5371890084085489, 0.5739528596094324]",0,88
1296,[0.64974956 0.35555208],54,10,"[0.6398799516193626, 0.38844091859549007]",0,-1
1297,[0.21711156 0.72359111],31,11,"[0.22353793679767786, 0.7478364040140648]",0,-1
1298,[0.23367011 0.43458475],22,28,"[0.2520846559803125, 0.4621952512240386]",0,74
1299,[0.8286994  0.52032209],28,13,"[0.843760744736157, 0.5166552078676889]",0,17
1300,[0.33589265 0.89689981],78,67,"[0.37743107737986015, 0.883213849264441]",0,-1
1301,[0.29895086 0.62628407],20,39,"[0.2596202559688416, 0.6257540185994204]",0,-1
1302,[0.89213499 0.60028712],63,59,"[0.8763268698051316, 0.579199170331017]",0,-1
1303,[0.30834849 0.12996512],10,49,"[0.35418448506576955, 0.14329850428612353]",0,-1
1304,[0.49194278 0.52510142],7,40,"[0.4758590512403852, 0.5317248607280546]",0,-1
1305,[0.80971773 0.8361641 ],62,48,"[0.7803433920128066, 0.8205948599681767]",0,13
1306,[0.27983777 0.38543611],42,19,"[0.2847353251184853, 0.39005308479636985]",0,-1
1307,[0.48919828 0.56986316],69,2,"[0.4675886295436634, 0.6021765353351279]",0,88
1308,[0.63761373 0.78045067],79,14,"[0.6208537257023621, 0.8045775614928529]",0,36
1309,[0.581104   0.59059163],77,9,"[0.6184830434267037, 0.586333469678524]",0,-1
1310,[0.49362749 0.86631512],93,18,"[0.527398606849523, 0.8662745321442044]",0,-1
1311,[0.66837086 0.3457374 ],2,3,"[0.6759399092328674, 0.32128183561871837]",0,21
1312,[0.86138826 0.82868344],85,41,"[0.8492841799095646, 0.8019622424543851]",0,-1
1313,[0.20128653 0.721203  ],16,11,"[0.22353793679767786, 0.7478364040140648]",0,55
1314,[0.43211937 0.12163653],84,74,"[0.4464145664830302, 0.11749079524673668]",0,-1
1315,[0.46649119 0.66198096],6,0,"[0.4226395002574949, 0.6460584349087278]",0,88
1316,[0.19263357 0.34048786],5,38,"[0.18350109397176653, 0.31916714902230253]",0,62
1317,[0.44726193 0.64914474],6,0,"[0.4226395002574949, 0.6460584349087278]",0,88
1318,[0.1375684  0.50054905],98,77,"[0.10737865443478777, 0.5291217341624451]",0,-1
1319,[0.23158075 0.82456272],59,26,"[0.2731213809151105, 0.8295374863795931]",0,-1
1320,[0.6153765  0.83760792],79,14,"[0.6208537257023621, 0.8045775614928529]",0,41
1321,[0.24592021 0.16383094],58,52,"[0.2294764018471187, 0.143723856671554]",0,-1
1322,[0.64352861 0.83766957],24,14,"[0.6208537257023621, 0.8045775614928529]",0,-1
1323,[0.2801121  0.65312065],19,39,"[0.2596202559688416, 0.6257540185994204]",0,-1
1324,[0.22324102 0.43716277],44,28,"[0.2520846559803125, 0.4621952512240386]",0,-1
1325,[0.35843507 0.37917883],92,1,"[0.3572487842659222, 0.41922446128046986]",0,89
1326,[0.48160915 0.59069573],82,2,"[0.4675886295436634, 0.6021765353351279]",0,-1
1327,[0.62707108 0.34765733],34,10,"[0.6398799516193626, 0.38844091859549007]",0,19
1328,[0.3047227  0.29796537],47,7,"[0.3321936611977011, 0.34293111744375654]",0,75
1329,[0.15298537 0.20899161],10,33,"[0.1898538969523832, 0.20289106741831933]",0,-1
1330,[0.60215661 0.37308812],71,73,"[0.5684491373659465, 0.3759776977620393]",0,11
1331,[0.25362861 0.73802223],16,11,"[0.22353793679767786, 0.7478364040140648]",0,56
1332,[0.69449017 0.7288858 ],46,60,"[0.7001338409322506, 0.7409401695756385]",0,15
1333,[0.21853962 0.60480223],23,39,"[0.2596202559688416, 0.6257540185994204]",0,-1
1334,[0.42334017 0.40090421],67,17,"[0.4108830354862289, 0.4435508998593477]",0,89
1335,[0.83480296 0.20260701],36,88,"[0.8567588921418147, 0.17457306337920828]",0,0
1336,[0.69058954 0.416559  ],40,4,"[0.7100353299176262, 0.3875574879176719]",0,21
1337,[0.22508222 0.49795924],97,28,"[0.2520846559803125, 0.4621952512240386]",0,-1
1338,[0.45227203 0.5220028 ],69,40,"[0.4758590512403852, 0.5317248607280546]",0,-1
1339,[0.49565118 0.65172272],41,5,"[0.54876158375065, 0.6433749135954844]",0,85
1340,[0.20869818 0.23940384],5,33,"[0.1898538969523832, 0.20289106741831933]",0,-1
1341,[0.36233072 0.43924235],92,1,"[0.3572487842659222, 0.41922446128046986]",0,-1
1342,[0.19043574 0.79991302],0,69,"[0.18889864315739, 0.8195957758801673]",0,50
1343,[0.27538908 0.66655307],19,39,"[0.2596202559688416, 0.6257540185994204]",0,-1
1344,[0.2177354  0.22297376],5,33,"[0.1898538969523832, 0.20289106741831933]",0,-1
1345,[0.44895552 0.8131793 ],56,16,"[0.45898902168994016, 0.8115000101692392]",0,-1
1346,[0.2207621  0.70726033],65,11,"[0.22353793679767786, 0.7478364040140648]",0,-1
1347,[0.31054858 0.43326284],81,1,"[0.3572487842659222, 0.41922446128046986]",0,-1
1348,[0.20683956 0.44418875],44,28,"[0.2520846559803125, 0.4621952512240386]",0,-1
1349,[0.21705465 0.37423657],81,23,"[0.2032497039719594, 0.393824370774819]",0,-1
1350,[0.64023207 0.31473005],71,3,"[0.6759399092328674, 0.32128183561871837]",0,4
1351,[0.10234032 0.17914047],32,81,"[0.13426292668090453, 0.163935928071412]",0,-1
1352,[0.82136168 0.33911705],80,25,"[0.8211120104597844, 0.37574618786089475]",0,-1
1353,[0.29809306 0.83172002],59,26,"[0.2731213809151105, 0.8295374863795931]",0,-1
1354,[0.3979112  0.39972515],92,1,"[0.3572487842659222, 0.41922446128046986]",0,89
1355,[0.79130925 0.31547247],66,22,"[0.757272224425649, 0.33905999717339425]",0,-1
1356,[0.28401294 0.34643625],22,19,"[0.2847353251184853, 0.39005308479636985]",0,-1
1357,[0.310105   0.31690914],1,7,"[0.3321936611977011, 0.34293111744375654]",0,-1
1358,[0.87983945 0.40145317],43,62,"[0.8921140984845523, 0.4428581583396137]",0,-1
1359,[0.23571694 0.37459735],22,23,"[0.2032497039719594, 0.393824370774819]",0,-1
1360,[0.5401039  0.77657251],72,46,"[0.5435344637313357, 0.7795756563374607]",0,26
1361,[0.75965916 0.7765865 ],46,63,"[0.7856877410353075, 0.7534945903126699]",0,-1
1362,[0.41877355 0.79631076],56,16,"[0.45898902168994016, 0.8115000101692392]",0,-1
1363,[0.50528435 0.65129326],74,5,"[0.54876158375065, 0.6433749135954844]",0,85
1364,[0.75534179 0.86213243],21,48,"[0.7803433920128066, 0.8205948599681767]",0,-1
1365,[0.18674368 0.35501716],44,38,"[0.18350109397176653, 0.31916714902230253]",0,-1
1366,[0.74389659 0.38202772],68,4,"[0.7100353299176262, 0.3875574879176719]",0,-1
1367,[0.68463325 0.41310646],29,4,"[0.7100353299176262, 0.3875574879176719]",0,21
1368,[0.8812044  0.38092054],66,83,"[0.8762199555116444, 0.3404048051239979]",0,-1
1369,[0.31393037 0.21633645],58,27,"[0.29001319373773415, 0.21087702736570366]",0,59
1370,[0.63688917 0.23650821],86,35,"[0.6545605605339905, 0.22500987532438183]",0,6
1371,[0.41514734 0.59372159],82,30,"[0.36820757824267275, 0.5891561499462349]",0,-1
1372,[0.48579737 0.76242264],93,37,"[0.47348968360582744, 0.7125916710309903]",0,-1
1373,[0.53484509 0.38065817],4,73,"[0.5684491373659465, 0.3759776977620393]",0,-1
1374,[0.76576629 0.54551042],87,32,"[0.7786163905873836, 0.5211842185039978]",0,-1
1375,[0.30165749 0.21079896],57,27,"[0.29001319373773415, 0.21087702736570366]",0,-1
1376,[0.30503764 0.22818004],58,27,"[0.29001319373773415, 0.21087702736570366]",0,-1
1377,[0.78877233 0.53427174],87,32,"[0.7786163905873836, 0.5211842185039978]",0,-1
1378,[0.18624812 0.32045596],53,38,"[0.18350109397176653, 0.31916714902230253]",0,61
1379,[0.7941192  0.72127832],21,63,"[0.7856877410353075, 0.7534945903126699]",0,-1
1380,[0.43176872 0.37562219],92,42,"[0.47090413605197745, 0.3706753216883814]",0,58
1381,[0.51308161 0.56796032],12,20,"[0.5371890084085489, 0.5739528596094324]",0,88
1382,[0.18787862 0.7103939 ],65,45,"[0.19601325606017345, 0.667358514260268]",0,-1
1383,[0.43538477 0.20229443],84,31,"[0.4191189173246286, 0.19329258812229377]",0,35
1384,[0.22259038 0.17193577],32,52,"[0.2294764018471187, 0.143723856671554]",0,-1
1385,[0.4057926  0.18474034],25,31,"[0.4191189173246286, 0.19329258812229377]",0,31
1386,[0.40640851 0.19230545],84,31,"[0.4191189173246286, 0.19329258812229377]",0,31
1387,[0.78307781 0.35812659],2,22,"[0.757272224425649, 0.33905999717339425]",0,20
1388,[0.66922707 0.35836028],2,3,"[0.6759399092328674, 0.32128183561871837]",0,21
1389,[0.68441895 0.36254912],61,4,"[0.7100353299176262, 0.3875574879176719]",0,21
1390,[0.20928841 0.34204391],44,38,"[0.18350109397176653, 0.31916714902230253]",0,-1
1391,[0.24232044 0.42815489],22,28,"[0.2520846559803125, 0.4621952512240386]",0,74
1392,[0.22051633 0.75113819],59,11,"[0.22353793679767786, 0.7478364040140648]",0,57
1393,[0.28912481 0.71661056],51,12,"[0.2822438507480652, 0.7105313788319401]",0,54
1394,[0.56339682 0.83329446],72,18,"[0.527398606849523, 0.8662745321442044]",0,-1
1395,[0.3538048  0.73922552],19,58,"[0.37887936110594184, 0.7334391897891285]",0,-1
1396,[0.34115409 0.27709159],25,21,"[0.3571400957876323, 0.26942599959136726]",0,75
1397,[0.53804023 0.61701363],75,5,"[0.54876158375065, 0.6433749135954844]",0,88
1398,[0.5372873 0.5550013],41,20,"[0.5371890084085489, 0.5739528596094324]",0,-1
1399,[0.24165896 0.71487868],18,11,"[0.22353793679767786, 0.7478364040140648]",0,-1
1400,[0.30170334 0.39333167],9,19,"[0.2847353251184853, 0.39005308479636985]",0,-1
1401,[0.20177026 0.26998797],32,24,"[0.23531691667485555, 0.27209662123665185]",0,-1
1402,[0.41932454 0.64687825],69,0,"[0.4226395002574949, 0.6460584349087278]",0,88
1403,[0.33281351 0.24278356],25,21,"[0.3571400957876323, 0.26942599959136726]",0,-1
1404,[0.35315955 0.56232741],20,30,"[0.36820757824267275, 0.5891561499462349]",0,-1
1405,[0.61213574 0.77251279],70,14,"[0.6208537257023621, 0.8045775614928529]",0,-1
1406,[0.28694112 0.41642874],9,19,"[0.2847353251184853, 0.39005308479636985]",0,86
1407,[0.45386353 0.29207789],55,34,"[0.47832967363307105, 0.25654673669797673]",0,-1
1408,[0.2670354  0.68875711],18,12,"[0.2822438507480652, 0.7105313788319401]",0,54
1409,[0.40648862 0.38221988],14,6,"[0.40678448596985844, 0.34277371919698396]",0,89
1410,[0.91913171 0.31277283],66,83,"[0.8762199555116444, 0.3404048051239979]",-1,-1
1411,[0.40918448 0.54786021],20,50,"[0.3898476181838421, 0.5216929572274273]",0,-1
1412,[0.29631792 0.33891232],22,7,"[0.3321936611977011, 0.34293111744375654]",0,-1
1413,[0.50938868 0.83508545],93,18,"[0.527398606849523, 0.8662745321442044]",0,-1
1414,[0.89078144 0.45833587],30,62,"[0.8921140984845523, 0.4428581583396137]",0,-1
1415,[0.40402943 0.39656943],67,17,"[0.4108830354862289, 0.4435508998593477]",0,89
1416,[0.39082528 0.68815952],19,36,"[0.3536068858323266, 0.6613822308481206]",0,-1
1417,[0.72021061 0.45846015],68,15,"[0.7558016368645127, 0.4462797814247812]",0,-1
1418,[0.54221789 0.43007736],29,75,"[0.5172236746686562, 0.4443369127615434]",0,-1
1419,[0.31568397 0.75727677],31,12,"[0.2822438507480652, 0.7105313788319401]",0,-1
1420,[0.83721179 0.80486496],21,41,"[0.8492841799095646, 0.8019622424543851]",0,13
1421,[0.79088808 0.34325131],91,22,"[0.757272224425649, 0.33905999717339425]",0,-1
1422,[0.53950286 0.90328667],93,18,"[0.527398606849523, 0.8662745321442044]",0,-1
1423,[0.35395462 0.45154283],14,1,"[0.3572487842659222, 0.41922446128046986]",0,-1
1424,[0.79339371 0.33489597],80,22,"[0.757272224425649, 0.33905999717339425]",0,-1
1425,[0.36832396 0.66677581],15,36,"[0.3536068858323266, 0.6613822308481206]",0,-1
1426,[0.23466874 0.66175821],23,45,"[0.19601325606017345, 0.667358514260268]",0,52
1427,[0.33740843 0.45876768],64,1,"[0.3572487842659222, 0.41922446128046986]",0,78
1428,[0.35962098 0.20164612],73,49,"[0.35418448506576955, 0.14329850428612353]",0,28
1429,[0.42132897 0.53406952],90,50,"[0.3898476181838421, 0.5216929572274273]",0,-1
1430,[0.17842202 0.62334183],17,80,"[0.15990270049190128, 0.5986117043755352]",0,40
1431,[0.66306503 0.48702532],77,65,"[0.6636957553845171, 0.46135824588144125]",0,-1
1432,[0.71465305 0.34107703],71,22,"[0.757272224425649, 0.33905999717339425]",0,-1
1433,[0.58342972 0.59925673],37,9,"[0.6184830434267037, 0.586333469678524]",0,-1
1434,[0.46385911 0.66874824],69,37,"[0.47348968360582744, 0.7125916710309903]",0,-1
1435,[0.83654108 0.27058893],95,66,"[0.8238364342627095, 0.2773691959806487]",0,-1
1436,[0.40312374 0.43241831],8,17,"[0.4108830354862289, 0.4435508998593477]",0,82
1437,[0.37911768 0.13024766],73,49,"[0.35418448506576955, 0.14329850428612353]",0,-1
1438,[0.19523311 0.76898401],65,11,"[0.22353793679767786, 0.7478364040140648]",0,-1
1439,[0.85208751 0.57646436],28,59,"[0.8763268698051316, 0.579199170331017]",0,-1
1440,[0.25164351 0.67727564],23,12,"[0.2822438507480652, 0.7105313788319401]",0,-1
1441,[0.25914706 0.79559032],59,26,"[0.2731213809151105, 0.8295374863795931]",0,-1
1442,[0.86128396 0.33250105],50,83,"[0.8762199555116444, 0.3404048051239979]",0,-1
1443,[0.1407637  0.42297331],44,51,"[0.1508950301577577, 0.45723062251398755]",0,-1
1444,[0.82971527 0.42898914],50,8,"[0.8210079602672482, 0.4506152114933381]",0,17
1445,[0.65798683 0.29929411],71,3,"[0.6759399092328674, 0.32128183561871837]",0,-1
1446,[0.73666995 0.22972007],95,55,"[0.7305076164562052, 0.2580112669411776]",0,-1
1447,[0.36342909 0.79552378],78,54,"[0.36959478636682913, 0.8084550989826409]",0,-1
1448,[0.76578381 0.12658935],36,95,"[0.7517203864819665, 0.11417692930271928]",-1,-1
1449,[0.14259123 0.34979714],26,71,"[0.11481900251646894, 0.37559708088824]",0,-1
1450,[0.89207165 0.52468686],83,92,"[0.9291777218511399, 0.5053403904093751]",0,-1
1451,[0.2104643 0.6569323],17,45,"[0.19601325606017345, 0.667358514260268]",0,-1
1452,[0.34997764 0.27465281],73,21,"[0.3571400957876323, 0.26942599959136726]",0,75
1453,[0.32077969 0.16920156],57,49,"[0.35418448506576955, 0.14329850428612353]",0,-1
1454,[0.75458991 0.40656245],40,15,"[0.7558016368645127, 0.4462797814247812]",0,-1
1455,[0.87685259 0.41462374],43,62,"[0.8921140984845523, 0.4428581583396137]",0,-1
1456,[0.39428242 0.32941639],67,6,"[0.40678448596985844, 0.34277371919698396]",0,-1
1457,[0.34178587 0.42978791],92,1,"[0.3572487842659222, 0.41922446128046986]",0,86
1458,[0.51822203 0.81739937],60,46,"[0.5435344637313357, 0.7795756563374607]",0,-1
1459,[0.35581317 0.27581243],47,21,"[0.3571400957876323, 0.26942599959136726]",0,75
1460,[0.78524077 0.43392124],68,15,"[0.7558016368645127, 0.4462797814247812]",0,17
1461,[0.19219722 0.30887483],32,38,"[0.18350109397176653, 0.31916714902230253]",0,61
1462,[0.82543255 0.34484496],87,25,"[0.8211120104597844, 0.37574618786089475]",0,-1
1463,[0.39852593 0.65751209],20,0,"[0.4226395002574949, 0.6460584349087278]",0,88
1464,[0.34183901 0.4152918 ],14,1,"[0.3572487842659222, 0.41922446128046986]",0,-1
1465,[0.81635826 0.41452507],30,8,"[0.8210079602672482, 0.4506152114933381]",0,17
1466,[0.48367162 0.79142139],56,16,"[0.45898902168994016, 0.8115000101692392]",0,-1
1467,[0.29649464 0.25895237],47,27,"[0.29001319373773415, 0.21087702736570366]",0,-1
1468,[0.27688032 0.1608941 ],57,52,"[0.2294764018471187, 0.143723856671554]",0,-1
1469,[0.32673024 0.19602627],57,27,"[0.29001319373773415, 0.21087702736570366]",0,-1
1470,[0.7836419  0.48236982],30,32,"[0.7786163905873836, 0.5211842185039978]",0,17
1471,[0.34909567 0.13569411],73,49,"[0.35418448506576955, 0.14329850428612353]",0,-1
1472,[0.21279439 0.52386226],97,44,"[0.1912270592870895, 0.5359549801185394]",0,44
1473,[0.28066302 0.15658779],57,52,"[0.2294764018471187, 0.143723856671554]",0,-1
1474,[0.20244628 0.63464295],23,45,"[0.19601325606017345, 0.667358514260268]",0,-1
1475,[0.79118427 0.76757714],46,63,"[0.7856877410353075, 0.7534945903126699]",0,-1
1476,[0.28178975 0.21659369],10,27,"[0.29001319373773415, 0.21087702736570366]",0,-1
1477,[0.65812458 0.41778486],61,10,"[0.6398799516193626, 0.38844091859549007]",0,21
1478,[0.26363269 0.77929134],65,11,"[0.22353793679767786, 0.7478364040140648]",0,-1
1479,[0.55208801 0.57902884],12,20,"[0.5371890084085489, 0.5739528596094324]",0,88
1480,[0.58673355 0.58256468],74,9,"[0.6184830434267037, 0.586333469678524]",0,88
1481,[0.24263402 0.27990177],25,24,"[0.23531691667485555, 0.27209662123665185]",0,-1
1482,[0.68125961 0.39784737],61,4,"[0.7100353299176262, 0.3875574879176719]",0,21
1483,[0.42851939 0.58501513],7,2,"[0.4675886295436634, 0.6021765353351279]",0,-1
1484,[0.41686953 0.29759769],25,6,"[0.40678448596985844, 0.34277371919698396]",0,-1
1485,[0.35561209 0.4046114 ],9,1,"[0.3572487842659222, 0.41922446128046986]",0,89
1486,[0.45753597 0.51799504],82,40,"[0.4758590512403852, 0.5317248607280546]",0,-1
1487,[0.24050258 0.84998149],59,26,"[0.2731213809151105, 0.8295374863795931]",0,45
1488,[0.49670513 0.39820251],64,42,"[0.47090413605197745, 0.3706753216883814]",0,-1
1489,[0.29412949 0.78005942],31,26,"[0.2731213809151105, 0.8295374863795931]",0,-1
1490,[0.63562935 0.73998246],24,57,"[0.6165364982648931, 0.7310583472769618]",0,-1
1491,[0.39090037 0.54408413],8,50,"[0.3898476181838421, 0.5216929572274273]",0,-1
1492,[0.83602393 0.85674364],62,79,"[0.8263954992254994, 0.8681441505941476]",0,-1
1493,[0.67959903 0.76234869],70,60,"[0.7001338409322506, 0.7409401695756385]",0,-1
1494,[0.64246587 0.7189449 ],46,57,"[0.6165364982648931, 0.7310583472769618]",0,-1
1495,[0.90508372 0.54077685],27,92,"[0.9291777218511399, 0.5053403904093751]",0,-1
1496,[0.86015707 0.76498421],96,41,"[0.8492841799095646, 0.8019622424543851]",0,10
1497,[0.85734133 0.27073949],80,66,"[0.8238364342627095, 0.2773691959806487]",0,-1
1498,[0.80995241 0.79698885],62,48,"[0.7803433920128066, 0.8205948599681767]",0,-1
1499,[0.44289145 0.73952089],56,37,"[0.47348968360582744, 0.7125916710309903]",0,-1
1500,[0.47223808 0.26696591],55,34,"[0.47832967363307105, 0.25654673669797673]",0,27
1501,[0.67675439 0.29131792],89,3,"[0.6759399092328674, 0.32128183561871837]",0,22
1502,[0.67982465 0.53696319],49,53,"[0.6955018555560987, 0.5389599645427405]",0,-1
1503,[0.52025013 0.63015844],6,5,"[0.54876158375065, 0.6433749135954844]",0,-1
1504,[0.87605094 0.48554577],83,13,"[0.843760744736157, 0.5166552078676889]",0,-1
1505,[0.10956086 0.69138814],39,90,"[0.11769418158886381, 0.6663972759552037]",0,-1
1506,[0.69106635 0.39635309],68,4,"[0.7100353299176262, 0.3875574879176719]",0,21
1507,[0.38212646 0.66636424],90,36,"[0.3536068858323266, 0.6613822308481206]",0,-1
1508,[0.39327774 0.12986368],73,49,"[0.35418448506576955, 0.14329850428612353]",0,-1
1509,[0.29610363 0.42839379],9,19,"[0.2847353251184853, 0.39005308479636985]",0,-1
1510,[0.94029038 0.89292848],85,87,"[0.8925149589987491, 0.8617277435613537]",-1,-1
1511,[0.83184764 0.80404216],96,41,"[0.8492841799095646, 0.8019622424543851]",0,13
1512,[0.52500212 0.78171807],94,46,"[0.5435344637313357, 0.7795756563374607]",0,-1
1513,[0.35487925 0.41851324],14,1,"[0.3572487842659222, 0.41922446128046986]",0,89
1514,[0.45241754 0.61115985],76,2,"[0.4675886295436634, 0.6021765353351279]",0,88
1515,[0.36205821 0.65650518],19,36,"[0.3536068858323266, 0.6613822308481206]",0,-1
1516,[0.19630308 0.8580963 ],59,69,"[0.18889864315739, 0.8195957758801673]",0,-1
1517,[0.26047766 0.17287452],57,52,"[0.2294764018471187, 0.143723856671554]",0,-1
1518,[0.91475185 0.48895422],43,92,"[0.9291777218511399, 0.5053403904093751]",0,-1
1519,[0.38780858 0.47515501],8,17,"[0.4108830354862289, 0.4435508998593477]",0,80
1520,[0.57330616 0.54276407],69,29,"[0.5812618174713859, 0.5240123764686471]",0,84
1521,[0.46955614 0.57514488],12,2,"[0.4675886295436634, 0.6021765353351279]",0,88
1522,[0.15760326 0.27249695],53,84,"[0.1433957510634753, 0.2579081432754369]",0,-1
1523,[0.33761714 0.8149702 ],31,54,"[0.36959478636682913, 0.8084550989826409]",0,-1
1524,[0.46475661 0.73612053],56,37,"[0.47348968360582744, 0.7125916710309903]",0,-1
1525,[0.6142631  0.40813433],40,10,"[0.6398799516193626, 0.38844091859549007]",0,-1
1526,[0.31705278 0.37082137],42,7,"[0.3321936611977011, 0.34293111744375654]",0,89
1527,[0.41405658 0.801302  ],56,54,"[0.36959478636682913, 0.8084550989826409]",0,-1
1528,[0.69132869 0.68274826],74,76,"[0.6483290776065068, 0.6569295539328516]",0,-1
1529,[0.4909468 0.4541194],64,75,"[0.5172236746686562, 0.4443369127615434]",0,-1
1530,[0.65366105 0.34785198],61,3,"[0.6759399092328674, 0.32128183561871837]",0,21
1531,[0.84424041 0.7969802 ],62,41,"[0.8492841799095646, 0.8019622424543851]",0,13
1532,[0.64325226 0.15986288],89,70,"[0.6986975952159088, 0.16842470592263856]",0,-1
1533,[0.27571367 0.78142439],59,26,"[0.2731213809151105, 0.8295374863795931]",0,-1
1534,[0.28073856 0.72241882],18,12,"[0.2822438507480652, 0.7105313788319401]",0,54
1535,[0.456827   0.57039897],41,2,"[0.4675886295436634, 0.6021765353351279]",0,88
1536,[0.41307976 0.55141929],7,50,"[0.3898476181838421, 0.5216929572274273]",0,79
1537,[0.25040134 0.21987663],58,27,"[0.29001319373773415, 0.21087702736570366]",0,-1
1538,[0.50325212 0.56114385],69,20,"[0.5371890084085489, 0.5739528596094324]",0,88
1539,[0.65138175 0.2783065 ],2,3,"[0.6759399092328674, 0.32128183561871837]",0,-1
1540,[0.81554727 0.40876414],30,25,"[0.8211120104597844, 0.37574618786089475]",0,17
1541,[0.26617203 0.74942292],51,12,"[0.2822438507480652, 0.7105313788319401]",0,56
1542,[0.15154593 0.15492723],45,81,"[0.13426292668090453, 0.163935928071412]",0,-1
1543,[0.78545234 0.37818857],68,25,"[0.8211120104597844, 0.37574618786089475]",0,20
1544,[0.14503822 0.53405387],98,77,"[0.10737865443478777, 0.5291217341624451]",0,-1
1545,[0.30774444 0.49312753],8,28,"[0.2520846559803125, 0.4621952512240386]",0,-1
1546,[0.62904577 0.34235617],34,10,"[0.6398799516193626, 0.38844091859549007]",0,-1
1547,[0.2343693  0.58703062],23,39,"[0.2596202559688416, 0.6257540185994204]",0,-1
1548,[0.63750722 0.25800318],86,35,"[0.6545605605339905, 0.22500987532438183]",0,-1
1549,[0.56077881 0.85985526],60,18,"[0.527398606849523, 0.8662745321442044]",0,-1
1550,[0.33189307 0.67472813],51,36,"[0.3536068858323266, 0.6613822308481206]",0,-1
1551,[0.18079623 0.20965372],32,33,"[0.1898538969523832, 0.20289106741831933]",0,-1
1552,[0.36110322 0.20753059],57,31,"[0.4191189173246286, 0.19329258812229377]",0,28
1553,[0.42495114 0.59847936],82,2,"[0.4675886295436634, 0.6021765353351279]",0,-1
1554,[0.68047476 0.22216224],89,35,"[0.6545605605339905, 0.22500987532438183]",0,-1
1555,[0.82304819 0.6716378 ],99,85,"[0.8584098981619135, 0.7196353557924977]",0,-1
1556,[0.26444235 0.72670923],59,12,"[0.2822438507480652, 0.7105313788319401]",0,-1
1557,[0.26503575 0.84611767],48,26,"[0.2731213809151105, 0.8295374863795931]",0,45
1558,[0.41854778 0.70095246],15,58,"[0.37887936110594184, 0.7334391897891285]",0,-1
1559,[0.5665202  0.65202686],75,5,"[0.54876158375065, 0.6433749135954844]",0,88
1560,[0.75541737 0.43428784],50,15,"[0.7558016368645127, 0.4462797814247812]",0,17
1561,[0.51681284 0.88531147],79,18,"[0.527398606849523, 0.8662745321442044]",0,-1
1562,[0.78985567 0.35669182],91,25,"[0.8211120104597844, 0.37574618786089475]",0,20
1563,[0.78350206 0.76810582],62,63,"[0.7856877410353075, 0.7534945903126699]",0,-1
1564,[0.8756223  0.47742331],83,62,"[0.8921140984845523, 0.4428581583396137]",0,-1
1565,[0.32517701 0.36754378],81,7,"[0.3321936611977011, 0.34293111744375654]",0,89
1566,[0.3087049  0.70870994],65,12,"[0.2822438507480652, 0.7105313788319401]",0,-1
1567,[0.57771507 0.42278684],29,68,"[0.6059400326152605, 0.4534475926518635]",0,-1
1568,[0.46416181 0.60847811],69,2,"[0.4675886295436634, 0.6021765353351279]",0,88
1569,[0.49453925 0.56061315],12,40,"[0.4758590512403852, 0.5317248607280546]",0,88
1570,[0.62526289 0.76909097],70,14,"[0.6208537257023621, 0.8045775614928529]",0,36
1571,[0.47381859 0.57737768],13,2,"[0.4675886295436634, 0.6021765353351279]",0,88
1572,[0.45803934 0.798089  ],78,16,"[0.45898902168994016, 0.8115000101692392]",0,39
1573,[0.28514777 0.43039445],81,19,"[0.2847353251184853, 0.39005308479636985]",0,-1
1574,[0.41793393 0.46538086],8,17,"[0.4108830354862289, 0.4435508998593477]",0,-1
1575,[0.44291487 0.57015418],69,2,"[0.4675886295436634, 0.6021765353351279]",0,-1
1576,[0.6151438  0.23834977],95,61,"[0.5821749572804258, 0.2185848836493384]",0,-1
1577,[0.65295767 0.78746635],70,14,"[0.6208537257023621, 0.8045775614928529]",0,-1
1578,[0.69785675 0.28830324],71,3,"[0.6759399092328674, 0.32128183561871837]",0,18
1579,[0.58777169 0.38280418],71,73,"[0.5684491373659465, 0.3759776977620393]",0,-1
1580,[0.53290151 0.47969712],77,75,"[0.5172236746686562, 0.4443369127615434]",0,-1
1581,[0.789272   0.45438763],30,8,"[0.8210079602672482, 0.4506152114933381]",0,17
1582,[0.37834373 0.39790936],38,1,"[0.3572487842659222, 0.41922446128046986]",0,89
1583,[0.70066909 0.40575358],29,4,"[0.7100353299176262, 0.3875574879176719]",0,-1
1584,[0.90552053 0.44215727],30,62,"[0.8921140984845523, 0.4428581583396137]",0,-1
1585,[0.20093427 0.66983863],23,45,"[0.19601325606017345, 0.667358514260268]",0,53
1586,[0.17152258 0.45316805],26,51,"[0.1508950301577577, 0.45723062251398755]",0,-1
1587,[0.52040841 0.71090203],74,37,"[0.47348968360582744, 0.7125916710309903]",0,-1
1588,[0.24470274 0.20262437],73,27,"[0.29001319373773415, 0.21087702736570366]",0,64
1589,[0.1930887  0.60458197],16,80,"[0.15990270049190128, 0.5986117043755352]",0,-1
1590,[0.51463025 0.89173035],93,18,"[0.527398606849523, 0.8662745321442044]",0,-1
1591,[0.22549279 0.64180059],23,39,"[0.2596202559688416, 0.6257540185994204]",0,-1
1592,[0.50886645 0.8298622 ],60,18,"[0.527398606849523, 0.8662745321442044]",0,-1
1593,[0.85172568 0.87696217],85,79,"[0.8263954992254994, 0.8681441505941476]",0,-1
1594,[0.28157751 0.636971  ],16,39,"[0.2596202559688416, 0.6257540185994204]",0,-1
1595,[0.49149464 0.52812878],7,40,"[0.4758590512403852, 0.5317248607280546]",0,-1
1596,[0.81919316 0.43592414],66,8,"[0.8210079602672482, 0.4506152114933381]",0,17
1597,[0.1070601 0.4048354],53,71,"[0.11481900251646894, 0.37559708088824]",0,-1
1598,[0.4886799  0.55547635],7,40,"[0.4758590512403852, 0.5317248607280546]",0,-1
1599,[0.86143504 0.75049658],62,85,"[0.8584098981619135, 0.7196353557924977]",0,-1
1600,[0.55828199 0.39127093],4,73,"[0.5684491373659465, 0.3759776977620393]",0,-1
1601,[0.66203464 0.30362371],89,3,"[0.6759399092328674, 0.32128183561871837]",0,-1
1602,[0.70033561 0.19225408],95,70,"[0.6986975952159088, 0.16842470592263856]",0,-1
1603,[0.84023858 0.25537607],36,66,"[0.8238364342627095, 0.2773691959806487]",0,-1
1604,[0.44987691 0.39084851],55,42,"[0.47090413605197745, 0.3706753216883814]",0,58
1605,[0.56820746 0.66372057],90,5,"[0.54876158375065, 0.6433749135954844]",0,88
1606,[0.87692714 0.5185494 ],63,13,"[0.843760744736157, 0.5166552078676889]",0,-1
1607,[0.70269202 0.29194614],54,3,"[0.6759399092328674, 0.32128183561871837]",0,18
1608,[0.19601845 0.24952507],5,24,"[0.23531691667485555, 0.27209662123665185]",0,66
1609,[0.33385094 0.33952836],1,7,"[0.3321936611977011, 0.34293111744375654]",0,-1
1610,[0.80744344 0.30528736],36,66,"[0.8238364342627095, 0.2773691959806487]",0,-1
1611,[0.57140174 0.60621822],12,5,"[0.54876158375065, 0.6433749135954844]",0,-1
1612,[0.7345527 0.7762873],46,60,"[0.7001338409322506, 0.7409401695756385]",0,-1
1613,[0.70633418 0.30805564],54,3,"[0.6759399092328674, 0.32128183561871837]",0,18
1614,[0.88438647 0.83647715],21,87,"[0.8925149589987491, 0.8617277435613537]",0,-1
1615,[0.6503517  0.57061388],77,9,"[0.6184830434267037, 0.586333469678524]",0,68
1616,[0.2320281  0.87652355],31,97,"[0.2279904617185373, 0.9146376924080816]",0,-1
1617,[0.39892779 0.83667008],94,54,"[0.36959478636682913, 0.8084550989826409]",0,-1
1618,[0.74973237 0.36799831],91,22,"[0.757272224425649, 0.33905999717339425]",0,21
1619,[0.24110054 0.2393263 ],5,24,"[0.23531691667485555, 0.27209662123665185]",0,-1
1620,[0.55301067 0.18790243],33,91,"[0.5747298360762695, 0.15930251145986343]",0,-1
1621,[0.65893046 0.63809428],49,76,"[0.6483290776065068, 0.6569295539328516]",0,-1
1622,[0.82056412 0.37592284],50,25,"[0.8211120104597844, 0.37574618786089475]",0,-1
1623,[0.51017531 0.31867035],4,42,"[0.47090413605197745, 0.3706753216883814]",0,-1
1624,[0.83947076 0.48743827],83,13,"[0.843760744736157, 0.5166552078676889]",0,17
1625,[0.67163104 0.65678007],35,76,"[0.6483290776065068, 0.6569295539328516]",0,-1
1626,[0.09131449 0.65687359],23,90,"[0.11769418158886381, 0.6663972759552037]",-1,-1
1627,[0.28154721 0.29087827],11,24,"[0.23531691667485555, 0.27209662123665185]",0,-1
1628,[0.53267328 0.5971863 ],12,20,"[0.5371890084085489, 0.5739528596094324]",0,88
1629,[0.36178043 0.35395355],38,7,"[0.3321936611977011, 0.34293111744375654]",0,89
1630,[0.57652067 0.29461458],86,64,"[0.594073349455653, 0.28354489837534175]",0,-1
1631,[0.23622716 0.34600643],22,23,"[0.2032497039719594, 0.393824370774819]",0,-1
1632,[0.86188576 0.87306354],62,87,"[0.8925149589987491, 0.8617277435613537]",0,-1
1633,[0.25860938 0.31565303],11,24,"[0.23531691667485555, 0.27209662123665185]",0,-1
1634,[0.70511117 0.2855131 ],54,55,"[0.7305076164562052, 0.2580112669411776]",0,18
1635,[0.65054883 0.40198735],71,10,"[0.6398799516193626, 0.38844091859549007]",0,21
1636,[0.78140603 0.60915382],99,47,"[0.8091525442233867, 0.6013457413252116]",0,-1
1637,[0.21899822 0.90069667],59,97,"[0.2279904617185373, 0.9146376924080816]",-1,-1
1638,[0.1898259  0.34503775],11,38,"[0.18350109397176653, 0.31916714902230253]",0,62
1639,[0.83706486 0.35962476],66,25,"[0.8211120104597844, 0.37574618786089475]",0,-1
1640,[0.3707299  0.73357705],56,58,"[0.37887936110594184, 0.7334391897891285]",0,-1
1641,[0.57888616 0.1593162 ],88,91,"[0.5747298360762695, 0.15930251145986343]",0,-1
1642,[0.66733131 0.32342899],40,3,"[0.6759399092328674, 0.32128183561871837]",0,21
1643,[0.26353741 0.68491108],65,12,"[0.2822438507480652, 0.7105313788319401]",0,-1
1644,[0.27974283 0.30488606],25,24,"[0.23531691667485555, 0.27209662123665185]",0,-1
1645,[0.60086211 0.81032433],72,14,"[0.6208537257023621, 0.8045775614928529]",0,42
1646,[0.73195209 0.81446335],24,48,"[0.7803433920128066, 0.8205948599681767]",0,-1
1647,[0.38093524 0.41338811],14,1,"[0.3572487842659222, 0.41922446128046986]",0,89
1648,[0.83732194 0.54349379],43,13,"[0.843760744736157, 0.5166552078676889]",0,-1
1649,[0.65719979 0.53880381],35,53,"[0.6955018555560987, 0.5389599645427405]",0,-1
1650,[0.34354318 0.70868832],31,58,"[0.37887936110594184, 0.7334391897891285]",0,-1
1651,[0.40822744 0.25564763],57,21,"[0.3571400957876323, 0.26942599959136726]",0,-1
1652,[0.81666599 0.32783475],66,25,"[0.8211120104597844, 0.37574618786089475]",0,-1
1653,[0.41171761 0.39974563],67,17,"[0.4108830354862289, 0.4435508998593477]",0,89
1654,[0.17492567 0.6990415 ],0,45,"[0.19601325606017345, 0.667358514260268]",0,-1
1655,[0.09586316 0.32552788],26,71,"[0.11481900251646894, 0.37559708088824]",0,-1
1656,[0.62221751 0.56410724],49,9,"[0.6184830434267037, 0.586333469678524]",0,-1
1657,[0.82528864 0.80966815],21,41,"[0.8492841799095646, 0.8019622424543851]",0,13
1658,[0.6063162  0.76638217],79,57,"[0.6165364982648931, 0.7310583472769618]",0,36
1659,[0.57552169 0.56673071],49,20,"[0.5371890084085489, 0.5739528596094324]",0,88
1660,[0.49074207 0.57057239],69,2,"[0.4675886295436634, 0.6021765353351279]",0,88
1661,[0.80687245 0.29139357],80,66,"[0.8238364342627095, 0.2773691959806487]",0,-1
1662,[0.56675185 0.67688722],12,5,"[0.54876158375065, 0.6433749135954844]",0,-1
1663,[0.70380937 0.18609144],95,70,"[0.6986975952159088, 0.16842470592263856]",0,-1
1664,[0.24723589 0.74447438],65,11,"[0.22353793679767786, 0.7478364040140648]",0,56
1665,[0.76080461 0.73623445],46,63,"[0.7856877410353075, 0.7534945903126699]",0,-1
1666,[0.69681344 0.59344831],35,72,"[0.7259305706267937, 0.621464812471517]",0,-1
1667,[0.19077798 0.51040828],98,44,"[0.1912270592870895, 0.5359549801185394]",0,44
1668,[0.3081048  0.19569894],58,27,"[0.29001319373773415, 0.21087702736570366]",0,59
1669,[0.51538045 0.58501821],41,20,"[0.5371890084085489, 0.5739528596094324]",0,-1
1670,[0.11744449 0.51083228],98,77,"[0.10737865443478777, 0.5291217341624451]",0,-1
1671,[0.4621344  0.21061339],33,31,"[0.4191189173246286, 0.19329258812229377]",0,34
1672,[0.61663887 0.86797114],79,82,"[0.6132420785222222, 0.8710652413331001]",0,-1
1673,[0.77261338 0.53479545],87,32,"[0.7786163905873836, 0.5211842185039978]",0,17
1674,[0.38663167 0.60326565],76,30,"[0.36820757824267275, 0.5891561499462349]",0,-1
1675,[0.87249477 0.61192815],63,59,"[0.8763268698051316, 0.579199170331017]",0,-1
1676,[0.49788062 0.65250576],6,5,"[0.54876158375065, 0.6433749135954844]",0,-1
1677,[0.46771436 0.75301307],94,37,"[0.47348968360582744, 0.7125916710309903]",0,-1
1678,[0.23796228 0.78126538],59,11,"[0.22353793679767786, 0.7478364040140648]",0,-1
1679,[0.69751677 0.1269908 ],95,70,"[0.6986975952159088, 0.16842470592263856]",0,-1
1680,[0.50802064 0.78274664],70,46,"[0.5435344637313357, 0.7795756563374607]",0,-1
1681,[0.62083141 0.81286023],72,14,"[0.6208537257023621, 0.8045775614928529]",0,-1
1682,[0.20574411 0.23543638],58,33,"[0.1898538969523832, 0.20289106741831933]",0,-1
1683,[0.36790288 0.35057656],25,7,"[0.3321936611977011, 0.34293111744375654]",0,89
1684,[0.37378455 0.4881277 ],8,50,"[0.3898476181838421, 0.5216929572274273]",0,-1
1685,[0.43931861 0.50273051],41,40,"[0.4758590512403852, 0.5317248607280546]",0,-1
1686,[0.23654911 0.83741603],59,26,"[0.2731213809151105, 0.8295374863795931]",0,45
1687,[0.21156462 0.11531094],32,52,"[0.2294764018471187, 0.143723856671554]",0,-1
1688,[0.53052465 0.4728704 ],13,75,"[0.5172236746686562, 0.4443369127615434]",0,-1
1689,[0.55617423 0.83127777],72,18,"[0.527398606849523, 0.8662745321442044]",0,-1
1690,[0.84503665 0.30573375],80,66,"[0.8238364342627095, 0.2773691959806487]",0,2
1691,[0.43496865 0.25997819],55,34,"[0.47832967363307105, 0.25654673669797673]",0,-1
1692,[0.80075755 0.35727829],50,25,"[0.8211120104597844, 0.37574618786089475]",0,20
1693,[0.17599249 0.69956486],18,45,"[0.19601325606017345, 0.667358514260268]",0,-1
1694,[0.59461044 0.18362267],86,91,"[0.5747298360762695, 0.15930251145986343]",0,-1
1695,[0.20569426 0.33849505],53,38,"[0.18350109397176653, 0.31916714902230253]",0,-1
1696,[0.61809702 0.67883146],74,76,"[0.6483290776065068, 0.6569295539328516]",0,-1
1697,[0.60482541 0.21009042],88,61,"[0.5821749572804258, 0.2185848836493384]",0,7
1698,[0.5058862  0.27207768],52,34,"[0.47832967363307105, 0.25654673669797673]",0,-1
1699,[0.08737116 0.50480424],17,77,"[0.10737865443478777, 0.5291217341624451]",0,-1
1700,[0.32259952 0.64220105],51,36,"[0.3536068858323266, 0.6613822308481206]",0,-1
1701,[0.16788751 0.35019916],11,38,"[0.18350109397176653, 0.31916714902230253]",0,-1
1702,[0.70818597 0.38799786],68,4,"[0.7100353299176262, 0.3875574879176719]",0,21
1703,[0.40052714 0.64775584],90,0,"[0.4226395002574949, 0.6460584349087278]",0,88
1704,[0.42163577 0.56126233],82,50,"[0.3898476181838421, 0.5216929572274273]",0,79
1705,[0.72264586 0.40585349],68,4,"[0.7100353299176262, 0.3875574879176719]",0,-1
1706,[0.49692724 0.81446185],93,16,"[0.45898902168994016, 0.8115000101692392]",0,38
1707,[0.64715513 0.73868371],70,57,"[0.6165364982648931, 0.7310583472769618]",0,-1
1708,[0.27113147 0.35607231],1,19,"[0.2847353251184853, 0.39005308479636985]",0,-1
1709,[0.28235429 0.4339741 ],81,28,"[0.2520846559803125, 0.4621952512240386]",0,-1
1710,[0.76499651 0.10613871],36,95,"[0.7517203864819665, 0.11417692930271928]",0,-1
1711,[0.82745677 0.36781555],30,25,"[0.8211120104597844, 0.37574618786089475]",0,-1
1712,[0.37555283 0.18440094],52,31,"[0.4191189173246286, 0.19329258812229377]",0,-1
1713,[0.54015216 0.62202821],12,5,"[0.54876158375065, 0.6433749135954844]",0,88
1714,[0.20703004 0.20693803],5,33,"[0.1898538969523832, 0.20289106741831933]",0,-1
1715,[0.73338512 0.36694537],54,4,"[0.7100353299176262, 0.3875574879176719]",0,21
1716,[0.13081364 0.71991433],39,43,"[0.15465866632935668, 0.7523522483084468]",0,-1
1717,[0.34830641 0.64508091],19,36,"[0.3536068858323266, 0.6613822308481206]",0,-1
1718,[0.42782677 0.34699279],25,6,"[0.40678448596985844, 0.34277371919698396]",0,-1
1719,[0.25197086 0.74744093],65,11,"[0.22353793679767786, 0.7478364040140648]",0,56
1720,[0.81656423 0.83994401],85,79,"[0.8263954992254994, 0.8681441505941476]",0,13
1721,[0.61182533 0.36810773],29,10,"[0.6398799516193626, 0.38844091859549007]",0,-1
1722,[0.37647695 0.79305802],94,54,"[0.36959478636682913, 0.8084550989826409]",0,23
1723,[0.49711152 0.60615306],82,2,"[0.4675886295436634, 0.6021765353351279]",0,88
1724,[0.57110928 0.93088839],93,-1,-1,-1,-1
1725,[0.45183255 0.56749623],82,2,"[0.4675886295436634, 0.6021765353351279]",0,88
1726,[0.87929153 0.21959343],36,88,"[0.8567588921418147, 0.17457306337920828]",-1,-1
1727,[0.67571862 0.37330675],61,4,"[0.7100353299176262, 0.3875574879176719]",0,21
1728,[0.60708186 0.27695654],86,64,"[0.594073349455653, 0.28354489837534175]",0,-1
1729,[0.78117167 0.53925044],87,32,"[0.7786163905873836, 0.5211842185039978]",0,17
1730,[0.51886392 0.56501118],13,20,"[0.5371890084085489, 0.5739528596094324]",0,88
1731,[0.40724064 0.38857849],14,6,"[0.40678448596985844, 0.34277371919698396]",0,89
1732,[0.56938201 0.58139753],13,20,"[0.5371890084085489, 0.5739528596094324]",0,88
1733,[0.1891531  0.48254697],97,51,"[0.1508950301577577, 0.45723062251398755]",0,-1
1734,[0.8090314  0.53046933],83,32,"[0.7786163905873836, 0.5211842185039978]",0,17
1735,[0.25007764 0.82973944],65,26,"[0.2731213809151105, 0.8295374863795931]",0,45
1736,[0.07134004 0.39771413],26,71,"[0.11481900251646894, 0.37559708088824]",-1,-1
1737,[0.10166482 0.54442998],98,77,"[0.10737865443478777, 0.5291217341624451]",0,24
1738,[0.82926566 0.47102766],43,8,"[0.8210079602672482, 0.4506152114933381]",0,17
1739,[0.83990437 0.34413706],30,83,"[0.8762199555116444, 0.3404048051239979]",0,9
1740,[0.38488883 0.46973658],8,17,"[0.4108830354862289, 0.4435508998593477]",0,80
1741,[0.37838431 0.08515201],73,49,"[0.35418448506576955, 0.14329850428612353]",0,-1
1742,[0.20869362 0.66835536],23,45,"[0.19601325606017345, 0.667358514260268]",0,53
1743,[0.64439126 0.60136112],49,9,"[0.6184830434267037, 0.586333469678524]",0,76
1744,[0.28839404 0.46849816],92,28,"[0.2520846559803125, 0.4621952512240386]",0,-1
1745,[0.19385115 0.75530363],39,11,"[0.22353793679767786, 0.7478364040140648]",0,57
1746,[0.18883089 0.29848085],11,38,"[0.18350109397176653, 0.31916714902230253]",0,61
1747,[0.68658254 0.31721516],91,3,"[0.6759399092328674, 0.32128183561871837]",0,-1
1748,[0.13405038 0.77571567],0,43,"[0.15465866632935668, 0.7523522483084468]",0,-1
1749,[0.38977669 0.27091267],38,21,"[0.3571400957876323, 0.26942599959136726]",0,-1
1750,[0.16581374 0.5031485 ],98,44,"[0.1912270592870895, 0.5359549801185394]",0,-1
1751,[0.78941558 0.78304485],62,63,"[0.7856877410353075, 0.7534945903126699]",0,12
1752,[0.35506017 0.55311146],20,30,"[0.36820757824267275, 0.5891561499462349]",0,-1
1753,[0.54753369 0.6349318 ],75,5,"[0.54876158375065, 0.6433749135954844]",0,-1
1754,[0.14687735 0.07760949],32,89,"[0.15862126123377812, 0.09531060003677258]",0,-1
1755,[0.51738636 0.67633628],15,5,"[0.54876158375065, 0.6433749135954844]",0,-1
1756,[0.471312   0.57586387],12,2,"[0.4675886295436634, 0.6021765353351279]",0,88
1757,[0.19072511 0.62821737],23,45,"[0.19601325606017345, 0.667358514260268]",0,40
1758,[0.79625676 0.48388343],3,32,"[0.7786163905873836, 0.5211842185039978]",0,17
1759,[0.8695511  0.77877071],21,41,"[0.8492841799095646, 0.8019622424543851]",0,10
1760,[0.54114908 0.82419405],60,18,"[0.527398606849523, 0.8662745321442044]",0,37
1761,[0.81099888 0.81887204],96,48,"[0.7803433920128066, 0.8205948599681767]",0,13
1762,[0.63397941 0.77923838],70,14,"[0.6208537257023621, 0.8045775614928529]",0,36
1763,[0.60460308 0.81350597],70,14,"[0.6208537257023621, 0.8045775614928529]",0,42
1764,[0.21149291 0.84885182],48,69,"[0.18889864315739, 0.8195957758801673]",0,-1
1765,[0.63831152 0.36496671],29,10,"[0.6398799516193626, 0.38844091859549007]",0,-1
1766,[0.620401   0.36538935],29,10,"[0.6398799516193626, 0.38844091859549007]",0,-1
1767,[0.3499125  0.79052114],48,54,"[0.36959478636682913, 0.8084550989826409]",0,-1
1768,[0.18473661 0.79613461],65,69,"[0.18889864315739, 0.8195957758801673]",0,50
1769,[0.82950893 0.54956001],27,13,"[0.843760744736157, 0.5166552078676889]",0,14
1770,[0.85655848 0.42386428],83,62,"[0.8921140984845523, 0.4428581583396137]",0,-1
1771,[0.81889398 0.85288907],96,79,"[0.8263954992254994, 0.8681441505941476]",0,-1
1772,[0.32658205 0.86491078],48,67,"[0.37743107737986015, 0.883213849264441]",0,-1
1773,[0.38059528 0.42796968],64,1,"[0.3572487842659222, 0.41922446128046986]",0,89
1774,[0.63203957 0.40860891],4,10,"[0.6398799516193626, 0.38844091859549007]",0,-1
1775,[0.84620109 0.83752775],85,41,"[0.8492841799095646, 0.8019622424543851]",0,-1
1776,[0.43836485 0.33954237],55,6,"[0.40678448596985844, 0.34277371919698396]",0,-1
1777,[0.18932195 0.10401839],32,89,"[0.15862126123377812, 0.09531060003677258]",0,-1
1778,[0.63707529 0.33773585],34,3,"[0.6759399092328674, 0.32128183561871837]",0,-1
1779,[0.26208956 0.75039188],59,11,"[0.22353793679767786, 0.7478364040140648]",0,56
1780,[0.83622517 0.60418361],27,47,"[0.8091525442233867, 0.6013457413252116]",0,-1
1781,[0.82916295 0.27587251],80,66,"[0.8238364342627095, 0.2773691959806487]",0,-1
1782,[0.71940725 0.53125553],28,53,"[0.6955018555560987, 0.5389599645427405]",0,-1
1783,[0.39753798 0.5681106 ],20,30,"[0.36820757824267275, 0.5891561499462349]",0,-1
1784,[0.47194928 0.68096373],6,37,"[0.47348968360582744, 0.7125916710309903]",0,-1
1785,[0.64604199 0.39669318],29,10,"[0.6398799516193626, 0.38844091859549007]",0,21
1786,[0.23980078 0.20267589],10,33,"[0.1898538969523832, 0.20289106741831933]",0,64
1787,[0.57880549 0.59720003],37,9,"[0.6184830434267037, 0.586333469678524]",0,-1
1788,[0.33871571 0.60306155],82,30,"[0.36820757824267275, 0.5891561499462349]",0,-1
1789,[0.79840209 0.50581837],28,32,"[0.7786163905873836, 0.5211842185039978]",0,17
1790,[0.24737614 0.4073302 ],53,19,"[0.2847353251184853, 0.39005308479636985]",0,74
1791,[0.12555685 0.81820435],0,86,"[0.11333449837233942, 0.8035791769910723]",0,-1
1792,[0.74066135 0.27142326],91,55,"[0.7305076164562052, 0.2580112669411776]",0,-1
1793,[0.15225321 0.76573085],39,43,"[0.15465866632935668, 0.7523522483084468]",0,51
1794,[0.77951825 0.81887481],21,48,"[0.7803433920128066, 0.8205948599681767]",0,-1
1795,[0.64890586 0.46970062],34,65,"[0.6636957553845171, 0.46135824588144125]",0,-1
1796,[0.72266099 0.51636869],35,53,"[0.6955018555560987, 0.5389599645427405]",0,-1
1797,[0.7772187  0.44576189],83,15,"[0.7558016368645127, 0.4462797814247812]",0,17
1798,[0.92088889 0.56963157],27,59,"[0.8763268698051316, 0.579199170331017]",0,-1
1799,[0.28876591 0.65219089],51,39,"[0.2596202559688416, 0.6257540185994204]",0,-1
1800,[0.72904649 0.55689173],87,53,"[0.6955018555560987, 0.5389599645427405]",0,-1
1801,[0.43004576 0.34435395],38,6,"[0.40678448596985844, 0.34277371919698396]",0,-1
1802,[0.1321223  0.49248249],17,51,"[0.1508950301577577, 0.45723062251398755]",0,-1
1803,[0.24107269 0.57410573],97,39,"[0.2596202559688416, 0.6257540185994204]",0,-1
1804,[0.51456191 0.85105677],60,18,"[0.527398606849523, 0.8662745321442044]",0,-1
1805,[0.63457863 0.65028757],13,76,"[0.6483290776065068, 0.6569295539328516]",0,-1
1806,[0.24706794 0.76677939],65,11,"[0.22353793679767786, 0.7478364040140648]",0,-1
1807,[0.5680699  0.80370591],93,46,"[0.5435344637313357, 0.7795756563374607]",0,-1
1808,[0.69998708 0.35706532],40,4,"[0.7100353299176262, 0.3875574879176719]",0,21
1809,[0.69838561 0.34924592],40,3,"[0.6759399092328674, 0.32128183561871837]",0,21
1810,[0.54093707 0.62707618],74,5,"[0.54876158375065, 0.6433749135954844]",0,88
1811,[0.68279349 0.38649349],34,4,"[0.7100353299176262, 0.3875574879176719]",0,21
1812,[0.13321905 0.42659854],53,51,"[0.1508950301577577, 0.45723062251398755]",0,-1
1813,[0.15115314 0.76488395],39,43,"[0.15465866632935668, 0.7523522483084468]",0,51
1814,[0.62159616 0.21039841],88,35,"[0.6545605605339905, 0.22500987532438183]",0,-1
1815,[0.30597122 0.3793069 ],1,19,"[0.2847353251184853, 0.39005308479636985]",0,-1
1816,[0.85750358 0.33774455],30,83,"[0.8762199555116444, 0.3404048051239979]",0,-1
1817,[0.5447116  0.33762377],4,73,"[0.5684491373659465, 0.3759776977620393]",0,-1
1818,[0.19083468 0.69458199],16,45,"[0.19601325606017345, 0.667358514260268]",0,-1
1819,[0.67906053 0.34616517],40,3,"[0.6759399092328674, 0.32128183561871837]",0,21
1820,[0.52664212 0.59812462],12,20,"[0.5371890084085489, 0.5739528596094324]",0,-1
1821,[0.87763349 0.58910119],27,59,"[0.8763268698051316, 0.579199170331017]",0,-1
1822,[0.43456721 0.60334516],82,2,"[0.4675886295436634, 0.6021765353351279]",0,-1
1823,[0.48835641 0.26135397],52,34,"[0.47832967363307105, 0.25654673669797673]",0,-1
1824,[0.19541942 0.38949495],44,23,"[0.2032497039719594, 0.393824370774819]",0,-1
1825,[0.46615517 0.81740949],56,16,"[0.45898902168994016, 0.8115000101692392]",0,39
1826,[0.68451341 0.41335245],40,4,"[0.7100353299176262, 0.3875574879176719]",0,21
1827,[0.60138568 0.21311159],88,61,"[0.5821749572804258, 0.2185848836493384]",0,7
1828,[0.58187312 0.54814476],12,29,"[0.5812618174713859, 0.5240123764686471]",0,88
1829,[0.57156556 0.18006878],88,91,"[0.5747298360762695, 0.15930251145986343]",0,-1
1830,[0.59509285 0.20671758],88,61,"[0.5821749572804258, 0.2185848836493384]",0,7
1831,[0.79055236 0.49687733],99,32,"[0.7786163905873836, 0.5211842185039978]",0,17
1832,[0.82959351 0.44718126],50,8,"[0.8210079602672482, 0.4506152114933381]",0,17
1833,[0.61212777 0.55729199],37,9,"[0.6184830434267037, 0.586333469678524]",0,-1
1834,[0.41713285 0.36653609],38,6,"[0.40678448596985844, 0.34277371919698396]",0,-1
1835,[0.79452112 0.47982124],83,8,"[0.8210079602672482, 0.4506152114933381]",0,17
1836,[0.13475432 0.59409228],98,80,"[0.15990270049190128, 0.5986117043755352]",0,-1
1837,[0.67399465 0.24615106],86,35,"[0.6545605605339905, 0.22500987532438183]",0,-1
1838,[0.1573857  0.38449817],22,71,"[0.11481900251646894, 0.37559708088824]",0,-1
1839,[0.64011105 0.75405873],70,57,"[0.6165364982648931, 0.7310583472769618]",0,-1
1840,[0.24644779 0.75038775],31,11,"[0.22353793679767786, 0.7478364040140648]",0,56
1841,[0.41133593 0.16031665],73,31,"[0.4191189173246286, 0.19329258812229377]",0,-1
1842,[0.34040804 0.69222495],19,36,"[0.3536068858323266, 0.6613822308481206]",0,-1
1843,[0.15774606 0.15754291],32,81,"[0.13426292668090453, 0.163935928071412]",0,-1
1844,[0.73392541 0.42627406],91,15,"[0.7558016368645127, 0.4462797814247812]",0,-1
1845,[0.59275554 0.58702499],49,9,"[0.6184830434267037, 0.586333469678524]",0,-1
1846,[0.76956785 0.32957253],91,22,"[0.757272224425649, 0.33905999717339425]",0,-1
1847,[0.77213717 0.31961879],54,22,"[0.757272224425649, 0.33905999717339425]",0,-1
1848,[0.91955332 0.83684827],21,93,"[0.9128525281281048, 0.8015861505597924]",0,-1
1849,[0.44661011 0.15629794],84,74,"[0.4464145664830302, 0.11749079524673668]",0,33
1850,[0.2411469  0.82163823],59,26,"[0.2731213809151105, 0.8295374863795931]",0,-1
1851,[0.58104665 0.2615195 ],86,64,"[0.594073349455653, 0.28354489837534175]",0,-1
1852,[0.80408235 0.84494347],96,79,"[0.8263954992254994, 0.8681441505941476]",0,-1
1853,[0.57195807 0.56592811],77,20,"[0.5371890084085489, 0.5739528596094324]",0,88
1854,[0.79774573 0.40715169],66,25,"[0.8211120104597844, 0.37574618786089475]",0,-1
1855,[0.91795357 0.48543031],30,92,"[0.9291777218511399, 0.5053403904093751]",0,-1
1856,[0.41057208 0.54287077],7,50,"[0.3898476181838421, 0.5216929572274273]",0,79
1857,[0.82763873 0.47264678],30,8,"[0.8210079602672482, 0.4506152114933381]",0,17
1858,[0.67082175 0.39085697],61,10,"[0.6398799516193626, 0.38844091859549007]",0,21
1859,[0.76914917 0.30737067],91,22,"[0.757272224425649, 0.33905999717339425]",0,-1
1860,[0.7466075  0.49515982],28,32,"[0.7786163905873836, 0.5211842185039978]",0,-1
1861,[0.75989779 0.10970125],95,95,"[0.7517203864819665, 0.11417692930271928]",0,-1
1862,[0.73747175 0.66884506],46,72,"[0.7259305706267937, 0.621464812471517]",0,-1
1863,[0.6743834  0.16509504],89,70,"[0.6986975952159088, 0.16842470592263856]",0,-1
1864,[0.52642084 0.67954907],12,5,"[0.54876158375065, 0.6433749135954844]",0,-1
1865,[0.26134254 0.44271365],9,28,"[0.2520846559803125, 0.4621952512240386]",0,-1
1866,[0.22804716 0.34885419],44,23,"[0.2032497039719594, 0.393824370774819]",0,-1
1867,[0.61545375 0.34734362],61,10,"[0.6398799516193626, 0.38844091859549007]",0,-1
1868,[0.73206395 0.74111907],46,60,"[0.7001338409322506, 0.7409401695756385]",0,-1
1869,[0.46397669 0.84066754],78,16,"[0.45898902168994016, 0.8115000101692392]",0,-1
1870,[0.42897518 0.33832003],1,6,"[0.40678448596985844, 0.34277371919698396]",0,-1
1871,[0.40869762 0.85654721],56,67,"[0.37743107737986015, 0.883213849264441]",0,-1
1872,[0.75097334 0.4123948 ],2,15,"[0.7558016368645127, 0.4462797814247812]",0,-1
1873,[0.66684619 0.42304466],2,65,"[0.6636957553845171, 0.46135824588144125]",0,21
1874,[0.47320468 0.53891192],41,40,"[0.4758590512403852, 0.5317248607280546]",0,-1
1875,[0.35539789 0.52672455],81,50,"[0.3898476181838421, 0.5216929572274273]",0,-1
1876,[0.13045755 0.65427344],23,90,"[0.11769418158886381, 0.6663972759552037]",0,-1
1877,[0.4048556  0.60730938],76,30,"[0.36820757824267275, 0.5891561499462349]",0,88
1878,[0.14950079 0.16288672],32,81,"[0.13426292668090453, 0.163935928071412]",0,-1
1879,[0.82034854 0.75805433],21,63,"[0.7856877410353075, 0.7534945903126699]",0,-1
1880,[0.32369043 0.28941904],47,21,"[0.3571400957876323, 0.26942599959136726]",0,-1
1881,[0.65614737 0.31565877],71,3,"[0.6759399092328674, 0.32128183561871837]",0,-1
1882,[0.84662791 0.31469672],80,83,"[0.8762199555116444, 0.3404048051239979]",0,-1
1883,[0.62891705 0.80039553],70,14,"[0.6208537257023621, 0.8045775614928529]",0,42
1884,[0.55846739 0.67256612],74,5,"[0.54876158375065, 0.6433749135954844]",0,88
1885,[0.20643961 0.22747694],58,33,"[0.1898538969523832, 0.20289106741831933]",0,-1
1886,[0.64079659 0.39310403],40,10,"[0.6398799516193626, 0.38844091859549007]",0,21
1887,[0.73686258 0.5776326 ],28,72,"[0.7259305706267937, 0.621464812471517]",0,-1
1888,[0.23808949 0.72035796],16,11,"[0.22353793679767786, 0.7478364040140648]",0,-1
1889,[0.43315611 0.41632679],38,17,"[0.4108830354862289, 0.4435508998593477]",0,-1
1890,[0.59404781 0.20711599],86,61,"[0.5821749572804258, 0.2185848836493384]",0,7
1891,[0.33527835 0.40369512],38,1,"[0.3572487842659222, 0.41922446128046986]",0,89
1892,[0.67127365 0.29534883],2,3,"[0.6759399092328674, 0.32128183561871837]",0,22
1893,[0.1612857  0.73244987],65,43,"[0.15465866632935668, 0.7523522483084468]",0,-1
1894,[0.4400094  0.09262957],33,74,"[0.4464145664830302, 0.11749079524673668]",0,-1
1895,[0.08802456 0.54640153],98,77,"[0.10737865443478777, 0.5291217341624451]",0,-1
1896,[0.59901459 0.40054792],34,73,"[0.5684491373659465, 0.3759776977620393]",0,-1
1897,[0.81976973 0.30579032],80,66,"[0.8238364342627095, 0.2773691959806487]",0,-1
1898,[0.86797572 0.93741654],85,96,"[0.8392361981886964, 0.9325288642954174]",-1,-1
1899,[0.95725145 0.51998241],63,92,"[0.9291777218511399, 0.5053403904093751]",-1,-1
1900,[0.2917762  0.44420084],81,28,"[0.2520846559803125, 0.4621952512240386]",0,-1
1901,[0.50297575 0.34833587],67,42,"[0.47090413605197745, 0.3706753216883814]",0,-1
1902,[0.70958612 0.2274085 ],95,55,"[0.7305076164562052, 0.2580112669411776]",0,3
1903,[0.40723608 0.39265582],67,6,"[0.40678448596985844, 0.34277371919698396]",0,89
1904,[0.15117231 0.23127646],5,84,"[0.1433957510634753, 0.2579081432754369]",0,-1
1905,[0.30971165 0.72875464],16,12,"[0.2822438507480652, 0.7105313788319401]",0,-1
1906,[0.34322913 0.20499317],57,27,"[0.29001319373773415, 0.21087702736570366]",0,-1
1907,[0.82232789 0.25810099],80,66,"[0.8238364342627095, 0.2773691959806487]",0,-1
1908,[0.19624135 0.18613517],32,33,"[0.1898538969523832, 0.20289106741831933]",0,48
1909,[0.70268453 0.36289794],68,4,"[0.7100353299176262, 0.3875574879176719]",0,21
1910,[0.32137053 0.27450892],25,21,"[0.3571400957876323, 0.26942599959136726]",0,-1
1911,[0.15468798 0.83096115],39,69,"[0.18889864315739, 0.8195957758801673]",0,-1
1912,[0.7642417  0.44022167],28,15,"[0.7558016368645127, 0.4462797814247812]",0,17
1913,[0.9250632  0.36571527],43,83,"[0.8762199555116444, 0.3404048051239979]",-1,-1
1914,[0.21562639 0.67473891],23,45,"[0.19601325606017345, 0.667358514260268]",0,53
1915,[0.55861107 0.85906387],72,18,"[0.527398606849523, 0.8662745321442044]",0,-1
1916,[0.63667209 0.706472  ],79,57,"[0.6165364982648931, 0.7310583472769618]",0,-1
1917,[0.76976857 0.4439814 ],43,15,"[0.7558016368645127, 0.4462797814247812]",0,17
1918,[0.76073035 0.23817896],95,55,"[0.7305076164562052, 0.2580112669411776]",0,-1
1919,[0.4365271  0.77102414],94,16,"[0.45898902168994016, 0.8115000101692392]",0,30
1920,[0.2961735  0.19690411],57,27,"[0.29001319373773415, 0.21087702736570366]",0,-1
1921,[0.36601797 0.34687117],25,7,"[0.3321936611977011, 0.34293111744375654]",0,89
1922,[0.48926352 0.64603403],12,2,"[0.4675886295436634, 0.6021765353351279]",0,85
1923,[0.52990168 0.8407975 ],72,18,"[0.527398606849523, 0.8662745321442044]",0,37
1924,[0.78545505 0.46638763],87,15,"[0.7558016368645127, 0.4462797814247812]",0,17
1925,[0.061502   0.74212865],39,94,"[0.08336279277630905, 0.7423055088738316]",-1,-1
1926,[0.2646921  0.24931326],25,24,"[0.23531691667485555, 0.27209662123665185]",0,65
1927,[0.73408189 0.34420031],61,22,"[0.757272224425649, 0.33905999717339425]",0,21
1928,[0.3501882  0.68121008],19,36,"[0.3536068858323266, 0.6613822308481206]",0,-1
1929,[0.34350716 0.30668564],47,7,"[0.3321936611977011, 0.34293111744375654]",0,75
1930,[0.90800607 0.46760596],83,62,"[0.8921140984845523, 0.4428581583396137]",0,-1
1931,[0.6217764  0.81235065],24,14,"[0.6208537257023621, 0.8045775614928529]",0,-1
1932,[0.65855155 0.58703593],74,9,"[0.6184830434267037, 0.586333469678524]",0,-1
1933,[0.87394515 0.53603265],63,13,"[0.843760744736157, 0.5166552078676889]",0,17
1934,[0.34764472 0.12918605],73,49,"[0.35418448506576955, 0.14329850428612353]",0,-1
1935,[0.48451037 0.53741476],41,40,"[0.4758590512403852, 0.5317248607280546]",0,-1
1936,[0.45591473 0.57168452],41,2,"[0.4675886295436634, 0.6021765353351279]",0,88
1937,[0.34222481 0.71428858],94,58,"[0.37887936110594184, 0.7334391897891285]",0,-1
1938,[0.54698634 0.63162441],12,5,"[0.54876158375065, 0.6433749135954844]",0,88
1939,[0.23096457 0.201515  ],58,33,"[0.1898538969523832, 0.20289106741831933]",0,-1
1940,[0.44013839 0.46414018],64,17,"[0.4108830354862289, 0.4435508998593477]",0,-1
1941,[0.26814898 0.79418476],31,26,"[0.2731213809151105, 0.8295374863795931]",0,-1
1942,[0.68169804 0.62266701],49,72,"[0.7259305706267937, 0.621464812471517]",0,-1
1943,[0.35366161 0.40034179],92,1,"[0.3572487842659222, 0.41922446128046986]",0,89
1944,[0.43963502 0.58155472],69,2,"[0.4675886295436634, 0.6021765353351279]",0,-1
1945,[0.66783815 0.39049985],29,10,"[0.6398799516193626, 0.38844091859549007]",0,21
1946,[0.46490103 0.66721966],69,37,"[0.47348968360582744, 0.7125916710309903]",0,-1
1947,[0.758975   0.57475818],27,47,"[0.8091525442233867, 0.6013457413252116]",0,-1
1948,[0.18149282 0.16191697],45,33,"[0.1898538969523832, 0.20289106741831933]",0,-1
1949,[0.51807448 0.58721716],12,20,"[0.5371890084085489, 0.5739528596094324]",0,-1
1950,[0.60589904 0.76860351],70,14,"[0.6208537257023621, 0.8045775614928529]",0,36
1951,[0.33059508 0.40052999],92,1,"[0.3572487842659222, 0.41922446128046986]",0,89
1952,[0.11115532 0.72616336],0,94,"[0.08336279277630905, 0.7423055088738316]",0,-1
1953,[0.46596141 0.56224888],7,40,"[0.4758590512403852, 0.5317248607280546]",0,88
1954,[0.43309769 0.21182261],73,31,"[0.4191189173246286, 0.19329258812229377]",0,35
1955,[0.68403846 0.79497599],24,60,"[0.7001338409322506, 0.7409401695756385]",0,-1
1956,[0.71333066 0.16916441],95,70,"[0.6986975952159088, 0.16842470592263856]",0,-1
1957,[0.44806019 0.41833884],64,17,"[0.4108830354862289, 0.4435508998593477]",0,-1
1958,[0.63926382 0.50080895],49,65,"[0.6636957553845171, 0.46135824588144125]",0,-1
1959,[0.57254489 0.63905068],12,5,"[0.54876158375065, 0.6433749135954844]",0,-1
1960,[0.83851824 0.73825957],96,85,"[0.8584098981619135, 0.7196353557924977]",0,-1
1961,[0.31697268 0.39396905],81,19,"[0.2847353251184853, 0.39005308479636985]",0,-1
1962,[0.69282308 0.20998411],95,35,"[0.6545605605339905, 0.22500987532438183]",0,-1
1963,[0.83232098 0.85207304],21,79,"[0.8263954992254994, 0.8681441505941476]",0,-1
1964,[0.26886393 0.64885725],19,39,"[0.2596202559688416, 0.6257540185994204]",0,52
1965,[0.71258808 0.62138775],49,72,"[0.7259305706267937, 0.621464812471517]",0,-1
1966,[0.48882054 0.68269673],90,37,"[0.47348968360582744, 0.7125916710309903]",0,-1
1967,[0.36479341 0.39037967],14,1,"[0.3572487842659222, 0.41922446128046986]",0,89
1968,[0.7051844  0.84134583],24,-1,-1,0,-1
1969,[0.26930709 0.23940721],5,27,"[0.29001319373773415, 0.21087702736570366]",0,-1
1970,[0.41218979 0.44862577],8,17,"[0.4108830354862289, 0.4435508998593477]",0,82
1971,[0.58374817 0.53625404],37,29,"[0.5812618174713859, 0.5240123764686471]",0,-1
1972,[0.51041401 0.21394359],88,56,"[0.4908116515444846, 0.16632592191374188]",0,-1
1973,[0.70592572 0.55457662],49,53,"[0.6955018555560987, 0.5389599645427405]",0,-1
1974,[0.21732833 0.26740119],53,24,"[0.23531691667485555, 0.27209662123665185]",0,-1
1975,[0.33549324 0.34958617],14,7,"[0.3321936611977011, 0.34293111744375654]",0,-1
1976,[0.19471382 0.43184513],26,23,"[0.2032497039719594, 0.393824370774819]",0,-1
1977,[0.4921945  0.57864142],15,2,"[0.4675886295436634, 0.6021765353351279]",0,88
1978,[0.82141573 0.50837101],3,13,"[0.843760744736157, 0.5166552078676889]",0,17
1979,[0.8386086  0.39137293],50,25,"[0.8211120104597844, 0.37574618786089475]",0,17
1980,[0.55772439 0.72843664],79,46,"[0.5435344637313357, 0.7795756563374607]",0,-1
1981,[0.32629278 0.63050885],51,36,"[0.3536068858323266, 0.6613822308481206]",0,-1
1982,[0.72078879 0.37179606],2,4,"[0.7100353299176262, 0.3875574879176719]",0,21
1983,[0.32263112 0.70642675],51,12,"[0.2822438507480652, 0.7105313788319401]",0,-1
1984,[0.36430847 0.4815986 ],8,50,"[0.3898476181838421, 0.5216929572274273]",0,77
1985,[0.61358803 0.55215672],74,9,"[0.6184830434267037, 0.586333469678524]",0,-1
1986,[0.61263141 0.28583877],88,64,"[0.594073349455653, 0.28354489837534175]",0,4
1987,[0.7592559  0.64616853],62,72,"[0.7259305706267937, 0.621464812471517]",0,-1
1988,[0.62699446 0.18460661],89,35,"[0.6545605605339905, 0.22500987532438183]",0,-1
1989,[0.57461661 0.67940367],74,5,"[0.54876158375065, 0.6433749135954844]",0,-1
1990,[0.86687616 0.77260764],62,41,"[0.8492841799095646, 0.8019622424543851]",0,10
1991,[0.83864158 0.72102403],85,85,"[0.8584098981619135, 0.7196353557924977]",0,-1
1992,[0.37514977 0.30377913],1,21,"[0.3571400957876323, 0.26942599959136726]",0,-1
1993,[0.73428698 0.30583366],54,22,"[0.757272224425649, 0.33905999717339425]",0,-1
1994,[0.3501368  0.13144395],73,49,"[0.35418448506576955, 0.14329850428612353]",0,-1
1995,[0.40794882 0.33191678],67,6,"[0.40678448596985844, 0.34277371919698396]",0,-1
1996,[0.90587528 0.50845403],43,92,"[0.9291777218511399, 0.5053403904093751]",0,-1
1997,[0.38644136 0.30405504],25,6,"[0.40678448596985844, 0.34277371919698396]",0,-1
1998,[0.68129125 0.50233882],3,53,"[0.6955018555560987, 0.5389599645427405]",0,-1
1999,[0.22581305 0.72963716],16,11,"[0.22353793679767786, 0.7478364040140648]",0,-1
2000,[0.28767952 0.32660612],42,7,"[0.3321936611977011, 0.34293111744375654]",0,-1
2001,[0.28022945 0.20868081],5,27,"[0.29001319373773415, 0.21087702736570366]",0,59
2002,[0.40848984 0.67825833],76,0,"[0.4226395002574949, 0.6460584349087278]",0,88
2003,[0.84080181 0.38816677],30,25,"[0.8211120104597844, 0.37574618786089475]",0,17
2004,[0.6538095 0.3110038],54,3,"[0.6759399092328674, 0.32128183561871837]",0,-1
2005,[0.43700221 0.34483415],55,6,"[0.40678448596985844, 0.34277371919698396]",0,-1
2006,[0.48018124 0.64072514],7,2,"[0.4675886295436634, 0.6021765353351279]",0,88
2007,[0.6197972 0.5694267],74,9,"[0.6184830434267037, 0.586333469678524]",0,-1
2008,[0.40615744 0.58636776],15,30,"[0.36820757824267275, 0.5891561499462349]",0,88
2009,[0.49905412 0.55397392],41,40,"[0.4758590512403852, 0.5317248607280546]",0,-1
2010,[0.50657012 0.75859183],93,46,"[0.5435344637313357, 0.7795756563374607]",0,-1
2011,[0.58002646 0.5762472 ],74,9,"[0.6184830434267037, 0.586333469678524]",0,88
2012,[0.76093608 0.19354812],36,78,"[0.7951539755354653, 0.19004804298167233]",0,-1
2013,[0.87366233 0.88760595],96,87,"[0.8925149589987491, 0.8617277435613537]",0,-1
2014,[0.72770295 0.50666887],3,53,"[0.6955018555560987, 0.5389599645427405]",0,-1
2015,[0.67302729 0.18579498],89,70,"[0.6986975952159088, 0.16842470592263856]",0,5
2016,[0.39086121 0.41509257],38,1,"[0.3572487842659222, 0.41922446128046986]",0,89
2017,[0.84539789 0.80685308],85,41,"[0.8492841799095646, 0.8019622424543851]",0,13
2018,[0.58042921 0.64950141],74,5,"[0.54876158375065, 0.6433749135954844]",0,-1
2019,[0.44049372 0.59682803],6,2,"[0.4675886295436634, 0.6021765353351279]",0,88
2020,[0.4418896  0.48912255],7,40,"[0.4758590512403852, 0.5317248607280546]",0,-1
2021,[0.62310007 0.35342558],61,10,"[0.6398799516193626, 0.38844091859549007]",0,19
2022,[0.38992461 0.35015331],1,6,"[0.40678448596985844, 0.34277371919698396]",0,-1
2023,[0.31030691 0.85944845],48,26,"[0.2731213809151105, 0.8295374863795931]",0,-1
2024,[0.77961617 0.43261084],83,15,"[0.7558016368645127, 0.4462797814247812]",0,17
2025,[0.35077133 0.25725193],25,21,"[0.3571400957876323, 0.26942599959136726]",0,75
2026,[0.15746328 0.24859404],11,84,"[0.1433957510634753, 0.2579081432754369]",0,-1
2027,[0.44545082 0.66195033],6,0,"[0.4226395002574949, 0.6460584349087278]",0,88
2028,[0.35040603 0.27091493],47,21,"[0.3571400957876323, 0.26942599959136726]",0,75
2029,[0.37854682 0.36478382],1,6,"[0.40678448596985844, 0.34277371919698396]",0,89
2030,[0.83340689 0.20075532],36,88,"[0.8567588921418147, 0.17457306337920828]",0,0
2031,[0.7786893  0.22623146],36,78,"[0.7951539755354653, 0.19004804298167233]",0,-1
2032,[0.17252549 0.3817986 ],44,23,"[0.2032497039719594, 0.393824370774819]",0,-1
2033,[0.61737154 0.82391146],79,14,"[0.6208537257023621, 0.8045775614928529]",0,-1
2034,[0.82806458 0.7691741 ],96,41,"[0.8492841799095646, 0.8019622424543851]",0,13
2035,[0.55750202 0.39703681],4,73,"[0.5684491373659465, 0.3759776977620393]",0,-1
2036,[0.6198052  0.50720836],35,29,"[0.5812618174713859, 0.5240123764686471]",0,-1
2037,[0.71967339 0.32908619],54,22,"[0.757272224425649, 0.33905999717339425]",0,-1
2038,[0.17726754 0.22352172],32,33,"[0.1898538969523832, 0.20289106741831933]",0,67
2039,[0.86233306 0.38123863],30,25,"[0.8211120104597844, 0.37574618786089475]",0,-1
2040,[0.63310015 0.5584663 ],49,9,"[0.6184830434267037, 0.586333469678524]",0,68
2041,[0.1445643  0.66944568],0,90,"[0.11769418158886381, 0.6663972759552037]",0,-1
2042,[0.92479679 0.50458381],83,92,"[0.9291777218511399, 0.5053403904093751]",0,-1
2043,[0.38861242 0.59604576],76,30,"[0.36820757824267275, 0.5891561499462349]",0,88
2044,[0.20096919 0.12546206],45,52,"[0.2294764018471187, 0.143723856671554]",0,-1
2045,[0.6701904 0.3591349],68,3,"[0.6759399092328674, 0.32128183561871837]",0,21
2046,[0.14535378 0.7734346 ],39,43,"[0.15465866632935668, 0.7523522483084468]",0,51
2047,[0.66965132 0.45139523],29,65,"[0.6636957553845171, 0.46135824588144125]",0,-1
2048,[0.65526176 0.77053273],24,14,"[0.6208537257023621, 0.8045775614928529]",0,-1
2049,[0.18389835 0.69385662],0,45,"[0.19601325606017345, 0.667358514260268]",0,-1
2050,[0.3980172  0.36409417],67,6,"[0.40678448596985844, 0.34277371919698396]",0,-1
2051,[0.23913489 0.84817916],31,26,"[0.2731213809151105, 0.8295374863795931]",0,45
2052,[0.44950618 0.83161756],78,16,"[0.45898902168994016, 0.8115000101692392]",0,-1
2053,[0.3992632  0.47474141],14,17,"[0.4108830354862289, 0.4435508998593477]",0,80
2054,[0.78368808 0.36194536],3,22,"[0.757272224425649, 0.33905999717339425]",0,20
2055,[0.20980471 0.13001006],32,52,"[0.2294764018471187, 0.143723856671554]",0,-1
2056,[0.21109644 0.54580891],97,44,"[0.1912270592870895, 0.5359549801185394]",0,-1
2057,[0.43795703 0.2614784 ],84,34,"[0.47832967363307105, 0.25654673669797673]",0,32
2058,[0.24255357 0.75985952],16,11,"[0.22353793679767786, 0.7478364040140648]",0,57
2059,[0.20199248 0.27790284],22,24,"[0.23531691667485555, 0.27209662123665185]",0,63
2060,[0.77454499 0.77374517],62,63,"[0.7856877410353075, 0.7534945903126699]",0,-1
2061,[0.1803677  0.65016646],23,45,"[0.19601325606017345, 0.667358514260268]",0,40
2062,[0.67786095 0.59510861],49,72,"[0.7259305706267937, 0.621464812471517]",0,-1
2063,[0.88228384 0.29471995],80,83,"[0.8762199555116444, 0.3404048051239979]",-1,-1
2064,[0.51395989 0.62765557],69,5,"[0.54876158375065, 0.6433749135954844]",0,-1
2065,[0.66554136 0.35796481],40,3,"[0.6759399092328674, 0.32128183561871837]",0,21
2066,[0.363101  0.2469456],25,21,"[0.3571400957876323, 0.26942599959136726]",0,-1
2067,[0.44925264 0.70281343],6,37,"[0.47348968360582744, 0.7125916710309903]",0,-1
2068,[0.2162792  0.90283101],48,97,"[0.2279904617185373, 0.9146376924080816]",-1,-1
2069,[0.76005989 0.53671478],3,32,"[0.7786163905873836, 0.5211842185039978]",0,-1
2070,[0.25845959 0.28119246],10,24,"[0.23531691667485555, 0.27209662123665185]",0,-1
2071,[0.58753343 0.80876688],70,14,"[0.6208537257023621, 0.8045775614928529]",0,42
2072,[0.27127407 0.19722884],57,27,"[0.29001319373773415, 0.21087702736570366]",0,-1
2073,[0.77490547 0.29481154],80,22,"[0.757272224425649, 0.33905999717339425]",0,-1
2074,[0.47202274 0.20911138],73,56,"[0.4908116515444846, 0.16632592191374188]",0,-1
2075,[0.39944035 0.31666183],25,6,"[0.40678448596985844, 0.34277371919698396]",0,-1
2076,[0.42766543 0.71811364],6,37,"[0.47348968360582744, 0.7125916710309903]",0,47
2077,[0.42190041 0.65659492],69,0,"[0.4226395002574949, 0.6460584349087278]",0,88
2078,[0.83039538 0.8592239 ],85,79,"[0.8263954992254994, 0.8681441505941476]",0,13
2079,[0.71892165 0.43627385],68,15,"[0.7558016368645127, 0.4462797814247812]",0,-1
2080,[0.3402685  0.72894673],82,58,"[0.37887936110594184, 0.7334391897891285]",0,-1
2081,[0.12186785 0.53939522],98,77,"[0.10737865443478777, 0.5291217341624451]",0,24
2082,[0.1491884  0.33599531],26,38,"[0.18350109397176653, 0.31916714902230253]",0,-1
2083,[0.31529178 0.69700873],19,12,"[0.2822438507480652, 0.7105313788319401]",0,-1
2084,[0.78301188 0.54142883],28,32,"[0.7786163905873836, 0.5211842185039978]",0,-1
2085,[0.80999728 0.8005313 ],62,48,"[0.7803433920128066, 0.8205948599681767]",0,13
2086,[0.31826453 0.5340647 ],20,-1,-1,0,-1
2087,[0.17200927 0.64887957],23,45,"[0.19601325606017345, 0.667358514260268]",0,-1
2088,[0.23740839 0.76546001],65,11,"[0.22353793679767786, 0.7478364040140648]",0,-1
2089,[0.57228114 0.752825  ],72,46,"[0.5435344637313357, 0.7795756563374607]",0,-1
2090,[0.33824339 0.22232445],57,27,"[0.29001319373773415, 0.21087702736570366]",0,-1
2091,[0.44086202 0.56262977],7,40,"[0.4758590512403852, 0.5317248607280546]",0,-1
2092,[0.40953543 0.36732002],42,6,"[0.40678448596985844, 0.34277371919698396]",0,-1
2093,[0.46273811 0.61779466],69,2,"[0.4675886295436634, 0.6021765353351279]",0,88
2094,[0.54750992 0.35659409],4,73,"[0.5684491373659465, 0.3759776977620393]",0,-1
2095,[0.29758517 0.70359516],18,12,"[0.2822438507480652, 0.7105313788319401]",0,-1
2096,[0.59912918 0.60591518],13,9,"[0.6184830434267037, 0.586333469678524]",0,87
2097,[0.36525967 0.25469612],47,21,"[0.3571400957876323, 0.26942599959136726]",0,-1
2098,[0.17685747 0.82348562],31,69,"[0.18889864315739, 0.8195957758801673]",0,-1
2099,[0.55193168 0.57593601],7,20,"[0.5371890084085489, 0.5739528596094324]",0,88
2100,[0.67147049 0.40326956],40,10,"[0.6398799516193626, 0.38844091859549007]",0,-1
2101,[0.64492689 0.1842993 ],88,35,"[0.6545605605339905, 0.22500987532438183]",0,-1
2102,[0.59698175 0.21957729],86,61,"[0.5821749572804258, 0.2185848836493384]",0,7
2103,[0.67577954 0.35132019],91,3,"[0.6759399092328674, 0.32128183561871837]",0,21
2104,[0.17257389 0.6796891 ],18,45,"[0.19601325606017345, 0.667358514260268]",0,-1
2105,[0.78426453 0.50623001],28,32,"[0.7786163905873836, 0.5211842185039978]",0,17
2106,[0.51469583 0.40655319],67,75,"[0.5172236746686562, 0.4443369127615434]",0,-1
2107,[0.25374795 0.646233  ],16,39,"[0.2596202559688416, 0.6257540185994204]",0,52
2108,[0.25191283 0.29418392],5,24,"[0.23531691667485555, 0.27209662123665185]",0,-1
2109,[0.34108382 0.33444651],92,7,"[0.3321936611977011, 0.34293111744375654]",0,-1
2110,[0.73869748 0.47054769],68,15,"[0.7558016368645127, 0.4462797814247812]",0,-1
2111,[0.30254343 0.73069852],19,12,"[0.2822438507480652, 0.7105313788319401]",0,54
2112,[0.65881277 0.28438913],86,3,"[0.6759399092328674, 0.32128183561871837]",0,-1
2113,[0.52519233 0.61353201],75,5,"[0.54876158375065, 0.6433749135954844]",0,88
2114,[0.43662084 0.64923081],69,0,"[0.4226395002574949, 0.6460584349087278]",0,88
2115,[0.40601058 0.21278717],57,31,"[0.4191189173246286, 0.19329258812229377]",0,-1
2116,[0.59905576 0.86837321],60,82,"[0.6132420785222222, 0.8710652413331001]",0,-1
2117,[0.3739337  0.61951514],90,30,"[0.36820757824267275, 0.5891561499462349]",0,-1
2118,[0.73302789 0.43029046],68,15,"[0.7558016368645127, 0.4462797814247812]",0,-1
2119,[0.64121984 0.69303945],46,76,"[0.6483290776065068, 0.6569295539328516]",0,-1
2120,[0.77196464 0.53435071],28,32,"[0.7786163905873836, 0.5211842185039978]",0,17
2121,[0.31207808 0.16775469],57,27,"[0.29001319373773415, 0.21087702736570366]",0,-1
2122,[0.52946999 0.46052279],13,75,"[0.5172236746686562, 0.4443369127615434]",0,-1
2123,[0.14721215 0.28247253],32,84,"[0.1433957510634753, 0.2579081432754369]",0,-1
2124,[0.48936681 0.39926926],38,42,"[0.47090413605197745, 0.3706753216883814]",0,-1
2125,[0.55086251 0.67510031],12,5,"[0.54876158375065, 0.6433749135954844]",0,-1
2126,[0.16966104 0.18113398],45,33,"[0.1898538969523832, 0.20289106741831933]",0,-1
2127,[0.64546159 0.52947439],35,53,"[0.6955018555560987, 0.5389599645427405]",0,-1
2128,[0.53300248 0.76186341],70,46,"[0.5435344637313357, 0.7795756563374607]",0,-1
2129,[0.40650923 0.65702649],69,0,"[0.4226395002574949, 0.6460584349087278]",0,88
2130,[0.58146864 0.53971244],77,29,"[0.5812618174713859, 0.5240123764686471]",0,-1
2131,[0.84941262 0.60165992],99,59,"[0.8763268698051316, 0.579199170331017]",0,-1
2132,[0.19212119 0.74633267],65,11,"[0.22353793679767786, 0.7478364040140648]",0,57
2133,[0.22940304 0.80726853],65,69,"[0.18889864315739, 0.8195957758801673]",0,-1
2134,[0.19782807 0.77536714],0,11,"[0.22353793679767786, 0.7478364040140648]",0,-1
2135,[0.4023422  0.83783656],78,54,"[0.36959478636682913, 0.8084550989826409]",0,-1
2136,[0.40794726 0.40464537],64,17,"[0.4108830354862289, 0.4435508998593477]",0,89
2137,[0.20214887 0.21617242],32,33,"[0.1898538969523832, 0.20289106741831933]",0,-1
2138,[0.29076611 0.44752372],81,28,"[0.2520846559803125, 0.4621952512240386]",0,-1
2139,[0.82084523 0.79943746],96,41,"[0.8492841799095646, 0.8019622424543851]",0,13
2140,[0.19427781 0.13833051],45,52,"[0.2294764018471187, 0.143723856671554]",0,48
2141,[0.30404996 0.37428288],42,19,"[0.2847353251184853, 0.39005308479636985]",0,-1
2142,[0.60970406 0.51649399],77,29,"[0.5812618174713859, 0.5240123764686471]",0,-1
2143,[0.84333537 0.58032635],63,59,"[0.8763268698051316, 0.579199170331017]",0,-1
2144,[0.42026443 0.44274069],8,17,"[0.4108830354862289, 0.4435508998593477]",0,82
2145,[0.24734489 0.17805639],57,52,"[0.2294764018471187, 0.143723856671554]",0,64
2146,[0.82416141 0.42587624],3,8,"[0.8210079602672482, 0.4506152114933381]",0,17
2147,[0.45176037 0.56472004],7,2,"[0.4675886295436634, 0.6021765353351279]",0,-1
2148,[0.54807567 0.55180665],77,20,"[0.5371890084085489, 0.5739528596094324]",0,-1
2149,[0.46551994 0.67833391],90,37,"[0.47348968360582744, 0.7125916710309903]",0,-1
2150,[0.69231187 0.19749439],89,70,"[0.6986975952159088, 0.16842470592263856]",0,5
2151,[0.50901726 0.1957405 ],52,56,"[0.4908116515444846, 0.16632592191374188]",0,-1
2152,[0.29583189 0.65238772],51,39,"[0.2596202559688416, 0.6257540185994204]",0,-1
2153,[0.14786564 0.19740703],32,81,"[0.13426292668090453, 0.163935928071412]",0,-1
2154,[0.37156512 0.20554479],73,31,"[0.4191189173246286, 0.19329258812229377]",0,-1
2155,[0.64861936 0.351004  ],91,10,"[0.6398799516193626, 0.38844091859549007]",0,-1
2156,[0.96446113 0.58755024],83,-1,-1,-1,-1
2157,[0.1813121  0.18312144],45,33,"[0.1898538969523832, 0.20289106741831933]",0,48
2158,[0.76626806 0.80844441],62,48,"[0.7803433920128066, 0.8205948599681767]",0,-1
2159,[0.55193705 0.53784145],77,29,"[0.5812618174713859, 0.5240123764686471]",0,-1
2160,[0.51210945 0.20096216],86,56,"[0.4908116515444846, 0.16632592191374188]",0,-1
2161,[0.37505456 0.42263049],38,1,"[0.3572487842659222, 0.41922446128046986]",0,89
2162,[0.23479002 0.20394246],5,33,"[0.1898538969523832, 0.20289106741831933]",0,64
2163,[0.46191367 0.80824053],56,16,"[0.45898902168994016, 0.8115000101692392]",0,39
2164,[0.42277278 0.7817793 ],93,16,"[0.45898902168994016, 0.8115000101692392]",0,-1
2165,[0.18791067 0.35997315],53,23,"[0.2032497039719594, 0.393824370774819]",0,-1
2166,[0.89909444 0.32423142],80,83,"[0.8762199555116444, 0.3404048051239979]",0,-1
2167,[0.63982818 0.74562168],70,57,"[0.6165364982648931, 0.7310583472769618]",0,-1
2168,[0.73479271 0.79540301],96,48,"[0.7803433920128066, 0.8205948599681767]",0,-1
2169,[0.70526873 0.73618618],46,60,"[0.7001338409322506, 0.7409401695756385]",0,15
2170,[0.42329034 0.34488029],42,6,"[0.40678448596985844, 0.34277371919698396]",0,-1
2171,[0.39992898 0.76797757],31,58,"[0.37887936110594184, 0.7334391897891285]",0,23
2172,[0.39124245 0.11172778],73,49,"[0.35418448506576955, 0.14329850428612353]",0,-1
2173,[0.12480897 0.82141842],0,86,"[0.11333449837233942, 0.8035791769910723]",0,-1
2174,[0.19110033 0.29777636],44,38,"[0.18350109397176653, 0.31916714902230253]",0,61
2175,[0.82329779 0.4654758 ],83,8,"[0.8210079602672482, 0.4506152114933381]",0,17
2176,[0.46018223 0.80572187],93,16,"[0.45898902168994016, 0.8115000101692392]",0,39
2177,[0.34194232 0.39839214],67,1,"[0.3572487842659222, 0.41922446128046986]",0,89
2178,[0.45104647 0.56227352],75,40,"[0.4758590512403852, 0.5317248607280546]",0,-1
2179,[0.15067022 0.28033446],11,84,"[0.1433957510634753, 0.2579081432754369]",0,-1
2180,[0.37640814 0.34974691],47,6,"[0.40678448596985844, 0.34277371919698396]",0,89
2181,[0.12300774 0.15479987],45,81,"[0.13426292668090453, 0.163935928071412]",0,-1
2182,[0.32815745 0.35309573],42,7,"[0.3321936611977011, 0.34293111744375654]",0,89
2183,[0.39061157 0.44185628],14,17,"[0.4108830354862289, 0.4435508998593477]",0,-1
2184,[0.80610597 0.49061184],43,32,"[0.7786163905873836, 0.5211842185039978]",0,17
2185,[0.63535769 0.60560984],35,9,"[0.6184830434267037, 0.586333469678524]",0,76
2186,[0.44921248 0.26491564],67,34,"[0.47832967363307105, 0.25654673669797673]",0,-1
2187,[0.39530121 0.44827436],8,17,"[0.4108830354862289, 0.4435508998593477]",0,-1
2188,[0.73834191 0.6276093 ],35,72,"[0.7259305706267937, 0.621464812471517]",0,-1
2189,[0.47309379 0.32076939],55,42,"[0.47090413605197745, 0.3706753216883814]",0,-1
2190,[0.42245545 0.57210189],41,2,"[0.4675886295436634, 0.6021765353351279]",0,-1
2191,[0.41799928 0.66911542],6,0,"[0.4226395002574949, 0.6460584349087278]",0,88
2192,[0.49597229 0.83215111],94,16,"[0.45898902168994016, 0.8115000101692392]",0,38
2193,[0.32088131 0.17799882],10,27,"[0.29001319373773415, 0.21087702736570366]",0,-1
2194,[0.40963473 0.817482  ],19,54,"[0.36959478636682913, 0.8084550989826409]",0,-1
2195,[0.46044196 0.61014281],7,2,"[0.4675886295436634, 0.6021765353351279]",0,88
2196,[0.35508135 0.47305422],8,1,"[0.3572487842659222, 0.41922446128046986]",0,-1
2197,[0.37400433 0.45109068],38,1,"[0.3572487842659222, 0.41922446128046986]",0,-1
2198,[0.69650412 0.44124873],29,65,"[0.6636957553845171, 0.46135824588144125]",0,-1
2199,[0.28747762 0.89176967],48,97,"[0.2279904617185373, 0.9146376924080816]",0,-1
2200,[0.4836751 0.9699718],93,-1,-1,-1,-1
2201,[0.57281733 0.62664899],37,5,"[0.54876158375065, 0.6433749135954844]",0,-1
2202,[0.54485729 0.57401521],37,20,"[0.5371890084085489, 0.5739528596094324]",0,88
2203,[0.30466497 0.18893946],57,27,"[0.29001319373773415, 0.21087702736570366]",0,-1
2204,[0.1666321  0.31979581],26,38,"[0.18350109397176653, 0.31916714902230253]",0,-1
2205,[0.80519982 0.83525283],21,48,"[0.7803433920128066, 0.8205948599681767]",0,13
2206,[0.16869636 0.79631077],39,69,"[0.18889864315739, 0.8195957758801673]",0,-1
2207,[0.14125305 0.52673843],97,77,"[0.10737865443478777, 0.5291217341624451]",0,-1
2208,[0.84587846 0.39524478],43,25,"[0.8211120104597844, 0.37574618786089475]",0,17
2209,[0.1494022  0.78385742],0,43,"[0.15465866632935668, 0.7523522483084468]",0,51
2210,[0.89708688 0.79421373],62,93,"[0.9128525281281048, 0.8015861505597924]",0,-1
2211,[0.43831141 0.56825105],15,2,"[0.4675886295436634, 0.6021765353351279]",0,-1
2212,[0.56354188 0.86139059],60,18,"[0.527398606849523, 0.8662745321442044]",0,-1
2213,[0.18764487 0.4484131 ],26,51,"[0.1508950301577577, 0.45723062251398755]",0,-1
2214,[0.3209912  0.22717594],58,27,"[0.29001319373773415, 0.21087702736570366]",0,-1
2215,[0.34348891 0.72011366],51,58,"[0.37887936110594184, 0.7334391897891285]",0,-1
2216,[0.80392316 0.78050766],62,63,"[0.7856877410353075, 0.7534945903126699]",0,12
2217,[0.58279327 0.22046019],88,61,"[0.5821749572804258, 0.2185848836493384]",0,7
2218,[0.60940046 0.81636067],24,14,"[0.6208537257023621, 0.8045775614928529]",0,42
2219,[0.55135655 0.57438189],77,20,"[0.5371890084085489, 0.5739528596094324]",0,88
2220,[0.35476587 0.5015721 ],8,50,"[0.3898476181838421, 0.5216929572274273]",0,-1
2221,[0.55744956 0.53153799],13,29,"[0.5812618174713859, 0.5240123764686471]",0,-1
2222,[0.74670797 0.30118742],91,22,"[0.757272224425649, 0.33905999717339425]",0,-1
2223,[0.36756897 0.62074838],20,30,"[0.36820757824267275, 0.5891561499462349]",0,-1
2224,[0.37404811 0.75533245],94,58,"[0.37887936110594184, 0.7334391897891285]",0,-1
2225,[0.51685464 0.54179775],41,20,"[0.5371890084085489, 0.5739528596094324]",0,81
2226,[0.57903098 0.24133489],86,61,"[0.5821749572804258, 0.2185848836493384]",0,7
2227,[0.32603509 0.21973448],57,27,"[0.29001319373773415, 0.21087702736570366]",0,-1
2228,[0.16762002 0.18069984],32,33,"[0.1898538969523832, 0.20289106741831933]",0,-1
2229,[0.43930705 0.12687262],84,74,"[0.4464145664830302, 0.11749079524673668]",0,-1
2230,[0.17982061 0.28287672],11,38,"[0.18350109397176653, 0.31916714902230253]",0,-1
2231,[0.42094236 0.60911409],7,0,"[0.4226395002574949, 0.6460584349087278]",0,88
2232,[0.2397491  0.58986136],17,39,"[0.2596202559688416, 0.6257540185994204]",0,-1
2233,[0.24788335 0.39506442],81,19,"[0.2847353251184853, 0.39005308479636985]",0,-1
2234,[0.46417913 0.42116469],92,42,"[0.47090413605197745, 0.3706753216883814]",0,-1
2235,[0.29910597 0.51455558],20,-1,-1,0,-1
2236,[0.45828039 0.27897281],52,34,"[0.47832967363307105, 0.25654673669797673]",0,-1
2237,[0.79960251 0.55140417],87,32,"[0.7786163905873836, 0.5211842185039978]",0,-1
2238,[0.5002849  0.49574908],41,40,"[0.4758590512403852, 0.5317248607280546]",0,-1
2239,[0.64632607 0.59431059],49,9,"[0.6184830434267037, 0.586333469678524]",0,-1
2240,[0.57135888 0.55659884],74,29,"[0.5812618174713859, 0.5240123764686471]",0,88
2241,[0.77591685 0.67618332],46,-1,-1,0,-1
2242,[0.67143614 0.31837256],89,3,"[0.6759399092328674, 0.32128183561871837]",0,21
2243,[0.66614701 0.41739638],61,10,"[0.6398799516193626, 0.38844091859549007]",0,21
2244,[0.52137391 0.26793039],52,34,"[0.47832967363307105, 0.25654673669797673]",0,-1
2245,[0.24818788 0.68839403],51,12,"[0.2822438507480652, 0.7105313788319401]",0,53
2246,[0.29322154 0.55021478],20,-1,-1,0,-1
2247,[0.86797048 0.50483703],43,13,"[0.843760744736157, 0.5166552078676889]",0,-1
2248,[0.31696168 0.09926396],57,98,"[0.3113890783178001, 0.057273366575225935]",0,-1
2249,[0.5373107  0.84095146],72,18,"[0.527398606849523, 0.8662745321442044]",0,-1
2250,[0.70467909 0.77152083],46,60,"[0.7001338409322506, 0.7409401695756385]",0,-1
2251,[0.60170724 0.76062439],70,57,"[0.6165364982648931, 0.7310583472769618]",0,-1
2252,[0.83586514 0.44254748],83,8,"[0.8210079602672482, 0.4506152114933381]",0,17
2253,[0.45322919 0.193291  ],84,31,"[0.4191189173246286, 0.19329258812229377]",0,-1
2254,[0.75769127 0.79414189],21,48,"[0.7803433920128066, 0.8205948599681767]",0,-1
2255,[0.53223498 0.61679022],69,5,"[0.54876158375065, 0.6433749135954844]",0,88
2256,[0.16441742 0.4384182 ],98,51,"[0.1508950301577577, 0.45723062251398755]",0,70
2257,[0.61927369 0.18389432],86,61,"[0.5821749572804258, 0.2185848836493384]",0,-1
2258,[0.41942521 0.64327605],15,0,"[0.4226395002574949, 0.6460584349087278]",0,88
2259,[0.84322291 0.31503726],80,83,"[0.8762199555116444, 0.3404048051239979]",0,-1
2260,[0.30632865 0.87423074],31,26,"[0.2731213809151105, 0.8295374863795931]",0,-1
2261,[0.3007274  0.29802005],42,7,"[0.3321936611977011, 0.34293111744375654]",0,-1
2262,[0.91821272 0.56215367],43,59,"[0.8763268698051316, 0.579199170331017]",0,-1
2263,[0.75855006 0.40773274],54,15,"[0.7558016368645127, 0.4462797814247812]",0,-1
2264,[0.21607361 0.28128844],53,24,"[0.23531691667485555, 0.27209662123665185]",0,63
2265,[0.51277663 0.78480916],72,46,"[0.5435344637313357, 0.7795756563374607]",0,-1
2266,[0.20227418 0.25006006],5,24,"[0.23531691667485555, 0.27209662123665185]",0,66
2267,[0.60978326 0.77044474],70,14,"[0.6208537257023621, 0.8045775614928529]",0,36
2268,[0.51171755 0.55643665],69,20,"[0.5371890084085489, 0.5739528596094324]",0,-1
2269,[0.62691982 0.63012587],35,76,"[0.6483290776065068, 0.6569295539328516]",0,-1
2270,[0.79591122 0.45266023],50,8,"[0.8210079602672482, 0.4506152114933381]",0,17
2271,[0.53931715 0.82662931],72,18,"[0.527398606849523, 0.8662745321442044]",0,37
2272,[0.09862184 0.57147945],98,77,"[0.10737865443478777, 0.5291217341624451]",0,-1
2273,[0.28277868 0.88792394],48,26,"[0.2731213809151105, 0.8295374863795931]",0,-1
2274,[0.4193747  0.46102304],14,17,"[0.4108830354862289, 0.4435508998593477]",0,-1
2275,[0.39871949 0.45280884],92,17,"[0.4108830354862289, 0.4435508998593477]",0,-1
2276,[0.19750741 0.7689203 ],59,11,"[0.22353793679767786, 0.7478364040140648]",0,-1
2277,[0.72069915 0.26309464],54,55,"[0.7305076164562052, 0.2580112669411776]",0,-1
2278,[0.91105608 0.56529515],43,59,"[0.8763268698051316, 0.579199170331017]",0,-1
2279,[0.52659905 0.88900765],60,18,"[0.527398606849523, 0.8662745321442044]",0,-1
2280,[0.85263935 0.92803513],85,96,"[0.8392361981886964, 0.9325288642954174]",0,-1
2281,[0.1695317  0.31456652],26,38,"[0.18350109397176653, 0.31916714902230253]",0,-1
2282,[0.81693269 0.53425057],27,13,"[0.843760744736157, 0.5166552078676889]",0,17
2283,[0.54916608 0.85969869],72,18,"[0.527398606849523, 0.8662745321442044]",0,29
2284,[0.13617159 0.47760944],97,51,"[0.1508950301577577, 0.45723062251398755]",0,-1
2285,[0.15639934 0.73846723],39,43,"[0.15465866632935668, 0.7523522483084468]",0,-1
2286,[0.21983528 0.59506046],17,39,"[0.2596202559688416, 0.6257540185994204]",0,-1
2287,[0.6493089  0.60786795],49,9,"[0.6184830434267037, 0.586333469678524]",0,-1
2288,[0.7209399  0.70825684],46,60,"[0.7001338409322506, 0.7409401695756385]",0,-1
2289,[0.70907436 0.27650674],68,55,"[0.7305076164562052, 0.2580112669411776]",0,-1
2290,[0.37289738 0.82511877],48,54,"[0.36959478636682913, 0.8084550989826409]",0,-1
2291,[0.73412889 0.38559099],68,4,"[0.7100353299176262, 0.3875574879176719]",0,-1
2292,[0.85660525 0.15803667],36,88,"[0.8567588921418147, 0.17457306337920828]",0,-1
2293,[0.32262195 0.35912948],1,7,"[0.3321936611977011, 0.34293111744375654]",0,89
2294,[0.54769472 0.56527743],13,20,"[0.5371890084085489, 0.5739528596094324]",0,88
2295,[0.67769895 0.33264761],71,3,"[0.6759399092328674, 0.32128183561871837]",0,21
2296,[0.31068901 0.85855659],48,26,"[0.2731213809151105, 0.8295374863795931]",0,-1
2297,[0.40483986 0.21014256],73,31,"[0.4191189173246286, 0.19329258812229377]",0,-1
2298,[0.45046399 0.21403305],55,31,"[0.4191189173246286, 0.19329258812229377]",0,-1
2299,[0.24734544 0.25289187],5,24,"[0.23531691667485555, 0.27209662123665185]",0,-1
2300,[0.60794573 0.582552  ],74,9,"[0.6184830434267037, 0.586333469678524]",0,-1
2301,[0.35071284 0.37595262],14,7,"[0.3321936611977011, 0.34293111744375654]",0,89
2302,[0.19638456 0.29065244],5,38,"[0.18350109397176653, 0.31916714902230253]",0,-1
2303,[0.74230852 0.37399201],3,4,"[0.7100353299176262, 0.3875574879176719]",0,21
2304,[0.88182641 0.43163714],43,62,"[0.8921140984845523, 0.4428581583396137]",0,-1
2305,[0.5084771  0.49863245],77,40,"[0.4758590512403852, 0.5317248607280546]",0,-1
2306,[0.46763839 0.56853395],69,2,"[0.4675886295436634, 0.6021765353351279]",0,88
2307,[0.09465209 0.22398559],45,84,"[0.1433957510634753, 0.2579081432754369]",-1,-1
2308,[0.65844667 0.53370982],77,53,"[0.6955018555560987, 0.5389599645427405]",0,-1
2309,[0.25118246 0.45668765],22,28,"[0.2520846559803125, 0.4621952512240386]",0,-1
2310,[0.52658845 0.72413109],70,37,"[0.47348968360582744, 0.7125916710309903]",0,-1
2311,[0.53523169 0.2857542 ],86,64,"[0.594073349455653, 0.28354489837534175]",0,-1
2312,[0.64211542 0.60831932],35,9,"[0.6184830434267037, 0.586333469678524]",0,-1
2313,[0.51301413 0.89071399],79,18,"[0.527398606849523, 0.8662745321442044]",0,-1
2314,[0.28140532 0.38835009],22,19,"[0.2847353251184853, 0.39005308479636985]",0,-1
2315,[0.83699213 0.37976117],68,25,"[0.8211120104597844, 0.37574618786089475]",0,17
2316,[0.77974701 0.48600615],28,32,"[0.7786163905873836, 0.5211842185039978]",0,-1
2317,[0.26057597 0.90796086],59,97,"[0.2279904617185373, 0.9146376924080816]",0,-1
2318,[0.62936466 0.74629348],72,57,"[0.6165364982648931, 0.7310583472769618]",0,-1
2319,[0.52846102 0.35635333],4,73,"[0.5684491373659465, 0.3759776977620393]",0,-1
2320,[0.16336085 0.4232653 ],26,51,"[0.1508950301577577, 0.45723062251398755]",0,-1
2321,[0.58553109 0.4801777 ],34,68,"[0.6059400326152605, 0.4534475926518635]",0,-1
2322,[0.42303935 0.31051724],55,6,"[0.40678448596985844, 0.34277371919698396]",0,-1
2323,[0.41376754 0.69631164],94,58,"[0.37887936110594184, 0.7334391897891285]",0,-1
2324,[0.42480446 0.71604888],94,37,"[0.47348968360582744, 0.7125916710309903]",0,47
2325,[0.83607548 0.46911124],66,8,"[0.8210079602672482, 0.4506152114933381]",0,17
2326,[0.75213737 0.45242371],87,15,"[0.7558016368645127, 0.4462797814247812]",0,-1
2327,[0.64468015 0.62127053],35,76,"[0.6483290776065068, 0.6569295539328516]",0,-1
2328,[0.13419604 0.72856504],0,43,"[0.15465866632935668, 0.7523522483084468]",0,-1
2329,[0.59649934 0.66487656],12,5,"[0.54876158375065, 0.6433749135954844]",0,-1
2330,[0.70727635 0.42025047],29,4,"[0.7100353299176262, 0.3875574879176719]",0,-1
2331,[0.43090966 0.72694647],94,37,"[0.47348968360582744, 0.7125916710309903]",0,-1
2332,[0.60269213 0.52962906],13,29,"[0.5812618174713859, 0.5240123764686471]",0,-1
2333,[0.82231591 0.43456495],87,8,"[0.8210079602672482, 0.4506152114933381]",0,17
2334,[0.78046735 0.41549044],3,15,"[0.7558016368645127, 0.4462797814247812]",0,21
2335,[0.87602054 0.56714759],63,59,"[0.8763268698051316, 0.579199170331017]",0,-1
2336,[0.26908405 0.72833656],51,12,"[0.2822438507480652, 0.7105313788319401]",0,54
2337,[0.14647081 0.55557053],98,80,"[0.15990270049190128, 0.5986117043755352]",0,-1
2338,[0.72705602 0.38193278],68,4,"[0.7100353299176262, 0.3875574879176719]",0,-1
2339,[0.53953239 0.80339024],60,46,"[0.5435344637313357, 0.7795756563374607]",0,-1
2340,[0.38861782 0.69357124],19,58,"[0.37887936110594184, 0.7334391897891285]",0,-1
2341,[0.66091486 0.84989171],24,82,"[0.6132420785222222, 0.8710652413331001]",0,-1
2342,[0.18203721 0.1476948 ],45,52,"[0.2294764018471187, 0.143723856671554]",0,-1
2343,[0.62338193 0.395051  ],34,10,"[0.6398799516193626, 0.38844091859549007]",0,-1
2344,[0.20797349 0.18166775],10,33,"[0.1898538969523832, 0.20289106741831933]",0,48
2345,[0.71247131 0.31379598],91,3,"[0.6759399092328674, 0.32128183561871837]",0,-1
2346,[0.45535388 0.36968361],55,42,"[0.47090413605197745, 0.3706753216883814]",0,-1
2347,[0.45831508 0.09761078],33,74,"[0.4464145664830302, 0.11749079524673668]",0,-1
2348,[0.39239168 0.4446194 ],92,17,"[0.4108830354862289, 0.4435508998593477]",0,-1
2349,[0.72424916 0.39808462],68,4,"[0.7100353299176262, 0.3875574879176719]",0,21
2350,[0.09523855 0.44758206],26,51,"[0.1508950301577577, 0.45723062251398755]",0,-1
2351,[0.22161325 0.74837756],65,11,"[0.22353793679767786, 0.7478364040140648]",0,57
2352,[0.40454459 0.65318837],19,0,"[0.4226395002574949, 0.6460584349087278]",0,88
2353,[0.27647465 0.11563838],10,52,"[0.2294764018471187, 0.143723856671554]",0,-1
2354,[0.47807894 0.57612904],69,2,"[0.4675886295436634, 0.6021765353351279]",0,88
2355,[0.16059908 0.78934673],0,43,"[0.15465866632935668, 0.7523522483084468]",0,-1
2356,[0.39415758 0.17680862],84,31,"[0.4191189173246286, 0.19329258812229377]",0,-1
2357,[0.27419988 0.89251857],31,97,"[0.2279904617185373, 0.9146376924080816]",0,-1
2358,[0.52916882 0.58363567],12,20,"[0.5371890084085489, 0.5739528596094324]",0,-1
2359,[0.39414332 0.29992735],25,6,"[0.40678448596985844, 0.34277371919698396]",0,-1
2360,[0.85943407 0.37025426],80,83,"[0.8762199555116444, 0.3404048051239979]",0,-1
2361,[0.40337822 0.59584109],90,30,"[0.36820757824267275, 0.5891561499462349]",0,88
2362,[0.79496639 0.74411491],62,63,"[0.7856877410353075, 0.7534945903126699]",0,-1
2363,[0.19598648 0.74500761],31,11,"[0.22353793679767786, 0.7478364040140648]",0,57
2364,[0.37164339 0.30181432],47,21,"[0.3571400957876323, 0.26942599959136726]",0,-1
2365,[0.77776421 0.36886287],30,22,"[0.757272224425649, 0.33905999717339425]",0,20
2366,[0.73758431 0.13910366],36,95,"[0.7517203864819665, 0.11417692930271928]",0,-1
2367,[0.47318696 0.79160777],60,16,"[0.45898902168994016, 0.8115000101692392]",0,-1
2368,[0.51489549 0.49867554],41,40,"[0.4758590512403852, 0.5317248607280546]",0,-1
2369,[0.64794513 0.39301172],40,10,"[0.6398799516193626, 0.38844091859549007]",0,21
2370,[0.58835816 0.21198493],88,61,"[0.5821749572804258, 0.2185848836493384]",0,7
2371,[0.21201568 0.25853336],5,24,"[0.23531691667485555, 0.27209662123665185]",0,66
2372,[0.78334541 0.38107045],66,25,"[0.8211120104597844, 0.37574618786089475]",0,20
2373,[0.70405671 0.28553762],61,55,"[0.7305076164562052, 0.2580112669411776]",0,18
2374,[0.41182693 0.45228526],92,17,"[0.4108830354862289, 0.4435508998593477]",0,82
2375,[0.46088672 0.44592074],8,17,"[0.4108830354862289, 0.4435508998593477]",0,-1
2376,[0.36955081 0.45488925],8,1,"[0.3572487842659222, 0.41922446128046986]",0,-1
2377,[0.18671724 0.39602473],26,23,"[0.2032497039719594, 0.393824370774819]",0,72
2378,[0.77568833 0.56010646],28,32,"[0.7786163905873836, 0.5211842185039978]",0,-1
2379,[0.36013664 0.26915614],25,21,"[0.3571400957876323, 0.26942599959136726]",0,75
2380,[0.70425947 0.33346486],71,3,"[0.6759399092328674, 0.32128183561871837]",0,-1
2381,[0.76861643 0.40103698],3,15,"[0.7558016368645127, 0.4462797814247812]",0,-1
2382,[0.43236683 0.70030233],6,37,"[0.47348968360582744, 0.7125916710309903]",0,47
2383,[0.51823606 0.72754177],94,37,"[0.47348968360582744, 0.7125916710309903]",0,-1
2384,[0.82661081 0.40006325],30,25,"[0.8211120104597844, 0.37574618786089475]",0,17
2385,[0.29890946 0.31944568],42,7,"[0.3321936611977011, 0.34293111744375654]",0,-1
2386,[0.18503675 0.14063788],45,52,"[0.2294764018471187, 0.143723856671554]",0,48
2387,[0.724414   0.39693557],2,4,"[0.7100353299176262, 0.3875574879176719]",0,21
2388,[0.29986889 0.75795043],16,12,"[0.2822438507480652, 0.7105313788319401]",0,-1
2389,[0.18366809 0.46384201],97,51,"[0.1508950301577577, 0.45723062251398755]",0,-1
2390,[0.45080681 0.61522358],69,2,"[0.4675886295436634, 0.6021765353351279]",0,88
2391,[0.84287421 0.29712109],80,66,"[0.8238364342627095, 0.2773691959806487]",0,2
2392,[0.78213493 0.21137231],36,78,"[0.7951539755354653, 0.19004804298167233]",0,-1
2393,[0.42097449 0.59282977],41,2,"[0.4675886295436634, 0.6021765353351279]",0,-1
2394,[0.36629028 0.3535195 ],81,7,"[0.3321936611977011, 0.34293111744375654]",0,89
2395,[0.41132664 0.43006617],67,17,"[0.4108830354862289, 0.4435508998593477]",0,-1
2396,[0.70921118 0.37887392],54,4,"[0.7100353299176262, 0.3875574879176719]",0,21
2397,[0.66292361 0.42317997],61,65,"[0.6636957553845171, 0.46135824588144125]",0,21
2398,[0.2357466  0.82418542],16,26,"[0.2731213809151105, 0.8295374863795931]",0,-1
2399,[0.3281343  0.13267957],73,49,"[0.35418448506576955, 0.14329850428612353]",0,-1
2400,[0.20112077 0.14357823],5,52,"[0.2294764018471187, 0.143723856671554]",0,-1
2401,[0.21575764 0.73668562],59,11,"[0.22353793679767786, 0.7478364040140648]",0,-1
2402,[0.18816766 0.33799753],22,38,"[0.18350109397176653, 0.31916714902230253]",0,-1
2403,[0.35946512 0.72064584],19,58,"[0.37887936110594184, 0.7334391897891285]",0,-1
2404,[0.13143284 0.55192688],98,77,"[0.10737865443478777, 0.5291217341624451]",0,-1
2405,[0.3837404  0.46422527],64,17,"[0.4108830354862289, 0.4435508998593477]",0,80
2406,[0.39724062 0.62533455],90,0,"[0.4226395002574949, 0.6460584349087278]",0,88
2407,[0.49584356 0.64262652],12,2,"[0.4675886295436634, 0.6021765353351279]",0,85
2408,[0.57949472 0.64953882],37,5,"[0.54876158375065, 0.6433749135954844]",0,-1
2409,[0.78196536 0.84215434],96,48,"[0.7803433920128066, 0.8205948599681767]",0,-1
2410,[0.87392946 0.42498172],30,62,"[0.8921140984845523, 0.4428581583396137]",0,-1
2411,[0.34914575 0.26139486],47,21,"[0.3571400957876323, 0.26942599959136726]",0,75
2412,[0.40085892 0.66121104],76,0,"[0.4226395002574949, 0.6460584349087278]",0,88
2413,[0.34679179 0.81611281],56,54,"[0.36959478636682913, 0.8084550989826409]",0,-1
2414,[0.67019706 0.71603914],24,60,"[0.7001338409322506, 0.7409401695756385]",0,-1
2415,[0.25735477 0.78393704],59,26,"[0.2731213809151105, 0.8295374863795931]",0,-1
2416,[0.58457646 0.60736878],75,9,"[0.6184830434267037, 0.586333469678524]",0,-1
2417,[0.15468386 0.53187564],98,44,"[0.1912270592870895, 0.5359549801185394]",0,44
2418,[0.55584002 0.58442797],37,20,"[0.5371890084085489, 0.5739528596094324]",0,88
2419,[0.46619424 0.14739185],33,56,"[0.4908116515444846, 0.16632592191374188]",0,-1
2420,[0.38470173 0.25745491],25,21,"[0.3571400957876323, 0.26942599959136726]",0,-1
2421,[0.74338633 0.4264731 ],66,15,"[0.7558016368645127, 0.4462797814247812]",0,-1
2422,[0.44940997 0.15524101],52,74,"[0.4464145664830302, 0.11749079524673668]",0,-1
2423,[0.44627308 0.65994477],6,0,"[0.4226395002574949, 0.6460584349087278]",0,88
2424,[0.43492046 0.18935051],84,31,"[0.4191189173246286, 0.19329258812229377]",0,35
2425,[0.47112201 0.55156899],7,40,"[0.4758590512403852, 0.5317248607280546]",0,-1
2426,[0.38845411 0.91538723],48,67,"[0.37743107737986015, 0.883213849264441]",0,-1
2427,[0.43037509 0.62250513],15,0,"[0.4226395002574949, 0.6460584349087278]",0,88
2428,[0.43974196 0.55086142],41,40,"[0.4758590512403852, 0.5317248607280546]",0,-1
2429,[0.56251695 0.40489649],4,73,"[0.5684491373659465, 0.3759776977620393]",0,-1
2430,[0.7835926  0.40816247],66,15,"[0.7558016368645127, 0.4462797814247812]",0,-1
2431,[0.32015816 0.4487413 ],92,1,"[0.3572487842659222, 0.41922446128046986]",0,-1
2432,[0.2935648  0.69792331],18,12,"[0.2822438507480652, 0.7105313788319401]",0,54
2433,[0.64302294 0.78038668],70,14,"[0.6208537257023621, 0.8045775614928529]",0,36
2434,[0.31310746 0.36895228],22,7,"[0.3321936611977011, 0.34293111744375654]",0,-1
2435,[0.63848432 0.15266384],88,70,"[0.6986975952159088, 0.16842470592263856]",0,-1
2436,[0.66937149 0.50470829],29,53,"[0.6955018555560987, 0.5389599645427405]",0,-1
2437,[0.39498014 0.72130588],94,58,"[0.37887936110594184, 0.7334391897891285]",0,-1
2438,[0.71977166 0.36321982],68,4,"[0.7100353299176262, 0.3875574879176719]",0,21
2439,[0.25173416 0.79259579],31,26,"[0.2731213809151105, 0.8295374863795931]",0,-1
2440,[0.48949292 0.28190667],52,34,"[0.47832967363307105, 0.25654673669797673]",0,27
2441,[0.53534607 0.64892164],12,5,"[0.54876158375065, 0.6433749135954844]",0,-1
2442,[0.74335632 0.43400077],28,15,"[0.7558016368645127, 0.4462797814247812]",0,-1
2443,[0.67916104 0.62356208],49,76,"[0.6483290776065068, 0.6569295539328516]",0,-1
2444,[0.18267874 0.32475256],11,38,"[0.18350109397176653, 0.31916714902230253]",0,-1
2445,[0.56816872 0.79959907],60,46,"[0.5435344637313357, 0.7795756563374607]",0,-1
2446,[0.39004561 0.62405216],90,0,"[0.4226395002574949, 0.6460584349087278]",0,88
2447,[0.47009249 0.12669071],73,74,"[0.4464145664830302, 0.11749079524673668]",0,-1
2448,[0.12011818 0.35252451],26,71,"[0.11481900251646894, 0.37559708088824]",0,-1
2449,[0.69873952 0.77681238],24,60,"[0.7001338409322506, 0.7409401695756385]",0,-1
2450,[0.62543934 0.15666031],86,91,"[0.5747298360762695, 0.15930251145986343]",0,-1
2451,[0.42211918 0.68047799],90,0,"[0.4226395002574949, 0.6460584349087278]",0,88
2452,[0.56802177 0.65212698],74,5,"[0.54876158375065, 0.6433749135954844]",0,-1
2453,[0.24835443 0.42695098],44,28,"[0.2520846559803125, 0.4621952512240386]",0,74
2454,[0.34985255 0.34199304],42,7,"[0.3321936611977011, 0.34293111744375654]",0,89
2455,[0.71754135 0.42969462],2,15,"[0.7558016368645127, 0.4462797814247812]",0,-1
2456,[0.36590142 0.37098212],92,7,"[0.3321936611977011, 0.34293111744375654]",0,89
2457,[0.65319628 0.49469191],29,65,"[0.6636957553845171, 0.46135824588144125]",0,-1
2458,[0.13640702 0.70906309],39,90,"[0.11769418158886381, 0.6663972759552037]",0,-1
2459,[0.68956062 0.73276012],46,60,"[0.7001338409322506, 0.7409401695756385]",0,15
2460,[0.88511338 0.85326932],85,87,"[0.8925149589987491, 0.8617277435613537]",0,-1
2461,[0.22112866 0.46507577],9,28,"[0.2520846559803125, 0.4621952512240386]",0,60
2462,[0.4594444  0.32284485],14,42,"[0.47090413605197745, 0.3706753216883814]",0,-1
2463,[0.38026719 0.81728918],59,54,"[0.36959478636682913, 0.8084550989826409]",0,-1
2464,[0.60216588 0.55929245],13,9,"[0.6184830434267037, 0.586333469678524]",0,-1
2465,[0.70026642 0.28894428],2,3,"[0.6759399092328674, 0.32128183561871837]",0,18
2466,[0.67182188 0.42075678],34,65,"[0.6636957553845171, 0.46135824588144125]",0,21
2467,[0.5444132  0.25182143],88,61,"[0.5821749572804258, 0.2185848836493384]",0,-1
2468,[0.80996812 0.38543715],50,25,"[0.8211120104597844, 0.37574618786089475]",0,-1
2469,[0.67460449 0.2955306 ],2,3,"[0.6759399092328674, 0.32128183561871837]",0,22
2470,[0.60265204 0.69930065],70,57,"[0.6165364982648931, 0.7310583472769618]",0,-1
2471,[0.68226193 0.77677987],46,60,"[0.7001338409322506, 0.7409401695756385]",0,-1
2472,[0.86136748 0.51656626],83,13,"[0.843760744736157, 0.5166552078676889]",0,17
2473,[0.33303273 0.20416321],73,27,"[0.29001319373773415, 0.21087702736570366]",0,-1
2474,[0.11232714 0.52003535],98,77,"[0.10737865443478777, 0.5291217341624451]",0,-1
2475,[0.36890763 0.6676436 ],20,36,"[0.3536068858323266, 0.6613822308481206]",0,-1
2476,[0.32513895 0.25915072],42,21,"[0.3571400957876323, 0.26942599959136726]",0,-1
2477,[0.83144213 0.48594923],83,13,"[0.843760744736157, 0.5166552078676889]",0,17
2478,[0.67598177 0.42766872],40,65,"[0.6636957553845171, 0.46135824588144125]",0,-1
2479,[0.44955502 0.78683259],94,16,"[0.45898902168994016, 0.8115000101692392]",0,-1
2480,[0.70359014 0.19492478],89,70,"[0.6986975952159088, 0.16842470592263856]",0,-1
2481,[0.33183426 0.34157164],9,7,"[0.3321936611977011, 0.34293111744375654]",0,-1
2482,[0.80472619 0.45453643],30,8,"[0.8210079602672482, 0.4506152114933381]",0,17
2483,[0.22178612 0.13654562],10,52,"[0.2294764018471187, 0.143723856671554]",0,-1
2484,[0.53855633 0.79747249],72,46,"[0.5435344637313357, 0.7795756563374607]",0,-1
2485,[0.68025746 0.39905982],61,4,"[0.7100353299176262, 0.3875574879176719]",0,21
2486,[0.34673219 0.20733862],57,27,"[0.29001319373773415, 0.21087702736570366]",0,-1
2487,[0.57094767 0.9037175 ],60,82,"[0.6132420785222222, 0.8710652413331001]",0,-1
2488,[0.27688157 0.47066781],81,28,"[0.2520846559803125, 0.4621952512240386]",0,-1
2489,[0.44735411 0.17619478],84,31,"[0.4191189173246286, 0.19329258812229377]",0,34
2490,[0.79468826 0.79123404],21,48,"[0.7803433920128066, 0.8205948599681767]",0,12
2491,[0.87109455 0.76867124],85,41,"[0.8492841799095646, 0.8019622424543851]",0,10
2492,[0.5567766 0.6059263],75,20,"[0.5371890084085489, 0.5739528596094324]",0,-1
2493,[0.84750819 0.47469274],30,8,"[0.8210079602672482, 0.4506152114933381]",0,17
2494,[0.23977809 0.65178522],23,39,"[0.2596202559688416, 0.6257540185994204]",0,52
2495,[0.74246411 0.39326273],54,4,"[0.7100353299176262, 0.3875574879176719]",0,21
2496,[0.44683839 0.47322747],7,17,"[0.4108830354862289, 0.4435508998593477]",0,-1
2497,[0.65159024 0.81439753],24,14,"[0.6208537257023621, 0.8045775614928529]",0,-1
2498,[0.62445623 0.38728397],68,10,"[0.6398799516193626, 0.38844091859549007]",0,-1
2499,[0.45763712 0.88136239],60,16,"[0.45898902168994016, 0.8115000101692392]",0,-1
2500,[0.31177729 0.42398738],1,19,"[0.2847353251184853, 0.39005308479636985]",0,86
2501,[0.75139937 0.55887643],99,32,"[0.7786163905873836, 0.5211842185039978]",0,-1
2502,[0.60890696 0.54492843],49,29,"[0.5812618174713859, 0.5240123764686471]",0,-1
2503,[0.16488778 0.39699722],26,23,"[0.2032497039719594, 0.393824370774819]",0,69
2504,[0.71280371 0.40884009],40,4,"[0.7100353299176262, 0.3875574879176719]",0,-1
2505,[0.57552448 0.21032798],88,61,"[0.5821749572804258, 0.2185848836493384]",0,-1
2506,[0.43240509 0.78048467],78,16,"[0.45898902168994016, 0.8115000101692392]",0,30
2507,[0.54199549 0.18874531],33,91,"[0.5747298360762695, 0.15930251145986343]",0,-1
2508,[0.53976808 0.040748  ],33,99,"[0.5444828914688598, 0.07256639339212836]",-1,-1
2509,[0.85415882 0.39416442],43,25,"[0.8211120104597844, 0.37574618786089475]",0,-1
2510,[0.85135478 0.9095071 ],85,96,"[0.8392361981886964, 0.9325288642954174]",0,-1
2511,[0.68293494 0.49520746],68,65,"[0.6636957553845171, 0.46135824588144125]",0,-1
2512,[0.45720396 0.38547985],4,42,"[0.47090413605197745, 0.3706753216883814]",0,58
2513,[0.11080771 0.1578934 ],45,81,"[0.13426292668090453, 0.163935928071412]",0,-1
2514,[0.62979321 0.3486414 ],71,10,"[0.6398799516193626, 0.38844091859549007]",0,19
2515,[0.36026997 0.83921342],56,54,"[0.36959478636682913, 0.8084550989826409]",0,-1
2516,[0.40657285 0.63908612],76,0,"[0.4226395002574949, 0.6460584349087278]",0,88
2517,[0.52627576 0.84340021],60,18,"[0.527398606849523, 0.8662745321442044]",0,37
2518,[0.49156724 0.45258505],4,75,"[0.5172236746686562, 0.4443369127615434]",0,-1
2519,[0.12528389 0.33401405],53,71,"[0.11481900251646894, 0.37559708088824]",0,-1
2520,[0.25018286 0.35249625],47,19,"[0.2847353251184853, 0.39005308479636985]",0,71
2521,[0.47785249 0.64658176],69,2,"[0.4675886295436634, 0.6021765353351279]",0,-1
2522,[0.89382853 0.83243482],21,87,"[0.8925149589987491, 0.8617277435613537]",0,-1
2523,[0.64876434 0.21988769],89,35,"[0.6545605605339905, 0.22500987532438183]",0,6
2524,[0.37752693 0.86536367],78,67,"[0.37743107737986015, 0.883213849264441]",0,-1
2525,[0.47550032 0.35062055],55,42,"[0.47090413605197745, 0.3706753216883814]",0,-1
2526,[0.80227655 0.36744278],2,25,"[0.8211120104597844, 0.37574618786089475]",0,-1
2527,[0.14101379 0.24822922],53,84,"[0.1433957510634753, 0.2579081432754369]",0,-1
2528,[0.80391016 0.73456884],21,63,"[0.7856877410353075, 0.7534945903126699]",0,-1
2529,[0.4429132  0.64419427],90,0,"[0.4226395002574949, 0.6460584349087278]",0,88
2530,[0.12835912 0.60811376],23,80,"[0.15990270049190128, 0.5986117043755352]",0,-1
2531,[0.38274873 0.73550862],94,58,"[0.37887936110594184, 0.7334391897891285]",0,-1
2532,[0.52747329 0.62306288],7,5,"[0.54876158375065, 0.6433749135954844]",0,-1
2533,[0.6195114  0.34932747],34,10,"[0.6398799516193626, 0.38844091859549007]",0,-1
2534,[0.62091408 0.19617549],89,35,"[0.6545605605339905, 0.22500987532438183]",0,-1
2535,[0.71653551 0.33618728],91,22,"[0.757272224425649, 0.33905999717339425]",0,21
2536,[0.73467697 0.39446588],68,4,"[0.7100353299176262, 0.3875574879176719]",0,21
2537,[0.30109451 0.37275276],22,19,"[0.2847353251184853, 0.39005308479636985]",0,-1
2538,[0.71756788 0.34499632],40,22,"[0.757272224425649, 0.33905999717339425]",0,21
2539,[0.7180186  0.12336632],95,95,"[0.7517203864819665, 0.11417692930271928]",0,-1
2540,[0.77705784 0.44061339],3,15,"[0.7558016368645127, 0.4462797814247812]",0,17
2541,[0.6696293  0.26381972],89,35,"[0.6545605605339905, 0.22500987532438183]",0,-1
2542,[0.22370401 0.72132256],65,11,"[0.22353793679767786, 0.7478364040140648]",0,-1
2543,[0.40431043 0.47399953],64,17,"[0.4108830354862289, 0.4435508998593477]",0,80
2544,[0.22735357 0.70633349],65,11,"[0.22353793679767786, 0.7478364040140648]",0,-1
2545,[0.66906273 0.32974118],54,3,"[0.6759399092328674, 0.32128183561871837]",0,21
2546,[0.65213736 0.16468739],89,70,"[0.6986975952159088, 0.16842470592263856]",0,-1
2547,[0.33749316 0.57903669],76,30,"[0.36820757824267275, 0.5891561499462349]",0,-1
2548,[0.74406007 0.78254066],85,63,"[0.7856877410353075, 0.7534945903126699]",0,-1
2549,[0.83304995 0.43540995],50,8,"[0.8210079602672482, 0.4506152114933381]",0,17
2550,[0.18768678 0.79659565],0,69,"[0.18889864315739, 0.8195957758801673]",0,50
2551,[0.36678057 0.57911078],20,30,"[0.36820757824267275, 0.5891561499462349]",0,-1
2552,[0.86524236 0.4345173 ],50,62,"[0.8921140984845523, 0.4428581583396137]",0,-1
2553,[0.70081669 0.58958053],49,72,"[0.7259305706267937, 0.621464812471517]",0,-1
2554,[0.78435675 0.54298538],87,32,"[0.7786163905873836, 0.5211842185039978]",0,17
2555,[0.36692868 0.75780719],19,58,"[0.37887936110594184, 0.7334391897891285]",0,-1
2556,[0.36655869 0.49580587],8,50,"[0.3898476181838421, 0.5216929572274273]",0,-1
2557,[0.3992665 0.612785 ],20,30,"[0.36820757824267275, 0.5891561499462349]",0,88
2558,[0.71661961 0.55242266],28,53,"[0.6955018555560987, 0.5389599645427405]",0,-1
2559,[0.11659586 0.36793466],26,71,"[0.11481900251646894, 0.37559708088824]",0,-1
2560,[0.54868732 0.90053328],93,18,"[0.527398606849523, 0.8662745321442044]",0,-1
2561,[0.34072644 0.18256125],73,49,"[0.35418448506576955, 0.14329850428612353]",0,-1
2562,[0.11994326 0.53122095],98,77,"[0.10737865443478777, 0.5291217341624451]",0,24
2563,[0.60992647 0.82435629],79,14,"[0.6208537257023621, 0.8045775614928529]",0,41
2564,[0.79644079 0.82316812],85,48,"[0.7803433920128066, 0.8205948599681767]",0,-1
2565,[0.18598129 0.31296306],22,38,"[0.18350109397176653, 0.31916714902230253]",0,61
2566,[0.80207096 0.49141245],83,32,"[0.7786163905873836, 0.5211842185039978]",0,17
2567,[0.40318914 0.19516796],84,31,"[0.4191189173246286, 0.19329258812229377]",0,31
2568,[0.1033356  0.51612491],98,77,"[0.10737865443478777, 0.5291217341624451]",0,-1
2569,[0.75906929 0.50578292],87,32,"[0.7786163905873836, 0.5211842185039978]",0,-1
2570,[0.79133644 0.53735065],87,32,"[0.7786163905873836, 0.5211842185039978]",0,-1
2571,[0.90846512 0.36610172],30,83,"[0.8762199555116444, 0.3404048051239979]",0,-1
2572,[0.66596062 0.61751852],74,76,"[0.6483290776065068, 0.6569295539328516]",0,-1
2573,[0.32068775 0.21539542],25,27,"[0.29001319373773415, 0.21087702736570366]",0,-1
2574,[0.39886585 0.40473812],14,17,"[0.4108830354862289, 0.4435508998593477]",0,89
2575,[0.54424207 0.85490624],72,18,"[0.527398606849523, 0.8662745321442044]",0,-1
2576,[0.18168119 0.72975853],0,43,"[0.15465866632935668, 0.7523522483084468]",0,-1
2577,[0.63459155 0.81998121],79,14,"[0.6208537257023621, 0.8045775614928529]",0,-1
2578,[0.48363197 0.79068035],56,16,"[0.45898902168994016, 0.8115000101692392]",0,-1
2579,[0.81531491 0.89789722],96,79,"[0.8263954992254994, 0.8681441505941476]",0,-1
2580,[0.46982894 0.60848193],76,2,"[0.4675886295436634, 0.6021765353351279]",0,88
2581,[0.26493429 0.68550583],51,12,"[0.2822438507480652, 0.7105313788319401]",0,-1
2582,[0.63551102 0.23779212],88,35,"[0.6545605605339905, 0.22500987532438183]",0,6
2583,[0.22136829 0.79065861],39,11,"[0.22353793679767786, 0.7478364040140648]",0,49
2584,[0.24108723 0.4489401 ],44,28,"[0.2520846559803125, 0.4621952512240386]",0,-1
2585,[0.57977778 0.57534022],35,9,"[0.6184830434267037, 0.586333469678524]",0,88
2586,[0.52993519 0.90703376],93,18,"[0.527398606849523, 0.8662745321442044]",0,-1
2587,[0.23033028 0.8435367 ],59,26,"[0.2731213809151105, 0.8295374863795931]",0,45
2588,[0.35729254 0.27866045],25,21,"[0.3571400957876323, 0.26942599959136726]",0,75
2589,[0.15016519 0.71136418],65,43,"[0.15465866632935668, 0.7523522483084468]",0,-1
2590,[0.02143325 0.74290631],39,94,"[0.08336279277630905, 0.7423055088738316]",-1,-1
2591,[0.75944873 0.82389645],21,48,"[0.7803433920128066, 0.8205948599681767]",0,-1
2592,[0.59568042 0.57229685],12,9,"[0.6184830434267037, 0.586333469678524]",0,88
2593,[0.43157574 0.78370356],78,16,"[0.45898902168994016, 0.8115000101692392]",0,30
2594,[0.1926566  0.74753025],39,11,"[0.22353793679767786, 0.7478364040140648]",0,57
2595,[0.49809629 0.55671481],7,40,"[0.4758590512403852, 0.5317248607280546]",0,-1
2596,[0.64682461 0.40564644],61,10,"[0.6398799516193626, 0.38844091859549007]",0,21
2597,[0.51461346 0.6802412 ],12,5,"[0.54876158375065, 0.6433749135954844]",0,-1
2598,[0.43150225 0.47656288],82,17,"[0.4108830354862289, 0.4435508998593477]",0,-1
2599,[0.59944466 0.8863572 ],79,82,"[0.6132420785222222, 0.8710652413331001]",0,-1
2600,[0.35913845 0.86539974],78,67,"[0.37743107737986015, 0.883213849264441]",0,-1
2601,[0.66507831 0.27154231],71,35,"[0.6545605605339905, 0.22500987532438183]",0,-1
2602,[0.41535061 0.50568457],64,50,"[0.3898476181838421, 0.5216929572274273]",0,-1
2603,[0.15357217 0.85134568],0,69,"[0.18889864315739, 0.8195957758801673]",0,-1
2604,[0.40247127 0.70169213],20,58,"[0.37887936110594184, 0.7334391897891285]",0,-1
2605,[0.58899956 0.08116889],33,99,"[0.5444828914688598, 0.07256639339212836]",-1,-1
2606,[0.2074895 0.2542528],11,24,"[0.23531691667485555, 0.27209662123665185]",0,66
2607,[0.47199448 0.54862893],75,40,"[0.4758590512403852, 0.5317248607280546]",0,83
2608,[0.63660632 0.76948581],24,14,"[0.6208537257023621, 0.8045775614928529]",0,36
2609,[0.56465151 0.26409556],86,64,"[0.594073349455653, 0.28354489837534175]",0,-1
2610,[0.68086227 0.27190926],71,3,"[0.6759399092328674, 0.32128183561871837]",0,-1
2611,[0.64590079 0.70551083],70,57,"[0.6165364982648931, 0.7310583472769618]",0,-1
2612,[0.22088555 0.69238992],65,45,"[0.19601325606017345, 0.667358514260268]",0,53
2613,[0.94402464 0.8261025 ],21,93,"[0.9128525281281048, 0.8015861505597924]",0,-1
2614,[0.13310152 0.68973361],39,90,"[0.11769418158886381, 0.6663972759552037]",0,-1
2615,[0.62898343 0.77976102],79,14,"[0.6208537257023621, 0.8045775614928529]",0,36
2616,[0.47451336 0.84006644],93,16,"[0.45898902168994016, 0.8115000101692392]",0,-1
2617,[0.60765093 0.60015836],77,9,"[0.6184830434267037, 0.586333469678524]",0,87
2618,[0.39089496 0.39728107],38,1,"[0.3572487842659222, 0.41922446128046986]",0,-1
2619,[0.62382231 0.25024268],89,35,"[0.6545605605339905, 0.22500987532438183]",0,-1
2620,[0.60845335 0.83799121],60,82,"[0.6132420785222222, 0.8710652413331001]",0,-1
2621,[0.41084509 0.50631742],7,50,"[0.3898476181838421, 0.5216929572274273]",0,-1
2622,[0.80379461 0.57836494],99,47,"[0.8091525442233867, 0.6013457413252116]",0,-1
2623,[0.27438265 0.79791775],59,26,"[0.2731213809151105, 0.8295374863795931]",0,-1
2624,[0.63063982 0.29885206],89,64,"[0.594073349455653, 0.28354489837534175]",0,4
2625,[0.55420154 0.47110222],4,75,"[0.5172236746686562, 0.4443369127615434]",0,-1
2626,[0.36023537 0.29921697],25,21,"[0.3571400957876323, 0.26942599959136726]",0,-1
2627,[0.27479296 0.13016857],57,52,"[0.2294764018471187, 0.143723856671554]",0,-1
2628,[0.63568502 0.59655212],37,9,"[0.6184830434267037, 0.586333469678524]",0,76
2629,[0.17060413 0.41119977],44,23,"[0.2032497039719594, 0.393824370774819]",0,-1
2630,[0.42134096 0.52571103],8,50,"[0.3898476181838421, 0.5216929572274273]",0,-1
2631,[0.18248453 0.68215023],18,45,"[0.19601325606017345, 0.667358514260268]",0,-1
2632,[0.15998511 0.48345774],98,51,"[0.1508950301577577, 0.45723062251398755]",0,-1
2633,[0.82820133 0.52707743],43,13,"[0.843760744736157, 0.5166552078676889]",0,17
2634,[0.66749773 0.26959198],54,35,"[0.6545605605339905, 0.22500987532438183]",0,-1
2635,[0.92174064 0.47440129],30,92,"[0.9291777218511399, 0.5053403904093751]",0,-1
2636,[0.23764778 0.67977708],65,45,"[0.19601325606017345, 0.667358514260268]",0,-1
2637,[0.84019397 0.87867815],85,79,"[0.8263954992254994, 0.8681441505941476]",0,-1
2638,[0.31271554 0.41997885],8,19,"[0.2847353251184853, 0.39005308479636985]",0,86
2639,[0.733775   0.17085893],95,70,"[0.6986975952159088, 0.16842470592263856]",0,-1
2640,[0.40755297 0.61171766],15,0,"[0.4226395002574949, 0.6460584349087278]",0,88
2641,[0.50127349 0.70879125],94,37,"[0.47348968360582744, 0.7125916710309903]",0,-1
2642,[0.48405997 0.54670667],82,40,"[0.4758590512403852, 0.5317248607280546]",0,83
2643,[0.29327658 0.58709435],51,39,"[0.2596202559688416, 0.6257540185994204]",0,-1
2644,[0.28390993 0.77504023],65,26,"[0.2731213809151105, 0.8295374863795931]",0,-1
2645,[0.6169389  0.42715597],61,68,"[0.6059400326152605, 0.4534475926518635]",0,-1
2646,[0.38025679 0.23934964],47,21,"[0.3571400957876323, 0.26942599959136726]",0,-1
2647,[0.82805419 0.80229593],85,41,"[0.8492841799095646, 0.8019622424543851]",0,13
2648,[0.6459074  0.16142308],95,70,"[0.6986975952159088, 0.16842470592263856]",0,-1
2649,[0.56919887 0.50730106],74,29,"[0.5812618174713859, 0.5240123764686471]",0,-1
2650,[0.39249716 0.1119789 ],84,49,"[0.35418448506576955, 0.14329850428612353]",0,-1
2651,[0.476176   0.86020977],56,18,"[0.527398606849523, 0.8662745321442044]",0,-1
2652,[0.46716329 0.39626241],4,42,"[0.47090413605197745, 0.3706753216883814]",0,58
2653,[0.33471568 0.83572674],48,54,"[0.36959478636682913, 0.8084550989826409]",0,-1
2654,[0.32218533 0.34451905],25,7,"[0.3321936611977011, 0.34293111744375654]",0,-1
2655,[0.30262042 0.22904325],58,27,"[0.29001319373773415, 0.21087702736570366]",0,59
2656,[0.3493058  0.43284138],64,1,"[0.3572487842659222, 0.41922446128046986]",0,-1
2657,[0.82137543 0.81295934],21,41,"[0.8492841799095646, 0.8019622424543851]",0,13
2658,[0.81684476 0.60841809],99,47,"[0.8091525442233867, 0.6013457413252116]",0,8
2659,[0.61129275 0.60111731],74,9,"[0.6184830434267037, 0.586333469678524]",0,-1
2660,[0.34488303 0.3931592 ],42,1,"[0.3572487842659222, 0.41922446128046986]",0,89
2661,[0.64675786 0.23740712],86,35,"[0.6545605605339905, 0.22500987532438183]",0,6
2662,[0.50182322 0.09324543],33,99,"[0.5444828914688598, 0.07256639339212836]",0,-1
2663,[0.47390812 0.38290269],67,42,"[0.47090413605197745, 0.3706753216883814]",0,-1
2664,[0.59514405 0.54694657],37,29,"[0.5812618174713859, 0.5240123764686471]",0,-1
2665,[0.57489948 0.8700016 ],60,82,"[0.6132420785222222, 0.8710652413331001]",0,-1
2666,[0.65190411 0.60999364],49,9,"[0.6184830434267037, 0.586333469678524]",0,-1
2667,[0.57245106 0.41559279],4,73,"[0.5684491373659465, 0.3759776977620393]",0,-1
2668,[0.71440976 0.80415033],24,60,"[0.7001338409322506, 0.7409401695756385]",0,-1
2669,[0.37620367 0.25984425],25,21,"[0.3571400957876323, 0.26942599959136726]",0,-1
2670,[0.74750423 0.36182002],54,22,"[0.757272224425649, 0.33905999717339425]",0,21
2671,[0.64182971 0.18993285],88,35,"[0.6545605605339905, 0.22500987532438183]",0,-1
2672,[0.19759652 0.49946681],98,44,"[0.1912270592870895, 0.5359549801185394]",0,-1
2673,[0.53186507 0.30345664],4,64,"[0.594073349455653, 0.28354489837534175]",0,-1
2674,[0.18655056 0.61167523],17,80,"[0.15990270049190128, 0.5986117043755352]",0,40
2675,[0.47522462 0.83045234],56,16,"[0.45898902168994016, 0.8115000101692392]",0,39
2676,[0.88815204 0.70390672],62,85,"[0.8584098981619135, 0.7196353557924977]",1,-1
2677,[0.30402688 0.41103457],92,19,"[0.2847353251184853, 0.39005308479636985]",0,86
2678,[0.72113325 0.18879582],89,70,"[0.6986975952159088, 0.16842470592263856]",0,-1
2679,[0.88353243 0.44759375],50,62,"[0.8921140984845523, 0.4428581583396137]",0,-1
2680,[0.31724723 0.74504971],16,12,"[0.2822438507480652, 0.7105313788319401]",0,-1
2681,[0.10192037 0.7220914 ],39,94,"[0.08336279277630905, 0.7423055088738316]",0,-1
2682,[0.27701605 0.84371619],59,26,"[0.2731213809151105, 0.8295374863795931]",0,-1
2683,[0.76823682 0.43835393],3,15,"[0.7558016368645127, 0.4462797814247812]",0,17
2684,[0.37648292 0.42599562],8,1,"[0.3572487842659222, 0.41922446128046986]",0,89
2685,[0.3822     0.46879439],8,17,"[0.4108830354862289, 0.4435508998593477]",0,80
2686,[0.34829057 0.48378282],64,50,"[0.3898476181838421, 0.5216929572274273]",0,-1
2687,[0.19621494 0.41841547],44,23,"[0.2032497039719594, 0.393824370774819]",0,70
2688,[0.25008652 0.32536677],11,24,"[0.23531691667485555, 0.27209662123665185]",0,-1
2689,[0.57045602 0.83783317],79,18,"[0.527398606849523, 0.8662745321442044]",0,-1
2690,[0.14550851 0.51692578],17,77,"[0.10737865443478777, 0.5291217341624451]",0,-1
2691,[0.80092004 0.43858249],3,8,"[0.8210079602672482, 0.4506152114933381]",0,17
2692,[0.25673786 0.35694595],22,19,"[0.2847353251184853, 0.39005308479636985]",0,71
2693,[0.5810271  0.35950116],71,73,"[0.5684491373659465, 0.3759776977620393]",0,-1
2694,[0.18179112 0.44434658],97,51,"[0.1508950301577577, 0.45723062251398755]",0,70
2695,[0.59798679 0.86143681],60,82,"[0.6132420785222222, 0.8710652413331001]",0,-1
2696,[0.30935615 0.31331446],42,7,"[0.3321936611977011, 0.34293111744375654]",0,-1
2697,[0.60424342 0.70046983],74,57,"[0.6165364982648931, 0.7310583472769618]",0,-1
2698,[0.87937992 0.51865137],63,13,"[0.843760744736157, 0.5166552078676889]",0,-1
2699,[0.5346538  0.35144371],4,73,"[0.5684491373659465, 0.3759776977620393]",0,-1
2700,[0.4238426  0.55127778],7,50,"[0.3898476181838421, 0.5216929572274273]",0,-1
2701,[0.42230425 0.86705658],78,67,"[0.37743107737986015, 0.883213849264441]",0,-1
2702,[0.24150312 0.20250775],10,27,"[0.29001319373773415, 0.21087702736570366]",0,64
2703,[0.53747533 0.51614643],13,29,"[0.5812618174713859, 0.5240123764686471]",0,-1
2704,[0.50604982 0.59493129],82,20,"[0.5371890084085489, 0.5739528596094324]",0,-1
2705,[0.34263497 0.39026395],22,1,"[0.3572487842659222, 0.41922446128046986]",0,89
2706,[0.71066932 0.5529156 ],28,53,"[0.6955018555560987, 0.5389599645427405]",0,-1
2707,[0.86396648 0.77166746],96,41,"[0.8492841799095646, 0.8019622424543851]",0,10
2708,[0.64197417 0.66677947],74,76,"[0.6483290776065068, 0.6569295539328516]",0,-1
2709,[0.66115335 0.52530788],35,53,"[0.6955018555560987, 0.5389599645427405]",0,-1
2710,[0.17885844 0.55299694],17,44,"[0.1912270592870895, 0.5359549801185394]",0,-1
2711,[0.66848952 0.37687964],2,10,"[0.6398799516193626, 0.38844091859549007]",0,21
2712,[0.16906399 0.51302914],98,44,"[0.1912270592870895, 0.5359549801185394]",0,44
2713,[0.83867528 0.52413073],87,13,"[0.843760744736157, 0.5166552078676889]",0,17
2714,[0.37028032 0.43744904],38,1,"[0.3572487842659222, 0.41922446128046986]",0,89
2715,[0.09140111 0.41705413],26,71,"[0.11481900251646894, 0.37559708088824]",0,-1
2716,[0.48596028 0.49514433],77,40,"[0.4758590512403852, 0.5317248607280546]",0,-1
2717,[0.50413531 0.61031465],69,2,"[0.4675886295436634, 0.6021765353351279]",0,88
2718,[0.38914799 0.32281165],55,6,"[0.40678448596985844, 0.34277371919698396]",0,-1
2719,[0.64233302 0.389111  ],34,10,"[0.6398799516193626, 0.38844091859549007]",0,21
2720,[0.63899463 0.39414061],40,10,"[0.6398799516193626, 0.38844091859549007]",0,21
2721,[0.16744527 0.15467909],45,81,"[0.13426292668090453, 0.163935928071412]",0,-1
2722,[0.60285769 0.30470757],86,64,"[0.594073349455653, 0.28354489837534175]",0,-1
2723,[0.83072453 0.29666525],80,66,"[0.8238364342627095, 0.2773691959806487]",0,-1
2724,[0.40512828 0.30024343],67,6,"[0.40678448596985844, 0.34277371919698396]",0,-1
2725,[0.58976972 0.82846025],72,14,"[0.6208537257023621, 0.8045775614928529]",0,-1
2726,[0.58528659 0.64282551],74,5,"[0.54876158375065, 0.6433749135954844]",0,-1
2727,[0.31823648 0.18209586],57,27,"[0.29001319373773415, 0.21087702736570366]",0,-1
2728,[0.48099912 0.79522993],60,16,"[0.45898902168994016, 0.8115000101692392]",0,-1
2729,[0.32882887 0.50157996],8,50,"[0.3898476181838421, 0.5216929572274273]",0,-1
2730,[0.5963073  0.30246195],89,64,"[0.594073349455653, 0.28354489837534175]",0,-1
2731,[0.45267948 0.89532395],78,-1,-1,0,-1
2732,[0.79535235 0.49951339],87,32,"[0.7786163905873836, 0.5211842185039978]",0,17
2733,[0.21782727 0.28198695],53,24,"[0.23531691667485555, 0.27209662123665185]",0,63
2734,[0.79166321 0.43788092],50,8,"[0.8210079602672482, 0.4506152114933381]",0,17
2735,[0.38372037 0.39712172],92,1,"[0.3572487842659222, 0.41922446128046986]",0,89
2736,[0.82650977 0.33492953],80,25,"[0.8211120104597844, 0.37574618786089475]",0,-1
2737,[0.7644681  0.56141333],63,32,"[0.7786163905873836, 0.5211842185039978]",0,-1
2738,[0.59425585 0.8509363 ],60,82,"[0.6132420785222222, 0.8710652413331001]",0,-1
2739,[0.57081923 0.57202013],37,20,"[0.5371890084085489, 0.5739528596094324]",0,88
2740,[0.36037048 0.45389359],8,1,"[0.3572487842659222, 0.41922446128046986]",0,-1
2741,[0.30618779 0.65638926],19,36,"[0.3536068858323266, 0.6613822308481206]",0,-1
2742,[0.17211749 0.65106183],17,45,"[0.19601325606017345, 0.667358514260268]",0,-1
2743,[0.87048397 0.53851024],27,13,"[0.843760744736157, 0.5166552078676889]",0,17
2744,[0.362997   0.42375159],67,1,"[0.3572487842659222, 0.41922446128046986]",0,89
2745,[0.61190007 0.67364181],74,76,"[0.6483290776065068, 0.6569295539328516]",0,-1
2746,[0.49451267 0.53120796],41,40,"[0.4758590512403852, 0.5317248607280546]",0,-1
2747,[0.51728473 0.75649767],94,46,"[0.5435344637313357, 0.7795756563374607]",0,-1
2748,[0.9728574  0.47207413],63,92,"[0.9291777218511399, 0.5053403904093751]",-1,-1
2749,[0.60881878 0.58477489],74,9,"[0.6184830434267037, 0.586333469678524]",0,-1
2750,[0.60802419 0.83596682],79,14,"[0.6208537257023621, 0.8045775614928529]",0,41
2751,[0.46108651 0.27406151],55,34,"[0.47832967363307105, 0.25654673669797673]",0,-1
2752,[0.14935195 0.05506729],45,89,"[0.15862126123377812, 0.09531060003677258]",-1,-1
2753,[0.81844845 0.43139019],83,8,"[0.8210079602672482, 0.4506152114933381]",0,17
2754,[0.28740682 0.40828427],42,19,"[0.2847353251184853, 0.39005308479636985]",0,86
2755,[0.61206016 0.68110824],75,76,"[0.6483290776065068, 0.6569295539328516]",0,-1
2756,[0.86163403 0.50924964],63,13,"[0.843760744736157, 0.5166552078676889]",0,17
2757,[0.50070987 0.16514912],33,56,"[0.4908116515444846, 0.16632592191374188]",0,-1
2758,[0.46742074 0.67167893],75,37,"[0.47348968360582744, 0.7125916710309903]",0,-1
2759,[0.57859951 0.76865515],24,46,"[0.5435344637313357, 0.7795756563374607]",0,-1
2760,[0.87485774 0.42562047],30,62,"[0.8921140984845523, 0.4428581583396137]",0,-1
2761,[0.27015299 0.2029891 ],10,27,"[0.29001319373773415, 0.21087702736570366]",0,-1
2762,[0.28933462 0.41609352],22,19,"[0.2847353251184853, 0.39005308479636985]",0,-1
2763,[0.40330601 0.56349124],76,30,"[0.36820757824267275, 0.5891561499462349]",0,-1
2764,[0.44709427 0.1932883 ],57,31,"[0.4191189173246286, 0.19329258812229377]",0,-1
2765,[0.44792866 0.61622781],15,2,"[0.4675886295436634, 0.6021765353351279]",0,88
2766,[0.5145921  0.28072786],55,34,"[0.47832967363307105, 0.25654673669797673]",0,-1
2767,[0.78998671 0.63909891],99,47,"[0.8091525442233867, 0.6013457413252116]",0,-1
2768,[0.18691299 0.30265231],53,38,"[0.18350109397176653, 0.31916714902230253]",0,61
2769,[0.55836377 0.20082514],88,61,"[0.5821749572804258, 0.2185848836493384]",0,-1
2770,[0.17129267 0.62249086],23,80,"[0.15990270049190128, 0.5986117043755352]",0,40
2771,[0.20456318 0.41096666],22,23,"[0.2032497039719594, 0.393824370774819]",0,72
2772,[0.23185384 0.79491594],59,11,"[0.22353793679767786, 0.7478364040140648]",0,49
2773,[0.48866571 0.32934087],67,42,"[0.47090413605197745, 0.3706753216883814]",0,-1
2774,[0.78580068 0.39044121],66,25,"[0.8211120104597844, 0.37574618786089475]",0,20
2775,[0.87503905 0.58622053],99,59,"[0.8763268698051316, 0.579199170331017]",0,-1
2776,[0.43740926 0.55727843],69,40,"[0.4758590512403852, 0.5317248607280546]",0,-1
2777,[0.48696518 0.75237687],56,37,"[0.47348968360582744, 0.7125916710309903]",0,-1
2778,[0.48892347 0.63849908],82,2,"[0.4675886295436634, 0.6021765353351279]",0,-1
2779,[0.82257605 0.27478741],91,66,"[0.8238364342627095, 0.2773691959806487]",0,-1
2780,[0.56817477 0.63918044],75,5,"[0.54876158375065, 0.6433749135954844]",0,88
2781,[0.57859362 0.71776897],70,57,"[0.6165364982648931, 0.7310583472769618]",0,-1
2782,[0.83898358 0.43678783],50,8,"[0.8210079602672482, 0.4506152114933381]",0,17
2783,[0.40795548 0.50090853],82,50,"[0.3898476181838421, 0.5216929572274273]",0,-1
2784,[0.42971518 0.4211195 ],92,17,"[0.4108830354862289, 0.4435508998593477]",0,-1
2785,[0.67236139 0.30806568],86,3,"[0.6759399092328674, 0.32128183561871837]",0,-1
2786,[0.55767187 0.76931632],70,46,"[0.5435344637313357, 0.7795756563374607]",0,26
2787,[0.58034248 0.84269861],60,82,"[0.6132420785222222, 0.8710652413331001]",0,-1
2788,[0.72069118 0.29481561],2,55,"[0.7305076164562052, 0.2580112669411776]",0,-1
2789,[0.59299507 0.80871958],79,14,"[0.6208537257023621, 0.8045775614928529]",0,42
2790,[0.83930251 0.51477268],43,13,"[0.843760744736157, 0.5166552078676889]",0,17
2791,[0.61261955 0.75758902],70,57,"[0.6165364982648931, 0.7310583472769618]",0,36
2792,[0.16640865 0.09254479],45,89,"[0.15862126123377812, 0.09531060003677258]",0,-1
2793,[0.68799908 0.37959614],40,4,"[0.7100353299176262, 0.3875574879176719]",0,21
2794,[0.19921573 0.40197515],9,23,"[0.2032497039719594, 0.393824370774819]",0,72
2795,[0.39889089 0.40002542],14,17,"[0.4108830354862289, 0.4435508998593477]",0,89
2796,[0.25834215 0.42488571],9,28,"[0.2520846559803125, 0.4621952512240386]",0,-1
2797,[0.23539167 0.15497352],32,52,"[0.2294764018471187, 0.143723856671554]",0,-1
2798,[0.86749812 0.41437189],30,62,"[0.8921140984845523, 0.4428581583396137]",0,-1
2799,[0.61718291 0.43787118],29,68,"[0.6059400326152605, 0.4534475926518635]",0,-1
2800,[0.84304117 0.73113579],96,85,"[0.8584098981619135, 0.7196353557924977]",0,-1
2801,[0.24880342 0.72600899],65,11,"[0.22353793679767786, 0.7478364040140648]",0,-1
2802,[0.3225843  0.67024346],20,36,"[0.3536068858323266, 0.6613822308481206]",0,-1
2803,[0.79991438 0.55084633],3,32,"[0.7786163905873836, 0.5211842185039978]",0,-1
2804,[0.62500078 0.57802534],74,9,"[0.6184830434267037, 0.586333469678524]",0,-1
2805,[0.20951506 0.28683196],53,24,"[0.23531691667485555, 0.27209662123665185]",0,63
2806,[0.78706222 0.25769604],66,66,"[0.8238364342627095, 0.2773691959806487]",0,1
2807,[0.52008956 0.80021199],60,46,"[0.5435344637313357, 0.7795756563374607]",0,-1
2808,[0.37739335 0.42102664],64,1,"[0.3572487842659222, 0.41922446128046986]",0,89
2809,[0.37692264 0.16581876],84,49,"[0.35418448506576955, 0.14329850428612353]",0,28
2810,[0.09164709 0.80495597],39,86,"[0.11333449837233942, 0.8035791769910723]",0,-1
2811,[0.61729735 0.412212  ],61,10,"[0.6398799516193626, 0.38844091859549007]",0,-1
2812,[0.748102   0.37202332],66,22,"[0.757272224425649, 0.33905999717339425]",0,21
2813,[0.25213656 0.19492138],58,27,"[0.29001319373773415, 0.21087702736570366]",0,-1
2814,[0.41070826 0.64676011],82,0,"[0.4226395002574949, 0.6460584349087278]",0,88
2815,[0.47626025 0.35957053],55,42,"[0.47090413605197745, 0.3706753216883814]",0,-1
2816,[0.29156222 0.46200066],9,28,"[0.2520846559803125, 0.4621952512240386]",0,-1
2817,[0.21115892 0.35508203],26,23,"[0.2032497039719594, 0.393824370774819]",0,62
2818,[0.1864852  0.41947259],44,23,"[0.2032497039719594, 0.393824370774819]",0,-1
2819,[0.61822393 0.397611  ],71,10,"[0.6398799516193626, 0.38844091859549007]",0,-1
2820,[0.28768023 0.37660186],81,19,"[0.2847353251184853, 0.39005308479636985]",0,90
2821,[0.34604225 0.66950448],82,36,"[0.3536068858323266, 0.6613822308481206]",0,-1
2822,[0.45848049 0.21710853],52,34,"[0.47832967363307105, 0.25654673669797673]",0,34
2823,[0.43381959 0.75885221],78,16,"[0.45898902168994016, 0.8115000101692392]",0,-1
2824,[0.38927052 0.2275482 ],25,31,"[0.4191189173246286, 0.19329258812229377]",0,-1
2825,[0.4678574  0.52599123],37,40,"[0.4758590512403852, 0.5317248607280546]",0,-1
2826,[0.2639379  0.13906339],10,52,"[0.2294764018471187, 0.143723856671554]",0,-1
2827,[0.12619647 0.79366137],0,86,"[0.11333449837233942, 0.8035791769910723]",0,-1
2828,[0.33683177 0.28437058],42,21,"[0.3571400957876323, 0.26942599959136726]",0,75
2829,[0.34780266 0.42713258],81,1,"[0.3572487842659222, 0.41922446128046986]",0,86
2830,[0.76440596 0.22077546],36,78,"[0.7951539755354653, 0.19004804298167233]",0,-1
2831,[0.43200143 0.77197131],56,16,"[0.45898902168994016, 0.8115000101692392]",0,30
2832,[0.35994621 0.34586797],42,7,"[0.3321936611977011, 0.34293111744375654]",0,89
2833,[0.75708595 0.64097504],99,72,"[0.7259305706267937, 0.621464812471517]",0,-1
2834,[0.69410234 0.79141383],24,60,"[0.7001338409322506, 0.7409401695756385]",0,-1
2835,[0.15485134 0.52152847],17,44,"[0.1912270592870895, 0.5359549801185394]",0,44
2836,[0.4250679  0.65621642],76,0,"[0.4226395002574949, 0.6460584349087278]",0,88
2837,[0.90539654 0.73205783],21,85,"[0.8584098981619135, 0.7196353557924977]",-1,-1
2838,[0.60535445 0.52108361],49,29,"[0.5812618174713859, 0.5240123764686471]",0,-1
2839,[0.34370178 0.85445829],59,67,"[0.37743107737986015, 0.883213849264441]",0,-1
2840,[0.63750948 0.29251102],71,64,"[0.594073349455653, 0.28354489837534175]",0,4
2841,[0.22698733 0.21621628],58,33,"[0.1898538969523832, 0.20289106741831933]",0,-1
2842,[0.65203355 0.5425959 ],49,53,"[0.6955018555560987, 0.5389599645427405]",0,-1
2843,[0.25768713 0.47417583],9,28,"[0.2520846559803125, 0.4621952512240386]",0,-1
2844,[0.17300852 0.43906547],98,51,"[0.1508950301577577, 0.45723062251398755]",0,70
2845,[0.71934209 0.4904784 ],87,53,"[0.6955018555560987, 0.5389599645427405]",0,-1
2846,[0.41807342 0.56723719],8,50,"[0.3898476181838421, 0.5216929572274273]",0,79
2847,[0.67796802 0.38831485],34,4,"[0.7100353299176262, 0.3875574879176719]",0,21
2848,[0.35886932 0.89057952],48,67,"[0.37743107737986015, 0.883213849264441]",0,-1
2849,[0.44446546 0.17223519],84,31,"[0.4191189173246286, 0.19329258812229377]",0,34
2850,[0.49536898 0.60932234],6,2,"[0.4675886295436634, 0.6021765353351279]",0,-1
2851,[0.47709573 0.4359276 ],64,75,"[0.5172236746686562, 0.4443369127615434]",0,-1
2852,[0.84839788 0.42051867],43,8,"[0.8210079602672482, 0.4506152114933381]",0,17
2853,[0.49243018 0.67442301],69,37,"[0.47348968360582744, 0.7125916710309903]",0,-1
2854,[0.74604695 0.57531307],28,72,"[0.7259305706267937, 0.621464812471517]",0,-1
2855,[0.81830453 0.53529054],87,13,"[0.843760744736157, 0.5166552078676889]",0,17
2856,[0.86175408 0.4058568 ],50,62,"[0.8921140984845523, 0.4428581583396137]",0,-1
2857,[0.302927  0.8720046],59,26,"[0.2731213809151105, 0.8295374863795931]",0,-1
2858,[0.27857095 0.37465202],9,19,"[0.2847353251184853, 0.39005308479636985]",0,-1
2859,[0.24895858 0.43862322],81,28,"[0.2520846559803125, 0.4621952512240386]",0,-1
2860,[0.60783614 0.53596436],37,29,"[0.5812618174713859, 0.5240123764686471]",0,-1
2861,[0.24184916 0.68759819],51,12,"[0.2822438507480652, 0.7105313788319401]",0,53
2862,[0.39949884 0.58852027],69,30,"[0.36820757824267275, 0.5891561499462349]",0,88
2863,[0.3815242  0.64636938],76,36,"[0.3536068858323266, 0.6613822308481206]",0,-1
2864,[0.88611775 0.5775469 ],27,59,"[0.8763268698051316, 0.579199170331017]",0,-1
2865,[0.84032348 0.79185368],62,41,"[0.8492841799095646, 0.8019622424543851]",0,13
2866,[0.56067344 0.44038034],4,75,"[0.5172236746686562, 0.4443369127615434]",0,-1
2867,[0.4191508  0.31484191],25,6,"[0.40678448596985844, 0.34277371919698396]",0,-1
2868,[0.43915658 0.16755493],33,31,"[0.4191189173246286, 0.19329258812229377]",0,34
2869,[0.47248025 0.41657904],67,42,"[0.47090413605197745, 0.3706753216883814]",0,58
2870,[0.41290396 0.40811238],14,17,"[0.4108830354862289, 0.4435508998593477]",0,89
2871,[0.5953394  0.60454836],77,9,"[0.6184830434267037, 0.586333469678524]",0,87
2872,[0.13815906 0.18385187],45,81,"[0.13426292668090453, 0.163935928071412]",0,-1
2873,[0.39245548 0.46300545],8,17,"[0.4108830354862289, 0.4435508998593477]",0,-1
2874,[0.43780615 0.65787954],76,0,"[0.4226395002574949, 0.6460584349087278]",0,88
2875,[0.83081125 0.58476631],87,47,"[0.8091525442233867, 0.6013457413252116]",0,-1
2876,[0.55074266 0.77339168],72,46,"[0.5435344637313357, 0.7795756563374607]",0,26
2877,[0.86175489 0.56234389],27,59,"[0.8763268698051316, 0.579199170331017]",0,16
2878,[0.69790585 0.74263744],46,60,"[0.7001338409322506, 0.7409401695756385]",0,15
2879,[0.8038303  0.34702104],80,25,"[0.8211120104597844, 0.37574618786089475]",0,-1
2880,[0.1510062  0.30558124],5,38,"[0.18350109397176653, 0.31916714902230253]",0,-1
2881,[0.42519291 0.2373166 ],57,31,"[0.4191189173246286, 0.19329258812229377]",0,-1
2882,[0.32927895 0.39454352],1,1,"[0.3572487842659222, 0.41922446128046986]",0,89
2883,[0.9026398  0.47809149],30,62,"[0.8921140984845523, 0.4428581583396137]",0,-1
2884,[0.21604472 0.30444634],11,38,"[0.18350109397176653, 0.31916714902230253]",0,61
2885,[0.62931212 0.41145795],40,10,"[0.6398799516193626, 0.38844091859549007]",0,-1
2886,[0.57084842 0.84963655],72,18,"[0.527398606849523, 0.8662745321442044]",0,-1
2887,[0.26564509 0.66318833],23,39,"[0.2596202559688416, 0.6257540185994204]",0,-1
2888,[0.24582845 0.41604377],44,28,"[0.2520846559803125, 0.4621952512240386]",0,74
2889,[0.14263123 0.51574866],17,77,"[0.10737865443478777, 0.5291217341624451]",0,-1
2890,[0.44998992 0.36869906],67,42,"[0.47090413605197745, 0.3706753216883814]",0,-1
2891,[0.12592457 0.44735371],98,51,"[0.1508950301577577, 0.45723062251398755]",0,-1
2892,[0.55720068 0.82827349],72,18,"[0.527398606849523, 0.8662745321442044]",0,-1
2893,[0.43569979 0.32999828],67,6,"[0.40678448596985844, 0.34277371919698396]",0,-1
2894,[0.67471949 0.45817856],34,65,"[0.6636957553845171, 0.46135824588144125]",0,-1
2895,[0.81378393 0.31837569],2,66,"[0.8238364342627095, 0.2773691959806487]",0,-1
2896,[0.12984956 0.75429079],39,43,"[0.15465866632935668, 0.7523522483084468]",0,-1
2897,[0.19830771 0.32725217],11,38,"[0.18350109397176653, 0.31916714902230253]",0,-1
2898,[0.78183901 0.83736402],21,48,"[0.7803433920128066, 0.8205948599681767]",0,-1
2899,[0.64219291 0.54954127],35,9,"[0.6184830434267037, 0.586333469678524]",0,-1
2900,[0.87996917 0.6843479 ],21,85,"[0.8584098981619135, 0.7196353557924977]",1,-1
2901,[0.40422132 0.60910155],20,30,"[0.36820757824267275, 0.5891561499462349]",0,88
2902,[0.1728858  0.44375546],98,51,"[0.1508950301577577, 0.45723062251398755]",0,70
2903,[0.32314967 0.42814615],64,1,"[0.3572487842659222, 0.41922446128046986]",0,86
2904,[0.16933778 0.2797285 ],11,84,"[0.1433957510634753, 0.2579081432754369]",0,-1
2905,[0.52054048 0.64141783],75,5,"[0.54876158375065, 0.6433749135954844]",0,-1
2906,[0.4005593  0.65926275],6,0,"[0.4226395002574949, 0.6460584349087278]",0,88
2907,[0.27812439 0.37572359],22,19,"[0.2847353251184853, 0.39005308479636985]",0,90
2908,[0.83352142 0.41253665],50,25,"[0.8211120104597844, 0.37574618786089475]",0,17
2909,[0.18356411 0.76829333],65,43,"[0.15465866632935668, 0.7523522483084468]",0,-1
2910,[0.85903558 0.27957304],36,66,"[0.8238364342627095, 0.2773691959806487]",0,-1
2911,[0.38529055 0.2407794 ],73,21,"[0.3571400957876323, 0.26942599959136726]",0,-1
2912,[0.74493778 0.19840094],95,78,"[0.7951539755354653, 0.19004804298167233]",0,-1
2913,[0.57768467 0.5770386 ],13,20,"[0.5371890084085489, 0.5739528596094324]",0,88
2914,[0.42656536 0.23044412],73,31,"[0.4191189173246286, 0.19329258812229377]",0,-1
2915,[0.26218401 0.25441404],5,24,"[0.23531691667485555, 0.27209662123665185]",0,-1
2916,[0.69140239 0.73285931],70,60,"[0.7001338409322506, 0.7409401695756385]",0,15
2917,[0.5308095  0.42799401],4,75,"[0.5172236746686562, 0.4443369127615434]",0,-1
2918,[0.38463386 0.64749188],90,36,"[0.3536068858323266, 0.6613822308481206]",0,-1
2919,[0.23670453 0.74097196],18,11,"[0.22353793679767786, 0.7478364040140648]",0,-1
2920,[0.84140543 0.48278451],43,13,"[0.843760744736157, 0.5166552078676889]",0,17
2921,[0.3458583  0.19829173],57,49,"[0.35418448506576955, 0.14329850428612353]",0,28
2922,[0.38363275 0.58236891],15,30,"[0.36820757824267275, 0.5891561499462349]",0,-1
2923,[0.64026597 0.451323  ],34,65,"[0.6636957553845171, 0.46135824588144125]",0,-1
2924,[0.40087384 0.63667337],76,0,"[0.4226395002574949, 0.6460584349087278]",0,88
2925,[0.81056731 0.44791832],87,8,"[0.8210079602672482, 0.4506152114933381]",0,17
2926,[0.28567041 0.76167588],0,12,"[0.2822438507480652, 0.7105313788319401]",0,-1
2927,[0.58877492 0.57597401],74,9,"[0.6184830434267037, 0.586333469678524]",0,88
2928,[0.46995755 0.14656732],52,56,"[0.4908116515444846, 0.16632592191374188]",0,-1
2929,[0.36915478 0.64884613],15,36,"[0.3536068858323266, 0.6613822308481206]",0,-1
2930,[0.48069897 0.69021562],6,37,"[0.47348968360582744, 0.7125916710309903]",0,-1
2931,[0.18448852 0.1844474 ],32,33,"[0.1898538969523832, 0.20289106741831933]",0,48
2932,[0.64343878 0.44324558],34,65,"[0.6636957553845171, 0.46135824588144125]",0,-1
2933,[0.80099383 0.42322511],66,8,"[0.8210079602672482, 0.4506152114933381]",0,-1
2934,[0.57364017 0.8109054 ],70,46,"[0.5435344637313357, 0.7795756563374607]",0,-1
2935,[0.77655058 0.56872406],28,47,"[0.8091525442233867, 0.6013457413252116]",0,-1
2936,[0.50784454 0.65726721],75,5,"[0.54876158375065, 0.6433749135954844]",0,-1
2937,[0.46809783 0.39383521],4,42,"[0.47090413605197745, 0.3706753216883814]",0,58
2938,[0.47439499 0.69378138],90,37,"[0.47348968360582744, 0.7125916710309903]",0,-1
2939,[0.18836167 0.18557926],32,33,"[0.1898538969523832, 0.20289106741831933]",0,48
2940,[0.41876522 0.44920027],38,17,"[0.4108830354862289, 0.4435508998593477]",0,82
2941,[0.15513229 0.39145108],26,71,"[0.11481900251646894, 0.37559708088824]",0,69
2942,[0.29549505 0.35428674],42,19,"[0.2847353251184853, 0.39005308479636985]",0,-1
2943,[0.21656403 0.36050948],22,23,"[0.2032497039719594, 0.393824370774819]",0,62
2944,[0.74261757 0.15996842],95,70,"[0.6986975952159088, 0.16842470592263856]",0,-1
2945,[0.46066799 0.43709723],14,17,"[0.4108830354862289, 0.4435508998593477]",0,-1
2946,[0.35680458 0.33211287],1,7,"[0.3321936611977011, 0.34293111744375654]",0,89
2947,[0.41110914 0.54962678],8,50,"[0.3898476181838421, 0.5216929572274273]",0,-1
2948,[0.32847247 0.30630501],25,7,"[0.3321936611977011, 0.34293111744375654]",0,-1
2949,[0.85696395 0.5628542 ],27,59,"[0.8763268698051316, 0.579199170331017]",0,16
2950,[0.49907558 0.8420899 ],60,18,"[0.527398606849523, 0.8662745321442044]",0,38
2951,[0.82439028 0.82866795],62,41,"[0.8492841799095646, 0.8019622424543851]",0,13
2952,[0.86436015 0.17882884],36,88,"[0.8567588921418147, 0.17457306337920828]",0,0
2953,[0.4122383  0.64103815],76,0,"[0.4226395002574949, 0.6460584349087278]",0,88
2954,[0.53655926 0.57618016],49,20,"[0.5371890084085489, 0.5739528596094324]",0,88
2955,[0.72541841 0.36724705],2,4,"[0.7100353299176262, 0.3875574879176719]",0,21
2956,[0.64407647 0.41659014],68,10,"[0.6398799516193626, 0.38844091859549007]",0,-1
2957,[0.80155205 0.36312527],54,25,"[0.8211120104597844, 0.37574618786089475]",0,-1
2958,[0.63830193 0.53258056],77,9,"[0.6184830434267037, 0.586333469678524]",0,-1
2959,[0.35768262 0.25626119],58,21,"[0.3571400957876323, 0.26942599959136726]",0,-1
2960,[0.62960088 0.66668718],75,76,"[0.6483290776065068, 0.6569295539328516]",0,-1
2961,[0.41694771 0.84021082],56,16,"[0.45898902168994016, 0.8115000101692392]",0,25
2962,[0.73112661 0.33542181],71,22,"[0.757272224425649, 0.33905999717339425]",0,21
2963,[0.31075334 0.58033468],51,30,"[0.36820757824267275, 0.5891561499462349]",0,-1
2964,[0.73391697 0.37059285],2,4,"[0.7100353299176262, 0.3875574879176719]",0,21
2965,[0.77673553 0.37873222],80,22,"[0.757272224425649, 0.33905999717339425]",0,20
2966,[0.19718388 0.34748353],53,38,"[0.18350109397176653, 0.31916714902230253]",0,62
2967,[0.77462142 0.71962727],46,63,"[0.7856877410353075, 0.7534945903126699]",0,-1
2968,[0.80123024 0.4719079 ],28,8,"[0.8210079602672482, 0.4506152114933381]",0,-1
2969,[0.31032394 0.18989752],57,27,"[0.29001319373773415, 0.21087702736570366]",0,59
2970,[0.38393084 0.14424193],73,49,"[0.35418448506576955, 0.14329850428612353]",0,-1
2971,[0.46385681 0.69644002],15,37,"[0.47348968360582744, 0.7125916710309903]",0,-1
2972,[0.46177186 0.23908369],52,34,"[0.47832967363307105, 0.25654673669797673]",0,-1
2973,[0.10898636 0.19718721],45,81,"[0.13426292668090453, 0.163935928071412]",-1,-1
2974,[0.50767603 0.88091512],93,18,"[0.527398606849523, 0.8662745321442044]",0,-1
2975,[0.86389448 0.45016158],66,62,"[0.8921140984845523, 0.4428581583396137]",0,-1
2976,[0.42615482 0.66375494],82,0,"[0.4226395002574949, 0.6460584349087278]",0,88
2977,[0.89132399 0.72599172],62,85,"[0.8584098981619135, 0.7196353557924977]",1,-1
2978,[0.81754669 0.53271987],63,13,"[0.843760744736157, 0.5166552078676889]",0,17
2979,[0.75464893 0.38504606],54,4,"[0.7100353299176262, 0.3875574879176719]",0,-1
2980,[0.12310791 0.71802709],39,94,"[0.08336279277630905, 0.7423055088738316]",0,-1
2981,[0.8712103  0.62341844],27,59,"[0.8763268698051316, 0.579199170331017]",0,-1
2982,[0.84110614 0.41650613],43,8,"[0.8210079602672482, 0.4506152114933381]",0,17
2983,[0.78630239 0.38334307],66,25,"[0.8211120104597844, 0.37574618786089475]",0,20
2984,[0.64960372 0.40635723],40,10,"[0.6398799516193626, 0.38844091859549007]",0,21
2985,[0.4876775  0.57039859],12,2,"[0.4675886295436634, 0.6021765353351279]",0,88
2986,[0.23740826 0.15705192],10,52,"[0.2294764018471187, 0.143723856671554]",0,-1
2987,[0.08673632 0.50691643],98,77,"[0.10737865443478777, 0.5291217341624451]",0,-1
2988,[0.71512305 0.59920383],49,72,"[0.7259305706267937, 0.621464812471517]",0,-1
2989,[0.42861725 0.68306479],90,0,"[0.4226395002574949, 0.6460584349087278]",0,-1
2990,[0.1919918  0.68845718],65,45,"[0.19601325606017345, 0.667358514260268]",0,-1
2991,[0.39728091 0.37300939],64,6,"[0.40678448596985844, 0.34277371919698396]",0,89
2992,[0.44104812 0.65637386],75,0,"[0.4226395002574949, 0.6460584349087278]",0,88
2993,[0.1953822  0.48945528],97,44,"[0.1912270592870895, 0.5359549801185394]",0,-1
2994,[0.37494198 0.27296744],1,21,"[0.3571400957876323, 0.26942599959136726]",0,-1
2995,[0.71241088 0.28932182],91,55,"[0.7305076164562052, 0.2580112669411776]",0,18
2996,[0.56056403 0.52252922],41,29,"[0.5812618174713859, 0.5240123764686471]",0,-1
2997,[0.60599532 0.81119765],72,14,"[0.6208537257023621, 0.8045775614928529]",0,42
2998,[0.7666452  0.62610145],99,72,"[0.7259305706267937, 0.621464812471517]",0,-1
2999,[0.89296801 0.36376985],66,83,"[0.8762199555116444, 0.3404048051239979]",0,-1
3000,[0.31365766 0.19261431],58,27,"[0.29001319373773415, 0.21087702736570366]",0,-1
3001,[0.68818078 0.39446216],2,4,"[0.7100353299176262, 0.3875574879176719]",0,21
3002,[0.57952895 0.41061115],34,73,"[0.5684491373659465, 0.3759776977620393]",0,-1
3003,[0.30339401 0.65231529],51,36,"[0.3536068858323266, 0.6613822308481206]",0,-1
3004,[0.48860979 0.11572668],33,74,"[0.4464145664830302, 0.11749079524673668]",0,-1
3005,[0.85889295 0.35969437],43,83,"[0.8762199555116444, 0.3404048051239979]",0,-1
3006,[0.83876232 0.46202169],50,8,"[0.8210079602672482, 0.4506152114933381]",0,17
3007,[0.82741153 0.47630062],30,8,"[0.8210079602672482, 0.4506152114933381]",0,17
3008,[0.6547652  0.43029054],34,65,"[0.6636957553845171, 0.46135824588144125]",0,-1
3009,[0.18948246 0.16253006],32,33,"[0.1898538969523832, 0.20289106741831933]",0,48
3010,[0.64884641 0.35724895],34,10,"[0.6398799516193626, 0.38844091859549007]",0,-1
3011,[0.26738027 0.6598164 ],51,39,"[0.2596202559688416, 0.6257540185994204]",0,-1
3012,[0.20586918 0.71664115],23,11,"[0.22353793679767786, 0.7478364040140648]",0,55
3013,[0.32749265 0.14802323],73,49,"[0.35418448506576955, 0.14329850428612353]",0,-1
3014,[0.45562592 0.59475309],7,2,"[0.4675886295436634, 0.6021765353351279]",0,88
3015,[0.33207527 0.8040501 ],48,54,"[0.36959478636682913, 0.8084550989826409]",0,-1
3016,[0.39264261 0.60907725],76,30,"[0.36820757824267275, 0.5891561499462349]",0,88
3017,[0.24346392 0.2545549 ],58,24,"[0.23531691667485555, 0.27209662123665185]",0,-1
3018,[0.56773075 0.57416311],37,20,"[0.5371890084085489, 0.5739528596094324]",0,-1
3019,[0.47927364 0.8342267 ],93,16,"[0.45898902168994016, 0.8115000101692392]",0,-1
3020,[0.67477564 0.29538047],71,3,"[0.6759399092328674, 0.32128183561871837]",0,22
3021,[0.57354544 0.81088261],70,46,"[0.5435344637313357, 0.7795756563374607]",0,-1
3022,[0.13578545 0.65897715],17,90,"[0.11769418158886381, 0.6663972759552037]",0,-1
3023,[0.68582492 0.34870293],71,3,"[0.6759399092328674, 0.32128183561871837]",0,21
3024,[0.1689231  0.73895513],16,43,"[0.15465866632935668, 0.7523522483084468]",0,-1
3025,[0.39947937 0.46774513],8,17,"[0.4108830354862289, 0.4435508998593477]",0,-1
3026,[0.84792166 0.86517028],85,79,"[0.8263954992254994, 0.8681441505941476]",0,-1
3027,[0.82465439 0.72457798],62,85,"[0.8584098981619135, 0.7196353557924977]",0,-1
3028,[0.30850299 0.8061242 ],48,26,"[0.2731213809151105, 0.8295374863795931]",0,-1
3029,[0.38589765 0.17395218],73,31,"[0.4191189173246286, 0.19329258812229377]",0,-1
3030,[0.4358471  0.21202079],73,31,"[0.4191189173246286, 0.19329258812229377]",0,35
3031,[0.67335971 0.44802308],29,65,"[0.6636957553845171, 0.46135824588144125]",0,-1
3032,[0.46127112 0.8075416 ],93,16,"[0.45898902168994016, 0.8115000101692392]",0,39
3033,[0.38365129 0.65781914],20,36,"[0.3536068858323266, 0.6613822308481206]",0,-1
3034,[0.73947667 0.5765491 ],63,72,"[0.7259305706267937, 0.621464812471517]",0,-1
3035,[0.64436113 0.85106361],24,82,"[0.6132420785222222, 0.8710652413331001]",0,-1
3036,[0.07061723 0.52739814],26,77,"[0.10737865443478777, 0.5291217341624451]",0,-1
3037,[0.81648159 0.51384383],83,13,"[0.843760744736157, 0.5166552078676889]",0,17
3038,[0.85806291 0.61676828],27,59,"[0.8763268698051316, 0.579199170331017]",0,-1
3039,[0.17595533 0.60983131],23,80,"[0.15990270049190128, 0.5986117043755352]",0,40
3040,[0.27990464 0.33308598],22,7,"[0.3321936611977011, 0.34293111744375654]",0,-1
3041,[0.75623553 0.51026828],87,32,"[0.7786163905873836, 0.5211842185039978]",0,-1
3042,[0.25282138 0.3683909 ],9,19,"[0.2847353251184853, 0.39005308479636985]",0,71
3043,[0.71470796 0.41900739],91,4,"[0.7100353299176262, 0.3875574879176719]",0,-1
3044,[0.42146948 0.3341808 ],55,6,"[0.40678448596985844, 0.34277371919698396]",0,-1
3045,[0.54667741 0.43052549],29,75,"[0.5172236746686562, 0.4443369127615434]",0,-1
3046,[0.29595208 0.79828026],31,26,"[0.2731213809151105, 0.8295374863795931]",0,46
3047,[0.20092779 0.28751878],11,38,"[0.18350109397176653, 0.31916714902230253]",0,-1
3048,[0.51589204 0.8881522 ],78,18,"[0.527398606849523, 0.8662745321442044]",0,-1
3049,[0.50023341 0.80922004],79,16,"[0.45898902168994016, 0.8115000101692392]",0,38
3050,[0.5805851  0.48298888],77,68,"[0.6059400326152605, 0.4534475926518635]",0,-1
3051,[0.23756321 0.60187018],17,39,"[0.2596202559688416, 0.6257540185994204]",0,-1
3052,[0.67054013 0.21725479],89,35,"[0.6545605605339905, 0.22500987532438183]",0,5
3053,[0.8151672  0.50268934],83,13,"[0.843760744736157, 0.5166552078676889]",0,17
3054,[0.16503612 0.7729324 ],0,43,"[0.15465866632935668, 0.7523522483084468]",0,51
3055,[0.52070751 0.14317714],33,56,"[0.4908116515444846, 0.16632592191374188]",0,-1
3056,[0.76479441 0.4089144 ],50,15,"[0.7558016368645127, 0.4462797814247812]",0,21
3057,[0.13247432 0.16458358],32,81,"[0.13426292668090453, 0.163935928071412]",0,-1
3058,[0.61269336 0.4017958 ],29,10,"[0.6398799516193626, 0.38844091859549007]",0,-1
3059,[0.38376671 0.39008483],64,1,"[0.3572487842659222, 0.41922446128046986]",0,89
3060,[0.55354344 0.73216004],60,46,"[0.5435344637313357, 0.7795756563374607]",0,-1
3061,[0.82799201 0.76224942],62,63,"[0.7856877410353075, 0.7534945903126699]",0,13
3062,[0.57273647 0.46757175],77,68,"[0.6059400326152605, 0.4534475926518635]",0,-1
3063,[0.28515699 0.82694396],31,26,"[0.2731213809151105, 0.8295374863795931]",0,-1
3064,[0.19280525 0.6841462 ],39,45,"[0.19601325606017345, 0.667358514260268]",0,-1
3065,[0.28718797 0.87709881],31,26,"[0.2731213809151105, 0.8295374863795931]",0,-1
3066,[0.21690439 0.79747533],65,69,"[0.18889864315739, 0.8195957758801673]",0,49
3067,[0.22570352 0.50204363],97,28,"[0.2520846559803125, 0.4621952512240386]",0,-1
3068,[0.3406875  0.20383588],47,27,"[0.29001319373773415, 0.21087702736570366]",0,-1
3069,[0.53197048 0.62092356],82,5,"[0.54876158375065, 0.6433749135954844]",0,88
3070,[0.15454368 0.59569274],23,80,"[0.15990270049190128, 0.5986117043755352]",0,-1
3071,[0.40467927 0.27414056],52,21,"[0.3571400957876323, 0.26942599959136726]",0,-1
3072,[0.51091073 0.67895343],6,37,"[0.47348968360582744, 0.7125916710309903]",0,-1
3073,[0.89164556 0.78710017],85,93,"[0.9128525281281048, 0.8015861505597924]",0,-1
3074,[0.3507917  0.37172969],92,7,"[0.3321936611977011, 0.34293111744375654]",0,89
3075,[0.11001431 0.4351088 ],26,51,"[0.1508950301577577, 0.45723062251398755]",0,-1
3076,[0.19101536 0.76398185],16,11,"[0.22353793679767786, 0.7478364040140648]",0,57
3077,[0.47240547 0.59456797],41,2,"[0.4675886295436634, 0.6021765353351279]",0,-1
3078,[0.72395943 0.80510361],46,48,"[0.7803433920128066, 0.8205948599681767]",0,-1
3079,[0.13658772 0.55644818],17,77,"[0.10737865443478777, 0.5291217341624451]",0,-1
3080,[0.75457098 0.37873954],2,22,"[0.757272224425649, 0.33905999717339425]",0,21
3081,[0.41027008 0.66717608],90,0,"[0.4226395002574949, 0.6460584349087278]",0,88
3082,[0.6827248  0.54839316],49,53,"[0.6955018555560987, 0.5389599645427405]",0,-1
3083,[0.59114106 0.78544007],79,14,"[0.6208537257023621, 0.8045775614928529]",0,-1
3084,[0.14151236 0.14732067],32,81,"[0.13426292668090453, 0.163935928071412]",0,-1
3085,[0.49688204 0.87878727],93,18,"[0.527398606849523, 0.8662745321442044]",0,-1
3086,[0.63428133 0.326627  ],2,3,"[0.6759399092328674, 0.32128183561871837]",0,-1
3087,[0.80974744 0.48950586],43,8,"[0.8210079602672482, 0.4506152114933381]",0,17
3088,[0.5028754  0.81225067],93,16,"[0.45898902168994016, 0.8115000101692392]",0,-1
3089,[0.4678997  0.01744192],33,-1,-1,-1,-1
3090,[0.28966744 0.81556845],48,26,"[0.2731213809151105, 0.8295374863795931]",0,46
3091,[0.72274438 0.33616869],87,22,"[0.757272224425649, 0.33905999717339425]",0,21
3092,[0.83307406 0.39426838],50,25,"[0.8211120104597844, 0.37574618786089475]",0,17
3093,[0.65956822 0.22499201],95,35,"[0.6545605605339905, 0.22500987532438183]",0,6
3094,[0.79243233 0.84701867],85,48,"[0.7803433920128066, 0.8205948599681767]",0,-1
3095,[0.58267074 0.89888776],60,82,"[0.6132420785222222, 0.8710652413331001]",0,-1
3096,[0.44977854 0.4114925 ],64,42,"[0.47090413605197745, 0.3706753216883814]",0,-1
3097,[0.23264247 0.55120615],17,44,"[0.1912270592870895, 0.5359549801185394]",0,-1
3098,[0.81115146 0.48595912],28,8,"[0.8210079602672482, 0.4506152114933381]",0,17
3099,[0.30817125 0.41770365],14,19,"[0.2847353251184853, 0.39005308479636985]",0,-1
3100,[0.54304302 0.76840612],72,46,"[0.5435344637313357, 0.7795756563374607]",0,26
3101,[0.35018087 0.30283206],42,21,"[0.3571400957876323, 0.26942599959136726]",0,75
3102,[0.45364424 0.62600023],6,2,"[0.4675886295436634, 0.6021765353351279]",0,88
3103,[0.345114   0.23638795],25,21,"[0.3571400957876323, 0.26942599959136726]",0,-1
3104,[0.69780506 0.44081828],61,65,"[0.6636957553845171, 0.46135824588144125]",0,-1
3105,[0.40081444 0.62238894],90,0,"[0.4226395002574949, 0.6460584349087278]",0,88
3106,[0.18637539 0.63426561],18,45,"[0.19601325606017345, 0.667358514260268]",0,40
3107,[0.70643221 0.74846938],46,60,"[0.7001338409322506, 0.7409401695756385]",0,-1
3108,[0.23695961 0.268364  ],5,24,"[0.23531691667485555, 0.27209662123665185]",0,-1
3109,[0.4676934  0.55674436],69,40,"[0.4758590512403852, 0.5317248607280546]",0,-1
3110,[0.65442726 0.41862822],61,10,"[0.6398799516193626, 0.38844091859549007]",0,21
3111,[0.75317819 0.2618083 ],54,55,"[0.7305076164562052, 0.2580112669411776]",0,-1
3112,[0.62464729 0.58959908],37,9,"[0.6184830434267037, 0.586333469678524]",0,-1
3113,[0.82795291 0.50246785],83,13,"[0.843760744736157, 0.5166552078676889]",0,17
3114,[0.48414296 0.58471072],90,2,"[0.4675886295436634, 0.6021765353351279]",0,88
3115,[0.29267865 0.21379184],58,27,"[0.29001319373773415, 0.21087702736570366]",0,-1
3116,[0.3850777  0.28179991],55,21,"[0.3571400957876323, 0.26942599959136726]",0,-1
3117,[0.38361992 0.84269006],78,54,"[0.36959478636682913, 0.8084550989826409]",0,-1
3118,[0.56129001 0.81315991],60,46,"[0.5435344637313357, 0.7795756563374607]",0,-1
3119,[0.33726613 0.42497172],14,1,"[0.3572487842659222, 0.41922446128046986]",0,-1
3120,[0.68191857 0.51623126],49,53,"[0.6955018555560987, 0.5389599645427405]",0,-1
3121,[0.47936999 0.15635835],73,56,"[0.4908116515444846, 0.16632592191374188]",0,-1
3122,[0.30396676 0.41971081],22,19,"[0.2847353251184853, 0.39005308479636985]",0,-1
3123,[0.36142609 0.30506171],42,21,"[0.3571400957876323, 0.26942599959136726]",0,-1
3124,[0.83122885 0.49577233],87,13,"[0.843760744736157, 0.5166552078676889]",0,17
3125,[0.76333245 0.33907581],68,22,"[0.757272224425649, 0.33905999717339425]",0,-1
3126,[0.25340836 0.24775751],5,24,"[0.23531691667485555, 0.27209662123665185]",0,65
3127,[0.85350536 0.52980462],63,13,"[0.843760744736157, 0.5166552078676889]",0,17
3128,[0.26292792 0.88529081],48,97,"[0.2279904617185373, 0.9146376924080816]",0,-1
3129,[0.82076125 0.18491992],36,78,"[0.7951539755354653, 0.19004804298167233]",0,-1
3130,[0.24193366 0.61920799],23,39,"[0.2596202559688416, 0.6257540185994204]",0,-1
3131,[0.76599737 0.37236423],40,22,"[0.757272224425649, 0.33905999717339425]",0,-1
3132,[0.18288809 0.17530424],10,33,"[0.1898538969523832, 0.20289106741831933]",0,48
3133,[0.77181226 0.53697015],28,32,"[0.7786163905873836, 0.5211842185039978]",0,17
3134,[0.24312225 0.67751435],23,45,"[0.19601325606017345, 0.667358514260268]",0,53
3135,[0.60252579 0.66945101],70,76,"[0.6483290776065068, 0.6569295539328516]",0,-1
3136,[0.63184345 0.34842907],40,10,"[0.6398799516193626, 0.38844091859549007]",0,19
3137,[0.51078781 0.35926303],4,42,"[0.47090413605197745, 0.3706753216883814]",0,-1
3138,[0.23118706 0.65883219],23,45,"[0.19601325606017345, 0.667358514260268]",0,52
3139,[0.27098245 0.63678405],23,39,"[0.2596202559688416, 0.6257540185994204]",0,52
3140,[0.22459872 0.79045116],0,11,"[0.22353793679767786, 0.7478364040140648]",0,49
3141,[0.61473416 0.87664889],72,82,"[0.6132420785222222, 0.8710652413331001]",0,-1
3142,[0.16698084 0.7438619 ],65,43,"[0.15465866632935668, 0.7523522483084468]",0,-1
3143,[0.57081737 0.64238791],37,5,"[0.54876158375065, 0.6433749135954844]",0,-1
3144,[0.31170147 0.43324341],1,1,"[0.3572487842659222, 0.41922446128046986]",0,-1
3145,[0.39826757 0.63890953],76,0,"[0.4226395002574949, 0.6460584349087278]",0,88
3146,[0.73355441 0.43926715],40,15,"[0.7558016368645127, 0.4462797814247812]",0,-1
3147,[0.4568593  0.17794779],73,56,"[0.4908116515444846, 0.16632592191374188]",0,34
3148,[0.79445383 0.78596354],62,63,"[0.7856877410353075, 0.7534945903126699]",0,12
3149,[0.50655823 0.76478712],70,46,"[0.5435344637313357, 0.7795756563374607]",0,-1
3150,[0.88056073 0.43223042],43,62,"[0.8921140984845523, 0.4428581583396137]",0,-1
3151,[0.8395239  0.61431409],63,47,"[0.8091525442233867, 0.6013457413252116]",0,-1
3152,[0.56256497 0.67066453],75,5,"[0.54876158375065, 0.6433749135954844]",0,88
3153,[0.7543108  0.33790498],54,22,"[0.757272224425649, 0.33905999717339425]",0,-1
3154,[0.43235067 0.6538237 ],6,0,"[0.4226395002574949, 0.6460584349087278]",0,88
3155,[0.49350342 0.82752136],93,16,"[0.45898902168994016, 0.8115000101692392]",0,-1
3156,[0.52650738 0.58442826],41,20,"[0.5371890084085489, 0.5739528596094324]",0,88
3157,[0.24398431 0.26249572],25,24,"[0.23531691667485555, 0.27209662123665185]",0,-1
3158,[0.46720209 0.55776026],69,40,"[0.4758590512403852, 0.5317248607280546]",0,-1
3159,[0.65043269 0.75697836],70,57,"[0.6165364982648931, 0.7310583472769618]",0,-1
3160,[0.78846789 0.84277451],96,48,"[0.7803433920128066, 0.8205948599681767]",0,-1
3161,[0.18261636 0.21899928],5,33,"[0.1898538969523832, 0.20289106741831933]",0,67
3162,[0.16742017 0.52241402],97,44,"[0.1912270592870895, 0.5359549801185394]",0,44
3163,[0.71478603 0.42075604],2,4,"[0.7100353299176262, 0.3875574879176719]",0,-1
3164,[0.53110153 0.75812537],79,46,"[0.5435344637313357, 0.7795756563374607]",0,-1
3165,[0.81981538 0.40741661],30,25,"[0.8211120104597844, 0.37574618786089475]",0,17
3166,[0.40545904 0.25734073],55,21,"[0.3571400957876323, 0.26942599959136726]",0,-1
3167,[0.37411627 0.35749039],42,6,"[0.40678448596985844, 0.34277371919698396]",0,89
3168,[0.33436123 0.79406292],56,54,"[0.36959478636682913, 0.8084550989826409]",0,-1
3169,[0.80057057 0.36676849],66,25,"[0.8211120104597844, 0.37574618786089475]",0,-1
3170,[0.31236093 0.79327236],48,26,"[0.2731213809151105, 0.8295374863795931]",0,-1
3171,[0.58534462 0.51660919],13,29,"[0.5812618174713859, 0.5240123764686471]",0,-1
3172,[0.28026445 0.25274924],58,27,"[0.29001319373773415, 0.21087702736570366]",0,-1
3173,[0.82946365 0.49326777],27,13,"[0.843760744736157, 0.5166552078676889]",0,17
3174,[0.21079025 0.35521658],9,23,"[0.2032497039719594, 0.393824370774819]",0,62
3175,[0.3073334  0.54040485],20,-1,-1,0,-1
3176,[0.41473193 0.13936394],73,74,"[0.4464145664830302, 0.11749079524673668]",0,33
3177,[0.48138202 0.67851543],94,37,"[0.47348968360582744, 0.7125916710309903]",0,-1
3178,[0.72929831 0.19269348],95,70,"[0.6986975952159088, 0.16842470592263856]",0,-1
3179,[0.24719316 0.64553113],51,39,"[0.2596202559688416, 0.6257540185994204]",0,52
3180,[0.63039604 0.2350407 ],86,35,"[0.6545605605339905, 0.22500987532438183]",0,-1
3181,[0.41095751 0.56528425],82,50,"[0.3898476181838421, 0.5216929572274273]",0,79
3182,[0.48835377 0.53722766],12,40,"[0.4758590512403852, 0.5317248607280546]",0,-1
3183,[0.30080576 0.66768297],51,12,"[0.2822438507480652, 0.7105313788319401]",0,-1
3184,[0.53782938 0.4050585 ],67,73,"[0.5684491373659465, 0.3759776977620393]",0,-1
3185,[0.35299902 0.74823588],78,58,"[0.37887936110594184, 0.7334391897891285]",0,-1
3186,[0.42919864 0.71217959],94,37,"[0.47348968360582744, 0.7125916710309903]",0,47
3187,[0.68532943 0.37212575],2,4,"[0.7100353299176262, 0.3875574879176719]",0,21
3188,[0.38621854 0.12401525],73,49,"[0.35418448506576955, 0.14329850428612353]",0,-1
3189,[0.26619229 0.63926638],51,39,"[0.2596202559688416, 0.6257540185994204]",0,52
3190,[0.47877719 0.7080247 ],6,37,"[0.47348968360582744, 0.7125916710309903]",0,-1
3191,[0.44479254 0.42657903],4,17,"[0.4108830354862289, 0.4435508998593477]",0,-1
3192,[0.80752768 0.45675216],43,8,"[0.8210079602672482, 0.4506152114933381]",0,17
3193,[0.41090948 0.41271578],92,17,"[0.4108830354862289, 0.4435508998593477]",0,89
3194,[0.71501013 0.14301602],95,70,"[0.6986975952159088, 0.16842470592263856]",0,-1
3195,[0.49116162 0.90256496],93,18,"[0.527398606849523, 0.8662745321442044]",0,-1
3196,[0.17883715 0.33819065],53,38,"[0.18350109397176653, 0.31916714902230253]",0,-1
3197,[0.51093929 0.46887872],7,75,"[0.5172236746686562, 0.4443369127615434]",0,-1
3198,[0.46433111 0.15355394],84,56,"[0.4908116515444846, 0.16632592191374188]",0,-1
3199,[0.44034417 0.78931667],56,16,"[0.45898902168994016, 0.8115000101692392]",0,-1
3200,[0.59945028 0.52169013],37,29,"[0.5812618174713859, 0.5240123764686471]",0,-1
3201,[0.87836626 0.55903332],63,59,"[0.8763268698051316, 0.579199170331017]",0,-1
3202,[0.7065072  0.50867131],28,53,"[0.6955018555560987, 0.5389599645427405]",0,-1
3203,[0.67236895 0.32502988],68,3,"[0.6759399092328674, 0.32128183561871837]",0,21
3204,[0.76679351 0.75337267],62,63,"[0.7856877410353075, 0.7534945903126699]",0,-1
3205,[0.25511444 0.64724029],19,39,"[0.2596202559688416, 0.6257540185994204]",0,52
3206,[0.78129667 0.2452133 ],91,55,"[0.7305076164562052, 0.2580112669411776]",0,-1
3207,[0.88893968 0.90385184],21,87,"[0.8925149589987491, 0.8617277435613537]",0,-1
3208,[0.4659612  0.21142425],73,34,"[0.47832967363307105, 0.25654673669797673]",0,-1
3209,[0.6755343  0.57693568],35,53,"[0.6955018555560987, 0.5389599645427405]",0,-1
3210,[0.2612305  0.20405449],58,27,"[0.29001319373773415, 0.21087702736570366]",0,-1
3211,[0.84350936 0.4264351 ],30,8,"[0.8210079602672482, 0.4506152114933381]",0,17
3212,[0.25531825 0.24377568],5,24,"[0.23531691667485555, 0.27209662123665185]",0,-1
3213,[0.84767081 0.51721155],28,13,"[0.843760744736157, 0.5166552078676889]",0,17
3214,[0.1545179  0.95676488],0,-1,-1,-1,-1
3215,[0.10797259 0.53914461],98,77,"[0.10737865443478777, 0.5291217341624451]",0,24
3216,[0.84026646 0.20462765],36,88,"[0.8567588921418147, 0.17457306337920828]",0,0
3217,[0.53839783 0.83627427],72,18,"[0.527398606849523, 0.8662745321442044]",0,37
3218,[0.50210225 0.53590326],69,40,"[0.4758590512403852, 0.5317248607280546]",0,-1
3219,[0.35219182 0.37035096],8,7,"[0.3321936611977011, 0.34293111744375654]",0,89
3220,[0.12183537 0.84367251],0,86,"[0.11333449837233942, 0.8035791769910723]",0,-1
3221,[0.40759382 0.71567943],15,58,"[0.37887936110594184, 0.7334391897891285]",0,-1
3222,[0.61280328 0.78984667],79,14,"[0.6208537257023621, 0.8045775614928529]",0,-1
3223,[0.23730973 0.7548002 ],31,11,"[0.22353793679767786, 0.7478364040140648]",0,-1
3224,[0.86633099 0.81661142],85,41,"[0.8492841799095646, 0.8019622424543851]",0,-1
3225,[0.38185733 0.79680682],56,54,"[0.36959478636682913, 0.8084550989826409]",0,23
3226,[0.3968373  0.37524131],38,6,"[0.40678448596985844, 0.34277371919698396]",0,89
3227,[0.42298263 0.58151388],15,2,"[0.4675886295436634, 0.6021765353351279]",0,-1
3228,[0.80824903 0.55345219],27,32,"[0.7786163905873836, 0.5211842185039978]",0,14
3229,[0.49089094 0.56965119],69,2,"[0.4675886295436634, 0.6021765353351279]",0,88
3230,[0.57731524 0.58121225],37,20,"[0.5371890084085489, 0.5739528596094324]",0,88
3231,[0.18234141 0.2566125 ],11,84,"[0.1433957510634753, 0.2579081432754369]",0,-1
3232,[0.61717973 0.53304802],34,29,"[0.5812618174713859, 0.5240123764686471]",0,-1
3233,[0.8406433  0.48750654],83,13,"[0.843760744736157, 0.5166552078676889]",0,17
3234,[0.81131869 0.82790475],96,48,"[0.7803433920128066, 0.8205948599681767]",0,13
3235,[0.40677425 0.40018449],92,17,"[0.4108830354862289, 0.4435508998593477]",0,89
3236,[0.18201735 0.67712226],23,45,"[0.19601325606017345, 0.667358514260268]",0,-1
3237,[0.48114018 0.1720605 ],84,56,"[0.4908116515444846, 0.16632592191374188]",0,-1
3238,[0.16582042 0.82224087],31,69,"[0.18889864315739, 0.8195957758801673]",0,-1
3239,[0.73534829 0.1962232 ],95,70,"[0.6986975952159088, 0.16842470592263856]",0,-1
3240,[0.59840098 0.52046655],13,29,"[0.5812618174713859, 0.5240123764686471]",0,-1
3241,[0.35883194 0.40049663],64,1,"[0.3572487842659222, 0.41922446128046986]",0,89
3242,[0.67897301 0.48073949],34,65,"[0.6636957553845171, 0.46135824588144125]",0,-1
3243,[0.54627356 0.77687913],70,46,"[0.5435344637313357, 0.7795756563374607]",0,26
3244,[0.25318333 0.3074872 ],32,24,"[0.23531691667485555, 0.27209662123665185]",0,-1
3245,[0.36962835 0.60497156],69,30,"[0.36820757824267275, 0.5891561499462349]",0,-1
3246,[0.66907622 0.39212027],2,10,"[0.6398799516193626, 0.38844091859549007]",0,21
3247,[0.27904623 0.26700984],58,24,"[0.23531691667485555, 0.27209662123665185]",0,-1
3248,[0.6764287  0.60431696],35,72,"[0.7259305706267937, 0.621464812471517]",0,-1
3249,[0.32644995 0.46936804],64,1,"[0.3572487842659222, 0.41922446128046986]",0,-1
3250,[0.69238249 0.40415337],68,4,"[0.7100353299176262, 0.3875574879176719]",0,21
3251,[0.45941702 0.22928982],33,34,"[0.47832967363307105, 0.25654673669797673]",0,-1
3252,[0.14689048 0.79128341],0,86,"[0.11333449837233942, 0.8035791769910723]",0,-1
3253,[0.34510264 0.64795882],6,36,"[0.3536068858323266, 0.6613822308481206]",0,-1
3254,[0.65009101 0.44112426],29,65,"[0.6636957553845171, 0.46135824588144125]",0,-1
3255,[0.33843408 0.26524842],47,21,"[0.3571400957876323, 0.26942599959136726]",0,75
3256,[0.20014922 0.47947721],97,51,"[0.1508950301577577, 0.45723062251398755]",0,-1
3257,[0.17811751 0.53881356],17,44,"[0.1912270592870895, 0.5359549801185394]",0,44
3258,[0.34599422 0.81506161],78,54,"[0.36959478636682913, 0.8084550989826409]",0,-1
3259,[0.23664238 0.3834329 ],9,23,"[0.2032497039719594, 0.393824370774819]",0,73
3260,[0.36134692 0.56344739],20,30,"[0.36820757824267275, 0.5891561499462349]",0,-1
3261,[0.52639819 0.63687097],41,5,"[0.54876158375065, 0.6433749135954844]",0,-1
3262,[0.61470058 0.64879265],35,76,"[0.6483290776065068, 0.6569295539328516]",0,-1
3263,[0.45920525 0.74804284],56,37,"[0.47348968360582744, 0.7125916710309903]",0,-1
3264,[0.66434361 0.71372595],46,60,"[0.7001338409322506, 0.7409401695756385]",0,-1
3265,[0.37650563 0.90139312],48,67,"[0.37743107737986015, 0.883213849264441]",0,-1
3266,[0.79173274 0.33347416],54,22,"[0.757272224425649, 0.33905999717339425]",0,-1
3267,[0.37584936 0.14266622],57,49,"[0.35418448506576955, 0.14329850428612353]",0,-1
3268,[0.31014332 0.21011654],73,27,"[0.29001319373773415, 0.21087702736570366]",0,59
3269,[0.86385316 0.48994135],83,13,"[0.843760744736157, 0.5166552078676889]",0,-1
3270,[0.3648431 0.4270152],64,1,"[0.3572487842659222, 0.41922446128046986]",0,-1
3271,[0.44625399 0.38964361],92,42,"[0.47090413605197745, 0.3706753216883814]",0,58
3272,[0.23522371 0.70352752],18,11,"[0.22353793679767786, 0.7478364040140648]",0,-1
3273,[0.4903775  0.13952505],84,56,"[0.4908116515444846, 0.16632592191374188]",0,-1
3274,[0.17476853 0.37592852],44,23,"[0.2032497039719594, 0.393824370774819]",0,-1
3275,[0.45865838 0.80407261],78,16,"[0.45898902168994016, 0.8115000101692392]",0,39
3276,[0.66976577 0.37516046],61,10,"[0.6398799516193626, 0.38844091859549007]",0,21
3277,[0.24414428 0.55579117],9,44,"[0.1912270592870895, 0.5359549801185394]",0,-1
3278,[0.33870453 0.45669559],92,1,"[0.3572487842659222, 0.41922446128046986]",0,78
3279,[0.17440858 0.71869967],39,43,"[0.15465866632935668, 0.7523522483084468]",0,-1
3280,[0.45691814 0.43279242],8,17,"[0.4108830354862289, 0.4435508998593477]",0,-1
3281,[0.64421068 0.60147028],13,9,"[0.6184830434267037, 0.586333469678524]",0,76
3282,[0.394176   0.37487682],1,6,"[0.40678448596985844, 0.34277371919698396]",0,89
3283,[0.50815502 0.55819105],7,20,"[0.5371890084085489, 0.5739528596094324]",0,88
3284,[0.15488125 0.20252998],11,33,"[0.1898538969523832, 0.20289106741831933]",0,-1
3285,[0.12980816 0.69981527],39,90,"[0.11769418158886381, 0.6663972759552037]",0,-1
3286,[0.22187136 0.71931659],65,11,"[0.22353793679767786, 0.7478364040140648]",0,-1
3287,[0.78193636 0.24479621],36,66,"[0.8238364342627095, 0.2773691959806487]",0,-1
3288,[0.45574085 0.64104009],12,0,"[0.4226395002574949, 0.6460584349087278]",0,88
3289,[0.28749958 0.19957406],25,27,"[0.29001319373773415, 0.21087702736570366]",0,-1
3290,[0.84053462 0.52109538],83,13,"[0.843760744736157, 0.5166552078676889]",0,17
3291,[0.23857485 0.39033498],22,23,"[0.2032497039719594, 0.393824370774819]",0,73
3292,[0.17317172 0.54336077],97,44,"[0.1912270592870895, 0.5359549801185394]",0,44
3293,[0.64941549 0.48463216],40,65,"[0.6636957553845171, 0.46135824588144125]",0,-1
3294,[0.23373884 0.62744873],23,39,"[0.2596202559688416, 0.6257540185994204]",0,-1
3295,[0.16644238 0.80157326],0,69,"[0.18889864315739, 0.8195957758801673]",0,-1
3296,[0.37642309 0.51906073],7,50,"[0.3898476181838421, 0.5216929572274273]",0,-1
3297,[0.14117597 0.59269593],17,80,"[0.15990270049190128, 0.5986117043755352]",0,-1
3298,[0.37487214 0.25073489],25,21,"[0.3571400957876323, 0.26942599959136726]",0,-1
3299,[0.25089967 0.61138387],51,39,"[0.2596202559688416, 0.6257540185994204]",0,-1
3300,[0.24007868 0.78426114],31,11,"[0.22353793679767786, 0.7478364040140648]",0,-1
3301,[0.25620303 0.46123565],9,28,"[0.2520846559803125, 0.4621952512240386]",0,-1
3302,[0.19848324 0.14566358],32,52,"[0.2294764018471187, 0.143723856671554]",0,-1
3303,[0.25241383 0.36786269],9,19,"[0.2847353251184853, 0.39005308479636985]",0,71
3304,[0.77442334 0.31538353],91,22,"[0.757272224425649, 0.33905999717339425]",0,-1
3305,[0.73767857 0.21631424],95,55,"[0.7305076164562052, 0.2580112669411776]",0,-1
3306,[0.0940227  0.54284092],98,77,"[0.10737865443478777, 0.5291217341624451]",0,-1
3307,[0.59660321 0.59677803],49,9,"[0.6184830434267037, 0.586333469678524]",0,87
3308,[0.13558783 0.30219313],53,84,"[0.1433957510634753, 0.2579081432754369]",0,-1
3309,[0.97313263 0.49197508],63,92,"[0.9291777218511399, 0.5053403904093751]",-1,-1
3310,[0.74497473 0.31244342],80,22,"[0.757272224425649, 0.33905999717339425]",0,-1
3311,[0.85555312 0.45787443],43,8,"[0.8210079602672482, 0.4506152114933381]",0,17
3312,[0.63679369 0.40242162],71,10,"[0.6398799516193626, 0.38844091859549007]",0,21
3313,[0.37972808 0.50588236],64,50,"[0.3898476181838421, 0.5216929572274273]",0,-1
3314,[0.74836302 0.42971802],68,15,"[0.7558016368645127, 0.4462797814247812]",0,-1
3315,[0.63629907 0.59822529],74,9,"[0.6184830434267037, 0.586333469678524]",0,76
3316,[0.40602539 0.77309369],94,58,"[0.37887936110594184, 0.7334391897891285]",0,-1
3317,[0.78189391 0.44348194],68,15,"[0.7558016368645127, 0.4462797814247812]",0,17
3318,[0.46315004 0.62308535],6,2,"[0.4675886295436634, 0.6021765353351279]",0,-1
3319,[0.76103138 0.49221228],87,32,"[0.7786163905873836, 0.5211842185039978]",0,-1
3320,[0.5419825  0.79165926],93,46,"[0.5435344637313357, 0.7795756563374607]",0,-1
3321,[0.30971879 0.45975194],9,28,"[0.2520846559803125, 0.4621952512240386]",0,-1
3322,[0.73573506 0.40230345],3,4,"[0.7100353299176262, 0.3875574879176719]",0,-1
3323,[0.73459508 0.32809902],2,22,"[0.757272224425649, 0.33905999717339425]",0,-1
3324,[0.17958381 0.31307324],11,38,"[0.18350109397176653, 0.31916714902230253]",0,61
3325,[0.57910209 0.48740939],37,29,"[0.5812618174713859, 0.5240123764686471]",0,-1
3326,[0.31402376 0.22996517],73,27,"[0.29001319373773415, 0.21087702736570366]",0,-1
3327,[0.52583758 0.4091742 ],4,75,"[0.5172236746686562, 0.4443369127615434]",0,-1
3328,[0.89140335 0.40193159],50,62,"[0.8921140984845523, 0.4428581583396137]",0,-1
3329,[0.29246698 0.64394777],20,39,"[0.2596202559688416, 0.6257540185994204]",0,-1
3330,[0.90818716 0.52525064],83,92,"[0.9291777218511399, 0.5053403904093751]",0,-1
3331,[0.6749784  0.34856725],61,3,"[0.6759399092328674, 0.32128183561871837]",0,21
3332,[0.48751468 0.57710626],82,2,"[0.4675886295436634, 0.6021765353351279]",0,88
3333,[0.76746431 0.47768848],87,15,"[0.7558016368645127, 0.4462797814247812]",0,17
3334,[0.63496833 0.67671913],46,76,"[0.6483290776065068, 0.6569295539328516]",0,-1
3335,[0.69751768 0.37560221],40,4,"[0.7100353299176262, 0.3875574879176719]",0,21
3336,[0.62833705 0.80760882],72,14,"[0.6208537257023621, 0.8045775614928529]",0,42
3337,[0.5217974  0.46633684],77,75,"[0.5172236746686562, 0.4443369127615434]",0,-1
3338,[0.44313565 0.1176536 ],84,74,"[0.4464145664830302, 0.11749079524673668]",0,-1
3339,[0.31523488 0.43227392],9,1,"[0.3572487842659222, 0.41922446128046986]",0,-1
3340,[0.73282087 0.45826413],61,15,"[0.7558016368645127, 0.4462797814247812]",0,-1
3341,[0.30131993 0.85296323],48,26,"[0.2731213809151105, 0.8295374863795931]",0,-1
3342,[0.81917337 0.88527491],85,79,"[0.8263954992254994, 0.8681441505941476]",0,-1
3343,[0.43970017 0.62610881],15,0,"[0.4226395002574949, 0.6460584349087278]",0,88
3344,[0.18734135 0.34045674],53,38,"[0.18350109397176653, 0.31916714902230253]",0,-1
3345,[0.44770692 0.21814197],52,31,"[0.4191189173246286, 0.19329258812229377]",0,34
3346,[0.24173459 0.69676047],16,12,"[0.2822438507480652, 0.7105313788319401]",0,53
3347,[0.3725744  0.28845949],47,21,"[0.3571400957876323, 0.26942599959136726]",0,-1
3348,[0.301209   0.81002946],31,26,"[0.2731213809151105, 0.8295374863795931]",0,46
3349,[0.52921724 0.49632403],41,75,"[0.5172236746686562, 0.4443369127615434]",0,-1
3350,[0.44448645 0.82120779],94,16,"[0.45898902168994016, 0.8115000101692392]",0,-1
3351,[0.50051581 0.32462937],55,42,"[0.47090413605197745, 0.3706753216883814]",0,-1
3352,[0.38869411 0.92848352],48,67,"[0.37743107737986015, 0.883213849264441]",0,-1
3353,[0.59765721 0.26131112],86,64,"[0.594073349455653, 0.28354489837534175]",0,-1
3354,[0.13106805 0.72866866],65,43,"[0.15465866632935668, 0.7523522483084468]",0,-1
3355,[0.33115662 0.29924465],47,21,"[0.3571400957876323, 0.26942599959136726]",0,-1
3356,[0.31671177 0.16250379],10,49,"[0.35418448506576955, 0.14329850428612353]",0,-1
3357,[0.66401926 0.5876227 ],74,9,"[0.6184830434267037, 0.586333469678524]",0,-1
3358,[0.53323563 0.57842291],41,20,"[0.5371890084085489, 0.5739528596094324]",0,-1
3359,[0.67764013 0.20975472],89,35,"[0.6545605605339905, 0.22500987532438183]",0,5
3360,[0.44668592 0.16830411],84,31,"[0.4191189173246286, 0.19329258812229377]",0,34
3361,[0.37052316 0.79529578],94,54,"[0.36959478636682913, 0.8084550989826409]",0,23
3362,[0.58490989 0.4845159 ],34,68,"[0.6059400326152605, 0.4534475926518635]",0,-1
3363,[0.74138716 0.36053045],40,22,"[0.757272224425649, 0.33905999717339425]",0,21
3364,[0.33408862 0.71851279],51,58,"[0.37887936110594184, 0.7334391897891285]",0,-1
3365,[0.47116872 0.5715016 ],69,2,"[0.4675886295436634, 0.6021765353351279]",0,88
3366,[0.64676685 0.49710751],49,65,"[0.6636957553845171, 0.46135824588144125]",0,-1
3367,[0.12644356 0.83483866],0,86,"[0.11333449837233942, 0.8035791769910723]",0,-1
3368,[0.7462909  0.37336471],91,22,"[0.757272224425649, 0.33905999717339425]",0,21
3369,[0.68331381 0.33925042],40,3,"[0.6759399092328674, 0.32128183561871837]",0,21
3370,[0.6981236  0.32301132],71,3,"[0.6759399092328674, 0.32128183561871837]",0,-1
3371,[0.42846184 0.54229837],69,50,"[0.3898476181838421, 0.5216929572274273]",0,-1
3372,[0.43297596 0.6524954 ],90,0,"[0.4226395002574949, 0.6460584349087278]",0,88
3373,[0.83395674 0.40087807],50,25,"[0.8211120104597844, 0.37574618786089475]",0,17
3374,[0.13658838 0.48294837],98,51,"[0.1508950301577577, 0.45723062251398755]",0,-1
3375,[0.19871054 0.79911548],59,69,"[0.18889864315739, 0.8195957758801673]",0,-1
3376,[0.40433623 0.29386115],67,6,"[0.40678448596985844, 0.34277371919698396]",0,-1
3377,[0.18482186 0.25598428],11,84,"[0.1433957510634753, 0.2579081432754369]",0,-1
3378,[0.09631168 0.62256101],17,90,"[0.11769418158886381, 0.6663972759552037]",-1,-1
3379,[0.53915326 0.1979675 ],52,61,"[0.5821749572804258, 0.2185848836493384]",0,-1
3380,[0.91078462 0.55281987],63,59,"[0.8763268698051316, 0.579199170331017]",0,-1
3381,[0.41041572 0.35521326],92,6,"[0.40678448596985844, 0.34277371919698396]",0,-1
3382,[0.69817705 0.55726343],35,53,"[0.6955018555560987, 0.5389599645427405]",0,-1
3383,[0.17511744 0.35655963],44,38,"[0.18350109397176653, 0.31916714902230253]",0,-1
3384,[0.49710588 0.5209389 ],41,40,"[0.4758590512403852, 0.5317248607280546]",0,-1
3385,[0.48474148 0.61957294],7,2,"[0.4675886295436634, 0.6021765353351279]",0,-1
3386,[0.7120151  0.18342833],95,70,"[0.6986975952159088, 0.16842470592263856]",0,5
3387,[0.18923415 0.15130911],5,52,"[0.2294764018471187, 0.143723856671554]",0,48
3388,[0.38281348 0.20453783],84,31,"[0.4191189173246286, 0.19329258812229377]",0,-1
3389,[0.86538882 0.57598712],63,59,"[0.8763268698051316, 0.579199170331017]",0,-1
3390,[0.84028042 0.37846962],50,25,"[0.8211120104597844, 0.37574618786089475]",0,17
3391,[0.41303397 0.70925065],82,58,"[0.37887936110594184, 0.7334391897891285]",0,-1
3392,[0.09637523 0.49990522],26,77,"[0.10737865443478777, 0.5291217341624451]",0,-1
3393,[0.41090235 0.36262699],67,6,"[0.40678448596985844, 0.34277371919698396]",0,-1
3394,[0.89794099 0.83881928],85,87,"[0.8925149589987491, 0.8617277435613537]",0,-1
3395,[0.72902665 0.26895575],89,55,"[0.7305076164562052, 0.2580112669411776]",0,-1
3396,[0.86620838 0.19105561],36,88,"[0.8567588921418147, 0.17457306337920828]",0,-1
3397,[0.59972937 0.52596179],77,29,"[0.5812618174713859, 0.5240123764686471]",0,-1
3398,[0.83231755 0.48526671],43,13,"[0.843760744736157, 0.5166552078676889]",0,17
3399,[0.25749622 0.64063771],23,39,"[0.2596202559688416, 0.6257540185994204]",0,52
3400,[0.56546076 0.42325823],4,73,"[0.5684491373659465, 0.3759776977620393]",0,-1
3401,[0.44199344 0.62143452],69,0,"[0.4226395002574949, 0.6460584349087278]",0,88
3402,[0.20408504 0.68334844],18,45,"[0.19601325606017345, 0.667358514260268]",0,53
3403,[0.59836384 0.52735093],37,29,"[0.5812618174713859, 0.5240123764686471]",0,-1
3404,[0.66795511 0.44629276],87,65,"[0.6636957553845171, 0.46135824588144125]",0,-1
3405,[0.92066243 0.68514316],21,-1,-1,-1,-1
3406,[0.21690128 0.69166217],51,45,"[0.19601325606017345, 0.667358514260268]",0,-1
3407,[0.89010794 0.2632187 ],80,66,"[0.8238364342627095, 0.2773691959806487]",-1,-1
3408,[0.76005776 0.39154707],2,4,"[0.7100353299176262, 0.3875574879176719]",0,-1
3409,[0.66603446 0.69020187],70,76,"[0.6483290776065068, 0.6569295539328516]",0,-1
3410,[0.65425512 0.77889108],24,14,"[0.6208537257023621, 0.8045775614928529]",0,-1
3411,[0.60498563 0.61525274],49,9,"[0.6184830434267037, 0.586333469678524]",0,-1
3412,[0.13517585 0.7591887 ],39,43,"[0.15465866632935668, 0.7523522483084468]",0,-1
3413,[0.38705543 0.61451328],90,30,"[0.36820757824267275, 0.5891561499462349]",0,-1
3414,[0.18727828 0.7162448 ],18,11,"[0.22353793679767786, 0.7478364040140648]",0,-1
3415,[0.40136381 0.28387537],55,21,"[0.3571400957876323, 0.26942599959136726]",0,-1
3416,[0.44039092 0.14497234],84,74,"[0.4464145664830302, 0.11749079524673668]",0,33
3417,[0.24974156 0.73201241],51,11,"[0.22353793679767786, 0.7478364040140648]",0,-1
3418,[0.29235198 0.70147685],16,12,"[0.2822438507480652, 0.7105313788319401]",0,54
3419,[0.48419591 0.18789494],33,56,"[0.4908116515444846, 0.16632592191374188]",0,-1
3420,[0.83689395 0.81869443],85,41,"[0.8492841799095646, 0.8019622424543851]",0,-1
3421,[0.38238334 0.26935864],42,21,"[0.3571400957876323, 0.26942599959136726]",0,-1
3422,[0.36262821 0.36284574],67,7,"[0.3321936611977011, 0.34293111744375654]",0,89
3423,[0.39974398 0.66474507],15,0,"[0.4226395002574949, 0.6460584349087278]",0,88
3424,[0.57280527 0.40139471],4,73,"[0.5684491373659465, 0.3759776977620393]",0,-1
3425,[0.34470947 0.42203763],14,1,"[0.3572487842659222, 0.41922446128046986]",0,-1
3426,[0.64241092 0.34014857],71,3,"[0.6759399092328674, 0.32128183561871837]",0,-1
3427,[0.24713908 0.40456184],9,19,"[0.2847353251184853, 0.39005308479636985]",0,74
3428,[0.8158673  0.28417004],80,66,"[0.8238364342627095, 0.2773691959806487]",0,-1
3429,[0.75161702 0.36884764],91,22,"[0.757272224425649, 0.33905999717339425]",0,21
3430,[0.56550334 0.66834792],75,5,"[0.54876158375065, 0.6433749135954844]",0,88
3431,[0.52326271 0.89077418],60,18,"[0.527398606849523, 0.8662745321442044]",0,-1
3432,[0.28389003 0.69799034],16,12,"[0.2822438507480652, 0.7105313788319401]",0,54
3433,[0.70509368 0.22763416],89,55,"[0.7305076164562052, 0.2580112669411776]",0,3
3434,[0.39009848 0.7673229 ],19,58,"[0.37887936110594184, 0.7334391897891285]",0,23
3435,[0.5019169  0.59962786],12,2,"[0.4675886295436634, 0.6021765353351279]",0,88
3436,[0.24211153 0.6874434 ],19,12,"[0.2822438507480652, 0.7105313788319401]",0,53
3437,[0.35720481 0.34118197],42,7,"[0.3321936611977011, 0.34293111744375654]",0,89
3438,[0.54887632 0.6100296 ],12,5,"[0.54876158375065, 0.6433749135954844]",0,-1
3439,[0.25536592 0.67290421],19,12,"[0.2822438507480652, 0.7105313788319401]",0,-1
3440,[0.30039449 0.93676667],48,-1,-1,-1,-1
3441,[0.40997132 0.35234306],38,6,"[0.40678448596985844, 0.34277371919698396]",0,-1
3442,[0.46919119 0.50520956],7,40,"[0.4758590512403852, 0.5317248607280546]",0,-1
3443,[0.17139132 0.10357161],32,89,"[0.15862126123377812, 0.09531060003677258]",0,-1
3444,[0.42589797 0.4367104 ],38,17,"[0.4108830354862289, 0.4435508998593477]",0,-1
3445,[0.86392516 0.56430681],27,59,"[0.8763268698051316, 0.579199170331017]",0,16
3446,[0.62542877 0.35834309],29,10,"[0.6398799516193626, 0.38844091859549007]",0,19
3447,[0.79994719 0.75136042],62,63,"[0.7856877410353075, 0.7534945903126699]",0,-1
3448,[0.82258638 0.80882524],96,41,"[0.8492841799095646, 0.8019622424543851]",0,13
3449,[0.43759178 0.62220284],90,0,"[0.4226395002574949, 0.6460584349087278]",0,88
3450,[0.40326307 0.24862925],73,21,"[0.3571400957876323, 0.26942599959136726]",0,-1
3451,[0.85231818 0.52925757],63,13,"[0.843760744736157, 0.5166552078676889]",0,17
3452,[0.75144161 0.36002198],54,22,"[0.757272224425649, 0.33905999717339425]",0,21
3453,[0.77359713 0.41449332],3,15,"[0.7558016368645127, 0.4462797814247812]",0,-1
3454,[0.84143314 0.60653476],27,47,"[0.8091525442233867, 0.6013457413252116]",0,-1
3455,[0.67185482 0.25672837],89,35,"[0.6545605605339905, 0.22500987532438183]",0,-1
3456,[0.68183298 0.23609986],89,35,"[0.6545605605339905, 0.22500987532438183]",0,-1
3457,[0.48385471 0.5560699 ],41,40,"[0.4758590512403852, 0.5317248607280546]",0,-1
3458,[0.36164255 0.37925063],81,1,"[0.3572487842659222, 0.41922446128046986]",0,89
3459,[0.58089003 0.18541148],88,91,"[0.5747298360762695, 0.15930251145986343]",0,-1
3460,[0.41242135 0.17926106],73,31,"[0.4191189173246286, 0.19329258812229377]",0,-1
3461,[0.15666777 0.20471944],45,33,"[0.1898538969523832, 0.20289106741831933]",0,-1
3462,[0.74266506 0.80214419],21,48,"[0.7803433920128066, 0.8205948599681767]",0,-1
3463,[0.30051601 0.63964191],18,39,"[0.2596202559688416, 0.6257540185994204]",0,-1
3464,[0.778511   0.23847772],36,78,"[0.7951539755354653, 0.19004804298167233]",0,-1
3465,[0.83353729 0.53155128],3,13,"[0.843760744736157, 0.5166552078676889]",0,-1
3466,[0.66247937 0.72309534],79,60,"[0.7001338409322506, 0.7409401695756385]",0,-1
3467,[0.46319753 0.17870103],33,56,"[0.4908116515444846, 0.16632592191374188]",0,34
3468,[0.64325134 0.77829649],24,14,"[0.6208537257023621, 0.8045775614928529]",0,36
3469,[0.28964868 0.2644929 ],5,27,"[0.29001319373773415, 0.21087702736570366]",0,-1
3470,[0.53236887 0.1450766 ],52,91,"[0.5747298360762695, 0.15930251145986343]",0,-1
3471,[0.78466506 0.42101245],66,15,"[0.7558016368645127, 0.4462797814247812]",0,-1
3472,[0.37547471 0.67244562],19,36,"[0.3536068858323266, 0.6613822308481206]",0,-1
3473,[0.76542518 0.81946198],62,48,"[0.7803433920128066, 0.8205948599681767]",0,-1
3474,[0.19758975 0.7510482 ],39,11,"[0.22353793679767786, 0.7478364040140648]",0,57
3475,[0.52345165 0.68525232],12,5,"[0.54876158375065, 0.6433749135954844]",0,-1
3476,[0.16492429 0.87745238],0,69,"[0.18889864315739, 0.8195957758801673]",-1,-1
3477,[0.76325024 0.73533496],46,63,"[0.7856877410353075, 0.7534945903126699]",0,-1
3478,[0.8136944  0.82853724],96,48,"[0.7803433920128066, 0.8205948599681767]",0,13
3479,[0.69876393 0.63628952],46,72,"[0.7259305706267937, 0.621464812471517]",0,-1
3480,[0.35756143 0.28680116],25,21,"[0.3571400957876323, 0.26942599959136726]",0,75
3481,[0.63164988 0.54839455],49,9,"[0.6184830434267037, 0.586333469678524]",0,68
3482,[0.8297267  0.78969242],85,41,"[0.8492841799095646, 0.8019622424543851]",0,-1
3483,[0.31861215 0.70867073],19,12,"[0.2822438507480652, 0.7105313788319401]",0,-1
3484,[0.77447514 0.34924012],54,22,"[0.757272224425649, 0.33905999717339425]",0,-1
3485,[0.19128585 0.56567205],97,44,"[0.1912270592870895, 0.5359549801185394]",0,-1
3486,[0.32798005 0.28289572],25,21,"[0.3571400957876323, 0.26942599959136726]",0,75
3487,[0.33840135 0.31845701],42,7,"[0.3321936611977011, 0.34293111744375654]",0,-1
3488,[0.23789272 0.13607751],45,52,"[0.2294764018471187, 0.143723856671554]",0,-1
3489,[0.85460725 0.4605999 ],30,8,"[0.8210079602672482, 0.4506152114933381]",0,-1
3490,[0.13758188 0.10834833],45,89,"[0.15862126123377812, 0.09531060003677258]",0,-1
3491,[0.20538526 0.45019009],98,28,"[0.2520846559803125, 0.4621952512240386]",0,-1
3492,[0.42994545 0.22503328],52,31,"[0.4191189173246286, 0.19329258812229377]",0,-1
3493,[0.70614116 0.36021278],80,4,"[0.7100353299176262, 0.3875574879176719]",0,21
3494,[0.55996339 0.5975268 ],12,20,"[0.5371890084085489, 0.5739528596094324]",0,-1
3495,[0.68660619 0.57900164],49,53,"[0.6955018555560987, 0.5389599645427405]",0,-1
3496,[0.18217997 0.21582184],32,33,"[0.1898538969523832, 0.20289106741831933]",0,67
3497,[0.20724201 0.12431681],45,52,"[0.2294764018471187, 0.143723856671554]",0,-1
3498,[0.77443568 0.43760715],80,15,"[0.7558016368645127, 0.4462797814247812]",0,17
3499,[0.245496   0.71706433],18,12,"[0.2822438507480652, 0.7105313788319401]",0,-1
3500,[0.74633816 0.35991757],68,22,"[0.757272224425649, 0.33905999717339425]",0,21
3501,[0.14337309 0.194003  ],32,81,"[0.13426292668090453, 0.163935928071412]",0,-1
3502,[0.57397838 0.37460844],71,73,"[0.5684491373659465, 0.3759776977620393]",0,-1
3503,[0.60646118 0.73513294],79,57,"[0.6165364982648931, 0.7310583472769618]",0,-1
3504,[0.14314758 0.24107395],45,84,"[0.1433957510634753, 0.2579081432754369]",0,-1
3505,[0.73965128 0.27925056],54,55,"[0.7305076164562052, 0.2580112669411776]",0,-1
3506,[0.62994903 0.21989126],86,35,"[0.6545605605339905, 0.22500987532438183]",0,-1
3507,[0.38539397 0.61673627],15,30,"[0.36820757824267275, 0.5891561499462349]",0,-1
3508,[0.31852805 0.37096746],42,7,"[0.3321936611977011, 0.34293111744375654]",0,89
3509,[0.12222166 0.67051494],23,90,"[0.11769418158886381, 0.6663972759552037]",0,-1
3510,[0.41470146 0.38772449],38,6,"[0.40678448596985844, 0.34277371919698396]",0,89
3511,[0.668191   0.47176117],68,65,"[0.6636957553845171, 0.46135824588144125]",0,-1
3512,[0.54082699 0.87145065],93,18,"[0.527398606849523, 0.8662745321442044]",0,29
3513,[0.63230291 0.32661056],34,3,"[0.6759399092328674, 0.32128183561871837]",0,-1
3514,[0.4666438  0.54167155],41,40,"[0.4758590512403852, 0.5317248607280546]",0,83
3515,[0.74288282 0.39007197],50,4,"[0.7100353299176262, 0.3875574879176719]",0,21
3516,[0.60296744 0.91718532],72,82,"[0.6132420785222222, 0.8710652413331001]",-1,-1
3517,[0.46062426 0.19334708],52,56,"[0.4908116515444846, 0.16632592191374188]",0,-1
3518,[0.79304195 0.48126471],43,8,"[0.8210079602672482, 0.4506152114933381]",0,17
3519,[0.84095068 0.86268367],21,79,"[0.8263954992254994, 0.8681441505941476]",0,-1
3520,[0.78114288 0.36274817],50,22,"[0.757272224425649, 0.33905999717339425]",0,20
3521,[0.19283868 0.74601359],51,11,"[0.22353793679767786, 0.7478364040140648]",0,57
3522,[0.21165361 0.18169112],32,33,"[0.1898538969523832, 0.20289106741831933]",0,48
3523,[0.69153493 0.60437705],35,72,"[0.7259305706267937, 0.621464812471517]",0,-1
3524,[0.84885945 0.79678473],96,41,"[0.8492841799095646, 0.8019622424543851]",0,13
3525,[0.22910142 0.42036079],22,23,"[0.2032497039719594, 0.393824370774819]",0,-1
3526,[0.68298337 0.39168992],61,4,"[0.7100353299176262, 0.3875574879176719]",0,21
3527,[0.59131578 0.27214417],86,64,"[0.594073349455653, 0.28354489837534175]",0,-1
3528,[0.83053031 0.39507976],30,25,"[0.8211120104597844, 0.37574618786089475]",0,17
3529,[0.63764528 0.34986178],34,10,"[0.6398799516193626, 0.38844091859549007]",0,19
3530,[0.26383478 0.24571945],32,24,"[0.23531691667485555, 0.27209662123665185]",0,-1
3531,[0.43591861 0.5933562 ],6,2,"[0.4675886295436634, 0.6021765353351279]",0,-1
3532,[0.61486162 0.21202385],89,61,"[0.5821749572804258, 0.2185848836493384]",0,-1
3533,[0.53405369 0.61779197],12,5,"[0.54876158375065, 0.6433749135954844]",0,88
3534,[0.89134091 0.51669709],27,92,"[0.9291777218511399, 0.5053403904093751]",0,-1
3535,[0.27478653 0.45511012],9,28,"[0.2520846559803125, 0.4621952512240386]",0,-1
3536,[0.75069722 0.15813427],36,95,"[0.7517203864819665, 0.11417692930271928]",0,-1
3537,[0.49910272 0.81896421],60,16,"[0.45898902168994016, 0.8115000101692392]",0,38
3538,[0.56725625 0.76683456],79,46,"[0.5435344637313357, 0.7795756563374607]",0,-1
3539,[0.64310703 0.38337479],29,10,"[0.6398799516193626, 0.38844091859549007]",0,21
3540,[0.65814166 0.73399935],24,57,"[0.6165364982648931, 0.7310583472769618]",0,-1
3541,[0.4166905  0.56142596],82,50,"[0.3898476181838421, 0.5216929572274273]",0,79
3542,[0.37419331 0.43605483],92,1,"[0.3572487842659222, 0.41922446128046986]",0,89
3543,[0.82226018 0.61486428],99,47,"[0.8091525442233867, 0.6013457413252116]",0,8
3544,[0.63336163 0.24476643],86,35,"[0.6545605605339905, 0.22500987532438183]",0,6
3545,[0.57334292 0.55149394],77,29,"[0.5812618174713859, 0.5240123764686471]",0,88
3546,[0.48155247 0.27131662],55,34,"[0.47832967363307105, 0.25654673669797673]",0,27
3547,[0.55574977 0.15119578],88,91,"[0.5747298360762695, 0.15930251145986343]",0,-1
3548,[0.85968778 0.63623227],99,59,"[0.8763268698051316, 0.579199170331017]",0,-1
3549,[0.47151264 0.34167606],55,42,"[0.47090413605197745, 0.3706753216883814]",0,-1
3550,[0.79768395 0.21791598],36,78,"[0.7951539755354653, 0.19004804298167233]",0,-1
3551,[0.65130121 0.65140312],74,76,"[0.6483290776065068, 0.6569295539328516]",0,-1
3552,[0.22787701 0.62046962],51,39,"[0.2596202559688416, 0.6257540185994204]",0,-1
3553,[0.76830053 0.08609017],36,95,"[0.7517203864819665, 0.11417692930271928]",-1,-1
3554,[0.1409445  0.66429011],23,90,"[0.11769418158886381, 0.6663972759552037]",0,-1
3555,[0.7827241  0.45974469],87,15,"[0.7558016368645127, 0.4462797814247812]",0,17
3556,[0.8077966  0.60794468],99,47,"[0.8091525442233867, 0.6013457413252116]",0,8
3557,[0.36694529 0.62229868],76,30,"[0.36820757824267275, 0.5891561499462349]",0,-1
3558,[0.59854106 0.37299071],34,73,"[0.5684491373659465, 0.3759776977620393]",0,-1
3559,[0.1858829  0.40392353],26,23,"[0.2032497039719594, 0.393824370774819]",0,72
3560,[0.70966703 0.30138395],61,3,"[0.6759399092328674, 0.32128183561871837]",0,-1
3561,[0.34038308 0.65868006],51,36,"[0.3536068858323266, 0.6613822308481206]",0,-1
3562,[0.40476462 0.09564558],84,74,"[0.4464145664830302, 0.11749079524673668]",0,-1
3563,[0.25405991 0.63110344],23,39,"[0.2596202559688416, 0.6257540185994204]",0,52
3564,[0.40659274 0.3277953 ],42,6,"[0.40678448596985844, 0.34277371919698396]",0,-1
3565,[0.81300078 0.35635026],80,25,"[0.8211120104597844, 0.37574618786089475]",0,-1
3566,[0.43076682 0.70622043],90,37,"[0.47348968360582744, 0.7125916710309903]",0,47
3567,[0.69697893 0.24318466],91,55,"[0.7305076164562052, 0.2580112669411776]",0,-1
3568,[0.18648672 0.17684377],10,33,"[0.1898538969523832, 0.20289106741831933]",0,48
3569,[0.81476097 0.60251588],63,47,"[0.8091525442233867, 0.6013457413252116]",0,8
3570,[0.25745411 0.79989572],31,26,"[0.2731213809151105, 0.8295374863795931]",0,-1
3571,[0.7062381 0.3577078],68,4,"[0.7100353299176262, 0.3875574879176719]",0,21
3572,[0.11496559 0.49707814],98,77,"[0.10737865443478777, 0.5291217341624451]",0,-1
3573,[0.79693054 0.78503133],96,63,"[0.7856877410353075, 0.7534945903126699]",0,12
3574,[0.66542209 0.43547782],29,65,"[0.6636957553845171, 0.46135824588144125]",0,-1
3575,[0.45758829 0.24978433],52,34,"[0.47832967363307105, 0.25654673669797673]",0,-1
3576,[0.70153416 0.53055379],28,53,"[0.6955018555560987, 0.5389599645427405]",0,-1
3577,[0.26531353 0.64149951],51,39,"[0.2596202559688416, 0.6257540185994204]",0,52
3578,[0.33678258 0.41347347],14,1,"[0.3572487842659222, 0.41922446128046986]",0,-1
3579,[0.25180141 0.80663391],31,26,"[0.2731213809151105, 0.8295374863795931]",0,-1
3580,[0.59486893 0.57543323],49,9,"[0.6184830434267037, 0.586333469678524]",0,88
3581,[0.69547591 0.30248905],71,3,"[0.6759399092328674, 0.32128183561871837]",0,-1
3582,[0.66493921 0.31208045],54,3,"[0.6759399092328674, 0.32128183561871837]",0,-1
3583,[0.45305374 0.60108839],76,2,"[0.4675886295436634, 0.6021765353351279]",0,88
3584,[0.22172739 0.38881816],1,23,"[0.2032497039719594, 0.393824370774819]",0,-1
3585,[0.62090916 0.49224955],77,68,"[0.6059400326152605, 0.4534475926518635]",0,-1
3586,[0.16828083 0.11723371],45,89,"[0.15862126123377812, 0.09531060003677258]",0,-1
3587,[0.24700831 0.17912201],5,52,"[0.2294764018471187, 0.143723856671554]",0,64
3588,[0.70533604 0.30518057],71,3,"[0.6759399092328674, 0.32128183561871837]",0,18
3589,[0.20744709 0.34976747],11,38,"[0.18350109397176653, 0.31916714902230253]",0,62
3590,[0.78075115 0.35162221],54,22,"[0.757272224425649, 0.33905999717339425]",0,20
3591,[0.39409889 0.14150858],84,49,"[0.35418448506576955, 0.14329850428612353]",0,-1
3592,[0.21176392 0.471693  ],9,28,"[0.2520846559803125, 0.4621952512240386]",0,60
3593,[0.8312854  0.46237546],83,8,"[0.8210079602672482, 0.4506152114933381]",0,17
3594,[0.6827064  0.33151264],89,3,"[0.6759399092328674, 0.32128183561871837]",0,21
3595,[0.20603087 0.72829293],39,11,"[0.22353793679767786, 0.7478364040140648]",0,55
3596,[0.1226312  0.34904545],53,71,"[0.11481900251646894, 0.37559708088824]",0,-1
3597,[0.51704366 0.58202627],69,20,"[0.5371890084085489, 0.5739528596094324]",0,88
3598,[0.22089936 0.41908166],26,23,"[0.2032497039719594, 0.393824370774819]",0,-1
3599,[0.88385413 0.86254454],62,87,"[0.8925149589987491, 0.8617277435613537]",0,-1
3600,[0.85344627 0.47213872],50,8,"[0.8210079602672482, 0.4506152114933381]",0,-1
3601,[0.17370763 0.40108642],98,23,"[0.2032497039719594, 0.393824370774819]",0,69
3602,[0.14743906 0.44286826],98,51,"[0.1508950301577577, 0.45723062251398755]",0,-1
3603,[0.81392472 0.77943479],62,63,"[0.7856877410353075, 0.7534945903126699]",0,13
3604,[0.42580353 0.4647791 ],92,17,"[0.4108830354862289, 0.4435508998593477]",0,-1
3605,[0.74558267 0.29973581],54,22,"[0.757272224425649, 0.33905999717339425]",0,-1
3606,[0.52182268 0.53759211],37,20,"[0.5371890084085489, 0.5739528596094324]",0,81
3607,[0.7475674  0.36357099],61,22,"[0.757272224425649, 0.33905999717339425]",0,21
3608,[0.36442618 0.716539  ],94,58,"[0.37887936110594184, 0.7334391897891285]",0,-1
3609,[0.41199345 0.2518444 ],52,21,"[0.3571400957876323, 0.26942599959136726]",0,-1
3610,[0.49810745 0.84601237],93,18,"[0.527398606849523, 0.8662745321442044]",0,-1
3611,[0.47494765 0.18609946],52,56,"[0.4908116515444846, 0.16632592191374188]",0,-1
3612,[0.64962983 0.10793265],88,-1,-1,-1,-1
3613,[0.53761689 0.4469202 ],4,75,"[0.5172236746686562, 0.4443369127615434]",0,-1
3614,[0.40865337 0.17542438],84,31,"[0.4191189173246286, 0.19329258812229377]",0,-1
3615,[0.47026143 0.37430057],67,42,"[0.47090413605197745, 0.3706753216883814]",0,-1
3616,[0.73840092 0.80475063],21,48,"[0.7803433920128066, 0.8205948599681767]",0,-1
3617,[0.53770512 0.17032432],88,91,"[0.5747298360762695, 0.15930251145986343]",0,-1
3618,[0.65737967 0.17239597],89,70,"[0.6986975952159088, 0.16842470592263856]",0,-1
3619,[0.58964607 0.65934298],75,5,"[0.54876158375065, 0.6433749135954844]",0,-1
3620,[0.40367996 0.41410822],38,17,"[0.4108830354862289, 0.4435508998593477]",0,89
3621,[0.2356787  0.52656578],97,44,"[0.1912270592870895, 0.5359549801185394]",0,-1
3622,[0.71496422 0.2348124 ],89,55,"[0.7305076164562052, 0.2580112669411776]",0,-1
3623,[0.38988514 0.35279038],1,6,"[0.40678448596985844, 0.34277371919698396]",0,-1
3624,[0.65684445 0.57987816],34,9,"[0.6184830434267037, 0.586333469678524]",0,-1
3625,[0.84918203 0.49731036],83,13,"[0.843760744736157, 0.5166552078676889]",0,17
3626,[0.84785257 0.58444571],99,59,"[0.8763268698051316, 0.579199170331017]",0,-1
3627,[0.88708626 0.62901385],27,59,"[0.8763268698051316, 0.579199170331017]",0,-1
3628,[0.2348831  0.73715416],18,11,"[0.22353793679767786, 0.7478364040140648]",0,-1
3629,[0.18687064 0.26326849],10,84,"[0.1433957510634753, 0.2579081432754369]",0,-1
3630,[0.83416935 0.63657244],99,47,"[0.8091525442233867, 0.6013457413252116]",0,-1
3631,[0.74370128 0.52313076],27,32,"[0.7786163905873836, 0.5211842185039978]",0,-1
3632,[0.79114159 0.87171257],85,79,"[0.8263954992254994, 0.8681441505941476]",0,-1
3633,[0.66275205 0.53557614],37,53,"[0.6955018555560987, 0.5389599645427405]",0,-1
3634,[0.61797137 0.60857939],35,9,"[0.6184830434267037, 0.586333469678524]",0,-1
3635,[0.7246696  0.49649982],27,53,"[0.6955018555560987, 0.5389599645427405]",0,-1
3636,[0.89752092 0.79652665],96,93,"[0.9128525281281048, 0.8015861505597924]",0,-1
3637,[0.82450426 0.85319564],96,79,"[0.8263954992254994, 0.8681441505941476]",0,13
3638,[0.27831769 0.07421371],10,98,"[0.3113890783178001, 0.057273366575225935]",-1,-1
3639,[0.77296492 0.31987744],91,22,"[0.757272224425649, 0.33905999717339425]",0,-1
3640,[0.86037971 0.35729835],66,83,"[0.8762199555116444, 0.3404048051239979]",0,-1
3641,[0.33480989 0.88608203],78,67,"[0.37743107737986015, 0.883213849264441]",0,-1
3642,[0.58406263 0.80213551],79,14,"[0.6208537257023621, 0.8045775614928529]",0,-1
3643,[0.46401556 0.61365254],6,2,"[0.4675886295436634, 0.6021765353351279]",0,88
3644,[0.21893429 0.25021289],10,24,"[0.23531691667485555, 0.27209662123665185]",0,-1
3645,[0.79324565 0.3682787 ],2,25,"[0.8211120104597844, 0.37574618786089475]",0,20
3646,[0.38642724 0.36247841],47,6,"[0.40678448596985844, 0.34277371919698396]",0,-1
3647,[0.35179693 0.30677033],1,21,"[0.3571400957876323, 0.26942599959136726]",0,-1
3648,[0.6948483  0.22671307],91,35,"[0.6545605605339905, 0.22500987532438183]",0,-1
3649,[0.27584538 0.37420054],22,19,"[0.2847353251184853, 0.39005308479636985]",0,-1
3650,[0.5844941  0.78906509],24,14,"[0.6208537257023621, 0.8045775614928529]",0,-1
3651,[0.32176866 0.31461046],42,7,"[0.3321936611977011, 0.34293111744375654]",0,-1
3652,[0.4028083  0.65409889],69,0,"[0.4226395002574949, 0.6460584349087278]",0,88
3653,[0.46283112 0.33478803],55,42,"[0.47090413605197745, 0.3706753216883814]",0,-1
3654,[0.33390299 0.65814525],51,36,"[0.3536068858323266, 0.6613822308481206]",0,-1
3655,[0.44544216 0.81260212],56,16,"[0.45898902168994016, 0.8115000101692392]",0,-1
3656,[0.23948093 0.73538415],18,11,"[0.22353793679767786, 0.7478364040140648]",0,-1
3657,[0.80933318 0.48593512],87,8,"[0.8210079602672482, 0.4506152114933381]",0,17
3658,[0.74683021 0.34369988],2,22,"[0.757272224425649, 0.33905999717339425]",0,21
3659,[0.48814128 0.73906388],93,37,"[0.47348968360582744, 0.7125916710309903]",0,-1
3660,[0.38372499 0.27539133],47,21,"[0.3571400957876323, 0.26942599959136726]",0,-1
3661,[0.34276121 0.25103118],25,21,"[0.3571400957876323, 0.26942599959136726]",0,-1
3662,[0.80817299 0.33910002],66,25,"[0.8211120104597844, 0.37574618786089475]",0,-1
3663,[0.75542852 0.24630294],91,55,"[0.7305076164562052, 0.2580112669411776]",0,-1
3664,[0.72351915 0.40380126],40,4,"[0.7100353299176262, 0.3875574879176719]",0,-1
3665,[0.44898436 0.65069631],69,0,"[0.4226395002574949, 0.6460584349087278]",0,88
3666,[0.15333763 0.81770589],0,69,"[0.18889864315739, 0.8195957758801673]",0,-1
3667,[0.773031   0.50152365],3,32,"[0.7786163905873836, 0.5211842185039978]",0,-1
3668,[0.31160521 0.73405672],16,12,"[0.2822438507480652, 0.7105313788319401]",0,-1
3669,[0.27436733 0.40795174],81,19,"[0.2847353251184853, 0.39005308479636985]",0,-1
3670,[0.57069905 0.531409  ],41,29,"[0.5812618174713859, 0.5240123764686471]",0,-1
3671,[0.25153197 0.63446864],23,39,"[0.2596202559688416, 0.6257540185994204]",0,52
3672,[0.59909783 0.77237325],70,14,"[0.6208537257023621, 0.8045775614928529]",0,-1
3673,[0.81408127 0.21485758],36,78,"[0.7951539755354653, 0.19004804298167233]",0,0
3674,[0.80291673 0.80375777],21,48,"[0.7803433920128066, 0.8205948599681767]",0,-1
3675,[0.32914554 0.32439973],47,7,"[0.3321936611977011, 0.34293111744375654]",0,-1
3676,[0.75393429 0.12674975],36,95,"[0.7517203864819665, 0.11417692930271928]",0,-1
3677,[0.79664678 0.4967386 ],87,32,"[0.7786163905873836, 0.5211842185039978]",0,17
3678,[0.64850698 0.44107104],40,65,"[0.6636957553845171, 0.46135824588144125]",0,-1
3679,[0.72166109 0.74126614],46,60,"[0.7001338409322506, 0.7409401695756385]",0,-1
3680,[0.55137066 0.23185207],88,61,"[0.5821749572804258, 0.2185848836493384]",0,-1
3681,[0.41829242 0.60588836],76,0,"[0.4226395002574949, 0.6460584349087278]",0,88
3682,[0.7301338  0.24755103],54,55,"[0.7305076164562052, 0.2580112669411776]",0,-1
3683,[0.65913218 0.44119407],2,65,"[0.6636957553845171, 0.46135824588144125]",0,-1
3684,[0.394341   0.82251833],78,54,"[0.36959478636682913, 0.8084550989826409]",0,-1
3685,[0.6611544 0.2697594],86,35,"[0.6545605605339905, 0.22500987532438183]",0,-1
3686,[0.86912829 0.85440149],21,87,"[0.8925149589987491, 0.8617277435613537]",0,-1
3687,[0.33504156 0.36213831],1,7,"[0.3321936611977011, 0.34293111744375654]",0,89
3688,[0.30472433 0.20428029],58,27,"[0.29001319373773415, 0.21087702736570366]",0,59
3689,[0.85149861 0.22609158],36,88,"[0.8567588921418147, 0.17457306337920828]",0,0
3690,[0.47068453 0.54977821],13,40,"[0.4758590512403852, 0.5317248607280546]",0,-1
3691,[0.65193035 0.6970026 ],70,76,"[0.6483290776065068, 0.6569295539328516]",0,-1
3692,[0.8157528  0.44882649],3,8,"[0.8210079602672482, 0.4506152114933381]",0,17
3693,[0.75299393 0.15267832],95,95,"[0.7517203864819665, 0.11417692930271928]",0,-1
3694,[0.77409484 0.83961316],21,48,"[0.7803433920128066, 0.8205948599681767]",0,-1
3695,[0.35659866 0.34997451],47,7,"[0.3321936611977011, 0.34293111744375654]",0,89
3696,[0.54815148 0.43588019],4,75,"[0.5172236746686562, 0.4443369127615434]",0,-1
3697,[0.67050664 0.55266092],49,53,"[0.6955018555560987, 0.5389599645427405]",0,-1
3698,[0.34435806 0.77793641],78,54,"[0.36959478636682913, 0.8084550989826409]",0,-1
3699,[0.64710901 0.45760182],34,65,"[0.6636957553845171, 0.46135824588144125]",0,-1
3700,[0.7675736  0.16286082],95,78,"[0.7951539755354653, 0.19004804298167233]",0,-1
3701,[0.43839946 0.58852386],90,2,"[0.4675886295436634, 0.6021765353351279]",0,88
3702,[0.38301893 0.50198501],8,50,"[0.3898476181838421, 0.5216929572274273]",0,-1
3703,[0.46561808 0.86392895],93,16,"[0.45898902168994016, 0.8115000101692392]",0,-1
3704,[0.60637829 0.83397126],60,14,"[0.6208537257023621, 0.8045775614928529]",0,41
3705,[0.8208848  0.44166423],83,8,"[0.8210079602672482, 0.4506152114933381]",0,17
3706,[0.53534805 0.86594857],56,18,"[0.527398606849523, 0.8662745321442044]",0,29
3707,[0.15666199 0.21583517],32,33,"[0.1898538969523832, 0.20289106741831933]",0,-1
3708,[0.24390963 0.17305952],32,52,"[0.2294764018471187, 0.143723856671554]",0,64
3709,[0.16677303 0.52222878],97,44,"[0.1912270592870895, 0.5359549801185394]",0,44
3710,[0.4550367  0.41105581],38,42,"[0.47090413605197745, 0.3706753216883814]",0,-1
3711,[0.50341162 0.69421487],76,37,"[0.47348968360582744, 0.7125916710309903]",0,-1
3712,[0.17580269 0.77265795],39,43,"[0.15465866632935668, 0.7523522483084468]",0,51
3713,[0.34294245 0.29708828],42,21,"[0.3571400957876323, 0.26942599959136726]",0,75
3714,[0.22805234 0.41589007],22,23,"[0.2032497039719594, 0.393824370774819]",0,-1
3715,[0.85595444 0.57358883],27,59,"[0.8763268698051316, 0.579199170331017]",0,16
3716,[0.23841746 0.80154006],59,26,"[0.2731213809151105, 0.8295374863795931]",0,49
3717,[0.32782629 0.36192541],47,7,"[0.3321936611977011, 0.34293111744375654]",0,89
3718,[0.84211691 0.39240603],30,25,"[0.8211120104597844, 0.37574618786089475]",0,17
3719,[0.83919352 0.45967725],83,8,"[0.8210079602672482, 0.4506152114933381]",0,17
3720,[0.31015518 0.85715432],48,26,"[0.2731213809151105, 0.8295374863795931]",0,-1
3721,[0.6031586  0.50491393],49,29,"[0.5812618174713859, 0.5240123764686471]",0,-1
3722,[0.12476595 0.48617719],97,51,"[0.1508950301577577, 0.45723062251398755]",0,-1
3723,[0.20095146 0.66281068],16,45,"[0.19601325606017345, 0.667358514260268]",0,-1
3724,[0.75454175 0.65001204],46,72,"[0.7259305706267937, 0.621464812471517]",0,-1
3725,[0.36881372 0.35144711],38,7,"[0.3321936611977011, 0.34293111744375654]",0,89
3726,[0.65978795 0.80458832],24,14,"[0.6208537257023621, 0.8045775614928529]",0,-1
3727,[0.17863496 0.19640054],32,33,"[0.1898538969523832, 0.20289106741831933]",0,-1
3728,[0.51235129 0.55802662],12,20,"[0.5371890084085489, 0.5739528596094324]",0,88
3729,[0.1497111  0.25494759],5,84,"[0.1433957510634753, 0.2579081432754369]",0,-1
3730,[0.66758708 0.59290787],35,9,"[0.6184830434267037, 0.586333469678524]",0,-1
3731,[0.24834988 0.8647117 ],59,26,"[0.2731213809151105, 0.8295374863795931]",0,-1
3732,[0.33905209 0.27302623],25,21,"[0.3571400957876323, 0.26942599959136726]",0,75
3733,[0.15782081 0.66638123],23,45,"[0.19601325606017345, 0.667358514260268]",0,-1
3734,[0.7255047 0.6781655],46,72,"[0.7259305706267937, 0.621464812471517]",0,-1
3735,[0.34311558 0.25460292],47,21,"[0.3571400957876323, 0.26942599959136726]",0,-1
3736,[0.57510108 0.85396032],93,82,"[0.6132420785222222, 0.8710652413331001]",0,-1
3737,[0.40003945 0.36704717],64,6,"[0.40678448596985844, 0.34277371919698396]",0,89
3738,[0.42306069 0.76901991],19,16,"[0.45898902168994016, 0.8115000101692392]",0,-1
3739,[0.8383198  0.38211719],50,25,"[0.8211120104597844, 0.37574618786089475]",0,17
3740,[0.55428802 0.77663219],70,46,"[0.5435344637313357, 0.7795756563374607]",0,26
3741,[0.75664679 0.4189012 ],87,15,"[0.7558016368645127, 0.4462797814247812]",0,-1
3742,[0.73826567 0.49215824],28,15,"[0.7558016368645127, 0.4462797814247812]",0,-1
3743,[0.42332451 0.47823605],67,17,"[0.4108830354862289, 0.4435508998593477]",0,-1
3744,[0.17229873 0.59053158],17,80,"[0.15990270049190128, 0.5986117043755352]",0,-1
3745,[0.4969847  0.11371397],52,74,"[0.4464145664830302, 0.11749079524673668]",0,-1
3746,[0.4127354  0.72137792],6,58,"[0.37887936110594184, 0.7334391897891285]",0,-1
3747,[0.39496501 0.66606176],15,0,"[0.4226395002574949, 0.6460584349087278]",0,88
3748,[0.64664513 0.30910564],54,3,"[0.6759399092328674, 0.32128183561871837]",0,-1
3749,[0.65676775 0.14995999],89,70,"[0.6986975952159088, 0.16842470592263856]",0,-1
3750,[0.89276997 0.4732234 ],83,62,"[0.8921140984845523, 0.4428581583396137]",0,-1
3751,[0.76002819 0.44124908],68,15,"[0.7558016368645127, 0.4462797814247812]",0,17
3752,[0.49922601 0.24398124],52,34,"[0.47832967363307105, 0.25654673669797673]",0,-1
3753,[0.35611402 0.28558733],42,21,"[0.3571400957876323, 0.26942599959136726]",0,75
3754,[0.16822741 0.41349713],26,23,"[0.2032497039719594, 0.393824370774819]",0,-1
3755,[0.44372199 0.62911517],90,0,"[0.4226395002574949, 0.6460584349087278]",0,-1
3756,[0.27640364 0.65335398],23,39,"[0.2596202559688416, 0.6257540185994204]",0,-1
3757,[0.20008732 0.60371428],17,80,"[0.15990270049190128, 0.5986117043755352]",0,-1
3758,[0.21239772 0.20488791],32,33,"[0.1898538969523832, 0.20289106741831933]",0,-1
3759,[0.71060691 0.39053214],66,4,"[0.7100353299176262, 0.3875574879176719]",0,21
3760,[0.3085532  0.48165591],97,28,"[0.2520846559803125, 0.4621952512240386]",0,-1
3761,[0.4265929  0.42763679],4,17,"[0.4108830354862289, 0.4435508998593477]",0,-1
3762,[0.25200786 0.7464242 ],16,11,"[0.22353793679767786, 0.7478364040140648]",0,56
3763,[0.18880705 0.187012  ],32,33,"[0.1898538969523832, 0.20289106741831933]",0,48
3764,[0.67936953 0.38004303],54,4,"[0.7100353299176262, 0.3875574879176719]",0,21
3765,[0.2218101  0.11878706],45,52,"[0.2294764018471187, 0.143723856671554]",0,-1
3766,[0.43353461 0.63690553],7,0,"[0.4226395002574949, 0.6460584349087278]",0,-1
3767,[0.60227889 0.56993902],49,9,"[0.6184830434267037, 0.586333469678524]",0,-1
3768,[0.52692621 0.24488118],52,34,"[0.47832967363307105, 0.25654673669797673]",0,-1
3769,[0.18635843 0.36397522],26,23,"[0.2032497039719594, 0.393824370774819]",0,-1
3770,[0.28085876 0.43877291],1,28,"[0.2520846559803125, 0.4621952512240386]",0,-1
3771,[0.25124806 0.84298303],65,26,"[0.2731213809151105, 0.8295374863795931]",0,45
3772,[0.33531472 0.55908749],20,30,"[0.36820757824267275, 0.5891561499462349]",0,-1
3773,[0.31442991 0.16837802],58,49,"[0.35418448506576955, 0.14329850428612353]",0,-1
3774,[0.19237212 0.23586557],5,33,"[0.1898538969523832, 0.20289106741831933]",0,66
3775,[0.57727673 0.77472248],72,46,"[0.5435344637313357, 0.7795756563374607]",0,-1
3776,[0.64058225 0.55382355],13,9,"[0.6184830434267037, 0.586333469678524]",0,-1
3777,[0.43858698 0.77578316],94,16,"[0.45898902168994016, 0.8115000101692392]",0,30
3778,[0.54513049 0.57723283],77,20,"[0.5371890084085489, 0.5739528596094324]",0,88
3779,[0.55605736 0.77346862],79,46,"[0.5435344637313357, 0.7795756563374607]",0,26
3780,[0.67060375 0.88944117],79,82,"[0.6132420785222222, 0.8710652413331001]",-1,-1
3781,[0.60569637 0.3224432 ],29,64,"[0.594073349455653, 0.28354489837534175]",0,-1
3782,[0.30953724 0.71335414],19,12,"[0.2822438507480652, 0.7105313788319401]",0,-1
3783,[0.71070158 0.42772588],68,4,"[0.7100353299176262, 0.3875574879176719]",0,-1
3784,[0.67523452 0.30092454],40,3,"[0.6759399092328674, 0.32128183561871837]",0,22
3785,[0.26320886 0.4118206 ],44,19,"[0.2847353251184853, 0.39005308479636985]",0,-1
3786,[0.4561232 0.6769057],6,37,"[0.47348968360582744, 0.7125916710309903]",0,-1
3787,[0.11485921 0.7818444 ],39,86,"[0.11333449837233942, 0.8035791769910723]",0,-1
3788,[0.72693696 0.31929964],91,22,"[0.757272224425649, 0.33905999717339425]",0,-1
3789,[0.5954019  0.57386945],75,9,"[0.6184830434267037, 0.586333469678524]",0,88
3790,[0.77899875 0.33963064],80,22,"[0.757272224425649, 0.33905999717339425]",0,-1
3791,[0.25014902 0.80480221],59,26,"[0.2731213809151105, 0.8295374863795931]",0,-1
3792,[0.59252192 0.83686626],24,82,"[0.6132420785222222, 0.8710652413331001]",0,-1
3793,[0.54241599 0.70137506],75,5,"[0.54876158375065, 0.6433749135954844]",0,-1
3794,[0.58998832 0.64610124],12,5,"[0.54876158375065, 0.6433749135954844]",0,-1
3795,[0.67989379 0.36465429],40,4,"[0.7100353299176262, 0.3875574879176719]",0,21
3796,[0.26784978 0.76089966],59,11,"[0.22353793679767786, 0.7478364040140648]",0,-1
3797,[0.24661195 0.64848076],23,39,"[0.2596202559688416, 0.6257540185994204]",0,52
3798,[0.2158273  0.27126414],11,24,"[0.23531691667485555, 0.27209662123665185]",0,63
3799,[0.87625772 0.84519118],85,87,"[0.8925149589987491, 0.8617277435613537]",0,-1
3800,[0.32268523 0.3187624 ],47,7,"[0.3321936611977011, 0.34293111744375654]",0,-1
3801,[0.57697657 0.50517345],13,29,"[0.5812618174713859, 0.5240123764686471]",0,-1
3802,[0.20505414 0.22257137],10,33,"[0.1898538969523832, 0.20289106741831933]",0,-1
3803,[0.37068142 0.6528959 ],76,36,"[0.3536068858323266, 0.6613822308481206]",0,-1
3804,[0.57637563 0.45306384],4,68,"[0.6059400326152605, 0.4534475926518635]",0,-1
3805,[0.37131797 0.45667493],64,1,"[0.3572487842659222, 0.41922446128046986]",0,-1
3806,[0.16185627 0.52847164],97,44,"[0.1912270592870895, 0.5359549801185394]",0,44
3807,[0.23054069 0.18584086],32,52,"[0.2294764018471187, 0.143723856671554]",0,-1
3808,[0.77160407 0.4251714 ],50,15,"[0.7558016368645127, 0.4462797814247812]",0,-1
3809,[0.71687964 0.35438902],2,4,"[0.7100353299176262, 0.3875574879176719]",0,21
3810,[0.89810479 0.52274775],83,92,"[0.9291777218511399, 0.5053403904093751]",0,-1
3811,[0.57941539 0.22343712],86,61,"[0.5821749572804258, 0.2185848836493384]",0,7
3812,[0.51514818 0.56762675],41,20,"[0.5371890084085489, 0.5739528596094324]",0,88
3813,[0.46151765 0.60686138],15,2,"[0.4675886295436634, 0.6021765353351279]",0,88
3814,[0.52328749 0.35977942],34,73,"[0.5684491373659465, 0.3759776977620393]",0,-1
3815,[0.64413666 0.34066558],2,3,"[0.6759399092328674, 0.32128183561871837]",0,-1
3816,[0.59730603 0.21536722],89,61,"[0.5821749572804258, 0.2185848836493384]",0,7
3817,[0.20801066 0.43612707],44,23,"[0.2032497039719594, 0.393824370774819]",0,-1
3818,[0.61094822 0.56617367],35,9,"[0.6184830434267037, 0.586333469678524]",0,-1
3819,[0.36792653 0.63905685],20,36,"[0.3536068858323266, 0.6613822308481206]",0,-1
3820,[0.42840154 0.64573996],15,0,"[0.4226395002574949, 0.6460584349087278]",0,88
3821,[0.39365286 0.43189572],67,17,"[0.4108830354862289, 0.4435508998593477]",0,-1
3822,[0.4099806  0.21427236],73,31,"[0.4191189173246286, 0.19329258812229377]",0,31
3823,[0.353134 0.865478],48,67,"[0.37743107737986015, 0.883213849264441]",0,-1
3824,[0.5446332 0.5748106],77,20,"[0.5371890084085489, 0.5739528596094324]",0,88
3825,[0.73647609 0.13686179],95,95,"[0.7517203864819665, 0.11417692930271928]",0,-1
3826,[0.62399509 0.79614585],70,14,"[0.6208537257023621, 0.8045775614928529]",0,-1
3827,[0.90624558 0.81282979],62,93,"[0.9128525281281048, 0.8015861505597924]",0,-1
3828,[0.6916418  0.27055683],54,55,"[0.7305076164562052, 0.2580112669411776]",0,-1
3829,[0.40651657 0.4179842 ],1,17,"[0.4108830354862289, 0.4435508998593477]",0,89
3830,[0.35038902 0.36781482],38,7,"[0.3321936611977011, 0.34293111744375654]",0,89
3831,[0.629551   0.75976244],24,57,"[0.6165364982648931, 0.7310583472769618]",0,-1
3832,[0.32897923 0.39699971],38,1,"[0.3572487842659222, 0.41922446128046986]",0,89
3833,[0.53663319 0.87042269],72,18,"[0.527398606849523, 0.8662745321442044]",0,29
3834,[0.82665418 0.46412764],83,8,"[0.8210079602672482, 0.4506152114933381]",0,17
3835,[0.28156312 0.69581243],65,12,"[0.2822438507480652, 0.7105313788319401]",0,-1
3836,[0.15860605 0.69303004],17,45,"[0.19601325606017345, 0.667358514260268]",0,-1
3837,[0.26056642 0.79831212],65,26,"[0.2731213809151105, 0.8295374863795931]",0,-1
3838,[0.9131134 0.4302117],30,62,"[0.8921140984845523, 0.4428581583396137]",0,-1
3839,[0.60476583 0.2357812 ],88,61,"[0.5821749572804258, 0.2185848836493384]",0,-1
3840,[0.24239125 0.71820815],16,11,"[0.22353793679767786, 0.7478364040140648]",0,-1
3841,[0.55173506 0.52403845],7,29,"[0.5812618174713859, 0.5240123764686471]",0,-1
3842,[0.39177938 0.66772573],76,0,"[0.4226395002574949, 0.6460584349087278]",0,-1
3843,[0.51172357 0.68401093],12,37,"[0.47348968360582744, 0.7125916710309903]",0,-1
3844,[0.73531956 0.38219774],2,4,"[0.7100353299176262, 0.3875574879176719]",0,-1
3845,[0.58646479 0.83338823],60,14,"[0.6208537257023621, 0.8045775614928529]",0,-1
3846,[0.18091111 0.79632767],31,69,"[0.18889864315739, 0.8195957758801673]",0,50
3847,[0.49510257 0.62357327],15,2,"[0.4675886295436634, 0.6021765353351279]",0,-1
3848,[0.77087818 0.63702473],46,72,"[0.7259305706267937, 0.621464812471517]",0,-1
3849,[0.57338271 0.26801488],88,64,"[0.594073349455653, 0.28354489837534175]",0,-1
3850,[0.47454036 0.28935783],55,34,"[0.47832967363307105, 0.25654673669797673]",0,-1
3851,[0.84044033 0.50090566],83,13,"[0.843760744736157, 0.5166552078676889]",0,17
3852,[0.6113289  0.45598314],34,68,"[0.6059400326152605, 0.4534475926518635]",0,-1
3853,[0.77991557 0.57532281],99,47,"[0.8091525442233867, 0.6013457413252116]",0,-1
3854,[0.68261354 0.34692053],71,3,"[0.6759399092328674, 0.32128183561871837]",0,21
3855,[0.3660404  0.20080355],73,31,"[0.4191189173246286, 0.19329258812229377]",0,-1
3856,[0.46014865 0.17760912],84,56,"[0.4908116515444846, 0.16632592191374188]",0,34
3857,[0.69676603 0.71084494],46,60,"[0.7001338409322506, 0.7409401695756385]",0,-1
3858,[0.73037716 0.28201669],54,55,"[0.7305076164562052, 0.2580112669411776]",0,-1
3859,[0.39937409 0.60953099],82,30,"[0.36820757824267275, 0.5891561499462349]",0,88
3860,[0.17809177 0.61473503],23,80,"[0.15990270049190128, 0.5986117043755352]",0,40
3861,[0.4134294  0.47737023],64,17,"[0.4108830354862289, 0.4435508998593477]",0,80
3862,[0.37357411 0.65883802],69,36,"[0.3536068858323266, 0.6613822308481206]",0,-1
3863,[0.15879115 0.68042   ],39,45,"[0.19601325606017345, 0.667358514260268]",0,-1
3864,[0.591627  0.5843068],37,9,"[0.6184830434267037, 0.586333469678524]",0,88
3865,[0.65329316 0.81007986],24,14,"[0.6208537257023621, 0.8045775614928529]",0,-1
3866,[0.21445087 0.34794713],22,38,"[0.18350109397176653, 0.31916714902230253]",0,-1
3867,[0.86240536 0.7725776 ],96,41,"[0.8492841799095646, 0.8019622424543851]",0,10
3868,[0.76089447 0.31010317],91,22,"[0.757272224425649, 0.33905999717339425]",0,-1
3869,[0.62344242 0.76674266],79,57,"[0.6165364982648931, 0.7310583472769618]",0,36
3870,[0.41684374 0.6546319 ],90,0,"[0.4226395002574949, 0.6460584349087278]",0,88
3871,[0.624468   0.26655615],89,64,"[0.594073349455653, 0.28354489837534175]",0,-1
3872,[0.31733781 0.70967269],19,12,"[0.2822438507480652, 0.7105313788319401]",0,-1
3873,[0.61970786 0.8071118 ],24,14,"[0.6208537257023621, 0.8045775614928529]",0,42
3874,[0.21754215 0.42457714],97,23,"[0.2032497039719594, 0.393824370774819]",0,-1
3875,[0.73942088 0.41495266],50,15,"[0.7558016368645127, 0.4462797814247812]",0,-1
3876,[0.59100004 0.2310574 ],86,61,"[0.5821749572804258, 0.2185848836493384]",0,-1
3877,[0.81842885 0.82703236],62,48,"[0.7803433920128066, 0.8205948599681767]",0,13
3878,[0.5026743 0.4936294],41,40,"[0.4758590512403852, 0.5317248607280546]",0,-1
3879,[0.10252322 0.48893007],26,77,"[0.10737865443478777, 0.5291217341624451]",0,-1
3880,[0.37164241 0.65876586],76,36,"[0.3536068858323266, 0.6613822308481206]",0,-1
3881,[0.41929788 0.39324281],64,17,"[0.4108830354862289, 0.4435508998593477]",0,-1
3882,[0.71540444 0.39391578],3,4,"[0.7100353299176262, 0.3875574879176719]",0,21
3883,[0.34049895 0.14941332],73,49,"[0.35418448506576955, 0.14329850428612353]",0,-1
3884,[0.7392591  0.39749767],50,4,"[0.7100353299176262, 0.3875574879176719]",0,21
3885,[0.19530548 0.43608345],53,23,"[0.2032497039719594, 0.393824370774819]",0,-1
3886,[0.77059187 0.05349027],36,95,"[0.7517203864819665, 0.11417692930271928]",-1,-1
3887,[0.28785784 0.30687881],11,7,"[0.3321936611977011, 0.34293111744375654]",0,-1
3888,[0.70473131 0.30592974],91,3,"[0.6759399092328674, 0.32128183561871837]",0,18
3889,[0.27144877 0.18270561],10,27,"[0.29001319373773415, 0.21087702736570366]",0,-1
3890,[0.14479469 0.76534938],65,43,"[0.15465866632935668, 0.7523522483084468]",0,51
3891,[0.48135392 0.55083185],13,40,"[0.4758590512403852, 0.5317248607280546]",0,83
3892,[0.66923455 0.32244831],61,3,"[0.6759399092328674, 0.32128183561871837]",0,21
3893,[0.18293742 0.1063569 ],45,89,"[0.15862126123377812, 0.09531060003677258]",0,-1
3894,[0.860421   0.55109521],99,59,"[0.8763268698051316, 0.579199170331017]",0,-1
3895,[0.17339476 0.44075971],26,51,"[0.1508950301577577, 0.45723062251398755]",0,70
3896,[0.30253719 0.8190706 ],48,26,"[0.2731213809151105, 0.8295374863795931]",0,46
3897,[0.67473495 0.22309701],95,35,"[0.6545605605339905, 0.22500987532438183]",0,-1
3898,[0.36248437 0.5359099 ],41,50,"[0.3898476181838421, 0.5216929572274273]",0,-1
3899,[0.80629854 0.27932958],80,66,"[0.8238364342627095, 0.2773691959806487]",0,-1
3900,[0.2705663  0.72111185],16,12,"[0.2822438507480652, 0.7105313788319401]",0,54
3901,[0.8091445 0.4011509],30,25,"[0.8211120104597844, 0.37574618786089475]",0,-1
3902,[0.35331477 0.19174167],57,49,"[0.35418448506576955, 0.14329850428612353]",0,-1
3903,[0.55339579 0.37160025],4,73,"[0.5684491373659465, 0.3759776977620393]",0,-1
3904,[0.59767148 0.80598498],24,14,"[0.6208537257023621, 0.8045775614928529]",0,42
3905,[0.28541957 0.7141943 ],18,12,"[0.2822438507480652, 0.7105313788319401]",0,54
3906,[0.17933405 0.43423796],98,51,"[0.1508950301577577, 0.45723062251398755]",0,70
3907,[0.66788546 0.52938738],35,53,"[0.6955018555560987, 0.5389599645427405]",0,-1
3908,[0.32680283 0.36128675],1,7,"[0.3321936611977011, 0.34293111744375654]",0,89
3909,[0.79086314 0.46640184],63,8,"[0.8210079602672482, 0.4506152114933381]",0,17
3910,[0.28264264 0.38012064],81,19,"[0.2847353251184853, 0.39005308479636985]",0,90
3911,[0.81604413 0.5611533 ],99,47,"[0.8091525442233867, 0.6013457413252116]",0,14
3912,[0.66042455 0.39138929],61,10,"[0.6398799516193626, 0.38844091859549007]",0,21
3913,[0.59467143 0.61747157],75,9,"[0.6184830434267037, 0.586333469678524]",0,-1
3914,[0.87259435 0.85708573],85,87,"[0.8925149589987491, 0.8617277435613537]",0,-1
3915,[0.35500413 0.22210688],73,21,"[0.3571400957876323, 0.26942599959136726]",0,-1
3916,[0.56128417 0.49818844],77,29,"[0.5812618174713859, 0.5240123764686471]",0,-1
3917,[0.55224374 0.65511714],75,5,"[0.54876158375065, 0.6433749135954844]",0,-1
3918,[0.17546754 0.31762442],53,38,"[0.18350109397176653, 0.31916714902230253]",0,61
3919,[0.65964413 0.79982007],79,14,"[0.6208537257023621, 0.8045775614928529]",0,-1
3920,[0.74395833 0.18927769],89,70,"[0.6986975952159088, 0.16842470592263856]",0,-1
3921,[0.21071958 0.12739992],45,52,"[0.2294764018471187, 0.143723856671554]",0,-1
3922,[0.2285773  0.74176658],18,11,"[0.22353793679767786, 0.7478364040140648]",0,-1
3923,[0.30207894 0.11360946],10,98,"[0.3113890783178001, 0.057273366575225935]",0,-1
3924,[0.58298208 0.57919477],37,9,"[0.6184830434267037, 0.586333469678524]",0,88
3925,[0.39760239 0.61398907],90,30,"[0.36820757824267275, 0.5891561499462349]",0,88
3926,[0.19509292 0.7212311 ],16,11,"[0.22353793679767786, 0.7478364040140648]",0,55
3927,[0.568649  0.2053704],88,61,"[0.5821749572804258, 0.2185848836493384]",0,-1
3928,[0.79415977 0.7279852 ],85,63,"[0.7856877410353075, 0.7534945903126699]",0,-1
3929,[0.18955403 0.32245145],53,38,"[0.18350109397176653, 0.31916714902230253]",0,61
3930,[0.44847549 0.69456322],6,37,"[0.47348968360582744, 0.7125916710309903]",0,-1
3931,[0.62424114 0.28379514],86,64,"[0.594073349455653, 0.28354489837534175]",0,4
3932,[0.74367622 0.48831087],3,15,"[0.7558016368645127, 0.4462797814247812]",0,-1
3933,[0.4681427 0.4078683],4,42,"[0.47090413605197745, 0.3706753216883814]",0,58
3934,[0.65496749 0.3003449 ],61,3,"[0.6759399092328674, 0.32128183561871837]",0,-1
3935,[0.62502585 0.66227697],75,76,"[0.6483290776065068, 0.6569295539328516]",0,-1
3936,[0.58159723 0.79880401],79,14,"[0.6208537257023621, 0.8045775614928529]",0,-1
3937,[0.16383767 0.51961204],97,44,"[0.1912270592870895, 0.5359549801185394]",0,44
3938,[0.4086721  0.61911595],15,0,"[0.4226395002574949, 0.6460584349087278]",0,88
3939,[0.45268433 0.1721851 ],33,56,"[0.4908116515444846, 0.16632592191374188]",0,34
3940,[0.38038151 0.07993741],84,49,"[0.35418448506576955, 0.14329850428612353]",0,-1
3941,[0.84218404 0.24429349],80,66,"[0.8238364342627095, 0.2773691959806487]",0,-1
3942,[0.33696524 0.8222663 ],59,54,"[0.36959478636682913, 0.8084550989826409]",0,-1
3943,[0.49173087 0.46945816],4,75,"[0.5172236746686562, 0.4443369127615434]",0,-1
3944,[0.29955059 0.33551763],47,7,"[0.3321936611977011, 0.34293111744375654]",0,-1
3945,[0.633405   0.71893584],79,57,"[0.6165364982648931, 0.7310583472769618]",0,-1
3946,[0.39585766 0.58182028],90,30,"[0.36820757824267275, 0.5891561499462349]",0,88
3947,[0.68531014 0.42447983],29,65,"[0.6636957553845171, 0.46135824588144125]",0,-1
3948,[0.52948485 0.8576272 ],93,18,"[0.527398606849523, 0.8662745321442044]",0,-1
3949,[0.66688232 0.38161713],61,10,"[0.6398799516193626, 0.38844091859549007]",0,21
3950,[0.84607548 0.54084564],27,13,"[0.843760744736157, 0.5166552078676889]",0,-1
3951,[0.49141461 0.66789963],75,37,"[0.47348968360582744, 0.7125916710309903]",0,-1
3952,[0.71445054 0.33018952],71,3,"[0.6759399092328674, 0.32128183561871837]",0,-1
3953,[0.18819312 0.66907731],65,45,"[0.19601325606017345, 0.667358514260268]",0,-1
3954,[0.69789908 0.34681122],2,3,"[0.6759399092328674, 0.32128183561871837]",0,21
3955,[0.47319809 0.44951849],92,75,"[0.5172236746686562, 0.4443369127615434]",0,-1
3956,[0.69797605 0.27238404],91,55,"[0.7305076164562052, 0.2580112669411776]",0,-1
3957,[0.55061885 0.61427559],12,5,"[0.54876158375065, 0.6433749135954844]",0,88
3958,[0.78377597 0.39638942],66,25,"[0.8211120104597844, 0.37574618786089475]",0,-1
3959,[0.37795055 0.38344003],1,1,"[0.3572487842659222, 0.41922446128046986]",0,89
3960,[0.5909757  0.61169363],69,9,"[0.6184830434267037, 0.586333469678524]",0,-1
3961,[0.2180549  0.75791616],65,11,"[0.22353793679767786, 0.7478364040140648]",0,57
3962,[0.3930575  0.37445302],38,6,"[0.40678448596985844, 0.34277371919698396]",0,89
3963,[0.29006228 0.38971299],9,19,"[0.2847353251184853, 0.39005308479636985]",0,-1
3964,[0.77936433 0.26862717],89,66,"[0.8238364342627095, 0.2773691959806487]",0,1
3965,[0.80610875 0.21683609],36,78,"[0.7951539755354653, 0.19004804298167233]",0,0
3966,[0.10154925 0.55354194],17,77,"[0.10737865443478777, 0.5291217341624451]",0,-1
3967,[0.417428   0.39410857],38,17,"[0.4108830354862289, 0.4435508998593477]",0,-1
3968,[0.27435608 0.71249514],19,12,"[0.2822438507480652, 0.7105313788319401]",0,54
3969,[0.98257226 0.40479363],43,-1,-1,-1,-1
3970,[0.28172652 0.22113505],58,27,"[0.29001319373773415, 0.21087702736570366]",0,-1
3971,[0.5423104  0.80245363],72,46,"[0.5435344637313357, 0.7795756563374607]",0,-1
3972,[0.42995617 0.67715337],15,0,"[0.4226395002574949, 0.6460584349087278]",0,88
3973,[0.55495314 0.17903248],88,91,"[0.5747298360762695, 0.15930251145986343]",0,-1
3974,[0.45694667 0.63875476],75,0,"[0.4226395002574949, 0.6460584349087278]",0,88
3975,[0.34168921 0.34910591],1,7,"[0.3321936611977011, 0.34293111744375654]",0,89
3976,[0.61146312 0.37128951],40,10,"[0.6398799516193626, 0.38844091859549007]",0,-1
3977,[0.42373612 0.14492087],84,74,"[0.4464145664830302, 0.11749079524673668]",0,33
3978,[0.38880331 0.89640383],48,67,"[0.37743107737986015, 0.883213849264441]",0,-1
3979,[0.88216404 0.49976632],83,13,"[0.843760744736157, 0.5166552078676889]",0,-1
3980,[0.40318868 0.77701852],78,54,"[0.36959478636682913, 0.8084550989826409]",0,-1
3981,[0.21281    0.45528133],97,28,"[0.2520846559803125, 0.4621952512240386]",0,-1
3982,[0.73300447 0.49440618],99,32,"[0.7786163905873836, 0.5211842185039978]",0,-1
3983,[0.11290751 0.53907252],98,77,"[0.10737865443478777, 0.5291217341624451]",0,24
3984,[0.36975539 0.71728151],94,58,"[0.37887936110594184, 0.7334391897891285]",0,-1
3985,[0.79019481 0.61199645],27,47,"[0.8091525442233867, 0.6013457413252116]",0,-1
3986,[0.52732679 0.42235708],4,75,"[0.5172236746686562, 0.4443369127615434]",0,-1
3987,[0.21226739 0.64202781],23,45,"[0.19601325606017345, 0.667358514260268]",0,-1
3988,[0.82961146 0.16870271],36,88,"[0.8567588921418147, 0.17457306337920828]",0,-1
3989,[0.19444118 0.5243029 ],97,44,"[0.1912270592870895, 0.5359549801185394]",0,-1
3990,[0.27821617 0.71126278],16,12,"[0.2822438507480652, 0.7105313788319401]",0,-1
3991,[0.68978757 0.27104615],89,55,"[0.7305076164562052, 0.2580112669411776]",0,-1
3992,[0.4057737  0.30963721],67,6,"[0.40678448596985844, 0.34277371919698396]",0,-1
3993,[0.50274422 0.56804258],69,20,"[0.5371890084085489, 0.5739528596094324]",0,-1
3994,[0.77063773 0.71627554],46,63,"[0.7856877410353075, 0.7534945903126699]",0,-1
3995,[0.18303163 0.20805463],11,33,"[0.1898538969523832, 0.20289106741831933]",0,-1
3996,[0.26489364 0.49967504],20,28,"[0.2520846559803125, 0.4621952512240386]",0,-1
3997,[0.56040291 0.85406667],24,18,"[0.527398606849523, 0.8662745321442044]",0,29
3998,[0.25192172 0.36146222],22,19,"[0.2847353251184853, 0.39005308479636985]",0,71
3999,[0.77087171 0.38668393],80,22,"[0.757272224425649, 0.33905999717339425]",0,-1
4000,[0.85822476 0.48736307],43,13,"[0.843760744736157, 0.5166552078676889]",0,17
4001,[0.62751813 0.38356193],71,10,"[0.6398799516193626, 0.38844091859549007]",0,-1
4002,[0.3373553  0.17714432],57,49,"[0.35418448506576955, 0.14329850428612353]",0,28
4003,[0.24263136 0.77657818],65,11,"[0.22353793679767786, 0.7478364040140648]",0,-1
4004,[0.4098971 0.2595715],25,21,"[0.3571400957876323, 0.26942599959136726]",0,-1
4005,[0.3921996  0.88438618],78,67,"[0.37743107737986015, 0.883213849264441]",0,-1
4006,[0.70870258 0.76118765],24,60,"[0.7001338409322506, 0.7409401695756385]",0,-1
4007,[0.33743571 0.39376752],42,1,"[0.3572487842659222, 0.41922446128046986]",0,89
4008,[0.76106522 0.45289017],50,15,"[0.7558016368645127, 0.4462797814247812]",0,-1
4009,[0.20291664 0.20933588],32,33,"[0.1898538969523832, 0.20289106741831933]",0,-1
4010,[0.33504657 0.31893675],42,7,"[0.3321936611977011, 0.34293111744375654]",0,75
4011,[0.60432378 0.60118571],37,9,"[0.6184830434267037, 0.586333469678524]",0,87
4012,[0.19821898 0.82090766],39,69,"[0.18889864315739, 0.8195957758801673]",0,-1
4013,[0.34989346 0.83975045],78,54,"[0.36959478636682913, 0.8084550989826409]",0,-1
4014,[0.86615173 0.51540906],27,13,"[0.843760744736157, 0.5166552078676889]",0,17
4015,[0.38636621 0.82054085],56,54,"[0.36959478636682913, 0.8084550989826409]",0,-1
4016,[0.17696038 0.12644047],10,89,"[0.15862126123377812, 0.09531060003677258]",0,-1
4017,[0.86730465 0.81109929],21,41,"[0.8492841799095646, 0.8019622424543851]",0,-1
4018,[0.63118166 0.36630454],4,10,"[0.6398799516193626, 0.38844091859549007]",0,19
4019,[0.57896195 0.38521685],29,73,"[0.5684491373659465, 0.3759776977620393]",0,-1
4020,[0.21924891 0.74295018],18,11,"[0.22353793679767786, 0.7478364040140648]",0,57
4021,[0.17355915 0.3759471 ],44,23,"[0.2032497039719594, 0.393824370774819]",0,-1
4022,[0.49789053 0.87954637],60,18,"[0.527398606849523, 0.8662745321442044]",0,-1
4023,[0.44551782 0.65402051],15,0,"[0.4226395002574949, 0.6460584349087278]",0,88
4024,[0.50655876 0.19961203],86,56,"[0.4908116515444846, 0.16632592191374188]",0,-1
4025,[0.46950116 0.94567047],93,-1,-1,-1,-1
4026,[0.47037389 0.46184087],8,75,"[0.5172236746686562, 0.4443369127615434]",0,-1
4027,[0.48762246 0.43603696],4,75,"[0.5172236746686562, 0.4443369127615434]",0,-1
4028,[0.39569066 0.6835873 ],76,0,"[0.4226395002574949, 0.6460584349087278]",0,-1
4029,[0.36263763 0.12189844],57,49,"[0.35418448506576955, 0.14329850428612353]",0,-1
4030,[0.33543288 0.258787  ],25,21,"[0.3571400957876323, 0.26942599959136726]",0,75
4031,[0.81409689 0.38323193],66,25,"[0.8211120104597844, 0.37574618786089475]",0,17
4032,[0.58483477 0.60767587],74,9,"[0.6184830434267037, 0.586333469678524]",0,-1
4033,[0.35703258 0.37732483],81,1,"[0.3572487842659222, 0.41922446128046986]",0,89
4034,[0.48835724 0.89198029],93,18,"[0.527398606849523, 0.8662745321442044]",0,-1
4035,[0.71333364 0.18757953],95,70,"[0.6986975952159088, 0.16842470592263856]",0,5
4036,[0.88546253 0.46944232],30,62,"[0.8921140984845523, 0.4428581583396137]",0,-1
4037,[0.67493435 0.60676529],35,72,"[0.7259305706267937, 0.621464812471517]",0,-1
4038,[0.25311686 0.71591202],19,12,"[0.2822438507480652, 0.7105313788319401]",0,-1
4039,[0.16557346 0.68043299],23,45,"[0.19601325606017345, 0.667358514260268]",0,-1
4040,[0.74905756 0.32402415],66,22,"[0.757272224425649, 0.33905999717339425]",0,-1
4041,[0.18419164 0.31604732],53,38,"[0.18350109397176653, 0.31916714902230253]",0,61
4042,[0.24268673 0.07605673],45,52,"[0.2294764018471187, 0.143723856671554]",-1,-1
4043,[0.14865825 0.39748644],53,71,"[0.11481900251646894, 0.37559708088824]",0,69
4044,[0.29190104 0.26858345],58,24,"[0.23531691667485555, 0.27209662123665185]",0,-1
4045,[0.40253091 0.6506227 ],15,0,"[0.4226395002574949, 0.6460584349087278]",0,88
4046,[0.72596508 0.25203526],95,55,"[0.7305076164562052, 0.2580112669411776]",0,-1
4047,[0.4058687  0.56421751],7,30,"[0.36820757824267275, 0.5891561499462349]",0,-1
4048,[0.19437277 0.37019297],53,23,"[0.2032497039719594, 0.393824370774819]",0,62
4049,[0.1318547  0.62517883],17,80,"[0.15990270049190128, 0.5986117043755352]",0,-1
4050,[0.14168817 0.10708464],45,89,"[0.15862126123377812, 0.09531060003677258]",0,-1
4051,[0.73889264 0.33270774],71,22,"[0.757272224425649, 0.33905999717339425]",0,-1
4052,[0.77106422 0.44397483],43,15,"[0.7558016368645127, 0.4462797814247812]",0,17
4053,[0.44422691 0.37211691],14,42,"[0.47090413605197745, 0.3706753216883814]",0,58
4054,[0.15266311 0.36812606],53,71,"[0.11481900251646894, 0.37559708088824]",0,-1
4055,[0.7108217  0.30881847],54,3,"[0.6759399092328674, 0.32128183561871837]",0,18
4056,[0.77315993 0.32178644],66,22,"[0.757272224425649, 0.33905999717339425]",0,-1
4057,[0.20085032 0.23653404],32,33,"[0.1898538969523832, 0.20289106741831933]",0,66
4058,[0.66562146 0.74640786],46,60,"[0.7001338409322506, 0.7409401695756385]",0,-1
4059,[0.31091062 0.81238032],48,26,"[0.2731213809151105, 0.8295374863795931]",0,-1
4060,[0.2970209  0.47943798],81,28,"[0.2520846559803125, 0.4621952512240386]",0,-1
4061,[0.38346025 0.58673872],82,30,"[0.36820757824267275, 0.5891561499462349]",0,-1
4062,[0.3513712  0.85753055],59,67,"[0.37743107737986015, 0.883213849264441]",0,-1
4063,[0.76928173 0.20248012],36,78,"[0.7951539755354653, 0.19004804298167233]",0,-1
4064,[0.46910007 0.65312846],15,0,"[0.4226395002574949, 0.6460584349087278]",0,-1
4065,[0.32330592 0.60854756],20,30,"[0.36820757824267275, 0.5891561499462349]",0,-1
4066,[0.49245757 0.50177396],82,40,"[0.4758590512403852, 0.5317248607280546]",0,-1
4067,[0.41357692 0.63707303],90,0,"[0.4226395002574949, 0.6460584349087278]",0,88
4068,[0.85580819 0.31041351],80,83,"[0.8762199555116444, 0.3404048051239979]",0,2
4069,[0.51655048 0.58368469],69,20,"[0.5371890084085489, 0.5739528596094324]",0,88
4070,[0.16857642 0.62432004],23,80,"[0.15990270049190128, 0.5986117043755352]",0,40
4071,[0.29384059 0.13660825],10,49,"[0.35418448506576955, 0.14329850428612353]",0,-1
4072,[0.27262361 0.58888648],97,39,"[0.2596202559688416, 0.6257540185994204]",0,-1
4073,[0.58588283 0.62812454],74,5,"[0.54876158375065, 0.6433749135954844]",0,87
4074,[0.41884221 0.2044839 ],25,31,"[0.4191189173246286, 0.19329258812229377]",0,-1
4075,[0.20127441 0.64916328],18,45,"[0.19601325606017345, 0.667358514260268]",0,-1
4076,[0.61139164 0.53737446],77,29,"[0.5812618174713859, 0.5240123764686471]",0,-1
4077,[0.72285673 0.36362793],40,4,"[0.7100353299176262, 0.3875574879176719]",0,21
4078,[0.68215417 0.57461098],35,53,"[0.6955018555560987, 0.5389599645427405]",0,-1
4079,[0.39645141 0.47180683],8,17,"[0.4108830354862289, 0.4435508998593477]",0,80
4080,[0.28985706 0.40647927],22,19,"[0.2847353251184853, 0.39005308479636985]",0,-1
4081,[0.31505519 0.3837349 ],81,19,"[0.2847353251184853, 0.39005308479636985]",0,-1
4082,[0.18803905 0.17488633],45,33,"[0.1898538969523832, 0.20289106741831933]",0,48
4083,[0.77813084 0.48390991],28,32,"[0.7786163905873836, 0.5211842185039978]",0,-1
4084,[0.83551025 0.50394908],63,13,"[0.843760744736157, 0.5166552078676889]",0,17
4085,[0.55255124 0.29316519],86,64,"[0.594073349455653, 0.28354489837534175]",0,-1
4086,[0.76927272 0.72902365],46,63,"[0.7856877410353075, 0.7534945903126699]",0,-1
4087,[0.73377624 0.29188103],54,55,"[0.7305076164562052, 0.2580112669411776]",0,-1
4088,[0.50402967 0.19901388],52,56,"[0.4908116515444846, 0.16632592191374188]",0,-1
4089,[0.52297803 0.12571606],33,56,"[0.4908116515444846, 0.16632592191374188]",0,-1
4090,[0.34569712 0.42009501],14,1,"[0.3572487842659222, 0.41922446128046986]",0,89
4091,[0.40446302 0.55196406],8,50,"[0.3898476181838421, 0.5216929572274273]",0,-1
4092,[0.59207672 0.53367036],13,29,"[0.5812618174713859, 0.5240123764686471]",0,-1
4093,[0.65586749 0.79184128],24,14,"[0.6208537257023621, 0.8045775614928529]",0,-1
4094,[0.24703079 0.65498898],16,39,"[0.2596202559688416, 0.6257540185994204]",0,52
4095,[0.81937474 0.50382361],87,13,"[0.843760744736157, 0.5166552078676889]",0,17
4096,[0.61527335 0.4464925 ],29,68,"[0.6059400326152605, 0.4534475926518635]",0,-1
4097,[0.16707201 0.22569137],5,33,"[0.1898538969523832, 0.20289106741831933]",0,-1
4098,[0.79397214 0.48820281],87,32,"[0.7786163905873836, 0.5211842185039978]",0,17
4099,[0.83655839 0.46584523],83,8,"[0.8210079602672482, 0.4506152114933381]",0,17
4100,[0.2897173  0.38066719],1,19,"[0.2847353251184853, 0.39005308479636985]",0,90
4101,[0.59913261 0.82051908],79,14,"[0.6208537257023621, 0.8045775614928529]",0,-1
4102,[0.5532603  0.64641312],75,5,"[0.54876158375065, 0.6433749135954844]",0,-1
4103,[0.55926034 0.45586207],49,75,"[0.5172236746686562, 0.4443369127615434]",0,-1
4104,[0.12932605 0.72595613],0,43,"[0.15465866632935668, 0.7523522483084468]",0,-1
4105,[0.3979047  0.84653578],78,67,"[0.37743107737986015, 0.883213849264441]",0,-1
4106,[0.4080399  0.41265813],14,17,"[0.4108830354862289, 0.4435508998593477]",0,89
4107,[0.15574499 0.1913354 ],45,81,"[0.13426292668090453, 0.163935928071412]",0,-1
4108,[0.5999761  0.41397464],4,68,"[0.6059400326152605, 0.4534475926518635]",0,-1
4109,[0.33273281 0.61881904],20,30,"[0.36820757824267275, 0.5891561499462349]",0,-1
4110,[0.91153474 0.4637657 ],43,62,"[0.8921140984845523, 0.4428581583396137]",0,-1
4111,[0.35733589 0.6254546 ],20,36,"[0.3536068858323266, 0.6613822308481206]",0,-1
4112,[0.31560817 0.45619806],9,1,"[0.3572487842659222, 0.41922446128046986]",0,-1
4113,[0.75952271 0.51089588],3,32,"[0.7786163905873836, 0.5211842185039978]",0,-1
4114,[0.87642556 0.52113876],43,13,"[0.843760744736157, 0.5166552078676889]",0,-1
4115,[0.40462301 0.68277979],6,0,"[0.4226395002574949, 0.6460584349087278]",0,88
4116,[0.61168868 0.85041274],72,82,"[0.6132420785222222, 0.8710652413331001]",0,-1
4117,[0.25990326 0.43296357],44,28,"[0.2520846559803125, 0.4621952512240386]",0,-1
4118,[0.80066045 0.42192468],50,8,"[0.8210079602672482, 0.4506152114933381]",0,-1
4119,[0.59686863 0.61715834],74,9,"[0.6184830434267037, 0.586333469678524]",0,87
4120,[0.65183672 0.25398217],86,35,"[0.6545605605339905, 0.22500987532438183]",0,-1
4121,[0.4122712  0.61144851],15,0,"[0.4226395002574949, 0.6460584349087278]",0,88
4122,[0.44988055 0.55838864],69,40,"[0.4758590512403852, 0.5317248607280546]",0,88
4123,[0.85100058 0.18573968],36,88,"[0.8567588921418147, 0.17457306337920828]",0,0
4124,[0.54475046 0.57158574],41,20,"[0.5371890084085489, 0.5739528596094324]",0,88
4125,[0.4319745  0.80703569],78,16,"[0.45898902168994016, 0.8115000101692392]",0,-1
4126,[0.15206883 0.29102213],53,84,"[0.1433957510634753, 0.2579081432754369]",0,-1
4127,[0.46789591 0.58959348],82,2,"[0.4675886295436634, 0.6021765353351279]",0,-1
4128,[0.16022634 0.77996441],39,43,"[0.15465866632935668, 0.7523522483084468]",0,51
4129,[0.34957684 0.45586296],8,1,"[0.3572487842659222, 0.41922446128046986]",0,78
4130,[0.37578085 0.73287897],6,58,"[0.37887936110594184, 0.7334391897891285]",0,-1
4131,[0.2094547  0.54383464],98,44,"[0.1912270592870895, 0.5359549801185394]",0,-1
4132,[0.72825902 0.1721239 ],95,70,"[0.6986975952159088, 0.16842470592263856]",0,-1
4133,[0.7617824  0.47597888],28,15,"[0.7558016368645127, 0.4462797814247812]",0,-1
4134,[0.76704769 0.77620517],46,63,"[0.7856877410353075, 0.7534945903126699]",0,-1
4135,[0.58219056 0.58273627],37,9,"[0.6184830434267037, 0.586333469678524]",0,88
4136,[0.6021997  0.60953091],77,9,"[0.6184830434267037, 0.586333469678524]",0,87
4137,[0.46202469 0.42872171],64,17,"[0.4108830354862289, 0.4435508998593477]",0,-1
4138,[0.78426264 0.79097512],62,48,"[0.7803433920128066, 0.8205948599681767]",0,12
4139,[0.50168007 0.81416473],60,16,"[0.45898902168994016, 0.8115000101692392]",0,38
4140,[0.82114849 0.87858043],96,79,"[0.8263954992254994, 0.8681441505941476]",0,-1
4141,[0.20323155 0.53719581],17,44,"[0.1912270592870895, 0.5359549801185394]",0,-1
4142,[0.7154539  0.37258144],54,4,"[0.7100353299176262, 0.3875574879176719]",0,21
4143,[0.22323122 0.49664835],9,28,"[0.2520846559803125, 0.4621952512240386]",0,-1
4144,[0.42579772 0.43204014],8,17,"[0.4108830354862289, 0.4435508998593477]",0,-1
4145,[0.14875848 0.46038246],97,51,"[0.1508950301577577, 0.45723062251398755]",0,-1
4146,[0.68998338 0.41948692],2,4,"[0.7100353299176262, 0.3875574879176719]",0,-1
4147,[0.66749793 0.29099808],91,3,"[0.6759399092328674, 0.32128183561871837]",0,22
4148,[0.45194025 0.34678695],38,42,"[0.47090413605197745, 0.3706753216883814]",0,-1
4149,[0.83945664 0.35669342],66,25,"[0.8211120104597844, 0.37574618786089475]",0,-1
4150,[0.40307381 0.61643581],82,0,"[0.4226395002574949, 0.6460584349087278]",0,88
4151,[0.05604952 0.33219552],26,-1,-1,-1,-1
4152,[0.38919406 0.2420391 ],57,21,"[0.3571400957876323, 0.26942599959136726]",0,-1
4153,[0.19532269 0.33240784],53,38,"[0.18350109397176653, 0.31916714902230253]",0,62
4154,[0.31179016 0.39332331],42,19,"[0.2847353251184853, 0.39005308479636985]",0,-1
4155,[0.66369289 0.41063378],61,10,"[0.6398799516193626, 0.38844091859549007]",0,21
4156,[0.61946449 0.80105453],24,14,"[0.6208537257023621, 0.8045775614928529]",0,-1
4157,[0.38436402 0.78652951],56,54,"[0.36959478636682913, 0.8084550989826409]",0,23
4158,[0.17199982 0.40216948],44,23,"[0.2032497039719594, 0.393824370774819]",0,69
4159,[0.32027756 0.42630594],81,1,"[0.3572487842659222, 0.41922446128046986]",0,86
4160,[0.6963598  0.32080737],54,3,"[0.6759399092328674, 0.32128183561871837]",0,-1
4161,[0.65428419 0.50049127],61,65,"[0.6636957553845171, 0.46135824588144125]",0,-1
4162,[0.55933671 0.34904311],71,73,"[0.5684491373659465, 0.3759776977620393]",0,-1
4163,[0.7970551  0.57617955],43,47,"[0.8091525442233867, 0.6013457413252116]",0,8
4164,[0.13687527 0.38731775],44,71,"[0.11481900251646894, 0.37559708088824]",0,-1
4165,[0.30801834 0.33225709],47,7,"[0.3321936611977011, 0.34293111744375654]",0,-1
4166,[0.7909069  0.74042641],62,63,"[0.7856877410353075, 0.7534945903126699]",0,-1
4167,[0.55788472 0.54173779],37,29,"[0.5812618174713859, 0.5240123764686471]",0,-1
4168,[0.51614937 0.88590153],60,18,"[0.527398606849523, 0.8662745321442044]",0,-1
4169,[0.32275385 0.20838367],57,27,"[0.29001319373773415, 0.21087702736570366]",0,59
4170,[0.22445521 0.78726056],65,11,"[0.22353793679767786, 0.7478364040140648]",0,-1
4171,[0.6378094  0.89814435],24,82,"[0.6132420785222222, 0.8710652413331001]",-1,-1
4172,[0.65815377 0.64199716],74,76,"[0.6483290776065068, 0.6569295539328516]",0,-1
4173,[0.23265377 0.84398172],65,26,"[0.2731213809151105, 0.8295374863795931]",0,45
4174,[0.45716865 0.64611596],76,0,"[0.4226395002574949, 0.6460584349087278]",0,88
4175,[0.86196102 0.16937027],36,88,"[0.8567588921418147, 0.17457306337920828]",0,0
4176,[0.42836326 0.5619869 ],7,50,"[0.3898476181838421, 0.5216929572274273]",0,-1
4177,[0.45220188 0.24199204],52,34,"[0.47832967363307105, 0.25654673669797673]",0,32
4178,[0.39298845 0.31072816],38,6,"[0.40678448596985844, 0.34277371919698396]",0,-1
4179,[0.38757292 0.4798518 ],8,50,"[0.3898476181838421, 0.5216929572274273]",0,-1
4180,[0.11317707 0.54613624],98,77,"[0.10737865443478777, 0.5291217341624451]",0,24
4181,[0.48726162 0.65218457],15,2,"[0.4675886295436634, 0.6021765353351279]",0,-1
4182,[0.85875891 0.43894406],43,62,"[0.8921140984845523, 0.4428581583396137]",0,-1
4183,[0.62968767 0.85162134],79,82,"[0.6132420785222222, 0.8710652413331001]",0,-1
4184,[0.87179714 0.27174141],80,66,"[0.8238364342627095, 0.2773691959806487]",0,-1
4185,[0.34321129 0.24093579],47,21,"[0.3571400957876323, 0.26942599959136726]",0,-1
4186,[0.13810838 0.14486276],45,81,"[0.13426292668090453, 0.163935928071412]",0,-1
4187,[0.76160387 0.84509986],62,48,"[0.7803433920128066, 0.8205948599681767]",0,-1
4188,[0.65556249 0.34599947],40,3,"[0.6759399092328674, 0.32128183561871837]",0,21
4189,[0.22563313 0.74056062],16,11,"[0.22353793679767786, 0.7478364040140648]",0,-1
4190,[0.06181715 0.66581937],39,90,"[0.11769418158886381, 0.6663972759552037]",-1,-1
4191,[0.77929339 0.39360142],54,25,"[0.8211120104597844, 0.37574618786089475]",0,-1
4192,[0.56459736 0.66164065],74,5,"[0.54876158375065, 0.6433749135954844]",0,88
4193,[0.51568655 0.56503146],12,20,"[0.5371890084085489, 0.5739528596094324]",0,88
4194,[0.58984614 0.56588028],37,9,"[0.6184830434267037, 0.586333469678524]",0,-1
4195,[0.46923281 0.14552971],84,56,"[0.4908116515444846, 0.16632592191374188]",0,-1
4196,[0.85330334 0.80792468],96,41,"[0.8492841799095646, 0.8019622424543851]",0,-1
4197,[0.64580827 0.39238767],40,10,"[0.6398799516193626, 0.38844091859549007]",0,21
4198,[0.54927288 0.2552132 ],86,61,"[0.5821749572804258, 0.2185848836493384]",0,-1
4199,[0.32704598 0.42423204],14,1,"[0.3572487842659222, 0.41922446128046986]",0,-1
4200,[0.56389927 0.3776056 ],4,73,"[0.5684491373659465, 0.3759776977620393]",0,-1
4201,[0.19320928 0.16285994],10,33,"[0.1898538969523832, 0.20289106741831933]",0,48
4202,[0.86327196 0.49433521],28,13,"[0.843760744736157, 0.5166552078676889]",0,-1
4203,[0.87770243 0.13642615],36,88,"[0.8567588921418147, 0.17457306337920828]",-1,-1
4204,[0.24951854 0.18365732],10,52,"[0.2294764018471187, 0.143723856671554]",0,64
4205,[0.79320564 0.50433853],83,32,"[0.7786163905873836, 0.5211842185039978]",0,17
4206,[0.18321865 0.23826577],32,33,"[0.1898538969523832, 0.20289106741831933]",0,-1
4207,[0.49573333 0.64822797],6,5,"[0.54876158375065, 0.6433749135954844]",0,85
4208,[0.81158007 0.46600809],50,8,"[0.8210079602672482, 0.4506152114933381]",0,17
4209,[0.5068774  0.54234729],13,40,"[0.4758590512403852, 0.5317248607280546]",0,-1
4210,[0.89670449 0.47636873],99,62,"[0.8921140984845523, 0.4428581583396137]",0,-1
4211,[0.5797435  0.78642018],24,46,"[0.5435344637313357, 0.7795756563374607]",0,-1
4212,[0.19030824 0.6418163 ],18,45,"[0.19601325606017345, 0.667358514260268]",0,40
4213,[0.4476938  0.60893907],7,2,"[0.4675886295436634, 0.6021765353351279]",0,88
4214,[0.44579141 0.78673143],94,16,"[0.45898902168994016, 0.8115000101692392]",0,-1
4215,[0.83449049 0.86687611],85,79,"[0.8263954992254994, 0.8681441505941476]",0,-1
4216,[0.13458268 0.33324386],53,71,"[0.11481900251646894, 0.37559708088824]",0,-1
4217,[0.32115178 0.29010587],42,21,"[0.3571400957876323, 0.26942599959136726]",0,-1
4218,[0.6488745  0.73178743],24,57,"[0.6165364982648931, 0.7310583472769618]",0,-1
4219,[0.62944799 0.61215009],12,9,"[0.6184830434267037, 0.586333469678524]",0,76
4220,[0.74558183 0.62596329],49,72,"[0.7259305706267937, 0.621464812471517]",0,-1
4221,[0.62299611 0.28281266],71,64,"[0.594073349455653, 0.28354489837534175]",0,-1
4222,[0.62170108 0.29379965],71,64,"[0.594073349455653, 0.28354489837534175]",0,4
4223,[0.74735584 0.48625233],87,15,"[0.7558016368645127, 0.4462797814247812]",0,-1
4224,[0.81711736 0.50668006],87,13,"[0.843760744736157, 0.5166552078676889]",0,17
4225,[0.4130361  0.45188231],8,17,"[0.4108830354862289, 0.4435508998593477]",0,82
4226,[0.64847357 0.31710132],71,3,"[0.6759399092328674, 0.32128183561871837]",0,-1
4227,[0.45875841 0.60307843],90,2,"[0.4675886295436634, 0.6021765353351279]",0,88
4228,[0.17891866 0.44093939],98,51,"[0.1508950301577577, 0.45723062251398755]",0,70
4229,[0.85844123 0.56570997],27,59,"[0.8763268698051316, 0.579199170331017]",0,16
4230,[0.65191722 0.4288753 ],34,65,"[0.6636957553845171, 0.46135824588144125]",0,-1
4231,[0.31814987 0.42420881],47,1,"[0.3572487842659222, 0.41922446128046986]",0,86
4232,[0.57507648 0.61419177],49,5,"[0.54876158375065, 0.6433749135954844]",0,-1
4233,[0.75739556 0.23310077],91,55,"[0.7305076164562052, 0.2580112669411776]",0,-1
4234,[0.46719201 0.69175781],12,37,"[0.47348968360582744, 0.7125916710309903]",0,-1
4235,[0.22231662 0.68967886],23,45,"[0.19601325606017345, 0.667358514260268]",0,53
4236,[0.22754247 0.75963218],65,11,"[0.22353793679767786, 0.7478364040140648]",0,-1
4237,[0.24774782 0.1810561 ],58,52,"[0.2294764018471187, 0.143723856671554]",0,64
4238,[0.41038434 0.44568221],14,17,"[0.4108830354862289, 0.4435508998593477]",0,82
4239,[0.57229911 0.72205096],72,57,"[0.6165364982648931, 0.7310583472769618]",0,-1
4240,[0.19212132 0.40151236],26,23,"[0.2032497039719594, 0.393824370774819]",0,72
4241,[0.88808708 0.51201374],30,92,"[0.9291777218511399, 0.5053403904093751]",0,-1
4242,[0.56588984 0.82810577],93,46,"[0.5435344637313357, 0.7795756563374607]",0,-1
4243,[0.29568414 0.41100428],22,19,"[0.2847353251184853, 0.39005308479636985]",0,86
4244,[0.42431581 0.20460748],52,31,"[0.4191189173246286, 0.19329258812229377]",0,35
4245,[0.75477646 0.59321716],99,72,"[0.7259305706267937, 0.621464812471517]",0,-1
4246,[0.7055162  0.26569207],91,55,"[0.7305076164562052, 0.2580112669411776]",0,-1
4247,[0.16597086 0.65707515],16,45,"[0.19601325606017345, 0.667358514260268]",0,-1
4248,[0.36930387 0.5624277 ],76,30,"[0.36820757824267275, 0.5891561499462349]",0,-1
4249,[0.22171481 0.16371859],45,52,"[0.2294764018471187, 0.143723856671554]",0,-1
4250,[0.38984774 0.2843871 ],52,21,"[0.3571400957876323, 0.26942599959136726]",0,-1
4251,[0.65158246 0.43393949],61,65,"[0.6636957553845171, 0.46135824588144125]",0,-1
4252,[0.51249736 0.78946929],94,46,"[0.5435344637313357, 0.7795756563374607]",0,-1
4253,[0.50306166 0.64344846],75,5,"[0.54876158375065, 0.6433749135954844]",0,85
4254,[0.94496186 0.84922281],96,87,"[0.8925149589987491, 0.8617277435613537]",-1,-1
4255,[0.76350654 0.52972432],3,32,"[0.7786163905873836, 0.5211842185039978]",0,17
4256,[0.17948146 0.66150745],23,45,"[0.19601325606017345, 0.667358514260268]",0,-1
4257,[0.26447069 0.85367077],59,26,"[0.2731213809151105, 0.8295374863795931]",0,-1
4258,[0.61244144 0.20649461],88,61,"[0.5821749572804258, 0.2185848836493384]",0,7
4259,[0.48880612 0.76468375],94,37,"[0.47348968360582744, 0.7125916710309903]",0,-1
4260,[0.82630829 0.38549184],83,25,"[0.8211120104597844, 0.37574618786089475]",0,17
4261,[0.86472215 0.54721437],63,59,"[0.8763268698051316, 0.579199170331017]",0,17
4262,[0.51127118 0.56990289],41,20,"[0.5371890084085489, 0.5739528596094324]",0,88
4263,[0.7883826  0.54904447],27,32,"[0.7786163905873836, 0.5211842185039978]",0,-1
4264,[0.86288549 0.54004273],27,13,"[0.843760744736157, 0.5166552078676889]",0,17
4265,[0.68583353 0.33431048],29,3,"[0.6759399092328674, 0.32128183561871837]",0,21
4266,[0.34792528 0.44224696],64,1,"[0.3572487842659222, 0.41922446128046986]",0,-1
4267,[0.80322845 0.25652242],80,66,"[0.8238364342627095, 0.2773691959806487]",0,-1
4268,[0.37730725 0.76093306],94,58,"[0.37887936110594184, 0.7334391897891285]",0,23
4269,[0.34797449 0.44289456],92,1,"[0.3572487842659222, 0.41922446128046986]",0,-1
4270,[0.44429041 0.23061018],52,34,"[0.47832967363307105, 0.25654673669797673]",0,-1
4271,[0.68108405 0.21312289],95,35,"[0.6545605605339905, 0.22500987532438183]",0,5
4272,[0.64455866 0.33245087],71,3,"[0.6759399092328674, 0.32128183561871837]",0,-1
4273,[0.54612833 0.54058363],13,20,"[0.5371890084085489, 0.5739528596094324]",0,-1
4274,[0.44612424 0.3167671 ],55,6,"[0.40678448596985844, 0.34277371919698396]",0,-1
4275,[0.37154887 0.38109795],1,1,"[0.3572487842659222, 0.41922446128046986]",0,89
4276,[0.19634199 0.16074975],32,52,"[0.2294764018471187, 0.143723856671554]",0,48
4277,[0.25378654 0.64273015],18,39,"[0.2596202559688416, 0.6257540185994204]",0,52
4278,[0.18713578 0.23248672],11,33,"[0.1898538969523832, 0.20289106741831933]",0,-1
4279,[0.78305677 0.52657234],27,32,"[0.7786163905873836, 0.5211842185039978]",0,17
4280,[0.10577646 0.27432818],53,84,"[0.1433957510634753, 0.2579081432754369]",0,-1
4281,[0.70002528 0.34624895],54,3,"[0.6759399092328674, 0.32128183561871837]",0,21
4282,[0.76044393 0.42935285],50,15,"[0.7558016368645127, 0.4462797814247812]",0,-1
4283,[0.14224302 0.35148226],53,71,"[0.11481900251646894, 0.37559708088824]",0,-1
4284,[0.5949725  0.81473422],24,14,"[0.6208537257023621, 0.8045775614928529]",0,42
4285,[0.3772014  0.44324731],64,1,"[0.3572487842659222, 0.41922446128046986]",0,89
4286,[0.29909461 0.20218678],58,27,"[0.29001319373773415, 0.21087702736570366]",0,-1
4287,[0.69460497 0.41712219],87,4,"[0.7100353299176262, 0.3875574879176719]",0,-1
4288,[0.72628205 0.67085909],46,72,"[0.7259305706267937, 0.621464812471517]",0,-1
4289,[0.82505356 0.79983797],21,41,"[0.8492841799095646, 0.8019622424543851]",0,13
4290,[0.52905084 0.87657192],93,18,"[0.527398606849523, 0.8662745321442044]",0,-1
4291,[0.50645074 0.83458675],72,18,"[0.527398606849523, 0.8662745321442044]",0,-1
4292,[0.33684507 0.27500349],57,21,"[0.3571400957876323, 0.26942599959136726]",0,75
4293,[0.82846868 0.52207105],63,13,"[0.843760744736157, 0.5166552078676889]",0,17
4294,[0.76429137 0.55717138],28,32,"[0.7786163905873836, 0.5211842185039978]",0,-1
4295,[0.5409667  0.52649209],13,29,"[0.5812618174713859, 0.5240123764686471]",0,-1
4296,[0.5023879  0.77709151],94,46,"[0.5435344637313357, 0.7795756563374607]",0,-1
4297,[0.37378399 0.50361875],8,50,"[0.3898476181838421, 0.5216929572274273]",0,-1
4298,[0.263242   0.61788738],18,39,"[0.2596202559688416, 0.6257540185994204]",0,-1
4299,[0.24614487 0.3986368 ],81,19,"[0.2847353251184853, 0.39005308479636985]",0,73
4300,[0.80006822 0.45181521],43,8,"[0.8210079602672482, 0.4506152114933381]",0,17
4301,[0.44290308 0.57135654],69,2,"[0.4675886295436634, 0.6021765353351279]",0,-1
4302,[0.35997035 0.41170756],42,1,"[0.3572487842659222, 0.41922446128046986]",0,89
4303,[0.70373809 0.45473447],68,65,"[0.6636957553845171, 0.46135824588144125]",0,-1
4304,[0.44685332 0.61142393],76,2,"[0.4675886295436634, 0.6021765353351279]",0,88
4305,[0.70843759 0.35046189],68,4,"[0.7100353299176262, 0.3875574879176719]",0,21
4306,[0.71669694 0.48995636],28,53,"[0.6955018555560987, 0.5389599645427405]",0,-1
4307,[0.39616207 0.29020145],47,21,"[0.3571400957876323, 0.26942599959136726]",0,-1
4308,[0.46420829 0.60538363],7,2,"[0.4675886295436634, 0.6021765353351279]",0,88
4309,[0.57661566 0.2151178 ],88,61,"[0.5821749572804258, 0.2185848836493384]",0,-1
4310,[0.71868509 0.3890974 ],61,4,"[0.7100353299176262, 0.3875574879176719]",0,-1
4311,[0.39846286 0.36325075],38,6,"[0.40678448596985844, 0.34277371919698396]",0,-1
4312,[0.37039068 0.39504337],92,1,"[0.3572487842659222, 0.41922446128046986]",0,89
4313,[0.64816406 0.39557995],61,10,"[0.6398799516193626, 0.38844091859549007]",0,21
4314,[0.23252014 0.53169317],97,44,"[0.1912270592870895, 0.5359549801185394]",0,-1
4315,[0.61746581 0.42488729],34,68,"[0.6059400326152605, 0.4534475926518635]",0,-1
4316,[0.13037091 0.33623868],53,71,"[0.11481900251646894, 0.37559708088824]",0,-1
4317,[0.4243471  0.65164709],41,0,"[0.4226395002574949, 0.6460584349087278]",0,88
4318,[0.3471407  0.68407438],19,36,"[0.3536068858323266, 0.6613822308481206]",0,-1
4319,[0.34468832 0.49491478],8,50,"[0.3898476181838421, 0.5216929572274273]",0,-1
4320,[0.46606819 0.26851395],52,34,"[0.47832967363307105, 0.25654673669797673]",0,27
4321,[0.28644835 0.80194774],31,26,"[0.2731213809151105, 0.8295374863795931]",0,46
4322,[0.37899359 0.50868875],82,50,"[0.3898476181838421, 0.5216929572274273]",0,-1
4323,[0.26428592 0.25840526],5,24,"[0.23531691667485555, 0.27209662123665185]",0,65
4324,[0.78172221 0.40351529],83,25,"[0.8211120104597844, 0.37574618786089475]",0,-1
4325,[0.71806552 0.53376256],28,53,"[0.6955018555560987, 0.5389599645427405]",0,-1
4326,[0.61902767 0.5383553 ],13,29,"[0.5812618174713859, 0.5240123764686471]",0,-1
4327,[0.66621357 0.32835162],40,3,"[0.6759399092328674, 0.32128183561871837]",0,21
4328,[0.4036806  0.61961409],15,0,"[0.4226395002574949, 0.6460584349087278]",0,88
4329,[0.44196001 0.69245755],20,37,"[0.47348968360582744, 0.7125916710309903]",0,47
4330,[0.32536981 0.28084937],1,21,"[0.3571400957876323, 0.26942599959136726]",0,75
4331,[0.72444681 0.29198544],66,55,"[0.7305076164562052, 0.2580112669411776]",0,-1
4332,[0.4556515  0.28258843],25,34,"[0.47832967363307105, 0.25654673669797673]",0,-1
4333,[0.8608895  0.31956917],80,83,"[0.8762199555116444, 0.3404048051239979]",0,-1
4334,[0.60393302 0.26158482],86,64,"[0.594073349455653, 0.28354489837534175]",0,-1
4335,[0.60283809 0.30328809],4,64,"[0.594073349455653, 0.28354489837534175]",0,-1
4336,[0.75707142 0.39985292],30,15,"[0.7558016368645127, 0.4462797814247812]",0,21
4337,[0.57027789 0.45905638],4,68,"[0.6059400326152605, 0.4534475926518635]",0,-1
4338,[0.48626633 0.15891552],52,56,"[0.4908116515444846, 0.16632592191374188]",0,-1
4339,[0.40200446 0.76177165],56,58,"[0.37887936110594184, 0.7334391897891285]",0,23
4340,[0.73067189 0.57267001],49,53,"[0.6955018555560987, 0.5389599645427405]",0,-1
4341,[0.5666508  0.82041744],24,46,"[0.5435344637313357, 0.7795756563374607]",0,-1
4342,[0.37684815 0.39168343],14,1,"[0.3572487842659222, 0.41922446128046986]",0,89
4343,[0.19946565 0.16166102],5,52,"[0.2294764018471187, 0.143723856671554]",0,48
4344,[0.8123824  0.47653591],83,8,"[0.8210079602672482, 0.4506152114933381]",0,17
4345,[0.86593814 0.55355232],27,59,"[0.8763268698051316, 0.579199170331017]",0,16
4346,[0.86290599 0.76049255],21,85,"[0.8584098981619135, 0.7196353557924977]",0,10
4347,[0.16060062 0.14328446],45,81,"[0.13426292668090453, 0.163935928071412]",0,-1
4348,[0.28676746 0.21348725],58,27,"[0.29001319373773415, 0.21087702736570366]",0,-1
4349,[0.56908023 0.25324969],86,61,"[0.5821749572804258, 0.2185848836493384]",0,-1
4350,[0.1261935  0.83109281],0,86,"[0.11333449837233942, 0.8035791769910723]",0,-1
4351,[0.63984323 0.43913591],34,65,"[0.6636957553845171, 0.46135824588144125]",0,-1
4352,[0.35456355 0.47194936],8,1,"[0.3572487842659222, 0.41922446128046986]",0,77
4353,[0.26323634 0.63569689],20,39,"[0.2596202559688416, 0.6257540185994204]",0,52
4354,[0.85737557 0.84116129],96,41,"[0.8492841799095646, 0.8019622424543851]",0,-1
4355,[0.37687597 0.42216064],14,1,"[0.3572487842659222, 0.41922446128046986]",0,89
4356,[0.28984764 0.78258175],48,26,"[0.2731213809151105, 0.8295374863795931]",0,-1
4357,[0.51611599 0.17426722],33,56,"[0.4908116515444846, 0.16632592191374188]",0,-1
4358,[0.64318031 0.51744947],37,53,"[0.6955018555560987, 0.5389599645427405]",0,-1
4359,[0.20938772 0.52239009],97,44,"[0.1912270592870895, 0.5359549801185394]",0,-1
4360,[0.09914913 0.74762256],39,94,"[0.08336279277630905, 0.7423055088738316]",0,-1
4361,[0.42170389 0.46967577],64,17,"[0.4108830354862289, 0.4435508998593477]",0,-1
4362,[0.41501309 0.18568721],73,31,"[0.4191189173246286, 0.19329258812229377]",0,-1
4363,[0.36946985 0.53465823],64,50,"[0.3898476181838421, 0.5216929572274273]",0,-1
4364,[0.16480318 0.82950238],0,69,"[0.18889864315739, 0.8195957758801673]",0,-1
4365,[0.51769128 0.63583722],7,5,"[0.54876158375065, 0.6433749135954844]",0,-1
4366,[0.80665434 0.50021246],63,32,"[0.7786163905873836, 0.5211842185039978]",0,17
4367,[0.36860327 0.41311837],14,1,"[0.3572487842659222, 0.41922446128046986]",0,89
4368,[0.58021565 0.4774946 ],34,68,"[0.6059400326152605, 0.4534475926518635]",0,-1
4369,[0.87336615 0.41211292],30,62,"[0.8921140984845523, 0.4428581583396137]",0,-1
4370,[0.37115469 0.63430094],90,36,"[0.3536068858323266, 0.6613822308481206]",0,-1
4371,[0.43081996 0.695281  ],90,37,"[0.47348968360582744, 0.7125916710309903]",0,-1
4372,[0.24825156 0.86649093],48,26,"[0.2731213809151105, 0.8295374863795931]",0,-1
4373,[0.6742755 0.2889432],91,3,"[0.6759399092328674, 0.32128183561871837]",0,22
4374,[0.05924791 0.69027201],65,94,"[0.08336279277630905, 0.7423055088738316]",-1,-1
4375,[0.73396553 0.6875662 ],46,60,"[0.7001338409322506, 0.7409401695756385]",0,-1
4376,[0.40023085 0.68598203],20,0,"[0.4226395002574949, 0.6460584349087278]",0,-1
4377,[0.2010047  0.27440647],5,24,"[0.23531691667485555, 0.27209662123665185]",0,-1
4378,[0.74011828 0.51192071],28,32,"[0.7786163905873836, 0.5211842185039978]",0,-1
4379,[0.44968518 0.17695624],57,31,"[0.4191189173246286, 0.19329258812229377]",0,34
4380,[0.26333963 0.3668971 ],47,19,"[0.2847353251184853, 0.39005308479636985]",0,-1
4381,[0.5640211  0.65731379],74,5,"[0.54876158375065, 0.6433749135954844]",0,88
4382,[0.41415503 0.38014951],92,6,"[0.40678448596985844, 0.34277371919698396]",0,-1
4383,[0.83783402 0.86246358],21,79,"[0.8263954992254994, 0.8681441505941476]",0,-1
4384,[0.16775001 0.73425881],23,43,"[0.15465866632935668, 0.7523522483084468]",0,-1
4385,[0.35726087 0.33298389],1,7,"[0.3321936611977011, 0.34293111744375654]",0,89
4386,[0.3524977  0.40964991],64,1,"[0.3572487842659222, 0.41922446128046986]",0,89
4387,[0.84709911 0.17267119],36,88,"[0.8567588921418147, 0.17457306337920828]",0,-1
4388,[0.15441997 0.26053641],11,84,"[0.1433957510634753, 0.2579081432754369]",0,-1
4389,[0.56307814 0.84125699],72,18,"[0.527398606849523, 0.8662745321442044]",0,-1
4390,[0.35524561 0.68319846],19,36,"[0.3536068858323266, 0.6613822308481206]",0,-1
4391,[0.37036943 0.19690317],73,31,"[0.4191189173246286, 0.19329258812229377]",0,-1
4392,[0.23332474 0.66613076],16,45,"[0.19601325606017345, 0.667358514260268]",0,-1
4393,[0.39940892 0.41942476],14,17,"[0.4108830354862289, 0.4435508998593477]",0,89
4394,[0.43026078 0.76088624],94,16,"[0.45898902168994016, 0.8115000101692392]",0,-1
4395,[0.50143407 0.28527646],88,34,"[0.47832967363307105, 0.25654673669797673]",0,27
4396,[0.68616176 0.35143287],68,3,"[0.6759399092328674, 0.32128183561871837]",0,21
4397,[0.73517901 0.28450374],91,55,"[0.7305076164562052, 0.2580112669411776]",0,-1
4398,[0.19221652 0.41984803],44,23,"[0.2032497039719594, 0.393824370774819]",0,-1
4399,[0.16354224 0.21272905],32,33,"[0.1898538969523832, 0.20289106741831933]",0,-1
4400,[0.37445247 0.61584353],76,30,"[0.36820757824267275, 0.5891561499462349]",0,-1
4401,[0.33278157 0.56580185],20,30,"[0.36820757824267275, 0.5891561499462349]",0,-1
4402,[0.61079178 0.30761585],61,64,"[0.594073349455653, 0.28354489837534175]",0,-1
4403,[0.71062914 0.31238323],91,3,"[0.6759399092328674, 0.32128183561871837]",0,-1
4404,[0.32368989 0.3072729 ],25,7,"[0.3321936611977011, 0.34293111744375654]",0,-1
4405,[0.27048429 0.44985359],9,28,"[0.2520846559803125, 0.4621952512240386]",0,-1
4406,[0.79031733 0.27430794],80,66,"[0.8238364342627095, 0.2773691959806487]",0,-1
4407,[0.38428247 0.86654674],78,67,"[0.37743107737986015, 0.883213849264441]",0,-1
4408,[0.79033357 0.51930883],28,32,"[0.7786163905873836, 0.5211842185039978]",0,-1
4409,[0.22272571 0.12028951],32,52,"[0.2294764018471187, 0.143723856671554]",0,-1
4410,[0.21491183 0.51695212],98,44,"[0.1912270592870895, 0.5359549801185394]",0,-1
4411,[0.43872631 0.13827844],52,74,"[0.4464145664830302, 0.11749079524673668]",0,-1
4412,[0.17354198 0.5502619 ],17,44,"[0.1912270592870895, 0.5359549801185394]",0,44
4413,[0.76043262 0.73548881],62,63,"[0.7856877410353075, 0.7534945903126699]",0,-1
4414,[0.71199147 0.26719569],91,55,"[0.7305076164562052, 0.2580112669411776]",0,-1
4415,[0.4646214 0.7822857],94,16,"[0.45898902168994016, 0.8115000101692392]",0,-1
4416,[0.19257794 0.73481178],18,11,"[0.22353793679767786, 0.7478364040140648]",0,-1
4417,[0.12985841 0.15985508],32,81,"[0.13426292668090453, 0.163935928071412]",0,-1
4418,[0.35358572 0.85626425],78,67,"[0.37743107737986015, 0.883213849264441]",0,-1
4419,[0.87664072 0.88458208],96,87,"[0.8925149589987491, 0.8617277435613537]",0,-1
4420,[0.86566594 0.45015893],63,62,"[0.8921140984845523, 0.4428581583396137]",0,-1
4421,[0.65652186 0.42343497],34,65,"[0.6636957553845171, 0.46135824588144125]",0,21
4422,[0.32920484 0.24655237],25,21,"[0.3571400957876323, 0.26942599959136726]",0,-1
4423,[0.69286511 0.83747051],79,-1,-1,0,-1
4424,[0.80233721 0.44899259],43,8,"[0.8210079602672482, 0.4506152114933381]",0,17
4425,[0.47856706 0.58036084],69,2,"[0.4675886295436634, 0.6021765353351279]",0,88
4426,[0.65792643 0.53956615],35,53,"[0.6955018555560987, 0.5389599645427405]",0,-1
4427,[0.55711168 0.2688723 ],88,64,"[0.594073349455653, 0.28354489837534175]",0,-1
4428,[0.75112336 0.75801122],46,63,"[0.7856877410353075, 0.7534945903126699]",0,-1
4429,[0.20822416 0.30545076],47,38,"[0.18350109397176653, 0.31916714902230253]",0,-1
4430,[0.10595204 0.36704634],53,71,"[0.11481900251646894, 0.37559708088824]",0,-1
4431,[0.60065259 0.22076174],89,61,"[0.5821749572804258, 0.2185848836493384]",0,-1
4432,[0.73448409 0.37258996],40,4,"[0.7100353299176262, 0.3875574879176719]",0,-1
4433,[0.28156118 0.13913075],10,52,"[0.2294764018471187, 0.143723856671554]",0,-1
4434,[0.78184954 0.47833833],50,15,"[0.7558016368645127, 0.4462797814247812]",0,17
4435,[0.51648385 0.47476428],41,75,"[0.5172236746686562, 0.4443369127615434]",0,-1
4436,[0.40326917 0.62794186],41,0,"[0.4226395002574949, 0.6460584349087278]",0,88
4437,[0.23645493 0.45263015],98,28,"[0.2520846559803125, 0.4621952512240386]",0,-1
4438,[0.64343042 0.81142734],72,14,"[0.6208537257023621, 0.8045775614928529]",0,-1
4439,[0.42311018 0.82557015],93,16,"[0.45898902168994016, 0.8115000101692392]",0,-1
4440,[0.29368029 0.38783485],9,19,"[0.2847353251184853, 0.39005308479636985]",0,-1
4441,[0.31678863 0.78427371],59,54,"[0.36959478636682913, 0.8084550989826409]",0,-1
4442,[0.78730065 0.4553115 ],87,15,"[0.7558016368645127, 0.4462797814247812]",0,-1
4443,[0.81446412 0.49357453],50,13,"[0.843760744736157, 0.5166552078676889]",0,17
4444,[0.16614163 0.19089156],45,33,"[0.1898538969523832, 0.20289106741831933]",0,-1
4445,[0.38469244 0.61768206],90,30,"[0.36820757824267275, 0.5891561499462349]",0,-1
4446,[0.73379908 0.30931397],91,22,"[0.757272224425649, 0.33905999717339425]",0,-1
4447,[0.89052567 0.5644889 ],27,59,"[0.8763268698051316, 0.579199170331017]",0,-1
4448,[0.58616622 0.3695101 ],4,73,"[0.5684491373659465, 0.3759776977620393]",0,-1
4449,[0.82567625 0.29544607],80,66,"[0.8238364342627095, 0.2773691959806487]",0,-1
4450,[0.8112865  0.59160221],99,47,"[0.8091525442233867, 0.6013457413252116]",0,8
4451,[0.84411484 0.19333979],95,88,"[0.8567588921418147, 0.17457306337920828]",0,0
4452,[0.82377456 0.62632453],99,47,"[0.8091525442233867, 0.6013457413252116]",0,-1
4453,[0.55109895 0.40720453],4,73,"[0.5684491373659465, 0.3759776977620393]",0,-1
4454,[0.36980068 0.10951523],73,49,"[0.35418448506576955, 0.14329850428612353]",0,-1
4455,[0.21551598 0.30497018],5,38,"[0.18350109397176653, 0.31916714902230253]",0,61
4456,[0.76823126 0.43602264],3,15,"[0.7558016368645127, 0.4462797814247812]",0,17
4457,[0.79076689 0.60966853],99,47,"[0.8091525442233867, 0.6013457413252116]",0,-1
4458,[0.49920255 0.18948104],52,56,"[0.4908116515444846, 0.16632592191374188]",0,-1
4459,[0.74442307 0.57746328],28,72,"[0.7259305706267937, 0.621464812471517]",0,-1
4460,[0.2379543  0.15670406],10,52,"[0.2294764018471187, 0.143723856671554]",0,-1
4461,[0.49326139 0.80348295],93,16,"[0.45898902168994016, 0.8115000101692392]",0,-1
4462,[0.43118629 0.64687556],7,0,"[0.4226395002574949, 0.6460584349087278]",0,88
4463,[0.5177451  0.51412495],41,40,"[0.4758590512403852, 0.5317248607280546]",0,-1
4464,[0.53576677 0.58552435],37,20,"[0.5371890084085489, 0.5739528596094324]",0,88
4465,[0.65643607 0.66969921],35,76,"[0.6483290776065068, 0.6569295539328516]",0,-1
4466,[0.27000944 0.49152366],81,28,"[0.2520846559803125, 0.4621952512240386]",0,-1
4467,[0.62917904 0.77479221],79,14,"[0.6208537257023621, 0.8045775614928529]",0,36
4468,[0.43401713 0.14716089],84,74,"[0.4464145664830302, 0.11749079524673668]",0,33
4469,[0.23892042 0.69123718],18,12,"[0.2822438507480652, 0.7105313788319401]",0,53
4470,[0.41403348 0.44396267],92,17,"[0.4108830354862289, 0.4435508998593477]",0,82
4471,[0.5131882  0.29246084],4,34,"[0.47832967363307105, 0.25654673669797673]",0,-1
4472,[0.40686916 0.64309803],69,0,"[0.4226395002574949, 0.6460584349087278]",0,88
4473,[0.33370328 0.42940185],9,1,"[0.3572487842659222, 0.41922446128046986]",0,86
4474,[0.57478471 0.63227674],12,5,"[0.54876158375065, 0.6433749135954844]",0,-1
4475,[0.4944308 0.8283548],94,16,"[0.45898902168994016, 0.8115000101692392]",0,-1
4476,[0.14315934 0.73477588],39,43,"[0.15465866632935668, 0.7523522483084468]",0,-1
4477,[0.82662372 0.36357765],66,25,"[0.8211120104597844, 0.37574618786089475]",0,-1
4478,[0.17456182 0.75695275],39,43,"[0.15465866632935668, 0.7523522483084468]",0,-1
4479,[0.38203878 0.3655579 ],14,6,"[0.40678448596985844, 0.34277371919698396]",0,89
4480,[0.34295918 0.33656563],81,7,"[0.3321936611977011, 0.34293111744375654]",0,89
4481,[0.18430816 0.56103208],97,44,"[0.1912270592870895, 0.5359549801185394]",0,-1
4482,[0.84442826 0.42630693],83,8,"[0.8210079602672482, 0.4506152114933381]",0,17
4483,[0.22620453 0.30056665],47,24,"[0.23531691667485555, 0.27209662123665185]",0,-1
4484,[0.51531938 0.16905675],33,56,"[0.4908116515444846, 0.16632592191374188]",0,-1
4485,[0.72430386 0.25045266],91,55,"[0.7305076164562052, 0.2580112669411776]",0,-1
4486,[0.82292378 0.73077146],62,85,"[0.8584098981619135, 0.7196353557924977]",0,-1
4487,[0.20194632 0.73496436],18,11,"[0.22353793679767786, 0.7478364040140648]",0,55
4488,[0.22773077 0.52923751],97,44,"[0.1912270592870895, 0.5359549801185394]",0,-1
4489,[0.48569515 0.57779385],7,2,"[0.4675886295436634, 0.6021765353351279]",0,88
4490,[0.64017656 0.60849558],74,9,"[0.6184830434267037, 0.586333469678524]",0,-1
4491,[0.12553477 0.77932889],39,86,"[0.11333449837233942, 0.8035791769910723]",0,51
4492,[0.1812853  0.31373192],11,38,"[0.18350109397176653, 0.31916714902230253]",0,61
4493,[0.51333591 0.61565216],13,5,"[0.54876158375065, 0.6433749135954844]",0,-1
4494,[0.18819664 0.57483705],97,80,"[0.15990270049190128, 0.5986117043755352]",0,43
4495,[0.28902838 0.68302326],16,12,"[0.2822438507480652, 0.7105313788319401]",0,-1
4496,[0.19403291 0.5749738 ],17,44,"[0.1912270592870895, 0.5359549801185394]",0,43
4497,[0.86099781 0.56020358],63,59,"[0.8763268698051316, 0.579199170331017]",0,16
4498,[0.20194796 0.72241491],65,11,"[0.22353793679767786, 0.7478364040140648]",0,55
4499,[0.20404552 0.74414116],65,11,"[0.22353793679767786, 0.7478364040140648]",0,57
4500,[0.18195891 0.62411261],23,80,"[0.15990270049190128, 0.5986117043755352]",0,40
4501,[0.14967467 0.78440702],39,43,"[0.15465866632935668, 0.7523522483084468]",0,51
4502,[0.69725397 0.29590021],54,3,"[0.6759399092328674, 0.32128183561871837]",0,18
4503,[0.82444347 0.50910226],3,13,"[0.843760744736157, 0.5166552078676889]",0,17
4504,[0.55721449 0.57510496],69,20,"[0.5371890084085489, 0.5739528596094324]",0,88
4505,[0.83685471 0.80591374],96,41,"[0.8492841799095646, 0.8019622424543851]",0,13
4506,[0.54351002 0.62367269],74,5,"[0.54876158375065, 0.6433749135954844]",0,88
4507,[0.43848216 0.62469885],82,0,"[0.4226395002574949, 0.6460584349087278]",0,88
4508,[0.39670209 0.17933618],33,31,"[0.4191189173246286, 0.19329258812229377]",0,-1
4509,[0.64398525 0.21085359],88,35,"[0.6545605605339905, 0.22500987532438183]",0,6
4510,[0.18927378 0.57852843],23,80,"[0.15990270049190128, 0.5986117043755352]",0,43
4511,[0.74445845 0.35700044],54,22,"[0.757272224425649, 0.33905999717339425]",0,21
4512,[0.7373851  0.55694549],27,53,"[0.6955018555560987, 0.5389599645427405]",0,-1
4513,[0.27039638 0.6357091 ],51,39,"[0.2596202559688416, 0.6257540185994204]",0,52
4514,[0.75785816 0.33807894],68,22,"[0.757272224425649, 0.33905999717339425]",0,-1
4515,[0.39547873 0.48207036],8,50,"[0.3898476181838421, 0.5216929572274273]",0,-1
4516,[0.75977124 0.396203  ],29,15,"[0.7558016368645127, 0.4462797814247812]",0,-1
4517,[0.56404852 0.48644923],77,29,"[0.5812618174713859, 0.5240123764686471]",0,-1
4518,[0.75007839 0.43707586],68,15,"[0.7558016368645127, 0.4462797814247812]",0,17
4519,[0.40502332 0.34024994],67,6,"[0.40678448596985844, 0.34277371919698396]",0,-1
4520,[0.46005983 0.57282164],12,2,"[0.4675886295436634, 0.6021765353351279]",0,88
4521,[0.7152904  0.19320325],89,70,"[0.6986975952159088, 0.16842470592263856]",0,-1
4522,[0.23341177 0.65021287],17,39,"[0.2596202559688416, 0.6257540185994204]",0,52
4523,[0.81935487 0.4443891 ],87,8,"[0.8210079602672482, 0.4506152114933381]",0,17
4524,[0.58856208 0.76687335],70,57,"[0.6165364982648931, 0.7310583472769618]",0,-1
4525,[0.72491883 0.21704834],36,55,"[0.7305076164562052, 0.2580112669411776]",0,-1
4526,[0.408772   0.41495838],38,17,"[0.4108830354862289, 0.4435508998593477]",0,89
4527,[0.37790451 0.61507069],82,30,"[0.36820757824267275, 0.5891561499462349]",0,-1
4528,[0.58997719 0.56031343],77,29,"[0.5812618174713859, 0.5240123764686471]",0,-1
4529,[0.07718379 0.80206817],0,86,"[0.11333449837233942, 0.8035791769910723]",0,-1
4530,[0.41584536 0.32086228],67,6,"[0.40678448596985844, 0.34277371919698396]",0,-1
4531,[0.51249768 0.26782942],84,34,"[0.47832967363307105, 0.25654673669797673]",0,-1
4532,[0.39329008 0.37392418],14,6,"[0.40678448596985844, 0.34277371919698396]",0,89
4533,[0.79310004 0.84147621],21,48,"[0.7803433920128066, 0.8205948599681767]",0,-1
4534,[0.65576737 0.60928409],35,9,"[0.6184830434267037, 0.586333469678524]",0,-1
4535,[0.57455884 0.54263343],77,29,"[0.5812618174713859, 0.5240123764686471]",0,-1
4536,[0.07589798 0.34835006],53,71,"[0.11481900251646894, 0.37559708088824]",0,-1
4537,[0.46510106 0.12444636],33,74,"[0.4464145664830302, 0.11749079524673668]",0,-1
4538,[0.82603172 0.57321829],27,47,"[0.8091525442233867, 0.6013457413252116]",0,-1
4539,[0.65263722 0.67143041],74,76,"[0.6483290776065068, 0.6569295539328516]",0,-1
4540,[0.40226368 0.38058551],25,6,"[0.40678448596985844, 0.34277371919698396]",0,89
4541,[0.40387438 0.57730176],76,30,"[0.36820757824267275, 0.5891561499462349]",0,-1
4542,[0.7663527  0.38407284],50,22,"[0.757272224425649, 0.33905999717339425]",0,-1
4543,[0.86140549 0.61587721],27,59,"[0.8763268698051316, 0.579199170331017]",0,-1
4544,[0.49295622 0.3294262 ],55,42,"[0.47090413605197745, 0.3706753216883814]",0,-1
4545,[0.5969679  0.82497848],72,14,"[0.6208537257023621, 0.8045775614928529]",0,-1
4546,[0.25110933 0.40743788],44,19,"[0.2847353251184853, 0.39005308479636985]",0,74
4547,[0.55419637 0.28698514],52,64,"[0.594073349455653, 0.28354489837534175]",0,-1
4548,[0.32893202 0.36339295],14,7,"[0.3321936611977011, 0.34293111744375654]",0,89
4549,[0.4307291  0.62597143],12,0,"[0.4226395002574949, 0.6460584349087278]",0,88
4550,[0.59890558 0.6590542 ],6,76,"[0.6483290776065068, 0.6569295539328516]",0,-1
4551,[0.52019221 0.19096378],33,56,"[0.4908116515444846, 0.16632592191374188]",0,-1
4552,[0.49939388 0.59460401],69,2,"[0.4675886295436634, 0.6021765353351279]",0,88
4553,[0.24112337 0.68793452],19,12,"[0.2822438507480652, 0.7105313788319401]",0,53
4554,[0.63410613 0.38300732],61,10,"[0.6398799516193626, 0.38844091859549007]",0,21
4555,[0.64259393 0.40932518],29,10,"[0.6398799516193626, 0.38844091859549007]",0,21
4556,[0.40518066 0.57808848],7,30,"[0.36820757824267275, 0.5891561499462349]",0,-1
4557,[0.63696686 0.72567178],70,57,"[0.6165364982648931, 0.7310583472769618]",0,-1
4558,[0.11879638 0.07142461],45,89,"[0.15862126123377812, 0.09531060003677258]",-1,-1
4559,[0.17643395 0.32537485],26,38,"[0.18350109397176653, 0.31916714902230253]",0,-1
4560,[0.43796149 0.16666971],84,31,"[0.4191189173246286, 0.19329258812229377]",0,34
4561,[0.77933702 0.51667083],3,32,"[0.7786163905873836, 0.5211842185039978]",0,17
4562,[0.40262641 0.17651754],57,31,"[0.4191189173246286, 0.19329258812229377]",0,-1
4563,[0.18539246 0.79908569],65,69,"[0.18889864315739, 0.8195957758801673]",0,50
4564,[0.53317051 0.17771903],88,56,"[0.4908116515444846, 0.16632592191374188]",0,-1
4565,[0.32901342 0.7176194 ],19,12,"[0.2822438507480652, 0.7105313788319401]",0,-1
4566,[0.44711163 0.61751387],69,2,"[0.4675886295436634, 0.6021765353351279]",0,88
4567,[0.40962615 0.38996805],92,6,"[0.40678448596985844, 0.34277371919698396]",0,89
4568,[0.81245369 0.38581053],50,25,"[0.8211120104597844, 0.37574618786089475]",0,-1
4569,[0.67909554 0.70321942],46,60,"[0.7001338409322506, 0.7409401695756385]",0,-1
4570,[0.40277556 0.59017707],82,30,"[0.36820757824267275, 0.5891561499462349]",0,88
4571,[0.63852524 0.42764043],29,10,"[0.6398799516193626, 0.38844091859549007]",0,-1
4572,[0.80031681 0.34030399],80,25,"[0.8211120104597844, 0.37574618786089475]",0,-1
4573,[0.2777057  0.72664456],18,12,"[0.2822438507480652, 0.7105313788319401]",0,54
4574,[0.79910215 0.37586911],66,25,"[0.8211120104597844, 0.37574618786089475]",0,-1
4575,[0.69799144 0.28223075],91,55,"[0.7305076164562052, 0.2580112669411776]",0,18
4576,[0.19641231 0.88575853],59,97,"[0.2279904617185373, 0.9146376924080816]",-1,-1
4577,[0.51335448 0.59965367],15,20,"[0.5371890084085489, 0.5739528596094324]",0,-1
4578,[0.83485096 0.40276945],3,25,"[0.8211120104597844, 0.37574618786089475]",0,17
4579,[0.45839495 0.74196416],6,37,"[0.47348968360582744, 0.7125916710309903]",0,-1
4580,[0.40611816 0.3682466 ],38,6,"[0.40678448596985844, 0.34277371919698396]",0,89
4581,[0.43149977 0.59187585],82,2,"[0.4675886295436634, 0.6021765353351279]",0,-1
4582,[0.66876599 0.39121087],61,10,"[0.6398799516193626, 0.38844091859549007]",0,21
4583,[0.61347488 0.45765362],49,68,"[0.6059400326152605, 0.4534475926518635]",0,-1
4584,[0.16834658 0.32779084],11,38,"[0.18350109397176653, 0.31916714902230253]",0,-1
4585,[0.66998165 0.28734537],86,3,"[0.6759399092328674, 0.32128183561871837]",0,22
4586,[0.18970779 0.11491569],10,89,"[0.15862126123377812, 0.09531060003677258]",0,-1
4587,[0.5690353  0.59131327],12,20,"[0.5371890084085489, 0.5739528596094324]",0,-1
4588,[0.81711902 0.5325794 ],27,13,"[0.843760744736157, 0.5166552078676889]",0,17
4589,[0.8756484  0.70908552],96,85,"[0.8584098981619135, 0.7196353557924977]",1,-1
4590,[0.44426346 0.71757998],90,37,"[0.47348968360582744, 0.7125916710309903]",0,-1
4591,[0.1029577  0.79544524],0,86,"[0.11333449837233942, 0.8035791769910723]",0,-1
4592,[0.6597069  0.74066925],46,60,"[0.7001338409322506, 0.7409401695756385]",0,-1
4593,[0.65903072 0.65411977],35,76,"[0.6483290776065068, 0.6569295539328516]",0,-1
4594,[0.51104134 0.54886691],69,20,"[0.5371890084085489, 0.5739528596094324]",0,-1
4595,[0.84348566 0.42416751],80,8,"[0.8210079602672482, 0.4506152114933381]",0,17
4596,[0.77732658 0.5312489 ],28,32,"[0.7786163905873836, 0.5211842185039978]",0,17
4597,[0.84330385 0.80799202],21,41,"[0.8492841799095646, 0.8019622424543851]",0,13
4598,[0.34994173 0.1704108 ],84,49,"[0.35418448506576955, 0.14329850428612353]",0,28
4599,[0.45707051 0.46964077],8,17,"[0.4108830354862289, 0.4435508998593477]",0,-1
4600,[0.56847267 0.25622722],86,64,"[0.594073349455653, 0.28354489837534175]",0,-1
4601,[0.71767262 0.36175197],68,4,"[0.7100353299176262, 0.3875574879176719]",0,21
4602,[0.61667388 0.42379999],34,68,"[0.6059400326152605, 0.4534475926518635]",0,-1
4603,[0.61277158 0.56002026],13,9,"[0.6184830434267037, 0.586333469678524]",0,-1
4604,[0.62763185 0.48181269],29,68,"[0.6059400326152605, 0.4534475926518635]",0,-1
4605,[0.51669734 0.32621383],55,42,"[0.47090413605197745, 0.3706753216883814]",0,-1
4606,[0.45654189 0.70591869],90,37,"[0.47348968360582744, 0.7125916710309903]",0,-1
4607,[0.53609516 0.79618319],93,46,"[0.5435344637313357, 0.7795756563374607]",0,-1
4608,[0.65831285 0.43583714],3,65,"[0.6636957553845171, 0.46135824588144125]",0,21
4609,[0.49200373 0.2045115 ],84,56,"[0.4908116515444846, 0.16632592191374188]",0,-1
4610,[0.48143905 0.82189949],78,16,"[0.45898902168994016, 0.8115000101692392]",0,-1
4611,[0.32481208 0.73694447],19,12,"[0.2822438507480652, 0.7105313788319401]",0,-1
4612,[0.76637229 0.53639281],28,32,"[0.7786163905873836, 0.5211842185039978]",0,17
4613,[0.20735959 0.49994788],9,44,"[0.1912270592870895, 0.5359549801185394]",0,-1
4614,[0.85223091 0.53269334],27,13,"[0.843760744736157, 0.5166552078676889]",0,17
4615,[0.87525621 0.83005988],96,87,"[0.8925149589987491, 0.8617277435613537]",0,-1
4616,[0.58543478 0.77198854],70,46,"[0.5435344637313357, 0.7795756563374607]",0,-1
4617,[0.59624007 0.24689352],88,61,"[0.5821749572804258, 0.2185848836493384]",0,7
4618,[0.68069598 0.63747254],35,76,"[0.6483290776065068, 0.6569295539328516]",0,-1
4619,[0.15448898 0.76436763],31,43,"[0.15465866632935668, 0.7523522483084468]",0,51
4620,[0.38537609 0.40888533],92,1,"[0.3572487842659222, 0.41922446128046986]",0,89
4621,[0.5096464  0.32654304],55,42,"[0.47090413605197745, 0.3706753216883814]",0,-1
4622,[0.3416452  0.71724743],51,58,"[0.37887936110594184, 0.7334391897891285]",0,-1
4623,[0.57128299 0.39270265],34,73,"[0.5684491373659465, 0.3759776977620393]",0,-1
4624,[0.37761808 0.34452205],42,6,"[0.40678448596985844, 0.34277371919698396]",0,-1
4625,[0.58664922 0.57882211],13,9,"[0.6184830434267037, 0.586333469678524]",0,88
4626,[0.79371885 0.38678856],66,25,"[0.8211120104597844, 0.37574618786089475]",0,-1
4627,[0.45301799 0.65727606],90,0,"[0.4226395002574949, 0.6460584349087278]",0,88
4628,[0.14541111 0.38752229],44,71,"[0.11481900251646894, 0.37559708088824]",0,-1
4629,[0.38482276 0.86921337],48,67,"[0.37743107737986015, 0.883213849264441]",0,-1
4630,[0.84452193 0.33105739],50,83,"[0.8762199555116444, 0.3404048051239979]",0,-1
4631,[0.58231495 0.67330723],35,5,"[0.54876158375065, 0.6433749135954844]",0,-1
4632,[0.75997552 0.2674816 ],91,55,"[0.7305076164562052, 0.2580112669411776]",0,-1
4633,[0.39133237 0.54710823],82,50,"[0.3898476181838421, 0.5216929572274273]",0,-1
4634,[0.79417476 0.66336238],99,47,"[0.8091525442233867, 0.6013457413252116]",0,-1
4635,[0.57401844 0.87196436],93,82,"[0.6132420785222222, 0.8710652413331001]",0,-1
4636,[0.36206962 0.44202651],8,1,"[0.3572487842659222, 0.41922446128046986]",0,-1
4637,[0.86086189 0.63080844],99,59,"[0.8763268698051316, 0.579199170331017]",0,-1
4638,[0.65841548 0.42284628],61,65,"[0.6636957553845171, 0.46135824588144125]",0,21
4639,[0.49636755 0.82251966],72,16,"[0.45898902168994016, 0.8115000101692392]",0,38
4640,[0.8270824  0.44508984],50,8,"[0.8210079602672482, 0.4506152114933381]",0,17
4641,[0.22252586 0.29606724],5,24,"[0.23531691667485555, 0.27209662123665185]",0,-1
4642,[0.38883007 0.58869457],15,30,"[0.36820757824267275, 0.5891561499462349]",0,88
4643,[0.34121029 0.60108208],82,30,"[0.36820757824267275, 0.5891561499462349]",0,-1
4644,[0.42570783 0.53219779],41,50,"[0.3898476181838421, 0.5216929572274273]",0,-1
4645,[0.17394211 0.72748502],39,43,"[0.15465866632935668, 0.7523522483084468]",0,-1
4646,[0.75326409 0.44213866],87,15,"[0.7558016368645127, 0.4462797814247812]",0,17
4647,[0.76394027 0.84045711],21,48,"[0.7803433920128066, 0.8205948599681767]",0,-1
4648,[0.26206135 0.20363881],58,27,"[0.29001319373773415, 0.21087702736570366]",0,-1
4649,[0.82522733 0.47032179],28,8,"[0.8210079602672482, 0.4506152114933381]",0,17
4650,[0.7878129  0.49676831],63,32,"[0.7786163905873836, 0.5211842185039978]",0,17
4651,[0.46648402 0.16732307],73,56,"[0.4908116515444846, 0.16632592191374188]",0,34
4652,[0.30641115 0.11956678],73,49,"[0.35418448506576955, 0.14329850428612353]",0,-1
4653,[0.88597564 0.41021532],30,62,"[0.8921140984845523, 0.4428581583396137]",0,-1
4654,[0.57573427 0.45240616],77,68,"[0.6059400326152605, 0.4534475926518635]",0,-1
4655,[0.36602388 0.20303753],73,31,"[0.4191189173246286, 0.19329258812229377]",0,-1
4656,[0.78601617 0.29663727],80,66,"[0.8238364342627095, 0.2773691959806487]",0,-1
4657,[0.17544228 0.4266354 ],44,51,"[0.1508950301577577, 0.45723062251398755]",0,-1
4658,[0.16325071 0.4428621 ],97,51,"[0.1508950301577577, 0.45723062251398755]",0,70
4659,[0.74999719 0.34646233],2,22,"[0.757272224425649, 0.33905999717339425]",0,21
4660,[0.06419034 0.746498  ],0,94,"[0.08336279277630905, 0.7423055088738316]",-1,-1
4661,[0.35093531 0.7068119 ],18,58,"[0.37887936110594184, 0.7334391897891285]",0,-1
4662,[0.84474712 0.36587918],50,25,"[0.8211120104597844, 0.37574618786089475]",0,-1
4663,[0.14338709 0.82360062],31,86,"[0.11333449837233942, 0.8035791769910723]",0,-1
4664,[0.51946943 0.23929665],52,34,"[0.47832967363307105, 0.25654673669797673]",0,-1
4665,[0.84771034 0.39579155],66,25,"[0.8211120104597844, 0.37574618786089475]",0,17
4666,[0.31829283 0.64846712],20,36,"[0.3536068858323266, 0.6613822308481206]",0,-1
4667,[0.51952835 0.77948313],72,46,"[0.5435344637313357, 0.7795756563374607]",0,-1
4668,[0.75709019 0.51754181],87,32,"[0.7786163905873836, 0.5211842185039978]",0,17
4669,[0.90542781 0.52792274],63,92,"[0.9291777218511399, 0.5053403904093751]",0,-1
4670,[0.3989988  0.41296304],67,17,"[0.4108830354862289, 0.4435508998593477]",0,89
4671,[0.8398695  0.37481862],66,25,"[0.8211120104597844, 0.37574618786089475]",0,17
4672,[0.84058164 0.50115487],43,13,"[0.843760744736157, 0.5166552078676889]",0,17
4673,[0.28423057 0.33191194],47,7,"[0.3321936611977011, 0.34293111744375654]",0,-1
4674,[0.28969821 0.37899847],1,19,"[0.2847353251184853, 0.39005308479636985]",0,90
4675,[0.27807104 0.72693421],51,12,"[0.2822438507480652, 0.7105313788319401]",0,54
4676,[0.52244711 0.81914375],60,46,"[0.5435344637313357, 0.7795756563374607]",0,-1
4677,[0.59760504 0.56927745],13,9,"[0.6184830434267037, 0.586333469678524]",0,88
4678,[0.59663928 0.67498351],74,76,"[0.6483290776065068, 0.6569295539328516]",0,-1
4679,[0.57823741 0.55402222],49,29,"[0.5812618174713859, 0.5240123764686471]",0,-1
4680,[0.67925134 0.36213562],91,4,"[0.7100353299176262, 0.3875574879176719]",0,21
4681,[0.51244104 0.88346589],93,18,"[0.527398606849523, 0.8662745321442044]",0,-1
4682,[0.81117743 0.63837628],99,47,"[0.8091525442233867, 0.6013457413252116]",0,-1
4683,[0.71307527 0.31249409],91,3,"[0.6759399092328674, 0.32128183561871837]",0,18
4684,[0.60454188 0.73261082],70,57,"[0.6165364982648931, 0.7310583472769618]",0,-1
4685,[0.7365972  0.83097887],62,48,"[0.7803433920128066, 0.8205948599681767]",0,-1
4686,[0.50000335 0.11303757],33,74,"[0.4464145664830302, 0.11749079524673668]",0,-1
4687,[0.46101355 0.106273  ],33,74,"[0.4464145664830302, 0.11749079524673668]",0,-1
4688,[0.71665341 0.27779784],91,55,"[0.7305076164562052, 0.2580112669411776]",0,-1
4689,[0.17379097 0.62709802],17,80,"[0.15990270049190128, 0.5986117043755352]",0,40
4690,[0.47595776 0.24684618],33,34,"[0.47832967363307105, 0.25654673669797673]",0,-1
4691,[0.15898044 0.52482947],17,44,"[0.1912270592870895, 0.5359549801185394]",0,44
4692,[0.6364556  0.85978731],70,82,"[0.6132420785222222, 0.8710652413331001]",0,-1
4693,[0.81588545 0.37369663],50,25,"[0.8211120104597844, 0.37574618786089475]",0,-1
4694,[0.44644823 0.72343951],19,37,"[0.47348968360582744, 0.7125916710309903]",0,-1
4695,[0.25075807 0.86703618],31,26,"[0.2731213809151105, 0.8295374863795931]",0,-1
4696,[0.73741569 0.74776753],46,60,"[0.7001338409322506, 0.7409401695756385]",0,15
4697,[0.14118967 0.39952554],44,71,"[0.11481900251646894, 0.37559708088824]",0,-1
4698,[0.21081809 0.7401144 ],65,11,"[0.22353793679767786, 0.7478364040140648]",0,57
4699,[0.46803512 0.80959119],56,16,"[0.45898902168994016, 0.8115000101692392]",0,39
4700,[0.86044182 0.22859412],36,88,"[0.8567588921418147, 0.17457306337920828]",0,-1
4701,[0.90818655 0.60401774],27,59,"[0.8763268698051316, 0.579199170331017]",0,-1
4702,[0.82296035 0.56261567],27,47,"[0.8091525442233867, 0.6013457413252116]",0,14
4703,[0.81227201 0.59552923],63,47,"[0.8091525442233867, 0.6013457413252116]",0,8
4704,[0.64599044 0.59522278],35,9,"[0.6184830434267037, 0.586333469678524]",0,76
4705,[0.63574597 0.79737736],79,14,"[0.6208537257023621, 0.8045775614928529]",0,-1
4706,[0.23856524 0.35554111],22,23,"[0.2032497039719594, 0.393824370774819]",0,-1
4707,[0.37077127 0.30394397],14,21,"[0.3571400957876323, 0.26942599959136726]",0,-1
4708,[0.69061484 0.42223825],2,4,"[0.7100353299176262, 0.3875574879176719]",0,-1
4709,[0.75549974 0.17230236],36,78,"[0.7951539755354653, 0.19004804298167233]",0,-1
4710,[0.46208309 0.81308216],94,16,"[0.45898902168994016, 0.8115000101692392]",0,39
4711,[0.17949821 0.21723947],58,33,"[0.1898538969523832, 0.20289106741831933]",0,67
4712,[0.29866088 0.72513893],51,12,"[0.2822438507480652, 0.7105313788319401]",0,-1
4713,[0.63196614 0.53347384],35,29,"[0.5812618174713859, 0.5240123764686471]",0,-1
4714,[0.3536604 0.3845997],42,1,"[0.3572487842659222, 0.41922446128046986]",0,89
4715,[0.39348169 0.31416651],67,6,"[0.40678448596985844, 0.34277371919698396]",0,-1
4716,[0.55152137 0.51971703],77,29,"[0.5812618174713859, 0.5240123764686471]",0,-1
4717,[0.35630776 0.77212066],19,54,"[0.36959478636682913, 0.8084550989826409]",0,-1
4718,[0.772953   0.75463294],96,63,"[0.7856877410353075, 0.7534945903126699]",0,-1
4719,[0.60539362 0.51511112],35,29,"[0.5812618174713859, 0.5240123764686471]",0,-1
4720,[0.35472732 0.26463548],25,21,"[0.3571400957876323, 0.26942599959136726]",0,75
4721,[0.28921669 0.79117876],59,26,"[0.2731213809151105, 0.8295374863795931]",0,-1
4722,[0.20813371 0.30504396],11,38,"[0.18350109397176653, 0.31916714902230253]",0,-1
4723,[0.57407871 0.84540091],24,82,"[0.6132420785222222, 0.8710652413331001]",0,-1
4724,[0.3416226  0.18983421],57,49,"[0.35418448506576955, 0.14329850428612353]",0,-1
4725,[0.680064   0.16772773],95,70,"[0.6986975952159088, 0.16842470592263856]",0,-1
4726,[0.43843943 0.44809522],8,17,"[0.4108830354862289, 0.4435508998593477]",0,-1
4727,[0.477051   0.56933995],7,2,"[0.4675886295436634, 0.6021765353351279]",0,88
4728,[0.61277023 0.73510344],70,57,"[0.6165364982648931, 0.7310583472769618]",0,-1
4729,[0.36877203 0.06658898],73,98,"[0.3113890783178001, 0.057273366575225935]",-1,-1
4730,[0.6468004  0.24167223],86,35,"[0.6545605605339905, 0.22500987532438183]",0,-1
4731,[0.30420437 0.87998955],48,26,"[0.2731213809151105, 0.8295374863795931]",0,-1
4732,[0.34027692 0.28481434],1,21,"[0.3571400957876323, 0.26942599959136726]",0,75
4733,[0.12549365 0.49185862],97,77,"[0.10737865443478777, 0.5291217341624451]",0,-1
4734,[0.14698442 0.69166464],17,90,"[0.11769418158886381, 0.6663972759552037]",0,-1
4735,[0.83534897 0.45743601],83,8,"[0.8210079602672482, 0.4506152114933381]",0,17
4736,[0.36923094 0.67158181],90,36,"[0.3536068858323266, 0.6613822308481206]",0,-1
4737,[0.15995694 0.51358632],98,44,"[0.1912270592870895, 0.5359549801185394]",0,44
4738,[0.4091018  0.71617759],15,58,"[0.37887936110594184, 0.7334391897891285]",0,-1
4739,[0.43996319 0.59561664],82,2,"[0.4675886295436634, 0.6021765353351279]",0,88
4740,[0.16503594 0.25334601],32,84,"[0.1433957510634753, 0.2579081432754369]",0,-1
4741,[0.12157642 0.66538385],17,90,"[0.11769418158886381, 0.6663972759552037]",0,-1
4742,[0.52783257 0.61594991],7,5,"[0.54876158375065, 0.6433749135954844]",0,88
4743,[0.32261291 0.90434472],48,67,"[0.37743107737986015, 0.883213849264441]",0,-1
4744,[0.65346232 0.38377042],29,10,"[0.6398799516193626, 0.38844091859549007]",0,21
4745,[0.52093156 0.55413196],37,20,"[0.5371890084085489, 0.5739528596094324]",0,-1
4746,[0.37793843 0.38000552],67,1,"[0.3572487842659222, 0.41922446128046986]",0,89
4747,[0.41296018 0.8062135 ],78,54,"[0.36959478636682913, 0.8084550989826409]",0,-1
4748,[0.32909257 0.4842628 ],8,-1,-1,0,-1
4749,[0.54284831 0.8173388 ],60,46,"[0.5435344637313357, 0.7795756563374607]",0,-1
4750,[0.48235272 0.55487515],69,40,"[0.4758590512403852, 0.5317248607280546]",0,-1
4751,[0.33525679 0.441768  ],1,1,"[0.3572487842659222, 0.41922446128046986]",0,-1
4752,[0.43669723 0.3126656 ],67,6,"[0.40678448596985844, 0.34277371919698396]",0,-1
4753,[0.40188462 0.39750719],64,17,"[0.4108830354862289, 0.4435508998593477]",0,89
4754,[0.48223474 0.6819123 ],6,37,"[0.47348968360582744, 0.7125916710309903]",0,-1
4755,[0.72936639 0.43073339],68,15,"[0.7558016368645127, 0.4462797814247812]",0,-1
4756,[0.80332995 0.54162595],28,32,"[0.7786163905873836, 0.5211842185039978]",0,-1
4757,[0.15499733 0.51559254],97,44,"[0.1912270592870895, 0.5359549801185394]",0,44
4758,[0.78728576 0.22247465],80,78,"[0.7951539755354653, 0.19004804298167233]",0,-1
4759,[0.16229094 0.40690305],53,23,"[0.2032497039719594, 0.393824370774819]",0,69
4760,[0.14031507 0.14826452],45,81,"[0.13426292668090453, 0.163935928071412]",0,-1
4761,[0.29641988 0.68969747],18,12,"[0.2822438507480652, 0.7105313788319401]",0,-1
4762,[0.12791802 0.88154724],0,-1,-1,-1,-1
4763,[0.50404969 0.423099  ],41,75,"[0.5172236746686562, 0.4443369127615434]",0,-1
4764,[0.23811847 0.60993225],23,39,"[0.2596202559688416, 0.6257540185994204]",0,-1
4765,[0.31421883 0.17873272],57,27,"[0.29001319373773415, 0.21087702736570366]",0,59
4766,[0.51492637 0.61317189],6,20,"[0.5371890084085489, 0.5739528596094324]",0,-1
4767,[0.68250476 0.74433504],46,60,"[0.7001338409322506, 0.7409401695756385]",0,-1
4768,[0.37719715 0.36704259],38,6,"[0.40678448596985844, 0.34277371919698396]",0,89
4769,[0.25220369 0.39988209],44,19,"[0.2847353251184853, 0.39005308479636985]",0,74
4770,[0.78156401 0.50998875],3,32,"[0.7786163905873836, 0.5211842185039978]",0,17
4771,[0.20919599 0.32778374],58,38,"[0.18350109397176653, 0.31916714902230253]",0,-1
4772,[0.5835289  0.52883809],37,29,"[0.5812618174713859, 0.5240123764686471]",0,-1
4773,[0.60120072 0.82900563],79,14,"[0.6208537257023621, 0.8045775614928529]",0,-1
4774,[0.78459117 0.72968359],46,63,"[0.7856877410353075, 0.7534945903126699]",0,-1
4775,[0.14589778 0.4096349 ],26,71,"[0.11481900251646894, 0.37559708088824]",0,-1
4776,[0.62791603 0.61373737],49,9,"[0.6184830434267037, 0.586333469678524]",0,-1
4777,[0.80565157 0.39599695],50,25,"[0.8211120104597844, 0.37574618786089475]",0,-1
4778,[0.23607673 0.21837726],10,33,"[0.1898538969523832, 0.20289106741831933]",0,-1
4779,[0.42186377 0.8837213 ],78,67,"[0.37743107737986015, 0.883213849264441]",0,-1
4780,[0.23588233 0.26046436],32,24,"[0.23531691667485555, 0.27209662123665185]",0,-1
4781,[0.11221765 0.33032438],53,71,"[0.11481900251646894, 0.37559708088824]",0,-1
4782,[0.51609392 0.59927121],12,20,"[0.5371890084085489, 0.5739528596094324]",0,-1
4783,[0.33922504 0.30056434],25,21,"[0.3571400957876323, 0.26942599959136726]",0,75
4784,[0.19538663 0.32146493],22,38,"[0.18350109397176653, 0.31916714902230253]",0,-1
4785,[0.71332117 0.16488505],89,70,"[0.6986975952159088, 0.16842470592263856]",0,-1
4786,[0.82272802 0.39062818],66,25,"[0.8211120104597844, 0.37574618786089475]",0,17
4787,[0.48293403 0.80059737],94,16,"[0.45898902168994016, 0.8115000101692392]",0,-1
4788,[0.60143675 0.86399661],72,82,"[0.6132420785222222, 0.8710652413331001]",0,-1
4789,[0.12403136 0.45550806],26,51,"[0.1508950301577577, 0.45723062251398755]",0,-1
4790,[0.68141419 0.40540392],34,4,"[0.7100353299176262, 0.3875574879176719]",0,21
4791,[0.28173454 0.55404117],97,-1,-1,0,-1
4792,[0.63032826 0.56484849],37,9,"[0.6184830434267037, 0.586333469678524]",0,68
4793,[0.65090181 0.68986916],79,76,"[0.6483290776065068, 0.6569295539328516]",0,-1
4794,[0.3849285  0.47745609],14,17,"[0.4108830354862289, 0.4435508998593477]",0,-1
4795,[0.488748   0.82613712],60,16,"[0.45898902168994016, 0.8115000101692392]",0,-1
4796,[0.23540411 0.69124551],51,45,"[0.19601325606017345, 0.667358514260268]",0,53
4797,[0.76768627 0.24984333],95,55,"[0.7305076164562052, 0.2580112669411776]",0,1
4798,[0.29088871 0.41754303],14,19,"[0.2847353251184853, 0.39005308479636985]",0,86
4799,[0.41265114 0.67931889],15,0,"[0.4226395002574949, 0.6460584349087278]",0,88
4800,[0.3370895 0.4007476],92,1,"[0.3572487842659222, 0.41922446128046986]",0,89
4801,[0.77491814 0.2437221 ],36,55,"[0.7305076164562052, 0.2580112669411776]",0,-1
4802,[0.50601917 0.71470178],75,37,"[0.47348968360582744, 0.7125916710309903]",0,-1
4803,[0.31173722 0.74125114],18,12,"[0.2822438507480652, 0.7105313788319401]",0,-1
4804,[0.34342698 0.82296547],78,54,"[0.36959478636682913, 0.8084550989826409]",0,-1
4805,[0.36499209 0.57023673],20,30,"[0.36820757824267275, 0.5891561499462349]",0,-1
4806,[0.51535294 0.84752075],60,18,"[0.527398606849523, 0.8662745321442044]",0,-1
4807,[0.84095553 0.60762914],99,47,"[0.8091525442233867, 0.6013457413252116]",0,-1
4808,[0.72795162 0.47603622],28,15,"[0.7558016368645127, 0.4462797814247812]",0,-1
4809,[0.43827109 0.16530474],84,31,"[0.4191189173246286, 0.19329258812229377]",0,34
4810,[0.18560031 0.80566932],59,69,"[0.18889864315739, 0.8195957758801673]",0,-1
4811,[0.81985701 0.78216129],62,41,"[0.8492841799095646, 0.8019622424543851]",0,-1
4812,[0.54197377 0.65868728],75,5,"[0.54876158375065, 0.6433749135954844]",0,-1
4813,[0.3859398  0.28475266],25,21,"[0.3571400957876323, 0.26942599959136726]",0,-1
4814,[0.35567984 0.43297693],8,1,"[0.3572487842659222, 0.41922446128046986]",0,89
4815,[0.49076834 0.58489903],12,2,"[0.4675886295436634, 0.6021765353351279]",0,88
4816,[0.65271354 0.22560909],88,35,"[0.6545605605339905, 0.22500987532438183]",0,6
4817,[0.40590447 0.75557213],56,58,"[0.37887936110594184, 0.7334391897891285]",0,-1
4818,[0.38994941 0.13796915],33,49,"[0.35418448506576955, 0.14329850428612353]",0,-1
4819,[0.43357281 0.92087397],78,67,"[0.37743107737986015, 0.883213849264441]",-1,-1
4820,[0.80280712 0.38662817],30,25,"[0.8211120104597844, 0.37574618786089475]",0,-1
4821,[0.37059803 0.86312074],48,67,"[0.37743107737986015, 0.883213849264441]",0,-1
4822,[0.38705968 0.30447228],47,6,"[0.40678448596985844, 0.34277371919698396]",0,-1
4823,[0.46541358 0.83900626],56,16,"[0.45898902168994016, 0.8115000101692392]",0,-1
4824,[0.68529755 0.40511364],61,4,"[0.7100353299176262, 0.3875574879176719]",0,21
4825,[0.56945819 0.57328307],37,20,"[0.5371890084085489, 0.5739528596094324]",0,88
4826,[0.28907428 0.72401886],16,12,"[0.2822438507480652, 0.7105313788319401]",0,54
4827,[0.28190095 0.64625464],23,39,"[0.2596202559688416, 0.6257540185994204]",0,-1
4828,[0.83424208 0.55143878],27,13,"[0.843760744736157, 0.5166552078676889]",0,14
4829,[0.56970807 0.81206644],60,46,"[0.5435344637313357, 0.7795756563374607]",0,-1
4830,[0.18145496 0.36279319],26,23,"[0.2032497039719594, 0.393824370774819]",0,62
4831,[0.39308634 0.2677713 ],55,21,"[0.3571400957876323, 0.26942599959136726]",0,-1
4832,[0.40680456 0.80994842],56,54,"[0.36959478636682913, 0.8084550989826409]",0,-1
4833,[0.7601333  0.50852553],83,32,"[0.7786163905873836, 0.5211842185039978]",0,-1
4834,[0.44219454 0.55816503],7,40,"[0.4758590512403852, 0.5317248607280546]",0,88
4835,[0.66457112 0.41362944],29,10,"[0.6398799516193626, 0.38844091859549007]",0,21
4836,[0.48873094 0.85804267],93,18,"[0.527398606849523, 0.8662745321442044]",0,-1
4837,[0.90562599 0.44053413],30,62,"[0.8921140984845523, 0.4428581583396137]",0,-1
4838,[0.22350558 0.31061607],47,24,"[0.23531691667485555, 0.27209662123665185]",0,-1
4839,[0.30220712 0.21649454],58,27,"[0.29001319373773415, 0.21087702736570366]",0,59
4840,[0.77793315 0.64217974],99,47,"[0.8091525442233867, 0.6013457413252116]",0,-1
4841,[0.29210477 0.20654762],10,27,"[0.29001319373773415, 0.21087702736570366]",0,59
4842,[0.23836987 0.55009801],23,44,"[0.1912270592870895, 0.5359549801185394]",0,-1
4843,[0.38592605 0.41958749],38,1,"[0.3572487842659222, 0.41922446128046986]",0,89
4844,[0.84214599 0.36455538],50,25,"[0.8211120104597844, 0.37574618786089475]",0,-1
4845,[0.29127715 0.81544577],59,26,"[0.2731213809151105, 0.8295374863795931]",0,46
4846,[0.45935667 0.63080378],6,2,"[0.4675886295436634, 0.6021765353351279]",0,88
4847,[0.16080974 0.79956391],0,69,"[0.18889864315739, 0.8195957758801673]",0,-1
4848,[0.26459267 0.75764055],59,11,"[0.22353793679767786, 0.7478364040140648]",0,-1
4849,[0.30224471 0.67006341],19,12,"[0.2822438507480652, 0.7105313788319401]",0,-1
4850,[0.63198458 0.35281919],61,10,"[0.6398799516193626, 0.38844091859549007]",0,19
4851,[0.28259641 0.83073663],59,26,"[0.2731213809151105, 0.8295374863795931]",0,-1
4852,[0.45536815 0.89599612],78,-1,-1,0,-1
4853,[0.45923141 0.59924087],15,2,"[0.4675886295436634, 0.6021765353351279]",0,88
4854,[0.52422263 0.55965911],41,20,"[0.5371890084085489, 0.5739528596094324]",0,-1
4855,[0.42392623 0.68064669],90,0,"[0.4226395002574949, 0.6460584349087278]",0,-1
4856,[0.36077309 0.21130835],57,21,"[0.3571400957876323, 0.26942599959136726]",0,28
4857,[0.53107032 0.8647929 ],93,18,"[0.527398606849523, 0.8662745321442044]",0,29
4858,[0.13166439 0.16816836],10,81,"[0.13426292668090453, 0.163935928071412]",0,-1
4859,[0.55170029 0.55683499],37,20,"[0.5371890084085489, 0.5739528596094324]",0,-1
4860,[0.22168584 0.28943815],32,24,"[0.23531691667485555, 0.27209662123665185]",0,-1
4861,[0.6210538  0.77077609],24,14,"[0.6208537257023621, 0.8045775614928529]",0,36
4862,[0.3287975  0.69037044],16,36,"[0.3536068858323266, 0.6613822308481206]",0,-1
4863,[0.84717252 0.20599628],36,88,"[0.8567588921418147, 0.17457306337920828]",0,0
4864,[0.64904902 0.22839888],95,35,"[0.6545605605339905, 0.22500987532438183]",0,6
4865,[0.82714596 0.52228686],63,13,"[0.843760744736157, 0.5166552078676889]",0,17
4866,[0.52766053 0.59142723],12,20,"[0.5371890084085489, 0.5739528596094324]",0,88
4867,[0.2396281  0.84291573],59,26,"[0.2731213809151105, 0.8295374863795931]",0,45
4868,[0.19229425 0.75958857],39,11,"[0.22353793679767786, 0.7478364040140648]",0,-1
4869,[0.79707886 0.43397711],50,8,"[0.8210079602672482, 0.4506152114933381]",0,17
4870,[0.63563345 0.88605893],79,82,"[0.6132420785222222, 0.8710652413331001]",0,-1
4871,[0.39210138 0.64883016],82,0,"[0.4226395002574949, 0.6460584349087278]",0,88
4872,[0.24979275 0.64775436],23,39,"[0.2596202559688416, 0.6257540185994204]",0,52
4873,[0.51700994 0.73459327],94,37,"[0.47348968360582744, 0.7125916710309903]",0,-1
4874,[0.61660537 0.83257719],72,14,"[0.6208537257023621, 0.8045775614928529]",0,41
4875,[0.60063621 0.38122639],34,73,"[0.5684491373659465, 0.3759776977620393]",0,11
4876,[0.49228335 0.54589378],7,40,"[0.4758590512403852, 0.5317248607280546]",0,-1
4877,[0.16389687 0.11882305],45,89,"[0.15862126123377812, 0.09531060003677258]",0,-1
4878,[0.32272102 0.60982892],20,30,"[0.36820757824267275, 0.5891561499462349]",0,-1
4879,[0.20316149 0.28765152],11,24,"[0.23531691667485555, 0.27209662123665185]",0,-1
4880,[0.55382675 0.58352561],13,20,"[0.5371890084085489, 0.5739528596094324]",0,88
4881,[0.7783941  0.74794369],46,63,"[0.7856877410353075, 0.7534945903126699]",0,-1
4882,[0.88356269 0.87913181],96,87,"[0.8925149589987491, 0.8617277435613537]",0,-1
4883,[0.20134875 0.43310123],44,23,"[0.2032497039719594, 0.393824370774819]",0,-1
4884,[0.62901036 0.25133454],86,35,"[0.6545605605339905, 0.22500987532438183]",0,-1
4885,[0.21764465 0.28348861],5,24,"[0.23531691667485555, 0.27209662123665185]",0,63
4886,[0.67933074 0.15683375],95,70,"[0.6986975952159088, 0.16842470592263856]",0,-1
4887,[0.7370509  0.42391975],40,15,"[0.7558016368645127, 0.4462797814247812]",0,-1
4888,[0.41576505 0.64928692],90,0,"[0.4226395002574949, 0.6460584349087278]",0,88
4889,[0.54326713 0.63271121],69,5,"[0.54876158375065, 0.6433749135954844]",0,88
4890,[0.39989793 0.41073258],1,17,"[0.4108830354862289, 0.4435508998593477]",0,89
4891,[0.72905815 0.63288002],35,72,"[0.7259305706267937, 0.621464812471517]",0,-1
4892,[0.57252923 0.83763975],79,82,"[0.6132420785222222, 0.8710652413331001]",0,-1
4893,[0.4614694  0.53384186],7,40,"[0.4758590512403852, 0.5317248607280546]",0,-1
4894,[0.35850548 0.46904847],92,1,"[0.3572487842659222, 0.41922446128046986]",0,77
4895,[0.61087832 0.81585799],72,14,"[0.6208537257023621, 0.8045775614928529]",0,42
4896,[0.44480125 0.37446779],67,42,"[0.47090413605197745, 0.3706753216883814]",0,58
4897,[0.52180327 0.80776926],24,46,"[0.5435344637313357, 0.7795756563374607]",0,-1
4898,[0.33353971 0.93499478],48,67,"[0.37743107737986015, 0.883213849264441]",-1,-1
4899,[0.54184666 0.8112212 ],72,46,"[0.5435344637313357, 0.7795756563374607]",0,-1
4900,[0.40978864 0.6239556 ],6,0,"[0.4226395002574949, 0.6460584349087278]",0,88
4901,[0.46956208 0.50001113],69,40,"[0.4758590512403852, 0.5317248607280546]",0,-1
4902,[0.38561628 0.4181913 ],64,1,"[0.3572487842659222, 0.41922446128046986]",0,89
4903,[0.58502877 0.78039065],70,46,"[0.5435344637313357, 0.7795756563374607]",0,-1
4904,[0.4189514 0.6295924],82,0,"[0.4226395002574949, 0.6460584349087278]",0,88
4905,[0.66354539 0.41624887],40,10,"[0.6398799516193626, 0.38844091859549007]",0,21
4906,[0.3557688  0.23801637],25,21,"[0.3571400957876323, 0.26942599959136726]",0,-1
4907,[0.43344282 0.32053643],55,6,"[0.40678448596985844, 0.34277371919698396]",0,-1
4908,[0.90371962 0.47487905],43,62,"[0.8921140984845523, 0.4428581583396137]",0,-1
4909,[0.61508354 0.81884827],60,14,"[0.6208537257023621, 0.8045775614928529]",0,-1
4910,[0.44064583 0.23801457],25,34,"[0.47832967363307105, 0.25654673669797673]",0,32
4911,[0.46000855 0.61104084],75,2,"[0.4675886295436634, 0.6021765353351279]",0,88
4912,[0.55556519 0.21669558],88,61,"[0.5821749572804258, 0.2185848836493384]",0,-1
4913,[0.37083618 0.68492332],20,36,"[0.3536068858323266, 0.6613822308481206]",0,-1
4914,[0.13230509 0.81445905],0,86,"[0.11333449837233942, 0.8035791769910723]",0,-1
4915,[0.84500804 0.37731357],66,25,"[0.8211120104597844, 0.37574618786089475]",0,17
4916,[0.63861901 0.27997351],89,64,"[0.594073349455653, 0.28354489837534175]",0,-1
4917,[0.32332653 0.05862   ],73,98,"[0.3113890783178001, 0.057273366575225935]",-1,-1
4918,[0.41470085 0.15579748],57,31,"[0.4191189173246286, 0.19329258812229377]",0,33
4919,[0.56771885 0.52972169],13,29,"[0.5812618174713859, 0.5240123764686471]",0,-1
4920,[0.25643651 0.74375833],31,11,"[0.22353793679767786, 0.7478364040140648]",0,56
4921,[0.5038209  0.83630643],93,18,"[0.527398606849523, 0.8662745321442044]",0,38
4922,[0.4200142  0.16374971],33,31,"[0.4191189173246286, 0.19329258812229377]",0,-1
4923,[0.75585059 0.52224379],28,32,"[0.7786163905873836, 0.5211842185039978]",0,-1
4924,[0.72311172 0.52103533],3,53,"[0.6955018555560987, 0.5389599645427405]",0,-1
4925,[0.78910069 0.46720141],28,8,"[0.8210079602672482, 0.4506152114933381]",0,17
4926,[0.19857069 0.75405948],65,11,"[0.22353793679767786, 0.7478364040140648]",0,57
4927,[0.25696941 0.72309163],18,12,"[0.2822438507480652, 0.7105313788319401]",0,-1
4928,[0.38324663 0.48995282],67,50,"[0.3898476181838421, 0.5216929572274273]",0,-1
4929,[0.86795625 0.80899232],21,41,"[0.8492841799095646, 0.8019622424543851]",0,-1
4930,[0.30224101 0.20500764],58,27,"[0.29001319373773415, 0.21087702736570366]",0,59
4931,[0.27692129 0.68658309],16,12,"[0.2822438507480652, 0.7105313788319401]",0,-1
4932,[0.36233361 0.16513356],57,49,"[0.35418448506576955, 0.14329850428612353]",0,28
4933,[0.09588989 0.34807011],44,71,"[0.11481900251646894, 0.37559708088824]",0,-1
4934,[0.24615862 0.30535141],5,24,"[0.23531691667485555, 0.27209662123665185]",0,-1
4935,[0.36952463 0.39272065],1,1,"[0.3572487842659222, 0.41922446128046986]",0,89
4936,[0.75010371 0.47469742],28,15,"[0.7558016368645127, 0.4462797814247812]",0,-1
4937,[0.72423007 0.68040348],46,72,"[0.7259305706267937, 0.621464812471517]",0,-1
4938,[0.67092906 0.62945178],74,76,"[0.6483290776065068, 0.6569295539328516]",0,-1
4939,[0.67645033 0.44200469],29,65,"[0.6636957553845171, 0.46135824588144125]",0,-1
4940,[0.30948979 0.73630115],18,12,"[0.2822438507480652, 0.7105313788319401]",0,54
4941,[0.1342025  0.48073227],26,51,"[0.1508950301577577, 0.45723062251398755]",0,-1
4942,[0.48021555 0.27938925],55,34,"[0.47832967363307105, 0.25654673669797673]",0,27
4943,[0.48761575 0.43053127],4,75,"[0.5172236746686562, 0.4443369127615434]",0,-1
4944,[0.6041586  0.35041587],4,73,"[0.5684491373659465, 0.3759776977620393]",0,-1
4945,[0.54061016 0.59884763],37,20,"[0.5371890084085489, 0.5739528596094324]",0,-1
4946,[0.7404283  0.79963912],62,48,"[0.7803433920128066, 0.8205948599681767]",0,-1
4947,[0.63490041 0.30664952],71,3,"[0.6759399092328674, 0.32128183561871837]",0,4
4948,[0.4015663  0.64636164],90,0,"[0.4226395002574949, 0.6460584349087278]",0,88
4949,[0.83068876 0.52444011],87,13,"[0.843760744736157, 0.5166552078676889]",0,17
4950,[0.50624487 0.15696828],84,56,"[0.4908116515444846, 0.16632592191374188]",0,-1
4951,[0.53506561 0.63469653],13,5,"[0.54876158375065, 0.6433749135954844]",0,-1
4952,[0.73912105 0.29791923],54,55,"[0.7305076164562052, 0.2580112669411776]",0,-1
4953,[0.54306447 0.83898885],24,18,"[0.527398606849523, 0.8662745321442044]",0,-1
4954,[0.47713687 0.63762363],75,2,"[0.4675886295436634, 0.6021765353351279]",0,-1
4955,[0.44005966 0.7113855 ],75,37,"[0.47348968360582744, 0.7125916710309903]",0,47
4956,[0.65261789 0.23087753],95,35,"[0.6545605605339905, 0.22500987532438183]",0,6
4957,[0.19445983 0.43152691],98,23,"[0.2032497039719594, 0.393824370774819]",0,-1
4958,[0.17447203 0.53381307],97,44,"[0.1912270592870895, 0.5359549801185394]",0,44
4959,[0.55726205 0.22411428],88,61,"[0.5821749572804258, 0.2185848836493384]",0,-1
4960,[0.87292042 0.79403846],85,41,"[0.8492841799095646, 0.8019622424543851]",0,-1
4961,[0.83485626 0.32900903],50,83,"[0.8762199555116444, 0.3404048051239979]",0,-1
4962,[0.81453178 0.88875882],85,79,"[0.8263954992254994, 0.8681441505941476]",0,-1
4963,[0.90704804 0.36440875],66,83,"[0.8762199555116444, 0.3404048051239979]",0,-1
4964,[0.73050483 0.47516034],87,15,"[0.7558016368645127, 0.4462797814247812]",0,-1
4965,[0.15067386 0.60890593],17,80,"[0.15990270049190128, 0.5986117043755352]",0,-1
4966,[0.59928403 0.48062632],13,68,"[0.6059400326152605, 0.4534475926518635]",0,-1
4967,[0.79423743 0.34438995],80,22,"[0.757272224425649, 0.33905999717339425]",0,-1
4968,[0.56220255 0.6367906 ],74,5,"[0.54876158375065, 0.6433749135954844]",0,88
4969,[0.1689228  0.80877923],65,69,"[0.18889864315739, 0.8195957758801673]",0,-1
4970,[0.39488158 0.90048252],78,67,"[0.37743107737986015, 0.883213849264441]",0,-1
4971,[0.50867058 0.69671336],75,37,"[0.47348968360582744, 0.7125916710309903]",0,-1
4972,[0.36448958 0.26654697],58,21,"[0.3571400957876323, 0.26942599959136726]",0,-1
4973,[0.55915682 0.58747891],12,20,"[0.5371890084085489, 0.5739528596094324]",0,88
4974,[0.69881482 0.72629919],46,60,"[0.7001338409322506, 0.7409401695756385]",0,15
4975,[0.38467787 0.42891805],64,1,"[0.3572487842659222, 0.41922446128046986]",0,89
4976,[0.61305515 0.48765187],34,68,"[0.6059400326152605, 0.4534475926518635]",0,-1
4977,[0.72436572 0.21053586],89,55,"[0.7305076164562052, 0.2580112669411776]",0,-1
4978,[0.4050603  0.38563268],92,6,"[0.40678448596985844, 0.34277371919698396]",0,89
4979,[0.40765143 0.67484195],19,0,"[0.4226395002574949, 0.6460584349087278]",0,88
4980,[0.44603001 0.62770825],76,0,"[0.4226395002574949, 0.6460584349087278]",0,88
4981,[0.34891127 0.37361249],81,7,"[0.3321936611977011, 0.34293111744375654]",0,89
4982,[0.79401555 0.77965677],62,63,"[0.7856877410353075, 0.7534945903126699]",0,12
4983,[0.28047016 0.32634472],42,7,"[0.3321936611977011, 0.34293111744375654]",0,-1
4984,[0.70137624 0.2785017 ],54,55,"[0.7305076164562052, 0.2580112669411776]",0,-1
4985,[0.50318353 0.76176034],94,46,"[0.5435344637313357, 0.7795756563374607]",0,-1
4986,[0.21048887 0.3233331 ],53,38,"[0.18350109397176653, 0.31916714902230253]",0,-1
4987,[0.37165603 0.48013288],14,50,"[0.3898476181838421, 0.5216929572274273]",0,77
4988,[0.73686625 0.7350942 ],46,60,"[0.7001338409322506, 0.7409401695756385]",0,-1
4989,[0.16101404 0.53605384],97,44,"[0.1912270592870895, 0.5359549801185394]",0,44
4990,[0.24709512 0.35823872],22,19,"[0.2847353251184853, 0.39005308479636985]",0,71
4991,[0.46245552 0.16036209],73,56,"[0.4908116515444846, 0.16632592191374188]",0,-1
4992,[0.79452016 0.68209864],99,-1,-1,0,-1
4993,[0.41418651 0.48802638],8,50,"[0.3898476181838421, 0.5216929572274273]",0,-1
4994,[0.48597219 0.41748261],67,75,"[0.5172236746686562, 0.4443369127615434]",0,-1
4995,[0.37209854 0.38719827],8,1,"[0.3572487842659222, 0.41922446128046986]",0,89
4996,[0.34338199 0.68948799],19,36,"[0.3536068858323266, 0.6613822308481206]",0,-1
4997,[0.877807   0.41226128],30,62,"[0.8921140984845523, 0.4428581583396137]",0,-1
4998,[0.34925825 0.16144259],84,49,"[0.35418448506576955, 0.14329850428612353]",0,28
4999,[0.837205   0.71883561],96,85,"[0.8584098981619135, 0.7196353557924977]",0,-1
5000,[0.79431425 0.35139343],50,25,"[0.8211120104597844, 0.37574618786089475]",0,-1
5001,[0.20623733 0.42115825],26,23,"[0.2032497039719594, 0.393824370774819]",0,-1
5002,[0.66967004 0.45216747],29,65,"[0.6636957553845171, 0.46135824588144125]",0,-1
5003,[0.58089451 0.780429  ],70,46,"[0.5435344637313357, 0.7795756563374607]",0,-1
5004,[0.59964634 0.60078256],74,9,"[0.6184830434267037, 0.586333469678524]",0,87
5005,[0.39474274 0.33865742],42,6,"[0.40678448596985844, 0.34277371919698396]",0,-1
5006,[0.59740647 0.51322799],77,29,"[0.5812618174713859, 0.5240123764686471]",0,-1
5007,[0.59221021 0.80499606],60,14,"[0.6208537257023621, 0.8045775614928529]",0,42
5008,[0.65466998 0.55559013],49,53,"[0.6955018555560987, 0.5389599645427405]",0,-1
5009,[0.40619797 0.46245624],8,17,"[0.4108830354862289, 0.4435508998593477]",0,-1
5010,[0.83812801 0.4215644 ],43,8,"[0.8210079602672482, 0.4506152114933381]",0,17
5011,[0.55690107 0.67380021],75,5,"[0.54876158375065, 0.6433749135954844]",0,-1
5012,[0.33933051 0.59867013],90,30,"[0.36820757824267275, 0.5891561499462349]",0,-1
5013,[0.46417177 0.89042673],56,18,"[0.527398606849523, 0.8662745321442044]",0,-1
5014,[0.55486578 0.57091929],12,20,"[0.5371890084085489, 0.5739528596094324]",0,88
5015,[0.20851136 0.43642531],44,23,"[0.2032497039719594, 0.393824370774819]",0,-1
5016,[0.39132002 0.57849401],41,30,"[0.36820757824267275, 0.5891561499462349]",0,88
5017,[0.77842437 0.83149843],21,48,"[0.7803433920128066, 0.8205948599681767]",0,-1
5018,[0.35482097 0.64038936],19,36,"[0.3536068858323266, 0.6613822308481206]",0,-1
5019,[0.78617582 0.60543033],99,47,"[0.8091525442233867, 0.6013457413252116]",0,-1
5020,[0.46203966 0.16705325],73,56,"[0.4908116515444846, 0.16632592191374188]",0,34
5021,[0.81891131 0.31712247],80,66,"[0.8238364342627095, 0.2773691959806487]",0,-1
5022,[0.49791898 0.62780139],41,2,"[0.4675886295436634, 0.6021765353351279]",0,-1
5023,[0.74234029 0.23610624],54,55,"[0.7305076164562052, 0.2580112669411776]",0,-1
5024,[0.74166629 0.50332884],28,32,"[0.7786163905873836, 0.5211842185039978]",0,-1
5025,[0.41559868 0.6748149 ],15,0,"[0.4226395002574949, 0.6460584349087278]",0,88
5026,[0.84233419 0.29813131],80,66,"[0.8238364342627095, 0.2773691959806487]",0,2
5027,[0.62951346 0.34913704],71,10,"[0.6398799516193626, 0.38844091859549007]",0,19
5028,[0.57969445 0.51153766],13,29,"[0.5812618174713859, 0.5240123764686471]",0,-1
5029,[0.38442616 0.59727619],82,30,"[0.36820757824267275, 0.5891561499462349]",0,-1
5030,[0.35628283 0.32829996],1,7,"[0.3321936611977011, 0.34293111744375654]",0,89
5031,[0.67072071 0.53661235],35,53,"[0.6955018555560987, 0.5389599645427405]",0,-1
5032,[0.78774548 0.3599941 ],2,25,"[0.8211120104597844, 0.37574618786089475]",0,20
5033,[0.57469621 0.57037884],37,20,"[0.5371890084085489, 0.5739528596094324]",0,88
5034,[0.64327654 0.80030667],70,14,"[0.6208537257023621, 0.8045775614928529]",0,-1
5035,[0.49279126 0.36110967],67,42,"[0.47090413605197745, 0.3706753216883814]",0,-1
5036,[0.2413202  0.46583884],97,28,"[0.2520846559803125, 0.4621952512240386]",0,-1
5037,[0.48028379 0.57998347],69,2,"[0.4675886295436634, 0.6021765353351279]",0,88
5038,[0.194724   0.24800587],11,33,"[0.1898538969523832, 0.20289106741831933]",0,-1
5039,[0.4768141 0.2705555],55,34,"[0.47832967363307105, 0.25654673669797673]",0,-1
5040,[0.39437719 0.57814248],82,30,"[0.36820757824267275, 0.5891561499462349]",0,-1
5041,[0.83429613 0.26357601],36,66,"[0.8238364342627095, 0.2773691959806487]",0,-1
5042,[0.53528203 0.44272463],4,75,"[0.5172236746686562, 0.4443369127615434]",0,-1
5043,[0.20658388 0.78981085],31,69,"[0.18889864315739, 0.8195957758801673]",0,-1
5044,[0.84152351 0.3387709 ],30,83,"[0.8762199555116444, 0.3404048051239979]",0,9
5045,[0.63188875 0.34874712],34,10,"[0.6398799516193626, 0.38844091859549007]",0,19
5046,[0.59873933 0.84819453],60,82,"[0.6132420785222222, 0.8710652413331001]",0,-1
5047,[0.23832575 0.6077866 ],18,39,"[0.2596202559688416, 0.6257540185994204]",0,-1
5048,[0.28459949 0.68084598],23,12,"[0.2822438507480652, 0.7105313788319401]",0,-1
5049,[0.71897707 0.37036879],91,4,"[0.7100353299176262, 0.3875574879176719]",0,21
5050,[0.24644241 0.65942343],18,39,"[0.2596202559688416, 0.6257540185994204]",0,-1
5051,[0.74364536 0.30363242],54,22,"[0.757272224425649, 0.33905999717339425]",0,-1
5052,[0.20868833 0.36204396],11,23,"[0.2032497039719594, 0.393824370774819]",0,62
5053,[0.50922744 0.63540068],75,5,"[0.54876158375065, 0.6433749135954844]",0,-1
5054,[0.81853283 0.31104912],80,66,"[0.8238364342627095, 0.2773691959806487]",0,-1
5055,[0.62463361 0.62128232],35,9,"[0.6184830434267037, 0.586333469678524]",0,-1
5056,[0.51280104 0.38488148],4,42,"[0.47090413605197745, 0.3706753216883814]",0,-1
5057,[0.35955195 0.17564281],33,49,"[0.35418448506576955, 0.14329850428612353]",0,28
5058,[0.57301185 0.84134714],93,82,"[0.6132420785222222, 0.8710652413331001]",0,-1
5059,[0.26547748 0.33279686],1,19,"[0.2847353251184853, 0.39005308479636985]",0,-1
5060,[0.43883889 0.67490674],15,0,"[0.4226395002574949, 0.6460584349087278]",0,-1
5061,[0.59780276 0.80555313],60,14,"[0.6208537257023621, 0.8045775614928529]",0,42
5062,[0.11261194 0.22807975],32,84,"[0.1433957510634753, 0.2579081432754369]",-1,-1
5063,[0.28374637 0.25054359],58,27,"[0.29001319373773415, 0.21087702736570366]",0,-1
5064,[0.44550041 0.39717546],64,42,"[0.47090413605197745, 0.3706753216883814]",0,-1
5065,[0.60854034 0.86237039],72,82,"[0.6132420785222222, 0.8710652413331001]",0,-1
5066,[0.42277463 0.61675939],90,0,"[0.4226395002574949, 0.6460584349087278]",0,88
5067,[0.27064552 0.72637079],18,12,"[0.2822438507480652, 0.7105313788319401]",0,54
5068,[0.50056469 0.90684828],93,18,"[0.527398606849523, 0.8662745321442044]",0,-1
5069,[0.78726099 0.39383011],66,25,"[0.8211120104597844, 0.37574618786089475]",0,-1
5070,[0.84320074 0.33591731],80,83,"[0.8762199555116444, 0.3404048051239979]",0,-1
5071,[0.51967831 0.53248823],41,40,"[0.4758590512403852, 0.5317248607280546]",0,-1
5072,[0.13740407 0.64214124],23,90,"[0.11769418158886381, 0.6663972759552037]",0,-1
5073,[0.57132153 0.40046504],34,73,"[0.5684491373659465, 0.3759776977620393]",0,-1
5074,[0.71252582 0.28304654],54,55,"[0.7305076164562052, 0.2580112669411776]",0,-1
5075,[0.78460169 0.33949087],66,22,"[0.757272224425649, 0.33905999717339425]",0,-1
5076,[0.45850283 0.38573157],8,42,"[0.47090413605197745, 0.3706753216883814]",0,58
5077,[0.65039317 0.76033745],24,57,"[0.6165364982648931, 0.7310583472769618]",0,-1
5078,[0.38029057 0.63841009],82,36,"[0.3536068858323266, 0.6613822308481206]",0,-1
5079,[0.67770108 0.27650348],89,3,"[0.6759399092328674, 0.32128183561871837]",0,-1
5080,[0.79061448 0.90501294],85,79,"[0.8263954992254994, 0.8681441505941476]",0,-1
5081,[0.24265931 0.68540459],16,12,"[0.2822438507480652, 0.7105313788319401]",0,53
5082,[0.7393834  0.50980498],28,32,"[0.7786163905873836, 0.5211842185039978]",0,-1
5083,[0.55429776 0.62581998],12,5,"[0.54876158375065, 0.6433749135954844]",0,88
5084,[0.30248662 0.32386193],42,7,"[0.3321936611977011, 0.34293111744375654]",0,-1
5085,[0.34806341 0.25765281],47,21,"[0.3571400957876323, 0.26942599959136726]",0,75
5086,[0.4656469  0.64330276],76,2,"[0.4675886295436634, 0.6021765353351279]",0,-1
5087,[0.70300381 0.42493706],2,4,"[0.7100353299176262, 0.3875574879176719]",0,-1
5088,[0.94546645 0.49234569],43,92,"[0.9291777218511399, 0.5053403904093751]",0,-1
5089,[0.76748875 0.32953898],91,22,"[0.757272224425649, 0.33905999717339425]",0,-1
5090,[0.91212437 0.48867884],63,92,"[0.9291777218511399, 0.5053403904093751]",0,-1
5091,[0.88325823 0.78343775],96,93,"[0.9128525281281048, 0.8015861505597924]",0,-1
5092,[0.22237173 0.68972916],65,45,"[0.19601325606017345, 0.667358514260268]",0,53
5093,[0.34504536 0.45938829],64,1,"[0.3572487842659222, 0.41922446128046986]",0,78
5094,[0.26165896 0.37056147],53,19,"[0.2847353251184853, 0.39005308479636985]",0,-1
5095,[0.64748157 0.5624734 ],49,9,"[0.6184830434267037, 0.586333469678524]",0,68
5096,[0.54402966 0.82943085],60,18,"[0.527398606849523, 0.8662745321442044]",0,37
5097,[0.44061853 0.19036341],73,31,"[0.4191189173246286, 0.19329258812229377]",0,-1
5098,[0.07102639 0.41794957],98,71,"[0.11481900251646894, 0.37559708088824]",-1,-1
5099,[0.26168768 0.71749265],18,12,"[0.2822438507480652, 0.7105313788319401]",0,-1
5100,[0.89904269 0.3852273 ],30,83,"[0.8762199555116444, 0.3404048051239979]",0,-1
5101,[0.47703952 0.89335389],56,18,"[0.527398606849523, 0.8662745321442044]",0,-1
5102,[0.5602587  0.62077049],12,5,"[0.54876158375065, 0.6433749135954844]",0,-1
5103,[0.50008342 0.55802258],7,40,"[0.4758590512403852, 0.5317248607280546]",0,-1
5104,[0.12721562 0.41459382],44,71,"[0.11481900251646894, 0.37559708088824]",0,-1
5105,[0.61390504 0.23421455],86,61,"[0.5821749572804258, 0.2185848836493384]",0,-1
5106,[0.85747784 0.47803076],30,13,"[0.843760744736157, 0.5166552078676889]",0,17
5107,[0.21415508 0.41085424],53,23,"[0.2032497039719594, 0.393824370774819]",0,-1
5108,[0.55061334 0.61188956],37,5,"[0.54876158375065, 0.6433749135954844]",0,-1
5109,[0.83292873 0.4953807 ],28,13,"[0.843760744736157, 0.5166552078676889]",0,17
5110,[0.82943559 0.80574438],21,41,"[0.8492841799095646, 0.8019622424543851]",0,13
5111,[0.42204575 0.55629839],7,50,"[0.3898476181838421, 0.5216929572274273]",0,79
5112,[0.66475121 0.17668124],95,70,"[0.6986975952159088, 0.16842470592263856]",0,-1
5113,[0.63868384 0.70322299],74,57,"[0.6165364982648931, 0.7310583472769618]",0,-1
5114,[0.29009029 0.35303226],47,19,"[0.2847353251184853, 0.39005308479636985]",0,-1
5115,[0.49383568 0.51476719],69,40,"[0.4758590512403852, 0.5317248607280546]",0,-1
5116,[0.38582217 0.29835592],42,21,"[0.3571400957876323, 0.26942599959136726]",0,-1
5117,[0.17169864 0.35105958],53,38,"[0.18350109397176653, 0.31916714902230253]",0,-1
5118,[0.09053496 0.76165937],0,94,"[0.08336279277630905, 0.7423055088738316]",0,-1
5119,[0.79766152 0.63576308],49,47,"[0.8091525442233867, 0.6013457413252116]",0,-1
5120,[0.40396123 0.44147906],38,17,"[0.4108830354862289, 0.4435508998593477]",0,82
5121,[0.26035344 0.85530095],59,26,"[0.2731213809151105, 0.8295374863795931]",0,-1
5122,[0.25303439 0.35213439],11,19,"[0.2847353251184853, 0.39005308479636985]",0,-1
5123,[0.77889201 0.89912249],85,79,"[0.8263954992254994, 0.8681441505941476]",0,-1
5124,[0.42862886 0.16066587],84,31,"[0.4191189173246286, 0.19329258812229377]",0,-1
5125,[0.42668816 0.65875081],6,0,"[0.4226395002574949, 0.6460584349087278]",0,88
5126,[0.47448803 0.82320087],56,16,"[0.45898902168994016, 0.8115000101692392]",0,-1
5127,[0.45683505 0.60866461],41,2,"[0.4675886295436634, 0.6021765353351279]",0,88
5128,[0.82739206 0.38488902],66,25,"[0.8211120104597844, 0.37574618786089475]",0,17
5129,[0.29824462 0.38372541],9,19,"[0.2847353251184853, 0.39005308479636985]",0,90
5130,[0.27741032 0.25959429],47,24,"[0.23531691667485555, 0.27209662123665185]",0,-1
5131,[0.40491379 0.66686779],90,0,"[0.4226395002574949, 0.6460584349087278]",0,88
5132,[0.7359676  0.37030756],50,4,"[0.7100353299176262, 0.3875574879176719]",0,-1
5133,[0.72934732 0.43149116],2,15,"[0.7558016368645127, 0.4462797814247812]",0,-1
5134,[0.42578955 0.62905218],76,0,"[0.4226395002574949, 0.6460584349087278]",0,88
5135,[0.35600113 0.55005831],76,30,"[0.36820757824267275, 0.5891561499462349]",0,-1
5136,[0.67056196 0.30878319],91,3,"[0.6759399092328674, 0.32128183561871837]",0,21
5137,[0.70811297 0.74910747],24,60,"[0.7001338409322506, 0.7409401695756385]",0,-1
5138,[0.44443404 0.17143174],52,31,"[0.4191189173246286, 0.19329258812229377]",0,34
5139,[0.39890181 0.50489993],64,50,"[0.3898476181838421, 0.5216929572274273]",0,-1
5140,[0.74341515 0.34106907],54,22,"[0.757272224425649, 0.33905999717339425]",0,21
5141,[0.40688429 0.49901838],41,50,"[0.3898476181838421, 0.5216929572274273]",0,-1
5142,[0.84514967 0.20755305],36,88,"[0.8567588921418147, 0.17457306337920828]",0,0
5143,[0.23256449 0.37644627],22,23,"[0.2032497039719594, 0.393824370774819]",0,73
5144,[0.14985163 0.57846843],17,80,"[0.15990270049190128, 0.5986117043755352]",0,-1
5145,[0.08987427 0.61768068],17,90,"[0.11769418158886381, 0.6663972759552037]",-1,-1
5146,[0.32952085 0.32768509],58,7,"[0.3321936611977011, 0.34293111744375654]",0,-1
5147,[0.45870708 0.22089855],33,34,"[0.47832967363307105, 0.25654673669797673]",0,34
5148,[0.39876344 0.39684594],38,1,"[0.3572487842659222, 0.41922446128046986]",0,89
5149,[0.5569859 0.3177034],4,64,"[0.594073349455653, 0.28354489837534175]",0,-1
5150,[0.3300391  0.75965189],19,58,"[0.37887936110594184, 0.7334391897891285]",0,-1
5151,[0.52411578 0.8340682 ],72,18,"[0.527398606849523, 0.8662745321442044]",0,-1
5152,[0.39096649 0.70596094],76,58,"[0.37887936110594184, 0.7334391897891285]",0,-1
5153,[0.18951958 0.3588085 ],53,23,"[0.2032497039719594, 0.393824370774819]",0,-1
5154,[0.39124792 0.36092584],1,6,"[0.40678448596985844, 0.34277371919698396]",0,89
5155,[0.29961363 0.27718529],47,21,"[0.3571400957876323, 0.26942599959136726]",0,-1
5156,[0.5131483  0.88034415],60,18,"[0.527398606849523, 0.8662745321442044]",0,-1
5157,[0.64102015 0.77571301],24,14,"[0.6208537257023621, 0.8045775614928529]",0,36
5158,[0.38228981 0.78374721],48,54,"[0.36959478636682913, 0.8084550989826409]",0,23
5159,[0.60898846 0.29112729],88,64,"[0.594073349455653, 0.28354489837534175]",0,-1
5160,[0.40066378 0.40793385],64,17,"[0.4108830354862289, 0.4435508998593477]",0,89
5161,[0.3719756  0.39439434],14,1,"[0.3572487842659222, 0.41922446128046986]",0,89
5162,[0.79345779 0.50919003],3,32,"[0.7786163905873836, 0.5211842185039978]",0,17
5163,[0.293957   0.22825677],25,27,"[0.29001319373773415, 0.21087702736570366]",0,-1
5164,[0.82342897 0.84660557],62,79,"[0.8263954992254994, 0.8681441505941476]",0,13
5165,[0.6989566  0.43523954],29,65,"[0.6636957553845171, 0.46135824588144125]",0,-1
5166,[0.21598542 0.78168612],16,11,"[0.22353793679767786, 0.7478364040140648]",0,-1
5167,[0.75418188 0.57129216],87,32,"[0.7786163905873836, 0.5211842185039978]",0,-1
5168,[0.75345848 0.34633895],2,22,"[0.757272224425649, 0.33905999717339425]",0,-1
5169,[0.45506135 0.16691763],33,56,"[0.4908116515444846, 0.16632592191374188]",0,34
5170,[0.5234044  0.54229388],12,20,"[0.5371890084085489, 0.5739528596094324]",0,81
5171,[0.36215836 0.22052499],25,21,"[0.3571400957876323, 0.26942599959136726]",0,-1
5172,[0.68833911 0.5521561 ],49,53,"[0.6955018555560987, 0.5389599645427405]",0,-1
5173,[0.90791608 0.55287737],27,59,"[0.8763268698051316, 0.579199170331017]",0,-1
5174,[0.29478429 0.41310835],22,19,"[0.2847353251184853, 0.39005308479636985]",0,86
5175,[0.24952529 0.38982278],47,19,"[0.2847353251184853, 0.39005308479636985]",0,-1
5176,[0.55149033 0.67066784],74,5,"[0.54876158375065, 0.6433749135954844]",0,-1
5177,[0.54681832 0.83367333],60,18,"[0.527398606849523, 0.8662745321442044]",0,37
5178,[0.30597478 0.2242647 ],58,27,"[0.29001319373773415, 0.21087702736570366]",0,59
5179,[0.38294547 0.32304182],64,6,"[0.40678448596985844, 0.34277371919698396]",0,-1
5180,[0.66533862 0.43860457],34,65,"[0.6636957553845171, 0.46135824588144125]",0,-1
5181,[0.6114526  0.81826206],72,14,"[0.6208537257023621, 0.8045775614928529]",0,-1
5182,[0.42695421 0.19664402],73,31,"[0.4191189173246286, 0.19329258812229377]",0,35
5183,[0.38065352 0.78761733],48,54,"[0.36959478636682913, 0.8084550989826409]",0,23
5184,[0.15231034 0.63312864],17,80,"[0.15990270049190128, 0.5986117043755352]",0,-1
5185,[0.77712914 0.31899496],91,22,"[0.757272224425649, 0.33905999717339425]",0,-1
5186,[0.47240642 0.60926723],15,2,"[0.4675886295436634, 0.6021765353351279]",0,-1
5187,[0.39320967 0.43407338],67,17,"[0.4108830354862289, 0.4435508998593477]",0,-1
5188,[0.77748075 0.52178212],99,32,"[0.7786163905873836, 0.5211842185039978]",0,17
5189,[0.79819293 0.47964786],83,8,"[0.8210079602672482, 0.4506152114933381]",0,17
5190,[0.77678501 0.53971802],87,32,"[0.7786163905873836, 0.5211842185039978]",0,17
5191,[0.67998603 0.38370245],40,4,"[0.7100353299176262, 0.3875574879176719]",0,21
5192,[0.26644221 0.64150745],18,39,"[0.2596202559688416, 0.6257540185994204]",0,52
5193,[0.40586368 0.48017094],92,17,"[0.4108830354862289, 0.4435508998593477]",0,80
5194,[0.35868131 0.89506049],48,67,"[0.37743107737986015, 0.883213849264441]",0,-1
5195,[0.61832571 0.77677194],70,14,"[0.6208537257023621, 0.8045775614928529]",0,36
5196,[0.55436658 0.24103749],88,61,"[0.5821749572804258, 0.2185848836493384]",0,-1
5197,[0.45859733 0.25943761],52,34,"[0.47832967363307105, 0.25654673669797673]",0,-1
5198,[0.68808823 0.5763708 ],49,53,"[0.6955018555560987, 0.5389599645427405]",0,-1
5199,[0.33867492 0.8380768 ],78,54,"[0.36959478636682913, 0.8084550989826409]",0,-1
5200,[0.6183141  0.76263021],70,57,"[0.6165364982648931, 0.7310583472769618]",0,36
5201,[0.3584011 0.8843912],48,67,"[0.37743107737986015, 0.883213849264441]",0,-1
5202,[0.53969734 0.52133198],13,29,"[0.5812618174713859, 0.5240123764686471]",0,-1
5203,[0.74909826 0.38521782],71,4,"[0.7100353299176262, 0.3875574879176719]",0,-1
5204,[0.22512724 0.71912564],18,11,"[0.22353793679767786, 0.7478364040140648]",0,-1
5205,[0.30392822 0.43590811],81,19,"[0.2847353251184853, 0.39005308479636985]",0,-1
5206,[0.83181673 0.51410523],27,13,"[0.843760744736157, 0.5166552078676889]",0,17
5207,[0.46446792 0.16236744],84,56,"[0.4908116515444846, 0.16632592191374188]",0,-1
5208,[0.51203054 0.69827205],75,37,"[0.47348968360582744, 0.7125916710309903]",0,-1
5209,[0.56467453 0.59243965],74,20,"[0.5371890084085489, 0.5739528596094324]",0,88
5210,[0.20714771 0.16598973],32,52,"[0.2294764018471187, 0.143723856671554]",0,-1
5211,[0.70719295 0.39198217],40,4,"[0.7100353299176262, 0.3875574879176719]",0,21
5212,[0.68366215 0.18214297],89,70,"[0.6986975952159088, 0.16842470592263856]",0,-1
5213,[0.18418147 0.51570519],97,44,"[0.1912270592870895, 0.5359549801185394]",0,44
5214,[0.31948626 0.83400078],48,26,"[0.2731213809151105, 0.8295374863795931]",0,-1
5215,[0.25806569 0.24440739],58,24,"[0.23531691667485555, 0.27209662123665185]",0,-1
5216,[0.54546323 0.82066372],79,46,"[0.5435344637313357, 0.7795756563374607]",0,37
5217,[0.80645447 0.38127548],66,25,"[0.8211120104597844, 0.37574618786089475]",0,-1
5218,[0.19001061 0.14610006],45,52,"[0.2294764018471187, 0.143723856671554]",0,48
5219,[0.79470145 0.82351771],85,48,"[0.7803433920128066, 0.8205948599681767]",0,-1
5220,[0.87268675 0.57044409],63,59,"[0.8763268698051316, 0.579199170331017]",0,-1
5221,[0.71034069 0.41977189],2,4,"[0.7100353299176262, 0.3875574879176719]",0,-1
5222,[0.61955459 0.27432559],86,64,"[0.594073349455653, 0.28354489837534175]",0,-1
5223,[0.8627061  0.41982637],2,62,"[0.8921140984845523, 0.4428581583396137]",0,-1
5224,[0.6313667  0.29444516],71,64,"[0.594073349455653, 0.28354489837534175]",0,4
5225,[0.72398967 0.742049  ],46,60,"[0.7001338409322506, 0.7409401695756385]",0,15
5226,[0.46651013 0.22621279],52,34,"[0.47832967363307105, 0.25654673669797673]",0,-1
5227,[0.79664748 0.48292357],3,8,"[0.8210079602672482, 0.4506152114933381]",0,17
5228,[0.7786346  0.55165877],28,32,"[0.7786163905873836, 0.5211842185039978]",0,-1
5229,[0.4285782  0.78130588],94,16,"[0.45898902168994016, 0.8115000101692392]",0,30
5230,[0.46936107 0.16419835],84,56,"[0.4908116515444846, 0.16632592191374188]",0,-1
5231,[0.3000185  0.38741229],64,19,"[0.2847353251184853, 0.39005308479636985]",0,89
5232,[0.59405194 0.41561365],34,68,"[0.6059400326152605, 0.4534475926518635]",0,-1
5233,[0.41897888 0.14219174],33,74,"[0.4464145664830302, 0.11749079524673668]",0,33
5234,[0.64800457 0.37502312],61,10,"[0.6398799516193626, 0.38844091859549007]",0,-1
5235,[0.41575208 0.82722037],56,16,"[0.45898902168994016, 0.8115000101692392]",0,-1
5236,[0.53343912 0.13426909],33,91,"[0.5747298360762695, 0.15930251145986343]",0,-1
5237,[0.63665286 0.78361965],24,14,"[0.6208537257023621, 0.8045775614928529]",0,36
5238,[0.34954699 0.4262392 ],67,1,"[0.3572487842659222, 0.41922446128046986]",0,-1
5239,[0.44656129 0.81424348],78,16,"[0.45898902168994016, 0.8115000101692392]",0,-1
5240,[0.89074341 0.57080165],99,59,"[0.8763268698051316, 0.579199170331017]",0,-1
5241,[0.81662768 0.81684082],62,41,"[0.8492841799095646, 0.8019622424543851]",0,13
5242,[0.25767473 0.17752637],5,52,"[0.2294764018471187, 0.143723856671554]",0,64
5243,[0.44594214 0.5864154 ],7,2,"[0.4675886295436634, 0.6021765353351279]",0,88
5244,[0.45502036 0.58927929],7,2,"[0.4675886295436634, 0.6021765353351279]",0,88
5245,[0.53616552 0.83866317],72,18,"[0.527398606849523, 0.8662745321442044]",0,-1
5246,[0.26401364 0.67773587],16,12,"[0.2822438507480652, 0.7105313788319401]",0,-1
5247,[0.76311457 0.52001907],3,32,"[0.7786163905873836, 0.5211842185039978]",0,17
5248,[0.51434169 0.26136443],88,34,"[0.47832967363307105, 0.25654673669797673]",0,-1
5249,[0.83595552 0.81570248],21,41,"[0.8492841799095646, 0.8019622424543851]",0,13
5250,[0.57069713 0.54470201],37,29,"[0.5812618174713859, 0.5240123764686471]",0,-1
5251,[0.80121558 0.48722013],3,32,"[0.7786163905873836, 0.5211842185039978]",0,17
5252,[0.82933708 0.43626641],50,8,"[0.8210079602672482, 0.4506152114933381]",0,17
5253,[0.18429038 0.23613918],11,33,"[0.1898538969523832, 0.20289106741831933]",0,-1
5254,[0.5457504  0.59405334],12,20,"[0.5371890084085489, 0.5739528596094324]",0,-1
5255,[0.52102867 0.70868278],6,37,"[0.47348968360582744, 0.7125916710309903]",0,-1
5256,[0.58109264 0.24400298],88,61,"[0.5821749572804258, 0.2185848836493384]",0,7
5257,[0.52643181 0.16800116],33,56,"[0.4908116515444846, 0.16632592191374188]",0,-1
5258,[0.22078973 0.75978001],18,11,"[0.22353793679767786, 0.7478364040140648]",0,57
5259,[0.50553389 0.81780874],60,16,"[0.45898902168994016, 0.8115000101692392]",0,-1
5260,[0.28981341 0.37804526],81,19,"[0.2847353251184853, 0.39005308479636985]",0,-1
5261,[0.45076843 0.63200927],15,0,"[0.4226395002574949, 0.6460584349087278]",0,88
5262,[0.435559   0.77501453],56,16,"[0.45898902168994016, 0.8115000101692392]",0,30
5263,[0.76557309 0.11690812],36,95,"[0.7517203864819665, 0.11417692930271928]",-1,-1
5264,[0.17966356 0.41213461],98,23,"[0.2032497039719594, 0.393824370774819]",0,-1
5265,[0.85577847 0.84866576],21,79,"[0.8263954992254994, 0.8681441505941476]",0,-1
5266,[0.23287264 0.84273082],59,26,"[0.2731213809151105, 0.8295374863795931]",0,45
5267,[0.56564351 0.48334227],77,29,"[0.5812618174713859, 0.5240123764686471]",0,-1
5268,[0.76257404 0.18938299],36,78,"[0.7951539755354653, 0.19004804298167233]",0,-1
5269,[0.85773377 0.33989272],50,83,"[0.8762199555116444, 0.3404048051239979]",0,-1
5270,[0.22082656 0.27620222],11,24,"[0.23531691667485555, 0.27209662123665185]",0,63
5271,[0.82357705 0.51476614],63,13,"[0.843760744736157, 0.5166552078676889]",0,17
5272,[0.57635254 0.6690477 ],74,5,"[0.54876158375065, 0.6433749135954844]",0,-1
5273,[0.42178327 0.56438171],82,50,"[0.3898476181838421, 0.5216929572274273]",0,79
5274,[0.29919102 0.73578666],48,12,"[0.2822438507480652, 0.7105313788319401]",0,-1
5275,[0.17018734 0.78098058],31,43,"[0.15465866632935668, 0.7523522483084468]",0,-1
5276,[0.53808307 0.89627036],93,18,"[0.527398606849523, 0.8662745321442044]",0,-1
5277,[0.22779595 0.69742356],51,45,"[0.19601325606017345, 0.667358514260268]",0,53
5278,[0.49130432 0.71908739],94,37,"[0.47348968360582744, 0.7125916710309903]",0,-1
5279,[0.38352141 0.66757343],20,36,"[0.3536068858323266, 0.6613822308481206]",0,-1
5280,[0.55456449 0.47410732],61,75,"[0.5172236746686562, 0.4443369127615434]",0,-1
5281,[0.46976389 0.21796761],84,34,"[0.47832967363307105, 0.25654673669797673]",0,-1
5282,[0.53271422 0.9089076 ],60,18,"[0.527398606849523, 0.8662745321442044]",0,-1
5283,[0.63641335 0.26346858],71,35,"[0.6545605605339905, 0.22500987532438183]",0,-1
5284,[0.45604482 0.68179887],75,37,"[0.47348968360582744, 0.7125916710309903]",0,-1
5285,[0.69931757 0.25125256],91,55,"[0.7305076164562052, 0.2580112669411776]",0,-1
5286,[0.53664718 0.57159532],41,20,"[0.5371890084085489, 0.5739528596094324]",0,88
5287,[0.62202242 0.29557029],88,64,"[0.594073349455653, 0.28354489837534175]",0,4
5288,[0.68097684 0.20859416],89,35,"[0.6545605605339905, 0.22500987532438183]",0,5
5289,[0.8040209  0.37085257],66,25,"[0.8211120104597844, 0.37574618786089475]",0,-1
5290,[0.78923606 0.80680402],85,48,"[0.7803433920128066, 0.8205948599681767]",0,-1
5291,[0.33574519 0.416826  ],81,1,"[0.3572487842659222, 0.41922446128046986]",0,-1
5292,[0.59237424 0.84551568],79,82,"[0.6132420785222222, 0.8710652413331001]",0,-1
5293,[0.63574561 0.40145043],29,10,"[0.6398799516193626, 0.38844091859549007]",0,-1
5294,[0.20789869 0.73199169],65,11,"[0.22353793679767786, 0.7478364040140648]",0,-1
5295,[0.50336833 0.15508537],33,56,"[0.4908116515444846, 0.16632592191374188]",0,-1
5296,[0.21976646 0.362207  ],22,23,"[0.2032497039719594, 0.393824370774819]",0,-1
5297,[0.10949568 0.53185579],98,77,"[0.10737865443478777, 0.5291217341624451]",0,24
5298,[0.19953889 0.71596388],16,11,"[0.22353793679767786, 0.7478364040140648]",0,55
5299,[0.70642406 0.12578232],95,70,"[0.6986975952159088, 0.16842470592263856]",0,-1
5300,[0.19987818 0.84933503],59,69,"[0.18889864315739, 0.8195957758801673]",0,-1
5301,[0.38546299 0.57976723],82,30,"[0.36820757824267275, 0.5891561499462349]",0,88
5302,[0.16473321 0.43201718],44,51,"[0.1508950301577577, 0.45723062251398755]",0,70
5303,[0.32595798 0.35237352],1,7,"[0.3321936611977011, 0.34293111744375654]",0,89
5304,[0.59696322 0.77534639],70,14,"[0.6208537257023621, 0.8045775614928529]",0,-1
5305,[0.70380924 0.70138082],46,60,"[0.7001338409322506, 0.7409401695756385]",0,-1
5306,[0.19192944 0.22616   ],32,33,"[0.1898538969523832, 0.20289106741831933]",0,-1
5307,[0.20822726 0.20266943],32,33,"[0.1898538969523832, 0.20289106741831933]",0,-1
5308,[0.85725635 0.61205164],99,59,"[0.8763268698051316, 0.579199170331017]",0,-1
5309,[0.16666841 0.74867592],59,43,"[0.15465866632935668, 0.7523522483084468]",0,-1
5310,[0.64724334 0.41735509],34,10,"[0.6398799516193626, 0.38844091859549007]",0,-1
5311,[0.82620918 0.63864537],99,47,"[0.8091525442233867, 0.6013457413252116]",0,-1
5312,[0.19939267 0.74682434],18,11,"[0.22353793679767786, 0.7478364040140648]",0,57
5313,[0.61890433 0.74918187],70,57,"[0.6165364982648931, 0.7310583472769618]",0,-1
5314,[0.65400662 0.39363641],40,10,"[0.6398799516193626, 0.38844091859549007]",0,21
5315,[0.30910214 0.42336962],42,19,"[0.2847353251184853, 0.39005308479636985]",0,86
5316,[0.82694991 0.55792615],27,13,"[0.843760744736157, 0.5166552078676889]",0,14
5317,[0.22495479 0.80712093],31,69,"[0.18889864315739, 0.8195957758801673]",0,-1
5318,[0.81846425 0.61925426],27,47,"[0.8091525442233867, 0.6013457413252116]",0,8
5319,[0.39635012 0.60484876],15,30,"[0.36820757824267275, 0.5891561499462349]",0,88
5320,[0.44042912 0.61361627],15,2,"[0.4675886295436634, 0.6021765353351279]",0,88
5321,[0.84847558 0.567367  ],27,59,"[0.8763268698051316, 0.579199170331017]",0,16
5322,[0.23856179 0.53816595],97,44,"[0.1912270592870895, 0.5359549801185394]",0,-1
5323,[0.55811997 0.74851275],75,46,"[0.5435344637313357, 0.7795756563374607]",0,-1
5324,[0.20829911 0.61457562],23,80,"[0.15990270049190128, 0.5986117043755352]",0,-1
5325,[0.50805664 0.40992703],4,75,"[0.5172236746686562, 0.4443369127615434]",0,-1
5326,[0.42056982 0.69562897],76,0,"[0.4226395002574949, 0.6460584349087278]",0,-1
5327,[0.51817704 0.83947833],93,18,"[0.527398606849523, 0.8662745321442044]",0,-1
5328,[0.24992294 0.68012727],16,12,"[0.2822438507480652, 0.7105313788319401]",0,53
5329,[0.6694253  0.37211808],2,10,"[0.6398799516193626, 0.38844091859549007]",0,21
5330,[0.2913794 0.7076229],19,12,"[0.2822438507480652, 0.7105313788319401]",0,54
5331,[0.43278391 0.22758978],84,31,"[0.4191189173246286, 0.19329258812229377]",0,32
5332,[0.56552737 0.62737308],12,5,"[0.54876158375065, 0.6433749135954844]",0,88
5333,[0.32582821 0.81651557],48,54,"[0.36959478636682913, 0.8084550989826409]",0,-1
5334,[0.58829877 0.54316596],74,29,"[0.5812618174713859, 0.5240123764686471]",0,-1
5335,[0.86030212 0.37797616],30,25,"[0.8211120104597844, 0.37574618786089475]",0,-1
5336,[0.62570839 0.23222685],88,35,"[0.6545605605339905, 0.22500987532438183]",0,6
5337,[0.63219923 0.63843082],74,76,"[0.6483290776065068, 0.6569295539328516]",0,-1
5338,[0.59496069 0.36964402],61,73,"[0.5684491373659465, 0.3759776977620393]",0,-1
5339,[0.22152797 0.11000671],10,52,"[0.2294764018471187, 0.143723856671554]",0,-1
5340,[0.41733044 0.64844388],20,0,"[0.4226395002574949, 0.6460584349087278]",0,88
5341,[0.23897538 0.762505  ],31,11,"[0.22353793679767786, 0.7478364040140648]",0,57
5342,[0.25003487 0.68982446],51,12,"[0.2822438507480652, 0.7105313788319401]",0,53
5343,[0.24792484 0.17298984],32,52,"[0.2294764018471187, 0.143723856671554]",0,64
5344,[0.45281556 0.35144296],38,42,"[0.47090413605197745, 0.3706753216883814]",0,-1
5345,[0.72046657 0.33396649],29,22,"[0.757272224425649, 0.33905999717339425]",0,-1
5346,[0.73884387 0.49966565],28,32,"[0.7786163905873836, 0.5211842185039978]",0,-1
5347,[0.71560965 0.75257427],46,60,"[0.7001338409322506, 0.7409401695756385]",0,15
5348,[0.28043389 0.16498543],58,27,"[0.29001319373773415, 0.21087702736570366]",0,-1
5349,[0.30988935 0.82306068],18,26,"[0.2731213809151105, 0.8295374863795931]",0,-1
5350,[0.29799757 0.40518826],22,19,"[0.2847353251184853, 0.39005308479636985]",0,-1
5351,[0.25477677 0.75966341],16,11,"[0.22353793679767786, 0.7478364040140648]",0,-1
5352,[0.22469083 0.6636853 ],31,45,"[0.19601325606017345, 0.667358514260268]",0,-1
5353,[0.46474418 0.72185497],94,37,"[0.47348968360582744, 0.7125916710309903]",0,-1
5354,[0.43783593 0.21152709],84,31,"[0.4191189173246286, 0.19329258812229377]",0,-1
5355,[0.22546063 0.22989829],11,24,"[0.23531691667485555, 0.27209662123665185]",0,-1
5356,[0.18046003 0.2161289 ],32,33,"[0.1898538969523832, 0.20289106741831933]",0,67
5357,[0.45326069 0.74479211],94,37,"[0.47348968360582744, 0.7125916710309903]",0,-1
5358,[0.53322991 0.84067184],56,18,"[0.527398606849523, 0.8662745321442044]",0,37
5359,[0.57279485 0.51654989],13,29,"[0.5812618174713859, 0.5240123764686471]",0,84
5360,[0.41934268 0.40618483],14,17,"[0.4108830354862289, 0.4435508998593477]",0,-1
5361,[0.38855239 0.78178196],94,54,"[0.36959478636682913, 0.8084550989826409]",0,23
5362,[0.61628721 0.67651797],75,76,"[0.6483290776065068, 0.6569295539328516]",0,-1
5363,[0.42079953 0.40282821],14,17,"[0.4108830354862289, 0.4435508998593477]",0,89
5364,[0.40596875 0.2675068 ],47,21,"[0.3571400957876323, 0.26942599959136726]",0,-1
5365,[0.56024119 0.57753728],37,20,"[0.5371890084085489, 0.5739528596094324]",0,88
5366,[0.39281395 0.1604011 ],73,31,"[0.4191189173246286, 0.19329258812229377]",0,-1
5367,[0.35900496 0.89942588],48,67,"[0.37743107737986015, 0.883213849264441]",0,-1
5368,[0.36792043 0.68245275],19,36,"[0.3536068858323266, 0.6613822308481206]",0,-1
5369,[0.5452525  0.74053709],70,46,"[0.5435344637313357, 0.7795756563374607]",0,-1
5370,[0.42303475 0.32417884],67,6,"[0.40678448596985844, 0.34277371919698396]",0,-1
5371,[0.20754606 0.81929775],59,69,"[0.18889864315739, 0.8195957758801673]",0,-1
5372,[0.16514334 0.38404427],53,23,"[0.2032497039719594, 0.393824370774819]",0,-1
5373,[0.37656278 0.78374672],56,54,"[0.36959478636682913, 0.8084550989826409]",0,23
5374,[0.50169426 0.65788654],41,5,"[0.54876158375065, 0.6433749135954844]",0,-1
5375,[0.56818422 0.66648427],12,5,"[0.54876158375065, 0.6433749135954844]",0,88
5376,[0.22450621 0.85331217],59,69,"[0.18889864315739, 0.8195957758801673]",0,-1
5377,[0.41399384 0.4482022 ],64,17,"[0.4108830354862289, 0.4435508998593477]",0,82
5378,[0.22799031 0.47419213],22,28,"[0.2520846559803125, 0.4621952512240386]",0,-1
5379,[0.6940954  0.74336856],46,60,"[0.7001338409322506, 0.7409401695756385]",0,15
5380,[0.50895245 0.21272899],84,56,"[0.4908116515444846, 0.16632592191374188]",0,-1
5381,[0.16139201 0.19235797],32,33,"[0.1898538969523832, 0.20289106741831933]",0,-1
5382,[0.37141632 0.82739098],78,54,"[0.36959478636682913, 0.8084550989826409]",0,-1
5383,[0.53516195 0.30186062],4,64,"[0.594073349455653, 0.28354489837534175]",0,-1
5384,[0.69569546 0.33247958],71,3,"[0.6759399092328674, 0.32128183561871837]",0,-1
5385,[0.53298737 0.66411236],75,5,"[0.54876158375065, 0.6433749135954844]",0,-1
5386,[0.11888647 0.4469586 ],44,51,"[0.1508950301577577, 0.45723062251398755]",0,-1
5387,[0.17607398 0.77751981],59,43,"[0.15465866632935668, 0.7523522483084468]",0,-1
5388,[0.19962857 0.9114105 ],0,97,"[0.2279904617185373, 0.9146376924080816]",-1,-1
5389,[0.56910182 0.37637093],34,73,"[0.5684491373659465, 0.3759776977620393]",0,-1
5390,[0.19369849 0.13554749],10,52,"[0.2294764018471187, 0.143723856671554]",0,48
5391,[0.43044512 0.23483373],84,31,"[0.4191189173246286, 0.19329258812229377]",0,-1
5392,[0.3833607  0.43675597],92,17,"[0.4108830354862289, 0.4435508998593477]",0,89
5393,[0.84203233 0.23361171],36,66,"[0.8238364342627095, 0.2773691959806487]",0,0
5394,[0.79470439 0.82484625],96,48,"[0.7803433920128066, 0.8205948599681767]",0,-1
5395,[0.75904626 0.86985316],85,48,"[0.7803433920128066, 0.8205948599681767]",0,-1
5396,[0.31997323 0.18364198],52,27,"[0.29001319373773415, 0.21087702736570366]",0,-1
5397,[0.70271698 0.1844651 ],89,70,"[0.6986975952159088, 0.16842470592263856]",0,5
5398,[0.64613333 0.45101758],61,65,"[0.6636957553845171, 0.46135824588144125]",0,-1
5399,[0.34367264 0.6352116 ],19,36,"[0.3536068858323266, 0.6613822308481206]",0,-1
5400,[0.44437853 0.87642402],93,16,"[0.45898902168994016, 0.8115000101692392]",0,-1
5401,[0.54396711 0.57847566],75,20,"[0.5371890084085489, 0.5739528596094324]",0,88
5402,[0.74887326 0.27076852],91,55,"[0.7305076164562052, 0.2580112669411776]",0,-1
5403,[0.61354208 0.18465236],86,61,"[0.5821749572804258, 0.2185848836493384]",0,-1
5404,[0.34166463 0.36259219],1,7,"[0.3321936611977011, 0.34293111744375654]",0,-1
5405,[0.15909143 0.77153529],65,43,"[0.15465866632935668, 0.7523522483084468]",0,51
5406,[0.46777712 0.7725684 ],60,16,"[0.45898902168994016, 0.8115000101692392]",0,-1
5407,[0.63271386 0.27153995],88,64,"[0.594073349455653, 0.28354489837534175]",0,-1
5408,[0.60215946 0.62569531],77,9,"[0.6184830434267037, 0.586333469678524]",0,-1
5409,[0.15181048 0.72520093],65,43,"[0.15465866632935668, 0.7523522483084468]",0,-1
5410,[0.5599957  0.81515529],60,46,"[0.5435344637313357, 0.7795756563374607]",0,-1
5411,[0.15155156 0.16174411],45,81,"[0.13426292668090453, 0.163935928071412]",0,-1
5412,[0.16496137 0.39451514],44,23,"[0.2032497039719594, 0.393824370774819]",0,69
5413,[0.5710499  0.36342802],4,73,"[0.5684491373659465, 0.3759776977620393]",0,-1
5414,[0.75977586 0.41712135],28,15,"[0.7558016368645127, 0.4462797814247812]",0,-1
5415,[0.81958341 0.81389722],21,41,"[0.8492841799095646, 0.8019622424543851]",0,13
5416,[0.48010991 0.65710432],76,37,"[0.47348968360582744, 0.7125916710309903]",0,-1
5417,[0.69087254 0.42109044],2,4,"[0.7100353299176262, 0.3875574879176719]",0,-1
5418,[0.42001121 0.42750648],92,17,"[0.4108830354862289, 0.4435508998593477]",0,-1
5419,[0.30673574 0.8366739 ],59,26,"[0.2731213809151105, 0.8295374863795931]",0,-1
5420,[0.51306828 0.18306799],52,56,"[0.4908116515444846, 0.16632592191374188]",0,-1
5421,[0.79929852 0.83188578],96,48,"[0.7803433920128066, 0.8205948599681767]",0,13
5422,[0.46001407 0.25425567],52,34,"[0.47832967363307105, 0.25654673669797673]",0,-1
5423,[0.34710699 0.68893657],20,36,"[0.3536068858323266, 0.6613822308481206]",0,-1
5424,[0.42758798 0.38207609],25,6,"[0.40678448596985844, 0.34277371919698396]",0,-1
5425,[0.18331158 0.57607601],17,80,"[0.15990270049190128, 0.5986117043755352]",0,43
5426,[0.31058619 0.36613553],1,7,"[0.3321936611977011, 0.34293111744375654]",0,-1
5427,[0.21890699 0.31940274],5,38,"[0.18350109397176653, 0.31916714902230253]",0,-1
5428,[0.6591612  0.41188505],4,10,"[0.6398799516193626, 0.38844091859549007]",0,21
5429,[0.15479007 0.16255649],45,81,"[0.13426292668090453, 0.163935928071412]",0,-1
5430,[0.85269751 0.49419309],50,13,"[0.843760744736157, 0.5166552078676889]",0,-1
5431,[0.35550705 0.095119  ],73,49,"[0.35418448506576955, 0.14329850428612353]",0,-1
5432,[0.82591569 0.31061356],66,66,"[0.8238364342627095, 0.2773691959806487]",0,-1
5433,[0.18269503 0.43974496],97,51,"[0.1508950301577577, 0.45723062251398755]",0,70
5434,[0.28898269 0.79241706],16,26,"[0.2731213809151105, 0.8295374863795931]",0,46
5435,[0.39682062 0.19488511],73,31,"[0.4191189173246286, 0.19329258812229377]",0,31
5436,[0.35405479 0.2591723 ],25,21,"[0.3571400957876323, 0.26942599959136726]",0,75
5437,[0.83044684 0.8079931 ],62,41,"[0.8492841799095646, 0.8019622424543851]",0,13
5438,[0.90761088 0.53562444],27,92,"[0.9291777218511399, 0.5053403904093751]",0,-1
5439,[0.71481909 0.23537651],89,55,"[0.7305076164562052, 0.2580112669411776]",0,-1
5440,[0.15865905 0.50477679],97,44,"[0.1912270592870895, 0.5359549801185394]",0,-1
5441,[0.16028512 0.39679271],44,23,"[0.2032497039719594, 0.393824370774819]",0,69
5442,[0.22674874 0.28088534],47,24,"[0.23531691667485555, 0.27209662123665185]",0,63
5443,[0.74252615 0.42950455],68,15,"[0.7558016368645127, 0.4462797814247812]",0,-1
5444,[0.79771893 0.35109743],54,25,"[0.8211120104597844, 0.37574618786089475]",0,-1
5445,[0.20868704 0.54645579],97,44,"[0.1912270592870895, 0.5359549801185394]",0,-1
5446,[0.74991133 0.2322872 ],95,55,"[0.7305076164562052, 0.2580112669411776]",0,-1
5447,[0.65121179 0.39819281],61,10,"[0.6398799516193626, 0.38844091859549007]",0,21
5448,[0.08324051 0.53465444],17,77,"[0.10737865443478777, 0.5291217341624451]",0,-1
5449,[0.67863743 0.54138938],74,53,"[0.6955018555560987, 0.5389599645427405]",0,-1
5450,[0.39222675 0.01065211],73,-1,-1,-1,-1
5451,[0.46921773 0.14208863],84,56,"[0.4908116515444846, 0.16632592191374188]",0,-1
5452,[0.17843581 0.30759854],11,38,"[0.18350109397176653, 0.31916714902230253]",0,61
5453,[0.20999456 0.47259315],97,28,"[0.2520846559803125, 0.4621952512240386]",0,60
5454,[0.81280277 0.47092021],83,8,"[0.8210079602672482, 0.4506152114933381]",0,17
5455,[0.19819754 0.72348777],16,11,"[0.22353793679767786, 0.7478364040140648]",0,55
5456,[0.65999726 0.24474611],89,35,"[0.6545605605339905, 0.22500987532438183]",0,-1
5457,[0.48356187 0.90523815],78,18,"[0.527398606849523, 0.8662745321442044]",0,-1
5458,[0.54625622 0.61159297],35,5,"[0.54876158375065, 0.6433749135954844]",0,-1
5459,[0.20149559 0.70809495],65,45,"[0.19601325606017345, 0.667358514260268]",0,-1
5460,[0.6875971  0.39701804],68,4,"[0.7100353299176262, 0.3875574879176719]",0,21
5461,[0.50428344 0.40718281],67,75,"[0.5172236746686562, 0.4443369127615434]",0,-1
5462,[0.12659878 0.56663468],98,77,"[0.10737865443478777, 0.5291217341624451]",0,-1
5463,[0.21761481 0.74101112],18,11,"[0.22353793679767786, 0.7478364040140648]",0,-1
5464,[0.75146771 0.37002999],2,22,"[0.757272224425649, 0.33905999717339425]",0,21
5465,[0.42076431 0.61699111],15,0,"[0.4226395002574949, 0.6460584349087278]",0,88
5466,[0.31253339 0.68630226],51,12,"[0.2822438507480652, 0.7105313788319401]",0,-1
5467,[0.52529666 0.14862037],84,56,"[0.4908116515444846, 0.16632592191374188]",0,-1
5468,[0.1042108  0.64239029],23,90,"[0.11769418158886381, 0.6663972759552037]",-1,-1
5469,[0.84107659 0.43624521],43,8,"[0.8210079602672482, 0.4506152114933381]",0,17
5470,[0.30741933 0.13028226],73,49,"[0.35418448506576955, 0.14329850428612353]",0,-1
5471,[0.62128166 0.52697412],34,29,"[0.5812618174713859, 0.5240123764686471]",0,-1
5472,[0.14630798 0.09122498],10,89,"[0.15862126123377812, 0.09531060003677258]",0,-1
5473,[0.15099161 0.77795533],0,43,"[0.15465866632935668, 0.7523522483084468]",0,51
5474,[0.77090858 0.41316111],87,15,"[0.7558016368645127, 0.4462797814247812]",0,21
5475,[0.32162499 0.44580058],9,1,"[0.3572487842659222, 0.41922446128046986]",0,-1
5476,[0.28387064 0.69557203],51,12,"[0.2822438507480652, 0.7105313788319401]",0,-1
5477,[0.54875703 0.59483767],74,20,"[0.5371890084085489, 0.5739528596094324]",0,-1
5478,[0.5048742  0.68046886],12,37,"[0.47348968360582744, 0.7125916710309903]",0,-1
5479,[0.36181148 0.67449961],76,36,"[0.3536068858323266, 0.6613822308481206]",0,-1
5480,[0.59102669 0.64242256],37,5,"[0.54876158375065, 0.6433749135954844]",0,-1
5481,[0.16394519 0.66573525],16,45,"[0.19601325606017345, 0.667358514260268]",0,-1
5482,[0.88732565 0.76240028],96,93,"[0.9128525281281048, 0.8015861505597924]",0,-1
5483,[0.73824595 0.34195274],54,22,"[0.757272224425649, 0.33905999717339425]",0,21
5484,[0.40171615 0.3852741 ],92,6,"[0.40678448596985844, 0.34277371919698396]",0,89
5485,[0.78411505 0.47416005],27,15,"[0.7558016368645127, 0.4462797814247812]",0,17
5486,[0.43180038 0.7990027 ],56,16,"[0.45898902168994016, 0.8115000101692392]",0,-1
5487,[0.6265574  0.61563921],74,9,"[0.6184830434267037, 0.586333469678524]",0,-1
5488,[0.83439733 0.22126867],80,78,"[0.7951539755354653, 0.19004804298167233]",0,0
5489,[0.7872762  0.43629013],83,15,"[0.7558016368645127, 0.4462797814247812]",0,17
5490,[0.37742697 0.41323992],14,1,"[0.3572487842659222, 0.41922446128046986]",0,89
5491,[0.47279961 0.31478296],55,42,"[0.47090413605197745, 0.3706753216883814]",0,-1
5492,[0.64303926 0.36285083],2,10,"[0.6398799516193626, 0.38844091859549007]",0,-1
5493,[0.60765328 0.5698299 ],35,9,"[0.6184830434267037, 0.586333469678524]",0,-1
5494,[0.26457056 0.1445855 ],10,52,"[0.2294764018471187, 0.143723856671554]",0,-1
5495,[0.23900138 0.47249607],44,28,"[0.2520846559803125, 0.4621952512240386]",0,-1
5496,[0.51706813 0.4382281 ],4,75,"[0.5172236746686562, 0.4443369127615434]",0,-1
5497,[0.82266522 0.30892153],80,66,"[0.8238364342627095, 0.2773691959806487]",0,-1
5498,[0.45010919 0.63889401],15,0,"[0.4226395002574949, 0.6460584349087278]",0,88
5499,[0.83345657 0.51754138],28,13,"[0.843760744736157, 0.5166552078676889]",0,17
5500,[0.42922296 0.20934494],84,31,"[0.4191189173246286, 0.19329258812229377]",0,35
5501,[0.95831873 0.47338532],43,92,"[0.9291777218511399, 0.5053403904093751]",0,-1
5502,[0.35726502 0.23131114],84,21,"[0.3571400957876323, 0.26942599959136726]",0,-1
5503,[0.72409791 0.33619481],2,22,"[0.757272224425649, 0.33905999717339425]",0,-1
5504,[0.82259604 0.85296429],21,79,"[0.8263954992254994, 0.8681441505941476]",0,-1
5505,[0.62334359 0.81024836],79,14,"[0.6208537257023621, 0.8045775614928529]",0,42
5506,[0.3740278  0.83901913],78,54,"[0.36959478636682913, 0.8084550989826409]",0,-1
5507,[0.228834   0.45255832],44,28,"[0.2520846559803125, 0.4621952512240386]",0,-1
5508,[0.82398012 0.40876761],43,25,"[0.8211120104597844, 0.37574618786089475]",0,17
5509,[0.21870496 0.66129347],23,45,"[0.19601325606017345, 0.667358514260268]",0,-1
5510,[0.80121013 0.7302192 ],46,63,"[0.7856877410353075, 0.7534945903126699]",0,-1
5511,[0.56754842 0.80784831],79,46,"[0.5435344637313357, 0.7795756563374607]",0,-1
5512,[0.31372364 0.10660474],10,98,"[0.3113890783178001, 0.057273366575225935]",0,-1
5513,[0.18746424 0.39086906],53,23,"[0.2032497039719594, 0.393824370774819]",0,-1
5514,[0.41524492 0.65516158],69,0,"[0.4226395002574949, 0.6460584349087278]",0,88
5515,[0.64266904 0.4374988 ],29,65,"[0.6636957553845171, 0.46135824588144125]",0,-1
5516,[0.12968793 0.78345841],0,86,"[0.11333449837233942, 0.8035791769910723]",0,-1
5517,[0.39006789 0.44555624],92,17,"[0.4108830354862289, 0.4435508998593477]",0,-1
5518,[0.55076978 0.83415136],79,18,"[0.527398606849523, 0.8662745321442044]",0,-1
5519,[0.29526247 0.73539993],51,12,"[0.2822438507480652, 0.7105313788319401]",0,-1
5520,[0.59604307 0.59367139],12,9,"[0.6184830434267037, 0.586333469678524]",0,87
5521,[0.33046656 0.82343667],48,54,"[0.36959478636682913, 0.8084550989826409]",0,-1
5522,[0.75736253 0.3072844 ],54,22,"[0.757272224425649, 0.33905999717339425]",0,-1
5523,[0.74652856 0.50480829],87,32,"[0.7786163905873836, 0.5211842185039978]",0,-1
5524,[0.21770446 0.45388972],9,28,"[0.2520846559803125, 0.4621952512240386]",0,-1
5525,[0.47647113 0.41689246],67,42,"[0.47090413605197745, 0.3706753216883814]",0,-1
5526,[0.60113179 0.81247189],24,14,"[0.6208537257023621, 0.8045775614928529]",0,42
5527,[0.23726243 0.45719927],22,28,"[0.2520846559803125, 0.4621952512240386]",0,-1
5528,[0.21703404 0.75283166],65,11,"[0.22353793679767786, 0.7478364040140648]",0,57
5529,[0.21201944 0.42421086],44,23,"[0.2032497039719594, 0.393824370774819]",0,-1
5530,[0.52531025 0.29544461],55,34,"[0.47832967363307105, 0.25654673669797673]",0,-1
5531,[0.4580362 0.5698376],90,2,"[0.4675886295436634, 0.6021765353351279]",0,88
5532,[0.45497512 0.64310184],75,0,"[0.4226395002574949, 0.6460584349087278]",0,88
5533,[0.25989792 0.38184509],81,19,"[0.2847353251184853, 0.39005308479636985]",0,-1
5534,[0.43082228 0.33162271],67,6,"[0.40678448596985844, 0.34277371919698396]",0,-1
5535,[0.4666811  0.20132586],33,56,"[0.4908116515444846, 0.16632592191374188]",0,34
5536,[0.16830868 0.58416518],23,80,"[0.15990270049190128, 0.5986117043755352]",0,-1
5537,[0.2305526  0.75924211],31,11,"[0.22353793679767786, 0.7478364040140648]",0,57
5538,[0.84890022 0.54502077],28,13,"[0.843760744736157, 0.5166552078676889]",0,-1
5539,[0.71744482 0.38087704],40,4,"[0.7100353299176262, 0.3875574879176719]",0,21
5540,[0.39565899 0.60009414],90,30,"[0.36820757824267275, 0.5891561499462349]",0,88
5541,[0.54332168 0.77536801],93,46,"[0.5435344637313357, 0.7795756563374607]",0,26
5542,[0.40273965 0.38620329],1,6,"[0.40678448596985844, 0.34277371919698396]",0,89
5543,[0.76156738 0.77067937],21,63,"[0.7856877410353075, 0.7534945903126699]",0,-1
5544,[0.31209023 0.82541217],48,26,"[0.2731213809151105, 0.8295374863795931]",0,-1
5545,[0.19260117 0.13688989],45,52,"[0.2294764018471187, 0.143723856671554]",0,48
5546,[0.46185329 0.88672344],93,18,"[0.527398606849523, 0.8662745321442044]",0,-1
5547,[0.17319086 0.33610314],5,38,"[0.18350109397176653, 0.31916714902230253]",0,-1
5548,[0.24912069 0.23157568],11,24,"[0.23531691667485555, 0.27209662123665185]",0,-1
5549,[0.63453346 0.77470567],24,14,"[0.6208537257023621, 0.8045775614928529]",0,36
5550,[0.13366766 0.13354462],45,81,"[0.13426292668090453, 0.163935928071412]",0,-1
5551,[0.71166094 0.2632844 ],95,55,"[0.7305076164562052, 0.2580112669411776]",0,-1
5552,[0.15022181 0.75704007],65,43,"[0.15465866632935668, 0.7523522483084468]",0,51
5553,[0.57316805 0.2346304 ],86,61,"[0.5821749572804258, 0.2185848836493384]",0,7
5554,[0.46046938 0.75490784],6,37,"[0.47348968360582744, 0.7125916710309903]",0,-1
5555,[0.49581549 0.68999913],69,37,"[0.47348968360582744, 0.7125916710309903]",0,-1
5556,[0.60869928 0.80625847],72,14,"[0.6208537257023621, 0.8045775614928529]",0,-1
5557,[0.31218655 0.70515193],19,12,"[0.2822438507480652, 0.7105313788319401]",0,-1
5558,[0.33603348 0.30598767],47,7,"[0.3321936611977011, 0.34293111744375654]",0,75
5559,[0.6046507  0.56488013],13,9,"[0.6184830434267037, 0.586333469678524]",0,-1
5560,[0.17609837 0.24232597],32,84,"[0.1433957510634753, 0.2579081432754369]",0,-1
5561,[0.23342057 0.6336788 ],23,39,"[0.2596202559688416, 0.6257540185994204]",0,-1
5562,[0.61661757 0.77583494],70,14,"[0.6208537257023621, 0.8045775614928529]",0,36
5563,[0.14439354 0.40037484],26,71,"[0.11481900251646894, 0.37559708088824]",0,-1
5564,[0.48453002 0.12941286],33,56,"[0.4908116515444846, 0.16632592191374188]",0,-1
5565,[0.18713596 0.80109482],59,69,"[0.18889864315739, 0.8195957758801673]",0,50
5566,[0.94270041 0.43701979],30,62,"[0.8921140984845523, 0.4428581583396137]",0,-1
5567,[0.57175605 0.59622178],37,20,"[0.5371890084085489, 0.5739528596094324]",0,-1
5568,[0.28774753 0.34645566],47,19,"[0.2847353251184853, 0.39005308479636985]",0,-1
5569,[0.38386617 0.59546258],76,30,"[0.36820757824267275, 0.5891561499462349]",0,-1
5570,[0.3383971  0.04708462],73,98,"[0.3113890783178001, 0.057273366575225935]",-1,-1
5571,[0.68638027 0.38949855],2,4,"[0.7100353299176262, 0.3875574879176719]",0,21
5572,[0.47028684 0.38722735],38,42,"[0.47090413605197745, 0.3706753216883814]",0,58
5573,[0.21365548 0.47007564],44,28,"[0.2520846559803125, 0.4621952512240386]",0,60
5574,[0.19400166 0.3091563 ],11,38,"[0.18350109397176653, 0.31916714902230253]",0,61
5575,[0.58429083 0.80782053],24,14,"[0.6208537257023621, 0.8045775614928529]",0,-1
5576,[0.71990424 0.77269484],46,60,"[0.7001338409322506, 0.7409401695756385]",0,-1
5577,[0.50176379 0.60126851],7,2,"[0.4675886295436634, 0.6021765353351279]",0,88
5578,[0.51149642 0.87444041],60,18,"[0.527398606849523, 0.8662745321442044]",0,-1
5579,[0.43981079 0.80198117],56,16,"[0.45898902168994016, 0.8115000101692392]",0,-1
5580,[0.84249512 0.41542285],43,8,"[0.8210079602672482, 0.4506152114933381]",0,-1
5581,[0.31553099 0.59280652],51,30,"[0.36820757824267275, 0.5891561499462349]",0,-1
5582,[0.40769249 0.53871696],7,50,"[0.3898476181838421, 0.5216929572274273]",0,79
5583,[0.80862912 0.4166097 ],30,8,"[0.8210079602672482, 0.4506152114933381]",0,-1
5584,[0.81075227 0.1768862 ],95,78,"[0.7951539755354653, 0.19004804298167233]",0,-1
5585,[0.23166743 0.40966782],26,23,"[0.2032497039719594, 0.393824370774819]",0,-1
5586,[0.73270367 0.35244619],54,22,"[0.757272224425649, 0.33905999717339425]",0,-1
5587,[0.16660967 0.31224637],44,38,"[0.18350109397176653, 0.31916714902230253]",0,-1
5588,[0.80935851 0.51010228],43,32,"[0.7786163905873836, 0.5211842185039978]",0,17
5589,[0.85138589 0.46043051],27,8,"[0.8210079602672482, 0.4506152114933381]",0,17
5590,[0.20632518 0.676382  ],23,45,"[0.19601325606017345, 0.667358514260268]",0,53
5591,[0.27305954 0.72006155],19,12,"[0.2822438507480652, 0.7105313788319401]",0,54
5592,[0.37053333 0.33269836],38,6,"[0.40678448596985844, 0.34277371919698396]",0,-1
5593,[0.29999963 0.90734509],48,-1,-1,0,-1
5594,[0.26198478 0.56642075],97,39,"[0.2596202559688416, 0.6257540185994204]",0,-1
5595,[0.67334683 0.54137106],35,53,"[0.6955018555560987, 0.5389599645427405]",0,-1
5596,[0.42039904 0.35951032],67,6,"[0.40678448596985844, 0.34277371919698396]",0,-1
5597,[0.59724999 0.20196985],88,61,"[0.5821749572804258, 0.2185848836493384]",0,-1
5598,[0.69555591 0.55030682],37,53,"[0.6955018555560987, 0.5389599645427405]",0,-1
5599,[0.79533332 0.61551436],27,47,"[0.8091525442233867, 0.6013457413252116]",0,-1
5600,[0.86004254 0.48433121],3,13,"[0.843760744736157, 0.5166552078676889]",0,17
5601,[0.30939305 0.35680363],1,7,"[0.3321936611977011, 0.34293111744375654]",0,-1
5602,[0.59603465 0.57545419],37,9,"[0.6184830434267037, 0.586333469678524]",0,88
5603,[0.74498386 0.57593739],28,72,"[0.7259305706267937, 0.621464812471517]",0,-1
5604,[0.20792894 0.81176717],31,69,"[0.18889864315739, 0.8195957758801673]",0,-1
5605,[0.45304361 0.1825541 ],73,31,"[0.4191189173246286, 0.19329258812229377]",0,34
5606,[0.73558268 0.39212013],40,4,"[0.7100353299176262, 0.3875574879176719]",0,21
5607,[0.91360781 0.77809415],96,93,"[0.9128525281281048, 0.8015861505597924]",0,-1
5608,[0.34762029 0.15708475],73,49,"[0.35418448506576955, 0.14329850428612353]",0,28
5609,[0.33518587 0.44205222],64,1,"[0.3572487842659222, 0.41922446128046986]",0,-1
5610,[0.23396561 0.32008286],22,24,"[0.23531691667485555, 0.27209662123665185]",0,-1
5611,[0.91187899 0.4442688 ],83,62,"[0.8921140984845523, 0.4428581583396137]",0,-1
5612,[0.24008691 0.73113668],39,11,"[0.22353793679767786, 0.7478364040140648]",0,-1
5613,[0.90579025 0.794963  ],62,93,"[0.9128525281281048, 0.8015861505597924]",0,-1
5614,[0.27998816 0.27853218],25,24,"[0.23531691667485555, 0.27209662123665185]",0,-1
5615,[0.58221072 0.62430287],13,5,"[0.54876158375065, 0.6433749135954844]",0,87
5616,[0.84713546 0.77991508],85,41,"[0.8492841799095646, 0.8019622424543851]",0,-1
5617,[0.5955138  0.58995576],77,9,"[0.6184830434267037, 0.586333469678524]",0,-1
5618,[0.6228319  0.42925195],29,68,"[0.6059400326152605, 0.4534475926518635]",0,-1
5619,[0.19884015 0.7420512 ],31,11,"[0.22353793679767786, 0.7478364040140648]",0,57
5620,[0.60765838 0.78904881],24,14,"[0.6208537257023621, 0.8045775614928529]",0,-1
5621,[0.33735428 0.14049767],73,49,"[0.35418448506576955, 0.14329850428612353]",0,-1
5622,[0.53939689 0.46787891],77,75,"[0.5172236746686562, 0.4443369127615434]",0,-1
5623,[0.77684316 0.36139861],50,22,"[0.757272224425649, 0.33905999717339425]",0,20
5624,[0.55590497 0.80287347],70,46,"[0.5435344637313357, 0.7795756563374607]",0,-1
5625,[0.73229676 0.55278608],49,53,"[0.6955018555560987, 0.5389599645427405]",0,-1
5626,[0.45014183 0.63873442],90,0,"[0.4226395002574949, 0.6460584349087278]",0,88
5627,[0.42510946 0.56030512],82,50,"[0.3898476181838421, 0.5216929572274273]",0,79
5628,[0.16686273 0.53451371],17,44,"[0.1912270592870895, 0.5359549801185394]",0,44
5629,[0.40230724 0.35166255],92,6,"[0.40678448596985844, 0.34277371919698396]",0,-1
5630,[0.29615275 0.80316001],59,26,"[0.2731213809151105, 0.8295374863795931]",0,46
5631,[0.82516403 0.32773417],80,25,"[0.8211120104597844, 0.37574618786089475]",0,-1
5632,[0.67427239 0.19492989],89,35,"[0.6545605605339905, 0.22500987532438183]",0,-1
5633,[0.50314292 0.41906314],4,75,"[0.5172236746686562, 0.4443369127615434]",0,-1
5634,[0.41806536 0.53587428],7,50,"[0.3898476181838421, 0.5216929572274273]",0,-1
5635,[0.24610294 0.44476963],44,28,"[0.2520846559803125, 0.4621952512240386]",0,-1
5636,[0.21707815 0.52906461],98,44,"[0.1912270592870895, 0.5359549801185394]",0,-1
5637,[0.56369868 0.14666181],88,91,"[0.5747298360762695, 0.15930251145986343]",-1,-1
5638,[0.47600782 0.3182124 ],67,42,"[0.47090413605197745, 0.3706753216883814]",0,-1
5639,[0.13810861 0.35409892],53,71,"[0.11481900251646894, 0.37559708088824]",0,-1
5640,[0.4122017  0.26775178],55,21,"[0.3571400957876323, 0.26942599959136726]",0,-1
5641,[0.56425033 0.80072934],79,46,"[0.5435344637313357, 0.7795756563374607]",0,-1
5642,[0.40007456 0.14662816],57,49,"[0.35418448506576955, 0.14329850428612353]",0,-1
5643,[0.55043236 0.6686418 ],75,5,"[0.54876158375065, 0.6433749135954844]",0,-1
5644,[0.61492477 0.590222  ],13,9,"[0.6184830434267037, 0.586333469678524]",0,-1
5645,[0.67570788 0.51400655],40,53,"[0.6955018555560987, 0.5389599645427405]",0,-1
5646,[0.55505951 0.85820746],72,18,"[0.527398606849523, 0.8662745321442044]",0,-1
5647,[0.7928244  0.49653575],87,32,"[0.7786163905873836, 0.5211842185039978]",0,17
5648,[0.34941224 0.1691661 ],57,49,"[0.35418448506576955, 0.14329850428612353]",0,28
5649,[0.11878578 0.41102935],53,71,"[0.11481900251646894, 0.37559708088824]",0,-1
5650,[0.42561409 0.13892019],33,74,"[0.4464145664830302, 0.11749079524673668]",0,-1
5651,[0.71904398 0.38547291],54,4,"[0.7100353299176262, 0.3875574879176719]",0,-1
5652,[0.17152941 0.72119237],39,43,"[0.15465866632935668, 0.7523522483084468]",0,-1
5653,[0.94006636 0.40766818],43,62,"[0.8921140984845523, 0.4428581583396137]",-1,-1
5654,[0.47914967 0.19785706],57,56,"[0.4908116515444846, 0.16632592191374188]",0,-1
5655,[0.5063611  0.23502646],88,34,"[0.47832967363307105, 0.25654673669797673]",0,-1
5656,[0.6461986  0.42814635],29,65,"[0.6636957553845171, 0.46135824588144125]",0,-1
5657,[0.84321111 0.87303822],85,79,"[0.8263954992254994, 0.8681441505941476]",0,-1
5658,[0.45743505 0.22335693],84,34,"[0.47832967363307105, 0.25654673669797673]",0,-1
5659,[0.12336886 0.53500902],17,77,"[0.10737865443478777, 0.5291217341624451]",0,24
5660,[0.57550566 0.54014908],77,29,"[0.5812618174713859, 0.5240123764686471]",0,-1
5661,[0.85559375 0.31022891],80,83,"[0.8762199555116444, 0.3404048051239979]",0,2
5662,[0.79649058 0.47026717],30,8,"[0.8210079602672482, 0.4506152114933381]",0,17
5663,[0.38296559 0.68651496],76,36,"[0.3536068858323266, 0.6613822308481206]",0,-1
5664,[0.47838506 0.73470698],12,37,"[0.47348968360582744, 0.7125916710309903]",0,-1
5665,[0.24139056 0.72448359],18,11,"[0.22353793679767786, 0.7478364040140648]",0,-1
5666,[0.36942553 0.41091062],92,1,"[0.3572487842659222, 0.41922446128046986]",0,89
5667,[0.4181711  0.59247862],15,30,"[0.36820757824267275, 0.5891561499462349]",0,-1
5668,[0.1915735  0.72038399],65,11,"[0.22353793679767786, 0.7478364040140648]",0,55
5669,[0.17173176 0.74712677],0,43,"[0.15465866632935668, 0.7523522483084468]",0,-1
5670,[0.8321451  0.56903205],63,47,"[0.8091525442233867, 0.6013457413252116]",0,-1
5671,[0.3153281  0.64859945],18,36,"[0.3536068858323266, 0.6613822308481206]",0,-1
5672,[0.47727036 0.72459055],94,37,"[0.47348968360582744, 0.7125916710309903]",0,-1
5673,[0.63052812 0.37995039],29,10,"[0.6398799516193626, 0.38844091859549007]",0,-1
5674,[0.83906766 0.51713948],87,13,"[0.843760744736157, 0.5166552078676889]",0,17
5675,[0.20834217 0.66305298],16,45,"[0.19601325606017345, 0.667358514260268]",0,-1
5676,[0.13050782 0.76851572],39,43,"[0.15465866632935668, 0.7523522483084468]",0,-1
5677,[0.70645134 0.74899121],62,60,"[0.7001338409322506, 0.7409401695756385]",0,-1
5678,[0.59177867 0.5717338 ],37,9,"[0.6184830434267037, 0.586333469678524]",0,88
5679,[0.15151332 0.45378268],98,51,"[0.1508950301577577, 0.45723062251398755]",0,-1
5680,[0.27864338 0.6281131 ],51,39,"[0.2596202559688416, 0.6257540185994204]",0,-1
5681,[0.68402066 0.26519993],54,55,"[0.7305076164562052, 0.2580112669411776]",0,-1
5682,[0.23214256 0.4021162 ],53,23,"[0.2032497039719594, 0.393824370774819]",0,-1
5683,[0.77963925 0.17321324],36,78,"[0.7951539755354653, 0.19004804298167233]",0,-1
5684,[0.86367743 0.36010842],66,83,"[0.8762199555116444, 0.3404048051239979]",0,-1
5685,[0.35054459 0.75657884],78,58,"[0.37887936110594184, 0.7334391897891285]",0,-1
5686,[0.29818232 0.25194427],58,27,"[0.29001319373773415, 0.21087702736570366]",0,-1
5687,[0.17527714 0.10288549],10,89,"[0.15862126123377812, 0.09531060003677258]",0,-1
5688,[0.54919054 0.2269007 ],88,61,"[0.5821749572804258, 0.2185848836493384]",0,-1
5689,[0.6432122  0.57163672],35,9,"[0.6184830434267037, 0.586333469678524]",0,68
5690,[0.84008238 0.90678977],85,96,"[0.8392361981886964, 0.9325288642954174]",0,-1
5691,[0.66030772 0.44676852],2,65,"[0.6636957553845171, 0.46135824588144125]",0,-1
5692,[0.96528022 0.50717184],66,92,"[0.9291777218511399, 0.5053403904093751]",-1,-1
5693,[0.56469631 0.81763904],60,46,"[0.5435344637313357, 0.7795756563374607]",0,-1
5694,[0.28147567 0.81151271],48,26,"[0.2731213809151105, 0.8295374863795931]",0,-1
5695,[0.49080409 0.40653114],92,42,"[0.47090413605197745, 0.3706753216883814]",0,-1
5696,[0.2243107  0.85661012],59,69,"[0.18889864315739, 0.8195957758801673]",0,-1
5697,[0.83643252 0.44969341],30,8,"[0.8210079602672482, 0.4506152114933381]",0,17
5698,[0.44783164 0.5499931 ],76,40,"[0.4758590512403852, 0.5317248607280546]",0,-1
5699,[0.44998912 0.17320097],52,31,"[0.4191189173246286, 0.19329258812229377]",0,34
5700,[0.71096845 0.8067428 ],62,60,"[0.7001338409322506, 0.7409401695756385]",0,-1
5701,[0.25339519 0.19142348],32,27,"[0.29001319373773415, 0.21087702736570366]",0,-1
5702,[0.39301174 0.83093706],78,54,"[0.36959478636682913, 0.8084550989826409]",0,-1
5703,[0.86210375 0.77567204],96,41,"[0.8492841799095646, 0.8019622424543851]",0,10
5704,[0.75883574 0.17604251],86,78,"[0.7951539755354653, 0.19004804298167233]",0,-1
5705,[0.44578092 0.35672153],64,42,"[0.47090413605197745, 0.3706753216883814]",0,-1
5706,[0.39318182 0.7393444 ],56,58,"[0.37887936110594184, 0.7334391897891285]",0,-1
5707,[0.82532761 0.80664884],85,41,"[0.8492841799095646, 0.8019622424543851]",0,13
5708,[0.27694466 0.69199908],18,12,"[0.2822438507480652, 0.7105313788319401]",0,-1
5709,[0.40471081 0.34104608],38,6,"[0.40678448596985844, 0.34277371919698396]",0,-1
5710,[0.74506218 0.46601682],87,15,"[0.7558016368645127, 0.4462797814247812]",0,-1
5711,[0.70697956 0.3952369 ],40,4,"[0.7100353299176262, 0.3875574879176719]",0,21
5712,[0.35070282 0.67508433],19,36,"[0.3536068858323266, 0.6613822308481206]",0,-1
5713,[0.67811174 0.30169564],54,3,"[0.6759399092328674, 0.32128183561871837]",0,-1
5714,[0.3630712  0.38073185],38,1,"[0.3572487842659222, 0.41922446128046986]",0,89
5715,[0.16497962 0.7555327 ],65,43,"[0.15465866632935668, 0.7523522483084468]",0,-1
5716,[0.72151313 0.3680431 ],40,4,"[0.7100353299176262, 0.3875574879176719]",0,21
5717,[0.53297651 0.60347819],37,20,"[0.5371890084085489, 0.5739528596094324]",0,88
5718,[0.54625577 0.63578153],75,5,"[0.54876158375065, 0.6433749135954844]",0,-1
5719,[0.33932046 0.31587264],1,7,"[0.3321936611977011, 0.34293111744375654]",0,75
5720,[0.40640049 0.30329291],55,6,"[0.40678448596985844, 0.34277371919698396]",0,-1
5721,[0.33424442 0.80469119],48,54,"[0.36959478636682913, 0.8084550989826409]",0,-1
5722,[0.59623624 0.18209903],89,91,"[0.5747298360762695, 0.15930251145986343]",0,-1
5723,[0.14873342 0.12672258],45,89,"[0.15862126123377812, 0.09531060003677258]",0,-1
5724,[0.39778421 0.5369206 ],20,50,"[0.3898476181838421, 0.5216929572274273]",0,-1
5725,[0.53641115 0.65918228],75,5,"[0.54876158375065, 0.6433749135954844]",0,-1
5726,[0.43087043 0.31012173],55,6,"[0.40678448596985844, 0.34277371919698396]",0,-1
5727,[0.75118622 0.32042754],91,22,"[0.757272224425649, 0.33905999717339425]",0,-1
5728,[0.47679432 0.52925229],41,40,"[0.4758590512403852, 0.5317248607280546]",0,-1
5729,[0.44996146 0.38801597],67,42,"[0.47090413605197745, 0.3706753216883814]",0,58
5730,[0.32586965 0.36891423],42,7,"[0.3321936611977011, 0.34293111744375654]",0,89
5731,[0.36726627 0.18212286],73,49,"[0.35418448506576955, 0.14329850428612353]",0,28
5732,[0.39431024 0.70404863],15,58,"[0.37887936110594184, 0.7334391897891285]",0,-1
5733,[0.50108635 0.57356465],41,20,"[0.5371890084085489, 0.5739528596094324]",0,-1
5734,[0.18984359 0.64938099],16,45,"[0.19601325606017345, 0.667358514260268]",0,-1
5735,[0.52792271 0.50619257],13,29,"[0.5812618174713859, 0.5240123764686471]",0,-1
5736,[0.52487857 0.82349171],93,18,"[0.527398606849523, 0.8662745321442044]",0,37
5737,[0.79237128 0.50290708],87,32,"[0.7786163905873836, 0.5211842185039978]",0,17
5738,[0.64538559 0.37071564],71,10,"[0.6398799516193626, 0.38844091859549007]",0,-1
5739,[0.25310745 0.72825814],16,12,"[0.2822438507480652, 0.7105313788319401]",0,-1
5740,[0.56670761 0.42117725],4,73,"[0.5684491373659465, 0.3759776977620393]",0,-1
5741,[0.61419807 0.60558623],13,9,"[0.6184830434267037, 0.586333469678524]",0,-1
5742,[0.22157585 0.82347373],39,69,"[0.18889864315739, 0.8195957758801673]",0,-1
5743,[0.12103939 0.38698168],44,71,"[0.11481900251646894, 0.37559708088824]",0,-1
5744,[0.30651629 0.81111637],31,26,"[0.2731213809151105, 0.8295374863795931]",0,-1
5745,[0.76630382 0.46656883],83,15,"[0.7558016368645127, 0.4462797814247812]",0,17
5746,[0.71247837 0.40452198],29,4,"[0.7100353299176262, 0.3875574879176719]",0,21
5747,[0.79324666 0.59825115],99,47,"[0.8091525442233867, 0.6013457413252116]",0,-1
5748,[0.41073454 0.80960121],78,54,"[0.36959478636682913, 0.8084550989826409]",0,-1
5749,[0.55885694 0.60496331],12,20,"[0.5371890084085489, 0.5739528596094324]",0,-1
5750,[0.94884327 0.47500083],43,92,"[0.9291777218511399, 0.5053403904093751]",0,-1
5751,[0.87422455 0.48403612],28,13,"[0.843760744736157, 0.5166552078676889]",0,-1
5752,[0.17238035 0.28640642],11,38,"[0.18350109397176653, 0.31916714902230253]",0,-1
5753,[0.77032243 0.31256933],80,22,"[0.757272224425649, 0.33905999717339425]",0,-1
5754,[0.86474207 0.53365193],63,13,"[0.843760744736157, 0.5166552078676889]",0,17
5755,[0.18676082 0.28063125],53,38,"[0.18350109397176653, 0.31916714902230253]",0,-1
5756,[0.3929883  0.62957235],94,0,"[0.4226395002574949, 0.6460584349087278]",0,88
5757,[0.64573041 0.37213337],29,10,"[0.6398799516193626, 0.38844091859549007]",0,-1
5758,[0.86048025 0.22618549],36,88,"[0.8567588921418147, 0.17457306337920828]",0,-1
5759,[0.33638648 0.68673922],19,36,"[0.3536068858323266, 0.6613822308481206]",0,-1
5760,[0.54023026 0.57814941],37,20,"[0.5371890084085489, 0.5739528596094324]",0,88
5761,[0.46789043 0.63480738],69,2,"[0.4675886295436634, 0.6021765353351279]",0,-1
5762,[0.76094232 0.36196878],68,22,"[0.757272224425649, 0.33905999717339425]",0,-1
5763,[0.37534622 0.34430136],38,6,"[0.40678448596985844, 0.34277371919698396]",0,89
5764,[0.31937385 0.16153202],57,49,"[0.35418448506576955, 0.14329850428612353]",0,-1
5765,[0.26032128 0.6468529 ],23,39,"[0.2596202559688416, 0.6257540185994204]",0,52
5766,[0.37546376 0.41195995],8,1,"[0.3572487842659222, 0.41922446128046986]",0,89
5767,[0.7728366  0.42757587],50,15,"[0.7558016368645127, 0.4462797814247812]",0,-1
5768,[0.4111834  0.56405387],82,50,"[0.3898476181838421, 0.5216929572274273]",0,79
5769,[0.44704548 0.61118102],90,2,"[0.4675886295436634, 0.6021765353351279]",0,88
5770,[0.2070828  0.21637144],32,33,"[0.1898538969523832, 0.20289106741831933]",0,-1
5771,[0.35579767 0.75927428],19,58,"[0.37887936110594184, 0.7334391897891285]",0,-1
5772,[0.45742519 0.45007979],64,17,"[0.4108830354862289, 0.4435508998593477]",0,-1
5773,[0.24779078 0.93340247],0,97,"[0.2279904617185373, 0.9146376924080816]",-1,-1
5774,[0.47410467 0.20274182],52,56,"[0.4908116515444846, 0.16632592191374188]",0,-1
5775,[0.40408968 0.88949611],56,67,"[0.37743107737986015, 0.883213849264441]",0,-1
5776,[0.4344443  0.20523083],33,31,"[0.4191189173246286, 0.19329258812229377]",0,35
5777,[0.3509546  0.36307576],38,7,"[0.3321936611977011, 0.34293111744375654]",0,89
5778,[0.77650304 0.76968114],62,63,"[0.7856877410353075, 0.7534945903126699]",0,-1
5779,[0.35932491 0.38270662],38,1,"[0.3572487842659222, 0.41922446128046986]",0,89
5780,[0.23914341 0.50080649],9,28,"[0.2520846559803125, 0.4621952512240386]",0,-1
5781,[0.14145015 0.80067324],0,86,"[0.11333449837233942, 0.8035791769910723]",0,-1
5782,[0.45706387 0.30782184],55,34,"[0.47832967363307105, 0.25654673669797673]",0,-1
5783,[0.86524837 0.77072517],21,41,"[0.8492841799095646, 0.8019622424543851]",0,10
5784,[0.4509997  0.64947039],15,0,"[0.4226395002574949, 0.6460584349087278]",0,88
5785,[0.52430789 0.90893606],93,18,"[0.527398606849523, 0.8662745321442044]",0,-1
5786,[0.55852247 0.17857974],88,91,"[0.5747298360762695, 0.15930251145986343]",0,-1
5787,[0.56394851 0.87964382],60,18,"[0.527398606849523, 0.8662745321442044]",0,-1
5788,[0.64126562 0.63421007],35,76,"[0.6483290776065068, 0.6569295539328516]",0,-1
5789,[0.15508233 0.2880703 ],53,84,"[0.1433957510634753, 0.2579081432754369]",0,-1
5790,[0.4277579  0.68105032],82,0,"[0.4226395002574949, 0.6460584349087278]",0,-1
5791,[0.69500337 0.38877833],68,4,"[0.7100353299176262, 0.3875574879176719]",0,21
5792,[0.65235181 0.21696537],86,35,"[0.6545605605339905, 0.22500987532438183]",0,6
5793,[0.57900823 0.11316512],88,91,"[0.5747298360762695, 0.15930251145986343]",-1,-1
5794,[0.20070422 0.34673715],22,38,"[0.18350109397176653, 0.31916714902230253]",0,62
5795,[0.56621425 0.85102763],60,18,"[0.527398606849523, 0.8662745321442044]",0,-1
5796,[0.62851804 0.8052345 ],72,14,"[0.6208537257023621, 0.8045775614928529]",0,42
5797,[0.20966313 0.80259171],31,69,"[0.18889864315739, 0.8195957758801673]",0,49
5798,[0.71440965 0.51009189],3,53,"[0.6955018555560987, 0.5389599645427405]",0,-1
5799,[0.25253579 0.75124635],31,11,"[0.22353793679767786, 0.7478364040140648]",0,56
5800,[0.56052982 0.61837146],75,5,"[0.54876158375065, 0.6433749135954844]",0,-1
5801,[0.53301186 0.60947347],69,20,"[0.5371890084085489, 0.5739528596094324]",0,88
5802,[0.80699408 0.48951358],87,8,"[0.8210079602672482, 0.4506152114933381]",0,17
5803,[0.5994779  0.65141193],49,76,"[0.6483290776065068, 0.6569295539328516]",0,-1
5804,[0.33828651 0.60852074],20,30,"[0.36820757824267275, 0.5891561499462349]",0,-1
5805,[0.10749445 0.47111231],44,51,"[0.1508950301577577, 0.45723062251398755]",0,-1
5806,[0.91188687 0.82038882],96,93,"[0.9128525281281048, 0.8015861505597924]",0,-1
5807,[0.75780629 0.26028208],95,55,"[0.7305076164562052, 0.2580112669411776]",0,-1
5808,[0.72965997 0.4079129 ],66,4,"[0.7100353299176262, 0.3875574879176719]",0,-1
5809,[0.24884777 0.7182483 ],16,12,"[0.2822438507480652, 0.7105313788319401]",0,-1
5810,[0.70944015 0.3171227 ],66,3,"[0.6759399092328674, 0.32128183561871837]",0,18
5811,[0.45192861 0.16727294],33,56,"[0.4908116515444846, 0.16632592191374188]",0,34
5812,[0.76695901 0.5214319 ],28,32,"[0.7786163905873836, 0.5211842185039978]",0,-1
5813,[0.65844513 0.26325195],89,35,"[0.6545605605339905, 0.22500987532438183]",0,-1
5814,[0.24547508 0.47831792],97,28,"[0.2520846559803125, 0.4621952512240386]",0,-1
5815,[0.65637094 0.23212838],89,35,"[0.6545605605339905, 0.22500987532438183]",0,6
5816,[0.50187332 0.24409163],52,34,"[0.47832967363307105, 0.25654673669797673]",0,-1
5817,[0.48035077 0.61742475],69,2,"[0.4675886295436634, 0.6021765353351279]",0,-1
5818,[0.11526673 0.60054349],23,80,"[0.15990270049190128, 0.5986117043755352]",0,-1
5819,[0.55906191 0.62689821],12,5,"[0.54876158375065, 0.6433749135954844]",0,88
5820,[0.45281097 0.57216352],41,2,"[0.4675886295436634, 0.6021765353351279]",0,88
5821,[0.43832448 0.3485763 ],67,6,"[0.40678448596985844, 0.34277371919698396]",0,-1
5822,[0.16995129 0.22358104],32,33,"[0.1898538969523832, 0.20289106741831933]",0,-1
5823,[0.40655662 0.42752401],92,17,"[0.4108830354862289, 0.4435508998593477]",0,-1
5824,[0.60081688 0.77739958],72,14,"[0.6208537257023621, 0.8045775614928529]",0,-1
5825,[0.73609008 0.37345275],68,4,"[0.7100353299176262, 0.3875574879176719]",0,-1
5826,[0.85236235 0.5240728 ],83,13,"[0.843760744736157, 0.5166552078676889]",0,17
5827,[0.46314696 0.49140837],64,40,"[0.4758590512403852, 0.5317248607280546]",0,-1
5828,[0.6576839  0.27116214],86,35,"[0.6545605605339905, 0.22500987532438183]",0,-1
5829,[0.12073067 0.42015303],98,71,"[0.11481900251646894, 0.37559708088824]",0,-1
5830,[0.83860898 0.4954629 ],50,13,"[0.843760744736157, 0.5166552078676889]",0,17
5831,[0.38284775 0.81516228],78,54,"[0.36959478636682913, 0.8084550989826409]",0,-1
5832,[0.35164474 0.15611349],57,49,"[0.35418448506576955, 0.14329850428612353]",0,28
5833,[0.63905559 0.45810387],40,65,"[0.6636957553845171, 0.46135824588144125]",0,-1
5834,[0.22911107 0.70556557],65,11,"[0.22353793679767786, 0.7478364040140648]",0,-1
5835,[0.413404   0.41400012],14,17,"[0.4108830354862289, 0.4435508998593477]",0,89
5836,[0.29989387 0.71128853],18,12,"[0.2822438507480652, 0.7105313788319401]",0,-1
5837,[0.67271543 0.4880781 ],29,65,"[0.6636957553845171, 0.46135824588144125]",0,-1
5838,[0.39822003 0.70852066],56,58,"[0.37887936110594184, 0.7334391897891285]",0,-1
5839,[0.70032719 0.32270076],61,3,"[0.6759399092328674, 0.32128183561871837]",0,-1
5840,[0.54961435 0.27439436],55,64,"[0.594073349455653, 0.28354489837534175]",0,-1
5841,[0.33957901 0.53445821],20,50,"[0.3898476181838421, 0.5216929572274273]",0,-1
5842,[0.81538855 0.77844416],21,63,"[0.7856877410353075, 0.7534945903126699]",0,13
5843,[0.70022174 0.4307092 ],68,4,"[0.7100353299176262, 0.3875574879176719]",0,-1
5844,[0.72667641 0.75579648],62,60,"[0.7001338409322506, 0.7409401695756385]",0,15
5845,[0.3767739  0.60707576],82,30,"[0.36820757824267275, 0.5891561499462349]",0,-1
5846,[0.81466967 0.79307757],21,41,"[0.8492841799095646, 0.8019622424543851]",0,-1
5847,[0.65559439 0.34983525],68,3,"[0.6759399092328674, 0.32128183561871837]",0,21
5848,[0.34586136 0.23861081],47,21,"[0.3571400957876323, 0.26942599959136726]",0,-1
5849,[0.20898219 0.4350954 ],9,23,"[0.2032497039719594, 0.393824370774819]",0,-1
5850,[0.68858189 0.3532441 ],2,3,"[0.6759399092328674, 0.32128183561871837]",0,21
5851,[0.20293282 0.75439459],31,11,"[0.22353793679767786, 0.7478364040140648]",0,57
5852,[0.37234757 0.44623575],8,1,"[0.3572487842659222, 0.41922446128046986]",0,-1
5853,[0.74679584 0.5849688 ],49,72,"[0.7259305706267937, 0.621464812471517]",0,-1
5854,[0.72407835 0.59287863],35,72,"[0.7259305706267937, 0.621464812471517]",0,-1
5855,[0.81663537 0.6022703 ],99,47,"[0.8091525442233867, 0.6013457413252116]",0,8
5856,[0.29405725 0.37002323],58,19,"[0.2847353251184853, 0.39005308479636985]",0,90
5857,[0.514306   0.87714812],56,18,"[0.527398606849523, 0.8662745321442044]",0,-1
5858,[0.20376106 0.82708949],31,69,"[0.18889864315739, 0.8195957758801673]",0,-1
5859,[0.75615237 0.36318268],66,22,"[0.757272224425649, 0.33905999717339425]",0,21
5860,[0.40756755 0.15615567],57,31,"[0.4191189173246286, 0.19329258812229377]",0,33
5861,[0.24813209 0.19930908],45,27,"[0.29001319373773415, 0.21087702736570366]",0,-1
5862,[0.83172121 0.81752878],21,41,"[0.8492841799095646, 0.8019622424543851]",0,13
5863,[0.61418218 0.58155643],74,9,"[0.6184830434267037, 0.586333469678524]",0,-1
5864,[0.69229112 0.57169072],49,53,"[0.6955018555560987, 0.5389599645427405]",0,-1
5865,[0.34002922 0.30934686],42,7,"[0.3321936611977011, 0.34293111744375654]",0,75
5866,[0.27374412 0.20533211],5,27,"[0.29001319373773415, 0.21087702736570366]",0,-1
5867,[0.47874602 0.79502458],94,16,"[0.45898902168994016, 0.8115000101692392]",0,-1
5868,[0.6721449  0.29169903],71,3,"[0.6759399092328674, 0.32128183561871837]",0,22
5869,[0.51232547 0.74634338],94,46,"[0.5435344637313357, 0.7795756563374607]",0,-1
5870,[0.64328327 0.25678986],86,35,"[0.6545605605339905, 0.22500987532438183]",0,-1
5871,[0.69814971 0.76276755],46,60,"[0.7001338409322506, 0.7409401695756385]",0,-1
5872,[0.78165897 0.74125104],21,63,"[0.7856877410353075, 0.7534945903126699]",0,-1
5873,[0.72284684 0.72155649],46,60,"[0.7001338409322506, 0.7409401695756385]",0,-1
5874,[0.27575448 0.34581961],22,19,"[0.2847353251184853, 0.39005308479636985]",0,-1
5875,[0.43049719 0.87359728],94,67,"[0.37743107737986015, 0.883213849264441]",0,-1
5876,[0.53080339 0.71263463],94,37,"[0.47348968360582744, 0.7125916710309903]",0,-1
5877,[0.30808693 0.44266749],81,1,"[0.3572487842659222, 0.41922446128046986]",0,-1
5878,[0.36937173 0.64494265],15,36,"[0.3536068858323266, 0.6613822308481206]",0,-1
5879,[0.40780741 0.35305781],55,6,"[0.40678448596985844, 0.34277371919698396]",0,-1
5880,[0.37849702 0.457692  ],38,17,"[0.4108830354862289, 0.4435508998593477]",0,80
5881,[0.46896211 0.53473112],6,40,"[0.4758590512403852, 0.5317248607280546]",0,83
5882,[0.70361365 0.40512679],29,4,"[0.7100353299176262, 0.3875574879176719]",0,21
5883,[0.62244448 0.82726426],79,14,"[0.6208537257023621, 0.8045775614928529]",0,-1
5884,[0.67214687 0.32391527],68,3,"[0.6759399092328674, 0.32128183561871837]",0,21
5885,[0.39889821 0.34590012],67,6,"[0.40678448596985844, 0.34277371919698396]",0,-1
5886,[0.62000242 0.49481781],71,68,"[0.6059400326152605, 0.4534475926518635]",0,-1
5887,[0.54791528 0.79557282],72,46,"[0.5435344637313357, 0.7795756563374607]",0,-1
5888,[0.79569526 0.36202217],50,25,"[0.8211120104597844, 0.37574618786089475]",0,-1
5889,[0.88494781 0.44026264],30,62,"[0.8921140984845523, 0.4428581583396137]",0,-1
5890,[0.45028083 0.15713241],33,74,"[0.4464145664830302, 0.11749079524673668]",0,-1
5891,[0.40364438 0.64165768],76,0,"[0.4226395002574949, 0.6460584349087278]",0,88
5892,[0.78838858 0.49416427],3,32,"[0.7786163905873836, 0.5211842185039978]",0,17
5893,[0.2047804  0.75871997],39,11,"[0.22353793679767786, 0.7478364040140648]",0,-1
5894,[0.9094725  0.47395654],83,62,"[0.8921140984845523, 0.4428581583396137]",0,-1
5895,[0.51789369 0.71624055],70,37,"[0.47348968360582744, 0.7125916710309903]",0,-1
5896,[0.24905544 0.73266885],16,11,"[0.22353793679767786, 0.7478364040140648]",0,-1
5897,[0.54404003 0.54002927],77,20,"[0.5371890084085489, 0.5739528596094324]",0,-1
5898,[0.77758388 0.52764161],27,32,"[0.7786163905873836, 0.5211842185039978]",0,17
5899,[0.16575552 0.25419568],11,84,"[0.1433957510634753, 0.2579081432754369]",0,-1
5900,[0.59613766 0.21270538],86,61,"[0.5821749572804258, 0.2185848836493384]",0,7
5901,[0.22950505 0.77561237],65,11,"[0.22353793679767786, 0.7478364040140648]",0,-1
5902,[0.71531317 0.3975663 ],68,4,"[0.7100353299176262, 0.3875574879176719]",0,21
5903,[0.26564437 0.18406812],58,27,"[0.29001319373773415, 0.21087702736570366]",0,-1
5904,[0.1381305  0.60387296],17,80,"[0.15990270049190128, 0.5986117043755352]",0,-1
5905,[0.40655633 0.54358602],8,50,"[0.3898476181838421, 0.5216929572274273]",0,79
5906,[0.35752043 0.46372302],1,1,"[0.3572487842659222, 0.41922446128046986]",0,-1
5907,[0.22372103 0.44732283],9,28,"[0.2520846559803125, 0.4621952512240386]",0,-1
5908,[0.68400245 0.33573023],61,3,"[0.6759399092328674, 0.32128183561871837]",0,21
5909,[0.84145643 0.46076999],83,8,"[0.8210079602672482, 0.4506152114933381]",0,17
5910,[0.36001301 0.34310058],42,7,"[0.3321936611977011, 0.34293111744375654]",0,89
5911,[0.56132136 0.59693232],75,20,"[0.5371890084085489, 0.5739528596094324]",0,-1
5912,[0.302482   0.73881859],19,12,"[0.2822438507480652, 0.7105313788319401]",0,-1
5913,[0.87709237 0.16794894],36,88,"[0.8567588921418147, 0.17457306337920828]",0,-1
5914,[0.44027765 0.25052027],84,34,"[0.47832967363307105, 0.25654673669797673]",0,32
5915,[0.25911806 0.24223484],32,24,"[0.23531691667485555, 0.27209662123665185]",0,-1
5916,[0.79300524 0.79385711],21,48,"[0.7803433920128066, 0.8205948599681767]",0,12
5917,[0.68667684 0.62876447],37,72,"[0.7259305706267937, 0.621464812471517]",0,-1
5918,[0.15410074 0.49157523],98,51,"[0.1508950301577577, 0.45723062251398755]",0,-1
5919,[0.17420661 0.44090041],44,51,"[0.1508950301577577, 0.45723062251398755]",0,70
5920,[0.27032521 0.7748323 ],16,11,"[0.22353793679767786, 0.7478364040140648]",0,-1
5921,[0.5530376 0.5159427],77,29,"[0.5812618174713859, 0.5240123764686471]",0,-1
5922,[0.53218659 0.58855459],74,20,"[0.5371890084085489, 0.5739528596094324]",0,-1
5923,[0.70645393 0.60818854],35,72,"[0.7259305706267937, 0.621464812471517]",0,-1
5924,[0.66433527 0.73885699],24,60,"[0.7001338409322506, 0.7409401695756385]",0,-1
5925,[0.30939598 0.33700962],47,7,"[0.3321936611977011, 0.34293111744375654]",0,-1
5926,[0.71924797 0.24099248],86,55,"[0.7305076164562052, 0.2580112669411776]",0,-1
5927,[0.81154332 0.3738045 ],66,25,"[0.8211120104597844, 0.37574618786089475]",0,-1
5928,[0.21811229 0.7807363 ],65,11,"[0.22353793679767786, 0.7478364040140648]",0,-1
5929,[0.42395466 0.52826301],76,50,"[0.3898476181838421, 0.5216929572274273]",0,-1
5930,[0.47453949 0.59162704],69,2,"[0.4675886295436634, 0.6021765353351279]",0,-1
5931,[0.69224836 0.47277171],29,65,"[0.6636957553845171, 0.46135824588144125]",0,-1
5932,[0.66929607 0.34676849],71,3,"[0.6759399092328674, 0.32128183561871837]",0,21
5933,[0.24786294 0.23415249],5,24,"[0.23531691667485555, 0.27209662123665185]",0,-1
5934,[0.71020945 0.73652221],46,60,"[0.7001338409322506, 0.7409401695756385]",0,15
5935,[0.2494844 0.2746843],5,24,"[0.23531691667485555, 0.27209662123665185]",0,-1
5936,[0.20269217 0.48341516],97,28,"[0.2520846559803125, 0.4621952512240386]",0,-1
5937,[0.70469263 0.29871762],2,3,"[0.6759399092328674, 0.32128183561871837]",0,18
5938,[0.12199641 0.77305827],39,86,"[0.11333449837233942, 0.8035791769910723]",0,-1
5939,[0.82856381 0.78936234],85,41,"[0.8492841799095646, 0.8019622424543851]",0,13
5940,[0.7570103  0.28251733],80,55,"[0.7305076164562052, 0.2580112669411776]",0,-1
5941,[0.43030372 0.4132514 ],67,17,"[0.4108830354862289, 0.4435508998593477]",0,-1
5942,[0.4079465  0.68803814],6,0,"[0.4226395002574949, 0.6460584349087278]",0,-1
5943,[0.6679582  0.34971491],68,3,"[0.6759399092328674, 0.32128183561871837]",0,21
5944,[0.34624838 0.70220357],51,36,"[0.3536068858323266, 0.6613822308481206]",0,-1
5945,[0.40221531 0.58393192],90,30,"[0.36820757824267275, 0.5891561499462349]",0,88
5946,[0.35890315 0.32974572],92,7,"[0.3321936611977011, 0.34293111744375654]",0,-1
5947,[0.79329675 0.34965535],66,22,"[0.757272224425649, 0.33905999717339425]",0,-1
5948,[0.59687207 0.45018288],13,68,"[0.6059400326152605, 0.4534475926518635]",0,-1
5949,[0.55614448 0.57992062],77,20,"[0.5371890084085489, 0.5739528596094324]",0,88
5950,[0.55421799 0.88231042],60,18,"[0.527398606849523, 0.8662745321442044]",0,-1
5951,[0.36887592 0.1426299 ],57,49,"[0.35418448506576955, 0.14329850428612353]",0,-1
5952,[0.21055511 0.70986519],65,11,"[0.22353793679767786, 0.7478364040140648]",0,-1
5953,[0.76219768 0.47474945],2,15,"[0.7558016368645127, 0.4462797814247812]",0,-1
5954,[0.70012692 0.71360948],46,60,"[0.7001338409322506, 0.7409401695756385]",0,-1
5955,[0.4980706  0.64266374],75,2,"[0.4675886295436634, 0.6021765353351279]",0,85
5956,[0.54277053 0.23872138],88,61,"[0.5821749572804258, 0.2185848836493384]",0,-1
5957,[0.3814797  0.24572289],25,21,"[0.3571400957876323, 0.26942599959136726]",0,-1
5958,[0.63930656 0.45288088],3,65,"[0.6636957553845171, 0.46135824588144125]",0,-1
5959,[0.75689716 0.31496321],54,22,"[0.757272224425649, 0.33905999717339425]",0,-1
5960,[0.56527278 0.44839646],13,68,"[0.6059400326152605, 0.4534475926518635]",0,-1
5961,[0.696589   0.37768946],34,4,"[0.7100353299176262, 0.3875574879176719]",0,21
5962,[0.2654582  0.41858816],22,19,"[0.2847353251184853, 0.39005308479636985]",0,-1
5963,[0.87614699 0.61646978],99,59,"[0.8763268698051316, 0.579199170331017]",0,-1
5964,[0.55293515 0.56738855],13,20,"[0.5371890084085489, 0.5739528596094324]",0,88
5965,[0.23639032 0.38369794],53,23,"[0.2032497039719594, 0.393824370774819]",0,73
5966,[0.33766253 0.49419987],14,50,"[0.3898476181838421, 0.5216929572274273]",0,-1
5967,[0.12597615 0.43684683],44,51,"[0.1508950301577577, 0.45723062251398755]",0,-1
5968,[0.15356859 0.35482388],11,71,"[0.11481900251646894, 0.37559708088824]",0,-1
5969,[0.58936311 0.67415358],74,5,"[0.54876158375065, 0.6433749135954844]",0,-1
5970,[0.48115187 0.21532882],84,34,"[0.47832967363307105, 0.25654673669797673]",0,-1
5971,[0.23174273 0.25602872],5,24,"[0.23531691667485555, 0.27209662123665185]",0,-1
5972,[0.09748284 0.36736738],26,71,"[0.11481900251646894, 0.37559708088824]",0,-1
5973,[0.44893818 0.11091372],52,74,"[0.4464145664830302, 0.11749079524673668]",0,-1
5974,[0.51645407 0.56653993],7,20,"[0.5371890084085489, 0.5739528596094324]",0,88
5975,[0.22338345 0.81756037],31,69,"[0.18889864315739, 0.8195957758801673]",0,-1
5976,[0.22670547 0.68990293],16,45,"[0.19601325606017345, 0.667358514260268]",0,53
5977,[0.38283325 0.1840861 ],57,31,"[0.4191189173246286, 0.19329258812229377]",0,-1
5978,[0.17400047 0.36934867],26,23,"[0.2032497039719594, 0.393824370774819]",0,-1
5979,[0.21552982 0.74595073],18,11,"[0.22353793679767786, 0.7478364040140648]",0,57
5980,[0.88672053 0.5016506 ],30,92,"[0.9291777218511399, 0.5053403904093751]",0,-1
5981,[0.78714655 0.57827668],63,47,"[0.8091525442233867, 0.6013457413252116]",0,8
5982,[0.51356344 0.30777167],88,34,"[0.47832967363307105, 0.25654673669797673]",0,-1
5983,[0.18938306 0.183828  ],45,33,"[0.1898538969523832, 0.20289106741831933]",0,48
5984,[0.28458168 0.42521603],9,19,"[0.2847353251184853, 0.39005308479636985]",0,-1
5985,[0.77679854 0.47371222],50,15,"[0.7558016368645127, 0.4462797814247812]",0,17
5986,[0.39955825 0.59028756],15,30,"[0.36820757824267275, 0.5891561499462349]",0,88
5987,[0.25002877 0.49645946],97,28,"[0.2520846559803125, 0.4621952512240386]",0,-1
5988,[0.88614098 0.84233934],85,87,"[0.8925149589987491, 0.8617277435613537]",0,-1
5989,[0.50688372 0.59491417],13,20,"[0.5371890084085489, 0.5739528596094324]",0,-1
5990,[0.55579133 0.53160546],35,29,"[0.5812618174713859, 0.5240123764686471]",0,-1
5991,[0.24659681 0.74521071],18,11,"[0.22353793679767786, 0.7478364040140648]",0,56
5992,[0.84631114 0.47231231],30,8,"[0.8210079602672482, 0.4506152114933381]",0,17
5993,[0.2760865  0.64336947],51,39,"[0.2596202559688416, 0.6257540185994204]",0,52
5994,[0.64873558 0.31908923],61,3,"[0.6759399092328674, 0.32128183561871837]",0,-1
5995,[0.22596335 0.1865018 ],5,33,"[0.1898538969523832, 0.20289106741831933]",0,-1
5996,[0.85764145 0.49837934],30,13,"[0.843760744736157, 0.5166552078676889]",0,-1
5997,[0.27354334 0.43363294],44,28,"[0.2520846559803125, 0.4621952512240386]",0,-1
5998,[0.39736377 0.59319126],69,30,"[0.36820757824267275, 0.5891561499462349]",0,88
5999,[0.82645307 0.83211937],96,79,"[0.8263954992254994, 0.8681441505941476]",0,13
6000,[0.3022225  0.34331345],1,7,"[0.3321936611977011, 0.34293111744375654]",0,-1
6001,[0.77787327 0.58028427],49,47,"[0.8091525442233867, 0.6013457413252116]",0,-1
6002,[0.85781593 0.30504007],80,83,"[0.8762199555116444, 0.3404048051239979]",0,-1
6003,[0.42612166 0.32124946],1,6,"[0.40678448596985844, 0.34277371919698396]",0,-1
6004,[0.2200415  0.32826832],11,38,"[0.18350109397176653, 0.31916714902230253]",0,-1
6005,[0.22626272 0.83734971],48,69,"[0.18889864315739, 0.8195957758801673]",0,-1
6006,[0.66637478 0.2245362 ],89,35,"[0.6545605605339905, 0.22500987532438183]",0,-1
6007,[0.57248351 0.51343723],77,29,"[0.5812618174713859, 0.5240123764686471]",0,84
6008,[0.24672136 0.66192478],51,39,"[0.2596202559688416, 0.6257540185994204]",0,-1
6009,[0.63925056 0.16419405],95,70,"[0.6986975952159088, 0.16842470592263856]",0,-1
6010,[0.64022364 0.45249984],61,65,"[0.6636957553845171, 0.46135824588144125]",0,-1
6011,[0.53786731 0.6283461 ],12,5,"[0.54876158375065, 0.6433749135954844]",0,88
6012,[0.24811732 0.15151366],10,52,"[0.2294764018471187, 0.143723856671554]",0,-1
6013,[0.19652782 0.2435649 ],5,33,"[0.1898538969523832, 0.20289106741831933]",0,66
6014,[0.40940224 0.32154211],47,6,"[0.40678448596985844, 0.34277371919698396]",0,-1
6015,[0.34963448 0.64453463],76,36,"[0.3536068858323266, 0.6613822308481206]",0,-1
6016,[0.81580595 0.58815994],99,47,"[0.8091525442233867, 0.6013457413252116]",0,-1
6017,[0.62375418 0.70947   ],70,57,"[0.6165364982648931, 0.7310583472769618]",0,-1
6018,[0.50382257 0.59351704],41,2,"[0.4675886295436634, 0.6021765353351279]",0,-1
6019,[0.39969981 0.74892595],94,58,"[0.37887936110594184, 0.7334391897891285]",0,-1
6020,[0.84310132 0.85420139],85,79,"[0.8263954992254994, 0.8681441505941476]",0,-1
6021,[0.45128506 0.79035005],94,16,"[0.45898902168994016, 0.8115000101692392]",0,39
6022,[0.48399692 0.31979327],55,42,"[0.47090413605197745, 0.3706753216883814]",0,-1
6023,[0.62605779 0.25811132],89,64,"[0.594073349455653, 0.28354489837534175]",0,-1
6024,[0.40824228 0.65707104],15,0,"[0.4226395002574949, 0.6460584349087278]",0,88
6025,[0.43431391 0.38193197],1,42,"[0.47090413605197745, 0.3706753216883814]",0,58
6026,[0.76437152 0.87298727],96,48,"[0.7803433920128066, 0.8205948599681767]",0,-1
6027,[0.64430071 0.57697029],77,9,"[0.6184830434267037, 0.586333469678524]",0,68
6028,[0.1820845  0.16540252],45,33,"[0.1898538969523832, 0.20289106741831933]",0,48
6029,[0.44081587 0.66841907],6,0,"[0.4226395002574949, 0.6460584349087278]",0,-1
6030,[0.50363019 0.64630073],75,5,"[0.54876158375065, 0.6433749135954844]",0,85
6031,[0.50307717 0.61999772],41,2,"[0.4675886295436634, 0.6021765353351279]",0,88
6032,[0.44472794 0.33017442],14,6,"[0.40678448596985844, 0.34277371919698396]",0,-1
6033,[0.37554061 0.34851186],38,6,"[0.40678448596985844, 0.34277371919698396]",0,89
6034,[0.83810298 0.83263869],85,41,"[0.8492841799095646, 0.8019622424543851]",0,13
6035,[0.78029503 0.42991975],3,15,"[0.7558016368645127, 0.4462797814247812]",0,17
6036,[0.86719539 0.51900227],63,13,"[0.843760744736157, 0.5166552078676889]",0,-1
6037,[0.6871797  0.17594863],95,70,"[0.6986975952159088, 0.16842470592263856]",0,-1
6038,[0.33557435 0.74844125],51,58,"[0.37887936110594184, 0.7334391897891285]",0,-1
6039,[0.30618183 0.69879989],18,12,"[0.2822438507480652, 0.7105313788319401]",0,-1
6040,[0.28293834 0.13848542],10,52,"[0.2294764018471187, 0.143723856671554]",0,-1
6041,[0.30643307 0.69183526],18,12,"[0.2822438507480652, 0.7105313788319401]",0,54
6042,[0.47717109 0.27410741],55,34,"[0.47832967363307105, 0.25654673669797673]",0,27
6043,[0.28504726 0.47244578],9,28,"[0.2520846559803125, 0.4621952512240386]",0,-1
6044,[0.39558923 0.68539117],76,0,"[0.4226395002574949, 0.6460584349087278]",0,-1
6045,[0.27367669 0.22987123],10,27,"[0.29001319373773415, 0.21087702736570366]",0,-1
6046,[0.84909398 0.77927801],21,41,"[0.8492841799095646, 0.8019622424543851]",0,-1
6047,[0.27578606 0.26210248],5,24,"[0.23531691667485555, 0.27209662123665185]",0,-1
6048,[0.68415882 0.62357745],35,72,"[0.7259305706267937, 0.621464812471517]",0,-1
6049,[0.79349454 0.83855589],21,48,"[0.7803433920128066, 0.8205948599681767]",0,13
6050,[0.54386021 0.53184905],77,29,"[0.5812618174713859, 0.5240123764686471]",0,-1
6051,[0.20002565 0.74648428],65,11,"[0.22353793679767786, 0.7478364040140648]",0,57
6052,[0.11410305 0.79110088],39,86,"[0.11333449837233942, 0.8035791769910723]",0,-1
6053,[0.85237531 0.42529654],43,8,"[0.8210079602672482, 0.4506152114933381]",0,17
6054,[0.55092035 0.53945488],13,29,"[0.5812618174713859, 0.5240123764686471]",0,-1
6055,[0.5869261  0.88669065],60,82,"[0.6132420785222222, 0.8710652413331001]",0,-1
6056,[0.20336293 0.08792335],10,89,"[0.15862126123377812, 0.09531060003677258]",0,-1
6057,[0.60414328 0.35490569],61,73,"[0.5684491373659465, 0.3759776977620393]",0,-1
6058,[0.65997333 0.5593478 ],49,53,"[0.6955018555560987, 0.5389599645427405]",0,-1
6059,[0.47508697 0.44217816],38,75,"[0.5172236746686562, 0.4443369127615434]",0,-1
6060,[0.55565457 0.60793249],13,5,"[0.54876158375065, 0.6433749135954844]",0,-1
6061,[0.1228673  0.55126993],17,77,"[0.10737865443478777, 0.5291217341624451]",0,-1
6062,[0.59423217 0.84729961],60,82,"[0.6132420785222222, 0.8710652413331001]",0,-1
6063,[0.42691444 0.38329722],67,6,"[0.40678448596985844, 0.34277371919698396]",0,-1
6064,[0.44911359 0.64070204],90,0,"[0.4226395002574949, 0.6460584349087278]",0,88
6065,[0.24386268 0.27189733],11,24,"[0.23531691667485555, 0.27209662123665185]",0,-1
6066,[0.30637431 0.40057966],38,19,"[0.2847353251184853, 0.39005308479636985]",0,-1
6067,[0.24908604 0.69323507],51,12,"[0.2822438507480652, 0.7105313788319401]",0,53
6068,[0.74239543 0.21994914],95,55,"[0.7305076164562052, 0.2580112669411776]",0,-1
6069,[0.40160526 0.30619255],55,6,"[0.40678448596985844, 0.34277371919698396]",0,-1
6070,[0.79397834 0.52044835],87,32,"[0.7786163905873836, 0.5211842185039978]",0,-1
6071,[0.82737559 0.40845249],43,25,"[0.8211120104597844, 0.37574618786089475]",0,17
6072,[0.60731566 0.28818399],86,64,"[0.594073349455653, 0.28354489837534175]",0,-1
6073,[0.8851369 0.8064185],62,93,"[0.9128525281281048, 0.8015861505597924]",0,-1
6074,[0.36288109 0.44725249],92,1,"[0.3572487842659222, 0.41922446128046986]",0,-1
6075,[0.22957631 0.69112222],65,45,"[0.19601325606017345, 0.667358514260268]",0,53
6076,[0.54773071 0.27215059],88,64,"[0.594073349455653, 0.28354489837534175]",0,-1
6077,[0.6860939  0.20661865],95,35,"[0.6545605605339905, 0.22500987532438183]",0,5
6078,[0.67013944 0.19366294],89,35,"[0.6545605605339905, 0.22500987532438183]",0,-1
6079,[0.62385985 0.86970817],70,82,"[0.6132420785222222, 0.8710652413331001]",0,-1
6080,[0.41549374 0.1796821 ],57,31,"[0.4191189173246286, 0.19329258812229377]",0,-1
6081,[0.7564183  0.43312729],3,15,"[0.7558016368645127, 0.4462797814247812]",0,17
6082,[0.49468389 0.91801866],93,18,"[0.527398606849523, 0.8662745321442044]",0,-1
6083,[0.64355896 0.33721428],91,3,"[0.6759399092328674, 0.32128183561871837]",0,-1
6084,[0.54780809 0.17333595],88,91,"[0.5747298360762695, 0.15930251145986343]",0,-1
6085,[0.79464592 0.18426927],36,78,"[0.7951539755354653, 0.19004804298167233]",0,-1
6086,[0.30757756 0.63025014],18,39,"[0.2596202559688416, 0.6257540185994204]",0,-1
6087,[0.73786794 0.54301971],87,53,"[0.6955018555560987, 0.5389599645427405]",0,-1
6088,[0.35864718 0.47695252],14,50,"[0.3898476181838421, 0.5216929572274273]",0,77
6089,[0.16141339 0.30527518],32,38,"[0.18350109397176653, 0.31916714902230253]",0,-1
6090,[0.89075677 0.45956184],83,62,"[0.8921140984845523, 0.4428581583396137]",0,-1
6091,[0.81025471 0.61247892],99,47,"[0.8091525442233867, 0.6013457413252116]",0,8
6092,[0.88929378 0.49397699],63,92,"[0.9291777218511399, 0.5053403904093751]",0,-1
6093,[0.31015922 0.79817605],56,26,"[0.2731213809151105, 0.8295374863795931]",0,-1
6094,[0.36654255 0.71862752],19,58,"[0.37887936110594184, 0.7334391897891285]",0,-1
6095,[0.40360319 0.63668179],15,0,"[0.4226395002574949, 0.6460584349087278]",0,88
6096,[0.73590984 0.43864017],68,15,"[0.7558016368645127, 0.4462797814247812]",0,-1
6097,[0.69486469 0.50836518],49,53,"[0.6955018555560987, 0.5389599645427405]",0,-1
6098,[0.15588044 0.34460999],26,38,"[0.18350109397176653, 0.31916714902230253]",0,-1
6099,[0.17733895 0.63534973],23,45,"[0.19601325606017345, 0.667358514260268]",0,40
6100,[0.47936233 0.1872964 ],33,56,"[0.4908116515444846, 0.16632592191374188]",0,-1
6101,[0.45396092 0.5823564 ],76,2,"[0.4675886295436634, 0.6021765353351279]",0,88
6102,[0.2523598  0.27001506],58,24,"[0.23531691667485555, 0.27209662123665185]",0,-1
6103,[0.67117849 0.35925465],68,3,"[0.6759399092328674, 0.32128183561871837]",0,21
6104,[0.19517384 0.71741646],39,11,"[0.22353793679767786, 0.7478364040140648]",0,55
6105,[0.4010896  0.62404256],76,0,"[0.4226395002574949, 0.6460584349087278]",0,88
6106,[0.66768078 0.59986566],35,9,"[0.6184830434267037, 0.586333469678524]",0,-1
6107,[0.63719519 0.79876781],24,14,"[0.6208537257023621, 0.8045775614928529]",0,-1
6108,[0.68593617 0.23171207],89,35,"[0.6545605605339905, 0.22500987532438183]",0,-1
6109,[0.31202614 0.36466479],42,7,"[0.3321936611977011, 0.34293111744375654]",0,-1
6110,[0.26361209 0.21854543],58,27,"[0.29001319373773415, 0.21087702736570366]",0,-1
6111,[0.27286491 0.25913492],22,24,"[0.23531691667485555, 0.27209662123665185]",0,65
6112,[0.92191242 0.56845826],27,59,"[0.8763268698051316, 0.579199170331017]",0,-1
6113,[0.06852679 0.84987091],0,86,"[0.11333449837233942, 0.8035791769910723]",-1,-1
6114,[0.29922325 0.77888198],48,26,"[0.2731213809151105, 0.8295374863795931]",0,-1
6115,[0.26969413 0.33305994],22,19,"[0.2847353251184853, 0.39005308479636985]",0,-1
6116,[0.67738965 0.67720752],46,76,"[0.6483290776065068, 0.6569295539328516]",0,-1
6117,[0.65025275 0.57112782],37,9,"[0.6184830434267037, 0.586333469678524]",0,68
6118,[0.62672132 0.36903593],61,10,"[0.6398799516193626, 0.38844091859549007]",0,-1
6119,[0.21037565 0.72383654],0,11,"[0.22353793679767786, 0.7478364040140648]",0,55
6120,[0.54107248 0.61533923],13,5,"[0.54876158375065, 0.6433749135954844]",0,88
6121,[0.59879934 0.77615782],79,14,"[0.6208537257023621, 0.8045775614928529]",0,-1
6122,[0.40297212 0.76559787],6,58,"[0.37887936110594184, 0.7334391897891285]",0,23
6123,[0.16168206 0.5572687 ],17,44,"[0.1912270592870895, 0.5359549801185394]",0,-1
6124,[0.246486  0.8196647],59,26,"[0.2731213809151105, 0.8295374863795931]",0,-1
6125,[0.25701841 0.35594111],42,19,"[0.2847353251184853, 0.39005308479636985]",0,-1
6126,[0.15198755 0.15407323],45,81,"[0.13426292668090453, 0.163935928071412]",0,-1
6127,[0.50111399 0.82376796],72,16,"[0.45898902168994016, 0.8115000101692392]",0,38
6128,[0.37052618 0.38150577],1,1,"[0.3572487842659222, 0.41922446128046986]",0,89
6129,[0.2430458  0.14521696],10,52,"[0.2294764018471187, 0.143723856671554]",0,-1
6130,[0.32240265 0.34936032],47,7,"[0.3321936611977011, 0.34293111744375654]",0,89
6131,[0.70494817 0.37284937],2,4,"[0.7100353299176262, 0.3875574879176719]",0,21
6132,[0.90933498 0.67590786],27,85,"[0.8584098981619135, 0.7196353557924977]",-1,-1
6133,[0.37710801 0.79268676],56,54,"[0.36959478636682913, 0.8084550989826409]",0,23
6134,[0.22032336 0.28362706],58,24,"[0.23531691667485555, 0.27209662123665185]",0,63
6135,[0.41000016 0.63132769],76,0,"[0.4226395002574949, 0.6460584349087278]",0,88
6136,[0.73327431 0.40051986],2,4,"[0.7100353299176262, 0.3875574879176719]",0,21
6137,[0.77602793 0.39334589],28,25,"[0.8211120104597844, 0.37574618786089475]",0,20
6138,[0.23390053 0.46339851],44,28,"[0.2520846559803125, 0.4621952512240386]",0,-1
6139,[0.29549345 0.80274921],59,26,"[0.2731213809151105, 0.8295374863795931]",0,46
6140,[0.42068836 0.73831927],94,58,"[0.37887936110594184, 0.7334391897891285]",0,-1
6141,[0.5476228  0.61822319],12,5,"[0.54876158375065, 0.6433749135954844]",0,88
6142,[0.17617051 0.22004453],32,33,"[0.1898538969523832, 0.20289106741831933]",0,67
6143,[0.74187508 0.77250564],62,63,"[0.7856877410353075, 0.7534945903126699]",0,-1
6144,[0.20345088 0.69522219],18,45,"[0.19601325606017345, 0.667358514260268]",0,-1
6145,[0.34443853 0.90140907],48,67,"[0.37743107737986015, 0.883213849264441]",0,-1
6146,[0.47590679 0.23323562],52,34,"[0.47832967363307105, 0.25654673669797673]",0,-1
6147,[0.29729213 0.69204153],51,12,"[0.2822438507480652, 0.7105313788319401]",0,-1
6148,[0.79688796 0.79059626],62,48,"[0.7803433920128066, 0.8205948599681767]",0,12
6149,[0.4776175 0.4548076],64,75,"[0.5172236746686562, 0.4443369127615434]",0,-1
6150,[0.22022764 0.72525201],65,11,"[0.22353793679767786, 0.7478364040140648]",0,-1
6151,[0.7815506  0.79859102],96,48,"[0.7803433920128066, 0.8205948599681767]",0,12
6152,[0.18298835 0.74904869],39,43,"[0.15465866632935668, 0.7523522483084468]",0,-1
6153,[0.93346854 0.43766916],83,62,"[0.8921140984845523, 0.4428581583396137]",0,-1
6154,[0.5776675  0.34715246],71,73,"[0.5684491373659465, 0.3759776977620393]",0,-1
6155,[0.23333892 0.73506949],16,11,"[0.22353793679767786, 0.7478364040140648]",0,-1
6156,[0.8257231  0.61290389],99,47,"[0.8091525442233867, 0.6013457413252116]",0,-1
6157,[0.27011492 0.26640917],5,24,"[0.23531691667485555, 0.27209662123665185]",0,65
6158,[0.80261054 0.57485512],99,47,"[0.8091525442233867, 0.6013457413252116]",0,8
6159,[0.25740353 0.4665383 ],97,28,"[0.2520846559803125, 0.4621952512240386]",0,-1
6160,[0.60108861 0.70957915],70,57,"[0.6165364982648931, 0.7310583472769618]",0,-1
6161,[0.44309719 0.5651684 ],90,2,"[0.4675886295436634, 0.6021765353351279]",0,88
6162,[0.52591437 0.54078811],69,20,"[0.5371890084085489, 0.5739528596094324]",0,81
6163,[0.46183247 0.7687538 ],56,16,"[0.45898902168994016, 0.8115000101692392]",0,-1
6164,[0.67053293 0.40075895],40,10,"[0.6398799516193626, 0.38844091859549007]",0,21
6165,[0.45281913 0.85693652],78,16,"[0.45898902168994016, 0.8115000101692392]",0,-1
6166,[0.14888171 0.85630108],0,69,"[0.18889864315739, 0.8195957758801673]",0,-1
6167,[0.82576775 0.79675429],62,41,"[0.8492841799095646, 0.8019622424543851]",0,13
6168,[0.44366804 0.2362008 ],84,34,"[0.47832967363307105, 0.25654673669797673]",0,-1
6169,[0.40319585 0.85267559],93,67,"[0.37743107737986015, 0.883213849264441]",0,-1
6170,[0.40276957 0.39174401],67,6,"[0.40678448596985844, 0.34277371919698396]",0,89
6171,[0.83933015 0.47536431],87,8,"[0.8210079602672482, 0.4506152114933381]",0,17
6172,[0.79317343 0.255649  ],54,66,"[0.8238364342627095, 0.2773691959806487]",0,-1
6173,[0.16759403 0.31755659],11,38,"[0.18350109397176653, 0.31916714902230253]",0,-1
6174,[0.14217937 0.10681467],45,89,"[0.15862126123377812, 0.09531060003677258]",0,-1
6175,[0.68663256 0.76746351],24,60,"[0.7001338409322506, 0.7409401695756385]",0,-1
6176,[0.62506947 0.83834548],24,14,"[0.6208537257023621, 0.8045775614928529]",0,-1
6177,[0.78370267 0.85729368],21,48,"[0.7803433920128066, 0.8205948599681767]",0,-1
6178,[0.57933595 0.75997184],70,46,"[0.5435344637313357, 0.7795756563374607]",0,-1
6179,[0.44530552 0.32732898],55,6,"[0.40678448596985844, 0.34277371919698396]",0,-1
6180,[0.68695262 0.39236888],29,4,"[0.7100353299176262, 0.3875574879176719]",0,21
6181,[0.86676583 0.40015161],43,62,"[0.8921140984845523, 0.4428581583396137]",0,-1
6182,[0.35847858 0.41626985],8,1,"[0.3572487842659222, 0.41922446128046986]",0,89
6183,[0.44236737 0.52127426],67,40,"[0.4758590512403852, 0.5317248607280546]",0,-1
6184,[0.51798572 0.65769897],75,5,"[0.54876158375065, 0.6433749135954844]",0,-1
6185,[0.75213076 0.24711407],89,55,"[0.7305076164562052, 0.2580112669411776]",0,-1
6186,[0.4283188  0.44241571],8,17,"[0.4108830354862289, 0.4435508998593477]",0,-1
6187,[0.44830543 0.80287754],94,16,"[0.45898902168994016, 0.8115000101692392]",0,39
6188,[0.31639162 0.37381113],1,7,"[0.3321936611977011, 0.34293111744375654]",0,-1
6189,[0.31668132 0.24356454],47,27,"[0.29001319373773415, 0.21087702736570366]",0,-1
6190,[0.65547479 0.50801705],13,65,"[0.6636957553845171, 0.46135824588144125]",0,-1
6191,[0.6153799  0.56891061],49,9,"[0.6184830434267037, 0.586333469678524]",0,-1
6192,[0.37791373 0.85031773],78,67,"[0.37743107737986015, 0.883213849264441]",0,-1
6193,[0.4089849  0.82688559],56,54,"[0.36959478636682913, 0.8084550989826409]",0,-1
6194,[0.24102909 0.47800544],97,28,"[0.2520846559803125, 0.4621952512240386]",0,-1
6195,[0.55622897 0.64332203],6,5,"[0.54876158375065, 0.6433749135954844]",0,-1
6196,[0.18219023 0.61474716],17,80,"[0.15990270049190128, 0.5986117043755352]",0,40
6197,[0.34608169 0.15810933],73,49,"[0.35418448506576955, 0.14329850428612353]",0,28
6198,[0.84454778 0.48839263],63,13,"[0.843760744736157, 0.5166552078676889]",0,-1
6199,[0.50178486 0.37445969],4,42,"[0.47090413605197745, 0.3706753216883814]",0,-1
6200,[0.52513334 0.9514323 ],60,-1,-1,-1,-1
6201,[0.49004785 0.1492152 ],33,56,"[0.4908116515444846, 0.16632592191374188]",0,-1
6202,[0.41447472 0.54888667],82,50,"[0.3898476181838421, 0.5216929572274273]",0,-1
6203,[0.25140164 0.42617979],9,28,"[0.2520846559803125, 0.4621952512240386]",0,74
6204,[0.86907878 0.54355398],83,59,"[0.8763268698051316, 0.579199170331017]",0,17
6205,[0.27044958 0.76535344],16,11,"[0.22353793679767786, 0.7478364040140648]",0,-1
6206,[0.74822663 0.38534934],2,4,"[0.7100353299176262, 0.3875574879176719]",0,-1
6207,[0.58020233 0.70358409],75,57,"[0.6165364982648931, 0.7310583472769618]",0,-1
6208,[0.63297999 0.80782537],24,14,"[0.6208537257023621, 0.8045775614928529]",0,42
6209,[0.45118453 0.25055273],52,34,"[0.47832967363307105, 0.25654673669797673]",0,-1
6210,[0.18730129 0.51115784],17,44,"[0.1912270592870895, 0.5359549801185394]",0,44
6211,[0.14511478 0.28989977],53,84,"[0.1433957510634753, 0.2579081432754369]",0,-1
6212,[0.43655833 0.30455999],55,6,"[0.40678448596985844, 0.34277371919698396]",0,-1
6213,[0.69679666 0.22162067],95,35,"[0.6545605605339905, 0.22500987532438183]",0,-1
6214,[0.83889408 0.80690249],62,41,"[0.8492841799095646, 0.8019622424543851]",0,13
6215,[0.44823101 0.38938317],14,42,"[0.47090413605197745, 0.3706753216883814]",0,58
6216,[0.70902862 0.32459389],91,3,"[0.6759399092328674, 0.32128183561871837]",0,-1
6217,[0.876664   0.47829908],63,62,"[0.8921140984845523, 0.4428581583396137]",0,-1
6218,[0.34452495 0.88251597],48,67,"[0.37743107737986015, 0.883213849264441]",0,-1
6219,[0.48886709 0.388236  ],52,42,"[0.47090413605197745, 0.3706753216883814]",0,-1
6220,[0.28685522 0.6745026 ],20,12,"[0.2822438507480652, 0.7105313788319401]",0,-1
6221,[0.22497322 0.75810792],31,11,"[0.22353793679767786, 0.7478364040140648]",0,57
6222,[0.20432091 0.67437461],16,45,"[0.19601325606017345, 0.667358514260268]",0,53
6223,[0.68914404 0.24233923],54,35,"[0.6545605605339905, 0.22500987532438183]",0,-1
6224,[0.20791498 0.45538847],26,28,"[0.2520846559803125, 0.4621952512240386]",0,-1
6225,[0.53379811 0.82585576],72,18,"[0.527398606849523, 0.8662745321442044]",0,-1
6226,[0.75460088 0.2403761 ],36,55,"[0.7305076164562052, 0.2580112669411776]",0,-1
6227,[0.31936518 0.26533638],58,21,"[0.3571400957876323, 0.26942599959136726]",0,-1
6228,[0.51886715 0.84876762],56,18,"[0.527398606849523, 0.8662745321442044]",0,-1
6229,[0.52294348 0.61791042],12,5,"[0.54876158375065, 0.6433749135954844]",0,88
6230,[0.72591783 0.36604041],2,4,"[0.7100353299176262, 0.3875574879176719]",0,21
6231,[0.37766312 0.39979382],81,1,"[0.3572487842659222, 0.41922446128046986]",0,89
6232,[0.24358092 0.2541933 ],5,24,"[0.23531691667485555, 0.27209662123665185]",0,-1
6233,[0.39884457 0.28021997],42,21,"[0.3571400957876323, 0.26942599959136726]",0,-1
6234,[0.75109462 0.42570464],3,15,"[0.7558016368645127, 0.4462797814247812]",0,-1
6235,[0.83154519 0.44260454],43,8,"[0.8210079602672482, 0.4506152114933381]",0,17
6236,[0.88540687 0.83927525],96,87,"[0.8925149589987491, 0.8617277435613537]",0,-1
6237,[0.69166546 0.38821529],2,4,"[0.7100353299176262, 0.3875574879176719]",0,21
6238,[0.28762775 0.68229453],51,12,"[0.2822438507480652, 0.7105313788319401]",0,-1
6239,[0.42207367 0.87743837],56,67,"[0.37743107737986015, 0.883213849264441]",0,-1
6240,[0.15724484 0.43405793],44,51,"[0.1508950301577577, 0.45723062251398755]",0,-1
6241,[0.83228003 0.40203087],40,25,"[0.8211120104597844, 0.37574618786089475]",0,17
6242,[0.51366568 0.29255188],52,34,"[0.47832967363307105, 0.25654673669797673]",0,-1
6243,[0.29209267 0.43223124],8,19,"[0.2847353251184853, 0.39005308479636985]",0,-1
6244,[0.85971195 0.84830472],96,87,"[0.8925149589987491, 0.8617277435613537]",0,-1
6245,[0.92036877 0.83441398],85,93,"[0.9128525281281048, 0.8015861505597924]",0,-1
6246,[0.72812399 0.55223128],87,53,"[0.6955018555560987, 0.5389599645427405]",0,-1
6247,[0.70152163 0.35758249],29,4,"[0.7100353299176262, 0.3875574879176719]",0,21
6248,[0.73529624 0.28180675],29,55,"[0.7305076164562052, 0.2580112669411776]",0,-1
6249,[0.42102977 0.62641084],15,0,"[0.4226395002574949, 0.6460584349087278]",0,88
6250,[0.61220081 0.24788969],86,64,"[0.594073349455653, 0.28354489837534175]",0,-1
6251,[0.75317841 0.29173187],54,55,"[0.7305076164562052, 0.2580112669411776]",0,-1
6252,[0.66885184 0.36265183],68,10,"[0.6398799516193626, 0.38844091859549007]",0,21
6253,[0.23162028 0.39690489],22,23,"[0.2032497039719594, 0.393824370774819]",0,-1
6254,[0.67240804 0.36066131],71,3,"[0.6759399092328674, 0.32128183561871837]",0,21
6255,[0.75419226 0.74375153],46,63,"[0.7856877410353075, 0.7534945903126699]",0,15
6256,[0.57371734 0.37599468],4,73,"[0.5684491373659465, 0.3759776977620393]",0,-1
6257,[0.54553506 0.85327674],24,18,"[0.527398606849523, 0.8662745321442044]",0,-1
6258,[0.34241208 0.31934419],47,7,"[0.3321936611977011, 0.34293111744375654]",0,-1
6259,[0.44118877 0.33003502],55,6,"[0.40678448596985844, 0.34277371919698396]",0,-1
6260,[0.90094363 0.49622   ],30,92,"[0.9291777218511399, 0.5053403904093751]",0,-1
6261,[0.18856421 0.76496794],39,43,"[0.15465866632935668, 0.7523522483084468]",0,57
6262,[0.44344516 0.64190941],90,0,"[0.4226395002574949, 0.6460584349087278]",0,88
6263,[0.22280424 0.77240847],39,11,"[0.22353793679767786, 0.7478364040140648]",0,-1
6264,[0.38792038 0.42548355],64,17,"[0.4108830354862289, 0.4435508998593477]",0,-1
6265,[0.82616998 0.54648643],63,13,"[0.843760744736157, 0.5166552078676889]",0,14
6266,[0.26368693 0.69927143],16,12,"[0.2822438507480652, 0.7105313788319401]",0,-1
6267,[0.08097399 0.1986005 ],45,81,"[0.13426292668090453, 0.163935928071412]",-1,-1
6268,[0.45546011 0.72538054],6,37,"[0.47348968360582744, 0.7125916710309903]",0,-1
6269,[0.42214841 0.09028193],33,74,"[0.4464145664830302, 0.11749079524673668]",0,-1
6270,[0.28515327 0.54473786],20,-1,-1,0,-1
6271,[0.45639081 0.39725832],67,42,"[0.47090413605197745, 0.3706753216883814]",0,58
6272,[0.39175967 0.26122818],67,21,"[0.3571400957876323, 0.26942599959136726]",0,-1
6273,[0.61963626 0.36446667],61,10,"[0.6398799516193626, 0.38844091859549007]",0,-1
6274,[0.42062348 0.33669877],38,6,"[0.40678448596985844, 0.34277371919698396]",0,-1
6275,[0.44309621 0.13998418],33,74,"[0.4464145664830302, 0.11749079524673668]",0,-1
6276,[0.8065334  0.78223573],62,63,"[0.7856877410353075, 0.7534945903126699]",0,-1
6277,[0.46452883 0.18444484],84,56,"[0.4908116515444846, 0.16632592191374188]",0,34
6278,[0.39830713 0.38164418],92,6,"[0.40678448596985844, 0.34277371919698396]",0,89
6279,[0.47320076 0.11970633],33,74,"[0.4464145664830302, 0.11749079524673668]",0,-1
6280,[0.50979487 0.276855  ],55,34,"[0.47832967363307105, 0.25654673669797673]",0,-1
6281,[0.39215325 0.50085957],8,50,"[0.3898476181838421, 0.5216929572274273]",0,-1
6282,[0.45885416 0.56125888],82,40,"[0.4758590512403852, 0.5317248607280546]",0,88
6283,[0.33035997 0.63941497],82,36,"[0.3536068858323266, 0.6613822308481206]",0,-1
6284,[0.76880506 0.79156207],46,48,"[0.7803433920128066, 0.8205948599681767]",0,-1
6285,[0.27356866 0.46771263],22,28,"[0.2520846559803125, 0.4621952512240386]",0,-1
6286,[0.60859168 0.21762126],86,61,"[0.5821749572804258, 0.2185848836493384]",0,7
6287,[0.74363242 0.47361807],87,15,"[0.7558016368645127, 0.4462797814247812]",0,-1
6288,[0.28645874 0.72216737],18,12,"[0.2822438507480652, 0.7105313788319401]",0,54
6289,[0.43912823 0.31468481],67,6,"[0.40678448596985844, 0.34277371919698396]",0,-1
6290,[0.53253198 0.25562042],86,34,"[0.47832967363307105, 0.25654673669797673]",0,-1
6291,[0.17073442 0.57515799],98,80,"[0.15990270049190128, 0.5986117043755352]",0,-1
6292,[0.37178574 0.58906305],82,30,"[0.36820757824267275, 0.5891561499462349]",0,-1
6293,[0.86715965 0.77524828],62,41,"[0.8492841799095646, 0.8019622424543851]",0,10
6294,[0.79369521 0.60076012],99,47,"[0.8091525442233867, 0.6013457413252116]",0,-1
6295,[0.84756407 0.38909958],66,25,"[0.8211120104597844, 0.37574618786089475]",0,17
6296,[0.31478674 0.40428112],92,19,"[0.2847353251184853, 0.39005308479636985]",0,-1
6297,[0.8137971  0.49384943],87,13,"[0.843760744736157, 0.5166552078676889]",0,17
6298,[0.18074116 0.56833572],17,44,"[0.1912270592870895, 0.5359549801185394]",0,43
6299,[0.14267198 0.73162096],39,43,"[0.15465866632935668, 0.7523522483084468]",0,-1
6300,[0.61830542 0.65523601],35,76,"[0.6483290776065068, 0.6569295539328516]",0,-1
6301,[0.52388952 0.50690502],77,40,"[0.4758590512403852, 0.5317248607280546]",0,-1
6302,[0.77258815 0.51776833],3,32,"[0.7786163905873836, 0.5211842185039978]",0,17
6303,[0.3550035  0.61335727],15,30,"[0.36820757824267275, 0.5891561499462349]",0,-1
6304,[0.44848628 0.27349112],52,34,"[0.47832967363307105, 0.25654673669797673]",0,-1
6305,[0.72458709 0.83343904],96,48,"[0.7803433920128066, 0.8205948599681767]",0,-1
6306,[0.68602852 0.49040214],68,65,"[0.6636957553845171, 0.46135824588144125]",0,-1
6307,[0.34681361 0.86257313],59,67,"[0.37743107737986015, 0.883213849264441]",0,-1
6308,[0.36246031 0.73368603],48,58,"[0.37887936110594184, 0.7334391897891285]",0,-1
6309,[0.68184318 0.57923082],49,53,"[0.6955018555560987, 0.5389599645427405]",0,-1
6310,[0.1993825 0.6390741],17,45,"[0.19601325606017345, 0.667358514260268]",0,40
6311,[0.37503592 0.34513014],38,6,"[0.40678448596985844, 0.34277371919698396]",0,89
6312,[0.42688078 0.784843  ],94,16,"[0.45898902168994016, 0.8115000101692392]",0,-1
6313,[0.25668266 0.83885453],31,26,"[0.2731213809151105, 0.8295374863795931]",0,45
6314,[0.25788996 0.48178363],81,28,"[0.2520846559803125, 0.4621952512240386]",0,-1
6315,[0.27006074 0.68982718],18,12,"[0.2822438507480652, 0.7105313788319401]",0,-1
6316,[0.82424354 0.50354741],30,13,"[0.843760744736157, 0.5166552078676889]",0,17
6317,[0.37010554 0.31725812],42,6,"[0.40678448596985844, 0.34277371919698396]",0,-1
6318,[0.70580299 0.39248765],34,4,"[0.7100353299176262, 0.3875574879176719]",0,21
6319,[0.49047868 0.27763772],55,34,"[0.47832967363307105, 0.25654673669797673]",0,27
6320,[0.62828487 0.78007555],72,14,"[0.6208537257023621, 0.8045775614928529]",0,36
6321,[0.43496251 0.54818404],41,40,"[0.4758590512403852, 0.5317248607280546]",0,-1
6322,[0.22610856 0.3815906 ],26,23,"[0.2032497039719594, 0.393824370774819]",0,-1
6323,[0.4693756  0.76237468],94,37,"[0.47348968360582744, 0.7125916710309903]",0,-1
6324,[0.39862614 0.65805393],76,0,"[0.4226395002574949, 0.6460584349087278]",0,88
6325,[0.24449005 0.12886491],32,52,"[0.2294764018471187, 0.143723856671554]",0,-1
6326,[0.37203305 0.14714506],57,49,"[0.35418448506576955, 0.14329850428612353]",0,-1
6327,[0.87389397 0.75471645],62,85,"[0.8584098981619135, 0.7196353557924977]",0,-1
6328,[0.80995631 0.17033815],36,78,"[0.7951539755354653, 0.19004804298167233]",0,-1
6329,[0.12528389 0.29737498],53,84,"[0.1433957510634753, 0.2579081432754369]",0,-1
6330,[0.46935762 0.11436844],57,74,"[0.4464145664830302, 0.11749079524673668]",0,-1
6331,[0.85823419 0.47526671],83,13,"[0.843760744736157, 0.5166552078676889]",0,17
6332,[0.15730618 0.44392947],26,51,"[0.1508950301577577, 0.45723062251398755]",0,-1
6333,[0.76901607 0.45120231],28,15,"[0.7558016368645127, 0.4462797814247812]",0,17
6334,[0.48788429 0.17338981],33,56,"[0.4908116515444846, 0.16632592191374188]",0,-1
6335,[0.16207365 0.76854439],0,43,"[0.15465866632935668, 0.7523522483084468]",0,51
6336,[0.21919298 0.33905705],5,38,"[0.18350109397176653, 0.31916714902230253]",0,-1
6337,[0.2323024  0.24469601],58,24,"[0.23531691667485555, 0.27209662123665185]",0,-1
6338,[0.3241518  0.61752781],20,30,"[0.36820757824267275, 0.5891561499462349]",0,-1
6339,[0.78865189 0.43087478],83,15,"[0.7558016368645127, 0.4462797814247812]",0,17
6340,[0.12051195 0.13005675],45,81,"[0.13426292668090453, 0.163935928071412]",0,-1
6341,[0.19597989 0.24387897],45,33,"[0.1898538969523832, 0.20289106741831933]",0,66
6342,[0.81342003 0.81168227],62,48,"[0.7803433920128066, 0.8205948599681767]",0,13
6343,[0.38051625 0.37410391],38,6,"[0.40678448596985844, 0.34277371919698396]",0,89
6344,[0.39646531 0.5804428 ],82,30,"[0.36820757824267275, 0.5891561499462349]",0,88
6345,[0.18095754 0.30130074],5,38,"[0.18350109397176653, 0.31916714902230253]",0,61
6346,[0.62409506 0.74206104],70,57,"[0.6165364982648931, 0.7310583472769618]",0,-1
6347,[0.83919246 0.5288991 ],43,13,"[0.843760744736157, 0.5166552078676889]",0,-1
6348,[0.45387065 0.62423528],15,2,"[0.4675886295436634, 0.6021765353351279]",0,88
6349,[0.06778425 0.78267736],0,94,"[0.08336279277630905, 0.7423055088738316]",0,-1
6350,[0.25919344 0.45364975],9,28,"[0.2520846559803125, 0.4621952512240386]",0,-1
6351,[0.22266579 0.32165083],11,38,"[0.18350109397176653, 0.31916714902230253]",0,-1
6352,[0.75727283 0.36954263],2,22,"[0.757272224425649, 0.33905999717339425]",0,21
6353,[0.40494395 0.70505225],6,58,"[0.37887936110594184, 0.7334391897891285]",0,-1
6354,[0.47768364 0.48902997],7,40,"[0.4758590512403852, 0.5317248607280546]",0,-1
6355,[0.88109335 0.5695944 ],63,59,"[0.8763268698051316, 0.579199170331017]",0,-1
6356,[0.5570216 0.8198683],79,46,"[0.5435344637313357, 0.7795756563374607]",0,-1
6357,[0.50207827 0.60474084],75,2,"[0.4675886295436634, 0.6021765353351279]",0,-1
6358,[0.16305868 0.76966998],39,43,"[0.15465866632935668, 0.7523522483084468]",0,51
6359,[0.39234674 0.58850366],76,30,"[0.36820757824267275, 0.5891561499462349]",0,88
6360,[0.27846476 0.39187103],26,19,"[0.2847353251184853, 0.39005308479636985]",0,-1
6361,[0.35664697 0.72629139],76,58,"[0.37887936110594184, 0.7334391897891285]",0,-1
6362,[0.1435906  0.44990284],26,51,"[0.1508950301577577, 0.45723062251398755]",0,-1
6363,[0.25061502 0.22841186],5,27,"[0.29001319373773415, 0.21087702736570366]",0,65
6364,[0.14195449 0.36299588],53,71,"[0.11481900251646894, 0.37559708088824]",0,-1
6365,[0.5609542  0.61133922],74,5,"[0.54876158375065, 0.6433749135954844]",0,-1
6366,[0.59440229 0.83658143],60,82,"[0.6132420785222222, 0.8710652413331001]",0,-1
6367,[0.86042632 0.75592082],96,85,"[0.8584098981619135, 0.7196353557924977]",0,-1
6368,[0.69707894 0.3316469 ],91,3,"[0.6759399092328674, 0.32128183561871837]",0,-1
6369,[0.40751552 0.41865739],38,17,"[0.4108830354862289, 0.4435508998593477]",0,89
6370,[0.68858753 0.78139169],79,60,"[0.7001338409322506, 0.7409401695756385]",0,-1
6371,[0.64502727 0.20185062],89,35,"[0.6545605605339905, 0.22500987532438183]",0,-1
6372,[0.19879958 0.45799566],44,51,"[0.1508950301577577, 0.45723062251398755]",0,-1
6373,[0.46811406 0.38911115],67,42,"[0.47090413605197745, 0.3706753216883814]",0,58
6374,[0.43780276 0.64452349],69,0,"[0.4226395002574949, 0.6460584349087278]",0,88
6375,[0.40925727 0.60649556],7,0,"[0.4226395002574949, 0.6460584349087278]",0,88
6376,[0.78228592 0.37249473],66,25,"[0.8211120104597844, 0.37574618786089475]",0,20
6377,[0.49886117 0.80308833],60,16,"[0.45898902168994016, 0.8115000101692392]",0,-1
6378,[0.43021658 0.57055312],7,2,"[0.4675886295436634, 0.6021765353351279]",0,-1
6379,[0.45146028 0.22204642],57,31,"[0.4191189173246286, 0.19329258812229377]",0,-1
6380,[0.39418523 0.76170915],56,58,"[0.37887936110594184, 0.7334391897891285]",0,23
6381,[0.21246095 0.76010139],0,11,"[0.22353793679767786, 0.7478364040140648]",0,-1
6382,[0.78732184 0.45702577],43,15,"[0.7558016368645127, 0.4462797814247812]",0,17
6383,[0.34660156 0.68175021],19,36,"[0.3536068858323266, 0.6613822308481206]",0,-1
6384,[0.66692685 0.2289044 ],86,35,"[0.6545605605339905, 0.22500987532438183]",0,-1
6385,[0.43178383 0.29868821],55,6,"[0.40678448596985844, 0.34277371919698396]",0,-1
6386,[0.49112536 0.47896007],13,75,"[0.5172236746686562, 0.4443369127615434]",0,-1
6387,[0.68390942 0.72612169],46,60,"[0.7001338409322506, 0.7409401695756385]",0,15
6388,[0.40555326 0.3378371 ],14,6,"[0.40678448596985844, 0.34277371919698396]",0,-1
6389,[0.55497855 0.94522626],60,-1,-1,-1,-1
6390,[0.50344443 0.1912262 ],52,56,"[0.4908116515444846, 0.16632592191374188]",0,-1
6391,[0.255157   0.44375055],9,28,"[0.2520846559803125, 0.4621952512240386]",0,-1
6392,[0.47366781 0.39695026],55,42,"[0.47090413605197745, 0.3706753216883814]",0,58
6393,[0.19773786 0.37064644],53,23,"[0.2032497039719594, 0.393824370774819]",0,-1
6394,[0.85357135 0.63444732],99,47,"[0.8091525442233867, 0.6013457413252116]",0,-1
6395,[0.11174529 0.38075126],53,71,"[0.11481900251646894, 0.37559708088824]",0,-1
6396,[0.291286   0.31566664],42,7,"[0.3321936611977011, 0.34293111744375654]",0,-1
6397,[0.5235599  0.81651522],72,46,"[0.5435344637313357, 0.7795756563374607]",0,-1
6398,[0.32919754 0.40291491],8,1,"[0.3572487842659222, 0.41922446128046986]",0,89
6399,[0.12859165 0.28108991],53,84,"[0.1433957510634753, 0.2579081432754369]",0,-1
6400,[0.35913151 0.11803426],57,49,"[0.35418448506576955, 0.14329850428612353]",0,-1
6401,[0.24310359 0.78807246],16,11,"[0.22353793679767786, 0.7478364040140648]",0,49
6402,[0.57260219 0.62066222],13,5,"[0.54876158375065, 0.6433749135954844]",0,-1
6403,[0.41062437 0.66965006],76,0,"[0.4226395002574949, 0.6460584349087278]",0,88
6404,[0.58245698 0.39112143],34,73,"[0.5684491373659465, 0.3759776977620393]",0,-1
6405,[0.64819458 0.21934499],86,35,"[0.6545605605339905, 0.22500987532438183]",0,6
6406,[0.39236759 0.79896296],48,54,"[0.36959478636682913, 0.8084550989826409]",0,-1
6407,[0.1756862  0.27424778],11,84,"[0.1433957510634753, 0.2579081432754369]",0,-1
6408,[0.85329172 0.48217241],43,13,"[0.843760744736157, 0.5166552078676889]",0,17
6409,[0.39088367 0.94069619],48,67,"[0.37743107737986015, 0.883213849264441]",-1,-1
6410,[0.3510127  0.68657273],19,36,"[0.3536068858323266, 0.6613822308481206]",0,-1
6411,[0.58213305 0.60321136],37,9,"[0.6184830434267037, 0.586333469678524]",0,-1
6412,[0.74209898 0.31893707],66,22,"[0.757272224425649, 0.33905999717339425]",0,-1
6413,[0.62756023 0.86204777],72,82,"[0.6132420785222222, 0.8710652413331001]",0,-1
6414,[0.73252526 0.32929565],91,22,"[0.757272224425649, 0.33905999717339425]",0,-1
6415,[0.67680075 0.25286075],89,35,"[0.6545605605339905, 0.22500987532438183]",0,-1
6416,[0.23316082 0.76493306],65,11,"[0.22353793679767786, 0.7478364040140648]",0,-1
6417,[0.42997075 0.31609715],55,6,"[0.40678448596985844, 0.34277371919698396]",0,-1
6418,[0.46403335 0.29947713],55,34,"[0.47832967363307105, 0.25654673669797673]",0,-1
6419,[0.27102554 0.71098919],51,12,"[0.2822438507480652, 0.7105313788319401]",0,-1
6420,[0.25898663 0.44042774],98,28,"[0.2520846559803125, 0.4621952512240386]",0,-1
6421,[0.39474595 0.64703513],15,0,"[0.4226395002574949, 0.6460584349087278]",0,88
6422,[0.71443176 0.2190773 ],95,55,"[0.7305076164562052, 0.2580112669411776]",0,3
6423,[0.12915865 0.77256084],39,43,"[0.15465866632935668, 0.7523522483084468]",0,51
6424,[0.46059313 0.61948212],15,2,"[0.4675886295436634, 0.6021765353351279]",0,88
6425,[0.32772579 0.3939938 ],1,1,"[0.3572487842659222, 0.41922446128046986]",0,89
6426,[0.7621393  0.20273971],36,78,"[0.7951539755354653, 0.19004804298167233]",0,-1
6427,[0.60252933 0.40051731],4,10,"[0.6398799516193626, 0.38844091859549007]",0,-1
6428,[0.23543789 0.79737548],59,26,"[0.2731213809151105, 0.8295374863795931]",0,49
6429,[0.82375907 0.70186803],99,85,"[0.8584098981619135, 0.7196353557924977]",0,-1
6430,[0.61043711 0.39265451],34,10,"[0.6398799516193626, 0.38844091859549007]",0,-1
6431,[0.29551061 0.37684468],47,19,"[0.2847353251184853, 0.39005308479636985]",0,90
6432,[0.47403386 0.62937911],82,2,"[0.4675886295436634, 0.6021765353351279]",0,-1
6433,[0.21570027 0.18229664],45,33,"[0.1898538969523832, 0.20289106741831933]",0,48
6434,[0.1822019 0.6371524],23,45,"[0.19601325606017345, 0.667358514260268]",0,40
6435,[0.51903988 0.78108777],93,46,"[0.5435344637313357, 0.7795756563374607]",0,-1
6436,[0.33896783 0.31238197],1,7,"[0.3321936611977011, 0.34293111744375654]",0,75
6437,[0.26274765 0.33424489],22,19,"[0.2847353251184853, 0.39005308479636985]",0,-1
6438,[0.73557235 0.58381389],28,72,"[0.7259305706267937, 0.621464812471517]",0,-1
6439,[0.38668886 0.47338181],64,17,"[0.4108830354862289, 0.4435508998593477]",0,80
6440,[0.54765333 0.71349613],75,46,"[0.5435344637313357, 0.7795756563374607]",0,-1
6441,[0.30789462 0.37927861],9,19,"[0.2847353251184853, 0.39005308479636985]",0,-1
6442,[0.52666726 0.22850928],52,34,"[0.47832967363307105, 0.25654673669797673]",0,-1
6443,[0.17850785 0.25969744],32,84,"[0.1433957510634753, 0.2579081432754369]",0,-1
6444,[0.63773373 0.5751753 ],35,9,"[0.6184830434267037, 0.586333469678524]",0,-1
6445,[0.67574241 0.39028562],71,4,"[0.7100353299176262, 0.3875574879176719]",0,21
6446,[0.83743873 0.19717536],36,88,"[0.8567588921418147, 0.17457306337920828]",0,0
6447,[0.78956695 0.46699214],83,8,"[0.8210079602672482, 0.4506152114933381]",0,17
6448,[0.40702668 0.58856541],15,30,"[0.36820757824267275, 0.5891561499462349]",0,88
6449,[0.53377563 0.12392553],33,99,"[0.5444828914688598, 0.07256639339212836]",0,-1
6450,[0.40180933 0.4786888 ],64,17,"[0.4108830354862289, 0.4435508998593477]",0,80
6451,[0.26832697 0.74731534],18,12,"[0.2822438507480652, 0.7105313788319401]",0,56
6452,[0.84287413 0.3020675 ],80,66,"[0.8238364342627095, 0.2773691959806487]",0,2
6453,[0.42768864 0.32361405],42,6,"[0.40678448596985844, 0.34277371919698396]",0,-1
6454,[0.48440442 0.22966754],84,34,"[0.47832967363307105, 0.25654673669797673]",0,-1
6455,[0.45904806 0.84399077],93,16,"[0.45898902168994016, 0.8115000101692392]",0,-1
6456,[0.24102551 0.50878021],97,28,"[0.2520846559803125, 0.4621952512240386]",0,-1
6457,[0.70687023 0.22803587],95,55,"[0.7305076164562052, 0.2580112669411776]",0,3
6458,[0.67878346 0.79213079],72,60,"[0.7001338409322506, 0.7409401695756385]",0,-1
6459,[0.39879148 0.77126729],56,58,"[0.37887936110594184, 0.7334391897891285]",0,23
6460,[0.77346241 0.41238806],50,15,"[0.7558016368645127, 0.4462797814247812]",0,21
6461,[0.71073578 0.40496358],40,4,"[0.7100353299176262, 0.3875574879176719]",0,21
6462,[0.40060715 0.2756596 ],55,21,"[0.3571400957876323, 0.26942599959136726]",0,-1
6463,[0.58292705 0.47655309],77,68,"[0.6059400326152605, 0.4534475926518635]",0,-1
6464,[0.20502241 0.3305128 ],53,38,"[0.18350109397176653, 0.31916714902230253]",0,-1
6465,[0.26612276 0.64400058],23,39,"[0.2596202559688416, 0.6257540185994204]",0,52
6466,[0.2679702 0.3866766],22,19,"[0.2847353251184853, 0.39005308479636985]",0,-1
6467,[0.3419898 0.5070643],64,50,"[0.3898476181838421, 0.5216929572274273]",0,-1
6468,[0.57256098 0.5094378 ],13,29,"[0.5812618174713859, 0.5240123764686471]",0,-1
6469,[0.35313886 0.67562214],6,36,"[0.3536068858323266, 0.6613822308481206]",0,-1
6470,[0.49997249 0.55996943],41,40,"[0.4758590512403852, 0.5317248607280546]",0,88
6471,[0.40861431 0.38877578],42,6,"[0.40678448596985844, 0.34277371919698396]",0,89
6472,[0.69520117 0.34111116],71,3,"[0.6759399092328674, 0.32128183561871837]",0,-1
6473,[0.46885752 0.71290064],94,37,"[0.47348968360582744, 0.7125916710309903]",0,-1
6474,[0.31912508 0.37079573],1,7,"[0.3321936611977011, 0.34293111744375654]",0,89
6475,[0.50560042 0.25239765],52,34,"[0.47832967363307105, 0.25654673669797673]",0,-1
6476,[0.26665582 0.14778929],45,52,"[0.2294764018471187, 0.143723856671554]",0,-1
6477,[0.24189966 0.30370534],5,24,"[0.23531691667485555, 0.27209662123665185]",0,-1
6478,[0.64950255 0.20975683],89,35,"[0.6545605605339905, 0.22500987532438183]",0,6
6479,[0.80786632 0.43443523],54,8,"[0.8210079602672482, 0.4506152114933381]",0,17
6480,[0.76676683 0.40302463],2,15,"[0.7558016368645127, 0.4462797814247812]",0,21
6481,[0.74757898 0.19205322],95,78,"[0.7951539755354653, 0.19004804298167233]",0,-1
6482,[0.74228517 0.31406338],66,22,"[0.757272224425649, 0.33905999717339425]",0,-1
6483,[0.67781641 0.54516205],35,53,"[0.6955018555560987, 0.5389599645427405]",0,-1
6484,[0.16299768 0.28950865],53,38,"[0.18350109397176653, 0.31916714902230253]",0,-1
6485,[0.41466542 0.44835984],8,17,"[0.4108830354862289, 0.4435508998593477]",0,82
6486,[0.86019069 0.49615428],3,13,"[0.843760744736157, 0.5166552078676889]",0,-1
6487,[0.4020054  0.60466229],76,30,"[0.36820757824267275, 0.5891561499462349]",0,88
6488,[0.5612722  0.78962198],93,46,"[0.5435344637313357, 0.7795756563374607]",0,-1
6489,[0.34423766 0.30710881],42,7,"[0.3321936611977011, 0.34293111744375654]",0,75
6490,[0.76052939 0.52708454],3,32,"[0.7786163905873836, 0.5211842185039978]",0,-1
6491,[0.4718413  0.88904615],93,18,"[0.527398606849523, 0.8662745321442044]",0,-1
6492,[0.30366309 0.8744441 ],48,26,"[0.2731213809151105, 0.8295374863795931]",0,-1
6493,[0.41765863 0.6088785 ],69,0,"[0.4226395002574949, 0.6460584349087278]",0,88
6494,[0.23275647 0.50807415],17,28,"[0.2520846559803125, 0.4621952512240386]",0,-1
6495,[0.81246605 0.51820663],87,13,"[0.843760744736157, 0.5166552078676889]",0,-1
6496,[0.76891212 0.30104769],80,22,"[0.757272224425649, 0.33905999717339425]",0,-1
6497,[0.23605818 0.84389599],59,26,"[0.2731213809151105, 0.8295374863795931]",0,45
6498,[0.79339598 0.44008221],3,8,"[0.8210079602672482, 0.4506152114933381]",0,17
6499,[0.35935648 0.72815062],19,58,"[0.37887936110594184, 0.7334391897891285]",0,-1
6500,[0.76012651 0.36230589],50,22,"[0.757272224425649, 0.33905999717339425]",0,-1
6501,[0.46751335 0.63308839],76,2,"[0.4675886295436634, 0.6021765353351279]",0,-1
6502,[0.77405111 0.31801443],54,22,"[0.757272224425649, 0.33905999717339425]",0,-1
6503,[0.40528489 0.16762472],73,31,"[0.4191189173246286, 0.19329258812229377]",0,-1
6504,[0.70913132 0.26321981],71,55,"[0.7305076164562052, 0.2580112669411776]",0,-1
6505,[0.82449958 0.59368267],63,47,"[0.8091525442233867, 0.6013457413252116]",0,8
6506,[0.22448519 0.35961263],44,23,"[0.2032497039719594, 0.393824370774819]",0,-1
6507,[0.55825572 0.33647257],4,73,"[0.5684491373659465, 0.3759776977620393]",0,-1
6508,[0.85071075 0.5243107 ],63,13,"[0.843760744736157, 0.5166552078676889]",0,17
6509,[0.89520438 0.47711131],30,62,"[0.8921140984845523, 0.4428581583396137]",0,-1
6510,[0.47000843 0.65311251],90,0,"[0.4226395002574949, 0.6460584349087278]",0,88
6511,[0.80724593 0.44520665],83,8,"[0.8210079602672482, 0.4506152114933381]",0,17
6512,[0.53614415 0.74266628],70,46,"[0.5435344637313357, 0.7795756563374607]",0,-1
6513,[0.33441696 0.26713685],25,21,"[0.3571400957876323, 0.26942599959136726]",0,75
6514,[0.81681085 0.39202725],50,25,"[0.8211120104597844, 0.37574618786089475]",0,17
6515,[0.35898863 0.36165073],1,7,"[0.3321936611977011, 0.34293111744375654]",0,89
6516,[0.54158472 0.5528026 ],77,20,"[0.5371890084085489, 0.5739528596094324]",0,-1
6517,[0.34767952 0.12204915],57,49,"[0.35418448506576955, 0.14329850428612353]",0,-1
6518,[0.0701143 0.4759009],98,77,"[0.10737865443478777, 0.5291217341624451]",-1,-1
6519,[0.22846274 0.2132782 ],5,33,"[0.1898538969523832, 0.20289106741831933]",0,-1
6520,[0.22834962 0.56378161],97,44,"[0.1912270592870895, 0.5359549801185394]",0,-1
6521,[0.20412043 0.67540995],16,45,"[0.19601325606017345, 0.667358514260268]",0,-1
6522,[0.69108221 0.45790125],29,65,"[0.6636957553845171, 0.46135824588144125]",0,-1
6523,[0.43596518 0.35863727],67,6,"[0.40678448596985844, 0.34277371919698396]",0,-1
6524,[0.81550617 0.23294759],80,66,"[0.8238364342627095, 0.2773691959806487]",0,-1
6525,[0.24522479 0.20004421],58,27,"[0.29001319373773415, 0.21087702736570366]",0,64
6526,[0.34879063 0.33593229],42,7,"[0.3321936611977011, 0.34293111744375654]",0,89
6527,[0.48348533 0.1778327 ],52,56,"[0.4908116515444846, 0.16632592191374188]",0,-1
6528,[0.22022488 0.13470187],10,52,"[0.2294764018471187, 0.143723856671554]",0,-1
6529,[0.21057332 0.21828492],5,33,"[0.1898538969523832, 0.20289106741831933]",0,-1
6530,[0.30430541 0.43745408],81,19,"[0.2847353251184853, 0.39005308479636985]",0,-1
6531,[0.48012635 0.62509358],90,2,"[0.4675886295436634, 0.6021765353351279]",0,88
6532,[0.22633648 0.42027223],22,23,"[0.2032497039719594, 0.393824370774819]",0,-1
6533,[0.61371852 0.8538907 ],72,82,"[0.6132420785222222, 0.8710652413331001]",0,-1
6534,[0.22429846 0.27814016],5,24,"[0.23531691667485555, 0.27209662123665185]",0,63
6535,[0.56877736 0.487704  ],13,29,"[0.5812618174713859, 0.5240123764686471]",0,-1
6536,[0.89091431 0.84837179],85,87,"[0.8925149589987491, 0.8617277435613537]",0,-1
6537,[0.71826137 0.50597215],49,53,"[0.6955018555560987, 0.5389599645427405]",0,-1
6538,[0.58599261 0.79527067],72,14,"[0.6208537257023621, 0.8045775614928529]",0,-1
6539,[0.17838727 0.79283208],31,69,"[0.18889864315739, 0.8195957758801673]",0,50
6540,[0.40207514 0.70650252],51,58,"[0.37887936110594184, 0.7334391897891285]",0,-1
6541,[0.6213888  0.84544652],93,82,"[0.6132420785222222, 0.8710652413331001]",0,-1
6542,[0.53564982 0.70838059],24,37,"[0.47348968360582744, 0.7125916710309903]",0,-1
6543,[0.50648906 0.84067004],78,18,"[0.527398606849523, 0.8662745321442044]",0,-1
6544,[0.78829805 0.41911048],83,15,"[0.7558016368645127, 0.4462797814247812]",0,-1
6545,[0.58085717 0.76216068],72,46,"[0.5435344637313357, 0.7795756563374607]",0,-1
6546,[0.62109996 0.59338538],74,9,"[0.6184830434267037, 0.586333469678524]",0,-1
6547,[0.2453537  0.76951921],59,11,"[0.22353793679767786, 0.7478364040140648]",0,-1
6548,[0.12853188 0.27445271],32,84,"[0.1433957510634753, 0.2579081432754369]",0,-1
6549,[0.81174719 0.50033975],3,13,"[0.843760744736157, 0.5166552078676889]",0,17
6550,[0.36510513 0.62479611],20,30,"[0.36820757824267275, 0.5891561499462349]",0,-1
6551,[0.38792617 0.36587251],38,6,"[0.40678448596985844, 0.34277371919698396]",0,89
6552,[0.20930751 0.52511333],17,44,"[0.1912270592870895, 0.5359549801185394]",0,-1
6553,[0.76909158 0.61422828],28,47,"[0.8091525442233867, 0.6013457413252116]",0,-1
6554,[0.86833875 0.75407631],21,85,"[0.8584098981619135, 0.7196353557924977]",0,-1
6555,[0.39780583 0.18722994],84,31,"[0.4191189173246286, 0.19329258812229377]",0,31
6556,[0.42445102 0.33969939],67,6,"[0.40678448596985844, 0.34277371919698396]",0,-1
6557,[0.27473068 0.27497002],58,24,"[0.23531691667485555, 0.27209662123665185]",0,-1
6558,[0.55833945 0.79976657],72,46,"[0.5435344637313357, 0.7795756563374607]",0,-1
6559,[0.25217939 0.16111621],5,52,"[0.2294764018471187, 0.143723856671554]",0,-1
6560,[0.2866889  0.35510893],81,19,"[0.2847353251184853, 0.39005308479636985]",0,-1
6561,[0.2227441  0.39897524],9,23,"[0.2032497039719594, 0.393824370774819]",0,73
6562,[0.45724276 0.12530802],33,74,"[0.4464145664830302, 0.11749079524673668]",0,-1
6563,[0.21642633 0.93434443],59,97,"[0.2279904617185373, 0.9146376924080816]",-1,-1
6564,[0.34840729 0.26255614],58,21,"[0.3571400957876323, 0.26942599959136726]",0,75
6565,[0.49734508 0.6326109 ],6,2,"[0.4675886295436634, 0.6021765353351279]",0,-1
6566,[0.14995402 0.43477136],26,51,"[0.1508950301577577, 0.45723062251398755]",0,-1
6567,[0.76871956 0.5631754 ],3,32,"[0.7786163905873836, 0.5211842185039978]",0,-1
6568,[0.33234892 0.88531901],78,67,"[0.37743107737986015, 0.883213849264441]",0,-1
6569,[0.68249367 0.18074638],95,70,"[0.6986975952159088, 0.16842470592263856]",0,-1
6570,[0.20423928 0.39512915],44,23,"[0.2032497039719594, 0.393824370774819]",0,-1
6571,[0.35300562 0.7417501 ],19,58,"[0.37887936110594184, 0.7334391897891285]",0,-1
6572,[0.84928428 0.60733754],27,59,"[0.8763268698051316, 0.579199170331017]",0,-1
6573,[0.25200504 0.23628612],58,24,"[0.23531691667485555, 0.27209662123665185]",0,65
6574,[0.53931286 0.38889521],67,73,"[0.5684491373659465, 0.3759776977620393]",0,-1
6575,[0.86214551 0.1761277 ],36,88,"[0.8567588921418147, 0.17457306337920828]",0,0
6576,[0.38464989 0.38311412],38,1,"[0.3572487842659222, 0.41922446128046986]",0,89
6577,[0.19026684 0.46321561],9,51,"[0.1508950301577577, 0.45723062251398755]",0,-1
6578,[0.81070633 0.58888863],99,47,"[0.8091525442233867, 0.6013457413252116]",0,8
6579,[0.40469261 0.39697214],55,17,"[0.4108830354862289, 0.4435508998593477]",0,89
6580,[0.40974213 0.67597629],90,0,"[0.4226395002574949, 0.6460584349087278]",0,88
6581,[0.17477595 0.73404643],65,43,"[0.15465866632935668, 0.7523522483084468]",0,-1
6582,[0.41962906 0.6731471 ],7,0,"[0.4226395002574949, 0.6460584349087278]",0,88
6583,[0.29397262 0.23414169],5,27,"[0.29001319373773415, 0.21087702736570366]",0,-1
6584,[0.23187278 0.71157413],65,11,"[0.22353793679767786, 0.7478364040140648]",0,-1
6585,[0.36076534 0.90120333],48,67,"[0.37743107737986015, 0.883213849264441]",0,-1
6586,[0.1890337  0.29114509],11,38,"[0.18350109397176653, 0.31916714902230253]",0,-1
6587,[0.69278907 0.16798332],89,70,"[0.6986975952159088, 0.16842470592263856]",0,-1
6588,[0.213474   0.79930369],31,69,"[0.18889864315739, 0.8195957758801673]",0,49
6589,[0.61878699 0.65623753],75,76,"[0.6483290776065068, 0.6569295539328516]",0,-1
6590,[0.21033196 0.38510398],44,23,"[0.2032497039719594, 0.393824370774819]",0,-1
6591,[0.59207089 0.52839792],77,29,"[0.5812618174713859, 0.5240123764686471]",0,-1
6592,[0.53047206 0.77308431],93,46,"[0.5435344637313357, 0.7795756563374607]",0,26
6593,[0.37640127 0.51522612],82,50,"[0.3898476181838421, 0.5216929572274273]",0,-1
6594,[0.71130751 0.22947331],95,55,"[0.7305076164562052, 0.2580112669411776]",0,3
6595,[0.81269745 0.50133859],3,13,"[0.843760744736157, 0.5166552078676889]",0,17
6596,[0.85831013 0.83465547],96,41,"[0.8492841799095646, 0.8019622424543851]",0,-1
6597,[0.24534573 0.29300206],11,24,"[0.23531691667485555, 0.27209662123665185]",0,-1
6598,[0.32245385 0.6691335 ],19,36,"[0.3536068858323266, 0.6613822308481206]",0,-1
6599,[0.59286683 0.8351554 ],79,82,"[0.6132420785222222, 0.8710652413331001]",0,-1
6600,[0.83829323 0.65851323],63,47,"[0.8091525442233867, 0.6013457413252116]",0,-1
6601,[0.58996371 0.70946923],75,57,"[0.6165364982648931, 0.7310583472769618]",0,-1
6602,[0.61061576 0.73862288],24,57,"[0.6165364982648931, 0.7310583472769618]",0,-1
6603,[0.2776175  0.46165697],81,28,"[0.2520846559803125, 0.4621952512240386]",0,-1
6604,[0.41174509 0.63958301],76,0,"[0.4226395002574949, 0.6460584349087278]",0,88
6605,[0.42827529 0.39930771],92,17,"[0.4108830354862289, 0.4435508998593477]",0,-1
6606,[0.44541704 0.76532158],56,16,"[0.45898902168994016, 0.8115000101692392]",0,-1
6607,[0.3565865 0.4002344],92,1,"[0.3572487842659222, 0.41922446128046986]",0,89
6608,[0.42112224 0.41045864],92,17,"[0.4108830354862289, 0.4435508998593477]",0,-1
6609,[0.78082206 0.28607692],36,66,"[0.8238364342627095, 0.2773691959806487]",0,-1
6610,[0.40142679 0.31853519],67,6,"[0.40678448596985844, 0.34277371919698396]",0,-1
6611,[0.26240236 0.18939662],10,27,"[0.29001319373773415, 0.21087702736570366]",0,-1
6612,[0.63557674 0.36189715],2,10,"[0.6398799516193626, 0.38844091859549007]",0,-1
6613,[0.65825476 0.40942967],40,10,"[0.6398799516193626, 0.38844091859549007]",0,21
6614,[0.57125223 0.43212707],34,68,"[0.6059400326152605, 0.4534475926518635]",0,-1
6615,[0.17677673 0.14376436],10,81,"[0.13426292668090453, 0.163935928071412]",0,-1
6616,[0.62489944 0.53703181],35,29,"[0.5812618174713859, 0.5240123764686471]",0,-1
6617,[0.19630286 0.49430449],97,44,"[0.1912270592870895, 0.5359549801185394]",0,-1
6618,[0.39921727 0.50100531],41,50,"[0.3898476181838421, 0.5216929572274273]",0,-1
6619,[0.1497302  0.17245565],45,81,"[0.13426292668090453, 0.163935928071412]",0,-1
6620,[0.30111086 0.37866069],14,19,"[0.2847353251184853, 0.39005308479636985]",0,-1
6621,[0.25887144 0.28119961],47,24,"[0.23531691667485555, 0.27209662123665185]",0,-1
6622,[0.34597195 0.28655892],1,21,"[0.3571400957876323, 0.26942599959136726]",0,75
6623,[0.37428503 0.36982555],42,6,"[0.40678448596985844, 0.34277371919698396]",0,89
6624,[0.77471117 0.65784691],99,72,"[0.7259305706267937, 0.621464812471517]",0,-1
6625,[0.85537315 0.51434854],27,13,"[0.843760744736157, 0.5166552078676889]",0,17
6626,[0.79320146 0.37827959],30,25,"[0.8211120104597844, 0.37574618786089475]",0,20
6627,[0.32227112 0.35039013],81,7,"[0.3321936611977011, 0.34293111744375654]",0,89
6628,[0.45315792 0.38518328],67,42,"[0.47090413605197745, 0.3706753216883814]",0,58
6629,[0.81161561 0.60849556],99,47,"[0.8091525442233867, 0.6013457413252116]",0,8
6630,[0.82289608 0.87791065],96,79,"[0.8263954992254994, 0.8681441505941476]",0,-1
6631,[0.83247307 0.55379862],27,13,"[0.843760744736157, 0.5166552078676889]",0,14
6632,[0.28558167 0.66658391],51,12,"[0.2822438507480652, 0.7105313788319401]",0,-1
6633,[0.44521092 0.23664255],52,34,"[0.47832967363307105, 0.25654673669797673]",0,-1
6634,[0.5528905  0.50617939],13,29,"[0.5812618174713859, 0.5240123764686471]",0,-1
6635,[0.41739119 0.66808685],76,0,"[0.4226395002574949, 0.6460584349087278]",0,88
6636,[0.44526871 0.19223666],73,31,"[0.4191189173246286, 0.19329258812229377]",0,-1
6637,[0.77002325 0.7348974 ],46,63,"[0.7856877410353075, 0.7534945903126699]",0,-1
6638,[0.64415407 0.20885706],89,35,"[0.6545605605339905, 0.22500987532438183]",0,6
6639,[0.6281802 0.316196 ],91,64,"[0.594073349455653, 0.28354489837534175]",0,-1
6640,[0.60064645 0.35265499],40,73,"[0.5684491373659465, 0.3759776977620393]",0,-1
6641,[0.39917057 0.59044839],76,30,"[0.36820757824267275, 0.5891561499462349]",0,88
6642,[0.64404509 0.33669358],86,3,"[0.6759399092328674, 0.32128183561871837]",0,-1
6643,[0.25401177 0.63383982],23,39,"[0.2596202559688416, 0.6257540185994204]",0,52
6644,[0.5534419  0.64440775],7,5,"[0.54876158375065, 0.6433749135954844]",0,-1
6645,[0.3521396  0.19792911],57,49,"[0.35418448506576955, 0.14329850428612353]",0,28
6646,[0.40060339 0.34001939],47,6,"[0.40678448596985844, 0.34277371919698396]",0,-1
6647,[0.56478984 0.55917129],49,20,"[0.5371890084085489, 0.5739528596094324]",0,-1
6648,[0.4221987  0.79644241],56,16,"[0.45898902168994016, 0.8115000101692392]",0,-1
6649,[0.64966647 0.8178505 ],72,14,"[0.6208537257023621, 0.8045775614928529]",0,-1
6650,[0.3217862  0.48143096],81,-1,-1,0,-1
6651,[0.84959251 0.74888512],21,85,"[0.8584098981619135, 0.7196353557924977]",0,-1
6652,[0.60006978 0.38440362],61,73,"[0.5684491373659465, 0.3759776977620393]",0,11
6653,[0.41927571 0.21011249],84,31,"[0.4191189173246286, 0.19329258812229377]",0,-1
6654,[0.61898728 0.23752641],89,35,"[0.6545605605339905, 0.22500987532438183]",0,-1
6655,[0.66816979 0.40531486],68,10,"[0.6398799516193626, 0.38844091859549007]",0,21
6656,[0.1216612  0.38732205],53,71,"[0.11481900251646894, 0.37559708088824]",0,-1
6657,[0.89115367 0.24799662],80,-1,-1,-1,-1
6658,[0.65383413 0.50410195],77,65,"[0.6636957553845171, 0.46135824588144125]",0,-1
6659,[0.7805948  0.58352916],99,47,"[0.8091525442233867, 0.6013457413252116]",0,-1
6660,[0.40677597 0.51310398],8,50,"[0.3898476181838421, 0.5216929572274273]",0,-1
6661,[0.38290804 0.67428846],82,36,"[0.3536068858323266, 0.6613822308481206]",0,-1
6662,[0.13063948 0.40207624],26,71,"[0.11481900251646894, 0.37559708088824]",0,-1
6663,[0.46582218 0.40770383],67,42,"[0.47090413605197745, 0.3706753216883814]",0,58
6664,[0.4165593  0.56015774],41,50,"[0.3898476181838421, 0.5216929572274273]",0,79
6665,[0.59736845 0.34816428],34,73,"[0.5684491373659465, 0.3759776977620393]",0,-1
6666,[0.44350786 0.65014907],6,0,"[0.4226395002574949, 0.6460584349087278]",0,88
6667,[0.33015718 0.85980617],48,67,"[0.37743107737986015, 0.883213849264441]",0,-1
6668,[0.82191683 0.53342083],3,13,"[0.843760744736157, 0.5166552078676889]",0,17
6669,[0.44482229 0.79869803],94,16,"[0.45898902168994016, 0.8115000101692392]",0,-1
6670,[0.62257522 0.83018133],79,14,"[0.6208537257023621, 0.8045775614928529]",0,-1
6671,[0.210342  0.4748375],26,28,"[0.2520846559803125, 0.4621952512240386]",0,60
6672,[0.69717115 0.55776297],35,53,"[0.6955018555560987, 0.5389599645427405]",0,-1
6673,[0.6073919  0.29958193],71,64,"[0.594073349455653, 0.28354489837534175]",0,-1
6674,[0.63504545 0.55881965],77,9,"[0.6184830434267037, 0.586333469678524]",0,-1
6675,[0.7000375  0.43599938],2,65,"[0.6636957553845171, 0.46135824588144125]",0,-1
6676,[0.88196589 0.44341881],43,62,"[0.8921140984845523, 0.4428581583396137]",0,-1
6677,[0.80084692 0.20064315],36,78,"[0.7951539755354653, 0.19004804298167233]",0,0
6678,[0.46625579 0.70803703],41,37,"[0.47348968360582744, 0.7125916710309903]",0,-1
6679,[0.38880896 0.29798874],25,21,"[0.3571400957876323, 0.26942599959136726]",0,-1
6680,[0.28403017 0.34151889],14,7,"[0.3321936611977011, 0.34293111744375654]",0,-1
6681,[0.64746085 0.4465879 ],40,65,"[0.6636957553845171, 0.46135824588144125]",0,-1
6682,[0.70290769 0.44510953],49,65,"[0.6636957553845171, 0.46135824588144125]",0,-1
6683,[0.43292708 0.72424356],94,37,"[0.47348968360582744, 0.7125916710309903]",0,-1
6684,[0.56938843 0.14511475],33,91,"[0.5747298360762695, 0.15930251145986343]",0,-1
6685,[0.83265074 0.75641595],62,85,"[0.8584098981619135, 0.7196353557924977]",0,-1
6686,[0.76182418 0.15691047],95,95,"[0.7517203864819665, 0.11417692930271928]",0,-1
6687,[0.34630838 0.37768351],42,7,"[0.3321936611977011, 0.34293111744375654]",0,-1
6688,[0.60205574 0.45680125],29,68,"[0.6059400326152605, 0.4534475926518635]",0,-1
6689,[0.34404654 0.77813252],48,54,"[0.36959478636682913, 0.8084550989826409]",0,-1
6690,[0.31730511 0.7990088 ],16,54,"[0.36959478636682913, 0.8084550989826409]",0,-1
6691,[0.38493806 0.69618998],18,58,"[0.37887936110594184, 0.7334391897891285]",0,-1
6692,[0.16792251 0.3974505 ],53,23,"[0.2032497039719594, 0.393824370774819]",0,69
6693,[0.26033128 0.74312818],65,11,"[0.22353793679767786, 0.7478364040140648]",0,56
6694,[0.7717518  0.79248695],46,48,"[0.7803433920128066, 0.8205948599681767]",0,-1
6695,[0.33001552 0.46355586],64,1,"[0.3572487842659222, 0.41922446128046986]",0,-1
6696,[0.36729931 0.16827315],57,49,"[0.35418448506576955, 0.14329850428612353]",0,28
6697,[0.86433874 0.42922647],30,62,"[0.8921140984845523, 0.4428581583396137]",0,-1
6698,[0.82300554 0.8622753 ],96,79,"[0.8263954992254994, 0.8681441505941476]",0,-1
6699,[0.26499272 0.79035592],59,26,"[0.2731213809151105, 0.8295374863795931]",0,-1
6700,[0.75860931 0.87820361],85,48,"[0.7803433920128066, 0.8205948599681767]",-1,-1
6701,[0.2228016  0.20694369],10,33,"[0.1898538969523832, 0.20289106741831933]",0,-1
6702,[0.69557019 0.34245252],2,3,"[0.6759399092328674, 0.32128183561871837]",0,-1
6703,[0.79020899 0.55183687],87,32,"[0.7786163905873836, 0.5211842185039978]",0,-1
6704,[0.90410572 0.53086734],63,92,"[0.9291777218511399, 0.5053403904093751]",0,-1
6705,[0.42867058 0.71155854],15,37,"[0.47348968360582744, 0.7125916710309903]",0,-1
6706,[0.40157868 0.41244015],92,17,"[0.4108830354862289, 0.4435508998593477]",0,89
6707,[0.48057624 0.86485605],93,18,"[0.527398606849523, 0.8662745321442044]",0,-1
6708,[0.51146769 0.57578496],13,20,"[0.5371890084085489, 0.5739528596094324]",0,88
6709,[0.35037091 0.29020771],47,21,"[0.3571400957876323, 0.26942599959136726]",0,75
6710,[0.30313512 0.18328068],58,27,"[0.29001319373773415, 0.21087702736570366]",0,-1
6711,[0.61867017 0.49545094],34,68,"[0.6059400326152605, 0.4534475926518635]",0,-1
6712,[0.4099776  0.64455444],82,0,"[0.4226395002574949, 0.6460584349087278]",0,88
6713,[0.53522526 0.85299526],60,18,"[0.527398606849523, 0.8662745321442044]",0,-1
6714,[0.53014258 0.6112329 ],41,5,"[0.54876158375065, 0.6433749135954844]",0,88
6715,[0.34357303 0.29476354],25,21,"[0.3571400957876323, 0.26942599959136726]",0,75
6716,[0.13341884 0.34460793],53,71,"[0.11481900251646894, 0.37559708088824]",0,-1
6717,[0.34044412 0.4666423 ],81,1,"[0.3572487842659222, 0.41922446128046986]",0,78
6718,[0.85668511 0.59355681],99,59,"[0.8763268698051316, 0.579199170331017]",0,-1
6719,[0.19602134 0.18689246],5,33,"[0.1898538969523832, 0.20289106741831933]",0,48
6720,[0.39411726 0.87052189],78,67,"[0.37743107737986015, 0.883213849264441]",0,-1
6721,[0.26149072 0.21163146],10,27,"[0.29001319373773415, 0.21087702736570366]",0,-1
6722,[0.18445149 0.59339507],97,80,"[0.15990270049190128, 0.5986117043755352]",0,-1
6723,[0.4159003  0.14438119],33,74,"[0.4464145664830302, 0.11749079524673668]",0,33
6724,[0.0842545  0.83775601],0,86,"[0.11333449837233942, 0.8035791769910723]",-1,-1
6725,[0.13162371 0.35936399],53,71,"[0.11481900251646894, 0.37559708088824]",0,-1
6726,[0.33804742 0.47197921],64,1,"[0.3572487842659222, 0.41922446128046986]",0,-1
6727,[0.2319019  0.09661946],45,52,"[0.2294764018471187, 0.143723856671554]",0,-1
6728,[0.20495877 0.22941886],5,33,"[0.1898538969523832, 0.20289106741831933]",0,-1
6729,[0.22803574 0.45620967],9,28,"[0.2520846559803125, 0.4621952512240386]",0,-1
6730,[0.35672029 0.37618129],1,7,"[0.3321936611977011, 0.34293111744375654]",0,89
6731,[0.11669137 0.38866826],26,71,"[0.11481900251646894, 0.37559708088824]",0,-1
6732,[0.37752428 0.59941822],90,30,"[0.36820757824267275, 0.5891561499462349]",0,-1
6733,[0.39106665 0.3820771 ],14,6,"[0.40678448596985844, 0.34277371919698396]",0,89
6734,[0.81740647 0.31199463],54,66,"[0.8238364342627095, 0.2773691959806487]",0,-1
6735,[0.67724963 0.22367157],89,35,"[0.6545605605339905, 0.22500987532438183]",0,5
6736,[0.37552044 0.7778952 ],78,54,"[0.36959478636682913, 0.8084550989826409]",0,23
6737,[0.62888305 0.74832593],70,57,"[0.6165364982648931, 0.7310583472769618]",0,36
6738,[0.69102452 0.69577576],46,60,"[0.7001338409322506, 0.7409401695756385]",0,-1
6739,[0.22633957 0.40552819],53,23,"[0.2032497039719594, 0.393824370774819]",0,73
6740,[0.25219603 0.17446206],10,52,"[0.2294764018471187, 0.143723856671554]",0,64
6741,[0.61330898 0.78034322],79,14,"[0.6208537257023621, 0.8045775614928529]",0,-1
6742,[0.66472856 0.63718188],49,76,"[0.6483290776065068, 0.6569295539328516]",0,-1
6743,[0.84928357 0.5578273 ],63,59,"[0.8763268698051316, 0.579199170331017]",0,-1
6744,[0.67939352 0.40861859],2,4,"[0.7100353299176262, 0.3875574879176719]",0,21
6745,[0.54049944 0.65397664],6,5,"[0.54876158375065, 0.6433749135954844]",0,-1
6746,[0.65483416 0.76077412],46,57,"[0.6165364982648931, 0.7310583472769618]",0,-1
6747,[0.91073825 0.36879942],30,83,"[0.8762199555116444, 0.3404048051239979]",0,-1
6748,[0.34708866 0.30159021],22,21,"[0.3571400957876323, 0.26942599959136726]",0,75
6749,[0.73744967 0.3556955 ],68,22,"[0.757272224425649, 0.33905999717339425]",0,-1
6750,[0.30453888 0.68191007],20,12,"[0.2822438507480652, 0.7105313788319401]",0,-1
6751,[0.52350806 0.83481335],93,18,"[0.527398606849523, 0.8662745321442044]",0,-1
6752,[0.81546416 0.48124973],83,8,"[0.8210079602672482, 0.4506152114933381]",0,17
6753,[0.84056578 0.7960933 ],62,41,"[0.8492841799095646, 0.8019622424543851]",0,13
6754,[0.47954123 0.87160186],60,18,"[0.527398606849523, 0.8662745321442044]",0,-1
6755,[0.61421062 0.19833815],88,61,"[0.5821749572804258, 0.2185848836493384]",0,-1
6756,[0.69786077 0.37694348],54,4,"[0.7100353299176262, 0.3875574879176719]",0,21
6757,[0.40897415 0.61480453],15,0,"[0.4226395002574949, 0.6460584349087278]",0,88
6758,[0.14213521 0.56678313],17,80,"[0.15990270049190128, 0.5986117043755352]",0,-1
6759,[0.45662182 0.62308392],76,2,"[0.4675886295436634, 0.6021765353351279]",0,88
6760,[0.32305407 0.38737279],81,19,"[0.2847353251184853, 0.39005308479636985]",0,89
6761,[0.86717647 0.58162957],63,59,"[0.8763268698051316, 0.579199170331017]",0,-1
6762,[0.33369815 0.23248718],47,21,"[0.3571400957876323, 0.26942599959136726]",0,-1
6763,[0.5555249  0.81037376],60,46,"[0.5435344637313357, 0.7795756563374607]",0,-1
6764,[0.72982581 0.76884092],46,60,"[0.7001338409322506, 0.7409401695756385]",0,-1
6765,[0.44132168 0.28669986],38,34,"[0.47832967363307105, 0.25654673669797673]",0,-1
6766,[0.57070329 0.27845787],52,64,"[0.594073349455653, 0.28354489837534175]",0,-1
6767,[0.81521279 0.46313199],87,8,"[0.8210079602672482, 0.4506152114933381]",0,17
6768,[0.53961466 0.89270068],72,18,"[0.527398606849523, 0.8662745321442044]",0,-1
6769,[0.29135601 0.33715376],81,7,"[0.3321936611977011, 0.34293111744375654]",0,-1
6770,[0.46744698 0.61193509],82,2,"[0.4675886295436634, 0.6021765353351279]",0,88
6771,[0.30385578 0.43867897],81,19,"[0.2847353251184853, 0.39005308479636985]",0,-1
6772,[0.66494787 0.38520531],2,10,"[0.6398799516193626, 0.38844091859549007]",0,21
6773,[0.21226164 0.79424389],59,69,"[0.18889864315739, 0.8195957758801673]",0,49
6774,[0.47053269 0.83290537],78,16,"[0.45898902168994016, 0.8115000101692392]",0,39
6775,[0.49539775 0.59717507],90,2,"[0.4675886295436634, 0.6021765353351279]",0,-1
6776,[0.48427468 0.62973434],20,2,"[0.4675886295436634, 0.6021765353351279]",0,88
6777,[0.27390485 0.69732964],18,12,"[0.2822438507480652, 0.7105313788319401]",0,54
6778,[0.65325477 0.38908374],34,10,"[0.6398799516193626, 0.38844091859549007]",0,21
6779,[0.41308488 0.53565282],69,50,"[0.3898476181838421, 0.5216929572274273]",0,-1
6780,[0.72651972 0.26580514],91,55,"[0.7305076164562052, 0.2580112669411776]",0,-1
6781,[0.4292036  0.65631767],75,0,"[0.4226395002574949, 0.6460584349087278]",0,88
6782,[0.26029788 0.28919557],47,24,"[0.23531691667485555, 0.27209662123665185]",0,-1
6783,[0.66568247 0.57686367],49,9,"[0.6184830434267037, 0.586333469678524]",0,-1
6784,[0.68274633 0.43568223],2,65,"[0.6636957553845171, 0.46135824588144125]",0,-1
6785,[0.36807446 0.50064468],8,50,"[0.3898476181838421, 0.5216929572274273]",0,-1
6786,[0.1898729 0.3431288],22,38,"[0.18350109397176653, 0.31916714902230253]",0,-1
6787,[0.78132675 0.80722195],46,48,"[0.7803433920128066, 0.8205948599681767]",0,-1
6788,[0.5905132  0.76191329],79,57,"[0.6165364982648931, 0.7310583472769618]",0,36
6789,[0.15333771 0.46713729],26,51,"[0.1508950301577577, 0.45723062251398755]",0,-1
6790,[0.71581164 0.61027278],35,72,"[0.7259305706267937, 0.621464812471517]",0,-1
6791,[0.72483477 0.36036645],68,4,"[0.7100353299176262, 0.3875574879176719]",0,21
6792,[0.54785287 0.83660061],93,18,"[0.527398606849523, 0.8662745321442044]",0,-1
6793,[0.79176567 0.39962181],54,25,"[0.8211120104597844, 0.37574618786089475]",0,-1
6794,[0.79777048 0.87148136],85,79,"[0.8263954992254994, 0.8681441505941476]",0,-1
6795,[0.1478353  0.53429556],97,77,"[0.10737865443478777, 0.5291217341624451]",0,44
6796,[0.4059351  0.62915319],20,0,"[0.4226395002574949, 0.6460584349087278]",0,88
6797,[0.28671691 0.73629926],16,12,"[0.2822438507480652, 0.7105313788319401]",0,-1
6798,[0.23967522 0.51228334],98,28,"[0.2520846559803125, 0.4621952512240386]",0,-1
6799,[0.42305995 0.72662992],94,58,"[0.37887936110594184, 0.7334391897891285]",0,-1
6800,[0.64846115 0.38604146],2,10,"[0.6398799516193626, 0.38844091859549007]",0,21
6801,[0.37581642 0.41671763],14,1,"[0.3572487842659222, 0.41922446128046986]",0,89
6802,[0.77151068 0.17163972],36,78,"[0.7951539755354653, 0.19004804298167233]",0,-1
6803,[0.62197677 0.22186103],88,35,"[0.6545605605339905, 0.22500987532438183]",0,6
6804,[0.58300933 0.61852209],74,5,"[0.54876158375065, 0.6433749135954844]",0,87
6805,[0.50634387 0.65988429],6,5,"[0.54876158375065, 0.6433749135954844]",0,-1
6806,[0.81297783 0.50693473],83,13,"[0.843760744736157, 0.5166552078676889]",0,17
6807,[0.65248952 0.83614585],24,14,"[0.6208537257023621, 0.8045775614928529]",0,-1
6808,[0.71197203 0.36483469],29,4,"[0.7100353299176262, 0.3875574879176719]",0,21
6809,[0.3309098 0.2581388],25,21,"[0.3571400957876323, 0.26942599959136726]",0,75
6810,[0.79067453 0.81777395],21,48,"[0.7803433920128066, 0.8205948599681767]",0,-1
6811,[0.30536885 0.79927363],31,26,"[0.2731213809151105, 0.8295374863795931]",0,46
6812,[0.18187778 0.18111866],32,33,"[0.1898538969523832, 0.20289106741831933]",0,48
6813,[0.32347801 0.66145795],51,36,"[0.3536068858323266, 0.6613822308481206]",0,-1
6814,[0.50318425 0.17540864],52,56,"[0.4908116515444846, 0.16632592191374188]",0,-1
6815,[0.67540102 0.80233132],24,14,"[0.6208537257023621, 0.8045775614928529]",0,-1
6816,[0.20638825 0.36178489],9,23,"[0.2032497039719594, 0.393824370774819]",0,62
6817,[0.71760177 0.22129952],95,55,"[0.7305076164562052, 0.2580112669411776]",0,3
6818,[0.25433415 0.63899722],17,39,"[0.2596202559688416, 0.6257540185994204]",0,52
6819,[0.44421974 0.85432518],78,16,"[0.45898902168994016, 0.8115000101692392]",0,-1
6820,[0.88203433 0.77273001],62,93,"[0.9128525281281048, 0.8015861505597924]",0,-1
6821,[0.42245515 0.61874982],20,0,"[0.4226395002574949, 0.6460584349087278]",0,88
6822,[0.26013861 0.88876277],48,97,"[0.2279904617185373, 0.9146376924080816]",0,-1
6823,[0.55779747 0.18445689],33,91,"[0.5747298360762695, 0.15930251145986343]",0,-1
6824,[0.80323068 0.83419272],62,48,"[0.7803433920128066, 0.8205948599681767]",0,13
6825,[0.30403488 0.30476   ],42,7,"[0.3321936611977011, 0.34293111744375654]",0,-1
6826,[0.44978109 0.37179026],67,42,"[0.47090413605197745, 0.3706753216883814]",0,-1
6827,[0.57890423 0.43115289],34,68,"[0.6059400326152605, 0.4534475926518635]",0,-1
6828,[0.77882889 0.35793466],54,22,"[0.757272224425649, 0.33905999717339425]",0,20
6829,[0.40330421 0.10875083],33,74,"[0.4464145664830302, 0.11749079524673668]",0,-1
6830,[0.30614883 0.44600265],42,28,"[0.2520846559803125, 0.4621952512240386]",0,-1
6831,[0.45399046 0.80094168],56,16,"[0.45898902168994016, 0.8115000101692392]",0,39
6832,[0.86588455 0.51360986],83,13,"[0.843760744736157, 0.5166552078676889]",0,17
6833,[0.75148238 0.49625223],28,32,"[0.7786163905873836, 0.5211842185039978]",0,-1
6834,[0.59857108 0.48570434],77,68,"[0.6059400326152605, 0.4534475926518635]",0,-1
6835,[0.76979717 0.44624639],83,15,"[0.7558016368645127, 0.4462797814247812]",0,17
6836,[0.75020165 0.47660845],3,15,"[0.7558016368645127, 0.4462797814247812]",0,-1
6837,[0.28038582 0.83414594],31,26,"[0.2731213809151105, 0.8295374863795931]",0,-1
6838,[0.2476879  0.65266874],23,39,"[0.2596202559688416, 0.6257540185994204]",0,52
6839,[0.65592258 0.27147244],86,35,"[0.6545605605339905, 0.22500987532438183]",0,-1
6840,[0.18789159 0.16418921],45,33,"[0.1898538969523832, 0.20289106741831933]",0,48
6841,[0.77952697 0.5205065 ],35,32,"[0.7786163905873836, 0.5211842185039978]",0,17
6842,[0.20051487 0.51123529],97,44,"[0.1912270592870895, 0.5359549801185394]",0,44
6843,[0.34175817 0.37199743],81,7,"[0.3321936611977011, 0.34293111744375654]",0,-1
6844,[0.82431418 0.50631107],87,13,"[0.843760744736157, 0.5166552078676889]",0,17
6845,[0.51277045 0.15086787],33,56,"[0.4908116515444846, 0.16632592191374188]",0,-1
6846,[0.5317504  0.86371886],60,18,"[0.527398606849523, 0.8662745321442044]",0,29
6847,[0.24805675 0.74329477],65,11,"[0.22353793679767786, 0.7478364040140648]",0,56
6848,[0.56308637 0.8856448 ],70,18,"[0.527398606849523, 0.8662745321442044]",0,-1
6849,[0.93140419 0.85203336],85,87,"[0.8925149589987491, 0.8617277435613537]",0,-1
6850,[0.6603175  0.50755309],87,65,"[0.6636957553845171, 0.46135824588144125]",0,-1
6851,[0.58071398 0.88762188],60,82,"[0.6132420785222222, 0.8710652413331001]",0,-1
6852,[0.37964566 0.58365727],82,30,"[0.36820757824267275, 0.5891561499462349]",0,-1
6853,[0.56823577 0.65930179],75,5,"[0.54876158375065, 0.6433749135954844]",0,88
6854,[0.24699807 0.50901999],9,28,"[0.2520846559803125, 0.4621952512240386]",0,-1
6855,[0.54683179 0.7667483 ],79,46,"[0.5435344637313357, 0.7795756563374607]",0,26
6856,[0.29817248 0.69237747],18,12,"[0.2822438507480652, 0.7105313788319401]",0,-1
6857,[0.25634818 0.38734946],9,19,"[0.2847353251184853, 0.39005308479636985]",0,-1
6858,[0.79300885 0.18796181],36,78,"[0.7951539755354653, 0.19004804298167233]",0,-1
6859,[0.29648848 0.18217984],10,27,"[0.29001319373773415, 0.21087702736570366]",0,-1
6860,[0.426719   0.61959855],76,0,"[0.4226395002574949, 0.6460584349087278]",0,88
6861,[0.60732932 0.83249502],72,14,"[0.6208537257023621, 0.8045775614928529]",0,41
6862,[0.50279739 0.52495094],7,40,"[0.4758590512403852, 0.5317248607280546]",0,-1
6863,[0.78235499 0.78634662],46,63,"[0.7856877410353075, 0.7534945903126699]",0,-1
6864,[0.31265329 0.36286286],42,7,"[0.3321936611977011, 0.34293111744375654]",0,-1
6865,[0.47868981 0.83869616],78,16,"[0.45898902168994016, 0.8115000101692392]",0,-1
6866,[0.78328145 0.37454536],66,25,"[0.8211120104597844, 0.37574618786089475]",0,20
6867,[0.43947673 0.85942692],78,16,"[0.45898902168994016, 0.8115000101692392]",0,-1
6868,[0.64860547 0.38930723],61,10,"[0.6398799516193626, 0.38844091859549007]",0,21
6869,[0.30938927 0.45180066],22,1,"[0.3572487842659222, 0.41922446128046986]",0,-1
6870,[0.72691888 0.48975235],28,15,"[0.7558016368645127, 0.4462797814247812]",0,-1
6871,[0.19380365 0.71965662],18,11,"[0.22353793679767786, 0.7478364040140648]",0,55
6872,[0.30029922 0.67408935],51,12,"[0.2822438507480652, 0.7105313788319401]",0,-1
6873,[0.38057804 0.80723999],48,54,"[0.36959478636682913, 0.8084550989826409]",0,-1
6874,[0.59526481 0.50737455],77,29,"[0.5812618174713859, 0.5240123764686471]",0,-1
6875,[0.41084851 0.66738144],76,0,"[0.4226395002574949, 0.6460584349087278]",0,88
6876,[0.79436471 0.17865305],36,78,"[0.7951539755354653, 0.19004804298167233]",0,-1
6877,[0.77676236 0.4380643 ],50,15,"[0.7558016368645127, 0.4462797814247812]",0,17
6878,[0.25991644 0.62740706],51,39,"[0.2596202559688416, 0.6257540185994204]",0,-1
6879,[0.62970353 0.6016739 ],75,9,"[0.6184830434267037, 0.586333469678524]",0,-1
6880,[0.79803511 0.55179621],27,32,"[0.7786163905873836, 0.5211842185039978]",0,-1
6881,[0.54249493 0.56791785],41,20,"[0.5371890084085489, 0.5739528596094324]",0,88
6882,[0.51181251 0.86599645],93,18,"[0.527398606849523, 0.8662745321442044]",0,-1
6883,[0.56527668 0.87703993],60,18,"[0.527398606849523, 0.8662745321442044]",0,-1
6884,[0.39242494 0.63156755],20,0,"[0.4226395002574949, 0.6460584349087278]",0,88
6885,[0.60068051 0.42060734],34,68,"[0.6059400326152605, 0.4534475926518635]",0,-1
6886,[0.49986008 0.08110014],33,99,"[0.5444828914688598, 0.07256639339212836]",0,-1
6887,[0.30650459 0.78854686],19,26,"[0.2731213809151105, 0.8295374863795931]",0,-1
6888,[0.12140241 0.67353322],23,90,"[0.11769418158886381, 0.6663972759552037]",0,-1
6889,[0.32746828 0.24837497],25,21,"[0.3571400957876323, 0.26942599959136726]",0,-1
6890,[0.1934108  0.37618876],53,23,"[0.2032497039719594, 0.393824370774819]",0,-1
6891,[0.40350142 0.86230796],78,67,"[0.37743107737986015, 0.883213849264441]",0,-1
6892,[0.16453124 0.69874367],39,45,"[0.19601325606017345, 0.667358514260268]",0,-1
6893,[0.81604222 0.85205113],96,79,"[0.8263954992254994, 0.8681441505941476]",0,-1
6894,[0.37693367 0.44152507],92,1,"[0.3572487842659222, 0.41922446128046986]",0,89
6895,[0.19953641 0.67711222],23,45,"[0.19601325606017345, 0.667358514260268]",0,-1
6896,[0.74838315 0.59223146],28,72,"[0.7259305706267937, 0.621464812471517]",0,-1
6897,[0.66289996 0.60890781],74,9,"[0.6184830434267037, 0.586333469678524]",0,-1
6898,[0.28868716 0.78683367],65,26,"[0.2731213809151105, 0.8295374863795931]",0,-1
6899,[0.8586779  0.77269469],96,41,"[0.8492841799095646, 0.8019622424543851]",0,10
6900,[0.75947331 0.29205507],91,55,"[0.7305076164562052, 0.2580112669411776]",0,-1
6901,[0.35495638 0.23737473],42,21,"[0.3571400957876323, 0.26942599959136726]",0,-1
6902,[0.43136644 0.64912671],76,0,"[0.4226395002574949, 0.6460584349087278]",0,88
6903,[0.13965052 0.76147081],0,43,"[0.15465866632935668, 0.7523522483084468]",0,51
6904,[0.66407037 0.28466236],71,3,"[0.6759399092328674, 0.32128183561871837]",0,-1
6905,[0.32533101 0.47391881],14,1,"[0.3572487842659222, 0.41922446128046986]",0,-1
6906,[0.45585575 0.60567574],82,2,"[0.4675886295436634, 0.6021765353351279]",0,88
6907,[0.36386194 0.64402103],90,36,"[0.3536068858323266, 0.6613822308481206]",0,-1
6908,[0.51990257 0.42453204],67,75,"[0.5172236746686562, 0.4443369127615434]",0,-1
6909,[0.5369154  0.66320411],13,5,"[0.54876158375065, 0.6433749135954844]",0,-1
6910,[0.53809259 0.74790565],72,46,"[0.5435344637313357, 0.7795756563374607]",0,-1
6911,[0.14394349 0.70950268],39,43,"[0.15465866632935668, 0.7523522483084468]",0,-1
6912,[0.72430539 0.22022827],95,55,"[0.7305076164562052, 0.2580112669411776]",0,-1
6913,[0.4325376  0.60044673],7,2,"[0.4675886295436634, 0.6021765353351279]",0,-1
6914,[0.54103975 0.7240008 ],75,46,"[0.5435344637313357, 0.7795756563374607]",0,-1
6915,[0.53216302 0.34219081],88,73,"[0.5684491373659465, 0.3759776977620393]",0,-1
6916,[0.46241458 0.5733972 ],76,2,"[0.4675886295436634, 0.6021765353351279]",0,88
6917,[0.45072612 0.32491285],55,6,"[0.40678448596985844, 0.34277371919698396]",0,-1
6918,[0.86458492 0.45394356],43,62,"[0.8921140984845523, 0.4428581583396137]",0,-1
6919,[0.85531206 0.91222375],85,96,"[0.8392361981886964, 0.9325288642954174]",0,-1
6920,[0.40901051 0.80029108],78,54,"[0.36959478636682913, 0.8084550989826409]",0,-1
6921,[0.49574234 0.68687949],94,37,"[0.47348968360582744, 0.7125916710309903]",0,-1
6922,[0.48791264 0.58317333],6,2,"[0.4675886295436634, 0.6021765353351279]",0,88
6923,[0.35459378 0.29815474],47,21,"[0.3571400957876323, 0.26942599959136726]",0,75
6924,[0.47735072 0.40752316],67,42,"[0.47090413605197745, 0.3706753216883814]",0,58
6925,[0.59422944 0.75298482],79,57,"[0.6165364982648931, 0.7310583472769618]",0,-1
6926,[0.52560356 0.83011962],93,18,"[0.527398606849523, 0.8662745321442044]",0,-1
6927,[0.19824737 0.57239045],97,44,"[0.1912270592870895, 0.5359549801185394]",0,-1
6928,[0.45324361 0.16908074],33,56,"[0.4908116515444846, 0.16632592191374188]",0,34
6929,[0.81666702 0.53676412],63,13,"[0.843760744736157, 0.5166552078676889]",0,17
6930,[0.79092519 0.61013889],63,47,"[0.8091525442233867, 0.6013457413252116]",0,-1
6931,[0.69235291 0.73722125],46,60,"[0.7001338409322506, 0.7409401695756385]",0,15
6932,[0.49525335 0.32330941],55,42,"[0.47090413605197745, 0.3706753216883814]",0,-1
6933,[0.85216524 0.8582898 ],96,79,"[0.8263954992254994, 0.8681441505941476]",0,-1
6934,[0.54504356 0.81477473],72,46,"[0.5435344637313357, 0.7795756563374607]",0,-1
6935,[0.2069497  0.53572491],97,44,"[0.1912270592870895, 0.5359549801185394]",0,44
6936,[0.31208483 0.60570918],20,39,"[0.2596202559688416, 0.6257540185994204]",0,-1
6937,[0.33827919 0.36796488],9,7,"[0.3321936611977011, 0.34293111744375654]",0,-1
6938,[0.22487742 0.41194768],53,23,"[0.2032497039719594, 0.393824370774819]",0,73
6939,[0.39521209 0.63049263],90,0,"[0.4226395002574949, 0.6460584349087278]",0,88
6940,[0.10968563 0.80723655],0,86,"[0.11333449837233942, 0.8035791769910723]",0,-1
6941,[0.21153988 0.61550561],23,39,"[0.2596202559688416, 0.6257540185994204]",0,-1
6942,[0.15840286 0.73048498],0,43,"[0.15465866632935668, 0.7523522483084468]",0,-1
6943,[0.48566073 0.20363538],84,56,"[0.4908116515444846, 0.16632592191374188]",0,-1
6944,[0.84515487 0.23605722],80,66,"[0.8238364342627095, 0.2773691959806487]",0,0
6945,[0.37425726 0.37192579],1,6,"[0.40678448596985844, 0.34277371919698396]",0,89
6946,[0.23959994 0.72492592],16,11,"[0.22353793679767786, 0.7478364040140648]",0,-1
6947,[0.77963921 0.51402532],27,32,"[0.7786163905873836, 0.5211842185039978]",0,17
6948,[0.79749854 0.445686  ],43,8,"[0.8210079602672482, 0.4506152114933381]",0,17
6949,[0.10966751 0.41409718],44,71,"[0.11481900251646894, 0.37559708088824]",0,-1
6950,[0.51728162 0.54465676],7,20,"[0.5371890084085489, 0.5739528596094324]",0,81
6951,[0.69887783 0.38486789],68,4,"[0.7100353299176262, 0.3875574879176719]",0,21
6952,[0.60702911 0.62695168],12,9,"[0.6184830434267037, 0.586333469678524]",0,-1
6953,[0.37934535 0.159986  ],57,49,"[0.35418448506576955, 0.14329850428612353]",0,-1
6954,[0.40422556 0.68247189],6,0,"[0.4226395002574949, 0.6460584349087278]",0,88
6955,[0.1940203  0.70945642],23,45,"[0.19601325606017345, 0.667358514260268]",0,-1
6956,[0.37946475 0.65506095],76,36,"[0.3536068858323266, 0.6613822308481206]",0,-1
6957,[0.39806991 0.36746621],64,6,"[0.40678448596985844, 0.34277371919698396]",0,89
6958,[0.61819624 0.21077534],89,61,"[0.5821749572804258, 0.2185848836493384]",0,6
6959,[0.66283045 0.50394702],49,65,"[0.6636957553845171, 0.46135824588144125]",0,-1
6960,[0.81170278 0.50887215],43,13,"[0.843760744736157, 0.5166552078676889]",0,17
6961,[0.54617437 0.76537757],60,46,"[0.5435344637313357, 0.7795756563374607]",0,26
6962,[0.82214101 0.83175296],62,79,"[0.8263954992254994, 0.8681441505941476]",0,13
6963,[0.8023293  0.51081359],87,32,"[0.7786163905873836, 0.5211842185039978]",0,-1
6964,[0.6203696  0.67107544],35,76,"[0.6483290776065068, 0.6569295539328516]",0,-1
6965,[0.5421415  0.37028114],67,73,"[0.5684491373659465, 0.3759776977620393]",0,-1
6966,[0.74849695 0.7374999 ],46,63,"[0.7856877410353075, 0.7534945903126699]",0,15
6967,[0.42625681 0.67982474],90,0,"[0.4226395002574949, 0.6460584349087278]",0,88
6968,[0.24484339 0.25372455],11,24,"[0.23531691667485555, 0.27209662123665185]",0,-1
6969,[0.4180892 0.7988403],94,16,"[0.45898902168994016, 0.8115000101692392]",0,-1
6970,[0.46478055 0.57281122],41,2,"[0.4675886295436634, 0.6021765353351279]",0,88
6971,[0.46613369 0.18806214],33,56,"[0.4908116515444846, 0.16632592191374188]",0,34
6972,[0.72067068 0.72182132],46,60,"[0.7001338409322506, 0.7409401695756385]",0,-1
6973,[0.75486315 0.49502305],87,32,"[0.7786163905873836, 0.5211842185039978]",0,-1
6974,[0.20432916 0.26839743],10,24,"[0.23531691667485555, 0.27209662123665185]",0,-1
6975,[0.75692639 0.35828679],68,22,"[0.757272224425649, 0.33905999717339425]",0,-1
6976,[0.43917457 0.45223511],92,17,"[0.4108830354862289, 0.4435508998593477]",0,-1
6977,[0.33935989 0.26605085],42,21,"[0.3571400957876323, 0.26942599959136726]",0,75
6978,[0.67462188 0.38599534],2,10,"[0.6398799516193626, 0.38844091859549007]",0,21
6979,[0.22248328 0.69550634],65,45,"[0.19601325606017345, 0.667358514260268]",0,53
6980,[0.834983   0.24476925],36,66,"[0.8238364342627095, 0.2773691959806487]",0,-1
6981,[0.51931873 0.54033041],69,20,"[0.5371890084085489, 0.5739528596094324]",0,81
6982,[0.4797133  0.10475746],33,74,"[0.4464145664830302, 0.11749079524673668]",0,-1
6983,[0.61519219 0.49324388],77,68,"[0.6059400326152605, 0.4534475926518635]",0,-1
6984,[0.36056562 0.27743701],42,21,"[0.3571400957876323, 0.26942599959136726]",0,-1
6985,[0.55032624 0.71637508],70,46,"[0.5435344637313357, 0.7795756563374607]",0,-1
6986,[0.70807213 0.37206952],68,4,"[0.7100353299176262, 0.3875574879176719]",0,21
6987,[0.53176611 0.56786982],74,20,"[0.5371890084085489, 0.5739528596094324]",0,-1
6988,[0.56286625 0.65268933],75,5,"[0.54876158375065, 0.6433749135954844]",0,88
6989,[0.58322505 0.64596836],74,5,"[0.54876158375065, 0.6433749135954844]",0,-1
6990,[0.84316654 0.43884717],43,8,"[0.8210079602672482, 0.4506152114933381]",0,17
6991,[0.81033071 0.77150737],96,63,"[0.7856877410353075, 0.7534945903126699]",0,-1
6992,[0.80091829 0.52544834],28,32,"[0.7786163905873836, 0.5211842185039978]",0,-1
6993,[0.63031369 0.25012787],86,35,"[0.6545605605339905, 0.22500987532438183]",0,-1
6994,[0.39661549 0.5282631 ],20,50,"[0.3898476181838421, 0.5216929572274273]",0,-1
6995,[0.75011766 0.15304133],95,95,"[0.7517203864819665, 0.11417692930271928]",0,-1
6996,[0.29948894 0.78896813],16,26,"[0.2731213809151105, 0.8295374863795931]",0,46
6997,[0.61596068 0.33249332],86,64,"[0.594073349455653, 0.28354489837534175]",0,-1
6998,[0.67399806 0.34965696],71,3,"[0.6759399092328674, 0.32128183561871837]",0,21
6999,[0.61538834 0.58749781],74,9,"[0.6184830434267037, 0.586333469678524]",0,87
7000,[0.36188188 0.31654211],42,7,"[0.3321936611977011, 0.34293111744375654]",0,-1
7001,[0.79450665 0.48960841],87,32,"[0.7786163905873836, 0.5211842185039978]",0,17
7002,[0.8648895 0.4799144],63,13,"[0.843760744736157, 0.5166552078676889]",0,-1
7003,[0.14545426 0.74118868],39,43,"[0.15465866632935668, 0.7523522483084468]",0,-1
7004,[0.86199394 0.45921869],43,62,"[0.8921140984845523, 0.4428581583396137]",0,17
7005,[0.19629673 0.41261575],26,23,"[0.2032497039719594, 0.393824370774819]",0,-1
7006,[0.14065552 0.68820054],51,90,"[0.11769418158886381, 0.6663972759552037]",0,-1
7007,[0.81850541 0.55338103],63,13,"[0.843760744736157, 0.5166552078676889]",0,14
7008,[0.51987752 0.67082964],75,5,"[0.54876158375065, 0.6433749135954844]",0,-1
7009,[0.81966106 0.44440804],50,8,"[0.8210079602672482, 0.4506152114933381]",0,17
7010,[0.24883041 0.18026198],10,52,"[0.2294764018471187, 0.143723856671554]",0,64
7011,[0.51228287 0.1709869 ],33,56,"[0.4908116515444846, 0.16632592191374188]",0,-1
7012,[0.1209018  0.31158017],11,84,"[0.1433957510634753, 0.2579081432754369]",0,-1
7013,[0.26082559 0.34108095],22,19,"[0.2847353251184853, 0.39005308479636985]",0,-1
7014,[0.49671239 0.57232626],90,20,"[0.5371890084085489, 0.5739528596094324]",0,88
7015,[0.90571934 0.73162826],21,85,"[0.8584098981619135, 0.7196353557924977]",-1,-1
7016,[0.62448925 0.61012875],49,9,"[0.6184830434267037, 0.586333469678524]",0,76
7017,[0.16838845 0.21576993],58,33,"[0.1898538969523832, 0.20289106741831933]",0,-1
7018,[0.33247061 0.14719605],57,49,"[0.35418448506576955, 0.14329850428612353]",0,-1
7019,[0.64440421 0.65883787],49,76,"[0.6483290776065068, 0.6569295539328516]",0,-1
7020,[0.68709875 0.57222597],35,53,"[0.6955018555560987, 0.5389599645427405]",0,-1
7021,[0.48088242 0.21848337],52,34,"[0.47832967363307105, 0.25654673669797673]",0,-1
7022,[0.54362545 0.56694641],12,20,"[0.5371890084085489, 0.5739528596094324]",0,88
7023,[0.69462353 0.79493591],70,60,"[0.7001338409322506, 0.7409401695756385]",0,-1
7024,[0.52678181 0.6491966 ],69,5,"[0.54876158375065, 0.6433749135954844]",0,-1
7025,[0.4082647  0.45728448],8,17,"[0.4108830354862289, 0.4435508998593477]",0,-1
7026,[0.81440293 0.75681281],96,63,"[0.7856877410353075, 0.7534945903126699]",0,-1
7027,[0.36346609 0.75334435],56,58,"[0.37887936110594184, 0.7334391897891285]",0,-1
7028,[0.86670617 0.36184353],43,83,"[0.8762199555116444, 0.3404048051239979]",0,-1
7029,[0.32328794 0.68093504],51,36,"[0.3536068858323266, 0.6613822308481206]",0,-1
7030,[0.25216791 0.4141957 ],9,19,"[0.2847353251184853, 0.39005308479636985]",0,74
7031,[0.31500642 0.3875008 ],14,19,"[0.2847353251184853, 0.39005308479636985]",0,89
7032,[0.67244172 0.30581956],91,3,"[0.6759399092328674, 0.32128183561871837]",0,-1
7033,[0.42783435 0.11244876],73,74,"[0.4464145664830302, 0.11749079524673668]",0,-1
7034,[0.06582084 0.44664827],26,-1,-1,-1,-1
7035,[0.08877569 0.56118517],17,77,"[0.10737865443478777, 0.5291217341624451]",0,-1
7036,[0.41890088 0.77398101],56,16,"[0.45898902168994016, 0.8115000101692392]",0,-1
7037,[0.66984461 0.16897752],95,70,"[0.6986975952159088, 0.16842470592263856]",0,-1
7038,[0.51586116 0.76046359],72,46,"[0.5435344637313357, 0.7795756563374607]",0,-1
7039,[0.22325067 0.79646671],31,69,"[0.18889864315739, 0.8195957758801673]",0,49
7040,[0.78719385 0.85383798],62,48,"[0.7803433920128066, 0.8205948599681767]",0,-1
7041,[0.5653289 0.6301616],13,5,"[0.54876158375065, 0.6433749135954844]",0,88
7042,[0.22209438 0.27352303],5,24,"[0.23531691667485555, 0.27209662123665185]",0,63
7043,[0.42940375 0.82274878],78,16,"[0.45898902168994016, 0.8115000101692392]",0,-1
7044,[0.71465033 0.19139253],95,70,"[0.6986975952159088, 0.16842470592263856]",0,-1
7045,[0.81194136 0.50467238],30,13,"[0.843760744736157, 0.5166552078676889]",0,17
7046,[0.26519542 0.74848332],31,12,"[0.2822438507480652, 0.7105313788319401]",0,56
7047,[0.75546578 0.34895468],91,22,"[0.757272224425649, 0.33905999717339425]",0,-1
7048,[0.63941103 0.34721866],71,10,"[0.6398799516193626, 0.38844091859549007]",0,19
7049,[0.63526141 0.38957179],61,10,"[0.6398799516193626, 0.38844091859549007]",0,21
7050,[0.38104623 0.35293666],38,6,"[0.40678448596985844, 0.34277371919698396]",0,89
7051,[0.15439357 0.34103393],11,38,"[0.18350109397176653, 0.31916714902230253]",0,-1
7052,[0.37559486 0.83628733],78,54,"[0.36959478636682913, 0.8084550989826409]",0,-1
7053,[0.5239038  0.84282522],93,18,"[0.527398606849523, 0.8662745321442044]",0,37
7054,[0.4608996  0.83141754],56,16,"[0.45898902168994016, 0.8115000101692392]",0,39
7055,[0.25175105 0.42307517],9,28,"[0.2520846559803125, 0.4621952512240386]",0,74
7056,[0.31478076 0.38702507],22,19,"[0.2847353251184853, 0.39005308479636985]",0,89
7057,[0.5691438  0.23242829],88,61,"[0.5821749572804258, 0.2185848836493384]",0,7
7058,[0.46265758 0.57551947],7,2,"[0.4675886295436634, 0.6021765353351279]",0,88
7059,[0.34477342 0.38637204],42,1,"[0.3572487842659222, 0.41922446128046986]",0,89
7060,[0.07348652 0.73473261],39,94,"[0.08336279277630905, 0.7423055088738316]",-1,-1
7061,[0.29882857 0.59885374],51,39,"[0.2596202559688416, 0.6257540185994204]",0,-1
7062,[0.30610212 0.28511341],47,21,"[0.3571400957876323, 0.26942599959136726]",0,-1
7063,[0.56681845 0.60121046],74,20,"[0.5371890084085489, 0.5739528596094324]",0,-1
7064,[0.44638731 0.30493297],55,6,"[0.40678448596985844, 0.34277371919698396]",0,-1
7065,[0.79468729 0.57035115],27,47,"[0.8091525442233867, 0.6013457413252116]",0,8
7066,[0.82853033 0.84375458],21,79,"[0.8263954992254994, 0.8681441505941476]",0,13
7067,[0.52911301 0.7445295 ],72,46,"[0.5435344637313357, 0.7795756563374607]",0,-1
7068,[0.45259873 0.60377005],82,2,"[0.4675886295436634, 0.6021765353351279]",0,88
7069,[0.45351086 0.57752279],41,2,"[0.4675886295436634, 0.6021765353351279]",0,88
7070,[0.45029808 0.49295858],8,40,"[0.4758590512403852, 0.5317248607280546]",0,-1
7071,[0.15264307 0.25000735],11,84,"[0.1433957510634753, 0.2579081432754369]",0,-1
7072,[0.75447492 0.33351176],54,22,"[0.757272224425649, 0.33905999717339425]",0,-1
7073,[0.50134008 0.88531859],93,18,"[0.527398606849523, 0.8662745321442044]",0,-1
7074,[0.36928555 0.24769619],25,21,"[0.3571400957876323, 0.26942599959136726]",0,-1
7075,[0.43385998 0.36513733],42,6,"[0.40678448596985844, 0.34277371919698396]",0,-1
7076,[0.63923407 0.38934291],61,10,"[0.6398799516193626, 0.38844091859549007]",0,21
7077,[0.87390376 0.17050795],36,88,"[0.8567588921418147, 0.17457306337920828]",0,-1
7078,[0.28802498 0.65817831],18,39,"[0.2596202559688416, 0.6257540185994204]",0,-1
7079,[0.38934406 0.58696187],7,30,"[0.36820757824267275, 0.5891561499462349]",0,88
7080,[0.54903185 0.53951501],37,29,"[0.5812618174713859, 0.5240123764686471]",0,-1
7081,[0.60857225 0.87333276],60,82,"[0.6132420785222222, 0.8710652413331001]",0,-1
7082,[0.31925237 0.83053911],31,26,"[0.2731213809151105, 0.8295374863795931]",0,-1
7083,[0.26864799 0.40953689],1,19,"[0.2847353251184853, 0.39005308479636985]",0,-1
7084,[0.33827766 0.47884484],92,1,"[0.3572487842659222, 0.41922446128046986]",0,-1
7085,[0.22176065 0.16871091],10,52,"[0.2294764018471187, 0.143723856671554]",0,-1
7086,[0.63386589 0.46539637],34,65,"[0.6636957553845171, 0.46135824588144125]",0,-1
7087,[0.29435693 0.35140363],42,7,"[0.3321936611977011, 0.34293111744375654]",0,-1
7088,[0.46227888 0.61489068],69,2,"[0.4675886295436634, 0.6021765353351279]",0,88
7089,[0.23236087 0.64493863],23,39,"[0.2596202559688416, 0.6257540185994204]",0,-1
7090,[0.84105611 0.83434114],85,41,"[0.8492841799095646, 0.8019622424543851]",0,13
7091,[0.17443289 0.34879914],44,38,"[0.18350109397176653, 0.31916714902230253]",0,-1
7092,[0.36403377 0.63697393],18,36,"[0.3536068858323266, 0.6613822308481206]",0,-1
7093,[0.49466027 0.68235504],75,37,"[0.47348968360582744, 0.7125916710309903]",0,-1
7094,[0.37744766 0.50261422],9,50,"[0.3898476181838421, 0.5216929572274273]",0,-1
7095,[0.47469461 0.29139482],55,34,"[0.47832967363307105, 0.25654673669797673]",0,-1
7096,[0.29608972 0.36320273],53,19,"[0.2847353251184853, 0.39005308479636985]",0,-1
7097,[0.60998114 0.59051694],74,9,"[0.6184830434267037, 0.586333469678524]",0,87
7098,[0.33870472 0.38988739],81,1,"[0.3572487842659222, 0.41922446128046986]",0,-1
7099,[0.18957091 0.56272652],17,44,"[0.1912270592870895, 0.5359549801185394]",0,-1
7100,[0.40051671 0.59273198],76,30,"[0.36820757824267275, 0.5891561499462349]",0,88
7101,[0.48482268 0.5174253 ],7,40,"[0.4758590512403852, 0.5317248607280546]",0,-1
7102,[0.54886567 0.72260628],70,46,"[0.5435344637313357, 0.7795756563374607]",0,-1
7103,[0.22020459 0.40340222],44,23,"[0.2032497039719594, 0.393824370774819]",0,-1
7104,[0.69296683 0.1722961 ],89,70,"[0.6986975952159088, 0.16842470592263856]",0,-1
7105,[0.85530549 0.79983057],96,41,"[0.8492841799095646, 0.8019622424543851]",0,-1
7106,[0.27055986 0.37824283],22,19,"[0.2847353251184853, 0.39005308479636985]",0,-1
7107,[0.38205952 0.28520945],25,21,"[0.3571400957876323, 0.26942599959136726]",0,-1
7108,[0.42125815 0.36799433],67,6,"[0.40678448596985844, 0.34277371919698396]",0,-1
7109,[0.7075227 0.3904692],68,4,"[0.7100353299176262, 0.3875574879176719]",0,21
7110,[0.77141715 0.80325464],21,48,"[0.7803433920128066, 0.8205948599681767]",0,12
7111,[0.16012393 0.78462427],0,43,"[0.15465866632935668, 0.7523522483084468]",0,51
7112,[0.19579194 0.38632783],26,23,"[0.2032497039719594, 0.393824370774819]",0,-1
7113,[0.42029834 0.73098505],56,58,"[0.37887936110594184, 0.7334391897891285]",0,-1
7114,[0.63847953 0.78162272],24,14,"[0.6208537257023621, 0.8045775614928529]",0,36
7115,[0.30727278 0.34584472],47,7,"[0.3321936611977011, 0.34293111744375654]",0,-1
7116,[0.82921579 0.83630389],96,79,"[0.8263954992254994, 0.8681441505941476]",0,13
7117,[0.31697764 0.28885091],81,21,"[0.3571400957876323, 0.26942599959136726]",0,75
7118,[0.83813167 0.49973817],83,13,"[0.843760744736157, 0.5166552078676889]",0,17
7119,[0.91552567 0.29137981],80,83,"[0.8762199555116444, 0.3404048051239979]",-1,-1
7120,[0.63537548 0.46052594],61,65,"[0.6636957553845171, 0.46135824588144125]",0,-1
7121,[0.6347951  0.84595401],79,82,"[0.6132420785222222, 0.8710652413331001]",0,-1
7122,[0.54343599 0.40322742],34,73,"[0.5684491373659465, 0.3759776977620393]",0,-1
7123,[0.27805564 0.62786607],51,39,"[0.2596202559688416, 0.6257540185994204]",0,-1
7124,[0.15475006 0.76346614],39,43,"[0.15465866632935668, 0.7523522483084468]",0,51
7125,[0.23640277 0.66111657],23,45,"[0.19601325606017345, 0.667358514260268]",0,52
7126,[0.57758728 0.23072065],88,61,"[0.5821749572804258, 0.2185848836493384]",0,7
7127,[0.20183913 0.27961037],11,24,"[0.23531691667485555, 0.27209662123665185]",0,63
7128,[0.72284042 0.30941818],91,22,"[0.757272224425649, 0.33905999717339425]",0,-1
7129,[0.63538815 0.29576808],40,64,"[0.594073349455653, 0.28354489837534175]",0,4
7130,[0.17415657 0.17255151],45,33,"[0.1898538969523832, 0.20289106741831933]",0,48
7131,[0.67664869 0.27554314],71,3,"[0.6759399092328674, 0.32128183561871837]",0,-1
7132,[0.89633395 0.48581055],43,92,"[0.9291777218511399, 0.5053403904093751]",0,-1
7133,[0.58760316 0.52152212],77,29,"[0.5812618174713859, 0.5240123764686471]",0,-1
7134,[0.54039578 0.78256647],93,46,"[0.5435344637313357, 0.7795756563374607]",0,26
7135,[0.16455558 0.53305458],98,44,"[0.1912270592870895, 0.5359549801185394]",0,44
7136,[0.20615194 0.79925698],0,69,"[0.18889864315739, 0.8195957758801673]",0,-1
7137,[0.52948957 0.5406508 ],77,20,"[0.5371890084085489, 0.5739528596094324]",0,81
7138,[0.4532973  0.60830338],90,2,"[0.4675886295436634, 0.6021765353351279]",0,88
7139,[0.44294773 0.16864654],84,31,"[0.4191189173246286, 0.19329258812229377]",0,34
7140,[0.62735998 0.43598607],40,68,"[0.6059400326152605, 0.4534475926518635]",0,-1
7141,[0.87424582 0.53936739],99,13,"[0.843760744736157, 0.5166552078676889]",0,-1
7142,[0.43342739 0.19978174],52,31,"[0.4191189173246286, 0.19329258812229377]",0,35
7143,[0.40718505 0.63541587],15,0,"[0.4226395002574949, 0.6460584349087278]",0,88
7144,[0.39002431 0.6414836 ],90,0,"[0.4226395002574949, 0.6460584349087278]",0,-1
7145,[0.42324239 0.84377192],93,16,"[0.45898902168994016, 0.8115000101692392]",0,25
7146,[0.62239409 0.7505047 ],79,57,"[0.6165364982648931, 0.7310583472769618]",0,36
7147,[0.6823697  0.19134635],95,70,"[0.6986975952159088, 0.16842470592263856]",0,5
7148,[0.59030409 0.79668913],72,14,"[0.6208537257023621, 0.8045775614928529]",0,-1
7149,[0.36791763 0.37393625],14,1,"[0.3572487842659222, 0.41922446128046986]",0,89
7150,[0.81147756 0.84468304],21,79,"[0.8263954992254994, 0.8681441505941476]",0,13
7151,[0.46794348 0.08932673],33,74,"[0.4464145664830302, 0.11749079524673668]",0,-1
7152,[0.20727345 0.73538247],65,11,"[0.22353793679767786, 0.7478364040140648]",0,-1
7153,[0.85785387 0.56497043],27,59,"[0.8763268698051316, 0.579199170331017]",0,16
7154,[0.77923102 0.80388991],85,48,"[0.7803433920128066, 0.8205948599681767]",0,-1
7155,[0.64700472 0.76647438],46,14,"[0.6208537257023621, 0.8045775614928529]",0,36
7156,[0.7513517  0.45107168],2,15,"[0.7558016368645127, 0.4462797814247812]",0,-1
7157,[0.84579098 0.10731652],36,88,"[0.8567588921418147, 0.17457306337920828]",-1,-1
7158,[0.31422863 0.20003462],57,27,"[0.29001319373773415, 0.21087702736570366]",0,-1
7159,[0.46353267 0.31571325],55,42,"[0.47090413605197745, 0.3706753216883814]",0,-1
7160,[0.42163333 0.73303577],56,58,"[0.37887936110594184, 0.7334391897891285]",0,-1
7161,[0.55604424 0.87003881],79,18,"[0.527398606849523, 0.8662745321442044]",0,29
7162,[0.40178598 0.72274206],19,58,"[0.37887936110594184, 0.7334391897891285]",0,-1
7163,[0.11252727 0.21625571],45,84,"[0.1433957510634753, 0.2579081432754369]",0,-1
7164,[0.21537926 0.89954891],59,97,"[0.2279904617185373, 0.9146376924080816]",-1,-1
7165,[0.87743128 0.34441674],80,83,"[0.8762199555116444, 0.3404048051239979]",0,-1
7166,[0.34985579 0.5621126 ],20,30,"[0.36820757824267275, 0.5891561499462349]",0,-1
7167,[0.1973059 0.3014961],53,38,"[0.18350109397176653, 0.31916714902230253]",0,61
7168,[0.3593424  0.34308641],47,7,"[0.3321936611977011, 0.34293111744375654]",0,89
7169,[0.83073453 0.3907803 ],66,25,"[0.8211120104597844, 0.37574618786089475]",0,17
7170,[0.34657235 0.85176308],48,67,"[0.37743107737986015, 0.883213849264441]",0,-1
7171,[0.78327413 0.51433626],83,32,"[0.7786163905873836, 0.5211842185039978]",0,17
7172,[0.7856163  0.58175979],28,47,"[0.8091525442233867, 0.6013457413252116]",0,-1
7173,[0.33295936 0.42956819],81,1,"[0.3572487842659222, 0.41922446128046986]",0,86
7174,[0.84535714 0.6044331 ],99,47,"[0.8091525442233867, 0.6013457413252116]",0,-1
7175,[0.70615715 0.40074623],2,4,"[0.7100353299176262, 0.3875574879176719]",0,21
7176,[0.16564403 0.53559459],98,44,"[0.1912270592870895, 0.5359549801185394]",0,44
7177,[0.57556638 0.22158895],88,61,"[0.5821749572804258, 0.2185848836493384]",0,7
7178,[0.62805128 0.53726511],37,29,"[0.5812618174713859, 0.5240123764686471]",0,-1
7179,[0.64765976 0.37604249],61,10,"[0.6398799516193626, 0.38844091859549007]",0,-1
7180,[0.20295396 0.30944682],11,38,"[0.18350109397176653, 0.31916714902230253]",0,61
7181,[0.8285791  0.19219345],36,88,"[0.8567588921418147, 0.17457306337920828]",0,0
7182,[0.49746986 0.64627417],6,5,"[0.54876158375065, 0.6433749135954844]",0,85
7183,[0.27992904 0.43364346],9,28,"[0.2520846559803125, 0.4621952512240386]",0,-1
7184,[0.21165525 0.18799603],10,33,"[0.1898538969523832, 0.20289106741831933]",0,-1
7185,[0.39346548 0.33256059],38,6,"[0.40678448596985844, 0.34277371919698396]",0,-1
7186,[0.41535646 0.37337408],47,6,"[0.40678448596985844, 0.34277371919698396]",0,-1
7187,[0.34527158 0.27791796],57,21,"[0.3571400957876323, 0.26942599959136726]",0,75
7188,[0.3048284  0.33307251],47,7,"[0.3321936611977011, 0.34293111744375654]",0,-1
7189,[0.48873118 0.69011363],75,37,"[0.47348968360582744, 0.7125916710309903]",0,-1
7190,[0.40917006 0.47617306],64,17,"[0.4108830354862289, 0.4435508998593477]",0,80
7191,[0.4464982  0.86250264],78,16,"[0.45898902168994016, 0.8115000101692392]",0,-1
7192,[0.79581397 0.33153598],80,22,"[0.757272224425649, 0.33905999717339425]",0,-1
7193,[0.677056   0.52479108],35,53,"[0.6955018555560987, 0.5389599645427405]",0,-1
7194,[0.19458457 0.35460329],44,38,"[0.18350109397176653, 0.31916714902230253]",0,62
7195,[0.40150936 0.42773217],38,17,"[0.4108830354862289, 0.4435508998593477]",0,82
7196,[0.7937114  0.90001882],96,79,"[0.8263954992254994, 0.8681441505941476]",0,-1
7197,[0.39456182 0.20002732],52,31,"[0.4191189173246286, 0.19329258812229377]",0,31
7198,[0.45568345 0.14935092],84,74,"[0.4464145664830302, 0.11749079524673668]",0,-1
7199,[0.48812424 0.28181003],52,34,"[0.47832967363307105, 0.25654673669797673]",0,27
7200,[0.5073592  0.66460514],90,5,"[0.54876158375065, 0.6433749135954844]",0,-1
7201,[0.19166981 0.39542641],26,23,"[0.2032497039719594, 0.393824370774819]",0,72
7202,[0.58375777 0.62430149],35,5,"[0.54876158375065, 0.6433749135954844]",0,87
7203,[0.61165283 0.59204388],74,9,"[0.6184830434267037, 0.586333469678524]",0,87
7204,[0.49229671 0.70877053],94,37,"[0.47348968360582744, 0.7125916710309903]",0,-1
7205,[0.13494044 0.49566711],26,51,"[0.1508950301577577, 0.45723062251398755]",0,-1
7206,[0.87838508 0.41392781],30,62,"[0.8921140984845523, 0.4428581583396137]",0,-1
7207,[0.44327927 0.13706272],84,74,"[0.4464145664830302, 0.11749079524673668]",0,-1
7208,[0.28935672 0.10289934],57,98,"[0.3113890783178001, 0.057273366575225935]",0,-1
7209,[0.23684925 0.8270517 ],59,26,"[0.2731213809151105, 0.8295374863795931]",0,-1
7210,[0.72672139 0.49860972],40,53,"[0.6955018555560987, 0.5389599645427405]",0,-1
7211,[0.56128814 0.58811409],69,20,"[0.5371890084085489, 0.5739528596094324]",0,88
7212,[0.42490604 0.84134026],78,16,"[0.45898902168994016, 0.8115000101692392]",0,25
7213,[0.62524459 0.55266434],35,9,"[0.6184830434267037, 0.586333469678524]",0,-1
7214,[0.6901256  0.41834629],29,4,"[0.7100353299176262, 0.3875574879176719]",0,21
7215,[0.88453224 0.52306887],30,13,"[0.843760744736157, 0.5166552078676889]",0,-1
7216,[0.53328478 0.62141426],69,5,"[0.54876158375065, 0.6433749135954844]",0,88
7217,[0.19174527 0.42914027],44,23,"[0.2032497039719594, 0.393824370774819]",0,70
7218,[0.30247356 0.84489664],31,26,"[0.2731213809151105, 0.8295374863795931]",0,-1
7219,[0.28365274 0.50923416],9,28,"[0.2520846559803125, 0.4621952512240386]",0,-1
7220,[0.38853433 0.40503809],81,1,"[0.3572487842659222, 0.41922446128046986]",0,-1
7221,[0.17986553 0.55134541],17,44,"[0.1912270592870895, 0.5359549801185394]",0,-1
7222,[0.56865211 0.48866881],29,29,"[0.5812618174713859, 0.5240123764686471]",0,-1
7223,[0.18253449 0.65982981],23,45,"[0.19601325606017345, 0.667358514260268]",0,-1
7224,[0.26132139 0.14301362],10,52,"[0.2294764018471187, 0.143723856671554]",0,-1
7225,[0.29952486 0.24665269],58,27,"[0.29001319373773415, 0.21087702736570366]",0,-1
7226,[0.78208869 0.89751007],85,79,"[0.8263954992254994, 0.8681441505941476]",0,-1
7227,[0.79357484 0.57946048],83,47,"[0.8091525442233867, 0.6013457413252116]",0,8
7228,[0.44314011 0.60727918],41,2,"[0.4675886295436634, 0.6021765353351279]",0,-1
7229,[0.84382092 0.49484742],83,13,"[0.843760744736157, 0.5166552078676889]",0,17
7230,[0.29000102 0.41671261],1,19,"[0.2847353251184853, 0.39005308479636985]",0,-1
7231,[0.66196316 0.41036019],68,10,"[0.6398799516193626, 0.38844091859549007]",0,21
7232,[0.72765074 0.49569443],3,53,"[0.6955018555560987, 0.5389599645427405]",0,-1
7233,[0.80576352 0.51253763],87,32,"[0.7786163905873836, 0.5211842185039978]",0,17
7234,[0.72790332 0.75026186],46,60,"[0.7001338409322506, 0.7409401695756385]",0,-1
7235,[0.43961984 0.86453438],93,16,"[0.45898902168994016, 0.8115000101692392]",0,-1
7236,[0.32425129 0.65627792],19,36,"[0.3536068858323266, 0.6613822308481206]",0,-1
7237,[0.17655218 0.42824798],53,51,"[0.1508950301577577, 0.45723062251398755]",0,-1
7238,[0.85608014 0.33743744],30,83,"[0.8762199555116444, 0.3404048051239979]",0,-1
7239,[0.45660893 0.29350781],52,34,"[0.47832967363307105, 0.25654673669797673]",0,-1
7240,[0.77378267 0.26371908],91,55,"[0.7305076164562052, 0.2580112669411776]",0,1
7241,[0.67112465 0.42499292],40,65,"[0.6636957553845171, 0.46135824588144125]",0,-1
7242,[0.80566998 0.71738887],21,63,"[0.7856877410353075, 0.7534945903126699]",0,-1
7243,[0.69074239 0.35982726],71,4,"[0.7100353299176262, 0.3875574879176719]",0,21
7244,[0.36850904 0.81435775],59,54,"[0.36959478636682913, 0.8084550989826409]",0,-1
7245,[0.2241557  0.57342901],17,44,"[0.1912270592870895, 0.5359549801185394]",0,-1
7246,[0.352823   0.41513262],92,1,"[0.3572487842659222, 0.41922446128046986]",0,-1
7247,[0.60646811 0.54251083],74,29,"[0.5812618174713859, 0.5240123764686471]",0,-1
7248,[0.40582292 0.37267745],38,6,"[0.40678448596985844, 0.34277371919698396]",0,89
7249,[0.19758446 0.72588025],65,11,"[0.22353793679767786, 0.7478364040140648]",0,55
7250,[0.4462461  0.17087472],84,31,"[0.4191189173246286, 0.19329258812229377]",0,34
7251,[0.27893547 0.81004595],31,26,"[0.2731213809151105, 0.8295374863795931]",0,-1
7252,[0.29905953 0.36783021],81,19,"[0.2847353251184853, 0.39005308479636985]",0,-1
7253,[0.22689859 0.38885071],5,23,"[0.2032497039719594, 0.393824370774819]",0,73
7254,[0.39279004 0.5822656 ],76,30,"[0.36820757824267275, 0.5891561499462349]",0,88
7255,[0.42965329 0.62304789],76,0,"[0.4226395002574949, 0.6460584349087278]",0,88
7256,[0.23534165 0.44295325],9,28,"[0.2520846559803125, 0.4621952512240386]",0,-1
7257,[0.42773044 0.60917535],15,0,"[0.4226395002574949, 0.6460584349087278]",0,-1
7258,[0.42759079 0.19379438],84,31,"[0.4191189173246286, 0.19329258812229377]",0,35
7259,[0.88879592 0.76824441],96,93,"[0.9128525281281048, 0.8015861505597924]",0,-1
7260,[0.16147234 0.37350669],44,23,"[0.2032497039719594, 0.393824370774819]",0,-1
7261,[0.39381289 0.70225115],15,58,"[0.37887936110594184, 0.7334391897891285]",0,-1
7262,[0.84314941 0.45349804],3,8,"[0.8210079602672482, 0.4506152114933381]",0,17
7263,[0.67251463 0.37450436],54,10,"[0.6398799516193626, 0.38844091859549007]",0,21
7264,[0.34467024 0.18682184],57,49,"[0.35418448506576955, 0.14329850428612353]",0,28
7265,[0.61828736 0.45764302],29,68,"[0.6059400326152605, 0.4534475926518635]",0,-1
7266,[0.33856932 0.11068465],73,49,"[0.35418448506576955, 0.14329850428612353]",0,-1
7267,[0.46712456 0.57160057],82,2,"[0.4675886295436634, 0.6021765353351279]",0,88
7268,[0.44139955 0.143094  ],33,74,"[0.4464145664830302, 0.11749079524673668]",0,-1
7269,[0.53313072 0.57753134],37,20,"[0.5371890084085489, 0.5739528596094324]",0,-1
7270,[0.36850385 0.36673258],47,7,"[0.3321936611977011, 0.34293111744375654]",0,89
7271,[0.59524653 0.5438835 ],37,29,"[0.5812618174713859, 0.5240123764686471]",0,-1
7272,[0.36019399 0.35113356],1,7,"[0.3321936611977011, 0.34293111744375654]",0,89
7273,[0.47203863 0.35710682],55,42,"[0.47090413605197745, 0.3706753216883814]",0,-1
7274,[0.48109574 0.4877037 ],77,40,"[0.4758590512403852, 0.5317248607280546]",0,-1
7275,[0.39700403 0.33601016],25,6,"[0.40678448596985844, 0.34277371919698396]",0,-1
7276,[0.84683196 0.50413317],87,13,"[0.843760744736157, 0.5166552078676889]",0,17
7277,[0.42672145 0.28362127],25,34,"[0.47832967363307105, 0.25654673669797673]",0,-1
7278,[0.38493559 0.35504986],42,6,"[0.40678448596985844, 0.34277371919698396]",0,89
7279,[0.42981679 0.56527241],7,2,"[0.4675886295436634, 0.6021765353351279]",0,-1
7280,[0.1487171  0.76377374],65,43,"[0.15465866632935668, 0.7523522483084468]",0,51
7281,[0.46273492 0.19023748],73,56,"[0.4908116515444846, 0.16632592191374188]",0,-1
7282,[0.36574747 0.2464544 ],25,21,"[0.3571400957876323, 0.26942599959136726]",0,-1
7283,[0.4689075  0.71423767],94,37,"[0.47348968360582744, 0.7125916710309903]",0,-1
7284,[0.31647922 0.60688674],19,30,"[0.36820757824267275, 0.5891561499462349]",0,-1
7285,[0.36927465 0.56061252],20,30,"[0.36820757824267275, 0.5891561499462349]",0,-1
7286,[0.5599439  0.82140505],60,46,"[0.5435344637313357, 0.7795756563374607]",0,-1
7287,[0.54385402 0.24247824],55,61,"[0.5821749572804258, 0.2185848836493384]",0,-1
7288,[0.3979305  0.58490299],82,30,"[0.36820757824267275, 0.5891561499462349]",0,88
7289,[0.69368154 0.36584579],54,4,"[0.7100353299176262, 0.3875574879176719]",0,-1
7290,[0.20824692 0.59662284],17,80,"[0.15990270049190128, 0.5986117043755352]",0,-1
7291,[0.14149609 0.60630577],17,80,"[0.15990270049190128, 0.5986117043755352]",0,-1
7292,[0.40547986 0.53997575],41,50,"[0.3898476181838421, 0.5216929572274273]",0,-1
7293,[0.40436305 0.38871856],64,6,"[0.40678448596985844, 0.34277371919698396]",0,89
7294,[0.65505026 0.35538464],29,10,"[0.6398799516193626, 0.38844091859549007]",0,21
7295,[0.6392587  0.32948658],68,3,"[0.6759399092328674, 0.32128183561871837]",0,-1
7296,[0.67877685 0.75053822],70,60,"[0.7001338409322506, 0.7409401695756385]",0,-1
7297,[0.47675724 0.19306938],33,56,"[0.4908116515444846, 0.16632592191374188]",0,-1
7298,[0.77159059 0.46174174],43,15,"[0.7558016368645127, 0.4462797814247812]",0,-1
7299,[0.66881213 0.35104151],91,3,"[0.6759399092328674, 0.32128183561871837]",0,21
7300,[0.33327425 0.40131478],1,1,"[0.3572487842659222, 0.41922446128046986]",0,89
7301,[0.82818161 0.52640444],27,13,"[0.843760744736157, 0.5166552078676889]",0,17
7302,[0.55678481 0.26301245],86,64,"[0.594073349455653, 0.28354489837534175]",0,-1
7303,[0.51652499 0.82350318],60,18,"[0.527398606849523, 0.8662745321442044]",0,-1
7304,[0.6007926 0.5560488],49,9,"[0.6184830434267037, 0.586333469678524]",0,-1
7305,[0.17279248 0.59682027],17,80,"[0.15990270049190128, 0.5986117043755352]",0,-1
7306,[0.12147429 0.46161845],98,51,"[0.1508950301577577, 0.45723062251398755]",0,-1
7307,[0.88592459 0.60270179],27,59,"[0.8763268698051316, 0.579199170331017]",0,-1
7308,[0.24716759 0.68724588],16,12,"[0.2822438507480652, 0.7105313788319401]",0,53
7309,[0.41081184 0.58935429],15,30,"[0.36820757824267275, 0.5891561499462349]",0,-1
7310,[0.33999822 0.6790086 ],19,36,"[0.3536068858323266, 0.6613822308481206]",0,-1
7311,[0.35489099 0.44986011],1,1,"[0.3572487842659222, 0.41922446128046986]",0,-1
7312,[0.55246165 0.54170332],13,29,"[0.5812618174713859, 0.5240123764686471]",0,-1
7313,[0.494706   0.83982455],93,18,"[0.527398606849523, 0.8662745321442044]",0,-1
7314,[0.65723415 0.41384341],34,10,"[0.6398799516193626, 0.38844091859549007]",0,21
7315,[0.59481853 0.40659056],61,73,"[0.5684491373659465, 0.3759776977620393]",0,-1
7316,[0.37799358 0.4330482 ],38,1,"[0.3572487842659222, 0.41922446128046986]",0,89
7317,[0.10042035 0.69804899],39,90,"[0.11769418158886381, 0.6663972759552037]",0,-1
7318,[0.1194524  0.82835316],0,86,"[0.11333449837233942, 0.8035791769910723]",0,-1
7319,[0.68246206 0.26156668],89,35,"[0.6545605605339905, 0.22500987532438183]",0,-1
7320,[0.21549473 0.54837906],97,44,"[0.1912270592870895, 0.5359549801185394]",0,-1
7321,[0.42492118 0.78432303],56,16,"[0.45898902168994016, 0.8115000101692392]",0,-1
7322,[0.19565027 0.39935046],53,23,"[0.2032497039719594, 0.393824370774819]",0,72
7323,[0.32255942 0.71046586],20,12,"[0.2822438507480652, 0.7105313788319401]",0,-1
7324,[0.32211492 0.36555573],92,7,"[0.3321936611977011, 0.34293111744375654]",0,89
7325,[0.38854967 0.19992252],25,31,"[0.4191189173246286, 0.19329258812229377]",0,-1
7326,[0.16348828 0.61329177],23,80,"[0.15990270049190128, 0.5986117043755352]",0,-1
7327,[0.81727038 0.75779413],62,63,"[0.7856877410353075, 0.7534945903126699]",0,-1
7328,[0.20080727 0.45309608],44,51,"[0.1508950301577577, 0.45723062251398755]",0,-1
7329,[0.58837569 0.51591437],37,29,"[0.5812618174713859, 0.5240123764686471]",0,-1
7330,[0.38731085 0.76197622],19,58,"[0.37887936110594184, 0.7334391897891285]",0,23
7331,[0.29224693 0.34532892],1,7,"[0.3321936611977011, 0.34293111744375654]",0,-1
7332,[0.36075821 0.36640354],92,7,"[0.3321936611977011, 0.34293111744375654]",0,-1
7333,[0.82464781 0.86649847],85,79,"[0.8263954992254994, 0.8681441505941476]",0,-1
7334,[0.32091022 0.64531458],51,36,"[0.3536068858323266, 0.6613822308481206]",0,-1
7335,[0.50308878 0.62695803],12,2,"[0.4675886295436634, 0.6021765353351279]",0,-1
7336,[0.35959581 0.43629954],81,1,"[0.3572487842659222, 0.41922446128046986]",0,-1
7337,[0.50074877 0.87203735],93,18,"[0.527398606849523, 0.8662745321442044]",0,-1
7338,[0.26769008 0.1831993 ],58,27,"[0.29001319373773415, 0.21087702736570366]",0,-1
7339,[0.81412825 0.82588922],21,48,"[0.7803433920128066, 0.8205948599681767]",0,13
7340,[0.81253844 0.20128244],36,78,"[0.7951539755354653, 0.19004804298167233]",0,0
7341,[0.62621364 0.18203061],88,35,"[0.6545605605339905, 0.22500987532438183]",0,-1
7342,[0.43135928 0.68094823],15,0,"[0.4226395002574949, 0.6460584349087278]",0,88
7343,[0.23071741 0.20849093],32,33,"[0.1898538969523832, 0.20289106741831933]",0,-1
7344,[0.32105002 0.17625822],57,27,"[0.29001319373773415, 0.21087702736570366]",0,-1
7345,[0.81778033 0.47383177],3,8,"[0.8210079602672482, 0.4506152114933381]",0,17
7346,[0.27478019 0.46495168],81,28,"[0.2520846559803125, 0.4621952512240386]",0,-1
7347,[0.136112   0.42248524],26,51,"[0.1508950301577577, 0.45723062251398755]",0,-1
7348,[0.41941477 0.84589909],56,16,"[0.45898902168994016, 0.8115000101692392]",0,-1
7349,[0.45328373 0.06449451],84,74,"[0.4464145664830302, 0.11749079524673668]",-1,-1
7350,[0.56945882 0.6346196 ],75,5,"[0.54876158375065, 0.6433749135954844]",0,88
7351,[0.42785446 0.83979056],93,16,"[0.45898902168994016, 0.8115000101692392]",0,25
7352,[0.65666247 0.54672042],77,53,"[0.6955018555560987, 0.5389599645427405]",0,-1
7353,[0.4237533  0.14207871],84,74,"[0.4464145664830302, 0.11749079524673668]",0,33
7354,[0.82558505 0.21566971],36,78,"[0.7951539755354653, 0.19004804298167233]",0,0
7355,[0.65791363 0.80257054],60,14,"[0.6208537257023621, 0.8045775614928529]",0,-1
7356,[0.32112335 0.22224199],25,27,"[0.29001319373773415, 0.21087702736570366]",0,59
7357,[0.09049352 0.34279978],53,71,"[0.11481900251646894, 0.37559708088824]",0,-1
7358,[0.58198681 0.55759827],49,29,"[0.5812618174713859, 0.5240123764686471]",0,-1
7359,[0.6603887  0.35226939],71,3,"[0.6759399092328674, 0.32128183561871837]",0,21
7360,[0.17770887 0.49196773],9,51,"[0.1508950301577577, 0.45723062251398755]",0,-1
7361,[0.61717283 0.51529053],37,29,"[0.5812618174713859, 0.5240123764686471]",0,-1
7362,[0.1775306  0.57866043],98,80,"[0.15990270049190128, 0.5986117043755352]",0,43
7363,[0.77645454 0.46761026],43,15,"[0.7558016368645127, 0.4462797814247812]",0,17
7364,[0.23051175 0.43382607],9,28,"[0.2520846559803125, 0.4621952512240386]",0,74
7365,[0.72279127 0.48212204],87,15,"[0.7558016368645127, 0.4462797814247812]",0,-1
7366,[0.60174443 0.5888745 ],37,9,"[0.6184830434267037, 0.586333469678524]",0,87
7367,[0.93257595 0.48123865],43,92,"[0.9291777218511399, 0.5053403904093751]",0,-1
7368,[0.86055038 0.44130983],30,62,"[0.8921140984845523, 0.4428581583396137]",0,-1
7369,[0.66674908 0.52722513],77,53,"[0.6955018555560987, 0.5389599645427405]",0,-1
7370,[0.4612765  0.19809062],84,31,"[0.4191189173246286, 0.19329258812229377]",0,-1
7371,[0.60987404 0.18690362],88,61,"[0.5821749572804258, 0.2185848836493384]",0,-1
7372,[0.77533505 0.46454244],28,15,"[0.7558016368645127, 0.4462797814247812]",0,17
7373,[0.47076137 0.68814554],90,37,"[0.47348968360582744, 0.7125916710309903]",0,-1
7374,[0.49556448 0.53274142],7,40,"[0.4758590512403852, 0.5317248607280546]",0,-1
7375,[0.51185316 0.26303943],52,34,"[0.47832967363307105, 0.25654673669797673]",0,-1
7376,[0.86612782 0.53761815],27,13,"[0.843760744736157, 0.5166552078676889]",0,17
7377,[0.40155766 0.60109905],90,30,"[0.36820757824267275, 0.5891561499462349]",0,88
7378,[0.20795257 0.18578091],10,33,"[0.1898538969523832, 0.20289106741831933]",0,48
7379,[0.13495138 0.66269136],23,90,"[0.11769418158886381, 0.6663972759552037]",0,-1
7380,[0.84829884 0.51746072],87,13,"[0.843760744736157, 0.5166552078676889]",0,17
7381,[0.54546636 0.17294601],88,91,"[0.5747298360762695, 0.15930251145986343]",0,-1
7382,[0.22054628 0.48052593],97,28,"[0.2520846559803125, 0.4621952512240386]",0,-1
7383,[0.56174118 0.22951297],86,61,"[0.5821749572804258, 0.2185848836493384]",0,-1
7384,[0.53733103 0.6038987 ],75,20,"[0.5371890084085489, 0.5739528596094324]",0,-1
7385,[0.6759936  0.20447587],88,35,"[0.6545605605339905, 0.22500987532438183]",0,5
7386,[0.81557468 0.43635132],87,8,"[0.8210079602672482, 0.4506152114933381]",0,17
7387,[0.81620034 0.82593198],96,48,"[0.7803433920128066, 0.8205948599681767]",0,13
7388,[0.57729398 0.51123366],49,29,"[0.5812618174713859, 0.5240123764686471]",0,-1
7389,[0.35091492 0.6559507 ],20,36,"[0.3536068858323266, 0.6613822308481206]",0,-1
7390,[0.62963786 0.37119961],29,10,"[0.6398799516193626, 0.38844091859549007]",0,-1
7391,[0.38102795 0.41401189],38,1,"[0.3572487842659222, 0.41922446128046986]",0,89
7392,[0.23997278 0.58980719],20,39,"[0.2596202559688416, 0.6257540185994204]",0,-1
7393,[0.67298036 0.36267116],71,3,"[0.6759399092328674, 0.32128183561871837]",0,21
7394,[0.79859638 0.8035348 ],62,48,"[0.7803433920128066, 0.8205948599681767]",0,-1
7395,[0.62086971 0.47817943],34,68,"[0.6059400326152605, 0.4534475926518635]",0,-1
7396,[0.2018314 0.128307 ],10,52,"[0.2294764018471187, 0.143723856671554]",0,48
7397,[0.48822713 0.66974444],75,37,"[0.47348968360582744, 0.7125916710309903]",0,-1
7398,[0.1556493  0.56142977],97,80,"[0.15990270049190128, 0.5986117043755352]",0,-1
7399,[0.28097845 0.75794513],48,12,"[0.2822438507480652, 0.7105313788319401]",0,-1
7400,[0.48817377 0.55813957],7,40,"[0.4758590512403852, 0.5317248607280546]",0,-1
7401,[0.31008332 0.27098359],25,21,"[0.3571400957876323, 0.26942599959136726]",0,-1
7402,[0.4088791  0.34826396],38,6,"[0.40678448596985844, 0.34277371919698396]",0,-1
7403,[0.40386431 0.31807219],38,6,"[0.40678448596985844, 0.34277371919698396]",0,-1
7404,[0.60636716 0.35207236],29,73,"[0.5684491373659465, 0.3759776977620393]",0,-1
7405,[0.74785717 0.40254779],66,4,"[0.7100353299176262, 0.3875574879176719]",0,21
7406,[0.33913682 0.15686021],57,49,"[0.35418448506576955, 0.14329850428612353]",0,28
7407,[0.39751902 0.19987677],57,31,"[0.4191189173246286, 0.19329258812229377]",0,31
7408,[0.48908784 0.62463454],12,2,"[0.4675886295436634, 0.6021765353351279]",0,88
7409,[0.29878101 0.84340883],59,26,"[0.2731213809151105, 0.8295374863795931]",0,-1
7410,[0.31091519 0.65848742],65,36,"[0.3536068858323266, 0.6613822308481206]",0,-1
7411,[0.87466655 0.81484773],21,41,"[0.8492841799095646, 0.8019622424543851]",0,-1
7412,[0.73995875 0.33589891],66,22,"[0.757272224425649, 0.33905999717339425]",0,21
7413,[0.21937543 0.84873924],31,69,"[0.18889864315739, 0.8195957758801673]",0,-1
7414,[0.43029088 0.83001451],78,16,"[0.45898902168994016, 0.8115000101692392]",0,25
7415,[0.71633313 0.35150732],40,4,"[0.7100353299176262, 0.3875574879176719]",0,21
7416,[0.71983816 0.44569216],29,15,"[0.7558016368645127, 0.4462797814247812]",0,-1
7417,[0.54473581 0.53537542],13,29,"[0.5812618174713859, 0.5240123764686471]",0,-1
7418,[0.6004607  0.60428329],49,9,"[0.6184830434267037, 0.586333469678524]",0,87
7419,[0.80150268 0.43743404],3,8,"[0.8210079602672482, 0.4506152114933381]",0,17
7420,[0.48837061 0.60475473],82,2,"[0.4675886295436634, 0.6021765353351279]",0,-1
7421,[0.24993352 0.16762756],58,52,"[0.2294764018471187, 0.143723856671554]",0,-1
7422,[0.32162765 0.27357266],5,21,"[0.3571400957876323, 0.26942599959136726]",0,-1
7423,[0.48175138 0.64819911],15,2,"[0.4675886295436634, 0.6021765353351279]",0,-1
7424,[0.76464614 0.50780334],28,32,"[0.7786163905873836, 0.5211842185039978]",0,-1
7425,[0.56086302 0.76813482],70,46,"[0.5435344637313357, 0.7795756563374607]",0,-1
7426,[0.20046288 0.36702073],22,23,"[0.2032497039719594, 0.393824370774819]",0,62
7427,[0.77958745 0.53732141],27,32,"[0.7786163905873836, 0.5211842185039978]",0,17
7428,[0.39737312 0.65866406],90,0,"[0.4226395002574949, 0.6460584349087278]",0,88
7429,[0.55697039 0.37607242],61,73,"[0.5684491373659465, 0.3759776977620393]",0,-1
7430,[0.81810424 0.47183448],50,8,"[0.8210079602672482, 0.4506152114933381]",0,17
7431,[0.49887684 0.09041832],33,99,"[0.5444828914688598, 0.07256639339212836]",0,-1
7432,[0.58442648 0.54586703],13,29,"[0.5812618174713859, 0.5240123764686471]",0,-1
7433,[0.71497206 0.34515144],91,4,"[0.7100353299176262, 0.3875574879176719]",0,-1
7434,[0.26001428 0.4822337 ],81,28,"[0.2520846559803125, 0.4621952512240386]",0,-1
7435,[0.34048833 0.43294969],9,1,"[0.3572487842659222, 0.41922446128046986]",0,-1
7436,[0.65872324 0.45375684],34,65,"[0.6636957553845171, 0.46135824588144125]",0,-1
7437,[0.35773518 0.61650746],20,30,"[0.36820757824267275, 0.5891561499462349]",0,-1
7438,[0.45108854 0.81763547],56,16,"[0.45898902168994016, 0.8115000101692392]",0,39
7439,[0.68911275 0.30101303],40,3,"[0.6759399092328674, 0.32128183561871837]",0,-1
7440,[0.28368924 0.44576986],9,28,"[0.2520846559803125, 0.4621952512240386]",0,-1
7441,[0.82057419 0.86539539],96,79,"[0.8263954992254994, 0.8681441505941476]",0,-1
7442,[0.19840291 0.6176583 ],23,80,"[0.15990270049190128, 0.5986117043755352]",0,40
7443,[0.60819221 0.43309588],40,68,"[0.6059400326152605, 0.4534475926518635]",0,-1
7444,[0.80731761 0.65745528],99,47,"[0.8091525442233867, 0.6013457413252116]",0,-1
7445,[0.21587027 0.14403248],58,52,"[0.2294764018471187, 0.143723856671554]",0,-1
7446,[0.17797615 0.21590498],32,33,"[0.1898538969523832, 0.20289106741831933]",0,67
7447,[0.16079519 0.23415407],11,84,"[0.1433957510634753, 0.2579081432754369]",0,-1
7448,[0.92377344 0.51835952],83,92,"[0.9291777218511399, 0.5053403904093751]",0,-1
7449,[0.48691601 0.4046689 ],14,42,"[0.47090413605197745, 0.3706753216883814]",0,-1
7450,[0.25952298 0.64060047],16,39,"[0.2596202559688416, 0.6257540185994204]",0,52
7451,[0.69521478 0.34119032],54,3,"[0.6759399092328674, 0.32128183561871837]",0,-1
7452,[0.74650503 0.4786901 ],87,15,"[0.7558016368645127, 0.4462797814247812]",0,-1
7453,[0.8760683  0.78877036],96,41,"[0.8492841799095646, 0.8019622424543851]",0,-1
7454,[0.34913177 0.39833004],8,1,"[0.3572487842659222, 0.41922446128046986]",0,89
7455,[0.15627504 0.74023305],0,43,"[0.15465866632935668, 0.7523522483084468]",0,-1
7456,[0.66700483 0.50644082],35,53,"[0.6955018555560987, 0.5389599645427405]",0,-1
7457,[0.27969896 0.64829429],18,39,"[0.2596202559688416, 0.6257540185994204]",0,-1
7458,[0.61563887 0.55219417],13,9,"[0.6184830434267037, 0.586333469678524]",0,-1
7459,[0.49409939 0.21849765],84,34,"[0.47832967363307105, 0.25654673669797673]",0,-1
7460,[0.37647963 0.1342794 ],73,49,"[0.35418448506576955, 0.14329850428612353]",0,-1
7461,[0.49000091 0.34896423],92,42,"[0.47090413605197745, 0.3706753216883814]",0,-1
7462,[0.7882326  0.66185924],99,47,"[0.8091525442233867, 0.6013457413252116]",0,-1
7463,[0.35070944 0.38678146],81,1,"[0.3572487842659222, 0.41922446128046986]",0,89
7464,[0.47220959 0.87160524],78,18,"[0.527398606849523, 0.8662745321442044]",0,-1
7465,[0.73045702 0.45035932],68,15,"[0.7558016368645127, 0.4462797814247812]",0,-1
7466,[0.6321621  0.38523477],71,10,"[0.6398799516193626, 0.38844091859549007]",0,21
7467,[0.16775124 0.78777482],0,43,"[0.15465866632935668, 0.7523522483084468]",0,-1
7468,[0.68608622 0.35143322],40,3,"[0.6759399092328674, 0.32128183561871837]",0,21
7469,[0.563496   0.46838352],4,68,"[0.6059400326152605, 0.4534475926518635]",0,-1
7470,[0.81782402 0.58187102],27,47,"[0.8091525442233867, 0.6013457413252116]",0,-1
7471,[0.15255211 0.7781165 ],31,43,"[0.15465866632935668, 0.7523522483084468]",0,51
7472,[0.55915237 0.2941956 ],4,64,"[0.594073349455653, 0.28354489837534175]",0,-1
7473,[0.09130421 0.49089823],98,77,"[0.10737865443478777, 0.5291217341624451]",0,-1
7474,[0.32852914 0.40970661],8,1,"[0.3572487842659222, 0.41922446128046986]",0,89
7475,[0.74002427 0.59243132],49,72,"[0.7259305706267937, 0.621464812471517]",0,-1
7476,[0.41491306 0.53728141],41,50,"[0.3898476181838421, 0.5216929572274273]",0,-1
7477,[0.63363407 0.44967313],29,68,"[0.6059400326152605, 0.4534475926518635]",0,-1
7478,[0.36605098 0.86804617],48,67,"[0.37743107737986015, 0.883213849264441]",0,-1
7479,[0.79154769 0.46529628],3,8,"[0.8210079602672482, 0.4506152114933381]",0,17
7480,[0.77661001 0.34217983],68,22,"[0.757272224425649, 0.33905999717339425]",0,-1
7481,[0.8275365  0.15064439],36,88,"[0.8567588921418147, 0.17457306337920828]",0,-1
7482,[0.38218666 0.64823192],76,36,"[0.3536068858323266, 0.6613822308481206]",0,-1
7483,[0.27169447 0.7019628 ],51,12,"[0.2822438507480652, 0.7105313788319401]",0,-1
7484,[0.2033703  0.24851405],11,24,"[0.23531691667485555, 0.27209662123665185]",0,66
7485,[0.48797956 0.87248083],56,18,"[0.527398606849523, 0.8662745321442044]",0,-1
7486,[0.46566175 0.58039849],69,2,"[0.4675886295436634, 0.6021765353351279]",0,88
7487,[0.63610479 0.23527433],86,35,"[0.6545605605339905, 0.22500987532438183]",0,6
7488,[0.63048785 0.51159741],37,29,"[0.5812618174713859, 0.5240123764686471]",0,-1
7489,[0.27465794 0.18120984],58,27,"[0.29001319373773415, 0.21087702736570366]",0,-1
7490,[0.41897121 0.46086992],8,17,"[0.4108830354862289, 0.4435508998593477]",0,-1
7491,[0.65996429 0.53661332],35,53,"[0.6955018555560987, 0.5389599645427405]",0,-1
7492,[0.70469323 0.3176042 ],71,3,"[0.6759399092328674, 0.32128183561871837]",0,18
7493,[0.36297954 0.40499285],81,1,"[0.3572487842659222, 0.41922446128046986]",0,89
7494,[0.68854212 0.39673633],3,4,"[0.7100353299176262, 0.3875574879176719]",0,21
7495,[0.52018291 0.5339636 ],7,20,"[0.5371890084085489, 0.5739528596094324]",0,-1
7496,[0.61629482 0.35084623],29,10,"[0.6398799516193626, 0.38844091859549007]",0,-1
7497,[0.86988625 0.87074295],85,87,"[0.8925149589987491, 0.8617277435613537]",0,-1
7498,[0.53150613 0.62241494],12,5,"[0.54876158375065, 0.6433749135954844]",0,88
7499,[0.38936743 0.38719341],92,1,"[0.3572487842659222, 0.41922446128046986]",0,89
7500,[0.50861924 0.23018904],52,34,"[0.47832967363307105, 0.25654673669797673]",0,-1
7501,[0.2397337  0.43446288],22,28,"[0.2520846559803125, 0.4621952512240386]",0,74
7502,[0.66346797 0.54654851],49,53,"[0.6955018555560987, 0.5389599645427405]",0,-1
7503,[0.74346476 0.48602308],87,15,"[0.7558016368645127, 0.4462797814247812]",0,-1
7504,[0.32005835 0.21825385],58,27,"[0.29001319373773415, 0.21087702736570366]",0,-1
7505,[0.66987113 0.38452956],34,10,"[0.6398799516193626, 0.38844091859549007]",0,21
7506,[0.8584772  0.54294433],63,13,"[0.843760744736157, 0.5166552078676889]",0,17
7507,[0.80143584 0.73556403],96,63,"[0.7856877410353075, 0.7534945903126699]",0,-1
7508,[0.30737475 0.29731573],25,7,"[0.3321936611977011, 0.34293111744375654]",0,75
7509,[0.85866959 0.51205696],83,13,"[0.843760744736157, 0.5166552078676889]",0,17
7510,[0.25555984 0.64435075],18,39,"[0.2596202559688416, 0.6257540185994204]",0,52
7511,[0.3860658  0.32860024],67,6,"[0.40678448596985844, 0.34277371919698396]",0,-1
7512,[0.4113616  0.23887031],52,31,"[0.4191189173246286, 0.19329258812229377]",0,-1
7513,[0.42877025 0.75491414],94,58,"[0.37887936110594184, 0.7334391897891285]",0,-1
7514,[0.15896416 0.68580485],23,45,"[0.19601325606017345, 0.667358514260268]",0,-1
7515,[0.29613792 0.75449627],31,12,"[0.2822438507480652, 0.7105313788319401]",0,-1
7516,[0.13304382 0.42272724],26,51,"[0.1508950301577577, 0.45723062251398755]",0,-1
7517,[0.39496324 0.91781325],78,67,"[0.37743107737986015, 0.883213849264441]",0,-1
7518,[0.26387742 0.21782421],58,27,"[0.29001319373773415, 0.21087702736570366]",0,-1
7519,[0.50014755 0.56851247],69,20,"[0.5371890084085489, 0.5739528596094324]",0,88
7520,[0.83309452 0.39059374],43,25,"[0.8211120104597844, 0.37574618786089475]",0,17
7521,[0.83762514 0.44891057],43,8,"[0.8210079602672482, 0.4506152114933381]",0,17
7522,[0.84297069 0.46890178],28,8,"[0.8210079602672482, 0.4506152114933381]",0,17
7523,[0.77393417 0.43142158],30,15,"[0.7558016368645127, 0.4462797814247812]",0,17
7524,[0.20153225 0.23909199],11,33,"[0.1898538969523832, 0.20289106741831933]",0,66
7525,[0.83625895 0.58155544],63,47,"[0.8091525442233867, 0.6013457413252116]",0,-1
7526,[0.36714311 0.70174741],19,58,"[0.37887936110594184, 0.7334391897891285]",0,-1
7527,[0.6137986 0.8377964],60,82,"[0.6132420785222222, 0.8710652413331001]",0,41
7528,[0.09501156 0.78316525],0,86,"[0.11333449837233942, 0.8035791769910723]",0,-1
7529,[0.53086224 0.56447962],12,20,"[0.5371890084085489, 0.5739528596094324]",0,-1
7530,[0.85000002 0.20941918],36,88,"[0.8567588921418147, 0.17457306337920828]",0,0
7531,[0.59971535 0.34494932],61,73,"[0.5684491373659465, 0.3759776977620393]",0,-1
7532,[0.49582111 0.64898239],7,5,"[0.54876158375065, 0.6433749135954844]",0,85
7533,[0.54523019 0.87181403],79,18,"[0.527398606849523, 0.8662745321442044]",0,-1
7534,[0.24762618 0.81343403],31,26,"[0.2731213809151105, 0.8295374863795931]",0,-1
7535,[0.64996626 0.7269986 ],70,57,"[0.6165364982648931, 0.7310583472769618]",0,-1
7536,[0.74558872 0.48114974],29,15,"[0.7558016368645127, 0.4462797814247812]",0,-1
7537,[0.45452272 0.60482233],90,2,"[0.4675886295436634, 0.6021765353351279]",0,88
7538,[0.65378534 0.13496276],95,70,"[0.6986975952159088, 0.16842470592263856]",-1,-1
7539,[0.25365399 0.85138014],31,26,"[0.2731213809151105, 0.8295374863795931]",0,45
7540,[0.47531358 0.14039558],33,56,"[0.4908116515444846, 0.16632592191374188]",0,-1
7541,[0.29212999 0.81048954],48,26,"[0.2731213809151105, 0.8295374863795931]",0,46
7542,[0.85479439 0.36079959],80,83,"[0.8762199555116444, 0.3404048051239979]",0,-1
7543,[0.55338037 0.671616  ],79,5,"[0.54876158375065, 0.6433749135954844]",0,-1
7544,[0.42020602 0.32645353],25,6,"[0.40678448596985844, 0.34277371919698396]",0,-1
7545,[0.32247401 0.3881188 ],22,19,"[0.2847353251184853, 0.39005308479636985]",0,89
7546,[0.1354812  0.17091231],45,81,"[0.13426292668090453, 0.163935928071412]",0,-1
7547,[0.82564539 0.41787447],83,8,"[0.8210079602672482, 0.4506152114933381]",0,17
7548,[0.39627573 0.83107433],56,54,"[0.36959478636682913, 0.8084550989826409]",0,-1
7549,[0.09026916 0.49113833],98,77,"[0.10737865443478777, 0.5291217341624451]",0,-1
7550,[0.23278137 0.64786459],23,39,"[0.2596202559688416, 0.6257540185994204]",0,-1
7551,[0.38585465 0.25234895],25,21,"[0.3571400957876323, 0.26942599959136726]",0,-1
7552,[0.78635484 0.14963662],36,78,"[0.7951539755354653, 0.19004804298167233]",0,-1
7553,[0.32592961 0.38778848],14,19,"[0.2847353251184853, 0.39005308479636985]",0,-1
7554,[0.31945264 0.85667431],48,26,"[0.2731213809151105, 0.8295374863795931]",0,-1
7555,[0.28402513 0.64521735],18,39,"[0.2596202559688416, 0.6257540185994204]",0,52
7556,[0.20463099 0.30199062],32,38,"[0.18350109397176653, 0.31916714902230253]",0,61
7557,[0.26773931 0.26233204],47,24,"[0.23531691667485555, 0.27209662123665185]",0,65
7558,[0.76883236 0.66040477],99,72,"[0.7259305706267937, 0.621464812471517]",0,-1
7559,[0.566495   0.64557406],12,5,"[0.54876158375065, 0.6433749135954844]",0,88
7560,[0.65812133 0.83639773],24,14,"[0.6208537257023621, 0.8045775614928529]",0,-1
7561,[0.18343847 0.72765568],65,43,"[0.15465866632935668, 0.7523522483084468]",0,-1
7562,[0.87276765 0.77020533],21,41,"[0.8492841799095646, 0.8019622424543851]",0,10
7563,[0.7678259  0.49527849],87,32,"[0.7786163905873836, 0.5211842185039978]",0,-1
7564,[0.57793071 0.22484225],86,61,"[0.5821749572804258, 0.2185848836493384]",0,7
7565,[0.16377553 0.09592464],45,89,"[0.15862126123377812, 0.09531060003677258]",0,-1
7566,[0.69234762 0.35215808],68,3,"[0.6759399092328674, 0.32128183561871837]",0,21
7567,[0.29370084 0.82074221],59,26,"[0.2731213809151105, 0.8295374863795931]",0,46
7568,[0.22798577 0.65142212],16,45,"[0.19601325606017345, 0.667358514260268]",0,-1
7569,[0.1500839  0.28452981],32,84,"[0.1433957510634753, 0.2579081432754369]",0,-1
7570,[0.45063051 0.70643181],94,37,"[0.47348968360582744, 0.7125916710309903]",0,47
7571,[0.23266403 0.80358858],59,69,"[0.18889864315739, 0.8195957758801673]",0,49
7572,[0.66421717 0.38359664],40,10,"[0.6398799516193626, 0.38844091859549007]",0,21
7573,[0.42226121 0.4507991 ],8,17,"[0.4108830354862289, 0.4435508998593477]",0,82
7574,[0.52798547 0.59130803],12,20,"[0.5371890084085489, 0.5739528596094324]",0,88
7575,[0.67314582 0.37830679],71,10,"[0.6398799516193626, 0.38844091859549007]",0,21
7576,[0.35077707 0.3345395 ],47,7,"[0.3321936611977011, 0.34293111744375654]",0,89
7577,[0.64471998 0.38981752],71,10,"[0.6398799516193626, 0.38844091859549007]",0,21
7578,[0.20738043 0.47908825],98,28,"[0.2520846559803125, 0.4621952512240386]",0,60
7579,[0.38563861 0.76805283],94,58,"[0.37887936110594184, 0.7334391897891285]",0,23
7580,[0.7036716  0.37829722],2,4,"[0.7100353299176262, 0.3875574879176719]",0,21
7581,[0.65270216 0.87654797],24,82,"[0.6132420785222222, 0.8710652413331001]",0,-1
7582,[0.44224408 0.81637694],93,16,"[0.45898902168994016, 0.8115000101692392]",0,39
7583,[0.21401064 0.85538553],31,69,"[0.18889864315739, 0.8195957758801673]",0,-1
7584,[0.25887425 0.37485114],9,19,"[0.2847353251184853, 0.39005308479636985]",0,-1
7585,[0.60198048 0.28200653],86,64,"[0.594073349455653, 0.28354489837534175]",0,-1
7586,[0.40561854 0.50306384],14,50,"[0.3898476181838421, 0.5216929572274273]",0,-1
7587,[0.33093315 0.17547455],57,49,"[0.35418448506576955, 0.14329850428612353]",0,-1
7588,[0.45508313 0.59760209],41,2,"[0.4675886295436634, 0.6021765353351279]",0,88
7589,[0.19073141 0.18505878],32,33,"[0.1898538969523832, 0.20289106741831933]",0,48
7590,[0.20858908 0.6724521 ],31,45,"[0.19601325606017345, 0.667358514260268]",0,53
7591,[0.75462077 0.40315569],91,15,"[0.7558016368645127, 0.4462797814247812]",0,-1
7592,[0.10028953 0.42624295],26,71,"[0.11481900251646894, 0.37559708088824]",0,-1
7593,[0.34370586 0.34921727],42,7,"[0.3321936611977011, 0.34293111744375654]",0,89
7594,[0.23545191 0.17804706],32,52,"[0.2294764018471187, 0.143723856671554]",0,-1
7595,[0.46877237 0.58256649],69,2,"[0.4675886295436634, 0.6021765353351279]",0,88
7596,[0.15335458 0.46837092],98,51,"[0.1508950301577577, 0.45723062251398755]",0,-1
7597,[0.4345635  0.18343482],84,31,"[0.4191189173246286, 0.19329258812229377]",0,-1
7598,[0.21922648 0.1199008 ],32,52,"[0.2294764018471187, 0.143723856671554]",0,-1
7599,[0.15241665 0.30944768],11,38,"[0.18350109397176653, 0.31916714902230253]",0,-1
7600,[0.56951506 0.24606028],86,61,"[0.5821749572804258, 0.2185848836493384]",0,7
7601,[0.5019935  0.80635824],56,16,"[0.45898902168994016, 0.8115000101692392]",0,-1
7602,[0.14066925 0.52570996],98,77,"[0.10737865443478777, 0.5291217341624451]",0,-1
7603,[0.73594622 0.35374271],2,22,"[0.757272224425649, 0.33905999717339425]",0,-1
7604,[0.68735004 0.32568594],68,3,"[0.6759399092328674, 0.32128183561871837]",0,-1
7605,[0.83083508 0.55651058],83,13,"[0.843760744736157, 0.5166552078676889]",0,14
7606,[0.64039613 0.74163647],70,57,"[0.6165364982648931, 0.7310583472769618]",0,-1
7607,[0.47340779 0.71863192],12,37,"[0.47348968360582744, 0.7125916710309903]",0,-1
7608,[0.27371564 0.64662142],18,39,"[0.2596202559688416, 0.6257540185994204]",0,52
7609,[0.32691101 0.70262567],19,12,"[0.2822438507480652, 0.7105313788319401]",0,-1
7610,[0.60952971 0.44705148],34,68,"[0.6059400326152605, 0.4534475926518635]",0,-1
7611,[0.77994977 0.32556363],66,22,"[0.757272224425649, 0.33905999717339425]",0,-1
7612,[0.24542665 0.66049902],18,39,"[0.2596202559688416, 0.6257540185994204]",0,-1
7613,[0.54952421 0.64700405],75,5,"[0.54876158375065, 0.6433749135954844]",0,-1
7614,[0.36192006 0.35512488],42,7,"[0.3321936611977011, 0.34293111744375654]",0,89
7615,[0.20193055 0.48765822],97,44,"[0.1912270592870895, 0.5359549801185394]",0,-1
7616,[0.61083471 0.50406239],49,29,"[0.5812618174713859, 0.5240123764686471]",0,-1
7617,[0.59305462 0.4205998 ],40,68,"[0.6059400326152605, 0.4534475926518635]",0,-1
7618,[0.32104305 0.62583759],20,36,"[0.3536068858323266, 0.6613822308481206]",0,-1
7619,[0.43478206 0.5858668 ],41,2,"[0.4675886295436634, 0.6021765353351279]",0,-1
7620,[0.40635896 0.19262507],84,31,"[0.4191189173246286, 0.19329258812229377]",0,31
7621,[0.26245595 0.78352264],31,26,"[0.2731213809151105, 0.8295374863795931]",0,-1
7622,[0.26668801 0.20385921],58,27,"[0.29001319373773415, 0.21087702736570366]",0,-1
7623,[0.75833578 0.32601138],54,22,"[0.757272224425649, 0.33905999717339425]",0,-1
7624,[0.3270577  0.65128583],19,36,"[0.3536068858323266, 0.6613822308481206]",0,-1
7625,[0.19223642 0.44699751],26,51,"[0.1508950301577577, 0.45723062251398755]",0,-1
7626,[0.70549273 0.41159351],40,4,"[0.7100353299176262, 0.3875574879176719]",0,-1
7627,[0.54081379 0.46589419],77,75,"[0.5172236746686562, 0.4443369127615434]",0,-1
7628,[0.13875877 0.35693926],44,71,"[0.11481900251646894, 0.37559708088824]",0,-1
7629,[0.41573678 0.77722146],56,16,"[0.45898902168994016, 0.8115000101692392]",0,-1
7630,[0.87528076 0.36888076],2,83,"[0.8762199555116444, 0.3404048051239979]",0,-1
7631,[0.79917565 0.71518601],62,63,"[0.7856877410353075, 0.7534945903126699]",0,-1
7632,[0.23894837 0.35281309],26,23,"[0.2032497039719594, 0.393824370774819]",0,-1
7633,[0.69423326 0.34463738],40,3,"[0.6759399092328674, 0.32128183561871837]",0,21
7634,[0.48566383 0.83172179],93,16,"[0.45898902168994016, 0.8115000101692392]",0,38
7635,[0.18824527 0.22310655],32,33,"[0.1898538969523832, 0.20289106741831933]",0,67
7636,[0.22801511 0.49711653],97,28,"[0.2520846559803125, 0.4621952512240386]",0,-1
7637,[0.47867176 0.57899001],41,2,"[0.4675886295436634, 0.6021765353351279]",0,88
7638,[0.29596577 0.83141181],59,26,"[0.2731213809151105, 0.8295374863795931]",0,-1
7639,[0.70005713 0.36748245],61,4,"[0.7100353299176262, 0.3875574879176719]",0,21
7640,[0.44607882 0.46475008],41,17,"[0.4108830354862289, 0.4435508998593477]",0,-1
7641,[0.26669531 0.26827963],5,24,"[0.23531691667485555, 0.27209662123665185]",0,-1
7642,[0.67932946 0.26304855],89,35,"[0.6545605605339905, 0.22500987532438183]",0,-1
7643,[0.31271569 0.30088991],1,7,"[0.3321936611977011, 0.34293111744375654]",0,-1
7644,[0.83214436 0.37580126],30,25,"[0.8211120104597844, 0.37574618786089475]",0,-1
7645,[0.26380171 0.73932147],16,12,"[0.2822438507480652, 0.7105313788319401]",0,56
7646,[0.66478533 0.62651758],35,76,"[0.6483290776065068, 0.6569295539328516]",0,-1
7647,[0.63446418 0.82596195],24,14,"[0.6208537257023621, 0.8045775614928529]",0,-1
7648,[0.76846648 0.33020264],66,22,"[0.757272224425649, 0.33905999717339425]",0,-1
7649,[0.66371256 0.42027547],40,10,"[0.6398799516193626, 0.38844091859549007]",0,21
7650,[0.60178505 0.7560651 ],70,57,"[0.6165364982648931, 0.7310583472769618]",0,-1
7651,[0.70506388 0.66653122],24,72,"[0.7259305706267937, 0.621464812471517]",0,-1
7652,[0.27243905 0.29206251],22,24,"[0.23531691667485555, 0.27209662123665185]",0,-1
7653,[0.60762483 0.61298669],37,9,"[0.6184830434267037, 0.586333469678524]",0,-1
7654,[0.3878598  0.56277621],20,30,"[0.36820757824267275, 0.5891561499462349]",0,-1
7655,[0.219399   0.43814156],22,28,"[0.2520846559803125, 0.4621952512240386]",0,-1
7656,[0.78161137 0.2647886 ],80,66,"[0.8238364342627095, 0.2773691959806487]",0,1
7657,[0.79248925 0.17892915],36,78,"[0.7951539755354653, 0.19004804298167233]",0,-1
7658,[0.27511189 0.80575125],59,26,"[0.2731213809151105, 0.8295374863795931]",0,-1
7659,[0.3423469  0.64639791],20,36,"[0.3536068858323266, 0.6613822308481206]",0,-1
7660,[0.17881784 0.28028065],26,38,"[0.18350109397176653, 0.31916714902230253]",0,-1
7661,[0.28262041 0.19987521],32,27,"[0.29001319373773415, 0.21087702736570366]",0,-1
7662,[0.60601024 0.53417028],37,29,"[0.5812618174713859, 0.5240123764686471]",0,-1
7663,[0.39175987 0.41416753],8,1,"[0.3572487842659222, 0.41922446128046986]",0,89
7664,[0.87267717 0.69351289],62,85,"[0.8584098981619135, 0.7196353557924977]",1,-1
7665,[0.57127531 0.51601735],77,29,"[0.5812618174713859, 0.5240123764686471]",0,84
7666,[0.2756049 0.7219204],16,12,"[0.2822438507480652, 0.7105313788319401]",0,54
7667,[0.1191925  0.77486275],0,86,"[0.11333449837233942, 0.8035791769910723]",0,-1
7668,[0.60021549 0.62655231],69,9,"[0.6184830434267037, 0.586333469678524]",0,-1
7669,[0.38114061 0.45135617],8,17,"[0.4108830354862289, 0.4435508998593477]",0,-1
7670,[0.76427095 0.26675562],54,55,"[0.7305076164562052, 0.2580112669411776]",0,1
7671,[0.64093471 0.52452082],49,53,"[0.6955018555560987, 0.5389599645427405]",0,-1
7672,[0.21792686 0.75106437],65,11,"[0.22353793679767786, 0.7478364040140648]",0,57
7673,[0.45223282 0.57879297],69,2,"[0.4675886295436634, 0.6021765353351279]",0,88
7674,[0.71730179 0.47744625],29,15,"[0.7558016368645127, 0.4462797814247812]",0,-1
7675,[0.31635011 0.1377899 ],57,49,"[0.35418448506576955, 0.14329850428612353]",0,-1
7676,[0.63367252 0.22066064],88,35,"[0.6545605605339905, 0.22500987532438183]",0,-1
7677,[0.31340316 0.33492168],47,7,"[0.3321936611977011, 0.34293111744375654]",0,-1
7678,[0.48700042 0.92694335],93,-1,-1,0,-1
7679,[0.63149077 0.45835811],29,68,"[0.6059400326152605, 0.4534475926518635]",0,-1
7680,[0.3594432  0.41538678],64,1,"[0.3572487842659222, 0.41922446128046986]",0,89
7681,[0.64769619 0.33005114],71,3,"[0.6759399092328674, 0.32128183561871837]",0,-1
7682,[0.80283226 0.74361081],62,63,"[0.7856877410353075, 0.7534945903126699]",0,-1
7683,[0.31642736 0.55857682],20,30,"[0.36820757824267275, 0.5891561499462349]",0,-1
7684,[0.4168891  0.31758083],25,6,"[0.40678448596985844, 0.34277371919698396]",0,-1
7685,[0.42679661 0.22348488],84,31,"[0.4191189173246286, 0.19329258812229377]",0,-1
7686,[0.80289025 0.88150739],85,79,"[0.8263954992254994, 0.8681441505941476]",0,-1
7687,[0.89307026 0.44280699],83,62,"[0.8921140984845523, 0.4428581583396137]",0,-1
7688,[0.56057991 0.40509084],29,73,"[0.5684491373659465, 0.3759776977620393]",0,-1
7689,[0.25235581 0.31405469],58,24,"[0.23531691667485555, 0.27209662123665185]",0,-1
7690,[0.33289822 0.29065335],25,21,"[0.3571400957876323, 0.26942599959136726]",0,75
7691,[0.30647635 0.76835729],59,12,"[0.2822438507480652, 0.7105313788319401]",0,-1
7692,[0.35557674 0.18510721],57,49,"[0.35418448506576955, 0.14329850428612353]",0,28
7693,[0.87231905 0.35181492],66,83,"[0.8762199555116444, 0.3404048051239979]",0,-1
7694,[0.76590092 0.41167191],66,15,"[0.7558016368645127, 0.4462797814247812]",0,21
7695,[0.37170673 0.59008611],76,30,"[0.36820757824267275, 0.5891561499462349]",0,-1
7696,[0.76121418 0.4467531 ],68,15,"[0.7558016368645127, 0.4462797814247812]",0,17
7697,[0.22050011 0.13748972],32,52,"[0.2294764018471187, 0.143723856671554]",0,-1
7698,[0.82301542 0.77575531],85,41,"[0.8492841799095646, 0.8019622424543851]",0,-1
7699,[0.83347055 0.55623915],83,13,"[0.843760744736157, 0.5166552078676889]",0,-1
7700,[0.51265119 0.71929519],6,37,"[0.47348968360582744, 0.7125916710309903]",0,-1
7701,[0.6177527  0.83591584],24,14,"[0.6208537257023621, 0.8045775614928529]",0,41
7702,[0.16038773 0.25200658],11,84,"[0.1433957510634753, 0.2579081432754369]",0,-1
7703,[0.18914424 0.3625268 ],53,23,"[0.2032497039719594, 0.393824370774819]",0,-1
7704,[0.59711976 0.40052468],40,73,"[0.5684491373659465, 0.3759776977620393]",0,-1
7705,[0.19883747 0.52447653],97,44,"[0.1912270592870895, 0.5359549801185394]",0,44
7706,[0.91521282 0.56342209],83,59,"[0.8763268698051316, 0.579199170331017]",0,-1
7707,[0.13663261 0.3503318 ],26,71,"[0.11481900251646894, 0.37559708088824]",0,-1
7708,[0.47973995 0.81953758],94,16,"[0.45898902168994016, 0.8115000101692392]",0,-1
7709,[0.56982188 0.55992643],37,20,"[0.5371890084085489, 0.5739528596094324]",0,-1
7710,[0.6169198  0.51800879],77,29,"[0.5812618174713859, 0.5240123764686471]",0,-1
7711,[0.16861245 0.35904442],5,38,"[0.18350109397176653, 0.31916714902230253]",0,-1
7712,[0.76535027 0.7607391 ],24,63,"[0.7856877410353075, 0.7534945903126699]",0,-1
7713,[0.52331617 0.76230398],94,46,"[0.5435344637313357, 0.7795756563374607]",0,-1
7714,[0.28563716 0.24205862],5,27,"[0.29001319373773415, 0.21087702736570366]",0,-1
7715,[0.76280252 0.38161488],3,22,"[0.757272224425649, 0.33905999717339425]",0,-1
7716,[0.26248674 0.66075823],51,39,"[0.2596202559688416, 0.6257540185994204]",0,-1
7717,[0.53422293 0.25322319],52,34,"[0.47832967363307105, 0.25654673669797673]",0,-1
7718,[0.28654547 0.77270141],31,26,"[0.2731213809151105, 0.8295374863795931]",0,-1
7719,[0.38707436 0.56655371],20,30,"[0.36820757824267275, 0.5891561499462349]",0,-1
7720,[0.39923894 0.59610266],82,30,"[0.36820757824267275, 0.5891561499462349]",0,88
7721,[0.37504225 0.7238456 ],15,58,"[0.37887936110594184, 0.7334391897891285]",0,-1
7722,[0.60311922 0.19992863],89,61,"[0.5821749572804258, 0.2185848836493384]",0,-1
7723,[0.40463487 0.60048349],76,30,"[0.36820757824267275, 0.5891561499462349]",0,88
7724,[0.83486784 0.18773269],36,88,"[0.8567588921418147, 0.17457306337920828]",0,0
7725,[0.5271217  0.79734403],60,46,"[0.5435344637313357, 0.7795756563374607]",0,-1
7726,[0.20001801 0.71928158],39,11,"[0.22353793679767786, 0.7478364040140648]",0,55
7727,[0.18627089 0.42484415],44,23,"[0.2032497039719594, 0.393824370774819]",0,70
7728,[0.38906884 0.56901741],20,30,"[0.36820757824267275, 0.5891561499462349]",0,-1
7729,[0.62507161 0.54742348],35,9,"[0.6184830434267037, 0.586333469678524]",0,-1
7730,[0.37784914 0.39647003],92,1,"[0.3572487842659222, 0.41922446128046986]",0,89
7731,[0.81053621 0.46184398],63,8,"[0.8210079602672482, 0.4506152114933381]",0,17
7732,[0.87576263 0.71337332],85,85,"[0.8584098981619135, 0.7196353557924977]",1,-1
7733,[0.50400647 0.61360215],41,2,"[0.4675886295436634, 0.6021765353351279]",0,-1
7734,[0.33769901 0.39197436],81,1,"[0.3572487842659222, 0.41922446128046986]",0,89
7735,[0.29152521 0.33246479],9,7,"[0.3321936611977011, 0.34293111744375654]",0,-1
7736,[0.82001306 0.77270524],62,63,"[0.7856877410353075, 0.7534945903126699]",0,13
7737,[0.6034779 0.2512352],89,64,"[0.594073349455653, 0.28354489837534175]",0,-1
7738,[0.8475462  0.81131673],21,41,"[0.8492841799095646, 0.8019622424543851]",0,13
7739,[0.76731564 0.82791364],62,48,"[0.7803433920128066, 0.8205948599681767]",0,-1
7740,[0.83497606 0.4721632 ],43,8,"[0.8210079602672482, 0.4506152114933381]",0,17
7741,[0.30807763 0.35263827],47,7,"[0.3321936611977011, 0.34293111744375654]",0,-1
7742,[0.22538806 0.67643927],18,45,"[0.19601325606017345, 0.667358514260268]",0,-1
7743,[0.43149758 0.59496355],19,2,"[0.4675886295436634, 0.6021765353351279]",0,-1
7744,[0.64956701 0.46714218],40,65,"[0.6636957553845171, 0.46135824588144125]",0,-1
7745,[0.2901475  0.34854339],47,19,"[0.2847353251184853, 0.39005308479636985]",0,-1
7746,[0.85574944 0.39951611],43,25,"[0.8211120104597844, 0.37574618786089475]",0,-1
7747,[0.56622179 0.79583321],72,46,"[0.5435344637313357, 0.7795756563374607]",0,-1
7748,[0.50089686 0.6351998 ],7,2,"[0.4675886295436634, 0.6021765353351279]",0,-1
7749,[0.32635318 0.47480779],64,1,"[0.3572487842659222, 0.41922446128046986]",0,-1
7750,[0.57615125 0.61525874],77,5,"[0.54876158375065, 0.6433749135954844]",0,-1
7751,[0.71937851 0.35492428],71,4,"[0.7100353299176262, 0.3875574879176719]",0,21
7752,[0.77141473 0.47049181],3,15,"[0.7558016368645127, 0.4462797814247812]",0,17
7753,[0.14926506 0.44519396],44,51,"[0.1508950301577577, 0.45723062251398755]",0,-1
7754,[0.27909488 0.45678347],14,28,"[0.2520846559803125, 0.4621952512240386]",0,-1
7755,[0.36853624 0.66861581],90,36,"[0.3536068858323266, 0.6613822308481206]",0,-1
7756,[0.24719168 0.36597955],22,19,"[0.2847353251184853, 0.39005308479636985]",0,-1
7757,[0.88466672 0.47585847],43,62,"[0.8921140984845523, 0.4428581583396137]",0,-1
7758,[0.58340556 0.66007228],75,5,"[0.54876158375065, 0.6433749135954844]",0,-1
7759,[0.60437727 0.79315945],72,14,"[0.6208537257023621, 0.8045775614928529]",0,-1
7760,[0.16474445 0.47314874],9,51,"[0.1508950301577577, 0.45723062251398755]",0,-1
7761,[0.85767129 0.5328122 ],63,13,"[0.843760744736157, 0.5166552078676889]",0,17
7762,[0.70993965 0.58293093],35,72,"[0.7259305706267937, 0.621464812471517]",0,-1
7763,[0.60373253 0.68680357],74,57,"[0.6165364982648931, 0.7310583472769618]",0,-1
7764,[0.86577846 0.55418342],27,59,"[0.8763268698051316, 0.579199170331017]",0,-1
7765,[0.35228453 0.64299202],19,36,"[0.3536068858323266, 0.6613822308481206]",0,-1
7766,[0.1678525  0.39767149],44,23,"[0.2032497039719594, 0.393824370774819]",0,69
7767,[0.3848951 0.9050055],48,67,"[0.37743107737986015, 0.883213849264441]",0,-1
7768,[0.55033024 0.6254551 ],75,5,"[0.54876158375065, 0.6433749135954844]",0,88
7769,[0.37562497 0.19925631],25,31,"[0.4191189173246286, 0.19329258812229377]",0,-1
7770,[0.28520826 0.71655822],16,12,"[0.2822438507480652, 0.7105313788319401]",0,54
7771,[0.34392261 0.81916451],48,54,"[0.36959478636682913, 0.8084550989826409]",0,-1
7772,[0.67056311 0.24065137],95,35,"[0.6545605605339905, 0.22500987532438183]",0,-1
7773,[0.42666199 0.83291454],56,16,"[0.45898902168994016, 0.8115000101692392]",0,25
7774,[0.32139132 0.37615964],1,7,"[0.3321936611977011, 0.34293111744375654]",0,-1
7775,[0.63776118 0.55498433],35,9,"[0.6184830434267037, 0.586333469678524]",0,-1
7776,[0.29487594 0.73523475],18,12,"[0.2822438507480652, 0.7105313788319401]",0,54
7777,[0.40304923 0.32786531],47,6,"[0.40678448596985844, 0.34277371919698396]",0,-1
7778,[0.86072355 0.49449311],63,13,"[0.843760744736157, 0.5166552078676889]",0,-1
7779,[0.20217034 0.7466343 ],18,11,"[0.22353793679767786, 0.7478364040140648]",0,57
7780,[0.57608612 0.60456359],13,9,"[0.6184830434267037, 0.586333469678524]",0,87
7781,[0.4227274  0.24238434],73,31,"[0.4191189173246286, 0.19329258812229377]",0,-1
7782,[0.68738325 0.44644056],68,65,"[0.6636957553845171, 0.46135824588144125]",0,-1
7783,[0.58428765 0.79898346],79,14,"[0.6208537257023621, 0.8045775614928529]",0,42
7784,[0.84817005 0.21735584],36,88,"[0.8567588921418147, 0.17457306337920828]",0,0
7785,[0.80414802 0.53914761],63,32,"[0.7786163905873836, 0.5211842185039978]",0,-1
7786,[0.66121972 0.33980569],2,3,"[0.6759399092328674, 0.32128183561871837]",0,-1
7787,[0.129805   0.68434084],0,90,"[0.11769418158886381, 0.6663972759552037]",0,-1
7788,[0.85510446 0.56507968],27,59,"[0.8763268698051316, 0.579199170331017]",0,16
7789,[0.46028224 0.66070487],6,0,"[0.4226395002574949, 0.6460584349087278]",0,88
7790,[0.53978518 0.66007403],37,5,"[0.54876158375065, 0.6433749135954844]",0,-1
7791,[0.78790711 0.51229166],87,32,"[0.7786163905873836, 0.5211842185039978]",0,17
7792,[0.39941633 0.37888901],42,6,"[0.40678448596985844, 0.34277371919698396]",0,89
7793,[0.60753218 0.25317366],86,64,"[0.594073349455653, 0.28354489837534175]",0,-1
7794,[0.27411562 0.44859587],22,28,"[0.2520846559803125, 0.4621952512240386]",0,-1
7795,[0.30540484 0.69328137],19,12,"[0.2822438507480652, 0.7105313788319401]",0,54
7796,[0.20543776 0.25617074],11,24,"[0.23531691667485555, 0.27209662123665185]",0,66
7797,[0.65161856 0.47002826],3,65,"[0.6636957553845171, 0.46135824588144125]",0,-1
7798,[0.83328395 0.59135672],99,47,"[0.8091525442233867, 0.6013457413252116]",0,-1
7799,[0.73473418 0.58485812],28,72,"[0.7259305706267937, 0.621464812471517]",0,-1
7800,[0.20249509 0.20721409],32,33,"[0.1898538969523832, 0.20289106741831933]",0,-1
7801,[0.54139948 0.56658758],7,20,"[0.5371890084085489, 0.5739528596094324]",0,88
7802,[0.35803838 0.17275915],57,49,"[0.35418448506576955, 0.14329850428612353]",0,28
7803,[0.42633144 0.5376546 ],90,50,"[0.3898476181838421, 0.5216929572274273]",0,-1
7804,[0.2027301  0.82298989],59,69,"[0.18889864315739, 0.8195957758801673]",0,-1
7805,[0.51797989 0.5737089 ],69,20,"[0.5371890084085489, 0.5739528596094324]",0,88
7806,[0.58632526 0.27213543],88,64,"[0.594073349455653, 0.28354489837534175]",0,-1
7807,[0.33363528 0.72229056],19,58,"[0.37887936110594184, 0.7334391897891285]",0,-1
7808,[0.39506527 0.24322564],84,21,"[0.3571400957876323, 0.26942599959136726]",0,-1
7809,[0.45797007 0.17679454],84,56,"[0.4908116515444846, 0.16632592191374188]",0,34
7810,[0.70552102 0.28968217],54,55,"[0.7305076164562052, 0.2580112669411776]",0,18
7811,[0.43442896 0.54233293],69,40,"[0.4758590512403852, 0.5317248607280546]",0,-1
7812,[0.53857507 0.44239997],77,75,"[0.5172236746686562, 0.4443369127615434]",0,-1
7813,[0.81714156 0.78995029],96,41,"[0.8492841799095646, 0.8019622424543851]",0,13
7814,[0.3852902  0.09510426],84,49,"[0.35418448506576955, 0.14329850428612353]",0,-1
7815,[0.83332921 0.53109119],63,13,"[0.843760744736157, 0.5166552078676889]",0,-1
7816,[0.81361977 0.39424584],50,25,"[0.8211120104597844, 0.37574618786089475]",0,-1
7817,[0.7709352  0.58817985],27,47,"[0.8091525442233867, 0.6013457413252116]",0,-1
7818,[0.40186847 0.2238594 ],52,31,"[0.4191189173246286, 0.19329258812229377]",0,-1
7819,[0.48634297 0.59235852],7,2,"[0.4675886295436634, 0.6021765353351279]",0,-1
7820,[0.7471443  0.29141438],91,55,"[0.7305076164562052, 0.2580112669411776]",0,-1
7821,[0.11301949 0.53060243],98,77,"[0.10737865443478777, 0.5291217341624451]",0,24
7822,[0.20633399 0.23733412],58,33,"[0.1898538969523832, 0.20289106741831933]",0,-1
7823,[0.79694355 0.52183802],28,32,"[0.7786163905873836, 0.5211842185039978]",0,-1
7824,[0.83323315 0.39610046],3,25,"[0.8211120104597844, 0.37574618786089475]",0,17
7825,[0.64105748 0.72861048],79,57,"[0.6165364982648931, 0.7310583472769618]",0,-1
7826,[0.37518953 0.1256543 ],73,49,"[0.35418448506576955, 0.14329850428612353]",0,-1
7827,[0.36116637 0.38939135],64,1,"[0.3572487842659222, 0.41922446128046986]",0,89
7828,[0.39420903 0.48103934],64,50,"[0.3898476181838421, 0.5216929572274273]",0,80
7829,[0.69899962 0.10472678],95,95,"[0.7517203864819665, 0.11417692930271928]",0,-1
7830,[0.58554152 0.5461685 ],13,29,"[0.5812618174713859, 0.5240123764686471]",0,-1
7831,[0.67976155 0.27845112],91,3,"[0.6759399092328674, 0.32128183561871837]",0,-1
7832,[0.63416959 0.76819626],79,14,"[0.6208537257023621, 0.8045775614928529]",0,36
7833,[0.35284233 0.39160448],92,1,"[0.3572487842659222, 0.41922446128046986]",0,89
7834,[0.62369738 0.33606532],71,3,"[0.6759399092328674, 0.32128183561871837]",0,-1
7835,[0.31411549 0.34979371],9,7,"[0.3321936611977011, 0.34293111744375654]",0,89
7836,[0.34075841 0.82125907],78,54,"[0.36959478636682913, 0.8084550989826409]",0,-1
7837,[0.15403969 0.08550009],45,89,"[0.15862126123377812, 0.09531060003677258]",0,-1
7838,[0.21750685 0.7924192 ],65,69,"[0.18889864315739, 0.8195957758801673]",0,49
7839,[0.66667044 0.19156845],95,35,"[0.6545605605339905, 0.22500987532438183]",0,-1
7840,[0.09637235 0.54021986],98,77,"[0.10737865443478777, 0.5291217341624451]",0,-1
7841,[0.64182118 0.22089908],95,35,"[0.6545605605339905, 0.22500987532438183]",0,6
7842,[0.85179471 0.74142639],96,85,"[0.8584098981619135, 0.7196353557924977]",0,-1
7843,[0.58569227 0.37140887],34,73,"[0.5684491373659465, 0.3759776977620393]",0,-1
7844,[0.25535732 0.84083986],31,26,"[0.2731213809151105, 0.8295374863795931]",0,45
7845,[0.31500213 0.21344252],57,27,"[0.29001319373773415, 0.21087702736570366]",0,-1
7846,[0.73591645 0.72508912],46,60,"[0.7001338409322506, 0.7409401695756385]",0,-1
7847,[0.62795442 0.53436967],37,29,"[0.5812618174713859, 0.5240123764686471]",0,-1
7848,[0.57364035 0.33772832],71,73,"[0.5684491373659465, 0.3759776977620393]",0,-1
7849,[0.28019833 0.4238048 ],81,19,"[0.2847353251184853, 0.39005308479636985]",0,-1
7850,[0.35019764 0.37061533],81,7,"[0.3321936611977011, 0.34293111744375654]",0,89
7851,[0.73945551 0.47095571],3,15,"[0.7558016368645127, 0.4462797814247812]",0,-1
7852,[0.62921723 0.25565529],86,35,"[0.6545605605339905, 0.22500987532438183]",0,-1
7853,[0.25024666 0.33459671],11,24,"[0.23531691667485555, 0.27209662123665185]",0,-1
7854,[0.61131483 0.22287228],95,61,"[0.5821749572804258, 0.2185848836493384]",0,-1
7855,[0.3667803  0.34474947],38,7,"[0.3321936611977011, 0.34293111744375654]",0,89
7856,[0.60487108 0.31327019],89,64,"[0.594073349455653, 0.28354489837534175]",0,-1
7857,[0.63909943 0.36985887],29,10,"[0.6398799516193626, 0.38844091859549007]",0,-1
7858,[0.73859426 0.28204236],91,55,"[0.7305076164562052, 0.2580112669411776]",0,-1
7859,[0.38939916 0.47289626],64,17,"[0.4108830354862289, 0.4435508998593477]",0,80
7860,[0.09384037 0.58159091],0,77,"[0.10737865443478777, 0.5291217341624451]",-1,-1
7861,[0.75447631 0.64207671],46,72,"[0.7259305706267937, 0.621464812471517]",0,-1
7862,[0.46362162 0.52721256],7,40,"[0.4758590512403852, 0.5317248607280546]",0,-1
7863,[0.13321988 0.7406512 ],0,43,"[0.15465866632935668, 0.7523522483084468]",0,-1
7864,[0.64023012 0.39937042],34,10,"[0.6398799516193626, 0.38844091859549007]",0,21
7865,[0.61139098 0.33438874],71,64,"[0.594073349455653, 0.28354489837534175]",0,-1
7866,[0.61638255 0.75257377],70,57,"[0.6165364982648931, 0.7310583472769618]",0,-1
7867,[0.72585004 0.36931379],91,4,"[0.7100353299176262, 0.3875574879176719]",0,21
7868,[0.84511129 0.27712052],80,66,"[0.8238364342627095, 0.2773691959806487]",0,-1
7869,[0.3314178  0.40340465],81,1,"[0.3572487842659222, 0.41922446128046986]",0,89
7870,[0.22215453 0.67811407],16,45,"[0.19601325606017345, 0.667358514260268]",0,-1
7871,[0.41252911 0.45052103],38,17,"[0.4108830354862289, 0.4435508998593477]",0,82
7872,[0.68820778 0.21599928],89,35,"[0.6545605605339905, 0.22500987532438183]",0,5
7873,[0.34223459 0.26762798],1,21,"[0.3571400957876323, 0.26942599959136726]",0,75
7874,[0.82390946 0.42361825],30,8,"[0.8210079602672482, 0.4506152114933381]",0,17
7875,[0.30749709 0.25890451],47,21,"[0.3571400957876323, 0.26942599959136726]",0,-1
7876,[0.48035914 0.72195455],6,37,"[0.47348968360582744, 0.7125916710309903]",0,-1
7877,[0.42318278 0.76281316],94,58,"[0.37887936110594184, 0.7334391897891285]",0,-1
7878,[0.83085425 0.47777763],63,8,"[0.8210079602672482, 0.4506152114933381]",0,17
7879,[0.65709438 0.39481244],34,10,"[0.6398799516193626, 0.38844091859549007]",0,21
7880,[0.22823998 0.60320918],23,39,"[0.2596202559688416, 0.6257540185994204]",0,-1
7881,[0.21337525 0.1697211 ],45,52,"[0.2294764018471187, 0.143723856671554]",0,48
7882,[0.18118513 0.58473175],17,80,"[0.15990270049190128, 0.5986117043755352]",0,43
7883,[0.37802113 0.83317834],56,54,"[0.36959478636682913, 0.8084550989826409]",0,-1
7884,[0.70542909 0.22857363],91,55,"[0.7305076164562052, 0.2580112669411776]",0,3
7885,[0.7465571  0.46023995],28,15,"[0.7558016368645127, 0.4462797814247812]",0,-1
7886,[0.66876639 0.5557016 ],35,53,"[0.6955018555560987, 0.5389599645427405]",0,-1
7887,[0.36189249 0.12930542],73,49,"[0.35418448506576955, 0.14329850428612353]",0,-1
7888,[0.26706523 0.58295041],51,39,"[0.2596202559688416, 0.6257540185994204]",0,-1
7889,[0.80472746 0.11384659],95,95,"[0.7517203864819665, 0.11417692930271928]",-1,-1
7890,[0.21124729 0.5811097 ],17,44,"[0.1912270592870895, 0.5359549801185394]",0,-1
7891,[0.64354392 0.40344919],61,10,"[0.6398799516193626, 0.38844091859549007]",0,21
7892,[0.47781387 0.71687431],6,37,"[0.47348968360582744, 0.7125916710309903]",0,-1
7893,[0.33508899 0.28469281],58,21,"[0.3571400957876323, 0.26942599959136726]",0,75
7894,[0.58784928 0.6736575 ],74,5,"[0.54876158375065, 0.6433749135954844]",0,-1
7895,[0.523189   0.12277664],88,56,"[0.4908116515444846, 0.16632592191374188]",0,-1
7896,[0.60426864 0.33014266],71,64,"[0.594073349455653, 0.28354489837534175]",0,-1
7897,[0.80985488 0.48949402],43,8,"[0.8210079602672482, 0.4506152114933381]",0,17
7898,[0.81777501 0.36363587],66,25,"[0.8211120104597844, 0.37574618786089475]",0,-1
7899,[0.64616587 0.80651616],79,14,"[0.6208537257023621, 0.8045775614928529]",0,-1
7900,[0.7496835  0.43745825],3,15,"[0.7558016368645127, 0.4462797814247812]",0,-1
7901,[0.79558293 0.39414074],30,25,"[0.8211120104597844, 0.37574618786089475]",0,-1
7902,[0.48259624 0.57089533],7,2,"[0.4675886295436634, 0.6021765353351279]",0,88
7903,[0.53937467 0.77675942],56,46,"[0.5435344637313357, 0.7795756563374607]",0,26
7904,[0.38041003 0.08464434],73,49,"[0.35418448506576955, 0.14329850428612353]",0,-1
7905,[0.19004415 0.30643793],5,38,"[0.18350109397176653, 0.31916714902230253]",0,61
7906,[0.17239043 0.28420883],5,38,"[0.18350109397176653, 0.31916714902230253]",0,-1
7907,[0.13804502 0.63733049],97,90,"[0.11769418158886381, 0.6663972759552037]",0,-1
7908,[0.77463014 0.3633785 ],2,22,"[0.757272224425649, 0.33905999717339425]",0,20
7909,[0.44717382 0.40758098],67,42,"[0.47090413605197745, 0.3706753216883814]",0,-1
7910,[0.72533858 0.22839253],91,55,"[0.7305076164562052, 0.2580112669411776]",0,3
7911,[0.19036013 0.75583379],59,11,"[0.22353793679767786, 0.7478364040140648]",0,57
7912,[0.29850019 0.26154759],58,27,"[0.29001319373773415, 0.21087702736570366]",0,-1
7913,[0.62516217 0.29166727],89,64,"[0.594073349455653, 0.28354489837534175]",0,4
7914,[0.5725353  0.56999098],37,20,"[0.5371890084085489, 0.5739528596094324]",0,88
7915,[0.25113259 0.20558046],10,27,"[0.29001319373773415, 0.21087702736570366]",0,-1
7916,[0.60566482 0.14031381],88,91,"[0.5747298360762695, 0.15930251145986343]",-1,-1
7917,[0.67686512 0.82516334],24,14,"[0.6208537257023621, 0.8045775614928529]",0,-1
7918,[0.6539943  0.35094062],2,3,"[0.6759399092328674, 0.32128183561871837]",0,21
7919,[0.36926569 0.3855308 ],42,1,"[0.3572487842659222, 0.41922446128046986]",0,89
7920,[0.31665768 0.25866632],25,21,"[0.3571400957876323, 0.26942599959136726]",0,-1
7921,[0.30751391 0.32007986],42,7,"[0.3321936611977011, 0.34293111744375654]",0,-1
7922,[0.83791772 0.6151569 ],63,47,"[0.8091525442233867, 0.6013457413252116]",0,-1
7923,[0.61564497 0.33501452],61,64,"[0.594073349455653, 0.28354489837534175]",0,-1
7924,[0.83424266 0.49435956],43,13,"[0.843760744736157, 0.5166552078676889]",0,17
7925,[0.46456152 0.18933726],84,56,"[0.4908116515444846, 0.16632592191374188]",0,34
7926,[0.63090452 0.3125437 ],61,3,"[0.6759399092328674, 0.32128183561871837]",0,-1
7927,[0.25988455 0.61842447],23,39,"[0.2596202559688416, 0.6257540185994204]",0,-1
7928,[0.34247246 0.45444218],8,1,"[0.3572487842659222, 0.41922446128046986]",0,78
7929,[0.32764736 0.60948042],51,30,"[0.36820757824267275, 0.5891561499462349]",0,-1
7930,[0.44045319 0.38541289],55,42,"[0.47090413605197745, 0.3706753216883814]",0,58
7931,[0.42059487 0.72113172],94,58,"[0.37887936110594184, 0.7334391897891285]",0,47
7932,[0.25539103 0.72369672],51,12,"[0.2822438507480652, 0.7105313788319401]",0,-1
7933,[0.54136369 0.82978909],79,18,"[0.527398606849523, 0.8662745321442044]",0,37
7934,[0.85329121 0.79186138],96,41,"[0.8492841799095646, 0.8019622424543851]",0,-1
7935,[0.78980374 0.47542186],3,8,"[0.8210079602672482, 0.4506152114933381]",0,17
7936,[0.34333052 0.32746667],25,7,"[0.3321936611977011, 0.34293111744375654]",0,-1
7937,[0.11645269 0.69525262],39,90,"[0.11769418158886381, 0.6663972759552037]",0,-1
7938,[0.18900858 0.7474054 ],16,11,"[0.22353793679767786, 0.7478364040140648]",0,57
7939,[0.21134551 0.61917928],23,39,"[0.2596202559688416, 0.6257540185994204]",0,-1
7940,[0.24569765 0.63994282],23,39,"[0.2596202559688416, 0.6257540185994204]",0,52
7941,[0.35742948 0.83120112],78,54,"[0.36959478636682913, 0.8084550989826409]",0,-1
7942,[0.71456772 0.36821898],54,4,"[0.7100353299176262, 0.3875574879176719]",0,21
7943,[0.89792159 0.8123642 ],96,93,"[0.9128525281281048, 0.8015861505597924]",0,-1
7944,[0.1378384  0.18178103],32,81,"[0.13426292668090453, 0.163935928071412]",0,-1
7945,[0.77723528 0.34370754],66,22,"[0.757272224425649, 0.33905999717339425]",0,-1
7946,[0.73400646 0.34711727],71,22,"[0.757272224425649, 0.33905999717339425]",0,-1
7947,[0.55582001 0.51132129],13,29,"[0.5812618174713859, 0.5240123764686471]",0,-1
7948,[0.34423928 0.28937181],25,21,"[0.3571400957876323, 0.26942599959136726]",0,75
7949,[0.71688932 0.76421471],21,60,"[0.7001338409322506, 0.7409401695756385]",0,-1
7950,[0.66784019 0.80875499],79,14,"[0.6208537257023621, 0.8045775614928529]",0,-1
7951,[0.34555666 0.66426049],51,36,"[0.3536068858323266, 0.6613822308481206]",0,-1
7952,[0.28158342 0.37065042],22,19,"[0.2847353251184853, 0.39005308479636985]",0,-1
7953,[0.15390249 0.17725116],45,81,"[0.13426292668090453, 0.163935928071412]",0,-1
7954,[0.77606382 0.54586753],28,32,"[0.7786163905873836, 0.5211842185039978]",0,-1
7955,[0.11838625 0.20378016],45,81,"[0.13426292668090453, 0.163935928071412]",0,-1
7956,[0.72980626 0.13587907],95,95,"[0.7517203864819665, 0.11417692930271928]",0,-1
7957,[0.65860736 0.58884027],49,9,"[0.6184830434267037, 0.586333469678524]",0,-1
7958,[0.53398805 0.53763264],74,20,"[0.5371890084085489, 0.5739528596094324]",0,-1
7959,[0.77258338 0.30486487],66,22,"[0.757272224425649, 0.33905999717339425]",0,-1
7960,[0.36432408 0.47615529],92,50,"[0.3898476181838421, 0.5216929572274273]",0,77
7961,[0.40060134 0.61757329],76,0,"[0.4226395002574949, 0.6460584349087278]",0,88
7962,[0.41532582 0.66999971],76,0,"[0.4226395002574949, 0.6460584349087278]",0,88
7963,[0.49006874 0.48801947],64,40,"[0.4758590512403852, 0.5317248607280546]",0,-1
7964,[0.45802707 0.65567558],15,0,"[0.4226395002574949, 0.6460584349087278]",0,-1
7965,[0.27963398 0.74158469],16,12,"[0.2822438507480652, 0.7105313788319401]",0,-1
7966,[0.84403919 0.78246531],62,41,"[0.8492841799095646, 0.8019622424543851]",0,-1
7967,[0.40967848 0.69108124],6,0,"[0.4226395002574949, 0.6460584349087278]",0,-1
7968,[0.83349116 0.56037073],27,13,"[0.843760744736157, 0.5166552078676889]",0,14
7969,[0.15628781 0.56829394],17,80,"[0.15990270049190128, 0.5986117043755352]",0,-1
7970,[0.19858366 0.42656507],44,23,"[0.2032497039719594, 0.393824370774819]",0,-1
7971,[0.70354973 0.32121845],54,3,"[0.6759399092328674, 0.32128183561871837]",0,-1
7972,[0.16389634 0.73386235],31,43,"[0.15465866632935668, 0.7523522483084468]",0,-1
7973,[0.3720841  0.38332273],14,1,"[0.3572487842659222, 0.41922446128046986]",0,89
7974,[0.62602778 0.44856562],34,68,"[0.6059400326152605, 0.4534475926518635]",0,-1
7975,[0.20030402 0.69267422],65,45,"[0.19601325606017345, 0.667358514260268]",0,-1
7976,[0.84456162 0.37216582],66,25,"[0.8211120104597844, 0.37574618786089475]",0,17
7977,[0.36248959 0.67024872],76,36,"[0.3536068858323266, 0.6613822308481206]",0,-1
7978,[0.77667509 0.39889578],30,25,"[0.8211120104597844, 0.37574618786089475]",0,-1
7979,[0.78304106 0.33121094],66,22,"[0.757272224425649, 0.33905999717339425]",0,-1
7980,[0.19063635 0.18837275],45,33,"[0.1898538969523832, 0.20289106741831933]",0,48
7981,[0.60381462 0.26098371],86,64,"[0.594073349455653, 0.28354489837534175]",0,-1
7982,[0.49208292 0.30549771],55,34,"[0.47832967363307105, 0.25654673669797673]",0,-1
7983,[0.44539877 0.66079949],15,0,"[0.4226395002574949, 0.6460584349087278]",0,88
7984,[0.87909517 0.53385241],27,13,"[0.843760744736157, 0.5166552078676889]",0,-1
7985,[0.40864976 0.39679748],38,17,"[0.4108830354862289, 0.4435508998593477]",0,89
7986,[0.71617545 0.35393088],68,4,"[0.7100353299176262, 0.3875574879176719]",0,21
7987,[0.37140521 0.37318127],14,6,"[0.40678448596985844, 0.34277371919698396]",0,89
7988,[0.6586921  0.32796305],91,3,"[0.6759399092328674, 0.32128183561871837]",0,-1
7989,[0.20210238 0.21445557],10,33,"[0.1898538969523832, 0.20289106741831933]",0,-1
7990,[0.54011775 0.88587317],93,18,"[0.527398606849523, 0.8662745321442044]",0,-1
7991,[0.84779519 0.48338799],83,13,"[0.843760744736157, 0.5166552078676889]",0,-1
7992,[0.69775977 0.61519137],35,72,"[0.7259305706267937, 0.621464812471517]",0,-1
7993,[0.51251089 0.08345086],33,99,"[0.5444828914688598, 0.07256639339212836]",0,-1
7994,[0.77708392 0.817131  ],21,48,"[0.7803433920128066, 0.8205948599681767]",0,-1
7995,[0.41841823 0.15854311],84,31,"[0.4191189173246286, 0.19329258812229377]",0,33
7996,[0.55400559 0.49137046],41,29,"[0.5812618174713859, 0.5240123764686471]",0,-1
7997,[0.18053678 0.47424894],26,51,"[0.1508950301577577, 0.45723062251398755]",0,-1
7998,[0.18244038 0.30327283],11,38,"[0.18350109397176653, 0.31916714902230253]",0,61
7999,[0.35904297 0.32268147],1,7,"[0.3321936611977011, 0.34293111744375654]",0,-1
8000,[0.19173978 0.20048384],45,33,"[0.1898538969523832, 0.20289106741831933]",0,-1
8001,[0.62588739 0.49353454],77,68,"[0.6059400326152605, 0.4534475926518635]",0,-1
8002,[0.82871618 0.51515502],3,13,"[0.843760744736157, 0.5166552078676889]",0,17
8003,[0.58489533 0.55670625],77,29,"[0.5812618174713859, 0.5240123764686471]",0,-1
8004,[0.74668083 0.3782122 ],40,4,"[0.7100353299176262, 0.3875574879176719]",0,21
8005,[0.81095683 0.77314637],62,63,"[0.7856877410353075, 0.7534945903126699]",0,-1
8006,[0.72627062 0.40777746],43,4,"[0.7100353299176262, 0.3875574879176719]",0,-1
8007,[0.76668759 0.48243057],3,15,"[0.7558016368645127, 0.4462797814247812]",0,-1
8008,[0.46818325 0.73955652],72,37,"[0.47348968360582744, 0.7125916710309903]",0,-1
8009,[0.32928297 0.63260592],51,36,"[0.3536068858323266, 0.6613822308481206]",0,-1
8010,[0.35322628 0.20015394],57,49,"[0.35418448506576955, 0.14329850428612353]",0,28
8011,[0.23545833 0.42973138],11,28,"[0.2520846559803125, 0.4621952512240386]",0,74
8012,[0.63190543 0.67330466],74,76,"[0.6483290776065068, 0.6569295539328516]",0,-1
8013,[0.40754334 0.56426052],7,50,"[0.3898476181838421, 0.5216929572274273]",0,-1
8014,[0.46081858 0.65220744],82,0,"[0.4226395002574949, 0.6460584349087278]",0,88
8015,[0.82821914 0.50103611],30,13,"[0.843760744736157, 0.5166552078676889]",0,17
8016,[0.78328538 0.37821015],61,25,"[0.8211120104597844, 0.37574618786089475]",0,20
8017,[0.36103758 0.47835571],8,50,"[0.3898476181838421, 0.5216929572274273]",0,77
8018,[0.47031296 0.59242493],41,2,"[0.4675886295436634, 0.6021765353351279]",0,-1
8019,[0.49564874 0.28706249],55,34,"[0.47832967363307105, 0.25654673669797673]",0,-1
8020,[0.16672686 0.17964368],10,33,"[0.1898538969523832, 0.20289106741831933]",0,-1
8021,[0.82405265 0.5064352 ],63,13,"[0.843760744736157, 0.5166552078676889]",0,17
8022,[0.16097126 0.61293496],23,80,"[0.15990270049190128, 0.5986117043755352]",0,-1
8023,[0.32333352 0.40780983],42,1,"[0.3572487842659222, 0.41922446128046986]",0,-1
8024,[0.21895501 0.77030308],65,11,"[0.22353793679767786, 0.7478364040140648]",0,-1
8025,[0.15486419 0.1650699 ],45,81,"[0.13426292668090453, 0.163935928071412]",0,-1
8026,[0.2817944  0.70471703],19,12,"[0.2822438507480652, 0.7105313788319401]",0,54
8027,[0.90729815 0.31912365],80,83,"[0.8762199555116444, 0.3404048051239979]",-1,-1
8028,[0.79588437 0.62472434],99,47,"[0.8091525442233867, 0.6013457413252116]",0,-1
8029,[0.42724696 0.38399535],92,42,"[0.47090413605197745, 0.3706753216883814]",0,-1
8030,[0.31388412 0.23002859],58,27,"[0.29001319373773415, 0.21087702736570366]",0,-1
8031,[0.15183344 0.33319236],11,38,"[0.18350109397176653, 0.31916714902230253]",0,-1
8032,[0.19496309 0.16672802],45,33,"[0.1898538969523832, 0.20289106741831933]",0,48
8033,[0.10765542 0.76680536],0,94,"[0.08336279277630905, 0.7423055088738316]",0,-1
8034,[0.82567564 0.49103603],27,13,"[0.843760744736157, 0.5166552078676889]",0,-1
8035,[0.63893787 0.56661776],49,9,"[0.6184830434267037, 0.586333469678524]",0,68
8036,[0.35656706 0.4708621 ],14,1,"[0.3572487842659222, 0.41922446128046986]",0,77
8037,[0.75662589 0.73433237],46,63,"[0.7856877410353075, 0.7534945903126699]",0,-1
8038,[0.63581033 0.41336317],61,10,"[0.6398799516193626, 0.38844091859549007]",0,-1
8039,[0.43955499 0.77167901],94,16,"[0.45898902168994016, 0.8115000101692392]",0,30
8040,[0.06663192 0.8140093 ],39,86,"[0.11333449837233942, 0.8035791769910723]",-1,-1
8041,[0.56063009 0.84287332],79,18,"[0.527398606849523, 0.8662745321442044]",0,-1
8042,[0.86088379 0.18317403],36,88,"[0.8567588921418147, 0.17457306337920828]",0,-1
8043,[0.27131233 0.34303132],81,19,"[0.2847353251184853, 0.39005308479636985]",0,-1
8044,[0.20999153 0.35174366],26,38,"[0.18350109397176653, 0.31916714902230253]",0,62
8045,[0.27111012 0.28895229],58,24,"[0.23531691667485555, 0.27209662123665185]",0,-1
8046,[0.23832823 0.1155536 ],10,52,"[0.2294764018471187, 0.143723856671554]",0,-1
8047,[0.71981091 0.54538274],87,53,"[0.6955018555560987, 0.5389599645427405]",0,-1
8048,[0.29391527 0.43225215],81,19,"[0.2847353251184853, 0.39005308479636985]",0,-1
8049,[0.34830583 0.39706729],8,1,"[0.3572487842659222, 0.41922446128046986]",0,89
8050,[0.48546599 0.22797316],52,34,"[0.47832967363307105, 0.25654673669797673]",0,-1
8051,[0.81555689 0.80049618],96,41,"[0.8492841799095646, 0.8019622424543851]",0,13
8052,[0.41019106 0.73784562],56,58,"[0.37887936110594184, 0.7334391897891285]",0,-1
8053,[0.58338731 0.65846356],75,5,"[0.54876158375065, 0.6433749135954844]",0,-1
8054,[0.39955154 0.41788392],64,17,"[0.4108830354862289, 0.4435508998593477]",0,89
8055,[0.47341277 0.60557782],6,2,"[0.4675886295436634, 0.6021765353351279]",0,-1
8056,[0.86256125 0.86186233],21,87,"[0.8925149589987491, 0.8617277435613537]",0,-1
8057,[0.8973846  0.52818724],27,92,"[0.9291777218511399, 0.5053403904093751]",0,-1
8058,[0.19628893 0.09414606],10,89,"[0.15862126123377812, 0.09531060003677258]",0,-1
8059,[0.69730293 0.15789671],89,70,"[0.6986975952159088, 0.16842470592263856]",0,-1
8060,[0.34943898 0.66320602],20,36,"[0.3536068858323266, 0.6613822308481206]",0,-1
8061,[0.14407349 0.2096045 ],5,33,"[0.1898538969523832, 0.20289106741831933]",0,-1
8062,[0.91399256 0.49365041],43,92,"[0.9291777218511399, 0.5053403904093751]",0,-1
8063,[0.82163202 0.36114888],66,25,"[0.8211120104597844, 0.37574618786089475]",0,-1
8064,[0.61221602 0.73075194],24,57,"[0.6165364982648931, 0.7310583472769618]",0,-1
8065,[0.57577167 0.55059368],13,29,"[0.5812618174713859, 0.5240123764686471]",0,88
8066,[0.68511958 0.75294923],70,60,"[0.7001338409322506, 0.7409401695756385]",0,15
8067,[0.57385144 0.66260816],75,5,"[0.54876158375065, 0.6433749135954844]",0,-1
8068,[0.33354855 0.41417419],81,1,"[0.3572487842659222, 0.41922446128046986]",0,-1
8069,[0.55675539 0.26120046],89,64,"[0.594073349455653, 0.28354489837534175]",0,-1
8070,[0.4413084  0.13612511],84,74,"[0.4464145664830302, 0.11749079524673668]",0,-1
8071,[0.31664734 0.73482767],18,12,"[0.2822438507480652, 0.7105313788319401]",0,-1
8072,[0.21440872 0.81942588],31,69,"[0.18889864315739, 0.8195957758801673]",0,-1
8073,[0.27365119 0.73776274],16,12,"[0.2822438507480652, 0.7105313788319401]",0,-1
8074,[0.53002947 0.6783529 ],75,5,"[0.54876158375065, 0.6433749135954844]",0,-1
8075,[0.4917817  0.21504236],88,34,"[0.47832967363307105, 0.25654673669797673]",0,-1
8076,[0.75425973 0.3387871 ],66,22,"[0.757272224425649, 0.33905999717339425]",0,-1
8077,[0.47099707 0.17835904],33,56,"[0.4908116515444846, 0.16632592191374188]",0,-1
8078,[0.31103221 0.39947442],9,19,"[0.2847353251184853, 0.39005308479636985]",0,-1
8079,[0.45482632 0.67087284],15,0,"[0.4226395002574949, 0.6460584349087278]",0,-1
8080,[0.76994353 0.50126349],83,32,"[0.7786163905873836, 0.5211842185039978]",0,-1
8081,[0.87339677 0.81852674],85,41,"[0.8492841799095646, 0.8019622424543851]",0,-1
8082,[0.64218965 0.38572393],71,10,"[0.6398799516193626, 0.38844091859549007]",0,21
8083,[0.38511707 0.79778161],78,54,"[0.36959478636682913, 0.8084550989826409]",0,23
8084,[0.20450405 0.81799777],31,69,"[0.18889864315739, 0.8195957758801673]",0,-1
8085,[0.52264805 0.84118965],60,18,"[0.527398606849523, 0.8662745321442044]",0,37
8086,[0.7396216  0.17486169],89,70,"[0.6986975952159088, 0.16842470592263856]",0,-1
8087,[0.15800002 0.61544991],17,80,"[0.15990270049190128, 0.5986117043755352]",0,-1
8088,[0.78678074 0.3706535 ],66,25,"[0.8211120104597844, 0.37574618786089475]",0,20
8089,[0.31911311 0.43480684],42,1,"[0.3572487842659222, 0.41922446128046986]",0,-1
8090,[0.68763953 0.18598199],95,70,"[0.6986975952159088, 0.16842470592263856]",0,5
8091,[0.70717943 0.18035427],95,70,"[0.6986975952159088, 0.16842470592263856]",0,-1
8092,[0.692576  0.4085486],68,4,"[0.7100353299176262, 0.3875574879176719]",0,21
8093,[0.7893668  0.82645838],62,48,"[0.7803433920128066, 0.8205948599681767]",0,-1
8094,[0.53840247 0.54593137],37,20,"[0.5371890084085489, 0.5739528596094324]",0,81
8095,[0.82118104 0.2605287 ],36,66,"[0.8238364342627095, 0.2773691959806487]",0,-1
8096,[0.34240963 0.92120272],48,67,"[0.37743107737986015, 0.883213849264441]",0,-1
8097,[0.20035904 0.51237844],97,44,"[0.1912270592870895, 0.5359549801185394]",0,44
8098,[0.86004983 0.77075219],85,41,"[0.8492841799095646, 0.8019622424543851]",0,10
8099,[0.18855841 0.65932573],23,45,"[0.19601325606017345, 0.667358514260268]",0,40
8100,[0.629233   0.80617349],24,14,"[0.6208537257023621, 0.8045775614928529]",0,42
8101,[0.49553359 0.3748439 ],67,42,"[0.47090413605197745, 0.3706753216883814]",0,-1
8102,[0.53902814 0.79557735],72,46,"[0.5435344637313357, 0.7795756563374607]",0,-1
8103,[0.67427031 0.26993997],71,35,"[0.6545605605339905, 0.22500987532438183]",0,-1
8104,[0.78905768 0.61959698],63,47,"[0.8091525442233867, 0.6013457413252116]",0,-1
8105,[0.67621327 0.33080713],54,3,"[0.6759399092328674, 0.32128183561871837]",0,21
8106,[0.68922274 0.31798597],54,3,"[0.6759399092328674, 0.32128183561871837]",0,-1
8107,[0.51906509 0.15675961],33,56,"[0.4908116515444846, 0.16632592191374188]",0,-1
8108,[0.68706846 0.38430989],34,4,"[0.7100353299176262, 0.3875574879176719]",0,21
8109,[0.57120785 0.81928605],79,46,"[0.5435344637313357, 0.7795756563374607]",0,-1
8110,[0.80983949 0.41077821],83,25,"[0.8211120104597844, 0.37574618786089475]",0,-1
8111,[0.56289086 0.65345771],13,5,"[0.54876158375065, 0.6433749135954844]",0,-1
8112,[0.84736273 0.89668982],85,79,"[0.8263954992254994, 0.8681441505941476]",0,-1
8113,[0.39727745 0.61333347],82,30,"[0.36820757824267275, 0.5891561499462349]",0,88
8114,[0.81761847 0.83688466],85,79,"[0.8263954992254994, 0.8681441505941476]",0,13
8115,[0.31424808 0.117401  ],58,49,"[0.35418448506576955, 0.14329850428612353]",0,-1
8116,[0.75944245 0.55128355],3,32,"[0.7786163905873836, 0.5211842185039978]",0,-1
8117,[0.17391319 0.55683059],98,44,"[0.1912270592870895, 0.5359549801185394]",0,-1
8118,[0.45152339 0.29141228],52,34,"[0.47832967363307105, 0.25654673669797673]",0,-1
8119,[0.756023   0.65829428],46,72,"[0.7259305706267937, 0.621464812471517]",0,-1
8120,[0.16620003 0.76343426],39,43,"[0.15465866632935668, 0.7523522483084468]",0,51
8121,[0.45066704 0.13831207],73,74,"[0.4464145664830302, 0.11749079524673668]",0,-1
8122,[0.49008772 0.21168875],33,56,"[0.4908116515444846, 0.16632592191374188]",0,-1
8123,[0.71111182 0.40358388],2,4,"[0.7100353299176262, 0.3875574879176719]",0,21
8124,[0.56810982 0.83019178],72,18,"[0.527398606849523, 0.8662745321442044]",0,-1
8125,[0.63184194 0.40129747],61,10,"[0.6398799516193626, 0.38844091859549007]",0,-1
8126,[0.55276318 0.58571152],13,20,"[0.5371890084085489, 0.5739528596094324]",0,88
8127,[0.17565815 0.53006577],17,44,"[0.1912270592870895, 0.5359549801185394]",0,44
8128,[0.71544716 0.38900184],34,4,"[0.7100353299176262, 0.3875574879176719]",0,21
8129,[0.43576213 0.91643813],78,67,"[0.37743107737986015, 0.883213849264441]",-1,-1
8130,[0.49192031 0.57980011],12,2,"[0.4675886295436634, 0.6021765353351279]",0,88
8131,[0.5938196 0.2389123],86,61,"[0.5821749572804258, 0.2185848836493384]",0,7
8132,[0.58967763 0.26827251],86,64,"[0.594073349455653, 0.28354489837534175]",0,-1
8133,[0.4601549  0.65480295],6,0,"[0.4226395002574949, 0.6460584349087278]",0,88
8134,[0.73687032 0.33589756],54,22,"[0.757272224425649, 0.33905999717339425]",0,-1
8135,[0.1811692  0.23014423],32,33,"[0.1898538969523832, 0.20289106741831933]",0,-1
8136,[0.67647282 0.41427171],61,4,"[0.7100353299176262, 0.3875574879176719]",0,-1
8137,[0.17039329 0.35091693],11,38,"[0.18350109397176653, 0.31916714902230253]",0,-1
8138,[0.67757492 0.33719498],66,3,"[0.6759399092328674, 0.32128183561871837]",0,21
8139,[0.29549533 0.62475234],51,39,"[0.2596202559688416, 0.6257540185994204]",0,-1
8140,[0.80351657 0.5989498 ],99,47,"[0.8091525442233867, 0.6013457413252116]",0,-1
8141,[0.38005854 0.62160541],76,30,"[0.36820757824267275, 0.5891561499462349]",0,-1
8142,[0.42958592 0.32183405],4,6,"[0.40678448596985844, 0.34277371919698396]",0,-1
8143,[0.17386482 0.28798136],53,38,"[0.18350109397176653, 0.31916714902230253]",0,-1
8144,[0.67687686 0.57486393],49,53,"[0.6955018555560987, 0.5389599645427405]",0,-1
8145,[0.47306811 0.62020978],41,2,"[0.4675886295436634, 0.6021765353351279]",0,-1
8146,[0.2456683  0.66997716],16,39,"[0.2596202559688416, 0.6257540185994204]",0,53
8147,[0.85478936 0.51773938],87,13,"[0.843760744736157, 0.5166552078676889]",0,17
8148,[0.28501925 0.93762032],48,97,"[0.2279904617185373, 0.9146376924080816]",-1,-1
8149,[0.88880193 0.46950567],27,62,"[0.8921140984845523, 0.4428581583396137]",0,-1
8150,[0.57399121 0.65622066],74,5,"[0.54876158375065, 0.6433749135954844]",0,88
8151,[0.81842614 0.34741109],54,25,"[0.8211120104597844, 0.37574618786089475]",0,-1
8152,[0.27885218 0.77133442],48,26,"[0.2731213809151105, 0.8295374863795931]",0,-1
8153,[0.45034636 0.24692397],52,34,"[0.47832967363307105, 0.25654673669797673]",0,32
8154,[0.47920163 0.6525815 ],90,2,"[0.4675886295436634, 0.6021765353351279]",0,-1
8155,[0.38824181 0.22267994],25,31,"[0.4191189173246286, 0.19329258812229377]",0,-1
8156,[0.42779417 0.32079355],42,6,"[0.40678448596985844, 0.34277371919698396]",0,-1
8157,[0.42023246 0.65198609],6,0,"[0.4226395002574949, 0.6460584349087278]",0,88
8158,[0.50011183 0.57790513],41,20,"[0.5371890084085489, 0.5739528596094324]",0,-1
8159,[0.84018636 0.38522551],50,25,"[0.8211120104597844, 0.37574618786089475]",0,17
8160,[0.3424703  0.34930752],42,7,"[0.3321936611977011, 0.34293111744375654]",0,89
8161,[0.2522067  0.35037478],81,19,"[0.2847353251184853, 0.39005308479636985]",0,71
8162,[0.84143042 0.6134684 ],99,47,"[0.8091525442233867, 0.6013457413252116]",0,-1
8163,[0.1751127  0.40621794],44,23,"[0.2032497039719594, 0.393824370774819]",0,-1
8164,[0.25340573 0.82447329],18,26,"[0.2731213809151105, 0.8295374863795931]",0,-1
8165,[0.77964927 0.39459191],30,25,"[0.8211120104597844, 0.37574618786089475]",0,-1
8166,[0.83847271 0.28825991],80,66,"[0.8238364342627095, 0.2773691959806487]",0,-1
8167,[0.32271623 0.45455663],14,1,"[0.3572487842659222, 0.41922446128046986]",0,-1
8168,[0.5966746 0.5984992],35,9,"[0.6184830434267037, 0.586333469678524]",0,87
8169,[0.13934876 0.74462983],39,43,"[0.15465866632935668, 0.7523522483084468]",0,-1
8170,[0.14545283 0.60243501],17,80,"[0.15990270049190128, 0.5986117043755352]",0,-1
8171,[0.44364093 0.69844537],90,37,"[0.47348968360582744, 0.7125916710309903]",0,-1
8172,[0.8092854  0.44103003],66,8,"[0.8210079602672482, 0.4506152114933381]",0,17
8173,[0.51330395 0.81865199],72,46,"[0.5435344637313357, 0.7795756563374607]",0,-1
8174,[0.21632884 0.44446128],9,28,"[0.2520846559803125, 0.4621952512240386]",0,-1
8175,[0.72011309 0.29020807],86,55,"[0.7305076164562052, 0.2580112669411776]",0,-1
8176,[0.32975476 0.68936517],51,36,"[0.3536068858323266, 0.6613822308481206]",0,-1
8177,[0.73724741 0.53286215],28,53,"[0.6955018555560987, 0.5389599645427405]",0,-1
8178,[0.24629342 0.1740913 ],58,52,"[0.2294764018471187, 0.143723856671554]",0,64
8179,[0.43353633 0.82067544],78,16,"[0.45898902168994016, 0.8115000101692392]",0,-1
8180,[0.7414465  0.81791581],62,48,"[0.7803433920128066, 0.8205948599681767]",0,-1
8181,[0.58276378 0.82853439],79,14,"[0.6208537257023621, 0.8045775614928529]",0,-1
8182,[0.38054401 0.68818862],19,36,"[0.3536068858323266, 0.6613822308481206]",0,-1
8183,[0.72535542 0.47077153],50,15,"[0.7558016368645127, 0.4462797814247812]",0,-1
8184,[0.20929901 0.27829732],58,24,"[0.23531691667485555, 0.27209662123665185]",0,63
8185,[0.46457544 0.65342826],6,0,"[0.4226395002574949, 0.6460584349087278]",0,88
8186,[0.39390839 0.3931676 ],38,1,"[0.3572487842659222, 0.41922446128046986]",0,89
8187,[0.26200547 0.68845784],65,12,"[0.2822438507480652, 0.7105313788319401]",0,-1
8188,[0.81292474 0.50739231],83,13,"[0.843760744736157, 0.5166552078676889]",0,17
8189,[0.21682377 0.25862032],5,24,"[0.23531691667485555, 0.27209662123665185]",0,-1
8190,[0.1316677  0.42630474],98,51,"[0.1508950301577577, 0.45723062251398755]",0,-1
8191,[0.84693142 0.34537355],80,83,"[0.8762199555116444, 0.3404048051239979]",0,9
8192,[0.7892662 0.7672864],21,63,"[0.7856877410353075, 0.7534945903126699]",0,-1
8193,[0.7317537  0.28072872],54,55,"[0.7305076164562052, 0.2580112669411776]",0,-1
8194,[0.861453   0.87129718],96,87,"[0.8925149589987491, 0.8617277435613537]",0,-1
8195,[0.34109042 0.52721147],64,50,"[0.3898476181838421, 0.5216929572274273]",0,-1
8196,[0.85619583 0.56787306],27,59,"[0.8763268698051316, 0.579199170331017]",0,16
8197,[0.45609015 0.13957292],84,74,"[0.4464145664830302, 0.11749079524673668]",0,-1
8198,[0.69406831 0.40399108],34,4,"[0.7100353299176262, 0.3875574879176719]",0,21
8199,[0.64940266 0.27131466],89,35,"[0.6545605605339905, 0.22500987532438183]",0,-1
8200,[0.40167017 0.6534964 ],76,0,"[0.4226395002574949, 0.6460584349087278]",0,88
8201,[0.69052515 0.35724965],71,4,"[0.7100353299176262, 0.3875574879176719]",0,21
8202,[0.37853384 0.39954865],38,1,"[0.3572487842659222, 0.41922446128046986]",0,89
8203,[0.66681591 0.7698331 ],70,60,"[0.7001338409322506, 0.7409401695756385]",0,-1
8204,[0.14789319 0.22783849],32,84,"[0.1433957510634753, 0.2579081432754369]",0,-1
8205,[0.18818508 0.29858162],11,38,"[0.18350109397176653, 0.31916714902230253]",0,61
8206,[0.30729987 0.86109703],59,26,"[0.2731213809151105, 0.8295374863795931]",0,-1
8207,[0.93797829 0.42114422],30,62,"[0.8921140984845523, 0.4428581583396137]",0,-1
8208,[0.35645294 0.12723101],73,49,"[0.35418448506576955, 0.14329850428612353]",0,-1
8209,[0.45850445 0.51042429],7,40,"[0.4758590512403852, 0.5317248607280546]",0,-1
8210,[0.18699202 0.27651779],58,38,"[0.18350109397176653, 0.31916714902230253]",0,-1
8211,[0.24519521 0.22034916],5,27,"[0.29001319373773415, 0.21087702736570366]",0,65
8212,[0.35791999 0.34635253],47,7,"[0.3321936611977011, 0.34293111744375654]",0,89
8213,[0.17221804 0.38551022],53,23,"[0.2032497039719594, 0.393824370774819]",0,-1
8214,[0.57727943 0.46444117],4,68,"[0.6059400326152605, 0.4534475926518635]",0,-1
8215,[0.34697765 0.59001096],20,30,"[0.36820757824267275, 0.5891561499462349]",0,-1
8216,[0.35895397 0.35116858],1,7,"[0.3321936611977011, 0.34293111744375654]",0,89
8217,[0.69678964 0.60937833],49,72,"[0.7259305706267937, 0.621464812471517]",0,-1
8218,[0.23479868 0.19748582],58,33,"[0.1898538969523832, 0.20289106741831933]",0,-1
8219,[0.20212008 0.58153513],97,80,"[0.15990270049190128, 0.5986117043755352]",0,43
8220,[0.84310168 0.40026865],66,25,"[0.8211120104597844, 0.37574618786089475]",0,-1
8221,[0.52317621 0.47261029],4,75,"[0.5172236746686562, 0.4443369127615434]",0,-1
8222,[0.81305885 0.53389564],63,13,"[0.843760744736157, 0.5166552078676889]",0,17
8223,[0.28389281 0.46843591],81,28,"[0.2520846559803125, 0.4621952512240386]",0,-1
8224,[0.36381549 0.34713132],38,7,"[0.3321936611977011, 0.34293111744375654]",0,89
8225,[0.42198676 0.84247206],56,16,"[0.45898902168994016, 0.8115000101692392]",0,25
8226,[0.49144463 0.79720633],56,16,"[0.45898902168994016, 0.8115000101692392]",0,-1
8227,[0.70048307 0.81439018],79,-1,-1,0,-1
8228,[0.5315535  0.24373838],89,34,"[0.47832967363307105, 0.25654673669797673]",0,-1
8229,[0.48444008 0.69942076],6,37,"[0.47348968360582744, 0.7125916710309903]",0,-1
8230,[0.78810712 0.46426782],3,8,"[0.8210079602672482, 0.4506152114933381]",0,17
8231,[0.51007732 0.12003393],33,56,"[0.4908116515444846, 0.16632592191374188]",0,-1
8232,[0.55841496 0.21348816],33,61,"[0.5821749572804258, 0.2185848836493384]",0,-1
8233,[0.38207921 0.78820671],56,54,"[0.36959478636682913, 0.8084550989826409]",0,23
8234,[0.15462636 0.13093199],45,89,"[0.15862126123377812, 0.09531060003677258]",0,-1
8235,[0.17363042 0.8253929 ],59,69,"[0.18889864315739, 0.8195957758801673]",0,-1
8236,[0.72324981 0.27239809],91,55,"[0.7305076164562052, 0.2580112669411776]",0,-1
8237,[0.35554723 0.2923266 ],1,21,"[0.3571400957876323, 0.26942599959136726]",0,75
8238,[0.1927036 0.1416083],10,52,"[0.2294764018471187, 0.143723856671554]",0,48
8239,[0.42049315 0.5857787 ],76,2,"[0.4675886295436634, 0.6021765353351279]",0,-1
8240,[0.6630711  0.28424832],86,3,"[0.6759399092328674, 0.32128183561871837]",0,-1
8241,[0.18345112 0.5446733 ],17,44,"[0.1912270592870895, 0.5359549801185394]",0,44
8242,[0.58105423 0.58449963],74,9,"[0.6184830434267037, 0.586333469678524]",0,88
8243,[0.47265647 0.82457836],93,16,"[0.45898902168994016, 0.8115000101692392]",0,-1
8244,[0.46340176 0.1959666 ],52,56,"[0.4908116515444846, 0.16632592191374188]",0,34
8245,[0.50019043 0.86942919],60,18,"[0.527398606849523, 0.8662745321442044]",0,-1
8246,[0.26670614 0.66982923],65,12,"[0.2822438507480652, 0.7105313788319401]",0,-1
8247,[0.67426686 0.40137177],2,10,"[0.6398799516193626, 0.38844091859549007]",0,-1
8248,[0.83189572 0.55425129],63,13,"[0.843760744736157, 0.5166552078676889]",0,14
8249,[0.67452959 0.32067883],71,3,"[0.6759399092328674, 0.32128183561871837]",0,21
8250,[0.15542142 0.15459835],45,81,"[0.13426292668090453, 0.163935928071412]",0,-1
8251,[0.73357344 0.11433543],95,95,"[0.7517203864819665, 0.11417692930271928]",0,-1
8252,[0.23039638 0.19564983],45,33,"[0.1898538969523832, 0.20289106741831933]",0,-1
8253,[0.53581357 0.60238286],12,20,"[0.5371890084085489, 0.5739528596094324]",0,-1
8254,[0.56950311 0.7482598 ],79,46,"[0.5435344637313357, 0.7795756563374607]",0,-1
8255,[0.50799161 0.61636312],90,2,"[0.4675886295436634, 0.6021765353351279]",0,-1
8256,[0.62095266 0.75371024],70,57,"[0.6165364982648931, 0.7310583472769618]",0,36
8257,[0.86516176 0.38064967],50,83,"[0.8762199555116444, 0.3404048051239979]",0,-1
8258,[0.09670141 0.47097927],98,51,"[0.1508950301577577, 0.45723062251398755]",0,-1
8259,[0.39189493 0.50028052],38,50,"[0.3898476181838421, 0.5216929572274273]",0,-1
8260,[0.6651477  0.35043194],40,3,"[0.6759399092328674, 0.32128183561871837]",0,21
8261,[0.27818721 0.80270997],59,26,"[0.2731213809151105, 0.8295374863795931]",0,-1
8262,[0.85299995 0.42070399],30,8,"[0.8210079602672482, 0.4506152114933381]",0,-1
8263,[0.23971386 0.19163402],10,52,"[0.2294764018471187, 0.143723856671554]",0,64
8264,[0.40656878 0.32869137],38,6,"[0.40678448596985844, 0.34277371919698396]",0,-1
8265,[0.41723006 0.39710307],92,17,"[0.4108830354862289, 0.4435508998593477]",0,-1
8266,[0.61301535 0.58912368],75,9,"[0.6184830434267037, 0.586333469678524]",0,87
8267,[0.41408485 0.67814174],76,0,"[0.4226395002574949, 0.6460584349087278]",0,88
8268,[0.53578098 0.60781766],75,20,"[0.5371890084085489, 0.5739528596094324]",0,-1
8269,[0.76688822 0.60043551],28,47,"[0.8091525442233867, 0.6013457413252116]",0,-1
8270,[0.27230731 0.74385834],51,12,"[0.2822438507480652, 0.7105313788319401]",0,56
8271,[0.58319038 0.39282982],61,73,"[0.5684491373659465, 0.3759776977620393]",0,-1
8272,[0.0999848  0.78213072],39,86,"[0.11333449837233942, 0.8035791769910723]",0,-1
8273,[0.37046366 0.74856474],56,58,"[0.37887936110594184, 0.7334391897891285]",0,-1
8274,[0.66201794 0.29188181],71,3,"[0.6759399092328674, 0.32128183561871837]",0,22
8275,[0.75808911 0.38547689],50,22,"[0.757272224425649, 0.33905999717339425]",0,-1
8276,[0.63388377 0.34207891],71,10,"[0.6398799516193626, 0.38844091859549007]",0,19
8277,[0.20256315 0.34542842],22,38,"[0.18350109397176653, 0.31916714902230253]",0,62
8278,[0.16481191 0.35035632],26,38,"[0.18350109397176653, 0.31916714902230253]",0,-1
8279,[0.7331387  0.25230245],2,55,"[0.7305076164562052, 0.2580112669411776]",0,-1
8280,[0.17769934 0.52802407],97,44,"[0.1912270592870895, 0.5359549801185394]",0,44
8281,[0.19560471 0.54454762],98,44,"[0.1912270592870895, 0.5359549801185394]",0,44
8282,[0.35264656 0.49785992],8,50,"[0.3898476181838421, 0.5216929572274273]",0,-1
8283,[0.79127982 0.45495226],3,8,"[0.8210079602672482, 0.4506152114933381]",0,17
8284,[0.49532734 0.73354432],6,37,"[0.47348968360582744, 0.7125916710309903]",0,-1
8285,[0.68545278 0.34871272],34,3,"[0.6759399092328674, 0.32128183561871837]",0,21
8286,[0.36698122 0.41961333],81,1,"[0.3572487842659222, 0.41922446128046986]",0,89
8287,[0.51307649 0.68800035],75,37,"[0.47348968360582744, 0.7125916710309903]",0,-1
8288,[0.23599675 0.80311926],31,26,"[0.2731213809151105, 0.8295374863795931]",0,49
8289,[0.90368693 0.82072608],85,93,"[0.9128525281281048, 0.8015861505597924]",0,-1
8290,[0.16829036 0.23839559],5,84,"[0.1433957510634753, 0.2579081432754369]",0,-1
8291,[0.78839613 0.50802336],28,32,"[0.7786163905873836, 0.5211842185039978]",0,17
8292,[0.8064835 0.5646803],28,47,"[0.8091525442233867, 0.6013457413252116]",0,-1
8293,[0.86423536 0.47538872],43,62,"[0.8921140984845523, 0.4428581583396137]",0,-1
8294,[0.45828062 0.39201226],64,42,"[0.47090413605197745, 0.3706753216883814]",0,58
8295,[0.18378465 0.49406504],97,44,"[0.1912270592870895, 0.5359549801185394]",0,-1
8296,[0.59660217 0.65070574],74,5,"[0.54876158375065, 0.6433749135954844]",0,-1
8297,[0.34243563 0.60711727],82,30,"[0.36820757824267275, 0.5891561499462349]",0,-1
8298,[0.29332277 0.77903017],39,26,"[0.2731213809151105, 0.8295374863795931]",0,-1
8299,[0.13060525 0.72833199],0,43,"[0.15465866632935668, 0.7523522483084468]",0,-1
8300,[0.35586188 0.37862689],1,1,"[0.3572487842659222, 0.41922446128046986]",0,89
8301,[0.59277453 0.24749536],86,61,"[0.5821749572804258, 0.2185848836493384]",0,7
8302,[0.56287645 0.54645741],13,29,"[0.5812618174713859, 0.5240123764686471]",0,-1
8303,[0.62509489 0.83801706],79,14,"[0.6208537257023621, 0.8045775614928529]",0,-1
8304,[0.52319904 0.63745525],82,5,"[0.54876158375065, 0.6433749135954844]",0,-1
8305,[0.82634726 0.41390339],3,8,"[0.8210079602672482, 0.4506152114933381]",0,17
8306,[0.62988156 0.81369445],24,14,"[0.6208537257023621, 0.8045775614928529]",0,42
8307,[0.59754944 0.58774473],77,9,"[0.6184830434267037, 0.586333469678524]",0,87
8308,[0.4526573  0.67227812],6,0,"[0.4226395002574949, 0.6460584349087278]",0,-1
8309,[0.20230914 0.37496117],53,23,"[0.2032497039719594, 0.393824370774819]",0,-1
8310,[0.45594736 0.32567242],38,42,"[0.47090413605197745, 0.3706753216883814]",0,-1
8311,[0.85227179 0.29590425],80,66,"[0.8238364342627095, 0.2773691959806487]",0,-1
8312,[0.59696597 0.21913099],88,61,"[0.5821749572804258, 0.2185848836493384]",0,7
8313,[0.60096497 0.34611749],71,73,"[0.5684491373659465, 0.3759776977620393]",0,-1
8314,[0.44820077 0.18095006],25,31,"[0.4191189173246286, 0.19329258812229377]",0,34
8315,[0.21200754 0.45808288],26,28,"[0.2520846559803125, 0.4621952512240386]",0,-1
8316,[0.36294964 0.84946748],48,67,"[0.37743107737986015, 0.883213849264441]",0,-1
8317,[0.59853204 0.6240965 ],75,9,"[0.6184830434267037, 0.586333469678524]",0,-1
8318,[0.8492777  0.37457876],80,25,"[0.8211120104597844, 0.37574618786089475]",0,-1
8319,[0.25051122 0.63719931],17,39,"[0.2596202559688416, 0.6257540185994204]",0,52
8320,[0.11103661 0.73192296],39,94,"[0.08336279277630905, 0.7423055088738316]",0,-1
8321,[0.76984358 0.41604593],29,15,"[0.7558016368645127, 0.4462797814247812]",0,21
8322,[0.19602588 0.61418999],17,80,"[0.15990270049190128, 0.5986117043755352]",0,-1
8323,[0.29470341 0.76348201],51,12,"[0.2822438507480652, 0.7105313788319401]",0,-1
8324,[0.51292224 0.36070681],4,42,"[0.47090413605197745, 0.3706753216883814]",0,-1
8325,[0.36938938 0.58582612],20,30,"[0.36820757824267275, 0.5891561499462349]",0,-1
8326,[0.83415437 0.66316432],63,85,"[0.8584098981619135, 0.7196353557924977]",0,-1
8327,[0.60433306 0.55853033],37,9,"[0.6184830434267037, 0.586333469678524]",0,-1
8328,[0.61606539 0.72790245],79,57,"[0.6165364982648931, 0.7310583472769618]",0,-1
8329,[0.31130803 0.35236526],1,7,"[0.3321936611977011, 0.34293111744375654]",0,-1
8330,[0.35953842 0.47806726],8,50,"[0.3898476181838421, 0.5216929572274273]",0,77
8331,[0.63825386 0.55298818],13,9,"[0.6184830434267037, 0.586333469678524]",0,-1
8332,[0.30887657 0.67442038],51,12,"[0.2822438507480652, 0.7105313788319401]",0,-1
8333,[0.16085846 0.54652941],98,44,"[0.1912270592870895, 0.5359549801185394]",0,44
8334,[0.36783727 0.65670608],20,36,"[0.3536068858323266, 0.6613822308481206]",0,-1
8335,[0.67736207 0.80199366],70,14,"[0.6208537257023621, 0.8045775614928529]",0,-1
8336,[0.21292271 0.40580248],22,23,"[0.2032497039719594, 0.393824370774819]",0,-1
8337,[0.82148851 0.40970082],63,25,"[0.8211120104597844, 0.37574618786089475]",0,17
8338,[0.49998088 0.6012955 ],12,2,"[0.4675886295436634, 0.6021765353351279]",0,88
8339,[0.58122524 0.76107206],70,46,"[0.5435344637313357, 0.7795756563374607]",0,-1
8340,[0.57001524 0.83773432],72,18,"[0.527398606849523, 0.8662745321442044]",0,-1
8341,[0.83283881 0.22041452],36,78,"[0.7951539755354653, 0.19004804298167233]",0,0
8342,[0.74186549 0.34986999],80,22,"[0.757272224425649, 0.33905999717339425]",0,21
8343,[0.12259429 0.06587775],45,89,"[0.15862126123377812, 0.09531060003677258]",-1,-1
8344,[0.20501726 0.35946107],22,23,"[0.2032497039719594, 0.393824370774819]",0,62
8345,[0.43532315 0.6704175 ],15,0,"[0.4226395002574949, 0.6460584349087278]",0,-1
8346,[0.8768261  0.84010176],21,87,"[0.8925149589987491, 0.8617277435613537]",0,-1
8347,[0.38946184 0.31620616],81,6,"[0.40678448596985844, 0.34277371919698396]",0,-1
8348,[0.49471987 0.34259942],4,42,"[0.47090413605197745, 0.3706753216883814]",0,-1
8349,[0.7365269  0.37368369],66,4,"[0.7100353299176262, 0.3875574879176719]",0,-1
8350,[0.30989026 0.62331183],76,39,"[0.2596202559688416, 0.6257540185994204]",0,-1
8351,[0.42822297 0.25593215],25,34,"[0.47832967363307105, 0.25654673669797673]",0,-1
8352,[0.21006156 0.79560809],31,69,"[0.18889864315739, 0.8195957758801673]",0,49
8353,[0.34705635 0.34468072],42,7,"[0.3321936611977011, 0.34293111744375654]",0,89
8354,[0.61156198 0.3183313 ],71,64,"[0.594073349455653, 0.28354489837534175]",0,-1
8355,[0.57444554 0.48793389],77,29,"[0.5812618174713859, 0.5240123764686471]",0,-1
8356,[0.6220773  0.39774894],29,10,"[0.6398799516193626, 0.38844091859549007]",0,-1
8357,[0.13265695 0.80666253],39,86,"[0.11333449837233942, 0.8035791769910723]",0,-1
8358,[0.40126338 0.66071795],41,0,"[0.4226395002574949, 0.6460584349087278]",0,88
8359,[0.65108626 0.22607049],89,35,"[0.6545605605339905, 0.22500987532438183]",0,6
8360,[0.45143497 0.61661973],6,2,"[0.4675886295436634, 0.6021765353351279]",0,88
8361,[0.18808913 0.37101602],44,23,"[0.2032497039719594, 0.393824370774819]",0,62
8362,[0.73846222 0.48509498],87,15,"[0.7558016368645127, 0.4462797814247812]",0,-1
8363,[0.85614756 0.53744171],28,13,"[0.843760744736157, 0.5166552078676889]",0,17
8364,[0.88790582 0.79321178],85,93,"[0.9128525281281048, 0.8015861505597924]",0,-1
8365,[0.82083623 0.77584905],96,41,"[0.8492841799095646, 0.8019622424543851]",0,13
8366,[0.22634451 0.52179326],97,44,"[0.1912270592870895, 0.5359549801185394]",0,-1
8367,[0.76754296 0.35646459],66,22,"[0.757272224425649, 0.33905999717339425]",0,-1
8368,[0.28464221 0.70059953],51,12,"[0.2822438507480652, 0.7105313788319401]",0,54
8369,[0.31108399 0.28997416],47,21,"[0.3571400957876323, 0.26942599959136726]",0,75
8370,[0.75850863 0.49777319],3,32,"[0.7786163905873836, 0.5211842185039978]",0,-1
8371,[0.29992191 0.64132219],18,39,"[0.2596202559688416, 0.6257540185994204]",0,-1
8372,[0.55952378 0.40954447],4,73,"[0.5684491373659465, 0.3759776977620393]",0,-1
8373,[0.32369258 0.39494881],1,19,"[0.2847353251184853, 0.39005308479636985]",0,89
8374,[0.33056569 0.36746746],9,7,"[0.3321936611977011, 0.34293111744375654]",0,89
8375,[0.29156668 0.16680347],57,27,"[0.29001319373773415, 0.21087702736570366]",0,-1
8376,[0.17571126 0.43392489],26,51,"[0.1508950301577577, 0.45723062251398755]",0,70
8377,[0.1472     0.76407638],0,43,"[0.15465866632935668, 0.7523522483084468]",0,51
8378,[0.85367099 0.88653306],85,79,"[0.8263954992254994, 0.8681441505941476]",0,-1
8379,[0.41604059 0.66312921],15,0,"[0.4226395002574949, 0.6460584349087278]",0,88
8380,[0.69826864 0.28524426],89,55,"[0.7305076164562052, 0.2580112669411776]",0,18
8381,[0.2471053  0.36695179],22,19,"[0.2847353251184853, 0.39005308479636985]",0,-1
8382,[0.8040794  0.81111118],96,48,"[0.7803433920128066, 0.8205948599681767]",0,-1
8383,[0.58939441 0.82031567],79,14,"[0.6208537257023621, 0.8045775614928529]",0,-1
8384,[0.47599454 0.80468348],78,16,"[0.45898902168994016, 0.8115000101692392]",0,-1
8385,[0.47836683 0.56676394],41,40,"[0.4758590512403852, 0.5317248607280546]",0,-1
8386,[0.79346972 0.81906297],62,48,"[0.7803433920128066, 0.8205948599681767]",0,-1
8387,[0.64569211 0.38719237],29,10,"[0.6398799516193626, 0.38844091859549007]",0,21
8388,[0.52016237 0.58991147],77,20,"[0.5371890084085489, 0.5739528596094324]",0,-1
8389,[0.70621683 0.35571662],68,4,"[0.7100353299176262, 0.3875574879176719]",0,21
8390,[0.52855228 0.15486948],33,56,"[0.4908116515444846, 0.16632592191374188]",0,-1
8391,[0.46419    0.57389915],41,2,"[0.4675886295436634, 0.6021765353351279]",0,88
8392,[0.23210138 0.19971173],5,33,"[0.1898538969523832, 0.20289106741831933]",0,-1
8393,[0.53502756 0.42785661],4,75,"[0.5172236746686562, 0.4443369127615434]",0,-1
8394,[0.62314417 0.43649113],61,68,"[0.6059400326152605, 0.4534475926518635]",0,-1
8395,[0.68275649 0.33216787],2,3,"[0.6759399092328674, 0.32128183561871837]",0,21
8396,[0.68888321 0.27014284],89,55,"[0.7305076164562052, 0.2580112669411776]",0,-1
8397,[0.3835     0.35565363],38,6,"[0.40678448596985844, 0.34277371919698396]",0,89
8398,[0.84164598 0.91873442],85,96,"[0.8392361981886964, 0.9325288642954174]",0,-1
8399,[0.25558085 0.64192169],51,39,"[0.2596202559688416, 0.6257540185994204]",0,52
8400,[0.52287783 0.85799193],56,18,"[0.527398606849523, 0.8662745321442044]",0,-1
8401,[0.4979063  0.47199802],67,75,"[0.5172236746686562, 0.4443369127615434]",0,-1
8402,[0.83925292 0.78164225],96,41,"[0.8492841799095646, 0.8019622424543851]",0,-1
8403,[0.56916755 0.5005957 ],77,29,"[0.5812618174713859, 0.5240123764686471]",0,-1
8404,[0.17595126 0.26301631],11,84,"[0.1433957510634753, 0.2579081432754369]",0,-1
8405,[0.39466585 0.63833601],82,0,"[0.4226395002574949, 0.6460584349087278]",0,88
8406,[0.49658233 0.42192811],67,75,"[0.5172236746686562, 0.4443369127615434]",0,-1
8407,[0.33162965 0.44196659],14,1,"[0.3572487842659222, 0.41922446128046986]",0,-1
8408,[0.24730235 0.13762647],10,52,"[0.2294764018471187, 0.143723856671554]",0,-1
8409,[0.73329344 0.38686389],50,4,"[0.7100353299176262, 0.3875574879176719]",0,-1
8410,[0.91353231 0.46489114],83,62,"[0.8921140984845523, 0.4428581583396137]",0,-1
8411,[0.1678615  0.76835971],0,43,"[0.15465866632935668, 0.7523522483084468]",0,51
8412,[0.63324444 0.23329167],91,35,"[0.6545605605339905, 0.22500987532438183]",0,-1
8413,[0.75175739 0.65122721],99,72,"[0.7259305706267937, 0.621464812471517]",0,-1
8414,[0.79341519 0.36364514],80,25,"[0.8211120104597844, 0.37574618786089475]",0,20
8415,[0.35159154 0.36492491],92,7,"[0.3321936611977011, 0.34293111744375654]",0,89
8416,[0.19780473 0.58328031],23,80,"[0.15990270049190128, 0.5986117043755352]",0,43
8417,[0.31830952 0.64374526],20,36,"[0.3536068858323266, 0.6613822308481206]",0,-1
8418,[0.23022196 0.33506296],22,38,"[0.18350109397176653, 0.31916714902230253]",0,-1
8419,[0.17199031 0.68073946],39,45,"[0.19601325606017345, 0.667358514260268]",0,-1
8420,[0.19565434 0.76928702],39,11,"[0.22353793679767786, 0.7478364040140648]",0,-1
8421,[0.45758955 0.83283688],56,16,"[0.45898902168994016, 0.8115000101692392]",0,39
8422,[0.81258312 0.15875344],36,78,"[0.7951539755354653, 0.19004804298167233]",0,-1
8423,[0.3750506  0.28646861],25,21,"[0.3571400957876323, 0.26942599959136726]",0,-1
8424,[0.17754037 0.51363424],97,44,"[0.1912270592870895, 0.5359549801185394]",0,-1
8425,[0.84516094 0.43454046],30,8,"[0.8210079602672482, 0.4506152114933381]",0,17
8426,[0.5223659  0.39793725],4,75,"[0.5172236746686562, 0.4443369127615434]",0,-1
8427,[0.54359912 0.76655888],72,46,"[0.5435344637313357, 0.7795756563374607]",0,26
8428,[0.13691596 0.25376661],11,84,"[0.1433957510634753, 0.2579081432754369]",0,-1
8429,[0.78123639 0.27119322],80,66,"[0.8238364342627095, 0.2773691959806487]",0,1
8430,[0.3349194  0.47096073],14,1,"[0.3572487842659222, 0.41922446128046986]",0,78
8431,[0.58139984 0.28816749],86,64,"[0.594073349455653, 0.28354489837534175]",0,-1
8432,[0.62193027 0.38718483],29,10,"[0.6398799516193626, 0.38844091859549007]",0,-1
8433,[0.53144617 0.51126086],13,29,"[0.5812618174713859, 0.5240123764686471]",0,-1
8434,[0.67966666 0.19668599],95,70,"[0.6986975952159088, 0.16842470592263856]",0,5
8435,[0.08660038 0.56103269],17,77,"[0.10737865443478777, 0.5291217341624451]",0,-1
8436,[0.33487249 0.87526371],48,67,"[0.37743107737986015, 0.883213849264441]",0,-1
8437,[0.18351857 0.62949053],23,80,"[0.15990270049190128, 0.5986117043755352]",0,40
8438,[0.31646654 0.64888056],51,36,"[0.3536068858323266, 0.6613822308481206]",0,-1
8439,[0.89627071 0.44735372],30,62,"[0.8921140984845523, 0.4428581583396137]",0,-1
8440,[0.29581468 0.22763583],25,27,"[0.29001319373773415, 0.21087702736570366]",0,-1
8441,[0.41825365 0.43556408],14,17,"[0.4108830354862289, 0.4435508998593477]",0,82
8442,[0.37418405 0.48058093],14,50,"[0.3898476181838421, 0.5216929572274273]",0,-1
8443,[0.47006197 0.67604217],94,37,"[0.47348968360582744, 0.7125916710309903]",0,-1
8444,[0.64161395 0.81780026],24,14,"[0.6208537257023621, 0.8045775614928529]",0,-1
8445,[0.49711168 0.55482845],77,40,"[0.4758590512403852, 0.5317248607280546]",0,-1
8446,[0.26297634 0.68916746],18,12,"[0.2822438507480652, 0.7105313788319401]",0,-1
8447,[0.35269481 0.33059634],42,7,"[0.3321936611977011, 0.34293111744375654]",0,89
8448,[0.52520217 0.57028438],41,20,"[0.5371890084085489, 0.5739528596094324]",0,-1
8449,[0.8301339  0.59771535],99,47,"[0.8091525442233867, 0.6013457413252116]",0,-1
8450,[0.10057975 0.41691181],53,71,"[0.11481900251646894, 0.37559708088824]",0,-1
8451,[0.15540612 0.53168698],97,44,"[0.1912270592870895, 0.5359549801185394]",0,44
8452,[0.7746398 0.4030736],30,15,"[0.7558016368645127, 0.4462797814247812]",0,21
8453,[0.76982306 0.46651294],63,15,"[0.7558016368645127, 0.4462797814247812]",0,-1
8454,[0.09504652 0.42825269],44,71,"[0.11481900251646894, 0.37559708088824]",0,-1
8455,[0.26645759 0.80331889],59,26,"[0.2731213809151105, 0.8295374863795931]",0,-1
8456,[0.30209931 0.70366414],19,12,"[0.2822438507480652, 0.7105313788319401]",0,54
8457,[0.82949561 0.6940332 ],62,85,"[0.8584098981619135, 0.7196353557924977]",0,-1
8458,[0.11064548 0.33340108],53,71,"[0.11481900251646894, 0.37559708088824]",0,-1
8459,[0.40424934 0.78244595],78,54,"[0.36959478636682913, 0.8084550989826409]",0,-1
8460,[0.831435   0.44075024],83,8,"[0.8210079602672482, 0.4506152114933381]",0,17
8461,[0.07113472 0.80064591],39,86,"[0.11333449837233942, 0.8035791769910723]",-1,-1
8462,[0.40767384 0.14030291],84,74,"[0.4464145664830302, 0.11749079524673668]",0,-1
8463,[0.88384095 0.63612465],99,59,"[0.8763268698051316, 0.579199170331017]",0,-1
8464,[0.51822448 0.64683803],74,5,"[0.54876158375065, 0.6433749135954844]",0,-1
8465,[0.40471393 0.14389783],84,74,"[0.4464145664830302, 0.11749079524673668]",0,33
8466,[0.41850718 0.27155498],52,21,"[0.3571400957876323, 0.26942599959136726]",0,-1
8467,[0.71469184 0.47395558],29,15,"[0.7558016368645127, 0.4462797814247812]",0,-1
8468,[0.77490907 0.52359024],28,32,"[0.7786163905873836, 0.5211842185039978]",0,17
8469,[0.31605042 0.41712601],81,1,"[0.3572487842659222, 0.41922446128046986]",0,-1
8470,[0.39478787 0.19084609],57,31,"[0.4191189173246286, 0.19329258812229377]",0,31
8471,[0.20892132 0.74211449],59,11,"[0.22353793679767786, 0.7478364040140648]",0,57
8472,[0.47650481 0.64709914],6,2,"[0.4675886295436634, 0.6021765353351279]",0,88
8473,[0.76985549 0.85260758],62,48,"[0.7803433920128066, 0.8205948599681767]",0,-1
8474,[0.65016774 0.41990992],34,10,"[0.6398799516193626, 0.38844091859549007]",0,-1
8475,[0.23367916 0.47603122],81,28,"[0.2520846559803125, 0.4621952512240386]",0,-1
8476,[0.13012692 0.36815693],53,71,"[0.11481900251646894, 0.37559708088824]",0,-1
8477,[0.62168719 0.19440369],89,35,"[0.6545605605339905, 0.22500987532438183]",0,-1
8478,[0.48130946 0.54982148],41,40,"[0.4758590512403852, 0.5317248607280546]",0,-1
8479,[0.30734218 0.28105449],42,21,"[0.3571400957876323, 0.26942599959136726]",0,-1
8480,[0.91649329 0.88274454],85,87,"[0.8925149589987491, 0.8617277435613537]",-1,-1
8481,[0.48499271 0.62659593],12,2,"[0.4675886295436634, 0.6021765353351279]",0,88
8482,[0.32312729 0.36573827],47,7,"[0.3321936611977011, 0.34293111744375654]",0,89
8483,[0.45890279 0.5861935 ],69,2,"[0.4675886295436634, 0.6021765353351279]",0,-1
8484,[0.44663397 0.60765001],82,2,"[0.4675886295436634, 0.6021765353351279]",0,88
8485,[0.81739994 0.52728638],87,13,"[0.843760744736157, 0.5166552078676889]",0,17
8486,[0.63631387 0.81044179],24,14,"[0.6208537257023621, 0.8045775614928529]",0,42
8487,[0.6446593  0.57594663],13,9,"[0.6184830434267037, 0.586333469678524]",0,68
8488,[0.46781887 0.56676806],15,2,"[0.4675886295436634, 0.6021765353351279]",0,88
8489,[0.83607368 0.63561181],99,47,"[0.8091525442233867, 0.6013457413252116]",0,-1
8490,[0.85846322 0.51020354],83,13,"[0.843760744736157, 0.5166552078676889]",0,17
8491,[0.71488812 0.27023325],91,55,"[0.7305076164562052, 0.2580112669411776]",0,-1
8492,[0.82670081 0.76821824],21,41,"[0.8492841799095646, 0.8019622424543851]",0,13
8493,[0.33493514 0.40083863],22,1,"[0.3572487842659222, 0.41922446128046986]",0,89
8494,[0.37690451 0.35216721],42,6,"[0.40678448596985844, 0.34277371919698396]",0,89
8495,[0.22117779 0.46784827],9,28,"[0.2520846559803125, 0.4621952512240386]",0,60
8496,[0.79459055 0.22491345],36,78,"[0.7951539755354653, 0.19004804298167233]",0,-1
8497,[0.88582384 0.23062367],80,88,"[0.8567588921418147, 0.17457306337920828]",-1,-1
8498,[0.60302114 0.61084771],37,9,"[0.6184830434267037, 0.586333469678524]",0,87
8499,[0.28170789 0.26114272],11,24,"[0.23531691667485555, 0.27209662123665185]",0,-1
8500,[0.67489804 0.53211799],49,53,"[0.6955018555560987, 0.5389599645427405]",0,-1
8501,[0.46358772 0.56548783],82,40,"[0.4758590512403852, 0.5317248607280546]",0,88
8502,[0.82850466 0.57107654],27,47,"[0.8091525442233867, 0.6013457413252116]",0,-1
8503,[0.48679176 0.4998172 ],77,40,"[0.4758590512403852, 0.5317248607280546]",0,-1
8504,[0.20676722 0.69476293],39,45,"[0.19601325606017345, 0.667358514260268]",0,-1
8505,[0.7258919  0.27779273],54,55,"[0.7305076164562052, 0.2580112669411776]",0,-1
8506,[0.45358462 0.82523541],93,16,"[0.45898902168994016, 0.8115000101692392]",0,39
8507,[0.42229465 0.44145193],14,17,"[0.4108830354862289, 0.4435508998593477]",0,82
8508,[0.27155511 0.62444737],51,39,"[0.2596202559688416, 0.6257540185994204]",0,-1
8509,[0.39685124 0.78988677],78,54,"[0.36959478636682913, 0.8084550989826409]",0,-1
8510,[0.82168354 0.31479578],68,66,"[0.8238364342627095, 0.2773691959806487]",0,-1
8511,[0.52600981 0.7868942 ],60,46,"[0.5435344637313357, 0.7795756563374607]",0,-1
8512,[0.65009878 0.40138598],34,10,"[0.6398799516193626, 0.38844091859549007]",0,21
8513,[0.23967934 0.29501474],11,24,"[0.23531691667485555, 0.27209662123665185]",0,-1
8514,[0.42444306 0.61259559],15,0,"[0.4226395002574949, 0.6460584349087278]",0,88
8515,[0.12838824 0.72448833],39,43,"[0.15465866632935668, 0.7523522483084468]",0,-1
8516,[0.22350003 0.46582085],44,28,"[0.2520846559803125, 0.4621952512240386]",0,-1
8517,[0.6662384  0.37551742],61,10,"[0.6398799516193626, 0.38844091859549007]",0,21
8518,[0.87325269 0.3624587 ],80,83,"[0.8762199555116444, 0.3404048051239979]",0,-1
8519,[0.86861679 0.45802029],63,62,"[0.8921140984845523, 0.4428581583396137]",0,-1
8520,[0.68242754 0.55420963],49,53,"[0.6955018555560987, 0.5389599645427405]",0,-1
8521,[0.74061404 0.41197235],3,15,"[0.7558016368645127, 0.4462797814247812]",0,-1
8522,[0.18449594 0.4787126 ],97,51,"[0.1508950301577577, 0.45723062251398755]",0,-1
8523,[0.52070736 0.24828537],52,34,"[0.47832967363307105, 0.25654673669797673]",0,-1
8524,[0.54765393 0.56469899],13,20,"[0.5371890084085489, 0.5739528596094324]",0,88
8525,[0.47063229 0.61326048],41,2,"[0.4675886295436634, 0.6021765353351279]",0,88
8526,[0.72490524 0.3119501 ],2,22,"[0.757272224425649, 0.33905999717339425]",0,-1
8527,[0.32671213 0.75651569],18,58,"[0.37887936110594184, 0.7334391897891285]",0,-1
8528,[0.53087222 0.82236382],93,18,"[0.527398606849523, 0.8662745321442044]",0,-1
8529,[0.50159852 0.46615888],7,75,"[0.5172236746686562, 0.4443369127615434]",0,-1
8530,[0.78102052 0.38396461],80,25,"[0.8211120104597844, 0.37574618786089475]",0,20
8531,[0.6438688  0.72727381],70,57,"[0.6165364982648931, 0.7310583472769618]",0,-1
8532,[0.83762368 0.29485146],80,66,"[0.8238364342627095, 0.2773691959806487]",0,2
8533,[0.33107218 0.27513929],1,21,"[0.3571400957876323, 0.26942599959136726]",0,75
8534,[0.47556339 0.09936813],33,74,"[0.4464145664830302, 0.11749079524673668]",0,-1
8535,[0.12909431 0.51536466],17,77,"[0.10737865443478777, 0.5291217341624451]",0,-1
8536,[0.62783839 0.61135443],77,9,"[0.6184830434267037, 0.586333469678524]",0,76
8537,[0.3537922  0.18566929],57,49,"[0.35418448506576955, 0.14329850428612353]",0,28
8538,[0.53908049 0.53672811],37,20,"[0.5371890084085489, 0.5739528596094324]",0,-1
8539,[0.85258529 0.52384482],27,13,"[0.843760744736157, 0.5166552078676889]",0,17
8540,[0.47414108 0.36608528],67,42,"[0.47090413605197745, 0.3706753216883814]",0,-1
8541,[0.17681238 0.7383086 ],0,43,"[0.15465866632935668, 0.7523522483084468]",0,-1
8542,[0.65532938 0.39051504],40,10,"[0.6398799516193626, 0.38844091859549007]",0,21
8543,[0.34393625 0.75314388],56,58,"[0.37887936110594184, 0.7334391897891285]",0,-1
8544,[0.58899073 0.63560816],37,5,"[0.54876158375065, 0.6433749135954844]",0,-1
8545,[0.2337325  0.33940789],53,38,"[0.18350109397176653, 0.31916714902230253]",0,-1
8546,[0.21520017 0.36289592],9,23,"[0.2032497039719594, 0.393824370774819]",0,62
8547,[0.37645694 0.22372741],57,21,"[0.3571400957876323, 0.26942599959136726]",0,-1
8548,[0.76266889 0.28489492],80,55,"[0.7305076164562052, 0.2580112669411776]",0,-1
8549,[0.30090383 0.33042859],42,7,"[0.3321936611977011, 0.34293111744375654]",0,-1
8550,[0.2184791  0.14219326],10,52,"[0.2294764018471187, 0.143723856671554]",0,-1
8551,[0.60835662 0.38103723],61,10,"[0.6398799516193626, 0.38844091859549007]",0,11
8552,[0.63228088 0.29443426],68,64,"[0.594073349455653, 0.28354489837534175]",0,4
8553,[0.66851072 0.46923505],40,65,"[0.6636957553845171, 0.46135824588144125]",0,-1
8554,[0.74017395 0.6680429 ],46,72,"[0.7259305706267937, 0.621464812471517]",0,-1
8555,[0.63269426 0.43055232],40,68,"[0.6059400326152605, 0.4534475926518635]",0,-1
8556,[0.29421396 0.4101387 ],81,19,"[0.2847353251184853, 0.39005308479636985]",0,86
8557,[0.39434585 0.44454893],38,17,"[0.4108830354862289, 0.4435508998593477]",0,-1
8558,[0.51211061 0.90869697],93,18,"[0.527398606849523, 0.8662745321442044]",0,-1
8559,[0.82974682 0.89913215],85,79,"[0.8263954992254994, 0.8681441505941476]",0,-1
8560,[0.69469786 0.187282  ],95,70,"[0.6986975952159088, 0.16842470592263856]",0,5
8561,[0.15579774 0.19138516],45,81,"[0.13426292668090453, 0.163935928071412]",0,-1
8562,[0.72374794 0.32917041],91,22,"[0.757272224425649, 0.33905999717339425]",0,21
8563,[0.77273647 0.40388614],87,15,"[0.7558016368645127, 0.4462797814247812]",0,21
8564,[0.49746978 0.2002052 ],55,56,"[0.4908116515444846, 0.16632592191374188]",0,-1
8565,[0.6186369  0.83406444],24,14,"[0.6208537257023621, 0.8045775614928529]",0,41
8566,[0.43088733 0.19285512],84,31,"[0.4191189173246286, 0.19329258812229377]",0,35
8567,[0.18512299 0.22576462],5,33,"[0.1898538969523832, 0.20289106741831933]",0,67
8568,[0.41461238 0.60782895],82,0,"[0.4226395002574949, 0.6460584349087278]",0,88
8569,[0.60092462 0.82799428],79,14,"[0.6208537257023621, 0.8045775614928529]",0,-1
8570,[0.09486077 0.49990796],98,77,"[0.10737865443478777, 0.5291217341624451]",0,-1
8571,[0.64984858 0.64121439],49,76,"[0.6483290776065068, 0.6569295539328516]",0,-1
8572,[0.70377031 0.37090948],29,4,"[0.7100353299176262, 0.3875574879176719]",0,21
8573,[0.42850789 0.19195978],55,31,"[0.4191189173246286, 0.19329258812229377]",0,-1
8574,[0.40117143 0.30567233],67,6,"[0.40678448596985844, 0.34277371919698396]",0,-1
8575,[0.45314836 0.75976552],94,37,"[0.47348968360582744, 0.7125916710309903]",0,-1
8576,[0.74754457 0.28256893],54,55,"[0.7305076164562052, 0.2580112669411776]",0,-1
8577,[0.67386051 0.19858769],89,35,"[0.6545605605339905, 0.22500987532438183]",0,5
8578,[0.81406473 0.50337622],63,13,"[0.843760744736157, 0.5166552078676889]",0,17
8579,[0.29875602 0.86208763],48,26,"[0.2731213809151105, 0.8295374863795931]",0,-1
8580,[0.53732556 0.46121896],37,75,"[0.5172236746686562, 0.4443369127615434]",0,-1
8581,[0.56766809 0.85502753],60,18,"[0.527398606849523, 0.8662745321442044]",0,-1
8582,[0.47676528 0.64521768],6,2,"[0.4675886295436634, 0.6021765353351279]",0,-1
8583,[0.1704988 0.8369537],0,69,"[0.18889864315739, 0.8195957758801673]",0,-1
8584,[0.79521863 0.91592781],85,96,"[0.8392361981886964, 0.9325288642954174]",0,-1
8585,[0.83520135 0.76913625],21,41,"[0.8492841799095646, 0.8019622424543851]",0,-1
8586,[0.30149837 0.31770589],47,7,"[0.3321936611977011, 0.34293111744375654]",0,-1
8587,[0.13960161 0.77727527],0,43,"[0.15465866632935668, 0.7523522483084468]",0,51
8588,[0.1720509  0.73927572],39,43,"[0.15465866632935668, 0.7523522483084468]",0,-1
8589,[0.90749001 0.88419688],85,87,"[0.8925149589987491, 0.8617277435613537]",0,-1
8590,[0.35183238 0.33395819],47,7,"[0.3321936611977011, 0.34293111744375654]",0,89
8591,[0.22500103 0.76682011],16,11,"[0.22353793679767786, 0.7478364040140648]",0,57
8592,[0.6603166  0.55991696],49,53,"[0.6955018555560987, 0.5389599645427405]",0,-1
8593,[0.53715161 0.43750145],34,75,"[0.5172236746686562, 0.4443369127615434]",0,-1
8594,[0.31748616 0.49382279],92,-1,-1,0,-1
8595,[0.28571925 0.59644346],20,39,"[0.2596202559688416, 0.6257540185994204]",0,-1
8596,[0.34230154 0.87828756],48,67,"[0.37743107737986015, 0.883213849264441]",0,-1
8597,[0.46538222 0.663691  ],41,0,"[0.4226395002574949, 0.6460584349087278]",0,-1
8598,[0.3105349  0.90968317],48,-1,-1,0,-1
8599,[0.36731961 0.49797214],8,50,"[0.3898476181838421, 0.5216929572274273]",0,-1
8600,[0.26319448 0.3571929 ],22,19,"[0.2847353251184853, 0.39005308479636985]",0,-1
8601,[0.72947668 0.34630016],54,22,"[0.757272224425649, 0.33905999717339425]",0,-1
8602,[0.20566936 0.40068959],44,23,"[0.2032497039719594, 0.393824370774819]",0,72
8603,[0.82395576 0.82233902],85,41,"[0.8492841799095646, 0.8019622424543851]",0,13
8604,[0.8103749  0.43972913],50,8,"[0.8210079602672482, 0.4506152114933381]",0,17
8605,[0.21767748 0.26002432],5,24,"[0.23531691667485555, 0.27209662123665185]",0,-1
8606,[0.71018886 0.56150551],35,53,"[0.6955018555560987, 0.5389599645427405]",0,-1
8607,[0.15018101 0.39420617],44,71,"[0.11481900251646894, 0.37559708088824]",0,69
8608,[0.64764256 0.27910597],89,3,"[0.6759399092328674, 0.32128183561871837]",0,-1
8609,[0.94047525 0.83009727],96,93,"[0.9128525281281048, 0.8015861505597924]",0,-1
8610,[0.85122174 0.3861515 ],50,25,"[0.8211120104597844, 0.37574618786089475]",0,-1
8611,[0.41048157 0.47412686],8,17,"[0.4108830354862289, 0.4435508998593477]",0,80
8612,[0.64621259 0.38904115],40,10,"[0.6398799516193626, 0.38844091859549007]",0,21
8613,[0.22586038 0.68835944],19,45,"[0.19601325606017345, 0.667358514260268]",0,53
8614,[0.53470097 0.77271765],24,46,"[0.5435344637313357, 0.7795756563374607]",0,26
8615,[0.62822803 0.75262857],79,57,"[0.6165364982648931, 0.7310583472769618]",0,-1
8616,[0.77516464 0.3404798 ],50,22,"[0.757272224425649, 0.33905999717339425]",0,-1
8617,[0.16074557 0.18775073],45,33,"[0.1898538969523832, 0.20289106741831933]",0,-1
8618,[0.53422251 0.21327009],52,61,"[0.5821749572804258, 0.2185848836493384]",0,-1
8619,[0.43024765 0.45357263],14,17,"[0.4108830354862289, 0.4435508998593477]",0,-1
8620,[0.53548442 0.55492903],12,20,"[0.5371890084085489, 0.5739528596094324]",0,-1
8621,[0.38133195 0.49672887],92,50,"[0.3898476181838421, 0.5216929572274273]",0,-1
8622,[0.83858152 0.49819799],28,13,"[0.843760744736157, 0.5166552078676889]",0,17
8623,[0.63214464 0.49999726],34,65,"[0.6636957553845171, 0.46135824588144125]",0,-1
8624,[0.26323826 0.70846937],16,12,"[0.2822438507480652, 0.7105313788319401]",0,-1
8625,[0.59726386 0.77394135],24,14,"[0.6208537257023621, 0.8045775614928529]",0,-1
8626,[0.65576473 0.61898557],35,76,"[0.6483290776065068, 0.6569295539328516]",0,-1
8627,[0.2875742  0.41663278],22,19,"[0.2847353251184853, 0.39005308479636985]",0,86
8628,[0.35487221 0.61258564],20,30,"[0.36820757824267275, 0.5891561499462349]",0,-1
8629,[0.83603953 0.34955967],66,25,"[0.8211120104597844, 0.37574618786089475]",0,9
8630,[0.25317123 0.27471941],58,24,"[0.23531691667485555, 0.27209662123665185]",0,-1
8631,[0.40126253 0.67011612],15,0,"[0.4226395002574949, 0.6460584349087278]",0,88
8632,[0.65889801 0.84033862],24,14,"[0.6208537257023621, 0.8045775614928529]",0,-1
8633,[0.45651936 0.43421026],92,17,"[0.4108830354862289, 0.4435508998593477]",0,-1
8634,[0.92039154 0.42099058],30,62,"[0.8921140984845523, 0.4428581583396137]",0,-1
8635,[0.55836044 0.44794141],77,75,"[0.5172236746686562, 0.4443369127615434]",0,-1
8636,[0.56320715 0.35946666],61,73,"[0.5684491373659465, 0.3759776977620393]",0,-1
8637,[0.50704408 0.37236861],4,42,"[0.47090413605197745, 0.3706753216883814]",0,-1
8638,[0.29188933 0.62341215],18,39,"[0.2596202559688416, 0.6257540185994204]",0,-1
8639,[0.6534043  0.38165856],34,10,"[0.6398799516193626, 0.38844091859549007]",0,21
8640,[0.45380649 0.1665015 ],73,56,"[0.4908116515444846, 0.16632592191374188]",0,34
8641,[0.18530254 0.29600475],11,38,"[0.18350109397176653, 0.31916714902230253]",0,-1
8642,[0.18657742 0.72318394],16,43,"[0.15465866632935668, 0.7523522483084468]",0,-1
8643,[0.47505062 0.37117322],67,42,"[0.47090413605197745, 0.3706753216883814]",0,-1
8644,[0.40722144 0.20744475],84,31,"[0.4191189173246286, 0.19329258812229377]",0,31
8645,[0.26933714 0.23371697],47,27,"[0.29001319373773415, 0.21087702736570366]",0,-1
8646,[0.2280198  0.71512927],16,11,"[0.22353793679767786, 0.7478364040140648]",0,-1
8647,[0.71418333 0.42699835],40,4,"[0.7100353299176262, 0.3875574879176719]",0,-1
8648,[0.81065279 0.30194768],80,66,"[0.8238364342627095, 0.2773691959806487]",0,-1
8649,[0.59964878 0.66268827],74,76,"[0.6483290776065068, 0.6569295539328516]",0,-1
8650,[0.39670755 0.44413688],1,17,"[0.4108830354862289, 0.4435508998593477]",0,82
8651,[0.24671306 0.19632148],58,27,"[0.29001319373773415, 0.21087702736570366]",0,-1
8652,[0.28225797 0.75460433],16,12,"[0.2822438507480652, 0.7105313788319401]",0,-1
8653,[0.67291537 0.75851562],70,60,"[0.7001338409322506, 0.7409401695756385]",0,-1
8654,[0.71729503 0.28557022],54,55,"[0.7305076164562052, 0.2580112669411776]",0,-1
8655,[0.85711317 0.5606366 ],27,59,"[0.8763268698051316, 0.579199170331017]",0,16
8656,[0.60822864 0.60099083],77,9,"[0.6184830434267037, 0.586333469678524]",0,-1
8657,[0.18487703 0.79313558],0,69,"[0.18889864315739, 0.8195957758801673]",0,50
8658,[0.81361031 0.61623939],99,47,"[0.8091525442233867, 0.6013457413252116]",0,-1
8659,[0.15679186 0.13659795],45,81,"[0.13426292668090453, 0.163935928071412]",0,-1
8660,[0.97533078 0.58557587],63,-1,-1,-1,-1
8661,[0.50089354 0.54219582],37,40,"[0.4758590512403852, 0.5317248607280546]",0,-1
8662,[0.65579458 0.26302843],86,35,"[0.6545605605339905, 0.22500987532438183]",0,-1
8663,[0.58551408 0.64977967],74,5,"[0.54876158375065, 0.6433749135954844]",0,-1
8664,[0.85338505 0.80701454],85,41,"[0.8492841799095646, 0.8019622424543851]",0,-1
8665,[0.50478746 0.56916341],7,20,"[0.5371890084085489, 0.5739528596094324]",0,88
8666,[0.31359826 0.88914163],48,67,"[0.37743107737986015, 0.883213849264441]",0,-1
8667,[0.32901157 0.67522968],19,36,"[0.3536068858323266, 0.6613822308481206]",0,-1
8668,[0.84302607 0.45145429],30,8,"[0.8210079602672482, 0.4506152114933381]",0,-1
8669,[0.12542674 0.2601962 ],32,84,"[0.1433957510634753, 0.2579081432754369]",0,-1
8670,[0.74058273 0.31385461],2,22,"[0.757272224425649, 0.33905999717339425]",0,-1
8671,[0.588042   0.18769202],86,91,"[0.5747298360762695, 0.15930251145986343]",0,-1
8672,[0.81773399 0.23120714],80,66,"[0.8238364342627095, 0.2773691959806487]",0,-1
8673,[0.65131752 0.54939484],35,53,"[0.6955018555560987, 0.5389599645427405]",0,-1
8674,[0.70105563 0.67819075],46,76,"[0.6483290776065068, 0.6569295539328516]",0,-1
8675,[0.58181111 0.7470062 ],72,57,"[0.6165364982648931, 0.7310583472769618]",0,-1
8676,[0.84516523 0.52989234],63,13,"[0.843760744736157, 0.5166552078676889]",0,17
8677,[0.24878232 0.2312818 ],58,24,"[0.23531691667485555, 0.27209662123665185]",0,65
8678,[0.18650394 0.16071599],45,33,"[0.1898538969523832, 0.20289106741831933]",0,48
8679,[0.45299269 0.20720662],84,31,"[0.4191189173246286, 0.19329258812229377]",0,-1
8680,[0.72811772 0.74058518],46,60,"[0.7001338409322506, 0.7409401695756385]",0,-1
8681,[0.27797311 0.40434097],22,19,"[0.2847353251184853, 0.39005308479636985]",0,-1
8682,[0.6543022  0.75787841],24,57,"[0.6165364982648931, 0.7310583472769618]",0,-1
8683,[0.84089447 0.38157114],3,25,"[0.8211120104597844, 0.37574618786089475]",0,17
8684,[0.38203333 0.31461551],42,6,"[0.40678448596985844, 0.34277371919698396]",0,-1
8685,[0.58808191 0.57191291],13,9,"[0.6184830434267037, 0.586333469678524]",0,88
8686,[0.42628936 0.40074765],64,17,"[0.4108830354862289, 0.4435508998593477]",0,-1
8687,[0.56156848 0.6433394 ],70,5,"[0.54876158375065, 0.6433749135954844]",0,88
8688,[0.45912905 0.55099944],82,40,"[0.4758590512403852, 0.5317248607280546]",0,-1
8689,[0.30966388 0.4048832 ],14,19,"[0.2847353251184853, 0.39005308479636985]",0,-1
8690,[0.28217472 0.82898448],31,26,"[0.2731213809151105, 0.8295374863795931]",0,-1
8691,[0.2957492 0.6743895],18,12,"[0.2822438507480652, 0.7105313788319401]",0,-1
8692,[0.3357669  0.43584109],81,1,"[0.3572487842659222, 0.41922446128046986]",0,-1
8693,[0.6113596  0.35897981],34,10,"[0.6398799516193626, 0.38844091859549007]",0,-1
8694,[0.89130624 0.49503945],87,92,"[0.9291777218511399, 0.5053403904093751]",0,-1
8695,[0.76347799 0.39068281],2,22,"[0.757272224425649, 0.33905999717339425]",0,-1
8696,[0.54318267 0.57359639],82,20,"[0.5371890084085489, 0.5739528596094324]",0,88
8697,[0.48029371 0.57788575],7,2,"[0.4675886295436634, 0.6021765353351279]",0,88
8698,[0.5212947  0.58118289],37,20,"[0.5371890084085489, 0.5739528596094324]",0,-1
8699,[0.42291021 0.33692661],55,6,"[0.40678448596985844, 0.34277371919698396]",0,-1
8700,[0.61715799 0.57463212],37,9,"[0.6184830434267037, 0.586333469678524]",0,-1
8701,[0.64917585 0.37124507],71,10,"[0.6398799516193626, 0.38844091859549007]",0,-1
8702,[0.24591539 0.40849933],9,19,"[0.2847353251184853, 0.39005308479636985]",0,74
8703,[0.7327355  0.32843561],54,22,"[0.757272224425649, 0.33905999717339425]",0,-1
8704,[0.11201684 0.44685117],98,51,"[0.1508950301577577, 0.45723062251398755]",0,-1
8705,[0.54802377 0.62150667],13,5,"[0.54876158375065, 0.6433749135954844]",0,88
8706,[0.35034779 0.72645553],51,58,"[0.37887936110594184, 0.7334391897891285]",0,-1
8707,[0.17832285 0.60610754],23,80,"[0.15990270049190128, 0.5986117043755352]",0,-1
8708,[0.78838285 0.78502534],62,63,"[0.7856877410353075, 0.7534945903126699]",0,12
8709,[0.39753157 0.8860107 ],78,67,"[0.37743107737986015, 0.883213849264441]",0,-1
8710,[0.18408618 0.23171499],5,33,"[0.1898538969523832, 0.20289106741831933]",0,66
8711,[0.82718248 0.45189552],43,8,"[0.8210079602672482, 0.4506152114933381]",0,17
8712,[0.3348207  0.28833963],47,21,"[0.3571400957876323, 0.26942599959136726]",0,75
8713,[0.65910019 0.42687986],40,65,"[0.6636957553845171, 0.46135824588144125]",0,21
8714,[0.74338733 0.41078925],68,15,"[0.7558016368645127, 0.4462797814247812]",0,-1
8715,[0.72910624 0.31736841],68,22,"[0.757272224425649, 0.33905999717339425]",0,-1
8716,[0.79681323 0.42366676],68,8,"[0.8210079602672482, 0.4506152114933381]",0,-1
8717,[0.820837   0.38862407],30,25,"[0.8211120104597844, 0.37574618786089475]",0,17
8718,[0.85469612 0.46751742],3,8,"[0.8210079602672482, 0.4506152114933381]",0,17
8719,[0.57536256 0.23413101],88,61,"[0.5821749572804258, 0.2185848836493384]",0,7
8720,[0.59398563 0.86085717],60,82,"[0.6132420785222222, 0.8710652413331001]",0,-1
8721,[0.29768551 0.22756191],57,27,"[0.29001319373773415, 0.21087702736570366]",0,-1
8722,[0.33098776 0.37631987],1,7,"[0.3321936611977011, 0.34293111744375654]",0,-1
8723,[0.85536711 0.37765554],50,25,"[0.8211120104597844, 0.37574618786089475]",0,-1
8724,[0.64742248 0.26158198],86,35,"[0.6545605605339905, 0.22500987532438183]",0,-1
8725,[0.21266637 0.38551831],44,23,"[0.2032497039719594, 0.393824370774819]",0,-1
8726,[0.6855557  0.21257576],36,35,"[0.6545605605339905, 0.22500987532438183]",0,-1
8727,[0.76742151 0.23911014],36,55,"[0.7305076164562052, 0.2580112669411776]",0,1
8728,[0.41425164 0.49951279],64,50,"[0.3898476181838421, 0.5216929572274273]",0,-1
8729,[0.36618417 0.14623149],57,49,"[0.35418448506576955, 0.14329850428612353]",0,-1
8730,[0.75601359 0.52733835],28,32,"[0.7786163905873836, 0.5211842185039978]",0,-1
8731,[0.57267978 0.63152495],74,5,"[0.54876158375065, 0.6433749135954844]",0,88
8732,[0.53835958 0.56561499],13,20,"[0.5371890084085489, 0.5739528596094324]",0,88
8733,[0.47024813 0.12482704],33,74,"[0.4464145664830302, 0.11749079524673668]",0,-1
8734,[0.71930602 0.37514283],61,4,"[0.7100353299176262, 0.3875574879176719]",0,21
8735,[0.37082668 0.61487932],20,30,"[0.36820757824267275, 0.5891561499462349]",0,-1
8736,[0.49939839 0.50061321],4,40,"[0.4758590512403852, 0.5317248607280546]",0,-1
8737,[0.45142338 0.61763331],12,2,"[0.4675886295436634, 0.6021765353351279]",0,88
8738,[0.65015821 0.50769309],77,65,"[0.6636957553845171, 0.46135824588144125]",0,-1
8739,[0.2053872 0.7180804],16,11,"[0.22353793679767786, 0.7478364040140648]",0,55
8740,[0.66798882 0.18397652],89,70,"[0.6986975952159088, 0.16842470592263856]",0,-1
8741,[0.21472802 0.81328378],65,69,"[0.18889864315739, 0.8195957758801673]",0,-1
8742,[0.23641083 0.73850971],31,11,"[0.22353793679767786, 0.7478364040140648]",0,-1
8743,[0.57537555 0.40752239],4,73,"[0.5684491373659465, 0.3759776977620393]",0,-1
8744,[0.52909213 0.63880219],74,5,"[0.54876158375065, 0.6433749135954844]",0,-1
8745,[0.86279264 0.31490739],66,83,"[0.8762199555116444, 0.3404048051239979]",0,-1
8746,[0.69795333 0.49187741],3,65,"[0.6636957553845171, 0.46135824588144125]",0,-1
8747,[0.26038629 0.75137109],16,11,"[0.22353793679767786, 0.7478364040140648]",0,56
8748,[0.48338484 0.27346484],55,34,"[0.47832967363307105, 0.25654673669797673]",0,27
8749,[0.2273918  0.31474752],5,24,"[0.23531691667485555, 0.27209662123665185]",0,-1
8750,[0.49318494 0.5139007 ],77,40,"[0.4758590512403852, 0.5317248607280546]",0,-1
8751,[0.37816156 0.40240435],1,1,"[0.3572487842659222, 0.41922446128046986]",0,89
8752,[0.60545371 0.16973547],88,91,"[0.5747298360762695, 0.15930251145986343]",0,-1
8753,[0.41275973 0.8557228 ],56,67,"[0.37743107737986015, 0.883213849264441]",0,-1
8754,[0.65930738 0.10765964],95,-1,-1,-1,-1
8755,[0.83310078 0.80489263],96,41,"[0.8492841799095646, 0.8019622424543851]",0,13
8756,[0.49788946 0.8548988 ],94,18,"[0.527398606849523, 0.8662745321442044]",0,-1
8757,[0.21564244 0.83919552],59,69,"[0.18889864315739, 0.8195957758801673]",0,-1
8758,[0.16142071 0.12396168],10,89,"[0.15862126123377812, 0.09531060003677258]",0,-1
8759,[0.36638608 0.46731417],64,1,"[0.3572487842659222, 0.41922446128046986]",0,-1
8760,[0.50217684 0.84367057],79,18,"[0.527398606849523, 0.8662745321442044]",0,-1
8761,[0.27420592 0.67462125],23,12,"[0.2822438507480652, 0.7105313788319401]",0,-1
8762,[0.18208357 0.39836802],26,23,"[0.2032497039719594, 0.393824370774819]",0,-1
8763,[0.83323605 0.76311898],96,41,"[0.8492841799095646, 0.8019622424543851]",0,-1
8764,[0.39593084 0.79384441],78,54,"[0.36959478636682913, 0.8084550989826409]",0,23
8765,[0.47651113 0.79013114],94,16,"[0.45898902168994016, 0.8115000101692392]",0,-1
8766,[0.63330734 0.28230215],71,64,"[0.594073349455653, 0.28354489837534175]",0,4
8767,[0.2539313  0.56916816],97,39,"[0.2596202559688416, 0.6257540185994204]",0,-1
8768,[0.63004225 0.29312026],89,64,"[0.594073349455653, 0.28354489837534175]",0,4
8769,[0.3950483  0.62237142],82,0,"[0.4226395002574949, 0.6460584349087278]",0,88
8770,[0.32368888 0.90459853],48,67,"[0.37743107737986015, 0.883213849264441]",0,-1
8771,[0.63947207 0.60958737],12,9,"[0.6184830434267037, 0.586333469678524]",0,-1
8772,[0.36166143 0.157384  ],73,49,"[0.35418448506576955, 0.14329850428612353]",0,28
8773,[0.14464611 0.61658643],17,80,"[0.15990270049190128, 0.5986117043755352]",0,-1
8774,[0.82303169 0.36171025],80,25,"[0.8211120104597844, 0.37574618786089475]",0,-1
8775,[0.14386052 0.2532682 ],32,84,"[0.1433957510634753, 0.2579081432754369]",0,-1
8776,[0.63329113 0.24036182],89,35,"[0.6545605605339905, 0.22500987532438183]",0,6
8777,[0.16475531 0.24115224],32,84,"[0.1433957510634753, 0.2579081432754369]",0,-1
8778,[0.24280602 0.42556624],9,28,"[0.2520846559803125, 0.4621952512240386]",0,74
8779,[0.81895387 0.83548341],21,79,"[0.8263954992254994, 0.8681441505941476]",0,13
8780,[0.22130987 0.26141407],32,24,"[0.23531691667485555, 0.27209662123665185]",0,-1
8781,[0.59574361 0.41937578],61,68,"[0.6059400326152605, 0.4534475926518635]",0,-1
8782,[0.70845567 0.17304579],95,70,"[0.6986975952159088, 0.16842470592263856]",0,-1
8783,[0.83902493 0.34503691],50,25,"[0.8211120104597844, 0.37574618786089475]",0,9
8784,[0.59489613 0.38814858],4,73,"[0.5684491373659465, 0.3759776977620393]",0,-1
8785,[0.56599636 0.34589839],4,73,"[0.5684491373659465, 0.3759776977620393]",0,-1
8786,[0.64351444 0.17302708],86,35,"[0.6545605605339905, 0.22500987532438183]",0,-1
8787,[0.33650196 0.41947221],1,1,"[0.3572487842659222, 0.41922446128046986]",0,89
8788,[0.19154138 0.81444179],31,69,"[0.18889864315739, 0.8195957758801673]",0,-1
8789,[0.8701589  0.54541782],27,59,"[0.8763268698051316, 0.579199170331017]",0,17
8790,[0.75441307 0.51633643],28,32,"[0.7786163905873836, 0.5211842185039978]",0,-1
8791,[0.07943276 0.49586984],98,77,"[0.10737865443478777, 0.5291217341624451]",0,-1
8792,[0.73585979 0.2423176 ],89,55,"[0.7305076164562052, 0.2580112669411776]",0,-1
8793,[0.70628455 0.35207264],54,4,"[0.7100353299176262, 0.3875574879176719]",0,21
8794,[0.60228254 0.55685011],35,9,"[0.6184830434267037, 0.586333469678524]",0,-1
8795,[0.37477017 0.38675563],67,1,"[0.3572487842659222, 0.41922446128046986]",0,89
8796,[0.79255985 0.47612838],87,8,"[0.8210079602672482, 0.4506152114933381]",0,17
8797,[0.44436061 0.59585453],69,2,"[0.4675886295436634, 0.6021765353351279]",0,88
8798,[0.38706446 0.7693128 ],15,58,"[0.37887936110594184, 0.7334391897891285]",0,23
8799,[0.66544644 0.2212427 ],88,35,"[0.6545605605339905, 0.22500987532438183]",0,-1
8800,[0.40422548 0.63242377],90,0,"[0.4226395002574949, 0.6460584349087278]",0,88
8801,[0.37104578 0.16220403],58,49,"[0.35418448506576955, 0.14329850428612353]",0,28
8802,[0.41436015 0.53385693],41,50,"[0.3898476181838421, 0.5216929572274273]",0,-1
8803,[0.41324107 0.61726869],69,0,"[0.4226395002574949, 0.6460584349087278]",0,88
8804,[0.3641523  0.24027561],47,21,"[0.3571400957876323, 0.26942599959136726]",0,-1
8805,[0.89223613 0.42740369],50,62,"[0.8921140984845523, 0.4428581583396137]",0,-1
8806,[0.81671273 0.43773271],50,8,"[0.8210079602672482, 0.4506152114933381]",0,17
8807,[0.32443805 0.62561329],90,36,"[0.3536068858323266, 0.6613822308481206]",0,-1
8808,[0.35859002 0.39470219],8,1,"[0.3572487842659222, 0.41922446128046986]",0,89
8809,[0.72187149 0.36539962],40,4,"[0.7100353299176262, 0.3875574879176719]",0,21
8810,[0.14305562 0.20476116],32,81,"[0.13426292668090453, 0.163935928071412]",0,-1
8811,[0.67827869 0.27541425],86,3,"[0.6759399092328674, 0.32128183561871837]",0,-1
8812,[0.32275379 0.19708045],11,27,"[0.29001319373773415, 0.21087702736570366]",0,-1
8813,[0.78033267 0.85450927],62,48,"[0.7803433920128066, 0.8205948599681767]",0,-1
8814,[0.37369071 0.12748458],73,49,"[0.35418448506576955, 0.14329850428612353]",0,-1
8815,[0.51409777 0.57341927],12,20,"[0.5371890084085489, 0.5739528596094324]",0,88
8816,[0.81621391 0.39455766],50,25,"[0.8211120104597844, 0.37574618786089475]",0,-1
8817,[0.17870227 0.52204018],97,44,"[0.1912270592870895, 0.5359549801185394]",0,44
8818,[0.20441447 0.68954185],16,45,"[0.19601325606017345, 0.667358514260268]",0,-1
8819,[0.67524114 0.36152487],61,3,"[0.6759399092328674, 0.32128183561871837]",0,21
8820,[0.38890919 0.30649007],55,6,"[0.40678448596985844, 0.34277371919698396]",0,-1
8821,[0.22226973 0.68235784],16,45,"[0.19601325606017345, 0.667358514260268]",0,53
8822,[0.2750241  0.83829723],59,26,"[0.2731213809151105, 0.8295374863795931]",0,-1
8823,[0.80095157 0.5747097 ],63,47,"[0.8091525442233867, 0.6013457413252116]",0,8
8824,[0.22598418 0.65861464],18,45,"[0.19601325606017345, 0.667358514260268]",0,52
8825,[0.41215134 0.45057103],8,17,"[0.4108830354862289, 0.4435508998593477]",0,82
8826,[0.3940211  0.83416644],94,54,"[0.36959478636682913, 0.8084550989826409]",0,-1
8827,[0.68550456 0.44963045],29,65,"[0.6636957553845171, 0.46135824588144125]",0,-1
8828,[0.19172892 0.37505634],26,23,"[0.2032497039719594, 0.393824370774819]",0,-1
8829,[0.22300447 0.71357941],18,11,"[0.22353793679767786, 0.7478364040140648]",0,-1
8830,[0.14771662 0.32397065],53,38,"[0.18350109397176653, 0.31916714902230253]",0,-1
8831,[0.40336901 0.83508124],78,54,"[0.36959478636682913, 0.8084550989826409]",0,-1
8832,[0.38065657 0.42937922],14,1,"[0.3572487842659222, 0.41922446128046986]",0,89
8833,[0.44810175 0.59033823],90,2,"[0.4675886295436634, 0.6021765353351279]",0,88
8834,[0.24343275 0.30421216],44,24,"[0.23531691667485555, 0.27209662123665185]",0,-1
8835,[0.81533644 0.48147628],43,8,"[0.8210079602672482, 0.4506152114933381]",0,17
8836,[0.20975803 0.28086208],32,24,"[0.23531691667485555, 0.27209662123665185]",0,63
8837,[0.57827853 0.79719777],70,46,"[0.5435344637313357, 0.7795756563374607]",0,-1
8838,[0.26286925 0.11849856],10,52,"[0.2294764018471187, 0.143723856671554]",0,-1
8839,[0.40077566 0.93243356],48,67,"[0.37743107737986015, 0.883213849264441]",-1,-1
8840,[0.42448471 0.2107243 ],84,31,"[0.4191189173246286, 0.19329258812229377]",0,35
8841,[0.10949923 0.74109794],0,94,"[0.08336279277630905, 0.7423055088738316]",0,-1
8842,[0.39993552 0.43569574],1,17,"[0.4108830354862289, 0.4435508998593477]",0,-1
8843,[0.93035779 0.39841313],30,62,"[0.8921140984845523, 0.4428581583396137]",-1,-1
8844,[0.12288665 0.27850381],53,84,"[0.1433957510634753, 0.2579081432754369]",0,-1
8845,[0.49395893 0.5868182 ],15,2,"[0.4675886295436634, 0.6021765353351279]",0,88
8846,[0.50692482 0.7014712 ],6,37,"[0.47348968360582744, 0.7125916710309903]",0,-1
8847,[0.24171983 0.3790733 ],47,23,"[0.2032497039719594, 0.393824370774819]",0,73
8848,[0.64346658 0.59359162],49,9,"[0.6184830434267037, 0.586333469678524]",0,-1
8849,[0.40107791 0.53789422],64,50,"[0.3898476181838421, 0.5216929572274273]",0,-1
8850,[0.70016808 0.14733391],95,70,"[0.6986975952159088, 0.16842470592263856]",0,-1
8851,[0.21126581 0.19661641],5,33,"[0.1898538969523832, 0.20289106741831933]",0,-1
8852,[0.68385831 0.72710959],46,60,"[0.7001338409322506, 0.7409401695756385]",0,15
8853,[0.47935458 0.68517366],6,37,"[0.47348968360582744, 0.7125916710309903]",0,-1
8854,[0.55542692 0.62512015],74,5,"[0.54876158375065, 0.6433749135954844]",0,88
8855,[0.5778144  0.62282661],74,5,"[0.54876158375065, 0.6433749135954844]",0,87
8856,[0.51211277 0.61537011],13,5,"[0.54876158375065, 0.6433749135954844]",0,-1
8857,[0.24810669 0.21541811],58,27,"[0.29001319373773415, 0.21087702736570366]",0,-1
8858,[0.38955031 0.26560044],57,21,"[0.3571400957876323, 0.26942599959136726]",0,-1
8859,[0.36113676 0.35195775],14,7,"[0.3321936611977011, 0.34293111744375654]",0,89
8860,[0.25442009 0.73586799],59,11,"[0.22353793679767786, 0.7478364040140648]",0,56
8861,[0.52047845 0.60906604],6,20,"[0.5371890084085489, 0.5739528596094324]",0,-1
8862,[0.55884299 0.84607796],79,18,"[0.527398606849523, 0.8662745321442044]",0,-1
8863,[0.86004292 0.82156346],21,41,"[0.8492841799095646, 0.8019622424543851]",0,-1
8864,[0.62529141 0.61693675],74,9,"[0.6184830434267037, 0.586333469678524]",0,-1
8865,[0.67563934 0.72489097],70,60,"[0.7001338409322506, 0.7409401695756385]",0,-1
8866,[0.74546119 0.39235833],66,4,"[0.7100353299176262, 0.3875574879176719]",0,-1
8867,[0.43414641 0.83875088],78,16,"[0.45898902168994016, 0.8115000101692392]",0,-1
8868,[0.17686081 0.44466492],98,51,"[0.1508950301577577, 0.45723062251398755]",0,70
8869,[0.6907672  0.19841566],95,70,"[0.6986975952159088, 0.16842470592263856]",0,5
8870,[0.1984055  0.45071024],26,51,"[0.1508950301577577, 0.45723062251398755]",0,-1
8871,[0.30435075 0.41628889],1,19,"[0.2847353251184853, 0.39005308479636985]",0,-1
8872,[0.42483411 0.41625394],1,17,"[0.4108830354862289, 0.4435508998593477]",0,-1
8873,[0.43672873 0.621798  ],15,0,"[0.4226395002574949, 0.6460584349087278]",0,88
8874,[0.81380315 0.67482159],99,85,"[0.8584098981619135, 0.7196353557924977]",0,-1
8875,[0.15460757 0.54475337],17,44,"[0.1912270592870895, 0.5359549801185394]",0,-1
8876,[0.35797932 0.1730634 ],73,49,"[0.35418448506576955, 0.14329850428612353]",0,28
8877,[0.22658777 0.5254495 ],97,44,"[0.1912270592870895, 0.5359549801185394]",0,-1
8878,[0.60032336 0.61368555],35,9,"[0.6184830434267037, 0.586333469678524]",0,87
8879,[0.82883188 0.2819493 ],91,66,"[0.8238364342627095, 0.2773691959806487]",0,-1
8880,[0.54881198 0.76059104],72,46,"[0.5435344637313357, 0.7795756563374607]",0,-1
8881,[0.68668352 0.12392458],95,70,"[0.6986975952159088, 0.16842470592263856]",0,-1
8882,[0.31815045 0.44390186],64,1,"[0.3572487842659222, 0.41922446128046986]",0,-1
8883,[0.06722322 0.61018733],17,-1,-1,-1,-1
8884,[0.79161076 0.4751    ],3,8,"[0.8210079602672482, 0.4506152114933381]",0,17
8885,[0.77785105 0.32334686],66,22,"[0.757272224425649, 0.33905999717339425]",0,-1
8886,[0.37401027 0.36012088],38,6,"[0.40678448596985844, 0.34277371919698396]",0,-1
8887,[0.37738847 0.22730293],25,21,"[0.3571400957876323, 0.26942599959136726]",0,-1
8888,[0.41950247 0.64320883],15,0,"[0.4226395002574949, 0.6460584349087278]",0,88
8889,[0.82340929 0.51251436],3,13,"[0.843760744736157, 0.5166552078676889]",0,17
8890,[0.37294731 0.84050266],48,54,"[0.36959478636682913, 0.8084550989826409]",0,-1
8891,[0.36715303 0.86044258],48,67,"[0.37743107737986015, 0.883213849264441]",0,-1
8892,[0.46422309 0.75921455],94,37,"[0.47348968360582744, 0.7125916710309903]",0,-1
8893,[0.3129184  0.37881625],81,19,"[0.2847353251184853, 0.39005308479636985]",0,89
8894,[0.23708599 0.38587878],44,23,"[0.2032497039719594, 0.393824370774819]",0,73
8895,[0.39811018 0.57950793],19,30,"[0.36820757824267275, 0.5891561499462349]",0,88
8896,[0.50255736 0.59144765],12,2,"[0.4675886295436634, 0.6021765353351279]",0,-1
8897,[0.86255397 0.15155887],36,88,"[0.8567588921418147, 0.17457306337920828]",0,-1
8898,[0.65580467 0.21427327],86,35,"[0.6545605605339905, 0.22500987532438183]",0,6
8899,[0.59658763 0.69116916],74,57,"[0.6165364982648931, 0.7310583472769618]",0,-1
8900,[0.81035188 0.62033178],27,47,"[0.8091525442233867, 0.6013457413252116]",0,-1
8901,[0.41424085 0.14941656],73,31,"[0.4191189173246286, 0.19329258812229377]",0,33
8902,[0.38666295 0.61025863],20,30,"[0.36820757824267275, 0.5891561499462349]",0,-1
8903,[0.77012319 0.41521747],68,15,"[0.7558016368645127, 0.4462797814247812]",0,21
8904,[0.49580173 0.63867635],75,2,"[0.4675886295436634, 0.6021765353351279]",0,85
8905,[0.85794954 0.83137415],96,41,"[0.8492841799095646, 0.8019622424543851]",0,-1
8906,[0.41956656 0.88832864],78,67,"[0.37743107737986015, 0.883213849264441]",0,-1
8907,[0.61630743 0.52416025],37,29,"[0.5812618174713859, 0.5240123764686471]",0,-1
8908,[0.90885383 0.84213537],96,87,"[0.8925149589987491, 0.8617277435613537]",0,-1
8909,[0.22989129 0.66363799],16,45,"[0.19601325606017345, 0.667358514260268]",0,-1
8910,[0.77951807 0.51249497],28,32,"[0.7786163905873836, 0.5211842185039978]",0,17
8911,[0.33867111 0.66759567],19,36,"[0.3536068858323266, 0.6613822308481206]",0,-1
8912,[0.27308065 0.23029994],10,27,"[0.29001319373773415, 0.21087702736570366]",0,-1
8913,[0.41090842 0.36812525],55,6,"[0.40678448596985844, 0.34277371919698396]",0,-1
8914,[0.35574775 0.82191165],48,54,"[0.36959478636682913, 0.8084550989826409]",0,-1
8915,[0.46690072 0.44718408],64,75,"[0.5172236746686562, 0.4443369127615434]",0,-1
8916,[0.6751836  0.33906079],86,3,"[0.6759399092328674, 0.32128183561871837]",0,21
8917,[0.20538998 0.58569695],17,80,"[0.15990270049190128, 0.5986117043755352]",0,-1
8918,[0.65459612 0.57488654],49,9,"[0.6184830434267037, 0.586333469678524]",0,-1
8919,[0.69669303 0.37234782],29,4,"[0.7100353299176262, 0.3875574879176719]",0,21
8920,[0.58515974 0.23366993],88,61,"[0.5821749572804258, 0.2185848836493384]",0,7
8921,[0.66905051 0.35392919],61,3,"[0.6759399092328674, 0.32128183561871837]",0,21
8922,[0.86265681 0.81550445],21,41,"[0.8492841799095646, 0.8019622424543851]",0,-1
8923,[0.38624066 0.27366733],84,21,"[0.3571400957876323, 0.26942599959136726]",0,-1
8924,[0.64152922 0.63198383],35,76,"[0.6483290776065068, 0.6569295539328516]",0,-1
8925,[0.41532255 0.8410899 ],78,16,"[0.45898902168994016, 0.8115000101692392]",0,25
8926,[0.3542906  0.40076655],92,1,"[0.3572487842659222, 0.41922446128046986]",0,89
8927,[0.74703476 0.31807517],91,22,"[0.757272224425649, 0.33905999717339425]",0,-1
8928,[0.80258852 0.20390813],36,78,"[0.7951539755354653, 0.19004804298167233]",0,0
8929,[0.83705608 0.50031626],43,13,"[0.843760744736157, 0.5166552078676889]",0,17
8930,[0.3648382  0.42556794],92,1,"[0.3572487842659222, 0.41922446128046986]",0,89
8931,[0.74561807 0.34817002],2,22,"[0.757272224425649, 0.33905999717339425]",0,21
8932,[0.53885029 0.79325297],60,46,"[0.5435344637313357, 0.7795756563374607]",0,-1
8933,[0.36802893 0.37552453],22,1,"[0.3572487842659222, 0.41922446128046986]",0,89
8934,[0.58072472 0.80219543],79,14,"[0.6208537257023621, 0.8045775614928529]",0,-1
8935,[0.6959077  0.23243813],89,35,"[0.6545605605339905, 0.22500987532438183]",0,-1
8936,[0.42745264 0.21984774],73,31,"[0.4191189173246286, 0.19329258812229377]",0,-1
8937,[0.83039835 0.83789156],62,79,"[0.8263954992254994, 0.8681441505941476]",0,13
8938,[0.0861704  0.76799191],0,94,"[0.08336279277630905, 0.7423055088738316]",0,-1
8939,[0.15927138 0.43998537],44,51,"[0.1508950301577577, 0.45723062251398755]",0,-1
8940,[0.71423625 0.32311322],91,3,"[0.6759399092328674, 0.32128183561871837]",0,18
8941,[0.38364123 0.44147052],64,17,"[0.4108830354862289, 0.4435508998593477]",0,-1
8942,[0.25592648 0.84661004],31,26,"[0.2731213809151105, 0.8295374863795931]",0,45
8943,[0.58884868 0.63303629],13,5,"[0.54876158375065, 0.6433749135954844]",0,-1
8944,[0.49159033 0.58420165],69,2,"[0.4675886295436634, 0.6021765353351279]",0,88
8945,[0.1078865  0.60977351],17,80,"[0.15990270049190128, 0.5986117043755352]",0,-1
8946,[0.7801855 0.7312346],21,63,"[0.7856877410353075, 0.7534945903126699]",0,-1
8947,[0.78308326 0.80157132],21,48,"[0.7803433920128066, 0.8205948599681767]",0,-1
8948,[0.70840426 0.17862656],89,70,"[0.6986975952159088, 0.16842470592263856]",0,-1
8949,[0.2429069  0.26096414],58,24,"[0.23531691667485555, 0.27209662123665185]",0,-1
8950,[0.41088208 0.48001908],8,17,"[0.4108830354862289, 0.4435508998593477]",0,80
8951,[0.23631932 0.34763193],26,23,"[0.2032497039719594, 0.393824370774819]",0,-1
8952,[0.73403896 0.22152408],95,55,"[0.7305076164562052, 0.2580112669411776]",0,-1
8953,[0.78728252 0.43812515],30,15,"[0.7558016368645127, 0.4462797814247812]",0,17
8954,[0.4344931  0.71863203],6,37,"[0.47348968360582744, 0.7125916710309903]",0,47
8955,[0.22896013 0.27104794],11,24,"[0.23531691667485555, 0.27209662123665185]",0,-1
8956,[0.81160584 0.73202589],21,63,"[0.7856877410353075, 0.7534945903126699]",0,-1
8957,[0.47583655 0.29776377],55,34,"[0.47832967363307105, 0.25654673669797673]",0,-1
8958,[0.43201187 0.38940017],67,42,"[0.47090413605197745, 0.3706753216883814]",0,-1
8959,[0.12002842 0.44602935],26,51,"[0.1508950301577577, 0.45723062251398755]",0,-1
8960,[0.24690833 0.88895373],48,97,"[0.2279904617185373, 0.9146376924080816]",0,-1
8961,[0.20896221 0.77083519],39,11,"[0.22353793679767786, 0.7478364040140648]",0,-1
8962,[0.60126325 0.867177  ],79,82,"[0.6132420785222222, 0.8710652413331001]",0,-1
8963,[0.32495497 0.12292587],57,49,"[0.35418448506576955, 0.14329850428612353]",0,-1
8964,[0.41878393 0.59988748],90,0,"[0.4226395002574949, 0.6460584349087278]",0,88
8965,[0.5814897  0.52961637],13,29,"[0.5812618174713859, 0.5240123764686471]",0,-1
8966,[0.48369197 0.67891502],6,37,"[0.47348968360582744, 0.7125916710309903]",0,-1
8967,[0.57421248 0.5258247 ],37,29,"[0.5812618174713859, 0.5240123764686471]",0,84
8968,[0.67836501 0.66732132],74,76,"[0.6483290776065068, 0.6569295539328516]",0,-1
8969,[0.79420984 0.49161927],87,32,"[0.7786163905873836, 0.5211842185039978]",0,17
8970,[0.87525807 0.63688884],99,59,"[0.8763268698051316, 0.579199170331017]",0,-1
8971,[0.70383924 0.2836341 ],91,55,"[0.7305076164562052, 0.2580112669411776]",0,18
8972,[0.14360136 0.16780546],45,81,"[0.13426292668090453, 0.163935928071412]",0,-1
8973,[0.086697   0.65365855],17,90,"[0.11769418158886381, 0.6663972759552037]",-1,-1
8974,[0.23878057 0.7967806 ],59,26,"[0.2731213809151105, 0.8295374863795931]",0,49
8975,[0.13375777 0.64596896],17,90,"[0.11769418158886381, 0.6663972759552037]",0,-1
8976,[0.82294233 0.84847639],85,79,"[0.8263954992254994, 0.8681441505941476]",0,13
8977,[0.58247049 0.43562382],34,68,"[0.6059400326152605, 0.4534475926518635]",0,-1
8978,[0.60829892 0.8458433 ],24,82,"[0.6132420785222222, 0.8710652413331001]",0,-1
8979,[0.77952257 0.54579511],99,32,"[0.7786163905873836, 0.5211842185039978]",0,-1
8980,[0.27978762 0.36875346],9,19,"[0.2847353251184853, 0.39005308479636985]",0,-1
8981,[0.44860471 0.3193564 ],14,6,"[0.40678448596985844, 0.34277371919698396]",0,-1
8982,[0.29558735 0.70853679],19,12,"[0.2822438507480652, 0.7105313788319401]",0,54
8983,[0.1524492  0.40107704],26,71,"[0.11481900251646894, 0.37559708088824]",0,69
8984,[0.69916662 0.61777765],49,72,"[0.7259305706267937, 0.621464812471517]",0,-1
8985,[0.37842782 0.33367579],67,6,"[0.40678448596985844, 0.34277371919698396]",0,-1
8986,[0.52220463 0.85388399],93,18,"[0.527398606849523, 0.8662745321442044]",0,-1
8987,[0.14486763 0.39416102],26,71,"[0.11481900251646894, 0.37559708088824]",0,-1
8988,[0.62780702 0.19350713],88,35,"[0.6545605605339905, 0.22500987532438183]",0,-1
8989,[0.44716889 0.38164657],55,42,"[0.47090413605197745, 0.3706753216883814]",0,58
8990,[0.83792051 0.83815242],96,79,"[0.8263954992254994, 0.8681441505941476]",0,-1
8991,[0.66636697 0.8278942 ],72,14,"[0.6208537257023621, 0.8045775614928529]",0,-1
8992,[0.25478692 0.28640689],11,24,"[0.23531691667485555, 0.27209662123665185]",0,-1
8993,[0.24087805 0.42398699],92,28,"[0.2520846559803125, 0.4621952512240386]",0,74
8994,[0.59343453 0.85379858],79,82,"[0.6132420785222222, 0.8710652413331001]",0,-1
8995,[0.64331323 0.59462727],35,9,"[0.6184830434267037, 0.586333469678524]",0,-1
8996,[0.49973636 0.83926376],60,18,"[0.527398606849523, 0.8662745321442044]",0,38
8997,[0.40898601 0.49737215],8,50,"[0.3898476181838421, 0.5216929572274273]",0,-1
8998,[0.28592914 0.32227624],58,7,"[0.3321936611977011, 0.34293111744375654]",0,-1
8999,[0.25102685 0.80932722],59,26,"[0.2731213809151105, 0.8295374863795931]",0,-1
9000,[0.86150077 0.43145176],50,62,"[0.8921140984845523, 0.4428581583396137]",0,-1
9001,[0.88067668 0.81563038],96,41,"[0.8492841799095646, 0.8019622424543851]",0,-1
9002,[0.53333063 0.69072231],75,5,"[0.54876158375065, 0.6433749135954844]",0,-1
9003,[0.22019755 0.58697419],97,39,"[0.2596202559688416, 0.6257540185994204]",0,-1
9004,[0.28416503 0.74992288],18,12,"[0.2822438507480652, 0.7105313788319401]",0,-1
9005,[0.23153159 0.84436679],59,26,"[0.2731213809151105, 0.8295374863795931]",0,45
9006,[0.5133314  0.56359517],13,20,"[0.5371890084085489, 0.5739528596094324]",0,88
9007,[0.27148013 0.74719238],19,12,"[0.2822438507480652, 0.7105313788319401]",0,56
9008,[0.5234278  0.20243249],88,56,"[0.4908116515444846, 0.16632592191374188]",0,-1
9009,[0.39794526 0.37517633],92,6,"[0.40678448596985844, 0.34277371919698396]",0,89
9010,[0.43984402 0.3657233 ],92,42,"[0.47090413605197745, 0.3706753216883814]",0,58
9011,[0.4956163  0.30152114],4,34,"[0.47832967363307105, 0.25654673669797673]",0,-1
9012,[0.68701541 0.76369895],46,60,"[0.7001338409322506, 0.7409401695756385]",0,-1
9013,[0.18750552 0.79425569],0,69,"[0.18889864315739, 0.8195957758801673]",0,50
9014,[0.77789236 0.52401313],28,32,"[0.7786163905873836, 0.5211842185039978]",0,17
9015,[0.83050573 0.34991021],30,25,"[0.8211120104597844, 0.37574618786089475]",0,9
9016,[0.28056837 0.60967706],23,39,"[0.2596202559688416, 0.6257540185994204]",0,-1
9017,[0.96831827 0.74506268],96,-1,-1,-1,-1
9018,[0.54153047 0.22293252],52,61,"[0.5821749572804258, 0.2185848836493384]",0,-1
9019,[0.58248091 0.58453934],74,9,"[0.6184830434267037, 0.586333469678524]",0,88
9020,[0.34816527 0.73237633],19,58,"[0.37887936110594184, 0.7334391897891285]",0,-1
9021,[0.85310321 0.5067432 ],43,13,"[0.843760744736157, 0.5166552078676889]",0,17
9022,[0.35004741 0.42804146],9,1,"[0.3572487842659222, 0.41922446128046986]",0,-1
9023,[0.4636221  0.88472764],93,18,"[0.527398606849523, 0.8662745321442044]",0,-1
9024,[0.48751538 0.08164083],33,74,"[0.4464145664830302, 0.11749079524673668]",0,-1
9025,[0.33335317 0.60548285],20,30,"[0.36820757824267275, 0.5891561499462349]",0,-1
9026,[0.13110527 0.24990364],11,84,"[0.1433957510634753, 0.2579081432754369]",0,-1
9027,[0.3513899  0.33221483],47,7,"[0.3321936611977011, 0.34293111744375654]",0,89
9028,[0.80660522 0.53110699],63,32,"[0.7786163905873836, 0.5211842185039978]",0,-1
9029,[0.2133341  0.68471594],16,45,"[0.19601325606017345, 0.667358514260268]",0,53
9030,[0.36530649 0.78938795],78,54,"[0.36959478636682913, 0.8084550989826409]",0,-1
9031,[0.09360084 0.14649181],45,81,"[0.13426292668090453, 0.163935928071412]",-1,-1
9032,[0.78077509 0.3616393 ],80,22,"[0.757272224425649, 0.33905999717339425]",0,20
9033,[0.67907601 0.73501853],79,60,"[0.7001338409322506, 0.7409401695756385]",0,15
9034,[0.57452466 0.24291436],88,61,"[0.5821749572804258, 0.2185848836493384]",0,7
9035,[0.84711638 0.82529614],85,41,"[0.8492841799095646, 0.8019622424543851]",0,-1
9036,[0.40451799 0.20583904],52,31,"[0.4191189173246286, 0.19329258812229377]",0,31
9037,[0.84286907 0.38831961],66,25,"[0.8211120104597844, 0.37574618786089475]",0,17
9038,[0.77930128 0.33874336],54,22,"[0.757272224425649, 0.33905999717339425]",0,-1
9039,[0.3782546  0.19068282],57,31,"[0.4191189173246286, 0.19329258812229377]",0,-1
9040,[0.40862642 0.59794394],76,30,"[0.36820757824267275, 0.5891561499462349]",0,88
9041,[0.84495424 0.62573953],99,47,"[0.8091525442233867, 0.6013457413252116]",0,-1
9042,[0.55619133 0.61803508],41,5,"[0.54876158375065, 0.6433749135954844]",0,88
9043,[0.83610943 0.58671306],27,47,"[0.8091525442233867, 0.6013457413252116]",0,-1
9044,[0.17889386 0.76550084],31,43,"[0.15465866632935668, 0.7523522483084468]",0,-1
9045,[0.4466367  0.54238045],64,40,"[0.4758590512403852, 0.5317248607280546]",0,-1
9046,[0.19316614 0.52123969],17,44,"[0.1912270592870895, 0.5359549801185394]",0,-1
9047,[0.22465229 0.27564036],58,24,"[0.23531691667485555, 0.27209662123665185]",0,63
9048,[0.57989961 0.342489  ],71,73,"[0.5684491373659465, 0.3759776977620393]",0,-1
9049,[0.39633583 0.33264209],92,6,"[0.40678448596985844, 0.34277371919698396]",0,-1
9050,[0.43685844 0.6587468 ],82,0,"[0.4226395002574949, 0.6460584349087278]",0,88
9051,[0.47017693 0.69012106],75,37,"[0.47348968360582744, 0.7125916710309903]",0,-1
9052,[0.78675981 0.78630547],85,63,"[0.7856877410353075, 0.7534945903126699]",0,12
9053,[0.75119682 0.35803602],2,22,"[0.757272224425649, 0.33905999717339425]",0,21
9054,[0.48876971 0.85409425],93,18,"[0.527398606849523, 0.8662745321442044]",0,-1
9055,[0.45446004 0.71797677],6,37,"[0.47348968360582744, 0.7125916710309903]",0,-1
9056,[0.38327781 0.32591978],1,6,"[0.40678448596985844, 0.34277371919698396]",0,-1
9057,[0.6368253  0.30651766],71,3,"[0.6759399092328674, 0.32128183561871837]",0,4
9058,[0.24505561 0.70465157],51,12,"[0.2822438507480652, 0.7105313788319401]",0,-1
9059,[0.69100031 0.79115615],24,60,"[0.7001338409322506, 0.7409401695756385]",0,-1
9060,[0.39118154 0.65042812],90,0,"[0.4226395002574949, 0.6460584349087278]",0,88
9061,[0.56505608 0.57351475],37,20,"[0.5371890084085489, 0.5739528596094324]",0,-1
9062,[0.21169798 0.25074918],10,24,"[0.23531691667485555, 0.27209662123665185]",0,66
9063,[0.2388527  0.63142206],51,39,"[0.2596202559688416, 0.6257540185994204]",0,-1
9064,[0.62304949 0.35163338],4,10,"[0.6398799516193626, 0.38844091859549007]",0,19
9065,[0.68250331 0.12893599],89,70,"[0.6986975952159088, 0.16842470592263856]",0,-1
9066,[0.27731996 0.21149911],5,27,"[0.29001319373773415, 0.21087702736570366]",0,-1
9067,[0.49936545 0.78057214],56,46,"[0.5435344637313357, 0.7795756563374607]",0,-1
9068,[0.636485   0.37685102],71,10,"[0.6398799516193626, 0.38844091859549007]",0,-1
9069,[0.61698853 0.469281  ],4,68,"[0.6059400326152605, 0.4534475926518635]",0,-1
9070,[0.84418409 0.7418874 ],96,85,"[0.8584098981619135, 0.7196353557924977]",0,-1
9071,[0.81271749 0.45150373],50,8,"[0.8210079602672482, 0.4506152114933381]",0,17
9072,[0.45580766 0.8256674 ],78,16,"[0.45898902168994016, 0.8115000101692392]",0,-1
9073,[0.24829685 0.76067258],51,11,"[0.22353793679767786, 0.7478364040140648]",0,-1
9074,[0.61248904 0.81237058],72,14,"[0.6208537257023621, 0.8045775614928529]",0,42
9075,[0.41847148 0.55106582],7,50,"[0.3898476181838421, 0.5216929572274273]",0,-1
9076,[0.85966089 0.93277396],85,96,"[0.8392361981886964, 0.9325288642954174]",0,-1
9077,[0.20716579 0.51455738],17,44,"[0.1912270592870895, 0.5359549801185394]",0,-1
9078,[0.48397043 0.15712623],52,56,"[0.4908116515444846, 0.16632592191374188]",0,-1
9079,[0.24484038 0.41880262],97,28,"[0.2520846559803125, 0.4621952512240386]",0,74
9080,[0.3789668  0.66237058],15,36,"[0.3536068858323266, 0.6613822308481206]",0,-1
9081,[0.50420197 0.10515049],33,99,"[0.5444828914688598, 0.07256639339212836]",0,-1
9082,[0.68859567 0.40899751],40,4,"[0.7100353299176262, 0.3875574879176719]",0,21
9083,[0.27105507 0.204783  ],58,27,"[0.29001319373773415, 0.21087702736570366]",0,-1
9084,[0.27589996 0.44424183],9,28,"[0.2520846559803125, 0.4621952512240386]",0,-1
9085,[0.44434402 0.64553864],82,0,"[0.4226395002574949, 0.6460584349087278]",0,88
9086,[0.30901859 0.35190795],42,7,"[0.3321936611977011, 0.34293111744375654]",0,-1
9087,[0.34561745 0.68753945],20,36,"[0.3536068858323266, 0.6613822308481206]",0,-1
9088,[0.40873409 0.30438471],25,6,"[0.40678448596985844, 0.34277371919698396]",0,-1
9089,[0.34284281 0.34260602],47,7,"[0.3321936611977011, 0.34293111744375654]",0,89
9090,[0.33213148 0.44355889],67,1,"[0.3572487842659222, 0.41922446128046986]",0,-1
9091,[0.46530133 0.28268414],52,34,"[0.47832967363307105, 0.25654673669797673]",0,27
9092,[0.50896872 0.09778167],33,99,"[0.5444828914688598, 0.07256639339212836]",0,-1
9093,[0.80412941 0.52488802],28,32,"[0.7786163905873836, 0.5211842185039978]",0,-1
9094,[0.71317304 0.21523823],95,55,"[0.7305076164562052, 0.2580112669411776]",0,3
9095,[0.89164845 0.28248061],80,83,"[0.8762199555116444, 0.3404048051239979]",-1,-1
9096,[0.20929639 0.82357476],31,69,"[0.18889864315739, 0.8195957758801673]",0,-1
9097,[0.85374908 0.56473668],27,59,"[0.8763268698051316, 0.579199170331017]",0,16
9098,[0.7168792  0.44573781],68,15,"[0.7558016368645127, 0.4462797814247812]",0,-1
9099,[0.80954703 0.31792538],91,66,"[0.8238364342627095, 0.2773691959806487]",0,-1
9100,[0.38413254 0.67135844],90,36,"[0.3536068858323266, 0.6613822308481206]",0,-1
9101,[0.75233098 0.74320228],62,63,"[0.7856877410353075, 0.7534945903126699]",0,15
9102,[0.85665629 0.74579265],96,85,"[0.8584098981619135, 0.7196353557924977]",0,-1
9103,[0.34558777 0.16931931],84,49,"[0.35418448506576955, 0.14329850428612353]",0,28
9104,[0.68185261 0.09674897],95,-1,-1,-1,-1
9105,[0.25493073 0.40534054],9,19,"[0.2847353251184853, 0.39005308479636985]",0,74
9106,[0.20395171 0.25580246],5,24,"[0.23531691667485555, 0.27209662123665185]",0,66
9107,[0.88486972 0.44534591],87,62,"[0.8921140984845523, 0.4428581583396137]",0,-1
9108,[0.45118828 0.23495319],84,34,"[0.47832967363307105, 0.25654673669797673]",0,32
9109,[0.46500015 0.83523184],78,16,"[0.45898902168994016, 0.8115000101692392]",0,39
9110,[0.54441382 0.86645259],60,18,"[0.527398606849523, 0.8662745321442044]",0,-1
9111,[0.34027325 0.54269338],8,50,"[0.3898476181838421, 0.5216929572274273]",0,-1
9112,[0.58778511 0.62681982],74,5,"[0.54876158375065, 0.6433749135954844]",0,87
9113,[0.2772587  0.29718437],1,24,"[0.23531691667485555, 0.27209662123665185]",0,-1
9114,[0.32128953 0.54169769],82,30,"[0.36820757824267275, 0.5891561499462349]",0,-1
9115,[0.87136026 0.67598581],27,85,"[0.8584098981619135, 0.7196353557924977]",-1,-1
9116,[0.51692314 0.57537343],12,20,"[0.5371890084085489, 0.5739528596094324]",0,88
9117,[0.34965612 0.36093942],14,7,"[0.3321936611977011, 0.34293111744375654]",0,89
9118,[0.50893669 0.7016606 ],75,37,"[0.47348968360582744, 0.7125916710309903]",0,-1
9119,[0.82773873 0.32300402],54,66,"[0.8238364342627095, 0.2773691959806487]",0,-1
9120,[0.19309634 0.17181848],10,33,"[0.1898538969523832, 0.20289106741831933]",0,48
9121,[0.24085503 0.62105117],51,39,"[0.2596202559688416, 0.6257540185994204]",0,-1
9122,[0.81020681 0.81362746],85,48,"[0.7803433920128066, 0.8205948599681767]",0,-1
9123,[0.43813902 0.30734501],67,6,"[0.40678448596985844, 0.34277371919698396]",0,-1
9124,[0.72235151 0.42378064],50,4,"[0.7100353299176262, 0.3875574879176719]",0,-1
9125,[0.14122788 0.43813228],44,51,"[0.1508950301577577, 0.45723062251398755]",0,-1
9126,[0.30525431 0.71516601],19,12,"[0.2822438507480652, 0.7105313788319401]",0,-1
9127,[0.6582608  0.91659699],79,82,"[0.6132420785222222, 0.8710652413331001]",-1,-1
9128,[0.62986336 0.41904631],34,10,"[0.6398799516193626, 0.38844091859549007]",0,-1
9129,[0.14392326 0.17981226],45,81,"[0.13426292668090453, 0.163935928071412]",0,-1
9130,[0.20084474 0.24113031],10,33,"[0.1898538969523832, 0.20289106741831933]",0,66
9131,[0.66230727 0.4340746 ],2,65,"[0.6636957553845171, 0.46135824588144125]",0,-1
9132,[0.42883474 0.26554351],84,34,"[0.47832967363307105, 0.25654673669797673]",0,-1
9133,[0.63840372 0.25467979],95,35,"[0.6545605605339905, 0.22500987532438183]",0,-1
9134,[0.58690613 0.23916038],86,61,"[0.5821749572804258, 0.2185848836493384]",0,7
9135,[0.40632808 0.20500384],73,31,"[0.4191189173246286, 0.19329258812229377]",0,31
9136,[0.44562537 0.17052491],84,31,"[0.4191189173246286, 0.19329258812229377]",0,34
9137,[0.49583784 0.88390032],93,18,"[0.527398606849523, 0.8662745321442044]",0,-1
9138,[0.13936307 0.46570876],98,51,"[0.1508950301577577, 0.45723062251398755]",0,-1
9139,[0.6315984  0.61650962],35,9,"[0.6184830434267037, 0.586333469678524]",0,-1
9140,[0.67370679 0.42782419],71,65,"[0.6636957553845171, 0.46135824588144125]",0,-1
9141,[0.47058578 0.31662083],67,42,"[0.47090413605197745, 0.3706753216883814]",0,-1
9142,[0.78458663 0.38219512],66,25,"[0.8211120104597844, 0.37574618786089475]",0,20
9143,[0.30952164 0.53868163],82,-1,-1,0,-1
9144,[0.44854392 0.59994342],75,2,"[0.4675886295436634, 0.6021765353351279]",0,88
9145,[0.41303504 0.67149817],6,0,"[0.4226395002574949, 0.6460584349087278]",0,88
9146,[0.37369629 0.30551296],25,21,"[0.3571400957876323, 0.26942599959136726]",0,-1
9147,[0.73673826 0.16984643],36,70,"[0.6986975952159088, 0.16842470592263856]",0,-1
9148,[0.49903389 0.59135994],7,2,"[0.4675886295436634, 0.6021765353351279]",0,-1
9149,[0.784765   0.71765903],62,63,"[0.7856877410353075, 0.7534945903126699]",0,-1
9150,[0.76392397 0.48070249],3,15,"[0.7558016368645127, 0.4462797814247812]",0,-1
9151,[0.66871583 0.35190402],71,3,"[0.6759399092328674, 0.32128183561871837]",0,21
9152,[0.79421574 0.47002846],83,8,"[0.8210079602672482, 0.4506152114933381]",0,17
9153,[0.68049582 0.19866427],95,70,"[0.6986975952159088, 0.16842470592263856]",0,5
9154,[0.1476966  0.33454755],53,38,"[0.18350109397176653, 0.31916714902230253]",0,-1
9155,[0.47946573 0.29079595],55,34,"[0.47832967363307105, 0.25654673669797673]",0,-1
9156,[0.57048824 0.55825627],41,29,"[0.5812618174713859, 0.5240123764686471]",0,88
9157,[0.35214449 0.90289834],78,67,"[0.37743107737986015, 0.883213849264441]",0,-1
9158,[0.59859008 0.52823583],77,29,"[0.5812618174713859, 0.5240123764686471]",0,-1
9159,[0.10151027 0.48910524],98,77,"[0.10737865443478777, 0.5291217341624451]",0,-1
9160,[0.65564737 0.32066946],61,3,"[0.6759399092328674, 0.32128183561871837]",0,-1
9161,[0.24336151 0.23291006],58,24,"[0.23531691667485555, 0.27209662123665185]",0,65
9162,[0.41259351 0.65395718],6,0,"[0.4226395002574949, 0.6460584349087278]",0,88
9163,[0.68687842 0.37227598],91,4,"[0.7100353299176262, 0.3875574879176719]",0,21
9164,[0.55978081 0.66179775],35,5,"[0.54876158375065, 0.6433749135954844]",0,88
9165,[0.47872046 0.74837204],56,37,"[0.47348968360582744, 0.7125916710309903]",0,-1
9166,[0.69517571 0.43990004],29,65,"[0.6636957553845171, 0.46135824588144125]",0,-1
9167,[0.44545781 0.60725937],90,2,"[0.4675886295436634, 0.6021765353351279]",0,88
9168,[0.73739692 0.24047911],95,55,"[0.7305076164562052, 0.2580112669411776]",0,-1
9169,[0.85555475 0.78363676],62,41,"[0.8492841799095646, 0.8019622424543851]",0,-1
9170,[0.34949229 0.62746525],76,36,"[0.3536068858323266, 0.6613822308481206]",0,-1
9171,[0.76386737 0.79104007],21,48,"[0.7803433920128066, 0.8205948599681767]",0,-1
9172,[0.83695664 0.43167342],43,8,"[0.8210079602672482, 0.4506152114933381]",0,17
9173,[0.28822299 0.21819073],58,27,"[0.29001319373773415, 0.21087702736570366]",0,-1
9174,[0.2374627  0.26819351],11,24,"[0.23531691667485555, 0.27209662123665185]",0,-1
9175,[0.58848521 0.24568407],88,61,"[0.5821749572804258, 0.2185848836493384]",0,7
9176,[0.83556801 0.37541728],66,25,"[0.8211120104597844, 0.37574618786089475]",0,-1
9177,[0.44597049 0.20706163],52,31,"[0.4191189173246286, 0.19329258812229377]",0,34
9178,[0.41977534 0.42280831],64,17,"[0.4108830354862289, 0.4435508998593477]",0,-1
9179,[0.85302941 0.31629751],80,83,"[0.8762199555116444, 0.3404048051239979]",0,2
9180,[0.72812344 0.48504598],29,15,"[0.7558016368645127, 0.4462797814247812]",0,-1
9181,[0.19263811 0.20307694],58,33,"[0.1898538969523832, 0.20289106741831933]",0,-1
9182,[0.2328243  0.16470527],10,52,"[0.2294764018471187, 0.143723856671554]",0,-1
9183,[0.42235182 0.25531009],84,34,"[0.47832967363307105, 0.25654673669797673]",0,-1
9184,[0.36577706 0.69189626],19,36,"[0.3536068858323266, 0.6613822308481206]",0,-1
9185,[0.84143878 0.79469922],21,41,"[0.8492841799095646, 0.8019622424543851]",0,13
9186,[0.85007198 0.73213833],21,85,"[0.8584098981619135, 0.7196353557924977]",0,-1
9187,[0.14203445 0.81861812],0,86,"[0.11333449837233942, 0.8035791769910723]",0,-1
9188,[0.16890149 0.79104123],0,69,"[0.18889864315739, 0.8195957758801673]",0,50
9189,[0.39290633 0.33375751],67,6,"[0.40678448596985844, 0.34277371919698396]",0,-1
9190,[0.41788001 0.2622722 ],52,34,"[0.47832967363307105, 0.25654673669797673]",0,-1
9191,[0.43783445 0.24920364],52,34,"[0.47832967363307105, 0.25654673669797673]",0,32
9192,[0.43705818 0.64210226],15,0,"[0.4226395002574949, 0.6460584349087278]",0,88
9193,[0.37666996 0.43609665],64,1,"[0.3572487842659222, 0.41922446128046986]",0,89
9194,[0.69948601 0.39012518],2,4,"[0.7100353299176262, 0.3875574879176719]",0,21
9195,[0.71437267 0.39681331],68,4,"[0.7100353299176262, 0.3875574879176719]",0,21
9196,[0.85140066 0.45030691],3,8,"[0.8210079602672482, 0.4506152114933381]",0,-1
9197,[0.23796085 0.73782074],65,11,"[0.22353793679767786, 0.7478364040140648]",0,-1
9198,[0.74365484 0.71769828],46,60,"[0.7001338409322506, 0.7409401695756385]",0,-1
9199,[0.58123637 0.81819821],93,14,"[0.6208537257023621, 0.8045775614928529]",0,-1
9200,[0.44550702 0.62931275],90,0,"[0.4226395002574949, 0.6460584349087278]",0,88
9201,[0.86059882 0.88000761],85,79,"[0.8263954992254994, 0.8681441505941476]",0,-1
9202,[0.60060641 0.77876191],79,14,"[0.6208537257023621, 0.8045775614928529]",0,-1
9203,[0.47605147 0.31682672],67,42,"[0.47090413605197745, 0.3706753216883814]",0,-1
9204,[0.15888138 0.70414421],65,43,"[0.15465866632935668, 0.7523522483084468]",0,-1
9205,[0.67127569 0.28208831],91,3,"[0.6759399092328674, 0.32128183561871837]",0,22
9206,[0.32870424 0.79136536],78,54,"[0.36959478636682913, 0.8084550989826409]",0,-1
9207,[0.40779931 0.80295178],56,54,"[0.36959478636682913, 0.8084550989826409]",0,23
9208,[0.40146042 0.64141888],6,0,"[0.4226395002574949, 0.6460584349087278]",0,88
9209,[0.31769062 0.34130281],42,7,"[0.3321936611977011, 0.34293111744375654]",0,-1
9210,[0.14725935 0.79942864],0,86,"[0.11333449837233942, 0.8035791769910723]",0,-1
9211,[0.29473229 0.29061524],22,24,"[0.23531691667485555, 0.27209662123665185]",0,-1
9212,[0.22699924 0.28820371],11,24,"[0.23531691667485555, 0.27209662123665185]",0,-1
9213,[0.17658325 0.37218668],44,23,"[0.2032497039719594, 0.393824370774819]",0,-1
9214,[0.62280816 0.76094654],70,57,"[0.6165364982648931, 0.7310583472769618]",0,36
9215,[0.33708205 0.84674942],78,54,"[0.36959478636682913, 0.8084550989826409]",0,-1
9216,[0.80545367 0.32167961],80,66,"[0.8238364342627095, 0.2773691959806487]",0,-1
9217,[0.80584862 0.52733421],87,32,"[0.7786163905873836, 0.5211842185039978]",0,-1
9218,[0.5242207  0.53974235],41,20,"[0.5371890084085489, 0.5739528596094324]",0,81
9219,[0.24293092 0.7944378 ],59,26,"[0.2731213809151105, 0.8295374863795931]",0,49
9220,[0.37565473 0.1695477 ],73,49,"[0.35418448506576955, 0.14329850428612353]",0,28
9221,[0.80606952 0.38032822],66,25,"[0.8211120104597844, 0.37574618786089475]",0,-1
9222,[0.78688409 0.41181168],50,15,"[0.7558016368645127, 0.4462797814247812]",0,-1
9223,[0.24905948 0.27047948],11,24,"[0.23531691667485555, 0.27209662123665185]",0,-1
9224,[0.32183094 0.11677932],57,49,"[0.35418448506576955, 0.14329850428612353]",0,-1
9225,[0.10733469 0.3581509 ],26,71,"[0.11481900251646894, 0.37559708088824]",0,-1
9226,[0.63498047 0.73894933],79,57,"[0.6165364982648931, 0.7310583472769618]",0,-1
9227,[0.13249851 0.29160863],11,84,"[0.1433957510634753, 0.2579081432754369]",0,-1
9228,[0.50990176 0.58358338],7,20,"[0.5371890084085489, 0.5739528596094324]",0,-1
9229,[0.37323378 0.31401081],1,6,"[0.40678448596985844, 0.34277371919698396]",0,-1
9230,[0.23466444 0.17991014],32,52,"[0.2294764018471187, 0.143723856671554]",0,-1
9231,[0.25264945 0.77596068],31,11,"[0.22353793679767786, 0.7478364040140648]",0,-1
9232,[0.8655844  0.51388167],83,13,"[0.843760744736157, 0.5166552078676889]",0,17
9233,[0.20925495 0.41683049],44,23,"[0.2032497039719594, 0.393824370774819]",0,72
9234,[0.44390381 0.08868672],33,74,"[0.4464145664830302, 0.11749079524673668]",0,-1
9235,[0.41491613 0.17289104],73,31,"[0.4191189173246286, 0.19329258812229377]",0,-1
9236,[0.18503735 0.07588747],10,89,"[0.15862126123377812, 0.09531060003677258]",0,-1
9237,[0.3577266  0.28965106],42,21,"[0.3571400957876323, 0.26942599959136726]",0,-1
9238,[0.90777468 0.42789251],30,62,"[0.8921140984845523, 0.4428581583396137]",0,-1
9239,[0.61247073 0.45418464],34,68,"[0.6059400326152605, 0.4534475926518635]",0,-1
9240,[0.43774129 0.21577244],52,31,"[0.4191189173246286, 0.19329258812229377]",0,-1
9241,[0.1684743  0.53361021],98,44,"[0.1912270592870895, 0.5359549801185394]",0,44
9242,[0.79505862 0.80259611],85,48,"[0.7803433920128066, 0.8205948599681767]",0,-1
9243,[0.64955673 0.39626819],61,10,"[0.6398799516193626, 0.38844091859549007]",0,21
9244,[0.50010863 0.866445  ],93,18,"[0.527398606849523, 0.8662745321442044]",0,-1
9245,[0.8540066  0.56592563],83,59,"[0.8763268698051316, 0.579199170331017]",0,16
9246,[0.80277635 0.37349633],30,25,"[0.8211120104597844, 0.37574618786089475]",0,-1
9247,[0.50108056 0.37526782],67,42,"[0.47090413605197745, 0.3706753216883814]",0,-1
9248,[0.4506213  0.61402501],90,2,"[0.4675886295436634, 0.6021765353351279]",0,88
9249,[0.85621672 0.42231983],83,62,"[0.8921140984845523, 0.4428581583396137]",0,-1
9250,[0.48887953 0.63372887],76,2,"[0.4675886295436634, 0.6021765353351279]",0,-1
9251,[0.64254561 0.77429738],72,14,"[0.6208537257023621, 0.8045775614928529]",0,36
9252,[0.37552451 0.76784576],94,58,"[0.37887936110594184, 0.7334391897891285]",0,-1
9253,[0.77245742 0.61559999],99,47,"[0.8091525442233867, 0.6013457413252116]",0,-1
9254,[0.08686089 0.51245983],98,77,"[0.10737865443478777, 0.5291217341624451]",0,-1
9255,[0.31976746 0.34792779],47,7,"[0.3321936611977011, 0.34293111744375654]",0,89
9256,[0.31025354 0.22388875],57,27,"[0.29001319373773415, 0.21087702736570366]",0,59
9257,[0.71979513 0.69972728],46,60,"[0.7001338409322506, 0.7409401695756385]",0,-1
9258,[0.27571725 0.73796591],19,12,"[0.2822438507480652, 0.7105313788319401]",0,-1
9259,[0.62582063 0.79696293],79,14,"[0.6208537257023621, 0.8045775614928529]",0,-1
9260,[0.40543356 0.58644805],15,30,"[0.36820757824267275, 0.5891561499462349]",0,88
9261,[0.32371988 0.42998342],14,1,"[0.3572487842659222, 0.41922446128046986]",0,86
9262,[0.11559061 0.53533836],98,77,"[0.10737865443478777, 0.5291217341624451]",0,24
9263,[0.57851883 0.2652397 ],86,64,"[0.594073349455653, 0.28354489837534175]",0,-1
9264,[0.50071605 0.16289443],84,56,"[0.4908116515444846, 0.16632592191374188]",0,-1
9265,[0.87495226 0.54900417],63,59,"[0.8763268698051316, 0.579199170331017]",0,-1
9266,[0.62221325 0.16389942],88,91,"[0.5747298360762695, 0.15930251145986343]",0,-1
9267,[0.33638357 0.36264941],42,7,"[0.3321936611977011, 0.34293111744375654]",0,89
9268,[0.40214939 0.64413961],76,0,"[0.4226395002574949, 0.6460584349087278]",0,88
9269,[0.42209484 0.40720189],8,17,"[0.4108830354862289, 0.4435508998593477]",0,-1
9270,[0.69971422 0.77546824],46,60,"[0.7001338409322506, 0.7409401695756385]",0,-1
9271,[0.46394143 0.79241933],94,16,"[0.45898902168994016, 0.8115000101692392]",0,-1
9272,[0.74118801 0.41385905],40,15,"[0.7558016368645127, 0.4462797814247812]",0,-1
9273,[0.44560964 0.65328596],90,0,"[0.4226395002574949, 0.6460584349087278]",0,88
9274,[0.58867933 0.75235543],72,57,"[0.6165364982648931, 0.7310583472769618]",0,-1
9275,[0.85405085 0.65890144],99,85,"[0.8584098981619135, 0.7196353557924977]",0,-1
9276,[0.19290065 0.25453181],53,24,"[0.23531691667485555, 0.27209662123665185]",0,-1
9277,[0.69172533 0.65007211],49,76,"[0.6483290776065068, 0.6569295539328516]",0,-1
9278,[0.39502414 0.46992705],64,17,"[0.4108830354862289, 0.4435508998593477]",0,80
9279,[0.25835996 0.49996847],9,28,"[0.2520846559803125, 0.4621952512240386]",0,-1
9280,[0.51290752 0.47517598],12,75,"[0.5172236746686562, 0.4443369127615434]",0,-1
9281,[0.39535467 0.64832398],90,0,"[0.4226395002574949, 0.6460584349087278]",0,88
9282,[0.85989279 0.61111514],99,59,"[0.8763268698051316, 0.579199170331017]",0,-1
9283,[0.2600792  0.28549012],58,24,"[0.23531691667485555, 0.27209662123665185]",0,-1
9284,[0.31987761 0.63483241],19,36,"[0.3536068858323266, 0.6613822308481206]",0,-1
9285,[0.25987897 0.35772932],42,19,"[0.2847353251184853, 0.39005308479636985]",0,71
9286,[0.17848619 0.46714771],98,51,"[0.1508950301577577, 0.45723062251398755]",0,-1
9287,[0.49489379 0.5258437 ],92,40,"[0.4758590512403852, 0.5317248607280546]",0,-1
9288,[0.60572696 0.59482637],35,9,"[0.6184830434267037, 0.586333469678524]",0,87
9289,[0.12990162 0.13309305],10,81,"[0.13426292668090453, 0.163935928071412]",0,-1
9290,[0.80022967 0.32437861],2,22,"[0.757272224425649, 0.33905999717339425]",0,-1
9291,[0.86038159 0.16229389],36,88,"[0.8567588921418147, 0.17457306337920828]",0,0
9292,[0.69107269 0.30293961],71,3,"[0.6759399092328674, 0.32128183561871837]",0,-1
9293,[0.41287169 0.76524611],94,58,"[0.37887936110594184, 0.7334391897891285]",0,-1
9294,[0.68994978 0.50407897],3,53,"[0.6955018555560987, 0.5389599645427405]",0,-1
9295,[0.16481369 0.68449651],18,45,"[0.19601325606017345, 0.667358514260268]",0,-1
9296,[0.21217309 0.27798239],11,24,"[0.23531691667485555, 0.27209662123665185]",0,63
9297,[0.35980851 0.44176631],14,1,"[0.3572487842659222, 0.41922446128046986]",0,-1
9298,[0.39967349 0.44956662],8,17,"[0.4108830354862289, 0.4435508998593477]",0,82
9299,[0.49025139 0.57712843],13,2,"[0.4675886295436634, 0.6021765353351279]",0,88
9300,[0.42540625 0.50368913],8,50,"[0.3898476181838421, 0.5216929572274273]",0,-1
9301,[0.46512244 0.25603332],55,34,"[0.47832967363307105, 0.25654673669797673]",0,-1
9302,[0.34491976 0.46301942],9,1,"[0.3572487842659222, 0.41922446128046986]",0,78
9303,[0.30290877 0.4653162 ],9,28,"[0.2520846559803125, 0.4621952512240386]",0,-1
9304,[0.85419185 0.14427856],36,88,"[0.8567588921418147, 0.17457306337920828]",0,-1
9305,[0.8454378  0.55252741],63,13,"[0.843760744736157, 0.5166552078676889]",0,-1
9306,[0.27574276 0.79097514],59,26,"[0.2731213809151105, 0.8295374863795931]",0,-1
9307,[0.6237406  0.60256487],74,9,"[0.6184830434267037, 0.586333469678524]",0,-1
9308,[0.44083738 0.24945919],52,34,"[0.47832967363307105, 0.25654673669797673]",0,32
9309,[0.71483745 0.31250967],54,3,"[0.6759399092328674, 0.32128183561871837]",0,-1
9310,[0.82931777 0.79332953],85,41,"[0.8492841799095646, 0.8019622424543851]",0,13
9311,[0.60019297 0.36218156],29,73,"[0.5684491373659465, 0.3759776977620393]",0,-1
9312,[0.2888498  0.63049559],51,39,"[0.2596202559688416, 0.6257540185994204]",0,-1
9313,[0.59883246 0.87000157],60,82,"[0.6132420785222222, 0.8710652413331001]",0,-1
9314,[0.59509125 0.35565721],61,73,"[0.5684491373659465, 0.3759776977620393]",0,-1
9315,[0.43702614 0.66295226],90,0,"[0.4226395002574949, 0.6460584349087278]",0,88
9316,[0.65838027 0.34261594],71,3,"[0.6759399092328674, 0.32128183561871837]",0,21
9317,[0.12860258 0.41102394],44,71,"[0.11481900251646894, 0.37559708088824]",0,-1
9318,[0.24834352 0.46877784],9,28,"[0.2520846559803125, 0.4621952512240386]",0,-1
9319,[0.37343288 0.47806962],9,50,"[0.3898476181838421, 0.5216929572274273]",0,-1
9320,[0.29839057 0.37830551],42,19,"[0.2847353251184853, 0.39005308479636985]",0,90
9321,[0.41511448 0.21807961],84,31,"[0.4191189173246286, 0.19329258812229377]",0,-1
9322,[0.67215784 0.30689527],86,3,"[0.6759399092328674, 0.32128183561871837]",0,-1
9323,[0.2611191  0.84076947],48,26,"[0.2731213809151105, 0.8295374863795931]",0,-1
9324,[0.27171977 0.722157  ],16,12,"[0.2822438507480652, 0.7105313788319401]",0,54
9325,[0.68682356 0.27420947],91,55,"[0.7305076164562052, 0.2580112669411776]",0,-1
9326,[0.15379856 0.26544323],5,84,"[0.1433957510634753, 0.2579081432754369]",0,-1
9327,[0.35655357 0.39554156],81,1,"[0.3572487842659222, 0.41922446128046986]",0,89
9328,[0.63654602 0.35926069],61,10,"[0.6398799516193626, 0.38844091859549007]",0,-1
9329,[0.40701898 0.48215407],8,17,"[0.4108830354862289, 0.4435508998593477]",0,80
9330,[0.13056651 0.78070746],0,86,"[0.11333449837233942, 0.8035791769910723]",0,-1
9331,[0.71776713 0.55551546],87,53,"[0.6955018555560987, 0.5389599645427405]",0,-1
9332,[0.86066079 0.95710711],85,96,"[0.8392361981886964, 0.9325288642954174]",-1,-1
9333,[0.39172803 0.46324358],14,17,"[0.4108830354862289, 0.4435508998593477]",0,-1
9334,[0.42717134 0.61894132],76,0,"[0.4226395002574949, 0.6460584349087278]",0,88
9335,[0.56821256 0.78326251],60,46,"[0.5435344637313357, 0.7795756563374607]",0,-1
9336,[0.65106122 0.55251275],77,53,"[0.6955018555560987, 0.5389599645427405]",0,-1
9337,[0.75079298 0.37519125],66,22,"[0.757272224425649, 0.33905999717339425]",0,21
9338,[0.85762548 0.40398227],80,25,"[0.8211120104597844, 0.37574618786089475]",0,-1
9339,[0.88864373 0.33954508],30,83,"[0.8762199555116444, 0.3404048051239979]",0,-1
9340,[0.5530863  0.41252005],4,73,"[0.5684491373659465, 0.3759776977620393]",0,-1
9341,[0.10832883 0.16110551],45,81,"[0.13426292668090453, 0.163935928071412]",0,-1
9342,[0.12991861 0.80069387],65,86,"[0.11333449837233942, 0.8035791769910723]",0,-1
9343,[0.74738129 0.32960112],54,22,"[0.757272224425649, 0.33905999717339425]",0,-1
9344,[0.81510536 0.4949067 ],87,13,"[0.843760744736157, 0.5166552078676889]",0,17
9345,[0.46632914 0.40514476],64,42,"[0.47090413605197745, 0.3706753216883814]",0,58
9346,[0.15437488 0.33368409],53,38,"[0.18350109397176653, 0.31916714902230253]",0,-1
9347,[0.5719664  0.53273836],77,29,"[0.5812618174713859, 0.5240123764686471]",0,84
9348,[0.38308216 0.39440984],38,1,"[0.3572487842659222, 0.41922446128046986]",0,89
9349,[0.81510857 0.47648164],63,8,"[0.8210079602672482, 0.4506152114933381]",0,17
9350,[0.84951711 0.83204939],96,41,"[0.8492841799095646, 0.8019622424543851]",0,-1
9351,[0.60472366 0.49348459],77,29,"[0.5812618174713859, 0.5240123764686471]",0,-1
9352,[0.36010792 0.35942177],25,7,"[0.3321936611977011, 0.34293111744375654]",0,89
9353,[0.27546717 0.42028123],81,19,"[0.2847353251184853, 0.39005308479636985]",0,-1
9354,[0.17529509 0.51199883],17,44,"[0.1912270592870895, 0.5359549801185394]",0,44
9355,[0.73537075 0.40119145],68,4,"[0.7100353299176262, 0.3875574879176719]",0,21
9356,[0.55894786 0.77487446],72,46,"[0.5435344637313357, 0.7795756563374607]",0,26
9357,[0.85847118 0.33620829],80,83,"[0.8762199555116444, 0.3404048051239979]",0,-1
9358,[0.61907042 0.83462455],24,14,"[0.6208537257023621, 0.8045775614928529]",0,41
9359,[0.20926169 0.30667694],44,38,"[0.18350109397176653, 0.31916714902230253]",0,-1
9360,[0.12160913 0.37766256],26,71,"[0.11481900251646894, 0.37559708088824]",0,-1
9361,[0.55462854 0.68034284],75,5,"[0.54876158375065, 0.6433749135954844]",0,-1
9362,[0.63051038 0.79590436],70,14,"[0.6208537257023621, 0.8045775614928529]",0,-1
9363,[0.85542085 0.4402989 ],30,8,"[0.8210079602672482, 0.4506152114933381]",0,-1
9364,[0.76343994 0.61773113],99,72,"[0.7259305706267937, 0.621464812471517]",0,-1
9365,[0.47654716 0.16984033],33,56,"[0.4908116515444846, 0.16632592191374188]",0,-1
9366,[0.42023413 0.15679173],33,31,"[0.4191189173246286, 0.19329258812229377]",0,33
9367,[0.73340365 0.39618168],61,4,"[0.7100353299176262, 0.3875574879176719]",0,21
9368,[0.4425787  0.77856457],94,16,"[0.45898902168994016, 0.8115000101692392]",0,30
9369,[0.58665375 0.22325057],88,61,"[0.5821749572804258, 0.2185848836493384]",0,7
9370,[0.84847527 0.53835453],99,13,"[0.843760744736157, 0.5166552078676889]",0,17
9371,[0.41919711 0.21022545],57,31,"[0.4191189173246286, 0.19329258812229377]",0,-1
9372,[0.15561415 0.73654571],39,43,"[0.15465866632935668, 0.7523522483084468]",0,-1
9373,[0.78277842 0.20794607],36,78,"[0.7951539755354653, 0.19004804298167233]",0,-1
9374,[0.87754398 0.88764902],21,87,"[0.8925149589987491, 0.8617277435613537]",0,-1
9375,[0.30628484 0.39032112],42,19,"[0.2847353251184853, 0.39005308479636985]",0,-1
9376,[0.50852513 0.76052275],72,46,"[0.5435344637313357, 0.7795756563374607]",0,-1
9377,[0.40563453 0.22807529],84,31,"[0.4191189173246286, 0.19329258812229377]",0,-1
9378,[0.84919985 0.23046988],80,66,"[0.8238364342627095, 0.2773691959806487]",0,0
9379,[0.77101003 0.40858659],68,15,"[0.7558016368645127, 0.4462797814247812]",0,21
9380,[0.32244845 0.29197379],47,21,"[0.3571400957876323, 0.26942599959136726]",0,75
9381,[0.59321435 0.55433848],13,29,"[0.5812618174713859, 0.5240123764686471]",0,-1
9382,[0.73633447 0.41737886],68,15,"[0.7558016368645127, 0.4462797814247812]",0,-1
9383,[0.47827601 0.63527428],6,2,"[0.4675886295436634, 0.6021765353351279]",0,-1
9384,[0.22903686 0.29215617],44,24,"[0.23531691667485555, 0.27209662123665185]",0,-1
9385,[0.48542219 0.9337537 ],60,-1,-1,-1,-1
9386,[0.33400669 0.16645833],73,49,"[0.35418448506576955, 0.14329850428612353]",0,-1
9387,[0.40066148 0.8508632 ],48,67,"[0.37743107737986015, 0.883213849264441]",0,-1
9388,[0.45469856 0.32444526],55,42,"[0.47090413605197745, 0.3706753216883814]",0,-1
9389,[0.49077161 0.20449494],88,56,"[0.4908116515444846, 0.16632592191374188]",0,-1
9390,[0.6504781  0.21527044],86,35,"[0.6545605605339905, 0.22500987532438183]",0,6
9391,[0.27252421 0.48377028],22,28,"[0.2520846559803125, 0.4621952512240386]",0,-1
9392,[0.36039195 0.17492954],73,49,"[0.35418448506576955, 0.14329850428612353]",0,28
9393,[0.90728232 0.3497413 ],30,83,"[0.8762199555116444, 0.3404048051239979]",0,-1
9394,[0.53471033 0.81797237],79,46,"[0.5435344637313357, 0.7795756563374607]",0,37
9395,[0.25678796 0.22078835],58,27,"[0.29001319373773415, 0.21087702736570366]",0,-1
9396,[0.46867144 0.77145944],94,16,"[0.45898902168994016, 0.8115000101692392]",0,-1
9397,[0.73733033 0.73296367],46,60,"[0.7001338409322506, 0.7409401695756385]",0,-1
9398,[0.63934021 0.47404628],34,65,"[0.6636957553845171, 0.46135824588144125]",0,-1
9399,[0.82914985 0.34590666],80,25,"[0.8211120104597844, 0.37574618786089475]",0,9
9400,[0.62393786 0.87039157],60,82,"[0.6132420785222222, 0.8710652413331001]",0,-1
9401,[0.28273501 0.46569551],81,28,"[0.2520846559803125, 0.4621952512240386]",0,-1
9402,[0.08192732 0.54385746],17,77,"[0.10737865443478777, 0.5291217341624451]",0,-1
9403,[0.29433771 0.32246899],11,7,"[0.3321936611977011, 0.34293111744375654]",0,-1
9404,[0.23706803 0.72256042],31,11,"[0.22353793679767786, 0.7478364040140648]",0,-1
9405,[0.26746337 0.82556184],48,26,"[0.2731213809151105, 0.8295374863795931]",0,-1
9406,[0.34583302 0.34960155],38,7,"[0.3321936611977011, 0.34293111744375654]",0,89
9407,[0.15777261 0.24996138],5,84,"[0.1433957510634753, 0.2579081432754369]",0,-1
9408,[0.17358571 0.25360816],5,84,"[0.1433957510634753, 0.2579081432754369]",0,-1
9409,[0.13160949 0.78711251],0,86,"[0.11333449837233942, 0.8035791769910723]",0,-1
9410,[0.44021775 0.53972467],69,40,"[0.4758590512403852, 0.5317248607280546]",0,-1
9411,[0.58451987 0.24434996],4,61,"[0.5821749572804258, 0.2185848836493384]",0,7
9412,[0.39318598 0.34988904],92,6,"[0.40678448596985844, 0.34277371919698396]",0,-1
9413,[0.27546157 0.4090885 ],9,19,"[0.2847353251184853, 0.39005308479636985]",0,-1
9414,[0.3129622 0.4204608],9,19,"[0.2847353251184853, 0.39005308479636985]",0,86
9415,[0.41875143 0.57127389],82,30,"[0.36820757824267275, 0.5891561499462349]",0,-1
9416,[0.26822807 0.56854807],17,39,"[0.2596202559688416, 0.6257540185994204]",0,-1
9417,[0.21476629 0.73097908],65,11,"[0.22353793679767786, 0.7478364040140648]",0,-1
9418,[0.20692329 0.48553858],26,28,"[0.2520846559803125, 0.4621952512240386]",0,-1
9419,[0.57296248 0.73350157],24,57,"[0.6165364982648931, 0.7310583472769618]",0,-1
9420,[0.65472834 0.33999531],91,3,"[0.6759399092328674, 0.32128183561871837]",0,-1
9421,[0.7918834  0.56873947],63,47,"[0.8091525442233867, 0.6013457413252116]",0,-1
9422,[0.60780103 0.75672947],24,57,"[0.6165364982648931, 0.7310583472769618]",0,-1
9423,[0.76655216 0.80011428],62,48,"[0.7803433920128066, 0.8205948599681767]",0,-1
9424,[0.3918886  0.62702011],76,0,"[0.4226395002574949, 0.6460584349087278]",0,-1
9425,[0.31867187 0.10857363],57,49,"[0.35418448506576955, 0.14329850428612353]",0,-1
9426,[0.75758486 0.31961929],40,22,"[0.757272224425649, 0.33905999717339425]",0,-1
9427,[0.36267616 0.45885652],14,1,"[0.3572487842659222, 0.41922446128046986]",0,-1
9428,[0.26329858 0.25338276],58,24,"[0.23531691667485555, 0.27209662123665185]",0,-1
9429,[0.34357992 0.90403093],78,67,"[0.37743107737986015, 0.883213849264441]",0,-1
9430,[0.19284379 0.26855766],11,24,"[0.23531691667485555, 0.27209662123665185]",0,-1
9431,[0.12550117 0.76282323],39,43,"[0.15465866632935668, 0.7523522483084468]",0,-1
9432,[0.16549079 0.30858181],11,38,"[0.18350109397176653, 0.31916714902230253]",0,-1
9433,[0.26189823 0.68099703],18,12,"[0.2822438507480652, 0.7105313788319401]",0,-1
9434,[0.34618726 0.48358088],64,50,"[0.3898476181838421, 0.5216929572274273]",0,-1
9435,[0.32856536 0.43609394],81,1,"[0.3572487842659222, 0.41922446128046986]",0,86
9436,[0.36448679 0.50469102],8,50,"[0.3898476181838421, 0.5216929572274273]",0,-1
9437,[0.25379513 0.78789145],31,26,"[0.2731213809151105, 0.8295374863795931]",0,-1
9438,[0.45848488 0.38182851],4,42,"[0.47090413605197745, 0.3706753216883814]",0,58
9439,[0.25358691 0.23762828],5,24,"[0.23531691667485555, 0.27209662123665185]",0,65
9440,[0.30617449 0.35183427],42,7,"[0.3321936611977011, 0.34293111744375654]",0,-1
9441,[0.58171078 0.37598007],71,73,"[0.5684491373659465, 0.3759776977620393]",0,-1
9442,[0.29616528 0.62340505],20,39,"[0.2596202559688416, 0.6257540185994204]",0,-1
9443,[0.59675122 0.32838565],40,64,"[0.594073349455653, 0.28354489837534175]",0,-1
9444,[0.68313789 0.29017211],2,3,"[0.6759399092328674, 0.32128183561871837]",0,-1
9445,[0.44696037 0.67377838],15,0,"[0.4226395002574949, 0.6460584349087278]",0,-1
9446,[0.19926045 0.16746522],10,33,"[0.1898538969523832, 0.20289106741831933]",0,48
9447,[0.53717341 0.62691231],75,5,"[0.54876158375065, 0.6433749135954844]",0,88
9448,[0.11997494 0.4559092 ],98,51,"[0.1508950301577577, 0.45723062251398755]",0,-1
9449,[0.2336293  0.39843216],22,23,"[0.2032497039719594, 0.393824370774819]",0,-1
9450,[0.72009283 0.18186866],95,70,"[0.6986975952159088, 0.16842470592263856]",0,-1
9451,[0.76576132 0.39641679],91,15,"[0.7558016368645127, 0.4462797814247812]",0,-1
9452,[0.25326612 0.83689534],31,26,"[0.2731213809151105, 0.8295374863795931]",0,45
9453,[0.36915289 0.75387371],19,58,"[0.37887936110594184, 0.7334391897891285]",0,-1
9454,[0.1959254  0.13855519],10,52,"[0.2294764018471187, 0.143723856671554]",0,48
9455,[0.37181894 0.17060867],33,49,"[0.35418448506576955, 0.14329850428612353]",0,28
9456,[0.52309944 0.90611333],60,18,"[0.527398606849523, 0.8662745321442044]",0,-1
9457,[0.48642868 0.67992678],90,37,"[0.47348968360582744, 0.7125916710309903]",0,-1
9458,[0.93283613 0.61141126],63,59,"[0.8763268698051316, 0.579199170331017]",-1,-1
9459,[0.45388049 0.85523121],93,16,"[0.45898902168994016, 0.8115000101692392]",0,-1
9460,[0.8138497 0.3594606],80,25,"[0.8211120104597844, 0.37574618786089475]",0,-1
9461,[0.49016203 0.39258808],67,42,"[0.47090413605197745, 0.3706753216883814]",0,-1
9462,[0.58550508 0.65684231],37,5,"[0.54876158375065, 0.6433749135954844]",0,-1
9463,[0.78821668 0.75930972],21,63,"[0.7856877410353075, 0.7534945903126699]",0,-1
9464,[0.54708001 0.58039809],37,20,"[0.5371890084085489, 0.5739528596094324]",0,88
9465,[0.25248997 0.33854399],58,19,"[0.2847353251184853, 0.39005308479636985]",0,-1
9466,[0.35520395 0.44432946],8,1,"[0.3572487842659222, 0.41922446128046986]",0,-1
9467,[0.77412046 0.75143661],46,63,"[0.7856877410353075, 0.7534945903126699]",0,-1
9468,[0.44645427 0.6319296 ],90,0,"[0.4226395002574949, 0.6460584349087278]",0,88
9469,[0.84181112 0.44396509],50,8,"[0.8210079602672482, 0.4506152114933381]",0,17
9470,[0.77447824 0.79857878],85,48,"[0.7803433920128066, 0.8205948599681767]",0,-1
9471,[0.4964365 0.6095671],12,2,"[0.4675886295436634, 0.6021765353351279]",0,88
9472,[0.37153538 0.64146487],6,36,"[0.3536068858323266, 0.6613822308481206]",0,-1
9473,[0.84328333 0.42949265],50,8,"[0.8210079602672482, 0.4506152114933381]",0,17
9474,[0.16724932 0.18978731],32,33,"[0.1898538969523832, 0.20289106741831933]",0,-1
9475,[0.84268407 0.20506797],36,88,"[0.8567588921418147, 0.17457306337920828]",0,0
9476,[0.86290667 0.36680791],80,83,"[0.8762199555116444, 0.3404048051239979]",0,-1
9477,[0.82898926 0.4375972 ],30,8,"[0.8210079602672482, 0.4506152114933381]",0,17
9478,[0.34294336 0.71875136],51,58,"[0.37887936110594184, 0.7334391897891285]",0,-1
9479,[0.44987268 0.87927304],93,16,"[0.45898902168994016, 0.8115000101692392]",0,-1
9480,[0.32594433 0.23696924],57,27,"[0.29001319373773415, 0.21087702736570366]",0,-1
9481,[0.42825247 0.18791222],84,31,"[0.4191189173246286, 0.19329258812229377]",0,-1
9482,[0.41962954 0.83702189],78,16,"[0.45898902168994016, 0.8115000101692392]",0,25
9483,[0.27601219 0.5965667 ],18,39,"[0.2596202559688416, 0.6257540185994204]",0,-1
9484,[0.78799024 0.52816121],3,32,"[0.7786163905873836, 0.5211842185039978]",0,-1
9485,[0.07378864 0.17242338],32,81,"[0.13426292668090453, 0.163935928071412]",-1,-1
9486,[0.56244412 0.54037193],13,29,"[0.5812618174713859, 0.5240123764686471]",0,-1
9487,[0.85049317 0.39955173],66,25,"[0.8211120104597844, 0.37574618786089475]",0,-1
9488,[0.59668149 0.81354604],70,14,"[0.6208537257023621, 0.8045775614928529]",0,42
9489,[0.87673454 0.70794144],99,85,"[0.8584098981619135, 0.7196353557924977]",1,-1
9490,[0.86954187 0.79403374],62,41,"[0.8492841799095646, 0.8019622424543851]",0,-1
9491,[0.3658397  0.11913638],57,49,"[0.35418448506576955, 0.14329850428612353]",0,-1
9492,[0.71264201 0.48881403],40,53,"[0.6955018555560987, 0.5389599645427405]",0,-1
9493,[0.43199484 0.63604794],82,0,"[0.4226395002574949, 0.6460584349087278]",0,-1
9494,[0.27911436 0.69299606],51,12,"[0.2822438507480652, 0.7105313788319401]",0,-1
9495,[0.15812912 0.22470817],32,84,"[0.1433957510634753, 0.2579081432754369]",0,-1
9496,[0.38137599 0.38617204],92,1,"[0.3572487842659222, 0.41922446128046986]",0,89
9497,[0.45408989 0.31320812],55,6,"[0.40678448596985844, 0.34277371919698396]",0,-1
9498,[0.67424034 0.57694134],49,53,"[0.6955018555560987, 0.5389599645427405]",0,-1
9499,[0.17773878 0.4667329 ],44,51,"[0.1508950301577577, 0.45723062251398755]",0,-1
9500,[0.24263374 0.32022284],47,24,"[0.23531691667485555, 0.27209662123665185]",0,-1
9501,[0.37548457 0.43938254],81,1,"[0.3572487842659222, 0.41922446128046986]",0,89
9502,[0.75712324 0.23935656],95,55,"[0.7305076164562052, 0.2580112669411776]",0,-1
9503,[0.47061088 0.7494957 ],94,37,"[0.47348968360582744, 0.7125916710309903]",0,-1
9504,[0.60503252 0.75246972],24,57,"[0.6165364982648931, 0.7310583472769618]",0,-1
9505,[0.39453243 0.37678549],81,6,"[0.40678448596985844, 0.34277371919698396]",0,89
9506,[0.55590865 0.84011919],79,18,"[0.527398606849523, 0.8662745321442044]",0,-1
9507,[0.63177355 0.57170721],35,9,"[0.6184830434267037, 0.586333469678524]",0,-1
9508,[0.59890688 0.37890996],61,73,"[0.5684491373659465, 0.3759776977620393]",0,11
9509,[0.2970873  0.54798025],20,-1,-1,0,-1
9510,[0.77178982 0.26734553],36,55,"[0.7305076164562052, 0.2580112669411776]",0,1
9511,[0.31969357 0.34190756],81,7,"[0.3321936611977011, 0.34293111744375654]",0,-1
9512,[0.32836743 0.38823661],81,1,"[0.3572487842659222, 0.41922446128046986]",0,89
9513,[0.7436558  0.82999462],24,48,"[0.7803433920128066, 0.8205948599681767]",0,-1
9514,[0.3738885  0.64073429],20,36,"[0.3536068858323266, 0.6613822308481206]",0,-1
9515,[0.47265476 0.58250672],82,2,"[0.4675886295436634, 0.6021765353351279]",0,88
9516,[0.74523554 0.3984821 ],68,4,"[0.7100353299176262, 0.3875574879176719]",0,21
9517,[0.84907909 0.73322282],21,85,"[0.8584098981619135, 0.7196353557924977]",0,-1
9518,[0.48673807 0.4184546 ],4,75,"[0.5172236746686562, 0.4443369127615434]",0,-1
9519,[0.17004641 0.59855676],17,80,"[0.15990270049190128, 0.5986117043755352]",0,-1
9520,[0.22871487 0.15364914],10,52,"[0.2294764018471187, 0.143723856671554]",0,-1
9521,[0.32215694 0.90859626],48,67,"[0.37743107737986015, 0.883213849264441]",0,-1
9522,[0.38049466 0.32093974],14,6,"[0.40678448596985844, 0.34277371919698396]",0,-1
9523,[0.39552455 0.65670111],69,0,"[0.4226395002574949, 0.6460584349087278]",0,88
9524,[0.46052636 0.2685594 ],55,34,"[0.47832967363307105, 0.25654673669797673]",0,27
9525,[0.41909976 0.64501804],15,0,"[0.4226395002574949, 0.6460584349087278]",0,88
9526,[0.27599818 0.56626474],17,39,"[0.2596202559688416, 0.6257540185994204]",0,-1
9527,[0.50631382 0.5382013 ],69,40,"[0.4758590512403852, 0.5317248607280546]",0,-1
9528,[0.23945025 0.1829659 ],32,52,"[0.2294764018471187, 0.143723856671554]",0,64
9529,[0.15602074 0.76820513],0,43,"[0.15465866632935668, 0.7523522483084468]",0,51
9530,[0.68325875 0.78947221],24,60,"[0.7001338409322506, 0.7409401695756385]",0,-1
9531,[0.25883274 0.81759534],31,26,"[0.2731213809151105, 0.8295374863795931]",0,-1
9532,[0.70063748 0.35717771],34,4,"[0.7100353299176262, 0.3875574879176719]",0,21
9533,[0.66836557 0.59137659],35,9,"[0.6184830434267037, 0.586333469678524]",0,-1
9534,[0.35720923 0.17382369],73,49,"[0.35418448506576955, 0.14329850428612353]",0,28
9535,[0.75505041 0.45448166],87,15,"[0.7558016368645127, 0.4462797814247812]",0,-1
9536,[0.35460806 0.3173517 ],1,7,"[0.3321936611977011, 0.34293111744375654]",0,-1
9537,[0.80840064 0.68411295],99,85,"[0.8584098981619135, 0.7196353557924977]",0,-1
9538,[0.66598221 0.22900028],95,35,"[0.6545605605339905, 0.22500987532438183]",0,-1
9539,[0.54242171 0.6473119 ],12,5,"[0.54876158375065, 0.6433749135954844]",0,-1
9540,[0.43329463 0.68276698],76,0,"[0.4226395002574949, 0.6460584349087278]",0,-1
9541,[0.23767818 0.37475508],81,23,"[0.2032497039719594, 0.393824370774819]",0,-1
9542,[0.86507862 0.45521256],50,62,"[0.8921140984845523, 0.4428581583396137]",0,-1
9543,[0.66966572 0.60467329],74,9,"[0.6184830434267037, 0.586333469678524]",0,-1
9544,[0.6153385  0.80071496],79,14,"[0.6208537257023621, 0.8045775614928529]",0,-1
9545,[0.10404347 0.76343139],39,94,"[0.08336279277630905, 0.7423055088738316]",0,-1
9546,[0.16681947 0.21274915],32,33,"[0.1898538969523832, 0.20289106741831933]",0,-1
9547,[0.48615008 0.77387949],72,16,"[0.45898902168994016, 0.8115000101692392]",0,-1
9548,[0.60775527 0.35719804],40,73,"[0.5684491373659465, 0.3759776977620393]",0,-1
9549,[0.20162071 0.62828917],23,45,"[0.19601325606017345, 0.667358514260268]",0,-1
9550,[0.206188   0.76583559],65,11,"[0.22353793679767786, 0.7478364040140648]",0,-1
9551,[0.83914804 0.91356282],96,96,"[0.8392361981886964, 0.9325288642954174]",0,-1
9552,[0.69775163 0.57804468],49,53,"[0.6955018555560987, 0.5389599645427405]",0,-1
9553,[0.49301745 0.86789238],93,18,"[0.527398606849523, 0.8662745321442044]",0,-1
9554,[0.23248606 0.42638815],9,28,"[0.2520846559803125, 0.4621952512240386]",0,74
9555,[0.6419664  0.76113086],24,57,"[0.6165364982648931, 0.7310583472769618]",0,-1
9556,[0.22355386 0.34483549],44,38,"[0.18350109397176653, 0.31916714902230253]",0,-1
9557,[0.11425748 0.54031578],98,77,"[0.10737865443478777, 0.5291217341624451]",0,24
9558,[0.65555576 0.49639783],35,65,"[0.6636957553845171, 0.46135824588144125]",0,-1
9559,[0.55098404 0.58473884],75,20,"[0.5371890084085489, 0.5739528596094324]",0,88
9560,[0.38058534 0.40022931],81,1,"[0.3572487842659222, 0.41922446128046986]",0,89
9561,[0.28965983 0.24720809],58,27,"[0.29001319373773415, 0.21087702736570366]",0,-1
9562,[0.7175052 0.4278282],2,4,"[0.7100353299176262, 0.3875574879176719]",0,-1
9563,[0.11368606 0.70575455],23,90,"[0.11769418158886381, 0.6663972759552037]",0,-1
9564,[0.48491861 0.38987966],4,42,"[0.47090413605197745, 0.3706753216883814]",0,-1
9565,[0.27176303 0.38943016],81,19,"[0.2847353251184853, 0.39005308479636985]",0,-1
9566,[0.5830556  0.56725374],77,9,"[0.6184830434267037, 0.586333469678524]",0,88
9567,[0.6294389  0.21698707],52,35,"[0.6545605605339905, 0.22500987532438183]",0,-1
9568,[0.7704288  0.25625967],36,55,"[0.7305076164562052, 0.2580112669411776]",0,1
9569,[0.45360959 0.59775811],6,2,"[0.4675886295436634, 0.6021765353351279]",0,88
9570,[0.83311767 0.4205519 ],30,8,"[0.8210079602672482, 0.4506152114933381]",0,17
9571,[0.24067114 0.67405975],16,45,"[0.19601325606017345, 0.667358514260268]",0,-1
9572,[0.06418579 0.43654266],98,-1,-1,-1,-1
9573,[0.21239014 0.17287399],5,52,"[0.2294764018471187, 0.143723856671554]",0,48
9574,[0.37225246 0.46529296],8,17,"[0.4108830354862289, 0.4435508998593477]",0,-1
9575,[0.20055219 0.16533348],32,52,"[0.2294764018471187, 0.143723856671554]",0,48
9576,[0.64362702 0.4565889 ],34,65,"[0.6636957553845171, 0.46135824588144125]",0,-1
9577,[0.77349903 0.53180711],27,32,"[0.7786163905873836, 0.5211842185039978]",0,17
9578,[0.48279497 0.67271873],69,37,"[0.47348968360582744, 0.7125916710309903]",0,-1
9579,[0.90895112 0.80711903],96,93,"[0.9128525281281048, 0.8015861505597924]",0,-1
9580,[0.45869859 0.53259302],41,40,"[0.4758590512403852, 0.5317248607280546]",0,-1
9581,[0.37136879 0.71587262],19,58,"[0.37887936110594184, 0.7334391897891285]",0,-1
9582,[0.23794562 0.24266131],10,24,"[0.23531691667485555, 0.27209662123665185]",0,-1
9583,[0.13253433 0.34304138],53,71,"[0.11481900251646894, 0.37559708088824]",0,-1
9584,[0.62676841 0.46069864],34,68,"[0.6059400326152605, 0.4534475926518635]",0,-1
9585,[0.50022301 0.19410184],52,56,"[0.4908116515444846, 0.16632592191374188]",0,-1
9586,[0.50951807 0.37586619],86,42,"[0.47090413605197745, 0.3706753216883814]",0,-1
9587,[0.23705931 0.81228741],31,26,"[0.2731213809151105, 0.8295374863795931]",0,-1
9588,[0.18927106 0.5850501 ],97,80,"[0.15990270049190128, 0.5986117043755352]",0,43
9589,[0.29679115 0.30212278],47,7,"[0.3321936611977011, 0.34293111744375654]",0,-1
9590,[0.80828324 0.20215041],36,78,"[0.7951539755354653, 0.19004804298167233]",0,-1
9591,[0.17106807 0.46762231],97,51,"[0.1508950301577577, 0.45723062251398755]",0,-1
9592,[0.17551501 0.37132114],44,23,"[0.2032497039719594, 0.393824370774819]",0,-1
9593,[0.23506406 0.38413259],22,23,"[0.2032497039719594, 0.393824370774819]",0,73
9594,[0.826028   0.73130539],21,85,"[0.8584098981619135, 0.7196353557924977]",0,-1
9595,[0.73082832 0.37759278],71,4,"[0.7100353299176262, 0.3875574879176719]",0,21
9596,[0.18771509 0.8590751 ],31,69,"[0.18889864315739, 0.8195957758801673]",0,-1
9597,[0.47165026 0.70998604],15,37,"[0.47348968360582744, 0.7125916710309903]",0,-1
9598,[0.39448142 0.38508341],38,6,"[0.40678448596985844, 0.34277371919698396]",0,89
9599,[0.81898749 0.45830608],30,8,"[0.8210079602672482, 0.4506152114933381]",0,17
9600,[0.10917398 0.27064249],53,84,"[0.1433957510634753, 0.2579081432754369]",0,-1
9601,[0.36809575 0.17260445],84,49,"[0.35418448506576955, 0.14329850428612353]",0,28
9602,[0.58457455 0.8270331 ],60,14,"[0.6208537257023621, 0.8045775614928529]",0,-1
9603,[0.83002843 0.7593287 ],62,63,"[0.7856877410353075, 0.7534945903126699]",0,-1
9604,[0.65610306 0.35585704],61,10,"[0.6398799516193626, 0.38844091859549007]",0,21
9605,[0.12180051 0.7310673 ],39,43,"[0.15465866632935668, 0.7523522483084468]",0,-1
9606,[0.05255579 0.37343926],53,71,"[0.11481900251646894, 0.37559708088824]",-1,-1
9607,[0.42783097 0.45092786],64,17,"[0.4108830354862289, 0.4435508998593477]",0,-1
9608,[0.76173159 0.48425428],28,15,"[0.7558016368645127, 0.4462797814247812]",0,-1
9609,[0.81642493 0.88401397],85,79,"[0.8263954992254994, 0.8681441505941476]",0,-1
9610,[0.3769561  0.43022135],14,1,"[0.3572487842659222, 0.41922446128046986]",0,89
9611,[0.66522704 0.42475353],29,65,"[0.6636957553845171, 0.46135824588144125]",0,21
9612,[0.05427885 0.53422854],98,77,"[0.10737865443478777, 0.5291217341624451]",-1,-1
9613,[0.26086372 0.44085965],9,28,"[0.2520846559803125, 0.4621952512240386]",0,-1
9614,[0.40821764 0.40634648],67,17,"[0.4108830354862289, 0.4435508998593477]",0,89
9615,[0.45570883 0.65285699],6,0,"[0.4226395002574949, 0.6460584349087278]",0,88
9616,[0.12316806 0.70825025],39,90,"[0.11769418158886381, 0.6663972759552037]",0,-1
9617,[0.68463552 0.824665  ],72,14,"[0.6208537257023621, 0.8045775614928529]",0,-1
9618,[0.46512716 0.29741139],25,34,"[0.47832967363307105, 0.25654673669797673]",0,-1
9619,[0.65136363 0.38387168],40,10,"[0.6398799516193626, 0.38844091859549007]",0,21
9620,[0.84033701 0.80752818],62,41,"[0.8492841799095646, 0.8019622424543851]",0,13
9621,[0.84531098 0.43045137],87,8,"[0.8210079602672482, 0.4506152114933381]",0,17
9622,[0.38364257 0.62963698],90,0,"[0.4226395002574949, 0.6460584349087278]",0,-1
9623,[0.32356097 0.21974997],25,27,"[0.29001319373773415, 0.21087702736570366]",0,-1
9624,[0.68193373 0.70573963],46,60,"[0.7001338409322506, 0.7409401695756385]",0,-1
9625,[0.75516639 0.78579936],96,48,"[0.7803433920128066, 0.8205948599681767]",0,-1
9626,[0.83498215 0.15197127],36,88,"[0.8567588921418147, 0.17457306337920828]",0,-1
9627,[0.62264554 0.19173418],89,35,"[0.6545605605339905, 0.22500987532438183]",0,-1
9628,[0.25619064 0.41072994],44,19,"[0.2847353251184853, 0.39005308479636985]",0,-1
9629,[0.20429983 0.26208407],11,24,"[0.23531691667485555, 0.27209662123665185]",0,-1
9630,[0.79944768 0.4148036 ],3,8,"[0.8210079602672482, 0.4506152114933381]",0,-1
9631,[0.16303721 0.17275103],45,81,"[0.13426292668090453, 0.163935928071412]",0,-1
9632,[0.63921065 0.20660287],95,35,"[0.6545605605339905, 0.22500987532438183]",0,-1
9633,[0.34221009 0.46583055],8,1,"[0.3572487842659222, 0.41922446128046986]",0,78
9634,[0.7747595  0.26224842],91,55,"[0.7305076164562052, 0.2580112669411776]",0,1
9635,[0.62688137 0.54954375],37,9,"[0.6184830434267037, 0.586333469678524]",0,-1
9636,[0.71006068 0.21020782],95,70,"[0.6986975952159088, 0.16842470592263856]",0,-1
9637,[0.24997089 0.67697256],51,12,"[0.2822438507480652, 0.7105313788319401]",0,-1
9638,[0.21101255 0.18788408],57,33,"[0.1898538969523832, 0.20289106741831933]",0,-1
9639,[0.44968715 0.09551388],33,74,"[0.4464145664830302, 0.11749079524673668]",0,-1
9640,[0.34482204 0.76746796],19,54,"[0.36959478636682913, 0.8084550989826409]",0,-1
9641,[0.6123173  0.52576605],37,29,"[0.5812618174713859, 0.5240123764686471]",0,-1
9642,[0.79506293 0.5041884 ],27,32,"[0.7786163905873836, 0.5211842185039978]",0,17
9643,[0.26893    0.51571387],97,28,"[0.2520846559803125, 0.4621952512240386]",0,-1
9644,[0.78764331 0.41335657],3,15,"[0.7558016368645127, 0.4462797814247812]",0,-1
9645,[0.10784571 0.71317268],39,94,"[0.08336279277630905, 0.7423055088738316]",0,-1
9646,[0.55410946 0.77877455],24,46,"[0.5435344637313357, 0.7795756563374607]",0,26
9647,[0.3760792  0.59929994],20,30,"[0.36820757824267275, 0.5891561499462349]",0,-1
9648,[0.43884279 0.39469988],38,42,"[0.47090413605197745, 0.3706753216883814]",0,58
9649,[0.52104678 0.37178383],4,73,"[0.5684491373659465, 0.3759776977620393]",0,-1
9650,[0.18287851 0.26313027],11,84,"[0.1433957510634753, 0.2579081432754369]",0,-1
9651,[0.35875696 0.2583835 ],47,21,"[0.3571400957876323, 0.26942599959136726]",0,75
9652,[0.36083925 0.42755797],38,1,"[0.3572487842659222, 0.41922446128046986]",0,-1
9653,[0.43073526 0.33971846],67,6,"[0.40678448596985844, 0.34277371919698396]",0,-1
9654,[0.4582836  0.83229228],56,16,"[0.45898902168994016, 0.8115000101692392]",0,39
9655,[0.30522663 0.30167748],58,7,"[0.3321936611977011, 0.34293111744375654]",0,-1
9656,[0.17928149 0.83343246],0,69,"[0.18889864315739, 0.8195957758801673]",0,-1
9657,[0.87950914 0.56540445],27,59,"[0.8763268698051316, 0.579199170331017]",0,-1
9658,[0.48872257 0.58198325],12,2,"[0.4675886295436634, 0.6021765353351279]",0,88
9659,[0.3177622  0.28540156],25,21,"[0.3571400957876323, 0.26942599959136726]",0,75
9660,[0.36576585 0.24435972],25,21,"[0.3571400957876323, 0.26942599959136726]",0,-1
9661,[0.30778734 0.28809243],47,21,"[0.3571400957876323, 0.26942599959136726]",0,-1
9662,[0.33834154 0.45509926],9,1,"[0.3572487842659222, 0.41922446128046986]",0,-1
9663,[0.31358526 0.47401617],81,28,"[0.2520846559803125, 0.4621952512240386]",0,-1
9664,[0.33248527 0.37975823],81,7,"[0.3321936611977011, 0.34293111744375654]",0,-1
9665,[0.84042293 0.81440591],62,41,"[0.8492841799095646, 0.8019622424543851]",0,13
9666,[0.39653394 0.60120058],76,30,"[0.36820757824267275, 0.5891561499462349]",0,88
9667,[0.38807275 0.64762787],20,0,"[0.4226395002574949, 0.6460584349087278]",0,-1
9668,[0.67284944 0.31230409],91,3,"[0.6759399092328674, 0.32128183561871837]",0,-1
9669,[0.30962879 0.38720628],92,19,"[0.2847353251184853, 0.39005308479636985]",0,89
9670,[0.27521036 0.78040407],59,26,"[0.2731213809151105, 0.8295374863795931]",0,-1
9671,[0.20187903 0.27325912],10,24,"[0.23531691667485555, 0.27209662123665185]",0,-1
9672,[0.81313205 0.51607766],28,13,"[0.843760744736157, 0.5166552078676889]",0,17
9673,[0.43766575 0.8872738 ],78,67,"[0.37743107737986015, 0.883213849264441]",0,-1
9674,[0.22757745 0.40483448],11,23,"[0.2032497039719594, 0.393824370774819]",0,73
9675,[0.78382129 0.44220173],66,15,"[0.7558016368645127, 0.4462797814247812]",0,17
9676,[0.7456354 0.602781 ],35,72,"[0.7259305706267937, 0.621464812471517]",0,-1
9677,[0.08628311 0.09552464],45,-1,-1,-1,-1
9678,[0.75586726 0.75139828],46,63,"[0.7856877410353075, 0.7534945903126699]",0,-1
9679,[0.64312333 0.56111569],35,9,"[0.6184830434267037, 0.586333469678524]",0,68
9680,[0.8778148 0.5287771],3,13,"[0.843760744736157, 0.5166552078676889]",0,-1
9681,[0.5713652  0.66978219],74,5,"[0.54876158375065, 0.6433749135954844]",0,-1
9682,[0.19649465 0.31512215],53,38,"[0.18350109397176653, 0.31916714902230253]",0,61
9683,[0.82238279 0.60212117],27,47,"[0.8091525442233867, 0.6013457413252116]",0,-1
9684,[0.27407076 0.84505921],59,26,"[0.2731213809151105, 0.8295374863795931]",0,-1
9685,[0.67347543 0.41237407],61,10,"[0.6398799516193626, 0.38844091859549007]",0,-1
9686,[0.8258403  0.79336298],85,41,"[0.8492841799095646, 0.8019622424543851]",0,13
9687,[0.78893091 0.78802205],96,48,"[0.7803433920128066, 0.8205948599681767]",0,12
9688,[0.63464469 0.29434767],2,64,"[0.594073349455653, 0.28354489837534175]",0,4
9689,[0.24578393 0.34082304],53,19,"[0.2847353251184853, 0.39005308479636985]",0,-1
9690,[0.42785885 0.30493016],25,6,"[0.40678448596985844, 0.34277371919698396]",0,-1
9691,[0.18387783 0.42034207],26,23,"[0.2032497039719594, 0.393824370774819]",0,-1
9692,[0.51595703 0.91591269],93,18,"[0.527398606849523, 0.8662745321442044]",0,-1
9693,[0.40432034 0.75241778],78,58,"[0.37887936110594184, 0.7334391897891285]",0,-1
9694,[0.17970244 0.22606497],45,33,"[0.1898538969523832, 0.20289106741831933]",0,67
9695,[0.56928676 0.52591618],77,29,"[0.5812618174713859, 0.5240123764686471]",0,84
9696,[0.39792894 0.29803621],55,6,"[0.40678448596985844, 0.34277371919698396]",0,-1
9697,[0.59485819 0.28569525],86,64,"[0.594073349455653, 0.28354489837534175]",0,-1
9698,[0.40198712 0.38021861],14,6,"[0.40678448596985844, 0.34277371919698396]",0,89
9699,[0.42201983 0.60290649],82,0,"[0.4226395002574949, 0.6460584349087278]",0,-1
9700,[0.84877074 0.64025326],99,47,"[0.8091525442233867, 0.6013457413252116]",0,-1
9701,[0.33099192 0.15256876],58,49,"[0.35418448506576955, 0.14329850428612353]",0,-1
9702,[0.59744415 0.39083663],29,73,"[0.5684491373659465, 0.3759776977620393]",0,11
9703,[0.25308073 0.36682311],22,19,"[0.2847353251184853, 0.39005308479636985]",0,71
9704,[0.14742419 0.45993273],26,51,"[0.1508950301577577, 0.45723062251398755]",0,-1
9705,[0.35121852 0.83749056],48,54,"[0.36959478636682913, 0.8084550989826409]",0,-1
9706,[0.68173488 0.69392357],46,76,"[0.6483290776065068, 0.6569295539328516]",0,-1
9707,[0.46866839 0.20266127],52,56,"[0.4908116515444846, 0.16632592191374188]",0,-1
9708,[0.12933633 0.59203274],98,80,"[0.15990270049190128, 0.5986117043755352]",0,-1
9709,[0.27142622 0.6054403 ],51,39,"[0.2596202559688416, 0.6257540185994204]",0,-1
9710,[0.73012039 0.75904165],46,60,"[0.7001338409322506, 0.7409401695756385]",0,-1
9711,[0.48848163 0.538893  ],82,40,"[0.4758590512403852, 0.5317248607280546]",0,-1
9712,[0.49320851 0.19022716],52,56,"[0.4908116515444846, 0.16632592191374188]",0,-1
9713,[0.58919959 0.56390456],12,9,"[0.6184830434267037, 0.586333469678524]",0,-1
9714,[0.69008291 0.3905221 ],61,4,"[0.7100353299176262, 0.3875574879176719]",0,21
9715,[0.69660979 0.59959588],49,72,"[0.7259305706267937, 0.621464812471517]",0,-1
9716,[0.78679429 0.41772041],3,15,"[0.7558016368645127, 0.4462797814247812]",0,-1
9717,[0.45259305 0.59890935],41,2,"[0.4675886295436634, 0.6021765353351279]",0,88
9718,[0.8048087  0.77635491],96,63,"[0.7856877410353075, 0.7534945903126699]",0,-1
9719,[0.66515604 0.28820919],54,3,"[0.6759399092328674, 0.32128183561871837]",0,22
9720,[0.40092685 0.45572137],92,17,"[0.4108830354862289, 0.4435508998593477]",0,-1
9721,[0.20187117 0.29349703],58,38,"[0.18350109397176653, 0.31916714902230253]",0,-1
9722,[0.74132491 0.46079433],3,15,"[0.7558016368645127, 0.4462797814247812]",0,-1
9723,[0.04376148 0.41120104],26,-1,-1,-1,-1
9724,[0.23809739 0.68099681],16,45,"[0.19601325606017345, 0.667358514260268]",0,53
9725,[0.51892509 0.25062016],88,34,"[0.47832967363307105, 0.25654673669797673]",0,-1
9726,[0.25192591 0.69453946],16,12,"[0.2822438507480652, 0.7105313788319401]",0,-1
9727,[0.4529616  0.81317606],94,16,"[0.45898902168994016, 0.8115000101692392]",0,39
9728,[0.17202484 0.42584563],22,51,"[0.1508950301577577, 0.45723062251398755]",0,-1
9729,[0.24223266 0.795432  ],31,26,"[0.2731213809151105, 0.8295374863795931]",0,49
9730,[0.8598311  0.80083222],21,41,"[0.8492841799095646, 0.8019622424543851]",0,-1
9731,[0.16730722 0.55121677],17,44,"[0.1912270592870895, 0.5359549801185394]",0,-1
9732,[0.78956801 0.47115905],27,8,"[0.8210079602672482, 0.4506152114933381]",0,17
9733,[0.66438219 0.55477573],37,53,"[0.6955018555560987, 0.5389599645427405]",0,-1
9734,[0.61497267 0.74541381],72,57,"[0.6165364982648931, 0.7310583472769618]",0,-1
9735,[0.69077293 0.85696736],24,-1,-1,-1,-1
9736,[0.69574354 0.6513167 ],49,72,"[0.7259305706267937, 0.621464812471517]",0,-1
9737,[0.35881925 0.62169351],20,30,"[0.36820757824267275, 0.5891561499462349]",0,-1
9738,[0.83490716 0.46093917],63,8,"[0.8210079602672482, 0.4506152114933381]",0,-1
9739,[0.35284255 0.62519568],20,36,"[0.3536068858323266, 0.6613822308481206]",0,-1
9740,[0.81058089 0.3363748 ],80,25,"[0.8211120104597844, 0.37574618786089475]",0,-1
9741,[0.53708826 0.7620827 ],79,46,"[0.5435344637313357, 0.7795756563374607]",0,26
9742,[0.38586892 0.38184488],38,6,"[0.40678448596985844, 0.34277371919698396]",0,89
9743,[0.3683471  0.14105752],57,49,"[0.35418448506576955, 0.14329850428612353]",0,-1
9744,[0.32524717 0.47148011],8,1,"[0.3572487842659222, 0.41922446128046986]",0,-1
9745,[0.55574649 0.60846398],74,5,"[0.54876158375065, 0.6433749135954844]",0,-1
9746,[0.37121514 0.34631134],1,6,"[0.40678448596985844, 0.34277371919698396]",0,89
9747,[0.3197097  0.60321923],20,30,"[0.36820757824267275, 0.5891561499462349]",0,-1
9748,[0.24763681 0.42864959],9,28,"[0.2520846559803125, 0.4621952512240386]",0,74
9749,[0.14092318 0.75444215],39,43,"[0.15465866632935668, 0.7523522483084468]",0,51
9750,[0.44332218 0.82458383],56,16,"[0.45898902168994016, 0.8115000101692392]",0,-1
9751,[0.37823917 0.62456713],82,30,"[0.36820757824267275, 0.5891561499462349]",0,-1
9752,[0.23495067 0.45030697],44,28,"[0.2520846559803125, 0.4621952512240386]",0,-1
9753,[0.22138329 0.76822223],59,11,"[0.22353793679767786, 0.7478364040140648]",0,-1
9754,[0.62566679 0.50052655],29,29,"[0.5812618174713859, 0.5240123764686471]",0,-1
9755,[0.26792081 0.62445466],51,39,"[0.2596202559688416, 0.6257540185994204]",0,-1
9756,[0.74256622 0.70256014],99,60,"[0.7001338409322506, 0.7409401695756385]",0,-1
9757,[0.86534147 0.45997676],43,62,"[0.8921140984845523, 0.4428581583396137]",0,-1
9758,[0.85478545 0.45453255],30,8,"[0.8210079602672482, 0.4506152114933381]",0,-1
9759,[0.82972527 0.82929097],62,41,"[0.8492841799095646, 0.8019622424543851]",0,13
9760,[0.27841935 0.47754145],9,28,"[0.2520846559803125, 0.4621952512240386]",0,-1
9761,[0.15088948 0.19926879],32,81,"[0.13426292668090453, 0.163935928071412]",0,-1
9762,[0.3458284  0.12024997],57,49,"[0.35418448506576955, 0.14329850428612353]",0,-1
9763,[0.36156367 0.4250615 ],81,1,"[0.3572487842659222, 0.41922446128046986]",0,89
9764,[0.47949003 0.63150539],69,2,"[0.4675886295436634, 0.6021765353351279]",0,88
9765,[0.30614318 0.28803789],47,21,"[0.3571400957876323, 0.26942599959136726]",0,75
9766,[0.73645195 0.4180775 ],66,15,"[0.7558016368645127, 0.4462797814247812]",0,-1
9767,[0.46003784 0.62116085],69,2,"[0.4675886295436634, 0.6021765353351279]",0,88
9768,[0.45035704 0.49849073],14,40,"[0.4758590512403852, 0.5317248607280546]",0,-1
9769,[0.68591466 0.5101641 ],29,53,"[0.6955018555560987, 0.5389599645427405]",0,-1
9770,[0.45157584 0.35312297],55,42,"[0.47090413605197745, 0.3706753216883814]",0,-1
9771,[0.64096744 0.44884834],34,65,"[0.6636957553845171, 0.46135824588144125]",0,-1
9772,[0.66241833 0.80906958],24,14,"[0.6208537257023621, 0.8045775614928529]",0,-1
9773,[0.59428543 0.59463418],77,9,"[0.6184830434267037, 0.586333469678524]",0,87
9774,[0.49914251 0.62610635],6,2,"[0.4675886295436634, 0.6021765353351279]",0,-1
9775,[0.77283592 0.45514365],28,15,"[0.7558016368645127, 0.4462797814247812]",0,-1
9776,[0.63163971 0.22819462],86,35,"[0.6545605605339905, 0.22500987532438183]",0,6
9777,[0.43463539 0.6815268 ],90,0,"[0.4226395002574949, 0.6460584349087278]",0,-1
9778,[0.40057457 0.52121923],41,50,"[0.3898476181838421, 0.5216929572274273]",0,-1
9779,[0.87298542 0.50743413],83,13,"[0.843760744736157, 0.5166552078676889]",0,-1
9780,[0.75688832 0.79565274],62,48,"[0.7803433920128066, 0.8205948599681767]",0,-1
9781,[0.36903003 0.4701546 ],8,17,"[0.4108830354862289, 0.4435508998593477]",0,-1
9782,[0.49323888 0.81411956],93,16,"[0.45898902168994016, 0.8115000101692392]",0,-1
9783,[0.25798033 0.16987939],10,52,"[0.2294764018471187, 0.143723856671554]",0,-1
9784,[0.76811489 0.33192096],66,22,"[0.757272224425649, 0.33905999717339425]",0,-1
9785,[0.66985673 0.38621528],40,10,"[0.6398799516193626, 0.38844091859549007]",0,21
9786,[0.14331853 0.41404281],26,51,"[0.1508950301577577, 0.45723062251398755]",0,-1
9787,[0.12476092 0.62741825],17,90,"[0.11769418158886381, 0.6663972759552037]",0,-1
9788,[0.8618193  0.33053541],80,83,"[0.8762199555116444, 0.3404048051239979]",0,-1
9789,[0.66892198 0.60903566],49,76,"[0.6483290776065068, 0.6569295539328516]",0,-1
9790,[0.37007615 0.36245242],47,6,"[0.40678448596985844, 0.34277371919698396]",0,89
9791,[0.32794879 0.36174216],81,7,"[0.3321936611977011, 0.34293111744375654]",0,89
9792,[0.27011512 0.77186867],48,11,"[0.22353793679767786, 0.7478364040140648]",0,-1
9793,[0.45686331 0.6515374 ],90,0,"[0.4226395002574949, 0.6460584349087278]",0,88
9794,[0.67092533 0.56321811],49,53,"[0.6955018555560987, 0.5389599645427405]",0,-1
9795,[0.77630835 0.35421842],54,22,"[0.757272224425649, 0.33905999717339425]",0,20
9796,[0.57365796 0.53125506],77,29,"[0.5812618174713859, 0.5240123764686471]",0,84
9797,[0.21186658 0.50474626],9,44,"[0.1912270592870895, 0.5359549801185394]",0,-1
9798,[0.41118067 0.82463323],78,54,"[0.36959478636682913, 0.8084550989826409]",0,-1
9799,[0.82722248 0.39017058],50,25,"[0.8211120104597844, 0.37574618786089475]",0,17
9800,[0.41565004 0.45775645],92,17,"[0.4108830354862289, 0.4435508998593477]",0,82
9801,[0.80819958 0.4325887 ],66,8,"[0.8210079602672482, 0.4506152114933381]",0,17
9802,[0.45345611 0.79127683],56,16,"[0.45898902168994016, 0.8115000101692392]",0,-1
9803,[0.13442922 0.41136386],53,71,"[0.11481900251646894, 0.37559708088824]",0,-1
9804,[0.74973183 0.44604616],68,15,"[0.7558016368645127, 0.4462797814247812]",0,-1
9805,[0.72046892 0.37239316],61,4,"[0.7100353299176262, 0.3875574879176719]",0,21
9806,[0.2084022  0.75383323],65,11,"[0.22353793679767786, 0.7478364040140648]",0,57
9807,[0.35048741 0.84206232],48,54,"[0.36959478636682913, 0.8084550989826409]",0,-1
9808,[0.6275673  0.38776105],34,10,"[0.6398799516193626, 0.38844091859549007]",0,-1
9809,[0.5224088  0.69623326],12,37,"[0.47348968360582744, 0.7125916710309903]",0,-1
9810,[0.48700708 0.56616948],7,40,"[0.4758590512403852, 0.5317248607280546]",0,-1
9811,[0.79505465 0.41145695],66,25,"[0.8211120104597844, 0.37574618786089475]",0,-1
9812,[0.83499327 0.79425083],96,41,"[0.8492841799095646, 0.8019622424543851]",0,13
9813,[0.70797845 0.37163924],2,4,"[0.7100353299176262, 0.3875574879176719]",0,21
9814,[0.475889   0.16685277],52,56,"[0.4908116515444846, 0.16632592191374188]",0,-1
9815,[0.40513674 0.37754349],38,6,"[0.40678448596985844, 0.34277371919698396]",0,89
9816,[0.44863624 0.57479052],15,2,"[0.4675886295436634, 0.6021765353351279]",0,88
9817,[0.34067173 0.57930044],20,30,"[0.36820757824267275, 0.5891561499462349]",0,-1
9818,[0.71784576 0.35568033],71,4,"[0.7100353299176262, 0.3875574879176719]",0,21
9819,[0.87016119 0.17367519],36,88,"[0.8567588921418147, 0.17457306337920828]",0,-1
9820,[0.43492699 0.37070212],38,42,"[0.47090413605197745, 0.3706753216883814]",0,58
9821,[0.5247423  0.32286363],4,73,"[0.5684491373659465, 0.3759776977620393]",0,-1
9822,[0.34487094 0.73679355],78,58,"[0.37887936110594184, 0.7334391897891285]",0,-1
9823,[0.39214765 0.38362183],92,6,"[0.40678448596985844, 0.34277371919698396]",0,89
9824,[0.67568399 0.27194709],91,3,"[0.6759399092328674, 0.32128183561871837]",0,-1
9825,[0.25004343 0.45003395],9,28,"[0.2520846559803125, 0.4621952512240386]",0,-1
9826,[0.84085403 0.78640606],62,41,"[0.8492841799095646, 0.8019622424543851]",0,13
9827,[0.54180261 0.52188512],13,29,"[0.5812618174713859, 0.5240123764686471]",0,-1
9828,[0.47492337 0.79465956],56,16,"[0.45898902168994016, 0.8115000101692392]",0,-1
9829,[0.77582824 0.4377394 ],2,15,"[0.7558016368645127, 0.4462797814247812]",0,17
9830,[0.48881754 0.49833431],4,40,"[0.4758590512403852, 0.5317248607280546]",0,-1
9831,[0.42539324 0.69774483],76,37,"[0.47348968360582744, 0.7125916710309903]",0,-1
9832,[0.61920664 0.47594524],34,68,"[0.6059400326152605, 0.4534475926518635]",0,-1
9833,[0.43160616 0.68437916],15,0,"[0.4226395002574949, 0.6460584349087278]",0,-1
9834,[0.80558858 0.80727128],21,48,"[0.7803433920128066, 0.8205948599681767]",0,13
9835,[0.13972405 0.6102707 ],17,80,"[0.15990270049190128, 0.5986117043755352]",0,-1
9836,[0.29294747 0.15244345],73,27,"[0.29001319373773415, 0.21087702736570366]",0,-1
9837,[0.64542778 0.40001529],61,10,"[0.6398799516193626, 0.38844091859549007]",0,21
9838,[0.15006319 0.73987751],0,43,"[0.15465866632935668, 0.7523522483084468]",0,-1
9839,[0.33387783 0.4142942 ],81,1,"[0.3572487842659222, 0.41922446128046986]",0,-1
9840,[0.87977408 0.89687567],96,87,"[0.8925149589987491, 0.8617277435613537]",0,-1
9841,[0.36910161 0.57356511],90,30,"[0.36820757824267275, 0.5891561499462349]",0,-1
9842,[0.45925317 0.1161886 ],33,74,"[0.4464145664830302, 0.11749079524673668]",0,-1
9843,[0.76253344 0.46932817],3,15,"[0.7558016368645127, 0.4462797814247812]",0,-1
9844,[0.28112464 0.42413245],64,19,"[0.2847353251184853, 0.39005308479636985]",0,-1
9845,[0.86893039 0.57439594],27,59,"[0.8763268698051316, 0.579199170331017]",0,-1
9846,[0.76193729 0.58738675],99,47,"[0.8091525442233867, 0.6013457413252116]",0,-1
9847,[0.31383587 0.67702514],19,36,"[0.3536068858323266, 0.6613822308481206]",0,-1
9848,[0.76699325 0.83991434],62,48,"[0.7803433920128066, 0.8205948599681767]",0,-1
9849,[0.24450741 0.2428998 ],5,24,"[0.23531691667485555, 0.27209662123665185]",0,65
9850,[0.20528586 0.59521522],16,80,"[0.15990270049190128, 0.5986117043755352]",0,-1
9851,[0.83527474 0.4207987 ],83,8,"[0.8210079602672482, 0.4506152114933381]",0,17
9852,[0.49019825 0.62879817],75,2,"[0.4675886295436634, 0.6021765353351279]",0,88
9853,[0.09823028 0.46770594],98,51,"[0.1508950301577577, 0.45723062251398755]",0,-1
9854,[0.16360298 0.38593266],26,23,"[0.2032497039719594, 0.393824370774819]",0,69
9855,[0.79550976 0.44556643],50,8,"[0.8210079602672482, 0.4506152114933381]",0,17
9856,[0.33937572 0.63301097],20,36,"[0.3536068858323266, 0.6613822308481206]",0,-1
9857,[0.75297115 0.35243324],91,22,"[0.757272224425649, 0.33905999717339425]",0,-1
9858,[0.53149991 0.34637263],4,73,"[0.5684491373659465, 0.3759776977620393]",0,-1
9859,[0.59770251 0.85027939],60,82,"[0.6132420785222222, 0.8710652413331001]",0,-1
9860,[0.33880653 0.28910834],25,21,"[0.3571400957876323, 0.26942599959136726]",0,75
9861,[0.75938261 0.81180317],46,48,"[0.7803433920128066, 0.8205948599681767]",0,-1
9862,[0.47371762 0.5413131 ],7,40,"[0.4758590512403852, 0.5317248607280546]",0,83
9863,[0.57065566 0.65855672],37,5,"[0.54876158375065, 0.6433749135954844]",0,88
9864,[0.13978457 0.53071485],98,77,"[0.10737865443478777, 0.5291217341624451]",0,-1
9865,[0.77120102 0.49572066],43,32,"[0.7786163905873836, 0.5211842185039978]",0,-1
9866,[0.32667909 0.67323903],51,36,"[0.3536068858323266, 0.6613822308481206]",0,-1
9867,[0.58978904 0.62488478],12,5,"[0.54876158375065, 0.6433749135954844]",0,87
9868,[0.44953572 0.39960609],64,42,"[0.47090413605197745, 0.3706753216883814]",0,58
9869,[0.8258505 0.5590104],83,47,"[0.8091525442233867, 0.6013457413252116]",0,14
9870,[0.80299928 0.46205863],83,8,"[0.8210079602672482, 0.4506152114933381]",0,17
9871,[0.15134315 0.7017201 ],0,90,"[0.11769418158886381, 0.6663972759552037]",0,-1
9872,[0.47532476 0.38322098],67,42,"[0.47090413605197745, 0.3706753216883814]",0,-1
9873,[0.37301012 0.48870242],38,50,"[0.3898476181838421, 0.5216929572274273]",0,-1
9874,[0.37581323 0.17608167],57,49,"[0.35418448506576955, 0.14329850428612353]",0,28
9875,[0.42188638 0.66139431],82,0,"[0.4226395002574949, 0.6460584349087278]",0,88
9876,[0.21002492 0.4117683 ],26,23,"[0.2032497039719594, 0.393824370774819]",0,-1
9877,[0.61214132 0.70535251],75,57,"[0.6165364982648931, 0.7310583472769618]",0,-1
9878,[0.57445479 0.56216354],13,29,"[0.5812618174713859, 0.5240123764686471]",0,88
9879,[0.36655915 0.29091881],25,21,"[0.3571400957876323, 0.26942599959136726]",0,-1
9880,[0.83025567 0.4198835 ],50,8,"[0.8210079602672482, 0.4506152114933381]",0,17
9881,[0.6771066  0.79655623],46,14,"[0.6208537257023621, 0.8045775614928529]",0,-1
9882,[0.57128063 0.50648969],13,29,"[0.5812618174713859, 0.5240123764686471]",0,-1
9883,[0.60696936 0.50761681],77,29,"[0.5812618174713859, 0.5240123764686471]",0,-1
9884,[0.67096895 0.30206513],34,3,"[0.6759399092328674, 0.32128183561871837]",0,22
9885,[0.28423304 0.25154979],25,27,"[0.29001319373773415, 0.21087702736570366]",0,-1
9886,[0.78831913 0.58895399],99,47,"[0.8091525442233867, 0.6013457413252116]",0,-1
9887,[0.15203158 0.75660976],39,43,"[0.15465866632935668, 0.7523522483084468]",0,51
9888,[0.66082957 0.35029647],71,3,"[0.6759399092328674, 0.32128183561871837]",0,21
9889,[0.55659676 0.50589728],77,29,"[0.5812618174713859, 0.5240123764686471]",0,-1
9890,[0.50808766 0.68262163],7,37,"[0.47348968360582744, 0.7125916710309903]",0,-1
9891,[0.64102424 0.49745401],34,65,"[0.6636957553845171, 0.46135824588144125]",0,-1
9892,[0.42588711 0.2893749 ],55,6,"[0.40678448596985844, 0.34277371919698396]",0,-1
9893,[0.36141684 0.34031058],1,7,"[0.3321936611977011, 0.34293111744375654]",0,89
9894,[0.63430947 0.2032835 ],95,35,"[0.6545605605339905, 0.22500987532438183]",0,-1
9895,[0.44397885 0.70368763],15,37,"[0.47348968360582744, 0.7125916710309903]",0,47
9896,[0.52018499 0.54842235],69,20,"[0.5371890084085489, 0.5739528596094324]",0,81
9897,[0.42715956 0.28366514],67,34,"[0.47832967363307105, 0.25654673669797673]",0,-1
9898,[0.22373108 0.18037027],10,52,"[0.2294764018471187, 0.143723856671554]",0,48
9899,[0.21512266 0.70743569],16,11,"[0.22353793679767786, 0.7478364040140648]",0,-1
9900,[0.67684132 0.18046531],89,70,"[0.6986975952159088, 0.16842470592263856]",0,5
9901,[0.21484747 0.42305084],26,23,"[0.2032497039719594, 0.393824370774819]",0,-1
9902,[0.2903321  0.65486366],23,39,"[0.2596202559688416, 0.6257540185994204]",0,-1
9903,[0.42802793 0.11506141],84,74,"[0.4464145664830302, 0.11749079524673668]",0,-1
9904,[0.25906872 0.38843818],22,19,"[0.2847353251184853, 0.39005308479636985]",0,-1
9905,[0.37210877 0.2844244 ],57,21,"[0.3571400957876323, 0.26942599959136726]",0,-1
9906,[0.1966491  0.39884592],44,23,"[0.2032497039719594, 0.393824370774819]",0,72
9907,[0.33614088 0.36452438],1,7,"[0.3321936611977011, 0.34293111744375654]",0,89
9908,[0.65934776 0.3395681 ],71,3,"[0.6759399092328674, 0.32128183561871837]",0,-1
9909,[0.30211059 0.62346654],20,39,"[0.2596202559688416, 0.6257540185994204]",0,-1
9910,[0.89157023 0.84173813],21,87,"[0.8925149589987491, 0.8617277435613537]",0,-1
9911,[0.4361408  0.20207377],73,31,"[0.4191189173246286, 0.19329258812229377]",0,35
9912,[0.73366927 0.2312724 ],95,55,"[0.7305076164562052, 0.2580112669411776]",0,-1
9913,[0.28244131 0.70852718],51,12,"[0.2822438507480652, 0.7105313788319401]",0,54
9914,[0.42915713 0.37410581],38,6,"[0.40678448596985844, 0.34277371919698396]",0,-1
9915,[0.65746062 0.45867969],29,65,"[0.6636957553845171, 0.46135824588144125]",0,-1
9916,[0.29256315 0.80531154],59,26,"[0.2731213809151105, 0.8295374863795931]",0,46
9917,[0.50684745 0.79672915],60,46,"[0.5435344637313357, 0.7795756563374607]",0,-1
9918,[0.43545953 0.0815693 ],33,74,"[0.4464145664830302, 0.11749079524673668]",0,-1
9919,[0.13312441 0.17180421],45,81,"[0.13426292668090453, 0.163935928071412]",0,-1
9920,[0.2944006  0.72368226],18,12,"[0.2822438507480652, 0.7105313788319401]",0,-1
9921,[0.1794325  0.75310268],39,43,"[0.15465866632935668, 0.7523522483084468]",0,-1
9922,[0.30986687 0.69113373],51,12,"[0.2822438507480652, 0.7105313788319401]",0,-1
9923,[0.64333733 0.76312966],24,57,"[0.6165364982648931, 0.7310583472769618]",0,36
9924,[0.44658619 0.25293683],55,34,"[0.47832967363307105, 0.25654673669797673]",0,32
9925,[0.23253405 0.79896764],59,69,"[0.18889864315739, 0.8195957758801673]",0,49
9926,[0.49659973 0.16059412],33,56,"[0.4908116515444846, 0.16632592191374188]",0,-1
9927,[0.83680068 0.83955272],85,79,"[0.8263954992254994, 0.8681441505941476]",0,-1
9928,[0.43032703 0.83686372],93,16,"[0.45898902168994016, 0.8115000101692392]",0,25
9929,[0.51357382 0.57363283],41,20,"[0.5371890084085489, 0.5739528596094324]",0,88
9930,[0.17201157 0.61896564],51,80,"[0.15990270049190128, 0.5986117043755352]",0,40
9931,[0.81344418 0.23345911],36,66,"[0.8238364342627095, 0.2773691959806487]",0,-1
9932,[0.4472475  0.82303755],93,16,"[0.45898902168994016, 0.8115000101692392]",0,39
9933,[0.56553387 0.67670691],70,5,"[0.54876158375065, 0.6433749135954844]",0,-1
9934,[0.20039777 0.10144876],45,89,"[0.15862126123377812, 0.09531060003677258]",0,-1
9935,[0.33262342 0.25615727],25,21,"[0.3571400957876323, 0.26942599959136726]",0,75
9936,[0.73836278 0.61846352],99,72,"[0.7259305706267937, 0.621464812471517]",0,-1
9937,[0.30706934 0.75206467],19,12,"[0.2822438507480652, 0.7105313788319401]",0,-1
9938,[0.46357689 0.54204643],7,40,"[0.4758590512403852, 0.5317248607280546]",0,-1
9939,[0.81272521 0.361094  ],66,25,"[0.8211120104597844, 0.37574618786089475]",0,-1
9940,[0.34750863 0.46131382],64,1,"[0.3572487842659222, 0.41922446128046986]",0,78
9941,[0.69675679 0.29787934],91,3,"[0.6759399092328674, 0.32128183561871837]",0,18
9942,[0.43094622 0.80697245],78,16,"[0.45898902168994016, 0.8115000101692392]",0,-1
9943,[0.56542709 0.5196472 ],13,29,"[0.5812618174713859, 0.5240123764686471]",0,-1
9944,[0.83001175 0.61817058],99,47,"[0.8091525442233867, 0.6013457413252116]",0,-1
9945,[0.33516107 0.67308478],76,36,"[0.3536068858323266, 0.6613822308481206]",0,-1
9946,[0.67054054 0.37198571],2,10,"[0.6398799516193626, 0.38844091859549007]",0,21
9947,[0.55106974 0.81343525],72,46,"[0.5435344637313357, 0.7795756563374607]",0,-1
9948,[0.23150825 0.63930652],16,39,"[0.2596202559688416, 0.6257540185994204]",0,-1
9949,[0.49320181 0.8436356 ],93,18,"[0.527398606849523, 0.8662745321442044]",0,-1
9950,[0.66049417 0.56180389],49,53,"[0.6955018555560987, 0.5389599645427405]",0,-1
9951,[0.91450963 0.86739688],62,87,"[0.8925149589987491, 0.8617277435613537]",0,-1
9952,[0.48135603 0.62310731],82,2,"[0.4675886295436634, 0.6021765353351279]",0,88
9953,[0.73119539 0.43941254],29,15,"[0.7558016368645127, 0.4462797814247812]",0,-1
9954,[0.44738364 0.69401499],69,37,"[0.47348968360582744, 0.7125916710309903]",0,-1
9955,[0.25301516 0.09288646],10,52,"[0.2294764018471187, 0.143723856671554]",-1,-1
9956,[0.41610672 0.66712165],15,0,"[0.4226395002574949, 0.6460584349087278]",0,88
9957,[0.39995722 0.47623323],64,17,"[0.4108830354862289, 0.4435508998593477]",0,80
9958,[0.35367465 0.16552969],57,49,"[0.35418448506576955, 0.14329850428612353]",0,28
9959,[0.87727099 0.81540471],85,41,"[0.8492841799095646, 0.8019622424543851]",0,-1
9960,[0.32727503 0.31318121],22,7,"[0.3321936611977011, 0.34293111744375654]",0,-1
9961,[0.71799787 0.48255341],87,15,"[0.7558016368645127, 0.4462797814247812]",0,-1
9962,[0.55858636 0.56028107],37,20,"[0.5371890084085489, 0.5739528596094324]",0,-1
9963,[0.88478367 0.48083669],83,62,"[0.8921140984845523, 0.4428581583396137]",0,-1
9964,[0.35375258 0.32047529],1,7,"[0.3321936611977011, 0.34293111744375654]",0,-1
9965,[0.68994464 0.44954983],68,65,"[0.6636957553845171, 0.46135824588144125]",0,-1
9966,[0.17413167 0.57197332],17,80,"[0.15990270049190128, 0.5986117043755352]",0,-1
9967,[0.48427213 0.85509865],56,18,"[0.527398606849523, 0.8662745321442044]",0,-1
9968,[0.83703194 0.78581245],21,41,"[0.8492841799095646, 0.8019622424543851]",0,13
9969,[0.48646976 0.76335874],15,37,"[0.47348968360582744, 0.7125916710309903]",0,-1
9970,[0.78935798 0.28868091],80,66,"[0.8238364342627095, 0.2773691959806487]",0,-1
9971,[0.22542382 0.71357459],65,11,"[0.22353793679767786, 0.7478364040140648]",0,-1
9972,[0.20398059 0.17444388],10,33,"[0.1898538969523832, 0.20289106741831933]",0,48
9973,[0.45162019 0.57631554],82,2,"[0.4675886295436634, 0.6021765353351279]",0,88
9974,[0.33249565 0.1949921 ],73,27,"[0.29001319373773415, 0.21087702736570366]",0,-1
9975,[0.35159086 0.41246902],67,1,"[0.3572487842659222, 0.41922446128046986]",0,-1
9976,[0.61843751 0.37003651],34,10,"[0.6398799516193626, 0.38844091859549007]",0,-1
9977,[0.15045383 0.23453546],32,84,"[0.1433957510634753, 0.2579081432754369]",0,-1
9978,[0.27061695 0.56139742],97,39,"[0.2596202559688416, 0.6257540185994204]",0,-1
9979,[0.42585444 0.58608081],76,2,"[0.4675886295436634, 0.6021765353351279]",0,-1
9980,[0.72587704 0.31912319],91,22,"[0.757272224425649, 0.33905999717339425]",0,-1
9981,[0.23858009 0.21192298],10,33,"[0.1898538969523832, 0.20289106741831933]",0,64
9982,[0.69718473 0.36698445],68,4,"[0.7100353299176262, 0.3875574879176719]",0,21
9983,[0.3273109  0.39602055],14,1,"[0.3572487842659222, 0.41922446128046986]",0,89
9984,[0.19169102 0.65988562],39,45,"[0.19601325606017345, 0.667358514260268]",0,-1
9985,[0.73802294 0.41697976],68,15,"[0.7558016368645127, 0.4462797814247812]",0,-1
9986,[0.76506789 0.62218142],99,72,"[0.7259305706267937, 0.621464812471517]",0,-1
9987,[0.65122335 0.76183672],79,57,"[0.6165364982648931, 0.7310583472769618]",0,-1
9988,[0.63283276 0.60105528],49,9,"[0.6184830434267037, 0.586333469678524]",0,-1
9989,[0.57984168 0.7220528 ],79,57,"[0.6165364982648931, 0.7310583472769618]",0,-1
9990,[0.61904256 0.60803652],49,9,"[0.6184830434267037, 0.586333469678524]",0,76
9991,[0.2877024  0.34373932],1,7,"[0.3321936611977011, 0.34293111744375654]",0,-1
9992,[0.19189685 0.72416043],65,11,"[0.22353793679767786, 0.7478364040140648]",0,55
9993,[0.7445739  0.34316064],2,22,"[0.757272224425649, 0.33905999717339425]",0,-1
9994,[0.30083984 0.77356219],51,26,"[0.2731213809151105, 0.8295374863795931]",0,-1
9995,[0.13377209 0.43482641],26,51,"[0.1508950301577577, 0.45723062251398755]",0,-1
9996,[0.38649133 0.38882439],38,1,"[0.3572487842659222, 0.41922446128046986]",0,89
9997,[0.2653109  0.38560261],11,19,"[0.2847353251184853, 0.39005308479636985]",0,-1
9998,[0.48171059 0.84328626],94,16,"[0.45898902168994016, 0.8115000101692392]",0,-1
9999,[0.35823207 0.11359487],57,49,"[0.35418448506576955, 0.14329850428612353]",0,-1
