,datum,blob,snowball_label,snowball_center,hdbscan_eom_label,hdbscan_leaf_label
0,[0.28504797 0.57946817],0,27,"[0.30153232836109006, 0.6400917785880068]",2,1
1,[0.3609709  0.51553349],0,40,"[0.34843502100698986, 0.5008291391341686]",2,1
2,[0.29001074 0.54837287],0,-1,-1,2,1
3,[0.31101261 0.46816431],0,40,"[0.34843502100698986, 0.5008291391341686]",2,1
4,[0.34906894 0.50809851],0,40,"[0.34843502100698986, 0.5008291391341686]",2,1
5,[0.40431177 0.3657501 ],0,25,"[0.45070168962534496, 0.32153324005088785]",2,1
6,[0.36206215 0.48779385],0,40,"[0.34843502100698986, 0.5008291391341686]",2,1
7,[0.26612732 0.53362242],0,-1,-1,2,1
8,[0.43313436 0.46087679],0,4,"[0.4703359759434677, 0.47229813207432597]",2,1
9,[0.35208331 0.56238188],0,40,"[0.34843502100698986, 0.5008291391341686]",2,1
10,[0.33283253 0.48646943],0,40,"[0.34843502100698986, 0.5008291391341686]",2,1
11,[0.29877032 0.60947878],0,27,"[0.30153232836109006, 0.6400917785880068]",2,1
12,[0.30183179 0.52579027],0,40,"[0.34843502100698986, 0.5008291391341686]",2,1
13,[0.33367108 0.55381136],0,40,"[0.34843502100698986, 0.5008291391341686]",2,1
14,[0.38098855 0.58783671],0,-1,-1,2,1
15,[0.29751815 0.46283141],0,40,"[0.34843502100698986, 0.5008291391341686]",2,1
16,[0.33172199 0.45215571],0,40,"[0.34843502100698986, 0.5008291391341686]",2,1
17,[0.26253234 0.4939462 ],0,-1,-1,2,1
18,[0.25807604 0.4863134 ],0,-1,-1,2,1
19,[0.3349718  0.54000874],0,40,"[0.34843502100698986, 0.5008291391341686]",2,1
20,[0.24088357 0.082368  ],1,46,"[0.24645450675372005, 0.0846984514035536]",2,1
21,[0.27600386 0.15090039],1,34,"[0.26060598247246086, 0.15882429144586202]",2,1
22,[0.12793764 0.10050621],1,39,"[0.17566337980794056, 0.08023627001708317]",2,1
23,[0.2634225  0.09803732],1,46,"[0.24645450675372005, 0.0846984514035536]",2,1
24,[0.26556132 0.11310862],1,46,"[0.24645450675372005, 0.0846984514035536]",2,1
25,[0.32859366 0.10410282],1,49,"[0.3585594816425338, 0.15990774222252246]",-1,1
26,[0.18245567 0.11501818],1,26,"[0.18500560243834838, 0.13970608089025946]",2,1
27,[0.18986521 0.09792887],1,39,"[0.17566337980794056, 0.08023627001708317]",2,1
28,[0.19185623 0.06579213],1,39,"[0.17566337980794056, 0.08023627001708317]",2,1
29,[0.26483358 0.11188862],1,46,"[0.24645450675372005, 0.0846984514035536]",2,1
30,[0.22827717 0.03809914],1,46,"[0.24645450675372005, 0.0846984514035536]",2,1
31,[0.27750389 0.02645503],1,46,"[0.24645450675372005, 0.0846984514035536]",-1,-1
32,[0.20894299 0.11362001],1,26,"[0.18500560243834838, 0.13970608089025946]",2,1
33,[0.14468316 0.18165994],1,26,"[0.18500560243834838, 0.13970608089025946]",2,1
34,[0.19027253 0.08655761],1,39,"[0.17566337980794056, 0.08023627001708317]",2,1
35,[0.22656534 0.14636497],1,34,"[0.26060598247246086, 0.15882429144586202]",2,1
36,[0.24232006 0.0759375 ],1,46,"[0.24645450675372005, 0.0846984514035536]",2,1
37,[0.22534034 0.10776023],1,46,"[0.24645450675372005, 0.0846984514035536]",2,1
38,[0.25985215 0.16279049],1,34,"[0.26060598247246086, 0.15882429144586202]",2,1
39,[0.22007763 0.12493076],1,26,"[0.18500560243834838, 0.13970608089025946]",2,1
40,[0.77729231 0.62217671],2,3,"[0.7513715813200109, 0.6477636096698962]",2,1
41,[0.7451888  0.67637854],2,3,"[0.7513715813200109, 0.6477636096698962]",2,1
42,[0.74223933 0.63515405],2,3,"[0.7513715813200109, 0.6477636096698962]",2,1
43,[0.70847577 0.60470418],2,3,"[0.7513715813200109, 0.6477636096698962]",2,1
44,[0.73748572 0.66298714],2,3,"[0.7513715813200109, 0.6477636096698962]",2,1
45,[0.67603184 0.60822248],2,33,"[0.6669123603275189, 0.5598313956312628]",2,1
46,[0.75286802 0.6549343 ],2,3,"[0.7513715813200109, 0.6477636096698962]",2,1
47,[0.74283082 0.59589193],2,3,"[0.7513715813200109, 0.6477636096698962]",2,1
48,[0.76574444 0.63035948],2,3,"[0.7513715813200109, 0.6477636096698962]",2,1
49,[0.75617739 0.59139486],2,3,"[0.7513715813200109, 0.6477636096698962]",2,1
50,[0.74556297 0.61249423],2,3,"[0.7513715813200109, 0.6477636096698962]",2,1
51,[0.71807279 0.57060531],2,33,"[0.6669123603275189, 0.5598313956312628]",2,1
52,[0.68314962 0.55025038],2,33,"[0.6669123603275189, 0.5598313956312628]",2,1
53,[0.79177653 0.59532035],2,3,"[0.7513715813200109, 0.6477636096698962]",2,1
54,[0.82072304 0.54022248],2,-1,-1,-1,-1
55,[0.7250727  0.67865899],2,3,"[0.7513715813200109, 0.6477636096698962]",2,1
56,[0.68043517 0.56904471],2,33,"[0.6669123603275189, 0.5598313956312628]",2,1
57,[0.75054533 0.64460347],2,3,"[0.7513715813200109, 0.6477636096698962]",2,1
58,[0.7380515  0.58720231],2,3,"[0.7513715813200109, 0.6477636096698962]",2,1
59,[0.72949255 0.7115275 ],2,2,"[0.7055043901885527, 0.750768970381604]",2,1
60,[0.65583695 0.55570155],3,33,"[0.6669123603275189, 0.5598313956312628]",2,1
61,[0.56877478 0.53555606],3,1,"[0.5254698240183153, 0.5508392853699275]",2,1
62,[0.67578318 0.60007321],3,33,"[0.6669123603275189, 0.5598313956312628]",2,1
63,[0.53654923 0.51674795],3,1,"[0.5254698240183153, 0.5508392853699275]",2,1
64,[0.63038326 0.63132202],3,42,"[0.6029399289426963, 0.6085766328713342]",2,1
65,[0.53968327 0.55617934],3,1,"[0.5254698240183153, 0.5508392853699275]",2,1
66,[0.66419492 0.60144166],3,33,"[0.6669123603275189, 0.5598313956312628]",2,1
67,[0.54355305 0.52257477],3,1,"[0.5254698240183153, 0.5508392853699275]",2,1
68,[0.62635776 0.52843379],3,33,"[0.6669123603275189, 0.5598313956312628]",2,1
69,[0.63314461 0.55120415],3,33,"[0.6669123603275189, 0.5598313956312628]",2,1
70,[0.66004796 0.48060303],3,-1,-1,-1,-1
71,[0.59144037 0.61338623],3,42,"[0.6029399289426963, 0.6085766328713342]",2,1
72,[0.55718201 0.58045148],3,1,"[0.5254698240183153, 0.5508392853699275]",2,1
73,[0.57526284 0.53154209],3,1,"[0.5254698240183153, 0.5508392853699275]",2,1
74,[0.66289483 0.59389332],3,33,"[0.6669123603275189, 0.5598313956312628]",2,1
75,[0.65060859 0.49617194],3,33,"[0.6669123603275189, 0.5598313956312628]",-1,1
76,[0.62076766 0.56391367],3,33,"[0.6669123603275189, 0.5598313956312628]",2,1
77,[0.64937283 0.60692675],3,42,"[0.6029399289426963, 0.6085766328713342]",2,1
78,[0.50994706 0.53811622],3,1,"[0.5254698240183153, 0.5508392853699275]",2,1
79,[0.61140138 0.57433231],3,42,"[0.6029399289426963, 0.6085766328713342]",2,1
80,[0.06399314 0.33765685],4,41,"[0.07838666511386969, 0.3628997079820294]",1,1
81,[0.08702252 0.380773  ],4,41,"[0.07838666511386969, 0.3628997079820294]",1,1
82,[0.16815121 0.33970434],4,43,"[0.15463775333988572, 0.32503417406533647]",1,1
83,[0.10298944 0.33247469],4,41,"[0.07838666511386969, 0.3628997079820294]",1,1
84,[0.17133832 0.33039953],4,43,"[0.15463775333988572, 0.32503417406533647]",-1,1
85,[0.09661307 0.42439697],4,41,"[0.07838666511386969, 0.3628997079820294]",1,1
86,[0.04024981 0.31041611],4,41,"[0.07838666511386969, 0.3628997079820294]",-1,-1
87,[0.11422869 0.33556817],4,43,"[0.15463775333988572, 0.32503417406533647]",1,1
88,[0.15610565 0.33163469],4,43,"[0.15463775333988572, 0.32503417406533647]",1,1
89,[0.0428449  0.31982746],4,41,"[0.07838666511386969, 0.3628997079820294]",-1,-1
90,[0.08962181 0.27243463],4,-1,-1,-1,-1
91,[0.09551647 0.38018548],4,41,"[0.07838666511386969, 0.3628997079820294]",1,1
92,[0.01040494 0.34240199],4,-1,-1,-1,-1
93,[0.06462717 0.4236085 ],4,41,"[0.07838666511386969, 0.3628997079820294]",-1,1
94,[0.08929069 0.36121641],4,41,"[0.07838666511386969, 0.3628997079820294]",1,1
95,[0.06284469 0.4100158 ],4,41,"[0.07838666511386969, 0.3628997079820294]",1,1
96,[0.12283314 0.29928827],4,43,"[0.15463775333988572, 0.32503417406533647]",1,1
97,[0.119088   0.40685235],4,41,"[0.07838666511386969, 0.3628997079820294]",1,1
98,[0.09646465 0.40566721],4,41,"[0.07838666511386969, 0.3628997079820294]",1,1
99,[0.11871296 0.29654594],4,43,"[0.15463775333988572, 0.32503417406533647]",1,1
100,[0.84693716 0.11390859],5,28,"[0.8323244262890283, 0.14744275538808546]",2,1
101,[0.86545907 0.06741311],5,8,"[0.8332575523168082, 0.07199309583394575]",2,1
102,[0.81990429 0.04878654],5,8,"[0.8332575523168082, 0.07199309583394575]",2,1
103,[0.78684675 0.10167103],5,9,"[0.7461737800193362, 0.11559941699364149]",2,1
104,[0.86160007 0.04583871],5,8,"[0.8332575523168082, 0.07199309583394575]",2,1
105,[0.89902806 0.06254714],5,8,"[0.8332575523168082, 0.07199309583394575]",2,1
106,[0.80226175 0.0497024 ],5,14,"[0.7698190278274193, 0.047333339705945554]",2,1
107,[0.8279137 0.1169966],5,28,"[0.8323244262890283, 0.14744275538808546]",2,1
108,[0.83780578 0.11881101],5,28,"[0.8323244262890283, 0.14744275538808546]",2,1
109,[0.86867752 0.1638101 ],5,35,"[0.8928395308706617, 0.14099770360189234]",2,1
110,[0.86860347 0.07172953],5,8,"[0.8332575523168082, 0.07199309583394575]",2,1
111,[0.75386439 0.09809699],5,9,"[0.7461737800193362, 0.11559941699364149]",2,1
112,[0.91025178 0.10071571],5,35,"[0.8928395308706617, 0.14099770360189234]",2,1
113,[0.87157412 0.11688808],5,35,"[0.8928395308706617, 0.14099770360189234]",2,1
114,[0.86814568 0.1283044 ],5,35,"[0.8928395308706617, 0.14099770360189234]",2,1
115,[0.8375377  0.09621128],5,8,"[0.8332575523168082, 0.07199309583394575]",2,1
116,[0.84961075 0.14377101],5,28,"[0.8323244262890283, 0.14744275538808546]",2,1
117,[0.94185087 0.17573021],5,35,"[0.8928395308706617, 0.14099770360189234]",-1,-1
118,[0.85295632 0.10415522],5,8,"[0.8332575523168082, 0.07199309583394575]",2,1
119,[0.89715089 0.09312434],5,35,"[0.8928395308706617, 0.14099770360189234]",2,1
120,[0.75248211 0.81977937],6,6,"[0.7741523446488042, 0.82771519130958]",2,1
121,[0.78975836 0.76645096],6,6,"[0.7741523446488042, 0.82771519130958]",2,1
122,[0.81413799 0.80059124],6,6,"[0.7741523446488042, 0.82771519130958]",2,1
123,[0.74283628 0.80191505],6,6,"[0.7741523446488042, 0.82771519130958]",2,1
124,[0.8487811  0.85999953],6,11,"[0.8559820020681266, 0.8266986043084036]",2,1
125,[0.83048425 0.81351135],6,11,"[0.8559820020681266, 0.8266986043084036]",2,1
126,[0.81490094 0.80573632],6,11,"[0.8559820020681266, 0.8266986043084036]",2,1
127,[0.80559781 0.77664086],6,6,"[0.7741523446488042, 0.82771519130958]",2,1
128,[0.84888933 0.78208076],6,11,"[0.8559820020681266, 0.8266986043084036]",2,1
129,[0.86355981 0.72120221],6,7,"[0.8163348965563665, 0.7069258620296718]",2,1
130,[0.77906615 0.8116058 ],6,6,"[0.7741523446488042, 0.82771519130958]",2,1
131,[0.83359028 0.84803403],6,11,"[0.8559820020681266, 0.8266986043084036]",2,1
132,[0.78288663 0.84523546],6,6,"[0.7741523446488042, 0.82771519130958]",2,1
133,[0.83503221 0.80394636],6,11,"[0.8559820020681266, 0.8266986043084036]",2,1
134,[0.83333161 0.74815329],6,7,"[0.8163348965563665, 0.7069258620296718]",2,1
135,[0.77787332 0.84437622],6,6,"[0.7741523446488042, 0.82771519130958]",2,1
136,[0.7966493  0.83058576],6,6,"[0.7741523446488042, 0.82771519130958]",2,1
137,[0.76665559 0.81387536],6,6,"[0.7741523446488042, 0.82771519130958]",2,1
138,[0.75608916 0.75295585],6,2,"[0.7055043901885527, 0.750768970381604]",2,1
139,[0.75360995 0.86314753],6,6,"[0.7741523446488042, 0.82771519130958]",2,1
140,[0.07453529 0.64393055],7,44,"[0.04978997356932973, 0.6146974370259757]",0,0
141,[0.03412544 0.59733012],7,44,"[0.04978997356932973, 0.6146974370259757]",0,0
142,[0.13043261 0.62080971],7,5,"[0.11958188884007168, 0.6277852598075221]",0,0
143,[0.10427348 0.51432382],7,18,"[0.10337135428299282, 0.5326378889710649]",0,0
144,[0.2142616  0.63130537],7,45,"[0.19625922041692523, 0.600578157495896]",0,0
145,[0.03005505 0.60736319],7,44,"[0.04978997356932973, 0.6146974370259757]",0,0
146,[0.05558377 0.63455906],7,44,"[0.04978997356932973, 0.6146974370259757]",0,0
147,[0.05236312 0.63172029],7,44,"[0.04978997356932973, 0.6146974370259757]",0,0
148,[0.1101063 0.5932785],7,5,"[0.11958188884007168, 0.6277852598075221]",0,0
149,[0.12281506 0.61763164],7,5,"[0.11958188884007168, 0.6277852598075221]",0,0
150,[0.06895614 0.61472676],7,44,"[0.04978997356932973, 0.6146974370259757]",0,0
151,[0.09550748 0.61196874],7,5,"[0.11958188884007168, 0.6277852598075221]",0,0
152,[0.09803714 0.60509699],7,5,"[0.11958188884007168, 0.6277852598075221]",0,0
153,[0.14671078 0.62659515],7,5,"[0.11958188884007168, 0.6277852598075221]",0,0
154,[0.14225025 0.67569621],7,5,"[0.11958188884007168, 0.6277852598075221]",0,0
155,[0.09979171 0.65811643],7,5,"[0.11958188884007168, 0.6277852598075221]",0,0
156,[0.09439085 0.60267647],7,5,"[0.11958188884007168, 0.6277852598075221]",0,0
157,[0.15324875 0.64874158],7,5,"[0.11958188884007168, 0.6277852598075221]",0,0
158,[0.10154622 0.59083142],7,5,"[0.11958188884007168, 0.6277852598075221]",0,0
159,[0.11650793 0.64481831],7,5,"[0.11958188884007168, 0.6277852598075221]",0,0
160,[0.52137001 0.57510765],8,1,"[0.5254698240183153, 0.5508392853699275]",2,1
161,[0.54327133 0.5005501 ],8,1,"[0.5254698240183153, 0.5508392853699275]",2,1
162,[0.60526819 0.60329267],8,42,"[0.6029399289426963, 0.6085766328713342]",2,1
163,[0.44813454 0.62984748],8,-1,-1,-1,-1
164,[0.56540185 0.54048547],8,1,"[0.5254698240183153, 0.5508392853699275]",2,1
165,[0.48591535 0.57136538],8,1,"[0.5254698240183153, 0.5508392853699275]",2,1
166,[0.50049407 0.5859685 ],8,1,"[0.5254698240183153, 0.5508392853699275]",2,1
167,[0.59756743 0.50794044],8,-1,-1,2,1
168,[0.53034874 0.64207448],8,-1,-1,-1,-1
169,[0.61807559 0.58759332],8,42,"[0.6029399289426963, 0.6085766328713342]",2,1
170,[0.50621264 0.59780753],8,1,"[0.5254698240183153, 0.5508392853699275]",2,1
171,[0.49376657 0.5330792 ],8,1,"[0.5254698240183153, 0.5508392853699275]",2,1
172,[0.5876185  0.58007113],8,42,"[0.6029399289426963, 0.6085766328713342]",2,1
173,[0.55518542 0.52549876],8,1,"[0.5254698240183153, 0.5508392853699275]",2,1
174,[0.51607541 0.55083207],8,1,"[0.5254698240183153, 0.5508392853699275]",2,1
175,[0.49092181 0.59097643],8,1,"[0.5254698240183153, 0.5508392853699275]",2,1
176,[0.53907797 0.53212381],8,1,"[0.5254698240183153, 0.5508392853699275]",2,1
177,[0.57463606 0.55298364],8,1,"[0.5254698240183153, 0.5508392853699275]",2,1
178,[0.47608693 0.54687844],8,1,"[0.5254698240183153, 0.5508392853699275]",2,1
179,[0.5373619  0.57124557],8,1,"[0.5254698240183153, 0.5508392853699275]",2,1
180,[0.45645157 0.33210041],9,25,"[0.45070168962534496, 0.32153324005088785]",2,1
181,[0.49012068 0.22767386],9,30,"[0.4389360480922035, 0.19445494341202574]",2,1
182,[0.4208424 0.4379107],9,4,"[0.4703359759434677, 0.47229813207432597]",2,1
183,[0.54980968 0.23158336],9,12,"[0.5641370447031725, 0.2545877013502613]",2,1
184,[0.57026201 0.2679384 ],9,12,"[0.5641370447031725, 0.2545877013502613]",-1,1
185,[0.45135399 0.28275674],9,25,"[0.45070168962534496, 0.32153324005088785]",2,1
186,[0.48406982 0.37069712],9,25,"[0.45070168962534496, 0.32153324005088785]",2,1
187,[0.53968145 0.3637172 ],9,-1,-1,-1,-1
188,[0.50107816 0.31874447],9,25,"[0.45070168962534496, 0.32153324005088785]",2,1
189,[0.46723918 0.26587552],9,25,"[0.45070168962534496, 0.32153324005088785]",2,1
190,[0.56986176 0.2783158 ],9,12,"[0.5641370447031725, 0.2545877013502613]",2,1
191,[0.40331272 0.35262716],9,25,"[0.45070168962534496, 0.32153324005088785]",2,1
192,[0.44133753 0.31951488],9,25,"[0.45070168962534496, 0.32153324005088785]",2,1
193,[0.48918196 0.23283144],9,30,"[0.4389360480922035, 0.19445494341202574]",2,1
194,[0.47301843 0.32188414],9,25,"[0.45070168962534496, 0.32153324005088785]",2,1
195,[0.42145612 0.32919926],9,25,"[0.45070168962534496, 0.32153324005088785]",2,1
196,[0.47375891 0.29934468],9,25,"[0.45070168962534496, 0.32153324005088785]",2,1
197,[0.52149825 0.31750996],9,-1,-1,2,1
198,[0.43483381 0.25747385],9,30,"[0.4389360480922035, 0.19445494341202574]",2,1
199,[0.5108282  0.28707085],9,12,"[0.5641370447031725, 0.2545877013502613]",2,1
200,[0.30821042 0.51697729],10,40,"[0.34843502100698986, 0.5008291391341686]",2,1
201,[0.33729227 0.53061791],10,40,"[0.34843502100698986, 0.5008291391341686]",2,1
202,[0.28124819 0.55319762],10,-1,-1,2,1
203,[0.33139473 0.65269558],10,27,"[0.30153232836109006, 0.6400917785880068]",2,1
204,[0.26228306 0.58858916],10,27,"[0.30153232836109006, 0.6400917785880068]",2,1
205,[0.28334699 0.5413687 ],10,-1,-1,2,1
206,[0.34685661 0.55155617],10,40,"[0.34843502100698986, 0.5008291391341686]",2,1
207,[0.37159613 0.55861027],10,40,"[0.34843502100698986, 0.5008291391341686]",2,1
208,[0.30169929 0.53706926],10,40,"[0.34843502100698986, 0.5008291391341686]",2,1
209,[0.17004272 0.50040556],10,-1,-1,-1,-1
210,[0.33199793 0.57936481],10,27,"[0.30153232836109006, 0.6400917785880068]",2,1
211,[0.33676005 0.56554085],10,40,"[0.34843502100698986, 0.5008291391341686]",2,1
212,[0.29445328 0.63721712],10,27,"[0.30153232836109006, 0.6400917785880068]",2,1
213,[0.20615187 0.55309809],10,45,"[0.19625922041692523, 0.600578157495896]",-1,-1
214,[0.25195646 0.55425427],10,-1,-1,2,1
215,[0.34948471 0.51096872],10,40,"[0.34843502100698986, 0.5008291391341686]",2,1
216,[0.25419284 0.4871938 ],10,-1,-1,2,1
217,[0.29258869 0.46152816],10,40,"[0.34843502100698986, 0.5008291391341686]",2,1
218,[0.38233848 0.52846837],10,40,"[0.34843502100698986, 0.5008291391341686]",2,1
219,[0.37741537 0.51548915],10,40,"[0.34843502100698986, 0.5008291391341686]",2,1
220,[0.42854842 0.74330875],11,13,"[0.4259920459211699, 0.7233907596390461]",2,1
221,[0.40194463 0.71333911],11,13,"[0.4259920459211699, 0.7233907596390461]",2,1
222,[0.47153846 0.72844363],11,13,"[0.4259920459211699, 0.7233907596390461]",2,1
223,[0.41298419 0.75935903],11,13,"[0.4259920459211699, 0.7233907596390461]",2,1
224,[0.38944611 0.70516197],11,13,"[0.4259920459211699, 0.7233907596390461]",2,1
225,[0.31419751 0.73909274],11,37,"[0.3242279390638948, 0.7422206713926929]",2,1
226,[0.34880694 0.72702439],11,37,"[0.3242279390638948, 0.7422206713926929]",2,1
227,[0.43123063 0.78442321],11,19,"[0.42729593234696644, 0.8184459964977735]",2,1
228,[0.40367302 0.73528707],11,13,"[0.4259920459211699, 0.7233907596390461]",2,1
229,[0.42891844 0.76245937],11,13,"[0.4259920459211699, 0.7233907596390461]",2,1
230,[0.45843799 0.7002161 ],11,13,"[0.4259920459211699, 0.7233907596390461]",2,1
231,[0.4328081  0.71599167],11,13,"[0.4259920459211699, 0.7233907596390461]",2,1
232,[0.44888621 0.71127816],11,13,"[0.4259920459211699, 0.7233907596390461]",2,1
233,[0.34702982 0.77287542],11,37,"[0.3242279390638948, 0.7422206713926929]",2,1
234,[0.44642531 0.77979251],11,19,"[0.42729593234696644, 0.8184459964977735]",2,1
235,[0.37232392 0.76614157],11,37,"[0.3242279390638948, 0.7422206713926929]",2,1
236,[0.46383155 0.76283331],11,13,"[0.4259920459211699, 0.7233907596390461]",2,1
237,[0.40553782 0.75564099],11,13,"[0.4259920459211699, 0.7233907596390461]",2,1
238,[0.42804758 0.79686826],11,19,"[0.42729593234696644, 0.8184459964977735]",2,1
239,[0.44624299 0.71494713],11,13,"[0.4259920459211699, 0.7233907596390461]",2,1
240,[0.33342638 0.21706011],12,31,"[0.35950858024993027, 0.2510636604124385]",2,1
241,[0.35499652 0.16371997],12,49,"[0.3585594816425338, 0.15990774222252246]",2,1
242,[0.35497879 0.23353057],12,31,"[0.35950858024993027, 0.2510636604124385]",2,1
243,[0.36733549 0.15097649],12,49,"[0.3585594816425338, 0.15990774222252246]",2,1
244,[0.4491479  0.20838589],12,30,"[0.4389360480922035, 0.19445494341202574]",2,1
245,[0.35218835 0.11133742],12,49,"[0.3585594816425338, 0.15990774222252246]",-1,1
246,[0.45181989 0.23990231],12,30,"[0.4389360480922035, 0.19445494341202574]",2,1
247,[0.44770333 0.20382615],12,30,"[0.4389360480922035, 0.19445494341202574]",2,1
248,[0.3762929  0.26297914],12,31,"[0.35950858024993027, 0.2510636604124385]",2,1
249,[0.36514828 0.23233217],12,31,"[0.35950858024993027, 0.2510636604124385]",2,1
250,[0.39403809 0.14899902],12,49,"[0.3585594816425338, 0.15990774222252246]",2,1
251,[0.41435238 0.14776178],12,30,"[0.4389360480922035, 0.19445494341202574]",2,1
252,[0.41735667 0.22665283],12,30,"[0.4389360480922035, 0.19445494341202574]",2,1
253,[0.44900181 0.19501035],12,30,"[0.4389360480922035, 0.19445494341202574]",2,1
254,[0.41117062 0.19543657],12,30,"[0.4389360480922035, 0.19445494341202574]",2,1
255,[0.49837686 0.10172985],12,22,"[0.48579173250410046, 0.1310817951300126]",2,1
256,[0.4452234  0.17521275],12,30,"[0.4389360480922035, 0.19445494341202574]",2,1
257,[0.46631838 0.06401002],12,17,"[0.527864393029978, 0.06494886936644333]",2,1
258,[0.42249064 0.1797379 ],12,30,"[0.4389360480922035, 0.19445494341202574]",2,1
259,[0.34938205 0.18462816],12,49,"[0.3585594816425338, 0.15990774222252246]",2,1
260,[0.17125614 0.10895167],13,39,"[0.17566337980794056, 0.08023627001708317]",2,1
261,[0.2066472  0.05727554],13,39,"[0.17566337980794056, 0.08023627001708317]",2,1
262,[0.16710875 0.11667031],13,26,"[0.18500560243834838, 0.13970608089025946]",2,1
263,[0.29960302 0.14986941],13,34,"[0.26060598247246086, 0.15882429144586202]",2,1
264,[0.14920263 0.17276711],13,26,"[0.18500560243834838, 0.13970608089025946]",2,1
265,[0.18392768 0.08770348],13,39,"[0.17566337980794056, 0.08023627001708317]",2,1
266,[0.18294403 0.11797896],13,26,"[0.18500560243834838, 0.13970608089025946]",2,1
267,[0.21026403 0.02577047],13,39,"[0.17566337980794056, 0.08023627001708317]",2,1
268,[0.19657829 0.15019783],13,26,"[0.18500560243834838, 0.13970608089025946]",2,1
269,[0.17081026 0.1498073 ],13,26,"[0.18500560243834838, 0.13970608089025946]",2,1
270,[0.18955923 0.06034185],13,39,"[0.17566337980794056, 0.08023627001708317]",2,1
271,[0.24534769 0.07458919],13,46,"[0.24645450675372005, 0.0846984514035536]",2,1
272,[0.17194541 0.12620923],13,26,"[0.18500560243834838, 0.13970608089025946]",2,1
273,[0.2033882  0.12174604],13,26,"[0.18500560243834838, 0.13970608089025946]",2,1
274,[0.25412459 0.1052561 ],13,46,"[0.24645450675372005, 0.0846984514035536]",2,1
275,[0.13425291 0.09202929],13,39,"[0.17566337980794056, 0.08023627001708317]",2,1
276,[0.16977139 0.06695552],13,39,"[0.17566337980794056, 0.08023627001708317]",2,1
277,[0.16077168 0.09772067],13,39,"[0.17566337980794056, 0.08023627001708317]",2,1
278,[0.25543334 0.0326807 ],13,46,"[0.24645450675372005, 0.0846984514035536]",2,1
279,[0.14146804 0.14862669],13,26,"[0.18500560243834838, 0.13970608089025946]",2,1
280,[0.7725644  0.37768759],14,23,"[0.7408152906797805, 0.3763901132216354]",2,1
281,[0.74203664 0.37104173],14,23,"[0.7408152906797805, 0.3763901132216354]",2,1
282,[0.73044164 0.30584894],14,21,"[0.6676297980712669, 0.3153945644188268]",2,1
283,[0.68157477 0.26377968],14,21,"[0.6676297980712669, 0.3153945644188268]",2,1
284,[0.64766772 0.3090092 ],14,21,"[0.6676297980712669, 0.3153945644188268]",2,1
285,[0.66486701 0.29321048],14,21,"[0.6676297980712669, 0.3153945644188268]",2,1
286,[0.61784473 0.36599458],14,-1,-1,2,1
287,[0.64340905 0.37925652],14,21,"[0.6676297980712669, 0.3153945644188268]",-1,1
288,[0.65009251 0.37857209],14,21,"[0.6676297980712669, 0.3153945644188268]",2,1
289,[0.70560373 0.18306849],14,24,"[0.6821896913452931, 0.17332096746857814]",2,1
290,[0.65011997 0.26477522],14,21,"[0.6676297980712669, 0.3153945644188268]",2,1
291,[0.72938122 0.31632233],14,23,"[0.7408152906797805, 0.3763901132216354]",2,1
292,[0.67599039 0.31174892],14,21,"[0.6676297980712669, 0.3153945644188268]",2,1
293,[0.64625031 0.31850452],14,21,"[0.6676297980712669, 0.3153945644188268]",2,1
294,[0.62218061 0.27288344],14,12,"[0.5641370447031725, 0.2545877013502613]",2,1
295,[0.73173251 0.28344139],14,-1,-1,-1,1
296,[0.59500324 0.33499901],14,-1,-1,-1,-1
297,[0.68588834 0.23701479],14,24,"[0.6821896913452931, 0.17332096746857814]",-1,1
298,[0.66364984 0.3069086 ],14,21,"[0.6676297980712669, 0.3153945644188268]",2,1
299,[0.58462044 0.32083363],14,12,"[0.5641370447031725, 0.2545877013502613]",-1,1
300,[0.13544658 0.77992547],15,-1,-1,-1,-1
301,[0.23467356 0.81756477],15,29,"[0.21347901352214718, 0.7959809768557317]",2,1
302,[0.24605589 0.83144254],15,29,"[0.21347901352214718, 0.7959809768557317]",2,1
303,[0.24276683 0.79602318],15,29,"[0.21347901352214718, 0.7959809768557317]",2,1
304,[0.24513829 0.79676659],15,29,"[0.21347901352214718, 0.7959809768557317]",2,1
305,[0.27953821 0.79969863],15,29,"[0.21347901352214718, 0.7959809768557317]",2,1
306,[0.22991593 0.77471787],15,29,"[0.21347901352214718, 0.7959809768557317]",2,1
307,[0.16216497 0.78868481],15,29,"[0.21347901352214718, 0.7959809768557317]",-1,1
308,[0.28749971 0.68658606],15,27,"[0.30153232836109006, 0.6400917785880068]",2,1
309,[0.27318948 0.76892568],15,37,"[0.3242279390638948, 0.7422206713926929]",2,1
310,[0.20770913 0.79937735],15,29,"[0.21347901352214718, 0.7959809768557317]",2,1
311,[0.38619814 0.84822059],15,19,"[0.42729593234696644, 0.8184459964977735]",2,1
312,[0.22386687 0.77422259],15,29,"[0.21347901352214718, 0.7959809768557317]",2,1
313,[0.09016296 0.77448745],15,-1,-1,-1,-1
314,[0.28963264 0.692612  ],15,27,"[0.30153232836109006, 0.6400917785880068]",2,1
315,[0.25658059 0.8091237 ],15,29,"[0.21347901352214718, 0.7959809768557317]",2,1
316,[0.27489396 0.68184007],15,27,"[0.30153232836109006, 0.6400917785880068]",2,1
317,[0.30188479 0.77797637],15,37,"[0.3242279390638948, 0.7422206713926929]",2,1
318,[0.23182829 0.75213912],15,29,"[0.21347901352214718, 0.7959809768557317]",2,1
319,[0.21586063 0.83013377],15,29,"[0.21347901352214718, 0.7959809768557317]",2,1
320,[0.53347039 0.04225255],16,17,"[0.527864393029978, 0.06494886936644333]",2,1
321,[0.5234501  0.03692824],16,17,"[0.527864393029978, 0.06494886936644333]",2,1
322,[0.55682661 0.15176663],16,0,"[0.5804874040568356, 0.1478822307375422]",2,1
323,[0.47565609 0.08398608],16,22,"[0.48579173250410046, 0.1310817951300126]",2,1
324,[0.55094166 0.14456685],16,0,"[0.5804874040568356, 0.1478822307375422]",2,1
325,[0.56525899 0.05148494],16,17,"[0.527864393029978, 0.06494886936644333]",2,1
326,[0.46625223 0.11992923],16,22,"[0.48579173250410046, 0.1310817951300126]",2,1
327,[0.56832095 0.05162421],16,17,"[0.527864393029978, 0.06494886936644333]",2,1
328,[0.50867461 0.07634712],16,17,"[0.527864393029978, 0.06494886936644333]",2,1
329,[0.54330915 0.10545854],16,17,"[0.527864393029978, 0.06494886936644333]",2,1
330,[0.56526697 0.14827206],16,0,"[0.5804874040568356, 0.1478822307375422]",2,1
331,[0.60021057 0.13887588],16,0,"[0.5804874040568356, 0.1478822307375422]",2,1
332,[0.54603965 0.15628478],16,0,"[0.5804874040568356, 0.1478822307375422]",2,1
333,[0.53428001 0.12546574],16,22,"[0.48579173250410046, 0.1310817951300126]",2,1
334,[0.57528337 0.06862315],16,17,"[0.527864393029978, 0.06494886936644333]",2,1
335,[0.60850118 0.18092272],16,0,"[0.5804874040568356, 0.1478822307375422]",2,1
336,[0.4856442  0.14994265],16,22,"[0.48579173250410046, 0.1310817951300126]",2,1
337,[0.52905142 0.10121177],16,17,"[0.527864393029978, 0.06494886936644333]",2,1
338,[0.52814411 0.04866853],16,17,"[0.527864393029978, 0.06494886936644333]",2,1
339,[0.58117027 0.18129513],16,0,"[0.5804874040568356, 0.1478822307375422]",2,1
340,[0.52110321 0.15322301],17,22,"[0.48579173250410046, 0.1310817951300126]",2,1
341,[0.47918104 0.18817473],17,30,"[0.4389360480922035, 0.19445494341202574]",2,1
342,[0.54082819 0.13763003],17,0,"[0.5804874040568356, 0.1478822307375422]",2,1
343,[0.53239327 0.12904947],17,22,"[0.48579173250410046, 0.1310817951300126]",2,1
344,[0.5096376  0.13383552],17,22,"[0.48579173250410046, 0.1310817951300126]",2,1
345,[0.42069616 0.15009565],17,30,"[0.4389360480922035, 0.19445494341202574]",2,1
346,[0.58520187 0.21196492],17,12,"[0.5641370447031725, 0.2545877013502613]",2,1
347,[0.58369623 0.21427982],17,12,"[0.5641370447031725, 0.2545877013502613]",2,1
348,[0.55409572 0.14862099],17,0,"[0.5804874040568356, 0.1478822307375422]",2,1
349,[0.58263145 0.1490079 ],17,0,"[0.5804874040568356, 0.1478822307375422]",2,1
350,[0.58050719 0.27711772],17,12,"[0.5641370447031725, 0.2545877013502613]",2,1
351,[0.56530496 0.14992332],17,0,"[0.5804874040568356, 0.1478822307375422]",2,1
352,[0.5685958  0.16276242],17,0,"[0.5804874040568356, 0.1478822307375422]",2,1
353,[0.59279904 0.21909197],17,12,"[0.5641370447031725, 0.2545877013502613]",2,1
354,[0.52317019 0.18481545],17,22,"[0.48579173250410046, 0.1310817951300126]",2,1
355,[0.5102066  0.19173623],17,22,"[0.48579173250410046, 0.1310817951300126]",2,1
356,[0.51368435 0.12721028],17,22,"[0.48579173250410046, 0.1310817951300126]",2,1
357,[0.41515224 0.25434974],17,31,"[0.35950858024993027, 0.2510636604124385]",2,1
358,[0.57129715 0.20374248],17,12,"[0.5641370447031725, 0.2545877013502613]",2,1
359,[0.5434569  0.06123181],17,17,"[0.527864393029978, 0.06494886936644333]",2,1
360,[0.58962497 0.17557234],18,0,"[0.5804874040568356, 0.1478822307375422]",2,1
361,[0.59993533 0.13702618],18,0,"[0.5804874040568356, 0.1478822307375422]",2,1
362,[0.70711671 0.17392215],18,24,"[0.6821896913452931, 0.17332096746857814]",2,1
363,[0.62948468 0.16324319],18,0,"[0.5804874040568356, 0.1478822307375422]",2,1
364,[0.61567838 0.13342093],18,0,"[0.5804874040568356, 0.1478822307375422]",2,1
365,[0.61510616 0.11132009],18,0,"[0.5804874040568356, 0.1478822307375422]",2,1
366,[0.61773318 0.19778914],18,0,"[0.5804874040568356, 0.1478822307375422]",2,1
367,[0.63132822 0.19410198],18,24,"[0.6821896913452931, 0.17332096746857814]",2,1
368,[0.7204353  0.19019371],18,24,"[0.6821896913452931, 0.17332096746857814]",2,1
369,[0.5316502  0.12780477],18,22,"[0.48579173250410046, 0.1310817951300126]",2,1
370,[0.66305371 0.20944129],18,24,"[0.6821896913452931, 0.17332096746857814]",2,1
371,[0.5869834  0.26854582],18,12,"[0.5641370447031725, 0.2545877013502613]",2,1
372,[0.60022211 0.20307289],18,0,"[0.5804874040568356, 0.1478822307375422]",2,1
373,[0.63808691 0.16256472],18,24,"[0.6821896913452931, 0.17332096746857814]",2,1
374,[0.62130463 0.11835219],18,0,"[0.5804874040568356, 0.1478822307375422]",2,1
375,[0.60733497 0.17965091],18,0,"[0.5804874040568356, 0.1478822307375422]",2,1
376,[0.60511489 0.16287316],18,0,"[0.5804874040568356, 0.1478822307375422]",2,1
377,[0.60714475 0.20801801],18,12,"[0.5641370447031725, 0.2545877013502613]",2,1
378,[0.62075066 0.24927047],18,12,"[0.5641370447031725, 0.2545877013502613]",2,1
379,[0.65812918 0.0630417 ],18,16,"[0.6663348603104586, 0.08638662243301957]",2,1
380,[0.43511879 0.82791978],19,19,"[0.42729593234696644, 0.8184459964977735]",2,1
381,[0.45893877 0.81852299],19,19,"[0.42729593234696644, 0.8184459964977735]",2,1
382,[0.49625259 0.83180704],19,15,"[0.5354706299131775, 0.8789827291397821]",2,1
383,[0.47479322 0.81198947],19,19,"[0.42729593234696644, 0.8184459964977735]",2,1
384,[0.41998452 0.80907814],19,19,"[0.42729593234696644, 0.8184459964977735]",2,1
385,[0.4178573  0.80988673],19,19,"[0.42729593234696644, 0.8184459964977735]",2,1
386,[0.44730995 0.78785687],19,19,"[0.42729593234696644, 0.8184459964977735]",2,1
387,[0.47574211 0.89391725],19,15,"[0.5354706299131775, 0.8789827291397821]",2,1
388,[0.50239072 0.81810913],19,15,"[0.5354706299131775, 0.8789827291397821]",2,1
389,[0.35885437 0.84972201],19,-1,-1,-1,-1
390,[0.46298508 0.85961761],19,19,"[0.42729593234696644, 0.8184459964977735]",2,1
391,[0.41390954 0.81385322],19,19,"[0.42729593234696644, 0.8184459964977735]",2,1
392,[0.46472652 0.76546733],19,13,"[0.4259920459211699, 0.7233907596390461]",2,1
393,[0.39213603 0.79518969],19,19,"[0.42729593234696644, 0.8184459964977735]",2,1
394,[0.42326251 0.82159278],19,19,"[0.42729593234696644, 0.8184459964977735]",2,1
395,[0.46791463 0.8005667 ],19,19,"[0.42729593234696644, 0.8184459964977735]",2,1
396,[0.40738743 0.82097961],19,19,"[0.42729593234696644, 0.8184459964977735]",2,1
397,[0.43212925 0.80148376],19,19,"[0.42729593234696644, 0.8184459964977735]",2,1
398,[0.4590592  0.77397749],19,19,"[0.42729593234696644, 0.8184459964977735]",2,1
399,[0.45319172 0.85235868],19,19,"[0.42729593234696644, 0.8184459964977735]",2,1
400,[0.74721608 0.1391689 ],20,9,"[0.7461737800193362, 0.11559941699364149]",2,1
401,[0.76626987 0.206159  ],20,36,"[0.779418964717123, 0.1904089397623512]",2,1
402,[0.77287287 0.04198579],20,14,"[0.7698190278274193, 0.047333339705945554]",2,1
403,[0.72644411 0.07898546],20,9,"[0.7461737800193362, 0.11559941699364149]",2,1
404,[0.77928363 0.08532012],20,14,"[0.7698190278274193, 0.047333339705945554]",2,1
405,[0.67477386 0.13140809],20,24,"[0.6821896913452931, 0.17332096746857814]",2,1
406,[0.68594208 0.08028629],20,16,"[0.6663348603104586, 0.08638662243301957]",2,1
407,[0.73534631 0.14144883],20,9,"[0.7461737800193362, 0.11559941699364149]",2,1
408,[0.74046924 0.08619542],20,9,"[0.7461737800193362, 0.11559941699364149]",2,1
409,[0.78430628 0.10474418],20,9,"[0.7461737800193362, 0.11559941699364149]",2,1
410,[0.74500964 0.06052077],20,14,"[0.7698190278274193, 0.047333339705945554]",2,1
411,[0.67368525 0.09773944],20,16,"[0.6663348603104586, 0.08638662243301957]",2,1
412,[0.81568003 0.17710573],20,28,"[0.8323244262890283, 0.14744275538808546]",2,1
413,[0.72096718 0.04264687],20,14,"[0.7698190278274193, 0.047333339705945554]",2,1
414,[0.7627937  0.10802593],20,9,"[0.7461737800193362, 0.11559941699364149]",2,1
415,[0.69139115 0.10684878],20,16,"[0.6663348603104586, 0.08638662243301957]",2,1
416,[0.74411592 0.15418285],20,9,"[0.7461737800193362, 0.11559941699364149]",2,1
417,[0.76421831 0.16963569],20,36,"[0.779418964717123, 0.1904089397623512]",2,1
418,[0.73176195 0.15218075],20,9,"[0.7461737800193362, 0.11559941699364149]",2,1
419,[0.69496447 0.08321585],20,16,"[0.6663348603104586, 0.08638662243301957]",2,1
420,[0.92590716 0.68501328],21,47,"[0.8847318639919899, 0.6342850132198005]",2,1
421,[0.8719275  0.57159538],21,47,"[0.8847318639919899, 0.6342850132198005]",-1,-1
422,[0.94404343 0.60391128],21,47,"[0.8847318639919899, 0.6342850132198005]",2,1
423,[0.87462055 0.63103447],21,47,"[0.8847318639919899, 0.6342850132198005]",2,1
424,[0.97373696 0.63063114],21,-1,-1,-1,1
425,[0.93142879 0.6387937 ],21,47,"[0.8847318639919899, 0.6342850132198005]",2,1
426,[0.85355416 0.66542883],21,47,"[0.8847318639919899, 0.6342850132198005]",2,1
427,[0.90983778 0.6391118 ],21,47,"[0.8847318639919899, 0.6342850132198005]",2,1
428,[0.88259953 0.71991508],21,7,"[0.8163348965563665, 0.7069258620296718]",2,1
429,[0.9096884  0.66106727],21,47,"[0.8847318639919899, 0.6342850132198005]",2,1
430,[0.89364437 0.62881826],21,47,"[0.8847318639919899, 0.6342850132198005]",2,1
431,[0.84885369 0.6554601 ],21,47,"[0.8847318639919899, 0.6342850132198005]",2,1
432,[0.92772487 0.6179767 ],21,47,"[0.8847318639919899, 0.6342850132198005]",2,1
433,[0.92395496 0.52115098],21,-1,-1,-1,-1
434,[0.93691351 0.61319098],21,47,"[0.8847318639919899, 0.6342850132198005]",2,1
435,[0.85823083 0.59557431],21,47,"[0.8847318639919899, 0.6342850132198005]",2,1
436,[0.83801746 0.61116185],21,47,"[0.8847318639919899, 0.6342850132198005]",2,1
437,[0.90181111 0.59229702],21,47,"[0.8847318639919899, 0.6342850132198005]",2,1
438,[0.89426699 0.62487785],21,47,"[0.8847318639919899, 0.6342850132198005]",2,1
439,[0.83448462 0.61765061],21,47,"[0.8847318639919899, 0.6342850132198005]",2,1
440,[0.70048441 0.72361878],22,2,"[0.7055043901885527, 0.750768970381604]",2,1
441,[0.60486585 0.71852485],22,20,"[0.6623569701742557, 0.7081238820704491]",-1,1
442,[0.64912861 0.66966463],22,20,"[0.6623569701742557, 0.7081238820704491]",2,1
443,[0.63996836 0.73404658],22,20,"[0.6623569701742557, 0.7081238820704491]",2,1
444,[0.62695555 0.64939782],22,42,"[0.6029399289426963, 0.6085766328713342]",2,1
445,[0.74562014 0.65871643],22,3,"[0.7513715813200109, 0.6477636096698962]",2,1
446,[0.67433148 0.72213029],22,20,"[0.6623569701742557, 0.7081238820704491]",2,1
447,[0.66476218 0.73207117],22,20,"[0.6623569701742557, 0.7081238820704491]",2,1
448,[0.67085565 0.73327466],22,20,"[0.6623569701742557, 0.7081238820704491]",2,1
449,[0.68908929 0.71745813],22,20,"[0.6623569701742557, 0.7081238820704491]",2,1
450,[0.66824415 0.67891599],22,20,"[0.6623569701742557, 0.7081238820704491]",2,1
451,[0.68625504 0.70005922],22,20,"[0.6623569701742557, 0.7081238820704491]",2,1
452,[0.69654913 0.72736484],22,2,"[0.7055043901885527, 0.750768970381604]",2,1
453,[0.65902458 0.67378681],22,20,"[0.6623569701742557, 0.7081238820704491]",2,1
454,[0.67628731 0.72117444],22,20,"[0.6623569701742557, 0.7081238820704491]",2,1
455,[0.67280932 0.71523756],22,20,"[0.6623569701742557, 0.7081238820704491]",2,1
456,[0.71643413 0.75226048],22,2,"[0.7055043901885527, 0.750768970381604]",2,1
457,[0.7086384  0.76411372],22,2,"[0.7055043901885527, 0.750768970381604]",2,1
458,[0.7228102 0.6230498],22,3,"[0.7513715813200109, 0.6477636096698962]",2,1
459,[0.65506127 0.70858138],22,20,"[0.6623569701742557, 0.7081238820704491]",2,1
460,[0.89022825 0.15297066],23,35,"[0.8928395308706617, 0.14099770360189234]",2,1
461,[0.76034016 0.15976185],23,36,"[0.779418964717123, 0.1904089397623512]",2,1
462,[0.83222121 0.15284072],23,28,"[0.8323244262890283, 0.14744275538808546]",2,1
463,[0.85204315 0.15565254],23,28,"[0.8323244262890283, 0.14744275538808546]",2,1
464,[0.82991332 0.12579891],23,28,"[0.8323244262890283, 0.14744275538808546]",2,1
465,[0.805013   0.22685752],23,36,"[0.779418964717123, 0.1904089397623512]",2,1
466,[0.83602978 0.11831583],23,28,"[0.8323244262890283, 0.14744275538808546]",2,1
467,[0.73762193 0.20484724],23,36,"[0.779418964717123, 0.1904089397623512]",2,1
468,[0.78886765 0.17648893],23,36,"[0.779418964717123, 0.1904089397623512]",2,1
469,[0.78481005 0.2034998 ],23,36,"[0.779418964717123, 0.1904089397623512]",2,1
470,[0.83650605 0.12599594],23,28,"[0.8323244262890283, 0.14744275538808546]",2,1
471,[0.81085382 0.13269264],23,28,"[0.8323244262890283, 0.14744275538808546]",2,1
472,[0.81053737 0.16060323],23,28,"[0.8323244262890283, 0.14744275538808546]",2,1
473,[0.82675986 0.16510026],23,28,"[0.8323244262890283, 0.14744275538808546]",2,1
474,[0.9166982  0.13816568],23,35,"[0.8928395308706617, 0.14099770360189234]",2,1
475,[0.79656817 0.08253245],23,8,"[0.8332575523168082, 0.07199309583394575]",2,1
476,[0.80691278 0.19737444],23,36,"[0.779418964717123, 0.1904089397623512]",2,1
477,[0.79833421 0.19944461],23,36,"[0.779418964717123, 0.1904089397623512]",2,1
478,[0.88409327 0.20675653],23,35,"[0.8928395308706617, 0.14099770360189234]",-1,-1
479,[0.85581638 0.20375332],23,28,"[0.8323244262890283, 0.14744275538808546]",2,1
480,[0.80345693 0.80916951],24,6,"[0.7741523446488042, 0.82771519130958]",2,1
481,[0.78196419 0.80969521],24,6,"[0.7741523446488042, 0.82771519130958]",2,1
482,[0.74474772 0.74048443],24,2,"[0.7055043901885527, 0.750768970381604]",2,1
483,[0.6809276  0.75121313],24,2,"[0.7055043901885527, 0.750768970381604]",2,1
484,[0.7955061  0.75103436],24,7,"[0.8163348965563665, 0.7069258620296718]",2,1
485,[0.70957643 0.79164273],24,2,"[0.7055043901885527, 0.750768970381604]",2,1
486,[0.68711247 0.69719524],24,20,"[0.6623569701742557, 0.7081238820704491]",2,1
487,[0.73584587 0.84083731],24,6,"[0.7741523446488042, 0.82771519130958]",2,1
488,[0.71036838 0.72061005],24,2,"[0.7055043901885527, 0.750768970381604]",2,1
489,[0.73522039 0.68629899],24,3,"[0.7513715813200109, 0.6477636096698962]",2,1
490,[0.74300382 0.74058859],24,2,"[0.7055043901885527, 0.750768970381604]",2,1
491,[0.72414157 0.84776142],24,6,"[0.7741523446488042, 0.82771519130958]",2,1
492,[0.7274772  0.78217002],24,2,"[0.7055043901885527, 0.750768970381604]",2,1
493,[0.75019582 0.84807606],24,6,"[0.7741523446488042, 0.82771519130958]",2,1
494,[0.69538561 0.80527836],24,2,"[0.7055043901885527, 0.750768970381604]",2,1
495,[0.72047736 0.72599167],24,2,"[0.7055043901885527, 0.750768970381604]",2,1
496,[0.70630808 0.72406926],24,2,"[0.7055043901885527, 0.750768970381604]",2,1
497,[0.68338616 0.7584383 ],24,2,"[0.7055043901885527, 0.750768970381604]",2,1
498,[0.7822979  0.75339594],24,7,"[0.8163348965563665, 0.7069258620296718]",2,1
499,[0.75827048 0.82029637],24,6,"[0.7741523446488042, 0.82771519130958]",2,1
500,[0.78463918 0.07021124],25,14,"[0.7698190278274193, 0.047333339705945554]",2,1
501,[0.74610909 0.10793161],25,9,"[0.7461737800193362, 0.11559941699364149]",2,1
502,[0.81093037 0.07002879],25,8,"[0.8332575523168082, 0.07199309583394575]",2,1
503,[0.7056489  0.08924925],25,16,"[0.6663348603104586, 0.08638662243301957]",2,1
504,[0.79159489 0.06845287],25,14,"[0.7698190278274193, 0.047333339705945554]",2,1
505,[0.75162919 0.08822315],25,9,"[0.7461737800193362, 0.11559941699364149]",2,1
506,[0.75791642 0.04216946],25,14,"[0.7698190278274193, 0.047333339705945554]",2,1
507,[0.77301321 0.08438734],25,14,"[0.7698190278274193, 0.047333339705945554]",2,1
508,[0.77021514 0.11741417],25,9,"[0.7461737800193362, 0.11559941699364149]",2,1
509,[0.73801328 0.03070496],25,14,"[0.7698190278274193, 0.047333339705945554]",2,1
510,[0.77024761 0.18907019],25,36,"[0.779418964717123, 0.1904089397623512]",2,1
511,[0.72849296 0.12199376],25,9,"[0.7461737800193362, 0.11559941699364149]",2,1
512,[0.80322028 0.00101075],25,14,"[0.7698190278274193, 0.047333339705945554]",2,1
513,[0.80898991 0.07830157],25,8,"[0.8332575523168082, 0.07199309583394575]",2,1
514,[0.81630285 0.04318111],25,8,"[0.8332575523168082, 0.07199309583394575]",2,1
515,[0.81966693 0.08995984],25,8,"[0.8332575523168082, 0.07199309583394575]",2,1
516,[0.81220977 0.16568385],25,28,"[0.8323244262890283, 0.14744275538808546]",2,1
517,[0.79314801 0.09328217],25,8,"[0.8332575523168082, 0.07199309583394575]",2,1
518,[0.86098182 0.        ],25,-1,-1,2,1
519,[0.82029195 0.02331821],25,8,"[0.8332575523168082, 0.07199309583394575]",2,1
520,[0.44689994 0.36396379],26,25,"[0.45070168962534496, 0.32153324005088785]",2,1
521,[0.27982623 0.45142883],26,-1,-1,2,1
522,[0.33267856 0.42278335],26,-1,-1,2,1
523,[0.35655716 0.37524974],26,-1,-1,-1,1
524,[0.38157194 0.42033766],26,-1,-1,2,1
525,[0.31862379 0.44585432],26,40,"[0.34843502100698986, 0.5008291391341686]",2,1
526,[0.40677915 0.45818405],26,4,"[0.4703359759434677, 0.47229813207432597]",2,1
527,[0.39060227 0.47926414],26,40,"[0.34843502100698986, 0.5008291391341686]",2,1
528,[0.43683129 0.48731081],26,4,"[0.4703359759434677, 0.47229813207432597]",2,1
529,[0.43736424 0.47281527],26,4,"[0.4703359759434677, 0.47229813207432597]",2,1
530,[0.38273424 0.5197427 ],26,40,"[0.34843502100698986, 0.5008291391341686]",2,1
531,[0.39916361 0.39975102],26,-1,-1,2,1
532,[0.31952343 0.41668138],26,-1,-1,2,1
533,[0.43203624 0.44495093],26,4,"[0.4703359759434677, 0.47229813207432597]",2,1
534,[0.32741546 0.4158142 ],26,-1,-1,2,1
535,[0.44277841 0.47600877],26,4,"[0.4703359759434677, 0.47229813207432597]",2,1
536,[0.37480728 0.41833275],26,-1,-1,2,1
537,[0.45760972 0.47351441],26,4,"[0.4703359759434677, 0.47229813207432597]",2,1
538,[0.34931551 0.2723386 ],26,31,"[0.35950858024993027, 0.2510636604124385]",2,1
539,[0.3444523  0.45830711],26,40,"[0.34843502100698986, 0.5008291391341686]",2,1
540,[0.46824482 0.49692345],27,4,"[0.4703359759434677, 0.47229813207432597]",2,1
541,[0.49393406 0.46965911],27,4,"[0.4703359759434677, 0.47229813207432597]",2,1
542,[0.48237169 0.47451575],27,4,"[0.4703359759434677, 0.47229813207432597]",2,1
543,[0.5050308  0.45520345],27,4,"[0.4703359759434677, 0.47229813207432597]",2,1
544,[0.44812542 0.4112291 ],27,4,"[0.4703359759434677, 0.47229813207432597]",2,1
545,[0.53430474 0.41950649],27,-1,-1,2,1
546,[0.44747665 0.52962152],27,4,"[0.4703359759434677, 0.47229813207432597]",2,1
547,[0.52952445 0.38093893],27,-1,-1,-1,1
548,[0.43497109 0.42244873],27,4,"[0.4703359759434677, 0.47229813207432597]",2,1
549,[0.48494046 0.53932372],27,1,"[0.5254698240183153, 0.5508392853699275]",2,1
550,[0.53919788 0.50482086],27,1,"[0.5254698240183153, 0.5508392853699275]",2,1
551,[0.52605642 0.49497549],27,1,"[0.5254698240183153, 0.5508392853699275]",2,1
552,[0.55506534 0.44729245],27,-1,-1,-1,1
553,[0.55824484 0.52435126],27,1,"[0.5254698240183153, 0.5508392853699275]",2,1
554,[0.50992997 0.4040509 ],27,-1,-1,2,1
555,[0.53899375 0.55098392],27,1,"[0.5254698240183153, 0.5508392853699275]",2,1
556,[0.52701459 0.52702018],27,1,"[0.5254698240183153, 0.5508392853699275]",2,1
557,[0.63494944 0.51411361],27,33,"[0.6669123603275189, 0.5598313956312628]",2,1
558,[0.47656025 0.5223305 ],27,4,"[0.4703359759434677, 0.47229813207432597]",2,1
559,[0.45482554 0.46761601],27,4,"[0.4703359759434677, 0.47229813207432597]",2,1
560,[0.11551127 0.89525775],28,48,"[0.16661027591658337, 0.9181189937633658]",-1,-1
561,[0.14816373 0.93768066],28,48,"[0.16661027591658337, 0.9181189937633658]",2,1
562,[0.1533619  0.82373241],28,29,"[0.21347901352214718, 0.7959809768557317]",-1,1
563,[0.09761834 1.        ],28,-1,-1,-1,-1
564,[0.20898235 0.9395057 ],28,48,"[0.16661027591658337, 0.9181189937633658]",-1,1
565,[0.20088313 0.81471067],28,29,"[0.21347901352214718, 0.7959809768557317]",2,1
566,[0.15993812 0.90035449],28,48,"[0.16661027591658337, 0.9181189937633658]",2,1
567,[0.13727754 0.94649146],28,48,"[0.16661027591658337, 0.9181189937633658]",2,1
568,[0.17166281 0.97168248],28,48,"[0.16661027591658337, 0.9181189937633658]",2,1
569,[0.16893495 0.87562747],28,48,"[0.16661027591658337, 0.9181189937633658]",2,1
570,[0.16854252 0.85127268],28,48,"[0.16661027591658337, 0.9181189937633658]",2,1
571,[0.32959308 0.84680341],28,-1,-1,-1,-1
572,[0.12948228 0.87262195],28,48,"[0.16661027591658337, 0.9181189937633658]",2,1
573,[0.25152306 0.89847403],28,-1,-1,-1,-1
574,[0.17568353 0.8749334 ],28,48,"[0.16661027591658337, 0.9181189937633658]",2,1
575,[0.20272035 0.86730453],28,48,"[0.16661027591658337, 0.9181189937633658]",2,1
576,[0.14156577 0.94524812],28,48,"[0.16661027591658337, 0.9181189937633658]",2,1
577,[0.17481829 0.98049093],28,48,"[0.16661027591658337, 0.9181189937633658]",2,1
578,[0.18268124 0.94241695],28,48,"[0.16661027591658337, 0.9181189937633658]",2,1
579,[0.19726854 0.9086603 ],28,48,"[0.16661027591658337, 0.9181189937633658]",2,1
580,[0.12616636 0.50197637],29,18,"[0.10337135428299282, 0.5326378889710649]",0,0
581,[0.14452306 0.58326897],29,5,"[0.11958188884007168, 0.6277852598075221]",0,0
582,[0.19775449 0.56489269],29,45,"[0.19625922041692523, 0.600578157495896]",0,0
583,[0.07568697 0.52877873],29,18,"[0.10337135428299282, 0.5326378889710649]",0,0
584,[0.14501496 0.5419779 ],29,18,"[0.10337135428299282, 0.5326378889710649]",0,0
585,[0.11291088 0.49027671],29,18,"[0.10337135428299282, 0.5326378889710649]",0,0
586,[0.07781629 0.5270904 ],29,18,"[0.10337135428299282, 0.5326378889710649]",0,0
587,[0.05951559 0.54214462],29,18,"[0.10337135428299282, 0.5326378889710649]",0,0
588,[0.10409986 0.57866797],29,18,"[0.10337135428299282, 0.5326378889710649]",0,0
589,[0.05441033 0.51741192],29,18,"[0.10337135428299282, 0.5326378889710649]",0,0
590,[0.10556341 0.55646036],29,18,"[0.10337135428299282, 0.5326378889710649]",0,0
591,[0.07547047 0.55752328],29,18,"[0.10337135428299282, 0.5326378889710649]",0,0
592,[0.11044697 0.5648903 ],29,18,"[0.10337135428299282, 0.5326378889710649]",0,0
593,[0.10427656 0.55813894],29,18,"[0.10337135428299282, 0.5326378889710649]",0,0
594,[0.13591691 0.6082341 ],29,5,"[0.11958188884007168, 0.6277852598075221]",0,0
595,[0.13023774 0.60636041],29,5,"[0.11958188884007168, 0.6277852598075221]",0,0
596,[0.11023894 0.6341399 ],29,5,"[0.11958188884007168, 0.6277852598075221]",0,0
597,[0.05623611 0.55342708],29,18,"[0.10337135428299282, 0.5326378889710649]",0,0
598,[0.14409488 0.49615547],29,18,"[0.10337135428299282, 0.5326378889710649]",0,0
599,[0.00612108 0.59136807],29,44,"[0.04978997356932973, 0.6146974370259757]",-1,-1
600,[0.60600147 0.95796659],30,38,"[0.6166407056799257, 0.9292055657022503]",2,1
601,[0.66266473 0.93204972],30,38,"[0.6166407056799257, 0.9292055657022503]",-1,1
602,[0.54092038 0.87829707],30,15,"[0.5354706299131775, 0.8789827291397821]",2,1
603,[0.60051096 0.8440351 ],30,-1,-1,2,1
604,[0.53705606 0.85369482],30,15,"[0.5354706299131775, 0.8789827291397821]",2,1
605,[0.55785243 0.84156069],30,15,"[0.5354706299131775, 0.8789827291397821]",2,1
606,[0.54040901 0.93465797],30,15,"[0.5354706299131775, 0.8789827291397821]",2,1
607,[0.61473281 0.90733576],30,38,"[0.6166407056799257, 0.9292055657022503]",2,1
608,[0.60443823 0.92669332],30,38,"[0.6166407056799257, 0.9292055657022503]",2,1
609,[0.63451627 0.90982987],30,38,"[0.6166407056799257, 0.9292055657022503]",2,1
610,[0.5004497  0.92577737],30,15,"[0.5354706299131775, 0.8789827291397821]",2,1
611,[0.53396087 0.88078675],30,15,"[0.5354706299131775, 0.8789827291397821]",2,1
612,[0.52936194 0.83667222],30,15,"[0.5354706299131775, 0.8789827291397821]",2,1
613,[0.59054823 0.85345778],30,15,"[0.5354706299131775, 0.8789827291397821]",2,1
614,[0.63663374 0.97084896],30,38,"[0.6166407056799257, 0.9292055657022503]",-1,1
615,[0.53888497 0.89685397],30,15,"[0.5354706299131775, 0.8789827291397821]",2,1
616,[0.57277325 0.79530191],30,-1,-1,-1,-1
617,[0.57908311 0.93520922],30,38,"[0.6166407056799257, 0.9292055657022503]",2,1
618,[0.60361755 0.88007907],30,38,"[0.6166407056799257, 0.9292055657022503]",2,1
619,[0.53355529 0.84886934],30,15,"[0.5354706299131775, 0.8789827291397821]",2,1
620,[0.20865456 0.12729932],31,26,"[0.18500560243834838, 0.13970608089025946]",2,1
621,[0.16773639 0.11114277],31,39,"[0.17566337980794056, 0.08023627001708317]",2,1
622,[0.19434887 0.04770006],31,39,"[0.17566337980794056, 0.08023627001708317]",2,1
623,[0.22566422 0.17930354],31,34,"[0.26060598247246086, 0.15882429144586202]",2,1
624,[0.23550338 0.13497979],31,34,"[0.26060598247246086, 0.15882429144586202]",2,1
625,[0.2160056  0.12889206],31,26,"[0.18500560243834838, 0.13970608089025946]",2,1
626,[0.19074525 0.16422711],31,26,"[0.18500560243834838, 0.13970608089025946]",2,1
627,[0.2411094  0.20637509],31,34,"[0.26060598247246086, 0.15882429144586202]",2,1
628,[0.11176273 0.06805396],31,39,"[0.17566337980794056, 0.08023627001708317]",-1,-1
629,[0.170763   0.08338616],31,39,"[0.17566337980794056, 0.08023627001708317]",2,1
630,[0.25589009 0.15542259],31,34,"[0.26060598247246086, 0.15882429144586202]",2,1
631,[0.2271736  0.10244401],31,46,"[0.24645450675372005, 0.0846984514035536]",2,1
632,[0.20500199 0.10528703],31,39,"[0.17566337980794056, 0.08023627001708317]",2,1
633,[0.18177412 0.15160704],31,26,"[0.18500560243834838, 0.13970608089025946]",2,1
634,[0.31366853 0.17003956],31,49,"[0.3585594816425338, 0.15990774222252246]",2,1
635,[0.29604352 0.1269505 ],31,34,"[0.26060598247246086, 0.15882429144586202]",2,1
636,[0.1712254  0.11190339],31,26,"[0.18500560243834838, 0.13970608089025946]",2,1
637,[0.21087077 0.08441127],31,39,"[0.17566337980794056, 0.08023627001708317]",2,1
638,[0.25020014 0.11455345],31,46,"[0.24645450675372005, 0.0846984514035536]",2,1
639,[0.1943548 0.1490427],31,26,"[0.18500560243834838, 0.13970608089025946]",2,1
640,[0.77528092 0.08051933],32,14,"[0.7698190278274193, 0.047333339705945554]",2,1
641,[0.84919    0.10670606],32,8,"[0.8332575523168082, 0.07199309583394575]",2,1
642,[0.87558958 0.14450182],32,35,"[0.8928395308706617, 0.14099770360189234]",2,1
643,[0.81523803 0.07566918],32,8,"[0.8332575523168082, 0.07199309583394575]",2,1
644,[0.80485625 0.0749698 ],32,8,"[0.8332575523168082, 0.07199309583394575]",2,1
645,[0.8391749  0.12938506],32,28,"[0.8323244262890283, 0.14744275538808546]",2,1
646,[0.88342826 0.04546593],32,8,"[0.8332575523168082, 0.07199309583394575]",2,1
647,[0.7842034  0.11096978],32,9,"[0.7461737800193362, 0.11559941699364149]",2,1
648,[0.76440229 0.0525812 ],32,14,"[0.7698190278274193, 0.047333339705945554]",2,1
649,[0.90983581 0.09006398],32,35,"[0.8928395308706617, 0.14099770360189234]",2,1
650,[0.79332853 0.06983992],32,14,"[0.7698190278274193, 0.047333339705945554]",2,1
651,[0.81181355 0.10254798],32,8,"[0.8332575523168082, 0.07199309583394575]",2,1
652,[0.77232996 0.01341946],32,14,"[0.7698190278274193, 0.047333339705945554]",2,1
653,[0.84393458 0.00890661],32,8,"[0.8332575523168082, 0.07199309583394575]",2,1
654,[0.79097306 0.16135908],32,36,"[0.779418964717123, 0.1904089397623512]",2,1
655,[0.80704586 0.0358998 ],32,14,"[0.7698190278274193, 0.047333339705945554]",2,1
656,[0.77213489 0.04182449],32,14,"[0.7698190278274193, 0.047333339705945554]",2,1
657,[0.78861141 0.03908018],32,14,"[0.7698190278274193, 0.047333339705945554]",2,1
658,[0.8557591  0.05117272],32,8,"[0.8332575523168082, 0.07199309583394575]",2,1
659,[0.76239279 0.02878598],32,14,"[0.7698190278274193, 0.047333339705945554]",2,1
660,[0.75644206 0.76161031],33,2,"[0.7055043901885527, 0.750768970381604]",2,1
661,[0.70542627 0.74748751],33,2,"[0.7055043901885527, 0.750768970381604]",2,1
662,[0.77693799 0.77570456],33,6,"[0.7741523446488042, 0.82771519130958]",2,1
663,[0.73242887 0.70475553],33,2,"[0.7055043901885527, 0.750768970381604]",2,1
664,[0.7612222  0.66004534],33,3,"[0.7513715813200109, 0.6477636096698962]",2,1
665,[0.75719012 0.75612396],33,2,"[0.7055043901885527, 0.750768970381604]",2,1
666,[0.71139078 0.77860241],33,2,"[0.7055043901885527, 0.750768970381604]",2,1
667,[0.68426705 0.77528104],33,2,"[0.7055043901885527, 0.750768970381604]",2,1
668,[0.72528577 0.65329425],33,3,"[0.7513715813200109, 0.6477636096698962]",2,1
669,[0.7040302  0.68002391],33,20,"[0.6623569701742557, 0.7081238820704491]",2,1
670,[0.78113482 0.67901261],33,3,"[0.7513715813200109, 0.6477636096698962]",2,1
671,[0.75941911 0.67564487],33,3,"[0.7513715813200109, 0.6477636096698962]",2,1
672,[0.77244755 0.72890159],33,7,"[0.8163348965563665, 0.7069258620296718]",2,1
673,[0.82155938 0.72273696],33,7,"[0.8163348965563665, 0.7069258620296718]",2,1
674,[0.80411192 0.76430559],33,7,"[0.8163348965563665, 0.7069258620296718]",2,1
675,[0.81312744 0.73792401],33,7,"[0.8163348965563665, 0.7069258620296718]",2,1
676,[0.72340906 0.69471544],33,3,"[0.7513715813200109, 0.6477636096698962]",2,1
677,[0.70877003 0.76003926],33,2,"[0.7055043901885527, 0.750768970381604]",2,1
678,[0.70401656 0.64741081],33,3,"[0.7513715813200109, 0.6477636096698962]",2,1
679,[0.72098545 0.70287979],33,2,"[0.7055043901885527, 0.750768970381604]",2,1
680,[0.76644722 0.9122355 ],34,-1,-1,2,1
681,[0.7455801  0.79289459],34,6,"[0.7741523446488042, 0.82771519130958]",2,1
682,[0.71419406 0.88482567],34,-1,-1,-1,1
683,[0.89234368 0.79157135],34,32,"[0.9351030811874931, 0.7990214233752845]",2,1
684,[0.78701625 0.89658448],34,-1,-1,2,1
685,[0.83553804 0.83032973],34,11,"[0.8559820020681266, 0.8266986043084036]",2,1
686,[0.79348902 0.69884594],34,7,"[0.8163348965563665, 0.7069258620296718]",2,1
687,[0.91922317 0.86706381],34,32,"[0.9351030811874931, 0.7990214233752845]",-1,1
688,[0.84164249 0.86258754],34,11,"[0.8559820020681266, 0.8266986043084036]",2,1
689,[0.88013797 0.80534345],34,11,"[0.8559820020681266, 0.8266986043084036]",2,1
690,[0.81972224 0.84090231],34,11,"[0.8559820020681266, 0.8266986043084036]",2,1
691,[0.78518177 0.94088777],34,-1,-1,-1,1
692,[0.78699257 0.87620045],34,6,"[0.7741523446488042, 0.82771519130958]",2,1
693,[0.87633032 0.87958771],34,11,"[0.8559820020681266, 0.8266986043084036]",2,1
694,[0.83162449 0.81735133],34,11,"[0.8559820020681266, 0.8266986043084036]",2,1
695,[0.85240701 0.86133069],34,11,"[0.8559820020681266, 0.8266986043084036]",2,1
696,[0.83407598 0.84562122],34,11,"[0.8559820020681266, 0.8266986043084036]",2,1
697,[0.78684381 0.89822355],34,-1,-1,2,1
698,[0.82528095 0.908343  ],34,-1,-1,-1,1
699,[0.84004652 0.84427522],34,11,"[0.8559820020681266, 0.8266986043084036]",2,1
700,[0.33319452 0.2331219 ],35,31,"[0.35950858024993027, 0.2510636604124385]",2,1
701,[0.36489594 0.27058753],35,31,"[0.35950858024993027, 0.2510636604124385]",2,1
702,[0.29252155 0.27714819],35,10,"[0.26992474390001864, 0.27307054593511915]",2,1
703,[0.36069665 0.23851264],35,31,"[0.35950858024993027, 0.2510636604124385]",2,1
704,[0.37541609 0.22881829],35,31,"[0.35950858024993027, 0.2510636604124385]",2,1
705,[0.25320061 0.2604779 ],35,10,"[0.26992474390001864, 0.27307054593511915]",2,1
706,[0.24641855 0.26312649],35,10,"[0.26992474390001864, 0.27307054593511915]",2,1
707,[0.31313094 0.2850366 ],35,10,"[0.26992474390001864, 0.27307054593511915]",2,1
708,[0.24298796 0.33265044],35,10,"[0.26992474390001864, 0.27307054593511915]",2,1
709,[0.3177449  0.27496341],35,10,"[0.26992474390001864, 0.27307054593511915]",2,1
710,[0.28637116 0.31957262],35,10,"[0.26992474390001864, 0.27307054593511915]",2,1
711,[0.2893577  0.24260623],35,10,"[0.26992474390001864, 0.27307054593511915]",2,1
712,[0.25276437 0.21501339],35,34,"[0.26060598247246086, 0.15882429144586202]",2,1
713,[0.31096579 0.23266751],35,31,"[0.35950858024993027, 0.2510636604124385]",2,1
714,[0.3620737  0.28326872],35,31,"[0.35950858024993027, 0.2510636604124385]",2,1
715,[0.26019567 0.23236997],35,10,"[0.26992474390001864, 0.27307054593511915]",2,1
716,[0.31859942 0.28918983],35,10,"[0.26992474390001864, 0.27307054593511915]",2,1
717,[0.29043803 0.28725273],35,10,"[0.26992474390001864, 0.27307054593511915]",2,1
718,[0.24612719 0.25398499],35,10,"[0.26992474390001864, 0.27307054593511915]",2,1
719,[0.22979828 0.30268318],35,10,"[0.26992474390001864, 0.27307054593511915]",2,1
720,[0.3087921  0.73451428],36,37,"[0.3242279390638948, 0.7422206713926929]",2,1
721,[0.29567277 0.62301234],36,27,"[0.30153232836109006, 0.6400917785880068]",2,1
722,[0.34045363 0.66109593],36,27,"[0.30153232836109006, 0.6400917785880068]",2,1
723,[0.36270348 0.72821459],36,37,"[0.3242279390638948, 0.7422206713926929]",2,1
724,[0.30952734 0.74167969],36,37,"[0.3242279390638948, 0.7422206713926929]",2,1
725,[0.40423169 0.65889516],36,13,"[0.4259920459211699, 0.7233907596390461]",2,1
726,[0.30939075 0.63930622],36,27,"[0.30153232836109006, 0.6400917785880068]",2,1
727,[0.27160902 0.64852369],36,27,"[0.30153232836109006, 0.6400917785880068]",2,1
728,[0.34205758 0.6799543 ],36,27,"[0.30153232836109006, 0.6400917785880068]",2,1
729,[0.38819972 0.67490288],36,13,"[0.4259920459211699, 0.7233907596390461]",2,1
730,[0.36102101 0.66123205],36,27,"[0.30153232836109006, 0.6400917785880068]",2,1
731,[0.33931974 0.64767413],36,27,"[0.30153232836109006, 0.6400917785880068]",2,1
732,[0.2813198  0.57979309],36,27,"[0.30153232836109006, 0.6400917785880068]",2,1
733,[0.2970738  0.61468978],36,27,"[0.30153232836109006, 0.6400917785880068]",2,1
734,[0.40457842 0.689042  ],36,13,"[0.4259920459211699, 0.7233907596390461]",2,1
735,[0.28291153 0.72479011],36,37,"[0.3242279390638948, 0.7422206713926929]",2,1
736,[0.42078506 0.67192318],36,13,"[0.4259920459211699, 0.7233907596390461]",2,1
737,[0.29410197 0.70989754],36,37,"[0.3242279390638948, 0.7422206713926929]",2,1
738,[0.40056355 0.69013116],36,13,"[0.4259920459211699, 0.7233907596390461]",2,1
739,[0.32517682 0.65902381],36,27,"[0.30153232836109006, 0.6400917785880068]",2,1
740,[0.14907106 0.6581872 ],37,5,"[0.11958188884007168, 0.6277852598075221]",0,0
741,[0.12358705 0.6140957 ],37,5,"[0.11958188884007168, 0.6277852598075221]",0,0
742,[0.17712384 0.60481551],37,45,"[0.19625922041692523, 0.600578157495896]",0,0
743,[0.12944337 0.67667575],37,5,"[0.11958188884007168, 0.6277852598075221]",0,0
744,[0.09408623 0.67576334],37,5,"[0.11958188884007168, 0.6277852598075221]",0,0
745,[0.16925165 0.65222654],37,5,"[0.11958188884007168, 0.6277852598075221]",0,0
746,[0.1405107  0.60524283],37,5,"[0.11958188884007168, 0.6277852598075221]",0,0
747,[0.1320157  0.57122476],37,18,"[0.10337135428299282, 0.5326378889710649]",0,0
748,[0.10730647 0.63846348],37,5,"[0.11958188884007168, 0.6277852598075221]",0,0
749,[0.10744205 0.69178473],37,5,"[0.11958188884007168, 0.6277852598075221]",0,0
750,[0.1702311  0.64722295],37,45,"[0.19625922041692523, 0.600578157495896]",0,0
751,[0.19115352 0.57231356],37,45,"[0.19625922041692523, 0.600578157495896]",0,0
752,[0.09573306 0.65866338],37,5,"[0.11958188884007168, 0.6277852598075221]",0,0
753,[0.13546616 0.57942122],37,5,"[0.11958188884007168, 0.6277852598075221]",0,0
754,[0.17984968 0.6345649 ],37,45,"[0.19625922041692523, 0.600578157495896]",0,0
755,[0.10970326 0.64497187],37,5,"[0.11958188884007168, 0.6277852598075221]",0,0
756,[0.19357854 0.63060472],37,45,"[0.19625922041692523, 0.600578157495896]",0,0
757,[0.07657988 0.59658146],37,44,"[0.04978997356932973, 0.6146974370259757]",0,0
758,[0.17219957 0.63628474],37,45,"[0.19625922041692523, 0.600578157495896]",0,0
759,[0.16173023 0.5923103 ],37,45,"[0.19625922041692523, 0.600578157495896]",0,0
760,[0.76015871 0.65103588],38,3,"[0.7513715813200109, 0.6477636096698962]",2,1
761,[0.73833086 0.56165288],38,-1,-1,2,1
762,[0.83800277 0.69260366],38,7,"[0.8163348965563665, 0.7069258620296718]",2,1
763,[0.79733058 0.63972344],38,3,"[0.7513715813200109, 0.6477636096698962]",2,1
764,[0.84496663 0.71739485],38,7,"[0.8163348965563665, 0.7069258620296718]",2,1
765,[0.83867814 0.72126741],38,7,"[0.8163348965563665, 0.7069258620296718]",2,1
766,[0.77953042 0.67494864],38,3,"[0.7513715813200109, 0.6477636096698962]",2,1
767,[0.75540688 0.56579779],38,-1,-1,2,1
768,[0.76896876 0.66752549],38,3,"[0.7513715813200109, 0.6477636096698962]",2,1
769,[0.82431659 0.66327753],38,7,"[0.8163348965563665, 0.7069258620296718]",2,1
770,[0.80524747 0.61514113],38,3,"[0.7513715813200109, 0.6477636096698962]",2,1
771,[0.68838151 0.61080585],38,33,"[0.6669123603275189, 0.5598313956312628]",2,1
772,[0.84255033 0.70140899],38,7,"[0.8163348965563665, 0.7069258620296718]",2,1
773,[0.75464115 0.70737997],38,3,"[0.7513715813200109, 0.6477636096698962]",2,1
774,[0.78321749 0.6983774 ],38,7,"[0.8163348965563665, 0.7069258620296718]",2,1
775,[0.78482356 0.71638435],38,7,"[0.8163348965563665, 0.7069258620296718]",2,1
776,[0.83110666 0.68376403],38,7,"[0.8163348965563665, 0.7069258620296718]",2,1
777,[0.85089445 0.64823543],38,47,"[0.8847318639919899, 0.6342850132198005]",2,1
778,[0.82656396 0.69289155],38,7,"[0.8163348965563665, 0.7069258620296718]",2,1
779,[0.78293471 0.69153971],38,7,"[0.8163348965563665, 0.7069258620296718]",2,1
780,[0.75414189 0.37543889],39,23,"[0.7408152906797805, 0.3763901132216354]",2,1
781,[0.72392489 0.383557  ],39,23,"[0.7408152906797805, 0.3763901132216354]",2,1
782,[0.76497544 0.33890011],39,23,"[0.7408152906797805, 0.3763901132216354]",2,1
783,[0.78264573 0.31650772],39,-1,-1,-1,1
784,[0.69692321 0.37967034],39,23,"[0.7408152906797805, 0.3763901132216354]",2,1
785,[0.69818853 0.34235606],39,21,"[0.6676297980712669, 0.3153945644188268]",2,1
786,[0.70791662 0.42506593],39,23,"[0.7408152906797805, 0.3763901132216354]",2,1
787,[0.70555586 0.32357502],39,21,"[0.6676297980712669, 0.3153945644188268]",2,1
788,[0.69869711 0.43726241],39,-1,-1,-1,-1
789,[0.76010506 0.38074907],39,23,"[0.7408152906797805, 0.3763901132216354]",2,1
790,[0.8057267 0.3701688],39,23,"[0.7408152906797805, 0.3763901132216354]",-1,1
791,[0.66769373 0.36829906],39,21,"[0.6676297980712669, 0.3153945644188268]",2,1
792,[0.73310547 0.46005891],39,-1,-1,-1,-1
793,[0.75126143 0.34830393],39,23,"[0.7408152906797805, 0.3763901132216354]",2,1
794,[0.71630299 0.34609453],39,23,"[0.7408152906797805, 0.3763901132216354]",2,1
795,[0.65295614 0.34320771],39,21,"[0.6676297980712669, 0.3153945644188268]",2,1
796,[0.71209288 0.28090803],39,21,"[0.6676297980712669, 0.3153945644188268]",2,1
797,[0.73609501 0.37196992],39,23,"[0.7408152906797805, 0.3763901132216354]",2,1
798,[0.70174047 0.37690875],39,23,"[0.7408152906797805, 0.3763901132216354]",2,1
799,[0.74569688 0.33924629],39,23,"[0.7408152906797805, 0.3763901132216354]",2,1
800,[0.27190183 0.1669353 ],40,34,"[0.26060598247246086, 0.15882429144586202]",2,1
801,[0.32766811 0.27768337],40,31,"[0.35950858024993027, 0.2510636604124385]",2,1
802,[0.30294796 0.33126875],40,10,"[0.26992474390001864, 0.27307054593511915]",2,1
803,[0.14047161 0.30263753],40,43,"[0.15463775333988572, 0.32503417406533647]",1,1
804,[0.25127849 0.24938732],40,10,"[0.26992474390001864, 0.27307054593511915]",2,1
805,[0.24625661 0.25861398],40,10,"[0.26992474390001864, 0.27307054593511915]",2,1
806,[0.1943786 0.3156373],40,43,"[0.15463775333988572, 0.32503417406533647]",1,1
807,[0.24831918 0.35252559],40,-1,-1,-1,1
808,[0.25188093 0.18212656],40,34,"[0.26060598247246086, 0.15882429144586202]",2,1
809,[0.34787952 0.23850228],40,31,"[0.35950858024993027, 0.2510636604124385]",2,1
810,[0.20298204 0.26291587],40,10,"[0.26992474390001864, 0.27307054593511915]",2,1
811,[0.16511053 0.3844258 ],40,43,"[0.15463775333988572, 0.32503417406533647]",-1,1
812,[0.29604857 0.25212878],40,10,"[0.26992474390001864, 0.27307054593511915]",2,1
813,[0.33636951 0.22026954],40,31,"[0.35950858024993027, 0.2510636604124385]",2,1
814,[0.25241824 0.26152611],40,10,"[0.26992474390001864, 0.27307054593511915]",2,1
815,[0.25246766 0.23708207],40,10,"[0.26992474390001864, 0.27307054593511915]",2,1
816,[0.28587104 0.22740968],40,10,"[0.26992474390001864, 0.27307054593511915]",2,1
817,[0.28426834 0.3113902 ],40,10,"[0.26992474390001864, 0.27307054593511915]",2,1
818,[0.22740271 0.22878521],40,10,"[0.26992474390001864, 0.27307054593511915]",2,1
819,[0.29014031 0.13339942],40,34,"[0.26060598247246086, 0.15882429144586202]",2,1
820,[0.68060682 0.0770576 ],41,16,"[0.6663348603104586, 0.08638662243301957]",2,1
821,[0.73753262 0.09058899],41,9,"[0.7461737800193362, 0.11559941699364149]",2,1
822,[0.65840684 0.0460662 ],41,16,"[0.6663348603104586, 0.08638662243301957]",2,1
823,[0.61294468 0.15503204],41,0,"[0.5804874040568356, 0.1478822307375422]",2,1
824,[0.6674698  0.12691298],41,16,"[0.6663348603104586, 0.08638662243301957]",2,1
825,[0.69163615 0.15637545],41,24,"[0.6821896913452931, 0.17332096746857814]",2,1
826,[0.66689769 0.09629583],41,16,"[0.6663348603104586, 0.08638662243301957]",2,1
827,[0.7339689 0.0479597],41,14,"[0.7698190278274193, 0.047333339705945554]",2,1
828,[0.72613025 0.16602385],41,24,"[0.6821896913452931, 0.17332096746857814]",2,1
829,[0.71549328 0.11314955],41,9,"[0.7461737800193362, 0.11559941699364149]",2,1
830,[0.71705551 0.1335578 ],41,9,"[0.7461737800193362, 0.11559941699364149]",2,1
831,[0.73099608 0.13758193],41,9,"[0.7461737800193362, 0.11559941699364149]",2,1
832,[0.74720039 0.09113823],41,9,"[0.7461737800193362, 0.11559941699364149]",2,1
833,[0.66155098 0.06658114],41,16,"[0.6663348603104586, 0.08638662243301957]",2,1
834,[0.74321869 0.13371428],41,9,"[0.7461737800193362, 0.11559941699364149]",2,1
835,[0.60626202 0.11478987],41,0,"[0.5804874040568356, 0.1478822307375422]",2,1
836,[0.6547608  0.08965623],41,16,"[0.6663348603104586, 0.08638662243301957]",2,1
837,[0.73807519 0.14857449],41,9,"[0.7461737800193362, 0.11559941699364149]",2,1
838,[0.68763732 0.0657466 ],41,16,"[0.6663348603104586, 0.08638662243301957]",2,1
839,[0.70615685 0.18132216],41,24,"[0.6821896913452931, 0.17332096746857814]",2,1
840,[0.42999276 0.58079704],42,-1,-1,-1,1
841,[0.38166499 0.54346707],42,40,"[0.34843502100698986, 0.5008291391341686]",2,1
842,[0.40447793 0.45487128],42,4,"[0.4703359759434677, 0.47229813207432597]",2,1
843,[0.40367916 0.53502   ],42,40,"[0.34843502100698986, 0.5008291391341686]",2,1
844,[0.50053084 0.42996602],42,4,"[0.4703359759434677, 0.47229813207432597]",2,1
845,[0.44432507 0.47601423],42,4,"[0.4703359759434677, 0.47229813207432597]",2,1
846,[0.4506415  0.50864888],42,4,"[0.4703359759434677, 0.47229813207432597]",2,1
847,[0.50581556 0.46812872],42,4,"[0.4703359759434677, 0.47229813207432597]",2,1
848,[0.40182089 0.53797419],42,40,"[0.34843502100698986, 0.5008291391341686]",2,1
849,[0.49075183 0.47339761],42,4,"[0.4703359759434677, 0.47229813207432597]",2,1
850,[0.5230175  0.52185189],42,1,"[0.5254698240183153, 0.5508392853699275]",2,1
851,[0.46580902 0.52445698],42,4,"[0.4703359759434677, 0.47229813207432597]",2,1
852,[0.50938968 0.47494777],42,4,"[0.4703359759434677, 0.47229813207432597]",2,1
853,[0.41063122 0.49522662],42,40,"[0.34843502100698986, 0.5008291391341686]",2,1
854,[0.4750112  0.48278149],42,4,"[0.4703359759434677, 0.47229813207432597]",2,1
855,[0.41735067 0.43612793],42,4,"[0.4703359759434677, 0.47229813207432597]",2,1
856,[0.45239782 0.51576431],42,4,"[0.4703359759434677, 0.47229813207432597]",2,1
857,[0.42686257 0.52693281],42,4,"[0.4703359759434677, 0.47229813207432597]",2,1
858,[0.48584432 0.45218115],42,4,"[0.4703359759434677, 0.47229813207432597]",2,1
859,[0.44698492 0.49415203],42,4,"[0.4703359759434677, 0.47229813207432597]",2,1
860,[0.62552094 0.17371268],43,0,"[0.5804874040568356, 0.1478822307375422]",2,1
861,[0.63353312 0.25968505],43,21,"[0.6676297980712669, 0.3153945644188268]",2,1
862,[0.64010479 0.14131126],43,24,"[0.6821896913452931, 0.17332096746857814]",2,1
863,[0.56001419 0.15794987],43,0,"[0.5804874040568356, 0.1478822307375422]",2,1
864,[0.56885443 0.1718638 ],43,0,"[0.5804874040568356, 0.1478822307375422]",2,1
865,[0.67300639 0.16243229],43,24,"[0.6821896913452931, 0.17332096746857814]",2,1
866,[0.64695147 0.10106228],43,16,"[0.6663348603104586, 0.08638662243301957]",2,1
867,[0.62444153 0.07521033],43,16,"[0.6663348603104586, 0.08638662243301957]",2,1
868,[0.63043503 0.12912753],43,0,"[0.5804874040568356, 0.1478822307375422]",2,1
869,[0.68733447 0.13731332],43,24,"[0.6821896913452931, 0.17332096746857814]",2,1
870,[0.57434995 0.13296124],43,0,"[0.5804874040568356, 0.1478822307375422]",2,1
871,[0.60765181 0.13547759],43,0,"[0.5804874040568356, 0.1478822307375422]",2,1
872,[0.65575787 0.11411944],43,16,"[0.6663348603104586, 0.08638662243301957]",2,1
873,[0.61345048 0.08948263],43,16,"[0.6663348603104586, 0.08638662243301957]",2,1
874,[0.58678968 0.14155336],43,0,"[0.5804874040568356, 0.1478822307375422]",2,1
875,[0.55331772 0.16684952],43,0,"[0.5804874040568356, 0.1478822307375422]",2,1
876,[0.59852489 0.14130476],43,0,"[0.5804874040568356, 0.1478822307375422]",2,1
877,[0.58245505 0.15885993],43,0,"[0.5804874040568356, 0.1478822307375422]",2,1
878,[0.63017693 0.14233834],43,0,"[0.5804874040568356, 0.1478822307375422]",2,1
879,[0.57633253 0.09856352],43,0,"[0.5804874040568356, 0.1478822307375422]",2,1
880,[0.55597335 0.88816126],44,15,"[0.5354706299131775, 0.8789827291397821]",2,1
881,[0.47898959 0.90821844],44,15,"[0.5354706299131775, 0.8789827291397821]",2,1
882,[0.61345539 0.92025675],44,38,"[0.6166407056799257, 0.9292055657022503]",2,1
883,[0.54256298 0.8393949 ],44,15,"[0.5354706299131775, 0.8789827291397821]",2,1
884,[0.54287827 0.84318605],44,15,"[0.5354706299131775, 0.8789827291397821]",2,1
885,[0.64231075 0.83616592],44,-1,-1,-1,1
886,[0.55261788 0.88429   ],44,15,"[0.5354706299131775, 0.8789827291397821]",2,1
887,[0.5812599  0.91118968],44,38,"[0.6166407056799257, 0.9292055657022503]",2,1
888,[0.51075133 0.91145668],44,15,"[0.5354706299131775, 0.8789827291397821]",2,1
889,[0.49808553 0.86068987],44,15,"[0.5354706299131775, 0.8789827291397821]",2,1
890,[0.63362141 0.92067578],44,38,"[0.6166407056799257, 0.9292055657022503]",2,1
891,[0.56165098 0.8640455 ],44,15,"[0.5354706299131775, 0.8789827291397821]",2,1
892,[0.51110804 0.87599902],44,15,"[0.5354706299131775, 0.8789827291397821]",2,1
893,[0.56553168 0.83767707],44,15,"[0.5354706299131775, 0.8789827291397821]",2,1
894,[0.54535548 0.94864972],44,-1,-1,2,1
895,[0.56411737 0.90313487],44,15,"[0.5354706299131775, 0.8789827291397821]",2,1
896,[0.59425387 0.86033072],44,15,"[0.5354706299131775, 0.8789827291397821]",2,1
897,[0.51662596 0.98429107],44,-1,-1,-1,-1
898,[0.46404568 0.9439392 ],44,-1,-1,-1,-1
899,[0.55869261 0.89804535],44,15,"[0.5354706299131775, 0.8789827291397821]",2,1
900,[0.55065421 0.56213437],45,1,"[0.5254698240183153, 0.5508392853699275]",2,1
901,[0.49305601 0.56941659],45,1,"[0.5254698240183153, 0.5508392853699275]",2,1
902,[0.50377867 0.59109349],45,1,"[0.5254698240183153, 0.5508392853699275]",2,1
903,[0.56261214 0.53626452],45,1,"[0.5254698240183153, 0.5508392853699275]",2,1
904,[0.44666405 0.50952309],45,4,"[0.4703359759434677, 0.47229813207432597]",2,1
905,[0.56092934 0.52965291],45,1,"[0.5254698240183153, 0.5508392853699275]",2,1
906,[0.4748745  0.52265215],45,4,"[0.4703359759434677, 0.47229813207432597]",2,1
907,[0.50913266 0.58692476],45,1,"[0.5254698240183153, 0.5508392853699275]",2,1
908,[0.48230452 0.56549126],45,1,"[0.5254698240183153, 0.5508392853699275]",2,1
909,[0.4385583  0.52232788],45,4,"[0.4703359759434677, 0.47229813207432597]",2,1
910,[0.43076796 0.52250012],45,4,"[0.4703359759434677, 0.47229813207432597]",2,1
911,[0.51252532 0.58062009],45,1,"[0.5254698240183153, 0.5508392853699275]",2,1
912,[0.4686255  0.52624077],45,4,"[0.4703359759434677, 0.47229813207432597]",2,1
913,[0.49755218 0.50077719],45,4,"[0.4703359759434677, 0.47229813207432597]",2,1
914,[0.50940253 0.56476927],45,1,"[0.5254698240183153, 0.5508392853699275]",2,1
915,[0.49329358 0.5634014 ],45,1,"[0.5254698240183153, 0.5508392853699275]",2,1
916,[0.55591421 0.48155026],45,-1,-1,2,1
917,[0.44060079 0.56836261],45,-1,-1,2,1
918,[0.4318962  0.49324085],45,4,"[0.4703359759434677, 0.47229813207432597]",2,1
919,[0.55237659 0.62921757],45,42,"[0.6029399289426963, 0.6085766328713342]",-1,-1
920,[0.88912998 0.69910957],46,47,"[0.8847318639919899, 0.6342850132198005]",2,1
921,[0.89877207 0.73366791],46,-1,-1,2,1
922,[0.94104812 0.81223502],46,32,"[0.9351030811874931, 0.7990214233752845]",2,1
923,[0.96877001 0.77778309],46,32,"[0.9351030811874931, 0.7990214233752845]",2,1
924,[0.97606847 0.81259697],46,32,"[0.9351030811874931, 0.7990214233752845]",2,1
925,[0.92174303 0.77091389],46,32,"[0.9351030811874931, 0.7990214233752845]",2,1
926,[0.89573234 0.71364415],46,-1,-1,2,1
927,[0.89085491 0.82355741],46,11,"[0.8559820020681266, 0.8266986043084036]",2,1
928,[0.88422673 0.80546074],46,11,"[0.8559820020681266, 0.8266986043084036]",2,1
929,[0.93398811 0.82571257],46,32,"[0.9351030811874931, 0.7990214233752845]",2,1
930,[0.92288838 0.80363724],46,32,"[0.9351030811874931, 0.7990214233752845]",2,1
931,[0.82335613 0.81223111],46,11,"[0.8559820020681266, 0.8266986043084036]",2,1
932,[0.90701859 0.79799212],46,32,"[0.9351030811874931, 0.7990214233752845]",2,1
933,[0.92594296 0.80531131],46,32,"[0.9351030811874931, 0.7990214233752845]",2,1
934,[0.94345665 0.78297599],46,32,"[0.9351030811874931, 0.7990214233752845]",2,1
935,[0.93535228 0.81846467],46,32,"[0.9351030811874931, 0.7990214233752845]",2,1
936,[0.91991473 0.83120274],46,32,"[0.9351030811874931, 0.7990214233752845]",2,1
937,[0.91122244 0.76067576],46,32,"[0.9351030811874931, 0.7990214233752845]",2,1
938,[0.89137765 0.7888552 ],46,32,"[0.9351030811874931, 0.7990214233752845]",2,1
939,[0.9208418  0.78674782],46,32,"[0.9351030811874931, 0.7990214233752845]",2,1
940,[0.38119407 0.12682927],47,49,"[0.3585594816425338, 0.15990774222252246]",2,1
941,[0.44826444 0.18679919],47,30,"[0.4389360480922035, 0.19445494341202574]",2,1
942,[0.4604583  0.17439078],47,30,"[0.4389360480922035, 0.19445494341202574]",2,1
943,[0.50876981 0.15949287],47,22,"[0.48579173250410046, 0.1310817951300126]",2,1
944,[0.54912631 0.14163544],47,0,"[0.5804874040568356, 0.1478822307375422]",2,1
945,[0.44863868 0.1231323 ],47,22,"[0.48579173250410046, 0.1310817951300126]",2,1
946,[0.55031131 0.06815625],47,17,"[0.527864393029978, 0.06494886936644333]",2,1
947,[0.46167188 0.13469333],47,22,"[0.48579173250410046, 0.1310817951300126]",2,1
948,[0.44265381 0.10453175],47,22,"[0.48579173250410046, 0.1310817951300126]",2,1
949,[0.50525057 0.10218287],47,22,"[0.48579173250410046, 0.1310817951300126]",2,1
950,[0.55649857 0.09479027],47,17,"[0.527864393029978, 0.06494886936644333]",2,1
951,[0.45753986 0.12637713],47,22,"[0.48579173250410046, 0.1310817951300126]",2,1
952,[0.4036544  0.20428919],47,30,"[0.4389360480922035, 0.19445494341202574]",2,1
953,[0.43484797 0.09175642],47,22,"[0.48579173250410046, 0.1310817951300126]",2,1
954,[0.48720679 0.0632751 ],47,17,"[0.527864393029978, 0.06494886936644333]",2,1
955,[0.51424497 0.1461058 ],47,22,"[0.48579173250410046, 0.1310817951300126]",2,1
956,[0.50450957 0.03645349],47,17,"[0.527864393029978, 0.06494886936644333]",2,1
957,[0.54172877 0.12184514],47,0,"[0.5804874040568356, 0.1478822307375422]",2,1
958,[0.49618325 0.12749578],47,22,"[0.48579173250410046, 0.1310817951300126]",2,1
959,[0.55970629 0.0533574 ],47,17,"[0.527864393029978, 0.06494886936644333]",2,1
960,[0.88039321 0.68399827],48,47,"[0.8847318639919899, 0.6342850132198005]",2,1
961,[0.74415424 0.72960475],48,2,"[0.7055043901885527, 0.750768970381604]",2,1
962,[0.76712546 0.68050162],48,3,"[0.7513715813200109, 0.6477636096698962]",2,1
963,[0.7950819  0.72091214],48,7,"[0.8163348965563665, 0.7069258620296718]",2,1
964,[0.73895133 0.67930272],48,3,"[0.7513715813200109, 0.6477636096698962]",2,1
965,[0.85550482 0.64699191],48,47,"[0.8847318639919899, 0.6342850132198005]",2,1
966,[0.73386732 0.67347686],48,3,"[0.7513715813200109, 0.6477636096698962]",2,1
967,[0.77673587 0.73024434],48,7,"[0.8163348965563665, 0.7069258620296718]",2,1
968,[0.78752934 0.68999429],48,7,"[0.8163348965563665, 0.7069258620296718]",2,1
969,[0.77661551 0.64213129],48,3,"[0.7513715813200109, 0.6477636096698962]",2,1
970,[0.72945807 0.6599573 ],48,3,"[0.7513715813200109, 0.6477636096698962]",2,1
971,[0.82881779 0.71591826],48,7,"[0.8163348965563665, 0.7069258620296718]",2,1
972,[0.77943625 0.70706456],48,7,"[0.8163348965563665, 0.7069258620296718]",2,1
973,[0.88386297 0.64523118],48,47,"[0.8847318639919899, 0.6342850132198005]",2,1
974,[0.80116687 0.67381405],48,7,"[0.8163348965563665, 0.7069258620296718]",2,1
975,[0.83517879 0.66488667],48,7,"[0.8163348965563665, 0.7069258620296718]",2,1
976,[0.82663574 0.71681587],48,7,"[0.8163348965563665, 0.7069258620296718]",2,1
977,[0.78094392 0.68216109],48,7,"[0.8163348965563665, 0.7069258620296718]",2,1
978,[0.77887927 0.67549328],48,3,"[0.7513715813200109, 0.6477636096698962]",2,1
979,[0.78537499 0.65281457],48,3,"[0.7513715813200109, 0.6477636096698962]",2,1
980,[0.7885203  0.83741987],49,6,"[0.7741523446488042, 0.82771519130958]",2,1
981,[0.75069003 0.83225233],49,6,"[0.7741523446488042, 0.82771519130958]",2,1
982,[0.76539163 0.77164233],49,6,"[0.7741523446488042, 0.82771519130958]",2,1
983,[0.67937267 0.73069337],49,20,"[0.6623569701742557, 0.7081238820704491]",2,1
984,[0.69128799 0.73763454],49,2,"[0.7055043901885527, 0.750768970381604]",2,1
985,[0.62151967 0.84786793],49,-1,-1,2,1
986,[0.70092779 0.72440219],49,2,"[0.7055043901885527, 0.750768970381604]",2,1
987,[0.66071531 0.74562739],49,20,"[0.6623569701742557, 0.7081238820704491]",2,1
988,[0.59588575 0.72783726],49,20,"[0.6623569701742557, 0.7081238820704491]",-1,-1
989,[0.6541948  0.74117111],49,20,"[0.6623569701742557, 0.7081238820704491]",2,1
990,[0.6658011  0.79569056],49,2,"[0.7055043901885527, 0.750768970381604]",2,1
991,[0.69030012 0.76547702],49,2,"[0.7055043901885527, 0.750768970381604]",2,1
992,[0.67863463 0.77254067],49,2,"[0.7055043901885527, 0.750768970381604]",2,1
993,[0.78753469 0.82552101],49,6,"[0.7741523446488042, 0.82771519130958]",2,1
994,[0.73168253 0.76087991],49,2,"[0.7055043901885527, 0.750768970381604]",2,1
995,[0.6820437  0.70041989],49,20,"[0.6623569701742557, 0.7081238820704491]",2,1
996,[0.71633252 0.65131799],49,3,"[0.7513715813200109, 0.6477636096698962]",2,1
997,[0.75722408 0.77080602],49,2,"[0.7055043901885527, 0.750768970381604]",2,1
998,[0.64307145 0.81982482],49,-1,-1,-1,1
999,[0.68842311 0.73419218],49,2,"[0.7055043901885527, 0.750768970381604]",2,1
