,datum,blob,snowball_label,snowball_center,hdbscan_eom_label,hdbscan_leaf_label
0,[0.62672036 0.50851175],0,95,"[0.6515121185373796, 0.5025970969917144]",33,-1
1,[0.57595784 0.43953679],0,99,"[0.582607492536661, 0.4459235598319259]",-1,-1
2,[0.64285318 0.51471974],0,95,"[0.6515121185373796, 0.5025970969917144]",-1,-1
3,[0.61382875 0.44553994],0,93,"[0.6268451044452512, 0.4483349814555342]",95,-1
4,[0.5885299  0.44091786],0,99,"[0.582607492536661, 0.4459235598319259]",95,-1
5,[0.5947938 0.4150125],0,91,"[0.6012433587965225, 0.4182613697836598]",-1,-1
6,[0.58205316 0.41268454],0,90,"[0.5744278595660413, 0.41353866422944313]",95,23
7,[0.71277961 0.36138231],0,27,"[0.730818627555406, 0.3326871572147463]",97,-1
8,[0.5988773 0.4687391],0,96,"[0.5870420562460407, 0.47625501210099697]",84,-1
9,[0.57946253 0.35839502],0,78,"[0.5675082537713239, 0.38298910409035547]",-1,-1
10,[0.61925068 0.51114546],0,95,"[0.6515121185373796, 0.5025970969917144]",33,-1
11,[0.63582146 0.44917371],0,93,"[0.6268451044452512, 0.4483349814555342]",46,-1
12,[0.58731669 0.42363228],0,91,"[0.6012433587965225, 0.4182613697836598]",95,-1
13,[0.54090811 0.49692589],0,62,"[0.5599812286976242, 0.5191315092027347]",-1,-1
14,[0.607629   0.42138581],0,91,"[0.6012433587965225, 0.4182613697836598]",95,-1
15,[0.58922042 0.43960546],0,99,"[0.582607492536661, 0.4459235598319259]",95,24
16,[0.70924483 0.39959706],0,60,"[0.7203559462110392, 0.4062231169521756]",-1,-1
17,[0.71287021 0.39014287],0,60,"[0.7203559462110392, 0.4062231169521756]",97,-1
18,[0.55530379 0.42690996],0,90,"[0.5744278595660413, 0.41353866422944313]",95,-1
19,[0.58210136 0.51008005],0,62,"[0.5599812286976242, 0.5191315092027347]",73,18
20,[0.57687103 0.40965744],0,90,"[0.5744278595660413, 0.41353866422944313]",95,23
21,[0.56216567 0.3524741 ],0,68,"[0.5611136858449972, 0.3328599094297703]",92,-1
22,[0.68308245 0.45612211],0,94,"[0.6748643012657011, 0.4183849502584258]",-1,-1
23,[0.58594524 0.43941215],0,99,"[0.582607492536661, 0.4459235598319259]",95,-1
24,[0.66380586 0.444207  ],0,94,"[0.6748643012657011, 0.4183849502584258]",-1,-1
25,[0.58445198 0.44625289],0,99,"[0.582607492536661, 0.4459235598319259]",95,-1
26,[0.6388495  0.33557595],0,72,"[0.6275615005729838, 0.35242652332535]",97,-1
27,[0.62821349 0.39634289],0,86,"[0.6271685883317931, 0.40176873797345797]",-1,30
28,[0.63480472 0.38723589],0,86,"[0.6271685883317931, 0.40176873797345797]",97,30
29,[0.59505775 0.42837096],0,91,"[0.6012433587965225, 0.4182613697836598]",95,24
30,[0.62940252 0.42220236],0,86,"[0.6271685883317931, 0.40176873797345797]",95,-1
31,[0.65341266 0.38555896],0,59,"[0.670396322447398, 0.3654745913518824]",97,30
32,[0.56951552 0.47863091],0,96,"[0.5870420562460407, 0.47625501210099697]",93,-1
33,[0.6355343  0.40599647],0,86,"[0.6271685883317931, 0.40176873797345797]",-1,-1
34,[0.57134032 0.44324799],0,99,"[0.582607492536661, 0.4459235598319259]",-1,-1
35,[0.62855675 0.44561714],0,93,"[0.6268451044452512, 0.4483349814555342]",-1,-1
36,[0.57361129 0.42395522],0,90,"[0.5744278595660413, 0.41353866422944313]",95,-1
37,[0.61599655 0.40612187],0,86,"[0.6271685883317931, 0.40176873797345797]",95,-1
38,[0.5745378  0.39917773],0,90,"[0.5744278595660413, 0.41353866422944313]",95,23
39,[0.53932304 0.42326265],0,71,"[0.5256853689354785, 0.4139886337990054]",95,-1
40,[0.60384909 0.40751364],0,91,"[0.6012433587965225, 0.4182613697836598]",95,-1
41,[0.56096201 0.43059307],0,90,"[0.5744278595660413, 0.41353866422944313]",95,25
42,[0.65569832 0.38032174],0,59,"[0.670396322447398, 0.3654745913518824]",97,30
43,[0.63735223 0.38226233],0,86,"[0.6271685883317931, 0.40176873797345797]",97,30
44,[0.62759318 0.36158681],0,72,"[0.6275615005729838, 0.35242652332535]",97,30
45,[0.62473471 0.44160401],0,93,"[0.6268451044452512, 0.4483349814555342]",-1,-1
46,[0.68392976 0.41799937],0,94,"[0.6748643012657011, 0.4183849502584258]",-1,-1
47,[0.56563457 0.42731378],0,90,"[0.5744278595660413, 0.41353866422944313]",95,25
48,[0.60756966 0.42653954],0,91,"[0.6012433587965225, 0.4182613697836598]",95,-1
49,[0.66821726 0.3381629 ],0,59,"[0.670396322447398, 0.3654745913518824]",97,38
50,[0.67221733 0.41750085],0,94,"[0.6748643012657011, 0.4183849502584258]",85,-1
51,[0.57363379 0.36447359],0,78,"[0.5675082537713239, 0.38298910409035547]",95,-1
52,[0.59589913 0.48087158],0,96,"[0.5870420562460407, 0.47625501210099697]",-1,-1
53,[0.65443271 0.39569847],0,86,"[0.6271685883317931, 0.40176873797345797]",-1,-1
54,[0.63460316 0.54865039],0,69,"[0.5968891560771225, 0.5507363423930021]",-1,-1
55,[0.58918879 0.43905385],0,99,"[0.582607492536661, 0.4459235598319259]",95,24
56,[0.62305942 0.45988948],0,93,"[0.6268451044452512, 0.4483349814555342]",-1,-1
57,[0.67424576 0.38302706],0,59,"[0.670396322447398, 0.3654745913518824]",97,-1
58,[0.64815642 0.50236462],0,95,"[0.6515121185373796, 0.5025970969917144]",-1,-1
59,[0.6413189  0.45129122],0,93,"[0.6268451044452512, 0.4483349814555342]",46,-1
60,[0.62728585 0.39642354],0,86,"[0.6271685883317931, 0.40176873797345797]",-1,-1
61,[0.65608579 0.3680178 ],0,59,"[0.670396322447398, 0.3654745913518824]",97,30
62,[0.56682034 0.39695851],0,78,"[0.5675082537713239, 0.38298910409035547]",95,-1
63,[0.58098428 0.39098521],0,78,"[0.5675082537713239, 0.38298910409035547]",95,23
64,[0.57116211 0.42340812],0,90,"[0.5744278595660413, 0.41353866422944313]",95,25
65,[0.65531013 0.3982509 ],0,94,"[0.6748643012657011, 0.4183849502584258]",-1,-1
66,[0.63985835 0.4544861 ],0,93,"[0.6268451044452512, 0.4483349814555342]",46,-1
67,[0.60043129 0.41703906],0,91,"[0.6012433587965225, 0.4182613697836598]",95,24
68,[0.62227946 0.50375461],0,95,"[0.6515121185373796, 0.5025970969917144]",33,-1
69,[0.56763861 0.51911518],0,62,"[0.5599812286976242, 0.5191315092027347]",73,18
70,[0.6049703  0.42901592],0,91,"[0.6012433587965225, 0.4182613697836598]",95,-1
71,[0.62359666 0.34820039],0,72,"[0.6275615005729838, 0.35242652332535]",97,30
72,[0.64453163 0.48955902],0,95,"[0.6515121185373796, 0.5025970969917144]",-1,-1
73,[0.61641206 0.45885842],0,93,"[0.6268451044452512, 0.4483349814555342]",-1,-1
74,[0.61043202 0.40558515],0,91,"[0.6012433587965225, 0.4182613697836598]",95,-1
75,[0.53677152 0.41431249],0,71,"[0.5256853689354785, 0.4139886337990054]",95,-1
76,[0.58443606 0.40855676],0,90,"[0.5744278595660413, 0.41353866422944313]",95,23
77,[0.60520477 0.50032306],0,96,"[0.5870420562460407, 0.47625501210099697]",-1,-1
78,[0.56901465 0.39030405],0,78,"[0.5675082537713239, 0.38298910409035547]",-1,-1
79,[0.51685934 0.5772562 ],0,15,"[0.5005882845969348, 0.6071157673844066]",117,73
80,[0.58622487 0.49693052],0,96,"[0.5870420562460407, 0.47625501210099697]",73,-1
81,[0.60127399 0.5196014 ],0,69,"[0.5968891560771225, 0.5507363423930021]",73,-1
82,[0.61507877 0.36855431],0,72,"[0.6275615005729838, 0.35242652332535]",-1,-1
83,[0.62428869 0.34979282],0,72,"[0.6275615005729838, 0.35242652332535]",97,30
84,[0.64921922 0.38340064],0,59,"[0.670396322447398, 0.3654745913518824]",97,30
85,[0.70763651 0.43310939],0,60,"[0.7203559462110392, 0.4062231169521756]",-1,-1
86,[0.66880228 0.4187335 ],0,94,"[0.6748643012657011, 0.4183849502584258]",85,-1
87,[0.58690235 0.50602299],0,96,"[0.5870420562460407, 0.47625501210099697]",73,18
88,[0.63050147 0.4441116 ],0,93,"[0.6268451044452512, 0.4483349814555342]",-1,-1
89,[0.6709826  0.42990629],0,94,"[0.6748643012657011, 0.4183849502584258]",-1,-1
90,[0.59974766 0.42953889],0,91,"[0.6012433587965225, 0.4182613697836598]",95,24
91,[0.60966822 0.41606457],0,91,"[0.6012433587965225, 0.4182613697836598]",95,-1
92,[0.60539837 0.44207536],0,93,"[0.6268451044452512, 0.4483349814555342]",95,-1
93,[0.59242196 0.38408019],0,78,"[0.5675082537713239, 0.38298910409035547]",95,-1
94,[0.6092464  0.38949386],0,86,"[0.6271685883317931, 0.40176873797345797]",-1,-1
95,[0.5084924  0.40185797],0,71,"[0.5256853689354785, 0.4139886337990054]",-1,19
96,[0.62578339 0.42795946],0,93,"[0.6268451044452512, 0.4483349814555342]",95,-1
97,[0.54382801 0.40040245],0,71,"[0.5256853689354785, 0.4139886337990054]",95,-1
98,[0.55509392 0.44614518],0,81,"[0.5486595324958304, 0.45111899886780193]",95,25
99,[0.61057869 0.34155195],0,72,"[0.6275615005729838, 0.35242652332535]",-1,-1
100,[0.57391613 0.2047551 ],1,63,"[0.5938052471458884, 0.24026036510989024]",-1,-1
101,[0.59805159 0.35633664],1,72,"[0.6275615005729838, 0.35242652332535]",-1,-1
102,[0.61126131 0.23793302],1,63,"[0.5938052471458884, 0.24026036510989024]",-1,5
103,[0.65413358 0.17523707],1,76,"[0.662220941598272, 0.1974349218858984]",8,1
104,[0.62071976 0.28276668],1,67,"[0.6342132122546504, 0.3029357709290384]",50,-1
105,[0.71812647 0.26745784],1,41,"[0.6948979646954763, 0.28219115991762456]",-1,-1
106,[0.67704987 0.22641123],1,76,"[0.662220941598272, 0.1974349218858984]",-1,-1
107,[0.58560688 0.2507852 ],1,63,"[0.5938052471458884, 0.24026036510989024]",-1,-1
108,[0.56719584 0.28196092],1,63,"[0.5938052471458884, 0.24026036510989024]",-1,-1
109,[0.61035477 0.24512177],1,63,"[0.5938052471458884, 0.24026036510989024]",39,-1
110,[0.65528038 0.16908072],1,76,"[0.662220941598272, 0.1974349218858984]",8,1
111,[0.62303803 0.22624036],1,63,"[0.5938052471458884, 0.24026036510989024]",-1,5
112,[0.55637892 0.36545855],1,78,"[0.5675082537713239, 0.38298910409035547]",92,22
113,[0.59904568 0.23006147],1,63,"[0.5938052471458884, 0.24026036510989024]",39,5
114,[0.67197304 0.20305002],1,76,"[0.662220941598272, 0.1974349218858984]",25,-1
115,[0.68411233 0.26767847],1,41,"[0.6948979646954763, 0.28219115991762456]",88,-1
116,[0.5852964 0.2816234],1,63,"[0.5938052471458884, 0.24026036510989024]",-1,-1
117,[0.59176162 0.23799214],1,63,"[0.5938052471458884, 0.24026036510989024]",39,-1
118,[0.60474941 0.2751    ],1,63,"[0.5938052471458884, 0.24026036510989024]",-1,-1
119,[0.62864095 0.27284443],1,67,"[0.6342132122546504, 0.3029357709290384]",50,-1
120,[0.59570844 0.20078263],1,63,"[0.5938052471458884, 0.24026036510989024]",-1,-1
121,[0.57324321 0.26127773],1,63,"[0.5938052471458884, 0.24026036510989024]",-1,-1
122,[0.63044392 0.27339592],1,67,"[0.6342132122546504, 0.3029357709290384]",-1,-1
123,[0.59031766 0.22010561],1,63,"[0.5938052471458884, 0.24026036510989024]",-1,-1
124,[0.61673411 0.23879967],1,63,"[0.5938052471458884, 0.24026036510989024]",39,5
125,[0.56256178 0.2708958 ],1,63,"[0.5938052471458884, 0.24026036510989024]",-1,-1
126,[0.57326896 0.21090229],1,63,"[0.5938052471458884, 0.24026036510989024]",-1,-1
127,[0.68229123 0.28415161],1,41,"[0.6948979646954763, 0.28219115991762456]",89,31
128,[0.55235143 0.25208114],1,63,"[0.5938052471458884, 0.24026036510989024]",-1,-1
129,[0.63645528 0.25634677],1,63,"[0.5938052471458884, 0.24026036510989024]",-1,-1
130,[0.68283434 0.28261764],1,41,"[0.6948979646954763, 0.28219115991762456]",89,31
131,[0.59082733 0.16733921],1,85,"[0.6063431372341659, 0.1516999693584265]",-1,-1
132,[0.61622528 0.35100814],1,72,"[0.6275615005729838, 0.35242652332535]",97,30
133,[0.7266382  0.21335589],1,57,"[0.7474414948084767, 0.18011984494893613]",24,-1
134,[0.63273423 0.2083433 ],1,76,"[0.662220941598272, 0.1974349218858984]",-1,-1
135,[0.6978246  0.27025206],1,41,"[0.6948979646954763, 0.28219115991762456]",89,-1
136,[0.63176097 0.30638766],1,67,"[0.6342132122546504, 0.3029357709290384]",97,-1
137,[0.55794418 0.23971628],1,63,"[0.5938052471458884, 0.24026036510989024]",-1,-1
138,[0.68167728 0.21401677],1,76,"[0.662220941598272, 0.1974349218858984]",25,-1
139,[0.60992999 0.29901156],1,67,"[0.6342132122546504, 0.3029357709290384]",50,-1
140,[0.69311327 0.21207044],1,76,"[0.662220941598272, 0.1974349218858984]",24,-1
141,[0.60586353 0.30215535],1,67,"[0.6342132122546504, 0.3029357709290384]",50,-1
142,[0.63537792 0.21736267],1,76,"[0.662220941598272, 0.1974349218858984]",-1,-1
143,[0.55032137 0.17766238],1,85,"[0.6063431372341659, 0.1516999693584265]",-1,-1
144,[0.71861183 0.28971082],1,41,"[0.6948979646954763, 0.28219115991762456]",97,-1
145,[0.57427933 0.30323986],1,68,"[0.5611136858449972, 0.3328599094297703]",34,3
146,[0.5425181  0.22948267],1,63,"[0.5938052471458884, 0.24026036510989024]",-1,-1
147,[0.67210692 0.30878778],1,41,"[0.6948979646954763, 0.28219115991762456]",97,-1
148,[0.58395206 0.28471788],1,63,"[0.5938052471458884, 0.24026036510989024]",-1,-1
149,[0.61134692 0.24290974],1,63,"[0.5938052471458884, 0.24026036510989024]",-1,-1
150,[0.6080923  0.22405419],1,63,"[0.5938052471458884, 0.24026036510989024]",39,5
151,[0.57774818 0.25968512],1,63,"[0.5938052471458884, 0.24026036510989024]",-1,-1
152,[0.57520417 0.29435065],1,68,"[0.5611136858449972, 0.3328599094297703]",-1,3
153,[0.63262211 0.33326483],1,72,"[0.6275615005729838, 0.35242652332535]",-1,-1
154,[0.62349657 0.28888062],1,67,"[0.6342132122546504, 0.3029357709290384]",50,-1
155,[0.62959768 0.35923282],1,72,"[0.6275615005729838, 0.35242652332535]",97,30
156,[0.63346526 0.23421458],1,63,"[0.5938052471458884, 0.24026036510989024]",-1,-1
157,[0.64351615 0.32189779],1,67,"[0.6342132122546504, 0.3029357709290384]",-1,-1
158,[0.66484565 0.26165838],1,41,"[0.6948979646954763, 0.28219115991762456]",88,-1
159,[0.66760614 0.25675538],1,41,"[0.6948979646954763, 0.28219115991762456]",88,-1
160,[0.66358475 0.30384983],1,67,"[0.6342132122546504, 0.3029357709290384]",-1,-1
161,[0.67289824 0.31854002],1,67,"[0.6342132122546504, 0.3029357709290384]",97,-1
162,[0.64309622 0.25194999],1,63,"[0.5938052471458884, 0.24026036510989024]",-1,-1
163,[0.58528452 0.23532046],1,63,"[0.5938052471458884, 0.24026036510989024]",-1,5
164,[0.65417303 0.32887777],1,67,"[0.6342132122546504, 0.3029357709290384]",97,-1
165,[0.63912948 0.24250555],1,63,"[0.5938052471458884, 0.24026036510989024]",-1,-1
166,[0.62785185 0.33652875],1,72,"[0.6275615005729838, 0.35242652332535]",-1,30
167,[0.67334648 0.29754921],1,41,"[0.6948979646954763, 0.28219115991762456]",-1,31
168,[0.6880705  0.28804886],1,41,"[0.6948979646954763, 0.28219115991762456]",89,31
169,[0.63694093 0.27239025],1,67,"[0.6342132122546504, 0.3029357709290384]",51,-1
170,[0.61567291 0.2215678 ],1,63,"[0.5938052471458884, 0.24026036510989024]",-1,5
171,[0.60883513 0.25324285],1,63,"[0.5938052471458884, 0.24026036510989024]",-1,-1
172,[0.7044932  0.21815272],1,76,"[0.662220941598272, 0.1974349218858984]",-1,-1
173,[0.64061347 0.25801498],1,67,"[0.6342132122546504, 0.3029357709290384]",51,-1
174,[0.64166907 0.26883123],1,67,"[0.6342132122546504, 0.3029357709290384]",51,-1
175,[0.57191248 0.2366834 ],1,63,"[0.5938052471458884, 0.24026036510989024]",-1,-1
176,[0.63024805 0.379203  ],1,86,"[0.6271685883317931, 0.40176873797345797]",97,30
177,[0.63746929 0.2963888 ],1,67,"[0.6342132122546504, 0.3029357709290384]",-1,-1
178,[0.64616769 0.27363413],1,67,"[0.6342132122546504, 0.3029357709290384]",-1,-1
179,[0.57337389 0.22725206],1,63,"[0.5938052471458884, 0.24026036510989024]",-1,-1
180,[0.60437724 0.25434737],1,63,"[0.5938052471458884, 0.24026036510989024]",-1,-1
181,[0.67410222 0.26106744],1,41,"[0.6948979646954763, 0.28219115991762456]",88,-1
182,[0.6595131  0.29363812],1,67,"[0.6342132122546504, 0.3029357709290384]",91,-1
183,[0.64368397 0.22861084],1,76,"[0.662220941598272, 0.1974349218858984]",-1,-1
184,[0.58999398 0.31174652],1,68,"[0.5611136858449972, 0.3328599094297703]",34,3
185,[0.62927917 0.22827759],1,63,"[0.5938052471458884, 0.24026036510989024]",-1,5
186,[0.62499501 0.25057695],1,63,"[0.5938052471458884, 0.24026036510989024]",-1,-1
187,[0.62101644 0.28844733],1,67,"[0.6342132122546504, 0.3029357709290384]",50,-1
188,[0.62492636 0.27619012],1,67,"[0.6342132122546504, 0.3029357709290384]",50,-1
189,[0.68422241 0.34712868],1,59,"[0.670396322447398, 0.3654745913518824]",97,-1
190,[0.58859901 0.32262586],1,68,"[0.5611136858449972, 0.3328599094297703]",34,-1
191,[0.68868484 0.2244163 ],1,76,"[0.662220941598272, 0.1974349218858984]",-1,-1
192,[0.6809517  0.23966063],1,41,"[0.6948979646954763, 0.28219115991762456]",-1,-1
193,[0.63002969 0.24276207],1,63,"[0.5938052471458884, 0.24026036510989024]",51,-1
194,[0.60963275 0.30353782],1,67,"[0.6342132122546504, 0.3029357709290384]",-1,-1
195,[0.64968096 0.31716804],1,67,"[0.6342132122546504, 0.3029357709290384]",97,-1
196,[0.63690033 0.31218995],1,67,"[0.6342132122546504, 0.3029357709290384]",97,-1
197,[0.60035384 0.31841818],1,67,"[0.6342132122546504, 0.3029357709290384]",34,-1
198,[0.63729142 0.22299106],1,76,"[0.662220941598272, 0.1974349218858984]",-1,-1
199,[0.58575864 0.21433923],1,63,"[0.5938052471458884, 0.24026036510989024]",-1,-1
200,[0.86399703 0.46941302],2,44,"[0.8589971214582324, 0.4394137560340503]",-1,-1
201,[0.86350859 0.37125547],2,24,"[0.864304877149764, 0.37840873327476937]",97,-1
202,[0.87140282 0.36605002],2,24,"[0.864304877149764, 0.37840873327476937]",97,-1
203,[0.87924265 0.41307216],2,44,"[0.8589971214582324, 0.4394137560340503]",90,28
204,[0.84331448 0.42168085],2,44,"[0.8589971214582324, 0.4394137560340503]",98,28
205,[0.86291626 0.43767957],2,44,"[0.8589971214582324, 0.4394137560340503]",98,-1
206,[0.87638873 0.4660626 ],2,44,"[0.8589971214582324, 0.4394137560340503]",-1,-1
207,[0.8227201  0.37813241],2,8,"[0.782559314763462, 0.38675507962681555]",97,37
208,[0.86697322 0.36378383],2,24,"[0.864304877149764, 0.37840873327476937]",97,-1
209,[0.76428365 0.39105422],2,8,"[0.782559314763462, 0.38675507962681555]",97,39
210,[0.85499841 0.4117422 ],2,44,"[0.8589971214582324, 0.4394137560340503]",98,-1
211,[0.84219066 0.40839657],2,44,"[0.8589971214582324, 0.4394137560340503]",-1,-1
212,[0.88173512 0.35907695],2,24,"[0.864304877149764, 0.37840873327476937]",97,-1
213,[0.83986984 0.34471016],2,24,"[0.864304877149764, 0.37840873327476937]",97,34
214,[0.88639647 0.39119467],2,24,"[0.864304877149764, 0.37840873327476937]",97,-1
215,[0.80800285 0.44757484],2,82,"[0.7838251592389673, 0.4623077396916808]",97,-1
216,[0.81148213 0.36790809],2,8,"[0.782559314763462, 0.38675507962681555]",97,-1
217,[0.79523869 0.28706732],2,22,"[0.805104436152594, 0.30588484878908717]",-1,-1
218,[0.86471953 0.42174059],2,44,"[0.8589971214582324, 0.4394137560340503]",90,-1
219,[0.79633699 0.3789418 ],2,8,"[0.782559314763462, 0.38675507962681555]",97,-1
220,[0.8958621  0.41176501],2,24,"[0.864304877149764, 0.37840873327476937]",-1,-1
221,[0.85496877 0.40464407],2,24,"[0.864304877149764, 0.37840873327476937]",97,-1
222,[0.89492801 0.41993745],2,44,"[0.8589971214582324, 0.4394137560340503]",-1,-1
223,[0.86453159 0.31527976],2,51,"[0.8936687523122694, 0.3204806601756303]",97,-1
224,[0.89967606 0.4708067 ],2,44,"[0.8589971214582324, 0.4394137560340503]",-1,-1
225,[0.83910524 0.45243559],2,44,"[0.8589971214582324, 0.4394137560340503]",-1,-1
226,[0.90393605 0.37524716],2,24,"[0.864304877149764, 0.37840873327476937]",-1,-1
227,[0.90236413 0.37744618],2,24,"[0.864304877149764, 0.37840873327476937]",-1,-1
228,[0.88569793 0.36544517],2,24,"[0.864304877149764, 0.37840873327476937]",97,29
229,[0.82265826 0.33620102],2,22,"[0.805104436152594, 0.30588484878908717]",97,-1
230,[0.84320259 0.41213832],2,44,"[0.8589971214582324, 0.4394137560340503]",98,-1
231,[0.74228627 0.32433718],2,27,"[0.730818627555406, 0.3326871572147463]",97,-1
232,[0.86369168 0.4513464 ],2,44,"[0.8589971214582324, 0.4394137560340503]",-1,-1
233,[0.89360193 0.37125947],2,24,"[0.864304877149764, 0.37840873327476937]",97,29
234,[0.84900774 0.42179465],2,44,"[0.8589971214582324, 0.4394137560340503]",98,28
235,[0.88386026 0.31703604],2,51,"[0.8936687523122694, 0.3204806601756303]",97,-1
236,[0.87685866 0.35427673],2,24,"[0.864304877149764, 0.37840873327476937]",-1,-1
237,[0.84197539 0.42049226],2,44,"[0.8589971214582324, 0.4394137560340503]",98,28
238,[0.90665287 0.44041487],2,44,"[0.8589971214582324, 0.4394137560340503]",-1,-1
239,[0.80823583 0.32158904],2,22,"[0.805104436152594, 0.30588484878908717]",97,32
240,[0.90739951 0.4499347 ],2,44,"[0.8589971214582324, 0.4394137560340503]",-1,-1
241,[0.84856715 0.37188555],2,24,"[0.864304877149764, 0.37840873327476937]",97,-1
242,[0.79192713 0.38999416],2,8,"[0.782559314763462, 0.38675507962681555]",97,39
243,[0.85195679 0.38238881],2,24,"[0.864304877149764, 0.37840873327476937]",97,-1
244,[0.92143888 0.41184844],2,24,"[0.864304877149764, 0.37840873327476937]",-1,-1
245,[0.89687847 0.3557098 ],2,51,"[0.8936687523122694, 0.3204806601756303]",97,-1
246,[0.91976182 0.40894423],2,24,"[0.864304877149764, 0.37840873327476937]",-1,-1
247,[0.87740809 0.3649524 ],2,24,"[0.864304877149764, 0.37840873327476937]",97,29
248,[0.86036926 0.44119927],2,44,"[0.8589971214582324, 0.4394137560340503]",98,28
249,[0.82731576 0.39731449],2,24,"[0.864304877149764, 0.37840873327476937]",97,37
250,[0.82757939 0.42820414],2,44,"[0.8589971214582324, 0.4394137560340503]",98,-1
251,[0.85753569 0.38680697],2,24,"[0.864304877149764, 0.37840873327476937]",97,-1
252,[0.89172317 0.43844964],2,44,"[0.8589971214582324, 0.4394137560340503]",-1,-1
253,[0.88303308 0.42258269],2,44,"[0.8589971214582324, 0.4394137560340503]",90,28
254,[0.85721996 0.43221928],2,44,"[0.8589971214582324, 0.4394137560340503]",98,28
255,[0.86110807 0.34476636],2,24,"[0.864304877149764, 0.37840873327476937]",97,-1
256,[0.7443663  0.38915474],2,60,"[0.7203559462110392, 0.4062231169521756]",97,39
257,[0.88699596 0.36519852],2,24,"[0.864304877149764, 0.37840873327476937]",97,29
258,[0.89738906 0.46373255],2,44,"[0.8589971214582324, 0.4394137560340503]",-1,-1
259,[0.75814778 0.34299472],2,27,"[0.730818627555406, 0.3326871572147463]",97,-1
260,[0.84631099 0.41608698],2,44,"[0.8589971214582324, 0.4394137560340503]",98,28
261,[0.83568859 0.43374768],2,44,"[0.8589971214582324, 0.4394137560340503]",98,28
262,[0.86311986 0.43708806],2,44,"[0.8589971214582324, 0.4394137560340503]",98,-1
263,[0.82006312 0.42329865],2,44,"[0.8589971214582324, 0.4394137560340503]",-1,-1
264,[0.82223698 0.38918346],2,8,"[0.782559314763462, 0.38675507962681555]",97,37
265,[0.8953105  0.42248112],2,44,"[0.8589971214582324, 0.4394137560340503]",-1,-1
266,[0.82657721 0.44191528],2,44,"[0.8589971214582324, 0.4394137560340503]",98,-1
267,[0.82901057 0.44048312],2,44,"[0.8589971214582324, 0.4394137560340503]",98,28
268,[0.91694144 0.32255937],2,51,"[0.8936687523122694, 0.3204806601756303]",97,-1
269,[0.9225357  0.32089268],2,51,"[0.8936687523122694, 0.3204806601756303]",-1,-1
270,[0.87865659 0.41742342],2,44,"[0.8589971214582324, 0.4394137560340503]",90,28
271,[0.869907   0.40048124],2,24,"[0.864304877149764, 0.37840873327476937]",-1,-1
272,[0.87720459 0.48686733],2,44,"[0.8589971214582324, 0.4394137560340503]",-1,-1
273,[0.8058278  0.37200968],2,8,"[0.782559314763462, 0.38675507962681555]",-1,-1
274,[0.82219279 0.46153408],2,82,"[0.7838251592389673, 0.4623077396916808]",-1,-1
275,[0.85995819 0.42346506],2,44,"[0.8589971214582324, 0.4394137560340503]",-1,28
276,[0.90290722 0.36381932],2,24,"[0.864304877149764, 0.37840873327476937]",-1,-1
277,[0.85941645 0.43501209],2,44,"[0.8589971214582324, 0.4394137560340503]",98,28
278,[0.82759994 0.37970358],2,24,"[0.864304877149764, 0.37840873327476937]",97,37
279,[0.84149235 0.35408111],2,24,"[0.864304877149764, 0.37840873327476937]",97,-1
280,[0.87636279 0.3990166 ],2,24,"[0.864304877149764, 0.37840873327476937]",90,-1
281,[0.84425097 0.43688619],2,44,"[0.8589971214582324, 0.4394137560340503]",98,28
282,[0.82770564 0.44165904],2,44,"[0.8589971214582324, 0.4394137560340503]",98,-1
283,[0.84531024 0.42716236],2,44,"[0.8589971214582324, 0.4394137560340503]",98,28
284,[0.8298474  0.40217896],2,24,"[0.864304877149764, 0.37840873327476937]",97,37
285,[0.89024166 0.34019993],2,51,"[0.8936687523122694, 0.3204806601756303]",-1,-1
286,[0.83061609 0.38776887],2,24,"[0.864304877149764, 0.37840873327476937]",97,37
287,[0.91483781 0.39063365],2,24,"[0.864304877149764, 0.37840873327476937]",-1,-1
288,[0.87931439 0.40673621],2,24,"[0.864304877149764, 0.37840873327476937]",90,28
289,[0.77183366 0.41410529],2,8,"[0.782559314763462, 0.38675507962681555]",97,-1
290,[0.82797643 0.40477414],2,24,"[0.864304877149764, 0.37840873327476937]",97,37
291,[0.76773325 0.30308461],2,22,"[0.805104436152594, 0.30588484878908717]",97,36
292,[0.81736634 0.41197392],2,8,"[0.782559314763462, 0.38675507962681555]",97,37
293,[0.90209372 0.43107848],2,44,"[0.8589971214582324, 0.4394137560340503]",-1,-1
294,[0.77894714 0.37264132],2,8,"[0.782559314763462, 0.38675507962681555]",97,-1
295,[0.85030562 0.43885886],2,44,"[0.8589971214582324, 0.4394137560340503]",98,28
296,[0.84549724 0.41036303],2,44,"[0.8589971214582324, 0.4394137560340503]",98,28
297,[0.85826574 0.38753833],2,24,"[0.864304877149764, 0.37840873327476937]",97,-1
298,[0.88731924 0.44032953],2,44,"[0.8589971214582324, 0.4394137560340503]",-1,-1
299,[0.91255677 0.43071046],2,44,"[0.8589971214582324, 0.4394137560340503]",-1,-1
300,[0.9097761  0.31858594],3,51,"[0.8936687523122694, 0.3204806601756303]",97,26
301,[0.78006684 0.30309499],3,22,"[0.805104436152594, 0.30588484878908717]",97,-1
302,[0.86487993 0.3095591 ],3,51,"[0.8936687523122694, 0.3204806601756303]",97,-1
303,[0.9150132  0.28059275],3,51,"[0.8936687523122694, 0.3204806601756303]",-1,-1
304,[0.89018497 0.36307269],3,24,"[0.864304877149764, 0.37840873327476937]",97,29
305,[0.94768336 0.28505219],3,51,"[0.8936687523122694, 0.3204806601756303]",-1,-1
306,[0.85287814 0.3349446 ],3,51,"[0.8936687523122694, 0.3204806601756303]",97,34
307,[0.83097121 0.31245633],3,22,"[0.805104436152594, 0.30588484878908717]",97,33
308,[0.90774616 0.32980156],3,51,"[0.8936687523122694, 0.3204806601756303]",-1,-1
309,[0.86887797 0.30648958],3,51,"[0.8936687523122694, 0.3204806601756303]",97,26
310,[0.93037645 0.37131857],3,51,"[0.8936687523122694, 0.3204806601756303]",-1,-1
311,[0.88911549 0.31445685],3,51,"[0.8936687523122694, 0.3204806601756303]",97,-1
312,[0.87045978 0.29689278],3,51,"[0.8936687523122694, 0.3204806601756303]",97,26
313,[0.82842326 0.36230508],3,24,"[0.864304877149764, 0.37840873327476937]",97,-1
314,[0.87698757 0.30848509],3,51,"[0.8936687523122694, 0.3204806601756303]",97,26
315,[0.837911   0.38629207],3,24,"[0.864304877149764, 0.37840873327476937]",97,37
316,[0.89155193 0.31538679],3,51,"[0.8936687523122694, 0.3204806601756303]",97,26
317,[0.90579693 0.31461292],3,51,"[0.8936687523122694, 0.3204806601756303]",97,-1
318,[0.88203985 0.33838753],3,51,"[0.8936687523122694, 0.3204806601756303]",97,-1
319,[0.89674557 0.31749375],3,51,"[0.8936687523122694, 0.3204806601756303]",97,-1
320,[0.9020294  0.32175308],3,51,"[0.8936687523122694, 0.3204806601756303]",97,26
321,[0.81675838 0.27692051],3,22,"[0.805104436152594, 0.30588484878908717]",69,-1
322,[0.83800369 0.3119385 ],3,22,"[0.805104436152594, 0.30588484878908717]",97,33
323,[0.8618031  0.30600916],3,51,"[0.8936687523122694, 0.3204806601756303]",97,26
324,[0.86171737 0.3328415 ],3,51,"[0.8936687523122694, 0.3204806601756303]",97,-1
325,[0.8584105  0.37656589],3,24,"[0.864304877149764, 0.37840873327476937]",97,-1
326,[0.85161188 0.36662487],3,24,"[0.864304877149764, 0.37840873327476937]",97,-1
327,[0.8825026  0.29961869],3,51,"[0.8936687523122694, 0.3204806601756303]",97,26
328,[0.85660369 0.3474724 ],3,24,"[0.864304877149764, 0.37840873327476937]",97,-1
329,[0.87758988 0.40497112],3,24,"[0.864304877149764, 0.37840873327476937]",90,28
330,[0.97494108 0.24198847],3,-1,-1,-1,-1
331,[0.89157352 0.32105644],3,51,"[0.8936687523122694, 0.3204806601756303]",97,26
332,[0.86688453 0.24846774],3,79,"[0.8691904963226184, 0.23236833961723288]",-1,-1
333,[0.91392904 0.24550972],3,79,"[0.8691904963226184, 0.23236833961723288]",-1,-1
334,[0.78330261 0.27703119],3,22,"[0.805104436152594, 0.30588484878908717]",-1,-1
335,[0.83654129 0.31773245],3,22,"[0.805104436152594, 0.30588484878908717]",-1,33
336,[0.87842612 0.31474656],3,51,"[0.8936687523122694, 0.3204806601756303]",-1,-1
337,[0.92306858 0.36833395],3,51,"[0.8936687523122694, 0.3204806601756303]",-1,-1
338,[0.97623841 0.30360473],3,-1,-1,-1,-1
339,[0.86488559 0.37324469],3,24,"[0.864304877149764, 0.37840873327476937]",97,-1
340,[0.8844729  0.33545384],3,51,"[0.8936687523122694, 0.3204806601756303]",-1,-1
341,[0.84293818 0.28794645],3,22,"[0.805104436152594, 0.30588484878908717]",-1,-1
342,[0.91928474 0.32630594],3,51,"[0.8936687523122694, 0.3204806601756303]",-1,-1
343,[0.90190418 0.29580593],3,51,"[0.8936687523122694, 0.3204806601756303]",-1,-1
344,[0.82445631 0.28779449],3,22,"[0.805104436152594, 0.30588484878908717]",-1,-1
345,[0.89769205 0.32854737],3,51,"[0.8936687523122694, 0.3204806601756303]",-1,-1
346,[0.90253219 0.3191861 ],3,51,"[0.8936687523122694, 0.3204806601756303]",97,26
347,[0.84660474 0.29984728],3,22,"[0.805104436152594, 0.30588484878908717]",-1,-1
348,[0.82674401 0.28887244],3,22,"[0.805104436152594, 0.30588484878908717]",-1,-1
349,[0.88030345 0.42190841],3,44,"[0.8589971214582324, 0.4394137560340503]",90,28
350,[0.81970476 0.27272083],3,22,"[0.805104436152594, 0.30588484878908717]",-1,-1
351,[0.81502432 0.27342127],3,22,"[0.805104436152594, 0.30588484878908717]",69,-1
352,[0.84414495 0.27788562],3,22,"[0.805104436152594, 0.30588484878908717]",-1,-1
353,[0.88910594 0.26764856],3,79,"[0.8691904963226184, 0.23236833961723288]",-1,-1
354,[0.91158817 0.30668456],3,51,"[0.8936687523122694, 0.3204806601756303]",-1,-1
355,[0.88502781 0.29143689],3,51,"[0.8936687523122694, 0.3204806601756303]",97,-1
356,[0.77001233 0.27671967],3,22,"[0.805104436152594, 0.30588484878908717]",-1,-1
357,[0.89347163 0.31858596],3,51,"[0.8936687523122694, 0.3204806601756303]",97,26
358,[0.8080937 0.3783817],3,8,"[0.782559314763462, 0.38675507962681555]",97,-1
359,[0.88492024 0.28661463],3,51,"[0.8936687523122694, 0.3204806601756303]",-1,-1
360,[0.99077595 0.33330582],3,-1,-1,-1,-1
361,[0.86161522 0.31407847],3,51,"[0.8936687523122694, 0.3204806601756303]",97,-1
362,[0.84294949 0.38902703],3,24,"[0.864304877149764, 0.37840873327476937]",97,-1
363,[0.87778738 0.29473832],3,51,"[0.8936687523122694, 0.3204806601756303]",97,26
364,[0.89252343 0.22369904],3,79,"[0.8691904963226184, 0.23236833961723288]",-1,-1
365,[0.88277534 0.29833652],3,51,"[0.8936687523122694, 0.3204806601756303]",97,26
366,[0.91199739 0.3170937 ],3,51,"[0.8936687523122694, 0.3204806601756303]",97,26
367,[0.88586035 0.30156635],3,51,"[0.8936687523122694, 0.3204806601756303]",97,26
368,[0.9158242  0.29782905],3,51,"[0.8936687523122694, 0.3204806601756303]",-1,-1
369,[0.9276936  0.31913173],3,51,"[0.8936687523122694, 0.3204806601756303]",-1,-1
370,[0.95207006 0.26804778],3,-1,-1,-1,-1
371,[0.88743172 0.32151529],3,51,"[0.8936687523122694, 0.3204806601756303]",97,26
372,[0.81300711 0.30413288],3,22,"[0.805104436152594, 0.30588484878908717]",-1,-1
373,[0.85186186 0.32579051],3,51,"[0.8936687523122694, 0.3204806601756303]",97,-1
374,[0.87293947 0.33805947],3,51,"[0.8936687523122694, 0.3204806601756303]",97,-1
375,[0.8902189  0.30375357],3,51,"[0.8936687523122694, 0.3204806601756303]",-1,-1
376,[0.87306464 0.33560613],3,51,"[0.8936687523122694, 0.3204806601756303]",97,-1
377,[0.95974764 0.33549221],3,51,"[0.8936687523122694, 0.3204806601756303]",-1,-1
378,[0.82811098 0.31397829],3,22,"[0.805104436152594, 0.30588484878908717]",97,33
379,[0.92019966 0.37339524],3,24,"[0.864304877149764, 0.37840873327476937]",-1,-1
380,[0.89551495 0.37162939],3,24,"[0.864304877149764, 0.37840873327476937]",97,29
381,[0.91692682 0.31174887],3,51,"[0.8936687523122694, 0.3204806601756303]",-1,-1
382,[0.87716264 0.36076426],3,24,"[0.864304877149764, 0.37840873327476937]",97,29
383,[0.84557027 0.3130693 ],3,22,"[0.805104436152594, 0.30588484878908717]",-1,-1
384,[0.89954979 0.35633337],3,51,"[0.8936687523122694, 0.3204806601756303]",97,-1
385,[0.90177812 0.24228289],3,79,"[0.8691904963226184, 0.23236833961723288]",-1,-1
386,[0.83769418 0.33466074],3,22,"[0.805104436152594, 0.30588484878908717]",97,34
387,[0.87816058 0.3033464 ],3,51,"[0.8936687523122694, 0.3204806601756303]",97,26
388,[0.85960013 0.33604872],3,51,"[0.8936687523122694, 0.3204806601756303]",97,34
389,[0.84220586 0.33826319],3,24,"[0.864304877149764, 0.37840873327476937]",97,34
390,[0.98435375 0.41321928],3,-1,-1,-1,-1
391,[0.87897319 0.34961249],3,24,"[0.864304877149764, 0.37840873327476937]",-1,-1
392,[0.90323883 0.25986632],3,79,"[0.8691904963226184, 0.23236833961723288]",-1,-1
393,[0.88829823 0.26827884],3,79,"[0.8691904963226184, 0.23236833961723288]",-1,-1
394,[0.86289944 0.26607775],3,79,"[0.8691904963226184, 0.23236833961723288]",-1,-1
395,[0.85419716 0.2851721 ],3,51,"[0.8936687523122694, 0.3204806601756303]",-1,-1
396,[0.79204116 0.36305118],3,8,"[0.782559314763462, 0.38675507962681555]",97,39
397,[0.87327559 0.36809689],3,24,"[0.864304877149764, 0.37840873327476937]",97,29
398,[0.85080607 0.31238825],3,51,"[0.8936687523122694, 0.3204806601756303]",-1,-1
399,[0.87632358 0.29008261],3,51,"[0.8936687523122694, 0.3204806601756303]",97,-1
400,[0.53525059 0.3865288 ],4,71,"[0.5256853689354785, 0.4139886337990054]",92,22
401,[0.59628448 0.42586775],4,91,"[0.6012433587965225, 0.4182613697836598]",95,24
402,[0.64061177 0.45377841],4,93,"[0.6268451044452512, 0.4483349814555342]",46,-1
403,[0.58981986 0.43776616],4,99,"[0.582607492536661, 0.4459235598319259]",95,24
404,[0.52145105 0.46616894],4,81,"[0.5486595324958304, 0.45111899886780193]",79,-1
405,[0.71268122 0.47392796],4,50,"[0.73400958366281, 0.4924303356245267]",-1,-1
406,[0.5993502  0.45115413],4,99,"[0.582607492536661, 0.4459235598319259]",-1,-1
407,[0.53161747 0.39339444],4,71,"[0.5256853689354785, 0.4139886337990054]",92,-1
408,[0.62184839 0.51536197],4,95,"[0.6515121185373796, 0.5025970969917144]",33,-1
409,[0.59532702 0.46180921],4,96,"[0.5870420562460407, 0.47625501210099697]",-1,-1
410,[0.63284843 0.40841627],4,86,"[0.6271685883317931, 0.40176873797345797]",95,-1
411,[0.50671908 0.48315404],4,28,"[0.4883199384691489, 0.5133386333280389]",-1,-1
412,[0.62442419 0.42217338],4,86,"[0.6271685883317931, 0.40176873797345797]",95,-1
413,[0.63985427 0.46019117],4,93,"[0.6268451044452512, 0.4483349814555342]",46,-1
414,[0.59058665 0.42704649],4,91,"[0.6012433587965225, 0.4182613697836598]",95,24
415,[0.5055885  0.48009144],4,28,"[0.4883199384691489, 0.5133386333280389]",79,-1
416,[0.60828816 0.36315085],4,72,"[0.6275615005729838, 0.35242652332535]",-1,-1
417,[0.50113984 0.41091634],4,71,"[0.5256853689354785, 0.4139886337990054]",63,-1
418,[0.60105067 0.53237911],4,69,"[0.5968891560771225, 0.5507363423930021]",-1,-1
419,[0.63440497 0.48655652],4,95,"[0.6515121185373796, 0.5025970969917144]",-1,-1
420,[0.47784264 0.49918093],4,28,"[0.4883199384691489, 0.5133386333280389]",117,-1
421,[0.63860827 0.47929599],4,95,"[0.6515121185373796, 0.5025970969917144]",-1,-1
422,[0.58550913 0.46181589],4,96,"[0.5870420562460407, 0.47625501210099697]",-1,-1
423,[0.58023699 0.42728832],4,90,"[0.5744278595660413, 0.41353866422944313]",95,-1
424,[0.59367998 0.49239222],4,96,"[0.5870420562460407, 0.47625501210099697]",-1,-1
425,[0.57718232 0.45241397],4,99,"[0.582607492536661, 0.4459235598319259]",95,-1
426,[0.5969587 0.5124649],4,96,"[0.5870420562460407, 0.47625501210099697]",73,-1
427,[0.53067476 0.52389099],4,62,"[0.5599812286976242, 0.5191315092027347]",82,-1
428,[0.54546405 0.42285976],4,71,"[0.5256853689354785, 0.4139886337990054]",95,-1
429,[0.5951483  0.39619393],4,91,"[0.6012433587965225, 0.4182613697836598]",95,-1
430,[0.63532388 0.48523582],4,95,"[0.6515121185373796, 0.5025970969917144]",-1,-1
431,[0.61396737 0.43780929],4,93,"[0.6268451044452512, 0.4483349814555342]",95,-1
432,[0.60595265 0.32829246],4,72,"[0.6275615005729838, 0.35242652332535]",-1,-1
433,[0.51167161 0.36874712],4,55,"[0.4911189724579566, 0.36032847748337926]",-1,-1
434,[0.55372351 0.44206997],4,81,"[0.5486595324958304, 0.45111899886780193]",95,-1
435,[0.63079755 0.44021429],4,93,"[0.6268451044452512, 0.4483349814555342]",46,-1
436,[0.53857628 0.41232555],4,71,"[0.5256853689354785, 0.4139886337990054]",95,-1
437,[0.56514203 0.43120627],4,90,"[0.5744278595660413, 0.41353866422944313]",95,25
438,[0.52479992 0.45010534],4,81,"[0.5486595324958304, 0.45111899886780193]",-1,-1
439,[0.51117497 0.35773739],4,55,"[0.4911189724579566, 0.36032847748337926]",-1,-1
440,[0.59406887 0.43312891],4,91,"[0.6012433587965225, 0.4182613697836598]",95,24
441,[0.58690685 0.43503399],4,99,"[0.582607492536661, 0.4459235598319259]",95,-1
442,[0.60334333 0.35905389],4,72,"[0.6275615005729838, 0.35242652332535]",-1,-1
443,[0.5920707  0.42558933],4,91,"[0.6012433587965225, 0.4182613697836598]",95,-1
444,[0.56432277 0.51522422],4,62,"[0.5599812286976242, 0.5191315092027347]",73,18
445,[0.6863043  0.41995995],4,94,"[0.6748643012657011, 0.4183849502584258]",-1,-1
446,[0.59294113 0.46721636],4,96,"[0.5870420562460407, 0.47625501210099697]",-1,-1
447,[0.58112989 0.47123268],4,96,"[0.5870420562460407, 0.47625501210099697]",-1,-1
448,[0.6521974  0.41700007],4,94,"[0.6748643012657011, 0.4183849502584258]",-1,-1
449,[0.64406427 0.46172629],4,93,"[0.6268451044452512, 0.4483349814555342]",46,-1
450,[0.49867707 0.47277977],4,28,"[0.4883199384691489, 0.5133386333280389]",79,27
451,[0.60653712 0.37502735],4,72,"[0.6275615005729838, 0.35242652332535]",-1,-1
452,[0.56945089 0.45065583],4,99,"[0.582607492536661, 0.4459235598319259]",95,-1
453,[0.6415468  0.43517221],4,93,"[0.6268451044452512, 0.4483349814555342]",-1,-1
454,[0.54757762 0.44984462],4,81,"[0.5486595324958304, 0.45111899886780193]",95,-1
455,[0.57854691 0.37375001],4,78,"[0.5675082537713239, 0.38298910409035547]",95,-1
456,[0.54965806 0.37228512],4,78,"[0.5675082537713239, 0.38298910409035547]",92,22
457,[0.65814393 0.47926667],4,95,"[0.6515121185373796, 0.5025970969917144]",-1,-1
458,[0.58494666 0.38481201],4,78,"[0.5675082537713239, 0.38298910409035547]",95,23
459,[0.47726446 0.3765568 ],4,55,"[0.4911189724579566, 0.36032847748337926]",-1,-1
460,[0.63347567 0.47083752],4,93,"[0.6268451044452512, 0.4483349814555342]",-1,-1
461,[0.57747432 0.41821449],4,90,"[0.5744278595660413, 0.41353866422944313]",95,23
462,[0.59305034 0.43197641],4,91,"[0.6012433587965225, 0.4182613697836598]",95,24
463,[0.55225929 0.51072401],4,62,"[0.5599812286976242, 0.5191315092027347]",-1,-1
464,[0.60979156 0.41065563],4,91,"[0.6012433587965225, 0.4182613697836598]",95,-1
465,[0.57388886 0.42862066],4,90,"[0.5744278595660413, 0.41353866422944313]",95,25
466,[0.55943911 0.37653032],4,78,"[0.5675082537713239, 0.38298910409035547]",92,22
467,[0.54575199 0.42270141],4,71,"[0.5256853689354785, 0.4139886337990054]",95,-1
468,[0.52631779 0.40749131],4,71,"[0.5256853689354785, 0.4139886337990054]",95,-1
469,[0.5706491  0.48789169],4,96,"[0.5870420562460407, 0.47625501210099697]",93,-1
470,[0.57143945 0.47818182],4,96,"[0.5870420562460407, 0.47625501210099697]",93,-1
471,[0.59395015 0.37434865],4,78,"[0.5675082537713239, 0.38298910409035547]",-1,-1
472,[0.55458003 0.44327123],4,81,"[0.5486595324958304, 0.45111899886780193]",95,-1
473,[0.53862958 0.48516732],4,81,"[0.5486595324958304, 0.45111899886780193]",82,-1
474,[0.59810047 0.42852447],4,91,"[0.6012433587965225, 0.4182613697836598]",95,24
475,[0.49093353 0.42461609],4,71,"[0.5256853689354785, 0.4139886337990054]",-1,-1
476,[0.57750015 0.40387903],4,90,"[0.5744278595660413, 0.41353866422944313]",95,23
477,[0.46507912 0.37575839],4,55,"[0.4911189724579566, 0.36032847748337926]",114,-1
478,[0.62299838 0.41314107],4,86,"[0.6271685883317931, 0.40176873797345797]",95,-1
479,[0.61592562 0.44589189],4,93,"[0.6268451044452512, 0.4483349814555342]",95,-1
480,[0.56331663 0.47211818],4,96,"[0.5870420562460407, 0.47625501210099697]",93,-1
481,[0.51254494 0.46753647],4,81,"[0.5486595324958304, 0.45111899886780193]",79,-1
482,[0.5802974  0.39033083],4,78,"[0.5675082537713239, 0.38298910409035547]",95,23
483,[0.6341563  0.41895408],4,86,"[0.6271685883317931, 0.40176873797345797]",-1,-1
484,[0.56584625 0.42674622],4,90,"[0.5744278595660413, 0.41353866422944313]",95,25
485,[0.62264615 0.54419271],4,69,"[0.5968891560771225, 0.5507363423930021]",-1,-1
486,[0.60342318 0.40008461],4,91,"[0.6012433587965225, 0.4182613697836598]",95,-1
487,[0.57922755 0.38386193],4,78,"[0.5675082537713239, 0.38298910409035547]",95,23
488,[0.56396743 0.34085042],4,68,"[0.5611136858449972, 0.3328599094297703]",-1,-1
489,[0.55956322 0.43322352],4,81,"[0.5486595324958304, 0.45111899886780193]",95,25
490,[0.6229249 0.4282258],4,93,"[0.6268451044452512, 0.4483349814555342]",95,-1
491,[0.5686729  0.45966613],4,99,"[0.582607492536661, 0.4459235598319259]",-1,-1
492,[0.54413674 0.4014636 ],4,71,"[0.5256853689354785, 0.4139886337990054]",95,-1
493,[0.62607756 0.42068786],4,86,"[0.6271685883317931, 0.40176873797345797]",95,-1
494,[0.5943486  0.49378787],4,96,"[0.5870420562460407, 0.47625501210099697]",-1,-1
495,[0.59033996 0.5108156 ],4,62,"[0.5599812286976242, 0.5191315092027347]",73,-1
496,[0.54539136 0.4481788 ],4,81,"[0.5486595324958304, 0.45111899886780193]",95,-1
497,[0.48428678 0.37303079],4,55,"[0.4911189724579566, 0.36032847748337926]",-1,-1
498,[0.55448672 0.46109888],4,81,"[0.5486595324958304, 0.45111899886780193]",-1,-1
499,[0.58218863 0.45982957],4,99,"[0.582607492536661, 0.4459235598319259]",-1,-1
500,[0.24813557 0.56776433],5,17,"[0.25907980690829885, 0.5772508610653444]",-1,-1
501,[0.23340718 0.49535308],5,32,"[0.2628401192296225, 0.49392472915708574]",114,81
502,[0.10785246 0.56921141],5,80,"[0.12067688938383801, 0.5637304646499463]",12,-1
503,[0.33271771 0.51486978],5,9,"[0.34993355860173564, 0.5388204709038561]",-1,-1
504,[0.25245191 0.58993624],5,17,"[0.25907980690829885, 0.5772508610653444]",117,-1
505,[0.27841332 0.56510647],5,17,"[0.25907980690829885, 0.5772508610653444]",117,89
506,[0.26321724 0.57611297],5,17,"[0.25907980690829885, 0.5772508610653444]",-1,-1
507,[0.32601658 0.54359565],5,9,"[0.34993355860173564, 0.5388204709038561]",117,-1
508,[0.26827873 0.51868891],5,32,"[0.2628401192296225, 0.49392472915708574]",114,-1
509,[0.26503837 0.55644891],5,17,"[0.25907980690829885, 0.5772508610653444]",117,-1
510,[0.28234204 0.54875627],5,17,"[0.25907980690829885, 0.5772508610653444]",117,89
511,[0.23463817 0.50508783],5,32,"[0.2628401192296225, 0.49392472915708574]",114,81
512,[0.23061504 0.54008226],5,17,"[0.25907980690829885, 0.5772508610653444]",-1,-1
513,[0.1638724  0.48760146],5,65,"[0.1328910732107456, 0.4899260274926132]",114,-1
514,[0.24865613 0.52657153],5,32,"[0.2628401192296225, 0.49392472915708574]",114,-1
515,[0.19667607 0.58073331],5,45,"[0.18958709402210344, 0.5831400503639066]",117,-1
516,[0.20756886 0.56132616],5,45,"[0.18958709402210344, 0.5831400503639066]",117,-1
517,[0.18321975 0.57233149],5,45,"[0.18958709402210344, 0.5831400503639066]",117,-1
518,[0.29665427 0.56073245],5,17,"[0.25907980690829885, 0.5772508610653444]",117,-1
519,[0.23154241 0.46875582],5,37,"[0.19793393907464019, 0.48816130273889874]",114,-1
520,[0.20306023 0.49134162],5,37,"[0.19793393907464019, 0.48816130273889874]",114,-1
521,[0.20190921 0.5171273 ],5,37,"[0.19793393907464019, 0.48816130273889874]",114,72
522,[0.23787154 0.50377038],5,32,"[0.2628401192296225, 0.49392472915708574]",114,81
523,[0.27416942 0.52204879],5,32,"[0.2628401192296225, 0.49392472915708574]",-1,-1
524,[0.25630911 0.52363993],5,32,"[0.2628401192296225, 0.49392472915708574]",114,-1
525,[0.27049557 0.66909475],5,14,"[0.2991912902140973, 0.6498158096286489]",-1,-1
526,[0.18816934 0.57598555],5,45,"[0.18958709402210344, 0.5831400503639066]",117,-1
527,[0.27393802 0.47227288],5,32,"[0.2628401192296225, 0.49392472915708574]",-1,-1
528,[0.28548974 0.60235683],5,17,"[0.25907980690829885, 0.5772508610653444]",117,-1
529,[0.2340587  0.56412644],5,17,"[0.25907980690829885, 0.5772508610653444]",117,-1
530,[0.24810331 0.63290192],5,14,"[0.2991912902140973, 0.6498158096286489]",115,59
531,[0.2125249  0.54037581],5,45,"[0.18958709402210344, 0.5831400503639066]",117,-1
532,[0.222978  0.5558772],5,17,"[0.25907980690829885, 0.5772508610653444]",-1,-1
533,[0.24946493 0.46285477],5,32,"[0.2628401192296225, 0.49392472915708574]",114,-1
534,[0.24084444 0.54871385],5,17,"[0.25907980690829885, 0.5772508610653444]",117,82
535,[0.29657023 0.47339131],5,32,"[0.2628401192296225, 0.49392472915708574]",77,-1
536,[0.13864625 0.58789495],5,80,"[0.12067688938383801, 0.5637304646499463]",-1,-1
537,[0.27488289 0.56292251],5,17,"[0.25907980690829885, 0.5772508610653444]",117,-1
538,[0.24927203 0.49209064],5,32,"[0.2628401192296225, 0.49392472915708574]",-1,-1
539,[0.22748885 0.62183902],5,45,"[0.18958709402210344, 0.5831400503639066]",-1,-1
540,[0.19989259 0.51903692],5,37,"[0.19793393907464019, 0.48816130273889874]",114,-1
541,[0.22892784 0.57085581],5,17,"[0.25907980690829885, 0.5772508610653444]",-1,-1
542,[0.21715647 0.46042042],5,37,"[0.19793393907464019, 0.48816130273889874]",114,-1
543,[0.21312294 0.49660353],5,37,"[0.19793393907464019, 0.48816130273889874]",114,-1
544,[0.15799009 0.58198423],5,45,"[0.18958709402210344, 0.5831400503639066]",-1,-1
545,[0.25376907 0.5121485 ],5,32,"[0.2628401192296225, 0.49392472915708574]",114,-1
546,[0.16976703 0.58977584],5,45,"[0.18958709402210344, 0.5831400503639066]",-1,-1
547,[0.30193658 0.55474988],5,17,"[0.25907980690829885, 0.5772508610653444]",117,-1
548,[0.18018261 0.56477243],5,45,"[0.18958709402210344, 0.5831400503639066]",-1,-1
549,[0.28778949 0.66395132],5,14,"[0.2991912902140973, 0.6498158096286489]",117,-1
550,[0.27880087 0.59257337],5,17,"[0.25907980690829885, 0.5772508610653444]",117,-1
551,[0.29155861 0.48042066],5,32,"[0.2628401192296225, 0.49392472915708574]",77,15
552,[0.28895716 0.56774856],5,17,"[0.25907980690829885, 0.5772508610653444]",117,89
553,[0.28071868 0.59318248],5,17,"[0.25907980690829885, 0.5772508610653444]",117,-1
554,[0.32464657 0.52717076],5,9,"[0.34993355860173564, 0.5388204709038561]",117,-1
555,[0.27344362 0.47783058],5,32,"[0.2628401192296225, 0.49392472915708574]",-1,-1
556,[0.24466016 0.53545104],5,17,"[0.25907980690829885, 0.5772508610653444]",-1,-1
557,[0.22065274 0.56439051],5,45,"[0.18958709402210344, 0.5831400503639066]",-1,-1
558,[0.26015091 0.51444788],5,32,"[0.2628401192296225, 0.49392472915708574]",114,-1
559,[0.22802956 0.60723861],5,17,"[0.25907980690829885, 0.5772508610653444]",117,78
560,[0.32474906 0.52124668],5,9,"[0.34993355860173564, 0.5388204709038561]",-1,-1
561,[0.25590346 0.5563916 ],5,17,"[0.25907980690829885, 0.5772508610653444]",117,-1
562,[0.22297378 0.50624247],5,37,"[0.19793393907464019, 0.48816130273889874]",-1,-1
563,[0.15018477 0.46927987],5,65,"[0.1328910732107456, 0.4899260274926132]",-1,-1
564,[0.27300506 0.54949553],5,17,"[0.25907980690829885, 0.5772508610653444]",117,89
565,[0.2331329  0.52179012],5,32,"[0.2628401192296225, 0.49392472915708574]",114,-1
566,[0.22912246 0.50368745],5,37,"[0.19793393907464019, 0.48816130273889874]",114,81
567,[0.34465202 0.49699346],5,9,"[0.34993355860173564, 0.5388204709038561]",-1,-1
568,[0.21505266 0.56450509],5,45,"[0.18958709402210344, 0.5831400503639066]",-1,-1
569,[0.28663419 0.58096546],5,17,"[0.25907980690829885, 0.5772508610653444]",117,-1
570,[0.18636809 0.54683242],5,45,"[0.18958709402210344, 0.5831400503639066]",-1,-1
571,[0.27187714 0.56663266],5,17,"[0.25907980690829885, 0.5772508610653444]",-1,-1
572,[0.28514734 0.53008793],5,32,"[0.2628401192296225, 0.49392472915708574]",77,-1
573,[0.25109228 0.52951888],5,32,"[0.2628401192296225, 0.49392472915708574]",114,-1
574,[0.26899999 0.55185367],5,17,"[0.25907980690829885, 0.5772508610653444]",117,-1
575,[0.23046275 0.49480502],5,32,"[0.2628401192296225, 0.49392472915708574]",114,81
576,[0.26829156 0.57853638],5,17,"[0.25907980690829885, 0.5772508610653444]",117,-1
577,[0.19844197 0.59548302],5,45,"[0.18958709402210344, 0.5831400503639066]",117,78
578,[0.21955916 0.52682615],5,37,"[0.19793393907464019, 0.48816130273889874]",114,-1
579,[0.30766054 0.47906611],5,32,"[0.2628401192296225, 0.49392472915708574]",77,15
580,[0.2672571  0.54215927],5,17,"[0.25907980690829885, 0.5772508610653444]",117,-1
581,[0.25125628 0.57659071],5,17,"[0.25907980690829885, 0.5772508610653444]",-1,-1
582,[0.2240233  0.59972308],5,45,"[0.18958709402210344, 0.5831400503639066]",117,78
583,[0.29163389 0.58820152],5,17,"[0.25907980690829885, 0.5772508610653444]",117,-1
584,[0.20073455 0.59071234],5,45,"[0.18958709402210344, 0.5831400503639066]",117,-1
585,[0.2350806  0.48788444],5,32,"[0.2628401192296225, 0.49392472915708574]",114,81
586,[0.29848693 0.58861795],5,17,"[0.25907980690829885, 0.5772508610653444]",117,-1
587,[0.21311171 0.54555236],5,45,"[0.18958709402210344, 0.5831400503639066]",117,-1
588,[0.32605509 0.59343879],5,7,"[0.3567953152728649, 0.610864568428335]",117,-1
589,[0.25082941 0.54993957],5,17,"[0.25907980690829885, 0.5772508610653444]",117,82
590,[0.25798798 0.59224856],5,17,"[0.25907980690829885, 0.5772508610653444]",117,79
591,[0.26399513 0.60398163],5,17,"[0.25907980690829885, 0.5772508610653444]",117,-1
592,[0.23544995 0.54525546],5,17,"[0.25907980690829885, 0.5772508610653444]",117,-1
593,[0.23510771 0.47343647],5,32,"[0.2628401192296225, 0.49392472915708574]",114,-1
594,[0.20360865 0.55049146],5,45,"[0.18958709402210344, 0.5831400503639066]",117,-1
595,[0.22949859 0.47212877],5,37,"[0.19793393907464019, 0.48816130273889874]",114,81
596,[0.24769982 0.58059517],5,17,"[0.25907980690829885, 0.5772508610653444]",-1,-1
597,[0.24789969 0.55397475],5,17,"[0.25907980690829885, 0.5772508610653444]",117,82
598,[0.28088193 0.60586836],5,17,"[0.25907980690829885, 0.5772508610653444]",117,-1
599,[0.23721199 0.55297922],5,17,"[0.25907980690829885, 0.5772508610653444]",117,82
600,[0.53903528 0.74459526],6,35,"[0.5368175380560374, 0.7057468765352064]",87,17
601,[0.51982222 0.71421868],6,35,"[0.5368175380560374, 0.7057468765352064]",87,17
602,[0.56560756 0.69618261],6,35,"[0.5368175380560374, 0.7057468765352064]",117,57
603,[0.4440231  0.73782041],6,20,"[0.4431801719912439, 0.7668078343201206]",117,-1
604,[0.52112323 0.68574263],6,35,"[0.5368175380560374, 0.7057468765352064]",117,-1
605,[0.52678427 0.7160378 ],6,35,"[0.5368175380560374, 0.7057468765352064]",87,-1
606,[0.56604264 0.65595564],6,10,"[0.5824848627859263, 0.649655537749642]",117,-1
607,[0.55430793 0.69315827],6,35,"[0.5368175380560374, 0.7057468765352064]",117,-1
608,[0.5992342  0.65945617],6,10,"[0.5824848627859263, 0.649655537749642]",117,58
609,[0.57209496 0.6713638 ],6,10,"[0.5824848627859263, 0.649655537749642]",117,57
610,[0.47253692 0.73292282],6,21,"[0.4609870817439305, 0.702274209592598]",-1,-1
611,[0.52937157 0.69619509],6,35,"[0.5368175380560374, 0.7057468765352064]",117,-1
612,[0.50636034 0.69884311],6,35,"[0.5368175380560374, 0.7057468765352064]",-1,-1
613,[0.49015923 0.70422334],6,21,"[0.4609870817439305, 0.702274209592598]",117,-1
614,[0.55311491 0.74002911],6,35,"[0.5368175380560374, 0.7057468765352064]",-1,17
615,[0.51116107 0.69967016],6,35,"[0.5368175380560374, 0.7057468765352064]",-1,-1
616,[0.53434136 0.73211866],6,35,"[0.5368175380560374, 0.7057468765352064]",87,17
617,[0.62343036 0.6858719 ],6,26,"[0.6720960040209921, 0.6796090225497248]",117,50
618,[0.55216659 0.8282163 ],6,66,"[0.573574952246955, 0.8174270490620612]",3,0
619,[0.59745134 0.79779449],6,66,"[0.573574952246955, 0.8174270490620612]",-1,-1
620,[0.51658066 0.66460211],6,35,"[0.5368175380560374, 0.7057468765352064]",117,51
621,[0.47787429 0.68619851],6,21,"[0.4609870817439305, 0.702274209592598]",-1,-1
622,[0.49311567 0.69424011],6,21,"[0.4609870817439305, 0.702274209592598]",117,-1
623,[0.54811001 0.72779946],6,35,"[0.5368175380560374, 0.7057468765352064]",87,17
624,[0.49729008 0.7266013 ],6,21,"[0.4609870817439305, 0.702274209592598]",117,-1
625,[0.53654025 0.69303474],6,35,"[0.5368175380560374, 0.7057468765352064]",117,-1
626,[0.55869705 0.68860673],6,35,"[0.5368175380560374, 0.7057468765352064]",117,57
627,[0.5575843  0.63682303],6,10,"[0.5824848627859263, 0.649655537749642]",117,-1
628,[0.59318669 0.77472292],6,66,"[0.573574952246955, 0.8174270490620612]",-1,-1
629,[0.5694864 0.622348 ],6,10,"[0.5824848627859263, 0.649655537749642]",117,-1
630,[0.56283051 0.67706762],6,10,"[0.5824848627859263, 0.649655537749642]",117,57
631,[0.48207579 0.72998017],6,21,"[0.4609870817439305, 0.702274209592598]",-1,-1
632,[0.58375348 0.70504878],6,35,"[0.5368175380560374, 0.7057468765352064]",117,-1
633,[0.59591112 0.81369873],6,66,"[0.573574952246955, 0.8174270490620612]",-1,-1
634,[0.55994267 0.68631424],6,35,"[0.5368175380560374, 0.7057468765352064]",117,57
635,[0.49977763 0.77873567],6,20,"[0.4431801719912439, 0.7668078343201206]",-1,-1
636,[0.55772928 0.64100973],6,10,"[0.5824848627859263, 0.649655537749642]",117,-1
637,[0.53741872 0.75253444],6,35,"[0.5368175380560374, 0.7057468765352064]",-1,-1
638,[0.537608   0.73398794],6,35,"[0.5368175380560374, 0.7057468765352064]",87,17
639,[0.56618952 0.73906807],6,35,"[0.5368175380560374, 0.7057468765352064]",-1,-1
640,[0.47599076 0.74551974],6,20,"[0.4431801719912439, 0.7668078343201206]",-1,-1
641,[0.43911828 0.78202029],6,20,"[0.4431801719912439, 0.7668078343201206]",117,-1
642,[0.5481627  0.78865239],6,66,"[0.573574952246955, 0.8174270490620612]",-1,-1
643,[0.49989438 0.74123935],6,35,"[0.5368175380560374, 0.7057468765352064]",-1,-1
644,[0.52321084 0.69129403],6,35,"[0.5368175380560374, 0.7057468765352064]",117,-1
645,[0.54547223 0.72329292],6,35,"[0.5368175380560374, 0.7057468765352064]",87,17
646,[0.45262368 0.72025015],6,21,"[0.4609870817439305, 0.702274209592598]",117,-1
647,[0.46790858 0.70943986],6,21,"[0.4609870817439305, 0.702274209592598]",117,90
648,[0.5042854  0.73670608],6,35,"[0.5368175380560374, 0.7057468765352064]",-1,-1
649,[0.42437173 0.68811488],6,36,"[0.3984729155032823, 0.6728808968441772]",117,-1
650,[0.60410071 0.67841755],6,10,"[0.5824848627859263, 0.649655537749642]",117,-1
651,[0.46035132 0.7350853 ],6,21,"[0.4609870817439305, 0.702274209592598]",117,-1
652,[0.55877073 0.82014401],6,66,"[0.573574952246955, 0.8174270490620612]",3,0
653,[0.47065003 0.70559319],6,21,"[0.4609870817439305, 0.702274209592598]",117,90
654,[0.46893202 0.76218509],6,20,"[0.4431801719912439, 0.7668078343201206]",117,-1
655,[0.44350674 0.67796921],6,21,"[0.4609870817439305, 0.702274209592598]",117,-1
656,[0.54826135 0.67122725],6,35,"[0.5368175380560374, 0.7057468765352064]",117,-1
657,[0.46229867 0.66757943],6,21,"[0.4609870817439305, 0.702274209592598]",117,-1
658,[0.54694174 0.66134574],6,10,"[0.5824848627859263, 0.649655537749642]",117,57
659,[0.49667542 0.70636063],6,21,"[0.4609870817439305, 0.702274209592598]",117,-1
660,[0.51467664 0.69023285],6,35,"[0.5368175380560374, 0.7057468765352064]",117,-1
661,[0.64193902 0.68443016],6,26,"[0.6720960040209921, 0.6796090225497248]",117,-1
662,[0.49250654 0.66836627],6,21,"[0.4609870817439305, 0.702274209592598]",117,-1
663,[0.49340891 0.68959438],6,21,"[0.4609870817439305, 0.702274209592598]",117,-1
664,[0.50169096 0.75198067],6,35,"[0.5368175380560374, 0.7057468765352064]",43,-1
665,[0.56829172 0.66575118],6,10,"[0.5824848627859263, 0.649655537749642]",117,57
666,[0.55014988 0.69710611],6,35,"[0.5368175380560374, 0.7057468765352064]",117,-1
667,[0.59718742 0.735514  ],6,33,"[0.6312009655286229, 0.7427811490324232]",-1,-1
668,[0.51121799 0.6596086 ],6,35,"[0.5368175380560374, 0.7057468765352064]",117,51
669,[0.54049208 0.8035231 ],6,66,"[0.573574952246955, 0.8174270490620612]",3,-1
670,[0.50345647 0.72082267],6,35,"[0.5368175380560374, 0.7057468765352064]",117,-1
671,[0.53372844 0.73006619],6,35,"[0.5368175380560374, 0.7057468765352064]",87,17
672,[0.48041319 0.69827641],6,21,"[0.4609870817439305, 0.702274209592598]",-1,-1
673,[0.42241889 0.75368414],6,20,"[0.4431801719912439, 0.7668078343201206]",117,-1
674,[0.54463116 0.73156847],6,35,"[0.5368175380560374, 0.7057468765352064]",87,17
675,[0.53893327 0.73166377],6,35,"[0.5368175380560374, 0.7057468765352064]",87,17
676,[0.49193027 0.7320837 ],6,21,"[0.4609870817439305, 0.702274209592598]",-1,-1
677,[0.52692996 0.74918982],6,35,"[0.5368175380560374, 0.7057468765352064]",-1,-1
678,[0.58030787 0.6915008 ],6,10,"[0.5824848627859263, 0.649655537749642]",-1,-1
679,[0.54073446 0.70697272],6,35,"[0.5368175380560374, 0.7057468765352064]",-1,-1
680,[0.54757512 0.65514215],6,10,"[0.5824848627859263, 0.649655537749642]",117,57
681,[0.52032643 0.65738145],6,35,"[0.5368175380560374, 0.7057468765352064]",117,51
682,[0.63763267 0.6809593 ],6,26,"[0.6720960040209921, 0.6796090225497248]",117,50
683,[0.49301166 0.69457113],6,21,"[0.4609870817439305, 0.702274209592598]",117,-1
684,[0.5024293  0.71168784],6,35,"[0.5368175380560374, 0.7057468765352064]",117,-1
685,[0.54773955 0.66836403],6,35,"[0.5368175380560374, 0.7057468765352064]",117,57
686,[0.42659753 0.63127244],6,23,"[0.42263643503799797, 0.6161205416303672]",117,99
687,[0.54895494 0.66308294],6,10,"[0.5824848627859263, 0.649655537749642]",117,57
688,[0.46436637 0.70143504],6,21,"[0.4609870817439305, 0.702274209592598]",117,90
689,[0.44284804 0.76672626],6,20,"[0.4431801719912439, 0.7668078343201206]",117,-1
690,[0.53306138 0.69590339],6,35,"[0.5368175380560374, 0.7057468765352064]",-1,-1
691,[0.50840035 0.6359735 ],6,15,"[0.5005882845969348, 0.6071157673844066]",117,-1
692,[0.51901165 0.75438398],6,35,"[0.5368175380560374, 0.7057468765352064]",-1,-1
693,[0.56666498 0.69549706],6,35,"[0.5368175380560374, 0.7057468765352064]",117,57
694,[0.51711757 0.7340772 ],6,35,"[0.5368175380560374, 0.7057468765352064]",-1,-1
695,[0.53922279 0.65889939],6,10,"[0.5824848627859263, 0.649655537749642]",117,-1
696,[0.50163753 0.77214844],6,20,"[0.4431801719912439, 0.7668078343201206]",43,-1
697,[0.50091615 0.63006526],6,15,"[0.5005882845969348, 0.6071157673844066]",117,-1
698,[0.46613339 0.69630926],6,21,"[0.4609870817439305, 0.702274209592598]",117,-1
699,[0.46198473 0.68116765],6,21,"[0.4609870817439305, 0.702274209592598]",117,-1
700,[0.88600983 0.21301693],7,79,"[0.8691904963226184, 0.23236833961723288]",-1,-1
701,[0.830628   0.22488307],7,56,"[0.8000851730897747, 0.22264930918313394]",58,-1
702,[0.85434588 0.23180831],7,79,"[0.8691904963226184, 0.23236833961723288]",58,-1
703,[0.84148981 0.16608528],7,48,"[0.8327494151670138, 0.1520155008234301]",56,-1
704,[0.85680645 0.19017384],7,79,"[0.8691904963226184, 0.23236833961723288]",-1,-1
705,[0.85155787 0.14938004],7,48,"[0.8327494151670138, 0.1520155008234301]",-1,-1
706,[0.81961008 0.16450911],7,48,"[0.8327494151670138, 0.1520155008234301]",56,6
707,[0.85744088 0.2320407 ],7,79,"[0.8691904963226184, 0.23236833961723288]",-1,-1
708,[0.82611292 0.23897085],7,56,"[0.8000851730897747, 0.22264930918313394]",58,9
709,[0.80519437 0.31166668],7,22,"[0.805104436152594, 0.30588484878908717]",97,32
710,[0.79507442 0.23021729],7,56,"[0.8000851730897747, 0.22264930918313394]",58,-1
711,[0.77867875 0.1968899 ],7,56,"[0.8000851730897747, 0.22264930918313394]",59,-1
712,[0.8937435  0.15696678],7,48,"[0.8327494151670138, 0.1520155008234301]",-1,-1
713,[0.78076924 0.22799742],7,56,"[0.8000851730897747, 0.22264930918313394]",60,8
714,[0.78201615 0.2212307 ],7,56,"[0.8000851730897747, 0.22264930918313394]",60,8
715,[0.85966125 0.22141873],7,79,"[0.8691904963226184, 0.23236833961723288]",-1,-1
716,[0.82117733 0.23865554],7,56,"[0.8000851730897747, 0.22264930918313394]",58,9
717,[0.84136593 0.18580585],7,48,"[0.8327494151670138, 0.1520155008234301]",56,6
718,[0.81092288 0.16105044],7,48,"[0.8327494151670138, 0.1520155008234301]",56,6
719,[0.91052787 0.25958256],7,79,"[0.8691904963226184, 0.23236833961723288]",-1,-1
720,[0.819417   0.15628469],7,48,"[0.8327494151670138, 0.1520155008234301]",56,6
721,[0.83351228 0.21574255],7,56,"[0.8000851730897747, 0.22264930918313394]",-1,-1
722,[0.9141524  0.20605514],7,79,"[0.8691904963226184, 0.23236833961723288]",-1,-1
723,[0.80944164 0.20064957],7,56,"[0.8000851730897747, 0.22264930918313394]",-1,-1
724,[0.81813705 0.20382253],7,56,"[0.8000851730897747, 0.22264930918313394]",53,6
725,[0.84074321 0.21566291],7,79,"[0.8691904963226184, 0.23236833961723288]",-1,-1
726,[0.85727996 0.25261539],7,79,"[0.8691904963226184, 0.23236833961723288]",-1,-1
727,[0.8157229  0.21097619],7,56,"[0.8000851730897747, 0.22264930918313394]",53,-1
728,[0.84987227 0.0952071 ],7,48,"[0.8327494151670138, 0.1520155008234301]",-1,-1
729,[0.82630127 0.25245914],7,56,"[0.8000851730897747, 0.22264930918313394]",-1,-1
730,[0.8226763  0.25183616],7,56,"[0.8000851730897747, 0.22264930918313394]",-1,-1
731,[0.83096243 0.19456131],7,56,"[0.8000851730897747, 0.22264930918313394]",56,6
732,[0.77172689 0.23700316],7,56,"[0.8000851730897747, 0.22264930918313394]",-1,-1
733,[0.80518206 0.22522929],7,56,"[0.8000851730897747, 0.22264930918313394]",-1,-1
734,[0.8239917  0.18967319],7,48,"[0.8327494151670138, 0.1520155008234301]",-1,-1
735,[0.87246846 0.23642247],7,79,"[0.8691904963226184, 0.23236833961723288]",-1,-1
736,[0.87831117 0.20009049],7,79,"[0.8691904963226184, 0.23236833961723288]",-1,-1
737,[0.87756666 0.1776716 ],7,48,"[0.8327494151670138, 0.1520155008234301]",-1,-1
738,[0.91101529 0.16756936],7,-1,-1,-1,-1
739,[0.80292658 0.24627533],7,56,"[0.8000851730897747, 0.22264930918313394]",-1,-1
740,[0.89446127 0.23393757],7,79,"[0.8691904963226184, 0.23236833961723288]",-1,-1
741,[0.83457765 0.18542907],7,48,"[0.8327494151670138, 0.1520155008234301]",56,6
742,[0.81042822 0.32453096],7,22,"[0.805104436152594, 0.30588484878908717]",97,32
743,[0.80913199 0.26514877],7,22,"[0.805104436152594, 0.30588484878908717]",-1,-1
744,[0.83515629 0.23270827],7,79,"[0.8691904963226184, 0.23236833961723288]",58,9
745,[0.79170387 0.159989  ],7,48,"[0.8327494151670138, 0.1520155008234301]",56,6
746,[0.85971571 0.23720737],7,79,"[0.8691904963226184, 0.23236833961723288]",-1,-1
747,[0.82728895 0.16223779],7,48,"[0.8327494151670138, 0.1520155008234301]",56,6
748,[0.84062658 0.26774771],7,79,"[0.8691904963226184, 0.23236833961723288]",-1,-1
749,[0.7763923  0.21491505],7,56,"[0.8000851730897747, 0.22264930918313394]",60,8
750,[0.84976148 0.22502154],7,79,"[0.8691904963226184, 0.23236833961723288]",-1,-1
751,[0.82500884 0.16726332],7,48,"[0.8327494151670138, 0.1520155008234301]",56,6
752,[0.85496658 0.31813901],7,51,"[0.8936687523122694, 0.3204806601756303]",97,-1
753,[0.83820724 0.20189581],7,56,"[0.8000851730897747, 0.22264930918313394]",56,6
754,[0.86471168 0.1603532 ],7,48,"[0.8327494151670138, 0.1520155008234301]",-1,-1
755,[0.8214068  0.27617899],7,22,"[0.805104436152594, 0.30588484878908717]",-1,-1
756,[0.85354359 0.21307949],7,79,"[0.8691904963226184, 0.23236833961723288]",-1,-1
757,[0.80632663 0.22087107],7,56,"[0.8000851730897747, 0.22264930918313394]",-1,-1
758,[0.75047762 0.18098969],7,57,"[0.7474414948084767, 0.18011984494893613]",-1,-1
759,[0.87359286 0.24128028],7,79,"[0.8691904963226184, 0.23236833961723288]",-1,-1
760,[0.83124537 0.1906181 ],7,48,"[0.8327494151670138, 0.1520155008234301]",56,6
761,[0.81305674 0.23686933],7,56,"[0.8000851730897747, 0.22264930918313394]",58,-1
762,[0.90214532 0.22001913],7,79,"[0.8691904963226184, 0.23236833961723288]",-1,-1
763,[0.8132932  0.16174402],7,48,"[0.8327494151670138, 0.1520155008234301]",56,6
764,[0.80040216 0.20928778],7,56,"[0.8000851730897747, 0.22264930918313394]",-1,-1
765,[0.84812838 0.19840605],7,79,"[0.8691904963226184, 0.23236833961723288]",56,6
766,[0.86346503 0.22976264],7,79,"[0.8691904963226184, 0.23236833961723288]",-1,-1
767,[0.81106645 0.20786951],7,56,"[0.8000851730897747, 0.22264930918313394]",53,-1
768,[0.84583751 0.16534736],7,48,"[0.8327494151670138, 0.1520155008234301]",-1,-1
769,[0.85954005 0.24703209],7,79,"[0.8691904963226184, 0.23236833961723288]",-1,-1
770,[0.77556068 0.19990847],7,56,"[0.8000851730897747, 0.22264930918313394]",59,-1
771,[0.84572348 0.23112614],7,79,"[0.8691904963226184, 0.23236833961723288]",58,-1
772,[0.77840539 0.30339384],7,22,"[0.805104436152594, 0.30588484878908717]",97,36
773,[0.84835515 0.2123856 ],7,79,"[0.8691904963226184, 0.23236833961723288]",-1,-1
774,[0.81947404 0.24851793],7,56,"[0.8000851730897747, 0.22264930918313394]",-1,-1
775,[0.84523756 0.23882019],7,79,"[0.8691904963226184, 0.23236833961723288]",-1,-1
776,[0.77255639 0.23892368],7,56,"[0.8000851730897747, 0.22264930918313394]",-1,-1
777,[0.81831365 0.21030361],7,56,"[0.8000851730897747, 0.22264930918313394]",53,-1
778,[0.81481964 0.14812996],7,48,"[0.8327494151670138, 0.1520155008234301]",56,6
779,[0.82484041 0.17165712],7,48,"[0.8327494151670138, 0.1520155008234301]",56,-1
780,[0.81107791 0.23493012],7,56,"[0.8000851730897747, 0.22264930918313394]",-1,9
781,[0.77753724 0.16381949],7,57,"[0.7474414948084767, 0.18011984494893613]",-1,6
782,[0.77788514 0.2259491 ],7,56,"[0.8000851730897747, 0.22264930918313394]",60,8
783,[0.81126756 0.15767258],7,48,"[0.8327494151670138, 0.1520155008234301]",56,6
784,[0.86441653 0.2855414 ],7,51,"[0.8936687523122694, 0.3204806601756303]",-1,-1
785,[0.83589398 0.23257273],7,79,"[0.8691904963226184, 0.23236833961723288]",58,9
786,[0.84645235 0.26846439],7,79,"[0.8691904963226184, 0.23236833961723288]",-1,-1
787,[0.73507481 0.18312905],7,57,"[0.7474414948084767, 0.18011984494893613]",-1,-1
788,[0.81785022 0.20975226],7,56,"[0.8000851730897747, 0.22264930918313394]",53,-1
789,[0.86841079 0.18515768],7,79,"[0.8691904963226184, 0.23236833961723288]",-1,-1
790,[0.81233754 0.29412704],7,22,"[0.805104436152594, 0.30588484878908717]",69,-1
791,[0.83838085 0.18319688],7,48,"[0.8327494151670138, 0.1520155008234301]",56,6
792,[0.82688841 0.1518971 ],7,48,"[0.8327494151670138, 0.1520155008234301]",56,6
793,[0.87779026 0.12584781],7,48,"[0.8327494151670138, 0.1520155008234301]",-1,-1
794,[0.85083822 0.25514559],7,79,"[0.8691904963226184, 0.23236833961723288]",-1,-1
795,[0.85643535 0.21816789],7,79,"[0.8691904963226184, 0.23236833961723288]",-1,-1
796,[0.83384195 0.27112124],7,22,"[0.805104436152594, 0.30588484878908717]",-1,-1
797,[0.81450038 0.26621114],7,22,"[0.805104436152594, 0.30588484878908717]",-1,-1
798,[0.84942517 0.16065972],7,48,"[0.8327494151670138, 0.1520155008234301]",-1,-1
799,[0.80640962 0.23319404],7,56,"[0.8000851730897747, 0.22264930918313394]",58,9
800,[0.26815247 0.84458158],8,6,"[0.2864937659294625, 0.8061319185734634]",117,43
801,[0.33854239 0.87571545],8,53,"[0.3257402588795542, 0.8780579715353399]",-1,11
802,[0.26680041 0.88030156],8,97,"[0.2436419246457856, 0.9257976702853096]",-1,-1
803,[0.31741533 0.88617279],8,53,"[0.3257402588795542, 0.8780579715353399]",62,11
804,[0.315471 0.857165],8,53,"[0.3257402588795542, 0.8780579715353399]",70,-1
805,[0.293251   0.85968405],8,53,"[0.3257402588795542, 0.8780579715353399]",117,-1
806,[0.34312322 0.8992067 ],8,53,"[0.3257402588795542, 0.8780579715353399]",-1,-1
807,[0.32120435 0.81980646],8,6,"[0.2864937659294625, 0.8061319185734634]",117,-1
808,[0.20100702 0.89068339],8,2,"[0.18872072314872831, 0.8525011569850129]",-1,-1
809,[0.28771769 0.85604659],8,53,"[0.3257402588795542, 0.8780579715353399]",117,-1
810,[0.22735957 0.86758996],8,2,"[0.18872072314872831, 0.8525011569850129]",117,43
811,[0.35279171 0.92483903],8,53,"[0.3257402588795542, 0.8780579715353399]",-1,-1
812,[0.30712019 0.93646149],8,53,"[0.3257402588795542, 0.8780579715353399]",0,-1
813,[0.31302761 0.83169018],8,6,"[0.2864937659294625, 0.8061319185734634]",-1,-1
814,[0.30438096 0.80436416],8,6,"[0.2864937659294625, 0.8061319185734634]",117,95
815,[0.23456971 0.90366902],8,97,"[0.2436419246457856, 0.9257976702853096]",-1,-1
816,[0.29598499 0.9432206 ],8,97,"[0.2436419246457856, 0.9257976702853096]",0,-1
817,[0.20210017 0.88348479],8,2,"[0.18872072314872831, 0.8525011569850129]",117,-1
818,[0.3404061 0.8878964],8,53,"[0.3257402588795542, 0.8780579715353399]",62,11
819,[0.22993635 0.87744149],8,2,"[0.18872072314872831, 0.8525011569850129]",-1,-1
820,[0.34295834 0.89827293],8,53,"[0.3257402588795542, 0.8780579715353399]",-1,-1
821,[0.29914621 0.88957975],8,53,"[0.3257402588795542, 0.8780579715353399]",62,11
822,[0.32582277 0.88918811],8,53,"[0.3257402588795542, 0.8780579715353399]",62,11
823,[0.25953329 0.86309318],8,6,"[0.2864937659294625, 0.8061319185734634]",117,-1
824,[0.29570656 0.87222561],8,53,"[0.3257402588795542, 0.8780579715353399]",-1,-1
825,[0.30778216 0.8852877 ],8,53,"[0.3257402588795542, 0.8780579715353399]",62,11
826,[0.2785949 0.8306012],8,6,"[0.2864937659294625, 0.8061319185734634]",-1,-1
827,[0.25203293 0.80206542],8,6,"[0.2864937659294625, 0.8061319185734634]",117,-1
828,[0.27540558 0.84936247],8,6,"[0.2864937659294625, 0.8061319185734634]",117,43
829,[0.24395292 0.82675875],8,6,"[0.2864937659294625, 0.8061319185734634]",117,-1
830,[0.25784549 0.88778249],8,97,"[0.2436419246457856, 0.9257976702853096]",-1,-1
831,[0.28234457 0.95240639],8,97,"[0.2436419246457856, 0.9257976702853096]",-1,-1
832,[0.27880786 0.78321265],8,6,"[0.2864937659294625, 0.8061319185734634]",117,98
833,[0.28623014 0.83125818],8,6,"[0.2864937659294625, 0.8061319185734634]",117,-1
834,[0.3255789  0.90565469],8,53,"[0.3257402588795542, 0.8780579715353399]",-1,-1
835,[0.2399291  0.86745287],8,2,"[0.18872072314872831, 0.8525011569850129]",-1,43
836,[0.22415272 0.88049482],8,2,"[0.18872072314872831, 0.8525011569850129]",-1,-1
837,[0.26721253 0.85107314],8,6,"[0.2864937659294625, 0.8061319185734634]",117,43
838,[0.2645133  0.92923887],8,97,"[0.2436419246457856, 0.9257976702853096]",-1,-1
839,[0.29345937 0.89361967],8,53,"[0.3257402588795542, 0.8780579715353399]",62,11
840,[0.30208616 0.85937591],8,53,"[0.3257402588795542, 0.8780579715353399]",-1,-1
841,[0.33017439 0.88558744],8,53,"[0.3257402588795542, 0.8780579715353399]",62,11
842,[0.30317403 0.85066778],8,53,"[0.3257402588795542, 0.8780579715353399]",-1,-1
843,[0.21106494 0.83111009],8,2,"[0.18872072314872831, 0.8525011569850129]",117,47
844,[0.29313252 0.92722385],8,97,"[0.2436419246457856, 0.9257976702853096]",0,-1
845,[0.25876845 0.86275599],8,6,"[0.2864937659294625, 0.8061319185734634]",117,-1
846,[0.29607399 0.84439657],8,6,"[0.2864937659294625, 0.8061319185734634]",-1,-1
847,[0.19737423 0.82369681],8,2,"[0.18872072314872831, 0.8525011569850129]",117,-1
848,[0.31322953 0.88634726],8,53,"[0.3257402588795542, 0.8780579715353399]",62,11
849,[0.3060906  0.84338685],8,53,"[0.3257402588795542, 0.8780579715353399]",117,-1
850,[0.32205169 0.82448993],8,6,"[0.2864937659294625, 0.8061319185734634]",117,-1
851,[0.24457989 0.86964973],8,97,"[0.2436419246457856, 0.9257976702853096]",-1,-1
852,[0.28013684 0.89287973],8,53,"[0.3257402588795542, 0.8780579715353399]",-1,-1
853,[0.21884723 0.83189629],8,2,"[0.18872072314872831, 0.8525011569850129]",117,47
854,[0.34855139 0.92149626],8,53,"[0.3257402588795542, 0.8780579715353399]",-1,-1
855,[0.31823273 0.89530797],8,53,"[0.3257402588795542, 0.8780579715353399]",62,-1
856,[0.2201505  0.93765837],8,97,"[0.2436419246457856, 0.9257976702853096]",-1,-1
857,[0.32309694 0.85445912],8,53,"[0.3257402588795542, 0.8780579715353399]",70,-1
858,[0.2358917  0.85820495],8,2,"[0.18872072314872831, 0.8525011569850129]",-1,43
859,[0.33058793 0.87483179],8,53,"[0.3257402588795542, 0.8780579715353399]",62,11
860,[0.25863859 0.83078308],8,6,"[0.2864937659294625, 0.8061319185734634]",-1,-1
861,[0.32796795 0.88506663],8,53,"[0.3257402588795542, 0.8780579715353399]",62,11
862,[0.28536769 0.78786245],8,6,"[0.2864937659294625, 0.8061319185734634]",117,98
863,[0.30690044 0.93696688],8,53,"[0.3257402588795542, 0.8780579715353399]",0,-1
864,[0.29868337 0.87278571],8,53,"[0.3257402588795542, 0.8780579715353399]",62,11
865,[0.27952707 0.85294482],8,6,"[0.2864937659294625, 0.8061319185734634]",117,43
866,[0.25545623 0.85783205],8,6,"[0.2864937659294625, 0.8061319185734634]",117,43
867,[0.27597499 0.81682239],8,6,"[0.2864937659294625, 0.8061319185734634]",117,95
868,[0.31521837 0.89351135],8,53,"[0.3257402588795542, 0.8780579715353399]",62,-1
869,[0.30906152 0.86328676],8,53,"[0.3257402588795542, 0.8780579715353399]",70,-1
870,[0.29385672 0.93862777],8,97,"[0.2436419246457856, 0.9257976702853096]",0,-1
871,[0.34492598 0.85333341],8,53,"[0.3257402588795542, 0.8780579715353399]",71,-1
872,[0.31435155 0.84299872],8,53,"[0.3257402588795542, 0.8780579715353399]",-1,-1
873,[0.33891904 0.81933143],8,18,"[0.37162219884005204, 0.7974050461709582]",117,-1
874,[0.29796459 0.89137873],8,53,"[0.3257402588795542, 0.8780579715353399]",62,11
875,[0.30327245 0.8045586 ],8,6,"[0.2864937659294625, 0.8061319185734634]",117,95
876,[0.35820211 0.90705032],8,53,"[0.3257402588795542, 0.8780579715353399]",-1,-1
877,[0.21740607 0.89100443],8,97,"[0.2436419246457856, 0.9257976702853096]",-1,-1
878,[0.33991832 0.86091894],8,53,"[0.3257402588795542, 0.8780579715353399]",71,-1
879,[0.36711464 0.92015822],8,53,"[0.3257402588795542, 0.8780579715353399]",-1,-1
880,[0.32566488 0.84248513],8,53,"[0.3257402588795542, 0.8780579715353399]",-1,-1
881,[0.3045     0.87133747],8,53,"[0.3257402588795542, 0.8780579715353399]",-1,11
882,[0.29121327 0.8929209 ],8,53,"[0.3257402588795542, 0.8780579715353399]",62,-1
883,[0.31786879 0.86294898],8,53,"[0.3257402588795542, 0.8780579715353399]",70,-1
884,[0.24964666 0.80907168],8,6,"[0.2864937659294625, 0.8061319185734634]",117,-1
885,[0.32920355 0.78771428],8,18,"[0.37162219884005204, 0.7974050461709582]",117,-1
886,[0.33786381 0.89738595],8,53,"[0.3257402588795542, 0.8780579715353399]",62,-1
887,[0.32369855 0.85860415],8,53,"[0.3257402588795542, 0.8780579715353399]",70,-1
888,[0.22506894 0.80278383],8,73,"[0.21710138381515529, 0.7733240653788879]",-1,-1
889,[0.28554238 0.79164395],8,6,"[0.2864937659294625, 0.8061319185734634]",117,-1
890,[0.26615287 0.92453619],8,97,"[0.2436419246457856, 0.9257976702853096]",-1,-1
891,[0.22870752 0.79470653],8,73,"[0.21710138381515529, 0.7733240653788879]",-1,-1
892,[0.34091338 0.8178201 ],8,18,"[0.37162219884005204, 0.7974050461709582]",117,95
893,[0.2301748 0.8265273],8,2,"[0.18872072314872831, 0.8525011569850129]",117,-1
894,[0.23911066 0.85744726],8,2,"[0.18872072314872831, 0.8525011569850129]",-1,-1
895,[0.28712751 0.89397557],8,53,"[0.3257402588795542, 0.8780579715353399]",62,-1
896,[0.32534551 0.8538342 ],8,53,"[0.3257402588795542, 0.8780579715353399]",-1,-1
897,[0.33854232 0.84998649],8,53,"[0.3257402588795542, 0.8780579715353399]",71,-1
898,[0.30531878 0.88630636],8,53,"[0.3257402588795542, 0.8780579715353399]",62,11
899,[0.33458735 0.88670662],8,53,"[0.3257402588795542, 0.8780579715353399]",62,11
900,[0.32907201 0.36118457],9,3,"[0.32011025026158857, 0.3826718810103493]",114,88
901,[0.34882187 0.2726439 ],9,31,"[0.3442046468432694, 0.303512725044185]",100,16
902,[0.40370767 0.36436088],9,13,"[0.39947133599624457, 0.3634561327160814]",-1,-1
903,[0.3644128  0.28614111],9,31,"[0.3442046468432694, 0.303512725044185]",114,-1
904,[0.35594246 0.38169655],9,3,"[0.32011025026158857, 0.3826718810103493]",114,93
905,[0.33161135 0.31237199],9,31,"[0.3442046468432694, 0.303512725044185]",114,-1
906,[0.36919304 0.30584076],9,31,"[0.3442046468432694, 0.303512725044185]",114,-1
907,[0.29150514 0.19264471],9,4,"[0.3328231275538315, 0.164647169186415]",-1,-1
908,[0.38470091 0.31927908],9,31,"[0.3442046468432694, 0.303512725044185]",114,-1
909,[0.2544933  0.29927572],9,5,"[0.25263933558285595, 0.3182434845400105]",114,-1
910,[0.25881349 0.23999278],9,30,"[0.2966359808455789, 0.2452350977488949]",114,-1
911,[0.33862839 0.2975213 ],9,31,"[0.3442046468432694, 0.303512725044185]",114,-1
912,[0.33153758 0.30942608],9,31,"[0.3442046468432694, 0.303512725044185]",114,-1
913,[0.30879884 0.39542967],9,3,"[0.32011025026158857, 0.3826718810103493]",114,94
914,[0.38259593 0.36104526],9,13,"[0.39947133599624457, 0.3634561327160814]",114,92
915,[0.33554014 0.24059118],9,30,"[0.2966359808455789, 0.2452350977488949]",-1,-1
916,[0.35549261 0.26829157],9,31,"[0.3442046468432694, 0.303512725044185]",100,16
917,[0.26532071 0.36624405],9,16,"[0.2555939088543306, 0.4149016525883056]",114,-1
918,[0.34924846 0.37955   ],9,3,"[0.32011025026158857, 0.3826718810103493]",114,93
919,[0.35139617 0.25775654],9,31,"[0.3442046468432694, 0.303512725044185]",100,16
920,[0.35377991 0.37858169],9,3,"[0.32011025026158857, 0.3826718810103493]",114,93
921,[0.2897445  0.35887528],9,3,"[0.32011025026158857, 0.3826718810103493]",114,94
922,[0.29116841 0.3592134 ],9,3,"[0.32011025026158857, 0.3826718810103493]",114,94
923,[0.36592512 0.30086913],9,31,"[0.3442046468432694, 0.303512725044185]",114,-1
924,[0.33017283 0.28714808],9,31,"[0.3442046468432694, 0.303512725044185]",-1,-1
925,[0.29042338 0.22336164],9,30,"[0.2966359808455789, 0.2452350977488949]",114,-1
926,[0.33239271 0.29953186],9,31,"[0.3442046468432694, 0.303512725044185]",114,-1
927,[0.37381472 0.32751412],9,31,"[0.3442046468432694, 0.303512725044185]",114,85
928,[0.26478509 0.28546685],9,5,"[0.25263933558285595, 0.3182434845400105]",114,94
929,[0.37648679 0.29689526],9,31,"[0.3442046468432694, 0.303512725044185]",114,-1
930,[0.34028044 0.37382433],9,3,"[0.32011025026158857, 0.3826718810103493]",114,-1
931,[0.29309813 0.347157  ],9,3,"[0.32011025026158857, 0.3826718810103493]",114,-1
932,[0.36312907 0.31992304],9,31,"[0.3442046468432694, 0.303512725044185]",114,-1
933,[0.30168948 0.35322296],9,3,"[0.32011025026158857, 0.3826718810103493]",114,94
934,[0.32520767 0.27597902],9,31,"[0.3442046468432694, 0.303512725044185]",-1,-1
935,[0.20026906 0.32921641],9,58,"[0.20200162677094644, 0.3700588211289526]",41,13
936,[0.32046651 0.27964506],9,31,"[0.3442046468432694, 0.303512725044185]",-1,-1
937,[0.23873758 0.34991401],9,5,"[0.25263933558285595, 0.3182434845400105]",114,84
938,[0.33951295 0.32862064],9,31,"[0.3442046468432694, 0.303512725044185]",114,-1
939,[0.29727164 0.33183766],9,5,"[0.25263933558285595, 0.3182434845400105]",114,94
940,[0.33927376 0.33771548],9,31,"[0.3442046468432694, 0.303512725044185]",114,-1
941,[0.28443236 0.3152118 ],9,5,"[0.25263933558285595, 0.3182434845400105]",114,-1
942,[0.33028344 0.38319999],9,3,"[0.32011025026158857, 0.3826718810103493]",114,94
943,[0.27088777 0.27896266],9,30,"[0.2966359808455789, 0.2452350977488949]",114,94
944,[0.39540013 0.3786634 ],9,13,"[0.39947133599624457, 0.3634561327160814]",114,-1
945,[0.22143698 0.25766075],9,38,"[0.21237696572363113, 0.23587686359823726]",114,54
946,[0.32321453 0.3378136 ],9,31,"[0.3442046468432694, 0.303512725044185]",114,88
947,[0.27693499 0.29624301],9,5,"[0.25263933558285595, 0.3182434845400105]",114,94
948,[0.33232885 0.32267348],9,31,"[0.3442046468432694, 0.303512725044185]",114,87
949,[0.26183327 0.30967882],9,5,"[0.25263933558285595, 0.3182434845400105]",114,94
950,[0.36327629 0.28372453],9,31,"[0.3442046468432694, 0.303512725044185]",114,-1
951,[0.27718216 0.26103751],9,30,"[0.2966359808455789, 0.2452350977488949]",-1,-1
952,[0.44107889 0.3423645 ],9,13,"[0.39947133599624457, 0.3634561327160814]",-1,-1
953,[0.34467256 0.29951846],9,31,"[0.3442046468432694, 0.303512725044185]",114,-1
954,[0.33332973 0.24820454],9,30,"[0.2966359808455789, 0.2452350977488949]",-1,-1
955,[0.32162652 0.30541345],9,31,"[0.3442046468432694, 0.303512725044185]",114,87
956,[0.30489422 0.25817252],9,30,"[0.2966359808455789, 0.2452350977488949]",114,-1
957,[0.32556622 0.42018321],9,3,"[0.32011025026158857, 0.3826718810103493]",114,-1
958,[0.37148749 0.19678945],9,19,"[0.4108955753998655, 0.21032591711406007]",106,-1
959,[0.30073199 0.36150497],9,3,"[0.32011025026158857, 0.3826718810103493]",114,94
960,[0.26962235 0.43108689],9,16,"[0.2555939088543306, 0.4149016525883056]",114,-1
961,[0.31442032 0.3714407 ],9,3,"[0.32011025026158857, 0.3826718810103493]",114,-1
962,[0.31005845 0.27498752],9,30,"[0.2966359808455789, 0.2452350977488949]",114,-1
963,[0.41490036 0.31887844],9,13,"[0.39947133599624457, 0.3634561327160814]",114,-1
964,[0.33122765 0.32654335],9,31,"[0.3442046468432694, 0.303512725044185]",114,-1
965,[0.2641384 0.3167361],9,5,"[0.25263933558285595, 0.3182434845400105]",114,94
966,[0.42009633 0.30144891],9,13,"[0.39947133599624457, 0.3634561327160814]",-1,-1
967,[0.2948439  0.29905793],9,5,"[0.25263933558285595, 0.3182434845400105]",-1,-1
968,[0.22956182 0.33516174],9,5,"[0.25263933558285595, 0.3182434845400105]",114,94
969,[0.38967302 0.30071518],9,31,"[0.3442046468432694, 0.303512725044185]",-1,-1
970,[0.32381245 0.32210917],9,31,"[0.3442046468432694, 0.303512725044185]",114,87
971,[0.30991728 0.35907353],9,3,"[0.32011025026158857, 0.3826718810103493]",114,94
972,[0.31757974 0.33514757],9,31,"[0.3442046468432694, 0.303512725044185]",114,-1
973,[0.32954579 0.29737358],9,31,"[0.3442046468432694, 0.303512725044185]",114,-1
974,[0.25409807 0.37680541],9,16,"[0.2555939088543306, 0.4149016525883056]",114,84
975,[0.26837609 0.26637134],9,30,"[0.2966359808455789, 0.2452350977488949]",114,-1
976,[0.37799472 0.32338061],9,31,"[0.3442046468432694, 0.303512725044185]",114,-1
977,[0.36752729 0.35342453],9,13,"[0.39947133599624457, 0.3634561327160814]",114,92
978,[0.38390224 0.29827248],9,31,"[0.3442046468432694, 0.303512725044185]",-1,-1
979,[0.42850184 0.39010002],9,13,"[0.39947133599624457, 0.3634561327160814]",114,71
980,[0.31689367 0.24751058],9,30,"[0.2966359808455789, 0.2452350977488949]",114,-1
981,[0.35360918 0.2839162 ],9,31,"[0.3442046468432694, 0.303512725044185]",-1,-1
982,[0.32786819 0.390724  ],9,3,"[0.32011025026158857, 0.3826718810103493]",114,94
983,[0.27768513 0.30615985],9,5,"[0.25263933558285595, 0.3182434845400105]",114,94
984,[0.36023105 0.33926319],9,31,"[0.3442046468432694, 0.303512725044185]",114,-1
985,[0.31564238 0.3200109 ],9,31,"[0.3442046468432694, 0.303512725044185]",114,87
986,[0.35577177 0.28900059],9,31,"[0.3442046468432694, 0.303512725044185]",114,-1
987,[0.39446198 0.37071804],9,13,"[0.39947133599624457, 0.3634561327160814]",114,-1
988,[0.28456484 0.33330232],9,5,"[0.25263933558285595, 0.3182434845400105]",114,-1
989,[0.37201998 0.29864628],9,31,"[0.3442046468432694, 0.303512725044185]",114,-1
990,[0.36108833 0.31356015],9,31,"[0.3442046468432694, 0.303512725044185]",114,-1
991,[0.35851958 0.31442777],9,31,"[0.3442046468432694, 0.303512725044185]",114,-1
992,[0.36860638 0.32141938],9,31,"[0.3442046468432694, 0.303512725044185]",114,85
993,[0.25141124 0.34070964],9,5,"[0.25263933558285595, 0.3182434845400105]",114,-1
994,[0.34451133 0.31358689],9,31,"[0.3442046468432694, 0.303512725044185]",-1,-1
995,[0.26521807 0.31328202],9,5,"[0.25263933558285595, 0.3182434845400105]",114,-1
996,[0.22927137 0.2909726 ],9,5,"[0.25263933558285595, 0.3182434845400105]",114,-1
997,[0.29573452 0.3735195 ],9,3,"[0.32011025026158857, 0.3826718810103493]",114,94
998,[0.42656713 0.41664309],9,46,"[0.4417948344818715, 0.4376736545727672]",-1,-1
999,[0.29913779 0.38627963],9,3,"[0.32011025026158857, 0.3826718810103493]",114,94
1000,[0.57169285 0.60036219],10,10,"[0.5824848627859263, 0.649655537749642]",-1,-1
1001,[0.61247956 0.6423671 ],10,10,"[0.5824848627859263, 0.649655537749642]",-1,-1
1002,[0.61334768 0.74331636],10,33,"[0.6312009655286229, 0.7427811490324232]",-1,-1
1003,[0.6185434  0.75439656],10,33,"[0.6312009655286229, 0.7427811490324232]",-1,-1
1004,[0.55201319 0.72678361],10,35,"[0.5368175380560374, 0.7057468765352064]",87,17
1005,[0.61330249 0.76353604],10,33,"[0.6312009655286229, 0.7427811490324232]",-1,-1
1006,[0.62871155 0.65607653],10,10,"[0.5824848627859263, 0.649655537749642]",117,-1
1007,[0.57341383 0.73369755],10,35,"[0.5368175380560374, 0.7057468765352064]",-1,-1
1008,[0.53208958 0.71824518],10,35,"[0.5368175380560374, 0.7057468765352064]",87,-1
1009,[0.61667564 0.66084852],10,10,"[0.5824848627859263, 0.649655537749642]",-1,-1
1010,[0.56272815 0.6798285 ],10,10,"[0.5824848627859263, 0.649655537749642]",117,57
1011,[0.60375834 0.71741473],10,33,"[0.6312009655286229, 0.7427811490324232]",117,-1
1012,[0.57698762 0.65104045],10,10,"[0.5824848627859263, 0.649655537749642]",-1,-1
1013,[0.73745917 0.7256625 ],10,1,"[0.7484771342575616, 0.7179286626976465]",109,-1
1014,[0.67199409 0.67372554],10,26,"[0.6720960040209921, 0.6796090225497248]",109,-1
1015,[0.58989169 0.73235514],10,33,"[0.6312009655286229, 0.7427811490324232]",-1,-1
1016,[0.56279636 0.61698262],10,10,"[0.5824848627859263, 0.649655537749642]",117,-1
1017,[0.59799223 0.6851773 ],10,10,"[0.5824848627859263, 0.649655537749642]",-1,-1
1018,[0.67998877 0.68908161],10,26,"[0.6720960040209921, 0.6796090225497248]",109,-1
1019,[0.63169176 0.68095873],10,26,"[0.6720960040209921, 0.6796090225497248]",117,50
1020,[0.61849986 0.69703904],10,33,"[0.6312009655286229, 0.7427811490324232]",-1,-1
1021,[0.5741691  0.76546959],10,66,"[0.573574952246955, 0.8174270490620612]",-1,-1
1022,[0.61787292 0.66534498],10,10,"[0.5824848627859263, 0.649655537749642]",117,-1
1023,[0.68725305 0.71638078],10,26,"[0.6720960040209921, 0.6796090225497248]",109,46
1024,[0.63463242 0.65414431],10,26,"[0.6720960040209921, 0.6796090225497248]",117,-1
1025,[0.63204439 0.70781477],10,33,"[0.6312009655286229, 0.7427811490324232]",117,44
1026,[0.63647392 0.71468207],10,33,"[0.6312009655286229, 0.7427811490324232]",117,44
1027,[0.63601931 0.65372582],10,26,"[0.6720960040209921, 0.6796090225497248]",117,-1
1028,[0.58729378 0.68359103],10,10,"[0.5824848627859263, 0.649655537749642]",117,-1
1029,[0.51095456 0.66926104],10,35,"[0.5368175380560374, 0.7057468765352064]",117,-1
1030,[0.57841373 0.66116268],10,10,"[0.5824848627859263, 0.649655537749642]",117,57
1031,[0.60463495 0.63260518],10,10,"[0.5824848627859263, 0.649655537749642]",117,58
1032,[0.68500144 0.72274699],10,26,"[0.6720960040209921, 0.6796090225497248]",109,46
1033,[0.57292128 0.68246837],10,10,"[0.5824848627859263, 0.649655537749642]",117,57
1034,[0.60860606 0.62246957],10,10,"[0.5824848627859263, 0.649655537749642]",117,-1
1035,[0.6308684  0.59810431],10,47,"[0.6479473958146146, 0.5918281279427561]",-1,-1
1036,[0.59001955 0.71947967],10,33,"[0.6312009655286229, 0.7427811490324232]",-1,-1
1037,[0.53401434 0.64613882],10,10,"[0.5824848627859263, 0.649655537749642]",117,-1
1038,[0.58785822 0.67300181],10,10,"[0.5824848627859263, 0.649655537749642]",117,-1
1039,[0.58513154 0.7102527 ],10,35,"[0.5368175380560374, 0.7057468765352064]",-1,-1
1040,[0.54027911 0.6863835 ],10,35,"[0.5368175380560374, 0.7057468765352064]",117,55
1041,[0.56025176 0.75005751],10,35,"[0.5368175380560374, 0.7057468765352064]",-1,-1
1042,[0.62729421 0.756954  ],10,33,"[0.6312009655286229, 0.7427811490324232]",117,-1
1043,[0.56800931 0.68753951],10,35,"[0.5368175380560374, 0.7057468765352064]",117,57
1044,[0.58792274 0.70976137],10,35,"[0.5368175380560374, 0.7057468765352064]",117,-1
1045,[0.65394539 0.73071798],10,33,"[0.6312009655286229, 0.7427811490324232]",-1,-1
1046,[0.69998974 0.68859106],10,26,"[0.6720960040209921, 0.6796090225497248]",109,46
1047,[0.60577137 0.70924549],10,33,"[0.6312009655286229, 0.7427811490324232]",117,-1
1048,[0.64135399 0.64189302],10,26,"[0.6720960040209921, 0.6796090225497248]",-1,-1
1049,[0.59213561 0.65145411],10,10,"[0.5824848627859263, 0.649655537749642]",117,57
1050,[0.59575622 0.63654564],10,10,"[0.5824848627859263, 0.649655537749642]",117,58
1051,[0.62998805 0.66115092],10,26,"[0.6720960040209921, 0.6796090225497248]",117,-1
1052,[0.59136538 0.77394174],10,66,"[0.573574952246955, 0.8174270490620612]",-1,-1
1053,[0.63221182 0.74149741],10,33,"[0.6312009655286229, 0.7427811490324232]",-1,44
1054,[0.56489513 0.70388637],10,35,"[0.5368175380560374, 0.7057468765352064]",117,57
1055,[0.58945375 0.65688623],10,10,"[0.5824848627859263, 0.649655537749642]",117,-1
1056,[0.63649018 0.67801477],10,26,"[0.6720960040209921, 0.6796090225497248]",117,50
1057,[0.70128689 0.75266233],10,43,"[0.7124452149283717, 0.7959059325724773]",-1,-1
1058,[0.56624614 0.68421095],10,35,"[0.5368175380560374, 0.7057468765352064]",117,57
1059,[0.57260892 0.69442136],10,35,"[0.5368175380560374, 0.7057468765352064]",117,57
1060,[0.60202201 0.66992779],10,10,"[0.5824848627859263, 0.649655537749642]",117,-1
1061,[0.62153098 0.71406529],10,33,"[0.6312009655286229, 0.7427811490324232]",117,-1
1062,[0.57927403 0.66147935],10,10,"[0.5824848627859263, 0.649655537749642]",117,57
1063,[0.64379187 0.65172129],10,26,"[0.6720960040209921, 0.6796090225497248]",117,-1
1064,[0.49847806 0.72070176],10,35,"[0.5368175380560374, 0.7057468765352064]",117,-1
1065,[0.53166494 0.73392774],10,35,"[0.5368175380560374, 0.7057468765352064]",87,17
1066,[0.55802288 0.63144231],10,10,"[0.5824848627859263, 0.649655537749642]",-1,-1
1067,[0.55969034 0.72206264],10,35,"[0.5368175380560374, 0.7057468765352064]",-1,-1
1068,[0.64793504 0.64415184],10,26,"[0.6720960040209921, 0.6796090225497248]",-1,-1
1069,[0.56593006 0.70812502],10,35,"[0.5368175380560374, 0.7057468765352064]",-1,-1
1070,[0.61311359 0.59162254],10,47,"[0.6479473958146146, 0.5918281279427561]",117,-1
1071,[0.6272781  0.66880117],10,26,"[0.6720960040209921, 0.6796090225497248]",117,50
1072,[0.53767509 0.63228505],10,15,"[0.5005882845969348, 0.6071157673844066]",117,53
1073,[0.62615993 0.5909301 ],10,47,"[0.6479473958146146, 0.5918281279427561]",47,-1
1074,[0.5521708  0.73272387],10,35,"[0.5368175380560374, 0.7057468765352064]",87,17
1075,[0.55267184 0.69305716],10,35,"[0.5368175380560374, 0.7057468765352064]",117,-1
1076,[0.65726758 0.64435432],10,26,"[0.6720960040209921, 0.6796090225497248]",117,-1
1077,[0.57701319 0.66689431],10,10,"[0.5824848627859263, 0.649655537749642]",117,57
1078,[0.61367835 0.67253629],10,10,"[0.5824848627859263, 0.649655537749642]",117,-1
1079,[0.59336807 0.63034888],10,10,"[0.5824848627859263, 0.649655537749642]",117,-1
1080,[0.63855969 0.7155653 ],10,33,"[0.6312009655286229, 0.7427811490324232]",117,44
1081,[0.54689401 0.69717669],10,35,"[0.5368175380560374, 0.7057468765352064]",-1,-1
1082,[0.57446859 0.71981435],10,35,"[0.5368175380560374, 0.7057468765352064]",-1,-1
1083,[0.64712129 0.68017001],10,26,"[0.6720960040209921, 0.6796090225497248]",117,50
1084,[0.64906515 0.62719077],10,47,"[0.6479473958146146, 0.5918281279427561]",107,-1
1085,[0.66118747 0.69231129],10,26,"[0.6720960040209921, 0.6796090225497248]",117,-1
1086,[0.5889219  0.67980426],10,10,"[0.5824848627859263, 0.649655537749642]",117,-1
1087,[0.58935097 0.68100531],10,10,"[0.5824848627859263, 0.649655537749642]",117,-1
1088,[0.65482145 0.70291975],10,26,"[0.6720960040209921, 0.6796090225497248]",-1,-1
1089,[0.63131406 0.71757216],10,33,"[0.6312009655286229, 0.7427811490324232]",117,44
1090,[0.7039494  0.71599724],10,1,"[0.7484771342575616, 0.7179286626976465]",109,46
1091,[0.57588691 0.64199274],10,10,"[0.5824848627859263, 0.649655537749642]",117,58
1092,[0.54801487 0.74146433],10,35,"[0.5368175380560374, 0.7057468765352064]",87,17
1093,[0.58402789 0.66272684],10,10,"[0.5824848627859263, 0.649655537749642]",117,-1
1094,[0.64389784 0.72556016],10,33,"[0.6312009655286229, 0.7427811490324232]",117,44
1095,[0.62037825 0.70002218],10,33,"[0.6312009655286229, 0.7427811490324232]",117,-1
1096,[0.58163537 0.63879824],10,10,"[0.5824848627859263, 0.649655537749642]",117,58
1097,[0.63714641 0.71584817],10,33,"[0.6312009655286229, 0.7427811490324232]",117,44
1098,[0.61860638 0.63066027],10,10,"[0.5824848627859263, 0.649655537749642]",117,58
1099,[0.55305705 0.63214031],10,10,"[0.5824848627859263, 0.649655537749642]",117,-1
1100,[0.67119914 0.18722525],11,76,"[0.662220941598272, 0.1974349218858984]",8,-1
1101,[0.71680565 0.09905786],11,88,"[0.7027138132246393, 0.10475795076477123]",-1,-1
1102,[0.71962365 0.16145413],11,57,"[0.7474414948084767, 0.18011984494893613]",-1,-1
1103,[0.62614252 0.23526877],11,63,"[0.5938052471458884, 0.24026036510989024]",51,5
1104,[0.70838227 0.119469  ],11,88,"[0.7027138132246393, 0.10475795076477123]",-1,-1
1105,[0.58450958 0.12905947],11,85,"[0.6063431372341659, 0.1516999693584265]",-1,-1
1106,[0.65379408 0.16589849],11,76,"[0.662220941598272, 0.1974349218858984]",8,1
1107,[0.71142423 0.16449952],11,57,"[0.7474414948084767, 0.18011984494893613]",-1,-1
1108,[0.54316176 0.18054329],11,85,"[0.6063431372341659, 0.1516999693584265]",-1,-1
1109,[0.64734828 0.17411536],11,76,"[0.662220941598272, 0.1974349218858984]",8,1
1110,[0.62230482 0.19564452],11,76,"[0.662220941598272, 0.1974349218858984]",-1,-1
1111,[0.72671403 0.1180538 ],11,88,"[0.7027138132246393, 0.10475795076477123]",-1,-1
1112,[0.66653437 0.20227632],11,76,"[0.662220941598272, 0.1974349218858984]",25,-1
1113,[0.62137768 0.1776348 ],11,85,"[0.6063431372341659, 0.1516999693584265]",-1,-1
1114,[0.68350665 0.24253264],11,41,"[0.6948979646954763, 0.28219115991762456]",-1,-1
1115,[0.67353031 0.11614418],11,88,"[0.7027138132246393, 0.10475795076477123]",-1,-1
1116,[0.67007108 0.20827238],11,76,"[0.662220941598272, 0.1974349218858984]",25,-1
1117,[0.65066739 0.18884827],11,76,"[0.662220941598272, 0.1974349218858984]",8,1
1118,[0.66031652 0.17826712],11,76,"[0.662220941598272, 0.1974349218858984]",8,1
1119,[0.60522774 0.16810832],11,85,"[0.6063431372341659, 0.1516999693584265]",-1,-1
1120,[0.63215561 0.14494357],11,85,"[0.6063431372341659, 0.1516999693584265]",8,1
1121,[0.63618664 0.2479877 ],11,63,"[0.5938052471458884, 0.24026036510989024]",51,-1
1122,[0.67252193 0.14935574],11,76,"[0.662220941598272, 0.1974349218858984]",8,-1
1123,[0.61817911 0.12210509],11,85,"[0.6063431372341659, 0.1516999693584265]",-1,-1
1124,[0.63646461 0.15756081],11,85,"[0.6063431372341659, 0.1516999693584265]",8,1
1125,[0.70813813 0.19119397],11,57,"[0.7474414948084767, 0.18011984494893613]",-1,-1
1126,[0.64250431 0.14127127],11,85,"[0.6063431372341659, 0.1516999693584265]",8,-1
1127,[0.64303185 0.20173953],11,76,"[0.662220941598272, 0.1974349218858984]",-1,-1
1128,[0.70004172 0.18248237],11,76,"[0.662220941598272, 0.1974349218858984]",-1,-1
1129,[0.63504733 0.1209088 ],11,85,"[0.6063431372341659, 0.1516999693584265]",-1,-1
1130,[0.60923506 0.22905875],11,63,"[0.5938052471458884, 0.24026036510989024]",39,5
1131,[0.73010857 0.19737148],11,57,"[0.7474414948084767, 0.18011984494893613]",-1,-1
1132,[0.68383963 0.16592169],11,76,"[0.662220941598272, 0.1974349218858984]",-1,-1
1133,[0.68432201 0.10778005],11,88,"[0.7027138132246393, 0.10475795076477123]",-1,-1
1134,[0.60524004 0.17698129],11,85,"[0.6063431372341659, 0.1516999693584265]",-1,-1
1135,[0.61722411 0.13576874],11,85,"[0.6063431372341659, 0.1516999693584265]",-1,-1
1136,[0.56559651 0.09764017],11,85,"[0.6063431372341659, 0.1516999693584265]",-1,-1
1137,[0.62849033 0.17813337],11,85,"[0.6063431372341659, 0.1516999693584265]",-1,-1
1138,[0.61735104 0.1478774 ],11,85,"[0.6063431372341659, 0.1516999693584265]",8,-1
1139,[0.64879336 0.0580062 ],11,-1,-1,-1,-1
1140,[0.62966568 0.18608495],11,76,"[0.662220941598272, 0.1974349218858984]",-1,-1
1141,[0.61943776 0.19215798],11,85,"[0.6063431372341659, 0.1516999693584265]",-1,-1
1142,[0.66632078 0.13782181],11,88,"[0.7027138132246393, 0.10475795076477123]",-1,-1
1143,[0.72114768 0.11145892],11,88,"[0.7027138132246393, 0.10475795076477123]",-1,-1
1144,[0.6854985  0.18261519],11,76,"[0.662220941598272, 0.1974349218858984]",-1,-1
1145,[0.63850182 0.10032744],11,85,"[0.6063431372341659, 0.1516999693584265]",-1,-1
1146,[0.60173364 0.21414975],11,63,"[0.5938052471458884, 0.24026036510989024]",-1,5
1147,[0.56426429 0.18974516],11,85,"[0.6063431372341659, 0.1516999693584265]",-1,-1
1148,[0.6034103  0.19921371],11,63,"[0.5938052471458884, 0.24026036510989024]",-1,-1
1149,[0.61277069 0.14719189],11,85,"[0.6063431372341659, 0.1516999693584265]",8,-1
1150,[0.73214001 0.10179651],11,88,"[0.7027138132246393, 0.10475795076477123]",-1,-1
1151,[0.66673752 0.06110571],11,88,"[0.7027138132246393, 0.10475795076477123]",-1,-1
1152,[0.66810726 0.16217872],11,76,"[0.662220941598272, 0.1974349218858984]",8,1
1153,[0.64154499 0.19358629],11,76,"[0.662220941598272, 0.1974349218858984]",-1,1
1154,[0.67557946 0.14035176],11,88,"[0.7027138132246393, 0.10475795076477123]",-1,-1
1155,[0.66268951 0.1741644 ],11,76,"[0.662220941598272, 0.1974349218858984]",8,1
1156,[0.6455154  0.13148657],11,85,"[0.6063431372341659, 0.1516999693584265]",8,-1
1157,[0.61092583 0.16187923],11,85,"[0.6063431372341659, 0.1516999693584265]",-1,-1
1158,[0.60278923 0.13849771],11,85,"[0.6063431372341659, 0.1516999693584265]",-1,-1
1159,[0.64833484 0.16234352],11,76,"[0.662220941598272, 0.1974349218858984]",8,1
1160,[0.65581239 0.06946904],11,88,"[0.7027138132246393, 0.10475795076477123]",-1,-1
1161,[0.62837026 0.16814425],11,85,"[0.6063431372341659, 0.1516999693584265]",-1,-1
1162,[0.64913094 0.20341499],11,76,"[0.662220941598272, 0.1974349218858984]",-1,-1
1163,[0.66907017 0.16353   ],11,76,"[0.662220941598272, 0.1974349218858984]",8,-1
1164,[0.65754446 0.06515298],11,88,"[0.7027138132246393, 0.10475795076477123]",-1,-1
1165,[0.6379837  0.15554271],11,85,"[0.6063431372341659, 0.1516999693584265]",8,-1
1166,[0.58465998 0.23867483],11,63,"[0.5938052471458884, 0.24026036510989024]",-1,-1
1167,[0.61137979 0.15959929],11,85,"[0.6063431372341659, 0.1516999693584265]",-1,-1
1168,[0.65116283 0.13976964],11,85,"[0.6063431372341659, 0.1516999693584265]",8,-1
1169,[0.74846115 0.15152952],11,57,"[0.7474414948084767, 0.18011984494893613]",-1,-1
1170,[0.55689567 0.19350184],11,63,"[0.5938052471458884, 0.24026036510989024]",-1,-1
1171,[0.69219305 0.15202964],11,88,"[0.7027138132246393, 0.10475795076477123]",-1,-1
1172,[0.60105951 0.1940374 ],11,85,"[0.6063431372341659, 0.1516999693584265]",-1,-1
1173,[0.66550689 0.21179012],11,76,"[0.662220941598272, 0.1974349218858984]",25,-1
1174,[0.60172583 0.22872564],11,63,"[0.5938052471458884, 0.24026036510989024]",39,5
1175,[0.66314584 0.11425916],11,88,"[0.7027138132246393, 0.10475795076477123]",-1,-1
1176,[0.69568581 0.13780317],11,88,"[0.7027138132246393, 0.10475795076477123]",-1,-1
1177,[0.62526067 0.10503786],11,85,"[0.6063431372341659, 0.1516999693584265]",-1,-1
1178,[0.63557671 0.14485039],11,85,"[0.6063431372341659, 0.1516999693584265]",8,1
1179,[0.59511152 0.16281629],11,85,"[0.6063431372341659, 0.1516999693584265]",-1,-1
1180,[0.62505929 0.19543225],11,76,"[0.662220941598272, 0.1974349218858984]",-1,-1
1181,[0.68202532 0.17232333],11,76,"[0.662220941598272, 0.1974349218858984]",-1,-1
1182,[0.73740796 0.13521902],11,57,"[0.7474414948084767, 0.18011984494893613]",-1,-1
1183,[0.59112928 0.11426047],11,85,"[0.6063431372341659, 0.1516999693584265]",-1,-1
1184,[0.71664199 0.21016105],11,57,"[0.7474414948084767, 0.18011984494893613]",24,-1
1185,[0.66968906 0.19968014],11,76,"[0.662220941598272, 0.1974349218858984]",25,-1
1186,[0.64896473 0.17381759],11,76,"[0.662220941598272, 0.1974349218858984]",8,1
1187,[0.69423472 0.2625383 ],11,41,"[0.6948979646954763, 0.28219115991762456]",-1,-1
1188,[0.60061312 0.20514977],11,63,"[0.5938052471458884, 0.24026036510989024]",-1,-1
1189,[0.71730582 0.22610904],11,57,"[0.7474414948084767, 0.18011984494893613]",-1,-1
1190,[0.66189081 0.13852537],11,88,"[0.7027138132246393, 0.10475795076477123]",-1,-1
1191,[0.71536278 0.1407793 ],11,88,"[0.7027138132246393, 0.10475795076477123]",-1,-1
1192,[0.58451484 0.13278724],11,85,"[0.6063431372341659, 0.1516999693584265]",-1,-1
1193,[0.64354804 0.16171155],11,85,"[0.6063431372341659, 0.1516999693584265]",8,1
1194,[0.64924686 0.1750061 ],11,76,"[0.662220941598272, 0.1974349218858984]",8,1
1195,[0.70896152 0.0671698 ],11,88,"[0.7027138132246393, 0.10475795076477123]",-1,-1
1196,[0.59742275 0.10742706],11,85,"[0.6063431372341659, 0.1516999693584265]",-1,-1
1197,[0.76148452 0.19539357],11,57,"[0.7474414948084767, 0.18011984494893613]",59,7
1198,[0.71684948 0.11686244],11,88,"[0.7027138132246393, 0.10475795076477123]",-1,-1
1199,[0.67691193 0.19452733],11,76,"[0.662220941598272, 0.1974349218858984]",-1,-1
1200,[0.83150278 0.39943309],12,24,"[0.864304877149764, 0.37840873327476937]",97,37
1201,[0.81415342 0.31632043],12,22,"[0.805104436152594, 0.30588484878908717]",97,32
1202,[0.8330523  0.40168904],12,24,"[0.864304877149764, 0.37840873327476937]",97,37
1203,[0.80901394 0.4680852 ],12,82,"[0.7838251592389673, 0.4623077396916808]",-1,-1
1204,[0.76930186 0.29842918],12,22,"[0.805104436152594, 0.30588484878908717]",97,36
1205,[0.77790752 0.36070099],12,8,"[0.782559314763462, 0.38675507962681555]",97,39
1206,[0.76255922 0.34187069],12,27,"[0.730818627555406, 0.3326871572147463]",97,41
1207,[0.79998107 0.35689375],12,8,"[0.782559314763462, 0.38675507962681555]",97,39
1208,[0.81437145 0.39390408],12,8,"[0.782559314763462, 0.38675507962681555]",97,37
1209,[0.83411619 0.30091584],12,22,"[0.805104436152594, 0.30588484878908717]",97,-1
1210,[0.78051918 0.34438258],12,8,"[0.782559314763462, 0.38675507962681555]",97,39
1211,[0.74203776 0.32233703],12,27,"[0.730818627555406, 0.3326871572147463]",97,-1
1212,[0.77444893 0.28553099],12,22,"[0.805104436152594, 0.30588484878908717]",97,-1
1213,[0.78772635 0.3116977 ],12,22,"[0.805104436152594, 0.30588484878908717]",-1,-1
1214,[0.85369528 0.3353867 ],12,51,"[0.8936687523122694, 0.3204806601756303]",97,34
1215,[0.86850867 0.37978835],12,24,"[0.864304877149764, 0.37840873327476937]",-1,-1
1216,[0.73559668 0.36493924],12,27,"[0.730818627555406, 0.3326871572147463]",97,-1
1217,[0.7771877  0.34378486],12,8,"[0.782559314763462, 0.38675507962681555]",97,39
1218,[0.81195082 0.31319927],12,22,"[0.805104436152594, 0.30588484878908717]",97,-1
1219,[0.74003964 0.39967269],12,60,"[0.7203559462110392, 0.4062231169521756]",97,-1
1220,[0.87400022 0.30694954],12,51,"[0.8936687523122694, 0.3204806601756303]",97,26
1221,[0.76874263 0.39694021],12,8,"[0.782559314763462, 0.38675507962681555]",97,39
1222,[0.83898982 0.26623158],12,79,"[0.8691904963226184, 0.23236833961723288]",-1,-1
1223,[0.82605787 0.36497869],12,24,"[0.864304877149764, 0.37840873327476937]",97,-1
1224,[0.7731565  0.41030497],12,8,"[0.782559314763462, 0.38675507962681555]",97,39
1225,[0.81389933 0.34183423],12,22,"[0.805104436152594, 0.30588484878908717]",97,-1
1226,[0.83917345 0.39469469],12,24,"[0.864304877149764, 0.37840873327476937]",97,37
1227,[0.87085064 0.33634058],12,51,"[0.8936687523122694, 0.3204806601756303]",97,-1
1228,[0.81926502 0.29011902],12,22,"[0.805104436152594, 0.30588484878908717]",69,-1
1229,[0.83217714 0.41232313],12,44,"[0.8589971214582324, 0.4394137560340503]",-1,-1
1230,[0.76001369 0.37316558],12,8,"[0.782559314763462, 0.38675507962681555]",97,39
1231,[0.77755657 0.39865876],12,8,"[0.782559314763462, 0.38675507962681555]",97,39
1232,[0.81041112 0.33398876],12,22,"[0.805104436152594, 0.30588484878908717]",97,32
1233,[0.73918353 0.38693776],12,60,"[0.7203559462110392, 0.4062231169521756]",97,-1
1234,[0.76922448 0.38304102],12,8,"[0.782559314763462, 0.38675507962681555]",97,39
1235,[0.76723452 0.2884482 ],12,22,"[0.805104436152594, 0.30588484878908717]",-1,-1
1236,[0.79801486 0.30713418],12,22,"[0.805104436152594, 0.30588484878908717]",-1,-1
1237,[0.74496415 0.47147766],12,50,"[0.73400958366281, 0.4924303356245267]",28,-1
1238,[0.87706013 0.41815927],12,44,"[0.8589971214582324, 0.4394137560340503]",90,28
1239,[0.70350224 0.42170854],12,60,"[0.7203559462110392, 0.4062231169521756]",-1,-1
1240,[0.76849616 0.30325023],12,22,"[0.805104436152594, 0.30588484878908717]",97,36
1241,[0.77271377 0.3068563 ],12,22,"[0.805104436152594, 0.30588484878908717]",97,36
1242,[0.84970829 0.39563168],12,24,"[0.864304877149764, 0.37840873327476937]",97,-1
1243,[0.81567606 0.32850769],12,22,"[0.805104436152594, 0.30588484878908717]",-1,32
1244,[0.78216994 0.33430815],12,22,"[0.805104436152594, 0.30588484878908717]",97,39
1245,[0.76259684 0.37858648],12,8,"[0.782559314763462, 0.38675507962681555]",97,39
1246,[0.7238809  0.31377529],12,27,"[0.730818627555406, 0.3326871572147463]",97,41
1247,[0.8154688  0.36834695],12,8,"[0.782559314763462, 0.38675507962681555]",97,37
1248,[0.74928252 0.4186721 ],12,60,"[0.7203559462110392, 0.4062231169521756]",-1,-1
1249,[0.84503958 0.36173712],12,24,"[0.864304877149764, 0.37840873327476937]",97,-1
1250,[0.85643726 0.39572526],12,24,"[0.864304877149764, 0.37840873327476937]",97,-1
1251,[0.76748407 0.37416432],12,8,"[0.782559314763462, 0.38675507962681555]",97,39
1252,[0.7683061  0.30763439],12,22,"[0.805104436152594, 0.30588484878908717]",97,36
1253,[0.80495348 0.39993225],12,8,"[0.782559314763462, 0.38675507962681555]",97,37
1254,[0.78577691 0.33258126],12,22,"[0.805104436152594, 0.30588484878908717]",97,39
1255,[0.79265044 0.26502147],12,22,"[0.805104436152594, 0.30588484878908717]",-1,-1
1256,[0.82201006 0.40185895],12,8,"[0.782559314763462, 0.38675507962681555]",97,37
1257,[0.7879617  0.40310678],12,8,"[0.782559314763462, 0.38675507962681555]",97,39
1258,[0.79105227 0.36600713],12,8,"[0.782559314763462, 0.38675507962681555]",97,39
1259,[0.80134909 0.31988141],12,22,"[0.805104436152594, 0.30588484878908717]",97,-1
1260,[0.80631258 0.33352885],12,22,"[0.805104436152594, 0.30588484878908717]",97,32
1261,[0.79522507 0.40008054],12,8,"[0.782559314763462, 0.38675507962681555]",97,-1
1262,[0.82997282 0.34164029],12,22,"[0.805104436152594, 0.30588484878908717]",97,-1
1263,[0.79758197 0.29834884],12,22,"[0.805104436152594, 0.30588484878908717]",-1,-1
1264,[0.8846202  0.32687493],12,51,"[0.8936687523122694, 0.3204806601756303]",97,-1
1265,[0.84691078 0.3659388 ],12,24,"[0.864304877149764, 0.37840873327476937]",97,-1
1266,[0.81403585 0.3625676 ],12,8,"[0.782559314763462, 0.38675507962681555]",97,37
1267,[0.8077128 0.3182512],12,22,"[0.805104436152594, 0.30588484878908717]",97,32
1268,[0.95386904 0.38276166],12,-1,-1,-1,-1
1269,[0.85546854 0.42582681],12,44,"[0.8589971214582324, 0.4394137560340503]",98,28
1270,[0.81732862 0.35357087],12,8,"[0.782559314763462, 0.38675507962681555]",97,-1
1271,[0.81426713 0.38407996],12,8,"[0.782559314763462, 0.38675507962681555]",97,37
1272,[0.74267553 0.21952371],12,57,"[0.7474414948084767, 0.18011984494893613]",-1,-1
1273,[0.74713133 0.37705845],12,8,"[0.782559314763462, 0.38675507962681555]",97,-1
1274,[0.84418944 0.36634019],12,24,"[0.864304877149764, 0.37840873327476937]",97,-1
1275,[0.82830248 0.38877688],12,24,"[0.864304877149764, 0.37840873327476937]",97,37
1276,[0.78495794 0.32332976],12,22,"[0.805104436152594, 0.30588484878908717]",97,-1
1277,[0.76692188 0.42008452],12,8,"[0.782559314763462, 0.38675507962681555]",97,-1
1278,[0.80155483 0.35025575],12,8,"[0.782559314763462, 0.38675507962681555]",97,-1
1279,[0.86034951 0.43462464],12,44,"[0.8589971214582324, 0.4394137560340503]",98,28
1280,[0.81028424 0.39436225],12,8,"[0.782559314763462, 0.38675507962681555]",97,37
1281,[0.77107693 0.22228415],12,56,"[0.8000851730897747, 0.22264930918313394]",60,8
1282,[0.82880825 0.30950937],12,22,"[0.805104436152594, 0.30588484878908717]",97,33
1283,[0.85918237 0.31730005],12,51,"[0.8936687523122694, 0.3204806601756303]",97,-1
1284,[0.79462516 0.35226656],12,8,"[0.782559314763462, 0.38675507962681555]",97,39
1285,[0.88328638 0.38246114],12,24,"[0.864304877149764, 0.37840873327476937]",97,29
1286,[0.70066884 0.36773017],12,59,"[0.670396322447398, 0.3654745913518824]",97,-1
1287,[0.79029648 0.34109568],12,22,"[0.805104436152594, 0.30588484878908717]",97,39
1288,[0.75138576 0.39646696],12,60,"[0.7203559462110392, 0.4062231169521756]",97,39
1289,[0.88145414 0.36434059],12,24,"[0.864304877149764, 0.37840873327476937]",97,29
1290,[0.87024001 0.2930929 ],12,51,"[0.8936687523122694, 0.3204806601756303]",97,-1
1291,[0.87921637 0.44308759],12,44,"[0.8589971214582324, 0.4394137560340503]",-1,-1
1292,[0.80418676 0.27795758],12,22,"[0.805104436152594, 0.30588484878908717]",69,-1
1293,[0.72486499 0.33631653],12,27,"[0.730818627555406, 0.3326871572147463]",97,41
1294,[0.81696777 0.34189802],12,22,"[0.805104436152594, 0.30588484878908717]",97,-1
1295,[0.8284965  0.37901257],12,24,"[0.864304877149764, 0.37840873327476937]",97,-1
1296,[0.7301571  0.39602951],12,60,"[0.7203559462110392, 0.4062231169521756]",97,-1
1297,[0.86138806 0.34355653],12,24,"[0.864304877149764, 0.37840873327476937]",97,34
1298,[0.7686791  0.30586565],12,22,"[0.805104436152594, 0.30588484878908717]",97,36
1299,[0.79280237 0.33819404],12,22,"[0.805104436152594, 0.30588484878908717]",97,-1
1300,[0.61571546 0.43520051],13,93,"[0.6268451044452512, 0.4483349814555342]",95,-1
1301,[0.64222272 0.43079911],13,93,"[0.6268451044452512, 0.4483349814555342]",-1,-1
1302,[0.56072485 0.40611042],13,90,"[0.5744278595660413, 0.41353866422944313]",95,-1
1303,[0.57986243 0.40955821],13,90,"[0.5744278595660413, 0.41353866422944313]",95,23
1304,[0.63139099 0.40823984],13,86,"[0.6271685883317931, 0.40176873797345797]",95,-1
1305,[0.55234963 0.40974134],13,90,"[0.5744278595660413, 0.41353866422944313]",95,-1
1306,[0.55956713 0.4401161 ],13,81,"[0.5486595324958304, 0.45111899886780193]",95,-1
1307,[0.53542117 0.42071569],13,71,"[0.5256853689354785, 0.4139886337990054]",95,-1
1308,[0.54441197 0.28469675],13,68,"[0.5611136858449972, 0.3328599094297703]",-1,-1
1309,[0.55836597 0.41066228],13,90,"[0.5744278595660413, 0.41353866422944313]",95,-1
1310,[0.5555619 0.356544 ],13,68,"[0.5611136858449972, 0.3328599094297703]",92,-1
1311,[0.56309983 0.41272718],13,90,"[0.5744278595660413, 0.41353866422944313]",95,-1
1312,[0.56235727 0.45084335],13,81,"[0.5486595324958304, 0.45111899886780193]",-1,-1
1313,[0.56338059 0.45071688],13,81,"[0.5486595324958304, 0.45111899886780193]",-1,-1
1314,[0.58853495 0.39271163],13,78,"[0.5675082537713239, 0.38298910409035547]",95,23
1315,[0.54917132 0.34166085],13,68,"[0.5611136858449972, 0.3328599094297703]",-1,-1
1316,[0.64047582 0.37797891],13,86,"[0.6271685883317931, 0.40176873797345797]",97,30
1317,[0.46490381 0.41795851],13,46,"[0.4417948344818715, 0.4376736545727672]",-1,-1
1318,[0.55289552 0.44310244],13,81,"[0.5486595324958304, 0.45111899886780193]",95,25
1319,[0.66056758 0.40691528],13,94,"[0.6748643012657011, 0.4183849502584258]",-1,-1
1320,[0.52550114 0.36868878],13,55,"[0.4911189724579566, 0.36032847748337926]",92,-1
1321,[0.49806419 0.44222885],13,71,"[0.5256853689354785, 0.4139886337990054]",-1,-1
1322,[0.64009659 0.48265076],13,95,"[0.6515121185373796, 0.5025970969917144]",-1,-1
1323,[0.51803589 0.35283438],13,55,"[0.4911189724579566, 0.36032847748337926]",-1,-1
1324,[0.51872593 0.40865876],13,71,"[0.5256853689354785, 0.4139886337990054]",94,-1
1325,[0.5375736 0.4476433],13,81,"[0.5486595324958304, 0.45111899886780193]",95,-1
1326,[0.57980835 0.44403999],13,99,"[0.582607492536661, 0.4459235598319259]",95,-1
1327,[0.59498533 0.41936686],13,91,"[0.6012433587965225, 0.4182613697836598]",95,-1
1328,[0.57232989 0.40264116],13,90,"[0.5744278595660413, 0.41353866422944313]",95,-1
1329,[0.49892142 0.38679859],13,55,"[0.4911189724579566, 0.36032847748337926]",94,19
1330,[0.48990611 0.38479151],13,55,"[0.4911189724579566, 0.36032847748337926]",-1,19
1331,[0.5723092 0.3159347],13,68,"[0.5611136858449972, 0.3328599094297703]",34,3
1332,[0.57597648 0.47302311],13,96,"[0.5870420562460407, 0.47625501210099697]",93,-1
1333,[0.55855389 0.42831033],13,90,"[0.5744278595660413, 0.41353866422944313]",95,25
1334,[0.47705848 0.4364903 ],13,46,"[0.4417948344818715, 0.4376736545727672]",76,-1
1335,[0.56651906 0.43496276],13,99,"[0.582607492536661, 0.4459235598319259]",95,25
1336,[0.52943424 0.49828004],13,62,"[0.5599812286976242, 0.5191315092027347]",82,-1
1337,[0.55092704 0.34428721],13,68,"[0.5611136858449972, 0.3328599094297703]",-1,-1
1338,[0.53004514 0.45156962],13,81,"[0.5486595324958304, 0.45111899886780193]",95,-1
1339,[0.58168287 0.4063994 ],13,90,"[0.5744278595660413, 0.41353866422944313]",95,23
1340,[0.57314026 0.41535404],13,90,"[0.5744278595660413, 0.41353866422944313]",95,-1
1341,[0.50681308 0.42557268],13,71,"[0.5256853689354785, 0.4139886337990054]",63,-1
1342,[0.51000593 0.4422701 ],13,71,"[0.5256853689354785, 0.4139886337990054]",-1,-1
1343,[0.55107405 0.37549349],13,78,"[0.5675082537713239, 0.38298910409035547]",92,22
1344,[0.58088653 0.36538617],13,78,"[0.5675082537713239, 0.38298910409035547]",95,-1
1345,[0.63653842 0.39056363],13,86,"[0.6271685883317931, 0.40176873797345797]",97,-1
1346,[0.58571061 0.41118859],13,90,"[0.5744278595660413, 0.41353866422944313]",95,23
1347,[0.49410177 0.43939397],13,71,"[0.5256853689354785, 0.4139886337990054]",-1,-1
1348,[0.60522376 0.41276451],13,91,"[0.6012433587965225, 0.4182613697836598]",95,-1
1349,[0.57800771 0.39874269],13,90,"[0.5744278595660413, 0.41353866422944313]",95,23
1350,[0.6071384  0.46621829],13,96,"[0.5870420562460407, 0.47625501210099697]",-1,-1
1351,[0.66445317 0.45434524],13,94,"[0.6748643012657011, 0.4183849502584258]",-1,-1
1352,[0.58042192 0.3998822 ],13,90,"[0.5744278595660413, 0.41353866422944313]",95,23
1353,[0.49899409 0.47574532],13,28,"[0.4883199384691489, 0.5133386333280389]",79,27
1354,[0.58975184 0.39103646],13,78,"[0.5675082537713239, 0.38298910409035547]",95,23
1355,[0.54613095 0.38805885],13,78,"[0.5675082537713239, 0.38298910409035547]",-1,-1
1356,[0.55426288 0.43488884],13,81,"[0.5486595324958304, 0.45111899886780193]",95,25
1357,[0.57251011 0.51973864],13,62,"[0.5599812286976242, 0.5191315092027347]",73,18
1358,[0.54001051 0.38147101],13,78,"[0.5675082537713239, 0.38298910409035547]",92,-1
1359,[0.5691652  0.48962202],13,96,"[0.5870420562460407, 0.47625501210099697]",93,-1
1360,[0.51668052 0.42791928],13,71,"[0.5256853689354785, 0.4139886337990054]",63,-1
1361,[0.66636157 0.42369476],13,94,"[0.6748643012657011, 0.4183849502584258]",85,-1
1362,[0.58949729 0.39204358],13,78,"[0.5675082537713239, 0.38298910409035547]",95,23
1363,[0.61255127 0.44131474],13,93,"[0.6268451044452512, 0.4483349814555342]",95,-1
1364,[0.63403663 0.39160859],13,86,"[0.6271685883317931, 0.40176873797345797]",97,-1
1365,[0.48352394 0.40504566],13,71,"[0.5256853689354785, 0.4139886337990054]",63,-1
1366,[0.58530996 0.40931246],13,90,"[0.5744278595660413, 0.41353866422944313]",95,23
1367,[0.50215396 0.41583935],13,71,"[0.5256853689354785, 0.4139886337990054]",63,-1
1368,[0.48547561 0.42693261],13,71,"[0.5256853689354785, 0.4139886337990054]",-1,-1
1369,[0.50137747 0.4141935 ],13,71,"[0.5256853689354785, 0.4139886337990054]",63,-1
1370,[0.58027791 0.43467114],13,99,"[0.582607492536661, 0.4459235598319259]",95,25
1371,[0.50683438 0.43163819],13,71,"[0.5256853689354785, 0.4139886337990054]",-1,-1
1372,[0.5432772  0.37870438],13,78,"[0.5675082537713239, 0.38298910409035547]",92,22
1373,[0.53972465 0.38398216],13,78,"[0.5675082537713239, 0.38298910409035547]",92,-1
1374,[0.54179875 0.40958909],13,71,"[0.5256853689354785, 0.4139886337990054]",95,-1
1375,[0.57719384 0.49774268],13,96,"[0.5870420562460407, 0.47625501210099697]",-1,-1
1376,[0.48341095 0.48233778],13,28,"[0.4883199384691489, 0.5133386333280389]",79,-1
1377,[0.56985039 0.43062836],13,90,"[0.5744278595660413, 0.41353866422944313]",95,-1
1378,[0.49790315 0.48535113],13,28,"[0.4883199384691489, 0.5133386333280389]",79,27
1379,[0.54546194 0.34549642],13,68,"[0.5611136858449972, 0.3328599094297703]",92,-1
1380,[0.58251698 0.4010476 ],13,90,"[0.5744278595660413, 0.41353866422944313]",95,23
1381,[0.47285445 0.44398757],13,46,"[0.4417948344818715, 0.4376736545727672]",76,21
1382,[0.58511808 0.40554368],13,90,"[0.5744278595660413, 0.41353866422944313]",95,23
1383,[0.51727495 0.40688686],13,71,"[0.5256853689354785, 0.4139886337990054]",-1,-1
1384,[0.47193323 0.43371744],13,46,"[0.4417948344818715, 0.4376736545727672]",76,-1
1385,[0.56498515 0.35605154],13,68,"[0.5611136858449972, 0.3328599094297703]",92,-1
1386,[0.51935556 0.43739977],13,71,"[0.5256853689354785, 0.4139886337990054]",-1,-1
1387,[0.52768112 0.40184702],13,71,"[0.5256853689354785, 0.4139886337990054]",-1,-1
1388,[0.50605516 0.39713722],13,71,"[0.5256853689354785, 0.4139886337990054]",94,-1
1389,[0.56408847 0.39040991],13,78,"[0.5675082537713239, 0.38298910409035547]",-1,-1
1390,[0.59644511 0.47844803],13,96,"[0.5870420562460407, 0.47625501210099697]",84,-1
1391,[0.59374874 0.46875581],13,96,"[0.5870420562460407, 0.47625501210099697]",84,-1
1392,[0.57530567 0.376816  ],13,78,"[0.5675082537713239, 0.38298910409035547]",95,-1
1393,[0.53140656 0.4503863 ],13,81,"[0.5486595324958304, 0.45111899886780193]",95,-1
1394,[0.53699789 0.42648304],13,71,"[0.5256853689354785, 0.4139886337990054]",95,-1
1395,[0.6200658  0.35417613],13,72,"[0.6275615005729838, 0.35242652332535]",97,30
1396,[0.57431506 0.45347097],13,99,"[0.582607492536661, 0.4459235598319259]",-1,-1
1397,[0.65107925 0.39660131],13,86,"[0.6271685883317931, 0.40176873797345797]",-1,-1
1398,[0.49799628 0.42129148],13,71,"[0.5256853689354785, 0.4139886337990054]",63,19
1399,[0.5554144  0.42536642],13,90,"[0.5744278595660413, 0.41353866422944313]",95,-1
1400,[0.20978606 0.51062567],14,37,"[0.19793393907464019, 0.48816130273889874]",-1,-1
1401,[0.14976716 0.51552739],14,65,"[0.1328910732107456, 0.4899260274926132]",114,70
1402,[0.17489598 0.4796362 ],14,37,"[0.19793393907464019, 0.48816130273889874]",114,77
1403,[0.16499634 0.53843581],14,45,"[0.18958709402210344, 0.5831400503639066]",-1,-1
1404,[0.11165076 0.5099827 ],14,65,"[0.1328910732107456, 0.4899260274926132]",-1,-1
1405,[0.20100051 0.55946363],14,45,"[0.18958709402210344, 0.5831400503639066]",117,-1
1406,[0.12639643 0.49439544],14,65,"[0.1328910732107456, 0.4899260274926132]",40,-1
1407,[0.17427407 0.48175343],14,37,"[0.19793393907464019, 0.48816130273889874]",114,-1
1408,[0.24812504 0.52084721],14,32,"[0.2628401192296225, 0.49392472915708574]",114,-1
1409,[0.15833598 0.50362523],14,65,"[0.1328910732107456, 0.4899260274926132]",114,70
1410,[0.14203762 0.46051704],14,65,"[0.1328910732107456, 0.4899260274926132]",-1,12
1411,[0.16659965 0.5607372 ],14,45,"[0.18958709402210344, 0.5831400503639066]",83,-1
1412,[0.21639137 0.47212313],14,37,"[0.19793393907464019, 0.48816130273889874]",114,-1
1413,[0.21811208 0.51392482],14,37,"[0.19793393907464019, 0.48816130273889874]",114,-1
1414,[0.15555984 0.4728234 ],14,65,"[0.1328910732107456, 0.4899260274926132]",114,-1
1415,[0.170376   0.45287177],14,52,"[0.15299951742988305, 0.4190518444817022]",-1,-1
1416,[0.21780769 0.45517457],14,37,"[0.19793393907464019, 0.48816130273889874]",114,-1
1417,[0.18836433 0.48392947],14,37,"[0.19793393907464019, 0.48816130273889874]",114,77
1418,[0.13786847 0.49968354],14,65,"[0.1328910732107456, 0.4899260274926132]",40,-1
1419,[0.20642398 0.60305771],14,45,"[0.18958709402210344, 0.5831400503639066]",117,-1
1420,[0.20464154 0.49189471],14,37,"[0.19793393907464019, 0.48816130273889874]",114,-1
1421,[0.12868774 0.49852988],14,65,"[0.1328910732107456, 0.4899260274926132]",40,-1
1422,[0.18310961 0.51268362],14,37,"[0.19793393907464019, 0.48816130273889874]",114,72
1423,[0.1794867  0.53552431],14,45,"[0.18958709402210344, 0.5831400503639066]",-1,-1
1424,[0.18838839 0.50422906],14,37,"[0.19793393907464019, 0.48816130273889874]",114,-1
1425,[0.20393588 0.55274581],14,45,"[0.18958709402210344, 0.5831400503639066]",117,-1
1426,[0.27523026 0.54301658],14,17,"[0.25907980690829885, 0.5772508610653444]",117,89
1427,[0.15938553 0.50957013],14,65,"[0.1328910732107456, 0.4899260274926132]",114,70
1428,[0.22922943 0.51558213],14,32,"[0.2628401192296225, 0.49392472915708574]",114,-1
1429,[0.14583665 0.52567996],14,65,"[0.1328910732107456, 0.4899260274926132]",114,-1
1430,[0.08916303 0.54658264],14,80,"[0.12067688938383801, 0.5637304646499463]",-1,-1
1431,[0.11504279 0.56923967],14,80,"[0.12067688938383801, 0.5637304646499463]",12,-1
1432,[0.22719249 0.44191771],14,16,"[0.2555939088543306, 0.4149016525883056]",114,83
1433,[0.15027631 0.51808122],14,65,"[0.1328910732107456, 0.4899260274926132]",114,-1
1434,[0.19750252 0.45482455],14,37,"[0.19793393907464019, 0.48816130273889874]",114,77
1435,[0.20877223 0.46154873],14,37,"[0.19793393907464019, 0.48816130273889874]",114,77
1436,[0.23854863 0.42564863],14,16,"[0.2555939088543306, 0.4149016525883056]",114,83
1437,[0.17731447 0.55459149],14,45,"[0.18958709402210344, 0.5831400503639066]",83,-1
1438,[0.16959945 0.51452838],14,37,"[0.19793393907464019, 0.48816130273889874]",114,-1
1439,[0.14530988 0.51837356],14,65,"[0.1328910732107456, 0.4899260274926132]",114,-1
1440,[0.13509811 0.55030882],14,80,"[0.12067688938383801, 0.5637304646499463]",-1,-1
1441,[0.21309707 0.58458241],14,45,"[0.18958709402210344, 0.5831400503639066]",117,-1
1442,[0.0714275 0.4852059],14,65,"[0.1328910732107456, 0.4899260274926132]",-1,-1
1443,[0.11768342 0.48602666],14,65,"[0.1328910732107456, 0.4899260274926132]",-1,-1
1444,[0.30155455 0.40370271],14,3,"[0.32011025026158857, 0.3826718810103493]",114,-1
1445,[0.22711032 0.52480617],14,37,"[0.19793393907464019, 0.48816130273889874]",114,-1
1446,[0.18819817 0.47712033],14,37,"[0.19793393907464019, 0.48816130273889874]",114,77
1447,[0.14994468 0.48053591],14,65,"[0.1328910732107456, 0.4899260274926132]",-1,-1
1448,[0.21503666 0.5636352 ],14,45,"[0.18958709402210344, 0.5831400503639066]",-1,-1
1449,[0.20008417 0.49704575],14,37,"[0.19793393907464019, 0.48816130273889874]",114,-1
1450,[0.20177426 0.56339111],14,45,"[0.18958709402210344, 0.5831400503639066]",117,-1
1451,[0.19361291 0.4519096 ],14,37,"[0.19793393907464019, 0.48816130273889874]",114,77
1452,[0.11530335 0.52493646],14,80,"[0.12067688938383801, 0.5637304646499463]",-1,-1
1453,[0.08319978 0.46353734],14,65,"[0.1328910732107456, 0.4899260274926132]",-1,-1
1454,[0.1578108  0.48566768],14,65,"[0.1328910732107456, 0.4899260274926132]",114,-1
1455,[0.20574026 0.52019024],14,37,"[0.19793393907464019, 0.48816130273889874]",114,72
1456,[0.16083345 0.44539899],14,52,"[0.15299951742988305, 0.4190518444817022]",104,12
1457,[0.18833692 0.46917215],14,37,"[0.19793393907464019, 0.48816130273889874]",114,-1
1458,[0.14817556 0.53288085],14,80,"[0.12067688938383801, 0.5637304646499463]",-1,-1
1459,[0.13156253 0.51033243],14,65,"[0.1328910732107456, 0.4899260274926132]",-1,-1
1460,[0.12749211 0.46750551],14,65,"[0.1328910732107456, 0.4899260274926132]",-1,-1
1461,[0.15324235 0.54558782],14,80,"[0.12067688938383801, 0.5637304646499463]",-1,-1
1462,[0.13967315 0.41520082],14,52,"[0.15299951742988305, 0.4190518444817022]",-1,-1
1463,[0.09846012 0.46703148],14,65,"[0.1328910732107456, 0.4899260274926132]",-1,-1
1464,[0.11057664 0.56128805],14,80,"[0.12067688938383801, 0.5637304646499463]",12,-1
1465,[0.21717948 0.51024728],14,37,"[0.19793393907464019, 0.48816130273889874]",-1,-1
1466,[0.15866771 0.46671369],14,65,"[0.1328910732107456, 0.4899260274926132]",-1,-1
1467,[0.13283616 0.48769255],14,65,"[0.1328910732107456, 0.4899260274926132]",-1,-1
1468,[0.23069489 0.49142463],14,32,"[0.2628401192296225, 0.49392472915708574]",114,81
1469,[0.18027602 0.47712262],14,37,"[0.19793393907464019, 0.48816130273889874]",114,77
1470,[0.1895029  0.57577905],14,45,"[0.18958709402210344, 0.5831400503639066]",117,-1
1471,[0.18841202 0.59605801],14,45,"[0.18958709402210344, 0.5831400503639066]",-1,-1
1472,[0.12811281 0.50872177],14,65,"[0.1328910732107456, 0.4899260274926132]",-1,-1
1473,[0.18306326 0.59054747],14,45,"[0.18958709402210344, 0.5831400503639066]",117,-1
1474,[0.14384875 0.55056135],14,80,"[0.12067688938383801, 0.5637304646499463]",-1,-1
1475,[0.12886112 0.49861436],14,65,"[0.1328910732107456, 0.4899260274926132]",40,-1
1476,[0.18255427 0.49685316],14,37,"[0.19793393907464019, 0.48816130273889874]",114,-1
1477,[0.18736573 0.5157055 ],14,37,"[0.19793393907464019, 0.48816130273889874]",114,72
1478,[0.13547636 0.54855389],14,80,"[0.12067688938383801, 0.5637304646499463]",-1,-1
1479,[0.08798323 0.53482439],14,80,"[0.12067688938383801, 0.5637304646499463]",-1,-1
1480,[0.13801796 0.52875286],14,80,"[0.12067688938383801, 0.5637304646499463]",-1,-1
1481,[0.08382179 0.53413285],14,80,"[0.12067688938383801, 0.5637304646499463]",-1,-1
1482,[0.0865984  0.49080994],14,65,"[0.1328910732107456, 0.4899260274926132]",-1,-1
1483,[0.15372375 0.48017222],14,65,"[0.1328910732107456, 0.4899260274926132]",-1,-1
1484,[0.21063883 0.5290056 ],14,37,"[0.19793393907464019, 0.48816130273889874]",114,72
1485,[0.10286881 0.43436005],14,52,"[0.15299951742988305, 0.4190518444817022]",5,-1
1486,[0.16448845 0.54100529],14,45,"[0.18958709402210344, 0.5831400503639066]",-1,-1
1487,[0.1215639  0.57959947],14,80,"[0.12067688938383801, 0.5637304646499463]",-1,-1
1488,[0.25796682 0.54994788],14,17,"[0.25907980690829885, 0.5772508610653444]",117,82
1489,[0.17918981 0.54788318],14,45,"[0.18958709402210344, 0.5831400503639066]",-1,-1
1490,[0.20163372 0.49851078],14,37,"[0.19793393907464019, 0.48816130273889874]",114,-1
1491,[0.19673293 0.5694401 ],14,45,"[0.18958709402210344, 0.5831400503639066]",117,-1
1492,[0.19919055 0.52669684],14,37,"[0.19793393907464019, 0.48816130273889874]",114,-1
1493,[0.13428498 0.44539887],14,52,"[0.15299951742988305, 0.4190518444817022]",-1,-1
1494,[0.21285541 0.46947776],14,37,"[0.19793393907464019, 0.48816130273889874]",114,-1
1495,[0.14899211 0.51659584],14,65,"[0.1328910732107456, 0.4899260274926132]",114,70
1496,[0.09997605 0.43502457],14,52,"[0.15299951742988305, 0.4190518444817022]",5,-1
1497,[0.17543468 0.56305781],14,45,"[0.18958709402210344, 0.5831400503639066]",83,-1
1498,[0.18967742 0.50457388],14,37,"[0.19793393907464019, 0.48816130273889874]",-1,-1
1499,[0.2135462  0.52077217],14,37,"[0.19793393907464019, 0.48816130273889874]",114,72
1500,[0.78301703 0.40208584],15,8,"[0.782559314763462, 0.38675507962681555]",97,39
1501,[0.80143949 0.50549176],15,82,"[0.7838251592389673, 0.4623077396916808]",-1,-1
1502,[0.77521767 0.48197115],15,82,"[0.7838251592389673, 0.4623077396916808]",28,4
1503,[0.82753502 0.41257536],15,44,"[0.8589971214582324, 0.4394137560340503]",-1,-1
1504,[0.75065643 0.35433034],15,27,"[0.730818627555406, 0.3326871572147463]",97,-1
1505,[0.77412548 0.43879706],15,82,"[0.7838251592389673, 0.4623077396916808]",97,37
1506,[0.75789371 0.44253971],15,82,"[0.7838251592389673, 0.4623077396916808]",-1,-1
1507,[0.78261968 0.48909891],15,82,"[0.7838251592389673, 0.4623077396916808]",28,4
1508,[0.69452695 0.39478154],15,60,"[0.7203559462110392, 0.4062231169521756]",-1,-1
1509,[0.81004243 0.48521996],15,82,"[0.7838251592389673, 0.4623077396916808]",-1,-1
1510,[0.78599059 0.3527798 ],15,8,"[0.782559314763462, 0.38675507962681555]",97,39
1511,[0.77501984 0.436321  ],15,82,"[0.7838251592389673, 0.4623077396916808]",97,37
1512,[0.67903315 0.39927014],15,94,"[0.6748643012657011, 0.4183849502584258]",-1,-1
1513,[0.86398756 0.4089887 ],15,24,"[0.864304877149764, 0.37840873327476937]",-1,-1
1514,[0.67569851 0.50826532],15,95,"[0.6515121185373796, 0.5025970969917144]",-1,-1
1515,[0.77352409 0.49158067],15,82,"[0.7838251592389673, 0.4623077396916808]",28,4
1516,[0.77975693 0.52110975],15,74,"[0.7652076339305975, 0.5703048591625808]",-1,-1
1517,[0.69348217 0.38320536],15,59,"[0.670396322447398, 0.3654745913518824]",97,40
1518,[0.82435387 0.38698478],15,24,"[0.864304877149764, 0.37840873327476937]",97,37
1519,[0.67654173 0.48791472],15,95,"[0.6515121185373796, 0.5025970969917144]",-1,-1
1520,[0.72383629 0.43015662],15,60,"[0.7203559462110392, 0.4062231169521756]",-1,-1
1521,[0.82021896 0.40138539],15,8,"[0.782559314763462, 0.38675507962681555]",97,37
1522,[0.87038706 0.41896749],15,44,"[0.8589971214582324, 0.4394137560340503]",90,28
1523,[0.72442471 0.42637272],15,60,"[0.7203559462110392, 0.4062231169521756]",-1,-1
1524,[0.77589402 0.44343833],15,82,"[0.7838251592389673, 0.4623077396916808]",97,-1
1525,[0.75243588 0.44503814],15,82,"[0.7838251592389673, 0.4623077396916808]",-1,-1
1526,[0.80626492 0.39860338],15,8,"[0.782559314763462, 0.38675507962681555]",97,37
1527,[0.78315549 0.43319258],15,82,"[0.7838251592389673, 0.4623077396916808]",97,37
1528,[0.77061714 0.39538431],15,8,"[0.782559314763462, 0.38675507962681555]",97,39
1529,[0.78162568 0.36275258],15,8,"[0.782559314763462, 0.38675507962681555]",97,39
1530,[0.76522795 0.45171147],15,82,"[0.7838251592389673, 0.4623077396916808]",-1,-1
1531,[0.77264224 0.43655252],15,82,"[0.7838251592389673, 0.4623077396916808]",97,37
1532,[0.72289833 0.45997215],15,50,"[0.73400958366281, 0.4924303356245267]",75,20
1533,[0.73089091 0.40280819],15,60,"[0.7203559462110392, 0.4062231169521756]",97,39
1534,[0.7356216  0.39789309],15,60,"[0.7203559462110392, 0.4062231169521756]",97,39
1535,[0.72470993 0.34239532],15,27,"[0.730818627555406, 0.3326871572147463]",97,41
1536,[0.75399665 0.40235913],15,8,"[0.782559314763462, 0.38675507962681555]",97,39
1537,[0.6382418  0.39049714],15,86,"[0.6271685883317931, 0.40176873797345797]",97,-1
1538,[0.76991192 0.40610082],15,8,"[0.782559314763462, 0.38675507962681555]",97,39
1539,[0.8032116 0.3948089],15,8,"[0.782559314763462, 0.38675507962681555]",97,37
1540,[0.75512491 0.44751246],15,82,"[0.7838251592389673, 0.4623077396916808]",97,-1
1541,[0.72776101 0.43330122],15,60,"[0.7203559462110392, 0.4062231169521756]",97,-1
1542,[0.71884657 0.38405396],15,60,"[0.7203559462110392, 0.4062231169521756]",97,-1
1543,[0.7784835  0.48822134],15,82,"[0.7838251592389673, 0.4623077396916808]",28,4
1544,[0.76726466 0.40638374],15,8,"[0.782559314763462, 0.38675507962681555]",97,39
1545,[0.84393342 0.32892829],15,22,"[0.805104436152594, 0.30588484878908717]",97,34
1546,[0.79083379 0.42584635],15,82,"[0.7838251592389673, 0.4623077396916808]",97,37
1547,[0.75035987 0.3181714 ],15,27,"[0.730818627555406, 0.3326871572147463]",97,-1
1548,[0.72148316 0.45491132],15,50,"[0.73400958366281, 0.4924303356245267]",75,20
1549,[0.81215651 0.47344174],15,82,"[0.7838251592389673, 0.4623077396916808]",-1,-1
1550,[0.78426136 0.41942077],15,8,"[0.782559314763462, 0.38675507962681555]",97,37
1551,[0.7895489  0.43803405],15,82,"[0.7838251592389673, 0.4623077396916808]",97,-1
1552,[0.72668613 0.38530127],15,60,"[0.7203559462110392, 0.4062231169521756]",97,-1
1553,[0.8369556 0.3297965],15,22,"[0.805104436152594, 0.30588484878908717]",97,-1
1554,[0.82826229 0.48995121],15,82,"[0.7838251592389673, 0.4623077396916808]",-1,-1
1555,[0.71810291 0.44264015],15,60,"[0.7203559462110392, 0.4062231169521756]",75,-1
1556,[0.78958824 0.31649366],15,22,"[0.805104436152594, 0.30588484878908717]",97,-1
1557,[0.76641855 0.38456638],15,8,"[0.782559314763462, 0.38675507962681555]",97,39
1558,[0.76330694 0.48717718],15,50,"[0.73400958366281, 0.4924303356245267]",28,4
1559,[0.78521791 0.38717132],15,8,"[0.782559314763462, 0.38675507962681555]",97,39
1560,[0.75112069 0.39199785],15,8,"[0.782559314763462, 0.38675507962681555]",97,39
1561,[0.79358434 0.46987078],15,82,"[0.7838251592389673, 0.4623077396916808]",-1,-1
1562,[0.71240909 0.45652934],15,50,"[0.73400958366281, 0.4924303356245267]",75,20
1563,[0.76530556 0.40370304],15,8,"[0.782559314763462, 0.38675507962681555]",97,39
1564,[0.85287091 0.39776759],15,24,"[0.864304877149764, 0.37840873327476937]",97,-1
1565,[0.76041444 0.40524646],15,8,"[0.782559314763462, 0.38675507962681555]",97,-1
1566,[0.72648938 0.44850166],15,60,"[0.7203559462110392, 0.4062231169521756]",75,20
1567,[0.77546325 0.41215133],15,8,"[0.782559314763462, 0.38675507962681555]",97,-1
1568,[0.73595809 0.43601468],15,60,"[0.7203559462110392, 0.4062231169521756]",97,-1
1569,[0.77453867 0.39088563],15,8,"[0.782559314763462, 0.38675507962681555]",97,39
1570,[0.71906825 0.40596609],15,60,"[0.7203559462110392, 0.4062231169521756]",-1,-1
1571,[0.8191299  0.40277923],15,8,"[0.782559314763462, 0.38675507962681555]",97,37
1572,[0.73627175 0.40441008],15,60,"[0.7203559462110392, 0.4062231169521756]",97,-1
1573,[0.69456158 0.36370568],15,59,"[0.670396322447398, 0.3654745913518824]",97,40
1574,[0.75909183 0.33450716],15,27,"[0.730818627555406, 0.3326871572147463]",97,-1
1575,[0.80277657 0.36085112],15,8,"[0.782559314763462, 0.38675507962681555]",97,-1
1576,[0.81000594 0.40836626],15,8,"[0.782559314763462, 0.38675507962681555]",97,37
1577,[0.7680666  0.43328204],15,82,"[0.7838251592389673, 0.4623077396916808]",97,37
1578,[0.7087491 0.4677911],15,50,"[0.73400958366281, 0.4924303356245267]",75,20
1579,[0.78323133 0.44021262],15,82,"[0.7838251592389673, 0.4623077396916808]",97,37
1580,[0.78450069 0.37378373],15,8,"[0.782559314763462, 0.38675507962681555]",97,39
1581,[0.75350684 0.38445649],15,8,"[0.782559314763462, 0.38675507962681555]",97,39
1582,[0.77102791 0.39579301],15,8,"[0.782559314763462, 0.38675507962681555]",97,39
1583,[0.61745154 0.34793142],15,72,"[0.6275615005729838, 0.35242652332535]",97,30
1584,[0.76783154 0.30622111],15,22,"[0.805104436152594, 0.30588484878908717]",97,36
1585,[0.77050967 0.48950405],15,82,"[0.7838251592389673, 0.4623077396916808]",28,4
1586,[0.77251323 0.38500514],15,8,"[0.782559314763462, 0.38675507962681555]",97,39
1587,[0.72346212 0.47058497],15,50,"[0.73400958366281, 0.4924303356245267]",-1,-1
1588,[0.77995121 0.42634298],15,82,"[0.7838251592389673, 0.4623077396916808]",97,-1
1589,[0.78412484 0.39183559],15,8,"[0.782559314763462, 0.38675507962681555]",97,39
1590,[0.80726576 0.42196073],15,8,"[0.782559314763462, 0.38675507962681555]",97,-1
1591,[0.73852115 0.42008999],15,60,"[0.7203559462110392, 0.4062231169521756]",97,-1
1592,[0.71685171 0.4578758 ],15,50,"[0.73400958366281, 0.4924303356245267]",75,20
1593,[0.65548731 0.38624771],15,59,"[0.670396322447398, 0.3654745913518824]",97,30
1594,[0.76013961 0.3922919 ],15,8,"[0.782559314763462, 0.38675507962681555]",97,39
1595,[0.8398842  0.35963344],15,24,"[0.864304877149764, 0.37840873327476937]",97,-1
1596,[0.72568034 0.37833486],15,60,"[0.7203559462110392, 0.4062231169521756]",97,-1
1597,[0.78818614 0.43997996],15,82,"[0.7838251592389673, 0.4623077396916808]",97,-1
1598,[0.77426911 0.37649193],15,8,"[0.782559314763462, 0.38675507962681555]",97,39
1599,[0.73584957 0.43589615],15,60,"[0.7203559462110392, 0.4062231169521756]",97,-1
1600,[0.56855838 0.51332582],16,62,"[0.5599812286976242, 0.5191315092027347]",73,-1
1601,[0.54441238 0.51667098],16,62,"[0.5599812286976242, 0.5191315092027347]",82,-1
1602,[0.51723932 0.53152038],16,28,"[0.4883199384691489, 0.5133386333280389]",-1,-1
1603,[0.47975308 0.54708088],16,28,"[0.4883199384691489, 0.5133386333280389]",117,-1
1604,[0.51570468 0.50570469],16,28,"[0.4883199384691489, 0.5133386333280389]",-1,-1
1605,[0.48204931 0.51499769],16,28,"[0.4883199384691489, 0.5133386333280389]",-1,-1
1606,[0.59538255 0.47754299],16,96,"[0.5870420562460407, 0.47625501210099697]",84,-1
1607,[0.51029179 0.4242536 ],16,71,"[0.5256853689354785, 0.4139886337990054]",-1,-1
1608,[0.57354383 0.52692486],16,62,"[0.5599812286976242, 0.5191315092027347]",73,-1
1609,[0.52397752 0.47749512],16,81,"[0.5486595324958304, 0.45111899886780193]",-1,-1
1610,[0.50276526 0.46689477],16,81,"[0.5486595324958304, 0.45111899886780193]",79,27
1611,[0.57057639 0.51493044],16,62,"[0.5599812286976242, 0.5191315092027347]",73,18
1612,[0.58459807 0.53367831],16,69,"[0.5968891560771225, 0.5507363423930021]",-1,-1
1613,[0.45591871 0.50654488],16,28,"[0.4883199384691489, 0.5133386333280389]",117,-1
1614,[0.51873055 0.52860087],16,28,"[0.4883199384691489, 0.5133386333280389]",-1,-1
1615,[0.53595026 0.51016455],16,62,"[0.5599812286976242, 0.5191315092027347]",82,-1
1616,[0.4680488  0.44462729],16,46,"[0.4417948344818715, 0.4376736545727672]",76,21
1617,[0.4893229  0.46797814],16,28,"[0.4883199384691489, 0.5133386333280389]",79,-1
1618,[0.45242855 0.51038887],16,28,"[0.4883199384691489, 0.5133386333280389]",117,-1
1619,[0.54912858 0.4883319 ],16,62,"[0.5599812286976242, 0.5191315092027347]",-1,-1
1620,[0.4678977  0.48846036],16,28,"[0.4883199384691489, 0.5133386333280389]",-1,-1
1621,[0.56632217 0.51103646],16,62,"[0.5599812286976242, 0.5191315092027347]",73,-1
1622,[0.44421204 0.49785224],16,28,"[0.4883199384691489, 0.5133386333280389]",-1,-1
1623,[0.52407237 0.45092583],16,81,"[0.5486595324958304, 0.45111899886780193]",-1,-1
1624,[0.59571078 0.54447981],16,69,"[0.5968891560771225, 0.5507363423930021]",-1,-1
1625,[0.55402614 0.47001518],16,81,"[0.5486595324958304, 0.45111899886780193]",-1,-1
1626,[0.49342056 0.42428831],16,71,"[0.5256853689354785, 0.4139886337990054]",-1,-1
1627,[0.54432934 0.55575809],16,62,"[0.5599812286976242, 0.5191315092027347]",-1,-1
1628,[0.55905189 0.55301097],16,62,"[0.5599812286976242, 0.5191315092027347]",-1,-1
1629,[0.52164849 0.54391498],16,28,"[0.4883199384691489, 0.5133386333280389]",-1,-1
1630,[0.54092574 0.48991538],16,62,"[0.5599812286976242, 0.5191315092027347]",82,-1
1631,[0.56506071 0.48843345],16,96,"[0.5870420562460407, 0.47625501210099697]",93,-1
1632,[0.54516306 0.46506724],16,81,"[0.5486595324958304, 0.45111899886780193]",-1,-1
1633,[0.61067837 0.48999195],16,96,"[0.5870420562460407, 0.47625501210099697]",-1,-1
1634,[0.58759062 0.50973269],16,62,"[0.5599812286976242, 0.5191315092027347]",73,18
1635,[0.61291275 0.44034709],16,93,"[0.6268451044452512, 0.4483349814555342]",95,-1
1636,[0.62290534 0.51071477],16,95,"[0.6515121185373796, 0.5025970969917144]",33,-1
1637,[0.55840296 0.43831562],16,81,"[0.5486595324958304, 0.45111899886780193]",95,25
1638,[0.51676058 0.56782329],16,15,"[0.5005882845969348, 0.6071157673844066]",117,73
1639,[0.59841306 0.51080978],16,96,"[0.5870420562460407, 0.47625501210099697]",73,18
1640,[0.52754151 0.56909038],16,15,"[0.5005882845969348, 0.6071157673844066]",-1,-1
1641,[0.51803376 0.54562934],16,28,"[0.4883199384691489, 0.5133386333280389]",116,-1
1642,[0.53395252 0.48542116],16,81,"[0.5486595324958304, 0.45111899886780193]",-1,-1
1643,[0.45746949 0.40848971],16,46,"[0.4417948344818715, 0.4376736545727672]",64,-1
1644,[0.4937212  0.53738785],16,28,"[0.4883199384691489, 0.5133386333280389]",117,-1
1645,[0.54585649 0.51084974],16,62,"[0.5599812286976242, 0.5191315092027347]",82,-1
1646,[0.54276295 0.40364099],16,71,"[0.5256853689354785, 0.4139886337990054]",95,-1
1647,[0.43423934 0.55724049],16,29,"[0.4203507518330517, 0.5402216776416098]",117,-1
1648,[0.51323558 0.40150225],16,71,"[0.5256853689354785, 0.4139886337990054]",94,-1
1649,[0.51098655 0.4656207 ],16,81,"[0.5486595324958304, 0.45111899886780193]",79,-1
1650,[0.56917647 0.48651232],16,96,"[0.5870420562460407, 0.47625501210099697]",93,-1
1651,[0.45386238 0.4278706 ],16,46,"[0.4417948344818715, 0.4376736545727672]",54,-1
1652,[0.49817815 0.46826283],16,28,"[0.4883199384691489, 0.5133386333280389]",79,27
1653,[0.58138784 0.54541271],16,69,"[0.5968891560771225, 0.5507363423930021]",-1,-1
1654,[0.50833799 0.53802665],16,28,"[0.4883199384691489, 0.5133386333280389]",-1,-1
1655,[0.57673208 0.46446514],16,96,"[0.5870420562460407, 0.47625501210099697]",93,-1
1656,[0.52283736 0.5002726 ],16,28,"[0.4883199384691489, 0.5133386333280389]",-1,-1
1657,[0.5990287  0.43752186],16,99,"[0.582607492536661, 0.4459235598319259]",95,-1
1658,[0.49588757 0.53775807],16,28,"[0.4883199384691489, 0.5133386333280389]",117,-1
1659,[0.55816807 0.40966363],16,90,"[0.5744278595660413, 0.41353866422944313]",95,-1
1660,[0.56390748 0.50176661],16,62,"[0.5599812286976242, 0.5191315092027347]",-1,-1
1661,[0.4838897  0.49872573],16,28,"[0.4883199384691489, 0.5133386333280389]",117,-1
1662,[0.47454968 0.5248045 ],16,28,"[0.4883199384691489, 0.5133386333280389]",-1,-1
1663,[0.53608654 0.47734516],16,81,"[0.5486595324958304, 0.45111899886780193]",-1,-1
1664,[0.58212882 0.48202983],16,96,"[0.5870420562460407, 0.47625501210099697]",-1,-1
1665,[0.57561906 0.46823781],16,96,"[0.5870420562460407, 0.47625501210099697]",-1,-1
1666,[0.58076545 0.50461518],16,62,"[0.5599812286976242, 0.5191315092027347]",73,18
1667,[0.56658781 0.48926526],16,96,"[0.5870420562460407, 0.47625501210099697]",93,-1
1668,[0.57095478 0.52963852],16,62,"[0.5599812286976242, 0.5191315092027347]",73,-1
1669,[0.5891458  0.48562117],16,96,"[0.5870420562460407, 0.47625501210099697]",84,-1
1670,[0.60896776 0.4155086 ],16,91,"[0.6012433587965225, 0.4182613697836598]",95,-1
1671,[0.47382212 0.43627099],16,46,"[0.4417948344818715, 0.4376736545727672]",76,-1
1672,[0.61541828 0.42985041],16,91,"[0.6012433587965225, 0.4182613697836598]",95,-1
1673,[0.49857733 0.50798457],16,28,"[0.4883199384691489, 0.5133386333280389]",-1,-1
1674,[0.55637726 0.48610779],16,96,"[0.5870420562460407, 0.47625501210099697]",-1,-1
1675,[0.52126668 0.51794421],16,28,"[0.4883199384691489, 0.5133386333280389]",-1,-1
1676,[0.57736255 0.57351633],16,69,"[0.5968891560771225, 0.5507363423930021]",-1,-1
1677,[0.43185156 0.49740014],16,29,"[0.4203507518330517, 0.5402216776416098]",-1,-1
1678,[0.60447802 0.48884395],16,96,"[0.5870420562460407, 0.47625501210099697]",-1,-1
1679,[0.50665168 0.51044048],16,28,"[0.4883199384691489, 0.5133386333280389]",-1,-1
1680,[0.50569885 0.49966398],16,28,"[0.4883199384691489, 0.5133386333280389]",-1,-1
1681,[0.55587137 0.45527505],16,81,"[0.5486595324958304, 0.45111899886780193]",95,-1
1682,[0.45363943 0.50566879],16,28,"[0.4883199384691489, 0.5133386333280389]",117,-1
1683,[0.55091135 0.47215656],16,81,"[0.5486595324958304, 0.45111899886780193]",-1,-1
1684,[0.49382263 0.50186558],16,28,"[0.4883199384691489, 0.5133386333280389]",117,-1
1685,[0.55439799 0.46858685],16,81,"[0.5486595324958304, 0.45111899886780193]",-1,-1
1686,[0.50875764 0.5047363 ],16,28,"[0.4883199384691489, 0.5133386333280389]",-1,-1
1687,[0.42077891 0.49624201],16,29,"[0.4203507518330517, 0.5402216776416098]",-1,-1
1688,[0.5317367  0.50890693],16,62,"[0.5599812286976242, 0.5191315092027347]",82,-1
1689,[0.55054237 0.45775238],16,81,"[0.5486595324958304, 0.45111899886780193]",95,-1
1690,[0.53089054 0.53066378],16,62,"[0.5599812286976242, 0.5191315092027347]",82,-1
1691,[0.47657797 0.4773724 ],16,28,"[0.4883199384691489, 0.5133386333280389]",79,-1
1692,[0.53936445 0.42912264],16,71,"[0.5256853689354785, 0.4139886337990054]",95,-1
1693,[0.46121355 0.5005222 ],16,28,"[0.4883199384691489, 0.5133386333280389]",-1,-1
1694,[0.52790111 0.41278456],16,71,"[0.5256853689354785, 0.4139886337990054]",95,-1
1695,[0.52384123 0.45002687],16,81,"[0.5486595324958304, 0.45111899886780193]",-1,-1
1696,[0.50185137 0.56662983],16,15,"[0.5005882845969348, 0.6071157673844066]",117,73
1697,[0.44594178 0.57987982],16,23,"[0.42263643503799797, 0.6161205416303672]",117,-1
1698,[0.543462   0.45122231],16,81,"[0.5486595324958304, 0.45111899886780193]",95,-1
1699,[0.45658107 0.55601439],16,29,"[0.4203507518330517, 0.5402216776416098]",117,96
1700,[0.45506797 0.59377663],17,23,"[0.42263643503799797, 0.6161205416303672]",117,-1
1701,[0.38856289 0.68090291],17,36,"[0.3984729155032823, 0.6728808968441772]",117,97
1702,[0.42952281 0.67096342],17,36,"[0.3984729155032823, 0.6728808968441772]",117,-1
1703,[0.43977265 0.65724865],17,36,"[0.3984729155032823, 0.6728808968441772]",-1,-1
1704,[0.39438299 0.68128023],17,36,"[0.3984729155032823, 0.6728808968441772]",117,97
1705,[0.46046791 0.65191728],17,21,"[0.4609870817439305, 0.702274209592598]",117,-1
1706,[0.4375276  0.79112064],17,20,"[0.4431801719912439, 0.7668078343201206]",117,-1
1707,[0.41474353 0.72037805],17,21,"[0.4609870817439305, 0.702274209592598]",117,-1
1708,[0.38157507 0.65610732],17,36,"[0.3984729155032823, 0.6728808968441772]",117,-1
1709,[0.39677017 0.69560267],17,36,"[0.3984729155032823, 0.6728808968441772]",-1,-1
1710,[0.47852418 0.61327482],17,15,"[0.5005882845969348, 0.6071157673844066]",-1,-1
1711,[0.50387309 0.78108583],17,20,"[0.4431801719912439, 0.7668078343201206]",-1,-1
1712,[0.34053815 0.71275921],17,0,"[0.3339356228276975, 0.7219842546928952]",117,98
1713,[0.47029647 0.70716172],17,21,"[0.4609870817439305, 0.702274209592598]",117,90
1714,[0.3731474  0.71076939],17,0,"[0.3339356228276975, 0.7219842546928952]",117,-1
1715,[0.41874637 0.73597231],17,20,"[0.4431801719912439, 0.7668078343201206]",117,-1
1716,[0.45627417 0.69162023],17,21,"[0.4609870817439305, 0.702274209592598]",117,90
1717,[0.44765369 0.71282602],17,21,"[0.4609870817439305, 0.702274209592598]",117,-1
1718,[0.34860052 0.61657861],17,7,"[0.3567953152728649, 0.610864568428335]",117,100
1719,[0.45918417 0.68789971],17,21,"[0.4609870817439305, 0.702274209592598]",117,90
1720,[0.42227836 0.71033044],17,21,"[0.4609870817439305, 0.702274209592598]",117,-1
1721,[0.41217339 0.65463154],17,36,"[0.3984729155032823, 0.6728808968441772]",117,-1
1722,[0.4857695  0.69585881],17,21,"[0.4609870817439305, 0.702274209592598]",117,-1
1723,[0.46274705 0.7844452 ],17,20,"[0.4431801719912439, 0.7668078343201206]",-1,-1
1724,[0.41541775 0.80371643],17,18,"[0.37162219884005204, 0.7974050461709582]",117,-1
1725,[0.50165006 0.82541528],17,-1,-1,-1,-1
1726,[0.4548436  0.64740312],17,23,"[0.42263643503799797, 0.6161205416303672]",117,-1
1727,[0.48696076 0.76686128],17,20,"[0.4431801719912439, 0.7668078343201206]",43,-1
1728,[0.38885205 0.68402392],17,36,"[0.3984729155032823, 0.6728808968441772]",117,97
1729,[0.4364313  0.68884278],17,21,"[0.4609870817439305, 0.702274209592598]",117,-1
1730,[0.42879793 0.66985968],17,36,"[0.3984729155032823, 0.6728808968441772]",117,-1
1731,[0.42246128 0.67885735],17,36,"[0.3984729155032823, 0.6728808968441772]",117,-1
1732,[0.42112793 0.7396789 ],17,20,"[0.4431801719912439, 0.7668078343201206]",117,-1
1733,[0.45964086 0.69181848],17,21,"[0.4609870817439305, 0.702274209592598]",117,90
1734,[0.40120894 0.70823499],17,36,"[0.3984729155032823, 0.6728808968441772]",117,91
1735,[0.46486071 0.66211019],17,21,"[0.4609870817439305, 0.702274209592598]",117,90
1736,[0.51142563 0.67710596],17,35,"[0.5368175380560374, 0.7057468765352064]",117,-1
1737,[0.43347019 0.8025773 ],17,20,"[0.4431801719912439, 0.7668078343201206]",117,-1
1738,[0.42046293 0.75376874],17,20,"[0.4431801719912439, 0.7668078343201206]",117,-1
1739,[0.42536457 0.74669898],17,20,"[0.4431801719912439, 0.7668078343201206]",117,-1
1740,[0.45783583 0.65894956],17,21,"[0.4609870817439305, 0.702274209592598]",117,90
1741,[0.46393178 0.66198346],17,21,"[0.4609870817439305, 0.702274209592598]",117,90
1742,[0.45746935 0.7512421 ],17,20,"[0.4431801719912439, 0.7668078343201206]",117,90
1743,[0.43955837 0.71864879],17,21,"[0.4609870817439305, 0.702274209592598]",117,90
1744,[0.36503566 0.74793883],17,0,"[0.3339356228276975, 0.7219842546928952]",117,98
1745,[0.44399641 0.67604292],17,21,"[0.4609870817439305, 0.702274209592598]",117,90
1746,[0.45989353 0.72075772],17,21,"[0.4609870817439305, 0.702274209592598]",117,-1
1747,[0.45630805 0.70317285],17,21,"[0.4609870817439305, 0.702274209592598]",117,-1
1748,[0.47374165 0.65012854],17,15,"[0.5005882845969348, 0.6071157673844066]",117,-1
1749,[0.38053079 0.69426569],17,36,"[0.3984729155032823, 0.6728808968441772]",117,-1
1750,[0.32936322 0.72180569],17,0,"[0.3339356228276975, 0.7219842546928952]",117,98
1751,[0.35061043 0.64981003],17,7,"[0.3567953152728649, 0.610864568428335]",117,100
1752,[0.38826262 0.66796539],17,36,"[0.3984729155032823, 0.6728808968441772]",117,97
1753,[0.38587353 0.67153708],17,36,"[0.3984729155032823, 0.6728808968441772]",117,97
1754,[0.41119331 0.65297785],17,36,"[0.3984729155032823, 0.6728808968441772]",117,-1
1755,[0.3404987  0.71034387],17,0,"[0.3339356228276975, 0.7219842546928952]",117,98
1756,[0.41355803 0.75059207],17,20,"[0.4431801719912439, 0.7668078343201206]",117,-1
1757,[0.40740289 0.68640856],17,36,"[0.3984729155032823, 0.6728808968441772]",117,-1
1758,[0.42602527 0.64726229],17,23,"[0.42263643503799797, 0.6161205416303672]",117,-1
1759,[0.49758252 0.75887072],17,20,"[0.4431801719912439, 0.7668078343201206]",43,-1
1760,[0.39380426 0.65487824],17,36,"[0.3984729155032823, 0.6728808968441772]",117,100
1761,[0.37638604 0.67255899],17,36,"[0.3984729155032823, 0.6728808968441772]",117,97
1762,[0.4065378  0.66506664],17,36,"[0.3984729155032823, 0.6728808968441772]",117,-1
1763,[0.36277865 0.63751512],17,7,"[0.3567953152728649, 0.610864568428335]",-1,-1
1764,[0.44595703 0.72637894],17,21,"[0.4609870817439305, 0.702274209592598]",117,90
1765,[0.44761554 0.67739172],17,21,"[0.4609870817439305, 0.702274209592598]",117,90
1766,[0.38653508 0.71120248],17,36,"[0.3984729155032823, 0.6728808968441772]",117,-1
1767,[0.43784307 0.67954913],17,21,"[0.4609870817439305, 0.702274209592598]",117,-1
1768,[0.44246187 0.63797214],17,23,"[0.42263643503799797, 0.6161205416303672]",117,-1
1769,[0.3723923  0.71200674],17,0,"[0.3339356228276975, 0.7219842546928952]",117,-1
1770,[0.33879158 0.66936583],17,14,"[0.2991912902140973, 0.6498158096286489]",117,100
1771,[0.48892423 0.70432208],17,21,"[0.4609870817439305, 0.702274209592598]",117,-1
1772,[0.51118729 0.64725208],17,15,"[0.5005882845969348, 0.6071157673844066]",117,51
1773,[0.34663161 0.72837356],17,0,"[0.3339356228276975, 0.7219842546928952]",117,98
1774,[0.46762423 0.63932673],17,15,"[0.5005882845969348, 0.6071157673844066]",117,-1
1775,[0.35493774 0.73183994],17,0,"[0.3339356228276975, 0.7219842546928952]",117,-1
1776,[0.43966275 0.63132216],17,23,"[0.42263643503799797, 0.6161205416303672]",117,-1
1777,[0.45234533 0.67809802],17,21,"[0.4609870817439305, 0.702274209592598]",117,90
1778,[0.48119273 0.76728659],17,20,"[0.4431801719912439, 0.7668078343201206]",43,-1
1779,[0.38970544 0.66793376],17,36,"[0.3984729155032823, 0.6728808968441772]",117,97
1780,[0.52162607 0.67207761],17,35,"[0.5368175380560374, 0.7057468765352064]",117,-1
1781,[0.49997965 0.7216242 ],17,35,"[0.5368175380560374, 0.7057468765352064]",117,-1
1782,[0.4049485 0.644664 ],17,36,"[0.3984729155032823, 0.6728808968441772]",117,100
1783,[0.44796254 0.73673216],17,20,"[0.4431801719912439, 0.7668078343201206]",117,-1
1784,[0.40270273 0.73676944],17,20,"[0.4431801719912439, 0.7668078343201206]",117,-1
1785,[0.43593206 0.72611908],17,21,"[0.4609870817439305, 0.702274209592598]",117,90
1786,[0.45512499 0.66010433],17,21,"[0.4609870817439305, 0.702274209592598]",117,90
1787,[0.5139441  0.71572823],17,35,"[0.5368175380560374, 0.7057468765352064]",-1,-1
1788,[0.3957178  0.56703062],17,29,"[0.4203507518330517, 0.5402216776416098]",117,100
1789,[0.45056238 0.67132942],17,21,"[0.4609870817439305, 0.702274209592598]",117,90
1790,[0.4301133  0.76520342],17,20,"[0.4431801719912439, 0.7668078343201206]",117,-1
1791,[0.43836137 0.6444823 ],17,23,"[0.42263643503799797, 0.6161205416303672]",117,-1
1792,[0.38430932 0.7241743 ],17,0,"[0.3339356228276975, 0.7219842546928952]",-1,-1
1793,[0.43694152 0.71632629],17,21,"[0.4609870817439305, 0.702274209592598]",117,90
1794,[0.36259561 0.72312937],17,0,"[0.3339356228276975, 0.7219842546928952]",117,-1
1795,[0.47982157 0.76915646],17,20,"[0.4431801719912439, 0.7668078343201206]",43,-1
1796,[0.36390182 0.73823289],17,0,"[0.3339356228276975, 0.7219842546928952]",117,98
1797,[0.4202275  0.68157354],17,36,"[0.3984729155032823, 0.6728808968441772]",117,-1
1798,[0.52500537 0.76487748],17,35,"[0.5368175380560374, 0.7057468765352064]",-1,-1
1799,[0.46225449 0.69214499],17,21,"[0.4609870817439305, 0.702274209592598]",117,90
1800,[0.46299512 0.51720438],18,28,"[0.4883199384691489, 0.5133386333280389]",-1,-1
1801,[0.36232256 0.6100051 ],18,7,"[0.3567953152728649, 0.610864568428335]",117,100
1802,[0.35834992 0.56961757],18,9,"[0.34993355860173564, 0.5388204709038561]",117,-1
1803,[0.44857052 0.64282492],18,23,"[0.42263643503799797, 0.6161205416303672]",-1,-1
1804,[0.37348582 0.63090158],18,7,"[0.3567953152728649, 0.610864568428335]",117,100
1805,[0.39605595 0.64570489],18,36,"[0.3984729155032823, 0.6728808968441772]",117,100
1806,[0.41878846 0.66331356],18,36,"[0.3984729155032823, 0.6728808968441772]",-1,-1
1807,[0.34065395 0.6313886 ],18,7,"[0.3567953152728649, 0.610864568428335]",117,-1
1808,[0.38319423 0.5231557 ],18,9,"[0.34993355860173564, 0.5388204709038561]",-1,-1
1809,[0.39751056 0.57107751],18,29,"[0.4203507518330517, 0.5402216776416098]",117,100
1810,[0.32157168 0.565905  ],18,9,"[0.34993355860173564, 0.5388204709038561]",117,100
1811,[0.38901914 0.58097136],18,7,"[0.3567953152728649, 0.610864568428335]",117,100
1812,[0.40792422 0.56654044],18,29,"[0.4203507518330517, 0.5402216776416098]",117,-1
1813,[0.3328491  0.65881558],18,14,"[0.2991912902140973, 0.6498158096286489]",117,-1
1814,[0.4109067  0.54814645],18,29,"[0.4203507518330517, 0.5402216776416098]",117,100
1815,[0.44180148 0.59432727],18,23,"[0.42263643503799797, 0.6161205416303672]",117,-1
1816,[0.39033286 0.59181222],18,7,"[0.3567953152728649, 0.610864568428335]",117,100
1817,[0.4289062  0.54923158],18,29,"[0.4203507518330517, 0.5402216776416098]",117,96
1818,[0.3417204  0.60841998],18,7,"[0.3567953152728649, 0.610864568428335]",117,-1
1819,[0.39817061 0.53886103],18,29,"[0.4203507518330517, 0.5402216776416098]",117,-1
1820,[0.35227364 0.62091227],18,7,"[0.3567953152728649, 0.610864568428335]",117,100
1821,[0.31038077 0.62654623],18,14,"[0.2991912902140973, 0.6498158096286489]",117,-1
1822,[0.35541937 0.5904527 ],18,7,"[0.3567953152728649, 0.610864568428335]",117,100
1823,[0.38456967 0.4887343 ],18,39,"[0.3669055865255626, 0.44498159830625134]",96,-1
1824,[0.41541382 0.60845468],18,23,"[0.42263643503799797, 0.6161205416303672]",117,-1
1825,[0.43551093 0.62125938],18,23,"[0.42263643503799797, 0.6161205416303672]",-1,-1
1826,[0.36057817 0.55603865],18,9,"[0.34993355860173564, 0.5388204709038561]",117,100
1827,[0.42962693 0.48207151],18,46,"[0.4417948344818715, 0.4376736545727672]",-1,-1
1828,[0.35261152 0.58350617],18,7,"[0.3567953152728649, 0.610864568428335]",117,100
1829,[0.45193263 0.57492024],18,29,"[0.4203507518330517, 0.5402216776416098]",117,96
1830,[0.38038147 0.670309  ],18,36,"[0.3984729155032823, 0.6728808968441772]",117,97
1831,[0.32433943 0.59736726],18,7,"[0.3567953152728649, 0.610864568428335]",117,-1
1832,[0.34643294 0.63704445],18,7,"[0.3567953152728649, 0.610864568428335]",117,100
1833,[0.35130531 0.58667263],18,7,"[0.3567953152728649, 0.610864568428335]",117,100
1834,[0.36750312 0.60243655],18,7,"[0.3567953152728649, 0.610864568428335]",117,100
1835,[0.30882052 0.59533862],18,7,"[0.3567953152728649, 0.610864568428335]",117,-1
1836,[0.3510556  0.63450497],18,7,"[0.3567953152728649, 0.610864568428335]",117,100
1837,[0.30957515 0.57388645],18,17,"[0.25907980690829885, 0.5772508610653444]",117,-1
1838,[0.30767708 0.56348695],18,9,"[0.34993355860173564, 0.5388204709038561]",117,-1
1839,[0.46169251 0.52266863],18,28,"[0.4883199384691489, 0.5133386333280389]",-1,-1
1840,[0.37902458 0.60654839],18,7,"[0.3567953152728649, 0.610864568428335]",117,100
1841,[0.4001062  0.54363779],18,29,"[0.4203507518330517, 0.5402216776416098]",117,100
1842,[0.37869756 0.56675307],18,9,"[0.34993355860173564, 0.5388204709038561]",117,100
1843,[0.37937195 0.57144962],18,9,"[0.34993355860173564, 0.5388204709038561]",117,100
1844,[0.4214691  0.48732737],18,29,"[0.4203507518330517, 0.5402216776416098]",-1,-1
1845,[0.31811545 0.55310025],18,9,"[0.34993355860173564, 0.5388204709038561]",-1,-1
1846,[0.39119505 0.57487473],18,29,"[0.4203507518330517, 0.5402216776416098]",117,100
1847,[0.32950503 0.61236645],18,7,"[0.3567953152728649, 0.610864568428335]",117,100
1848,[0.45639156 0.56487436],18,29,"[0.4203507518330517, 0.5402216776416098]",117,96
1849,[0.42885928 0.60018623],18,23,"[0.42263643503799797, 0.6161205416303672]",117,-1
1850,[0.35290285 0.56036271],18,9,"[0.34993355860173564, 0.5388204709038561]",117,-1
1851,[0.34209895 0.55443285],18,9,"[0.34993355860173564, 0.5388204709038561]",117,100
1852,[0.43889521 0.53337839],18,29,"[0.4203507518330517, 0.5402216776416098]",117,-1
1853,[0.41773682 0.59452808],18,23,"[0.42263643503799797, 0.6161205416303672]",117,-1
1854,[0.32288371 0.61347903],18,7,"[0.3567953152728649, 0.610864568428335]",117,100
1855,[0.38842516 0.57157348],18,29,"[0.4203507518330517, 0.5402216776416098]",117,100
1856,[0.34659969 0.54773409],18,9,"[0.34993355860173564, 0.5388204709038561]",117,100
1857,[0.34779082 0.48539984],18,39,"[0.3669055865255626, 0.44498159830625134]",-1,-1
1858,[0.4534309  0.56344573],18,29,"[0.4203507518330517, 0.5402216776416098]",117,96
1859,[0.33800389 0.57935881],18,7,"[0.3567953152728649, 0.610864568428335]",117,-1
1860,[0.34423133 0.61942485],18,7,"[0.3567953152728649, 0.610864568428335]",117,100
1861,[0.4104031  0.51660086],18,29,"[0.4203507518330517, 0.5402216776416098]",117,100
1862,[0.41319011 0.57449949],18,29,"[0.4203507518330517, 0.5402216776416098]",117,-1
1863,[0.32927233 0.58790904],18,7,"[0.3567953152728649, 0.610864568428335]",117,-1
1864,[0.36964972 0.50316507],18,9,"[0.34993355860173564, 0.5388204709038561]",117,76
1865,[0.34418754 0.52820401],18,9,"[0.34993355860173564, 0.5388204709038561]",117,100
1866,[0.4335538  0.54975498],18,29,"[0.4203507518330517, 0.5402216776416098]",117,96
1867,[0.35044391 0.53982742],18,9,"[0.34993355860173564, 0.5388204709038561]",117,-1
1868,[0.39143996 0.6155727 ],18,23,"[0.42263643503799797, 0.6161205416303672]",117,100
1869,[0.42996906 0.63056777],18,23,"[0.42263643503799797, 0.6161205416303672]",117,99
1870,[0.38215398 0.49324399],18,39,"[0.3669055865255626, 0.44498159830625134]",-1,-1
1871,[0.37059559 0.50448797],18,9,"[0.34993355860173564, 0.5388204709038561]",117,76
1872,[0.41898564 0.61844142],18,23,"[0.42263643503799797, 0.6161205416303672]",-1,-1
1873,[0.43058732 0.58720591],18,23,"[0.42263643503799797, 0.6161205416303672]",117,-1
1874,[0.33782882 0.59672934],18,7,"[0.3567953152728649, 0.610864568428335]",117,-1
1875,[0.39492723 0.58847833],18,23,"[0.42263643503799797, 0.6161205416303672]",117,100
1876,[0.4049696  0.58159111],18,23,"[0.42263643503799797, 0.6161205416303672]",117,-1
1877,[0.41634088 0.62104227],18,23,"[0.42263643503799797, 0.6161205416303672]",117,-1
1878,[0.36938959 0.62989682],18,7,"[0.3567953152728649, 0.610864568428335]",117,100
1879,[0.38348206 0.5625242 ],18,9,"[0.34993355860173564, 0.5388204709038561]",117,100
1880,[0.35731021 0.61329517],18,7,"[0.3567953152728649, 0.610864568428335]",117,100
1881,[0.45577196 0.65586898],18,21,"[0.4609870817439305, 0.702274209592598]",117,90
1882,[0.45739914 0.57795712],18,23,"[0.42263643503799797, 0.6161205416303672]",117,-1
1883,[0.3469048  0.54054866],18,9,"[0.34993355860173564, 0.5388204709038561]",117,100
1884,[0.35901308 0.53030238],18,9,"[0.34993355860173564, 0.5388204709038561]",117,-1
1885,[0.35170578 0.5763242 ],18,7,"[0.3567953152728649, 0.610864568428335]",117,100
1886,[0.38168701 0.58421177],18,7,"[0.3567953152728649, 0.610864568428335]",117,100
1887,[0.37840007 0.54749058],18,9,"[0.34993355860173564, 0.5388204709038561]",117,-1
1888,[0.39871652 0.59664416],18,23,"[0.42263643503799797, 0.6161205416303672]",117,100
1889,[0.51178821 0.6236561 ],18,15,"[0.5005882845969348, 0.6071157673844066]",-1,-1
1890,[0.43822374 0.59236106],18,23,"[0.42263643503799797, 0.6161205416303672]",117,-1
1891,[0.34448638 0.65587637],18,14,"[0.2991912902140973, 0.6498158096286489]",117,100
1892,[0.38700555 0.62137307],18,7,"[0.3567953152728649, 0.610864568428335]",117,-1
1893,[0.37044345 0.69492309],18,36,"[0.3984729155032823, 0.6728808968441772]",117,97
1894,[0.42962012 0.57161783],18,29,"[0.4203507518330517, 0.5402216776416098]",117,-1
1895,[0.38390539 0.58328576],18,7,"[0.3567953152728649, 0.610864568428335]",117,100
1896,[0.39504054 0.58969746],18,23,"[0.42263643503799797, 0.6161205416303672]",117,100
1897,[0.38256201 0.63989109],18,36,"[0.3984729155032823, 0.6728808968441772]",117,100
1898,[0.41064033 0.56982311],18,29,"[0.4203507518330517, 0.5402216776416098]",117,-1
1899,[0.43952846 0.56532649],18,29,"[0.4203507518330517, 0.5402216776416098]",117,96
1900,[0.34675333 0.42112071],19,39,"[0.3669055865255626, 0.44498159830625134]",114,74
1901,[0.32446203 0.38720896],19,3,"[0.32011025026158857, 0.3826718810103493]",114,94
1902,[0.41510464 0.3838328 ],19,13,"[0.39947133599624457, 0.3634561327160814]",114,71
1903,[0.3520961  0.33312331],19,31,"[0.3442046468432694, 0.303512725044185]",114,-1
1904,[0.33027238 0.39740237],19,3,"[0.32011025026158857, 0.3826718810103493]",114,94
1905,[0.40051375 0.37425648],19,13,"[0.39947133599624457, 0.3634561327160814]",114,71
1906,[0.38305197 0.44348084],19,39,"[0.3669055865255626, 0.44498159830625134]",114,75
1907,[0.30860283 0.41877667],19,3,"[0.32011025026158857, 0.3826718810103493]",-1,-1
1908,[0.33523401 0.40295121],19,3,"[0.32011025026158857, 0.3826718810103493]",-1,-1
1909,[0.37862611 0.45633837],19,39,"[0.3669055865255626, 0.44498159830625134]",114,75
1910,[0.43848633 0.462815  ],19,46,"[0.4417948344818715, 0.4376736545727672]",-1,-1
1911,[0.41960089 0.33596415],19,13,"[0.39947133599624457, 0.3634561327160814]",-1,-1
1912,[0.30217178 0.429351  ],19,16,"[0.2555939088543306, 0.4149016525883056]",114,-1
1913,[0.37693985 0.36441271],19,13,"[0.39947133599624457, 0.3634561327160814]",114,-1
1914,[0.37124234 0.38828646],19,13,"[0.39947133599624457, 0.3634561327160814]",114,93
1915,[0.38521014 0.45753766],19,39,"[0.3669055865255626, 0.44498159830625134]",114,-1
1916,[0.36572656 0.33142318],19,31,"[0.3442046468432694, 0.303512725044185]",114,85
1917,[0.34888773 0.43448649],19,39,"[0.3669055865255626, 0.44498159830625134]",114,-1
1918,[0.31923003 0.46957058],19,39,"[0.3669055865255626, 0.44498159830625134]",77,15
1919,[0.36788502 0.38300947],19,13,"[0.39947133599624457, 0.3634561327160814]",114,93
1920,[0.35478476 0.38603922],19,3,"[0.32011025026158857, 0.3826718810103493]",114,93
1921,[0.42518655 0.36973656],19,13,"[0.39947133599624457, 0.3634561327160814]",114,-1
1922,[0.36177485 0.39692742],19,3,"[0.32011025026158857, 0.3826718810103493]",114,93
1923,[0.36359184 0.3483722 ],19,13,"[0.39947133599624457, 0.3634561327160814]",114,-1
1924,[0.31027295 0.27038801],19,30,"[0.2966359808455789, 0.2452350977488949]",114,-1
1925,[0.39830335 0.45207063],19,39,"[0.3669055865255626, 0.44498159830625134]",114,-1
1926,[0.3113402  0.37566104],19,3,"[0.32011025026158857, 0.3826718810103493]",114,-1
1927,[0.45107599 0.44080199],19,46,"[0.4417948344818715, 0.4376736545727672]",76,21
1928,[0.47964308 0.39226478],19,55,"[0.4911189724579566, 0.36032847748337926]",94,-1
1929,[0.30265295 0.39009485],19,3,"[0.32011025026158857, 0.3826718810103493]",114,94
1930,[0.30810984 0.36533562],19,3,"[0.32011025026158857, 0.3826718810103493]",114,94
1931,[0.41662536 0.38901215],19,13,"[0.39947133599624457, 0.3634561327160814]",114,71
1932,[0.34720988 0.48783099],19,39,"[0.3669055865255626, 0.44498159830625134]",-1,-1
1933,[0.42268793 0.39265224],19,13,"[0.39947133599624457, 0.3634561327160814]",114,71
1934,[0.36209566 0.38535935],19,3,"[0.32011025026158857, 0.3826718810103493]",114,93
1935,[0.35601857 0.41756405],19,39,"[0.3669055865255626, 0.44498159830625134]",114,-1
1936,[0.40067215 0.38666688],19,13,"[0.39947133599624457, 0.3634561327160814]",114,71
1937,[0.31387962 0.42757027],19,3,"[0.32011025026158857, 0.3826718810103493]",114,-1
1938,[0.38917203 0.33740556],19,13,"[0.39947133599624457, 0.3634561327160814]",-1,-1
1939,[0.40951871 0.44385131],19,46,"[0.4417948344818715, 0.4376736545727672]",-1,-1
1940,[0.3691063  0.36764475],19,13,"[0.39947133599624457, 0.3634561327160814]",114,-1
1941,[0.3166908  0.42894755],19,3,"[0.32011025026158857, 0.3826718810103493]",114,-1
1942,[0.32523436 0.32570773],19,31,"[0.3442046468432694, 0.303512725044185]",114,87
1943,[0.40911876 0.39328017],19,13,"[0.39947133599624457, 0.3634561327160814]",114,71
1944,[0.45091886 0.42013859],19,46,"[0.4417948344818715, 0.4376736545727672]",54,-1
1945,[0.3306273  0.39404658],19,3,"[0.32011025026158857, 0.3826718810103493]",114,94
1946,[0.35565039 0.40491585],19,39,"[0.3669055865255626, 0.44498159830625134]",114,93
1947,[0.35367602 0.3911691 ],19,3,"[0.32011025026158857, 0.3826718810103493]",114,93
1948,[0.41958483 0.38494362],19,13,"[0.39947133599624457, 0.3634561327160814]",114,71
1949,[0.50885798 0.46617783],19,81,"[0.5486595324958304, 0.45111899886780193]",79,-1
1950,[0.35535825 0.41796093],19,39,"[0.3669055865255626, 0.44498159830625134]",114,-1
1951,[0.43806409 0.44823164],19,46,"[0.4417948344818715, 0.4376736545727672]",76,-1
1952,[0.38096983 0.48026133],19,39,"[0.3669055865255626, 0.44498159830625134]",96,-1
1953,[0.39505602 0.43783184],19,39,"[0.3669055865255626, 0.44498159830625134]",114,-1
1954,[0.34729954 0.38928104],19,3,"[0.32011025026158857, 0.3826718810103493]",114,93
1955,[0.37424983 0.37837176],19,13,"[0.39947133599624457, 0.3634561327160814]",114,-1
1956,[0.41960875 0.43367264],19,46,"[0.4417948344818715, 0.4376736545727672]",114,-1
1957,[0.40452728 0.38996182],19,13,"[0.39947133599624457, 0.3634561327160814]",114,71
1958,[0.36463093 0.32530323],19,31,"[0.3442046468432694, 0.303512725044185]",114,85
1959,[0.39642343 0.45769774],19,39,"[0.3669055865255626, 0.44498159830625134]",-1,-1
1960,[0.39412498 0.35366395],19,13,"[0.39947133599624457, 0.3634561327160814]",114,-1
1961,[0.43050333 0.39932208],19,46,"[0.4417948344818715, 0.4376736545727672]",114,71
1962,[0.35644779 0.42883368],19,39,"[0.3669055865255626, 0.44498159830625134]",114,74
1963,[0.43299462 0.36920732],19,13,"[0.39947133599624457, 0.3634561327160814]",114,-1
1964,[0.35050032 0.43111106],19,39,"[0.3669055865255626, 0.44498159830625134]",114,74
1965,[0.36778817 0.33593346],19,31,"[0.3442046468432694, 0.303512725044185]",114,-1
1966,[0.4273574  0.44528482],19,46,"[0.4417948344818715, 0.4376736545727672]",-1,-1
1967,[0.40199929 0.33896907],19,13,"[0.39947133599624457, 0.3634561327160814]",114,-1
1968,[0.37808256 0.34215039],19,13,"[0.39947133599624457, 0.3634561327160814]",-1,-1
1969,[0.39774377 0.45180179],19,39,"[0.3669055865255626, 0.44498159830625134]",114,-1
1970,[0.39788149 0.35279101],19,13,"[0.39947133599624457, 0.3634561327160814]",114,-1
1971,[0.33874179 0.39179228],19,3,"[0.32011025026158857, 0.3826718810103493]",114,94
1972,[0.37419885 0.39290418],19,13,"[0.39947133599624457, 0.3634561327160814]",114,93
1973,[0.41170107 0.39134752],19,13,"[0.39947133599624457, 0.3634561327160814]",114,71
1974,[0.38250752 0.35886327],19,13,"[0.39947133599624457, 0.3634561327160814]",114,-1
1975,[0.27069517 0.36428061],19,5,"[0.25263933558285595, 0.3182434845400105]",114,-1
1976,[0.36728776 0.35210343],19,13,"[0.39947133599624457, 0.3634561327160814]",114,92
1977,[0.34923598 0.39625681],19,3,"[0.32011025026158857, 0.3826718810103493]",114,93
1978,[0.42537821 0.43743648],19,46,"[0.4417948344818715, 0.4376736545727672]",114,-1
1979,[0.41959513 0.41192712],19,46,"[0.4417948344818715, 0.4376736545727672]",114,-1
1980,[0.44963273 0.44749697],19,46,"[0.4417948344818715, 0.4376736545727672]",76,21
1981,[0.39047862 0.43440723],19,39,"[0.3669055865255626, 0.44498159830625134]",114,-1
1982,[0.4163749  0.33234209],19,13,"[0.39947133599624457, 0.3634561327160814]",-1,-1
1983,[0.40718018 0.43459794],19,46,"[0.4417948344818715, 0.4376736545727672]",114,-1
1984,[0.3715444  0.36530576],19,13,"[0.39947133599624457, 0.3634561327160814]",114,-1
1985,[0.41012849 0.37198109],19,13,"[0.39947133599624457, 0.3634561327160814]",-1,-1
1986,[0.40831686 0.38530919],19,13,"[0.39947133599624457, 0.3634561327160814]",114,71
1987,[0.34904623 0.36829377],19,3,"[0.32011025026158857, 0.3826718810103493]",114,93
1988,[0.35509536 0.45225049],19,39,"[0.3669055865255626, 0.44498159830625134]",-1,-1
1989,[0.30372187 0.41086127],19,3,"[0.32011025026158857, 0.3826718810103493]",114,-1
1990,[0.4075743 0.4109111],19,46,"[0.4417948344818715, 0.4376736545727672]",112,-1
1991,[0.35234297 0.37338568],19,3,"[0.32011025026158857, 0.3826718810103493]",114,93
1992,[0.31499151 0.47562903],19,32,"[0.2628401192296225, 0.49392472915708574]",77,15
1993,[0.38159262 0.39796534],19,13,"[0.39947133599624457, 0.3634561327160814]",114,93
1994,[0.40367895 0.40872151],19,13,"[0.39947133599624457, 0.3634561327160814]",112,-1
1995,[0.46347795 0.39903943],19,46,"[0.4417948344818715, 0.4376736545727672]",64,-1
1996,[0.4449171  0.44760094],19,46,"[0.4417948344818715, 0.4376736545727672]",76,21
1997,[0.37769817 0.44167356],19,39,"[0.3669055865255626, 0.44498159830625134]",114,75
1998,[0.33366073 0.36020686],19,3,"[0.32011025026158857, 0.3826718810103493]",114,88
1999,[0.38692894 0.38978902],19,13,"[0.39947133599624457, 0.3634561327160814]",114,-1
2000,[0.31416541 0.6597679 ],20,14,"[0.2991912902140973, 0.6498158096286489]",117,100
2001,[0.3187626  0.67096888],20,14,"[0.2991912902140973, 0.6498158096286489]",117,100
2002,[0.34402464 0.6099304 ],20,7,"[0.3567953152728649, 0.610864568428335]",117,100
2003,[0.31969286 0.57276472],20,9,"[0.34993355860173564, 0.5388204709038561]",117,-1
2004,[0.31044229 0.62768621],20,14,"[0.2991912902140973, 0.6498158096286489]",117,100
2005,[0.36140661 0.68251245],20,36,"[0.3984729155032823, 0.6728808968441772]",117,-1
2006,[0.30498255 0.6884447 ],20,14,"[0.2991912902140973, 0.6498158096286489]",117,-1
2007,[0.3329629  0.73035077],20,0,"[0.3339356228276975, 0.7219842546928952]",117,98
2008,[0.31606065 0.60501579],20,7,"[0.3567953152728649, 0.610864568428335]",117,100
2009,[0.27483141 0.66412305],20,14,"[0.2991912902140973, 0.6498158096286489]",-1,-1
2010,[0.35350656 0.64693108],20,7,"[0.3567953152728649, 0.610864568428335]",117,100
2011,[0.41276059 0.69286961],20,36,"[0.3984729155032823, 0.6728808968441772]",117,-1
2012,[0.23981441 0.72608028],20,42,"[0.2346625058996496, 0.695644821677479]",-1,-1
2013,[0.33828669 0.64167933],20,7,"[0.3567953152728649, 0.610864568428335]",117,100
2014,[0.35169414 0.67452781],20,36,"[0.3984729155032823, 0.6728808968441772]",117,100
2015,[0.35218474 0.60581134],20,7,"[0.3567953152728649, 0.610864568428335]",117,100
2016,[0.26531556 0.59173429],20,17,"[0.25907980690829885, 0.5772508610653444]",117,79
2017,[0.31626981 0.63724483],20,14,"[0.2991912902140973, 0.6498158096286489]",117,100
2018,[0.34920122 0.67411765],20,36,"[0.3984729155032823, 0.6728808968441772]",117,100
2019,[0.41960855 0.59295083],20,23,"[0.42263643503799797, 0.6161205416303672]",117,-1
2020,[0.3088112  0.68854493],20,14,"[0.2991912902140973, 0.6498158096286489]",117,-1
2021,[0.33404761 0.66782889],20,14,"[0.2991912902140973, 0.6498158096286489]",117,100
2022,[0.33577081 0.64755262],20,14,"[0.2991912902140973, 0.6498158096286489]",117,100
2023,[0.31425468 0.68334406],20,14,"[0.2991912902140973, 0.6498158096286489]",117,100
2024,[0.29097519 0.66154574],20,14,"[0.2991912902140973, 0.6498158096286489]",-1,-1
2025,[0.31784629 0.70091579],20,0,"[0.3339356228276975, 0.7219842546928952]",-1,-1
2026,[0.32278675 0.55419038],20,9,"[0.34993355860173564, 0.5388204709038561]",117,-1
2027,[0.24478787 0.63660497],20,14,"[0.2991912902140973, 0.6498158096286489]",115,59
2028,[0.26051592 0.6457966 ],20,14,"[0.2991912902140973, 0.6498158096286489]",115,-1
2029,[0.28848764 0.60252475],20,17,"[0.25907980690829885, 0.5772508610653444]",117,-1
2030,[0.40125529 0.63734644],20,23,"[0.42263643503799797, 0.6161205416303672]",117,100
2031,[0.35717015 0.66390049],20,36,"[0.3984729155032823, 0.6728808968441772]",117,-1
2032,[0.36439163 0.64596517],20,7,"[0.3567953152728649, 0.610864568428335]",117,-1
2033,[0.3212888  0.65896635],20,14,"[0.2991912902140973, 0.6498158096286489]",117,100
2034,[0.29132227 0.63546367],20,14,"[0.2991912902140973, 0.6498158096286489]",-1,-1
2035,[0.28094339 0.66301599],20,14,"[0.2991912902140973, 0.6498158096286489]",117,-1
2036,[0.41063246 0.70508362],20,36,"[0.3984729155032823, 0.6728808968441772]",117,-1
2037,[0.35858151 0.67154606],20,36,"[0.3984729155032823, 0.6728808968441772]",117,100
2038,[0.24434427 0.6067745 ],20,17,"[0.25907980690829885, 0.5772508610653444]",117,-1
2039,[0.26570932 0.66054293],20,14,"[0.2991912902140973, 0.6498158096286489]",-1,-1
2040,[0.34534661 0.64479867],20,7,"[0.3567953152728649, 0.610864568428335]",117,100
2041,[0.30907174 0.60572665],20,14,"[0.2991912902140973, 0.6498158096286489]",117,-1
2042,[0.3570338  0.77770185],20,18,"[0.37162219884005204, 0.7974050461709582]",117,-1
2043,[0.31763482 0.684991  ],20,14,"[0.2991912902140973, 0.6498158096286489]",117,100
2044,[0.30031774 0.63672384],20,14,"[0.2991912902140973, 0.6498158096286489]",-1,-1
2045,[0.33684991 0.61752904],20,7,"[0.3567953152728649, 0.610864568428335]",117,100
2046,[0.24758117 0.67916239],20,42,"[0.2346625058996496, 0.695644821677479]",-1,-1
2047,[0.39328022 0.65048273],20,36,"[0.3984729155032823, 0.6728808968441772]",117,100
2048,[0.32648872 0.70637949],20,0,"[0.3339356228276975, 0.7219842546928952]",117,-1
2049,[0.31413555 0.6652324 ],20,14,"[0.2991912902140973, 0.6498158096286489]",117,100
2050,[0.32038493 0.66982037],20,14,"[0.2991912902140973, 0.6498158096286489]",117,100
2051,[0.3508255  0.68359898],20,0,"[0.3339356228276975, 0.7219842546928952]",117,-1
2052,[0.25956591 0.628478  ],20,14,"[0.2991912902140973, 0.6498158096286489]",115,59
2053,[0.36306828 0.69885636],20,0,"[0.3339356228276975, 0.7219842546928952]",117,97
2054,[0.25485153 0.66774679],20,42,"[0.2346625058996496, 0.695644821677479]",-1,-1
2055,[0.29030498 0.67335256],20,14,"[0.2991912902140973, 0.6498158096286489]",117,-1
2056,[0.27289157 0.62778936],20,14,"[0.2991912902140973, 0.6498158096286489]",-1,-1
2057,[0.37601969 0.63529965],20,7,"[0.3567953152728649, 0.610864568428335]",117,100
2058,[0.27777539 0.70840125],20,42,"[0.2346625058996496, 0.695644821677479]",117,98
2059,[0.30752994 0.61044139],20,14,"[0.2991912902140973, 0.6498158096286489]",117,100
2060,[0.33657147 0.66093474],20,14,"[0.2991912902140973, 0.6498158096286489]",117,100
2061,[0.32745907 0.603189  ],20,7,"[0.3567953152728649, 0.610864568428335]",117,-1
2062,[0.33960329 0.69618602],20,0,"[0.3339356228276975, 0.7219842546928952]",117,98
2063,[0.2847584  0.70657603],20,42,"[0.2346625058996496, 0.695644821677479]",117,98
2064,[0.3467943  0.66239309],20,14,"[0.2991912902140973, 0.6498158096286489]",117,100
2065,[0.31980758 0.68930756],20,0,"[0.3339356228276975, 0.7219842546928952]",117,-1
2066,[0.36264132 0.71771891],20,0,"[0.3339356228276975, 0.7219842546928952]",117,-1
2067,[0.31465797 0.64312812],20,14,"[0.2991912902140973, 0.6498158096286489]",117,100
2068,[0.34392739 0.65491811],20,14,"[0.2991912902140973, 0.6498158096286489]",117,100
2069,[0.27196764 0.69249527],20,42,"[0.2346625058996496, 0.695644821677479]",117,-1
2070,[0.39353168 0.6080722 ],20,23,"[0.42263643503799797, 0.6161205416303672]",117,100
2071,[0.29826382 0.61424793],20,14,"[0.2991912902140973, 0.6498158096286489]",117,-1
2072,[0.23359923 0.67273113],20,42,"[0.2346625058996496, 0.695644821677479]",-1,-1
2073,[0.37412659 0.62607957],20,7,"[0.3567953152728649, 0.610864568428335]",117,100
2074,[0.33105952 0.63808274],20,14,"[0.2991912902140973, 0.6498158096286489]",117,100
2075,[0.32923196 0.64961038],20,14,"[0.2991912902140973, 0.6498158096286489]",117,100
2076,[0.36980018 0.59963709],20,7,"[0.3567953152728649, 0.610864568428335]",117,100
2077,[0.31842572 0.61446624],20,7,"[0.3567953152728649, 0.610864568428335]",117,100
2078,[0.35338569 0.64652207],20,7,"[0.3567953152728649, 0.610864568428335]",117,100
2079,[0.30741957 0.62620048],20,14,"[0.2991912902140973, 0.6498158096286489]",117,100
2080,[0.29111864 0.68433361],20,14,"[0.2991912902140973, 0.6498158096286489]",117,-1
2081,[0.25836715 0.59731861],20,17,"[0.25907980690829885, 0.5772508610653444]",117,79
2082,[0.35430935 0.74150332],20,0,"[0.3339356228276975, 0.7219842546928952]",117,98
2083,[0.32882922 0.57518013],20,9,"[0.34993355860173564, 0.5388204709038561]",117,100
2084,[0.28576904 0.66064968],20,14,"[0.2991912902140973, 0.6498158096286489]",117,-1
2085,[0.21080141 0.61619753],20,45,"[0.18958709402210344, 0.5831400503639066]",-1,-1
2086,[0.26469032 0.68689994],20,42,"[0.2346625058996496, 0.695644821677479]",117,-1
2087,[0.30415043 0.7214793 ],20,0,"[0.3339356228276975, 0.7219842546928952]",117,98
2088,[0.32395649 0.6787048 ],20,14,"[0.2991912902140973, 0.6498158096286489]",117,100
2089,[0.32560846 0.61765698],20,7,"[0.3567953152728649, 0.610864568428335]",117,100
2090,[0.34895774 0.63250118],20,7,"[0.3567953152728649, 0.610864568428335]",117,100
2091,[0.35768706 0.64031875],20,7,"[0.3567953152728649, 0.610864568428335]",117,-1
2092,[0.40084474 0.62877549],20,23,"[0.42263643503799797, 0.6161205416303672]",117,100
2093,[0.2151829  0.72552726],20,42,"[0.2346625058996496, 0.695644821677479]",-1,-1
2094,[0.24029385 0.66429823],20,42,"[0.2346625058996496, 0.695644821677479]",-1,-1
2095,[0.29534132 0.68307275],20,14,"[0.2991912902140973, 0.6498158096286489]",117,-1
2096,[0.34877003 0.67937247],20,0,"[0.3339356228276975, 0.7219842546928952]",117,100
2097,[0.28051733 0.67100605],20,14,"[0.2991912902140973, 0.6498158096286489]",117,-1
2098,[0.25626709 0.60403372],20,17,"[0.25907980690829885, 0.5772508610653444]",117,79
2099,[0.37209094 0.60046561],20,7,"[0.3567953152728649, 0.610864568428335]",117,100
2100,[0.32166606 0.39272195],21,3,"[0.32011025026158857, 0.3826718810103493]",114,94
2101,[0.23088535 0.29511406],21,5,"[0.25263933558285595, 0.3182434845400105]",114,-1
2102,[0.27164167 0.32034917],21,5,"[0.25263933558285595, 0.3182434845400105]",114,-1
2103,[0.2660781  0.29689711],21,5,"[0.25263933558285595, 0.3182434845400105]",114,-1
2104,[0.23982844 0.36486216],21,58,"[0.20200162677094644, 0.3700588211289526]",114,84
2105,[0.30384567 0.29310801],21,31,"[0.3442046468432694, 0.303512725044185]",-1,-1
2106,[0.20583276 0.24560313],21,38,"[0.21237696572363113, 0.23587686359823726]",114,-1
2107,[0.26198166 0.30657305],21,5,"[0.25263933558285595, 0.3182434845400105]",114,94
2108,[0.27978311 0.29862201],21,5,"[0.25263933558285595, 0.3182434845400105]",114,94
2109,[0.3308019  0.32553943],21,31,"[0.3442046468432694, 0.303512725044185]",114,-1
2110,[0.32479471 0.30268054],21,31,"[0.3442046468432694, 0.303512725044185]",114,87
2111,[0.26880107 0.37957297],21,16,"[0.2555939088543306, 0.4149016525883056]",114,-1
2112,[0.28045473 0.37690694],21,3,"[0.32011025026158857, 0.3826718810103493]",114,94
2113,[0.32402524 0.35123979],21,3,"[0.32011025026158857, 0.3826718810103493]",114,-1
2114,[0.33818854 0.32725328],21,31,"[0.3442046468432694, 0.303512725044185]",114,-1
2115,[0.28975274 0.43165168],21,16,"[0.2555939088543306, 0.4149016525883056]",114,-1
2116,[0.32514518 0.30862424],21,31,"[0.3442046468432694, 0.303512725044185]",114,87
2117,[0.31489043 0.28663397],21,31,"[0.3442046468432694, 0.303512725044185]",-1,-1
2118,[0.31978416 0.31074276],21,31,"[0.3442046468432694, 0.303512725044185]",114,87
2119,[0.36788977 0.29168977],21,31,"[0.3442046468432694, 0.303512725044185]",114,-1
2120,[0.30439451 0.33788676],21,3,"[0.32011025026158857, 0.3826718810103493]",114,94
2121,[0.36261403 0.32161021],21,31,"[0.3442046468432694, 0.303512725044185]",114,85
2122,[0.25225549 0.34900159],21,5,"[0.25263933558285595, 0.3182434845400105]",114,84
2123,[0.24856302 0.37736578],21,16,"[0.2555939088543306, 0.4149016525883056]",114,84
2124,[0.30327195 0.35471996],21,3,"[0.32011025026158857, 0.3826718810103493]",114,94
2125,[0.29581423 0.28428068],21,30,"[0.2966359808455789, 0.2452350977488949]",114,-1
2126,[0.23887868 0.33808317],21,5,"[0.25263933558285595, 0.3182434845400105]",114,-1
2127,[0.19384136 0.40627547],21,58,"[0.20200162677094644, 0.3700588211289526]",72,-1
2128,[0.27338047 0.33277082],21,5,"[0.25263933558285595, 0.3182434845400105]",114,-1
2129,[0.32901669 0.31125034],21,31,"[0.3442046468432694, 0.303512725044185]",114,87
2130,[0.36080732 0.42773926],21,39,"[0.3669055865255626, 0.44498159830625134]",114,74
2131,[0.2565081  0.28199803],21,5,"[0.25263933558285595, 0.3182434845400105]",114,94
2132,[0.28195449 0.36244352],21,3,"[0.32011025026158857, 0.3826718810103493]",114,-1
2133,[0.28842269 0.26115236],21,30,"[0.2966359808455789, 0.2452350977488949]",-1,-1
2134,[0.39486748 0.33497435],21,13,"[0.39947133599624457, 0.3634561327160814]",-1,-1
2135,[0.28269753 0.30505115],21,5,"[0.25263933558285595, 0.3182434845400105]",114,94
2136,[0.3302894  0.30912375],21,31,"[0.3442046468432694, 0.303512725044185]",114,-1
2137,[0.37543023 0.36197386],21,13,"[0.39947133599624457, 0.3634561327160814]",114,92
2138,[0.36897637 0.38310317],21,13,"[0.39947133599624457, 0.3634561327160814]",114,93
2139,[0.31343617 0.39990934],21,3,"[0.32011025026158857, 0.3826718810103493]",114,94
2140,[0.3118841  0.34635469],21,3,"[0.32011025026158857, 0.3826718810103493]",114,-1
2141,[0.23455218 0.31648528],21,5,"[0.25263933558285595, 0.3182434845400105]",114,94
2142,[0.27723072 0.27544403],21,30,"[0.2966359808455789, 0.2452350977488949]",114,94
2143,[0.23365348 0.35656728],21,58,"[0.20200162677094644, 0.3700588211289526]",114,84
2144,[0.24750115 0.36505846],21,58,"[0.20200162677094644, 0.3700588211289526]",114,84
2145,[0.28808543 0.37005133],21,3,"[0.32011025026158857, 0.3826718810103493]",114,-1
2146,[0.30722727 0.38043207],21,3,"[0.32011025026158857, 0.3826718810103493]",114,-1
2147,[0.4065859  0.40755071],21,13,"[0.39947133599624457, 0.3634561327160814]",-1,-1
2148,[0.34255089 0.29231719],21,31,"[0.3442046468432694, 0.303512725044185]",-1,-1
2149,[0.30026456 0.22782512],21,30,"[0.2966359808455789, 0.2452350977488949]",114,-1
2150,[0.29077363 0.28546797],21,30,"[0.2966359808455789, 0.2452350977488949]",114,-1
2151,[0.33775658 0.27997597],21,31,"[0.3442046468432694, 0.303512725044185]",-1,-1
2152,[0.35120663 0.27355147],21,31,"[0.3442046468432694, 0.303512725044185]",-1,-1
2153,[0.40779011 0.42475621],21,46,"[0.4417948344818715, 0.4376736545727672]",-1,-1
2154,[0.32701943 0.36816037],21,3,"[0.32011025026158857, 0.3826718810103493]",114,88
2155,[0.34636073 0.42612588],21,39,"[0.3669055865255626, 0.44498159830625134]",114,74
2156,[0.3334746  0.30253617],21,31,"[0.3442046468432694, 0.303512725044185]",114,87
2157,[0.35045053 0.31306964],21,31,"[0.3442046468432694, 0.303512725044185]",-1,-1
2158,[0.27306783 0.24007595],21,30,"[0.2966359808455789, 0.2452350977488949]",114,80
2159,[0.294352   0.36373065],21,3,"[0.32011025026158857, 0.3826718810103493]",114,94
2160,[0.24107315 0.45494137],21,16,"[0.2555939088543306, 0.4149016525883056]",114,-1
2161,[0.23002998 0.3204284 ],21,5,"[0.25263933558285595, 0.3182434845400105]",114,94
2162,[0.20082347 0.32425519],21,58,"[0.20200162677094644, 0.3700588211289526]",41,13
2163,[0.30471906 0.34476684],21,3,"[0.32011025026158857, 0.3826718810103493]",114,94
2164,[0.25268092 0.32247302],21,5,"[0.25263933558285595, 0.3182434845400105]",114,94
2165,[0.29863632 0.32049445],21,5,"[0.25263933558285595, 0.3182434845400105]",114,-1
2166,[0.27628049 0.34531413],21,5,"[0.25263933558285595, 0.3182434845400105]",114,-1
2167,[0.35605457 0.26338067],21,31,"[0.3442046468432694, 0.303512725044185]",100,16
2168,[0.3207637  0.36832014],21,3,"[0.32011025026158857, 0.3826718810103493]",114,-1
2169,[0.24581399 0.25927602],21,38,"[0.21237696572363113, 0.23587686359823726]",114,-1
2170,[0.3430252  0.28072179],21,31,"[0.3442046468432694, 0.303512725044185]",-1,-1
2171,[0.22827879 0.35334284],21,58,"[0.20200162677094644, 0.3700588211289526]",114,-1
2172,[0.22153884 0.39663925],21,58,"[0.20200162677094644, 0.3700588211289526]",114,-1
2173,[0.29036942 0.33357508],21,5,"[0.25263933558285595, 0.3182434845400105]",114,94
2174,[0.28107742 0.31452513],21,5,"[0.25263933558285595, 0.3182434845400105]",114,94
2175,[0.31812297 0.33056506],21,31,"[0.3442046468432694, 0.303512725044185]",114,-1
2176,[0.2717948  0.29864715],21,5,"[0.25263933558285595, 0.3182434845400105]",114,94
2177,[0.3590375  0.39320213],21,3,"[0.32011025026158857, 0.3826718810103493]",114,93
2178,[0.28526387 0.35795573],21,3,"[0.32011025026158857, 0.3826718810103493]",114,-1
2179,[0.26138735 0.41387281],21,16,"[0.2555939088543306, 0.4149016525883056]",114,-1
2180,[0.34863841 0.30472235],21,31,"[0.3442046468432694, 0.303512725044185]",114,-1
2181,[0.35967111 0.29234397],21,31,"[0.3442046468432694, 0.303512725044185]",114,-1
2182,[0.25074807 0.37494099],21,16,"[0.2555939088543306, 0.4149016525883056]",114,84
2183,[0.29771262 0.34710552],21,3,"[0.32011025026158857, 0.3826718810103493]",114,94
2184,[0.26724146 0.34851232],21,5,"[0.25263933558285595, 0.3182434845400105]",114,-1
2185,[0.28199939 0.38413162],21,3,"[0.32011025026158857, 0.3826718810103493]",114,-1
2186,[0.34194474 0.34311732],21,31,"[0.3442046468432694, 0.303512725044185]",114,-1
2187,[0.25726009 0.35787795],21,5,"[0.25263933558285595, 0.3182434845400105]",114,-1
2188,[0.30547158 0.34600855],21,3,"[0.32011025026158857, 0.3826718810103493]",114,94
2189,[0.31432918 0.29816981],21,31,"[0.3442046468432694, 0.303512725044185]",114,-1
2190,[0.29615155 0.33558706],21,5,"[0.25263933558285595, 0.3182434845400105]",114,94
2191,[0.30622659 0.35952657],21,3,"[0.32011025026158857, 0.3826718810103493]",114,94
2192,[0.28163171 0.3119696 ],21,5,"[0.25263933558285595, 0.3182434845400105]",114,94
2193,[0.29264196 0.37308985],21,3,"[0.32011025026158857, 0.3826718810103493]",114,-1
2194,[0.28336425 0.35837442],21,3,"[0.32011025026158857, 0.3826718810103493]",114,-1
2195,[0.31427722 0.38241307],21,3,"[0.32011025026158857, 0.3826718810103493]",114,-1
2196,[0.27173877 0.39041108],21,16,"[0.2555939088543306, 0.4149016525883056]",114,-1
2197,[0.25757503 0.29046045],21,5,"[0.25263933558285595, 0.3182434845400105]",114,-1
2198,[0.37366927 0.34038031],21,13,"[0.39947133599624457, 0.3634561327160814]",114,-1
2199,[0.2592311  0.30026161],21,5,"[0.25263933558285595, 0.3182434845400105]",114,94
2200,[0.47732463 0.59659636],22,15,"[0.5005882845969348, 0.6071157673844066]",-1,-1
2201,[0.43857352 0.62225207],22,23,"[0.42263643503799797, 0.6161205416303672]",-1,-1
2202,[0.49391655 0.56489942],22,15,"[0.5005882845969348, 0.6071157673844066]",117,73
2203,[0.47919915 0.53649795],22,28,"[0.4883199384691489, 0.5133386333280389]",117,-1
2204,[0.40890411 0.62482526],22,23,"[0.42263643503799797, 0.6161205416303672]",117,-1
2205,[0.4292488  0.63547602],22,23,"[0.42263643503799797, 0.6161205416303672]",117,99
2206,[0.44116193 0.47948316],22,46,"[0.4417948344818715, 0.4376736545727672]",103,-1
2207,[0.43183857 0.63885281],22,23,"[0.42263643503799797, 0.6161205416303672]",117,99
2208,[0.47792814 0.58134968],22,15,"[0.5005882845969348, 0.6071157673844066]",117,-1
2209,[0.38772819 0.57052933],22,29,"[0.4203507518330517, 0.5402216776416098]",117,100
2210,[0.43176636 0.48626092],22,46,"[0.4417948344818715, 0.4376736545727672]",-1,-1
2211,[0.48939427 0.61548752],22,15,"[0.5005882845969348, 0.6071157673844066]",-1,-1
2212,[0.39697532 0.58813519],22,23,"[0.42263643503799797, 0.6161205416303672]",117,100
2213,[0.46173269 0.59723125],22,15,"[0.5005882845969348, 0.6071157673844066]",117,-1
2214,[0.39468829 0.56431208],22,29,"[0.4203507518330517, 0.5402216776416098]",117,100
2215,[0.45125336 0.52831222],22,29,"[0.4203507518330517, 0.5402216776416098]",117,96
2216,[0.43499806 0.58303649],22,23,"[0.42263643503799797, 0.6161205416303672]",117,-1
2217,[0.43152485 0.50604161],22,29,"[0.4203507518330517, 0.5402216776416098]",-1,-1
2218,[0.26995729 0.577923  ],22,17,"[0.25907980690829885, 0.5772508610653444]",117,-1
2219,[0.32507321 0.60667788],22,7,"[0.3567953152728649, 0.610864568428335]",117,100
2220,[0.52865417 0.66561414],22,35,"[0.5368175380560374, 0.7057468765352064]",-1,-1
2221,[0.4934382  0.51597013],22,28,"[0.4883199384691489, 0.5133386333280389]",117,-1
2222,[0.45771933 0.59734494],22,23,"[0.42263643503799797, 0.6161205416303672]",117,-1
2223,[0.446601  0.6193129],22,23,"[0.42263643503799797, 0.6161205416303672]",-1,-1
2224,[0.51334841 0.5512395 ],22,28,"[0.4883199384691489, 0.5133386333280389]",-1,-1
2225,[0.41641156 0.58487545],22,23,"[0.42263643503799797, 0.6161205416303672]",117,-1
2226,[0.40986665 0.58414243],22,23,"[0.42263643503799797, 0.6161205416303672]",117,-1
2227,[0.33089709 0.59572333],22,7,"[0.3567953152728649, 0.610864568428335]",117,-1
2228,[0.46239074 0.59874221],22,15,"[0.5005882845969348, 0.6071157673844066]",117,-1
2229,[0.49852153 0.51925814],22,28,"[0.4883199384691489, 0.5133386333280389]",-1,-1
2230,[0.36097527 0.55176829],22,9,"[0.34993355860173564, 0.5388204709038561]",117,100
2231,[0.37064794 0.54404687],22,9,"[0.34993355860173564, 0.5388204709038561]",117,-1
2232,[0.43245744 0.54021437],22,29,"[0.4203507518330517, 0.5402216776416098]",117,96
2233,[0.41048456 0.53831885],22,29,"[0.4203507518330517, 0.5402216776416098]",117,-1
2234,[0.47922343 0.55160117],22,28,"[0.4883199384691489, 0.5133386333280389]",117,-1
2235,[0.3651816  0.55348835],22,9,"[0.34993355860173564, 0.5388204709038561]",117,-1
2236,[0.37479208 0.60546709],22,7,"[0.3567953152728649, 0.610864568428335]",117,100
2237,[0.40649554 0.52275904],22,29,"[0.4203507518330517, 0.5402216776416098]",117,-1
2238,[0.41745055 0.5748493 ],22,29,"[0.4203507518330517, 0.5402216776416098]",117,-1
2239,[0.41655115 0.57349377],22,29,"[0.4203507518330517, 0.5402216776416098]",117,-1
2240,[0.40236857 0.55395738],22,29,"[0.4203507518330517, 0.5402216776416098]",117,-1
2241,[0.49731407 0.49256778],22,28,"[0.4883199384691489, 0.5133386333280389]",-1,-1
2242,[0.4605027  0.56116511],22,29,"[0.4203507518330517, 0.5402216776416098]",117,96
2243,[0.42770526 0.5520101 ],22,29,"[0.4203507518330517, 0.5402216776416098]",117,-1
2244,[0.41718345 0.54851627],22,29,"[0.4203507518330517, 0.5402216776416098]",117,-1
2245,[0.41510912 0.51755785],22,29,"[0.4203507518330517, 0.5402216776416098]",117,-1
2246,[0.46571593 0.56285556],22,29,"[0.4203507518330517, 0.5402216776416098]",117,-1
2247,[0.36045507 0.52260491],22,9,"[0.34993355860173564, 0.5388204709038561]",117,-1
2248,[0.39592276 0.60904348],22,23,"[0.42263643503799797, 0.6161205416303672]",117,100
2249,[0.45955211 0.62131365],22,23,"[0.42263643503799797, 0.6161205416303672]",117,-1
2250,[0.47905104 0.58799592],22,15,"[0.5005882845969348, 0.6071157673844066]",117,-1
2251,[0.41091647 0.59813313],22,23,"[0.42263643503799797, 0.6161205416303672]",117,-1
2252,[0.40581528 0.50127581],22,29,"[0.4203507518330517, 0.5402216776416098]",117,-1
2253,[0.49098234 0.47816719],22,28,"[0.4883199384691489, 0.5133386333280389]",79,27
2254,[0.31013992 0.45154023],22,39,"[0.3669055865255626, 0.44498159830625134]",-1,-1
2255,[0.48256763 0.59173024],22,15,"[0.5005882845969348, 0.6071157673844066]",-1,-1
2256,[0.40357198 0.53262931],22,29,"[0.4203507518330517, 0.5402216776416098]",117,100
2257,[0.45981381 0.54428638],22,29,"[0.4203507518330517, 0.5402216776416098]",117,-1
2258,[0.48738374 0.63910845],22,15,"[0.5005882845969348, 0.6071157673844066]",-1,-1
2259,[0.44808131 0.53281889],22,29,"[0.4203507518330517, 0.5402216776416098]",117,96
2260,[0.36553052 0.5289399 ],22,9,"[0.34993355860173564, 0.5388204709038561]",117,-1
2261,[0.31432699 0.46508465],22,39,"[0.3669055865255626, 0.44498159830625134]",77,15
2262,[0.37778745 0.63300948],22,7,"[0.3567953152728649, 0.610864568428335]",117,100
2263,[0.45500779 0.57499138],22,29,"[0.4203507518330517, 0.5402216776416098]",117,96
2264,[0.43678789 0.6363023 ],22,23,"[0.42263643503799797, 0.6161205416303672]",117,99
2265,[0.46634025 0.47173131],22,46,"[0.4417948344818715, 0.4376736545727672]",-1,-1
2266,[0.42310107 0.56352745],22,29,"[0.4203507518330517, 0.5402216776416098]",117,-1
2267,[0.45179549 0.63361069],22,23,"[0.42263643503799797, 0.6161205416303672]",117,-1
2268,[0.45014133 0.58548172],22,23,"[0.42263643503799797, 0.6161205416303672]",117,-1
2269,[0.45455382 0.65903028],22,21,"[0.4609870817439305, 0.702274209592598]",117,90
2270,[0.40320815 0.61859311],22,23,"[0.42263643503799797, 0.6161205416303672]",117,-1
2271,[0.40661812 0.52303034],22,29,"[0.4203507518330517, 0.5402216776416098]",117,-1
2272,[0.44341821 0.55097212],22,29,"[0.4203507518330517, 0.5402216776416098]",117,-1
2273,[0.36979573 0.47321073],22,39,"[0.3669055865255626, 0.44498159830625134]",-1,-1
2274,[0.45174622 0.63031615],22,23,"[0.42263643503799797, 0.6161205416303672]",117,-1
2275,[0.5011805 0.525858 ],22,28,"[0.4883199384691489, 0.5133386333280389]",-1,-1
2276,[0.41538851 0.50719062],22,29,"[0.4203507518330517, 0.5402216776416098]",117,-1
2277,[0.36346524 0.58432939],22,7,"[0.3567953152728649, 0.610864568428335]",117,-1
2278,[0.46261007 0.54819376],22,29,"[0.4203507518330517, 0.5402216776416098]",117,-1
2279,[0.35681106 0.53295107],22,9,"[0.34993355860173564, 0.5388204709038561]",117,-1
2280,[0.48375626 0.6031768 ],22,15,"[0.5005882845969348, 0.6071157673844066]",105,-1
2281,[0.44764652 0.54391009],22,29,"[0.4203507518330517, 0.5402216776416098]",117,-1
2282,[0.45500285 0.57356431],22,29,"[0.4203507518330517, 0.5402216776416098]",117,96
2283,[0.42419834 0.53526269],22,29,"[0.4203507518330517, 0.5402216776416098]",117,-1
2284,[0.42030351 0.56449009],22,29,"[0.4203507518330517, 0.5402216776416098]",117,-1
2285,[0.45128823 0.5456864 ],22,29,"[0.4203507518330517, 0.5402216776416098]",117,96
2286,[0.4056792  0.58597132],22,23,"[0.42263643503799797, 0.6161205416303672]",117,100
2287,[0.47186783 0.57386719],22,15,"[0.5005882845969348, 0.6071157673844066]",-1,-1
2288,[0.4012984  0.57426607],22,29,"[0.4203507518330517, 0.5402216776416098]",117,100
2289,[0.5122181  0.56588798],22,15,"[0.5005882845969348, 0.6071157673844066]",117,-1
2290,[0.35426965 0.55085855],22,9,"[0.34993355860173564, 0.5388204709038561]",117,100
2291,[0.43159049 0.53738293],22,29,"[0.4203507518330517, 0.5402216776416098]",117,96
2292,[0.42602222 0.60122716],22,23,"[0.42263643503799797, 0.6161205416303672]",117,-1
2293,[0.38974261 0.56057761],22,29,"[0.4203507518330517, 0.5402216776416098]",117,-1
2294,[0.34696499 0.52773294],22,9,"[0.34993355860173564, 0.5388204709038561]",117,100
2295,[0.36267406 0.60124634],22,7,"[0.3567953152728649, 0.610864568428335]",117,100
2296,[0.39935883 0.5223908 ],22,29,"[0.4203507518330517, 0.5402216776416098]",117,100
2297,[0.43060852 0.5336839 ],22,29,"[0.4203507518330517, 0.5402216776416098]",117,96
2298,[0.38318749 0.57651367],22,7,"[0.3567953152728649, 0.610864568428335]",117,100
2299,[0.44383177 0.57372701],22,29,"[0.4203507518330517, 0.5402216776416098]",117,96
2300,[0.80306095 0.69978796],23,12,"[0.8137791995140147, 0.719758767835923]",109,-1
2301,[0.83107931 0.79437404],23,11,"[0.8200748460394902, 0.7883124729475122]",109,-1
2302,[0.81788269 0.73933967],23,12,"[0.8137791995140147, 0.719758767835923]",109,62
2303,[0.80724951 0.7438605 ],23,12,"[0.8137791995140147, 0.719758767835923]",109,62
2304,[0.8217168 0.7238634],23,12,"[0.8137791995140147, 0.719758767835923]",109,61
2305,[0.78138491 0.71990618],23,12,"[0.8137791995140147, 0.719758767835923]",109,62
2306,[0.83059875 0.74953043],23,12,"[0.8137791995140147, 0.719758767835923]",109,-1
2307,[0.78913788 0.7290209 ],23,12,"[0.8137791995140147, 0.719758767835923]",109,62
2308,[0.78972052 0.80141071],23,11,"[0.8200748460394902, 0.7883124729475122]",-1,-1
2309,[0.82365171 0.72932573],23,12,"[0.8137791995140147, 0.719758767835923]",109,61
2310,[0.7617044  0.73858592],23,1,"[0.7484771342575616, 0.7179286626976465]",109,62
2311,[0.83273308 0.72207831],23,12,"[0.8137791995140147, 0.719758767835923]",109,-1
2312,[0.85898414 0.76987323],23,11,"[0.8200748460394902, 0.7883124729475122]",-1,14
2313,[0.74032797 0.69065308],23,1,"[0.7484771342575616, 0.7179286626976465]",109,-1
2314,[0.75709036 0.71083427],23,1,"[0.7484771342575616, 0.7179286626976465]",109,-1
2315,[0.72465542 0.64507994],23,25,"[0.7860674509871751, 0.6421376783027304]",-1,-1
2316,[0.77768911 0.71531631],23,1,"[0.7484771342575616, 0.7179286626976465]",109,62
2317,[0.84290273 0.75137162],23,12,"[0.8137791995140147, 0.719758767835923]",109,-1
2318,[0.82806294 0.7680736 ],23,11,"[0.8200748460394902, 0.7883124729475122]",109,-1
2319,[0.80961843 0.73697236],23,12,"[0.8137791995140147, 0.719758767835923]",109,62
2320,[0.8432405  0.77499977],23,11,"[0.8200748460394902, 0.7883124729475122]",109,60
2321,[0.818442   0.72750174],23,12,"[0.8137791995140147, 0.719758767835923]",109,61
2322,[0.7557711  0.75685402],23,1,"[0.7484771342575616, 0.7179286626976465]",109,62
2323,[0.87584653 0.75095989],23,54,"[0.8963029023131598, 0.7251847725408818]",48,14
2324,[0.78497909 0.79041264],23,11,"[0.8200748460394902, 0.7883124729475122]",109,-1
2325,[0.76388895 0.74058862],23,1,"[0.7484771342575616, 0.7179286626976465]",109,62
2326,[0.84102516 0.76796096],23,11,"[0.8200748460394902, 0.7883124729475122]",109,60
2327,[0.83957474 0.74697777],23,12,"[0.8137791995140147, 0.719758767835923]",109,-1
2328,[0.86002377 0.72993076],23,54,"[0.8963029023131598, 0.7251847725408818]",-1,-1
2329,[0.80845774 0.74514089],23,12,"[0.8137791995140147, 0.719758767835923]",109,62
2330,[0.84869459 0.75987505],23,11,"[0.8200748460394902, 0.7883124729475122]",-1,-1
2331,[0.8245622  0.70947627],23,12,"[0.8137791995140147, 0.719758767835923]",109,-1
2332,[0.78373582 0.63875184],23,25,"[0.7860674509871751, 0.6421376783027304]",109,-1
2333,[0.82161208 0.73994145],23,12,"[0.8137791995140147, 0.719758767835923]",109,61
2334,[0.83349994 0.72992572],23,12,"[0.8137791995140147, 0.719758767835923]",109,61
2335,[0.80757804 0.7819364 ],23,11,"[0.8200748460394902, 0.7883124729475122]",109,62
2336,[0.88611646 0.75507575],23,54,"[0.8963029023131598, 0.7251847725408818]",48,14
2337,[0.802282   0.76791059],23,11,"[0.8200748460394902, 0.7883124729475122]",109,62
2338,[0.82777511 0.71599909],23,12,"[0.8137791995140147, 0.719758767835923]",109,-1
2339,[0.85176482 0.8236095 ],23,40,"[0.8906018360892166, 0.8398226991198644]",109,42
2340,[0.79101684 0.7255996 ],23,12,"[0.8137791995140147, 0.719758767835923]",109,62
2341,[0.84564145 0.76506893],23,11,"[0.8200748460394902, 0.7883124729475122]",109,-1
2342,[0.71415705 0.73214665],23,1,"[0.7484771342575616, 0.7179286626976465]",109,56
2343,[0.72399795 0.68978509],23,1,"[0.7484771342575616, 0.7179286626976465]",109,-1
2344,[0.8046542  0.82246945],23,11,"[0.8200748460394902, 0.7883124729475122]",-1,-1
2345,[0.88097871 0.67551137],23,54,"[0.8963029023131598, 0.7251847725408818]",-1,-1
2346,[0.77435466 0.74576097],23,1,"[0.7484771342575616, 0.7179286626976465]",109,62
2347,[0.82860437 0.75177542],23,12,"[0.8137791995140147, 0.719758767835923]",109,-1
2348,[0.82551337 0.82516823],23,11,"[0.8200748460394902, 0.7883124729475122]",-1,42
2349,[0.82187442 0.77730776],23,11,"[0.8200748460394902, 0.7883124729475122]",109,-1
2350,[0.83314464 0.77038102],23,11,"[0.8200748460394902, 0.7883124729475122]",109,60
2351,[0.89619865 0.66287542],23,54,"[0.8963029023131598, 0.7251847725408818]",-1,-1
2352,[0.88535886 0.73114437],23,54,"[0.8963029023131598, 0.7251847725408818]",38,-1
2353,[0.81593393 0.68159673],23,12,"[0.8137791995140147, 0.719758767835923]",109,-1
2354,[0.8588829  0.75596411],23,54,"[0.8963029023131598, 0.7251847725408818]",-1,-1
2355,[0.81863014 0.78435513],23,11,"[0.8200748460394902, 0.7883124729475122]",109,-1
2356,[0.82246245 0.8146062 ],23,11,"[0.8200748460394902, 0.7883124729475122]",108,-1
2357,[0.88994565 0.72697731],23,54,"[0.8963029023131598, 0.7251847725408818]",-1,-1
2358,[0.76762539 0.74932032],23,1,"[0.7484771342575616, 0.7179286626976465]",109,62
2359,[0.81105332 0.71069452],23,12,"[0.8137791995140147, 0.719758767835923]",109,-1
2360,[0.88042344 0.77705816],23,54,"[0.8963029023131598, 0.7251847725408818]",48,-1
2361,[0.80204091 0.69858174],23,12,"[0.8137791995140147, 0.719758767835923]",109,-1
2362,[0.80341506 0.74568277],23,12,"[0.8137791995140147, 0.719758767835923]",109,62
2363,[0.76179977 0.78093925],23,43,"[0.7124452149283717, 0.7959059325724773]",109,-1
2364,[0.89385465 0.84584386],23,40,"[0.8906018360892166, 0.8398226991198644]",80,-1
2365,[0.78948512 0.77965556],23,11,"[0.8200748460394902, 0.7883124729475122]",109,62
2366,[0.81070461 0.74960445],23,12,"[0.8137791995140147, 0.719758767835923]",109,62
2367,[0.8980955  0.77539618],23,54,"[0.8963029023131598, 0.7251847725408818]",48,14
2368,[0.74668435 0.82261136],23,43,"[0.7124452149283717, 0.7959059325724773]",-1,-1
2369,[0.92534656 0.71112189],23,54,"[0.8963029023131598, 0.7251847725408818]",-1,-1
2370,[0.832489   0.73958961],23,12,"[0.8137791995140147, 0.719758767835923]",109,-1
2371,[0.75725344 0.67187939],23,25,"[0.7860674509871751, 0.6421376783027304]",109,52
2372,[0.8022355  0.74472413],23,12,"[0.8137791995140147, 0.719758767835923]",109,62
2373,[0.91774248 0.75718115],23,54,"[0.8963029023131598, 0.7251847725408818]",49,-1
2374,[0.82386375 0.71949328],23,12,"[0.8137791995140147, 0.719758767835923]",109,-1
2375,[0.79772697 0.73483006],23,12,"[0.8137791995140147, 0.719758767835923]",109,62
2376,[0.8195183  0.73418582],23,12,"[0.8137791995140147, 0.719758767835923]",109,-1
2377,[0.74900596 0.7574419 ],23,1,"[0.7484771342575616, 0.7179286626976465]",109,62
2378,[0.76274907 0.73714756],23,1,"[0.7484771342575616, 0.7179286626976465]",109,62
2379,[0.82594012 0.78388295],23,11,"[0.8200748460394902, 0.7883124729475122]",109,-1
2380,[0.88883371 0.75961373],23,54,"[0.8963029023131598, 0.7251847725408818]",48,14
2381,[0.86828756 0.74875231],23,54,"[0.8963029023131598, 0.7251847725408818]",48,-1
2382,[0.79688305 0.77321685],23,11,"[0.8200748460394902, 0.7883124729475122]",109,62
2383,[0.83716596 0.70637389],23,12,"[0.8137791995140147, 0.719758767835923]",109,-1
2384,[0.77435739 0.75174109],23,1,"[0.7484771342575616, 0.7179286626976465]",109,62
2385,[0.78711074 0.75154219],23,12,"[0.8137791995140147, 0.719758767835923]",109,62
2386,[0.7242926 0.691751 ],23,1,"[0.7484771342575616, 0.7179286626976465]",109,-1
2387,[0.83488568 0.68831576],23,12,"[0.8137791995140147, 0.719758767835923]",109,-1
2388,[0.91302958 0.74778885],23,54,"[0.8963029023131598, 0.7251847725408818]",49,14
2389,[0.83142657 0.72636086],23,12,"[0.8137791995140147, 0.719758767835923]",109,61
2390,[0.81389211 0.64972474],23,25,"[0.7860674509871751, 0.6421376783027304]",109,-1
2391,[0.79136544 0.73221743],23,12,"[0.8137791995140147, 0.719758767835923]",109,-1
2392,[0.82121549 0.74746395],23,12,"[0.8137791995140147, 0.719758767835923]",109,62
2393,[0.85950696 0.78785249],23,11,"[0.8200748460394902, 0.7883124729475122]",109,42
2394,[0.83714542 0.73526435],23,12,"[0.8137791995140147, 0.719758767835923]",109,-1
2395,[0.84992278 0.78178279],23,11,"[0.8200748460394902, 0.7883124729475122]",109,-1
2396,[0.79537375 0.77375255],23,11,"[0.8200748460394902, 0.7883124729475122]",109,62
2397,[0.8050785 0.7746091],23,11,"[0.8200748460394902, 0.7883124729475122]",109,62
2398,[0.81701306 0.68287571],23,12,"[0.8137791995140147, 0.719758767835923]",109,-1
2399,[0.80302767 0.74321032],23,12,"[0.8137791995140147, 0.719758767835923]",109,62
2400,[0.29804425 0.23923368],24,30,"[0.2966359808455789, 0.2452350977488949]",114,-1
2401,[0.20492397 0.15622396],24,34,"[0.2185740004144134, 0.15608943562981872]",-1,-1
2402,[0.23279065 0.18150136],24,34,"[0.2185740004144134, 0.15608943562981872]",113,-1
2403,[0.21536018 0.20702645],24,38,"[0.21237696572363113, 0.23587686359823726]",101,-1
2404,[0.27025699 0.16279075],24,34,"[0.2185740004144134, 0.15608943562981872]",-1,-1
2405,[0.31452367 0.19390039],24,4,"[0.3328231275538315, 0.164647169186415]",113,-1
2406,[0.25962481 0.12070208],24,84,"[0.29615237877199174, 0.1110224228591103]",-1,-1
2407,[0.21880317 0.11074437],24,34,"[0.2185740004144134, 0.15608943562981872]",11,-1
2408,[0.22811574 0.10894045],24,34,"[0.2185740004144134, 0.15608943562981872]",11,-1
2409,[0.30734122 0.22312918],24,30,"[0.2966359808455789, 0.2452350977488949]",-1,-1
2410,[0.25576678 0.17961117],24,34,"[0.2185740004144134, 0.15608943562981872]",113,-1
2411,[0.19204754 0.14293513],24,34,"[0.2185740004144134, 0.15608943562981872]",-1,-1
2412,[0.21430647 0.14470892],24,34,"[0.2185740004144134, 0.15608943562981872]",-1,-1
2413,[0.32268086 0.10758295],24,84,"[0.29615237877199174, 0.1110224228591103]",-1,-1
2414,[0.22902212 0.14460047],24,34,"[0.2185740004144134, 0.15608943562981872]",-1,-1
2415,[0.31450134 0.17868611],24,4,"[0.3328231275538315, 0.164647169186415]",113,65
2416,[0.31331858 0.08036635],24,84,"[0.29615237877199174, 0.1110224228591103]",-1,-1
2417,[0.25642247 0.18346348],24,34,"[0.2185740004144134, 0.15608943562981872]",113,-1
2418,[0.28805473 0.161448  ],24,4,"[0.3328231275538315, 0.164647169186415]",113,66
2419,[0.27589347 0.18158473],24,4,"[0.3328231275538315, 0.164647169186415]",113,64
2420,[0.33744602 0.09284592],24,84,"[0.29615237877199174, 0.1110224228591103]",-1,-1
2421,[0.22516047 0.18669643],24,34,"[0.2185740004144134, 0.15608943562981872]",113,64
2422,[0.26735982 0.11605973],24,84,"[0.29615237877199174, 0.1110224228591103]",-1,-1
2423,[0.23966774 0.18709154],24,34,"[0.2185740004144134, 0.15608943562981872]",113,64
2424,[0.28003591 0.14633622],24,84,"[0.29615237877199174, 0.1110224228591103]",113,66
2425,[0.20180595 0.1674572 ],24,34,"[0.2185740004144134, 0.15608943562981872]",99,-1
2426,[0.20413033 0.18081401],24,34,"[0.2185740004144134, 0.15608943562981872]",111,-1
2427,[0.28380508 0.12887129],24,84,"[0.29615237877199174, 0.1110224228591103]",113,-1
2428,[0.29012218 0.16234415],24,4,"[0.3328231275538315, 0.164647169186415]",113,66
2429,[0.26722696 0.09762823],24,84,"[0.29615237877199174, 0.1110224228591103]",-1,-1
2430,[0.25115892 0.14653349],24,34,"[0.2185740004144134, 0.15608943562981872]",-1,-1
2431,[0.20406118 0.17204562],24,34,"[0.2185740004144134, 0.15608943562981872]",111,-1
2432,[0.21350518 0.15541335],24,34,"[0.2185740004144134, 0.15608943562981872]",-1,-1
2433,[0.3097683  0.17576973],24,4,"[0.3328231275538315, 0.164647169186415]",113,65
2434,[0.34869991 0.13644235],24,4,"[0.3328231275538315, 0.164647169186415]",106,-1
2435,[0.32240057 0.14064171],24,4,"[0.3328231275538315, 0.164647169186415]",-1,-1
2436,[0.29038622 0.15678075],24,4,"[0.3328231275538315, 0.164647169186415]",113,66
2437,[0.2836549  0.08746584],24,84,"[0.29615237877199174, 0.1110224228591103]",-1,-1
2438,[0.24562924 0.21507744],24,38,"[0.21237696572363113, 0.23587686359823726]",-1,-1
2439,[0.33084186 0.09529169],24,84,"[0.29615237877199174, 0.1110224228591103]",-1,-1
2440,[0.2264025  0.11299011],24,34,"[0.2185740004144134, 0.15608943562981872]",11,-1
2441,[0.21984579 0.16173074],24,34,"[0.2185740004144134, 0.15608943562981872]",-1,-1
2442,[0.2812822  0.16505836],24,4,"[0.3328231275538315, 0.164647169186415]",113,-1
2443,[0.29191252 0.16946353],24,4,"[0.3328231275538315, 0.164647169186415]",113,66
2444,[0.23225798 0.12310613],24,34,"[0.2185740004144134, 0.15608943562981872]",11,-1
2445,[0.20675626 0.12028436],24,34,"[0.2185740004144134, 0.15608943562981872]",11,-1
2446,[0.26022764 0.07689034],24,84,"[0.29615237877199174, 0.1110224228591103]",-1,-1
2447,[0.20554955 0.07004838],24,-1,-1,-1,-1
2448,[0.22570461 0.21965874],24,38,"[0.21237696572363113, 0.23587686359823726]",-1,-1
2449,[0.24525243 0.14333548],24,34,"[0.2185740004144134, 0.15608943562981872]",-1,-1
2450,[0.22163182 0.17386244],24,34,"[0.2185740004144134, 0.15608943562981872]",-1,-1
2451,[0.18168401 0.12036966],24,34,"[0.2185740004144134, 0.15608943562981872]",-1,-1
2452,[0.32863893 0.2183599 ],24,30,"[0.2966359808455789, 0.2452350977488949]",-1,-1
2453,[0.28879001 0.15552064],24,4,"[0.3328231275538315, 0.164647169186415]",113,66
2454,[0.22216476 0.19625588],24,34,"[0.2185740004144134, 0.15608943562981872]",113,-1
2455,[0.28233755 0.17709184],24,4,"[0.3328231275538315, 0.164647169186415]",113,-1
2456,[0.25431486 0.21540861],24,38,"[0.21237696572363113, 0.23587686359823726]",-1,-1
2457,[0.27794657 0.14526906],24,84,"[0.29615237877199174, 0.1110224228591103]",113,-1
2458,[0.28628126 0.14833559],24,84,"[0.29615237877199174, 0.1110224228591103]",113,66
2459,[0.22974191 0.1969388 ],24,34,"[0.2185740004144134, 0.15608943562981872]",113,64
2460,[0.2303649  0.11044124],24,34,"[0.2185740004144134, 0.15608943562981872]",11,-1
2461,[0.23900708 0.24000247],24,38,"[0.21237696572363113, 0.23587686359823726]",-1,-1
2462,[0.26714006 0.11884246],24,84,"[0.29615237877199174, 0.1110224228591103]",-1,-1
2463,[0.30241548 0.22090433],24,30,"[0.2966359808455789, 0.2452350977488949]",114,-1
2464,[0.20441671 0.15393107],24,34,"[0.2185740004144134, 0.15608943562981872]",-1,-1
2465,[0.28117673 0.19672056],24,30,"[0.2966359808455789, 0.2452350977488949]",113,-1
2466,[0.33114048 0.13770745],24,4,"[0.3328231275538315, 0.164647169186415]",-1,-1
2467,[0.29661418 0.16184773],24,4,"[0.3328231275538315, 0.164647169186415]",113,66
2468,[0.27409455 0.1132905 ],24,84,"[0.29615237877199174, 0.1110224228591103]",-1,-1
2469,[0.28718269 0.16500352],24,4,"[0.3328231275538315, 0.164647169186415]",113,66
2470,[0.26343444 0.14975864],24,34,"[0.2185740004144134, 0.15608943562981872]",110,-1
2471,[0.31204942 0.14746812],24,4,"[0.3328231275538315, 0.164647169186415]",-1,-1
2472,[0.30168433 0.13138955],24,84,"[0.29615237877199174, 0.1110224228591103]",-1,-1
2473,[0.28484887 0.15380251],24,84,"[0.29615237877199174, 0.1110224228591103]",113,66
2474,[0.22311541 0.25102209],24,38,"[0.21237696572363113, 0.23587686359823726]",114,54
2475,[0.28607999 0.13672633],24,84,"[0.29615237877199174, 0.1110224228591103]",113,-1
2476,[0.26707183 0.21156922],24,30,"[0.2966359808455789, 0.2452350977488949]",-1,-1
2477,[0.35553205 0.14822677],24,4,"[0.3328231275538315, 0.164647169186415]",106,-1
2478,[0.23320189 0.024066  ],24,-1,-1,-1,-1
2479,[0.31051046 0.15039212],24,4,"[0.3328231275538315, 0.164647169186415]",-1,-1
2480,[0.24855307 0.20063937],24,38,"[0.21237696572363113, 0.23587686359823726]",113,64
2481,[0.23497448 0.15188895],24,34,"[0.2185740004144134, 0.15608943562981872]",-1,-1
2482,[0.22953389 0.18749871],24,34,"[0.2185740004144134, 0.15608943562981872]",113,64
2483,[0.29547351 0.18205599],24,4,"[0.3328231275538315, 0.164647169186415]",113,-1
2484,[0.32738703 0.17000631],24,4,"[0.3328231275538315, 0.164647169186415]",113,-1
2485,[0.23287623 0.1847434 ],24,34,"[0.2185740004144134, 0.15608943562981872]",113,64
2486,[0.27031584 0.14950082],24,84,"[0.29615237877199174, 0.1110224228591103]",110,-1
2487,[0.28284601 0.25273868],24,30,"[0.2966359808455789, 0.2452350977488949]",114,80
2488,[0.18215106 0.15328113],24,34,"[0.2185740004144134, 0.15608943562981872]",99,-1
2489,[0.29019965 0.16704503],24,4,"[0.3328231275538315, 0.164647169186415]",113,66
2490,[0.17131116 0.164376  ],24,34,"[0.2185740004144134, 0.15608943562981872]",99,-1
2491,[0.27387262 0.1261649 ],24,84,"[0.29615237877199174, 0.1110224228591103]",-1,-1
2492,[0.26835657 0.19625268],24,30,"[0.2966359808455789, 0.2452350977488949]",113,64
2493,[0.19764861 0.06966386],24,-1,-1,-1,-1
2494,[0.2854175  0.09570342],24,84,"[0.29615237877199174, 0.1110224228591103]",-1,-1
2495,[0.27319764 0.13290258],24,84,"[0.29615237877199174, 0.1110224228591103]",113,-1
2496,[0.303728   0.19946346],24,4,"[0.3328231275538315, 0.164647169186415]",-1,-1
2497,[0.27112367 0.06747938],24,84,"[0.29615237877199174, 0.1110224228591103]",-1,-1
2498,[0.28442875 0.12166144],24,84,"[0.29615237877199174, 0.1110224228591103]",-1,-1
2499,[0.278149   0.19271304],24,30,"[0.2966359808455789, 0.2452350977488949]",113,64
2500,[0.68300189 0.29367525],25,41,"[0.6948979646954763, 0.28219115991762456]",89,31
2501,[0.74264582 0.39479319],25,60,"[0.7203559462110392, 0.4062231169521756]",97,39
2502,[0.66807569 0.34526841],25,59,"[0.670396322447398, 0.3654745913518824]",97,-1
2503,[0.70692174 0.34932146],25,27,"[0.730818627555406, 0.3326871572147463]",97,-1
2504,[0.78703925 0.32288028],25,22,"[0.805104436152594, 0.30588484878908717]",97,-1
2505,[0.75196312 0.34418603],25,27,"[0.730818627555406, 0.3326871572147463]",97,41
2506,[0.74727448 0.34181309],25,27,"[0.730818627555406, 0.3326871572147463]",97,41
2507,[0.67809869 0.26661342],25,41,"[0.6948979646954763, 0.28219115991762456]",88,-1
2508,[0.75205869 0.30213106],25,27,"[0.730818627555406, 0.3326871572147463]",97,-1
2509,[0.75407146 0.33915114],25,27,"[0.730818627555406, 0.3326871572147463]",97,41
2510,[0.75009244 0.35479984],25,27,"[0.730818627555406, 0.3326871572147463]",97,-1
2511,[0.72293874 0.35088669],25,27,"[0.730818627555406, 0.3326871572147463]",97,41
2512,[0.78384555 0.2987453 ],25,22,"[0.805104436152594, 0.30588484878908717]",97,-1
2513,[0.71241956 0.32296393],25,27,"[0.730818627555406, 0.3326871572147463]",97,41
2514,[0.69350695 0.38544953],25,59,"[0.670396322447398, 0.3654745913518824]",97,-1
2515,[0.73634144 0.36517215],25,27,"[0.730818627555406, 0.3326871572147463]",97,-1
2516,[0.69261594 0.27395767],25,41,"[0.6948979646954763, 0.28219115991762456]",89,31
2517,[0.74222202 0.31489609],25,27,"[0.730818627555406, 0.3326871572147463]",97,-1
2518,[0.78826507 0.35599839],25,8,"[0.782559314763462, 0.38675507962681555]",97,39
2519,[0.77564022 0.36091565],25,8,"[0.782559314763462, 0.38675507962681555]",97,39
2520,[0.80524861 0.33107747],25,22,"[0.805104436152594, 0.30588484878908717]",97,32
2521,[0.80421079 0.40809523],25,8,"[0.782559314763462, 0.38675507962681555]",97,37
2522,[0.69032809 0.37591257],25,59,"[0.670396322447398, 0.3654745913518824]",97,-1
2523,[0.69741502 0.28715159],25,41,"[0.6948979646954763, 0.28219115991762456]",89,31
2524,[0.76643994 0.36900678],25,8,"[0.782559314763462, 0.38675507962681555]",97,39
2525,[0.69130821 0.34339523],25,59,"[0.670396322447398, 0.3654745913518824]",97,-1
2526,[0.7793157  0.35091721],25,8,"[0.782559314763462, 0.38675507962681555]",97,39
2527,[0.62632262 0.33663527],25,72,"[0.6275615005729838, 0.35242652332535]",-1,-1
2528,[0.75211847 0.27230234],25,41,"[0.6948979646954763, 0.28219115991762456]",55,-1
2529,[0.68551822 0.27439061],25,41,"[0.6948979646954763, 0.28219115991762456]",89,-1
2530,[0.76452238 0.3082059 ],25,22,"[0.805104436152594, 0.30588484878908717]",97,36
2531,[0.80952926 0.28341366],25,22,"[0.805104436152594, 0.30588484878908717]",69,-1
2532,[0.78111398 0.34919047],25,8,"[0.782559314763462, 0.38675507962681555]",97,39
2533,[0.7924221  0.38021615],25,8,"[0.782559314763462, 0.38675507962681555]",97,39
2534,[0.83779664 0.3699128 ],25,24,"[0.864304877149764, 0.37840873327476937]",97,-1
2535,[0.66651735 0.42012211],25,94,"[0.6748643012657011, 0.4183849502584258]",85,-1
2536,[0.64541895 0.29016166],25,67,"[0.6342132122546504, 0.3029357709290384]",-1,-1
2537,[0.75465889 0.31363387],25,27,"[0.730818627555406, 0.3326871572147463]",97,-1
2538,[0.65811188 0.33886019],25,59,"[0.670396322447398, 0.3654745913518824]",97,-1
2539,[0.8088485  0.34758412],25,22,"[0.805104436152594, 0.30588484878908717]",97,-1
2540,[0.71883952 0.34490607],25,27,"[0.730818627555406, 0.3326871572147463]",97,41
2541,[0.731944   0.42641154],25,60,"[0.7203559462110392, 0.4062231169521756]",97,39
2542,[0.7376     0.34436558],25,27,"[0.730818627555406, 0.3326871572147463]",97,41
2543,[0.67878061 0.34264375],25,59,"[0.670396322447398, 0.3654745913518824]",97,-1
2544,[0.6910869  0.30774907],25,41,"[0.6948979646954763, 0.28219115991762456]",97,41
2545,[0.75510094 0.40335895],25,8,"[0.782559314763462, 0.38675507962681555]",97,39
2546,[0.68817967 0.31885927],25,41,"[0.6948979646954763, 0.28219115991762456]",97,41
2547,[0.65996472 0.36801792],25,59,"[0.670396322447398, 0.3654745913518824]",97,30
2548,[0.71216217 0.33831155],25,27,"[0.730818627555406, 0.3326871572147463]",97,41
2549,[0.73509793 0.313185  ],25,27,"[0.730818627555406, 0.3326871572147463]",-1,-1
2550,[0.72689894 0.34395167],25,27,"[0.730818627555406, 0.3326871572147463]",97,41
2551,[0.7264986  0.29591261],25,41,"[0.6948979646954763, 0.28219115991762456]",97,-1
2552,[0.72102981 0.40395001],25,60,"[0.7203559462110392, 0.4062231169521756]",97,-1
2553,[0.67056897 0.26264157],25,41,"[0.6948979646954763, 0.28219115991762456]",88,-1
2554,[0.70297273 0.37891836],25,60,"[0.7203559462110392, 0.4062231169521756]",97,-1
2555,[0.71939657 0.31783728],25,27,"[0.730818627555406, 0.3326871572147463]",97,41
2556,[0.72280615 0.33092296],25,27,"[0.730818627555406, 0.3326871572147463]",97,41
2557,[0.78235403 0.38495776],25,8,"[0.782559314763462, 0.38675507962681555]",97,-1
2558,[0.71952582 0.31187583],25,27,"[0.730818627555406, 0.3326871572147463]",97,41
2559,[0.73595783 0.42607187],25,60,"[0.7203559462110392, 0.4062231169521756]",97,39
2560,[0.69128828 0.29159882],25,41,"[0.6948979646954763, 0.28219115991762456]",89,31
2561,[0.7711762  0.34372814],25,27,"[0.730818627555406, 0.3326871572147463]",97,-1
2562,[0.73276513 0.21112821],25,57,"[0.7474414948084767, 0.18011984494893613]",-1,-1
2563,[0.75611292 0.36332   ],25,8,"[0.782559314763462, 0.38675507962681555]",-1,-1
2564,[0.68262195 0.29047788],25,41,"[0.6948979646954763, 0.28219115991762456]",89,31
2565,[0.73247091 0.36067907],25,27,"[0.730818627555406, 0.3326871572147463]",97,-1
2566,[0.67701877 0.35519575],25,59,"[0.670396322447398, 0.3654745913518824]",-1,-1
2567,[0.70360257 0.34781077],25,27,"[0.730818627555406, 0.3326871572147463]",97,-1
2568,[0.68222173 0.45251443],25,94,"[0.6748643012657011, 0.4183849502584258]",-1,-1
2569,[0.72279541 0.32325108],25,27,"[0.730818627555406, 0.3326871572147463]",97,41
2570,[0.84866055 0.41723518],25,44,"[0.8589971214582324, 0.4394137560340503]",98,28
2571,[0.70963233 0.38560075],25,60,"[0.7203559462110392, 0.4062231169521756]",97,-1
2572,[0.7705441  0.33415125],25,27,"[0.730818627555406, 0.3326871572147463]",97,-1
2573,[0.76850276 0.39047392],25,8,"[0.782559314763462, 0.38675507962681555]",97,39
2574,[0.71780455 0.35403142],25,27,"[0.730818627555406, 0.3326871572147463]",97,41
2575,[0.72805289 0.39546067],25,60,"[0.7203559462110392, 0.4062231169521756]",97,-1
2576,[0.70270542 0.31411498],25,41,"[0.6948979646954763, 0.28219115991762456]",97,41
2577,[0.75154793 0.27180183],25,41,"[0.6948979646954763, 0.28219115991762456]",55,-1
2578,[0.68489963 0.32360392],25,41,"[0.6948979646954763, 0.28219115991762456]",97,-1
2579,[0.70849902 0.32290141],25,27,"[0.730818627555406, 0.3326871572147463]",97,41
2580,[0.7977141  0.34582922],25,22,"[0.805104436152594, 0.30588484878908717]",97,-1
2581,[0.67208916 0.32929329],25,59,"[0.670396322447398, 0.3654745913518824]",97,-1
2582,[0.71217991 0.33210062],25,27,"[0.730818627555406, 0.3326871572147463]",97,41
2583,[0.60975559 0.35727021],25,72,"[0.6275615005729838, 0.35242652332535]",-1,-1
2584,[0.71918458 0.3027653 ],25,41,"[0.6948979646954763, 0.28219115991762456]",97,-1
2585,[0.71400888 0.25579939],25,41,"[0.6948979646954763, 0.28219115991762456]",-1,-1
2586,[0.68640581 0.28978124],25,41,"[0.6948979646954763, 0.28219115991762456]",89,31
2587,[0.73035032 0.28530997],25,41,"[0.6948979646954763, 0.28219115991762456]",-1,-1
2588,[0.69695639 0.37022659],25,59,"[0.670396322447398, 0.3654745913518824]",97,40
2589,[0.71168755 0.29952554],25,41,"[0.6948979646954763, 0.28219115991762456]",97,-1
2590,[0.69067418 0.25612075],25,41,"[0.6948979646954763, 0.28219115991762456]",-1,-1
2591,[0.68928867 0.32689209],25,27,"[0.730818627555406, 0.3326871572147463]",97,-1
2592,[0.7215814  0.29370643],25,41,"[0.6948979646954763, 0.28219115991762456]",97,-1
2593,[0.73553685 0.29605974],25,27,"[0.730818627555406, 0.3326871572147463]",-1,-1
2594,[0.75481346 0.37128558],25,8,"[0.782559314763462, 0.38675507962681555]",97,-1
2595,[0.73668956 0.24813966],25,41,"[0.6948979646954763, 0.28219115991762456]",30,-1
2596,[0.66144503 0.38804618],25,59,"[0.670396322447398, 0.3654745913518824]",97,30
2597,[0.72149736 0.34168733],25,27,"[0.730818627555406, 0.3326871572147463]",97,41
2598,[0.75508008 0.35608383],25,27,"[0.730818627555406, 0.3326871572147463]",-1,-1
2599,[0.75362705 0.3057529 ],25,27,"[0.730818627555406, 0.3326871572147463]",97,-1
2600,[0.44418487 0.77385749],26,20,"[0.4431801719912439, 0.7668078343201206]",117,-1
2601,[0.35766372 0.74421928],26,0,"[0.3339356228276975, 0.7219842546928952]",117,98
2602,[0.38517226 0.71324132],26,36,"[0.3984729155032823, 0.6728808968441772]",-1,-1
2603,[0.28036839 0.74575326],26,0,"[0.3339356228276975, 0.7219842546928952]",117,-1
2604,[0.40985698 0.71609745],26,36,"[0.3984729155032823, 0.6728808968441772]",117,91
2605,[0.39541894 0.65556379],26,36,"[0.3984729155032823, 0.6728808968441772]",117,100
2606,[0.43757617 0.77295478],26,20,"[0.4431801719912439, 0.7668078343201206]",117,-1
2607,[0.40560195 0.77347481],26,20,"[0.4431801719912439, 0.7668078343201206]",117,-1
2608,[0.3363148  0.77951424],26,18,"[0.37162219884005204, 0.7974050461709582]",117,-1
2609,[0.38868999 0.82405952],26,18,"[0.37162219884005204, 0.7974050461709582]",78,-1
2610,[0.43799897 0.66725914],26,36,"[0.3984729155032823, 0.6728808968441772]",117,-1
2611,[0.40697902 0.77124462],26,20,"[0.4431801719912439, 0.7668078343201206]",117,86
2612,[0.31752951 0.73730586],26,0,"[0.3339356228276975, 0.7219842546928952]",117,98
2613,[0.35779557 0.70876551],26,0,"[0.3339356228276975, 0.7219842546928952]",117,-1
2614,[0.35284664 0.77600342],26,18,"[0.37162219884005204, 0.7974050461709582]",117,-1
2615,[0.35131084 0.72508045],26,0,"[0.3339356228276975, 0.7219842546928952]",117,-1
2616,[0.36181729 0.74617489],26,0,"[0.3339356228276975, 0.7219842546928952]",117,98
2617,[0.4385784  0.70093666],26,21,"[0.4609870817439305, 0.702274209592598]",117,-1
2618,[0.37240363 0.770349  ],26,18,"[0.37162219884005204, 0.7974050461709582]",117,-1
2619,[0.39330729 0.79267536],26,18,"[0.37162219884005204, 0.7974050461709582]",-1,-1
2620,[0.34626661 0.67265935],26,0,"[0.3339356228276975, 0.7219842546928952]",117,100
2621,[0.38620787 0.80655721],26,18,"[0.37162219884005204, 0.7974050461709582]",78,-1
2622,[0.36575015 0.80258747],26,18,"[0.37162219884005204, 0.7974050461709582]",-1,-1
2623,[0.36545215 0.75790411],26,18,"[0.37162219884005204, 0.7974050461709582]",117,98
2624,[0.42823996 0.69842633],26,21,"[0.4609870817439305, 0.702274209592598]",-1,-1
2625,[0.44302269 0.77415285],26,20,"[0.4431801719912439, 0.7668078343201206]",117,-1
2626,[0.45024682 0.68713606],26,21,"[0.4609870817439305, 0.702274209592598]",117,90
2627,[0.31772625 0.74112356],26,0,"[0.3339356228276975, 0.7219842546928952]",117,98
2628,[0.41069474 0.64066364],26,23,"[0.42263643503799797, 0.6161205416303672]",-1,-1
2629,[0.3163621  0.74025181],26,0,"[0.3339356228276975, 0.7219842546928952]",117,98
2630,[0.45574353 0.74489966],26,20,"[0.4431801719912439, 0.7668078343201206]",117,90
2631,[0.4540461  0.77319824],26,20,"[0.4431801719912439, 0.7668078343201206]",117,-1
2632,[0.3709474  0.74811066],26,0,"[0.3339356228276975, 0.7219842546928952]",117,98
2633,[0.41883665 0.75844594],26,20,"[0.4431801719912439, 0.7668078343201206]",117,86
2634,[0.45117474 0.68570032],26,21,"[0.4609870817439305, 0.702274209592598]",117,90
2635,[0.39788624 0.71829629],26,36,"[0.3984729155032823, 0.6728808968441772]",117,-1
2636,[0.37534566 0.7585004 ],26,18,"[0.37162219884005204, 0.7974050461709582]",117,-1
2637,[0.40342562 0.72614724],26,36,"[0.3984729155032823, 0.6728808968441772]",-1,-1
2638,[0.3939374  0.81364117],26,18,"[0.37162219884005204, 0.7974050461709582]",78,-1
2639,[0.43151005 0.71629985],26,21,"[0.4609870817439305, 0.702274209592598]",117,-1
2640,[0.39402919 0.79580866],26,18,"[0.37162219884005204, 0.7974050461709582]",-1,-1
2641,[0.38290447 0.67085082],26,36,"[0.3984729155032823, 0.6728808968441772]",117,97
2642,[0.26656734 0.7073216 ],26,42,"[0.2346625058996496, 0.695644821677479]",-1,-1
2643,[0.36893431 0.70489719],26,0,"[0.3339356228276975, 0.7219842546928952]",117,-1
2644,[0.32693913 0.76845006],26,0,"[0.3339356228276975, 0.7219842546928952]",117,-1
2645,[0.38288434 0.77959476],26,18,"[0.37162219884005204, 0.7974050461709582]",117,86
2646,[0.44344905 0.66513965],26,21,"[0.4609870817439305, 0.702274209592598]",117,-1
2647,[0.38696495 0.68217389],26,36,"[0.3984729155032823, 0.6728808968441772]",117,97
2648,[0.33865031 0.75142143],26,0,"[0.3339356228276975, 0.7219842546928952]",117,-1
2649,[0.42630977 0.72955085],26,20,"[0.4431801719912439, 0.7668078343201206]",117,-1
2650,[0.43699857 0.79088761],26,20,"[0.4431801719912439, 0.7668078343201206]",117,-1
2651,[0.40123438 0.7850338 ],26,18,"[0.37162219884005204, 0.7974050461709582]",-1,-1
2652,[0.37790625 0.63814468],26,7,"[0.3567953152728649, 0.610864568428335]",117,100
2653,[0.48302783 0.63822997],26,15,"[0.5005882845969348, 0.6071157673844066]",117,-1
2654,[0.34126829 0.78927813],26,18,"[0.37162219884005204, 0.7974050461709582]",-1,-1
2655,[0.3694957 0.8320021],26,18,"[0.37162219884005204, 0.7974050461709582]",117,-1
2656,[0.39661373 0.82612889],26,18,"[0.37162219884005204, 0.7974050461709582]",78,-1
2657,[0.38647159 0.73108499],26,0,"[0.3339356228276975, 0.7219842546928952]",-1,-1
2658,[0.4063971  0.69067917],26,36,"[0.3984729155032823, 0.6728808968441772]",117,-1
2659,[0.39557209 0.77893791],26,18,"[0.37162219884005204, 0.7974050461709582]",-1,-1
2660,[0.41349884 0.70173922],26,36,"[0.3984729155032823, 0.6728808968441772]",117,-1
2661,[0.40246574 0.76984171],26,20,"[0.4431801719912439, 0.7668078343201206]",117,86
2662,[0.42677071 0.7579006 ],26,20,"[0.4431801719912439, 0.7668078343201206]",117,-1
2663,[0.36690305 0.79920277],26,18,"[0.37162219884005204, 0.7974050461709582]",117,-1
2664,[0.42978919 0.68162217],26,36,"[0.3984729155032823, 0.6728808968441772]",117,-1
2665,[0.39193718 0.79317592],26,18,"[0.37162219884005204, 0.7974050461709582]",-1,-1
2666,[0.35210734 0.75074353],26,0,"[0.3339356228276975, 0.7219842546928952]",117,-1
2667,[0.34468799 0.58655175],26,7,"[0.3567953152728649, 0.610864568428335]",117,100
2668,[0.36651934 0.73799258],26,0,"[0.3339356228276975, 0.7219842546928952]",117,98
2669,[0.38516507 0.7080947 ],26,36,"[0.3984729155032823, 0.6728808968441772]",-1,-1
2670,[0.42596368 0.67664036],26,36,"[0.3984729155032823, 0.6728808968441772]",117,-1
2671,[0.34071314 0.7188905 ],26,0,"[0.3339356228276975, 0.7219842546928952]",117,98
2672,[0.37184757 0.84064497],26,18,"[0.37162219884005204, 0.7974050461709582]",-1,-1
2673,[0.44125857 0.63574856],26,23,"[0.42263643503799797, 0.6161205416303672]",117,-1
2674,[0.3997845  0.74260264],26,20,"[0.4431801719912439, 0.7668078343201206]",-1,-1
2675,[0.4506292  0.75327384],26,20,"[0.4431801719912439, 0.7668078343201206]",117,90
2676,[0.39742664 0.65104847],26,36,"[0.3984729155032823, 0.6728808968441772]",117,100
2677,[0.33266165 0.76624894],26,0,"[0.3339356228276975, 0.7219842546928952]",117,-1
2678,[0.40599099 0.71510951],26,36,"[0.3984729155032823, 0.6728808968441772]",117,91
2679,[0.35790106 0.80342191],26,18,"[0.37162219884005204, 0.7974050461709582]",117,-1
2680,[0.34229906 0.76240062],26,0,"[0.3339356228276975, 0.7219842546928952]",-1,-1
2681,[0.42387589 0.68364736],26,36,"[0.3984729155032823, 0.6728808968441772]",117,-1
2682,[0.33734172 0.72647772],26,0,"[0.3339356228276975, 0.7219842546928952]",117,98
2683,[0.35058008 0.78282201],26,18,"[0.37162219884005204, 0.7974050461709582]",117,-1
2684,[0.38404185 0.77952569],26,18,"[0.37162219884005204, 0.7974050461709582]",117,-1
2685,[0.36866617 0.71970469],26,0,"[0.3339356228276975, 0.7219842546928952]",117,-1
2686,[0.43575067 0.72619233],26,21,"[0.4609870817439305, 0.702274209592598]",117,90
2687,[0.30555251 0.74642914],26,0,"[0.3339356228276975, 0.7219842546928952]",117,98
2688,[0.41543414 0.71091964],26,36,"[0.3984729155032823, 0.6728808968441772]",117,91
2689,[0.42589633 0.70330091],26,21,"[0.4609870817439305, 0.702274209592598]",-1,-1
2690,[0.42970331 0.71885267],26,21,"[0.4609870817439305, 0.702274209592598]",117,90
2691,[0.44635509 0.73041659],26,21,"[0.4609870817439305, 0.702274209592598]",117,-1
2692,[0.37925719 0.75810527],26,18,"[0.37162219884005204, 0.7974050461709582]",117,-1
2693,[0.37340032 0.74502175],26,0,"[0.3339356228276975, 0.7219842546928952]",117,-1
2694,[0.44505144 0.68005405],26,21,"[0.4609870817439305, 0.702274209592598]",117,90
2695,[0.42756468 0.67238021],26,36,"[0.3984729155032823, 0.6728808968441772]",117,-1
2696,[0.38910398 0.76960996],26,18,"[0.37162219884005204, 0.7974050461709582]",117,-1
2697,[0.39582378 0.7149959 ],26,36,"[0.3984729155032823, 0.6728808968441772]",117,91
2698,[0.32061181 0.66729464],26,14,"[0.2991912902140973, 0.6498158096286489]",117,100
2699,[0.36074773 0.80585097],26,18,"[0.37162219884005204, 0.7974050461709582]",117,-1
2700,[0.70062287 0.47926322],27,50,"[0.73400958366281, 0.4924303356245267]",-1,-1
2701,[0.80432137 0.44792628],27,82,"[0.7838251592389673, 0.4623077396916808]",97,-1
2702,[0.7451208  0.53319957],27,74,"[0.7652076339305975, 0.5703048591625808]",16,2
2703,[0.64806494 0.46478565],27,93,"[0.6268451044452512, 0.4483349814555342]",-1,-1
2704,[0.71446511 0.5245018 ],27,50,"[0.73400958366281, 0.4924303356245267]",15,2
2705,[0.73175813 0.54123832],27,74,"[0.7652076339305975, 0.5703048591625808]",16,2
2706,[0.74153569 0.46813955],27,50,"[0.73400958366281, 0.4924303356245267]",28,-1
2707,[0.78082224 0.51078716],27,82,"[0.7838251592389673, 0.4623077396916808]",-1,-1
2708,[0.74586231 0.53992903],27,74,"[0.7652076339305975, 0.5703048591625808]",16,2
2709,[0.72896512 0.54807244],27,74,"[0.7652076339305975, 0.5703048591625808]",16,2
2710,[0.70291484 0.50705246],27,50,"[0.73400958366281, 0.4924303356245267]",-1,-1
2711,[0.75255151 0.47008243],27,50,"[0.73400958366281, 0.4924303356245267]",28,4
2712,[0.6954443  0.55257869],27,47,"[0.6479473958146146, 0.5918281279427561]",-1,-1
2713,[0.74715341 0.49027321],27,50,"[0.73400958366281, 0.4924303356245267]",28,-1
2714,[0.79547561 0.55324802],27,74,"[0.7652076339305975, 0.5703048591625808]",-1,-1
2715,[0.72604447 0.46141199],27,50,"[0.73400958366281, 0.4924303356245267]",75,20
2716,[0.70236548 0.46232054],27,50,"[0.73400958366281, 0.4924303356245267]",-1,-1
2717,[0.80198152 0.4958059 ],27,82,"[0.7838251592389673, 0.4623077396916808]",-1,-1
2718,[0.74640866 0.39045584],27,60,"[0.7203559462110392, 0.4062231169521756]",97,39
2719,[0.71787179 0.56517094],27,74,"[0.7652076339305975, 0.5703048591625808]",14,-1
2720,[0.77883168 0.47230295],27,82,"[0.7838251592389673, 0.4623077396916808]",28,4
2721,[0.71752398 0.44476159],27,60,"[0.7203559462110392, 0.4062231169521756]",75,-1
2722,[0.67292196 0.5535798 ],27,47,"[0.6479473958146146, 0.5918281279427561]",-1,-1
2723,[0.78142789 0.55535489],27,74,"[0.7652076339305975, 0.5703048591625808]",13,-1
2724,[0.73203555 0.53421866],27,50,"[0.73400958366281, 0.4924303356245267]",16,2
2725,[0.80051932 0.54448324],27,74,"[0.7652076339305975, 0.5703048591625808]",-1,-1
2726,[0.74156329 0.534094  ],27,50,"[0.73400958366281, 0.4924303356245267]",16,2
2727,[0.73111955 0.60268315],27,74,"[0.7652076339305975, 0.5703048591625808]",-1,-1
2728,[0.75581886 0.51965401],27,50,"[0.73400958366281, 0.4924303356245267]",-1,2
2729,[0.77409842 0.50830746],27,50,"[0.73400958366281, 0.4924303356245267]",-1,-1
2730,[0.69867099 0.48221352],27,50,"[0.73400958366281, 0.4924303356245267]",-1,-1
2731,[0.75558134 0.54439877],27,74,"[0.7652076339305975, 0.5703048591625808]",16,2
2732,[0.73812963 0.53860365],27,74,"[0.7652076339305975, 0.5703048591625808]",16,2
2733,[0.76462056 0.53758722],27,74,"[0.7652076339305975, 0.5703048591625808]",-1,2
2734,[0.74016598 0.48898826],27,50,"[0.73400958366281, 0.4924303356245267]",-1,-1
2735,[0.76383861 0.51980367],27,50,"[0.73400958366281, 0.4924303356245267]",-1,-1
2736,[0.7607878  0.43678947],27,82,"[0.7838251592389673, 0.4623077396916808]",97,-1
2737,[0.77347012 0.57109046],27,74,"[0.7652076339305975, 0.5703048591625808]",13,-1
2738,[0.70918659 0.4639104 ],27,50,"[0.73400958366281, 0.4924303356245267]",75,20
2739,[0.69498547 0.52483938],27,95,"[0.6515121185373796, 0.5025970969917144]",-1,-1
2740,[0.76665892 0.53423342],27,74,"[0.7652076339305975, 0.5703048591625808]",-1,2
2741,[0.67789655 0.49099017],27,95,"[0.6515121185373796, 0.5025970969917144]",-1,-1
2742,[0.77159905 0.47624147],27,82,"[0.7838251592389673, 0.4623077396916808]",28,4
2743,[0.82013722 0.53302556],27,74,"[0.7652076339305975, 0.5703048591625808]",-1,-1
2744,[0.77288218 0.48338717],27,82,"[0.7838251592389673, 0.4623077396916808]",28,4
2745,[0.71885488 0.46187259],27,50,"[0.73400958366281, 0.4924303356245267]",75,20
2746,[0.75419697 0.54155531],27,74,"[0.7652076339305975, 0.5703048591625808]",16,2
2747,[0.76056215 0.53591925],27,74,"[0.7652076339305975, 0.5703048591625808]",16,2
2748,[0.7378557  0.46698667],27,50,"[0.73400958366281, 0.4924303356245267]",28,-1
2749,[0.74252139 0.50340484],27,50,"[0.73400958366281, 0.4924303356245267]",-1,-1
2750,[0.74174188 0.53310747],27,50,"[0.73400958366281, 0.4924303356245267]",16,2
2751,[0.75206892 0.45472994],27,82,"[0.7838251592389673, 0.4623077396916808]",-1,-1
2752,[0.81949662 0.4525269 ],27,82,"[0.7838251592389673, 0.4623077396916808]",-1,-1
2753,[0.70387689 0.54946914],27,50,"[0.73400958366281, 0.4924303356245267]",-1,-1
2754,[0.74773601 0.53421957],27,74,"[0.7652076339305975, 0.5703048591625808]",16,2
2755,[0.74187508 0.54965839],27,74,"[0.7652076339305975, 0.5703048591625808]",16,2
2756,[0.70709919 0.52068286],27,50,"[0.73400958366281, 0.4924303356245267]",15,2
2757,[0.71873175 0.48787035],27,50,"[0.73400958366281, 0.4924303356245267]",-1,-1
2758,[0.75532619 0.47480273],27,50,"[0.73400958366281, 0.4924303356245267]",28,4
2759,[0.7357414  0.54537459],27,74,"[0.7652076339305975, 0.5703048591625808]",16,2
2760,[0.76995538 0.50615582],27,50,"[0.73400958366281, 0.4924303356245267]",-1,2
2761,[0.73299951 0.43580325],27,60,"[0.7203559462110392, 0.4062231169521756]",97,-1
2762,[0.68111863 0.52581575],27,95,"[0.6515121185373796, 0.5025970969917144]",-1,-1
2763,[0.74448679 0.52740258],27,50,"[0.73400958366281, 0.4924303356245267]",16,2
2764,[0.69618753 0.49702029],27,50,"[0.73400958366281, 0.4924303356245267]",-1,-1
2765,[0.71133434 0.52586917],27,50,"[0.73400958366281, 0.4924303356245267]",15,2
2766,[0.75419717 0.48531475],27,50,"[0.73400958366281, 0.4924303356245267]",28,4
2767,[0.80859175 0.54670878],27,74,"[0.7652076339305975, 0.5703048591625808]",-1,-1
2768,[0.78995146 0.47222344],27,82,"[0.7838251592389673, 0.4623077396916808]",-1,-1
2769,[0.71495483 0.4964662 ],27,50,"[0.73400958366281, 0.4924303356245267]",-1,-1
2770,[0.71672765 0.51472528],27,50,"[0.73400958366281, 0.4924303356245267]",15,2
2771,[0.6938584 0.4872901],27,50,"[0.73400958366281, 0.4924303356245267]",-1,-1
2772,[0.71542413 0.53766109],27,50,"[0.73400958366281, 0.4924303356245267]",-1,2
2773,[0.71168773 0.51187137],27,50,"[0.73400958366281, 0.4924303356245267]",15,2
2774,[0.69432916 0.5145552 ],27,95,"[0.6515121185373796, 0.5025970969917144]",-1,-1
2775,[0.70632899 0.52612903],27,50,"[0.73400958366281, 0.4924303356245267]",15,2
2776,[0.72543825 0.53409593],27,50,"[0.73400958366281, 0.4924303356245267]",16,2
2777,[0.72727752 0.52526018],27,50,"[0.73400958366281, 0.4924303356245267]",15,2
2778,[0.69533543 0.59608968],27,47,"[0.6479473958146146, 0.5918281279427561]",-1,-1
2779,[0.73753471 0.50952863],27,50,"[0.73400958366281, 0.4924303356245267]",-1,-1
2780,[0.67191512 0.53158165],27,95,"[0.6515121185373796, 0.5025970969917144]",-1,-1
2781,[0.69025327 0.56727143],27,47,"[0.6479473958146146, 0.5918281279427561]",14,-1
2782,[0.71722613 0.46116797],27,50,"[0.73400958366281, 0.4924303356245267]",75,20
2783,[0.72217782 0.51315885],27,50,"[0.73400958366281, 0.4924303356245267]",-1,-1
2784,[0.66694096 0.51806487],27,95,"[0.6515121185373796, 0.5025970969917144]",-1,-1
2785,[0.75750423 0.48826587],27,50,"[0.73400958366281, 0.4924303356245267]",28,4
2786,[0.72613701 0.48583486],27,50,"[0.73400958366281, 0.4924303356245267]",-1,-1
2787,[0.70498507 0.46437207],27,50,"[0.73400958366281, 0.4924303356245267]",75,-1
2788,[0.7357256  0.52609765],27,50,"[0.73400958366281, 0.4924303356245267]",16,2
2789,[0.74192891 0.61634373],27,25,"[0.7860674509871751, 0.6421376783027304]",-1,-1
2790,[0.78494131 0.5104198 ],27,82,"[0.7838251592389673, 0.4623077396916808]",-1,-1
2791,[0.74684456 0.53106503],27,50,"[0.73400958366281, 0.4924303356245267]",16,2
2792,[0.77864514 0.47803322],27,82,"[0.7838251592389673, 0.4623077396916808]",28,4
2793,[0.71920322 0.54074385],27,50,"[0.73400958366281, 0.4924303356245267]",16,2
2794,[0.65789471 0.56594109],27,47,"[0.6479473958146146, 0.5918281279427561]",-1,-1
2795,[0.72113936 0.47388649],27,50,"[0.73400958366281, 0.4924303356245267]",-1,-1
2796,[0.70237819 0.51492865],27,50,"[0.73400958366281, 0.4924303356245267]",15,2
2797,[0.76976787 0.56022788],27,74,"[0.7652076339305975, 0.5703048591625808]",-1,-1
2798,[0.75280551 0.52657456],27,50,"[0.73400958366281, 0.4924303356245267]",16,2
2799,[0.63934531 0.50811841],27,95,"[0.6515121185373796, 0.5025970969917144]",33,-1
2800,[0.7596859  0.38962778],28,8,"[0.782559314763462, 0.38675507962681555]",97,39
2801,[0.72559041 0.40017034],28,60,"[0.7203559462110392, 0.4062231169521756]",97,39
2802,[0.70337381 0.34450694],28,27,"[0.730818627555406, 0.3326871572147463]",97,41
2803,[0.69369127 0.31293533],28,41,"[0.6948979646954763, 0.28219115991762456]",97,41
2804,[0.71080217 0.47122066],28,50,"[0.73400958366281, 0.4924303356245267]",75,20
2805,[0.73252755 0.3497373 ],28,27,"[0.730818627555406, 0.3326871572147463]",97,41
2806,[0.74004075 0.46288342],28,50,"[0.73400958366281, 0.4924303356245267]",-1,4
2807,[0.81763068 0.40027866],28,8,"[0.782559314763462, 0.38675507962681555]",97,37
2808,[0.74707185 0.3827188 ],28,60,"[0.7203559462110392, 0.4062231169521756]",97,39
2809,[0.72811764 0.40883   ],28,60,"[0.7203559462110392, 0.4062231169521756]",97,39
2810,[0.68732458 0.33106932],28,59,"[0.670396322447398, 0.3654745913518824]",97,-1
2811,[0.77407042 0.43770917],28,82,"[0.7838251592389673, 0.4623077396916808]",97,37
2812,[0.84898079 0.44502226],28,44,"[0.8589971214582324, 0.4394137560340503]",-1,-1
2813,[0.76704443 0.41245402],28,8,"[0.782559314763462, 0.38675507962681555]",97,39
2814,[0.72965248 0.3782808 ],28,60,"[0.7203559462110392, 0.4062231169521756]",-1,-1
2815,[0.77793826 0.44184234],28,82,"[0.7838251592389673, 0.4623077396916808]",97,37
2816,[0.79538828 0.43582696],28,82,"[0.7838251592389673, 0.4623077396916808]",97,-1
2817,[0.70933597 0.41579793],28,60,"[0.7203559462110392, 0.4062231169521756]",-1,-1
2818,[0.71091735 0.38074401],28,60,"[0.7203559462110392, 0.4062231169521756]",97,-1
2819,[0.68886396 0.41726911],28,94,"[0.6748643012657011, 0.4183849502584258]",86,-1
2820,[0.75594473 0.42025148],28,60,"[0.7203559462110392, 0.4062231169521756]",-1,-1
2821,[0.78279936 0.39882249],28,8,"[0.782559314763462, 0.38675507962681555]",97,39
2822,[0.82058357 0.44597   ],28,44,"[0.8589971214582324, 0.4394137560340503]",-1,-1
2823,[0.76091203 0.45567924],28,82,"[0.7838251592389673, 0.4623077396916808]",-1,-1
2824,[0.74809167 0.39767697],28,60,"[0.7203559462110392, 0.4062231169521756]",97,39
2825,[0.67259211 0.37666342],28,59,"[0.670396322447398, 0.3654745913518824]",97,-1
2826,[0.80035858 0.35770828],28,8,"[0.782559314763462, 0.38675507962681555]",97,39
2827,[0.79678482 0.41743767],28,8,"[0.782559314763462, 0.38675507962681555]",97,-1
2828,[0.75573393 0.39542327],28,8,"[0.782559314763462, 0.38675507962681555]",97,39
2829,[0.72687085 0.41796568],28,60,"[0.7203559462110392, 0.4062231169521756]",97,-1
2830,[0.77854547 0.41516884],28,8,"[0.782559314763462, 0.38675507962681555]",97,-1
2831,[0.7940483 0.4451993],28,82,"[0.7838251592389673, 0.4623077396916808]",97,-1
2832,[0.70515081 0.41592158],28,60,"[0.7203559462110392, 0.4062231169521756]",-1,-1
2833,[0.73001751 0.41676747],28,60,"[0.7203559462110392, 0.4062231169521756]",97,39
2834,[0.76607967 0.36067876],28,8,"[0.782559314763462, 0.38675507962681555]",97,-1
2835,[0.73614173 0.42451031],28,60,"[0.7203559462110392, 0.4062231169521756]",97,-1
2836,[0.82013781 0.35380293],28,8,"[0.782559314763462, 0.38675507962681555]",97,-1
2837,[0.81136777 0.46488482],28,82,"[0.7838251592389673, 0.4623077396916808]",-1,-1
2838,[0.72177733 0.44335418],28,60,"[0.7203559462110392, 0.4062231169521756]",75,20
2839,[0.73776917 0.38203178],28,60,"[0.7203559462110392, 0.4062231169521756]",97,-1
2840,[0.76193814 0.40300081],28,8,"[0.782559314763462, 0.38675507962681555]",97,39
2841,[0.73604695 0.35311744],28,27,"[0.730818627555406, 0.3326871572147463]",97,41
2842,[0.71722818 0.45951752],28,50,"[0.73400958366281, 0.4924303356245267]",75,20
2843,[0.72962923 0.36618724],28,27,"[0.730818627555406, 0.3326871572147463]",97,-1
2844,[0.67844195 0.42850169],28,94,"[0.6748643012657011, 0.4183849502584258]",-1,-1
2845,[0.74112495 0.43120739],28,60,"[0.7203559462110392, 0.4062231169521756]",97,-1
2846,[0.82875961 0.32567893],28,22,"[0.805104436152594, 0.30588484878908717]",97,-1
2847,[0.80891375 0.39460304],28,8,"[0.782559314763462, 0.38675507962681555]",97,-1
2848,[0.78027682 0.39857565],28,8,"[0.782559314763462, 0.38675507962681555]",97,39
2849,[0.7239644  0.40796173],28,60,"[0.7203559462110392, 0.4062231169521756]",97,-1
2850,[0.71575736 0.39367294],28,60,"[0.7203559462110392, 0.4062231169521756]",-1,-1
2851,[0.6943445  0.39367403],28,60,"[0.7203559462110392, 0.4062231169521756]",86,-1
2852,[0.76451256 0.42651809],28,82,"[0.7838251592389673, 0.4623077396916808]",97,-1
2853,[0.82060949 0.4382477 ],28,44,"[0.8589971214582324, 0.4394137560340503]",98,-1
2854,[0.76949013 0.37263444],28,8,"[0.782559314763462, 0.38675507962681555]",97,39
2855,[0.73193406 0.40791931],28,60,"[0.7203559462110392, 0.4062231169521756]",97,-1
2856,[0.78579965 0.44541954],28,82,"[0.7838251592389673, 0.4623077396916808]",97,-1
2857,[0.75798547 0.48831946],28,50,"[0.73400958366281, 0.4924303356245267]",28,4
2858,[0.78254544 0.43015878],28,82,"[0.7838251592389673, 0.4623077396916808]",97,37
2859,[0.7222464  0.45277651],28,50,"[0.73400958366281, 0.4924303356245267]",75,20
2860,[0.79116855 0.39314304],28,8,"[0.782559314763462, 0.38675507962681555]",97,39
2861,[0.81314353 0.39452136],28,8,"[0.782559314763462, 0.38675507962681555]",97,37
2862,[0.80517847 0.44514843],28,82,"[0.7838251592389673, 0.4623077396916808]",97,-1
2863,[0.81935569 0.43275873],28,44,"[0.8589971214582324, 0.4394137560340503]",98,28
2864,[0.80026097 0.4295458 ],28,82,"[0.7838251592389673, 0.4623077396916808]",-1,-1
2865,[0.76135204 0.44317503],28,82,"[0.7838251592389673, 0.4623077396916808]",97,-1
2866,[0.76603349 0.32920035],28,27,"[0.730818627555406, 0.3326871572147463]",97,-1
2867,[0.8513072  0.46386789],28,44,"[0.8589971214582324, 0.4394137560340503]",-1,-1
2868,[0.78457896 0.50118309],28,82,"[0.7838251592389673, 0.4623077396916808]",-1,-1
2869,[0.74223984 0.47658756],28,50,"[0.73400958366281, 0.4924303356245267]",28,4
2870,[0.75357375 0.38939927],28,8,"[0.782559314763462, 0.38675507962681555]",97,39
2871,[0.80246833 0.44738701],28,82,"[0.7838251592389673, 0.4623077396916808]",97,-1
2872,[0.78826534 0.37293407],28,8,"[0.782559314763462, 0.38675507962681555]",97,39
2873,[0.76722152 0.39889372],28,8,"[0.782559314763462, 0.38675507962681555]",97,39
2874,[0.75018908 0.47334424],28,50,"[0.73400958366281, 0.4924303356245267]",28,4
2875,[0.81845056 0.37721661],28,8,"[0.782559314763462, 0.38675507962681555]",97,37
2876,[0.83290666 0.46249121],28,44,"[0.8589971214582324, 0.4394137560340503]",-1,-1
2877,[0.79528783 0.41938973],28,8,"[0.782559314763462, 0.38675507962681555]",97,-1
2878,[0.80940223 0.41647054],28,8,"[0.782559314763462, 0.38675507962681555]",97,37
2879,[0.8023969 0.4396248],28,82,"[0.7838251592389673, 0.4623077396916808]",97,-1
2880,[0.84469772 0.44397662],28,44,"[0.8589971214582324, 0.4394137560340503]",-1,-1
2881,[0.75228782 0.42979702],28,60,"[0.7203559462110392, 0.4062231169521756]",-1,-1
2882,[0.78490305 0.42575019],28,82,"[0.7838251592389673, 0.4623077396916808]",97,-1
2883,[0.79004026 0.41299575],28,8,"[0.782559314763462, 0.38675507962681555]",97,37
2884,[0.81866095 0.41424907],28,8,"[0.782559314763462, 0.38675507962681555]",97,-1
2885,[0.69628471 0.43308737],28,94,"[0.6748643012657011, 0.4183849502584258]",-1,-1
2886,[0.69618842 0.42149575],28,94,"[0.6748643012657011, 0.4183849502584258]",-1,-1
2887,[0.73689249 0.43120862],28,60,"[0.7203559462110392, 0.4062231169521756]",97,-1
2888,[0.74026851 0.41633472],28,60,"[0.7203559462110392, 0.4062231169521756]",97,-1
2889,[0.77256768 0.4005974 ],28,8,"[0.782559314763462, 0.38675507962681555]",97,39
2890,[0.71715476 0.43905564],28,60,"[0.7203559462110392, 0.4062231169521756]",75,-1
2891,[0.74519514 0.34462374],28,27,"[0.730818627555406, 0.3326871572147463]",97,41
2892,[0.81360926 0.43667309],28,82,"[0.7838251592389673, 0.4623077396916808]",-1,-1
2893,[0.8302242  0.39412439],28,24,"[0.864304877149764, 0.37840873327476937]",97,37
2894,[0.70940309 0.34776657],28,27,"[0.730818627555406, 0.3326871572147463]",97,41
2895,[0.83863343 0.46468611],28,44,"[0.8589971214582324, 0.4394137560340503]",-1,-1
2896,[0.76259485 0.42481386],28,8,"[0.782559314763462, 0.38675507962681555]",97,-1
2897,[0.72078849 0.44754096],28,60,"[0.7203559462110392, 0.4062231169521756]",75,20
2898,[0.67522616 0.42152044],28,94,"[0.6748643012657011, 0.4183849502584258]",85,-1
2899,[0.74680689 0.32140447],28,27,"[0.730818627555406, 0.3326871572147463]",97,-1
2900,[0.14280617 0.37637365],29,52,"[0.15299951742988305, 0.4190518444817022]",-1,-1
2901,[0.1974551 0.3408074],29,58,"[0.20200162677094644, 0.3700588211289526]",-1,-1
2902,[0.15302877 0.36600665],29,64,"[0.14651710815353663, 0.31875187760214785]",-1,10
2903,[0.16365577 0.35815127],29,58,"[0.20200162677094644, 0.3700588211289526]",26,10
2904,[0.20548941 0.31756281],29,5,"[0.25263933558285595, 0.3182434845400105]",41,13
2905,[0.14243417 0.30267852],29,64,"[0.14651710815353663, 0.31875187760214785]",-1,-1
2906,[0.1649855  0.30468092],29,64,"[0.14651710815353663, 0.31875187760214785]",-1,-1
2907,[0.21612219 0.37498164],29,58,"[0.20200162677094644, 0.3700588211289526]",114,-1
2908,[0.15465465 0.30351013],29,64,"[0.14651710815353663, 0.31875187760214785]",-1,-1
2909,[0.13731073 0.34686315],29,64,"[0.14651710815353663, 0.31875187760214785]",21,-1
2910,[0.17578885 0.31623626],29,64,"[0.14651710815353663, 0.31875187760214785]",42,13
2911,[0.11995175 0.32253895],29,64,"[0.14651710815353663, 0.31875187760214785]",-1,-1
2912,[0.1793861  0.35761332],29,58,"[0.20200162677094644, 0.3700588211289526]",26,-1
2913,[0.13286074 0.36707876],29,64,"[0.14651710815353663, 0.31875187760214785]",21,-1
2914,[0.2141162  0.28419894],29,38,"[0.21237696572363113, 0.23587686359823726]",114,-1
2915,[0.0686308  0.30157632],29,-1,-1,-1,-1
2916,[0.27864011 0.27417192],29,30,"[0.2966359808455789, 0.2452350977488949]",114,94
2917,[0.1758198  0.30977119],29,64,"[0.14651710815353663, 0.31875187760214785]",42,13
2918,[0.23232641 0.32418975],29,5,"[0.25263933558285595, 0.3182434845400105]",114,94
2919,[0.16971481 0.35278783],29,58,"[0.20200162677094644, 0.3700588211289526]",26,-1
2920,[0.27404677 0.30580316],29,5,"[0.25263933558285595, 0.3182434845400105]",114,94
2921,[0.16448479 0.42028021],29,52,"[0.15299951742988305, 0.4190518444817022]",-1,-1
2922,[0.17477649 0.40877507],29,52,"[0.15299951742988305, 0.4190518444817022]",72,45
2923,[0.22380511 0.30806147],29,5,"[0.25263933558285595, 0.3182434845400105]",114,-1
2924,[0.20391049 0.31217243],29,5,"[0.25263933558285595, 0.3182434845400105]",-1,-1
2925,[0.17297554 0.34761426],29,58,"[0.20200162677094644, 0.3700588211289526]",-1,10
2926,[0.17652919 0.37657122],29,58,"[0.20200162677094644, 0.3700588211289526]",-1,-1
2927,[0.20914729 0.36995152],29,58,"[0.20200162677094644, 0.3700588211289526]",114,-1
2928,[0.10912745 0.3340646 ],29,64,"[0.14651710815353663, 0.31875187760214785]",-1,-1
2929,[0.16211162 0.37298417],29,58,"[0.20200162677094644, 0.3700588211289526]",-1,10
2930,[0.14943146 0.30462466],29,64,"[0.14651710815353663, 0.31875187760214785]",-1,-1
2931,[0.14895756 0.33824795],29,64,"[0.14651710815353663, 0.31875187760214785]",21,-1
2932,[0.12773167 0.29756958],29,64,"[0.14651710815353663, 0.31875187760214785]",-1,-1
2933,[0.16861866 0.33439626],29,64,"[0.14651710815353663, 0.31875187760214785]",-1,-1
2934,[0.19538294 0.33893838],29,58,"[0.20200162677094644, 0.3700588211289526]",-1,-1
2935,[0.1502481  0.21740817],29,38,"[0.21237696572363113, 0.23587686359823726]",-1,-1
2936,[0.23491393 0.34359108],29,5,"[0.25263933558285595, 0.3182434845400105]",114,-1
2937,[0.16639509 0.27816262],29,64,"[0.14651710815353663, 0.31875187760214785]",-1,-1
2938,[0.17603305 0.31192479],29,64,"[0.14651710815353663, 0.31875187760214785]",42,13
2939,[0.16436336 0.40846024],29,52,"[0.15299951742988305, 0.4190518444817022]",72,45
2940,[0.16101364 0.33668649],29,64,"[0.14651710815353663, 0.31875187760214785]",-1,-1
2941,[0.17296405 0.31505911],29,64,"[0.14651710815353663, 0.31875187760214785]",42,13
2942,[0.20008801 0.3535408 ],29,58,"[0.20200162677094644, 0.3700588211289526]",-1,-1
2943,[0.16922736 0.2708589 ],29,64,"[0.14651710815353663, 0.31875187760214785]",-1,-1
2944,[0.11524028 0.32440969],29,64,"[0.14651710815353663, 0.31875187760214785]",-1,-1
2945,[0.12158751 0.34554507],29,64,"[0.14651710815353663, 0.31875187760214785]",-1,-1
2946,[0.18997419 0.32674452],29,64,"[0.14651710815353663, 0.31875187760214785]",41,13
2947,[0.19529494 0.36871862],29,58,"[0.20200162677094644, 0.3700588211289526]",-1,-1
2948,[0.17511174 0.36430212],29,58,"[0.20200162677094644, 0.3700588211289526]",26,10
2949,[0.26372192 0.33625384],29,5,"[0.25263933558285595, 0.3182434845400105]",114,-1
2950,[0.14393035 0.35523217],29,64,"[0.14651710815353663, 0.31875187760214785]",21,10
2951,[0.08525769 0.30605925],29,64,"[0.14651710815353663, 0.31875187760214785]",-1,-1
2952,[0.20050826 0.3299671 ],29,58,"[0.20200162677094644, 0.3700588211289526]",41,13
2953,[0.18384086 0.42019914],29,52,"[0.15299951742988305, 0.4190518444817022]",72,-1
2954,[0.17977997 0.31399411],29,64,"[0.14651710815353663, 0.31875187760214785]",42,13
2955,[0.09995225 0.30901331],29,64,"[0.14651710815353663, 0.31875187760214785]",-1,-1
2956,[0.17066758 0.41249218],29,52,"[0.15299951742988305, 0.4190518444817022]",72,45
2957,[0.16462632 0.24697218],29,38,"[0.21237696572363113, 0.23587686359823726]",-1,-1
2958,[0.21561854 0.29170853],29,5,"[0.25263933558285595, 0.3182434845400105]",114,-1
2959,[0.15989248 0.34175349],29,64,"[0.14651710815353663, 0.31875187760214785]",-1,-1
2960,[0.20532021 0.28428242],29,38,"[0.21237696572363113, 0.23587686359823726]",-1,-1
2961,[0.14637385 0.35907631],29,64,"[0.14651710815353663, 0.31875187760214785]",21,10
2962,[0.18298782 0.30470045],29,64,"[0.14651710815353663, 0.31875187760214785]",42,13
2963,[0.22184065 0.35721027],29,58,"[0.20200162677094644, 0.3700588211289526]",-1,-1
2964,[0.14452882 0.35135017],29,64,"[0.14651710815353663, 0.31875187760214785]",21,-1
2965,[0.17363177 0.33170767],29,64,"[0.14651710815353663, 0.31875187760214785]",-1,-1
2966,[0.24305572 0.35038875],29,5,"[0.25263933558285595, 0.3182434845400105]",114,84
2967,[0.17463193 0.29010885],29,64,"[0.14651710815353663, 0.31875187760214785]",42,-1
2968,[0.22779747 0.39370015],29,16,"[0.2555939088543306, 0.4149016525883056]",114,-1
2969,[0.1656938  0.28934605],29,64,"[0.14651710815353663, 0.31875187760214785]",-1,-1
2970,[0.18154347 0.38871128],29,58,"[0.20200162677094644, 0.3700588211289526]",-1,-1
2971,[0.1509651  0.38728308],29,52,"[0.15299951742988305, 0.4190518444817022]",-1,-1
2972,[0.24281923 0.36576642],29,58,"[0.20200162677094644, 0.3700588211289526]",114,84
2973,[0.17979083 0.37194526],29,58,"[0.20200162677094644, 0.3700588211289526]",-1,-1
2974,[0.205429   0.28288933],29,38,"[0.21237696572363113, 0.23587686359823726]",-1,-1
2975,[0.18968199 0.33017225],29,58,"[0.20200162677094644, 0.3700588211289526]",41,13
2976,[0.13365516 0.34637911],29,64,"[0.14651710815353663, 0.31875187760214785]",21,-1
2977,[0.23352959 0.3064237 ],29,5,"[0.25263933558285595, 0.3182434845400105]",114,-1
2978,[0.08107535 0.29810965],29,64,"[0.14651710815353663, 0.31875187760214785]",-1,-1
2979,[0.2307031  0.33430045],29,5,"[0.25263933558285595, 0.3182434845400105]",114,94
2980,[0.06848772 0.33318936],29,-1,-1,-1,-1
2981,[0.11045812 0.32409152],29,64,"[0.14651710815353663, 0.31875187760214785]",-1,-1
2982,[0.22303745 0.30155585],29,5,"[0.25263933558285595, 0.3182434845400105]",114,-1
2983,[0.24289946 0.38078243],29,16,"[0.2555939088543306, 0.4149016525883056]",114,84
2984,[0.17636753 0.29946864],29,64,"[0.14651710815353663, 0.31875187760214785]",42,13
2985,[0.2031045  0.38572316],29,58,"[0.20200162677094644, 0.3700588211289526]",-1,-1
2986,[0.14311361 0.33041914],29,64,"[0.14651710815353663, 0.31875187760214785]",-1,-1
2987,[0.25587967 0.31326257],29,5,"[0.25263933558285595, 0.3182434845400105]",114,94
2988,[0.17797821 0.29279987],29,64,"[0.14651710815353663, 0.31875187760214785]",-1,-1
2989,[0.27490073 0.27572803],29,30,"[0.2966359808455789, 0.2452350977488949]",114,94
2990,[0.22758132 0.29431057],29,5,"[0.25263933558285595, 0.3182434845400105]",114,-1
2991,[0.15762625 0.3503836 ],29,64,"[0.14651710815353663, 0.31875187760214785]",-1,10
2992,[0.17698349 0.36579474],29,58,"[0.20200162677094644, 0.3700588211289526]",26,10
2993,[0.1186344  0.30018553],29,64,"[0.14651710815353663, 0.31875187760214785]",-1,-1
2994,[0.1772844  0.30461753],29,64,"[0.14651710815353663, 0.31875187760214785]",42,13
2995,[0.217441   0.34518746],29,58,"[0.20200162677094644, 0.3700588211289526]",-1,-1
2996,[0.14018694 0.37147973],29,52,"[0.15299951742988305, 0.4190518444817022]",21,-1
2997,[0.12972358 0.33377217],29,64,"[0.14651710815353663, 0.31875187760214785]",-1,-1
2998,[0.16459577 0.29119317],29,64,"[0.14651710815353663, 0.31875187760214785]",-1,-1
2999,[0.13866832 0.34444679],29,64,"[0.14651710815353663, 0.31875187760214785]",21,-1
3000,[0.46031506 0.64749416],30,23,"[0.42263643503799797, 0.6161205416303672]",117,-1
3001,[0.36920727 0.56547437],30,9,"[0.34993355860173564, 0.5388204709038561]",117,-1
3002,[0.53834012 0.61905063],30,15,"[0.5005882845969348, 0.6071157673844066]",117,53
3003,[0.50556818 0.58708702],30,15,"[0.5005882845969348, 0.6071157673844066]",117,-1
3004,[0.47498645 0.70667009],30,21,"[0.4609870817439305, 0.702274209592598]",117,90
3005,[0.46805235 0.64186816],30,15,"[0.5005882845969348, 0.6071157673844066]",117,-1
3006,[0.39508018 0.64649547],30,36,"[0.3984729155032823, 0.6728808968441772]",117,100
3007,[0.39879388 0.72847044],30,36,"[0.3984729155032823, 0.6728808968441772]",117,-1
3008,[0.4730643  0.62424775],30,15,"[0.5005882845969348, 0.6071157673844066]",117,-1
3009,[0.45076358 0.6557053 ],30,21,"[0.4609870817439305, 0.702274209592598]",117,-1
3010,[0.41901311 0.72016041],30,21,"[0.4609870817439305, 0.702274209592598]",117,91
3011,[0.40606063 0.67130763],30,36,"[0.3984729155032823, 0.6728808968441772]",-1,-1
3012,[0.53796727 0.62340344],30,15,"[0.5005882845969348, 0.6071157673844066]",117,53
3013,[0.42807625 0.59564238],30,23,"[0.42263643503799797, 0.6161205416303672]",117,-1
3014,[0.46373024 0.64097159],30,23,"[0.42263643503799797, 0.6161205416303672]",-1,-1
3015,[0.39103915 0.67883195],30,36,"[0.3984729155032823, 0.6728808968441772]",117,97
3016,[0.45659898 0.6676654 ],30,21,"[0.4609870817439305, 0.702274209592598]",117,90
3017,[0.4848205  0.67468948],30,21,"[0.4609870817439305, 0.702274209592598]",117,-1
3018,[0.51563178 0.68282771],30,35,"[0.5368175380560374, 0.7057468765352064]",117,-1
3019,[0.48145935 0.67025042],30,21,"[0.4609870817439305, 0.702274209592598]",117,-1
3020,[0.45655346 0.66674744],30,21,"[0.4609870817439305, 0.702274209592598]",117,90
3021,[0.60040771 0.64321778],30,10,"[0.5824848627859263, 0.649655537749642]",117,-1
3022,[0.47662662 0.57533782],30,15,"[0.5005882845969348, 0.6071157673844066]",-1,-1
3023,[0.47350494 0.65887157],30,21,"[0.4609870817439305, 0.702274209592598]",117,-1
3024,[0.49793206 0.59916526],30,15,"[0.5005882845969348, 0.6071157673844066]",-1,-1
3025,[0.5420267  0.68673994],30,35,"[0.5368175380560374, 0.7057468765352064]",117,55
3026,[0.49773133 0.5858047 ],30,15,"[0.5005882845969348, 0.6071157673844066]",-1,-1
3027,[0.4897144  0.63241625],30,15,"[0.5005882845969348, 0.6071157673844066]",-1,-1
3028,[0.5111447  0.64896526],30,15,"[0.5005882845969348, 0.6071157673844066]",117,-1
3029,[0.44104956 0.6390415 ],30,23,"[0.42263643503799797, 0.6161205416303672]",117,99
3030,[0.57790037 0.63806386],30,10,"[0.5824848627859263, 0.649655537749642]",117,58
3031,[0.47589812 0.70410961],30,21,"[0.4609870817439305, 0.702274209592598]",117,90
3032,[0.47434822 0.67954567],30,21,"[0.4609870817439305, 0.702274209592598]",-1,-1
3033,[0.47395406 0.62468187],30,15,"[0.5005882845969348, 0.6071157673844066]",117,-1
3034,[0.51190016 0.645599  ],30,15,"[0.5005882845969348, 0.6071157673844066]",117,51
3035,[0.45674011 0.62686452],30,23,"[0.42263643503799797, 0.6161205416303672]",117,-1
3036,[0.48178684 0.56115648],30,28,"[0.4883199384691489, 0.5133386333280389]",117,-1
3037,[0.42707189 0.65583644],30,36,"[0.3984729155032823, 0.6728808968441772]",117,-1
3038,[0.40859018 0.73562521],30,20,"[0.4431801719912439, 0.7668078343201206]",117,-1
3039,[0.44110213 0.69961558],30,21,"[0.4609870817439305, 0.702274209592598]",117,-1
3040,[0.56669596 0.6419719 ],30,10,"[0.5824848627859263, 0.649655537749642]",117,-1
3041,[0.43972852 0.63348037],30,23,"[0.42263643503799797, 0.6161205416303672]",117,-1
3042,[0.49448102 0.67521031],30,21,"[0.4609870817439305, 0.702274209592598]",117,-1
3043,[0.50333892 0.68114636],30,35,"[0.5368175380560374, 0.7057468765352064]",117,-1
3044,[0.51715749 0.64143718],30,15,"[0.5005882845969348, 0.6071157673844066]",117,51
3045,[0.45541831 0.7425349 ],30,20,"[0.4431801719912439, 0.7668078343201206]",117,-1
3046,[0.48166635 0.65827424],30,21,"[0.4609870817439305, 0.702274209592598]",-1,-1
3047,[0.42027373 0.71557354],30,21,"[0.4609870817439305, 0.702274209592598]",117,91
3048,[0.50298383 0.63181221],30,15,"[0.5005882845969348, 0.6071157673844066]",117,-1
3049,[0.50128085 0.64140656],30,15,"[0.5005882845969348, 0.6071157673844066]",117,51
3050,[0.51628968 0.66327896],30,35,"[0.5368175380560374, 0.7057468765352064]",117,51
3051,[0.47725934 0.63277259],30,15,"[0.5005882845969348, 0.6071157673844066]",117,-1
3052,[0.47789962 0.67550605],30,21,"[0.4609870817439305, 0.702274209592598]",117,-1
3053,[0.51669524 0.65461666],30,15,"[0.5005882845969348, 0.6071157673844066]",117,51
3054,[0.47290663 0.61562054],30,15,"[0.5005882845969348, 0.6071157673844066]",-1,-1
3055,[0.41764077 0.68291454],30,36,"[0.3984729155032823, 0.6728808968441772]",117,-1
3056,[0.4572469  0.67995494],30,21,"[0.4609870817439305, 0.702274209592598]",117,-1
3057,[0.5301029  0.70330806],30,35,"[0.5368175380560374, 0.7057468765352064]",-1,-1
3058,[0.4777229  0.70865973],30,21,"[0.4609870817439305, 0.702274209592598]",117,90
3059,[0.47890782 0.68476486],30,21,"[0.4609870817439305, 0.702274209592598]",117,-1
3060,[0.43644846 0.69869455],30,21,"[0.4609870817439305, 0.702274209592598]",117,90
3061,[0.44540564 0.68353086],30,21,"[0.4609870817439305, 0.702274209592598]",117,90
3062,[0.50033941 0.67824519],30,35,"[0.5368175380560374, 0.7057468765352064]",117,-1
3063,[0.46974508 0.71144641],30,21,"[0.4609870817439305, 0.702274209592598]",117,90
3064,[0.4532509  0.69310647],30,21,"[0.4609870817439305, 0.702274209592598]",117,90
3065,[0.47571721 0.65254062],30,15,"[0.5005882845969348, 0.6071157673844066]",117,-1
3066,[0.45245111 0.59884215],30,23,"[0.42263643503799797, 0.6161205416303672]",117,-1
3067,[0.45437869 0.66212091],30,21,"[0.4609870817439305, 0.702274209592598]",117,90
3068,[0.52040254 0.63058092],30,15,"[0.5005882845969348, 0.6071157673844066]",-1,-1
3069,[0.49906391 0.63421282],30,15,"[0.5005882845969348, 0.6071157673844066]",117,-1
3070,[0.47084528 0.60517431],30,15,"[0.5005882845969348, 0.6071157673844066]",-1,-1
3071,[0.43687845 0.57514829],30,29,"[0.4203507518330517, 0.5402216776416098]",117,96
3072,[0.53354042 0.63205508],30,15,"[0.5005882845969348, 0.6071157673844066]",117,53
3073,[0.47285221 0.63293529],30,15,"[0.5005882845969348, 0.6071157673844066]",117,-1
3074,[0.43830891 0.6678988 ],30,36,"[0.3984729155032823, 0.6728808968441772]",117,-1
3075,[0.51730103 0.6495703 ],30,15,"[0.5005882845969348, 0.6071157673844066]",117,-1
3076,[0.39397805 0.63510439],30,23,"[0.42263643503799797, 0.6161205416303672]",117,100
3077,[0.42330692 0.59217647],30,23,"[0.42263643503799797, 0.6161205416303672]",117,-1
3078,[0.47608905 0.64382973],30,15,"[0.5005882845969348, 0.6071157673844066]",117,-1
3079,[0.50451944 0.57708795],30,15,"[0.5005882845969348, 0.6071157673844066]",117,73
3080,[0.48952162 0.68424472],30,21,"[0.4609870817439305, 0.702274209592598]",117,-1
3081,[0.48339866 0.66768577],30,21,"[0.4609870817439305, 0.702274209592598]",117,-1
3082,[0.51972603 0.63373278],30,15,"[0.5005882845969348, 0.6071157673844066]",117,-1
3083,[0.41921535 0.68504249],30,36,"[0.3984729155032823, 0.6728808968441772]",117,-1
3084,[0.46803181 0.62700511],30,15,"[0.5005882845969348, 0.6071157673844066]",117,-1
3085,[0.50333393 0.62037004],30,15,"[0.5005882845969348, 0.6071157673844066]",117,-1
3086,[0.4383993  0.61105072],30,23,"[0.42263643503799797, 0.6161205416303672]",-1,-1
3087,[0.51181005 0.6625178 ],30,35,"[0.5368175380560374, 0.7057468765352064]",117,-1
3088,[0.45852572 0.63987113],30,23,"[0.42263643503799797, 0.6161205416303672]",117,-1
3089,[0.50868804 0.68351954],30,35,"[0.5368175380560374, 0.7057468765352064]",117,-1
3090,[0.45545524 0.75570415],30,20,"[0.4431801719912439, 0.7668078343201206]",117,90
3091,[0.49268533 0.67550611],30,21,"[0.4609870817439305, 0.702274209592598]",117,-1
3092,[0.4237605  0.65819805],30,36,"[0.3984729155032823, 0.6728808968441772]",117,-1
3093,[0.5174475  0.69860038],30,35,"[0.5368175380560374, 0.7057468765352064]",-1,-1
3094,[0.52189139 0.66454093],30,35,"[0.5368175380560374, 0.7057468765352064]",117,51
3095,[0.46666696 0.70070707],30,21,"[0.4609870817439305, 0.702274209592598]",117,90
3096,[0.45537607 0.68820211],30,21,"[0.4609870817439305, 0.702274209592598]",117,90
3097,[0.49646697 0.68571179],30,21,"[0.4609870817439305, 0.702274209592598]",117,-1
3098,[0.46283292 0.5465921 ],30,28,"[0.4883199384691489, 0.5133386333280389]",117,-1
3099,[0.48034225 0.63968864],30,15,"[0.5005882845969348, 0.6071157673844066]",117,-1
3100,[0.4113092  0.50961049],31,29,"[0.4203507518330517, 0.5402216776416098]",117,-1
3101,[0.35935714 0.46915081],31,39,"[0.3669055865255626, 0.44498159830625134]",114,-1
3102,[0.33763937 0.51257354],31,9,"[0.34993355860173564, 0.5388204709038561]",-1,-1
3103,[0.45495794 0.56578682],31,29,"[0.4203507518330517, 0.5402216776416098]",117,96
3104,[0.39199993 0.43028145],31,39,"[0.3669055865255626, 0.44498159830625134]",114,-1
3105,[0.33104786 0.43406955],31,39,"[0.3669055865255626, 0.44498159830625134]",-1,-1
3106,[0.27727734 0.53282689],31,32,"[0.2628401192296225, 0.49392472915708574]",-1,-1
3107,[0.37295467 0.45248938],31,39,"[0.3669055865255626, 0.44498159830625134]",114,75
3108,[0.34369114 0.52449438],31,9,"[0.34993355860173564, 0.5388204709038561]",117,-1
3109,[0.39108006 0.46751715],31,39,"[0.3669055865255626, 0.44498159830625134]",-1,-1
3110,[0.4151457  0.42909379],31,46,"[0.4417948344818715, 0.4376736545727672]",114,-1
3111,[0.38047317 0.56276798],31,9,"[0.34993355860173564, 0.5388204709038561]",117,100
3112,[0.36262464 0.4593822 ],31,39,"[0.3669055865255626, 0.44498159830625134]",114,75
3113,[0.33072121 0.44211306],31,39,"[0.3669055865255626, 0.44498159830625134]",-1,-1
3114,[0.29957635 0.49116781],31,32,"[0.2628401192296225, 0.49392472915708574]",77,15
3115,[0.372528 0.486255],31,39,"[0.3669055865255626, 0.44498159830625134]",-1,-1
3116,[0.37837336 0.4118752 ],31,39,"[0.3669055865255626, 0.44498159830625134]",114,-1
3117,[0.36710711 0.45846208],31,39,"[0.3669055865255626, 0.44498159830625134]",114,-1
3118,[0.31566484 0.50855442],31,9,"[0.34993355860173564, 0.5388204709038561]",-1,-1
3119,[0.38930307 0.47476902],31,39,"[0.3669055865255626, 0.44498159830625134]",96,-1
3120,[0.42588108 0.53585823],31,29,"[0.4203507518330517, 0.5402216776416098]",117,96
3121,[0.40607196 0.54109952],31,29,"[0.4203507518330517, 0.5402216776416098]",117,100
3122,[0.34374634 0.52560439],31,9,"[0.34993355860173564, 0.5388204709038561]",117,-1
3123,[0.29646202 0.48429569],31,32,"[0.2628401192296225, 0.49392472915708574]",77,15
3124,[0.27985384 0.53161449],31,32,"[0.2628401192296225, 0.49392472915708574]",-1,-1
3125,[0.40754745 0.45527459],31,46,"[0.4417948344818715, 0.4376736545727672]",-1,-1
3126,[0.33313164 0.49643145],31,9,"[0.34993355860173564, 0.5388204709038561]",-1,-1
3127,[0.3367579  0.43043614],31,39,"[0.3669055865255626, 0.44498159830625134]",-1,-1
3128,[0.39848357 0.53083646],31,29,"[0.4203507518330517, 0.5402216776416098]",117,100
3129,[0.38405533 0.45811207],31,39,"[0.3669055865255626, 0.44498159830625134]",114,-1
3130,[0.47373311 0.50516939],31,28,"[0.4883199384691489, 0.5133386333280389]",117,-1
3131,[0.37661438 0.45173468],31,39,"[0.3669055865255626, 0.44498159830625134]",114,75
3132,[0.31461453 0.47017994],31,32,"[0.2628401192296225, 0.49392472915708574]",77,15
3133,[0.4483724  0.50143623],31,28,"[0.4883199384691489, 0.5133386333280389]",117,-1
3134,[0.36945324 0.49612305],31,9,"[0.34993355860173564, 0.5388204709038561]",117,-1
3135,[0.48027052 0.45355416],31,46,"[0.4417948344818715, 0.4376736545727672]",-1,-1
3136,[0.33707375 0.45368668],31,39,"[0.3669055865255626, 0.44498159830625134]",-1,-1
3137,[0.40242562 0.44860032],31,39,"[0.3669055865255626, 0.44498159830625134]",114,-1
3138,[0.441229   0.56718501],31,29,"[0.4203507518330517, 0.5402216776416098]",117,96
3139,[0.37169088 0.50755974],31,9,"[0.34993355860173564, 0.5388204709038561]",117,76
3140,[0.37409818 0.4221187 ],31,39,"[0.3669055865255626, 0.44498159830625134]",114,74
3141,[0.34680881 0.46173831],31,39,"[0.3669055865255626, 0.44498159830625134]",-1,-1
3142,[0.36536871 0.42845295],31,39,"[0.3669055865255626, 0.44498159830625134]",114,74
3143,[0.29029616 0.53387789],31,32,"[0.2628401192296225, 0.49392472915708574]",-1,-1
3144,[0.3146957  0.47854644],31,32,"[0.2628401192296225, 0.49392472915708574]",77,15
3145,[0.34203986 0.55165379],31,9,"[0.34993355860173564, 0.5388204709038561]",117,-1
3146,[0.38864704 0.45638396],31,39,"[0.3669055865255626, 0.44498159830625134]",114,75
3147,[0.37971707 0.46786315],31,39,"[0.3669055865255626, 0.44498159830625134]",-1,-1
3148,[0.3708159 0.3920922],31,13,"[0.39947133599624457, 0.3634561327160814]",114,93
3149,[0.39142391 0.49034411],31,39,"[0.3669055865255626, 0.44498159830625134]",-1,-1
3150,[0.36977979 0.4254425 ],31,39,"[0.3669055865255626, 0.44498159830625134]",114,74
3151,[0.38285574 0.47775097],31,39,"[0.3669055865255626, 0.44498159830625134]",96,-1
3152,[0.36029592 0.4691491 ],31,39,"[0.3669055865255626, 0.44498159830625134]",114,-1
3153,[0.4018169 0.5589061],31,29,"[0.4203507518330517, 0.5402216776416098]",117,100
3154,[0.30280072 0.39099117],31,3,"[0.32011025026158857, 0.3826718810103493]",114,94
3155,[0.38089924 0.44891605],31,39,"[0.3669055865255626, 0.44498159830625134]",114,75
3156,[0.38116319 0.48446597],31,39,"[0.3669055865255626, 0.44498159830625134]",96,-1
3157,[0.43376982 0.48236446],31,46,"[0.4417948344818715, 0.4376736545727672]",103,-1
3158,[0.4371121  0.43640297],31,46,"[0.4417948344818715, 0.4376736545727672]",-1,-1
3159,[0.4286923  0.43656118],31,46,"[0.4417948344818715, 0.4376736545727672]",114,-1
3160,[0.27211336 0.49404658],31,32,"[0.2628401192296225, 0.49392472915708574]",114,-1
3161,[0.4007573  0.49570204],31,29,"[0.4203507518330517, 0.5402216776416098]",117,-1
3162,[0.33312118 0.51003955],31,9,"[0.34993355860173564, 0.5388204709038561]",-1,-1
3163,[0.40992661 0.50123502],31,29,"[0.4203507518330517, 0.5402216776416098]",117,-1
3164,[0.35399393 0.39398202],31,3,"[0.32011025026158857, 0.3826718810103493]",114,93
3165,[0.3736402 0.5005359],31,9,"[0.34993355860173564, 0.5388204709038561]",117,76
3166,[0.43877865 0.4565945 ],31,46,"[0.4417948344818715, 0.4376736545727672]",76,-1
3167,[0.34543143 0.45973907],31,39,"[0.3669055865255626, 0.44498159830625134]",-1,-1
3168,[0.30681612 0.48742863],31,32,"[0.2628401192296225, 0.49392472915708574]",77,-1
3169,[0.31739172 0.45016703],31,39,"[0.3669055865255626, 0.44498159830625134]",-1,-1
3170,[0.3788791  0.51674684],31,9,"[0.34993355860173564, 0.5388204709038561]",117,76
3171,[0.33910068 0.53562574],31,9,"[0.34993355860173564, 0.5388204709038561]",117,-1
3172,[0.34488513 0.47534475],31,39,"[0.3669055865255626, 0.44498159830625134]",-1,-1
3173,[0.29531871 0.56153214],31,17,"[0.25907980690829885, 0.5772508610653444]",117,-1
3174,[0.3219047  0.44330701],31,39,"[0.3669055865255626, 0.44498159830625134]",-1,-1
3175,[0.39955237 0.56972991],31,29,"[0.4203507518330517, 0.5402216776416098]",117,100
3176,[0.39978588 0.49089053],31,29,"[0.4203507518330517, 0.5402216776416098]",117,-1
3177,[0.3731908  0.47682958],31,39,"[0.3669055865255626, 0.44498159830625134]",-1,-1
3178,[0.34596743 0.50353149],31,9,"[0.34993355860173564, 0.5388204709038561]",-1,-1
3179,[0.41909111 0.45464775],31,46,"[0.4417948344818715, 0.4376736545727672]",-1,-1
3180,[0.31141172 0.49809524],31,32,"[0.2628401192296225, 0.49392472915708574]",-1,-1
3181,[0.36648915 0.42428408],31,39,"[0.3669055865255626, 0.44498159830625134]",114,74
3182,[0.31643933 0.46890276],31,39,"[0.3669055865255626, 0.44498159830625134]",77,15
3183,[0.44743231 0.45202609],31,46,"[0.4417948344818715, 0.4376736545727672]",76,21
3184,[0.41891199 0.39444709],31,13,"[0.39947133599624457, 0.3634561327160814]",114,71
3185,[0.37179009 0.46222528],31,39,"[0.3669055865255626, 0.44498159830625134]",114,-1
3186,[0.37580246 0.51257307],31,9,"[0.34993355860173564, 0.5388204709038561]",117,76
3187,[0.41806408 0.56622565],31,29,"[0.4203507518330517, 0.5402216776416098]",117,-1
3188,[0.41513155 0.50810997],31,29,"[0.4203507518330517, 0.5402216776416098]",117,-1
3189,[0.37306183 0.56019015],31,9,"[0.34993355860173564, 0.5388204709038561]",117,100
3190,[0.39538865 0.49318257],31,29,"[0.4203507518330517, 0.5402216776416098]",-1,-1
3191,[0.3328917  0.52665737],31,9,"[0.34993355860173564, 0.5388204709038561]",117,-1
3192,[0.40510787 0.45208031],31,39,"[0.3669055865255626, 0.44498159830625134]",114,-1
3193,[0.37964882 0.39162519],31,13,"[0.39947133599624457, 0.3634561327160814]",114,93
3194,[0.35783239 0.50310587],31,9,"[0.34993355860173564, 0.5388204709038561]",-1,-1
3195,[0.35927801 0.45426399],31,39,"[0.3669055865255626, 0.44498159830625134]",114,-1
3196,[0.37178186 0.50227668],31,9,"[0.34993355860173564, 0.5388204709038561]",117,76
3197,[0.36227984 0.49032253],31,39,"[0.3669055865255626, 0.44498159830625134]",-1,-1
3198,[0.43978724 0.4893385 ],31,46,"[0.4417948344818715, 0.4376736545727672]",103,-1
3199,[0.2897058  0.51606447],31,32,"[0.2628401192296225, 0.49392472915708574]",77,-1
3200,[0.74369674 0.5675635 ],32,74,"[0.7652076339305975, 0.5703048591625808]",-1,-1
3201,[0.76403422 0.64885046],32,25,"[0.7860674509871751, 0.6421376783027304]",109,-1
3202,[0.70547746 0.57031871],32,74,"[0.7652076339305975, 0.5703048591625808]",14,-1
3203,[0.71007221 0.64438064],32,26,"[0.6720960040209921, 0.6796090225497248]",-1,-1
3204,[0.76083551 0.65291077],32,25,"[0.7860674509871751, 0.6421376783027304]",109,-1
3205,[0.76683457 0.6468339 ],32,25,"[0.7860674509871751, 0.6421376783027304]",109,-1
3206,[0.66956735 0.67146911],32,26,"[0.6720960040209921, 0.6796090225497248]",-1,-1
3207,[0.81280059 0.58640524],32,74,"[0.7652076339305975, 0.5703048591625808]",-1,-1
3208,[0.67878418 0.63094931],32,26,"[0.6720960040209921, 0.6796090225497248]",-1,-1
3209,[0.7362533  0.55138415],32,74,"[0.7652076339305975, 0.5703048591625808]",16,2
3210,[0.78705631 0.65746489],32,25,"[0.7860674509871751, 0.6421376783027304]",109,49
3211,[0.66509126 0.61762231],32,47,"[0.6479473958146146, 0.5918281279427561]",-1,-1
3212,[0.67442479 0.64857206],32,26,"[0.6720960040209921, 0.6796090225497248]",-1,-1
3213,[0.73906227 0.64076127],32,25,"[0.7860674509871751, 0.6421376783027304]",109,-1
3214,[0.76746281 0.68273552],32,1,"[0.7484771342575616, 0.7179286626976465]",109,-1
3215,[0.74508957 0.73720815],32,1,"[0.7484771342575616, 0.7179286626976465]",109,62
3216,[0.70116246 0.64364293],32,26,"[0.6720960040209921, 0.6796090225497248]",-1,-1
3217,[0.74643386 0.58306894],32,74,"[0.7652076339305975, 0.5703048591625808]",-1,-1
3218,[0.56081094 0.69813046],32,35,"[0.5368175380560374, 0.7057468765352064]",117,57
3219,[0.74631746 0.62750053],32,25,"[0.7860674509871751, 0.6421376783027304]",-1,-1
3220,[0.80522084 0.61966851],32,25,"[0.7860674509871751, 0.6421376783027304]",109,-1
3221,[0.75677841 0.64208146],32,25,"[0.7860674509871751, 0.6421376783027304]",109,-1
3222,[0.64257519 0.71836193],32,33,"[0.6312009655286229, 0.7427811490324232]",117,-1
3223,[0.77219005 0.59522505],32,74,"[0.7652076339305975, 0.5703048591625808]",-1,-1
3224,[0.78663971 0.65961154],32,25,"[0.7860674509871751, 0.6421376783027304]",109,49
3225,[0.72178821 0.66070322],32,26,"[0.6720960040209921, 0.6796090225497248]",109,-1
3226,[0.73487826 0.66722423],32,1,"[0.7484771342575616, 0.7179286626976465]",109,-1
3227,[0.69650812 0.71279755],32,26,"[0.6720960040209921, 0.6796090225497248]",109,46
3228,[0.68668126 0.6447787 ],32,26,"[0.6720960040209921, 0.6796090225497248]",-1,-1
3229,[0.78009293 0.55953359],32,74,"[0.7652076339305975, 0.5703048591625808]",13,-1
3230,[0.68313576 0.69433042],32,26,"[0.6720960040209921, 0.6796090225497248]",109,46
3231,[0.73007563 0.68412293],32,1,"[0.7484771342575616, 0.7179286626976465]",109,-1
3232,[0.74154306 0.59906008],32,74,"[0.7652076339305975, 0.5703048591625808]",-1,-1
3233,[0.73806927 0.68017801],32,1,"[0.7484771342575616, 0.7179286626976465]",109,-1
3234,[0.73286293 0.60838395],32,74,"[0.7652076339305975, 0.5703048591625808]",-1,-1
3235,[0.73893016 0.66625819],32,1,"[0.7484771342575616, 0.7179286626976465]",109,-1
3236,[0.71212181 0.59260752],32,74,"[0.7652076339305975, 0.5703048591625808]",-1,-1
3237,[0.73525117 0.55712727],32,74,"[0.7652076339305975, 0.5703048591625808]",-1,-1
3238,[0.68274271 0.6609237 ],32,26,"[0.6720960040209921, 0.6796090225497248]",-1,-1
3239,[0.78766706 0.68860215],32,12,"[0.8137791995140147, 0.719758767835923]",109,-1
3240,[0.73310509 0.65463164],32,25,"[0.7860674509871751, 0.6421376783027304]",109,-1
3241,[0.78810815 0.60465449],32,25,"[0.7860674509871751, 0.6421376783027304]",-1,-1
3242,[0.69618305 0.68188478],32,26,"[0.6720960040209921, 0.6796090225497248]",109,-1
3243,[0.83969842 0.6237106 ],32,25,"[0.7860674509871751, 0.6421376783027304]",-1,-1
3244,[0.75665028 0.57897328],32,74,"[0.7652076339305975, 0.5703048591625808]",13,-1
3245,[0.81159262 0.6128712 ],32,25,"[0.7860674509871751, 0.6421376783027304]",-1,-1
3246,[0.75576426 0.67416163],32,25,"[0.7860674509871751, 0.6421376783027304]",109,52
3247,[0.69034334 0.6368422 ],32,26,"[0.6720960040209921, 0.6796090225497248]",-1,-1
3248,[0.79942327 0.65690616],32,25,"[0.7860674509871751, 0.6421376783027304]",109,49
3249,[0.80298826 0.68050094],32,12,"[0.8137791995140147, 0.719758767835923]",109,-1
3250,[0.74900819 0.66637648],32,25,"[0.7860674509871751, 0.6421376783027304]",109,52
3251,[0.75777401 0.66436642],32,25,"[0.7860674509871751, 0.6421376783027304]",109,52
3252,[0.73642812 0.64598547],32,25,"[0.7860674509871751, 0.6421376783027304]",109,-1
3253,[0.70702876 0.6491671 ],32,26,"[0.6720960040209921, 0.6796090225497248]",-1,-1
3254,[0.78695965 0.62065444],32,25,"[0.7860674509871751, 0.6421376783027304]",109,-1
3255,[0.74134531 0.65746893],32,25,"[0.7860674509871751, 0.6421376783027304]",109,-1
3256,[0.78562195 0.65601566],32,25,"[0.7860674509871751, 0.6421376783027304]",109,49
3257,[0.75398447 0.62598433],32,25,"[0.7860674509871751, 0.6421376783027304]",-1,-1
3258,[0.73844278 0.63195689],32,25,"[0.7860674509871751, 0.6421376783027304]",-1,-1
3259,[0.74536079 0.7040704 ],32,1,"[0.7484771342575616, 0.7179286626976465]",109,-1
3260,[0.72528505 0.62559678],32,25,"[0.7860674509871751, 0.6421376783027304]",-1,-1
3261,[0.7355771  0.64998283],32,25,"[0.7860674509871751, 0.6421376783027304]",109,-1
3262,[0.76361138 0.57974656],32,74,"[0.7652076339305975, 0.5703048591625808]",13,-1
3263,[0.81523479 0.69396659],32,12,"[0.8137791995140147, 0.719758767835923]",109,-1
3264,[0.68390183 0.59880821],32,47,"[0.6479473958146146, 0.5918281279427561]",-1,-1
3265,[0.80050064 0.63614477],32,25,"[0.7860674509871751, 0.6421376783027304]",-1,-1
3266,[0.710244   0.56313829],32,74,"[0.7652076339305975, 0.5703048591625808]",14,-1
3267,[0.7621155  0.67802444],32,1,"[0.7484771342575616, 0.7179286626976465]",109,52
3268,[0.72093134 0.63553987],32,25,"[0.7860674509871751, 0.6421376783027304]",-1,-1
3269,[0.71989016 0.70567356],32,1,"[0.7484771342575616, 0.7179286626976465]",-1,-1
3270,[0.80936403 0.6441652 ],32,25,"[0.7860674509871751, 0.6421376783027304]",-1,-1
3271,[0.66646504 0.6444128 ],32,26,"[0.6720960040209921, 0.6796090225497248]",-1,-1
3272,[0.7737031  0.68884645],32,1,"[0.7484771342575616, 0.7179286626976465]",-1,-1
3273,[0.77563491 0.69209543],32,1,"[0.7484771342575616, 0.7179286626976465]",109,-1
3274,[0.70456246 0.66864088],32,26,"[0.6720960040209921, 0.6796090225497248]",109,-1
3275,[0.7440743 0.6331789],32,25,"[0.7860674509871751, 0.6421376783027304]",109,-1
3276,[0.75999171 0.65537448],32,25,"[0.7860674509871751, 0.6421376783027304]",109,52
3277,[0.72031454 0.62428823],32,25,"[0.7860674509871751, 0.6421376783027304]",-1,-1
3278,[0.69326604 0.62109245],32,47,"[0.6479473958146146, 0.5918281279427561]",-1,-1
3279,[0.7521421  0.65065042],32,25,"[0.7860674509871751, 0.6421376783027304]",109,-1
3280,[0.76788978 0.67621046],32,25,"[0.7860674509871751, 0.6421376783027304]",109,-1
3281,[0.79890871 0.61278318],32,25,"[0.7860674509871751, 0.6421376783027304]",-1,-1
3282,[0.7397184  0.67974309],32,1,"[0.7484771342575616, 0.7179286626976465]",109,-1
3283,[0.75192903 0.57206765],32,74,"[0.7652076339305975, 0.5703048591625808]",13,-1
3284,[0.74635277 0.61496871],32,25,"[0.7860674509871751, 0.6421376783027304]",-1,-1
3285,[0.78291382 0.5804049 ],32,74,"[0.7652076339305975, 0.5703048591625808]",13,-1
3286,[0.70320502 0.66276719],32,26,"[0.6720960040209921, 0.6796090225497248]",-1,-1
3287,[0.67969928 0.6529919 ],32,26,"[0.6720960040209921, 0.6796090225497248]",-1,-1
3288,[0.7943498  0.62539424],32,25,"[0.7860674509871751, 0.6421376783027304]",109,-1
3289,[0.69412643 0.69927144],32,26,"[0.6720960040209921, 0.6796090225497248]",109,-1
3290,[0.65827715 0.5980155 ],32,47,"[0.6479473958146146, 0.5918281279427561]",-1,-1
3291,[0.76870043 0.72601416],32,1,"[0.7484771342575616, 0.7179286626976465]",109,62
3292,[0.79841443 0.64702013],32,25,"[0.7860674509871751, 0.6421376783027304]",109,49
3293,[0.76851812 0.63460795],32,25,"[0.7860674509871751, 0.6421376783027304]",-1,-1
3294,[0.78851401 0.65244617],32,25,"[0.7860674509871751, 0.6421376783027304]",109,-1
3295,[0.718278   0.58860854],32,74,"[0.7652076339305975, 0.5703048591625808]",-1,-1
3296,[0.71585334 0.62435842],32,-1,-1,-1,-1
3297,[0.73210443 0.64031569],32,25,"[0.7860674509871751, 0.6421376783027304]",-1,-1
3298,[0.6974746  0.60645296],32,47,"[0.6479473958146146, 0.5918281279427561]",-1,-1
3299,[0.76948893 0.67577472],32,25,"[0.7860674509871751, 0.6421376783027304]",109,-1
3300,[0.41181682 0.55796419],33,29,"[0.4203507518330517, 0.5402216776416098]",117,-1
3301,[0.292618   0.59310683],33,17,"[0.25907980690829885, 0.5772508610653444]",117,-1
3302,[0.38740834 0.64149484],33,36,"[0.3984729155032823, 0.6728808968441772]",117,100
3303,[0.3821966  0.60440361],33,7,"[0.3567953152728649, 0.610864568428335]",117,100
3304,[0.32706341 0.5200784 ],33,9,"[0.34993355860173564, 0.5388204709038561]",117,-1
3305,[0.46316455 0.59267342],33,15,"[0.5005882845969348, 0.6071157673844066]",117,-1
3306,[0.41242624 0.58603118],33,23,"[0.42263643503799797, 0.6161205416303672]",117,100
3307,[0.34119087 0.67018938],33,14,"[0.2991912902140973, 0.6498158096286489]",117,100
3308,[0.31066094 0.61941962],33,14,"[0.2991912902140973, 0.6498158096286489]",117,100
3309,[0.40097431 0.52149785],33,29,"[0.4203507518330517, 0.5402216776416098]",117,100
3310,[0.40642025 0.62321823],33,23,"[0.42263643503799797, 0.6161205416303672]",117,100
3311,[0.35628912 0.62724278],33,7,"[0.3567953152728649, 0.610864568428335]",117,-1
3312,[0.36676527 0.55950571],33,9,"[0.34993355860173564, 0.5388204709038561]",117,100
3313,[0.47934979 0.54767911],33,28,"[0.4883199384691489, 0.5133386333280389]",117,-1
3314,[0.371792   0.51248623],33,9,"[0.34993355860173564, 0.5388204709038561]",117,76
3315,[0.36186084 0.60000998],33,7,"[0.3567953152728649, 0.610864568428335]",117,100
3316,[0.39490996 0.57329712],33,29,"[0.4203507518330517, 0.5402216776416098]",117,100
3317,[0.36123472 0.5831617 ],33,7,"[0.3567953152728649, 0.610864568428335]",117,100
3318,[0.45117312 0.57157144],33,29,"[0.4203507518330517, 0.5402216776416098]",117,96
3319,[0.43082882 0.6018786 ],33,23,"[0.42263643503799797, 0.6161205416303672]",117,-1
3320,[0.40352054 0.59642697],33,23,"[0.42263643503799797, 0.6161205416303672]",117,-1
3321,[0.36587423 0.54297354],33,9,"[0.34993355860173564, 0.5388204709038561]",117,-1
3322,[0.37689372 0.55473987],33,9,"[0.34993355860173564, 0.5388204709038561]",117,-1
3323,[0.38137052 0.65859929],33,36,"[0.3984729155032823, 0.6728808968441772]",117,-1
3324,[0.35726564 0.58693951],33,7,"[0.3567953152728649, 0.610864568428335]",117,100
3325,[0.37887249 0.66462927],33,36,"[0.3984729155032823, 0.6728808968441772]",117,97
3326,[0.35575549 0.60888911],33,7,"[0.3567953152728649, 0.610864568428335]",117,100
3327,[0.35342514 0.57694656],33,7,"[0.3567953152728649, 0.610864568428335]",117,100
3328,[0.42129119 0.63979615],33,23,"[0.42263643503799797, 0.6161205416303672]",117,99
3329,[0.39071372 0.58368538],33,7,"[0.3567953152728649, 0.610864568428335]",117,100
3330,[0.45297714 0.52538837],33,29,"[0.4203507518330517, 0.5402216776416098]",117,-1
3331,[0.3616663  0.50995866],33,9,"[0.34993355860173564, 0.5388204709038561]",-1,-1
3332,[0.36269834 0.56981875],33,9,"[0.34993355860173564, 0.5388204709038561]",-1,-1
3333,[0.33105895 0.62233899],33,7,"[0.3567953152728649, 0.610864568428335]",117,-1
3334,[0.40522964 0.55558437],33,29,"[0.4203507518330517, 0.5402216776416098]",117,100
3335,[0.38866889 0.51066614],33,29,"[0.4203507518330517, 0.5402216776416098]",117,-1
3336,[0.38315005 0.56656109],33,9,"[0.34993355860173564, 0.5388204709038561]",117,100
3337,[0.4157602  0.63763779],33,23,"[0.42263643503799797, 0.6161205416303672]",117,-1
3338,[0.45185744 0.55561414],33,29,"[0.4203507518330517, 0.5402216776416098]",117,96
3339,[0.46711955 0.56427824],33,29,"[0.4203507518330517, 0.5402216776416098]",117,-1
3340,[0.31681949 0.64586339],33,14,"[0.2991912902140973, 0.6498158096286489]",117,-1
3341,[0.38625822 0.58367515],33,7,"[0.3567953152728649, 0.610864568428335]",117,100
3342,[0.40611329 0.57972035],33,23,"[0.42263643503799797, 0.6161205416303672]",117,-1
3343,[0.32290473 0.5786124 ],33,7,"[0.3567953152728649, 0.610864568428335]",117,100
3344,[0.36752942 0.60716541],33,7,"[0.3567953152728649, 0.610864568428335]",117,100
3345,[0.38335648 0.51533449],33,9,"[0.34993355860173564, 0.5388204709038561]",117,76
3346,[0.40461786 0.62269511],33,23,"[0.42263643503799797, 0.6161205416303672]",117,100
3347,[0.32166038 0.48389607],33,32,"[0.2628401192296225, 0.49392472915708574]",-1,-1
3348,[0.36265244 0.55305072],33,9,"[0.34993355860173564, 0.5388204709038561]",117,-1
3349,[0.31573774 0.61974426],33,14,"[0.2991912902140973, 0.6498158096286489]",117,100
3350,[0.33512205 0.57421907],33,9,"[0.34993355860173564, 0.5388204709038561]",117,100
3351,[0.38725729 0.58618478],33,7,"[0.3567953152728649, 0.610864568428335]",117,100
3352,[0.42633281 0.522802  ],33,29,"[0.4203507518330517, 0.5402216776416098]",-1,-1
3353,[0.3692516  0.50341681],33,9,"[0.34993355860173564, 0.5388204709038561]",117,76
3354,[0.2656694 0.5018156],33,32,"[0.2628401192296225, 0.49392472915708574]",114,-1
3355,[0.44095628 0.58575697],33,23,"[0.42263643503799797, 0.6161205416303672]",117,-1
3356,[0.33672149 0.49749998],33,9,"[0.34993355860173564, 0.5388204709038561]",-1,-1
3357,[0.42286365 0.5300174 ],33,29,"[0.4203507518330517, 0.5402216776416098]",117,-1
3358,[0.30638197 0.53469069],33,9,"[0.34993355860173564, 0.5388204709038561]",117,-1
3359,[0.29945232 0.62072995],33,14,"[0.2991912902140973, 0.6498158096286489]",117,-1
3360,[0.48509717 0.48290321],33,28,"[0.4883199384691489, 0.5133386333280389]",79,27
3361,[0.37297654 0.56290164],33,9,"[0.34993355860173564, 0.5388204709038561]",117,100
3362,[0.39070762 0.51623111],33,29,"[0.4203507518330517, 0.5402216776416098]",-1,-1
3363,[0.29212923 0.64890731],33,14,"[0.2991912902140973, 0.6498158096286489]",-1,-1
3364,[0.38410782 0.55040999],33,9,"[0.34993355860173564, 0.5388204709038561]",117,-1
3365,[0.34427893 0.51913029],33,9,"[0.34993355860173564, 0.5388204709038561]",117,-1
3366,[0.37968431 0.56842589],33,9,"[0.34993355860173564, 0.5388204709038561]",117,100
3367,[0.34310902 0.52432185],33,9,"[0.34993355860173564, 0.5388204709038561]",117,-1
3368,[0.37113651 0.61107638],33,7,"[0.3567953152728649, 0.610864568428335]",117,100
3369,[0.34562966 0.52075171],33,9,"[0.34993355860173564, 0.5388204709038561]",117,-1
3370,[0.38772258 0.53236839],33,29,"[0.4203507518330517, 0.5402216776416098]",-1,-1
3371,[0.38566846 0.6012622 ],33,7,"[0.3567953152728649, 0.610864568428335]",117,100
3372,[0.35741146 0.60381365],33,7,"[0.3567953152728649, 0.610864568428335]",117,100
3373,[0.42463292 0.57043704],33,29,"[0.4203507518330517, 0.5402216776416098]",117,96
3374,[0.38048646 0.58800452],33,7,"[0.3567953152728649, 0.610864568428335]",117,100
3375,[0.38021408 0.59337517],33,7,"[0.3567953152728649, 0.610864568428335]",117,100
3376,[0.35008132 0.55193351],33,9,"[0.34993355860173564, 0.5388204709038561]",117,100
3377,[0.44422145 0.5920589 ],33,23,"[0.42263643503799797, 0.6161205416303672]",117,-1
3378,[0.44913394 0.53968963],33,29,"[0.4203507518330517, 0.5402216776416098]",117,-1
3379,[0.33048575 0.63147453],33,7,"[0.3567953152728649, 0.610864568428335]",117,-1
3380,[0.41601761 0.49173006],33,29,"[0.4203507518330517, 0.5402216776416098]",-1,-1
3381,[0.40613823 0.61806852],33,23,"[0.42263643503799797, 0.6161205416303672]",117,-1
3382,[0.42646266 0.55735707],33,29,"[0.4203507518330517, 0.5402216776416098]",117,96
3383,[0.44078832 0.58157168],33,23,"[0.42263643503799797, 0.6161205416303672]",117,-1
3384,[0.23802002 0.557981  ],33,17,"[0.25907980690829885, 0.5772508610653444]",117,82
3385,[0.3326829  0.56438638],33,9,"[0.34993355860173564, 0.5388204709038561]",117,100
3386,[0.39443383 0.6290877 ],33,23,"[0.42263643503799797, 0.6161205416303672]",117,-1
3387,[0.41055615 0.53694181],33,29,"[0.4203507518330517, 0.5402216776416098]",117,-1
3388,[0.46113604 0.61417617],33,23,"[0.42263643503799797, 0.6161205416303672]",-1,-1
3389,[0.35209361 0.58162823],33,7,"[0.3567953152728649, 0.610864568428335]",117,100
3390,[0.3786144  0.58239968],33,7,"[0.3567953152728649, 0.610864568428335]",117,-1
3391,[0.35381105 0.52154921],33,9,"[0.34993355860173564, 0.5388204709038561]",-1,-1
3392,[0.33353194 0.56589176],33,9,"[0.34993355860173564, 0.5388204709038561]",117,100
3393,[0.37653814 0.61548888],33,7,"[0.3567953152728649, 0.610864568428335]",117,-1
3394,[0.37324245 0.61058532],33,7,"[0.3567953152728649, 0.610864568428335]",117,100
3395,[0.34471768 0.52654152],33,9,"[0.34993355860173564, 0.5388204709038561]",117,-1
3396,[0.34134715 0.61660025],33,7,"[0.3567953152728649, 0.610864568428335]",117,100
3397,[0.41829505 0.56177101],33,29,"[0.4203507518330517, 0.5402216776416098]",117,-1
3398,[0.34115745 0.53522407],33,9,"[0.34993355860173564, 0.5388204709038561]",117,100
3399,[0.44385806 0.56851129],33,29,"[0.4203507518330517, 0.5402216776416098]",117,96
3400,[0.62849613 0.57604153],34,47,"[0.6479473958146146, 0.5918281279427561]",-1,-1
3401,[0.57213634 0.59074798],34,69,"[0.5968891560771225, 0.5507363423930021]",65,-1
3402,[0.63266286 0.57414682],34,47,"[0.6479473958146146, 0.5918281279427561]",47,-1
3403,[0.67167084 0.5720926 ],34,47,"[0.6479473958146146, 0.5918281279427561]",-1,-1
3404,[0.53781169 0.50452184],34,62,"[0.5599812286976242, 0.5191315092027347]",82,-1
3405,[0.63511249 0.61419177],34,47,"[0.6479473958146146, 0.5918281279427561]",117,-1
3406,[0.67493535 0.57330457],34,47,"[0.6479473958146146, 0.5918281279427561]",-1,-1
3407,[0.56438006 0.58336484],34,69,"[0.5968891560771225, 0.5507363423930021]",65,-1
3408,[0.61400412 0.63199433],34,10,"[0.5824848627859263, 0.649655537749642]",117,58
3409,[0.65636752 0.5601246 ],34,47,"[0.6479473958146146, 0.5918281279427561]",-1,-1
3410,[0.63363015 0.52977015],34,95,"[0.6515121185373796, 0.5025970969917144]",-1,-1
3411,[0.65135937 0.65807799],34,26,"[0.6720960040209921, 0.6796090225497248]",117,-1
3412,[0.64598611 0.5807314 ],34,47,"[0.6479473958146146, 0.5918281279427561]",-1,-1
3413,[0.60272442 0.55482792],34,69,"[0.5968891560771225, 0.5507363423930021]",68,-1
3414,[0.66380693 0.62271109],34,47,"[0.6479473958146146, 0.5918281279427561]",-1,-1
3415,[0.5784678  0.56194775],34,69,"[0.5968891560771225, 0.5507363423930021]",-1,-1
3416,[0.63591402 0.50810275],34,95,"[0.6515121185373796, 0.5025970969917144]",-1,-1
3417,[0.65699324 0.59095316],34,47,"[0.6479473958146146, 0.5918281279427561]",-1,-1
3418,[0.57052723 0.55300355],34,69,"[0.5968891560771225, 0.5507363423930021]",-1,-1
3419,[0.60161235 0.57740415],34,69,"[0.5968891560771225, 0.5507363423930021]",67,-1
3420,[0.68077068 0.5894529 ],34,47,"[0.6479473958146146, 0.5918281279427561]",-1,-1
3421,[0.54548536 0.62565173],34,10,"[0.5824848627859263, 0.649655537749642]",117,53
3422,[0.45130158 0.5544894 ],34,29,"[0.4203507518330517, 0.5402216776416098]",117,96
3423,[0.52672827 0.51871475],34,62,"[0.5599812286976242, 0.5191315092027347]",-1,-1
3424,[0.61256636 0.58893144],34,47,"[0.6479473958146146, 0.5918281279427561]",117,-1
3425,[0.58017095 0.61842785],34,10,"[0.5824848627859263, 0.649655537749642]",117,-1
3426,[0.62909859 0.54641511],34,69,"[0.5968891560771225, 0.5507363423930021]",-1,-1
3427,[0.586822   0.51208473],34,62,"[0.5599812286976242, 0.5191315092027347]",73,18
3428,[0.6527546  0.60882362],34,47,"[0.6479473958146146, 0.5918281279427561]",-1,-1
3429,[0.59768112 0.54294367],34,69,"[0.5968891560771225, 0.5507363423930021]",-1,-1
3430,[0.70848525 0.64624817],34,26,"[0.6720960040209921, 0.6796090225497248]",-1,-1
3431,[0.67579318 0.59022494],34,47,"[0.6479473958146146, 0.5918281279427561]",-1,-1
3432,[0.59693849 0.56224745],34,69,"[0.5968891560771225, 0.5507363423930021]",68,-1
3433,[0.6145041  0.59198897],34,47,"[0.6479473958146146, 0.5918281279427561]",117,-1
3434,[0.64067171 0.61320765],34,47,"[0.6479473958146146, 0.5918281279427561]",117,-1
3435,[0.61971339 0.49493319],34,95,"[0.6515121185373796, 0.5025970969917144]",-1,-1
3436,[0.5845003  0.58219148],34,69,"[0.5968891560771225, 0.5507363423930021]",67,-1
3437,[0.64869334 0.52126516],34,95,"[0.6515121185373796, 0.5025970969917144]",-1,-1
3438,[0.56824236 0.56013009],34,69,"[0.5968891560771225, 0.5507363423930021]",-1,-1
3439,[0.63761606 0.60981166],34,47,"[0.6479473958146146, 0.5918281279427561]",117,-1
3440,[0.55647532 0.64227694],34,10,"[0.5824848627859263, 0.649655537749642]",117,-1
3441,[0.61138523 0.59859872],34,47,"[0.6479473958146146, 0.5918281279427561]",117,-1
3442,[0.60968896 0.62543802],34,10,"[0.5824848627859263, 0.649655537749642]",117,58
3443,[0.67282914 0.56925182],34,47,"[0.6479473958146146, 0.5918281279427561]",-1,-1
3444,[0.65714586 0.60308008],34,47,"[0.6479473958146146, 0.5918281279427561]",-1,-1
3445,[0.64760289 0.56225568],34,47,"[0.6479473958146146, 0.5918281279427561]",-1,-1
3446,[0.61675645 0.57197877],34,69,"[0.5968891560771225, 0.5507363423930021]",-1,-1
3447,[0.5791544  0.56357007],34,69,"[0.5968891560771225, 0.5507363423930021]",-1,-1
3448,[0.62486021 0.54628341],34,69,"[0.5968891560771225, 0.5507363423930021]",-1,-1
3449,[0.59267853 0.59569975],34,69,"[0.5968891560771225, 0.5507363423930021]",66,-1
3450,[0.67069848 0.52630434],34,95,"[0.6515121185373796, 0.5025970969917144]",-1,-1
3451,[0.68894908 0.57604908],34,47,"[0.6479473958146146, 0.5918281279427561]",14,-1
3452,[0.6902506  0.55473172],34,47,"[0.6479473958146146, 0.5918281279427561]",-1,-1
3453,[0.50824104 0.58637212],34,15,"[0.5005882845969348, 0.6071157673844066]",117,73
3454,[0.59359948 0.51907919],34,69,"[0.5968891560771225, 0.5507363423930021]",73,-1
3455,[0.61548718 0.58425264],34,47,"[0.6479473958146146, 0.5918281279427561]",-1,-1
3456,[0.54826862 0.65285488],34,10,"[0.5824848627859263, 0.649655537749642]",117,57
3457,[0.6341103 0.5622883],34,47,"[0.6479473958146146, 0.5918281279427561]",-1,-1
3458,[0.58001767 0.68049251],34,10,"[0.5824848627859263, 0.649655537749642]",117,-1
3459,[0.64590109 0.55827517],34,47,"[0.6479473958146146, 0.5918281279427561]",-1,-1
3460,[0.59435259 0.57810006],34,69,"[0.5968891560771225, 0.5507363423930021]",67,-1
3461,[0.64252302 0.6089187 ],34,47,"[0.6479473958146146, 0.5918281279427561]",117,-1
3462,[0.65886024 0.59286974],34,47,"[0.6479473958146146, 0.5918281279427561]",-1,-1
3463,[0.59370097 0.50143655],34,96,"[0.5870420562460407, 0.47625501210099697]",73,18
3464,[0.60703168 0.54558923],34,69,"[0.5968891560771225, 0.5507363423930021]",-1,-1
3465,[0.59602961 0.54926114],34,69,"[0.5968891560771225, 0.5507363423930021]",68,-1
3466,[0.62210789 0.56106765],34,69,"[0.5968891560771225, 0.5507363423930021]",-1,-1
3467,[0.64099783 0.62083383],34,47,"[0.6479473958146146, 0.5918281279427561]",-1,-1
3468,[0.63934643 0.55884045],34,47,"[0.6479473958146146, 0.5918281279427561]",-1,-1
3469,[0.56307156 0.57670175],34,69,"[0.5968891560771225, 0.5507363423930021]",65,-1
3470,[0.60617968 0.61698287],34,10,"[0.5824848627859263, 0.649655537749642]",117,58
3471,[0.60172831 0.56673886],34,69,"[0.5968891560771225, 0.5507363423930021]",67,-1
3472,[0.57235628 0.53557096],34,62,"[0.5599812286976242, 0.5191315092027347]",-1,-1
3473,[0.61518158 0.61043246],34,47,"[0.6479473958146146, 0.5918281279427561]",-1,-1
3474,[0.62393985 0.52691028],34,69,"[0.5968891560771225, 0.5507363423930021]",-1,-1
3475,[0.6298068  0.61376768],34,47,"[0.6479473958146146, 0.5918281279427561]",117,-1
3476,[0.52524915 0.611554  ],34,15,"[0.5005882845969348, 0.6071157673844066]",117,-1
3477,[0.56398018 0.52899435],34,62,"[0.5599812286976242, 0.5191315092027347]",73,18
3478,[0.57267761 0.52148916],34,62,"[0.5599812286976242, 0.5191315092027347]",73,18
3479,[0.62124639 0.55079079],34,69,"[0.5968891560771225, 0.5507363423930021]",-1,-1
3480,[0.63756607 0.52868468],34,95,"[0.6515121185373796, 0.5025970969917144]",-1,-1
3481,[0.57914966 0.61771452],34,10,"[0.5824848627859263, 0.649655537749642]",117,-1
3482,[0.55673134 0.62476398],34,10,"[0.5824848627859263, 0.649655537749642]",117,-1
3483,[0.57592954 0.50800647],34,62,"[0.5599812286976242, 0.5191315092027347]",73,18
3484,[0.62423804 0.66399086],34,10,"[0.5824848627859263, 0.649655537749642]",117,-1
3485,[0.66155915 0.57594427],34,47,"[0.6479473958146146, 0.5918281279427561]",-1,-1
3486,[0.65207015 0.60987947],34,47,"[0.6479473958146146, 0.5918281279427561]",-1,-1
3487,[0.61611202 0.49538616],34,96,"[0.5870420562460407, 0.47625501210099697]",-1,-1
3488,[0.58791593 0.5319376 ],34,69,"[0.5968891560771225, 0.5507363423930021]",-1,-1
3489,[0.58624189 0.56578486],34,69,"[0.5968891560771225, 0.5507363423930021]",68,-1
3490,[0.61013571 0.59950403],34,47,"[0.6479473958146146, 0.5918281279427561]",117,-1
3491,[0.62881365 0.676083  ],34,26,"[0.6720960040209921, 0.6796090225497248]",117,50
3492,[0.57387117 0.63300504],34,10,"[0.5824848627859263, 0.649655537749642]",117,58
3493,[0.68608505 0.56703935],34,47,"[0.6479473958146146, 0.5918281279427561]",14,-1
3494,[0.65472697 0.64422939],34,26,"[0.6720960040209921, 0.6796090225497248]",117,-1
3495,[0.62277875 0.61316465],34,47,"[0.6479473958146146, 0.5918281279427561]",117,-1
3496,[0.69432264 0.64068835],34,26,"[0.6720960040209921, 0.6796090225497248]",-1,-1
3497,[0.65796233 0.54828526],34,47,"[0.6479473958146146, 0.5918281279427561]",-1,-1
3498,[0.54992376 0.61339702],34,10,"[0.5824848627859263, 0.649655537749642]",-1,-1
3499,[0.68839307 0.57162941],34,47,"[0.6479473958146146, 0.5918281279427561]",-1,-1
3500,[0.31522432 0.65489956],35,14,"[0.2991912902140973, 0.6498158096286489]",117,-1
3501,[0.25295047 0.60674005],35,17,"[0.25907980690829885, 0.5772508610653444]",117,-1
3502,[0.2998756  0.61110161],35,14,"[0.2991912902140973, 0.6498158096286489]",117,-1
3503,[0.21853356 0.64648212],35,42,"[0.2346625058996496, 0.695644821677479]",32,-1
3504,[0.27237671 0.58272109],35,17,"[0.25907980690829885, 0.5772508610653444]",117,79
3505,[0.22053742 0.68018369],35,42,"[0.2346625058996496, 0.695644821677479]",-1,-1
3506,[0.22130163 0.61056258],35,45,"[0.18958709402210344, 0.5831400503639066]",117,-1
3507,[0.27038259 0.578906  ],35,17,"[0.25907980690829885, 0.5772508610653444]",117,-1
3508,[0.29424958 0.57570842],35,17,"[0.25907980690829885, 0.5772508610653444]",117,-1
3509,[0.22605119 0.60682567],35,45,"[0.18958709402210344, 0.5831400503639066]",117,78
3510,[0.31641487 0.63491113],35,14,"[0.2991912902140973, 0.6498158096286489]",117,100
3511,[0.21937457 0.61727111],35,45,"[0.18958709402210344, 0.5831400503639066]",117,-1
3512,[0.22305112 0.62585484],35,45,"[0.18958709402210344, 0.5831400503639066]",-1,-1
3513,[0.23855456 0.6691966 ],35,42,"[0.2346625058996496, 0.695644821677479]",-1,-1
3514,[0.2493459  0.58084459],35,17,"[0.25907980690829885, 0.5772508610653444]",117,-1
3515,[0.28440006 0.67161476],35,14,"[0.2991912902140973, 0.6498158096286489]",117,-1
3516,[0.2026142  0.58870824],35,45,"[0.18958709402210344, 0.5831400503639066]",117,-1
3517,[0.32598203 0.57207595],35,9,"[0.34993355860173564, 0.5388204709038561]",117,100
3518,[0.28007825 0.5835157 ],35,17,"[0.25907980690829885, 0.5772508610653444]",117,-1
3519,[0.21097616 0.61944469],35,45,"[0.18958709402210344, 0.5831400503639066]",-1,-1
3520,[0.20662682 0.59543672],35,45,"[0.18958709402210344, 0.5831400503639066]",117,78
3521,[0.22397347 0.58882547],35,45,"[0.18958709402210344, 0.5831400503639066]",117,78
3522,[0.24433198 0.63547976],35,14,"[0.2991912902140973, 0.6498158096286489]",115,59
3523,[0.21535034 0.60777424],35,45,"[0.18958709402210344, 0.5831400503639066]",-1,-1
3524,[0.26186547 0.5974466 ],35,17,"[0.25907980690829885, 0.5772508610653444]",117,79
3525,[0.23420948 0.65539447],35,42,"[0.2346625058996496, 0.695644821677479]",-1,-1
3526,[0.18325017 0.62643986],35,45,"[0.18958709402210344, 0.5831400503639066]",-1,-1
3527,[0.22891358 0.54680102],35,17,"[0.25907980690829885, 0.5772508610653444]",117,-1
3528,[0.27829322 0.55776481],35,17,"[0.25907980690829885, 0.5772508610653444]",117,89
3529,[0.21347547 0.57482239],35,45,"[0.18958709402210344, 0.5831400503639066]",117,-1
3530,[0.21556349 0.58953752],35,45,"[0.18958709402210344, 0.5831400503639066]",117,78
3531,[0.30905776 0.60966029],35,14,"[0.2991912902140973, 0.6498158096286489]",117,100
3532,[0.30194231 0.56116593],35,17,"[0.25907980690829885, 0.5772508610653444]",117,-1
3533,[0.21359591 0.54827033],35,45,"[0.18958709402210344, 0.5831400503639066]",117,-1
3534,[0.32097494 0.6191913 ],35,7,"[0.3567953152728649, 0.610864568428335]",117,100
3535,[0.22971141 0.55068684],35,17,"[0.25907980690829885, 0.5772508610653444]",117,-1
3536,[0.28340398 0.56371381],35,17,"[0.25907980690829885, 0.5772508610653444]",117,89
3537,[0.21663116 0.64107272],35,42,"[0.2346625058996496, 0.695644821677479]",32,-1
3538,[0.21558085 0.6276952 ],35,45,"[0.18958709402210344, 0.5831400503639066]",-1,-1
3539,[0.27885225 0.62089696],35,14,"[0.2991912902140973, 0.6498158096286489]",-1,-1
3540,[0.24806631 0.59520423],35,17,"[0.25907980690829885, 0.5772508610653444]",-1,-1
3541,[0.22776059 0.56589769],35,17,"[0.25907980690829885, 0.5772508610653444]",-1,-1
3542,[0.28981044 0.54464928],35,17,"[0.25907980690829885, 0.5772508610653444]",117,-1
3543,[0.2009082  0.64812294],35,42,"[0.2346625058996496, 0.695644821677479]",-1,-1
3544,[0.26659408 0.64218381],35,14,"[0.2991912902140973, 0.6498158096286489]",-1,-1
3545,[0.25183651 0.62380811],35,17,"[0.25907980690829885, 0.5772508610653444]",115,59
3546,[0.30692242 0.62953967],35,14,"[0.2991912902140973, 0.6498158096286489]",117,100
3547,[0.23556149 0.61439063],35,17,"[0.25907980690829885, 0.5772508610653444]",-1,-1
3548,[0.24755815 0.55718496],35,17,"[0.25907980690829885, 0.5772508610653444]",117,82
3549,[0.28275621 0.5864465 ],35,17,"[0.25907980690829885, 0.5772508610653444]",117,-1
3550,[0.25198284 0.54822761],35,17,"[0.25907980690829885, 0.5772508610653444]",117,82
3551,[0.20228324 0.59078582],35,45,"[0.18958709402210344, 0.5831400503639066]",117,-1
3552,[0.26673348 0.52527771],35,32,"[0.2628401192296225, 0.49392472915708574]",114,-1
3553,[0.24256283 0.50276113],35,32,"[0.2628401192296225, 0.49392472915708574]",114,81
3554,[0.30319288 0.53158779],35,9,"[0.34993355860173564, 0.5388204709038561]",117,-1
3555,[0.27689463 0.67852464],35,14,"[0.2991912902140973, 0.6498158096286489]",117,-1
3556,[0.20873382 0.58566459],35,45,"[0.18958709402210344, 0.5831400503639066]",117,78
3557,[0.2681706  0.59704742],35,17,"[0.25907980690829885, 0.5772508610653444]",117,79
3558,[0.20225271 0.66158567],35,42,"[0.2346625058996496, 0.695644821677479]",-1,-1
3559,[0.27423599 0.67768015],35,14,"[0.2991912902140973, 0.6498158096286489]",117,-1
3560,[0.18268611 0.58783541],35,45,"[0.18958709402210344, 0.5831400503639066]",117,-1
3561,[0.2304262  0.51372863],35,32,"[0.2628401192296225, 0.49392472915708574]",114,-1
3562,[0.20820814 0.64292429],35,42,"[0.2346625058996496, 0.695644821677479]",32,-1
3563,[0.23036155 0.59253001],35,17,"[0.25907980690829885, 0.5772508610653444]",117,78
3564,[0.24711286 0.64474243],35,14,"[0.2991912902140973, 0.6498158096286489]",115,-1
3565,[0.16501842 0.59596129],35,45,"[0.18958709402210344, 0.5831400503639066]",-1,-1
3566,[0.13621018 0.63831904],35,92,"[0.1445164879810704, 0.6934455308809843]",1,-1
3567,[0.18961339 0.57551976],35,45,"[0.18958709402210344, 0.5831400503639066]",117,-1
3568,[0.24994236 0.60318658],35,17,"[0.25907980690829885, 0.5772508610653444]",117,78
3569,[0.21328938 0.58052041],35,45,"[0.18958709402210344, 0.5831400503639066]",117,-1
3570,[0.22975198 0.61655781],35,17,"[0.25907980690829885, 0.5772508610653444]",-1,-1
3571,[0.18645893 0.58506736],35,45,"[0.18958709402210344, 0.5831400503639066]",117,-1
3572,[0.26261661 0.60839512],35,17,"[0.25907980690829885, 0.5772508610653444]",117,-1
3573,[0.24892686 0.639774  ],35,14,"[0.2991912902140973, 0.6498158096286489]",115,59
3574,[0.26588822 0.58693613],35,17,"[0.25907980690829885, 0.5772508610653444]",117,79
3575,[0.22557999 0.65909409],35,42,"[0.2346625058996496, 0.695644821677479]",-1,-1
3576,[0.29503464 0.61810062],35,14,"[0.2991912902140973, 0.6498158096286489]",117,-1
3577,[0.30935284 0.57218692],35,17,"[0.25907980690829885, 0.5772508610653444]",117,-1
3578,[0.25051627 0.62928636],35,17,"[0.25907980690829885, 0.5772508610653444]",115,59
3579,[0.25631012 0.55165719],35,17,"[0.25907980690829885, 0.5772508610653444]",117,82
3580,[0.26557637 0.59840704],35,17,"[0.25907980690829885, 0.5772508610653444]",117,79
3581,[0.25019217 0.57568454],35,17,"[0.25907980690829885, 0.5772508610653444]",-1,-1
3582,[0.2901698  0.63281966],35,14,"[0.2991912902140973, 0.6498158096286489]",-1,-1
3583,[0.17494288 0.65613434],35,92,"[0.1445164879810704, 0.6934455308809843]",-1,-1
3584,[0.21625619 0.5967184 ],35,45,"[0.18958709402210344, 0.5831400503639066]",117,78
3585,[0.2112269  0.61726546],35,45,"[0.18958709402210344, 0.5831400503639066]",-1,-1
3586,[0.24653285 0.60973628],35,17,"[0.25907980690829885, 0.5772508610653444]",117,-1
3587,[0.26302689 0.51014847],35,32,"[0.2628401192296225, 0.49392472915708574]",114,-1
3588,[0.27693291 0.6263194 ],35,14,"[0.2991912902140973, 0.6498158096286489]",115,-1
3589,[0.26471166 0.54703348],35,17,"[0.25907980690829885, 0.5772508610653444]",117,82
3590,[0.22299186 0.59569374],35,45,"[0.18958709402210344, 0.5831400503639066]",117,78
3591,[0.28925777 0.59865045],35,17,"[0.25907980690829885, 0.5772508610653444]",117,-1
3592,[0.28104003 0.58558477],35,17,"[0.25907980690829885, 0.5772508610653444]",117,-1
3593,[0.21787699 0.54342248],35,45,"[0.18958709402210344, 0.5831400503639066]",117,-1
3594,[0.41220434 0.59066634],35,23,"[0.42263643503799797, 0.6161205416303672]",117,100
3595,[0.23622813 0.55590197],35,17,"[0.25907980690829885, 0.5772508610653444]",117,82
3596,[0.2600062  0.64672012],35,14,"[0.2991912902140973, 0.6498158096286489]",115,-1
3597,[0.24507679 0.65837536],35,42,"[0.2346625058996496, 0.695644821677479]",-1,-1
3598,[0.21299894 0.58143073],35,45,"[0.18958709402210344, 0.5831400503639066]",117,-1
3599,[0.3018011  0.61302738],35,14,"[0.2991912902140973, 0.6498158096286489]",117,-1
3600,[0.49501892 0.27787162],36,49,"[0.49260039765631497, 0.2531771469431645]",23,-1
3601,[0.56304332 0.17845943],36,85,"[0.6063431372341659, 0.1516999693584265]",-1,-1
3602,[0.48679752 0.22196652],36,49,"[0.49260039765631497, 0.2531771469431645]",-1,-1
3603,[0.49942356 0.18093779],36,-1,-1,7,-1
3604,[0.47151057 0.19966963],36,49,"[0.49260039765631497, 0.2531771469431645]",-1,-1
3605,[0.50318529 0.17790558],36,-1,-1,7,-1
3606,[0.56530939 0.26384858],36,63,"[0.5938052471458884, 0.24026036510989024]",-1,-1
3607,[0.55045777 0.24264663],36,63,"[0.5938052471458884, 0.24026036510989024]",-1,-1
3608,[0.56928028 0.26746227],36,63,"[0.5938052471458884, 0.24026036510989024]",-1,-1
3609,[0.45425515 0.29575004],36,49,"[0.49260039765631497, 0.2531771469431645]",-1,-1
3610,[0.58051976 0.28237418],36,63,"[0.5938052471458884, 0.24026036510989024]",-1,-1
3611,[0.47402863 0.31835694],36,55,"[0.4911189724579566, 0.36032847748337926]",-1,-1
3612,[0.52040928 0.13172881],36,-1,-1,-1,-1
3613,[0.49527649 0.23074011],36,49,"[0.49260039765631497, 0.2531771469431645]",-1,-1
3614,[0.45014329 0.26187252],36,49,"[0.49260039765631497, 0.2531771469431645]",-1,-1
3615,[0.51174998 0.29573291],36,49,"[0.49260039765631497, 0.2531771469431645]",31,-1
3616,[0.50360306 0.26943024],36,49,"[0.49260039765631497, 0.2531771469431645]",-1,-1
3617,[0.45073119 0.31417787],36,55,"[0.4911189724579566, 0.36032847748337926]",-1,-1
3618,[0.42190852 0.29014097],36,-1,-1,-1,-1
3619,[0.36505213 0.15837631],36,4,"[0.3328231275538315, 0.164647169186415]",106,-1
3620,[0.47304774 0.29049057],36,49,"[0.49260039765631497, 0.2531771469431645]",-1,-1
3621,[0.51175799 0.1479663 ],36,-1,-1,-1,-1
3622,[0.48561252 0.28683422],36,49,"[0.49260039765631497, 0.2531771469431645]",23,-1
3623,[0.48519968 0.28139237],36,49,"[0.49260039765631497, 0.2531771469431645]",-1,-1
3624,[0.52966866 0.18097338],36,-1,-1,-1,-1
3625,[0.40527586 0.24885484],36,19,"[0.4108955753998655, 0.21032591711406007]",-1,-1
3626,[0.55398323 0.2254586 ],36,63,"[0.5938052471458884, 0.24026036510989024]",-1,-1
3627,[0.51503692 0.28782931],36,49,"[0.49260039765631497, 0.2531771469431645]",31,-1
3628,[0.59187321 0.22633895],36,63,"[0.5938052471458884, 0.24026036510989024]",39,5
3629,[0.529627   0.31345725],36,68,"[0.5611136858449972, 0.3328599094297703]",-1,-1
3630,[0.51477756 0.20897971],36,49,"[0.49260039765631497, 0.2531771469431645]",-1,-1
3631,[0.52280377 0.20522233],36,49,"[0.49260039765631497, 0.2531771469431645]",-1,-1
3632,[0.42433272 0.29254874],36,-1,-1,-1,-1
3633,[0.50626414 0.22981514],36,49,"[0.49260039765631497, 0.2531771469431645]",-1,-1
3634,[0.50995903 0.24518789],36,49,"[0.49260039765631497, 0.2531771469431645]",-1,-1
3635,[0.57810428 0.3019876 ],36,68,"[0.5611136858449972, 0.3328599094297703]",34,-1
3636,[0.54344228 0.22087915],36,63,"[0.5938052471458884, 0.24026036510989024]",-1,-1
3637,[0.47348456 0.34427876],36,55,"[0.4911189724579566, 0.36032847748337926]",52,-1
3638,[0.46442535 0.25465281],36,49,"[0.49260039765631497, 0.2531771469431645]",-1,-1
3639,[0.57674665 0.20017623],36,63,"[0.5938052471458884, 0.24026036510989024]",-1,-1
3640,[0.5324615  0.21709959],36,49,"[0.49260039765631497, 0.2531771469431645]",-1,-1
3641,[0.49867902 0.21408957],36,49,"[0.49260039765631497, 0.2531771469431645]",-1,-1
3642,[0.51422742 0.29200941],36,49,"[0.49260039765631497, 0.2531771469431645]",31,-1
3643,[0.49256891 0.25419603],36,49,"[0.49260039765631497, 0.2531771469431645]",-1,-1
3644,[0.52927983 0.26757277],36,49,"[0.49260039765631497, 0.2531771469431645]",17,-1
3645,[0.5240095  0.24193834],36,49,"[0.49260039765631497, 0.2531771469431645]",-1,-1
3646,[0.55330503 0.18853982],36,85,"[0.6063431372341659, 0.1516999693584265]",-1,-1
3647,[0.51146733 0.24416919],36,49,"[0.49260039765631497, 0.2531771469431645]",-1,-1
3648,[0.46309197 0.23945843],36,49,"[0.49260039765631497, 0.2531771469431645]",-1,-1
3649,[0.53715439 0.23129572],36,49,"[0.49260039765631497, 0.2531771469431645]",-1,-1
3650,[0.53897858 0.28078323],36,49,"[0.49260039765631497, 0.2531771469431645]",-1,-1
3651,[0.45954638 0.22390025],36,49,"[0.49260039765631497, 0.2531771469431645]",-1,-1
3652,[0.53112837 0.2055442 ],36,49,"[0.49260039765631497, 0.2531771469431645]",-1,-1
3653,[0.47737532 0.19583957],36,49,"[0.49260039765631497, 0.2531771469431645]",-1,-1
3654,[0.55968143 0.2293106 ],36,63,"[0.5938052471458884, 0.24026036510989024]",-1,-1
3655,[0.48284892 0.18570612],36,49,"[0.49260039765631497, 0.2531771469431645]",7,-1
3656,[0.48225987 0.24525476],36,49,"[0.49260039765631497, 0.2531771469431645]",-1,-1
3657,[0.51318375 0.30508806],36,68,"[0.5611136858449972, 0.3328599094297703]",31,-1
3658,[0.40983462 0.24125098],36,19,"[0.4108955753998655, 0.21032591711406007]",-1,-1
3659,[0.47289809 0.22156263],36,49,"[0.49260039765631497, 0.2531771469431645]",-1,-1
3660,[0.44994439 0.26296379],36,49,"[0.49260039765631497, 0.2531771469431645]",-1,-1
3661,[0.44240477 0.24004369],36,19,"[0.4108955753998655, 0.21032591711406007]",-1,-1
3662,[0.4533368  0.21986552],36,19,"[0.4108955753998655, 0.21032591711406007]",-1,-1
3663,[0.47045613 0.2420343 ],36,49,"[0.49260039765631497, 0.2531771469431645]",-1,-1
3664,[0.52005335 0.28716457],36,49,"[0.49260039765631497, 0.2531771469431645]",31,-1
3665,[0.48962395 0.17727828],36,-1,-1,7,-1
3666,[0.42891106 0.232739  ],36,19,"[0.4108955753998655, 0.21032591711406007]",-1,-1
3667,[0.53811722 0.33335531],36,68,"[0.5611136858449972, 0.3328599094297703]",-1,-1
3668,[0.45257437 0.29936626],36,49,"[0.49260039765631497, 0.2531771469431645]",-1,-1
3669,[0.55442607 0.25509975],36,63,"[0.5938052471458884, 0.24026036510989024]",-1,-1
3670,[0.47390183 0.27109766],36,49,"[0.49260039765631497, 0.2531771469431645]",-1,-1
3671,[0.44557239 0.28387599],36,49,"[0.49260039765631497, 0.2531771469431645]",-1,-1
3672,[0.52126177 0.26142972],36,49,"[0.49260039765631497, 0.2531771469431645]",17,-1
3673,[0.55583285 0.20167105],36,63,"[0.5938052471458884, 0.24026036510989024]",-1,-1
3674,[0.48790375 0.29565497],36,49,"[0.49260039765631497, 0.2531771469431645]",23,-1
3675,[0.56620812 0.31812342],36,68,"[0.5611136858449972, 0.3328599094297703]",34,3
3676,[0.523928   0.28994104],36,49,"[0.49260039765631497, 0.2531771469431645]",-1,-1
3677,[0.54631007 0.25908025],36,63,"[0.5938052471458884, 0.24026036510989024]",-1,-1
3678,[0.53591747 0.27829095],36,49,"[0.49260039765631497, 0.2531771469431645]",-1,-1
3679,[0.54091775 0.23470643],36,49,"[0.49260039765631497, 0.2531771469431645]",-1,-1
3680,[0.52865279 0.25597349],36,49,"[0.49260039765631497, 0.2531771469431645]",17,-1
3681,[0.45945045 0.23361711],36,49,"[0.49260039765631497, 0.2531771469431645]",-1,-1
3682,[0.41158287 0.28050018],36,-1,-1,-1,-1
3683,[0.57720357 0.21650711],36,63,"[0.5938052471458884, 0.24026036510989024]",-1,-1
3684,[0.54082551 0.25385306],36,49,"[0.49260039765631497, 0.2531771469431645]",17,-1
3685,[0.5808663  0.32737072],36,68,"[0.5611136858449972, 0.3328599094297703]",34,-1
3686,[0.48911859 0.26667902],36,49,"[0.49260039765631497, 0.2531771469431645]",-1,-1
3687,[0.62535116 0.28372356],36,67,"[0.6342132122546504, 0.3029357709290384]",50,-1
3688,[0.50348263 0.23517987],36,49,"[0.49260039765631497, 0.2531771469431645]",-1,-1
3689,[0.59601448 0.23199334],36,63,"[0.5938052471458884, 0.24026036510989024]",39,5
3690,[0.48429563 0.3071702 ],36,55,"[0.4911189724579566, 0.36032847748337926]",-1,-1
3691,[0.46421351 0.1562637 ],36,83,"[0.4230841119797742, 0.1320776863825804]",-1,-1
3692,[0.49836829 0.34483111],36,55,"[0.4911189724579566, 0.36032847748337926]",-1,-1
3693,[0.51712484 0.27590003],36,49,"[0.49260039765631497, 0.2531771469431645]",-1,-1
3694,[0.57662039 0.24953642],36,63,"[0.5938052471458884, 0.24026036510989024]",-1,-1
3695,[0.5130674  0.21974407],36,49,"[0.49260039765631497, 0.2531771469431645]",-1,-1
3696,[0.50799754 0.26768504],36,49,"[0.49260039765631497, 0.2531771469431645]",-1,-1
3697,[0.55560571 0.2332183 ],36,63,"[0.5938052471458884, 0.24026036510989024]",-1,-1
3698,[0.52029353 0.24754405],36,49,"[0.49260039765631497, 0.2531771469431645]",17,-1
3699,[0.53718601 0.31560962],36,68,"[0.5611136858449972, 0.3328599094297703]",37,-1
3700,[0.12105115 0.75739769],37,61,"[0.12285160813708297, 0.8107759494255373]",-1,-1
3701,[0.23679932 0.84099991],37,2,"[0.18872072314872831, 0.8525011569850129]",-1,-1
3702,[0.16505143 0.75314374],37,73,"[0.21710138381515529, 0.7733240653788879]",-1,-1
3703,[0.16741674 0.80009344],37,61,"[0.12285160813708297, 0.8107759494255373]",117,-1
3704,[0.21476608 0.82606956],37,2,"[0.18872072314872831, 0.8525011569850129]",117,47
3705,[0.10458629 0.804988  ],37,61,"[0.12285160813708297, 0.8107759494255373]",-1,-1
3706,[0.19952652 0.87662905],37,2,"[0.18872072314872831, 0.8525011569850129]",117,-1
3707,[0.15836696 0.81316598],37,61,"[0.12285160813708297, 0.8107759494255373]",117,-1
3708,[0.24262475 0.88011614],37,97,"[0.2436419246457856, 0.9257976702853096]",-1,-1
3709,[0.19301105 0.79964389],37,73,"[0.21710138381515529, 0.7733240653788879]",117,35
3710,[0.19122714 0.80048555],37,73,"[0.21710138381515529, 0.7733240653788879]",117,35
3711,[0.19036631 0.80687539],37,73,"[0.21710138381515529, 0.7733240653788879]",117,35
3712,[0.23850971 0.86812728],37,2,"[0.18872072314872831, 0.8525011569850129]",-1,43
3713,[0.21965342 0.84028872],37,2,"[0.18872072314872831, 0.8525011569850129]",-1,-1
3714,[0.10326243 0.79931319],37,61,"[0.12285160813708297, 0.8107759494255373]",-1,-1
3715,[0.12188222 0.95060982],37,-1,-1,-1,-1
3716,[0.11298631 0.78799929],37,61,"[0.12285160813708297, 0.8107759494255373]",-1,-1
3717,[0.17128896 0.83802789],37,2,"[0.18872072314872831, 0.8525011569850129]",117,48
3718,[0.16938249 0.8640609 ],37,2,"[0.18872072314872831, 0.8525011569850129]",117,48
3719,[0.2239687  0.86001341],37,2,"[0.18872072314872831, 0.8525011569850129]",117,-1
3720,[0.24814252 0.80832541],37,6,"[0.2864937659294625, 0.8061319185734634]",117,-1
3721,[0.20407672 0.7795913 ],37,73,"[0.21710138381515529, 0.7733240653788879]",-1,-1
3722,[0.16447101 0.80711111],37,61,"[0.12285160813708297, 0.8107759494255373]",117,-1
3723,[0.12191891 0.84373471],37,61,"[0.12285160813708297, 0.8107759494255373]",36,-1
3724,[0.25175504 0.89291658],37,97,"[0.2436419246457856, 0.9257976702853096]",-1,-1
3725,[0.11307225 0.72882964],37,92,"[0.1445164879810704, 0.6934455308809843]",-1,-1
3726,[0.17890437 0.83589195],37,2,"[0.18872072314872831, 0.8525011569850129]",117,-1
3727,[0.14363133 0.76389178],37,61,"[0.12285160813708297, 0.8107759494255373]",-1,-1
3728,[0.23594448 0.80202698],37,73,"[0.21710138381515529, 0.7733240653788879]",117,-1
3729,[0.16679267 0.90593701],37,2,"[0.18872072314872831, 0.8525011569850129]",20,-1
3730,[0.05728156 0.82039442],37,61,"[0.12285160813708297, 0.8107759494255373]",-1,-1
3731,[0.11638143 0.86372557],37,61,"[0.12285160813708297, 0.8107759494255373]",-1,-1
3732,[0.15439216 0.82131207],37,61,"[0.12285160813708297, 0.8107759494255373]",117,-1
3733,[0.18185647 0.77349013],37,73,"[0.21710138381515529, 0.7733240653788879]",44,-1
3734,[0.23266653 0.87187827],37,2,"[0.18872072314872831, 0.8525011569850129]",117,-1
3735,[0.17842872 0.86836252],37,2,"[0.18872072314872831, 0.8525011569850129]",117,48
3736,[0.16880731 0.83568078],37,2,"[0.18872072314872831, 0.8525011569850129]",117,48
3737,[0.07575572 0.82062168],37,61,"[0.12285160813708297, 0.8107759494255373]",-1,-1
3738,[0.21620628 0.87673962],37,2,"[0.18872072314872831, 0.8525011569850129]",-1,-1
3739,[0.1549835 0.9012501],37,2,"[0.18872072314872831, 0.8525011569850129]",20,-1
3740,[0.19802872 0.86145809],37,2,"[0.18872072314872831, 0.8525011569850129]",-1,-1
3741,[0.14408722 0.78757624],37,61,"[0.12285160813708297, 0.8107759494255373]",-1,-1
3742,[0.17983455 0.87735184],37,2,"[0.18872072314872831, 0.8525011569850129]",117,48
3743,[0.17799677 0.84309544],37,2,"[0.18872072314872831, 0.8525011569850129]",117,48
3744,[0.11020672 0.79012752],37,61,"[0.12285160813708297, 0.8107759494255373]",-1,-1
3745,[0.20034278 0.89062381],37,2,"[0.18872072314872831, 0.8525011569850129]",-1,-1
3746,[0.15757022 0.80484755],37,61,"[0.12285160813708297, 0.8107759494255373]",117,-1
3747,[0.08578737 0.82780099],37,61,"[0.12285160813708297, 0.8107759494255373]",-1,-1
3748,[0.19124051 0.76407984],37,73,"[0.21710138381515529, 0.7733240653788879]",44,-1
3749,[0.17244083 0.86891362],37,2,"[0.18872072314872831, 0.8525011569850129]",117,48
3750,[0.14278192 0.75399521],37,61,"[0.12285160813708297, 0.8107759494255373]",-1,-1
3751,[0.20915254 0.83499976],37,2,"[0.18872072314872831, 0.8525011569850129]",117,47
3752,[0.18608207 0.91555695],37,97,"[0.2436419246457856, 0.9257976702853096]",-1,-1
3753,[0.17241022 0.85297768],37,2,"[0.18872072314872831, 0.8525011569850129]",117,48
3754,[0.15384429 0.81511924],37,61,"[0.12285160813708297, 0.8107759494255373]",-1,-1
3755,[0.20676132 0.84858409],37,2,"[0.18872072314872831, 0.8525011569850129]",117,47
3756,[0.19679032 0.82259351],37,2,"[0.18872072314872831, 0.8525011569850129]",117,-1
3757,[0.21205904 0.85136958],37,2,"[0.18872072314872831, 0.8525011569850129]",117,-1
3758,[0.14362586 0.94854849],37,-1,-1,-1,-1
3759,[0.1588527  0.85332659],37,2,"[0.18872072314872831, 0.8525011569850129]",117,48
3760,[0.17968779 0.80672021],37,2,"[0.18872072314872831, 0.8525011569850129]",117,35
3761,[0.17076384 0.80554733],37,61,"[0.12285160813708297, 0.8107759494255373]",117,-1
3762,[0.06039745 0.79652002],37,61,"[0.12285160813708297, 0.8107759494255373]",-1,-1
3763,[0.18610034 0.85591567],37,2,"[0.18872072314872831, 0.8525011569850129]",117,-1
3764,[0.13858902 0.83505469],37,61,"[0.12285160813708297, 0.8107759494255373]",-1,-1
3765,[0.14138902 0.86368192],37,2,"[0.18872072314872831, 0.8525011569850129]",-1,-1
3766,[0.2017168  0.82838076],37,2,"[0.18872072314872831, 0.8525011569850129]",117,-1
3767,[0.15803665 0.89719497],37,2,"[0.18872072314872831, 0.8525011569850129]",20,-1
3768,[0.09791921 0.80388821],37,61,"[0.12285160813708297, 0.8107759494255373]",-1,-1
3769,[0.08502785 0.79902292],37,61,"[0.12285160813708297, 0.8107759494255373]",-1,-1
3770,[0.20900606 0.8311732 ],37,2,"[0.18872072314872831, 0.8525011569850129]",117,47
3771,[0.13603965 0.86059908],37,61,"[0.12285160813708297, 0.8107759494255373]",-1,-1
3772,[0.23718974 0.80759507],37,73,"[0.21710138381515529, 0.7733240653788879]",117,-1
3773,[0.1765831  0.81292781],37,2,"[0.18872072314872831, 0.8525011569850129]",117,-1
3774,[0.08816149 0.8526656 ],37,61,"[0.12285160813708297, 0.8107759494255373]",-1,-1
3775,[0.16791632 0.85147969],37,2,"[0.18872072314872831, 0.8525011569850129]",117,-1
3776,[0.20454135 0.87682021],37,2,"[0.18872072314872831, 0.8525011569850129]",-1,-1
3777,[0.167232 0.90708 ],37,2,"[0.18872072314872831, 0.8525011569850129]",20,-1
3778,[0.18669174 0.78955069],37,73,"[0.21710138381515529, 0.7733240653788879]",-1,-1
3779,[0.18508767 0.80272827],37,73,"[0.21710138381515529, 0.7733240653788879]",117,35
3780,[0.23760541 0.85729709],37,2,"[0.18872072314872831, 0.8525011569850129]",-1,-1
3781,[0.15229094 0.85586023],37,2,"[0.18872072314872831, 0.8525011569850129]",117,48
3782,[0.19768787 0.85296436],37,2,"[0.18872072314872831, 0.8525011569850129]",117,47
3783,[0.22635557 0.85912604],37,2,"[0.18872072314872831, 0.8525011569850129]",117,43
3784,[0.28020858 0.86809875],37,53,"[0.3257402588795542, 0.8780579715353399]",-1,-1
3785,[0.16089724 0.7676452 ],37,73,"[0.21710138381515529, 0.7733240653788879]",-1,-1
3786,[0.148138   0.78150887],37,61,"[0.12285160813708297, 0.8107759494255373]",-1,-1
3787,[0.20607083 0.8499668 ],37,2,"[0.18872072314872831, 0.8525011569850129]",117,47
3788,[0.13826522 0.78931533],37,61,"[0.12285160813708297, 0.8107759494255373]",-1,-1
3789,[0.21022019 0.88343735],37,2,"[0.18872072314872831, 0.8525011569850129]",-1,-1
3790,[0.21002987 0.73856569],37,73,"[0.21710138381515529, 0.7733240653788879]",-1,-1
3791,[0.16866866 0.84941747],37,2,"[0.18872072314872831, 0.8525011569850129]",117,48
3792,[0.20729329 0.84288582],37,2,"[0.18872072314872831, 0.8525011569850129]",117,47
3793,[0.16809922 0.85561338],37,2,"[0.18872072314872831, 0.8525011569850129]",117,48
3794,[0.19300886 0.75026407],37,73,"[0.21710138381515529, 0.7733240653788879]",-1,-1
3795,[0.15267876 0.87568274],37,2,"[0.18872072314872831, 0.8525011569850129]",20,-1
3796,[0.17305461 0.90343497],37,2,"[0.18872072314872831, 0.8525011569850129]",-1,-1
3797,[0.22832584 0.82030282],37,73,"[0.21710138381515529, 0.7733240653788879]",117,-1
3798,[0.18758472 0.76254482],37,73,"[0.21710138381515529, 0.7733240653788879]",44,-1
3799,[0.19500507 0.80181301],37,73,"[0.21710138381515529, 0.7733240653788879]",117,35
3800,[0.43215999 0.20764254],38,19,"[0.4108955753998655, 0.21032591711406007]",106,-1
3801,[0.36841737 0.17639149],38,4,"[0.3328231275538315, 0.164647169186415]",106,-1
3802,[0.38523383 0.1484352 ],38,83,"[0.4230841119797742, 0.1320776863825804]",106,69
3803,[0.35708771 0.13258893],38,4,"[0.3328231275538315, 0.164647169186415]",-1,-1
3804,[0.31434301 0.23329423],38,30,"[0.2966359808455789, 0.2452350977488949]",114,-1
3805,[0.31069162 0.1257924 ],38,84,"[0.29615237877199174, 0.1110224228591103]",-1,-1
3806,[0.22970779 0.15504546],38,34,"[0.2185740004144134, 0.15608943562981872]",-1,-1
3807,[0.2552969  0.23479539],38,30,"[0.2966359808455789, 0.2452350977488949]",114,-1
3808,[0.30947636 0.13680084],38,84,"[0.29615237877199174, 0.1110224228591103]",-1,-1
3809,[0.2980231  0.13765445],38,84,"[0.29615237877199174, 0.1110224228591103]",-1,-1
3810,[0.34346308 0.1990501 ],38,4,"[0.3328231275538315, 0.164647169186415]",-1,-1
3811,[0.36452946 0.16048073],38,4,"[0.3328231275538315, 0.164647169186415]",106,-1
3812,[0.32146019 0.22199389],38,30,"[0.2966359808455789, 0.2452350977488949]",114,-1
3813,[0.39954532 0.16938567],38,19,"[0.4108955753998655, 0.21032591711406007]",106,-1
3814,[0.32366635 0.20931981],38,30,"[0.2966359808455789, 0.2452350977488949]",113,63
3815,[0.29341205 0.13523825],38,84,"[0.29615237877199174, 0.1110224228591103]",-1,-1
3816,[0.39998253 0.0906963 ],38,83,"[0.4230841119797742, 0.1320776863825804]",-1,-1
3817,[0.32975773 0.24437134],38,30,"[0.2966359808455789, 0.2452350977488949]",-1,-1
3818,[0.29745803 0.22890954],38,30,"[0.2966359808455789, 0.2452350977488949]",114,80
3819,[0.28823349 0.20716961],38,30,"[0.2966359808455789, 0.2452350977488949]",-1,-1
3820,[0.33934334 0.16567334],38,4,"[0.3328231275538315, 0.164647169186415]",106,-1
3821,[0.32190954 0.19180412],38,4,"[0.3328231275538315, 0.164647169186415]",113,-1
3822,[0.32610618 0.12971115],38,84,"[0.29615237877199174, 0.1110224228591103]",-1,-1
3823,[0.36783725 0.17749295],38,4,"[0.3328231275538315, 0.164647169186415]",106,-1
3824,[0.2744311  0.20457814],38,30,"[0.2966359808455789, 0.2452350977488949]",-1,-1
3825,[0.36748361 0.10718795],38,83,"[0.4230841119797742, 0.1320776863825804]",-1,-1
3826,[0.36029549 0.24984777],38,31,"[0.3442046468432694, 0.303512725044185]",100,16
3827,[0.3570843  0.25730287],38,31,"[0.3442046468432694, 0.303512725044185]",100,16
3828,[0.35766336 0.12213676],38,4,"[0.3328231275538315, 0.164647169186415]",-1,-1
3829,[0.29789924 0.23349043],38,30,"[0.2966359808455789, 0.2452350977488949]",114,-1
3830,[0.38424747 0.1071427 ],38,83,"[0.4230841119797742, 0.1320776863825804]",-1,-1
3831,[0.38092449 0.18480936],38,19,"[0.4108955753998655, 0.21032591711406007]",106,-1
3832,[0.31555471 0.2070078 ],38,30,"[0.2966359808455789, 0.2452350977488949]",-1,-1
3833,[0.32477708 0.20199895],38,4,"[0.3328231275538315, 0.164647169186415]",113,63
3834,[0.35770297 0.18715914],38,4,"[0.3328231275538315, 0.164647169186415]",106,-1
3835,[0.30509211 0.17136012],38,4,"[0.3328231275538315, 0.164647169186415]",113,-1
3836,[0.3194514  0.23047215],38,30,"[0.2966359808455789, 0.2452350977488949]",114,-1
3837,[0.25982384 0.15437206],38,34,"[0.2185740004144134, 0.15608943562981872]",110,-1
3838,[0.2993078  0.23622638],38,30,"[0.2966359808455789, 0.2452350977488949]",114,-1
3839,[0.33344649 0.09691276],38,84,"[0.29615237877199174, 0.1110224228591103]",-1,-1
3840,[0.31443995 0.12547058],38,84,"[0.29615237877199174, 0.1110224228591103]",-1,-1
3841,[0.29173832 0.16041381],38,4,"[0.3328231275538315, 0.164647169186415]",113,66
3842,[0.30941937 0.16433585],38,4,"[0.3328231275538315, 0.164647169186415]",113,-1
3843,[0.32773443 0.21001024],38,4,"[0.3328231275538315, 0.164647169186415]",113,63
3844,[0.28606466 0.16390797],38,4,"[0.3328231275538315, 0.164647169186415]",113,66
3845,[0.32184092 0.22734989],38,30,"[0.2966359808455789, 0.2452350977488949]",114,63
3846,[0.35166771 0.17477891],38,4,"[0.3328231275538315, 0.164647169186415]",106,-1
3847,[0.34617328 0.13894998],38,4,"[0.3328231275538315, 0.164647169186415]",106,-1
3848,[0.29310759 0.12390267],38,84,"[0.29615237877199174, 0.1110224228591103]",-1,-1
3849,[0.32795667 0.22039974],38,30,"[0.2966359808455789, 0.2452350977488949]",114,-1
3850,[0.41872065 0.22863051],38,19,"[0.4108955753998655, 0.21032591711406007]",-1,-1
3851,[0.3467886  0.21657024],38,4,"[0.3328231275538315, 0.164647169186415]",113,-1
3852,[0.33576344 0.23375036],38,30,"[0.2966359808455789, 0.2452350977488949]",-1,-1
3853,[0.38226293 0.15469304],38,83,"[0.4230841119797742, 0.1320776863825804]",106,-1
3854,[0.38074681 0.16986687],38,4,"[0.3328231275538315, 0.164647169186415]",106,-1
3855,[0.30742395 0.1967182 ],38,4,"[0.3328231275538315, 0.164647169186415]",113,-1
3856,[0.31639026 0.21090207],38,30,"[0.2966359808455789, 0.2452350977488949]",-1,-1
3857,[0.30866517 0.20155676],38,4,"[0.3328231275538315, 0.164647169186415]",113,-1
3858,[0.35998393 0.18525027],38,4,"[0.3328231275538315, 0.164647169186415]",106,-1
3859,[0.40656815 0.20021377],38,19,"[0.4108955753998655, 0.21032591711406007]",106,-1
3860,[0.28058229 0.14307175],38,84,"[0.29615237877199174, 0.1110224228591103]",113,66
3861,[0.37685061 0.20018486],38,19,"[0.4108955753998655, 0.21032591711406007]",106,-1
3862,[0.27820501 0.07984237],38,84,"[0.29615237877199174, 0.1110224228591103]",-1,-1
3863,[0.33439715 0.18406881],38,4,"[0.3328231275538315, 0.164647169186415]",113,-1
3864,[0.309428   0.19837524],38,4,"[0.3328231275538315, 0.164647169186415]",113,-1
3865,[0.3354435  0.18455049],38,4,"[0.3328231275538315, 0.164647169186415]",-1,-1
3866,[0.37708483 0.20142307],38,19,"[0.4108955753998655, 0.21032591711406007]",106,-1
3867,[0.28129486 0.13606473],38,84,"[0.29615237877199174, 0.1110224228591103]",113,66
3868,[0.28024843 0.13437058],38,84,"[0.29615237877199174, 0.1110224228591103]",113,-1
3869,[0.43310876 0.14292837],38,83,"[0.4230841119797742, 0.1320776863825804]",-1,-1
3870,[0.32550901 0.19400573],38,4,"[0.3328231275538315, 0.164647169186415]",113,63
3871,[0.18178848 0.21458124],38,38,"[0.21237696572363113, 0.23587686359823726]",-1,-1
3872,[0.42924608 0.17222866],38,83,"[0.4230841119797742, 0.1320776863825804]",-1,-1
3873,[0.2928511  0.17506948],38,4,"[0.3328231275538315, 0.164647169186415]",113,-1
3874,[0.26606956 0.18039529],38,34,"[0.2185740004144134, 0.15608943562981872]",113,-1
3875,[0.38161039 0.1721118 ],38,19,"[0.4108955753998655, 0.21032591711406007]",106,-1
3876,[0.3046123  0.18631459],38,4,"[0.3328231275538315, 0.164647169186415]",113,-1
3877,[0.37508397 0.10928474],38,83,"[0.4230841119797742, 0.1320776863825804]",-1,-1
3878,[0.356906   0.14865121],38,4,"[0.3328231275538315, 0.164647169186415]",106,-1
3879,[0.36174723 0.17935069],38,4,"[0.3328231275538315, 0.164647169186415]",106,67
3880,[0.36194664 0.23606688],38,19,"[0.4108955753998655, 0.21032591711406007]",-1,-1
3881,[0.34985387 0.21338412],38,4,"[0.3328231275538315, 0.164647169186415]",113,-1
3882,[0.31595805 0.11816254],38,84,"[0.29615237877199174, 0.1110224228591103]",-1,-1
3883,[0.4064237 0.1938582],38,19,"[0.4108955753998655, 0.21032591711406007]",106,68
3884,[0.42655399 0.23417782],38,19,"[0.4108955753998655, 0.21032591711406007]",-1,-1
3885,[0.3760109  0.13902832],38,83,"[0.4230841119797742, 0.1320776863825804]",-1,-1
3886,[0.3951077  0.14478902],38,83,"[0.4230841119797742, 0.1320776863825804]",106,69
3887,[0.34534678 0.13770565],38,4,"[0.3328231275538315, 0.164647169186415]",-1,-1
3888,[0.37932671 0.2130052 ],38,19,"[0.4108955753998655, 0.21032591711406007]",106,-1
3889,[0.32737475 0.1667145 ],38,4,"[0.3328231275538315, 0.164647169186415]",113,-1
3890,[0.38923622 0.28606565],38,31,"[0.3442046468432694, 0.303512725044185]",-1,-1
3891,[0.34830392 0.15270477],38,4,"[0.3328231275538315, 0.164647169186415]",106,67
3892,[0.29796608 0.16331656],38,4,"[0.3328231275538315, 0.164647169186415]",113,66
3893,[0.39494483 0.1405918 ],38,83,"[0.4230841119797742, 0.1320776863825804]",106,-1
3894,[0.3272926 0.2004029],38,4,"[0.3328231275538315, 0.164647169186415]",113,63
3895,[0.3273424  0.17807165],38,4,"[0.3328231275538315, 0.164647169186415]",113,65
3896,[0.2780743  0.27584039],38,30,"[0.2966359808455789, 0.2452350977488949]",114,94
3897,[0.32945029 0.19872695],38,4,"[0.3328231275538315, 0.164647169186415]",113,63
3898,[0.41185707 0.22452418],38,19,"[0.4108955753998655, 0.21032591711406007]",-1,-1
3899,[0.2636875  0.18477299],38,34,"[0.2185740004144134, 0.15608943562981872]",113,64
3900,[0.49259215 0.52451286],39,28,"[0.4883199384691489, 0.5133386333280389]",117,-1
3901,[0.50599105 0.31840414],39,55,"[0.4911189724579566, 0.36032847748337926]",-1,-1
3902,[0.46595753 0.45468448],39,46,"[0.4417948344818715, 0.4376736545727672]",-1,-1
3903,[0.43896168 0.39421542],39,46,"[0.4417948344818715, 0.4376736545727672]",114,-1
3904,[0.37141233 0.42655916],39,39,"[0.3669055865255626, 0.44498159830625134]",114,74
3905,[0.40343812 0.4400809 ],39,39,"[0.3669055865255626, 0.44498159830625134]",114,-1
3906,[0.42139316 0.39597605],39,13,"[0.39947133599624457, 0.3634561327160814]",114,71
3907,[0.45439096 0.45094589],39,46,"[0.4417948344818715, 0.4376736545727672]",76,21
3908,[0.50729796 0.41964562],39,71,"[0.5256853689354785, 0.4139886337990054]",63,-1
3909,[0.49191392 0.39827958],39,71,"[0.5256853689354785, 0.4139886337990054]",94,-1
3910,[0.44299055 0.38301726],39,13,"[0.39947133599624457, 0.3634561327160814]",114,-1
3911,[0.37685487 0.39750588],39,13,"[0.39947133599624457, 0.3634561327160814]",114,93
3912,[0.49823115 0.39294218],39,55,"[0.4911189724579566, 0.36032847748337926]",94,19
3913,[0.46772593 0.39074725],39,55,"[0.4911189724579566, 0.36032847748337926]",-1,-1
3914,[0.35515499 0.43410834],39,39,"[0.3669055865255626, 0.44498159830625134]",114,74
3915,[0.37843484 0.35547731],39,13,"[0.39947133599624457, 0.3634561327160814]",114,-1
3916,[0.4708799  0.39652963],39,55,"[0.4911189724579566, 0.36032847748337926]",64,-1
3917,[0.44928082 0.33783399],39,55,"[0.4911189724579566, 0.36032847748337926]",-1,-1
3918,[0.41696034 0.47391419],39,46,"[0.4417948344818715, 0.4376736545727672]",-1,-1
3919,[0.4268098  0.42859954],39,46,"[0.4417948344818715, 0.4376736545727672]",114,-1
3920,[0.38702268 0.4785577 ],39,39,"[0.3669055865255626, 0.44498159830625134]",96,-1
3921,[0.49246482 0.38445003],39,55,"[0.4911189724579566, 0.36032847748337926]",94,19
3922,[0.39735885 0.4377852 ],39,39,"[0.3669055865255626, 0.44498159830625134]",114,-1
3923,[0.48009292 0.37125837],39,55,"[0.4911189724579566, 0.36032847748337926]",-1,-1
3924,[0.42520024 0.42299741],39,46,"[0.4417948344818715, 0.4376736545727672]",-1,-1
3925,[0.51333223 0.38083626],39,55,"[0.4911189724579566, 0.36032847748337926]",-1,-1
3926,[0.41534627 0.47701055],39,46,"[0.4417948344818715, 0.4376736545727672]",-1,-1
3927,[0.46904619 0.35415464],39,55,"[0.4911189724579566, 0.36032847748337926]",52,-1
3928,[0.36592629 0.32963185],39,31,"[0.3442046468432694, 0.303512725044185]",114,85
3929,[0.32422279 0.32199248],39,31,"[0.3442046468432694, 0.303512725044185]",114,87
3930,[0.49541539 0.47692797],39,28,"[0.4883199384691489, 0.5133386333280389]",79,27
3931,[0.36616308 0.44763481],39,39,"[0.3669055865255626, 0.44498159830625134]",114,-1
3932,[0.44500672 0.53264071],39,29,"[0.4203507518330517, 0.5402216776416098]",117,-1
3933,[0.43082264 0.37674504],39,13,"[0.39947133599624457, 0.3634561327160814]",114,71
3934,[0.46354812 0.37590214],39,55,"[0.4911189724579566, 0.36032847748337926]",114,-1
3935,[0.39566832 0.34958051],39,13,"[0.39947133599624457, 0.3634561327160814]",114,-1
3936,[0.42724849 0.32851117],39,13,"[0.39947133599624457, 0.3634561327160814]",-1,-1
3937,[0.4553375  0.40431532],39,46,"[0.4417948344818715, 0.4376736545727672]",64,-1
3938,[0.42222119 0.43981761],39,46,"[0.4417948344818715, 0.4376736545727672]",-1,-1
3939,[0.38280404 0.44652846],39,39,"[0.3669055865255626, 0.44498159830625134]",114,75
3940,[0.45337729 0.39999394],39,46,"[0.4417948344818715, 0.4376736545727672]",64,-1
3941,[0.43596861 0.40331431],39,46,"[0.4417948344818715, 0.4376736545727672]",-1,-1
3942,[0.40921394 0.34351364],39,13,"[0.39947133599624457, 0.3634561327160814]",-1,-1
3943,[0.42842711 0.32123673],39,13,"[0.39947133599624457, 0.3634561327160814]",-1,-1
3944,[0.4146228  0.38919495],39,13,"[0.39947133599624457, 0.3634561327160814]",114,71
3945,[0.45556279 0.3913358 ],39,55,"[0.4911189724579566, 0.36032847748337926]",-1,-1
3946,[0.33574774 0.38756194],39,3,"[0.32011025026158857, 0.3826718810103493]",114,94
3947,[0.38735399 0.38064736],39,13,"[0.39947133599624457, 0.3634561327160814]",114,-1
3948,[0.34601844 0.40037678],39,3,"[0.32011025026158857, 0.3826718810103493]",114,-1
3949,[0.36625351 0.37711736],39,13,"[0.39947133599624457, 0.3634561327160814]",114,93
3950,[0.44670472 0.3763695 ],39,55,"[0.4911189724579566, 0.36032847748337926]",114,-1
3951,[0.38164993 0.40089527],39,13,"[0.39947133599624457, 0.3634561327160814]",114,-1
3952,[0.44757509 0.42526535],39,46,"[0.4417948344818715, 0.4376736545727672]",54,-1
3953,[0.46759984 0.43699515],39,46,"[0.4417948344818715, 0.4376736545727672]",76,21
3954,[0.42187815 0.4553906 ],39,46,"[0.4417948344818715, 0.4376736545727672]",-1,-1
3955,[0.45932288 0.44572689],39,46,"[0.4417948344818715, 0.4376736545727672]",76,21
3956,[0.50786215 0.44505622],39,71,"[0.5256853689354785, 0.4139886337990054]",-1,-1
3957,[0.46808922 0.41160633],39,46,"[0.4417948344818715, 0.4376736545727672]",-1,-1
3958,[0.35783955 0.40518137],39,39,"[0.3669055865255626, 0.44498159830625134]",114,93
3959,[0.41824658 0.42344112],39,46,"[0.4417948344818715, 0.4376736545727672]",-1,-1
3960,[0.45059874 0.45893476],39,46,"[0.4417948344818715, 0.4376736545727672]",-1,-1
3961,[0.45097287 0.40719888],39,46,"[0.4417948344818715, 0.4376736545727672]",64,-1
3962,[0.40929647 0.46072332],39,46,"[0.4417948344818715, 0.4376736545727672]",-1,-1
3963,[0.54928236 0.43890684],39,81,"[0.5486595324958304, 0.45111899886780193]",95,-1
3964,[0.44324195 0.3569351 ],39,13,"[0.39947133599624457, 0.3634561327160814]",-1,-1
3965,[0.4357808  0.38221118],39,13,"[0.39947133599624457, 0.3634561327160814]",114,71
3966,[0.38914225 0.37464194],39,13,"[0.39947133599624457, 0.3634561327160814]",114,-1
3967,[0.44401456 0.34077686],39,13,"[0.39947133599624457, 0.3634561327160814]",-1,-1
3968,[0.40629862 0.38385563],39,13,"[0.39947133599624457, 0.3634561327160814]",114,71
3969,[0.45894556 0.43094494],39,46,"[0.4417948344818715, 0.4376736545727672]",-1,-1
3970,[0.50493835 0.47106021],39,28,"[0.4883199384691489, 0.5133386333280389]",79,27
3971,[0.36010446 0.42902   ],39,39,"[0.3669055865255626, 0.44498159830625134]",114,74
3972,[0.44484813 0.37677769],39,13,"[0.39947133599624457, 0.3634561327160814]",114,-1
3973,[0.37040649 0.40239243],39,39,"[0.3669055865255626, 0.44498159830625134]",114,-1
3974,[0.44224484 0.42684081],39,46,"[0.4417948344818715, 0.4376736545727672]",54,-1
3975,[0.41670124 0.38712955],39,13,"[0.39947133599624457, 0.3634561327160814]",114,71
3976,[0.43562543 0.39010824],39,13,"[0.39947133599624457, 0.3634561327160814]",-1,-1
3977,[0.44568084 0.36261274],39,55,"[0.4911189724579566, 0.36032847748337926]",-1,-1
3978,[0.40681974 0.4178271 ],39,46,"[0.4417948344818715, 0.4376736545727672]",112,-1
3979,[0.33839733 0.40091961],39,3,"[0.32011025026158857, 0.3826718810103493]",114,-1
3980,[0.46938225 0.44161883],39,46,"[0.4417948344818715, 0.4376736545727672]",76,21
3981,[0.48918673 0.39488951],39,55,"[0.4911189724579566, 0.36032847748337926]",94,19
3982,[0.36688028 0.37994531],39,13,"[0.39947133599624457, 0.3634561327160814]",114,93
3983,[0.37205398 0.5228011 ],39,9,"[0.34993355860173564, 0.5388204709038561]",-1,-1
3984,[0.36918009 0.32733729],39,31,"[0.3442046468432694, 0.303512725044185]",114,85
3985,[0.38543704 0.36828559],39,13,"[0.39947133599624457, 0.3634561327160814]",114,92
3986,[0.42952709 0.39232084],39,13,"[0.39947133599624457, 0.3634561327160814]",114,71
3987,[0.45378966 0.428129  ],39,46,"[0.4417948344818715, 0.4376736545727672]",54,-1
3988,[0.35935223 0.38448713],39,3,"[0.32011025026158857, 0.3826718810103493]",114,93
3989,[0.39538529 0.34946194],39,13,"[0.39947133599624457, 0.3634561327160814]",114,-1
3990,[0.44402546 0.4539065 ],39,46,"[0.4417948344818715, 0.4376736545727672]",76,21
3991,[0.43963211 0.32353475],39,13,"[0.39947133599624457, 0.3634561327160814]",52,-1
3992,[0.44564709 0.41952144],39,46,"[0.4417948344818715, 0.4376736545727672]",54,-1
3993,[0.47370016 0.30992798],39,55,"[0.4911189724579566, 0.36032847748337926]",-1,-1
3994,[0.34913362 0.42739858],39,39,"[0.3669055865255626, 0.44498159830625134]",114,74
3995,[0.40586008 0.39528554],39,13,"[0.39947133599624457, 0.3634561327160814]",114,71
3996,[0.44181216 0.41458803],39,46,"[0.4417948344818715, 0.4376736545727672]",-1,-1
3997,[0.41957719 0.3660725 ],39,13,"[0.39947133599624457, 0.3634561327160814]",114,-1
3998,[0.45979264 0.40374751],39,46,"[0.4417948344818715, 0.4376736545727672]",64,-1
3999,[0.36776156 0.34855191],39,13,"[0.39947133599624457, 0.3634561327160814]",114,92
4000,[0.92076085 0.83123907],40,40,"[0.8906018360892166, 0.8398226991198644]",-1,-1
4001,[0.88482098 0.8204292 ],40,40,"[0.8906018360892166, 0.8398226991198644]",102,42
4002,[0.91154606 0.74362188],40,54,"[0.8963029023131598, 0.7251847725408818]",49,-1
4003,[0.85121449 0.81804881],40,11,"[0.8200748460394902, 0.7883124729475122]",109,42
4004,[0.95473695 0.72771971],40,54,"[0.8963029023131598, 0.7251847725408818]",-1,-1
4005,[0.89259377 0.85172584],40,40,"[0.8906018360892166, 0.8398226991198644]",80,-1
4006,[0.83115681 0.84856748],40,70,"[0.8508267501580736, 0.9015022509391033]",-1,-1
4007,[0.91758537 0.74658619],40,54,"[0.8963029023131598, 0.7251847725408818]",49,14
4008,[0.82656078 0.88206433],40,70,"[0.8508267501580736, 0.9015022509391033]",18,-1
4009,[0.80551947 0.79846512],40,11,"[0.8200748460394902, 0.7883124729475122]",108,-1
4010,[0.80904059 0.91279846],40,70,"[0.8508267501580736, 0.9015022509391033]",-1,-1
4011,[0.82693864 0.8214668 ],40,11,"[0.8200748460394902, 0.7883124729475122]",-1,42
4012,[0.8200675  0.89858587],40,70,"[0.8508267501580736, 0.9015022509391033]",-1,-1
4013,[0.88914782 0.78482749],40,40,"[0.8906018360892166, 0.8398226991198644]",48,14
4014,[0.82146664 0.78442513],40,11,"[0.8200748460394902, 0.7883124729475122]",109,-1
4015,[0.92806724 0.79889356],40,40,"[0.8906018360892166, 0.8398226991198644]",-1,-1
4016,[0.84636128 0.85073898],40,40,"[0.8906018360892166, 0.8398226991198644]",-1,-1
4017,[0.85565885 0.80051961],40,11,"[0.8200748460394902, 0.7883124729475122]",109,42
4018,[0.87832635 0.84791961],40,40,"[0.8906018360892166, 0.8398226991198644]",80,-1
4019,[0.82458279 0.81151089],40,11,"[0.8200748460394902, 0.7883124729475122]",108,-1
4020,[0.89336935 0.88028679],40,40,"[0.8906018360892166, 0.8398226991198644]",27,-1
4021,[0.90969081 0.89722919],40,70,"[0.8508267501580736, 0.9015022509391033]",-1,-1
4022,[0.90295836 0.84282583],40,40,"[0.8906018360892166, 0.8398226991198644]",80,-1
4023,[0.88242143 0.91761852],40,70,"[0.8508267501580736, 0.9015022509391033]",27,-1
4024,[0.84388373 0.7604428 ],40,11,"[0.8200748460394902, 0.7883124729475122]",109,-1
4025,[0.81291387 0.83569952],40,11,"[0.8200748460394902, 0.7883124729475122]",-1,-1
4026,[0.92491383 0.78612977],40,40,"[0.8906018360892166, 0.8398226991198644]",-1,-1
4027,[0.83022368 0.83411893],40,11,"[0.8200748460394902, 0.7883124729475122]",-1,42
4028,[0.85541834 0.83021229],40,40,"[0.8906018360892166, 0.8398226991198644]",-1,42
4029,[0.87459575 0.83876448],40,40,"[0.8906018360892166, 0.8398226991198644]",80,-1
4030,[0.91101775 0.81043716],40,40,"[0.8906018360892166, 0.8398226991198644]",-1,-1
4031,[0.9103218  0.74568119],40,54,"[0.8963029023131598, 0.7251847725408818]",49,14
4032,[0.90350222 0.84726156],40,40,"[0.8906018360892166, 0.8398226991198644]",80,-1
4033,[0.88301702 0.81566011],40,40,"[0.8906018360892166, 0.8398226991198644]",102,42
4034,[0.88255439 0.84401331],40,40,"[0.8906018360892166, 0.8398226991198644]",80,-1
4035,[0.89520979 0.85844521],40,40,"[0.8906018360892166, 0.8398226991198644]",-1,-1
4036,[0.85715562 0.85148408],40,40,"[0.8906018360892166, 0.8398226991198644]",-1,-1
4037,[0.88464132 0.8143769 ],40,40,"[0.8906018360892166, 0.8398226991198644]",102,42
4038,[0.91311231 0.826363  ],40,40,"[0.8906018360892166, 0.8398226991198644]",-1,-1
4039,[0.88366932 0.84393604],40,40,"[0.8906018360892166, 0.8398226991198644]",80,-1
4040,[0.85891036 0.80514688],40,11,"[0.8200748460394902, 0.7883124729475122]",109,42
4041,[0.8626967  0.79684732],40,11,"[0.8200748460394902, 0.7883124729475122]",109,42
4042,[0.89447636 0.82256321],40,40,"[0.8906018360892166, 0.8398226991198644]",102,-1
4043,[0.89597233 0.90589884],40,70,"[0.8508267501580736, 0.9015022509391033]",-1,-1
4044,[0.91454533 0.83468138],40,40,"[0.8906018360892166, 0.8398226991198644]",-1,-1
4045,[0.8121872  0.82646703],40,11,"[0.8200748460394902, 0.7883124729475122]",-1,-1
4046,[0.85435044 0.81894986],40,40,"[0.8906018360892166, 0.8398226991198644]",109,42
4047,[0.89239473 0.78234989],40,54,"[0.8963029023131598, 0.7251847725408818]",48,14
4048,[0.78392074 0.79028895],40,11,"[0.8200748460394902, 0.7883124729475122]",109,-1
4049,[0.87893952 0.80849504],40,40,"[0.8906018360892166, 0.8398226991198644]",102,-1
4050,[0.85899499 0.77351759],40,11,"[0.8200748460394902, 0.7883124729475122]",-1,-1
4051,[0.87055469 0.82855274],40,40,"[0.8906018360892166, 0.8398226991198644]",-1,-1
4052,[0.86308423 0.88648486],40,70,"[0.8508267501580736, 0.9015022509391033]",27,-1
4053,[0.84776822 0.83151097],40,40,"[0.8906018360892166, 0.8398226991198644]",109,42
4054,[0.89815412 0.82355399],40,40,"[0.8906018360892166, 0.8398226991198644]",-1,-1
4055,[0.93476202 0.8285263 ],40,40,"[0.8906018360892166, 0.8398226991198644]",-1,-1
4056,[0.97874046 0.82162559],40,-1,-1,-1,-1
4057,[0.87380544 0.91199377],40,70,"[0.8508267501580736, 0.9015022509391033]",-1,-1
4058,[0.8829781  0.89097475],40,70,"[0.8508267501580736, 0.9015022509391033]",27,-1
4059,[0.9409314  0.85854003],40,40,"[0.8906018360892166, 0.8398226991198644]",-1,-1
4060,[0.87661159 0.89726655],40,70,"[0.8508267501580736, 0.9015022509391033]",27,-1
4061,[0.88924736 0.87028985],40,40,"[0.8906018360892166, 0.8398226991198644]",-1,-1
4062,[0.91158457 0.84238792],40,40,"[0.8906018360892166, 0.8398226991198644]",-1,-1
4063,[0.84598688 0.82157509],40,11,"[0.8200748460394902, 0.7883124729475122]",109,42
4064,[0.97472159 0.82185889],40,-1,-1,-1,-1
4065,[0.83488687 0.86477797],40,70,"[0.8508267501580736, 0.9015022509391033]",-1,-1
4066,[0.90791834 0.88764448],40,40,"[0.8906018360892166, 0.8398226991198644]",-1,-1
4067,[0.86136867 0.83323667],40,40,"[0.8906018360892166, 0.8398226991198644]",-1,-1
4068,[0.85464645 0.89345546],40,70,"[0.8508267501580736, 0.9015022509391033]",27,-1
4069,[0.86149551 0.83728247],40,40,"[0.8906018360892166, 0.8398226991198644]",-1,-1
4070,[0.88554604 0.83191883],40,40,"[0.8906018360892166, 0.8398226991198644]",-1,-1
4071,[0.86586905 0.86571547],40,40,"[0.8906018360892166, 0.8398226991198644]",27,-1
4072,[0.88065302 0.87691614],40,40,"[0.8906018360892166, 0.8398226991198644]",27,-1
4073,[0.94297945 0.84606081],40,40,"[0.8906018360892166, 0.8398226991198644]",-1,-1
4074,[0.8204378 0.8767376],40,70,"[0.8508267501580736, 0.9015022509391033]",18,-1
4075,[0.85526829 0.8984252 ],40,70,"[0.8508267501580736, 0.9015022509391033]",-1,-1
4076,[0.92729376 0.88624695],40,40,"[0.8906018360892166, 0.8398226991198644]",-1,-1
4077,[0.94393783 0.84800177],40,40,"[0.8906018360892166, 0.8398226991198644]",-1,-1
4078,[0.88694485 0.87171376],40,40,"[0.8906018360892166, 0.8398226991198644]",27,-1
4079,[0.84164396 0.78886098],40,11,"[0.8200748460394902, 0.7883124729475122]",109,-1
4080,[0.8740449  0.74886014],40,54,"[0.8963029023131598, 0.7251847725408818]",48,-1
4081,[0.8686494  0.87999326],40,70,"[0.8508267501580736, 0.9015022509391033]",27,-1
4082,[0.9131199  0.80954153],40,40,"[0.8906018360892166, 0.8398226991198644]",-1,-1
4083,[0.81855011 0.83748215],40,11,"[0.8200748460394902, 0.7883124729475122]",-1,-1
4084,[0.84823987 0.81491627],40,11,"[0.8200748460394902, 0.7883124729475122]",109,42
4085,[0.81898086 0.82903133],40,11,"[0.8200748460394902, 0.7883124729475122]",-1,-1
4086,[0.90582655 0.82225138],40,40,"[0.8906018360892166, 0.8398226991198644]",-1,-1
4087,[0.86568451 0.86635808],40,40,"[0.8906018360892166, 0.8398226991198644]",27,-1
4088,[0.95648114 0.87362972],40,-1,-1,-1,-1
4089,[0.87943736 0.85171845],40,40,"[0.8906018360892166, 0.8398226991198644]",-1,-1
4090,[0.90003633 0.80290163],40,40,"[0.8906018360892166, 0.8398226991198644]",-1,-1
4091,[0.89507846 0.82142136],40,40,"[0.8906018360892166, 0.8398226991198644]",102,-1
4092,[0.95188323 0.80441128],40,-1,-1,-1,-1
4093,[0.91552999 0.8262751 ],40,40,"[0.8906018360892166, 0.8398226991198644]",-1,-1
4094,[0.82969562 0.874507  ],40,70,"[0.8508267501580736, 0.9015022509391033]",18,-1
4095,[0.90080293 0.91071424],40,70,"[0.8508267501580736, 0.9015022509391033]",-1,-1
4096,[0.82596848 0.87501189],40,70,"[0.8508267501580736, 0.9015022509391033]",18,-1
4097,[0.79920846 0.86359771],40,87,"[0.7709981175814148, 0.8594636046327088]",-1,-1
4098,[0.8752033  0.76817533],40,54,"[0.8963029023131598, 0.7251847725408818]",48,-1
4099,[0.93190325 0.80917917],40,40,"[0.8906018360892166, 0.8398226991198644]",-1,-1
4100,[0.53672349 0.90269359],41,77,"[0.5331833941028848, 0.8881010311348752]",-1,-1
4101,[0.59744885 0.85658316],41,75,"[0.630404354287245, 0.867900490402714]",10,-1
4102,[0.63978055 0.86207683],41,75,"[0.630404354287245, 0.867900490402714]",-1,-1
4103,[0.49231353 0.84745044],41,77,"[0.5331833941028848, 0.8881010311348752]",-1,-1
4104,[0.49084506 0.90370863],41,77,"[0.5331833941028848, 0.8881010311348752]",-1,-1
4105,[0.5194269  0.91991627],41,77,"[0.5331833941028848, 0.8881010311348752]",-1,-1
4106,[0.63145545 0.91986473],41,75,"[0.630404354287245, 0.867900490402714]",-1,-1
4107,[0.57884075 0.86394616],41,66,"[0.573574952246955, 0.8174270490620612]",10,-1
4108,[0.54485432 0.77061259],41,66,"[0.573574952246955, 0.8174270490620612]",-1,-1
4109,[0.64249672 0.84305809],41,75,"[0.630404354287245, 0.867900490402714]",-1,-1
4110,[0.6222448  0.85608302],41,75,"[0.630404354287245, 0.867900490402714]",-1,-1
4111,[0.59099259 0.8826534 ],41,75,"[0.630404354287245, 0.867900490402714]",-1,-1
4112,[0.48213019 0.8431162 ],41,98,"[0.4323163129581021, 0.8640542438885145]",-1,-1
4113,[0.6106624  0.86917226],41,75,"[0.630404354287245, 0.867900490402714]",10,-1
4114,[0.5454007  0.81359555],41,66,"[0.573574952246955, 0.8174270490620612]",3,0
4115,[0.60128511 0.83877222],41,66,"[0.573574952246955, 0.8174270490620612]",9,-1
4116,[0.5635397  0.94191889],41,77,"[0.5331833941028848, 0.8881010311348752]",-1,-1
4117,[0.63444833 0.8934074 ],41,75,"[0.630404354287245, 0.867900490402714]",-1,-1
4118,[0.63127317 0.88936916],41,75,"[0.630404354287245, 0.867900490402714]",-1,-1
4119,[0.58089866 0.88494396],41,77,"[0.5331833941028848, 0.8881010311348752]",-1,-1
4120,[0.52765582 0.96743257],41,-1,-1,-1,-1
4121,[0.52284917 0.98475859],41,-1,-1,-1,-1
4122,[0.56042459 0.81020517],41,66,"[0.573574952246955, 0.8174270490620612]",3,0
4123,[0.61964273 0.83473851],41,75,"[0.630404354287245, 0.867900490402714]",-1,-1
4124,[0.57126251 0.8190413 ],41,66,"[0.573574952246955, 0.8174270490620612]",3,-1
4125,[0.57718023 0.82662558],41,66,"[0.573574952246955, 0.8174270490620612]",-1,-1
4126,[0.61952109 0.90076343],41,75,"[0.630404354287245, 0.867900490402714]",2,-1
4127,[0.48753829 0.90330278],41,77,"[0.5331833941028848, 0.8881010311348752]",-1,-1
4128,[0.62025052 0.86879287],41,75,"[0.630404354287245, 0.867900490402714]",-1,-1
4129,[0.59329498 0.75518411],41,33,"[0.6312009655286229, 0.7427811490324232]",-1,-1
4130,[0.58569206 0.85408287],41,66,"[0.573574952246955, 0.8174270490620612]",10,-1
4131,[0.68993994 0.87881013],41,75,"[0.630404354287245, 0.867900490402714]",-1,-1
4132,[0.53900634 0.83924386],41,66,"[0.573574952246955, 0.8174270490620612]",-1,-1
4133,[0.55109286 0.87624803],41,77,"[0.5331833941028848, 0.8881010311348752]",-1,-1
4134,[0.5560784  0.88412495],41,77,"[0.5331833941028848, 0.8881010311348752]",-1,-1
4135,[0.55646442 0.92770279],41,77,"[0.5331833941028848, 0.8881010311348752]",-1,-1
4136,[0.58148452 0.91259336],41,77,"[0.5331833941028848, 0.8881010311348752]",-1,-1
4137,[0.52319091 0.86464859],41,77,"[0.5331833941028848, 0.8881010311348752]",4,-1
4138,[0.61375241 0.91334998],41,75,"[0.630404354287245, 0.867900490402714]",2,-1
4139,[0.50298901 0.8102215 ],41,-1,-1,-1,-1
4140,[0.63517846 0.82129809],41,75,"[0.630404354287245, 0.867900490402714]",-1,-1
4141,[0.50042788 0.87212203],41,77,"[0.5331833941028848, 0.8881010311348752]",-1,-1
4142,[0.55761885 0.90396359],41,77,"[0.5331833941028848, 0.8881010311348752]",-1,-1
4143,[0.59773656 0.8380015 ],41,66,"[0.573574952246955, 0.8174270490620612]",-1,-1
4144,[0.55403627 0.83797922],41,66,"[0.573574952246955, 0.8174270490620612]",3,-1
4145,[0.57362317 0.91321119],41,77,"[0.5331833941028848, 0.8881010311348752]",-1,-1
4146,[0.65288434 0.87496075],41,75,"[0.630404354287245, 0.867900490402714]",-1,-1
4147,[0.63493624 0.9502827 ],41,-1,-1,-1,-1
4148,[0.6551131  0.81349136],41,75,"[0.630404354287245, 0.867900490402714]",45,-1
4149,[0.56906666 0.83340683],41,66,"[0.573574952246955, 0.8174270490620612]",-1,-1
4150,[0.5921458  0.85662968],41,75,"[0.630404354287245, 0.867900490402714]",10,-1
4151,[0.56643145 0.87074111],41,77,"[0.5331833941028848, 0.8881010311348752]",-1,-1
4152,[0.57548091 0.88624874],41,77,"[0.5331833941028848, 0.8881010311348752]",-1,-1
4153,[0.52130509 0.93335078],41,77,"[0.5331833941028848, 0.8881010311348752]",-1,-1
4154,[0.5451587 0.8190929],41,66,"[0.573574952246955, 0.8174270490620612]",3,0
4155,[0.57238318 0.85355874],41,66,"[0.573574952246955, 0.8174270490620612]",-1,-1
4156,[0.52006827 0.91868984],41,77,"[0.5331833941028848, 0.8881010311348752]",-1,-1
4157,[0.6003491  0.86697287],41,75,"[0.630404354287245, 0.867900490402714]",10,-1
4158,[0.60135042 0.86487416],41,75,"[0.630404354287245, 0.867900490402714]",10,-1
4159,[0.55769286 0.86426388],41,77,"[0.5331833941028848, 0.8881010311348752]",-1,-1
4160,[0.519084   0.85379506],41,77,"[0.5331833941028848, 0.8881010311348752]",-1,-1
4161,[0.57737928 0.8927315 ],41,77,"[0.5331833941028848, 0.8881010311348752]",-1,-1
4162,[0.60629036 0.91282534],41,75,"[0.630404354287245, 0.867900490402714]",2,-1
4163,[0.61446868 0.91316595],41,75,"[0.630404354287245, 0.867900490402714]",2,-1
4164,[0.54975703 0.85265909],41,77,"[0.5331833941028848, 0.8881010311348752]",3,0
4165,[0.53433295 0.93036367],41,77,"[0.5331833941028848, 0.8881010311348752]",-1,-1
4166,[0.5279823 0.8142082],41,66,"[0.573574952246955, 0.8174270490620612]",-1,-1
4167,[0.64403678 0.83960175],41,75,"[0.630404354287245, 0.867900490402714]",-1,-1
4168,[0.59222204 0.86890839],41,75,"[0.630404354287245, 0.867900490402714]",10,-1
4169,[0.55780786 0.86569782],41,77,"[0.5331833941028848, 0.8881010311348752]",-1,-1
4170,[0.62734965 0.90516623],41,75,"[0.630404354287245, 0.867900490402714]",2,-1
4171,[0.61590868 0.87014604],41,75,"[0.630404354287245, 0.867900490402714]",-1,-1
4172,[0.49925643 0.82553241],41,-1,-1,-1,-1
4173,[0.58979091 0.84717838],41,66,"[0.573574952246955, 0.8174270490620612]",10,-1
4174,[0.54968741 0.88320961],41,77,"[0.5331833941028848, 0.8881010311348752]",-1,-1
4175,[0.53139063 0.85486249],41,77,"[0.5331833941028848, 0.8881010311348752]",4,-1
4176,[0.60093017 0.79812322],41,66,"[0.573574952246955, 0.8174270490620612]",-1,-1
4177,[0.52359935 0.9411775 ],41,77,"[0.5331833941028848, 0.8881010311348752]",-1,-1
4178,[0.53595685 0.89731661],41,77,"[0.5331833941028848, 0.8881010311348752]",-1,-1
4179,[0.55254907 0.84858468],41,66,"[0.573574952246955, 0.8174270490620612]",-1,0
4180,[0.45189587 0.87650485],41,98,"[0.4323163129581021, 0.8640542438885145]",-1,-1
4181,[0.64137405 0.85643227],41,75,"[0.630404354287245, 0.867900490402714]",-1,-1
4182,[0.64179962 0.84016113],41,75,"[0.630404354287245, 0.867900490402714]",-1,-1
4183,[0.5590242  0.82771138],41,66,"[0.573574952246955, 0.8174270490620612]",3,0
4184,[0.55172368 0.88275862],41,77,"[0.5331833941028848, 0.8881010311348752]",-1,-1
4185,[0.51849814 0.87502199],41,77,"[0.5331833941028848, 0.8881010311348752]",-1,-1
4186,[0.61519601 0.83480923],41,75,"[0.630404354287245, 0.867900490402714]",9,-1
4187,[0.60040342 0.9022965 ],41,75,"[0.630404354287245, 0.867900490402714]",2,-1
4188,[0.60891072 0.82272496],41,66,"[0.573574952246955, 0.8174270490620612]",9,-1
4189,[0.53744166 0.86042152],41,77,"[0.5331833941028848, 0.8881010311348752]",4,-1
4190,[0.60672054 0.88575597],41,75,"[0.630404354287245, 0.867900490402714]",2,-1
4191,[0.5428339 0.8356205],41,66,"[0.573574952246955, 0.8174270490620612]",-1,-1
4192,[0.5393578 0.8521365],41,77,"[0.5331833941028848, 0.8881010311348752]",4,0
4193,[0.59503725 0.91531326],41,75,"[0.630404354287245, 0.867900490402714]",-1,-1
4194,[0.58169096 0.88257728],41,77,"[0.5331833941028848, 0.8881010311348752]",-1,-1
4195,[0.64820995 0.87874724],41,75,"[0.630404354287245, 0.867900490402714]",-1,-1
4196,[0.53212379 0.8755017 ],41,77,"[0.5331833941028848, 0.8881010311348752]",-1,-1
4197,[0.55265611 0.96413159],41,-1,-1,-1,-1
4198,[0.51841581 0.85918228],41,77,"[0.5331833941028848, 0.8881010311348752]",-1,-1
4199,[0.63491808 0.86388504],41,75,"[0.630404354287245, 0.867900490402714]",-1,-1
4200,[0.86668594 0.76426751],42,54,"[0.8963029023131598, 0.7251847725408818]",48,14
4201,[0.82479074 0.84960703],42,87,"[0.7709981175814148, 0.8594636046327088]",-1,-1
4202,[0.85772967 0.70336909],42,54,"[0.8963029023131598, 0.7251847725408818]",-1,-1
4203,[0.88805339 0.77052729],42,54,"[0.8963029023131598, 0.7251847725408818]",48,14
4204,[0.80591476 0.79709202],42,11,"[0.8200748460394902, 0.7883124729475122]",108,-1
4205,[0.89456277 0.81308416],42,40,"[0.8906018360892166, 0.8398226991198644]",102,42
4206,[0.93880469 0.75560941],42,54,"[0.8963029023131598, 0.7251847725408818]",-1,-1
4207,[0.8626638 0.7562956],42,54,"[0.8963029023131598, 0.7251847725408818]",48,14
4208,[0.88909942 0.8165513 ],42,40,"[0.8906018360892166, 0.8398226991198644]",102,42
4209,[0.87927757 0.71218177],42,54,"[0.8963029023131598, 0.7251847725408818]",38,-1
4210,[0.84876684 0.70634068],42,12,"[0.8137791995140147, 0.719758767835923]",109,-1
4211,[0.80619805 0.74421889],42,12,"[0.8137791995140147, 0.719758767835923]",109,62
4212,[0.9153575  0.74269972],42,54,"[0.8963029023131598, 0.7251847725408818]",49,14
4213,[0.81457794 0.86526992],42,87,"[0.7709981175814148, 0.8594636046327088]",18,-1
4214,[0.85589682 0.81885236],42,40,"[0.8906018360892166, 0.8398226991198644]",109,42
4215,[0.82132169 0.79696381],42,11,"[0.8200748460394902, 0.7883124729475122]",108,-1
4216,[0.89654687 0.80461471],42,40,"[0.8906018360892166, 0.8398226991198644]",-1,-1
4217,[0.87253295 0.76765333],42,54,"[0.8963029023131598, 0.7251847725408818]",48,14
4218,[0.88096976 0.73961318],42,54,"[0.8963029023131598, 0.7251847725408818]",-1,-1
4219,[0.79983088 0.80241405],42,11,"[0.8200748460394902, 0.7883124729475122]",108,-1
4220,[0.84302403 0.73877095],42,12,"[0.8137791995140147, 0.719758767835923]",109,-1
4221,[0.95098421 0.83000482],42,40,"[0.8906018360892166, 0.8398226991198644]",-1,-1
4222,[0.82770855 0.78800566],42,11,"[0.8200748460394902, 0.7883124729475122]",109,-1
4223,[0.78740782 0.69369611],42,12,"[0.8137791995140147, 0.719758767835923]",109,62
4224,[0.8868733  0.78356243],42,40,"[0.8906018360892166, 0.8398226991198644]",48,14
4225,[0.81952076 0.86953542],42,70,"[0.8508267501580736, 0.9015022509391033]",18,-1
4226,[0.8230213  0.74563779],42,12,"[0.8137791995140147, 0.719758767835923]",109,62
4227,[0.80372697 0.81109929],42,11,"[0.8200748460394902, 0.7883124729475122]",-1,-1
4228,[0.82949165 0.74725517],42,12,"[0.8137791995140147, 0.719758767835923]",109,-1
4229,[0.80563884 0.73296464],42,12,"[0.8137791995140147, 0.719758767835923]",109,-1
4230,[0.91500165 0.81000244],42,40,"[0.8906018360892166, 0.8398226991198644]",-1,-1
4231,[0.96004365 0.79990954],42,-1,-1,-1,-1
4232,[0.85176705 0.71549062],42,12,"[0.8137791995140147, 0.719758767835923]",109,-1
4233,[0.84034284 0.76762581],42,11,"[0.8200748460394902, 0.7883124729475122]",109,60
4234,[0.86524876 0.80515236],42,40,"[0.8906018360892166, 0.8398226991198644]",109,42
4235,[0.85316507 0.72443147],42,12,"[0.8137791995140147, 0.719758767835923]",-1,-1
4236,[0.80266854 0.75062178],42,12,"[0.8137791995140147, 0.719758767835923]",109,62
4237,[0.79273387 0.84815989],42,87,"[0.7709981175814148, 0.8594636046327088]",19,-1
4238,[0.90250594 0.75938164],42,54,"[0.8963029023131598, 0.7251847725408818]",48,14
4239,[0.86431632 0.80883632],42,40,"[0.8906018360892166, 0.8398226991198644]",109,42
4240,[0.87583999 0.8030379 ],42,40,"[0.8906018360892166, 0.8398226991198644]",-1,42
4241,[0.85643413 0.89937634],42,70,"[0.8508267501580736, 0.9015022509391033]",-1,-1
4242,[0.89314345 0.7837698 ],42,40,"[0.8906018360892166, 0.8398226991198644]",48,14
4243,[0.91151353 0.79380829],42,40,"[0.8906018360892166, 0.8398226991198644]",-1,-1
4244,[0.79432442 0.7871596 ],42,11,"[0.8200748460394902, 0.7883124729475122]",109,-1
4245,[0.86564085 0.79944129],42,11,"[0.8200748460394902, 0.7883124729475122]",109,42
4246,[0.78646576 0.76755353],42,11,"[0.8200748460394902, 0.7883124729475122]",109,62
4247,[0.93603037 0.80107029],42,40,"[0.8906018360892166, 0.8398226991198644]",-1,-1
4248,[0.84728447 0.78339982],42,11,"[0.8200748460394902, 0.7883124729475122]",109,-1
4249,[0.93694733 0.70062761],42,54,"[0.8963029023131598, 0.7251847725408818]",-1,-1
4250,[0.8640239  0.80172084],42,11,"[0.8200748460394902, 0.7883124729475122]",109,42
4251,[0.87994643 0.71093216],42,54,"[0.8963029023131598, 0.7251847725408818]",38,-1
4252,[0.84732877 0.80190706],42,11,"[0.8200748460394902, 0.7883124729475122]",109,-1
4253,[0.85717631 0.71546176],42,54,"[0.8963029023131598, 0.7251847725408818]",-1,-1
4254,[0.83873846 0.77078056],42,11,"[0.8200748460394902, 0.7883124729475122]",109,60
4255,[0.91347416 0.73356067],42,54,"[0.8963029023131598, 0.7251847725408818]",-1,-1
4256,[0.72630763 0.83747022],42,43,"[0.7124452149283717, 0.7959059325724773]",-1,-1
4257,[0.88085508 0.75737213],42,54,"[0.8963029023131598, 0.7251847725408818]",48,14
4258,[0.84276699 0.73815849],42,12,"[0.8137791995140147, 0.719758767835923]",109,-1
4259,[0.95900093 0.75353963],42,54,"[0.8963029023131598, 0.7251847725408818]",-1,-1
4260,[0.86448086 0.79579569],42,11,"[0.8200748460394902, 0.7883124729475122]",109,42
4261,[0.92990829 0.76498924],42,54,"[0.8963029023131598, 0.7251847725408818]",-1,-1
4262,[0.81744255 0.77283032],42,11,"[0.8200748460394902, 0.7883124729475122]",109,-1
4263,[0.83266874 0.71578506],42,12,"[0.8137791995140147, 0.719758767835923]",109,-1
4264,[0.88342964 0.72968338],42,54,"[0.8963029023131598, 0.7251847725408818]",38,-1
4265,[0.83519873 0.79294836],42,11,"[0.8200748460394902, 0.7883124729475122]",109,-1
4266,[0.82832926 0.7195011 ],42,12,"[0.8137791995140147, 0.719758767835923]",109,-1
4267,[0.88267003 0.72439546],42,54,"[0.8963029023131598, 0.7251847725408818]",38,-1
4268,[0.90601785 0.75914768],42,54,"[0.8963029023131598, 0.7251847725408818]",-1,-1
4269,[0.87340428 0.6972068 ],42,54,"[0.8963029023131598, 0.7251847725408818]",-1,-1
4270,[0.89414554 0.77724577],42,54,"[0.8963029023131598, 0.7251847725408818]",48,14
4271,[0.80682269 0.77776145],42,11,"[0.8200748460394902, 0.7883124729475122]",109,62
4272,[0.75307482 0.74836271],42,1,"[0.7484771342575616, 0.7179286626976465]",109,62
4273,[0.86585639 0.79781809],42,11,"[0.8200748460394902, 0.7883124729475122]",109,42
4274,[0.87605956 0.85718765],42,40,"[0.8906018360892166, 0.8398226991198644]",-1,-1
4275,[0.81810364 0.80638776],42,11,"[0.8200748460394902, 0.7883124729475122]",108,-1
4276,[0.86568857 0.81995176],42,40,"[0.8906018360892166, 0.8398226991198644]",-1,-1
4277,[0.85685138 0.78413624],42,11,"[0.8200748460394902, 0.7883124729475122]",109,-1
4278,[0.89044206 0.71011192],42,54,"[0.8963029023131598, 0.7251847725408818]",-1,-1
4279,[0.89950417 0.76959145],42,54,"[0.8963029023131598, 0.7251847725408818]",48,14
4280,[0.83595739 0.83090936],42,11,"[0.8200748460394902, 0.7883124729475122]",109,42
4281,[0.90414478 0.69076861],42,54,"[0.8963029023131598, 0.7251847725408818]",-1,-1
4282,[0.88909738 0.79085956],42,40,"[0.8906018360892166, 0.8398226991198644]",48,-1
4283,[0.83757918 0.75601854],42,11,"[0.8200748460394902, 0.7883124729475122]",109,-1
4284,[0.76186228 0.71872713],42,1,"[0.7484771342575616, 0.7179286626976465]",109,62
4285,[0.88349455 0.79319665],42,40,"[0.8906018360892166, 0.8398226991198644]",-1,-1
4286,[0.91101064 0.75558013],42,54,"[0.8963029023131598, 0.7251847725408818]",49,14
4287,[0.88972677 0.75759196],42,54,"[0.8963029023131598, 0.7251847725408818]",48,14
4288,[0.83487385 0.83222807],42,11,"[0.8200748460394902, 0.7883124729475122]",109,42
4289,[0.88488652 0.7783388 ],42,54,"[0.8963029023131598, 0.7251847725408818]",48,14
4290,[0.90502765 0.79184072],42,40,"[0.8906018360892166, 0.8398226991198644]",-1,-1
4291,[0.87473869 0.80703184],42,40,"[0.8906018360892166, 0.8398226991198644]",-1,42
4292,[0.81581077 0.74364621],42,12,"[0.8137791995140147, 0.719758767835923]",109,62
4293,[0.84346194 0.8026556 ],42,11,"[0.8200748460394902, 0.7883124729475122]",-1,-1
4294,[0.84858951 0.81064235],42,11,"[0.8200748460394902, 0.7883124729475122]",109,42
4295,[0.87459489 0.76351941],42,54,"[0.8963029023131598, 0.7251847725408818]",48,14
4296,[0.91293094 0.74281857],42,54,"[0.8963029023131598, 0.7251847725408818]",49,-1
4297,[0.84651937 0.70380951],42,12,"[0.8137791995140147, 0.719758767835923]",109,-1
4298,[0.84420462 0.64631035],42,25,"[0.7860674509871751, 0.6421376783027304]",-1,-1
4299,[0.82048009 0.70326561],42,12,"[0.8137791995140147, 0.719758767835923]",109,-1
4300,[0.3356633  0.36482948],43,3,"[0.32011025026158857, 0.3826718810103493]",114,88
4301,[0.26671082 0.43830312],43,16,"[0.2555939088543306, 0.4149016525883056]",114,-1
4302,[0.23885859 0.42141669],43,16,"[0.2555939088543306, 0.4149016525883056]",114,83
4303,[0.30874446 0.33889481],43,3,"[0.32011025026158857, 0.3826718810103493]",114,-1
4304,[0.19100702 0.41569466],43,52,"[0.15299951742988305, 0.4190518444817022]",72,45
4305,[0.23762377 0.41055013],43,16,"[0.2555939088543306, 0.4149016525883056]",114,83
4306,[0.30029675 0.37208225],43,3,"[0.32011025026158857, 0.3826718810103493]",114,-1
4307,[0.29126389 0.43259353],43,16,"[0.2555939088543306, 0.4149016525883056]",114,-1
4308,[0.28172802 0.45576836],43,32,"[0.2628401192296225, 0.49392472915708574]",-1,-1
4309,[0.21466074 0.47395742],43,37,"[0.19793393907464019, 0.48816130273889874]",114,-1
4310,[0.31705884 0.40741916],43,3,"[0.32011025026158857, 0.3826718810103493]",114,-1
4311,[0.24580132 0.41495829],43,16,"[0.2555939088543306, 0.4149016525883056]",114,83
4312,[0.25891336 0.38379948],43,16,"[0.2555939088543306, 0.4149016525883056]",114,-1
4313,[0.29649703 0.44298808],43,16,"[0.2555939088543306, 0.4149016525883056]",-1,-1
4314,[0.25211946 0.44093462],43,16,"[0.2555939088543306, 0.4149016525883056]",-1,-1
4315,[0.16210739 0.45158591],43,52,"[0.15299951742988305, 0.4190518444817022]",104,12
4316,[0.2972821  0.40239122],43,3,"[0.32011025026158857, 0.3826718810103493]",114,94
4317,[0.22378333 0.41330313],43,16,"[0.2555939088543306, 0.4149016525883056]",-1,-1
4318,[0.29911393 0.4548628 ],43,32,"[0.2628401192296225, 0.49392472915708574]",-1,-1
4319,[0.21628473 0.38968789],43,58,"[0.20200162677094644, 0.3700588211289526]",114,-1
4320,[0.33800262 0.46567503],43,39,"[0.3669055865255626, 0.44498159830625134]",-1,-1
4321,[0.26851642 0.36944107],43,16,"[0.2555939088543306, 0.4149016525883056]",114,94
4322,[0.30597255 0.42191646],43,3,"[0.32011025026158857, 0.3826718810103493]",114,-1
4323,[0.30104063 0.40723727],43,3,"[0.32011025026158857, 0.3826718810103493]",114,-1
4324,[0.26499617 0.36415317],43,5,"[0.25263933558285595, 0.3182434845400105]",114,-1
4325,[0.30259043 0.40023196],43,3,"[0.32011025026158857, 0.3826718810103493]",114,94
4326,[0.2254269  0.35706863],43,58,"[0.20200162677094644, 0.3700588211289526]",114,-1
4327,[0.28144738 0.38606656],43,16,"[0.2555939088543306, 0.4149016525883056]",114,-1
4328,[0.23740385 0.44028397],43,16,"[0.2555939088543306, 0.4149016525883056]",114,83
4329,[0.28371743 0.44659207],43,16,"[0.2555939088543306, 0.4149016525883056]",114,-1
4330,[0.31027879 0.38091383],43,3,"[0.32011025026158857, 0.3826718810103493]",114,-1
4331,[0.26508953 0.3781016 ],43,16,"[0.2555939088543306, 0.4149016525883056]",114,-1
4332,[0.29319345 0.38942113],43,3,"[0.32011025026158857, 0.3826718810103493]",114,94
4333,[0.29901716 0.35984562],43,3,"[0.32011025026158857, 0.3826718810103493]",114,94
4334,[0.31432742 0.47362243],43,32,"[0.2628401192296225, 0.49392472915708574]",77,15
4335,[0.33550158 0.42205072],43,39,"[0.3669055865255626, 0.44498159830625134]",114,-1
4336,[0.24623377 0.3528048 ],43,5,"[0.25263933558285595, 0.3182434845400105]",114,84
4337,[0.31243034 0.39055027],43,3,"[0.32011025026158857, 0.3826718810103493]",114,94
4338,[0.28391745 0.45836337],43,32,"[0.2628401192296225, 0.49392472915708574]",-1,-1
4339,[0.20525228 0.42060121],43,58,"[0.20200162677094644, 0.3700588211289526]",72,-1
4340,[0.2472026  0.41124922],43,16,"[0.2555939088543306, 0.4149016525883056]",114,-1
4341,[0.31076401 0.37318432],43,3,"[0.32011025026158857, 0.3826718810103493]",114,94
4342,[0.23321448 0.49901377],43,32,"[0.2628401192296225, 0.49392472915708574]",114,81
4343,[0.22323014 0.45308422],43,37,"[0.19793393907464019, 0.48816130273889874]",114,-1
4344,[0.29356848 0.39130201],43,3,"[0.32011025026158857, 0.3826718810103493]",114,94
4345,[0.31529498 0.40162458],43,3,"[0.32011025026158857, 0.3826718810103493]",114,94
4346,[0.24709769 0.45845537],43,32,"[0.2628401192296225, 0.49392472915708574]",114,-1
4347,[0.21711688 0.44629336],43,37,"[0.19793393907464019, 0.48816130273889874]",-1,-1
4348,[0.24627184 0.39434784],43,16,"[0.2555939088543306, 0.4149016525883056]",114,84
4349,[0.25631289 0.52134789],43,32,"[0.2628401192296225, 0.49392472915708574]",114,-1
4350,[0.29331759 0.44556413],43,16,"[0.2555939088543306, 0.4149016525883056]",114,-1
4351,[0.32062193 0.41106987],43,3,"[0.32011025026158857, 0.3826718810103493]",114,-1
4352,[0.23687076 0.38958505],43,16,"[0.2555939088543306, 0.4149016525883056]",114,84
4353,[0.22913271 0.40300538],43,16,"[0.2555939088543306, 0.4149016525883056]",114,-1
4354,[0.2261271  0.42768961],43,16,"[0.2555939088543306, 0.4149016525883056]",114,-1
4355,[0.29593211 0.47456147],43,32,"[0.2628401192296225, 0.49392472915708574]",77,-1
4356,[0.29888239 0.45578919],43,32,"[0.2628401192296225, 0.49392472915708574]",-1,-1
4357,[0.21274343 0.29066595],43,5,"[0.25263933558285595, 0.3182434845400105]",114,-1
4358,[0.2198988  0.47852149],43,37,"[0.19793393907464019, 0.48816130273889874]",114,-1
4359,[0.31878903 0.46919799],43,39,"[0.3669055865255626, 0.44498159830625134]",77,15
4360,[0.28959313 0.41115712],43,16,"[0.2555939088543306, 0.4149016525883056]",114,-1
4361,[0.16007141 0.38943898],43,52,"[0.15299951742988305, 0.4190518444817022]",72,-1
4362,[0.31383415 0.40934328],43,3,"[0.32011025026158857, 0.3826718810103493]",114,94
4363,[0.2498028 0.4198135],43,16,"[0.2555939088543306, 0.4149016525883056]",114,83
4364,[0.22859835 0.33092454],43,5,"[0.25263933558285595, 0.3182434845400105]",114,94
4365,[0.2766571  0.42279622],43,16,"[0.2555939088543306, 0.4149016525883056]",-1,-1
4366,[0.2922384  0.35892369],43,3,"[0.32011025026158857, 0.3826718810103493]",114,94
4367,[0.25148758 0.39717162],43,16,"[0.2555939088543306, 0.4149016525883056]",114,-1
4368,[0.23730652 0.43707768],43,16,"[0.2555939088543306, 0.4149016525883056]",114,83
4369,[0.32436529 0.3491915 ],43,3,"[0.32011025026158857, 0.3826718810103493]",114,-1
4370,[0.29256024 0.41664377],43,16,"[0.2555939088543306, 0.4149016525883056]",114,-1
4371,[0.2838103  0.38523997],43,3,"[0.32011025026158857, 0.3826718810103493]",114,-1
4372,[0.28693933 0.42445953],43,16,"[0.2555939088543306, 0.4149016525883056]",114,-1
4373,[0.2654244  0.38053343],43,16,"[0.2555939088543306, 0.4149016525883056]",114,-1
4374,[0.38438855 0.41668359],43,39,"[0.3669055865255626, 0.44498159830625134]",114,-1
4375,[0.23910686 0.41870258],43,16,"[0.2555939088543306, 0.4149016525883056]",114,83
4376,[0.2123806  0.38052251],43,58,"[0.20200162677094644, 0.3700588211289526]",114,-1
4377,[0.25346942 0.36219767],43,5,"[0.25263933558285595, 0.3182434845400105]",114,-1
4378,[0.23726082 0.42482747],43,16,"[0.2555939088543306, 0.4149016525883056]",114,83
4379,[0.19851779 0.37554794],43,58,"[0.20200162677094644, 0.3700588211289526]",-1,-1
4380,[0.2818361  0.43754126],43,16,"[0.2555939088543306, 0.4149016525883056]",114,-1
4381,[0.23891907 0.38926133],43,16,"[0.2555939088543306, 0.4149016525883056]",114,84
4382,[0.23568231 0.42656181],43,16,"[0.2555939088543306, 0.4149016525883056]",114,83
4383,[0.31450173 0.47522078],43,32,"[0.2628401192296225, 0.49392472915708574]",77,15
4384,[0.22573367 0.40893345],43,16,"[0.2555939088543306, 0.4149016525883056]",114,-1
4385,[0.24952433 0.44258576],43,16,"[0.2555939088543306, 0.4149016525883056]",114,-1
4386,[0.25478438 0.3146907 ],43,5,"[0.25263933558285595, 0.3182434845400105]",114,94
4387,[0.23177221 0.3277802 ],43,5,"[0.25263933558285595, 0.3182434845400105]",114,94
4388,[0.25843068 0.45415034],43,16,"[0.2555939088543306, 0.4149016525883056]",-1,-1
4389,[0.24929617 0.42743816],43,16,"[0.2555939088543306, 0.4149016525883056]",114,-1
4390,[0.2791954  0.44892442],43,16,"[0.2555939088543306, 0.4149016525883056]",-1,-1
4391,[0.25403638 0.3945768 ],43,16,"[0.2555939088543306, 0.4149016525883056]",114,-1
4392,[0.30100219 0.44555222],43,16,"[0.2555939088543306, 0.4149016525883056]",-1,-1
4393,[0.25821646 0.47023502],43,32,"[0.2628401192296225, 0.49392472915708574]",114,-1
4394,[0.24251408 0.50964855],43,32,"[0.2628401192296225, 0.49392472915708574]",114,-1
4395,[0.25646639 0.37954746],43,16,"[0.2555939088543306, 0.4149016525883056]",114,84
4396,[0.23273888 0.41111142],43,16,"[0.2555939088543306, 0.4149016525883056]",114,83
4397,[0.27331779 0.41278752],43,16,"[0.2555939088543306, 0.4149016525883056]",114,-1
4398,[0.2969518  0.35701042],43,3,"[0.32011025026158857, 0.3826718810103493]",114,94
4399,[0.27991152 0.43822029],43,16,"[0.2555939088543306, 0.4149016525883056]",114,-1
4400,[0.43561043 0.44656035],44,46,"[0.4417948344818715, 0.4376736545727672]",76,-1
4401,[0.41603905 0.38978305],44,13,"[0.39947133599624457, 0.3634561327160814]",114,71
4402,[0.36924274 0.40652233],44,39,"[0.3669055865255626, 0.44498159830625134]",-1,-1
4403,[0.41309781 0.35579681],44,13,"[0.39947133599624457, 0.3634561327160814]",-1,-1
4404,[0.39303801 0.45950853],44,39,"[0.3669055865255626, 0.44498159830625134]",114,-1
4405,[0.36354702 0.36256087],44,13,"[0.39947133599624457, 0.3634561327160814]",114,92
4406,[0.36112737 0.38562381],44,3,"[0.32011025026158857, 0.3826718810103493]",114,93
4407,[0.40990142 0.35568576],44,13,"[0.39947133599624457, 0.3634561327160814]",-1,-1
4408,[0.37928513 0.42262759],44,39,"[0.3669055865255626, 0.44498159830625134]",114,74
4409,[0.37367895 0.34507847],44,13,"[0.39947133599624457, 0.3634561327160814]",114,-1
4410,[0.27179643 0.44334295],44,16,"[0.2555939088543306, 0.4149016525883056]",114,-1
4411,[0.44697971 0.39653516],44,46,"[0.4417948344818715, 0.4376736545727672]",-1,-1
4412,[0.36679307 0.29870036],44,31,"[0.3442046468432694, 0.303512725044185]",114,-1
4413,[0.35422479 0.361665  ],44,3,"[0.32011025026158857, 0.3826718810103493]",114,-1
4414,[0.29000826 0.40378325],44,16,"[0.2555939088543306, 0.4149016525883056]",114,94
4415,[0.27413621 0.43735279],44,16,"[0.2555939088543306, 0.4149016525883056]",114,-1
4416,[0.36030005 0.42655198],44,39,"[0.3669055865255626, 0.44498159830625134]",114,74
4417,[0.3458808  0.33010481],44,31,"[0.3442046468432694, 0.303512725044185]",114,-1
4418,[0.37809241 0.36152668],44,13,"[0.39947133599624457, 0.3634561327160814]",114,92
4419,[0.3364739  0.35571756],44,3,"[0.32011025026158857, 0.3826718810103493]",114,88
4420,[0.33294525 0.38464323],44,3,"[0.32011025026158857, 0.3826718810103493]",114,94
4421,[0.3525356  0.35275207],44,3,"[0.32011025026158857, 0.3826718810103493]",-1,-1
4422,[0.36950282 0.4572184 ],44,39,"[0.3669055865255626, 0.44498159830625134]",114,75
4423,[0.35578306 0.33808246],44,31,"[0.3442046468432694, 0.303512725044185]",114,-1
4424,[0.32367243 0.33694119],44,31,"[0.3442046468432694, 0.303512725044185]",114,88
4425,[0.37788303 0.40557532],44,39,"[0.3669055865255626, 0.44498159830625134]",114,93
4426,[0.36446982 0.37296077],44,13,"[0.39947133599624457, 0.3634561327160814]",114,-1
4427,[0.33298039 0.36113716],44,3,"[0.32011025026158857, 0.3826718810103493]",114,88
4428,[0.48218498 0.39780367],44,55,"[0.4911189724579566, 0.36032847748337926]",94,-1
4429,[0.38965318 0.44203983],44,39,"[0.3669055865255626, 0.44498159830625134]",114,-1
4430,[0.35591761 0.42734771],44,39,"[0.3669055865255626, 0.44498159830625134]",114,74
4431,[0.42788379 0.37383152],44,13,"[0.39947133599624457, 0.3634561327160814]",114,-1
4432,[0.41335407 0.36038511],44,13,"[0.39947133599624457, 0.3634561327160814]",-1,-1
4433,[0.29065446 0.41599182],44,16,"[0.2555939088543306, 0.4149016525883056]",114,-1
4434,[0.33700344 0.35891659],44,3,"[0.32011025026158857, 0.3826718810103493]",114,88
4435,[0.38224929 0.42416523],44,39,"[0.3669055865255626, 0.44498159830625134]",114,-1
4436,[0.37964359 0.45099017],44,39,"[0.3669055865255626, 0.44498159830625134]",114,75
4437,[0.38710265 0.37438741],44,13,"[0.39947133599624457, 0.3634561327160814]",114,-1
4438,[0.32029352 0.38785929],44,3,"[0.32011025026158857, 0.3826718810103493]",114,-1
4439,[0.38118056 0.3643134 ],44,13,"[0.39947133599624457, 0.3634561327160814]",114,92
4440,[0.38564084 0.39189506],44,13,"[0.39947133599624457, 0.3634561327160814]",114,-1
4441,[0.34989876 0.32667897],44,31,"[0.3442046468432694, 0.303512725044185]",-1,-1
4442,[0.4104611  0.36628352],44,13,"[0.39947133599624457, 0.3634561327160814]",114,-1
4443,[0.32945675 0.37846939],44,3,"[0.32011025026158857, 0.3826718810103493]",114,-1
4444,[0.32171084 0.34997092],44,3,"[0.32011025026158857, 0.3826718810103493]",114,-1
4445,[0.42085738 0.40271847],44,46,"[0.4417948344818715, 0.4376736545727672]",114,71
4446,[0.38714867 0.36223746],44,13,"[0.39947133599624457, 0.3634561327160814]",114,-1
4447,[0.36971794 0.3572305 ],44,13,"[0.39947133599624457, 0.3634561327160814]",114,92
4448,[0.42612355 0.3666902 ],44,13,"[0.39947133599624457, 0.3634561327160814]",114,-1
4449,[0.33190252 0.38251746],44,3,"[0.32011025026158857, 0.3826718810103493]",114,94
4450,[0.33614977 0.41938793],44,39,"[0.3669055865255626, 0.44498159830625134]",-1,-1
4451,[0.38634822 0.41044209],44,39,"[0.3669055865255626, 0.44498159830625134]",114,-1
4452,[0.34307875 0.34320807],44,31,"[0.3442046468432694, 0.303512725044185]",114,-1
4453,[0.4245905  0.39566334],44,13,"[0.39947133599624457, 0.3634561327160814]",114,71
4454,[0.42421493 0.38549166],44,13,"[0.39947133599624457, 0.3634561327160814]",114,71
4455,[0.35843363 0.46706453],44,39,"[0.3669055865255626, 0.44498159830625134]",114,-1
4456,[0.42352934 0.36087123],44,13,"[0.39947133599624457, 0.3634561327160814]",-1,-1
4457,[0.37447807 0.43427316],44,39,"[0.3669055865255626, 0.44498159830625134]",114,74
4458,[0.37800866 0.39960788],44,13,"[0.39947133599624457, 0.3634561327160814]",114,93
4459,[0.3871967  0.36787995],44,13,"[0.39947133599624457, 0.3634561327160814]",114,-1
4460,[0.31555807 0.42208436],44,3,"[0.32011025026158857, 0.3826718810103493]",114,94
4461,[0.37810463 0.39121483],44,13,"[0.39947133599624457, 0.3634561327160814]",114,93
4462,[0.34889721 0.37041314],44,3,"[0.32011025026158857, 0.3826718810103493]",114,93
4463,[0.36559788 0.46784371],44,39,"[0.3669055865255626, 0.44498159830625134]",114,-1
4464,[0.33812781 0.41337654],44,3,"[0.32011025026158857, 0.3826718810103493]",-1,-1
4465,[0.41003246 0.33815871],44,13,"[0.39947133599624457, 0.3634561327160814]",114,-1
4466,[0.3398469  0.34103687],44,31,"[0.3442046468432694, 0.303512725044185]",114,-1
4467,[0.3883102  0.42177518],44,39,"[0.3669055865255626, 0.44498159830625134]",114,-1
4468,[0.33925354 0.47101661],44,39,"[0.3669055865255626, 0.44498159830625134]",-1,-1
4469,[0.36515351 0.41424021],44,39,"[0.3669055865255626, 0.44498159830625134]",-1,-1
4470,[0.38841696 0.40552012],44,13,"[0.39947133599624457, 0.3634561327160814]",114,-1
4471,[0.38795765 0.39445318],44,13,"[0.39947133599624457, 0.3634561327160814]",114,-1
4472,[0.37437636 0.39040442],44,13,"[0.39947133599624457, 0.3634561327160814]",114,93
4473,[0.3541892  0.40506545],44,3,"[0.32011025026158857, 0.3826718810103493]",114,93
4474,[0.42846817 0.37611111],44,13,"[0.39947133599624457, 0.3634561327160814]",114,71
4475,[0.45183132 0.45417987],44,46,"[0.4417948344818715, 0.4376736545727672]",76,21
4476,[0.30829376 0.37491684],44,3,"[0.32011025026158857, 0.3826718810103493]",114,94
4477,[0.29902069 0.37624204],44,3,"[0.32011025026158857, 0.3826718810103493]",114,-1
4478,[0.38956986 0.41517028],44,39,"[0.3669055865255626, 0.44498159830625134]",114,-1
4479,[0.36316764 0.37003091],44,13,"[0.39947133599624457, 0.3634561327160814]",114,-1
4480,[0.25335117 0.45200759],44,16,"[0.2555939088543306, 0.4149016525883056]",-1,-1
4481,[0.39139324 0.31186935],44,31,"[0.3442046468432694, 0.303512725044185]",-1,-1
4482,[0.3130744  0.36418016],44,3,"[0.32011025026158857, 0.3826718810103493]",114,94
4483,[0.40423145 0.41636099],44,46,"[0.4417948344818715, 0.4376736545727672]",112,-1
4484,[0.38413438 0.46475456],44,39,"[0.3669055865255626, 0.44498159830625134]",114,-1
4485,[0.42158378 0.41047983],44,46,"[0.4417948344818715, 0.4376736545727672]",114,-1
4486,[0.32719305 0.38884034],44,3,"[0.32011025026158857, 0.3826718810103493]",114,94
4487,[0.34854742 0.40340854],44,3,"[0.32011025026158857, 0.3826718810103493]",114,93
4488,[0.32206622 0.41952391],44,3,"[0.32011025026158857, 0.3826718810103493]",114,-1
4489,[0.38652198 0.42970574],44,39,"[0.3669055865255626, 0.44498159830625134]",114,-1
4490,[0.35898886 0.40204166],44,3,"[0.32011025026158857, 0.3826718810103493]",114,93
4491,[0.42942521 0.3749246 ],44,13,"[0.39947133599624457, 0.3634561327160814]",114,71
4492,[0.47345974 0.35163907],44,55,"[0.4911189724579566, 0.36032847748337926]",52,-1
4493,[0.4076615  0.37703861],44,13,"[0.39947133599624457, 0.3634561327160814]",114,-1
4494,[0.38063781 0.4293099 ],44,39,"[0.3669055865255626, 0.44498159830625134]",114,74
4495,[0.40075466 0.4113372 ],44,39,"[0.3669055865255626, 0.44498159830625134]",112,-1
4496,[0.37672509 0.42749361],44,39,"[0.3669055865255626, 0.44498159830625134]",114,74
4497,[0.27039461 0.42863159],44,16,"[0.2555939088543306, 0.4149016525883056]",114,-1
4498,[0.34745022 0.37335923],44,3,"[0.32011025026158857, 0.3826718810103493]",114,93
4499,[0.29454492 0.38939857],44,3,"[0.32011025026158857, 0.3826718810103493]",114,94
4500,[0.40480549 0.56499025],45,29,"[0.4203507518330517, 0.5402216776416098]",117,100
4501,[0.34794324 0.62218774],45,7,"[0.3567953152728649, 0.610864568428335]",117,100
4502,[0.36593083 0.68663333],45,36,"[0.3984729155032823, 0.6728808968441772]",117,97
4503,[0.35358778 0.58203766],45,7,"[0.3567953152728649, 0.610864568428335]",117,100
4504,[0.28103151 0.55673322],45,17,"[0.25907980690829885, 0.5772508610653444]",117,89
4505,[0.33880863 0.57218636],45,9,"[0.34993355860173564, 0.5388204709038561]",117,100
4506,[0.38431915 0.59749369],45,7,"[0.3567953152728649, 0.610864568428335]",117,100
4507,[0.30504699 0.58452208],45,17,"[0.25907980690829885, 0.5772508610653444]",117,-1
4508,[0.33710164 0.6240663 ],45,7,"[0.3567953152728649, 0.610864568428335]",117,100
4509,[0.31547684 0.65648948],45,14,"[0.2991912902140973, 0.6498158096286489]",117,100
4510,[0.4026894  0.62420532],45,23,"[0.42263643503799797, 0.6161205416303672]",117,100
4511,[0.33994877 0.5321345 ],45,9,"[0.34993355860173564, 0.5388204709038561]",117,100
4512,[0.32681762 0.52182101],45,9,"[0.34993355860173564, 0.5388204709038561]",117,-1
4513,[0.39652937 0.54927083],45,29,"[0.4203507518330517, 0.5402216776416098]",117,-1
4514,[0.35655807 0.5475635 ],45,9,"[0.34993355860173564, 0.5388204709038561]",117,100
4515,[0.37042721 0.53986811],45,9,"[0.34993355860173564, 0.5388204709038561]",-1,-1
4516,[0.32102895 0.62475321],45,14,"[0.2991912902140973, 0.6498158096286489]",117,-1
4517,[0.37709874 0.51737708],45,9,"[0.34993355860173564, 0.5388204709038561]",117,76
4518,[0.38822066 0.61264307],45,7,"[0.3567953152728649, 0.610864568428335]",117,100
4519,[0.3942992 0.6454514],45,36,"[0.3984729155032823, 0.6728808968441772]",117,100
4520,[0.30819521 0.60071541],45,7,"[0.3567953152728649, 0.610864568428335]",117,-1
4521,[0.4182009  0.62932162],45,23,"[0.42263643503799797, 0.6161205416303672]",117,-1
4522,[0.37654178 0.57298682],45,7,"[0.3567953152728649, 0.610864568428335]",117,100
4523,[0.39018752 0.61684637],45,23,"[0.42263643503799797, 0.6161205416303672]",117,100
4524,[0.4246908  0.64079408],45,23,"[0.42263643503799797, 0.6161205416303672]",117,99
4525,[0.38063296 0.62270763],45,7,"[0.3567953152728649, 0.610864568428335]",117,-1
4526,[0.4024234  0.59193351],45,23,"[0.42263643503799797, 0.6161205416303672]",117,100
4527,[0.23372625 0.58938138],45,17,"[0.25907980690829885, 0.5772508610653444]",117,-1
4528,[0.39572928 0.57803187],45,29,"[0.4203507518330517, 0.5402216776416098]",117,100
4529,[0.37119131 0.66298114],45,36,"[0.3984729155032823, 0.6728808968441772]",-1,-1
4530,[0.37837531 0.60245772],45,7,"[0.3567953152728649, 0.610864568428335]",117,100
4531,[0.38796741 0.67542532],45,36,"[0.3984729155032823, 0.6728808968441772]",117,97
4532,[0.34533564 0.63135823],45,7,"[0.3567953152728649, 0.610864568428335]",117,100
4533,[0.42118736 0.61030071],45,23,"[0.42263643503799797, 0.6161205416303672]",117,-1
4534,[0.3960037  0.58628629],45,23,"[0.42263643503799797, 0.6161205416303672]",117,100
4535,[0.38155133 0.66605399],45,36,"[0.3984729155032823, 0.6728808968441772]",117,97
4536,[0.34307581 0.56718584],45,9,"[0.34993355860173564, 0.5388204709038561]",117,100
4537,[0.33024135 0.55742394],45,9,"[0.34993355860173564, 0.5388204709038561]",117,100
4538,[0.42290921 0.63224468],45,23,"[0.42263643503799797, 0.6161205416303672]",117,99
4539,[0.36306276 0.601231  ],45,7,"[0.3567953152728649, 0.610864568428335]",117,100
4540,[0.40608988 0.60065181],45,23,"[0.42263643503799797, 0.6161205416303672]",117,-1
4541,[0.36656318 0.72017908],45,0,"[0.3339356228276975, 0.7219842546928952]",117,-1
4542,[0.34289065 0.61667231],45,7,"[0.3567953152728649, 0.610864568428335]",117,100
4543,[0.3502674  0.67585052],45,36,"[0.3984729155032823, 0.6728808968441772]",117,100
4544,[0.34170751 0.61748051],45,7,"[0.3567953152728649, 0.610864568428335]",117,100
4545,[0.31221048 0.55389496],45,9,"[0.34993355860173564, 0.5388204709038561]",-1,-1
4546,[0.40585874 0.57974418],45,23,"[0.42263643503799797, 0.6161205416303672]",117,-1
4547,[0.33406042 0.61382558],45,7,"[0.3567953152728649, 0.610864568428335]",117,100
4548,[0.31910493 0.60585123],45,7,"[0.3567953152728649, 0.610864568428335]",117,100
4549,[0.39483114 0.6401373 ],45,36,"[0.3984729155032823, 0.6728808968441772]",117,100
4550,[0.45501277 0.62465944],45,23,"[0.42263643503799797, 0.6161205416303672]",117,-1
4551,[0.28531527 0.65670995],45,14,"[0.2991912902140973, 0.6498158096286489]",117,-1
4552,[0.3672876  0.69233696],45,36,"[0.3984729155032823, 0.6728808968441772]",117,-1
4553,[0.34929749 0.58460693],45,7,"[0.3567953152728649, 0.610864568428335]",117,100
4554,[0.33612276 0.57473174],45,9,"[0.34993355860173564, 0.5388204709038561]",117,100
4555,[0.29435814 0.54919554],45,17,"[0.25907980690829885, 0.5772508610653444]",-1,-1
4556,[0.27213384 0.70377222],45,42,"[0.2346625058996496, 0.695644821677479]",117,-1
4557,[0.3170647 0.593278 ],45,7,"[0.3567953152728649, 0.610864568428335]",117,-1
4558,[0.36978063 0.69532166],45,36,"[0.3984729155032823, 0.6728808968441772]",117,97
4559,[0.30708086 0.57624357],45,17,"[0.25907980690829885, 0.5772508610653444]",117,-1
4560,[0.29452032 0.59934309],45,17,"[0.25907980690829885, 0.5772508610653444]",117,-1
4561,[0.28733655 0.56043108],45,17,"[0.25907980690829885, 0.5772508610653444]",117,89
4562,[0.36794072 0.51692083],45,9,"[0.34993355860173564, 0.5388204709038561]",117,76
4563,[0.33572294 0.55642762],45,9,"[0.34993355860173564, 0.5388204709038561]",117,100
4564,[0.357684   0.60449134],45,7,"[0.3567953152728649, 0.610864568428335]",117,100
4565,[0.30332217 0.54524556],45,9,"[0.34993355860173564, 0.5388204709038561]",117,-1
4566,[0.42018308 0.6053771 ],45,23,"[0.42263643503799797, 0.6161205416303672]",-1,-1
4567,[0.33989831 0.59510998],45,7,"[0.3567953152728649, 0.610864568428335]",117,-1
4568,[0.25385449 0.59795253],45,17,"[0.25907980690829885, 0.5772508610653444]",117,79
4569,[0.37775081 0.59761592],45,7,"[0.3567953152728649, 0.610864568428335]",117,100
4570,[0.4039878  0.64915716],45,36,"[0.3984729155032823, 0.6728808968441772]",117,100
4571,[0.31592119 0.67388745],45,14,"[0.2991912902140973, 0.6498158096286489]",117,100
4572,[0.36218296 0.58571496],45,7,"[0.3567953152728649, 0.610864568428335]",117,100
4573,[0.31134441 0.63656183],45,14,"[0.2991912902140973, 0.6498158096286489]",117,100
4574,[0.38747807 0.61835413],45,7,"[0.3567953152728649, 0.610864568428335]",117,100
4575,[0.39389136 0.63953825],45,36,"[0.3984729155032823, 0.6728808968441772]",117,100
4576,[0.36590888 0.60849961],45,7,"[0.3567953152728649, 0.610864568428335]",117,100
4577,[0.35783317 0.60123718],45,7,"[0.3567953152728649, 0.610864568428335]",117,100
4578,[0.29456396 0.59671393],45,17,"[0.25907980690829885, 0.5772508610653444]",117,-1
4579,[0.39987959 0.65954391],45,36,"[0.3984729155032823, 0.6728808968441772]",117,100
4580,[0.3706838  0.62610215],45,7,"[0.3567953152728649, 0.610864568428335]",117,100
4581,[0.34704978 0.57984682],45,7,"[0.3567953152728649, 0.610864568428335]",117,100
4582,[0.40070084 0.6134058 ],45,23,"[0.42263643503799797, 0.6161205416303672]",117,-1
4583,[0.31308382 0.61564622],45,14,"[0.2991912902140973, 0.6498158096286489]",117,100
4584,[0.34698691 0.63430577],45,7,"[0.3567953152728649, 0.610864568428335]",117,-1
4585,[0.38723361 0.62519297],45,7,"[0.3567953152728649, 0.610864568428335]",117,100
4586,[0.3237548  0.58685398],45,7,"[0.3567953152728649, 0.610864568428335]",117,-1
4587,[0.3935214  0.67730739],45,36,"[0.3984729155032823, 0.6728808968441772]",117,97
4588,[0.31692681 0.60714317],45,7,"[0.3567953152728649, 0.610864568428335]",117,100
4589,[0.3964515  0.55184327],45,29,"[0.4203507518330517, 0.5402216776416098]",117,100
4590,[0.37826748 0.66310776],45,36,"[0.3984729155032823, 0.6728808968441772]",117,-1
4591,[0.39539682 0.62707046],45,23,"[0.42263643503799797, 0.6161205416303672]",117,100
4592,[0.34177002 0.59602598],45,7,"[0.3567953152728649, 0.610864568428335]",117,-1
4593,[0.29241839 0.62597671],45,14,"[0.2991912902140973, 0.6498158096286489]",117,-1
4594,[0.398823  0.6178048],45,23,"[0.42263643503799797, 0.6161205416303672]",117,100
4595,[0.3652696  0.61523231],45,7,"[0.3567953152728649, 0.610864568428335]",117,100
4596,[0.35079173 0.65971658],45,7,"[0.3567953152728649, 0.610864568428335]",117,100
4597,[0.31162366 0.6646375 ],45,14,"[0.2991912902140973, 0.6498158096286489]",117,100
4598,[0.27569932 0.60538304],45,17,"[0.25907980690829885, 0.5772508610653444]",-1,-1
4599,[0.33128438 0.5942017 ],45,7,"[0.3567953152728649, 0.610864568428335]",117,-1
4600,[0.16958636 0.87555519],46,2,"[0.18872072314872831, 0.8525011569850129]",117,-1
4601,[0.11008475 0.82652966],46,61,"[0.12285160813708297, 0.8107759494255373]",-1,-1
4602,[0.19847598 0.91453157],46,97,"[0.2436419246457856, 0.9257976702853096]",-1,-1
4603,[0.21655049 0.83603072],46,2,"[0.18872072314872831, 0.8525011569850129]",117,47
4604,[0.15528163 0.78743822],46,61,"[0.12285160813708297, 0.8107759494255373]",-1,-1
4605,[0.24186593 0.77427644],46,73,"[0.21710138381515529, 0.7733240653788879]",-1,-1
4606,[0.14961362 0.82668377],46,61,"[0.12285160813708297, 0.8107759494255373]",117,-1
4607,[0.15428644 0.88632655],46,2,"[0.18872072314872831, 0.8525011569850129]",-1,-1
4608,[0.18454225 0.87059832],46,2,"[0.18872072314872831, 0.8525011569850129]",117,-1
4609,[0.24543454 0.75753283],46,73,"[0.21710138381515529, 0.7733240653788879]",-1,-1
4610,[0.19025445 0.89103455],46,2,"[0.18872072314872831, 0.8525011569850129]",-1,-1
4611,[0.11729846 0.81146466],46,61,"[0.12285160813708297, 0.8107759494255373]",-1,-1
4612,[0.20435968 0.94578187],46,97,"[0.2436419246457856, 0.9257976702853096]",-1,-1
4613,[0.13238598 0.80275204],46,61,"[0.12285160813708297, 0.8107759494255373]",-1,-1
4614,[0.12644029 0.90243415],46,-1,-1,-1,-1
4615,[0.09335265 0.90549594],46,-1,-1,-1,-1
4616,[0.23999668 0.84218598],46,2,"[0.18872072314872831, 0.8525011569850129]",117,-1
4617,[0.1423449  0.82531901],46,61,"[0.12285160813708297, 0.8107759494255373]",-1,-1
4618,[0.19958927 0.84787474],46,2,"[0.18872072314872831, 0.8525011569850129]",117,47
4619,[0.16117483 0.8360494 ],46,2,"[0.18872072314872831, 0.8525011569850129]",117,48
4620,[0.19169027 0.77662354],46,73,"[0.21710138381515529, 0.7733240653788879]",44,-1
4621,[0.20602557 0.90074773],46,97,"[0.2436419246457856, 0.9257976702853096]",-1,-1
4622,[0.22105055 0.82969137],46,2,"[0.18872072314872831, 0.8525011569850129]",117,47
4623,[0.19058786 0.87255646],46,2,"[0.18872072314872831, 0.8525011569850129]",117,-1
4624,[0.1911213  0.84802669],46,2,"[0.18872072314872831, 0.8525011569850129]",117,-1
4625,[0.17565949 0.80972955],46,2,"[0.18872072314872831, 0.8525011569850129]",117,-1
4626,[0.15711643 0.73168607],46,92,"[0.1445164879810704, 0.6934455308809843]",-1,-1
4627,[0.13473642 0.8176075 ],46,61,"[0.12285160813708297, 0.8107759494255373]",-1,-1
4628,[0.16965828 0.88055702],46,2,"[0.18872072314872831, 0.8525011569850129]",-1,-1
4629,[0.26210755 0.83986651],46,6,"[0.2864937659294625, 0.8061319185734634]",117,-1
4630,[0.11927024 0.92567183],46,-1,-1,-1,-1
4631,[0.1909385  0.89312852],46,2,"[0.18872072314872831, 0.8525011569850129]",-1,-1
4632,[0.21583025 0.79530062],46,73,"[0.21710138381515529, 0.7733240653788879]",117,35
4633,[0.06296737 0.84531228],46,61,"[0.12285160813708297, 0.8107759494255373]",-1,-1
4634,[0.17255408 0.85261993],46,2,"[0.18872072314872831, 0.8525011569850129]",117,48
4635,[0.20385004 0.86128747],46,2,"[0.18872072314872831, 0.8525011569850129]",-1,-1
4636,[0.16119228 0.82237483],46,61,"[0.12285160813708297, 0.8107759494255373]",117,48
4637,[0.21617989 0.77466088],46,73,"[0.21710138381515529, 0.7733240653788879]",-1,-1
4638,[0.21169734 0.86116099],46,2,"[0.18872072314872831, 0.8525011569850129]",117,-1
4639,[0.14789172 0.85545893],46,2,"[0.18872072314872831, 0.8525011569850129]",117,48
4640,[0.11507865 0.83096776],46,61,"[0.12285160813708297, 0.8107759494255373]",36,-1
4641,[0.22214633 0.89769412],46,97,"[0.2436419246457856, 0.9257976702853096]",-1,-1
4642,[0.21839695 0.83054799],46,2,"[0.18872072314872831, 0.8525011569850129]",117,47
4643,[0.23431639 0.89899994],46,97,"[0.2436419246457856, 0.9257976702853096]",-1,-1
4644,[0.06671423 0.80425322],46,61,"[0.12285160813708297, 0.8107759494255373]",-1,-1
4645,[0.19258613 0.78854322],46,73,"[0.21710138381515529, 0.7733240653788879]",-1,-1
4646,[0.17023432 0.86656629],46,2,"[0.18872072314872831, 0.8525011569850129]",117,48
4647,[0.20537758 0.79499718],46,73,"[0.21710138381515529, 0.7733240653788879]",-1,35
4648,[0.10971055 0.78282231],46,61,"[0.12285160813708297, 0.8107759494255373]",-1,-1
4649,[0.18146591 0.76422601],46,73,"[0.21710138381515529, 0.7733240653788879]",44,-1
4650,[0.17672359 0.83454128],46,2,"[0.18872072314872831, 0.8525011569850129]",117,48
4651,[0.1187915  0.92425804],46,-1,-1,-1,-1
4652,[0.07755085 0.87443531],46,-1,-1,-1,-1
4653,[0.1539364 0.8896985],46,2,"[0.18872072314872831, 0.8525011569850129]",20,-1
4654,[0.19182262 0.80225826],46,73,"[0.21710138381515529, 0.7733240653788879]",117,35
4655,[0.19227281 0.82005656],46,2,"[0.18872072314872831, 0.8525011569850129]",-1,35
4656,[0.18027986 0.8636284 ],46,2,"[0.18872072314872831, 0.8525011569850129]",117,48
4657,[0.15314256 0.81013393],46,61,"[0.12285160813708297, 0.8107759494255373]",117,-1
4658,[0.18303464 0.84936069],46,2,"[0.18872072314872831, 0.8525011569850129]",117,48
4659,[0.17119772 0.80476426],46,61,"[0.12285160813708297, 0.8107759494255373]",117,-1
4660,[0.18826648 0.87195956],46,2,"[0.18872072314872831, 0.8525011569850129]",-1,-1
4661,[0.18265905 0.79086554],46,73,"[0.21710138381515529, 0.7733240653788879]",-1,-1
4662,[0.14649149 0.80817206],46,61,"[0.12285160813708297, 0.8107759494255373]",-1,-1
4663,[0.16532912 0.78438495],46,61,"[0.12285160813708297, 0.8107759494255373]",-1,-1
4664,[0.18006376 0.85428848],46,2,"[0.18872072314872831, 0.8525011569850129]",117,48
4665,[0.13119239 0.77804463],46,61,"[0.12285160813708297, 0.8107759494255373]",-1,-1
4666,[0.20387793 0.85604946],46,2,"[0.18872072314872831, 0.8525011569850129]",117,47
4667,[0.16814697 0.86870325],46,2,"[0.18872072314872831, 0.8525011569850129]",117,-1
4668,[0.14635381 0.83614508],46,61,"[0.12285160813708297, 0.8107759494255373]",-1,-1
4669,[0.13209007 0.80780663],46,61,"[0.12285160813708297, 0.8107759494255373]",-1,-1
4670,[0.14920302 0.85289448],46,2,"[0.18872072314872831, 0.8525011569850129]",117,48
4671,[0.25038257 0.77763445],46,73,"[0.21710138381515529, 0.7733240653788879]",117,-1
4672,[0.16834898 0.83679251],46,2,"[0.18872072314872831, 0.8525011569850129]",117,48
4673,[0.21102576 0.79129476],46,73,"[0.21710138381515529, 0.7733240653788879]",117,-1
4674,[0.22508988 0.86570534],46,2,"[0.18872072314872831, 0.8525011569850129]",117,-1
4675,[0.17611216 0.80325894],46,73,"[0.21710138381515529, 0.7733240653788879]",117,-1
4676,[0.19934863 0.79810758],46,73,"[0.21710138381515529, 0.7733240653788879]",117,35
4677,[0.28003275 0.86848264],46,53,"[0.3257402588795542, 0.8780579715353399]",-1,-1
4678,[0.13289085 0.78593969],46,61,"[0.12285160813708297, 0.8107759494255373]",-1,-1
4679,[0.19608902 0.88266721],46,2,"[0.18872072314872831, 0.8525011569850129]",117,-1
4680,[0.27918919 0.94393235],46,97,"[0.2436419246457856, 0.9257976702853096]",-1,-1
4681,[0.21941206 0.91661378],46,97,"[0.2436419246457856, 0.9257976702853096]",-1,-1
4682,[0.19206372 0.77451614],46,73,"[0.21710138381515529, 0.7733240653788879]",44,-1
4683,[0.26108208 0.80019008],46,6,"[0.2864937659294625, 0.8061319185734634]",117,-1
4684,[0.22011766 0.85401248],46,2,"[0.18872072314872831, 0.8525011569850129]",117,-1
4685,[0.179872   0.85392354],46,2,"[0.18872072314872831, 0.8525011569850129]",117,48
4686,[0.11616135 0.85554533],46,61,"[0.12285160813708297, 0.8107759494255373]",-1,-1
4687,[0.14707228 0.84513875],46,61,"[0.12285160813708297, 0.8107759494255373]",117,-1
4688,[0.22023226 0.78311933],46,73,"[0.21710138381515529, 0.7733240653788879]",-1,-1
4689,[0.15858193 0.83109044],46,2,"[0.18872072314872831, 0.8525011569850129]",117,48
4690,[0.11850633 0.80635242],46,61,"[0.12285160813708297, 0.8107759494255373]",-1,-1
4691,[0.18002588 0.85495445],46,2,"[0.18872072314872831, 0.8525011569850129]",117,48
4692,[0.20027407 0.76226344],46,73,"[0.21710138381515529, 0.7733240653788879]",-1,-1
4693,[0.26297074 0.84877548],46,6,"[0.2864937659294625, 0.8061319185734634]",117,43
4694,[0.19169543 0.83130631],46,2,"[0.18872072314872831, 0.8525011569850129]",-1,-1
4695,[0.25572254 0.86171111],46,6,"[0.2864937659294625, 0.8061319185734634]",117,-1
4696,[0.17120397 0.79161128],46,73,"[0.21710138381515529, 0.7733240653788879]",-1,-1
4697,[0.11799777 0.91416712],46,-1,-1,-1,-1
4698,[0.21174744 0.79865962],46,73,"[0.21710138381515529, 0.7733240653788879]",117,-1
4699,[0.1883072  0.81839233],46,2,"[0.18872072314872831, 0.8525011569850129]",-1,-1
4700,[0.13169484 0.46328207],47,65,"[0.1328910732107456, 0.4899260274926132]",-1,-1
4701,[0.20507502 0.55024706],47,45,"[0.18958709402210344, 0.5831400503639066]",117,-1
4702,[0.18891554 0.48753196],47,37,"[0.19793393907464019, 0.48816130273889874]",-1,-1
4703,[0.17166326 0.48605926],47,37,"[0.19793393907464019, 0.48816130273889874]",114,-1
4704,[0.149665   0.50797222],47,65,"[0.1328910732107456, 0.4899260274926132]",114,70
4705,[0.16825761 0.5588171 ],47,45,"[0.18958709402210344, 0.5831400503639066]",83,-1
4706,[0.14624448 0.45080203],47,52,"[0.15299951742988305, 0.4190518444817022]",104,12
4707,[0.17916918 0.5853698 ],47,45,"[0.18958709402210344, 0.5831400503639066]",117,-1
4708,[0.16913171 0.53825162],47,45,"[0.18958709402210344, 0.5831400503639066]",-1,-1
4709,[0.1852639  0.50755183],47,37,"[0.19793393907464019, 0.48816130273889874]",114,72
4710,[0.18708945 0.54550317],47,45,"[0.18958709402210344, 0.5831400503639066]",-1,-1
4711,[0.16650303 0.57213273],47,45,"[0.18958709402210344, 0.5831400503639066]",-1,-1
4712,[0.22046761 0.60313535],47,45,"[0.18958709402210344, 0.5831400503639066]",117,78
4713,[0.10887664 0.63274507],47,-1,-1,-1,-1
4714,[0.11019308 0.50100116],47,65,"[0.1328910732107456, 0.4899260274926132]",-1,-1
4715,[0.15793189 0.50432326],47,65,"[0.1328910732107456, 0.4899260274926132]",114,70
4716,[0.06926711 0.52678665],47,80,"[0.12067688938383801, 0.5637304646499463]",-1,-1
4717,[0.23759379 0.58574178],47,17,"[0.25907980690829885, 0.5772508610653444]",-1,-1
4718,[0.16572602 0.551028  ],47,45,"[0.18958709402210344, 0.5831400503639066]",83,-1
4719,[0.1241711 0.5061924],47,65,"[0.1328910732107456, 0.4899260274926132]",40,-1
4720,[0.13250268 0.43059526],47,52,"[0.15299951742988305, 0.4190518444817022]",-1,-1
4721,[0.17507745 0.50062863],47,37,"[0.19793393907464019, 0.48816130273889874]",-1,-1
4722,[0.09793193 0.57729372],47,80,"[0.12067688938383801, 0.5637304646499463]",-1,-1
4723,[0.0852176  0.57122733],47,80,"[0.12067688938383801, 0.5637304646499463]",-1,-1
4724,[0.16274763 0.55788455],47,45,"[0.18958709402210344, 0.5831400503639066]",83,-1
4725,[0.15054294 0.51227464],47,65,"[0.1328910732107456, 0.4899260274926132]",114,70
4726,[0.23085083 0.60131389],47,17,"[0.25907980690829885, 0.5772508610653444]",117,78
4727,[0.1566286  0.50405162],47,65,"[0.1328910732107456, 0.4899260274926132]",114,70
4728,[0.18066961 0.51381212],47,37,"[0.19793393907464019, 0.48816130273889874]",114,-1
4729,[0.19856132 0.53438263],47,37,"[0.19793393907464019, 0.48816130273889874]",-1,-1
4730,[0.15070897 0.55595001],47,80,"[0.12067688938383801, 0.5637304646499463]",-1,-1
4731,[0.16777247 0.59979112],47,45,"[0.18958709402210344, 0.5831400503639066]",-1,-1
4732,[0.0844839  0.58813862],47,80,"[0.12067688938383801, 0.5637304646499463]",-1,-1
4733,[0.17308854 0.48837758],47,37,"[0.19793393907464019, 0.48816130273889874]",114,-1
4734,[0.12872808 0.57338619],47,80,"[0.12067688938383801, 0.5637304646499463]",-1,-1
4735,[0.13588363 0.57203989],47,80,"[0.12067688938383801, 0.5637304646499463]",-1,-1
4736,[0.1363591  0.60471913],47,80,"[0.12067688938383801, 0.5637304646499463]",-1,-1
4737,[0.23947412 0.48652723],47,32,"[0.2628401192296225, 0.49392472915708574]",114,81
4738,[0.12311373 0.49677137],47,65,"[0.1328910732107456, 0.4899260274926132]",40,-1
4739,[0.16642634 0.57068672],47,45,"[0.18958709402210344, 0.5831400503639066]",-1,-1
4740,[0.18973469 0.48301384],47,37,"[0.19793393907464019, 0.48816130273889874]",114,-1
4741,[0.11709204 0.55285867],47,80,"[0.12067688938383801, 0.5637304646499463]",-1,-1
4742,[0.18142771 0.54127332],47,45,"[0.18958709402210344, 0.5831400503639066]",-1,-1
4743,[0.21131043 0.52067399],47,37,"[0.19793393907464019, 0.48816130273889874]",114,72
4744,[0.16166569 0.56941703],47,45,"[0.18958709402210344, 0.5831400503639066]",-1,-1
4745,[0.10422618 0.56297767],47,80,"[0.12067688938383801, 0.5637304646499463]",12,-1
4746,[0.19623945 0.51897909],47,37,"[0.19793393907464019, 0.48816130273889874]",114,72
4747,[0.14337555 0.52644731],47,65,"[0.1328910732107456, 0.4899260274926132]",114,-1
4748,[0.11867826 0.48196706],47,65,"[0.1328910732107456, 0.4899260274926132]",-1,-1
4749,[0.14956003 0.51005614],47,65,"[0.1328910732107456, 0.4899260274926132]",114,70
4750,[0.21801185 0.5239709 ],47,37,"[0.19793393907464019, 0.48816130273889874]",114,-1
4751,[0.19800008 0.42193996],47,52,"[0.15299951742988305, 0.4190518444817022]",72,45
4752,[0.24684855 0.50332908],47,32,"[0.2628401192296225, 0.49392472915708574]",114,-1
4753,[0.20379949 0.60254111],47,45,"[0.18958709402210344, 0.5831400503639066]",117,-1
4754,[0.16464663 0.50655702],47,65,"[0.1328910732107456, 0.4899260274926132]",114,-1
4755,[0.15966862 0.62237172],47,45,"[0.18958709402210344, 0.5831400503639066]",-1,-1
4756,[0.11253594 0.61255426],47,80,"[0.12067688938383801, 0.5637304646499463]",-1,-1
4757,[0.14920531 0.58515797],47,80,"[0.12067688938383801, 0.5637304646499463]",-1,-1
4758,[0.17735145 0.50095852],47,37,"[0.19793393907464019, 0.48816130273889874]",114,-1
4759,[0.21634674 0.54727626],47,45,"[0.18958709402210344, 0.5831400503639066]",117,-1
4760,[0.20012507 0.56804008],47,45,"[0.18958709402210344, 0.5831400503639066]",-1,-1
4761,[0.21636237 0.55427592],47,45,"[0.18958709402210344, 0.5831400503639066]",117,-1
4762,[0.10069101 0.54809913],47,80,"[0.12067688938383801, 0.5637304646499463]",12,-1
4763,[0.17610745 0.58868407],47,45,"[0.18958709402210344, 0.5831400503639066]",117,-1
4764,[0.23157119 0.44334434],47,16,"[0.2555939088543306, 0.4149016525883056]",114,83
4765,[0.15193841 0.50043352],47,65,"[0.1328910732107456, 0.4899260274926132]",114,70
4766,[0.17288003 0.51204118],47,37,"[0.19793393907464019, 0.48816130273889874]",114,-1
4767,[0.10670767 0.55710015],47,80,"[0.12067688938383801, 0.5637304646499463]",12,-1
4768,[0.15942561 0.58739271],47,45,"[0.18958709402210344, 0.5831400503639066]",-1,-1
4769,[0.06648879 0.53837765],47,80,"[0.12067688938383801, 0.5637304646499463]",-1,-1
4770,[0.1076954  0.48505089],47,65,"[0.1328910732107456, 0.4899260274926132]",-1,-1
4771,[0.11288463 0.52949717],47,80,"[0.12067688938383801, 0.5637304646499463]",-1,-1
4772,[0.1445804  0.57881195],47,80,"[0.12067688938383801, 0.5637304646499463]",-1,-1
4773,[0.21102395 0.53395468],47,37,"[0.19793393907464019, 0.48816130273889874]",-1,-1
4774,[0.13437978 0.60274522],47,80,"[0.12067688938383801, 0.5637304646499463]",-1,-1
4775,[0.15559291 0.59223589],47,45,"[0.18958709402210344, 0.5831400503639066]",-1,-1
4776,[0.08411392 0.5633791 ],47,80,"[0.12067688938383801, 0.5637304646499463]",-1,-1
4777,[0.20181259 0.49145815],47,37,"[0.19793393907464019, 0.48816130273889874]",114,-1
4778,[0.18317076 0.58153794],47,45,"[0.18958709402210344, 0.5831400503639066]",117,-1
4779,[0.15598059 0.61940498],47,45,"[0.18958709402210344, 0.5831400503639066]",-1,-1
4780,[0.18981789 0.50860328],47,37,"[0.19793393907464019, 0.48816130273889874]",114,-1
4781,[0.24795929 0.5170519 ],47,32,"[0.2628401192296225, 0.49392472915708574]",114,-1
4782,[0.12282743 0.52035876],47,65,"[0.1328910732107456, 0.4899260274926132]",-1,-1
4783,[0.15927496 0.52913917],47,65,"[0.1328910732107456, 0.4899260274926132]",-1,-1
4784,[0.22789047 0.60180462],47,17,"[0.25907980690829885, 0.5772508610653444]",117,78
4785,[0.15604618 0.49617225],47,65,"[0.1328910732107456, 0.4899260274926132]",114,-1
4786,[0.19836107 0.51230022],47,37,"[0.19793393907464019, 0.48816130273889874]",114,72
4787,[0.15807253 0.38028189],47,52,"[0.15299951742988305, 0.4190518444817022]",72,-1
4788,[0.19135513 0.57754214],47,45,"[0.18958709402210344, 0.5831400503639066]",117,-1
4789,[0.14378921 0.554181  ],47,80,"[0.12067688938383801, 0.5637304646499463]",-1,-1
4790,[0.21586042 0.5875982 ],47,45,"[0.18958709402210344, 0.5831400503639066]",117,78
4791,[0.15375694 0.56801804],47,80,"[0.12067688938383801, 0.5637304646499463]",-1,-1
4792,[0.11116026 0.52254238],47,65,"[0.1328910732107456, 0.4899260274926132]",-1,-1
4793,[0.123371   0.53537446],47,80,"[0.12067688938383801, 0.5637304646499463]",-1,-1
4794,[0.21657604 0.57663073],47,45,"[0.18958709402210344, 0.5831400503639066]",117,-1
4795,[0.1588846 0.5351257],47,80,"[0.12067688938383801, 0.5637304646499463]",-1,-1
4796,[0.11370282 0.5540302 ],47,80,"[0.12067688938383801, 0.5637304646499463]",12,-1
4797,[0.18443762 0.50601124],47,37,"[0.19793393907464019, 0.48816130273889874]",114,72
4798,[0.18438808 0.60279231],47,45,"[0.18958709402210344, 0.5831400503639066]",-1,-1
4799,[0.18330601 0.53773645],47,45,"[0.18958709402210344, 0.5831400503639066]",-1,-1
4800,[0.21438012 0.67430186],48,42,"[0.2346625058996496, 0.695644821677479]",-1,-1
4801,[0.19666189 0.73111035],48,73,"[0.21710138381515529, 0.7733240653788879]",-1,-1
4802,[0.19146584 0.68117023],48,42,"[0.2346625058996496, 0.695644821677479]",22,-1
4803,[0.16873226 0.72075514],48,92,"[0.1445164879810704, 0.6934455308809843]",-1,-1
4804,[0.13845838 0.65815149],48,92,"[0.1445164879810704, 0.6934455308809843]",-1,-1
4805,[0.16883602 0.61910596],48,45,"[0.18958709402210344, 0.5831400503639066]",-1,-1
4806,[0.10740716 0.68985485],48,92,"[0.1445164879810704, 0.6934455308809843]",-1,-1
4807,[0.25436089 0.6532431 ],48,14,"[0.2991912902140973, 0.6498158096286489]",115,-1
4808,[0.1937056  0.66296515],48,42,"[0.2346625058996496, 0.695644821677479]",-1,-1
4809,[0.21577442 0.69961157],48,42,"[0.2346625058996496, 0.695644821677479]",-1,-1
4810,[0.2349555  0.74988124],48,73,"[0.21710138381515529, 0.7733240653788879]",-1,-1
4811,[0.1880528  0.62057889],48,45,"[0.18958709402210344, 0.5831400503639066]",-1,-1
4812,[0.25599276 0.54578672],48,17,"[0.25907980690829885, 0.5772508610653444]",117,-1
4813,[0.18313816 0.64667968],48,92,"[0.1445164879810704, 0.6934455308809843]",22,-1
4814,[0.1982226  0.61815023],48,45,"[0.18958709402210344, 0.5831400503639066]",-1,-1
4815,[0.23922659 0.68592376],48,42,"[0.2346625058996496, 0.695644821677479]",-1,-1
4816,[0.10739554 0.59928137],48,80,"[0.12067688938383801, 0.5637304646499463]",-1,-1
4817,[0.2294756 0.6304826],48,17,"[0.25907980690829885, 0.5772508610653444]",-1,-1
4818,[0.19088673 0.60030206],48,45,"[0.18958709402210344, 0.5831400503639066]",117,-1
4819,[0.16825147 0.71061024],48,92,"[0.1445164879810704, 0.6934455308809843]",-1,-1
4820,[0.24109262 0.60575524],48,17,"[0.25907980690829885, 0.5772508610653444]",117,78
4821,[0.16171153 0.67196715],48,92,"[0.1445164879810704, 0.6934455308809843]",-1,-1
4822,[0.16211274 0.65571021],48,92,"[0.1445164879810704, 0.6934455308809843]",-1,-1
4823,[0.22468063 0.69529755],48,42,"[0.2346625058996496, 0.695644821677479]",-1,-1
4824,[0.2377345  0.70635404],48,42,"[0.2346625058996496, 0.695644821677479]",-1,-1
4825,[0.11836411 0.61350809],48,80,"[0.12067688938383801, 0.5637304646499463]",-1,-1
4826,[0.28891883 0.70883141],48,0,"[0.3339356228276975, 0.7219842546928952]",117,98
4827,[0.18023948 0.62181763],48,45,"[0.18958709402210344, 0.5831400503639066]",-1,-1
4828,[0.19554663 0.72323956],48,42,"[0.2346625058996496, 0.695644821677479]",-1,-1
4829,[0.19615706 0.60192425],48,45,"[0.18958709402210344, 0.5831400503639066]",117,-1
4830,[0.26719338 0.64954601],48,14,"[0.2991912902140973, 0.6498158096286489]",-1,-1
4831,[0.10218363 0.57510953],48,80,"[0.12067688938383801, 0.5637304646499463]",-1,-1
4832,[0.20109608 0.6028955 ],48,45,"[0.18958709402210344, 0.5831400503639066]",117,-1
4833,[0.22396006 0.68446691],48,42,"[0.2346625058996496, 0.695644821677479]",-1,-1
4834,[0.1798019  0.57488769],48,45,"[0.18958709402210344, 0.5831400503639066]",117,-1
4835,[0.18756343 0.68025979],48,92,"[0.1445164879810704, 0.6934455308809843]",22,-1
4836,[0.222381   0.69737397],48,42,"[0.2346625058996496, 0.695644821677479]",-1,-1
4837,[0.14882714 0.64724905],48,92,"[0.1445164879810704, 0.6934455308809843]",1,-1
4838,[0.19531926 0.69136938],48,42,"[0.2346625058996496, 0.695644821677479]",22,-1
4839,[0.21293605 0.73958305],48,73,"[0.21710138381515529, 0.7733240653788879]",-1,-1
4840,[0.14002231 0.65001225],48,92,"[0.1445164879810704, 0.6934455308809843]",1,-1
4841,[0.14036757 0.73189751],48,92,"[0.1445164879810704, 0.6934455308809843]",-1,-1
4842,[0.19558088 0.67782087],48,42,"[0.2346625058996496, 0.695644821677479]",-1,-1
4843,[0.29037596 0.65310136],48,14,"[0.2991912902140973, 0.6498158096286489]",117,-1
4844,[0.24698147 0.6304487 ],48,17,"[0.25907980690829885, 0.5772508610653444]",115,59
4845,[0.15667165 0.72787696],48,92,"[0.1445164879810704, 0.6934455308809843]",-1,-1
4846,[0.14053829 0.68148691],48,92,"[0.1445164879810704, 0.6934455308809843]",-1,-1
4847,[0.18348603 0.63766801],48,45,"[0.18958709402210344, 0.5831400503639066]",-1,-1
4848,[0.15238856 0.70815837],48,92,"[0.1445164879810704, 0.6934455308809843]",-1,-1
4849,[0.17005083 0.59382521],48,45,"[0.18958709402210344, 0.5831400503639066]",-1,-1
4850,[0.12608972 0.57161658],48,80,"[0.12067688938383801, 0.5637304646499463]",-1,-1
4851,[0.16790324 0.70366909],48,92,"[0.1445164879810704, 0.6934455308809843]",-1,-1
4852,[0.18669216 0.6099148 ],48,45,"[0.18958709402210344, 0.5831400503639066]",-1,-1
4853,[0.17757271 0.66921751],48,92,"[0.1445164879810704, 0.6934455308809843]",-1,-1
4854,[0.13369528 0.61581355],48,80,"[0.12067688938383801, 0.5637304646499463]",-1,-1
4855,[0.20452581 0.59274479],48,45,"[0.18958709402210344, 0.5831400503639066]",117,78
4856,[0.18275488 0.67153075],48,92,"[0.1445164879810704, 0.6934455308809843]",22,-1
4857,[0.2358505  0.59956422],48,17,"[0.25907980690829885, 0.5772508610653444]",117,78
4858,[0.24746449 0.58677374],48,17,"[0.25907980690829885, 0.5772508610653444]",117,-1
4859,[0.19223559 0.71536609],48,42,"[0.2346625058996496, 0.695644821677479]",-1,-1
4860,[0.12202469 0.63771277],48,92,"[0.1445164879810704, 0.6934455308809843]",-1,-1
4861,[0.2017626  0.69429925],48,42,"[0.2346625058996496, 0.695644821677479]",-1,-1
4862,[0.18545717 0.6995759 ],48,92,"[0.1445164879810704, 0.6934455308809843]",-1,-1
4863,[0.15068572 0.72024844],48,92,"[0.1445164879810704, 0.6934455308809843]",-1,-1
4864,[0.18048824 0.77558861],48,73,"[0.21710138381515529, 0.7733240653788879]",-1,-1
4865,[0.1655485  0.68124389],48,92,"[0.1445164879810704, 0.6934455308809843]",-1,-1
4866,[0.17393266 0.63926415],48,45,"[0.18958709402210344, 0.5831400503639066]",-1,-1
4867,[0.13519026 0.69713199],48,92,"[0.1445164879810704, 0.6934455308809843]",-1,-1
4868,[0.17865925 0.67116784],48,92,"[0.1445164879810704, 0.6934455308809843]",-1,-1
4869,[0.21611278 0.64599497],48,42,"[0.2346625058996496, 0.695644821677479]",32,-1
4870,[0.18461437 0.65328513],48,92,"[0.1445164879810704, 0.6934455308809843]",22,-1
4871,[0.12838537 0.71634812],48,92,"[0.1445164879810704, 0.6934455308809843]",-1,-1
4872,[0.19996496 0.60258052],48,45,"[0.18958709402210344, 0.5831400503639066]",117,-1
4873,[0.2157484  0.66451639],48,42,"[0.2346625058996496, 0.695644821677479]",-1,-1
4874,[0.24081117 0.60830626],48,17,"[0.25907980690829885, 0.5772508610653444]",117,-1
4875,[0.19605168 0.72979225],48,73,"[0.21710138381515529, 0.7733240653788879]",-1,-1
4876,[0.20234953 0.60981759],48,45,"[0.18958709402210344, 0.5831400503639066]",117,-1
4877,[0.1995859  0.62693041],48,45,"[0.18958709402210344, 0.5831400503639066]",-1,-1
4878,[0.26796057 0.68349341],48,42,"[0.2346625058996496, 0.695644821677479]",117,-1
4879,[0.18754946 0.65077632],48,92,"[0.1445164879810704, 0.6934455308809843]",-1,-1
4880,[0.18909388 0.66483894],48,92,"[0.1445164879810704, 0.6934455308809843]",22,-1
4881,[0.20910128 0.67850679],48,42,"[0.2346625058996496, 0.695644821677479]",-1,-1
4882,[0.18747769 0.53453339],48,37,"[0.19793393907464019, 0.48816130273889874]",-1,-1
4883,[0.1794901  0.69329586],48,92,"[0.1445164879810704, 0.6934455308809843]",-1,-1
4884,[0.22167709 0.65263651],48,42,"[0.2346625058996496, 0.695644821677479]",-1,-1
4885,[0.20636444 0.65685755],48,42,"[0.2346625058996496, 0.695644821677479]",-1,-1
4886,[0.21694892 0.66456102],48,42,"[0.2346625058996496, 0.695644821677479]",-1,-1
4887,[0.15400086 0.63676055],48,92,"[0.1445164879810704, 0.6934455308809843]",1,-1
4888,[0.14638142 0.75171629],48,92,"[0.1445164879810704, 0.6934455308809843]",-1,-1
4889,[0.24198147 0.66826725],48,42,"[0.2346625058996496, 0.695644821677479]",-1,-1
4890,[0.25427113 0.63036772],48,14,"[0.2991912902140973, 0.6498158096286489]",115,59
4891,[0.15441989 0.63494037],48,92,"[0.1445164879810704, 0.6934455308809843]",1,-1
4892,[0.21208229 0.64345832],48,42,"[0.2346625058996496, 0.695644821677479]",32,-1
4893,[0.22703072 0.68027627],48,42,"[0.2346625058996496, 0.695644821677479]",-1,-1
4894,[0.22693179 0.66877974],48,42,"[0.2346625058996496, 0.695644821677479]",-1,-1
4895,[0.21252361 0.6760776 ],48,42,"[0.2346625058996496, 0.695644821677479]",-1,-1
4896,[0.2380498  0.59607967],48,17,"[0.25907980690829885, 0.5772508610653444]",-1,-1
4897,[0.3059373  0.63628786],48,14,"[0.2991912902140973, 0.6498158096286489]",117,-1
4898,[0.24817529 0.63825747],48,14,"[0.2991912902140973, 0.6498158096286489]",115,59
4899,[0.13560954 0.64273629],48,92,"[0.1445164879810704, 0.6934455308809843]",1,-1
4900,[0.24548708 0.30311296],49,5,"[0.25263933558285595, 0.3182434845400105]",114,-1
4901,[0.21586946 0.19744806],49,38,"[0.21237696572363113, 0.23587686359823726]",-1,-1
4902,[0.3040691  0.27847402],49,30,"[0.2966359808455789, 0.2452350977488949]",114,-1
4903,[0.25034675 0.2696644 ],49,5,"[0.25263933558285595, 0.3182434845400105]",114,-1
4904,[0.17776056 0.30544477],49,64,"[0.14651710815353663, 0.31875187760214785]",42,13
4905,[0.32645516 0.28958118],49,31,"[0.3442046468432694, 0.303512725044185]",-1,-1
4906,[0.22137703 0.29306443],49,5,"[0.25263933558285595, 0.3182434845400105]",114,-1
4907,[0.28925279 0.31112921],49,5,"[0.25263933558285595, 0.3182434845400105]",114,-1
4908,[0.27129878 0.27225114],49,30,"[0.2966359808455789, 0.2452350977488949]",114,94
4909,[0.29680097 0.27726529],49,30,"[0.2966359808455789, 0.2452350977488949]",114,-1
4910,[0.21134003 0.21787209],49,38,"[0.21237696572363113, 0.23587686359823726]",-1,-1
4911,[0.24546268 0.3150998 ],49,5,"[0.25263933558285595, 0.3182434845400105]",114,94
4912,[0.27951603 0.33420731],49,5,"[0.25263933558285595, 0.3182434845400105]",114,-1
4913,[0.30752919 0.29658019],49,31,"[0.3442046468432694, 0.303512725044185]",-1,-1
4914,[0.19420014 0.23611154],49,38,"[0.21237696572363113, 0.23587686359823726]",-1,-1
4915,[0.30764012 0.27093584],49,30,"[0.2966359808455789, 0.2452350977488949]",114,-1
4916,[0.20057066 0.23893025],49,38,"[0.21237696572363113, 0.23587686359823726]",114,-1
4917,[0.30654416 0.24731924],49,30,"[0.2966359808455789, 0.2452350977488949]",114,-1
4918,[0.21738427 0.25422758],49,38,"[0.21237696572363113, 0.23587686359823726]",114,54
4919,[0.28205943 0.31794696],49,5,"[0.25263933558285595, 0.3182434845400105]",114,-1
4920,[0.23538303 0.31520847],49,5,"[0.25263933558285595, 0.3182434845400105]",114,94
4921,[0.20047641 0.31167518],49,5,"[0.25263933558285595, 0.3182434845400105]",41,-1
4922,[0.24601086 0.33907968],49,5,"[0.25263933558285595, 0.3182434845400105]",-1,-1
4923,[0.2588624  0.27646457],49,5,"[0.25263933558285595, 0.3182434845400105]",114,-1
4924,[0.21216821 0.26787103],49,38,"[0.21237696572363113, 0.23587686359823726]",114,-1
4925,[0.22469021 0.32482316],49,5,"[0.25263933558285595, 0.3182434845400105]",114,-1
4926,[0.18818918 0.29611334],49,64,"[0.14651710815353663, 0.31875187760214785]",-1,-1
4927,[0.1813842  0.23122872],49,38,"[0.21237696572363113, 0.23587686359823726]",-1,-1
4928,[0.23433167 0.32037617],49,5,"[0.25263933558285595, 0.3182434845400105]",114,94
4929,[0.24341957 0.27139498],49,38,"[0.21237696572363113, 0.23587686359823726]",-1,-1
4930,[0.27068857 0.29424143],49,5,"[0.25263933558285595, 0.3182434845400105]",114,94
4931,[0.18286818 0.31188155],49,64,"[0.14651710815353663, 0.31875187760214785]",42,13
4932,[0.21573266 0.27106848],49,38,"[0.21237696572363113, 0.23587686359823726]",-1,-1
4933,[0.2479428  0.31519904],49,5,"[0.25263933558285595, 0.3182434845400105]",114,94
4934,[0.25431952 0.32461516],49,5,"[0.25263933558285595, 0.3182434845400105]",114,-1
4935,[0.24673525 0.3407146 ],49,5,"[0.25263933558285595, 0.3182434845400105]",-1,-1
4936,[0.29664203 0.35881642],49,3,"[0.32011025026158857, 0.3826718810103493]",114,94
4937,[0.19850432 0.32135488],49,58,"[0.20200162677094644, 0.3700588211289526]",41,13
4938,[0.30797837 0.36772001],49,3,"[0.32011025026158857, 0.3826718810103493]",114,94
4939,[0.26397309 0.3339645 ],49,5,"[0.25263933558285595, 0.3182434845400105]",114,94
4940,[0.18398179 0.27541811],49,38,"[0.21237696572363113, 0.23587686359823726]",-1,-1
4941,[0.25644811 0.26759191],49,30,"[0.2966359808455789, 0.2452350977488949]",114,-1
4942,[0.20139216 0.32394831],49,58,"[0.20200162677094644, 0.3700588211289526]",41,13
4943,[0.20637803 0.24879582],49,38,"[0.21237696572363113, 0.23587686359823726]",114,54
4944,[0.28214615 0.20870099],49,30,"[0.2966359808455789, 0.2452350977488949]",-1,-1
4945,[0.1790241  0.25500781],49,38,"[0.21237696572363113, 0.23587686359823726]",-1,-1
4946,[0.20590539 0.23273498],49,38,"[0.21237696572363113, 0.23587686359823726]",-1,-1
4947,[0.1536621  0.20859628],49,38,"[0.21237696572363113, 0.23587686359823726]",-1,-1
4948,[0.29058126 0.27372985],49,30,"[0.2966359808455789, 0.2452350977488949]",114,-1
4949,[0.29164103 0.29969376],49,5,"[0.25263933558285595, 0.3182434845400105]",-1,-1
4950,[0.22637475 0.25525488],49,38,"[0.21237696572363113, 0.23587686359823726]",114,54
4951,[0.27180745 0.4107517 ],49,16,"[0.2555939088543306, 0.4149016525883056]",-1,-1
4952,[0.22556364 0.26208669],49,38,"[0.21237696572363113, 0.23587686359823726]",114,54
4953,[0.25512699 0.24864036],49,30,"[0.2966359808455789, 0.2452350977488949]",-1,-1
4954,[0.19445614 0.27469532],49,38,"[0.21237696572363113, 0.23587686359823726]",-1,-1
4955,[0.27672143 0.18770588],49,4,"[0.3328231275538315, 0.164647169186415]",113,64
4956,[0.28316909 0.23732747],49,30,"[0.2966359808455789, 0.2452350977488949]",114,-1
4957,[0.12307988 0.25340314],49,64,"[0.14651710815353663, 0.31875187760214785]",-1,-1
4958,[0.23634085 0.24933321],49,38,"[0.21237696572363113, 0.23587686359823726]",114,54
4959,[0.25785832 0.3389005 ],49,5,"[0.25263933558285595, 0.3182434845400105]",114,-1
4960,[0.21151289 0.24089473],49,38,"[0.21237696572363113, 0.23587686359823726]",-1,-1
4961,[0.25849257 0.26243254],49,30,"[0.2966359808455789, 0.2452350977488949]",-1,-1
4962,[0.28362913 0.29821854],49,5,"[0.25263933558285595, 0.3182434845400105]",114,-1
4963,[0.20311177 0.26795665],49,38,"[0.21237696572363113, 0.23587686359823726]",114,-1
4964,[0.20251331 0.28433168],49,38,"[0.21237696572363113, 0.23587686359823726]",-1,-1
4965,[0.20744815 0.2633019 ],49,38,"[0.21237696572363113, 0.23587686359823726]",114,-1
4966,[0.31827048 0.30169928],49,31,"[0.3442046468432694, 0.303512725044185]",114,-1
4967,[0.25645665 0.34639234],49,5,"[0.25263933558285595, 0.3182434845400105]",114,-1
4968,[0.23192188 0.25357824],49,38,"[0.21237696572363113, 0.23587686359823726]",114,54
4969,[0.31133818 0.2532291 ],49,30,"[0.2966359808455789, 0.2452350977488949]",114,80
4970,[0.22920405 0.2603836 ],49,38,"[0.21237696572363113, 0.23587686359823726]",114,54
4971,[0.25513542 0.26128375],49,30,"[0.2966359808455789, 0.2452350977488949]",114,-1
4972,[0.2350017  0.30075188],49,5,"[0.25263933558285595, 0.3182434845400105]",114,-1
4973,[0.21969991 0.30864287],49,5,"[0.25263933558285595, 0.3182434845400105]",-1,-1
4974,[0.25306362 0.31917727],49,5,"[0.25263933558285595, 0.3182434845400105]",114,-1
4975,[0.27252389 0.30654533],49,5,"[0.25263933558285595, 0.3182434845400105]",114,-1
4976,[0.17222098 0.22872762],49,38,"[0.21237696572363113, 0.23587686359823726]",-1,-1
4977,[0.23487326 0.39835161],49,16,"[0.2555939088543306, 0.4149016525883056]",114,-1
4978,[0.2329799  0.31173111],49,5,"[0.25263933558285595, 0.3182434845400105]",114,94
4979,[0.24124911 0.3257887 ],49,5,"[0.25263933558285595, 0.3182434845400105]",114,94
4980,[0.23454859 0.32074589],49,5,"[0.25263933558285595, 0.3182434845400105]",114,94
4981,[0.28838554 0.27450671],49,30,"[0.2966359808455789, 0.2452350977488949]",114,-1
4982,[0.17290466 0.28006188],49,64,"[0.14651710815353663, 0.31875187760214785]",-1,-1
4983,[0.2477991  0.25630429],49,38,"[0.21237696572363113, 0.23587686359823726]",114,-1
4984,[0.20222258 0.3000505 ],49,5,"[0.25263933558285595, 0.3182434845400105]",-1,-1
4985,[0.3076677  0.26386245],49,30,"[0.2966359808455789, 0.2452350977488949]",114,-1
4986,[0.25845132 0.30014483],49,5,"[0.25263933558285595, 0.3182434845400105]",114,-1
4987,[0.25397204 0.30878963],49,5,"[0.25263933558285595, 0.3182434845400105]",114,94
4988,[0.20082896 0.31620041],49,5,"[0.25263933558285595, 0.3182434845400105]",41,13
4989,[0.19380631 0.23175154],49,38,"[0.21237696572363113, 0.23587686359823726]",-1,-1
4990,[0.23095842 0.23420504],49,38,"[0.21237696572363113, 0.23587686359823726]",-1,-1
4991,[0.20678949 0.27083007],49,38,"[0.21237696572363113, 0.23587686359823726]",114,-1
4992,[0.1696696 0.2341689],49,38,"[0.21237696572363113, 0.23587686359823726]",-1,-1
4993,[0.30027654 0.17798232],49,4,"[0.3328231275538315, 0.164647169186415]",113,65
4994,[0.26274978 0.28246164],49,5,"[0.25263933558285595, 0.3182434845400105]",114,-1
4995,[0.16338425 0.32141152],49,64,"[0.14651710815353663, 0.31875187760214785]",-1,-1
4996,[0.17856053 0.20941954],49,38,"[0.21237696572363113, 0.23587686359823726]",-1,-1
4997,[0.2493739 0.1593726],49,34,"[0.2185740004144134, 0.15608943562981872]",-1,-1
4998,[0.28636969 0.24603011],49,30,"[0.2966359808455789, 0.2452350977488949]",114,80
4999,[0.15151643 0.26178728],49,64,"[0.14651710815353663, 0.31875187760214785]",-1,-1
5000,[0.74541719 0.3542538 ],50,27,"[0.730818627555406, 0.3326871572147463]",97,41
5001,[0.82382029 0.32264746],50,22,"[0.805104436152594, 0.30588484878908717]",97,-1
5002,[0.81226075 0.31891165],50,22,"[0.805104436152594, 0.30588484878908717]",97,32
5003,[0.80942701 0.40274048],50,8,"[0.782559314763462, 0.38675507962681555]",97,37
5004,[0.76883826 0.42392895],50,8,"[0.782559314763462, 0.38675507962681555]",97,-1
5005,[0.7580585  0.37542474],50,8,"[0.782559314763462, 0.38675507962681555]",97,39
5006,[0.78523218 0.37231995],50,8,"[0.782559314763462, 0.38675507962681555]",97,39
5007,[0.82565429 0.34032675],50,22,"[0.805104436152594, 0.30588484878908717]",97,-1
5008,[0.71636572 0.29476435],50,41,"[0.6948979646954763, 0.28219115991762456]",97,-1
5009,[0.78729991 0.41137509],50,8,"[0.782559314763462, 0.38675507962681555]",97,-1
5010,[0.81817632 0.36410959],50,8,"[0.782559314763462, 0.38675507962681555]",97,37
5011,[0.80229799 0.38136556],50,8,"[0.782559314763462, 0.38675507962681555]",97,-1
5012,[0.88702972 0.28925543],50,51,"[0.8936687523122694, 0.3204806601756303]",-1,-1
5013,[0.75385663 0.49692862],50,50,"[0.73400958366281, 0.4924303356245267]",28,-1
5014,[0.83830666 0.48387628],50,44,"[0.8589971214582324, 0.4394137560340503]",-1,-1
5015,[0.88074096 0.38271979],50,24,"[0.864304877149764, 0.37840873327476937]",97,29
5016,[0.77846438 0.48760893],50,82,"[0.7838251592389673, 0.4623077396916808]",28,4
5017,[0.74821782 0.32733652],50,27,"[0.730818627555406, 0.3326871572147463]",97,-1
5018,[0.74505445 0.34166594],50,27,"[0.730818627555406, 0.3326871572147463]",97,41
5019,[0.84146711 0.42679997],50,44,"[0.8589971214582324, 0.4394137560340503]",98,28
5020,[0.81228909 0.37993021],50,8,"[0.782559314763462, 0.38675507962681555]",97,37
5021,[0.86299391 0.47201735],50,44,"[0.8589971214582324, 0.4394137560340503]",-1,-1
5022,[0.8754035 0.4271299],50,44,"[0.8589971214582324, 0.4394137560340503]",90,28
5023,[0.88734501 0.3309353 ],50,51,"[0.8936687523122694, 0.3204806601756303]",97,-1
5024,[0.78004919 0.46536277],50,82,"[0.7838251592389673, 0.4623077396916808]",-1,-1
5025,[0.87022327 0.36957534],50,24,"[0.864304877149764, 0.37840873327476937]",97,-1
5026,[0.84104879 0.35809069],50,24,"[0.864304877149764, 0.37840873327476937]",97,-1
5027,[0.80635432 0.40763349],50,8,"[0.782559314763462, 0.38675507962681555]",97,37
5028,[0.82478031 0.31850099],50,22,"[0.805104436152594, 0.30588484878908717]",97,-1
5029,[0.80975158 0.4137887 ],50,8,"[0.782559314763462, 0.38675507962681555]",97,37
5030,[0.82714842 0.31381691],50,22,"[0.805104436152594, 0.30588484878908717]",97,33
5031,[0.79971891 0.42046321],50,8,"[0.782559314763462, 0.38675507962681555]",97,37
5032,[0.7818856  0.29482079],50,22,"[0.805104436152594, 0.30588484878908717]",97,-1
5033,[0.82419509 0.38649447],50,24,"[0.864304877149764, 0.37840873327476937]",97,37
5034,[0.80542107 0.44378008],50,82,"[0.7838251592389673, 0.4623077396916808]",97,-1
5035,[0.83103141 0.47693691],50,44,"[0.8589971214582324, 0.4394137560340503]",-1,-1
5036,[0.88839927 0.35738612],50,24,"[0.864304877149764, 0.37840873327476937]",97,29
5037,[0.78270257 0.33536239],50,22,"[0.805104436152594, 0.30588484878908717]",97,39
5038,[0.81750304 0.33266085],50,22,"[0.805104436152594, 0.30588484878908717]",97,32
5039,[0.78099471 0.40666315],50,8,"[0.782559314763462, 0.38675507962681555]",97,39
5040,[0.78288438 0.32486342],50,22,"[0.805104436152594, 0.30588484878908717]",97,-1
5041,[0.79173736 0.41684037],50,8,"[0.782559314763462, 0.38675507962681555]",97,-1
5042,[0.83693395 0.30679006],50,22,"[0.805104436152594, 0.30588484878908717]",97,33
5043,[0.80864094 0.41244545],50,8,"[0.782559314763462, 0.38675507962681555]",97,37
5044,[0.8375175  0.37680733],50,24,"[0.864304877149764, 0.37840873327476937]",97,-1
5045,[0.8315604  0.33932006],50,22,"[0.805104436152594, 0.30588484878908717]",97,34
5046,[0.76457243 0.34382368],50,27,"[0.730818627555406, 0.3326871572147463]",97,-1
5047,[0.84374485 0.36870727],50,24,"[0.864304877149764, 0.37840873327476937]",97,-1
5048,[0.78984121 0.37282396],50,8,"[0.782559314763462, 0.38675507962681555]",97,39
5049,[0.85141855 0.32443994],50,51,"[0.8936687523122694, 0.3204806601756303]",97,-1
5050,[0.87252464 0.40639724],50,24,"[0.864304877149764, 0.37840873327476937]",90,28
5051,[0.88052325 0.37623166],50,24,"[0.864304877149764, 0.37840873327476937]",97,29
5052,[0.88565829 0.31022208],50,51,"[0.8936687523122694, 0.3204806601756303]",97,26
5053,[0.7889556 0.39326  ],50,8,"[0.782559314763462, 0.38675507962681555]",97,39
5054,[0.85897261 0.3874403 ],50,24,"[0.864304877149764, 0.37840873327476937]",97,-1
5055,[0.79594744 0.40357959],50,8,"[0.782559314763462, 0.38675507962681555]",-1,-1
5056,[0.84050975 0.3070348 ],50,22,"[0.805104436152594, 0.30588484878908717]",97,-1
5057,[0.81204155 0.40945978],50,8,"[0.782559314763462, 0.38675507962681555]",97,37
5058,[0.80360959 0.32810304],50,22,"[0.805104436152594, 0.30588484878908717]",97,32
5059,[0.79435997 0.36080019],50,8,"[0.782559314763462, 0.38675507962681555]",97,39
5060,[0.76025558 0.47573852],50,82,"[0.7838251592389673, 0.4623077396916808]",28,4
5061,[0.85973182 0.39103276],50,24,"[0.864304877149764, 0.37840873327476937]",97,-1
5062,[0.87145689 0.3348075 ],50,51,"[0.8936687523122694, 0.3204806601756303]",97,-1
5063,[0.77280785 0.3674567 ],50,8,"[0.782559314763462, 0.38675507962681555]",97,39
5064,[0.74851927 0.33946118],50,27,"[0.730818627555406, 0.3326871572147463]",97,41
5065,[0.78513565 0.35180731],50,8,"[0.782559314763462, 0.38675507962681555]",97,39
5066,[0.90343233 0.37721604],50,24,"[0.864304877149764, 0.37840873327476937]",-1,-1
5067,[0.86037261 0.32845126],50,51,"[0.8936687523122694, 0.3204806601756303]",97,-1
5068,[0.84655794 0.42667051],50,44,"[0.8589971214582324, 0.4394137560340503]",98,28
5069,[0.87586078 0.42729301],50,44,"[0.8589971214582324, 0.4394137560340503]",90,28
5070,[0.78951985 0.42232396],50,8,"[0.782559314763462, 0.38675507962681555]",97,37
5071,[0.83076856 0.43011001],50,44,"[0.8589971214582324, 0.4394137560340503]",-1,28
5072,[0.76336728 0.43237058],50,82,"[0.7838251592389673, 0.4623077396916808]",97,-1
5073,[0.7644117 0.3691655],50,8,"[0.782559314763462, 0.38675507962681555]",97,39
5074,[0.76548145 0.37774181],50,8,"[0.782559314763462, 0.38675507962681555]",97,39
5075,[0.77478134 0.34593516],50,8,"[0.782559314763462, 0.38675507962681555]",97,39
5076,[0.79889169 0.33731152],50,22,"[0.805104436152594, 0.30588484878908717]",97,-1
5077,[0.78827568 0.35966465],50,8,"[0.782559314763462, 0.38675507962681555]",97,39
5078,[0.78198961 0.32297881],50,22,"[0.805104436152594, 0.30588484878908717]",97,-1
5079,[0.83924802 0.33494985],50,22,"[0.805104436152594, 0.30588484878908717]",97,34
5080,[0.76503052 0.30828208],50,22,"[0.805104436152594, 0.30588484878908717]",97,36
5081,[0.77930767 0.38764957],50,8,"[0.782559314763462, 0.38675507962681555]",97,-1
5082,[0.82931563 0.43744207],50,44,"[0.8589971214582324, 0.4394137560340503]",98,28
5083,[0.77762626 0.33014826],50,22,"[0.805104436152594, 0.30588484878908717]",97,39
5084,[0.79090223 0.35837343],50,8,"[0.782559314763462, 0.38675507962681555]",97,39
5085,[0.78918288 0.37632984],50,8,"[0.782559314763462, 0.38675507962681555]",97,39
5086,[0.74959015 0.38607152],50,8,"[0.782559314763462, 0.38675507962681555]",97,39
5087,[0.77182218 0.31324549],50,22,"[0.805104436152594, 0.30588484878908717]",97,36
5088,[0.8032741 0.4199062],50,8,"[0.782559314763462, 0.38675507962681555]",97,-1
5089,[0.87401966 0.3394623 ],50,51,"[0.8936687523122694, 0.3204806601756303]",97,-1
5090,[0.80798371 0.40140204],50,8,"[0.782559314763462, 0.38675507962681555]",97,37
5091,[0.72919006 0.39107589],50,60,"[0.7203559462110392, 0.4062231169521756]",97,-1
5092,[0.80099272 0.29355393],50,22,"[0.805104436152594, 0.30588484878908717]",-1,-1
5093,[0.83689146 0.34712764],50,24,"[0.864304877149764, 0.37840873327476937]",97,-1
5094,[0.80894227 0.33592307],50,22,"[0.805104436152594, 0.30588484878908717]",97,32
5095,[0.84713421 0.42769896],50,44,"[0.8589971214582324, 0.4394137560340503]",98,28
5096,[0.80600706 0.35138355],50,8,"[0.782559314763462, 0.38675507962681555]",97,-1
5097,[0.83826261 0.38617263],50,24,"[0.864304877149764, 0.37840873327476937]",97,-1
5098,[0.75891092 0.34247313],50,27,"[0.730818627555406, 0.3326871572147463]",97,-1
5099,[0.85593943 0.35103534],50,24,"[0.864304877149764, 0.37840873327476937]",97,-1
5100,[0.37904246 0.75340885],51,18,"[0.37162219884005204, 0.7974050461709582]",117,-1
5101,[0.36890704 0.74999836],51,0,"[0.3339356228276975, 0.7219842546928952]",117,98
5102,[0.39080996 0.77395338],51,18,"[0.37162219884005204, 0.7974050461709582]",117,-1
5103,[0.36037409 0.82118497],51,18,"[0.37162219884005204, 0.7974050461709582]",-1,-1
5104,[0.33772163 0.71948169],51,0,"[0.3339356228276975, 0.7219842546928952]",117,98
5105,[0.40961709 0.70925858],51,36,"[0.3984729155032823, 0.6728808968441772]",117,-1
5106,[0.41472971 0.78499144],51,20,"[0.4431801719912439, 0.7668078343201206]",-1,-1
5107,[0.36832063 0.81360107],51,18,"[0.37162219884005204, 0.7974050461709582]",-1,-1
5108,[0.344456   0.66699626],51,14,"[0.2991912902140973, 0.6498158096286489]",117,100
5109,[0.44716034 0.74960185],51,20,"[0.4431801719912439, 0.7668078343201206]",117,90
5110,[0.32958455 0.80995824],51,6,"[0.2864937659294625, 0.8061319185734634]",117,-1
5111,[0.3408036  0.71159642],51,0,"[0.3339356228276975, 0.7219842546928952]",117,98
5112,[0.3373043  0.77696858],51,18,"[0.37162219884005204, 0.7974050461709582]",117,-1
5113,[0.34019771 0.74431467],51,0,"[0.3339356228276975, 0.7219842546928952]",117,98
5114,[0.30120132 0.77716139],51,6,"[0.2864937659294625, 0.8061319185734634]",117,98
5115,[0.41667564 0.78739088],51,20,"[0.4431801719912439, 0.7668078343201206]",-1,-1
5116,[0.43096681 0.76185139],51,20,"[0.4431801719912439, 0.7668078343201206]",-1,-1
5117,[0.36098949 0.76225865],51,18,"[0.37162219884005204, 0.7974050461709582]",117,-1
5118,[0.33342906 0.72664352],51,0,"[0.3339356228276975, 0.7219842546928952]",117,98
5119,[0.33916791 0.6764824 ],51,0,"[0.3339356228276975, 0.7219842546928952]",117,-1
5120,[0.34225808 0.74578657],51,0,"[0.3339356228276975, 0.7219842546928952]",117,98
5121,[0.3819896  0.69462076],51,36,"[0.3984729155032823, 0.6728808968441772]",117,-1
5122,[0.34075514 0.65774921],51,14,"[0.2991912902140973, 0.6498158096286489]",117,100
5123,[0.34072338 0.7188555 ],51,0,"[0.3339356228276975, 0.7219842546928952]",117,98
5124,[0.45209763 0.76867451],51,20,"[0.4431801719912439, 0.7668078343201206]",117,-1
5125,[0.4431293  0.79278091],51,20,"[0.4431801719912439, 0.7668078343201206]",117,-1
5126,[0.36150258 0.74533381],51,0,"[0.3339356228276975, 0.7219842546928952]",117,98
5127,[0.36276341 0.73058211],51,0,"[0.3339356228276975, 0.7219842546928952]",117,-1
5128,[0.31707222 0.70192281],51,0,"[0.3339356228276975, 0.7219842546928952]",-1,-1
5129,[0.32796577 0.79715891],51,6,"[0.2864937659294625, 0.8061319185734634]",-1,-1
5130,[0.32257003 0.78401819],51,6,"[0.2864937659294625, 0.8061319185734634]",117,-1
5131,[0.44202682 0.78097208],51,20,"[0.4431801719912439, 0.7668078343201206]",117,-1
5132,[0.33969995 0.70191817],51,0,"[0.3339356228276975, 0.7219842546928952]",117,98
5133,[0.45659914 0.6957867 ],51,21,"[0.4609870817439305, 0.702274209592598]",117,90
5134,[0.35919494 0.75018075],51,0,"[0.3339356228276975, 0.7219842546928952]",117,98
5135,[0.36432102 0.71931733],51,0,"[0.3339356228276975, 0.7219842546928952]",117,-1
5136,[0.39802306 0.75281233],51,20,"[0.4431801719912439, 0.7668078343201206]",-1,-1
5137,[0.41316691 0.74532615],51,20,"[0.4431801719912439, 0.7668078343201206]",117,-1
5138,[0.36636074 0.75496755],51,18,"[0.37162219884005204, 0.7974050461709582]",117,98
5139,[0.39766284 0.68569246],51,36,"[0.3984729155032823, 0.6728808968441772]",117,97
5140,[0.46683547 0.75469129],51,20,"[0.4431801719912439, 0.7668078343201206]",117,-1
5141,[0.29391651 0.69574007],51,14,"[0.2991912902140973, 0.6498158096286489]",117,-1
5142,[0.3344859  0.77518093],51,18,"[0.37162219884005204, 0.7974050461709582]",117,-1
5143,[0.3515384  0.72572955],51,0,"[0.3339356228276975, 0.7219842546928952]",117,-1
5144,[0.3781656  0.80847349],51,18,"[0.37162219884005204, 0.7974050461709582]",78,-1
5145,[0.43517963 0.74063003],51,20,"[0.4431801719912439, 0.7668078343201206]",-1,-1
5146,[0.37416765 0.77411309],51,18,"[0.37162219884005204, 0.7974050461709582]",117,-1
5147,[0.33947643 0.69826511],51,0,"[0.3339356228276975, 0.7219842546928952]",117,98
5148,[0.39937147 0.86486552],51,98,"[0.4323163129581021, 0.8640542438885145]",-1,-1
5149,[0.36572454 0.79049865],51,18,"[0.37162219884005204, 0.7974050461709582]",117,-1
5150,[0.39292344 0.73146279],51,36,"[0.3984729155032823, 0.6728808968441772]",-1,-1
5151,[0.39803769 0.67602467],51,36,"[0.3984729155032823, 0.6728808968441772]",117,-1
5152,[0.35041342 0.82631064],51,18,"[0.37162219884005204, 0.7974050461709582]",-1,-1
5153,[0.32964196 0.69022615],51,0,"[0.3339356228276975, 0.7219842546928952]",117,-1
5154,[0.41147808 0.709189  ],51,36,"[0.3984729155032823, 0.6728808968441772]",117,91
5155,[0.3523808  0.70327181],51,0,"[0.3339356228276975, 0.7219842546928952]",117,-1
5156,[0.43518168 0.69196239],51,21,"[0.4609870817439305, 0.702274209592598]",117,-1
5157,[0.39737568 0.71448811],51,36,"[0.3984729155032823, 0.6728808968441772]",117,-1
5158,[0.36118832 0.75734124],51,18,"[0.37162219884005204, 0.7974050461709582]",117,98
5159,[0.28211961 0.67444203],51,14,"[0.2991912902140973, 0.6498158096286489]",117,-1
5160,[0.36398862 0.65380459],51,36,"[0.3984729155032823, 0.6728808968441772]",117,-1
5161,[0.50119389 0.75849142],51,20,"[0.4431801719912439, 0.7668078343201206]",43,-1
5162,[0.39323102 0.76564427],51,18,"[0.37162219884005204, 0.7974050461709582]",117,-1
5163,[0.39437163 0.68855205],51,36,"[0.3984729155032823, 0.6728808968441772]",117,97
5164,[0.31041259 0.78685408],51,6,"[0.2864937659294625, 0.8061319185734634]",117,-1
5165,[0.4098536  0.79297282],51,18,"[0.37162219884005204, 0.7974050461709582]",117,-1
5166,[0.41738066 0.76788604],51,20,"[0.4431801719912439, 0.7668078343201206]",117,-1
5167,[0.3066463  0.79422358],51,6,"[0.2864937659294625, 0.8061319185734634]",117,-1
5168,[0.2998689  0.72221903],51,0,"[0.3339356228276975, 0.7219842546928952]",117,-1
5169,[0.42133808 0.72977411],51,20,"[0.4431801719912439, 0.7668078343201206]",117,-1
5170,[0.37209397 0.67676076],51,36,"[0.3984729155032823, 0.6728808968441772]",117,-1
5171,[0.41280671 0.76348871],51,20,"[0.4431801719912439, 0.7668078343201206]",117,86
5172,[0.38072189 0.69741358],51,36,"[0.3984729155032823, 0.6728808968441772]",117,-1
5173,[0.39514054 0.74474661],51,20,"[0.4431801719912439, 0.7668078343201206]",-1,-1
5174,[0.31656497 0.7898996 ],51,6,"[0.2864937659294625, 0.8061319185734634]",117,-1
5175,[0.32584101 0.71545021],51,0,"[0.3339356228276975, 0.7219842546928952]",117,98
5176,[0.28520131 0.71650082],51,0,"[0.3339356228276975, 0.7219842546928952]",117,98
5177,[0.3078273  0.74930055],51,0,"[0.3339356228276975, 0.7219842546928952]",117,98
5178,[0.44200214 0.75144346],51,20,"[0.4431801719912439, 0.7668078343201206]",117,-1
5179,[0.32843957 0.76746571],51,0,"[0.3339356228276975, 0.7219842546928952]",117,-1
5180,[0.40667739 0.68955924],51,36,"[0.3984729155032823, 0.6728808968441772]",117,-1
5181,[0.36878712 0.83024024],51,18,"[0.37162219884005204, 0.7974050461709582]",-1,-1
5182,[0.35638805 0.7391735 ],51,0,"[0.3339356228276975, 0.7219842546928952]",117,98
5183,[0.47126829 0.69214928],51,21,"[0.4609870817439305, 0.702274209592598]",117,-1
5184,[0.39833932 0.765449  ],51,18,"[0.37162219884005204, 0.7974050461709582]",117,86
5185,[0.37241459 0.63437191],51,7,"[0.3567953152728649, 0.610864568428335]",117,100
5186,[0.49333684 0.69247472],51,21,"[0.4609870817439305, 0.702274209592598]",117,-1
5187,[0.3230977  0.71612015],51,0,"[0.3339356228276975, 0.7219842546928952]",117,98
5188,[0.36958676 0.67785579],51,36,"[0.3984729155032823, 0.6728808968441772]",117,-1
5189,[0.34347894 0.66669771],51,14,"[0.2991912902140973, 0.6498158096286489]",117,100
5190,[0.37706254 0.68892082],51,36,"[0.3984729155032823, 0.6728808968441772]",117,97
5191,[0.28264033 0.72407972],51,0,"[0.3339356228276975, 0.7219842546928952]",117,-1
5192,[0.36015128 0.74961226],51,0,"[0.3339356228276975, 0.7219842546928952]",117,98
5193,[0.46751116 0.7451796 ],51,20,"[0.4431801719912439, 0.7668078343201206]",-1,-1
5194,[0.31054571 0.69695556],51,0,"[0.3339356228276975, 0.7219842546928952]",117,-1
5195,[0.37209188 0.76070887],51,18,"[0.37162219884005204, 0.7974050461709582]",117,98
5196,[0.40302131 0.7367314 ],51,20,"[0.4431801719912439, 0.7668078343201206]",117,-1
5197,[0.45442888 0.74713258],51,20,"[0.4431801719912439, 0.7668078343201206]",117,90
5198,[0.43546011 0.87143045],51,98,"[0.4323163129581021, 0.8640542438885145]",-1,-1
5199,[0.39740369 0.70932333],51,36,"[0.3984729155032823, 0.6728808968441772]",117,-1
5200,[0.47207388 0.54176975],52,28,"[0.4883199384691489, 0.5133386333280389]",117,96
5201,[0.44164565 0.59550156],52,23,"[0.42263643503799797, 0.6161205416303672]",117,-1
5202,[0.47639856 0.47867252],52,28,"[0.4883199384691489, 0.5133386333280389]",79,27
5203,[0.47861809 0.5315303 ],52,28,"[0.4883199384691489, 0.5133386333280389]",117,-1
5204,[0.40400755 0.47047438],52,39,"[0.3669055865255626, 0.44498159830625134]",-1,-1
5205,[0.36641988 0.55042881],52,9,"[0.34993355860173564, 0.5388204709038561]",117,-1
5206,[0.49240972 0.55011758],52,28,"[0.4883199384691489, 0.5133386333280389]",-1,-1
5207,[0.47037612 0.53603135],52,28,"[0.4883199384691489, 0.5133386333280389]",117,-1
5208,[0.40232291 0.53923565],52,29,"[0.4203507518330517, 0.5402216776416098]",117,100
5209,[0.46838626 0.54186673],52,28,"[0.4883199384691489, 0.5133386333280389]",117,-1
5210,[0.48558053 0.39482948],52,55,"[0.4911189724579566, 0.36032847748337926]",94,19
5211,[0.39173685 0.547309  ],52,29,"[0.4203507518330517, 0.5402216776416098]",117,-1
5212,[0.54536211 0.52998684],52,62,"[0.5599812286976242, 0.5191315092027347]",-1,-1
5213,[0.45034243 0.53710084],52,29,"[0.4203507518330517, 0.5402216776416098]",117,96
5214,[0.40436614 0.55017408],52,29,"[0.4203507518330517, 0.5402216776416098]",117,100
5215,[0.49494274 0.47999033],52,28,"[0.4883199384691489, 0.5133386333280389]",79,27
5216,[0.37533465 0.56597154],52,9,"[0.34993355860173564, 0.5388204709038561]",117,100
5217,[0.46681961 0.53303101],52,28,"[0.4883199384691489, 0.5133386333280389]",117,-1
5218,[0.49069268 0.55755544],52,28,"[0.4883199384691489, 0.5133386333280389]",117,73
5219,[0.53066077 0.48528605],52,81,"[0.5486595324958304, 0.45111899886780193]",-1,-1
5220,[0.40892214 0.49486804],52,29,"[0.4203507518330517, 0.5402216776416098]",117,-1
5221,[0.51028268 0.48132502],52,28,"[0.4883199384691489, 0.5133386333280389]",-1,-1
5222,[0.43465208 0.5403245 ],52,29,"[0.4203507518330517, 0.5402216776416098]",117,96
5223,[0.44692663 0.51965799],52,29,"[0.4203507518330517, 0.5402216776416098]",117,-1
5224,[0.4610376  0.47146546],52,46,"[0.4417948344818715, 0.4376736545727672]",-1,-1
5225,[0.49631246 0.60377498],52,15,"[0.5005882845969348, 0.6071157673844066]",105,-1
5226,[0.51931984 0.48877387],52,28,"[0.4883199384691489, 0.5133386333280389]",-1,-1
5227,[0.53495412 0.54085368],52,62,"[0.5599812286976242, 0.5191315092027347]",-1,-1
5228,[0.43701302 0.56836955],52,29,"[0.4203507518330517, 0.5402216776416098]",117,96
5229,[0.47899169 0.46436251],52,46,"[0.4417948344818715, 0.4376736545727672]",-1,-1
5230,[0.48518312 0.53721857],52,28,"[0.4883199384691489, 0.5133386333280389]",117,-1
5231,[0.38909885 0.59695091],52,7,"[0.3567953152728649, 0.610864568428335]",117,100
5232,[0.48935986 0.59906656],52,15,"[0.5005882845969348, 0.6071157673844066]",105,-1
5233,[0.40729967 0.48655606],52,29,"[0.4203507518330517, 0.5402216776416098]",-1,-1
5234,[0.44919664 0.51901208],52,29,"[0.4203507518330517, 0.5402216776416098]",117,-1
5235,[0.4339118  0.53373075],52,29,"[0.4203507518330517, 0.5402216776416098]",117,96
5236,[0.40820867 0.51256444],52,29,"[0.4203507518330517, 0.5402216776416098]",117,-1
5237,[0.42220804 0.55071067],52,29,"[0.4203507518330517, 0.5402216776416098]",117,-1
5238,[0.41572681 0.47685173],52,46,"[0.4417948344818715, 0.4376736545727672]",-1,-1
5239,[0.43225677 0.50246529],52,29,"[0.4203507518330517, 0.5402216776416098]",-1,-1
5240,[0.46849556 0.65350089],52,21,"[0.4609870817439305, 0.702274209592598]",117,-1
5241,[0.36474572 0.45669665],52,39,"[0.3669055865255626, 0.44498159830625134]",114,75
5242,[0.39563529 0.53489968],52,29,"[0.4203507518330517, 0.5402216776416098]",117,100
5243,[0.42768798 0.45794585],52,46,"[0.4417948344818715, 0.4376736545727672]",-1,-1
5244,[0.44653394 0.48641278],52,46,"[0.4417948344818715, 0.4376736545727672]",103,-1
5245,[0.50965159 0.54712955],52,28,"[0.4883199384691489, 0.5133386333280389]",116,-1
5246,[0.48053518 0.50576883],52,28,"[0.4883199384691489, 0.5133386333280389]",117,-1
5247,[0.44355497 0.47634568],52,46,"[0.4417948344818715, 0.4376736545727672]",103,-1
5248,[0.3928446  0.51892326],52,29,"[0.4203507518330517, 0.5402216776416098]",117,-1
5249,[0.46930636 0.5325104 ],52,28,"[0.4883199384691489, 0.5133386333280389]",117,96
5250,[0.3752234  0.45070424],52,39,"[0.3669055865255626, 0.44498159830625134]",114,75
5251,[0.40828569 0.53514925],52,29,"[0.4203507518330517, 0.5402216776416098]",117,-1
5252,[0.40630491 0.48766838],52,29,"[0.4203507518330517, 0.5402216776416098]",-1,-1
5253,[0.44341087 0.48651557],52,46,"[0.4417948344818715, 0.4376736545727672]",103,-1
5254,[0.47876308 0.57723247],52,15,"[0.5005882845969348, 0.6071157673844066]",-1,-1
5255,[0.44631379 0.56284944],52,29,"[0.4203507518330517, 0.5402216776416098]",117,96
5256,[0.45831216 0.53161109],52,28,"[0.4883199384691489, 0.5133386333280389]",117,-1
5257,[0.5038827 0.4130844],52,71,"[0.5256853689354785, 0.4139886337990054]",63,19
5258,[0.45323037 0.47706432],52,46,"[0.4417948344818715, 0.4376736545727672]",-1,-1
5259,[0.38390284 0.5056457 ],52,9,"[0.34993355860173564, 0.5388204709038561]",-1,-1
5260,[0.46590459 0.44737444],52,46,"[0.4417948344818715, 0.4376736545727672]",76,-1
5261,[0.46867283 0.60529536],52,15,"[0.5005882845969348, 0.6071157673844066]",-1,-1
5262,[0.46970885 0.48546896],52,28,"[0.4883199384691489, 0.5133386333280389]",79,-1
5263,[0.45193266 0.55129841],52,29,"[0.4203507518330517, 0.5402216776416098]",117,96
5264,[0.45339752 0.54936647],52,29,"[0.4203507518330517, 0.5402216776416098]",117,96
5265,[0.52176962 0.57771424],52,15,"[0.5005882845969348, 0.6071157673844066]",117,-1
5266,[0.54009404 0.51917138],52,62,"[0.5599812286976242, 0.5191315092027347]",82,-1
5267,[0.4186036  0.48453943],52,46,"[0.4417948344818715, 0.4376736545727672]",-1,-1
5268,[0.41581247 0.51270474],52,29,"[0.4203507518330517, 0.5402216776416098]",117,-1
5269,[0.40372515 0.5265742 ],52,29,"[0.4203507518330517, 0.5402216776416098]",117,100
5270,[0.47579558 0.524449  ],52,28,"[0.4883199384691489, 0.5133386333280389]",-1,-1
5271,[0.41460337 0.47944295],52,46,"[0.4417948344818715, 0.4376736545727672]",-1,-1
5272,[0.43409599 0.47486523],52,46,"[0.4417948344818715, 0.4376736545727672]",103,-1
5273,[0.43761695 0.47431629],52,46,"[0.4417948344818715, 0.4376736545727672]",-1,-1
5274,[0.57114634 0.48245923],52,96,"[0.5870420562460407, 0.47625501210099697]",93,-1
5275,[0.49523625 0.49849951],52,28,"[0.4883199384691489, 0.5133386333280389]",-1,-1
5276,[0.48290972 0.43777852],52,46,"[0.4417948344818715, 0.4376736545727672]",-1,-1
5277,[0.4752519  0.50851657],52,28,"[0.4883199384691489, 0.5133386333280389]",117,-1
5278,[0.55253714 0.48639497],52,62,"[0.5599812286976242, 0.5191315092027347]",-1,-1
5279,[0.42775432 0.54500427],52,29,"[0.4203507518330517, 0.5402216776416098]",117,96
5280,[0.43872645 0.56222826],52,29,"[0.4203507518330517, 0.5402216776416098]",117,-1
5281,[0.44483934 0.51626361],52,29,"[0.4203507518330517, 0.5402216776416098]",-1,-1
5282,[0.42037122 0.55920823],52,29,"[0.4203507518330517, 0.5402216776416098]",117,-1
5283,[0.49206465 0.53120483],52,28,"[0.4883199384691489, 0.5133386333280389]",117,-1
5284,[0.48808248 0.47747617],52,28,"[0.4883199384691489, 0.5133386333280389]",79,27
5285,[0.39332958 0.46800098],52,39,"[0.3669055865255626, 0.44498159830625134]",96,-1
5286,[0.50923856 0.5375251 ],52,28,"[0.4883199384691489, 0.5133386333280389]",116,-1
5287,[0.46459317 0.51682942],52,28,"[0.4883199384691489, 0.5133386333280389]",-1,-1
5288,[0.4294901  0.56603285],52,29,"[0.4203507518330517, 0.5402216776416098]",117,96
5289,[0.45332327 0.50675536],52,28,"[0.4883199384691489, 0.5133386333280389]",117,-1
5290,[0.45774665 0.5005705 ],52,28,"[0.4883199384691489, 0.5133386333280389]",117,-1
5291,[0.4718863 0.4047299],52,46,"[0.4417948344818715, 0.4376736545727672]",-1,-1
5292,[0.43363156 0.52994544],52,29,"[0.4203507518330517, 0.5402216776416098]",117,96
5293,[0.46000363 0.55707601],52,29,"[0.4203507518330517, 0.5402216776416098]",117,96
5294,[0.39153727 0.53914309],52,29,"[0.4203507518330517, 0.5402216776416098]",117,-1
5295,[0.40186046 0.56580759],52,29,"[0.4203507518330517, 0.5402216776416098]",117,100
5296,[0.44821133 0.49630617],52,28,"[0.4883199384691489, 0.5133386333280389]",-1,-1
5297,[0.44736704 0.65849073],52,21,"[0.4609870817439305, 0.702274209592598]",117,-1
5298,[0.53053934 0.46924558],52,81,"[0.5486595324958304, 0.45111899886780193]",79,-1
5299,[0.40432215 0.49805781],52,29,"[0.4203507518330517, 0.5402216776416098]",117,-1
5300,[0.34565128 0.21367525],53,4,"[0.3328231275538315, 0.164647169186415]",113,-1
5301,[0.24431014 0.2636679 ],53,38,"[0.21237696572363113, 0.23587686359823726]",114,-1
5302,[0.26825445 0.21812999],53,30,"[0.2966359808455789, 0.2452350977488949]",-1,-1
5303,[0.24782464 0.19061202],53,34,"[0.2185740004144134, 0.15608943562981872]",-1,64
5304,[0.31645332 0.30788713],53,31,"[0.3442046468432694, 0.303512725044185]",114,-1
5305,[0.25631897 0.33185709],53,5,"[0.25263933558285595, 0.3182434845400105]",114,-1
5306,[0.15388731 0.29167795],53,64,"[0.14651710815353663, 0.31875187760214785]",-1,-1
5307,[0.1938008 0.2024813],53,38,"[0.21237696572363113, 0.23587686359823726]",-1,-1
5308,[0.19940665 0.18576221],53,34,"[0.2185740004144134, 0.15608943562981872]",111,-1
5309,[0.2080281  0.26117903],53,38,"[0.21237696572363113, 0.23587686359823726]",114,54
5310,[0.25454596 0.18501433],53,34,"[0.2185740004144134, 0.15608943562981872]",113,-1
5311,[0.20747372 0.18877057],53,34,"[0.2185740004144134, 0.15608943562981872]",111,-1
5312,[0.23525473 0.19316434],53,34,"[0.2185740004144134, 0.15608943562981872]",113,64
5313,[0.22859014 0.26779562],53,38,"[0.21237696572363113, 0.23587686359823726]",114,54
5314,[0.26340213 0.19062571],53,34,"[0.2185740004144134, 0.15608943562981872]",113,64
5315,[0.2807647  0.23801303],53,30,"[0.2966359808455789, 0.2452350977488949]",114,-1
5316,[0.26194362 0.26849379],53,30,"[0.2966359808455789, 0.2452350977488949]",114,-1
5317,[0.25698164 0.14723116],53,34,"[0.2185740004144134, 0.15608943562981872]",110,-1
5318,[0.31051105 0.29148537],53,31,"[0.3442046468432694, 0.303512725044185]",114,-1
5319,[0.28036006 0.2506643 ],53,30,"[0.2966359808455789, 0.2452350977488949]",114,-1
5320,[0.28393412 0.18125672],53,4,"[0.3328231275538315, 0.164647169186415]",113,-1
5321,[0.24967288 0.23974426],53,38,"[0.21237696572363113, 0.23587686359823726]",114,54
5322,[0.20278885 0.17137419],53,34,"[0.2185740004144134, 0.15608943562981872]",111,-1
5323,[0.28807714 0.23653934],53,30,"[0.2966359808455789, 0.2452350977488949]",114,-1
5324,[0.18489566 0.22874788],53,38,"[0.21237696572363113, 0.23587686359823726]",-1,-1
5325,[0.2322614  0.30010449],53,5,"[0.25263933558285595, 0.3182434845400105]",114,-1
5326,[0.30683551 0.27013246],53,30,"[0.2966359808455789, 0.2452350977488949]",114,-1
5327,[0.24016026 0.29518307],53,5,"[0.25263933558285595, 0.3182434845400105]",114,-1
5328,[0.2878807  0.25410356],53,30,"[0.2966359808455789, 0.2452350977488949]",114,80
5329,[0.2256991 0.2803379],53,38,"[0.21237696572363113, 0.23587686359823726]",-1,-1
5330,[0.36244685 0.24969108],53,31,"[0.3442046468432694, 0.303512725044185]",100,16
5331,[0.29801399 0.24725839],53,30,"[0.2966359808455789, 0.2452350977488949]",114,-1
5332,[0.29821826 0.17426265],53,4,"[0.3328231275538315, 0.164647169186415]",113,-1
5333,[0.25726969 0.19549892],53,34,"[0.2185740004144134, 0.15608943562981872]",113,64
5334,[0.27241789 0.24309525],53,30,"[0.2966359808455789, 0.2452350977488949]",114,-1
5335,[0.2957083 0.2429862],53,30,"[0.2966359808455789, 0.2452350977488949]",114,80
5336,[0.16489279 0.28279955],53,64,"[0.14651710815353663, 0.31875187760214785]",-1,-1
5337,[0.25361122 0.22873299],53,38,"[0.21237696572363113, 0.23587686359823726]",-1,-1
5338,[0.19169926 0.16327175],53,34,"[0.2185740004144134, 0.15608943562981872]",-1,-1
5339,[0.23129167 0.25909662],53,38,"[0.21237696572363113, 0.23587686359823726]",114,54
5340,[0.27449229 0.19722406],53,30,"[0.2966359808455789, 0.2452350977488949]",113,-1
5341,[0.17003474 0.21168347],53,38,"[0.21237696572363113, 0.23587686359823726]",-1,-1
5342,[0.30242264 0.25736598],53,30,"[0.2966359808455789, 0.2452350977488949]",114,80
5343,[0.22991848 0.24458064],53,38,"[0.21237696572363113, 0.23587686359823726]",-1,-1
5344,[0.24780503 0.27740086],53,5,"[0.25263933558285595, 0.3182434845400105]",114,-1
5345,[0.30763645 0.1787151 ],53,4,"[0.3328231275538315, 0.164647169186415]",113,65
5346,[0.31183958 0.17481988],53,4,"[0.3328231275538315, 0.164647169186415]",113,65
5347,[0.23112217 0.27867867],53,5,"[0.25263933558285595, 0.3182434845400105]",-1,-1
5348,[0.30081269 0.18552551],53,4,"[0.3328231275538315, 0.164647169186415]",113,-1
5349,[0.27623341 0.28110981],53,30,"[0.2966359808455789, 0.2452350977488949]",114,94
5350,[0.22987714 0.25576263],53,38,"[0.21237696572363113, 0.23587686359823726]",114,54
5351,[0.22097604 0.21088141],53,38,"[0.21237696572363113, 0.23587686359823726]",101,-1
5352,[0.29137555 0.24835886],53,30,"[0.2966359808455789, 0.2452350977488949]",114,80
5353,[0.21983591 0.33381937],53,5,"[0.25263933558285595, 0.3182434845400105]",114,-1
5354,[0.28008253 0.28152076],53,30,"[0.2966359808455789, 0.2452350977488949]",114,94
5355,[0.29975852 0.25039555],53,30,"[0.2966359808455789, 0.2452350977488949]",114,80
5356,[0.24059442 0.17647294],53,34,"[0.2185740004144134, 0.15608943562981872]",-1,-1
5357,[0.33317835 0.20292543],53,4,"[0.3328231275538315, 0.164647169186415]",113,63
5358,[0.25526113 0.30162434],53,5,"[0.25263933558285595, 0.3182434845400105]",114,-1
5359,[0.277715   0.19220468],53,30,"[0.2966359808455789, 0.2452350977488949]",113,64
5360,[0.22611375 0.24906563],53,38,"[0.21237696572363113, 0.23587686359823726]",114,54
5361,[0.1945314  0.23790189],53,38,"[0.21237696572363113, 0.23587686359823726]",-1,-1
5362,[0.29653948 0.25234172],53,30,"[0.2966359808455789, 0.2452350977488949]",114,80
5363,[0.21436085 0.18969521],53,34,"[0.2185740004144134, 0.15608943562981872]",111,-1
5364,[0.22356003 0.21853236],53,38,"[0.21237696572363113, 0.23587686359823726]",-1,-1
5365,[0.20145564 0.25051687],53,38,"[0.21237696572363113, 0.23587686359823726]",114,-1
5366,[0.14839789 0.2487108 ],53,38,"[0.21237696572363113, 0.23587686359823726]",-1,-1
5367,[0.26605088 0.3254483 ],53,5,"[0.25263933558285595, 0.3182434845400105]",114,-1
5368,[0.27344981 0.29043993],53,5,"[0.25263933558285595, 0.3182434845400105]",114,94
5369,[0.27690636 0.28007335],53,30,"[0.2966359808455789, 0.2452350977488949]",114,94
5370,[0.23049325 0.34227077],53,5,"[0.25263933558285595, 0.3182434845400105]",114,-1
5371,[0.23005029 0.32858887],53,5,"[0.25263933558285595, 0.3182434845400105]",114,94
5372,[0.31306971 0.27022647],53,30,"[0.2966359808455789, 0.2452350977488949]",114,-1
5373,[0.28016007 0.31983877],53,5,"[0.25263933558285595, 0.3182434845400105]",114,-1
5374,[0.29834275 0.22602097],53,30,"[0.2966359808455789, 0.2452350977488949]",114,80
5375,[0.29042238 0.32612439],53,5,"[0.25263933558285595, 0.3182434845400105]",114,94
5376,[0.23812481 0.20589404],53,38,"[0.21237696572363113, 0.23587686359823726]",113,-1
5377,[0.26505562 0.15215485],53,34,"[0.2185740004144134, 0.15608943562981872]",110,-1
5378,[0.31365486 0.24908678],53,30,"[0.2966359808455789, 0.2452350977488949]",114,-1
5379,[0.20219675 0.20989537],53,38,"[0.21237696572363113, 0.23587686359823726]",-1,-1
5380,[0.2593549 0.1986355],53,34,"[0.2185740004144134, 0.15608943562981872]",113,64
5381,[0.21235171 0.26816467],53,38,"[0.21237696572363113, 0.23587686359823726]",114,-1
5382,[0.21042708 0.22957371],53,38,"[0.21237696572363113, 0.23587686359823726]",-1,-1
5383,[0.29467898 0.25364176],53,30,"[0.2966359808455789, 0.2452350977488949]",114,80
5384,[0.23069062 0.19307305],53,34,"[0.2185740004144134, 0.15608943562981872]",113,64
5385,[0.28898078 0.24603924],53,30,"[0.2966359808455789, 0.2452350977488949]",114,80
5386,[0.29096134 0.27635025],53,30,"[0.2966359808455789, 0.2452350977488949]",114,-1
5387,[0.2069193  0.25526931],53,38,"[0.21237696572363113, 0.23587686359823726]",114,-1
5388,[0.19718574 0.20413148],53,38,"[0.21237696572363113, 0.23587686359823726]",-1,-1
5389,[0.26516836 0.24512485],53,30,"[0.2966359808455789, 0.2452350977488949]",114,-1
5390,[0.27243045 0.26594143],53,30,"[0.2966359808455789, 0.2452350977488949]",114,-1
5391,[0.21672014 0.23675851],53,38,"[0.21237696572363113, 0.23587686359823726]",-1,-1
5392,[0.3172807  0.25246605],53,30,"[0.2966359808455789, 0.2452350977488949]",114,-1
5393,[0.2110396  0.21502438],53,38,"[0.21237696572363113, 0.23587686359823726]",-1,-1
5394,[0.22285183 0.26260346],53,38,"[0.21237696572363113, 0.23587686359823726]",114,54
5395,[0.25347042 0.24027069],53,38,"[0.21237696572363113, 0.23587686359823726]",114,-1
5396,[0.28293224 0.14571142],53,84,"[0.29615237877199174, 0.1110224228591103]",113,66
5397,[0.31514384 0.30727226],53,31,"[0.3442046468432694, 0.303512725044185]",114,-1
5398,[0.28766981 0.27363357],53,30,"[0.2966359808455789, 0.2452350977488949]",114,-1
5399,[0.26920693 0.22209504],53,30,"[0.2966359808455789, 0.2452350977488949]",114,-1
5400,[0.1153806  0.45815786],54,65,"[0.1328910732107456, 0.4899260274926132]",-1,-1
5401,[0.12885133 0.4043204 ],54,52,"[0.15299951742988305, 0.4190518444817022]",-1,-1
5402,[0.23865219 0.36221194],54,58,"[0.20200162677094644, 0.3700588211289526]",114,84
5403,[0.16699962 0.31779221],54,64,"[0.14651710815353663, 0.31875187760214785]",-1,-1
5404,[0.16051513 0.4007684 ],54,52,"[0.15299951742988305, 0.4190518444817022]",72,-1
5405,[0.0527272  0.42076669],54,-1,-1,-1,-1
5406,[0.17579328 0.41059016],54,52,"[0.15299951742988305, 0.4190518444817022]",72,45
5407,[0.1655559  0.40308008],54,52,"[0.15299951742988305, 0.4190518444817022]",72,45
5408,[0.16012806 0.43216655],54,52,"[0.15299951742988305, 0.4190518444817022]",-1,-1
5409,[0.19403136 0.41410424],54,52,"[0.15299951742988305, 0.4190518444817022]",72,45
5410,[0.10242186 0.40623871],54,52,"[0.15299951742988305, 0.4190518444817022]",-1,-1
5411,[0.13923252 0.4085441 ],54,52,"[0.15299951742988305, 0.4190518444817022]",-1,-1
5412,[0.14428484 0.37111289],54,52,"[0.15299951742988305, 0.4190518444817022]",21,-1
5413,[0.16433148 0.38203455],54,52,"[0.15299951742988305, 0.4190518444817022]",-1,-1
5414,[0.15221893 0.47900951],54,65,"[0.1328910732107456, 0.4899260274926132]",114,-1
5415,[0.08730045 0.39169772],54,-1,-1,-1,-1
5416,[0.07851443 0.43389963],54,-1,-1,-1,-1
5417,[0.13408081 0.46105825],54,65,"[0.1328910732107456, 0.4899260274926132]",104,-1
5418,[0.20194585 0.43383118],54,52,"[0.15299951742988305, 0.4190518444817022]",-1,-1
5419,[0.10139014 0.41177109],54,52,"[0.15299951742988305, 0.4190518444817022]",5,-1
5420,[0.12297953 0.38053266],54,52,"[0.15299951742988305, 0.4190518444817022]",-1,-1
5421,[0.12643762 0.4027544 ],54,52,"[0.15299951742988305, 0.4190518444817022]",-1,-1
5422,[0.20026046 0.42168922],54,52,"[0.15299951742988305, 0.4190518444817022]",72,45
5423,[0.13929473 0.48766348],54,65,"[0.1328910732107456, 0.4899260274926132]",-1,-1
5424,[0.18567267 0.46606692],54,37,"[0.19793393907464019, 0.48816130273889874]",114,-1
5425,[0.11406676 0.49991149],54,65,"[0.1328910732107456, 0.4899260274926132]",-1,-1
5426,[0.1431093 0.4590732],54,65,"[0.1328910732107456, 0.4899260274926132]",104,12
5427,[0.20194961 0.45503944],54,37,"[0.19793393907464019, 0.48816130273889874]",114,77
5428,[0.17876876 0.41806653],54,52,"[0.15299951742988305, 0.4190518444817022]",72,45
5429,[0.17543018 0.44016143],54,52,"[0.15299951742988305, 0.4190518444817022]",-1,-1
5430,[0.19145801 0.45727587],54,37,"[0.19793393907464019, 0.48816130273889874]",114,77
5431,[0.09990669 0.40549055],54,52,"[0.15299951742988305, 0.4190518444817022]",-1,-1
5432,[0.20231942 0.41363711],54,58,"[0.20200162677094644, 0.3700588211289526]",72,45
5433,[0.19027703 0.36223779],54,58,"[0.20200162677094644, 0.3700588211289526]",-1,-1
5434,[0.13785946 0.45443993],54,65,"[0.1328910732107456, 0.4899260274926132]",104,12
5435,[0.16229688 0.39806297],54,52,"[0.15299951742988305, 0.4190518444817022]",72,-1
5436,[0.10551325 0.42174443],54,52,"[0.15299951742988305, 0.4190518444817022]",5,-1
5437,[0.19427117 0.31787405],54,64,"[0.14651710815353663, 0.31875187760214785]",41,13
5438,[0.14533904 0.4567206 ],54,65,"[0.1328910732107456, 0.4899260274926132]",104,12
5439,[0.15752742 0.43309317],54,52,"[0.15299951742988305, 0.4190518444817022]",104,12
5440,[0.10614213 0.41665382],54,52,"[0.15299951742988305, 0.4190518444817022]",5,-1
5441,[0.21999823 0.34416734],54,58,"[0.20200162677094644, 0.3700588211289526]",-1,-1
5442,[0.16080759 0.4477765 ],54,52,"[0.15299951742988305, 0.4190518444817022]",104,12
5443,[0.15368684 0.38624879],54,52,"[0.15299951742988305, 0.4190518444817022]",-1,-1
5444,[0.20427654 0.47113862],54,37,"[0.19793393907464019, 0.48816130273889874]",-1,-1
5445,[0.16995371 0.47425508],54,37,"[0.19793393907464019, 0.48816130273889874]",-1,-1
5446,[0.13321287 0.41227696],54,52,"[0.15299951742988305, 0.4190518444817022]",-1,-1
5447,[0.15920874 0.42282625],54,52,"[0.15299951742988305, 0.4190518444817022]",104,-1
5448,[0.2345537  0.46919699],54,32,"[0.2628401192296225, 0.49392472915708574]",114,81
5449,[0.10904069 0.43201801],54,52,"[0.15299951742988305, 0.4190518444817022]",5,-1
5450,[0.12667638 0.36951186],54,64,"[0.14651710815353663, 0.31875187760214785]",-1,-1
5451,[0.16160522 0.42463746],54,52,"[0.15299951742988305, 0.4190518444817022]",104,-1
5452,[0.11763573 0.45816339],54,65,"[0.1328910732107456, 0.4899260274926132]",-1,-1
5453,[0.13251285 0.29391816],54,64,"[0.14651710815353663, 0.31875187760214785]",-1,-1
5454,[0.15113829 0.40934299],54,52,"[0.15299951742988305, 0.4190518444817022]",-1,-1
5455,[0.1783965  0.39163423],54,58,"[0.20200162677094644, 0.3700588211289526]",-1,-1
5456,[0.19746335 0.39391802],54,58,"[0.20200162677094644, 0.3700588211289526]",-1,-1
5457,[0.17057276 0.36325653],54,58,"[0.20200162677094644, 0.3700588211289526]",26,10
5458,[0.13882771 0.36020196],54,64,"[0.14651710815353663, 0.31875187760214785]",21,10
5459,[0.12570637 0.42799241],54,52,"[0.15299951742988305, 0.4190518444817022]",-1,-1
5460,[0.09386782 0.36779637],54,-1,-1,-1,-1
5461,[0.14537867 0.4357448 ],54,52,"[0.15299951742988305, 0.4190518444817022]",-1,-1
5462,[0.1460392  0.41226201],54,52,"[0.15299951742988305, 0.4190518444817022]",-1,-1
5463,[0.15927795 0.43884937],54,52,"[0.15299951742988305, 0.4190518444817022]",104,-1
5464,[0.1437715  0.43490898],54,52,"[0.15299951742988305, 0.4190518444817022]",-1,-1
5465,[0.17691453 0.4266435 ],54,52,"[0.15299951742988305, 0.4190518444817022]",-1,-1
5466,[0.21690448 0.49376316],54,37,"[0.19793393907464019, 0.48816130273889874]",114,-1
5467,[0.07450368 0.45720581],54,65,"[0.1328910732107456, 0.4899260274926132]",-1,-1
5468,[0.17110526 0.40849246],54,52,"[0.15299951742988305, 0.4190518444817022]",72,45
5469,[0.12554947 0.45411677],54,65,"[0.1328910732107456, 0.4899260274926132]",-1,-1
5470,[0.15455169 0.42166479],54,52,"[0.15299951742988305, 0.4190518444817022]",-1,-1
5471,[0.10003391 0.44215964],54,52,"[0.15299951742988305, 0.4190518444817022]",5,-1
5472,[0.12939276 0.39761598],54,52,"[0.15299951742988305, 0.4190518444817022]",-1,-1
5473,[0.19814587 0.47904193],54,37,"[0.19793393907464019, 0.48816130273889874]",114,-1
5474,[0.21814022 0.46293922],54,37,"[0.19793393907464019, 0.48816130273889874]",114,-1
5475,[0.15403058 0.44173048],54,52,"[0.15299951742988305, 0.4190518444817022]",104,12
5476,[0.10257747 0.44273677],54,52,"[0.15299951742988305, 0.4190518444817022]",5,-1
5477,[0.16944467 0.52298525],54,37,"[0.19793393907464019, 0.48816130273889874]",-1,-1
5478,[0.17173888 0.40086608],54,52,"[0.15299951742988305, 0.4190518444817022]",72,45
5479,[0.1937391 0.4709844],54,37,"[0.19793393907464019, 0.48816130273889874]",114,-1
5480,[0.08074796 0.37947272],54,-1,-1,-1,-1
5481,[0.13261664 0.41594959],54,52,"[0.15299951742988305, 0.4190518444817022]",-1,-1
5482,[0.08683317 0.38934982],54,-1,-1,-1,-1
5483,[0.11555792 0.47322076],54,65,"[0.1328910732107456, 0.4899260274926132]",-1,-1
5484,[0.15400027 0.4460762 ],54,52,"[0.15299951742988305, 0.4190518444817022]",104,12
5485,[0.24566757 0.41692864],54,16,"[0.2555939088543306, 0.4149016525883056]",114,83
5486,[0.18197241 0.44553293],54,52,"[0.15299951742988305, 0.4190518444817022]",-1,-1
5487,[0.15686713 0.4092406 ],54,52,"[0.15299951742988305, 0.4190518444817022]",72,-1
5488,[0.19010386 0.40124839],54,58,"[0.20200162677094644, 0.3700588211289526]",-1,-1
5489,[0.19681491 0.44332564],54,37,"[0.19793393907464019, 0.48816130273889874]",114,-1
5490,[0.17528772 0.4470672 ],54,52,"[0.15299951742988305, 0.4190518444817022]",-1,12
5491,[0.1418431  0.44977941],54,52,"[0.15299951742988305, 0.4190518444817022]",104,12
5492,[0.11714578 0.43996437],54,52,"[0.15299951742988305, 0.4190518444817022]",5,-1
5493,[0.16340486 0.49229811],54,65,"[0.1328910732107456, 0.4899260274926132]",114,-1
5494,[0.17203086 0.44883586],54,52,"[0.15299951742988305, 0.4190518444817022]",104,-1
5495,[0.11171453 0.35956739],54,64,"[0.14651710815353663, 0.31875187760214785]",-1,-1
5496,[0.23487787 0.41453183],54,16,"[0.2555939088543306, 0.4149016525883056]",114,83
5497,[0.10959381 0.4315678 ],54,52,"[0.15299951742988305, 0.4190518444817022]",5,-1
5498,[0.1013017  0.42599847],54,52,"[0.15299951742988305, 0.4190518444817022]",5,-1
5499,[0.20864113 0.40597037],54,58,"[0.20200162677094644, 0.3700588211289526]",-1,-1
5500,[0.24394683 0.50195483],55,32,"[0.2628401192296225, 0.49392472915708574]",114,81
5501,[0.23199965 0.4783395 ],55,32,"[0.2628401192296225, 0.49392472915708574]",114,81
5502,[0.20490441 0.45726916],55,37,"[0.19793393907464019, 0.48816130273889874]",114,-1
5503,[0.19772283 0.41913841],55,52,"[0.15299951742988305, 0.4190518444817022]",72,45
5504,[0.22963267 0.52477589],55,32,"[0.2628401192296225, 0.49392472915708574]",114,-1
5505,[0.30394907 0.53409853],55,9,"[0.34993355860173564, 0.5388204709038561]",117,-1
5506,[0.17891911 0.4791851 ],55,37,"[0.19793393907464019, 0.48816130273889874]",114,77
5507,[0.18526541 0.47595892],55,37,"[0.19793393907464019, 0.48816130273889874]",114,77
5508,[0.24641253 0.45403083],55,16,"[0.2555939088543306, 0.4149016525883056]",114,-1
5509,[0.14697533 0.50788433],55,65,"[0.1328910732107456, 0.4899260274926132]",114,70
5510,[0.22905759 0.4399788 ],55,16,"[0.2555939088543306, 0.4149016525883056]",114,83
5511,[0.14634368 0.39786639],55,52,"[0.15299951742988305, 0.4190518444817022]",-1,-1
5512,[0.22869583 0.42752271],55,16,"[0.2555939088543306, 0.4149016525883056]",114,83
5513,[0.16238286 0.55839626],55,45,"[0.18958709402210344, 0.5831400503639066]",83,-1
5514,[0.31329995 0.40967655],55,3,"[0.32011025026158857, 0.3826718810103493]",114,94
5515,[0.24288151 0.47740044],55,32,"[0.2628401192296225, 0.49392472915708574]",114,-1
5516,[0.2159414 0.4829941],55,37,"[0.19793393907464019, 0.48816130273889874]",114,-1
5517,[0.23594769 0.4772343 ],55,32,"[0.2628401192296225, 0.49392472915708574]",114,81
5518,[0.22475587 0.44674347],55,16,"[0.2555939088543306, 0.4149016525883056]",114,83
5519,[0.17857942 0.47069455],55,37,"[0.19793393907464019, 0.48816130273889874]",114,-1
5520,[0.29662452 0.49027352],55,32,"[0.2628401192296225, 0.49392472915708574]",77,-1
5521,[0.16017087 0.49246212],55,65,"[0.1328910732107456, 0.4899260274926132]",114,-1
5522,[0.166431   0.50952351],55,37,"[0.19793393907464019, 0.48816130273889874]",114,-1
5523,[0.23344089 0.43556582],55,16,"[0.2555939088543306, 0.4149016525883056]",114,83
5524,[0.20049163 0.57319301],55,45,"[0.18958709402210344, 0.5831400503639066]",-1,-1
5525,[0.18971498 0.44827922],55,37,"[0.19793393907464019, 0.48816130273889874]",114,-1
5526,[0.23456564 0.49462231],55,32,"[0.2628401192296225, 0.49392472915708574]",114,81
5527,[0.14486579 0.44905969],55,52,"[0.15299951742988305, 0.4190518444817022]",104,12
5528,[0.19109315 0.44004259],55,52,"[0.15299951742988305, 0.4190518444817022]",-1,-1
5529,[0.22207523 0.4613644 ],55,37,"[0.19793393907464019, 0.48816130273889874]",114,-1
5530,[0.15752102 0.49793535],55,65,"[0.1328910732107456, 0.4899260274926132]",114,-1
5531,[0.20268026 0.48340186],55,37,"[0.19793393907464019, 0.48816130273889874]",114,-1
5532,[0.19570692 0.41923296],55,52,"[0.15299951742988305, 0.4190518444817022]",72,45
5533,[0.15824412 0.4598034 ],55,65,"[0.1328910732107456, 0.4899260274926132]",-1,-1
5534,[0.30246996 0.48269257],55,32,"[0.2628401192296225, 0.49392472915708574]",77,15
5535,[0.26731606 0.45774063],55,32,"[0.2628401192296225, 0.49392472915708574]",-1,-1
5536,[0.23630896 0.42022659],55,16,"[0.2555939088543306, 0.4149016525883056]",114,83
5537,[0.2005938  0.45631531],55,37,"[0.19793393907464019, 0.48816130273889874]",114,77
5538,[0.17990708 0.48622957],55,37,"[0.19793393907464019, 0.48816130273889874]",114,77
5539,[0.16740458 0.4563086 ],55,52,"[0.15299951742988305, 0.4190518444817022]",-1,-1
5540,[0.26148396 0.46568222],55,32,"[0.2628401192296225, 0.49392472915708574]",114,-1
5541,[0.18198633 0.4671553 ],55,37,"[0.19793393907464019, 0.48816130273889874]",114,-1
5542,[0.26553578 0.44273799],55,16,"[0.2555939088543306, 0.4149016525883056]",-1,-1
5543,[0.19860521 0.55471209],55,45,"[0.18958709402210344, 0.5831400503639066]",117,-1
5544,[0.20472424 0.43640981],55,37,"[0.19793393907464019, 0.48816130273889874]",-1,-1
5545,[0.20828476 0.49388569],55,37,"[0.19793393907464019, 0.48816130273889874]",114,-1
5546,[0.19481184 0.45267934],55,37,"[0.19793393907464019, 0.48816130273889874]",114,77
5547,[0.27282058 0.52149926],55,32,"[0.2628401192296225, 0.49392472915708574]",-1,-1
5548,[0.15176671 0.53188811],55,80,"[0.12067688938383801, 0.5637304646499463]",114,-1
5549,[0.21254619 0.49310254],55,37,"[0.19793393907464019, 0.48816130273889874]",114,-1
5550,[0.21580039 0.43682454],55,16,"[0.2555939088543306, 0.4149016525883056]",-1,-1
5551,[0.19878537 0.54875672],55,45,"[0.18958709402210344, 0.5831400503639066]",117,-1
5552,[0.19552354 0.45482399],55,37,"[0.19793393907464019, 0.48816130273889874]",114,77
5553,[0.1533975  0.54661731],55,80,"[0.12067688938383801, 0.5637304646499463]",-1,-1
5554,[0.20739293 0.46306686],55,37,"[0.19793393907464019, 0.48816130273889874]",114,-1
5555,[0.34509416 0.42615633],55,39,"[0.3669055865255626, 0.44498159830625134]",114,74
5556,[0.26201306 0.47455346],55,32,"[0.2628401192296225, 0.49392472915708574]",114,-1
5557,[0.23674298 0.45825638],55,32,"[0.2628401192296225, 0.49392472915708574]",114,-1
5558,[0.14808105 0.50615859],55,65,"[0.1328910732107456, 0.4899260274926132]",114,70
5559,[0.18712092 0.41242546],55,52,"[0.15299951742988305, 0.4190518444817022]",72,45
5560,[0.23947084 0.41001222],55,16,"[0.2555939088543306, 0.4149016525883056]",114,83
5561,[0.24129504 0.45013301],55,16,"[0.2555939088543306, 0.4149016525883056]",114,-1
5562,[0.16991912 0.52778621],55,37,"[0.19793393907464019, 0.48816130273889874]",-1,-1
5563,[0.23188288 0.55599674],55,17,"[0.25907980690829885, 0.5772508610653444]",117,-1
5564,[0.12373207 0.41412385],55,52,"[0.15299951742988305, 0.4190518444817022]",-1,-1
5565,[0.20453324 0.42144704],55,58,"[0.20200162677094644, 0.3700588211289526]",72,45
5566,[0.24474934 0.47241522],55,32,"[0.2628401192296225, 0.49392472915708574]",114,-1
5567,[0.26599655 0.47078306],55,32,"[0.2628401192296225, 0.49392472915708574]",114,-1
5568,[0.22138349 0.52444595],55,37,"[0.19793393907464019, 0.48816130273889874]",114,72
5569,[0.21505103 0.42839431],55,16,"[0.2555939088543306, 0.4149016525883056]",72,-1
5570,[0.18306223 0.47481928],55,37,"[0.19793393907464019, 0.48816130273889874]",114,77
5571,[0.19041785 0.47317298],55,37,"[0.19793393907464019, 0.48816130273889874]",114,77
5572,[0.17024009 0.55632231],55,45,"[0.18958709402210344, 0.5831400503639066]",83,-1
5573,[0.20700264 0.39008358],55,58,"[0.20200162677094644, 0.3700588211289526]",-1,-1
5574,[0.10896278 0.53621361],55,80,"[0.12067688938383801, 0.5637304646499463]",-1,-1
5575,[0.26480886 0.41647142],55,16,"[0.2555939088543306, 0.4149016525883056]",114,-1
5576,[0.22331159 0.48730254],55,37,"[0.19793393907464019, 0.48816130273889874]",114,-1
5577,[0.22868555 0.44870973],55,16,"[0.2555939088543306, 0.4149016525883056]",114,-1
5578,[0.226682   0.45139873],55,16,"[0.2555939088543306, 0.4149016525883056]",114,-1
5579,[0.19927605 0.53687213],55,45,"[0.18958709402210344, 0.5831400503639066]",-1,-1
5580,[0.27282314 0.49720011],55,32,"[0.2628401192296225, 0.49392472915708574]",114,-1
5581,[0.2112729  0.53939273],55,45,"[0.18958709402210344, 0.5831400503639066]",117,-1
5582,[0.20712941 0.42034397],55,16,"[0.2555939088543306, 0.4149016525883056]",72,-1
5583,[0.2017134  0.51446718],55,37,"[0.19793393907464019, 0.48816130273889874]",114,-1
5584,[0.18708211 0.52584912],55,37,"[0.19793393907464019, 0.48816130273889874]",-1,-1
5585,[0.19874593 0.52602512],55,37,"[0.19793393907464019, 0.48816130273889874]",114,-1
5586,[0.18995506 0.42319589],55,52,"[0.15299951742988305, 0.4190518444817022]",72,-1
5587,[0.31071563 0.43100372],55,3,"[0.32011025026158857, 0.3826718810103493]",114,-1
5588,[0.2395917  0.48550072],55,32,"[0.2628401192296225, 0.49392472915708574]",114,81
5589,[0.25934401 0.42332141],55,16,"[0.2555939088543306, 0.4149016525883056]",114,83
5590,[0.2107514 0.489305 ],55,37,"[0.19793393907464019, 0.48816130273889874]",114,-1
5591,[0.26530316 0.42824992],55,16,"[0.2555939088543306, 0.4149016525883056]",114,-1
5592,[0.25334387 0.46891544],55,32,"[0.2628401192296225, 0.49392472915708574]",114,-1
5593,[0.18191551 0.52423602],55,37,"[0.19793393907464019, 0.48816130273889874]",-1,-1
5594,[0.1739885  0.50748296],55,37,"[0.19793393907464019, 0.48816130273889874]",114,72
5595,[0.23622585 0.4645524 ],55,32,"[0.2628401192296225, 0.49392472915708574]",114,-1
5596,[0.18576106 0.43849064],55,52,"[0.15299951742988305, 0.4190518444817022]",-1,-1
5597,[0.20320277 0.44189669],55,37,"[0.19793393907464019, 0.48816130273889874]",114,-1
5598,[0.19150725 0.54454282],55,45,"[0.18958709402210344, 0.5831400503639066]",-1,-1
5599,[0.2183105  0.46956277],55,37,"[0.19793393907464019, 0.48816130273889874]",114,-1
5600,[0.28463175 0.74435646],56,0,"[0.3339356228276975, 0.7219842546928952]",117,-1
5601,[0.29657036 0.79059599],56,6,"[0.2864937659294625, 0.8061319185734634]",-1,-1
5602,[0.37564819 0.71902053],56,0,"[0.3339356228276975, 0.7219842546928952]",117,-1
5603,[0.26410869 0.68191853],56,42,"[0.2346625058996496, 0.695644821677479]",117,-1
5604,[0.31765558 0.76059467],56,0,"[0.3339356228276975, 0.7219842546928952]",117,98
5605,[0.26796885 0.82926949],56,6,"[0.2864937659294625, 0.8061319185734634]",-1,-1
5606,[0.33532417 0.74887486],56,0,"[0.3339356228276975, 0.7219842546928952]",117,-1
5607,[0.33021245 0.72530531],56,0,"[0.3339356228276975, 0.7219842546928952]",117,98
5608,[0.3223277  0.75122806],56,0,"[0.3339356228276975, 0.7219842546928952]",117,98
5609,[0.31164248 0.65846317],56,14,"[0.2991912902140973, 0.6498158096286489]",117,-1
5610,[0.2950375  0.70842732],56,0,"[0.3339356228276975, 0.7219842546928952]",117,98
5611,[0.30734809 0.77354618],56,6,"[0.2864937659294625, 0.8061319185734634]",117,98
5612,[0.32971229 0.70020271],56,0,"[0.3339356228276975, 0.7219842546928952]",117,-1
5613,[0.30218241 0.7999273 ],56,6,"[0.2864937659294625, 0.8061319185734634]",117,-1
5614,[0.28893667 0.72036407],56,0,"[0.3339356228276975, 0.7219842546928952]",117,98
5615,[0.39028282 0.76172634],56,18,"[0.37162219884005204, 0.7974050461709582]",117,-1
5616,[0.25596688 0.76392653],56,73,"[0.21710138381515529, 0.7733240653788879]",117,-1
5617,[0.27739142 0.7632308 ],56,6,"[0.2864937659294625, 0.8061319185734634]",117,98
5618,[0.32162404 0.74614028],56,0,"[0.3339356228276975, 0.7219842546928952]",117,98
5619,[0.33623816 0.71005349],56,0,"[0.3339356228276975, 0.7219842546928952]",117,98
5620,[0.38863173 0.65737559],56,36,"[0.3984729155032823, 0.6728808968441772]",117,-1
5621,[0.29766788 0.70711032],56,0,"[0.3339356228276975, 0.7219842546928952]",117,98
5622,[0.29147412 0.74521263],56,0,"[0.3339356228276975, 0.7219842546928952]",117,-1
5623,[0.25637452 0.7568556 ],56,73,"[0.21710138381515529, 0.7733240653788879]",117,-1
5624,[0.37530118 0.71804122],56,0,"[0.3339356228276975, 0.7219842546928952]",117,-1
5625,[0.38951602 0.81061364],56,18,"[0.37162219884005204, 0.7974050461709582]",78,-1
5626,[0.28682586 0.73003485],56,0,"[0.3339356228276975, 0.7219842546928952]",117,-1
5627,[0.34581973 0.78263438],56,18,"[0.37162219884005204, 0.7974050461709582]",117,-1
5628,[0.30757869 0.7134304 ],56,0,"[0.3339356228276975, 0.7219842546928952]",117,-1
5629,[0.28659238 0.76695605],56,6,"[0.2864937659294625, 0.8061319185734634]",117,98
5630,[0.32596175 0.73706532],56,0,"[0.3339356228276975, 0.7219842546928952]",117,98
5631,[0.32597462 0.71840375],56,0,"[0.3339356228276975, 0.7219842546928952]",117,98
5632,[0.2719397  0.68864066],56,42,"[0.2346625058996496, 0.695644821677479]",117,-1
5633,[0.29889988 0.77028472],56,6,"[0.2864937659294625, 0.8061319185734634]",117,98
5634,[0.30770283 0.77812758],56,6,"[0.2864937659294625, 0.8061319185734634]",117,98
5635,[0.33120693 0.76195493],56,0,"[0.3339356228276975, 0.7219842546928952]",117,-1
5636,[0.31461797 0.75999356],56,0,"[0.3339356228276975, 0.7219842546928952]",117,98
5637,[0.36125944 0.7426589 ],56,0,"[0.3339356228276975, 0.7219842546928952]",117,98
5638,[0.29282689 0.75456673],56,6,"[0.2864937659294625, 0.8061319185734634]",117,-1
5639,[0.30110615 0.78038509],56,6,"[0.2864937659294625, 0.8061319185734634]",117,98
5640,[0.32446641 0.74312464],56,0,"[0.3339356228276975, 0.7219842546928952]",117,98
5641,[0.26758373 0.72513047],56,42,"[0.2346625058996496, 0.695644821677479]",117,-1
5642,[0.3103638  0.75764718],56,0,"[0.3339356228276975, 0.7219842546928952]",117,98
5643,[0.31156955 0.72737714],56,0,"[0.3339356228276975, 0.7219842546928952]",117,98
5644,[0.26080963 0.73638584],56,42,"[0.2346625058996496, 0.695644821677479]",117,-1
5645,[0.23035763 0.75049399],56,73,"[0.21710138381515529, 0.7733240653788879]",-1,-1
5646,[0.28394963 0.76924376],56,6,"[0.2864937659294625, 0.8061319185734634]",117,98
5647,[0.26899347 0.73729675],56,42,"[0.2346625058996496, 0.695644821677479]",117,-1
5648,[0.23295408 0.82845804],56,2,"[0.18872072314872831, 0.8525011569850129]",117,47
5649,[0.35330268 0.77554915],56,18,"[0.37162219884005204, 0.7974050461709582]",117,-1
5650,[0.35184526 0.71263989],56,0,"[0.3339356228276975, 0.7219842546928952]",117,-1
5651,[0.30184741 0.72845431],56,0,"[0.3339356228276975, 0.7219842546928952]",117,98
5652,[0.25344314 0.8280384 ],56,6,"[0.2864937659294625, 0.8061319185734634]",117,-1
5653,[0.25718796 0.748348  ],56,73,"[0.21710138381515529, 0.7733240653788879]",-1,-1
5654,[0.28632928 0.78783076],56,6,"[0.2864937659294625, 0.8061319185734634]",117,98
5655,[0.27735807 0.7146253 ],56,42,"[0.2346625058996496, 0.695644821677479]",117,98
5656,[0.27896587 0.7379048 ],56,0,"[0.3339356228276975, 0.7219842546928952]",117,-1
5657,[0.32704926 0.77489647],56,18,"[0.37162219884005204, 0.7974050461709582]",117,-1
5658,[0.24139269 0.67114654],56,42,"[0.2346625058996496, 0.695644821677479]",-1,-1
5659,[0.34363712 0.73784946],56,0,"[0.3339356228276975, 0.7219842546928952]",117,-1
5660,[0.26072845 0.75747103],56,73,"[0.21710138381515529, 0.7733240653788879]",117,-1
5661,[0.2485466  0.80147824],56,6,"[0.2864937659294625, 0.8061319185734634]",117,-1
5662,[0.25521885 0.77885123],56,73,"[0.21710138381515529, 0.7733240653788879]",-1,-1
5663,[0.26932439 0.78223618],56,6,"[0.2864937659294625, 0.8061319185734634]",117,-1
5664,[0.31056836 0.75364706],56,0,"[0.3339356228276975, 0.7219842546928952]",117,98
5665,[0.2936478  0.73565639],56,0,"[0.3339356228276975, 0.7219842546928952]",117,-1
5666,[0.34428989 0.70496787],56,0,"[0.3339356228276975, 0.7219842546928952]",117,98
5667,[0.32955353 0.7540333 ],56,0,"[0.3339356228276975, 0.7219842546928952]",117,-1
5668,[0.36884669 0.80142951],56,18,"[0.37162219884005204, 0.7974050461709582]",-1,-1
5669,[0.30474193 0.73811324],56,0,"[0.3339356228276975, 0.7219842546928952]",117,98
5670,[0.30375559 0.78488158],56,6,"[0.2864937659294625, 0.8061319185734634]",117,98
5671,[0.25253455 0.78347607],56,73,"[0.21710138381515529, 0.7733240653788879]",-1,-1
5672,[0.27308619 0.78124552],56,6,"[0.2864937659294625, 0.8061319185734634]",117,-1
5673,[0.26638682 0.78789444],56,6,"[0.2864937659294625, 0.8061319185734634]",117,-1
5674,[0.30271425 0.72732513],56,0,"[0.3339356228276975, 0.7219842546928952]",117,-1
5675,[0.30139443 0.76766117],56,6,"[0.2864937659294625, 0.8061319185734634]",117,98
5676,[0.33578321 0.69097367],56,0,"[0.3339356228276975, 0.7219842546928952]",117,-1
5677,[0.30910447 0.76266008],56,0,"[0.3339356228276975, 0.7219842546928952]",117,98
5678,[0.31389834 0.85912966],56,53,"[0.3257402588795542, 0.8780579715353399]",70,-1
5679,[0.29886544 0.76410373],56,6,"[0.2864937659294625, 0.8061319185734634]",117,98
5680,[0.27953189 0.73780096],56,0,"[0.3339356228276975, 0.7219842546928952]",117,-1
5681,[0.34121851 0.70127136],56,0,"[0.3339356228276975, 0.7219842546928952]",117,98
5682,[0.35269349 0.72755467],56,0,"[0.3339356228276975, 0.7219842546928952]",117,-1
5683,[0.20769466 0.71492949],56,42,"[0.2346625058996496, 0.695644821677479]",-1,-1
5684,[0.32538793 0.72778156],56,0,"[0.3339356228276975, 0.7219842546928952]",117,98
5685,[0.34870501 0.72043651],56,0,"[0.3339356228276975, 0.7219842546928952]",117,98
5686,[0.29404276 0.76825706],56,6,"[0.2864937659294625, 0.8061319185734634]",117,98
5687,[0.31115018 0.72544486],56,0,"[0.3339356228276975, 0.7219842546928952]",117,98
5688,[0.28400816 0.77823868],56,6,"[0.2864937659294625, 0.8061319185734634]",117,98
5689,[0.31762261 0.77453013],56,6,"[0.2864937659294625, 0.8061319185734634]",117,98
5690,[0.2638688  0.74418466],56,73,"[0.21710138381515529, 0.7733240653788879]",-1,-1
5691,[0.29399818 0.76189554],56,6,"[0.2864937659294625, 0.8061319185734634]",117,98
5692,[0.33296856 0.7829352 ],56,18,"[0.37162219884005204, 0.7974050461709582]",117,-1
5693,[0.31026286 0.73989667],56,0,"[0.3339356228276975, 0.7219842546928952]",117,98
5694,[0.33924152 0.67978441],56,0,"[0.3339356228276975, 0.7219842546928952]",117,-1
5695,[0.22012169 0.7645898 ],56,73,"[0.21710138381515529, 0.7733240653788879]",-1,-1
5696,[0.35020994 0.77565979],56,18,"[0.37162219884005204, 0.7974050461709582]",117,-1
5697,[0.28952272 0.77227363],56,6,"[0.2864937659294625, 0.8061319185734634]",117,98
5698,[0.31669914 0.7369823 ],56,0,"[0.3339356228276975, 0.7219842546928952]",117,98
5699,[0.338249   0.67784729],56,0,"[0.3339356228276975, 0.7219842546928952]",117,-1
5700,[0.61151308 0.33898405],57,72,"[0.6275615005729838, 0.35242652332535]",-1,-1
5701,[0.69405779 0.40833114],57,94,"[0.6748643012657011, 0.4183849502584258]",-1,-1
5702,[0.5488814  0.35646476],57,68,"[0.5611136858449972, 0.3328599094297703]",92,-1
5703,[0.61675324 0.3325016 ],57,72,"[0.6275615005729838, 0.35242652332535]",-1,-1
5704,[0.63112106 0.38484948],57,86,"[0.6271685883317931, 0.40176873797345797]",97,30
5705,[0.65374492 0.30045322],57,67,"[0.6342132122546504, 0.3029357709290384]",91,-1
5706,[0.5483746  0.31008362],57,68,"[0.5611136858449972, 0.3328599094297703]",37,-1
5707,[0.71269485 0.33205772],57,27,"[0.730818627555406, 0.3326871572147463]",97,41
5708,[0.63318324 0.36387233],57,72,"[0.6275615005729838, 0.35242652332535]",97,-1
5709,[0.62694979 0.34213331],57,72,"[0.6275615005729838, 0.35242652332535]",97,30
5710,[0.72846976 0.32338548],57,27,"[0.730818627555406, 0.3326871572147463]",97,41
5711,[0.62605038 0.29321998],57,67,"[0.6342132122546504, 0.3029357709290384]",50,-1
5712,[0.67372572 0.32245263],57,59,"[0.670396322447398, 0.3654745913518824]",97,-1
5713,[0.64255222 0.34507967],57,72,"[0.6275615005729838, 0.35242652332535]",97,-1
5714,[0.5949718 0.3442766],57,72,"[0.6275615005729838, 0.35242652332535]",-1,-1
5715,[0.65218619 0.2986249 ],57,67,"[0.6342132122546504, 0.3029357709290384]",-1,-1
5716,[0.68477165 0.34336592],57,59,"[0.670396322447398, 0.3654745913518824]",97,-1
5717,[0.65814418 0.35699795],57,59,"[0.670396322447398, 0.3654745913518824]",97,30
5718,[0.69344253 0.29555945],57,41,"[0.6948979646954763, 0.28219115991762456]",89,-1
5719,[0.6366077  0.35558902],57,72,"[0.6275615005729838, 0.35242652332535]",97,30
5720,[0.62384876 0.34940686],57,72,"[0.6275615005729838, 0.35242652332535]",97,30
5721,[0.52729144 0.32522847],57,68,"[0.5611136858449972, 0.3328599094297703]",-1,-1
5722,[0.68939878 0.31356748],57,41,"[0.6948979646954763, 0.28219115991762456]",97,41
5723,[0.64526706 0.36766487],57,72,"[0.6275615005729838, 0.35242652332535]",97,30
5724,[0.61329966 0.28880727],57,67,"[0.6342132122546504, 0.3029357709290384]",-1,-1
5725,[0.63519397 0.4038193 ],57,86,"[0.6271685883317931, 0.40176873797345797]",-1,-1
5726,[0.59362163 0.35106451],57,72,"[0.6275615005729838, 0.35242652332535]",-1,-1
5727,[0.64615858 0.33158151],57,72,"[0.6275615005729838, 0.35242652332535]",-1,-1
5728,[0.66088035 0.33994921],57,59,"[0.670396322447398, 0.3654745913518824]",97,38
5729,[0.6562685 0.3788305],57,59,"[0.670396322447398, 0.3654745913518824]",97,30
5730,[0.6694315  0.28687669],57,41,"[0.6948979646954763, 0.28219115991762456]",89,-1
5731,[0.6434976  0.37140575],57,72,"[0.6275615005729838, 0.35242652332535]",97,30
5732,[0.65251679 0.38481486],57,59,"[0.670396322447398, 0.3654745913518824]",97,30
5733,[0.54942247 0.43594736],57,81,"[0.5486595324958304, 0.45111899886780193]",95,-1
5734,[0.62065696 0.29823285],57,67,"[0.6342132122546504, 0.3029357709290384]",50,-1
5735,[0.64447896 0.35344785],57,72,"[0.6275615005729838, 0.35242652332535]",97,-1
5736,[0.71875476 0.33101687],57,27,"[0.730818627555406, 0.3326871572147463]",97,41
5737,[0.69583065 0.3545491 ],57,59,"[0.670396322447398, 0.3654745913518824]",97,-1
5738,[0.69358295 0.2834321 ],57,41,"[0.6948979646954763, 0.28219115991762456]",89,31
5739,[0.62531012 0.3883874 ],57,86,"[0.6271685883317931, 0.40176873797345797]",97,30
5740,[0.66948902 0.38045751],57,59,"[0.670396322447398, 0.3654745913518824]",-1,-1
5741,[0.66016967 0.34984796],57,59,"[0.670396322447398, 0.3654745913518824]",97,30
5742,[0.66161523 0.34397478],57,59,"[0.670396322447398, 0.3654745913518824]",97,-1
5743,[0.71295753 0.36558998],57,27,"[0.730818627555406, 0.3326871572147463]",97,-1
5744,[0.75923344 0.38555694],57,8,"[0.782559314763462, 0.38675507962681555]",97,39
5745,[0.73171985 0.37597739],57,60,"[0.7203559462110392, 0.4062231169521756]",-1,-1
5746,[0.63259706 0.40897698],57,86,"[0.6271685883317931, 0.40176873797345797]",95,-1
5747,[0.69108273 0.39906051],57,94,"[0.6748643012657011, 0.4183849502584258]",86,-1
5748,[0.67626452 0.3055195 ],57,41,"[0.6948979646954763, 0.28219115991762456]",-1,-1
5749,[0.69735867 0.26946606],57,41,"[0.6948979646954763, 0.28219115991762456]",89,-1
5750,[0.66128082 0.32760729],57,67,"[0.6342132122546504, 0.3029357709290384]",97,38
5751,[0.66963066 0.32265098],57,67,"[0.6342132122546504, 0.3029357709290384]",97,38
5752,[0.57665851 0.37126976],57,78,"[0.5675082537713239, 0.38298910409035547]",95,-1
5753,[0.72697545 0.27191934],57,41,"[0.6948979646954763, 0.28219115991762456]",-1,-1
5754,[0.62702481 0.30833821],57,67,"[0.6342132122546504, 0.3029357709290384]",-1,-1
5755,[0.72018095 0.36403383],57,27,"[0.730818627555406, 0.3326871572147463]",97,-1
5756,[0.70105756 0.31743839],57,27,"[0.730818627555406, 0.3326871572147463]",97,41
5757,[0.62373065 0.26948715],57,67,"[0.6342132122546504, 0.3029357709290384]",-1,-1
5758,[0.73971212 0.34892771],57,27,"[0.730818627555406, 0.3326871572147463]",97,41
5759,[0.61658204 0.34261361],57,72,"[0.6275615005729838, 0.35242652332535]",97,30
5760,[0.69586511 0.33799929],57,27,"[0.730818627555406, 0.3326871572147463]",-1,-1
5761,[0.69681743 0.35314507],57,59,"[0.670396322447398, 0.3654745913518824]",97,40
5762,[0.66660532 0.39813311],57,94,"[0.6748643012657011, 0.4183849502584258]",-1,-1
5763,[0.5805015  0.31821122],57,68,"[0.5611136858449972, 0.3328599094297703]",34,3
5764,[0.58367146 0.30426984],57,68,"[0.5611136858449972, 0.3328599094297703]",34,3
5765,[0.63953632 0.30633383],57,67,"[0.6342132122546504, 0.3029357709290384]",97,-1
5766,[0.65716576 0.33332557],57,59,"[0.670396322447398, 0.3654745913518824]",97,-1
5767,[0.59817299 0.26023953],57,63,"[0.5938052471458884, 0.24026036510989024]",-1,-1
5768,[0.57430763 0.38010142],57,78,"[0.5675082537713239, 0.38298910409035547]",95,-1
5769,[0.63307721 0.34561776],57,72,"[0.6275615005729838, 0.35242652332535]",97,30
5770,[0.5808756  0.31965422],57,68,"[0.5611136858449972, 0.3328599094297703]",34,3
5771,[0.67268604 0.28399002],57,41,"[0.6948979646954763, 0.28219115991762456]",89,-1
5772,[0.63088833 0.37011493],57,72,"[0.6275615005729838, 0.35242652332535]",97,-1
5773,[0.68281708 0.39927812],57,94,"[0.6748643012657011, 0.4183849502584258]",86,-1
5774,[0.65820044 0.36606944],57,59,"[0.670396322447398, 0.3654745913518824]",97,30
5775,[0.62991105 0.32050983],57,67,"[0.6342132122546504, 0.3029357709290384]",-1,-1
5776,[0.65988604 0.37400689],57,59,"[0.670396322447398, 0.3654745913518824]",97,30
5777,[0.76333597 0.37177156],57,8,"[0.782559314763462, 0.38675507962681555]",97,39
5778,[0.59835297 0.35023438],57,72,"[0.6275615005729838, 0.35242652332535]",-1,-1
5779,[0.61964365 0.35428975],57,72,"[0.6275615005729838, 0.35242652332535]",97,30
5780,[0.62099776 0.39539766],57,86,"[0.6271685883317931, 0.40176873797345797]",-1,-1
5781,[0.64564677 0.31904122],57,67,"[0.6342132122546504, 0.3029357709290384]",-1,-1
5782,[0.62308347 0.35662482],57,72,"[0.6275615005729838, 0.35242652332535]",97,30
5783,[0.62995868 0.31567283],57,67,"[0.6342132122546504, 0.3029357709290384]",97,-1
5784,[0.63071322 0.3155054 ],57,67,"[0.6342132122546504, 0.3029357709290384]",97,-1
5785,[0.61355804 0.3430109 ],57,72,"[0.6275615005729838, 0.35242652332535]",97,-1
5786,[0.5982585  0.29542542],57,67,"[0.6342132122546504, 0.3029357709290384]",-1,-1
5787,[0.68837391 0.32202929],57,41,"[0.6948979646954763, 0.28219115991762456]",97,-1
5788,[0.64175329 0.3791751 ],57,86,"[0.6271685883317931, 0.40176873797345797]",97,30
5789,[0.63274061 0.33614347],57,72,"[0.6275615005729838, 0.35242652332535]",97,-1
5790,[0.54390968 0.35358096],57,68,"[0.5611136858449972, 0.3328599094297703]",-1,-1
5791,[0.67350448 0.41976698],57,94,"[0.6748643012657011, 0.4183849502584258]",85,-1
5792,[0.64194429 0.36637472],57,72,"[0.6275615005729838, 0.35242652332535]",97,30
5793,[0.66092995 0.40538267],57,94,"[0.6748643012657011, 0.4183849502584258]",-1,-1
5794,[0.654174   0.30926936],57,67,"[0.6342132122546504, 0.3029357709290384]",-1,-1
5795,[0.67448321 0.3380985 ],57,59,"[0.670396322447398, 0.3654745913518824]",97,-1
5796,[0.73305646 0.41192891],57,60,"[0.7203559462110392, 0.4062231169521756]",97,39
5797,[0.68619569 0.33358802],57,59,"[0.670396322447398, 0.3654745913518824]",97,-1
5798,[0.62422629 0.29634355],57,67,"[0.6342132122546504, 0.3029357709290384]",-1,-1
5799,[0.57739892 0.30561867],57,68,"[0.5611136858449972, 0.3328599094297703]",34,3
5800,[0.87067848 0.88632377],58,70,"[0.8508267501580736, 0.9015022509391033]",27,-1
5801,[0.89419526 0.91732045],58,70,"[0.8508267501580736, 0.9015022509391033]",27,-1
5802,[0.80137767 0.84753171],58,87,"[0.7709981175814148, 0.8594636046327088]",-1,-1
5803,[0.82272917 0.80515772],58,11,"[0.8200748460394902, 0.7883124729475122]",108,-1
5804,[0.72515356 0.87836253],58,87,"[0.7709981175814148, 0.8594636046327088]",-1,-1
5805,[0.76650923 0.88656021],58,87,"[0.7709981175814148, 0.8594636046327088]",-1,-1
5806,[0.83805119 0.87564942],58,70,"[0.8508267501580736, 0.9015022509391033]",18,-1
5807,[0.86182673 0.84621751],58,40,"[0.8906018360892166, 0.8398226991198644]",-1,-1
5808,[0.89046454 0.92252553],58,70,"[0.8508267501580736, 0.9015022509391033]",-1,-1
5809,[0.91644834 0.81443488],58,40,"[0.8906018360892166, 0.8398226991198644]",-1,-1
5810,[0.84604642 0.83733899],58,40,"[0.8906018360892166, 0.8398226991198644]",-1,-1
5811,[0.84068452 0.89597437],58,70,"[0.8508267501580736, 0.9015022509391033]",-1,-1
5812,[0.87564675 0.93308784],58,70,"[0.8508267501580736, 0.9015022509391033]",-1,-1
5813,[0.8277795  0.90981604],58,70,"[0.8508267501580736, 0.9015022509391033]",-1,-1
5814,[0.86553439 0.88500832],58,70,"[0.8508267501580736, 0.9015022509391033]",27,-1
5815,[0.84350914 0.83971501],58,40,"[0.8906018360892166, 0.8398226991198644]",-1,-1
5816,[0.89118808 0.85689765],58,40,"[0.8906018360892166, 0.8398226991198644]",-1,-1
5817,[0.83233655 0.87796401],58,70,"[0.8508267501580736, 0.9015022509391033]",18,-1
5818,[0.83886456 0.91814019],58,70,"[0.8508267501580736, 0.9015022509391033]",-1,-1
5819,[0.8372748  0.79610602],58,11,"[0.8200748460394902, 0.7883124729475122]",109,-1
5820,[0.84654587 0.78376365],58,11,"[0.8200748460394902, 0.7883124729475122]",109,-1
5821,[0.88632978 0.9067009 ],58,70,"[0.8508267501580736, 0.9015022509391033]",27,-1
5822,[0.80065463 0.85450082],58,87,"[0.7709981175814148, 0.8594636046327088]",18,-1
5823,[0.81447388 0.86002791],58,87,"[0.7709981175814148, 0.8594636046327088]",-1,-1
5824,[0.83018708 0.91266788],58,70,"[0.8508267501580736, 0.9015022509391033]",-1,-1
5825,[0.82815202 0.78819882],58,11,"[0.8200748460394902, 0.7883124729475122]",109,-1
5826,[0.86992202 0.86357815],58,40,"[0.8906018360892166, 0.8398226991198644]",27,-1
5827,[0.89626519 0.85508243],58,40,"[0.8906018360892166, 0.8398226991198644]",80,-1
5828,[0.78147858 0.8479733 ],58,87,"[0.7709981175814148, 0.8594636046327088]",19,-1
5829,[0.86878376 0.97404579],58,-1,-1,-1,-1
5830,[0.85955669 0.87231103],58,70,"[0.8508267501580736, 0.9015022509391033]",27,-1
5831,[0.7928477  0.81368344],58,11,"[0.8200748460394902, 0.7883124729475122]",-1,-1
5832,[0.82912808 0.9408199 ],58,70,"[0.8508267501580736, 0.9015022509391033]",-1,-1
5833,[0.79087212 0.88560425],58,87,"[0.7709981175814148, 0.8594636046327088]",-1,-1
5834,[0.81916119 0.89428964],58,70,"[0.8508267501580736, 0.9015022509391033]",-1,-1
5835,[0.87781057 0.80718015],58,40,"[0.8906018360892166, 0.8398226991198644]",102,-1
5836,[0.91191505 0.96817856],58,-1,-1,-1,-1
5837,[0.84338398 0.86928004],58,70,"[0.8508267501580736, 0.9015022509391033]",-1,-1
5838,[0.88173343 0.88360586],58,70,"[0.8508267501580736, 0.9015022509391033]",27,-1
5839,[0.88168655 0.81787573],58,40,"[0.8906018360892166, 0.8398226991198644]",102,-1
5840,[0.86673633 0.83107766],58,40,"[0.8906018360892166, 0.8398226991198644]",-1,-1
5841,[0.87838419 0.8964698 ],58,70,"[0.8508267501580736, 0.9015022509391033]",27,-1
5842,[0.86551597 0.91102799],58,70,"[0.8508267501580736, 0.9015022509391033]",-1,-1
5843,[0.88380519 0.88256416],58,70,"[0.8508267501580736, 0.9015022509391033]",27,-1
5844,[0.88114433 0.83587161],58,40,"[0.8906018360892166, 0.8398226991198644]",-1,-1
5845,[0.87543202 0.90329614],58,70,"[0.8508267501580736, 0.9015022509391033]",27,-1
5846,[0.85945217 0.90371131],58,70,"[0.8508267501580736, 0.9015022509391033]",27,-1
5847,[0.82503046 0.80558119],58,11,"[0.8200748460394902, 0.7883124729475122]",108,-1
5848,[0.86667195 0.86924134],58,70,"[0.8508267501580736, 0.9015022509391033]",27,-1
5849,[0.87610582 0.88951547],58,70,"[0.8508267501580736, 0.9015022509391033]",27,-1
5850,[0.82099161 0.79857315],58,11,"[0.8200748460394902, 0.7883124729475122]",108,-1
5851,[0.80355284 0.88190565],58,87,"[0.7709981175814148, 0.8594636046327088]",-1,-1
5852,[0.9075112  0.82903452],58,40,"[0.8906018360892166, 0.8398226991198644]",-1,-1
5853,[0.88784694 0.81865207],58,40,"[0.8906018360892166, 0.8398226991198644]",102,42
5854,[0.79192631 0.84411413],58,87,"[0.7709981175814148, 0.8594636046327088]",19,-1
5855,[0.85556325 0.85801676],58,40,"[0.8906018360892166, 0.8398226991198644]",27,-1
5856,[0.91025856 0.86056403],58,40,"[0.8906018360892166, 0.8398226991198644]",-1,-1
5857,[0.81960387 0.76910459],58,11,"[0.8200748460394902, 0.7883124729475122]",-1,-1
5858,[0.90378185 0.83374099],58,40,"[0.8906018360892166, 0.8398226991198644]",-1,-1
5859,[0.87919937 0.87128291],58,40,"[0.8906018360892166, 0.8398226991198644]",27,-1
5860,[0.80217874 0.86304073],58,87,"[0.7709981175814148, 0.8594636046327088]",18,-1
5861,[0.86460044 0.84692247],58,40,"[0.8906018360892166, 0.8398226991198644]",-1,-1
5862,[0.83338023 0.83348764],58,11,"[0.8200748460394902, 0.7883124729475122]",109,-1
5863,[0.87605893 0.82250926],58,40,"[0.8906018360892166, 0.8398226991198644]",-1,-1
5864,[0.82103987 0.90627005],58,70,"[0.8508267501580736, 0.9015022509391033]",-1,-1
5865,[0.8283164 0.9514563],58,70,"[0.8508267501580736, 0.9015022509391033]",-1,-1
5866,[0.86498668 0.86926451],58,70,"[0.8508267501580736, 0.9015022509391033]",27,-1
5867,[0.83459198 0.82827386],58,11,"[0.8200748460394902, 0.7883124729475122]",109,42
5868,[0.85414974 0.85302664],58,40,"[0.8906018360892166, 0.8398226991198644]",-1,-1
5869,[0.89598587 0.9247164 ],58,70,"[0.8508267501580736, 0.9015022509391033]",-1,-1
5870,[0.77837835 0.85642094],58,87,"[0.7709981175814148, 0.8594636046327088]",-1,-1
5871,[0.83894504 0.82147422],58,11,"[0.8200748460394902, 0.7883124729475122]",109,42
5872,[0.81860444 0.87969539],58,70,"[0.8508267501580736, 0.9015022509391033]",18,-1
5873,[0.75380634 0.85332569],58,87,"[0.7709981175814148, 0.8594636046327088]",-1,-1
5874,[0.74561853 0.86128387],58,87,"[0.7709981175814148, 0.8594636046327088]",-1,-1
5875,[0.79954158 0.92401044],58,70,"[0.8508267501580736, 0.9015022509391033]",-1,-1
5876,[0.8930539  0.76169501],58,54,"[0.8963029023131598, 0.7251847725408818]",48,14
5877,[0.94055107 0.84032536],58,40,"[0.8906018360892166, 0.8398226991198644]",-1,-1
5878,[0.83905265 0.83988425],58,40,"[0.8906018360892166, 0.8398226991198644]",109,42
5879,[0.83877183 0.82657875],58,11,"[0.8200748460394902, 0.7883124729475122]",109,42
5880,[0.8074936  0.89372488],58,70,"[0.8508267501580736, 0.9015022509391033]",-1,-1
5881,[0.82084291 0.79791062],58,11,"[0.8200748460394902, 0.7883124729475122]",108,-1
5882,[0.94248718 0.91262702],58,-1,-1,-1,-1
5883,[0.80630153 0.92094584],58,70,"[0.8508267501580736, 0.9015022509391033]",-1,-1
5884,[0.82235829 0.82622099],58,11,"[0.8200748460394902, 0.7883124729475122]",-1,-1
5885,[0.80390998 0.87057046],58,87,"[0.7709981175814148, 0.8594636046327088]",-1,-1
5886,[0.88083614 0.92683056],58,70,"[0.8508267501580736, 0.9015022509391033]",-1,-1
5887,[0.82302351 0.93714381],58,70,"[0.8508267501580736, 0.9015022509391033]",-1,-1
5888,[0.95742059 0.83405404],58,40,"[0.8906018360892166, 0.8398226991198644]",-1,-1
5889,[0.83958586 0.89670321],58,70,"[0.8508267501580736, 0.9015022509391033]",-1,-1
5890,[0.79616794 0.92164513],58,70,"[0.8508267501580736, 0.9015022509391033]",-1,-1
5891,[0.85908731 0.89435656],58,70,"[0.8508267501580736, 0.9015022509391033]",27,-1
5892,[0.80519232 0.8875985 ],58,87,"[0.7709981175814148, 0.8594636046327088]",-1,-1
5893,[0.88016425 0.90698632],58,70,"[0.8508267501580736, 0.9015022509391033]",27,-1
5894,[0.89498113 0.88378873],58,40,"[0.8906018360892166, 0.8398226991198644]",-1,-1
5895,[0.93188033 0.88382859],58,40,"[0.8906018360892166, 0.8398226991198644]",-1,-1
5896,[0.9005568  0.84416506],58,40,"[0.8906018360892166, 0.8398226991198644]",80,-1
5897,[0.75999304 0.85598382],58,87,"[0.7709981175814148, 0.8594636046327088]",-1,-1
5898,[0.82071348 0.85907995],58,87,"[0.7709981175814148, 0.8594636046327088]",-1,-1
5899,[0.85316428 0.97250608],58,-1,-1,-1,-1
5900,[0.42103905 0.61627674],59,23,"[0.42263643503799797, 0.6161205416303672]",117,-1
5901,[0.40237231 0.51490128],59,29,"[0.4203507518330517, 0.5402216776416098]",117,-1
5902,[0.40818253 0.54611505],59,29,"[0.4203507518330517, 0.5402216776416098]",117,100
5903,[0.31459317 0.63949232],59,14,"[0.2991912902140973, 0.6498158096286489]",117,100
5904,[0.38474794 0.64028524],59,36,"[0.3984729155032823, 0.6728808968441772]",117,100
5905,[0.34504369 0.54012788],59,9,"[0.34993355860173564, 0.5388204709038561]",117,-1
5906,[0.43234165 0.61885089],59,23,"[0.42263643503799797, 0.6161205416303672]",-1,-1
5907,[0.4242048  0.66387709],59,36,"[0.3984729155032823, 0.6728808968441772]",117,-1
5908,[0.44075137 0.56920838],59,29,"[0.4203507518330517, 0.5402216776416098]",117,96
5909,[0.36987217 0.61705754],59,7,"[0.3567953152728649, 0.610864568428335]",117,100
5910,[0.38544884 0.6090216 ],59,7,"[0.3567953152728649, 0.610864568428335]",117,100
5911,[0.3834624  0.61140375],59,7,"[0.3567953152728649, 0.610864568428335]",117,100
5912,[0.32805244 0.57381917],59,9,"[0.34993355860173564, 0.5388204709038561]",117,100
5913,[0.37380128 0.5080704 ],59,9,"[0.34993355860173564, 0.5388204709038561]",117,76
5914,[0.32600642 0.57259323],59,9,"[0.34993355860173564, 0.5388204709038561]",117,100
5915,[0.40605981 0.55453957],59,29,"[0.4203507518330517, 0.5402216776416098]",117,100
5916,[0.38376232 0.61789324],59,7,"[0.3567953152728649, 0.610864568428335]",117,100
5917,[0.33881637 0.56642982],59,9,"[0.34993355860173564, 0.5388204709038561]",117,100
5918,[0.39409322 0.5386926 ],59,29,"[0.4203507518330517, 0.5402216776416098]",117,-1
5919,[0.36397579 0.55898708],59,9,"[0.34993355860173564, 0.5388204709038561]",117,100
5920,[0.39080139 0.54883123],59,29,"[0.4203507518330517, 0.5402216776416098]",117,-1
5921,[0.33180038 0.61753198],59,7,"[0.3567953152728649, 0.610864568428335]",117,100
5922,[0.33412464 0.57903219],59,7,"[0.3567953152728649, 0.610864568428335]",117,-1
5923,[0.3929066  0.53058809],59,29,"[0.4203507518330517, 0.5402216776416098]",117,-1
5924,[0.42750991 0.59209669],59,23,"[0.42263643503799797, 0.6161205416303672]",117,-1
5925,[0.34139374 0.56790634],59,9,"[0.34993355860173564, 0.5388204709038561]",117,100
5926,[0.34003923 0.64161821],59,7,"[0.3567953152728649, 0.610864568428335]",117,100
5927,[0.32988311 0.56772109],59,9,"[0.34993355860173564, 0.5388204709038561]",117,100
5928,[0.31563179 0.70108154],59,0,"[0.3339356228276975, 0.7219842546928952]",-1,-1
5929,[0.3394632  0.56058096],59,9,"[0.34993355860173564, 0.5388204709038561]",117,100
5930,[0.45448551 0.53089879],59,29,"[0.4203507518330517, 0.5402216776416098]",117,-1
5931,[0.28223138 0.56258202],59,17,"[0.25907980690829885, 0.5772508610653444]",117,89
5932,[0.43315286 0.69167663],59,21,"[0.4609870817439305, 0.702274209592598]",117,-1
5933,[0.40106235 0.6308964 ],59,23,"[0.42263643503799797, 0.6161205416303672]",117,100
5934,[0.31340051 0.63375171],59,14,"[0.2991912902140973, 0.6498158096286489]",117,100
5935,[0.38827897 0.59493214],59,7,"[0.3567953152728649, 0.610864568428335]",117,100
5936,[0.38646424 0.66835289],59,36,"[0.3984729155032823, 0.6728808968441772]",117,97
5937,[0.42988039 0.63478273],59,23,"[0.42263643503799797, 0.6161205416303672]",117,99
5938,[0.33852209 0.61804377],59,7,"[0.3567953152728649, 0.610864568428335]",117,100
5939,[0.35512283 0.56830317],59,9,"[0.34993355860173564, 0.5388204709038561]",117,100
5940,[0.36504819 0.5878077 ],59,7,"[0.3567953152728649, 0.610864568428335]",117,100
5941,[0.39962112 0.52606837],59,29,"[0.4203507518330517, 0.5402216776416098]",117,100
5942,[0.30067001 0.61930368],59,14,"[0.2991912902140973, 0.6498158096286489]",117,100
5943,[0.29113353 0.58160868],59,17,"[0.25907980690829885, 0.5772508610653444]",117,-1
5944,[0.31932562 0.63183715],59,14,"[0.2991912902140973, 0.6498158096286489]",117,100
5945,[0.39373107 0.6476604 ],59,36,"[0.3984729155032823, 0.6728808968441772]",117,100
5946,[0.44806655 0.60774801],59,23,"[0.42263643503799797, 0.6161205416303672]",-1,-1
5947,[0.30519627 0.70404525],59,0,"[0.3339356228276975, 0.7219842546928952]",117,-1
5948,[0.40410608 0.69203575],59,36,"[0.3984729155032823, 0.6728808968441772]",117,-1
5949,[0.30536754 0.70737929],59,0,"[0.3339356228276975, 0.7219842546928952]",117,-1
5950,[0.42557059 0.6040128 ],59,23,"[0.42263643503799797, 0.6161205416303672]",117,-1
5951,[0.37958424 0.69287855],59,36,"[0.3984729155032823, 0.6728808968441772]",117,97
5952,[0.36722155 0.55914832],59,9,"[0.34993355860173564, 0.5388204709038561]",117,100
5953,[0.38544136 0.63393385],59,7,"[0.3567953152728649, 0.610864568428335]",117,100
5954,[0.39621316 0.5678206 ],59,29,"[0.4203507518330517, 0.5402216776416098]",117,100
5955,[0.39880015 0.64335963],59,36,"[0.3984729155032823, 0.6728808968441772]",117,100
5956,[0.38276806 0.57248406],59,7,"[0.3567953152728649, 0.610864568428335]",117,100
5957,[0.35866132 0.56801081],59,9,"[0.34993355860173564, 0.5388204709038561]",117,-1
5958,[0.36287599 0.62589986],59,7,"[0.3567953152728649, 0.610864568428335]",117,-1
5959,[0.3073308  0.64801705],59,14,"[0.2991912902140973, 0.6498158096286489]",117,-1
5960,[0.38123822 0.55635063],59,9,"[0.34993355860173564, 0.5388204709038561]",117,-1
5961,[0.35948101 0.62072583],59,7,"[0.3567953152728649, 0.610864568428335]",117,100
5962,[0.40421858 0.54921369],59,29,"[0.4203507518330517, 0.5402216776416098]",117,100
5963,[0.31234633 0.66864141],59,14,"[0.2991912902140973, 0.6498158096286489]",117,100
5964,[0.35657734 0.53116858],59,9,"[0.34993355860173564, 0.5388204709038561]",117,-1
5965,[0.33067399 0.65312474],59,14,"[0.2991912902140973, 0.6498158096286489]",117,-1
5966,[0.32805231 0.56689159],59,9,"[0.34993355860173564, 0.5388204709038561]",117,100
5967,[0.35633145 0.56088318],59,9,"[0.34993355860173564, 0.5388204709038561]",117,-1
5968,[0.3703556  0.59446947],59,7,"[0.3567953152728649, 0.610864568428335]",117,100
5969,[0.28457499 0.60423096],59,17,"[0.25907980690829885, 0.5772508610653444]",117,-1
5970,[0.35451589 0.67250604],59,36,"[0.3984729155032823, 0.6728808968441772]",117,100
5971,[0.40723614 0.60424178],59,23,"[0.42263643503799797, 0.6161205416303672]",117,-1
5972,[0.34738468 0.53759311],59,9,"[0.34993355860173564, 0.5388204709038561]",117,100
5973,[0.36189085 0.60659594],59,7,"[0.3567953152728649, 0.610864568428335]",117,100
5974,[0.35296095 0.57669532],59,7,"[0.3567953152728649, 0.610864568428335]",117,100
5975,[0.36353948 0.6165775 ],59,7,"[0.3567953152728649, 0.610864568428335]",117,100
5976,[0.39158892 0.63221946],59,23,"[0.42263643503799797, 0.6161205416303672]",117,100
5977,[0.39684761 0.6212053 ],59,23,"[0.42263643503799797, 0.6161205416303672]",117,100
5978,[0.37492177 0.5413541 ],59,9,"[0.34993355860173564, 0.5388204709038561]",-1,-1
5979,[0.40714733 0.52066627],59,29,"[0.4203507518330517, 0.5402216776416098]",117,100
5980,[0.34031728 0.54296265],59,9,"[0.34993355860173564, 0.5388204709038561]",117,-1
5981,[0.41014431 0.62371097],59,23,"[0.42263643503799797, 0.6161205416303672]",117,-1
5982,[0.27348918 0.62262759],59,14,"[0.2991912902140973, 0.6498158096286489]",115,-1
5983,[0.42506533 0.62994397],59,23,"[0.42263643503799797, 0.6161205416303672]",117,-1
5984,[0.38819396 0.63751902],59,36,"[0.3984729155032823, 0.6728808968441772]",117,100
5985,[0.41316259 0.64505786],59,23,"[0.42263643503799797, 0.6161205416303672]",117,99
5986,[0.37569628 0.63076802],59,7,"[0.3567953152728649, 0.610864568428335]",117,100
5987,[0.392756   0.60650682],59,23,"[0.42263643503799797, 0.6161205416303672]",117,-1
5988,[0.34417489 0.58208949],59,7,"[0.3567953152728649, 0.610864568428335]",117,100
5989,[0.34163088 0.56234967],59,9,"[0.34993355860173564, 0.5388204709038561]",117,100
5990,[0.38963383 0.640451  ],59,36,"[0.3984729155032823, 0.6728808968441772]",117,100
5991,[0.38856977 0.66962689],59,36,"[0.3984729155032823, 0.6728808968441772]",117,97
5992,[0.39543393 0.5925494 ],59,23,"[0.42263643503799797, 0.6161205416303672]",117,100
5993,[0.36119041 0.61220386],59,7,"[0.3567953152728649, 0.610864568428335]",117,100
5994,[0.31754459 0.6355039 ],59,14,"[0.2991912902140973, 0.6498158096286489]",117,100
5995,[0.33959287 0.56792516],59,9,"[0.34993355860173564, 0.5388204709038561]",117,100
5996,[0.40691874 0.5934832 ],59,23,"[0.42263643503799797, 0.6161205416303672]",117,100
5997,[0.42500455 0.54404456],59,29,"[0.4203507518330517, 0.5402216776416098]",117,96
5998,[0.32268623 0.61014937],59,7,"[0.3567953152728649, 0.610864568428335]",117,100
5999,[0.4315147  0.56263572],59,29,"[0.4203507518330517, 0.5402216776416098]",117,96
6000,[0.32782381 0.17062551],60,4,"[0.3328231275538315, 0.164647169186415]",113,-1
6001,[0.24091083 0.23871688],60,38,"[0.21237696572363113, 0.23587686359823726]",-1,-1
6002,[0.35346672 0.26540377],60,31,"[0.3442046468432694, 0.303512725044185]",100,16
6003,[0.33049028 0.1837179 ],60,4,"[0.3328231275538315, 0.164647169186415]",113,-1
6004,[0.20929459 0.18389731],60,34,"[0.2185740004144134, 0.15608943562981872]",111,-1
6005,[0.29736705 0.19036687],60,4,"[0.3328231275538315, 0.164647169186415]",-1,-1
6006,[0.26973149 0.23294846],60,30,"[0.2966359808455789, 0.2452350977488949]",-1,-1
6007,[0.30133988 0.26777845],60,30,"[0.2966359808455789, 0.2452350977488949]",114,80
6008,[0.33174201 0.20711714],60,4,"[0.3328231275538315, 0.164647169186415]",113,-1
6009,[0.16008751 0.26137643],60,38,"[0.21237696572363113, 0.23587686359823726]",-1,-1
6010,[0.27039262 0.2868025 ],60,5,"[0.25263933558285595, 0.3182434845400105]",114,94
6011,[0.29015405 0.20634033],60,30,"[0.2966359808455789, 0.2452350977488949]",-1,-1
6012,[0.25713924 0.24491123],60,30,"[0.2966359808455789, 0.2452350977488949]",114,-1
6013,[0.22681938 0.27608229],60,38,"[0.21237696572363113, 0.23587686359823726]",-1,-1
6014,[0.2512684  0.21855448],60,38,"[0.21237696572363113, 0.23587686359823726]",-1,-1
6015,[0.32212792 0.18375657],60,4,"[0.3328231275538315, 0.164647169186415]",113,63
6016,[0.24502302 0.29441507],60,5,"[0.25263933558285595, 0.3182434845400105]",114,-1
6017,[0.26010395 0.19831369],60,34,"[0.2185740004144134, 0.15608943562981872]",113,64
6018,[0.25704261 0.20413224],60,38,"[0.21237696572363113, 0.23587686359823726]",113,-1
6019,[0.3204512  0.17853764],60,4,"[0.3328231275538315, 0.164647169186415]",113,-1
6020,[0.14315744 0.20202325],60,89,"[0.12618733081383782, 0.14625158315056547]",-1,-1
6021,[0.31786817 0.16940929],60,4,"[0.3328231275538315, 0.164647169186415]",113,65
6022,[0.27439234 0.26725988],60,30,"[0.2966359808455789, 0.2452350977488949]",114,94
6023,[0.20558819 0.20119705],60,38,"[0.21237696572363113, 0.23587686359823726]",-1,-1
6024,[0.26761966 0.24013106],60,30,"[0.2966359808455789, 0.2452350977488949]",114,-1
6025,[0.21473811 0.29408422],60,5,"[0.25263933558285595, 0.3182434845400105]",114,-1
6026,[0.2700131  0.13612435],60,84,"[0.29615237877199174, 0.1110224228591103]",-1,-1
6027,[0.23304122 0.20436967],60,38,"[0.21237696572363113, 0.23587686359823726]",113,-1
6028,[0.24087835 0.25526605],60,38,"[0.21237696572363113, 0.23587686359823726]",114,54
6029,[0.21606257 0.12023541],60,34,"[0.2185740004144134, 0.15608943562981872]",11,-1
6030,[0.29645341 0.22645124],60,30,"[0.2966359808455789, 0.2452350977488949]",114,-1
6031,[0.25104327 0.31673426],60,5,"[0.25263933558285595, 0.3182434845400105]",114,94
6032,[0.28473716 0.18269836],60,4,"[0.3328231275538315, 0.164647169186415]",113,-1
6033,[0.29075464 0.23364107],60,30,"[0.2966359808455789, 0.2452350977488949]",114,80
6034,[0.25556914 0.1525614 ],60,34,"[0.2185740004144134, 0.15608943562981872]",110,-1
6035,[0.26263562 0.14780659],60,34,"[0.2185740004144134, 0.15608943562981872]",110,-1
6036,[0.2825682  0.23140943],60,30,"[0.2966359808455789, 0.2452350977488949]",-1,-1
6037,[0.29597021 0.11191246],60,84,"[0.29615237877199174, 0.1110224228591103]",-1,-1
6038,[0.31807994 0.25549087],60,30,"[0.2966359808455789, 0.2452350977488949]",114,-1
6039,[0.31006635 0.25333176],60,30,"[0.2966359808455789, 0.2452350977488949]",114,80
6040,[0.24587339 0.20077631],60,38,"[0.21237696572363113, 0.23587686359823726]",113,-1
6041,[0.24303061 0.24934064],60,38,"[0.21237696572363113, 0.23587686359823726]",-1,54
6042,[0.32199269 0.22055924],60,30,"[0.2966359808455789, 0.2452350977488949]",-1,63
6043,[0.27768637 0.24818978],60,30,"[0.2966359808455789, 0.2452350977488949]",114,80
6044,[0.27342953 0.26689817],60,30,"[0.2966359808455789, 0.2452350977488949]",114,94
6045,[0.26999476 0.30092029],60,5,"[0.25263933558285595, 0.3182434845400105]",114,94
6046,[0.2684844  0.26696321],60,30,"[0.2966359808455789, 0.2452350977488949]",114,-1
6047,[0.23701867 0.21191144],60,38,"[0.21237696572363113, 0.23587686359823726]",113,-1
6048,[0.29914117 0.24667907],60,30,"[0.2966359808455789, 0.2452350977488949]",114,80
6049,[0.2619246  0.17886264],60,34,"[0.2185740004144134, 0.15608943562981872]",113,64
6050,[0.30734621 0.18208697],60,4,"[0.3328231275538315, 0.164647169186415]",113,65
6051,[0.2443583  0.20893962],60,38,"[0.21237696572363113, 0.23587686359823726]",113,-1
6052,[0.2846484  0.14506948],60,84,"[0.29615237877199174, 0.1110224228591103]",113,66
6053,[0.31388053 0.22691118],60,30,"[0.2966359808455789, 0.2452350977488949]",114,-1
6054,[0.23969349 0.26073724],60,38,"[0.21237696572363113, 0.23587686359823726]",114,54
6055,[0.28953693 0.21699824],60,30,"[0.2966359808455789, 0.2452350977488949]",-1,-1
6056,[0.18117678 0.21708638],60,38,"[0.21237696572363113, 0.23587686359823726]",-1,-1
6057,[0.20610417 0.25417851],60,38,"[0.21237696572363113, 0.23587686359823726]",114,-1
6058,[0.28571629 0.24975955],60,30,"[0.2966359808455789, 0.2452350977488949]",114,80
6059,[0.2999496  0.20454941],60,30,"[0.2966359808455789, 0.2452350977488949]",-1,-1
6060,[0.32954223 0.2661212 ],60,30,"[0.2966359808455789, 0.2452350977488949]",-1,-1
6061,[0.29751018 0.21975198],60,30,"[0.2966359808455789, 0.2452350977488949]",114,-1
6062,[0.29126405 0.15553663],60,4,"[0.3328231275538315, 0.164647169186415]",113,66
6063,[0.27897307 0.1806986 ],60,4,"[0.3328231275538315, 0.164647169186415]",113,-1
6064,[0.26758008 0.19327828],60,30,"[0.2966359808455789, 0.2452350977488949]",113,64
6065,[0.29498375 0.27166241],60,30,"[0.2966359808455789, 0.2452350977488949]",114,-1
6066,[0.31120498 0.15769387],60,4,"[0.3328231275538315, 0.164647169186415]",-1,-1
6067,[0.26692672 0.17176377],60,34,"[0.2185740004144134, 0.15608943562981872]",-1,-1
6068,[0.33993219 0.25409141],60,30,"[0.2966359808455789, 0.2452350977488949]",-1,-1
6069,[0.28206331 0.2486111 ],60,30,"[0.2966359808455789, 0.2452350977488949]",114,80
6070,[0.22343161 0.13750083],60,34,"[0.2185740004144134, 0.15608943562981872]",-1,-1
6071,[0.27095363 0.1818439 ],60,34,"[0.2185740004144134, 0.15608943562981872]",113,-1
6072,[0.2241094  0.26702295],60,38,"[0.21237696572363113, 0.23587686359823726]",114,54
6073,[0.30128231 0.26793232],60,30,"[0.2966359808455789, 0.2452350977488949]",114,-1
6074,[0.19162867 0.2781108 ],60,38,"[0.21237696572363113, 0.23587686359823726]",-1,-1
6075,[0.28820365 0.27604133],60,30,"[0.2966359808455789, 0.2452350977488949]",114,94
6076,[0.31652248 0.19581071],60,4,"[0.3328231275538315, 0.164647169186415]",113,-1
6077,[0.26524794 0.24511767],60,30,"[0.2966359808455789, 0.2452350977488949]",114,-1
6078,[0.28846706 0.16220727],60,4,"[0.3328231275538315, 0.164647169186415]",113,66
6079,[0.28976579 0.17496298],60,4,"[0.3328231275538315, 0.164647169186415]",113,66
6080,[0.22920025 0.17936907],60,34,"[0.2185740004144134, 0.15608943562981872]",113,-1
6081,[0.30584876 0.15255025],60,4,"[0.3328231275538315, 0.164647169186415]",-1,-1
6082,[0.34577422 0.20740786],60,4,"[0.3328231275538315, 0.164647169186415]",113,-1
6083,[0.27863103 0.17022945],60,4,"[0.3328231275538315, 0.164647169186415]",113,-1
6084,[0.27726211 0.24461642],60,30,"[0.2966359808455789, 0.2452350977488949]",114,80
6085,[0.31197589 0.24382097],60,30,"[0.2966359808455789, 0.2452350977488949]",114,-1
6086,[0.26996612 0.22858314],60,30,"[0.2966359808455789, 0.2452350977488949]",-1,-1
6087,[0.27451637 0.22291902],60,30,"[0.2966359808455789, 0.2452350977488949]",-1,-1
6088,[0.25820454 0.18921039],60,34,"[0.2185740004144134, 0.15608943562981872]",113,64
6089,[0.25002085 0.22851522],60,38,"[0.21237696572363113, 0.23587686359823726]",-1,-1
6090,[0.30219674 0.16660095],60,4,"[0.3328231275538315, 0.164647169186415]",113,-1
6091,[0.27948558 0.19562434],60,30,"[0.2966359808455789, 0.2452350977488949]",113,-1
6092,[0.29678869 0.28146977],60,30,"[0.2966359808455789, 0.2452350977488949]",114,-1
6093,[0.1861079  0.21596255],60,38,"[0.21237696572363113, 0.23587686359823726]",-1,-1
6094,[0.26936539 0.24771458],60,30,"[0.2966359808455789, 0.2452350977488949]",114,-1
6095,[0.31730581 0.24845398],60,30,"[0.2966359808455789, 0.2452350977488949]",114,-1
6096,[0.28117854 0.1364971 ],60,84,"[0.29615237877199174, 0.1110224228591103]",113,66
6097,[0.21427982 0.25064704],60,38,"[0.21237696572363113, 0.23587686359823726]",114,54
6098,[0.31263169 0.20875293],60,30,"[0.2966359808455789, 0.2452350977488949]",-1,-1
6099,[0.26291577 0.22018032],60,30,"[0.2966359808455789, 0.2452350977488949]",114,-1
6100,[0.85254893 0.11697043],61,48,"[0.8327494151670138, 0.1520155008234301]",-1,-1
6101,[0.75273478 0.19429236],61,57,"[0.7474414948084767, 0.18011984494893613]",59,7
6102,[0.74528371 0.17527493],61,57,"[0.7474414948084767, 0.18011984494893613]",-1,-1
6103,[0.85337889 0.16395157],61,48,"[0.8327494151670138, 0.1520155008234301]",-1,-1
6104,[0.82122172 0.15217471],61,48,"[0.8327494151670138, 0.1520155008234301]",56,6
6105,[0.72539732 0.23942193],61,41,"[0.6948979646954763, 0.28219115991762456]",30,-1
6106,[0.86662798 0.19743419],61,79,"[0.8691904963226184, 0.23236833961723288]",-1,-1
6107,[0.80322015 0.18858837],61,56,"[0.8000851730897747, 0.22264930918313394]",-1,-1
6108,[0.81731253 0.23941737],61,56,"[0.8000851730897747, 0.22264930918313394]",58,9
6109,[0.7887807  0.22309144],61,56,"[0.8000851730897747, 0.22264930918313394]",60,8
6110,[0.77784707 0.1502101 ],61,57,"[0.7474414948084767, 0.18011984494893613]",-1,-1
6111,[0.77214034 0.11491511],61,57,"[0.7474414948084767, 0.18011984494893613]",-1,-1
6112,[0.84147966 0.14351942],61,48,"[0.8327494151670138, 0.1520155008234301]",-1,-1
6113,[0.83411675 0.17276668],61,48,"[0.8327494151670138, 0.1520155008234301]",56,6
6114,[0.71516869 0.14942672],61,57,"[0.7474414948084767, 0.18011984494893613]",-1,-1
6115,[0.77064953 0.18993089],61,57,"[0.7474414948084767, 0.18011984494893613]",59,7
6116,[0.7301238  0.14526422],61,57,"[0.7474414948084767, 0.18011984494893613]",-1,-1
6117,[0.76023886 0.15908914],61,57,"[0.7474414948084767, 0.18011984494893613]",-1,-1
6118,[0.85330137 0.19027979],61,48,"[0.8327494151670138, 0.1520155008234301]",-1,-1
6119,[0.87895689 0.17412982],61,48,"[0.8327494151670138, 0.1520155008234301]",-1,-1
6120,[0.84528839 0.17808326],61,48,"[0.8327494151670138, 0.1520155008234301]",-1,6
6121,[0.8443123  0.24283014],61,79,"[0.8691904963226184, 0.23236833961723288]",-1,-1
6122,[0.80056565 0.18245433],61,56,"[0.8000851730897747, 0.22264930918313394]",57,-1
6123,[0.82717139 0.09943401],61,48,"[0.8327494151670138, 0.1520155008234301]",-1,-1
6124,[0.80100979 0.14199257],61,48,"[0.8327494151670138, 0.1520155008234301]",-1,6
6125,[0.77330208 0.13051982],61,57,"[0.7474414948084767, 0.18011984494893613]",-1,-1
6126,[0.83070235 0.23132651],61,56,"[0.8000851730897747, 0.22264930918313394]",58,9
6127,[0.75368749 0.15023424],61,57,"[0.7474414948084767, 0.18011984494893613]",-1,-1
6128,[0.73895269 0.20677149],61,57,"[0.7474414948084767, 0.18011984494893613]",-1,-1
6129,[0.84688247 0.09808026],61,48,"[0.8327494151670138, 0.1520155008234301]",-1,-1
6130,[0.79430004 0.18367553],61,56,"[0.8000851730897747, 0.22264930918313394]",57,-1
6131,[0.81147771 0.19168314],61,56,"[0.8000851730897747, 0.22264930918313394]",57,-1
6132,[0.87758022 0.16059054],61,48,"[0.8327494151670138, 0.1520155008234301]",-1,-1
6133,[0.80309835 0.12130614],61,48,"[0.8327494151670138, 0.1520155008234301]",-1,-1
6134,[0.77089136 0.20889838],61,56,"[0.8000851730897747, 0.22264930918313394]",60,-1
6135,[0.76168543 0.18664715],61,57,"[0.7474414948084767, 0.18011984494893613]",59,7
6136,[0.82513951 0.22923222],61,56,"[0.8000851730897747, 0.22264930918313394]",58,9
6137,[0.86654788 0.17197609],61,48,"[0.8327494151670138, 0.1520155008234301]",-1,-1
6138,[0.85197681 0.18769236],61,48,"[0.8327494151670138, 0.1520155008234301]",-1,6
6139,[0.77781486 0.17451228],61,57,"[0.7474414948084767, 0.18011984494893613]",-1,-1
6140,[0.80102066 0.15128648],61,48,"[0.8327494151670138, 0.1520155008234301]",56,6
6141,[0.7815168 0.       ],61,-1,-1,-1,-1
6142,[0.88359635 0.19655666],61,79,"[0.8691904963226184, 0.23236833961723288]",-1,-1
6143,[0.81287855 0.09960479],61,48,"[0.8327494151670138, 0.1520155008234301]",-1,-1
6144,[0.88170518 0.18819963],61,79,"[0.8691904963226184, 0.23236833961723288]",-1,-1
6145,[0.78574235 0.14098237],61,48,"[0.8327494151670138, 0.1520155008234301]",-1,-1
6146,[0.84583432 0.16168704],61,48,"[0.8327494151670138, 0.1520155008234301]",-1,-1
6147,[0.75123932 0.1069741 ],61,88,"[0.7027138132246393, 0.10475795076477123]",-1,-1
6148,[0.83919378 0.13753935],61,48,"[0.8327494151670138, 0.1520155008234301]",-1,-1
6149,[0.79032061 0.26780017],61,22,"[0.805104436152594, 0.30588484878908717]",-1,-1
6150,[0.7858924  0.21072777],61,56,"[0.8000851730897747, 0.22264930918313394]",-1,-1
6151,[0.72728549 0.23588311],61,41,"[0.6948979646954763, 0.28219115991762456]",30,-1
6152,[0.74149811 0.08470759],61,88,"[0.7027138132246393, 0.10475795076477123]",-1,-1
6153,[0.88384003 0.11990028],61,48,"[0.8327494151670138, 0.1520155008234301]",-1,-1
6154,[0.80906047 0.15476726],61,48,"[0.8327494151670138, 0.1520155008234301]",56,6
6155,[0.74095304 0.16677564],61,57,"[0.7474414948084767, 0.18011984494893613]",-1,-1
6156,[0.84011511 0.23477226],61,79,"[0.8691904963226184, 0.23236833961723288]",58,-1
6157,[0.87073082 0.17058766],61,48,"[0.8327494151670138, 0.1520155008234301]",-1,-1
6158,[0.87627335 0.16079027],61,48,"[0.8327494151670138, 0.1520155008234301]",-1,-1
6159,[0.72102251 0.09030488],61,88,"[0.7027138132246393, 0.10475795076477123]",-1,-1
6160,[0.7402561  0.27673651],61,41,"[0.6948979646954763, 0.28219115991762456]",-1,-1
6161,[0.78400275 0.19490717],61,56,"[0.8000851730897747, 0.22264930918313394]",59,-1
6162,[0.88014482 0.11685106],61,48,"[0.8327494151670138, 0.1520155008234301]",-1,-1
6163,[0.85288358 0.11501331],61,48,"[0.8327494151670138, 0.1520155008234301]",-1,-1
6164,[0.79929958 0.1552273 ],61,48,"[0.8327494151670138, 0.1520155008234301]",56,6
6165,[0.78962884 0.15584375],61,48,"[0.8327494151670138, 0.1520155008234301]",56,6
6166,[0.80421463 0.15297073],61,48,"[0.8327494151670138, 0.1520155008234301]",56,6
6167,[0.79220834 0.20120244],61,56,"[0.8000851730897747, 0.22264930918313394]",-1,-1
6168,[0.80588754 0.07389818],61,-1,-1,-1,-1
6169,[0.82202452 0.1617928 ],61,48,"[0.8327494151670138, 0.1520155008234301]",56,6
6170,[0.77066577 0.19302481],61,57,"[0.7474414948084767, 0.18011984494893613]",59,7
6171,[0.87801606 0.24960361],61,79,"[0.8691904963226184, 0.23236833961723288]",-1,-1
6172,[0.74155112 0.09066566],61,88,"[0.7027138132246393, 0.10475795076477123]",-1,-1
6173,[0.75895852 0.16730303],61,57,"[0.7474414948084767, 0.18011984494893613]",-1,-1
6174,[0.82564432 0.21020246],61,56,"[0.8000851730897747, 0.22264930918313394]",53,-1
6175,[0.84133739 0.14152173],61,48,"[0.8327494151670138, 0.1520155008234301]",-1,-1
6176,[0.85247768 0.06876276],61,-1,-1,-1,-1
6177,[0.82822501 0.17626064],61,48,"[0.8327494151670138, 0.1520155008234301]",56,6
6178,[0.85555987 0.13950161],61,48,"[0.8327494151670138, 0.1520155008234301]",-1,-1
6179,[0.85934079 0.1072049 ],61,48,"[0.8327494151670138, 0.1520155008234301]",-1,-1
6180,[0.88104463 0.2458514 ],61,79,"[0.8691904963226184, 0.23236833961723288]",-1,-1
6181,[0.82999191 0.19209027],61,48,"[0.8327494151670138, 0.1520155008234301]",56,6
6182,[0.84550658 0.311275  ],61,22,"[0.805104436152594, 0.30588484878908717]",97,-1
6183,[0.7626786  0.20605766],61,57,"[0.7474414948084767, 0.18011984494893613]",-1,7
6184,[0.78767472 0.21169252],61,56,"[0.8000851730897747, 0.22264930918313394]",-1,8
6185,[0.77401517 0.15306606],61,57,"[0.7474414948084767, 0.18011984494893613]",-1,-1
6186,[0.79764942 0.2346597 ],61,56,"[0.8000851730897747, 0.22264930918313394]",58,-1
6187,[0.8991593  0.10942613],61,-1,-1,-1,-1
6188,[0.78213915 0.14049084],61,48,"[0.8327494151670138, 0.1520155008234301]",-1,-1
6189,[0.83031599 0.15464179],61,48,"[0.8327494151670138, 0.1520155008234301]",56,6
6190,[0.83593811 0.14579521],61,48,"[0.8327494151670138, 0.1520155008234301]",-1,-1
6191,[0.78393749 0.12897864],61,48,"[0.8327494151670138, 0.1520155008234301]",-1,-1
6192,[0.80082453 0.10612584],61,48,"[0.8327494151670138, 0.1520155008234301]",-1,-1
6193,[0.81028727 0.18337322],61,48,"[0.8327494151670138, 0.1520155008234301]",57,-1
6194,[0.84293639 0.17661154],61,48,"[0.8327494151670138, 0.1520155008234301]",56,6
6195,[0.83998979 0.19182421],61,48,"[0.8327494151670138, 0.1520155008234301]",56,6
6196,[0.79774236 0.11070129],61,48,"[0.8327494151670138, 0.1520155008234301]",-1,-1
6197,[0.79213891 0.16260524],61,48,"[0.8327494151670138, 0.1520155008234301]",56,6
6198,[0.84190376 0.18066556],61,48,"[0.8327494151670138, 0.1520155008234301]",56,6
6199,[0.74120316 0.20052857],61,57,"[0.7474414948084767, 0.18011984494893613]",-1,-1
6200,[0.25808811 0.53172734],62,32,"[0.2628401192296225, 0.49392472915708574]",114,-1
6201,[0.2872723  0.43790322],62,16,"[0.2555939088543306, 0.4149016525883056]",114,-1
6202,[0.27729579 0.42301663],62,16,"[0.2555939088543306, 0.4149016525883056]",114,-1
6203,[0.29405595 0.49323354],62,32,"[0.2628401192296225, 0.49392472915708574]",77,15
6204,[0.27389349 0.42821038],62,16,"[0.2555939088543306, 0.4149016525883056]",114,-1
6205,[0.28279307 0.40153546],62,16,"[0.2555939088543306, 0.4149016525883056]",114,-1
6206,[0.34999964 0.44078402],62,39,"[0.3669055865255626, 0.44498159830625134]",-1,-1
6207,[0.24530813 0.39561279],62,16,"[0.2555939088543306, 0.4149016525883056]",114,84
6208,[0.23557402 0.41814428],62,16,"[0.2555939088543306, 0.4149016525883056]",114,83
6209,[0.32193874 0.38841867],62,3,"[0.32011025026158857, 0.3826718810103493]",114,94
6210,[0.27023372 0.39797123],62,16,"[0.2555939088543306, 0.4149016525883056]",-1,-1
6211,[0.28972169 0.39979434],62,3,"[0.32011025026158857, 0.3826718810103493]",114,94
6212,[0.24557049 0.50631691],62,32,"[0.2628401192296225, 0.49392472915708574]",114,-1
6213,[0.23075616 0.38111421],62,58,"[0.20200162677094644, 0.3700588211289526]",-1,-1
6214,[0.23341516 0.42455888],62,16,"[0.2555939088543306, 0.4149016525883056]",114,83
6215,[0.2512792  0.42875743],62,16,"[0.2555939088543306, 0.4149016525883056]",114,83
6216,[0.24907419 0.42903983],62,16,"[0.2555939088543306, 0.4149016525883056]",114,-1
6217,[0.33012064 0.40711158],62,3,"[0.32011025026158857, 0.3826718810103493]",-1,-1
6218,[0.23830995 0.4124873 ],62,16,"[0.2555939088543306, 0.4149016525883056]",114,83
6219,[0.17469414 0.41248484],62,52,"[0.15299951742988305, 0.4190518444817022]",72,45
6220,[0.22054683 0.4286484 ],62,16,"[0.2555939088543306, 0.4149016525883056]",114,-1
6221,[0.25810712 0.41283617],62,16,"[0.2555939088543306, 0.4149016525883056]",114,-1
6222,[0.17796987 0.49541645],62,37,"[0.19793393907464019, 0.48816130273889874]",114,-1
6223,[0.29479942 0.42110593],62,16,"[0.2555939088543306, 0.4149016525883056]",114,-1
6224,[0.1947927  0.45926737],62,37,"[0.19793393907464019, 0.48816130273889874]",114,77
6225,[0.16190363 0.39999036],62,52,"[0.15299951742988305, 0.4190518444817022]",72,-1
6226,[0.22652497 0.48520403],62,37,"[0.19793393907464019, 0.48816130273889874]",114,-1
6227,[0.30872091 0.43721788],62,3,"[0.32011025026158857, 0.3826718810103493]",-1,-1
6228,[0.25867399 0.44287048],62,16,"[0.2555939088543306, 0.4149016525883056]",114,-1
6229,[0.3150201  0.44336714],62,39,"[0.3669055865255626, 0.44498159830625134]",-1,-1
6230,[0.13691735 0.45062029],62,52,"[0.15299951742988305, 0.4190518444817022]",104,12
6231,[0.18017646 0.48373354],62,37,"[0.19793393907464019, 0.48816130273889874]",114,77
6232,[0.29431178 0.43214545],62,16,"[0.2555939088543306, 0.4149016525883056]",114,-1
6233,[0.29663269 0.50936383],62,32,"[0.2628401192296225, 0.49392472915708574]",77,-1
6234,[0.26004303 0.47261383],62,32,"[0.2628401192296225, 0.49392472915708574]",114,-1
6235,[0.24311888 0.4527215 ],62,16,"[0.2555939088543306, 0.4149016525883056]",114,-1
6236,[0.25435966 0.45910109],62,32,"[0.2628401192296225, 0.49392472915708574]",114,-1
6237,[0.22746796 0.42356757],62,16,"[0.2555939088543306, 0.4149016525883056]",114,-1
6238,[0.26209216 0.52557284],62,32,"[0.2628401192296225, 0.49392472915708574]",114,-1
6239,[0.25449995 0.43805751],62,16,"[0.2555939088543306, 0.4149016525883056]",114,-1
6240,[0.22996443 0.38558018],62,58,"[0.20200162677094644, 0.3700588211289526]",114,-1
6241,[0.25859872 0.43028797],62,16,"[0.2555939088543306, 0.4149016525883056]",114,83
6242,[0.22472425 0.46477709],62,37,"[0.19793393907464019, 0.48816130273889874]",114,81
6243,[0.3124876  0.40584595],62,3,"[0.32011025026158857, 0.3826718810103493]",114,94
6244,[0.2989755  0.46722827],62,32,"[0.2628401192296225, 0.49392472915708574]",-1,-1
6245,[0.24077984 0.49287073],62,32,"[0.2628401192296225, 0.49392472915708574]",114,81
6246,[0.35882598 0.47928109],62,39,"[0.3669055865255626, 0.44498159830625134]",-1,-1
6247,[0.23268167 0.44765877],62,16,"[0.2555939088543306, 0.4149016525883056]",114,83
6248,[0.26454143 0.50046303],62,32,"[0.2628401192296225, 0.49392472915708574]",114,-1
6249,[0.31464751 0.54187242],62,9,"[0.34993355860173564, 0.5388204709038561]",-1,-1
6250,[0.23447933 0.41055891],62,16,"[0.2555939088543306, 0.4149016525883056]",114,83
6251,[0.23691974 0.39460379],62,16,"[0.2555939088543306, 0.4149016525883056]",114,84
6252,[0.16690167 0.39020131],62,52,"[0.15299951742988305, 0.4190518444817022]",-1,-1
6253,[0.2938085  0.39546138],62,3,"[0.32011025026158857, 0.3826718810103493]",114,94
6254,[0.30703362 0.46926765],62,32,"[0.2628401192296225, 0.49392472915708574]",77,15
6255,[0.24936455 0.35965984],62,5,"[0.25263933558285595, 0.3182434845400105]",114,84
6256,[0.19678092 0.39597975],62,58,"[0.20200162677094644, 0.3700588211289526]",-1,-1
6257,[0.21259226 0.4082138 ],62,58,"[0.20200162677094644, 0.3700588211289526]",-1,-1
6258,[0.29483706 0.49899919],62,32,"[0.2628401192296225, 0.49392472915708574]",77,-1
6259,[0.19282656 0.46277452],62,37,"[0.19793393907464019, 0.48816130273889874]",114,77
6260,[0.22568722 0.47885575],62,37,"[0.19793393907464019, 0.48816130273889874]",114,-1
6261,[0.24062649 0.44222472],62,16,"[0.2555939088543306, 0.4149016525883056]",114,-1
6262,[0.32977365 0.44169321],62,39,"[0.3669055865255626, 0.44498159830625134]",-1,-1
6263,[0.23296429 0.51071429],62,32,"[0.2628401192296225, 0.49392472915708574]",114,-1
6264,[0.28232026 0.48622014],62,32,"[0.2628401192296225, 0.49392472915708574]",-1,-1
6265,[0.26400856 0.44543687],62,16,"[0.2555939088543306, 0.4149016525883056]",-1,-1
6266,[0.22048381 0.39853326],62,58,"[0.20200162677094644, 0.3700588211289526]",114,-1
6267,[0.27050216 0.39229427],62,16,"[0.2555939088543306, 0.4149016525883056]",-1,-1
6268,[0.2488094  0.54634288],62,17,"[0.25907980690829885, 0.5772508610653444]",117,82
6269,[0.20494816 0.51798013],62,37,"[0.19793393907464019, 0.48816130273889874]",114,72
6270,[0.22773658 0.45524891],62,37,"[0.19793393907464019, 0.48816130273889874]",114,83
6271,[0.21559188 0.43180107],62,16,"[0.2555939088543306, 0.4149016525883056]",-1,-1
6272,[0.29587172 0.46735923],62,32,"[0.2628401192296225, 0.49392472915708574]",-1,-1
6273,[0.2748608  0.47669246],62,32,"[0.2628401192296225, 0.49392472915708574]",-1,-1
6274,[0.29083849 0.43416927],62,16,"[0.2555939088543306, 0.4149016525883056]",114,-1
6275,[0.21555066 0.38879648],62,58,"[0.20200162677094644, 0.3700588211289526]",114,-1
6276,[0.25164917 0.41144612],62,16,"[0.2555939088543306, 0.4149016525883056]",114,-1
6277,[0.26879383 0.36966214],62,16,"[0.2555939088543306, 0.4149016525883056]",114,94
6278,[0.2419543  0.43677198],62,16,"[0.2555939088543306, 0.4149016525883056]",114,-1
6279,[0.29133581 0.43508468],62,16,"[0.2555939088543306, 0.4149016525883056]",114,-1
6280,[0.29738975 0.3811593 ],62,3,"[0.32011025026158857, 0.3826718810103493]",114,94
6281,[0.35708764 0.45934647],62,39,"[0.3669055865255626, 0.44498159830625134]",114,75
6282,[0.3307087  0.47292311],62,39,"[0.3669055865255626, 0.44498159830625134]",-1,-1
6283,[0.29085079 0.42030329],62,16,"[0.2555939088543306, 0.4149016525883056]",114,-1
6284,[0.22773297 0.43447334],62,16,"[0.2555939088543306, 0.4149016525883056]",114,-1
6285,[0.21756531 0.41731948],62,16,"[0.2555939088543306, 0.4149016525883056]",-1,-1
6286,[0.26731165 0.49977282],62,32,"[0.2628401192296225, 0.49392472915708574]",114,-1
6287,[0.21500058 0.37070321],62,58,"[0.20200162677094644, 0.3700588211289526]",114,-1
6288,[0.2697425  0.48385966],62,32,"[0.2628401192296225, 0.49392472915708574]",-1,-1
6289,[0.22159878 0.47482752],62,37,"[0.19793393907464019, 0.48816130273889874]",114,-1
6290,[0.26319624 0.43064856],62,16,"[0.2555939088543306, 0.4149016525883056]",114,-1
6291,[0.21358756 0.4864492 ],62,37,"[0.19793393907464019, 0.48816130273889874]",114,-1
6292,[0.25812814 0.47456264],62,32,"[0.2628401192296225, 0.49392472915708574]",114,-1
6293,[0.23103557 0.37527222],62,58,"[0.20200162677094644, 0.3700588211289526]",114,-1
6294,[0.24839901 0.41698287],62,16,"[0.2555939088543306, 0.4149016525883056]",114,-1
6295,[0.3220757  0.41892375],62,3,"[0.32011025026158857, 0.3826718810103493]",114,-1
6296,[0.27975144 0.48109584],62,32,"[0.2628401192296225, 0.49392472915708574]",-1,-1
6297,[0.37295803 0.42625435],62,39,"[0.3669055865255626, 0.44498159830625134]",114,74
6298,[0.23917873 0.43153749],62,16,"[0.2555939088543306, 0.4149016525883056]",114,83
6299,[0.2315284  0.52214901],62,32,"[0.2628401192296225, 0.49392472915708574]",114,-1
6300,[0.55019115 0.66005442],63,10,"[0.5824848627859263, 0.649655537749642]",117,57
6301,[0.61658497 0.664018  ],63,10,"[0.5824848627859263, 0.649655537749642]",117,-1
6302,[0.55952549 0.65024676],63,10,"[0.5824848627859263, 0.649655537749642]",117,-1
6303,[0.60470343 0.61262441],63,10,"[0.5824848627859263, 0.649655537749642]",-1,-1
6304,[0.54108305 0.6663613 ],63,35,"[0.5368175380560374, 0.7057468765352064]",117,-1
6305,[0.55866863 0.64455124],63,10,"[0.5824848627859263, 0.649655537749642]",117,-1
6306,[0.57507585 0.61956448],63,10,"[0.5824848627859263, 0.649655537749642]",117,-1
6307,[0.65616192 0.66066935],63,26,"[0.6720960040209921, 0.6796090225497248]",117,-1
6308,[0.60802314 0.66146243],63,10,"[0.5824848627859263, 0.649655537749642]",117,-1
6309,[0.55946827 0.584187  ],63,69,"[0.5968891560771225, 0.5507363423930021]",65,-1
6310,[0.64852038 0.62142594],63,47,"[0.6479473958146146, 0.5918281279427561]",107,-1
6311,[0.59339372 0.55913578],63,69,"[0.5968891560771225, 0.5507363423930021]",68,-1
6312,[0.627882   0.67819299],63,26,"[0.6720960040209921, 0.6796090225497248]",117,50
6313,[0.53145718 0.64198181],63,15,"[0.5005882845969348, 0.6071157673844066]",117,51
6314,[0.59939589 0.62304346],63,10,"[0.5824848627859263, 0.649655537749642]",117,58
6315,[0.53589562 0.61938358],63,15,"[0.5005882845969348, 0.6071157673844066]",117,53
6316,[0.62634145 0.63705745],63,10,"[0.5824848627859263, 0.649655537749642]",117,-1
6317,[0.58413566 0.66624609],63,10,"[0.5824848627859263, 0.649655537749642]",117,57
6318,[0.55868409 0.59503629],63,69,"[0.5968891560771225, 0.5507363423930021]",65,-1
6319,[0.49986761 0.6235972 ],63,15,"[0.5005882845969348, 0.6071157673844066]",117,-1
6320,[0.52388783 0.61977947],63,15,"[0.5005882845969348, 0.6071157673844066]",117,-1
6321,[0.58320215 0.62536233],63,10,"[0.5824848627859263, 0.649655537749642]",117,-1
6322,[0.53803463 0.59914502],63,15,"[0.5005882845969348, 0.6071157673844066]",-1,-1
6323,[0.5955671  0.64189049],63,10,"[0.5824848627859263, 0.649655537749642]",117,58
6324,[0.66379473 0.69720214],63,26,"[0.6720960040209921, 0.6796090225497248]",117,-1
6325,[0.61097652 0.62000863],63,10,"[0.5824848627859263, 0.649655537749642]",117,-1
6326,[0.56213357 0.6756944 ],63,10,"[0.5824848627859263, 0.649655537749642]",117,-1
6327,[0.59555167 0.61757187],63,10,"[0.5824848627859263, 0.649655537749642]",-1,-1
6328,[0.57215389 0.64067276],63,10,"[0.5824848627859263, 0.649655537749642]",117,58
6329,[0.55824822 0.7083126 ],63,35,"[0.5368175380560374, 0.7057468765352064]",-1,-1
6330,[0.53198065 0.68244111],63,35,"[0.5368175380560374, 0.7057468765352064]",117,55
6331,[0.45935863 0.62533655],63,23,"[0.42263643503799797, 0.6161205416303672]",117,-1
6332,[0.55238281 0.59986878],63,15,"[0.5005882845969348, 0.6071157673844066]",-1,-1
6333,[0.56301008 0.7036554 ],63,35,"[0.5368175380560374, 0.7057468765352064]",117,-1
6334,[0.56889853 0.74668535],63,35,"[0.5368175380560374, 0.7057468765352064]",-1,-1
6335,[0.5925307  0.58124048],63,69,"[0.5968891560771225, 0.5507363423930021]",67,-1
6336,[0.58725724 0.5642739 ],63,69,"[0.5968891560771225, 0.5507363423930021]",68,-1
6337,[0.56114145 0.58294885],63,69,"[0.5968891560771225, 0.5507363423930021]",65,-1
6338,[0.62716188 0.66299014],63,10,"[0.5824848627859263, 0.649655537749642]",117,-1
6339,[0.5243309  0.68310923],63,35,"[0.5368175380560374, 0.7057468765352064]",117,-1
6340,[0.62053678 0.6377819 ],63,10,"[0.5824848627859263, 0.649655537749642]",117,58
6341,[0.63043384 0.68393623],63,26,"[0.6720960040209921, 0.6796090225497248]",117,50
6342,[0.58890754 0.64048614],63,10,"[0.5824848627859263, 0.649655537749642]",117,58
6343,[0.61792894 0.63323871],63,10,"[0.5824848627859263, 0.649655537749642]",117,58
6344,[0.57882043 0.61530554],63,10,"[0.5824848627859263, 0.649655537749642]",-1,-1
6345,[0.60119823 0.61231623],63,10,"[0.5824848627859263, 0.649655537749642]",-1,-1
6346,[0.57979093 0.67844346],63,10,"[0.5824848627859263, 0.649655537749642]",117,57
6347,[0.56643839 0.69724381],63,35,"[0.5368175380560374, 0.7057468765352064]",117,57
6348,[0.63512512 0.60260366],63,47,"[0.6479473958146146, 0.5918281279427561]",117,-1
6349,[0.59819763 0.68445724],63,10,"[0.5824848627859263, 0.649655537749642]",-1,-1
6350,[0.54418188 0.5917873 ],63,15,"[0.5005882845969348, 0.6071157673844066]",-1,-1
6351,[0.62566788 0.68343913],63,26,"[0.6720960040209921, 0.6796090225497248]",117,50
6352,[0.58860437 0.74859243],63,33,"[0.6312009655286229, 0.7427811490324232]",-1,-1
6353,[0.66870108 0.6056698 ],63,47,"[0.6479473958146146, 0.5918281279427561]",-1,-1
6354,[0.5741786  0.67728616],63,10,"[0.5824848627859263, 0.649655537749642]",117,57
6355,[0.52919923 0.62131396],63,15,"[0.5005882845969348, 0.6071157673844066]",117,53
6356,[0.44847225 0.62699414],63,23,"[0.42263643503799797, 0.6161205416303672]",117,-1
6357,[0.56260275 0.65799609],63,10,"[0.5824848627859263, 0.649655537749642]",117,-1
6358,[0.51565134 0.63138468],63,15,"[0.5005882845969348, 0.6071157673844066]",117,-1
6359,[0.5553669  0.66154236],63,10,"[0.5824848627859263, 0.649655537749642]",117,57
6360,[0.54734911 0.65359935],63,10,"[0.5824848627859263, 0.649655537749642]",117,57
6361,[0.57284738 0.63237519],63,10,"[0.5824848627859263, 0.649655537749642]",117,58
6362,[0.56243873 0.66987785],63,10,"[0.5824848627859263, 0.649655537749642]",117,57
6363,[0.59526418 0.6981485 ],63,10,"[0.5824848627859263, 0.649655537749642]",-1,-1
6364,[0.59178189 0.59745769],63,69,"[0.5968891560771225, 0.5507363423930021]",66,-1
6365,[0.62491171 0.63614474],63,10,"[0.5824848627859263, 0.649655537749642]",117,-1
6366,[0.64075174 0.60964872],63,47,"[0.6479473958146146, 0.5918281279427561]",117,-1
6367,[0.57118149 0.68730007],63,35,"[0.5368175380560374, 0.7057468765352064]",117,57
6368,[0.58495179 0.60307382],63,10,"[0.5824848627859263, 0.649655537749642]",66,-1
6369,[0.52973263 0.7215261 ],63,35,"[0.5368175380560374, 0.7057468765352064]",87,17
6370,[0.58125044 0.71421101],63,35,"[0.5368175380560374, 0.7057468765352064]",117,-1
6371,[0.4922948  0.56461617],63,15,"[0.5005882845969348, 0.6071157673844066]",117,73
6372,[0.60671188 0.6735998 ],63,10,"[0.5824848627859263, 0.649655537749642]",117,-1
6373,[0.63757879 0.64462493],63,26,"[0.6720960040209921, 0.6796090225497248]",-1,-1
6374,[0.52736423 0.61408807],63,15,"[0.5005882845969348, 0.6071157673844066]",117,-1
6375,[0.55618909 0.61306504],63,10,"[0.5824848627859263, 0.649655537749642]",117,-1
6376,[0.55098504 0.65930478],63,10,"[0.5824848627859263, 0.649655537749642]",117,57
6377,[0.61106956 0.51248392],63,69,"[0.5968891560771225, 0.5507363423930021]",-1,-1
6378,[0.59375508 0.64229563],63,10,"[0.5824848627859263, 0.649655537749642]",117,58
6379,[0.47713467 0.64438791],63,15,"[0.5005882845969348, 0.6071157673844066]",117,-1
6380,[0.64505417 0.5348264 ],63,95,"[0.6515121185373796, 0.5025970969917144]",-1,-1
6381,[0.64226472 0.70055716],63,26,"[0.6720960040209921, 0.6796090225497248]",-1,-1
6382,[0.54688449 0.625002  ],63,10,"[0.5824848627859263, 0.649655537749642]",117,-1
6383,[0.57868703 0.69469451],63,35,"[0.5368175380560374, 0.7057468765352064]",117,-1
6384,[0.59260071 0.65270706],63,10,"[0.5824848627859263, 0.649655537749642]",117,-1
6385,[0.6260268  0.63526642],63,10,"[0.5824848627859263, 0.649655537749642]",117,58
6386,[0.61474048 0.6400657 ],63,10,"[0.5824848627859263, 0.649655537749642]",117,-1
6387,[0.6131098  0.59861175],63,47,"[0.6479473958146146, 0.5918281279427561]",117,-1
6388,[0.63213885 0.62799651],63,47,"[0.6479473958146146, 0.5918281279427561]",-1,-1
6389,[0.53562322 0.63339601],63,15,"[0.5005882845969348, 0.6071157673844066]",117,53
6390,[0.60576827 0.70573036],63,33,"[0.6312009655286229, 0.7427811490324232]",117,44
6391,[0.60433068 0.57538108],63,69,"[0.5968891560771225, 0.5507363423930021]",-1,-1
6392,[0.59477094 0.65487489],63,10,"[0.5824848627859263, 0.649655537749642]",117,-1
6393,[0.5673727  0.59819988],63,10,"[0.5824848627859263, 0.649655537749642]",65,-1
6394,[0.58124979 0.63664125],63,10,"[0.5824848627859263, 0.649655537749642]",117,58
6395,[0.56994813 0.65015607],63,10,"[0.5824848627859263, 0.649655537749642]",117,-1
6396,[0.57389615 0.60467561],63,10,"[0.5824848627859263, 0.649655537749642]",65,-1
6397,[0.58334929 0.64304203],63,10,"[0.5824848627859263, 0.649655537749642]",117,58
6398,[0.495303   0.71193755],63,21,"[0.4609870817439305, 0.702274209592598]",117,-1
6399,[0.56799759 0.6747449 ],63,10,"[0.5824848627859263, 0.649655537749642]",117,57
6400,[0.86772139 0.34898362],64,24,"[0.864304877149764, 0.37840873327476937]",-1,-1
6401,[0.91790816 0.29721154],64,51,"[0.8936687523122694, 0.3204806601756303]",-1,-1
6402,[0.89852964 0.33412976],64,51,"[0.8936687523122694, 0.3204806601756303]",-1,-1
6403,[0.86590078 0.38294822],64,24,"[0.864304877149764, 0.37840873327476937]",97,-1
6404,[0.89645316 0.36375266],64,24,"[0.864304877149764, 0.37840873327476937]",97,29
6405,[0.83055984 0.3562236 ],64,24,"[0.864304877149764, 0.37840873327476937]",97,-1
6406,[0.88967145 0.40219826],64,24,"[0.864304877149764, 0.37840873327476937]",-1,-1
6407,[0.87452715 0.47214884],64,44,"[0.8589971214582324, 0.4394137560340503]",-1,-1
6408,[0.9185633  0.44439249],64,44,"[0.8589971214582324, 0.4394137560340503]",-1,-1
6409,[0.92169958 0.39481971],64,24,"[0.864304877149764, 0.37840873327476937]",-1,-1
6410,[0.84889314 0.33491081],64,24,"[0.864304877149764, 0.37840873327476937]",97,34
6411,[0.91399886 0.44384618],64,44,"[0.8589971214582324, 0.4394137560340503]",-1,-1
6412,[0.8865758  0.41753721],64,44,"[0.8589971214582324, 0.4394137560340503]",90,28
6413,[0.86769979 0.40356872],64,24,"[0.864304877149764, 0.37840873327476937]",90,-1
6414,[0.88355216 0.42211367],64,44,"[0.8589971214582324, 0.4394137560340503]",90,28
6415,[0.92798633 0.37603844],64,24,"[0.864304877149764, 0.37840873327476937]",-1,-1
6416,[0.92760916 0.34588878],64,51,"[0.8936687523122694, 0.3204806601756303]",-1,-1
6417,[0.8900395 0.3910614],64,24,"[0.864304877149764, 0.37840873327476937]",97,-1
6418,[0.8997216  0.45222684],64,44,"[0.8589971214582324, 0.4394137560340503]",-1,-1
6419,[0.8322179  0.30823499],64,22,"[0.805104436152594, 0.30588484878908717]",97,33
6420,[0.89382528 0.39636315],64,24,"[0.864304877149764, 0.37840873327476937]",97,-1
6421,[0.8679345 0.3496279],64,24,"[0.864304877149764, 0.37840873327476937]",-1,-1
6422,[0.89784641 0.3928252 ],64,24,"[0.864304877149764, 0.37840873327476937]",97,-1
6423,[0.8852126  0.37666237],64,24,"[0.864304877149764, 0.37840873327476937]",97,29
6424,[1.         0.37330618],64,-1,-1,-1,-1
6425,[0.84129163 0.35367603],64,24,"[0.864304877149764, 0.37840873327476937]",97,-1
6426,[0.89377891 0.41452404],64,44,"[0.8589971214582324, 0.4394137560340503]",90,-1
6427,[0.82734032 0.48508753],64,82,"[0.7838251592389673, 0.4623077396916808]",-1,-1
6428,[0.8952019 0.4539836],64,44,"[0.8589971214582324, 0.4394137560340503]",-1,-1
6429,[0.87920583 0.40926662],64,24,"[0.864304877149764, 0.37840873327476937]",90,-1
6430,[0.90717584 0.39686152],64,24,"[0.864304877149764, 0.37840873327476937]",-1,-1
6431,[0.82612224 0.28816404],64,22,"[0.805104436152594, 0.30588484878908717]",-1,-1
6432,[0.83836794 0.43397549],64,44,"[0.8589971214582324, 0.4394137560340503]",98,28
6433,[0.93300489 0.46434287],64,-1,-1,-1,-1
6434,[0.89356722 0.35577197],64,51,"[0.8936687523122694, 0.3204806601756303]",97,-1
6435,[0.88653574 0.37673804],64,24,"[0.864304877149764, 0.37840873327476937]",97,29
6436,[0.80219677 0.4350012 ],64,82,"[0.7838251592389673, 0.4623077396916808]",-1,-1
6437,[0.85558278 0.37590968],64,24,"[0.864304877149764, 0.37840873327476937]",97,-1
6438,[0.89411905 0.35226173],64,51,"[0.8936687523122694, 0.3204806601756303]",97,-1
6439,[0.88269429 0.37578208],64,24,"[0.864304877149764, 0.37840873327476937]",97,29
6440,[0.7998873  0.41310439],64,8,"[0.782559314763462, 0.38675507962681555]",97,37
6441,[0.77223617 0.40739522],64,8,"[0.782559314763462, 0.38675507962681555]",97,39
6442,[0.92563596 0.38109183],64,24,"[0.864304877149764, 0.37840873327476937]",-1,-1
6443,[0.83127933 0.45017141],64,44,"[0.8589971214582324, 0.4394137560340503]",-1,-1
6444,[0.78084545 0.43469983],64,82,"[0.7838251592389673, 0.4623077396916808]",97,37
6445,[0.84559053 0.42712472],64,44,"[0.8589971214582324, 0.4394137560340503]",98,28
6446,[0.81138511 0.47601009],64,82,"[0.7838251592389673, 0.4623077396916808]",-1,-1
6447,[0.85748541 0.36288715],64,24,"[0.864304877149764, 0.37840873327476937]",-1,-1
6448,[0.89574813 0.47595181],64,44,"[0.8589971214582324, 0.4394137560340503]",-1,-1
6449,[0.90190313 0.39066041],64,24,"[0.864304877149764, 0.37840873327476937]",97,-1
6450,[0.7847728  0.39321624],64,8,"[0.782559314763462, 0.38675507962681555]",97,39
6451,[0.88199617 0.43625986],64,44,"[0.8589971214582324, 0.4394137560340503]",-1,-1
6452,[0.88615253 0.38971975],64,24,"[0.864304877149764, 0.37840873327476937]",97,-1
6453,[0.78227835 0.3805182 ],64,8,"[0.782559314763462, 0.38675507962681555]",97,39
6454,[0.83398736 0.30046593],64,22,"[0.805104436152594, 0.30588484878908717]",97,-1
6455,[0.76577045 0.40356228],64,8,"[0.782559314763462, 0.38675507962681555]",97,39
6456,[0.87032802 0.42073126],64,44,"[0.8589971214582324, 0.4394137560340503]",90,-1
6457,[0.89519613 0.44801406],64,44,"[0.8589971214582324, 0.4394137560340503]",-1,-1
6458,[0.87690144 0.44457197],64,44,"[0.8589971214582324, 0.4394137560340503]",-1,-1
6459,[0.96506587 0.39479381],64,-1,-1,-1,-1
6460,[0.89680363 0.36649554],64,24,"[0.864304877149764, 0.37840873327476937]",97,29
6461,[0.81825861 0.43058417],64,44,"[0.8589971214582324, 0.4394137560340503]",98,-1
6462,[0.91386932 0.32441467],64,51,"[0.8936687523122694, 0.3204806601756303]",97,-1
6463,[0.89836272 0.46268844],64,44,"[0.8589971214582324, 0.4394137560340503]",-1,-1
6464,[0.86181022 0.46579622],64,44,"[0.8589971214582324, 0.4394137560340503]",-1,-1
6465,[0.85504613 0.43730754],64,44,"[0.8589971214582324, 0.4394137560340503]",98,28
6466,[0.84129041 0.36503877],64,24,"[0.864304877149764, 0.37840873327476937]",97,-1
6467,[0.91358722 0.37138112],64,24,"[0.864304877149764, 0.37840873327476937]",-1,-1
6468,[0.8693166  0.45554095],64,44,"[0.8589971214582324, 0.4394137560340503]",-1,-1
6469,[0.81819813 0.35844035],64,8,"[0.782559314763462, 0.38675507962681555]",97,37
6470,[0.81722509 0.38619328],64,8,"[0.782559314763462, 0.38675507962681555]",97,37
6471,[0.81873244 0.36012875],64,8,"[0.782559314763462, 0.38675507962681555]",97,37
6472,[0.74803843 0.39598392],64,60,"[0.7203559462110392, 0.4062231169521756]",97,39
6473,[0.88119512 0.39332822],64,24,"[0.864304877149764, 0.37840873327476937]",-1,-1
6474,[0.85595542 0.34565891],64,24,"[0.864304877149764, 0.37840873327476937]",97,-1
6475,[0.8381233  0.39586998],64,24,"[0.864304877149764, 0.37840873327476937]",97,37
6476,[0.88177154 0.37941007],64,24,"[0.864304877149764, 0.37840873327476937]",97,-1
6477,[0.91700719 0.45680543],64,44,"[0.8589971214582324, 0.4394137560340503]",-1,-1
6478,[0.98167898 0.39254421],64,-1,-1,-1,-1
6479,[0.85706204 0.39602898],64,24,"[0.864304877149764, 0.37840873327476937]",97,-1
6480,[0.88469082 0.46775282],64,44,"[0.8589971214582324, 0.4394137560340503]",-1,-1
6481,[0.89635426 0.40620904],64,24,"[0.864304877149764, 0.37840873327476937]",-1,-1
6482,[0.83292465 0.38261749],64,24,"[0.864304877149764, 0.37840873327476937]",97,-1
6483,[0.83242826 0.40107626],64,24,"[0.864304877149764, 0.37840873327476937]",97,37
6484,[0.85826355 0.3386045 ],64,51,"[0.8936687523122694, 0.3204806601756303]",97,34
6485,[0.85520534 0.43258654],64,44,"[0.8589971214582324, 0.4394137560340503]",98,28
6486,[0.84298004 0.37438419],64,24,"[0.864304877149764, 0.37840873327476937]",97,-1
6487,[0.81779049 0.37158507],64,8,"[0.782559314763462, 0.38675507962681555]",97,-1
6488,[0.88106307 0.37829104],64,24,"[0.864304877149764, 0.37840873327476937]",97,-1
6489,[0.83559282 0.28113436],64,22,"[0.805104436152594, 0.30588484878908717]",-1,-1
6490,[0.89794443 0.34993131],64,51,"[0.8936687523122694, 0.3204806601756303]",-1,-1
6491,[0.81328394 0.35178648],64,8,"[0.782559314763462, 0.38675507962681555]",97,-1
6492,[0.84379176 0.38767082],64,24,"[0.864304877149764, 0.37840873327476937]",97,-1
6493,[0.88345807 0.44166392],64,44,"[0.8589971214582324, 0.4394137560340503]",-1,-1
6494,[0.82299696 0.39544745],64,8,"[0.782559314763462, 0.38675507962681555]",97,37
6495,[0.82292622 0.39411097],64,8,"[0.782559314763462, 0.38675507962681555]",97,37
6496,[0.81850608 0.38827103],64,8,"[0.782559314763462, 0.38675507962681555]",97,37
6497,[0.82095968 0.40913809],64,8,"[0.782559314763462, 0.38675507962681555]",97,37
6498,[0.90423747 0.39703152],64,24,"[0.864304877149764, 0.37840873327476937]",-1,-1
6499,[0.89789972 0.38686175],64,24,"[0.864304877149764, 0.37840873327476937]",-1,-1
6500,[0.32253238 0.68796444],65,0,"[0.3339356228276975, 0.7219842546928952]",117,100
6501,[0.34309487 0.73459895],65,0,"[0.3339356228276975, 0.7219842546928952]",117,-1
6502,[0.26534449 0.62077657],65,17,"[0.25907980690829885, 0.5772508610653444]",-1,-1
6503,[0.34459883 0.62652399],65,7,"[0.3567953152728649, 0.610864568428335]",117,100
6504,[0.40731428 0.69482116],65,36,"[0.3984729155032823, 0.6728808968441772]",117,-1
6505,[0.37565535 0.62631378],65,7,"[0.3567953152728649, 0.610864568428335]",117,100
6506,[0.31846607 0.63387948],65,14,"[0.2991912902140973, 0.6498158096286489]",117,100
6507,[0.38962875 0.61147323],65,7,"[0.3567953152728649, 0.610864568428335]",117,100
6508,[0.4088119  0.65273859],65,36,"[0.3984729155032823, 0.6728808968441772]",117,-1
6509,[0.33201441 0.64304636],65,14,"[0.2991912902140973, 0.6498158096286489]",117,100
6510,[0.4123223  0.67325605],65,36,"[0.3984729155032823, 0.6728808968441772]",-1,-1
6511,[0.40729292 0.52162462],65,29,"[0.4203507518330517, 0.5402216776416098]",117,100
6512,[0.40759322 0.65873027],65,36,"[0.3984729155032823, 0.6728808968441772]",117,-1
6513,[0.395056   0.68348983],65,36,"[0.3984729155032823, 0.6728808968441772]",117,97
6514,[0.35528153 0.61023606],65,7,"[0.3567953152728649, 0.610864568428335]",117,100
6515,[0.34658779 0.68679574],65,0,"[0.3339356228276975, 0.7219842546928952]",-1,-1
6516,[0.3705704  0.61925926],65,7,"[0.3567953152728649, 0.610864568428335]",117,100
6517,[0.3548232  0.70068697],65,0,"[0.3339356228276975, 0.7219842546928952]",117,-1
6518,[0.4338848  0.64055211],65,23,"[0.42263643503799797, 0.6161205416303672]",117,99
6519,[0.35267324 0.67779403],65,36,"[0.3984729155032823, 0.6728808968441772]",117,100
6520,[0.3927583  0.64140011],65,36,"[0.3984729155032823, 0.6728808968441772]",117,100
6521,[0.35349554 0.58788828],65,7,"[0.3567953152728649, 0.610864568428335]",117,100
6522,[0.37206193 0.68260379],65,36,"[0.3984729155032823, 0.6728808968441772]",117,-1
6523,[0.31817178 0.68940131],65,0,"[0.3339356228276975, 0.7219842546928952]",117,-1
6524,[0.34802802 0.57020879],65,9,"[0.34993355860173564, 0.5388204709038561]",117,100
6525,[0.37303939 0.63814192],65,7,"[0.3567953152728649, 0.610864568428335]",117,-1
6526,[0.32699163 0.64937223],65,14,"[0.2991912902140973, 0.6498158096286489]",117,-1
6527,[0.36474627 0.75048838],65,0,"[0.3339356228276975, 0.7219842546928952]",117,98
6528,[0.44409679 0.72646715],65,21,"[0.4609870817439305, 0.702274209592598]",117,90
6529,[0.37072337 0.70987474],65,0,"[0.3339356228276975, 0.7219842546928952]",-1,-1
6530,[0.32891512 0.640945  ],65,14,"[0.2991912902140973, 0.6498158096286489]",117,100
6531,[0.31799951 0.61274341],65,7,"[0.3567953152728649, 0.610864568428335]",117,100
6532,[0.36694061 0.67522492],65,36,"[0.3984729155032823, 0.6728808968441772]",117,-1
6533,[0.2793167 0.7078019],65,42,"[0.2346625058996496, 0.695644821677479]",117,98
6534,[0.41990236 0.62572978],65,23,"[0.42263643503799797, 0.6161205416303672]",117,99
6535,[0.35195929 0.64062569],65,7,"[0.3567953152728649, 0.610864568428335]",117,100
6536,[0.41743888 0.7326675 ],65,20,"[0.4431801719912439, 0.7668078343201206]",117,-1
6537,[0.37185683 0.69435441],65,36,"[0.3984729155032823, 0.6728808968441772]",117,97
6538,[0.34592795 0.71615137],65,0,"[0.3339356228276975, 0.7219842546928952]",117,98
6539,[0.36153415 0.68866395],65,36,"[0.3984729155032823, 0.6728808968441772]",-1,-1
6540,[0.44879166 0.70714177],65,21,"[0.4609870817439305, 0.702274209592598]",117,90
6541,[0.3113602  0.65740208],65,14,"[0.2991912902140973, 0.6498158096286489]",117,-1
6542,[0.32473037 0.6694724 ],65,14,"[0.2991912902140973, 0.6498158096286489]",117,100
6543,[0.32734081 0.6451997 ],65,14,"[0.2991912902140973, 0.6498158096286489]",117,100
6544,[0.35465491 0.62318817],65,7,"[0.3567953152728649, 0.610864568428335]",117,100
6545,[0.2635704  0.60092863],65,17,"[0.25907980690829885, 0.5772508610653444]",117,79
6546,[0.37782994 0.69207497],65,36,"[0.3984729155032823, 0.6728808968441772]",117,-1
6547,[0.31808961 0.66564754],65,14,"[0.2991912902140973, 0.6498158096286489]",117,100
6548,[0.35376606 0.60833288],65,7,"[0.3567953152728649, 0.610864568428335]",117,100
6549,[0.3490769  0.68962563],65,0,"[0.3339356228276975, 0.7219842546928952]",-1,-1
6550,[0.33979844 0.6544921 ],65,14,"[0.2991912902140973, 0.6498158096286489]",117,100
6551,[0.47394767 0.62921628],65,15,"[0.5005882845969348, 0.6071157673844066]",117,-1
6552,[0.33591033 0.69986665],65,0,"[0.3339356228276975, 0.7219842546928952]",117,98
6553,[0.32884298 0.68410842],65,0,"[0.3339356228276975, 0.7219842546928952]",117,-1
6554,[0.34675423 0.664087  ],65,14,"[0.2991912902140973, 0.6498158096286489]",117,100
6555,[0.34038896 0.68632083],65,0,"[0.3339356228276975, 0.7219842546928952]",117,-1
6556,[0.31760528 0.6124106 ],65,7,"[0.3567953152728649, 0.610864568428335]",117,100
6557,[0.3474591 0.7426547],65,0,"[0.3339356228276975, 0.7219842546928952]",117,98
6558,[0.40010221 0.63288532],65,23,"[0.42263643503799797, 0.6161205416303672]",117,100
6559,[0.35176421 0.70118348],65,0,"[0.3339356228276975, 0.7219842546928952]",117,-1
6560,[0.27802304 0.54118295],65,17,"[0.25907980690829885, 0.5772508610653444]",117,-1
6561,[0.40500035 0.6558037 ],65,36,"[0.3984729155032823, 0.6728808968441772]",117,100
6562,[0.35332005 0.67088482],65,36,"[0.3984729155032823, 0.6728808968441772]",117,100
6563,[0.33007093 0.64185947],65,14,"[0.2991912902140973, 0.6498158096286489]",117,100
6564,[0.34280289 0.67156641],65,14,"[0.2991912902140973, 0.6498158096286489]",117,100
6565,[0.32716466 0.73045204],65,0,"[0.3339356228276975, 0.7219842546928952]",117,98
6566,[0.39839975 0.65608023],65,36,"[0.3984729155032823, 0.6728808968441772]",117,100
6567,[0.37714951 0.72439213],65,0,"[0.3339356228276975, 0.7219842546928952]",117,-1
6568,[0.3612356  0.67470688],65,36,"[0.3984729155032823, 0.6728808968441772]",117,100
6569,[0.45021127 0.73097431],65,21,"[0.4609870817439305, 0.702274209592598]",117,90
6570,[0.4173148  0.63225416],65,23,"[0.42263643503799797, 0.6161205416303672]",117,-1
6571,[0.34764875 0.64156975],65,7,"[0.3567953152728649, 0.610864568428335]",117,100
6572,[0.36440353 0.69679553],65,0,"[0.3339356228276975, 0.7219842546928952]",117,97
6573,[0.43181487 0.71617845],65,21,"[0.4609870817439305, 0.702274209592598]",117,-1
6574,[0.35278645 0.62481147],65,7,"[0.3567953152728649, 0.610864568428335]",117,100
6575,[0.3312523 0.6990549],65,0,"[0.3339356228276975, 0.7219842546928952]",117,98
6576,[0.32105744 0.71916162],65,0,"[0.3339356228276975, 0.7219842546928952]",117,98
6577,[0.36788459 0.67726459],65,36,"[0.3984729155032823, 0.6728808968441772]",117,-1
6578,[0.35042795 0.61553796],65,7,"[0.3567953152728649, 0.610864568428335]",117,100
6579,[0.47747156 0.69106545],65,21,"[0.4609870817439305, 0.702274209592598]",117,-1
6580,[0.34440241 0.6750324 ],65,0,"[0.3339356228276975, 0.7219842546928952]",117,100
6581,[0.36450761 0.61993039],65,7,"[0.3567953152728649, 0.610864568428335]",117,100
6582,[0.31862744 0.65921478],65,14,"[0.2991912902140973, 0.6498158096286489]",117,100
6583,[0.34349207 0.65685572],65,14,"[0.2991912902140973, 0.6498158096286489]",117,100
6584,[0.31932012 0.66834165],65,14,"[0.2991912902140973, 0.6498158096286489]",117,100
6585,[0.35175818 0.71572991],65,0,"[0.3339356228276975, 0.7219842546928952]",117,-1
6586,[0.41185911 0.73862893],65,20,"[0.4431801719912439, 0.7668078343201206]",117,-1
6587,[0.29958781 0.75441051],65,0,"[0.3339356228276975, 0.7219842546928952]",117,98
6588,[0.37058229 0.59512335],65,7,"[0.3567953152728649, 0.610864568428335]",117,100
6589,[0.31920211 0.67376033],65,14,"[0.2991912902140973, 0.6498158096286489]",117,100
6590,[0.39379163 0.6662594 ],65,36,"[0.3984729155032823, 0.6728808968441772]",117,-1
6591,[0.348643   0.70786429],65,0,"[0.3339356228276975, 0.7219842546928952]",117,98
6592,[0.42695249 0.67507781],65,36,"[0.3984729155032823, 0.6728808968441772]",117,-1
6593,[0.28543125 0.71154923],65,0,"[0.3339356228276975, 0.7219842546928952]",117,98
6594,[0.33238538 0.71597702],65,0,"[0.3339356228276975, 0.7219842546928952]",117,98
6595,[0.31439239 0.71860064],65,0,"[0.3339356228276975, 0.7219842546928952]",117,98
6596,[0.29648071 0.69133908],65,14,"[0.2991912902140973, 0.6498158096286489]",117,98
6597,[0.28534407 0.71399714],65,0,"[0.3339356228276975, 0.7219842546928952]",117,98
6598,[0.3302068  0.62424472],65,7,"[0.3567953152728649, 0.610864568428335]",117,-1
6599,[0.35840146 0.65414805],65,7,"[0.3567953152728649, 0.610864568428335]",117,100
6600,[0.39572235 0.71475102],66,36,"[0.3984729155032823, 0.6728808968441772]",117,91
6601,[0.45861612 0.7292452 ],66,21,"[0.4609870817439305, 0.702274209592598]",117,-1
6602,[0.37087447 0.7330099 ],66,0,"[0.3339356228276975, 0.7219842546928952]",-1,-1
6603,[0.52023962 0.73586429],66,35,"[0.5368175380560374, 0.7057468765352064]",-1,-1
6604,[0.54472217 0.81267946],66,66,"[0.573574952246955, 0.8174270490620612]",3,0
6605,[0.46964145 0.70994416],66,21,"[0.4609870817439305, 0.702274209592598]",117,90
6606,[0.44021916 0.70701952],66,21,"[0.4609870817439305, 0.702274209592598]",117,90
6607,[0.40545234 0.73149131],66,20,"[0.4431801719912439, 0.7668078343201206]",117,-1
6608,[0.41914575 0.75728354],66,20,"[0.4431801719912439, 0.7668078343201206]",117,86
6609,[0.49172043 0.747055  ],66,20,"[0.4431801719912439, 0.7668078343201206]",-1,-1
6610,[0.4387795  0.73152262],66,20,"[0.4431801719912439, 0.7668078343201206]",117,-1
6611,[0.4642513  0.76823079],66,20,"[0.4431801719912439, 0.7668078343201206]",-1,-1
6612,[0.406356 0.763997],66,20,"[0.4431801719912439, 0.7668078343201206]",117,86
6613,[0.49409875 0.72315397],66,21,"[0.4609870817439305, 0.702274209592598]",117,-1
6614,[0.48382471 0.71491191],66,21,"[0.4609870817439305, 0.702274209592598]",-1,-1
6615,[0.47050075 0.70815849],66,21,"[0.4609870817439305, 0.702274209592598]",117,90
6616,[0.4837889  0.75973147],66,20,"[0.4431801719912439, 0.7668078343201206]",43,-1
6617,[0.449591   0.74608791],66,20,"[0.4431801719912439, 0.7668078343201206]",117,90
6618,[0.46438304 0.72281404],66,21,"[0.4609870817439305, 0.702274209592598]",117,-1
6619,[0.51596666 0.7370861 ],66,35,"[0.5368175380560374, 0.7057468765352064]",-1,-1
6620,[0.46547274 0.67343895],66,21,"[0.4609870817439305, 0.702274209592598]",-1,-1
6621,[0.48374499 0.70867166],66,21,"[0.4609870817439305, 0.702274209592598]",117,-1
6622,[0.49222098 0.72278771],66,21,"[0.4609870817439305, 0.702274209592598]",117,-1
6623,[0.42495285 0.73711739],66,20,"[0.4431801719912439, 0.7668078343201206]",117,-1
6624,[0.41337233 0.70976714],66,36,"[0.3984729155032823, 0.6728808968441772]",117,91
6625,[0.54081606 0.74875061],66,35,"[0.5368175380560374, 0.7057468765352064]",-1,-1
6626,[0.49418138 0.7539928 ],66,20,"[0.4431801719912439, 0.7668078343201206]",43,-1
6627,[0.40486199 0.7173527 ],66,36,"[0.3984729155032823, 0.6728808968441772]",117,91
6628,[0.43320166 0.76082352],66,20,"[0.4431801719912439, 0.7668078343201206]",-1,-1
6629,[0.45345765 0.72169502],66,21,"[0.4609870817439305, 0.702274209592598]",117,90
6630,[0.52475215 0.74834319],66,35,"[0.5368175380560374, 0.7057468765352064]",-1,-1
6631,[0.42648586 0.75316967],66,20,"[0.4431801719912439, 0.7668078343201206]",117,86
6632,[0.49195955 0.76360875],66,20,"[0.4431801719912439, 0.7668078343201206]",43,-1
6633,[0.45345329 0.66339864],66,21,"[0.4609870817439305, 0.702274209592598]",117,90
6634,[0.47897757 0.71033965],66,21,"[0.4609870817439305, 0.702274209592598]",117,90
6635,[0.4149062  0.80086344],66,18,"[0.37162219884005204, 0.7974050461709582]",117,-1
6636,[0.44263877 0.70458496],66,21,"[0.4609870817439305, 0.702274209592598]",117,90
6637,[0.46008301 0.71442435],66,21,"[0.4609870817439305, 0.702274209592598]",117,-1
6638,[0.55400825 0.80000246],66,66,"[0.573574952246955, 0.8174270490620612]",3,-1
6639,[0.44906294 0.69694874],66,21,"[0.4609870817439305, 0.702274209592598]",117,90
6640,[0.45788936 0.73055955],66,21,"[0.4609870817439305, 0.702274209592598]",117,-1
6641,[0.40959561 0.67295357],66,36,"[0.3984729155032823, 0.6728808968441772]",-1,-1
6642,[0.49010273 0.77099709],66,20,"[0.4431801719912439, 0.7668078343201206]",43,-1
6643,[0.46426613 0.73206098],66,21,"[0.4609870817439305, 0.702274209592598]",117,-1
6644,[0.42137962 0.63004532],66,23,"[0.42263643503799797, 0.6161205416303672]",117,99
6645,[0.46164452 0.7304935 ],66,21,"[0.4609870817439305, 0.702274209592598]",117,-1
6646,[0.46123089 0.71232208],66,21,"[0.4609870817439305, 0.702274209592598]",117,-1
6647,[0.44922218 0.73933999],66,20,"[0.4431801719912439, 0.7668078343201206]",117,90
6648,[0.41754068 0.79809591],66,20,"[0.4431801719912439, 0.7668078343201206]",117,-1
6649,[0.44374941 0.75042094],66,20,"[0.4431801719912439, 0.7668078343201206]",117,-1
6650,[0.58164871 0.77456105],66,66,"[0.573574952246955, 0.8174270490620612]",-1,-1
6651,[0.52062069 0.8214435 ],66,66,"[0.573574952246955, 0.8174270490620612]",-1,-1
6652,[0.42121988 0.74108615],66,20,"[0.4431801719912439, 0.7668078343201206]",117,-1
6653,[0.36943177 0.72299559],66,0,"[0.3339356228276975, 0.7219842546928952]",117,-1
6654,[0.41247574 0.72184248],66,36,"[0.3984729155032823, 0.6728808968441772]",117,-1
6655,[0.44010748 0.77597098],66,20,"[0.4431801719912439, 0.7668078343201206]",117,-1
6656,[0.53400165 0.79725213],66,66,"[0.573574952246955, 0.8174270490620612]",-1,-1
6657,[0.53187571 0.73288999],66,35,"[0.5368175380560374, 0.7057468765352064]",87,17
6658,[0.46366027 0.81428458],66,20,"[0.4431801719912439, 0.7668078343201206]",-1,-1
6659,[0.41753145 0.75850463],66,20,"[0.4431801719912439, 0.7668078343201206]",117,86
6660,[0.44816113 0.79409659],66,20,"[0.4431801719912439, 0.7668078343201206]",117,-1
6661,[0.36761686 0.82462261],66,18,"[0.37162219884005204, 0.7974050461709582]",-1,-1
6662,[0.39102088 0.75723569],66,18,"[0.37162219884005204, 0.7974050461709582]",-1,-1
6663,[0.3859315  0.72339643],66,0,"[0.3339356228276975, 0.7219842546928952]",-1,-1
6664,[0.46382099 0.74310909],66,20,"[0.4431801719912439, 0.7668078343201206]",117,-1
6665,[0.46580796 0.76623851],66,20,"[0.4431801719912439, 0.7668078343201206]",-1,-1
6666,[0.44815182 0.71135892],66,21,"[0.4609870817439305, 0.702274209592598]",117,-1
6667,[0.45133787 0.78217038],66,20,"[0.4431801719912439, 0.7668078343201206]",117,-1
6668,[0.44423438 0.76142441],66,20,"[0.4431801719912439, 0.7668078343201206]",-1,-1
6669,[0.47239025 0.78148963],66,20,"[0.4431801719912439, 0.7668078343201206]",-1,-1
6670,[0.45242938 0.69873779],66,21,"[0.4609870817439305, 0.702274209592598]",117,-1
6671,[0.45697887 0.80154931],66,20,"[0.4431801719912439, 0.7668078343201206]",-1,-1
6672,[0.53371876 0.86188567],66,77,"[0.5331833941028848, 0.8881010311348752]",4,0
6673,[0.44372016 0.70098338],66,21,"[0.4609870817439305, 0.702274209592598]",117,-1
6674,[0.44619072 0.7660975 ],66,20,"[0.4431801719912439, 0.7668078343201206]",117,-1
6675,[0.50576269 0.74443408],66,35,"[0.5368175380560374, 0.7057468765352064]",-1,-1
6676,[0.50497011 0.6527769 ],66,15,"[0.5005882845969348, 0.6071157673844066]",117,-1
6677,[0.4607378  0.75578378],66,20,"[0.4431801719912439, 0.7668078343201206]",117,-1
6678,[0.44281281 0.71543494],66,21,"[0.4609870817439305, 0.702274209592598]",117,-1
6679,[0.41015524 0.77003279],66,20,"[0.4431801719912439, 0.7668078343201206]",117,86
6680,[0.51922863 0.78406959],66,66,"[0.573574952246955, 0.8174270490620612]",-1,-1
6681,[0.46947294 0.77994659],66,20,"[0.4431801719912439, 0.7668078343201206]",-1,-1
6682,[0.46708831 0.81294875],66,20,"[0.4431801719912439, 0.7668078343201206]",-1,-1
6683,[0.46142496 0.76853754],66,20,"[0.4431801719912439, 0.7668078343201206]",117,-1
6684,[0.43130817 0.70966808],66,21,"[0.4609870817439305, 0.702274209592598]",117,-1
6685,[0.43370788 0.65619627],66,36,"[0.3984729155032823, 0.6728808968441772]",-1,-1
6686,[0.47233724 0.74362491],66,20,"[0.4431801719912439, 0.7668078343201206]",-1,-1
6687,[0.38029752 0.79904128],66,18,"[0.37162219884005204, 0.7974050461709582]",78,-1
6688,[0.4415276  0.72083205],66,21,"[0.4609870817439305, 0.702274209592598]",117,-1
6689,[0.48556792 0.78107119],66,20,"[0.4431801719912439, 0.7668078343201206]",43,-1
6690,[0.44276105 0.69514857],66,21,"[0.4609870817439305, 0.702274209592598]",117,90
6691,[0.4480923 0.7341872],66,20,"[0.4431801719912439, 0.7668078343201206]",117,-1
6692,[0.47755932 0.73458207],66,21,"[0.4609870817439305, 0.702274209592598]",-1,-1
6693,[0.47998261 0.7889884 ],66,20,"[0.4431801719912439, 0.7668078343201206]",43,-1
6694,[0.42646899 0.72522779],66,21,"[0.4609870817439305, 0.702274209592598]",117,-1
6695,[0.5151834  0.72542318],66,35,"[0.5368175380560374, 0.7057468765352064]",-1,-1
6696,[0.45413311 0.78420497],66,20,"[0.4431801719912439, 0.7668078343201206]",-1,-1
6697,[0.45985264 0.71769571],66,21,"[0.4609870817439305, 0.702274209592598]",117,-1
6698,[0.41271177 0.78066586],66,20,"[0.4431801719912439, 0.7668078343201206]",-1,-1
6699,[0.48643854 0.77878669],66,20,"[0.4431801719912439, 0.7668078343201206]",43,-1
6700,[0.78210559 0.76314258],67,11,"[0.8200748460394902, 0.7883124729475122]",109,62
6701,[0.85753712 0.59105473],67,-1,-1,-1,-1
6702,[0.72155571 0.79509419],67,43,"[0.7124452149283717, 0.7959059325724773]",109,-1
6703,[0.78173816 0.72621582],67,12,"[0.8137791995140147, 0.719758767835923]",109,62
6704,[0.76376395 0.76602304],67,1,"[0.7484771342575616, 0.7179286626976465]",109,-1
6705,[0.69827213 0.71770696],67,26,"[0.6720960040209921, 0.6796090225497248]",109,46
6706,[0.8370988  0.73153134],67,12,"[0.8137791995140147, 0.719758767835923]",109,-1
6707,[0.7944953  0.64877885],67,25,"[0.7860674509871751, 0.6421376783027304]",109,-1
6708,[0.79416513 0.73057663],67,12,"[0.8137791995140147, 0.719758767835923]",109,-1
6709,[0.75143827 0.75045929],67,1,"[0.7484771342575616, 0.7179286626976465]",109,62
6710,[0.80708257 0.72825199],67,12,"[0.8137791995140147, 0.719758767835923]",-1,-1
6711,[0.82508411 0.69480802],67,12,"[0.8137791995140147, 0.719758767835923]",109,-1
6712,[0.79337613 0.66160088],67,25,"[0.7860674509871751, 0.6421376783027304]",109,49
6713,[0.73600744 0.75645822],67,1,"[0.7484771342575616, 0.7179286626976465]",109,-1
6714,[0.8069871  0.74039789],67,12,"[0.8137791995140147, 0.719758767835923]",109,62
6715,[0.90611797 0.77182222],67,54,"[0.8963029023131598, 0.7251847725408818]",-1,-1
6716,[0.75304187 0.76629024],67,1,"[0.7484771342575616, 0.7179286626976465]",109,-1
6717,[0.84877393 0.67420607],67,12,"[0.8137791995140147, 0.719758767835923]",109,-1
6718,[0.77538155 0.6560365 ],67,25,"[0.7860674509871751, 0.6421376783027304]",109,-1
6719,[0.72377586 0.68448372],67,1,"[0.7484771342575616, 0.7179286626976465]",109,-1
6720,[0.7339145  0.70348922],67,1,"[0.7484771342575616, 0.7179286626976465]",109,-1
6721,[0.80318033 0.68331738],67,12,"[0.8137791995140147, 0.719758767835923]",109,-1
6722,[0.79844665 0.7423326 ],67,12,"[0.8137791995140147, 0.719758767835923]",109,62
6723,[0.84861723 0.72941183],67,12,"[0.8137791995140147, 0.719758767835923]",-1,-1
6724,[0.73972974 0.75359963],67,1,"[0.7484771342575616, 0.7179286626976465]",109,62
6725,[0.73753633 0.65690919],67,25,"[0.7860674509871751, 0.6421376783027304]",109,-1
6726,[0.80273769 0.6238869 ],67,25,"[0.7860674509871751, 0.6421376783027304]",109,-1
6727,[0.74412782 0.6437122 ],67,25,"[0.7860674509871751, 0.6421376783027304]",-1,-1
6728,[0.71049704 0.67594394],67,26,"[0.6720960040209921, 0.6796090225497248]",-1,-1
6729,[0.74331611 0.67654905],67,1,"[0.7484771342575616, 0.7179286626976465]",109,-1
6730,[0.73304612 0.71987759],67,1,"[0.7484771342575616, 0.7179286626976465]",109,56
6731,[0.79276664 0.72082659],67,12,"[0.8137791995140147, 0.719758767835923]",109,62
6732,[0.78575508 0.70923764],67,12,"[0.8137791995140147, 0.719758767835923]",109,62
6733,[0.80232205 0.75734682],67,11,"[0.8200748460394902, 0.7883124729475122]",109,62
6734,[0.74632559 0.73141721],67,1,"[0.7484771342575616, 0.7179286626976465]",109,-1
6735,[0.76381781 0.75529985],67,1,"[0.7484771342575616, 0.7179286626976465]",109,62
6736,[0.68156721 0.74948789],67,33,"[0.6312009655286229, 0.7427811490324232]",109,-1
6737,[0.7397468  0.74189092],67,1,"[0.7484771342575616, 0.7179286626976465]",109,-1
6738,[0.87064087 0.75416392],67,54,"[0.8963029023131598, 0.7251847725408818]",48,14
6739,[0.75683909 0.67772933],67,1,"[0.7484771342575616, 0.7179286626976465]",109,52
6740,[0.77191561 0.71726204],67,1,"[0.7484771342575616, 0.7179286626976465]",109,62
6741,[0.74297468 0.76810003],67,43,"[0.7124452149283717, 0.7959059325724773]",109,62
6742,[0.68920044 0.69550358],67,26,"[0.6720960040209921, 0.6796090225497248]",109,46
6743,[0.74121043 0.74582648],67,1,"[0.7484771342575616, 0.7179286626976465]",109,62
6744,[0.7688066  0.71525606],67,1,"[0.7484771342575616, 0.7179286626976465]",109,62
6745,[0.72156972 0.68037932],67,1,"[0.7484771342575616, 0.7179286626976465]",109,-1
6746,[0.82910154 0.67884935],67,12,"[0.8137791995140147, 0.719758767835923]",109,-1
6747,[0.81487536 0.74908388],67,12,"[0.8137791995140147, 0.719758767835923]",109,62
6748,[0.78527659 0.72534675],67,12,"[0.8137791995140147, 0.719758767835923]",109,62
6749,[0.76519339 0.7185481 ],67,1,"[0.7484771342575616, 0.7179286626976465]",109,62
6750,[0.84568852 0.74669061],67,12,"[0.8137791995140147, 0.719758767835923]",109,-1
6751,[0.77534015 0.71425227],67,1,"[0.7484771342575616, 0.7179286626976465]",109,62
6752,[0.776472   0.70530591],67,1,"[0.7484771342575616, 0.7179286626976465]",109,62
6753,[0.77944742 0.72065822],67,1,"[0.7484771342575616, 0.7179286626976465]",109,62
6754,[0.83897518 0.63329716],67,25,"[0.7860674509871751, 0.6421376783027304]",-1,-1
6755,[0.76595161 0.67338941],67,25,"[0.7860674509871751, 0.6421376783027304]",109,52
6756,[0.75699292 0.64127966],67,25,"[0.7860674509871751, 0.6421376783027304]",-1,-1
6757,[0.7645187 0.7015009],67,1,"[0.7484771342575616, 0.7179286626976465]",109,-1
6758,[0.79526754 0.71464584],67,12,"[0.8137791995140147, 0.719758767835923]",109,-1
6759,[0.8070508  0.77780174],67,11,"[0.8200748460394902, 0.7883124729475122]",109,62
6760,[0.81564257 0.68745892],67,12,"[0.8137791995140147, 0.719758767835923]",109,-1
6761,[0.7636595  0.76435986],67,1,"[0.7484771342575616, 0.7179286626976465]",109,-1
6762,[0.79382525 0.65580513],67,25,"[0.7860674509871751, 0.6421376783027304]",109,49
6763,[0.82465713 0.69574078],67,12,"[0.8137791995140147, 0.719758767835923]",109,-1
6764,[0.82766611 0.75943985],67,11,"[0.8200748460394902, 0.7883124729475122]",-1,-1
6765,[0.73613591 0.77282504],67,43,"[0.7124452149283717, 0.7959059325724773]",109,-1
6766,[0.84427801 0.74630065],67,12,"[0.8137791995140147, 0.719758767835923]",109,-1
6767,[0.79558849 0.72857083],67,12,"[0.8137791995140147, 0.719758767835923]",109,-1
6768,[0.73842805 0.71410182],67,1,"[0.7484771342575616, 0.7179286626976465]",109,-1
6769,[0.82511472 0.67420822],67,12,"[0.8137791995140147, 0.719758767835923]",109,-1
6770,[0.74098483 0.72053165],67,1,"[0.7484771342575616, 0.7179286626976465]",109,-1
6771,[0.72302184 0.72424767],67,1,"[0.7484771342575616, 0.7179286626976465]",109,56
6772,[0.76557092 0.72583708],67,1,"[0.7484771342575616, 0.7179286626976465]",109,62
6773,[0.74510621 0.75305734],67,1,"[0.7484771342575616, 0.7179286626976465]",109,62
6774,[0.72611448 0.75481908],67,1,"[0.7484771342575616, 0.7179286626976465]",109,-1
6775,[0.77036157 0.6539649 ],67,25,"[0.7860674509871751, 0.6421376783027304]",109,49
6776,[0.71981054 0.75345964],67,43,"[0.7124452149283717, 0.7959059325724773]",109,-1
6777,[0.81436221 0.69985568],67,12,"[0.8137791995140147, 0.719758767835923]",109,-1
6778,[0.82790432 0.67960993],67,12,"[0.8137791995140147, 0.719758767835923]",109,-1
6779,[0.78077297 0.70388672],67,1,"[0.7484771342575616, 0.7179286626976465]",109,62
6780,[0.86690448 0.65159481],67,-1,-1,-1,-1
6781,[0.70119564 0.68447664],67,26,"[0.6720960040209921, 0.6796090225497248]",-1,-1
6782,[0.78277897 0.72606592],67,12,"[0.8137791995140147, 0.719758767835923]",109,62
6783,[0.85737271 0.78298711],67,11,"[0.8200748460394902, 0.7883124729475122]",109,-1
6784,[0.82397366 0.744833  ],67,12,"[0.8137791995140147, 0.719758767835923]",109,62
6785,[0.7670822  0.67746084],67,25,"[0.7860674509871751, 0.6421376783027304]",109,-1
6786,[0.72834676 0.65483186],67,25,"[0.7860674509871751, 0.6421376783027304]",109,-1
6787,[0.78107601 0.7597048 ],67,11,"[0.8200748460394902, 0.7883124729475122]",109,62
6788,[0.79465099 0.77683395],67,11,"[0.8200748460394902, 0.7883124729475122]",109,62
6789,[0.84844203 0.68615498],67,12,"[0.8137791995140147, 0.719758767835923]",109,-1
6790,[0.73650941 0.68967011],67,1,"[0.7484771342575616, 0.7179286626976465]",109,-1
6791,[0.81038668 0.71418909],67,12,"[0.8137791995140147, 0.719758767835923]",-1,-1
6792,[0.76684624 0.74308449],67,1,"[0.7484771342575616, 0.7179286626976465]",109,62
6793,[0.7179113  0.61524992],67,74,"[0.7652076339305975, 0.5703048591625808]",-1,-1
6794,[0.80304887 0.77320517],67,11,"[0.8200748460394902, 0.7883124729475122]",109,62
6795,[0.82126945 0.68397744],67,12,"[0.8137791995140147, 0.719758767835923]",109,-1
6796,[0.79322147 0.78254643],67,11,"[0.8200748460394902, 0.7883124729475122]",109,-1
6797,[0.69590936 0.76231486],67,43,"[0.7124452149283717, 0.7959059325724773]",109,-1
6798,[0.84150409 0.74397414],67,12,"[0.8137791995140147, 0.719758767835923]",109,-1
6799,[0.77223833 0.72917096],67,1,"[0.7484771342575616, 0.7179286626976465]",109,62
6800,[0.26599387 0.7590056 ],68,73,"[0.21710138381515529, 0.7733240653788879]",117,-1
6801,[0.29275608 0.77692714],68,6,"[0.2864937659294625, 0.8061319185734634]",117,98
6802,[0.37893133 0.77200095],68,18,"[0.37162219884005204, 0.7974050461709582]",117,-1
6803,[0.27717474 0.81979059],68,6,"[0.2864937659294625, 0.8061319185734634]",117,95
6804,[0.26210284 0.7227349 ],68,42,"[0.2346625058996496, 0.695644821677479]",-1,-1
6805,[0.18880332 0.82111305],68,2,"[0.18872072314872831, 0.8525011569850129]",-1,-1
6806,[0.32209548 0.83230269],68,6,"[0.2864937659294625, 0.8061319185734634]",-1,-1
6807,[0.28726794 0.71338331],68,0,"[0.3339356228276975, 0.7219842546928952]",117,98
6808,[0.24557896 0.82468105],68,6,"[0.2864937659294625, 0.8061319185734634]",117,-1
6809,[0.28339248 0.72793245],68,0,"[0.3339356228276975, 0.7219842546928952]",117,-1
6810,[0.32711883 0.81186007],68,6,"[0.2864937659294625, 0.8061319185734634]",117,-1
6811,[0.18855636 0.7638505 ],68,73,"[0.21710138381515529, 0.7733240653788879]",44,-1
6812,[0.31906285 0.75205433],68,0,"[0.3339356228276975, 0.7219842546928952]",117,98
6813,[0.30869943 0.77369762],68,6,"[0.2864937659294625, 0.8061319185734634]",117,98
6814,[0.29207699 0.77882787],68,6,"[0.2864937659294625, 0.8061319185734634]",117,98
6815,[0.29383928 0.76341063],68,6,"[0.2864937659294625, 0.8061319185734634]",117,98
6816,[0.29556246 0.72864268],68,0,"[0.3339356228276975, 0.7219842546928952]",117,-1
6817,[0.25159836 0.75109902],68,73,"[0.21710138381515529, 0.7733240653788879]",-1,-1
6818,[0.31086143 0.76090291],68,0,"[0.3339356228276975, 0.7219842546928952]",117,98
6819,[0.25801735 0.63145629],68,14,"[0.2991912902140973, 0.6498158096286489]",115,59
6820,[0.30168115 0.72435286],68,0,"[0.3339356228276975, 0.7219842546928952]",117,98
6821,[0.24212777 0.77424084],68,73,"[0.21710138381515529, 0.7733240653788879]",-1,-1
6822,[0.25643819 0.73184303],68,42,"[0.2346625058996496, 0.695644821677479]",-1,-1
6823,[0.28647672 0.79472728],68,6,"[0.2864937659294625, 0.8061319185734634]",117,-1
6824,[0.34572811 0.82722671],68,18,"[0.37162219884005204, 0.7974050461709582]",117,-1
6825,[0.24033057 0.68165033],68,42,"[0.2346625058996496, 0.695644821677479]",-1,-1
6826,[0.23431369 0.72495556],68,42,"[0.2346625058996496, 0.695644821677479]",-1,-1
6827,[0.35520915 0.75635767],68,0,"[0.3339356228276975, 0.7219842546928952]",117,-1
6828,[0.30962072 0.74652254],68,0,"[0.3339356228276975, 0.7219842546928952]",117,98
6829,[0.3243903  0.73730586],68,0,"[0.3339356228276975, 0.7219842546928952]",117,98
6830,[0.29757052 0.71669657],68,0,"[0.3339356228276975, 0.7219842546928952]",117,98
6831,[0.30907731 0.71763058],68,0,"[0.3339356228276975, 0.7219842546928952]",117,-1
6832,[0.29559109 0.76255909],68,6,"[0.2864937659294625, 0.8061319185734634]",117,98
6833,[0.29846124 0.80693125],68,6,"[0.2864937659294625, 0.8061319185734634]",117,95
6834,[0.27883026 0.78001773],68,6,"[0.2864937659294625, 0.8061319185734634]",117,-1
6835,[0.30941977 0.76138602],68,0,"[0.3339356228276975, 0.7219842546928952]",117,98
6836,[0.30600756 0.76448842],68,6,"[0.2864937659294625, 0.8061319185734634]",117,98
6837,[0.30516314 0.75833172],68,0,"[0.3339356228276975, 0.7219842546928952]",117,98
6838,[0.29987713 0.6969255 ],68,0,"[0.3339356228276975, 0.7219842546928952]",117,-1
6839,[0.23872374 0.79349227],68,73,"[0.21710138381515529, 0.7733240653788879]",-1,-1
6840,[0.32228456 0.72536762],68,0,"[0.3339356228276975, 0.7219842546928952]",117,98
6841,[0.23186535 0.75386675],68,73,"[0.21710138381515529, 0.7733240653788879]",-1,-1
6842,[0.23975559 0.74346001],68,73,"[0.21710138381515529, 0.7733240653788879]",-1,-1
6843,[0.35269838 0.78385964],68,18,"[0.37162219884005204, 0.7974050461709582]",117,-1
6844,[0.29196465 0.72897465],68,0,"[0.3339356228276975, 0.7219842546928952]",117,-1
6845,[0.35513185 0.72206643],68,0,"[0.3339356228276975, 0.7219842546928952]",117,98
6846,[0.29881269 0.83132304],68,6,"[0.2864937659294625, 0.8061319185734634]",117,-1
6847,[0.20496159 0.73256198],68,73,"[0.21710138381515529, 0.7733240653788879]",-1,-1
6848,[0.37968022 0.8072739 ],68,18,"[0.37162219884005204, 0.7974050461709582]",78,-1
6849,[0.35089149 0.71975903],68,0,"[0.3339356228276975, 0.7219842546928952]",117,-1
6850,[0.24794114 0.8464887 ],68,6,"[0.2864937659294625, 0.8061319185734634]",-1,-1
6851,[0.33079212 0.86464883],68,53,"[0.3257402588795542, 0.8780579715353399]",-1,-1
6852,[0.26630256 0.79842822],68,6,"[0.2864937659294625, 0.8061319185734634]",117,-1
6853,[0.27798378 0.76850331],68,6,"[0.2864937659294625, 0.8061319185734634]",117,-1
6854,[0.29633911 0.71139579],68,0,"[0.3339356228276975, 0.7219842546928952]",117,98
6855,[0.281455   0.85482481],68,6,"[0.2864937659294625, 0.8061319185734634]",117,43
6856,[0.35693168 0.85496903],68,53,"[0.3257402588795542, 0.8780579715353399]",-1,-1
6857,[0.34015138 0.76485953],68,0,"[0.3339356228276975, 0.7219842546928952]",117,-1
6858,[0.28127547 0.82476165],68,6,"[0.2864937659294625, 0.8061319185734634]",117,-1
6859,[0.3049609 0.7755117],68,6,"[0.2864937659294625, 0.8061319185734634]",117,98
6860,[0.36621157 0.78339083],68,18,"[0.37162219884005204, 0.7974050461709582]",117,-1
6861,[0.30015197 0.69843561],68,0,"[0.3339356228276975, 0.7219842546928952]",117,98
6862,[0.30624371 0.78331783],68,6,"[0.2864937659294625, 0.8061319185734634]",117,98
6863,[0.29741423 0.71243009],68,0,"[0.3339356228276975, 0.7219842546928952]",117,98
6864,[0.30930322 0.82712611],68,6,"[0.2864937659294625, 0.8061319185734634]",117,-1
6865,[0.27657615 0.72434109],68,42,"[0.2346625058996496, 0.695644821677479]",117,-1
6866,[0.3272814  0.73018229],68,0,"[0.3339356228276975, 0.7219842546928952]",117,98
6867,[0.29955629 0.69957438],68,0,"[0.3339356228276975, 0.7219842546928952]",117,98
6868,[0.26876848 0.78714342],68,6,"[0.2864937659294625, 0.8061319185734634]",117,-1
6869,[0.258165   0.75833624],68,73,"[0.21710138381515529, 0.7733240653788879]",117,-1
6870,[0.19616889 0.77510133],68,73,"[0.21710138381515529, 0.7733240653788879]",-1,-1
6871,[0.32172053 0.71384647],68,0,"[0.3339356228276975, 0.7219842546928952]",117,-1
6872,[0.31808046 0.72777502],68,0,"[0.3339356228276975, 0.7219842546928952]",117,98
6873,[0.27707371 0.7725735 ],68,6,"[0.2864937659294625, 0.8061319185734634]",117,98
6874,[0.33562048 0.77044147],68,18,"[0.37162219884005204, 0.7974050461709582]",117,-1
6875,[0.2825891  0.80897241],68,6,"[0.2864937659294625, 0.8061319185734634]",117,-1
6876,[0.24977458 0.64871737],68,42,"[0.2346625058996496, 0.695644821677479]",-1,-1
6877,[0.26983275 0.76671936],68,6,"[0.2864937659294625, 0.8061319185734634]",117,-1
6878,[0.31390447 0.77466894],68,6,"[0.2864937659294625, 0.8061319185734634]",117,98
6879,[0.28304834 0.81093717],68,6,"[0.2864937659294625, 0.8061319185734634]",117,-1
6880,[0.40416517 0.66056101],68,36,"[0.3984729155032823, 0.6728808968441772]",117,-1
6881,[0.37243018 0.84793751],68,18,"[0.37162219884005204, 0.7974050461709582]",-1,-1
6882,[0.33407558 0.72109926],68,0,"[0.3339356228276975, 0.7219842546928952]",117,98
6883,[0.34302055 0.77636207],68,18,"[0.37162219884005204, 0.7974050461709582]",117,-1
6884,[0.28579179 0.81749127],68,6,"[0.2864937659294625, 0.8061319185734634]",117,95
6885,[0.31841436 0.79894266],68,6,"[0.2864937659294625, 0.8061319185734634]",-1,-1
6886,[0.27000791 0.7594216 ],68,6,"[0.2864937659294625, 0.8061319185734634]",117,-1
6887,[0.30894677 0.80347108],68,6,"[0.2864937659294625, 0.8061319185734634]",117,95
6888,[0.31364347 0.72461714],68,0,"[0.3339356228276975, 0.7219842546928952]",117,98
6889,[0.28395431 0.77991407],68,6,"[0.2864937659294625, 0.8061319185734634]",117,98
6890,[0.31590793 0.8210715 ],68,6,"[0.2864937659294625, 0.8061319185734634]",117,95
6891,[0.32474515 0.83309595],68,53,"[0.3257402588795542, 0.8780579715353399]",117,-1
6892,[0.30475831 0.80705971],68,6,"[0.2864937659294625, 0.8061319185734634]",117,95
6893,[0.22611925 0.76433115],68,73,"[0.21710138381515529, 0.7733240653788879]",-1,-1
6894,[0.25290819 0.80853251],68,6,"[0.2864937659294625, 0.8061319185734634]",117,-1
6895,[0.32557328 0.70843334],68,0,"[0.3339356228276975, 0.7219842546928952]",117,-1
6896,[0.31542003 0.75681814],68,0,"[0.3339356228276975, 0.7219842546928952]",117,98
6897,[0.29316305 0.74585524],68,0,"[0.3339356228276975, 0.7219842546928952]",117,-1
6898,[0.2710632 0.7320551],68,42,"[0.2346625058996496, 0.695644821677479]",117,-1
6899,[0.18214491 0.68569532],68,92,"[0.1445164879810704, 0.6934455308809843]",-1,-1
6900,[0.43134199 0.86706977],69,98,"[0.4323163129581021, 0.8640542438885145]",-1,-1
6901,[0.49733086 0.78269722],69,20,"[0.4431801719912439, 0.7668078343201206]",43,-1
6902,[0.44553868 0.7580176 ],69,20,"[0.4431801719912439, 0.7668078343201206]",117,90
6903,[0.35820855 0.85920899],69,53,"[0.3257402588795542, 0.8780579715353399]",-1,-1
6904,[0.35518661 0.84575877],69,53,"[0.3257402588795542, 0.8780579715353399]",-1,-1
6905,[0.45182175 0.84740907],69,98,"[0.4323163129581021, 0.8640542438885145]",-1,-1
6906,[0.40574874 0.7951908 ],69,18,"[0.37162219884005204, 0.7974050461709582]",-1,-1
6907,[0.38913245 0.77706752],69,18,"[0.37162219884005204, 0.7974050461709582]",117,-1
6908,[0.37360819 0.86065975],69,53,"[0.3257402588795542, 0.8780579715353399]",-1,-1
6909,[0.45464158 0.80073628],69,20,"[0.4431801719912439, 0.7668078343201206]",117,-1
6910,[0.39499031 0.82152379],69,18,"[0.37162219884005204, 0.7974050461709582]",78,-1
6911,[0.48726393 0.79420744],69,20,"[0.4431801719912439, 0.7668078343201206]",-1,-1
6912,[0.4000508  0.91600306],69,98,"[0.4323163129581021, 0.8640542438885145]",-1,-1
6913,[0.4109158  0.82441801],69,98,"[0.4323163129581021, 0.8640542438885145]",-1,-1
6914,[0.52177215 0.79122028],69,66,"[0.573574952246955, 0.8174270490620612]",-1,-1
6915,[0.41188624 0.85621214],69,98,"[0.4323163129581021, 0.8640542438885145]",-1,-1
6916,[0.45255046 0.79631341],69,20,"[0.4431801719912439, 0.7668078343201206]",-1,-1
6917,[0.40628807 0.83938916],69,98,"[0.4323163129581021, 0.8640542438885145]",-1,-1
6918,[0.38991507 0.7878739 ],69,18,"[0.37162219884005204, 0.7974050461709582]",-1,86
6919,[0.41433468 0.74038466],69,20,"[0.4431801719912439, 0.7668078343201206]",117,-1
6920,[0.41295398 0.73736993],69,20,"[0.4431801719912439, 0.7668078343201206]",117,-1
6921,[0.40207602 0.85118971],69,98,"[0.4323163129581021, 0.8640542438885145]",-1,-1
6922,[0.38261622 0.78536486],69,18,"[0.37162219884005204, 0.7974050461709582]",-1,-1
6923,[0.46594963 0.75691279],69,20,"[0.4431801719912439, 0.7668078343201206]",117,-1
6924,[0.38932045 0.69118142],69,36,"[0.3984729155032823, 0.6728808968441772]",117,97
6925,[0.34773746 0.82618164],69,18,"[0.37162219884005204, 0.7974050461709582]",117,-1
6926,[0.42127117 0.80217846],69,20,"[0.4431801719912439, 0.7668078343201206]",117,-1
6927,[0.37760629 0.84931037],69,18,"[0.37162219884005204, 0.7974050461709582]",-1,-1
6928,[0.41963201 0.83040524],69,98,"[0.4323163129581021, 0.8640542438885145]",-1,-1
6929,[0.42484733 0.81688074],69,98,"[0.4323163129581021, 0.8640542438885145]",-1,-1
6930,[0.40550123 0.8488411 ],69,98,"[0.4323163129581021, 0.8640542438885145]",-1,-1
6931,[0.40447245 0.80566925],69,18,"[0.37162219884005204, 0.7974050461709582]",-1,-1
6932,[0.42156574 0.8367377 ],69,98,"[0.4323163129581021, 0.8640542438885145]",-1,-1
6933,[0.42004827 0.76727831],69,20,"[0.4431801719912439, 0.7668078343201206]",117,-1
6934,[0.43521688 0.89595886],69,98,"[0.4323163129581021, 0.8640542438885145]",-1,-1
6935,[0.42216636 0.80298856],69,20,"[0.4431801719912439, 0.7668078343201206]",117,-1
6936,[0.43870974 0.80153362],69,20,"[0.4431801719912439, 0.7668078343201206]",117,-1
6937,[0.33632332 0.84836932],69,53,"[0.3257402588795542, 0.8780579715353399]",-1,-1
6938,[0.42188174 0.83680104],69,98,"[0.4323163129581021, 0.8640542438885145]",-1,-1
6939,[0.38070655 0.73592909],69,0,"[0.3339356228276975, 0.7219842546928952]",-1,-1
6940,[0.40183329 0.84842007],69,98,"[0.4323163129581021, 0.8640542438885145]",-1,-1
6941,[0.46194837 0.75360154],69,20,"[0.4431801719912439, 0.7668078343201206]",117,90
6942,[0.36758504 0.77140876],69,18,"[0.37162219884005204, 0.7974050461709582]",-1,-1
6943,[0.48653765 0.78724474],69,20,"[0.4431801719912439, 0.7668078343201206]",43,-1
6944,[0.4785696  0.83081256],69,98,"[0.4323163129581021, 0.8640542438885145]",-1,-1
6945,[0.44985333 0.77792662],69,20,"[0.4431801719912439, 0.7668078343201206]",117,-1
6946,[0.47137399 0.82540307],69,98,"[0.4323163129581021, 0.8640542438885145]",-1,-1
6947,[0.44173532 0.7515672 ],69,20,"[0.4431801719912439, 0.7668078343201206]",117,-1
6948,[0.39131131 0.83033327],69,18,"[0.37162219884005204, 0.7974050461709582]",78,-1
6949,[0.39666991 0.8668886 ],69,98,"[0.4323163129581021, 0.8640542438885145]",-1,-1
6950,[0.34930429 0.81363442],69,18,"[0.37162219884005204, 0.7974050461709582]",117,-1
6951,[0.45007018 0.7942922 ],69,20,"[0.4431801719912439, 0.7668078343201206]",-1,-1
6952,[0.38708097 0.88501861],69,98,"[0.4323163129581021, 0.8640542438885145]",-1,-1
6953,[0.51585387 0.8532898 ],69,77,"[0.5331833941028848, 0.8881010311348752]",-1,-1
6954,[0.35954508 0.74271397],69,0,"[0.3339356228276975, 0.7219842546928952]",117,98
6955,[0.41894866 0.79945078],69,20,"[0.4431801719912439, 0.7668078343201206]",117,-1
6956,[0.44537172 0.84646418],69,98,"[0.4323163129581021, 0.8640542438885145]",-1,-1
6957,[0.39970737 0.78503119],69,18,"[0.37162219884005204, 0.7974050461709582]",-1,-1
6958,[0.47572238 0.79164562],69,20,"[0.4431801719912439, 0.7668078343201206]",43,-1
6959,[0.38213696 0.80186487],69,18,"[0.37162219884005204, 0.7974050461709582]",78,-1
6960,[0.46084839 0.84673628],69,98,"[0.4323163129581021, 0.8640542438885145]",-1,-1
6961,[0.42147187 0.70694081],69,21,"[0.4609870817439305, 0.702274209592598]",117,-1
6962,[0.42475793 0.87287011],69,98,"[0.4323163129581021, 0.8640542438885145]",-1,-1
6963,[0.40436029 0.7629827 ],69,20,"[0.4431801719912439, 0.7668078343201206]",117,86
6964,[0.49592278 0.76748346],69,20,"[0.4431801719912439, 0.7668078343201206]",43,-1
6965,[0.39705845 0.83100746],69,18,"[0.37162219884005204, 0.7974050461709582]",78,-1
6966,[0.38840971 0.81409128],69,18,"[0.37162219884005204, 0.7974050461709582]",78,-1
6967,[0.43275493 0.8043815 ],69,20,"[0.4431801719912439, 0.7668078343201206]",117,-1
6968,[0.391424   0.75142248],69,18,"[0.37162219884005204, 0.7974050461709582]",-1,-1
6969,[0.4042448  0.82769075],69,18,"[0.37162219884005204, 0.7974050461709582]",78,-1
6970,[0.44168623 0.80151708],69,20,"[0.4431801719912439, 0.7668078343201206]",117,-1
6971,[0.4289204  0.79901591],69,20,"[0.4431801719912439, 0.7668078343201206]",117,-1
6972,[0.46718387 0.83847269],69,98,"[0.4323163129581021, 0.8640542438885145]",-1,-1
6973,[0.42395528 0.77828683],69,20,"[0.4431801719912439, 0.7668078343201206]",-1,-1
6974,[0.45538389 0.84852671],69,98,"[0.4323163129581021, 0.8640542438885145]",-1,-1
6975,[0.41549303 0.86027634],69,98,"[0.4323163129581021, 0.8640542438885145]",-1,-1
6976,[0.38899579 0.77078431],69,18,"[0.37162219884005204, 0.7974050461709582]",117,86
6977,[0.43578122 0.86110027],69,98,"[0.4323163129581021, 0.8640542438885145]",-1,-1
6978,[0.47426694 0.80316343],69,20,"[0.4431801719912439, 0.7668078343201206]",-1,-1
6979,[0.42325097 0.77053768],69,20,"[0.4431801719912439, 0.7668078343201206]",117,-1
6980,[0.43555641 0.88850705],69,98,"[0.4323163129581021, 0.8640542438885145]",-1,-1
6981,[0.43867009 0.81481128],69,20,"[0.4431801719912439, 0.7668078343201206]",-1,-1
6982,[0.45661162 0.78131471],69,20,"[0.4431801719912439, 0.7668078343201206]",117,-1
6983,[0.39451631 0.86001498],69,98,"[0.4323163129581021, 0.8640542438885145]",-1,-1
6984,[0.41448224 0.74006393],69,20,"[0.4431801719912439, 0.7668078343201206]",117,-1
6985,[0.39971191 0.76635973],69,18,"[0.37162219884005204, 0.7974050461709582]",117,86
6986,[0.40760223 0.8360004 ],69,98,"[0.4323163129581021, 0.8640542438885145]",-1,-1
6987,[0.35969726 0.83495374],69,18,"[0.37162219884005204, 0.7974050461709582]",-1,-1
6988,[0.45689253 0.75156014],69,20,"[0.4431801719912439, 0.7668078343201206]",117,90
6989,[0.3983565  0.73479639],69,20,"[0.4431801719912439, 0.7668078343201206]",117,-1
6990,[0.48727168 0.80875425],69,20,"[0.4431801719912439, 0.7668078343201206]",-1,-1
6991,[0.4031282  0.83246647],69,98,"[0.4323163129581021, 0.8640542438885145]",78,-1
6992,[0.47789646 0.74653522],69,20,"[0.4431801719912439, 0.7668078343201206]",-1,-1
6993,[0.45755837 0.80579229],69,20,"[0.4431801719912439, 0.7668078343201206]",-1,-1
6994,[0.4214364  0.72576681],69,21,"[0.4609870817439305, 0.702274209592598]",117,-1
6995,[0.4830063  0.86906287],69,98,"[0.4323163129581021, 0.8640542438885145]",-1,-1
6996,[0.35556438 0.76341881],69,18,"[0.37162219884005204, 0.7974050461709582]",-1,-1
6997,[0.37441943 0.77048548],69,18,"[0.37162219884005204, 0.7974050461709582]",117,-1
6998,[0.38700099 0.71718156],69,36,"[0.3984729155032823, 0.6728808968441772]",117,-1
6999,[0.42312745 0.81233836],69,20,"[0.4431801719912439, 0.7668078343201206]",-1,-1
7000,[0.37752153 0.56778156],70,9,"[0.34993355860173564, 0.5388204709038561]",117,100
7001,[0.33408229 0.61290961],70,7,"[0.3567953152728649, 0.610864568428335]",117,100
7002,[0.35508142 0.53698853],70,9,"[0.34993355860173564, 0.5388204709038561]",117,-1
7003,[0.45966814 0.55988693],70,29,"[0.4203507518330517, 0.5402216776416098]",117,96
7004,[0.4191812  0.65342064],70,36,"[0.3984729155032823, 0.6728808968441772]",117,-1
7005,[0.36841706 0.51295945],70,9,"[0.34993355860173564, 0.5388204709038561]",117,76
7006,[0.36353989 0.66171003],70,36,"[0.3984729155032823, 0.6728808968441772]",117,-1
7007,[0.35813476 0.65890663],70,36,"[0.3984729155032823, 0.6728808968441772]",117,-1
7008,[0.32817648 0.6435832 ],70,14,"[0.2991912902140973, 0.6498158096286489]",117,100
7009,[0.29001578 0.56621683],70,17,"[0.25907980690829885, 0.5772508610653444]",117,89
7010,[0.38660983 0.59159407],70,7,"[0.3567953152728649, 0.610864568428335]",117,100
7011,[0.29725178 0.6196936 ],70,14,"[0.2991912902140973, 0.6498158096286489]",117,-1
7012,[0.41679704 0.65142519],70,36,"[0.3984729155032823, 0.6728808968441772]",117,-1
7013,[0.30990882 0.62166783],70,14,"[0.2991912902140973, 0.6498158096286489]",117,100
7014,[0.45406647 0.62076856],70,23,"[0.42263643503799797, 0.6161205416303672]",117,-1
7015,[0.37972507 0.59022148],70,7,"[0.3567953152728649, 0.610864568428335]",117,100
7016,[0.3944205  0.56407455],70,29,"[0.4203507518330517, 0.5402216776416098]",117,100
7017,[0.4344517  0.59433831],70,23,"[0.42263643503799797, 0.6161205416303672]",117,-1
7018,[0.31629901 0.62690384],70,14,"[0.2991912902140973, 0.6498158096286489]",117,100
7019,[0.30292464 0.58777475],70,17,"[0.25907980690829885, 0.5772508610653444]",117,-1
7020,[0.3811022  0.61810616],70,7,"[0.3567953152728649, 0.610864568428335]",117,100
7021,[0.37265881 0.59144805],70,7,"[0.3567953152728649, 0.610864568428335]",117,100
7022,[0.3424099  0.63241022],70,7,"[0.3567953152728649, 0.610864568428335]",117,100
7023,[0.33008075 0.5349562 ],70,9,"[0.34993355860173564, 0.5388204709038561]",-1,-1
7024,[0.31320416 0.64167733],70,14,"[0.2991912902140973, 0.6498158096286489]",117,100
7025,[0.35058596 0.57653235],70,7,"[0.3567953152728649, 0.610864568428335]",117,100
7026,[0.34153715 0.58995958],70,7,"[0.3567953152728649, 0.610864568428335]",117,-1
7027,[0.34898214 0.57481209],70,9,"[0.34993355860173564, 0.5388204709038561]",117,100
7028,[0.36690658 0.59182842],70,7,"[0.3567953152728649, 0.610864568428335]",117,-1
7029,[0.43000226 0.52678169],70,29,"[0.4203507518330517, 0.5402216776416098]",117,96
7030,[0.41981761 0.64568759],70,23,"[0.42263643503799797, 0.6161205416303672]",117,-1
7031,[0.36406835 0.66923843],70,36,"[0.3984729155032823, 0.6728808968441772]",117,-1
7032,[0.38701227 0.63855038],70,36,"[0.3984729155032823, 0.6728808968441772]",117,100
7033,[0.33272733 0.66277096],70,14,"[0.2991912902140973, 0.6498158096286489]",117,-1
7034,[0.34066363 0.65608467],70,14,"[0.2991912902140973, 0.6498158096286489]",117,100
7035,[0.28654184 0.67197295],70,14,"[0.2991912902140973, 0.6498158096286489]",117,-1
7036,[0.30521931 0.63027731],70,14,"[0.2991912902140973, 0.6498158096286489]",117,-1
7037,[0.32738982 0.54791218],70,9,"[0.34993355860173564, 0.5388204709038561]",117,-1
7038,[0.3030986 0.6986699],70,0,"[0.3339356228276975, 0.7219842546928952]",117,98
7039,[0.32686833 0.50071962],70,9,"[0.34993355860173564, 0.5388204709038561]",-1,-1
7040,[0.35776241 0.65181527],70,7,"[0.3567953152728649, 0.610864568428335]",117,100
7041,[0.35776998 0.62254424],70,7,"[0.3567953152728649, 0.610864568428335]",117,100
7042,[0.33679918 0.60830716],70,7,"[0.3567953152728649, 0.610864568428335]",117,-1
7043,[0.30208812 0.5745789 ],70,17,"[0.25907980690829885, 0.5772508610653444]",117,-1
7044,[0.30208926 0.57753653],70,17,"[0.25907980690829885, 0.5772508610653444]",117,-1
7045,[0.38256951 0.5992092 ],70,7,"[0.3567953152728649, 0.610864568428335]",117,100
7046,[0.3486793  0.65536759],70,7,"[0.3567953152728649, 0.610864568428335]",117,100
7047,[0.30738404 0.55857826],70,9,"[0.34993355860173564, 0.5388204709038561]",117,-1
7048,[0.33283057 0.5927866 ],70,7,"[0.3567953152728649, 0.610864568428335]",117,-1
7049,[0.43291115 0.63908782],70,23,"[0.42263643503799797, 0.6161205416303672]",117,99
7050,[0.37826657 0.58252217],70,7,"[0.3567953152728649, 0.610864568428335]",117,-1
7051,[0.36516335 0.60962632],70,7,"[0.3567953152728649, 0.610864568428335]",117,100
7052,[0.32545951 0.63758027],70,14,"[0.2991912902140973, 0.6498158096286489]",117,100
7053,[0.3844855  0.67788943],70,36,"[0.3984729155032823, 0.6728808968441772]",117,97
7054,[0.31065246 0.59534142],70,7,"[0.3567953152728649, 0.610864568428335]",117,-1
7055,[0.36393533 0.63962246],70,7,"[0.3567953152728649, 0.610864568428335]",117,-1
7056,[0.26253983 0.61893136],70,17,"[0.25907980690829885, 0.5772508610653444]",-1,-1
7057,[0.3606772  0.64742133],70,7,"[0.3567953152728649, 0.610864568428335]",117,-1
7058,[0.3926199  0.61107646],70,23,"[0.42263643503799797, 0.6161205416303672]",117,100
7059,[0.28666663 0.67361906],70,14,"[0.2991912902140973, 0.6498158096286489]",117,-1
7060,[0.2806761  0.57138076],70,17,"[0.25907980690829885, 0.5772508610653444]",117,-1
7061,[0.43215659 0.67004395],70,36,"[0.3984729155032823, 0.6728808968441772]",117,-1
7062,[0.31808146 0.56503167],70,9,"[0.34993355860173564, 0.5388204709038561]",117,-1
7063,[0.38360703 0.63429177],70,7,"[0.3567953152728649, 0.610864568428335]",117,100
7064,[0.38895534 0.58523943],70,7,"[0.3567953152728649, 0.610864568428335]",117,100
7065,[0.35614203 0.58241034],70,7,"[0.3567953152728649, 0.610864568428335]",117,100
7066,[0.32427358 0.54804796],70,9,"[0.34993355860173564, 0.5388204709038561]",117,-1
7067,[0.40790273 0.60204417],70,23,"[0.42263643503799797, 0.6161205416303672]",117,-1
7068,[0.36071804 0.53584063],70,9,"[0.34993355860173564, 0.5388204709038561]",117,-1
7069,[0.33098708 0.58019168],70,7,"[0.3567953152728649, 0.610864568428335]",117,100
7070,[0.32418118 0.67004161],70,14,"[0.2991912902140973, 0.6498158096286489]",117,100
7071,[0.34722593 0.65222332],70,7,"[0.3567953152728649, 0.610864568428335]",117,100
7072,[0.37404757 0.69455734],70,36,"[0.3984729155032823, 0.6728808968441772]",117,97
7073,[0.4056502  0.64036944],70,23,"[0.42263643503799797, 0.6161205416303672]",117,-1
7074,[0.41671554 0.57470887],70,29,"[0.4203507518330517, 0.5402216776416098]",117,-1
7075,[0.31253311 0.56222168],70,9,"[0.34993355860173564, 0.5388204709038561]",117,-1
7076,[0.30280085 0.59319434],70,17,"[0.25907980690829885, 0.5772508610653444]",117,-1
7077,[0.43293772 0.50106928],70,29,"[0.4203507518330517, 0.5402216776416098]",-1,-1
7078,[0.43442896 0.54521066],70,29,"[0.4203507518330517, 0.5402216776416098]",117,-1
7079,[0.33478578 0.6411065 ],70,14,"[0.2991912902140973, 0.6498158096286489]",117,100
7080,[0.29891514 0.65458057],70,14,"[0.2991912902140973, 0.6498158096286489]",-1,-1
7081,[0.34734924 0.701908  ],70,0,"[0.3339356228276975, 0.7219842546928952]",117,-1
7082,[0.32759326 0.55826093],70,9,"[0.34993355860173564, 0.5388204709038561]",117,100
7083,[0.39696778 0.67958462],70,36,"[0.3984729155032823, 0.6728808968441772]",117,97
7084,[0.3816372  0.64679349],70,36,"[0.3984729155032823, 0.6728808968441772]",117,-1
7085,[0.32043815 0.68198296],70,14,"[0.2991912902140973, 0.6498158096286489]",117,100
7086,[0.24483086 0.61479481],70,17,"[0.25907980690829885, 0.5772508610653444]",117,-1
7087,[0.25753842 0.63476774],70,14,"[0.2991912902140973, 0.6498158096286489]",115,59
7088,[0.34813333 0.652423  ],70,7,"[0.3567953152728649, 0.610864568428335]",117,100
7089,[0.38970041 0.52024007],70,29,"[0.4203507518330517, 0.5402216776416098]",117,-1
7090,[0.41864379 0.79026442],70,20,"[0.4431801719912439, 0.7668078343201206]",117,-1
7091,[0.38626895 0.60341975],70,7,"[0.3567953152728649, 0.610864568428335]",117,100
7092,[0.32634895 0.63663283],70,14,"[0.2991912902140973, 0.6498158096286489]",117,100
7093,[0.39391943 0.65203175],70,36,"[0.3984729155032823, 0.6728808968441772]",117,100
7094,[0.31996787 0.65171313],70,14,"[0.2991912902140973, 0.6498158096286489]",117,100
7095,[0.28451621 0.62737466],70,14,"[0.2991912902140973, 0.6498158096286489]",-1,-1
7096,[0.35440389 0.54479394],70,9,"[0.34993355860173564, 0.5388204709038561]",117,-1
7097,[0.38538427 0.57449538],70,7,"[0.3567953152728649, 0.610864568428335]",117,100
7098,[0.35744574 0.6419142 ],70,7,"[0.3567953152728649, 0.610864568428335]",117,100
7099,[0.36141103 0.58615068],70,7,"[0.3567953152728649, 0.610864568428335]",117,100
7100,[0.66324214 0.30018046],71,67,"[0.6342132122546504, 0.3029357709290384]",91,-1
7101,[0.64027162 0.26711888],71,67,"[0.6342132122546504, 0.3029357709290384]",51,-1
7102,[0.68102263 0.38434308],71,59,"[0.670396322447398, 0.3654745913518824]",-1,-1
7103,[0.7570232  0.29665141],71,27,"[0.730818627555406, 0.3326871572147463]",-1,-1
7104,[0.75403357 0.34229387],71,27,"[0.730818627555406, 0.3326871572147463]",97,41
7105,[0.65490721 0.31097819],71,67,"[0.6342132122546504, 0.3029357709290384]",-1,-1
7106,[0.71592946 0.34338571],71,27,"[0.730818627555406, 0.3326871572147463]",97,41
7107,[0.65669869 0.32215987],71,67,"[0.6342132122546504, 0.3029357709290384]",97,-1
7108,[0.70344982 0.37064228],71,59,"[0.670396322447398, 0.3654745913518824]",97,-1
7109,[0.75344634 0.27379834],71,41,"[0.6948979646954763, 0.28219115991762456]",55,-1
7110,[0.73003874 0.24898107],71,41,"[0.6948979646954763, 0.28219115991762456]",30,-1
7111,[0.69787607 0.28323721],71,41,"[0.6948979646954763, 0.28219115991762456]",-1,31
7112,[0.72287901 0.3170964 ],71,27,"[0.730818627555406, 0.3326871572147463]",97,41
7113,[0.71169948 0.33402033],71,27,"[0.730818627555406, 0.3326871572147463]",97,-1
7114,[0.70865086 0.25675992],71,41,"[0.6948979646954763, 0.28219115991762456]",-1,-1
7115,[0.68565522 0.28488988],71,41,"[0.6948979646954763, 0.28219115991762456]",89,31
7116,[0.72577316 0.34148877],71,27,"[0.730818627555406, 0.3326871572147463]",97,41
7117,[0.72639988 0.35720297],71,27,"[0.730818627555406, 0.3326871572147463]",97,41
7118,[0.74469717 0.35862461],71,27,"[0.730818627555406, 0.3326871572147463]",97,41
7119,[0.70193675 0.38989367],71,60,"[0.7203559462110392, 0.4062231169521756]",97,-1
7120,[0.69101795 0.24964324],71,41,"[0.6948979646954763, 0.28219115991762456]",-1,-1
7121,[0.68560581 0.40104063],71,94,"[0.6748643012657011, 0.4183849502584258]",86,-1
7122,[0.66050482 0.33412545],71,59,"[0.670396322447398, 0.3654745913518824]",97,38
7123,[0.69771264 0.31192937],71,41,"[0.6948979646954763, 0.28219115991762456]",97,41
7124,[0.73940896 0.25081362],71,41,"[0.6948979646954763, 0.28219115991762456]",-1,-1
7125,[0.7680649  0.32322695],71,27,"[0.730818627555406, 0.3326871572147463]",97,36
7126,[0.72168618 0.32151733],71,27,"[0.730818627555406, 0.3326871572147463]",97,41
7127,[0.66814354 0.38308799],71,59,"[0.670396322447398, 0.3654745913518824]",97,-1
7128,[0.73117188 0.28888692],71,41,"[0.6948979646954763, 0.28219115991762456]",-1,-1
7129,[0.74587475 0.31563122],71,27,"[0.730818627555406, 0.3326871572147463]",97,-1
7130,[0.7390698  0.30629579],71,27,"[0.730818627555406, 0.3326871572147463]",97,-1
7131,[0.69548882 0.29112124],71,41,"[0.6948979646954763, 0.28219115991762456]",89,31
7132,[0.76579549 0.26604431],71,56,"[0.8000851730897747, 0.22264930918313394]",-1,-1
7133,[0.7212498  0.23547852],71,41,"[0.6948979646954763, 0.28219115991762456]",30,-1
7134,[0.74483888 0.30707796],71,27,"[0.730818627555406, 0.3326871572147463]",97,-1
7135,[0.68084013 0.33763731],71,59,"[0.670396322447398, 0.3654745913518824]",97,-1
7136,[0.66154914 0.31276916],71,67,"[0.6342132122546504, 0.3029357709290384]",97,-1
7137,[0.74221176 0.34967112],71,27,"[0.730818627555406, 0.3326871572147463]",97,41
7138,[0.77847606 0.3718714 ],71,8,"[0.782559314763462, 0.38675507962681555]",97,-1
7139,[0.71114805 0.32191366],71,27,"[0.730818627555406, 0.3326871572147463]",97,41
7140,[0.79552426 0.38883752],71,8,"[0.782559314763462, 0.38675507962681555]",97,-1
7141,[0.75329076 0.28221746],71,27,"[0.730818627555406, 0.3326871572147463]",55,-1
7142,[0.749016   0.28920416],71,27,"[0.730818627555406, 0.3326871572147463]",-1,-1
7143,[0.71020131 0.27848975],71,41,"[0.6948979646954763, 0.28219115991762456]",-1,-1
7144,[0.76132723 0.39430253],71,8,"[0.782559314763462, 0.38675507962681555]",97,39
7145,[0.76502644 0.28319082],71,22,"[0.805104436152594, 0.30588484878908717]",55,-1
7146,[0.74097386 0.17453155],71,57,"[0.7474414948084767, 0.18011984494893613]",-1,-1
7147,[0.66660193 0.31514301],71,67,"[0.6342132122546504, 0.3029357709290384]",97,-1
7148,[0.64708359 0.30186648],71,67,"[0.6342132122546504, 0.3029357709290384]",91,-1
7149,[0.71688402 0.37482434],71,60,"[0.7203559462110392, 0.4062231169521756]",-1,-1
7150,[0.79604784 0.27950093],71,22,"[0.805104436152594, 0.30588484878908717]",69,-1
7151,[0.70425527 0.31399016],71,27,"[0.730818627555406, 0.3326871572147463]",97,41
7152,[0.68908988 0.28929451],71,41,"[0.6948979646954763, 0.28219115991762456]",89,31
7153,[0.69331041 0.29768837],71,41,"[0.6948979646954763, 0.28219115991762456]",-1,-1
7154,[0.80936579 0.28632881],71,22,"[0.805104436152594, 0.30588484878908717]",69,-1
7155,[0.6739385  0.36896094],71,59,"[0.670396322447398, 0.3654745913518824]",-1,-1
7156,[0.63394523 0.34644721],71,72,"[0.6275615005729838, 0.35242652332535]",97,30
7157,[0.70964054 0.28276451],71,41,"[0.6948979646954763, 0.28219115991762456]",-1,-1
7158,[0.6780654  0.31575614],71,41,"[0.6948979646954763, 0.28219115991762456]",97,41
7159,[0.661328   0.23506025],71,76,"[0.662220941598272, 0.1974349218858984]",-1,-1
7160,[0.66353812 0.29658753],71,67,"[0.6342132122546504, 0.3029357709290384]",91,-1
7161,[0.70007296 0.27611008],71,41,"[0.6948979646954763, 0.28219115991762456]",89,-1
7162,[0.70560928 0.21569428],71,76,"[0.662220941598272, 0.1974349218858984]",24,-1
7163,[0.71074653 0.32303257],71,27,"[0.730818627555406, 0.3326871572147463]",97,-1
7164,[0.77308643 0.31571804],71,22,"[0.805104436152594, 0.30588484878908717]",97,36
7165,[0.70991068 0.34690537],71,27,"[0.730818627555406, 0.3326871572147463]",97,41
7166,[0.74425706 0.32648538],71,27,"[0.730818627555406, 0.3326871572147463]",97,-1
7167,[0.72258768 0.30907735],71,27,"[0.730818627555406, 0.3326871572147463]",97,-1
7168,[0.72240346 0.32105453],71,27,"[0.730818627555406, 0.3326871572147463]",97,41
7169,[0.70016706 0.25030368],71,41,"[0.6948979646954763, 0.28219115991762456]",-1,-1
7170,[0.66602424 0.32618607],71,67,"[0.6342132122546504, 0.3029357709290384]",97,38
7171,[0.70872282 0.24915117],71,41,"[0.6948979646954763, 0.28219115991762456]",-1,-1
7172,[0.68209321 0.28729005],71,41,"[0.6948979646954763, 0.28219115991762456]",89,31
7173,[0.73753704 0.35416867],71,27,"[0.730818627555406, 0.3326871572147463]",97,41
7174,[0.70978058 0.28692836],71,41,"[0.6948979646954763, 0.28219115991762456]",97,-1
7175,[0.73538675 0.31372952],71,27,"[0.730818627555406, 0.3326871572147463]",-1,-1
7176,[0.6699826  0.34863753],71,59,"[0.670396322447398, 0.3654745913518824]",97,-1
7177,[0.65821044 0.23198632],71,76,"[0.662220941598272, 0.1974349218858984]",-1,-1
7178,[0.66768598 0.25042981],71,41,"[0.6948979646954763, 0.28219115991762456]",-1,-1
7179,[0.72440651 0.32527381],71,27,"[0.730818627555406, 0.3326871572147463]",97,41
7180,[0.6944226 0.3785735],71,59,"[0.670396322447398, 0.3654745913518824]",97,40
7181,[0.7484515  0.30227628],71,27,"[0.730818627555406, 0.3326871572147463]",97,-1
7182,[0.73849839 0.36513422],71,27,"[0.730818627555406, 0.3326871572147463]",97,-1
7183,[0.71310209 0.35568242],71,27,"[0.730818627555406, 0.3326871572147463]",97,-1
7184,[0.76273433 0.31942963],71,27,"[0.730818627555406, 0.3326871572147463]",97,36
7185,[0.71662459 0.35451022],71,27,"[0.730818627555406, 0.3326871572147463]",97,41
7186,[0.7388184  0.31630398],71,27,"[0.730818627555406, 0.3326871572147463]",97,-1
7187,[0.74531443 0.40148514],71,60,"[0.7203559462110392, 0.4062231169521756]",97,39
7188,[0.79380675 0.36876126],71,8,"[0.782559314763462, 0.38675507962681555]",97,39
7189,[0.76809458 0.27997563],71,22,"[0.805104436152594, 0.30588484878908717]",-1,-1
7190,[0.66628319 0.28372555],71,41,"[0.6948979646954763, 0.28219115991762456]",-1,-1
7191,[0.74547226 0.33687866],71,27,"[0.730818627555406, 0.3326871572147463]",97,41
7192,[0.78344696 0.29389215],71,22,"[0.805104436152594, 0.30588484878908717]",97,-1
7193,[0.754379   0.30363339],71,27,"[0.730818627555406, 0.3326871572147463]",97,-1
7194,[0.74347426 0.33028411],71,27,"[0.730818627555406, 0.3326871572147463]",97,-1
7195,[0.7870071  0.34915197],71,8,"[0.782559314763462, 0.38675507962681555]",97,39
7196,[0.70222803 0.24330835],71,41,"[0.6948979646954763, 0.28219115991762456]",-1,-1
7197,[0.74883377 0.28983603],71,27,"[0.730818627555406, 0.3326871572147463]",-1,-1
7198,[0.69871804 0.32745527],71,27,"[0.730818627555406, 0.3326871572147463]",-1,-1
7199,[0.73750532 0.24988748],71,41,"[0.6948979646954763, 0.28219115991762456]",-1,-1
7200,[0.72214919 0.28372397],72,41,"[0.6948979646954763, 0.28219115991762456]",97,-1
7201,[0.65960579 0.31915959],72,67,"[0.6342132122546504, 0.3029357709290384]",97,38
7202,[0.68518934 0.38110975],72,59,"[0.670396322447398, 0.3654745913518824]",97,-1
7203,[0.67367404 0.35512326],72,59,"[0.670396322447398, 0.3654745913518824]",-1,-1
7204,[0.61962503 0.3642089 ],72,72,"[0.6275615005729838, 0.35242652332535]",97,-1
7205,[0.68589272 0.41376721],72,94,"[0.6748643012657011, 0.4183849502584258]",86,-1
7206,[0.67494376 0.37933085],72,59,"[0.670396322447398, 0.3654745913518824]",97,-1
7207,[0.72814158 0.32591033],72,27,"[0.730818627555406, 0.3326871572147463]",97,41
7208,[0.69347785 0.3489599 ],72,59,"[0.670396322447398, 0.3654745913518824]",97,40
7209,[0.62824254 0.36472495],72,72,"[0.6275615005729838, 0.35242652332535]",97,-1
7210,[0.63945254 0.34433402],72,72,"[0.6275615005729838, 0.35242652332535]",97,30
7211,[0.67411483 0.29228858],72,41,"[0.6948979646954763, 0.28219115991762456]",89,31
7212,[0.75532496 0.39546574],72,8,"[0.782559314763462, 0.38675507962681555]",97,39
7213,[0.63789792 0.42228501],72,86,"[0.6271685883317931, 0.40176873797345797]",-1,-1
7214,[0.68518082 0.38064013],72,59,"[0.670396322447398, 0.3654745913518824]",97,-1
7215,[0.64291172 0.36024607],72,72,"[0.6275615005729838, 0.35242652332535]",97,30
7216,[0.69853477 0.35105033],72,59,"[0.670396322447398, 0.3654745913518824]",97,40
7217,[0.67012313 0.37026986],72,59,"[0.670396322447398, 0.3654745913518824]",-1,-1
7218,[0.74214127 0.39583462],72,60,"[0.7203559462110392, 0.4062231169521756]",97,39
7219,[0.56250447 0.30799   ],72,68,"[0.5611136858449972, 0.3328599094297703]",34,3
7220,[0.69657589 0.36326181],72,59,"[0.670396322447398, 0.3654745913518824]",97,40
7221,[0.67568571 0.33281694],72,59,"[0.670396322447398, 0.3654745913518824]",-1,-1
7222,[0.72079892 0.27422323],72,41,"[0.6948979646954763, 0.28219115991762456]",-1,-1
7223,[0.68736762 0.31169689],72,41,"[0.6948979646954763, 0.28219115991762456]",97,41
7224,[0.64353694 0.32280415],72,67,"[0.6342132122546504, 0.3029357709290384]",97,-1
7225,[0.70635674 0.36362293],72,59,"[0.670396322447398, 0.3654745913518824]",97,-1
7226,[0.64970006 0.35809168],72,59,"[0.670396322447398, 0.3654745913518824]",-1,30
7227,[0.59771087 0.4169757 ],72,91,"[0.6012433587965225, 0.4182613697836598]",95,-1
7228,[0.65919235 0.38380808],72,59,"[0.670396322447398, 0.3654745913518824]",97,30
7229,[0.68085314 0.30799415],72,41,"[0.6948979646954763, 0.28219115991762456]",97,-1
7230,[0.67529886 0.26287619],72,41,"[0.6948979646954763, 0.28219115991762456]",88,-1
7231,[0.67280456 0.28590914],72,41,"[0.6948979646954763, 0.28219115991762456]",89,31
7232,[0.72884488 0.45195262],72,50,"[0.73400958366281, 0.4924303356245267]",75,-1
7233,[0.74610704 0.37546524],72,8,"[0.782559314763462, 0.38675507962681555]",-1,-1
7234,[0.70368797 0.38281489],72,60,"[0.7203559462110392, 0.4062231169521756]",-1,-1
7235,[0.68664998 0.28231539],72,41,"[0.6948979646954763, 0.28219115991762456]",89,31
7236,[0.69088636 0.37339348],72,59,"[0.670396322447398, 0.3654745913518824]",97,-1
7237,[0.69444638 0.37013006],72,59,"[0.670396322447398, 0.3654745913518824]",97,40
7238,[0.7179134  0.30581564],72,27,"[0.730818627555406, 0.3326871572147463]",97,-1
7239,[0.72827094 0.2775424 ],72,41,"[0.6948979646954763, 0.28219115991762456]",-1,-1
7240,[0.66498491 0.36080559],72,59,"[0.670396322447398, 0.3654745913518824]",97,30
7241,[0.64967526 0.37589338],72,59,"[0.670396322447398, 0.3654745913518824]",97,30
7242,[0.61094374 0.37808391],72,86,"[0.6271685883317931, 0.40176873797345797]",-1,-1
7243,[0.704658   0.32084892],72,27,"[0.730818627555406, 0.3326871572147463]",97,41
7244,[0.67785883 0.28051995],72,41,"[0.6948979646954763, 0.28219115991762456]",89,31
7245,[0.67957842 0.26493077],72,41,"[0.6948979646954763, 0.28219115991762456]",88,-1
7246,[0.64935391 0.40174894],72,86,"[0.6271685883317931, 0.40176873797345797]",-1,-1
7247,[0.65092434 0.26806135],72,67,"[0.6342132122546504, 0.3029357709290384]",-1,-1
7248,[0.65768612 0.29280603],72,67,"[0.6342132122546504, 0.3029357709290384]",91,-1
7249,[0.66657208 0.32377793],72,67,"[0.6342132122546504, 0.3029357709290384]",97,38
7250,[0.65985371 0.41865109],72,94,"[0.6748643012657011, 0.4183849502584258]",-1,-1
7251,[0.66901328 0.25985547],72,41,"[0.6948979646954763, 0.28219115991762456]",88,-1
7252,[0.64346884 0.31411151],72,67,"[0.6342132122546504, 0.3029357709290384]",97,-1
7253,[0.72578505 0.25887967],72,41,"[0.6948979646954763, 0.28219115991762456]",30,-1
7254,[0.6362194  0.34403632],72,72,"[0.6275615005729838, 0.35242652332535]",97,30
7255,[0.69069624 0.40537314],72,94,"[0.6748643012657011, 0.4183849502584258]",86,-1
7256,[0.66190941 0.36040315],72,59,"[0.670396322447398, 0.3654745913518824]",97,-1
7257,[0.6883754  0.34658095],72,59,"[0.670396322447398, 0.3654745913518824]",97,-1
7258,[0.65908653 0.3217233 ],72,67,"[0.6342132122546504, 0.3029357709290384]",97,38
7259,[0.72637685 0.26154382],72,41,"[0.6948979646954763, 0.28219115991762456]",-1,-1
7260,[0.66380697 0.25090656],72,41,"[0.6948979646954763, 0.28219115991762456]",-1,-1
7261,[0.71145334 0.31595471],72,27,"[0.730818627555406, 0.3326871572147463]",97,41
7262,[0.63631759 0.35181126],72,72,"[0.6275615005729838, 0.35242652332535]",97,30
7263,[0.61411328 0.39452336],72,86,"[0.6271685883317931, 0.40176873797345797]",-1,-1
7264,[0.64610705 0.34871293],72,72,"[0.6275615005729838, 0.35242652332535]",-1,-1
7265,[0.77604957 0.35481247],72,8,"[0.782559314763462, 0.38675507962681555]",97,39
7266,[0.72665071 0.33975165],72,27,"[0.730818627555406, 0.3326871572147463]",97,41
7267,[0.68328255 0.32537394],72,59,"[0.670396322447398, 0.3654745913518824]",97,-1
7268,[0.60425022 0.36799569],72,72,"[0.6275615005729838, 0.35242652332535]",-1,-1
7269,[0.66046555 0.35686308],72,59,"[0.670396322447398, 0.3654745913518824]",97,-1
7270,[0.62380453 0.41205728],72,86,"[0.6271685883317931, 0.40176873797345797]",95,-1
7271,[0.62468354 0.42757835],72,93,"[0.6268451044452512, 0.4483349814555342]",95,-1
7272,[0.70026805 0.36530936],72,59,"[0.670396322447398, 0.3654745913518824]",97,-1
7273,[0.63425799 0.38740009],72,86,"[0.6271685883317931, 0.40176873797345797]",97,30
7274,[0.61859621 0.38070484],72,86,"[0.6271685883317931, 0.40176873797345797]",-1,-1
7275,[0.65772654 0.366433  ],72,59,"[0.670396322447398, 0.3654745913518824]",97,30
7276,[0.6577807  0.34121929],72,59,"[0.670396322447398, 0.3654745913518824]",97,-1
7277,[0.65235109 0.365877  ],72,59,"[0.670396322447398, 0.3654745913518824]",97,30
7278,[0.68750073 0.31508404],72,41,"[0.6948979646954763, 0.28219115991762456]",97,41
7279,[0.73060534 0.34243435],72,27,"[0.730818627555406, 0.3326871572147463]",97,-1
7280,[0.66276243 0.33016825],72,59,"[0.670396322447398, 0.3654745913518824]",97,38
7281,[0.58299389 0.38951146],72,78,"[0.5675082537713239, 0.38298910409035547]",95,23
7282,[0.61042528 0.3854488 ],72,86,"[0.6271685883317931, 0.40176873797345797]",-1,-1
7283,[0.69516559 0.30975051],72,41,"[0.6948979646954763, 0.28219115991762456]",97,41
7284,[0.63916789 0.29699629],72,67,"[0.6342132122546504, 0.3029357709290384]",-1,-1
7285,[0.65536919 0.40661691],72,94,"[0.6748643012657011, 0.4183849502584258]",-1,-1
7286,[0.6059426  0.38856913],72,86,"[0.6271685883317931, 0.40176873797345797]",-1,-1
7287,[0.74706286 0.39041519],72,60,"[0.7203559462110392, 0.4062231169521756]",97,39
7288,[0.70357234 0.36913023],72,59,"[0.670396322447398, 0.3654745913518824]",97,40
7289,[0.73543701 0.29973305],72,27,"[0.730818627555406, 0.3326871572147463]",-1,-1
7290,[0.62485371 0.34740363],72,72,"[0.6275615005729838, 0.35242652332535]",97,30
7291,[0.71369691 0.39144995],72,60,"[0.7203559462110392, 0.4062231169521756]",97,-1
7292,[0.67982187 0.39997291],72,94,"[0.6748643012657011, 0.4183849502584258]",-1,-1
7293,[0.64924429 0.37153058],72,59,"[0.670396322447398, 0.3654745913518824]",97,30
7294,[0.65474725 0.25131917],72,41,"[0.6948979646954763, 0.28219115991762456]",-1,-1
7295,[0.69231888 0.35546699],72,59,"[0.670396322447398, 0.3654745913518824]",97,-1
7296,[0.72003787 0.38910537],72,60,"[0.7203559462110392, 0.4062231169521756]",97,-1
7297,[0.67150794 0.34223368],72,59,"[0.670396322447398, 0.3654745913518824]",97,38
7298,[0.7666306  0.32213037],72,27,"[0.730818627555406, 0.3326871572147463]",97,-1
7299,[0.67902322 0.34667027],72,59,"[0.670396322447398, 0.3654745913518824]",97,38
7300,[0.14085643 0.13660807],73,89,"[0.12618733081383782, 0.14625158315056547]",-1,-1
7301,[0.24401117 0.08918782],73,84,"[0.29615237877199174, 0.1110224228591103]",-1,-1
7302,[0.18344967 0.16231315],73,34,"[0.2185740004144134, 0.15608943562981872]",99,-1
7303,[0.20780421 0.11777056],73,34,"[0.2185740004144134, 0.15608943562981872]",11,-1
7304,[0.23967004 0.10180714],73,84,"[0.29615237877199174, 0.1110224228591103]",-1,-1
7305,[0.14200164 0.20991096],73,89,"[0.12618733081383782, 0.14625158315056547]",-1,-1
7306,[0.2222685  0.15770662],73,34,"[0.2185740004144134, 0.15608943562981872]",-1,-1
7307,[0.15266766 0.1498644 ],73,89,"[0.12618733081383782, 0.14625158315056547]",-1,-1
7308,[0.16166115 0.15561834],73,89,"[0.12618733081383782, 0.14625158315056547]",-1,-1
7309,[0.19462475 0.18756217],73,34,"[0.2185740004144134, 0.15608943562981872]",-1,-1
7310,[0.10879306 0.17831286],73,89,"[0.12618733081383782, 0.14625158315056547]",-1,-1
7311,[0.15411488 0.21787012],73,38,"[0.21237696572363113, 0.23587686359823726]",-1,-1
7312,[0.17700771 0.16813725],73,34,"[0.2185740004144134, 0.15608943562981872]",99,-1
7313,[0.20570067 0.18627896],73,34,"[0.2185740004144134, 0.15608943562981872]",111,-1
7314,[0.12390298 0.18066634],73,89,"[0.12618733081383782, 0.14625158315056547]",-1,-1
7315,[0.17138746 0.22600119],73,38,"[0.21237696572363113, 0.23587686359823726]",-1,-1
7316,[0.15911864 0.20640349],73,38,"[0.21237696572363113, 0.23587686359823726]",-1,-1
7317,[0.11021041 0.14551603],73,89,"[0.12618733081383782, 0.14625158315056547]",-1,-1
7318,[0.19711247 0.22011972],73,38,"[0.21237696572363113, 0.23587686359823726]",-1,-1
7319,[0.19757689 0.17730887],73,34,"[0.2185740004144134, 0.15608943562981872]",111,-1
7320,[0.19989294 0.11671229],73,34,"[0.2185740004144134, 0.15608943562981872]",-1,-1
7321,[0.17608882 0.21375692],73,38,"[0.21237696572363113, 0.23587686359823726]",-1,-1
7322,[0.17443716 0.11266728],73,89,"[0.12618733081383782, 0.14625158315056547]",6,-1
7323,[0.15463977 0.25423617],73,38,"[0.21237696572363113, 0.23587686359823726]",-1,-1
7324,[0.17309505 0.15460099],73,34,"[0.2185740004144134, 0.15608943562981872]",99,-1
7325,[0.13723959 0.12354162],73,89,"[0.12618733081383782, 0.14625158315056547]",-1,-1
7326,[0.21803449 0.19309741],73,34,"[0.2185740004144134, 0.15608943562981872]",-1,-1
7327,[0.17066789 0.14317676],73,89,"[0.12618733081383782, 0.14625158315056547]",-1,-1
7328,[0.16395641 0.16987334],73,89,"[0.12618733081383782, 0.14625158315056547]",-1,-1
7329,[0.24877259 0.20130973],73,38,"[0.21237696572363113, 0.23587686359823726]",113,64
7330,[0.08823706 0.17249219],73,89,"[0.12618733081383782, 0.14625158315056547]",-1,-1
7331,[0.11837578 0.12763375],73,89,"[0.12618733081383782, 0.14625158315056547]",-1,-1
7332,[0.22118262 0.15617287],73,34,"[0.2185740004144134, 0.15608943562981872]",-1,-1
7333,[0.21095816 0.18184289],73,34,"[0.2185740004144134, 0.15608943562981872]",111,-1
7334,[0.13067456 0.1215435 ],73,89,"[0.12618733081383782, 0.14625158315056547]",-1,-1
7335,[0.24118611 0.11512505],73,34,"[0.2185740004144134, 0.15608943562981872]",11,-1
7336,[0.14346681 0.12217626],73,89,"[0.12618733081383782, 0.14625158315056547]",-1,-1
7337,[0.1716134  0.16793799],73,34,"[0.2185740004144134, 0.15608943562981872]",99,-1
7338,[0.28230163 0.13711291],73,84,"[0.29615237877199174, 0.1110224228591103]",113,66
7339,[0.17652381 0.13078106],73,34,"[0.2185740004144134, 0.15608943562981872]",6,-1
7340,[0.24043777 0.19354343],73,34,"[0.2185740004144134, 0.15608943562981872]",113,64
7341,[0.20736686 0.13340172],73,34,"[0.2185740004144134, 0.15608943562981872]",-1,-1
7342,[0.18431873 0.15561184],73,34,"[0.2185740004144134, 0.15608943562981872]",99,-1
7343,[0.16452162 0.11848899],73,89,"[0.12618733081383782, 0.14625158315056547]",6,-1
7344,[0.17497812 0.16055378],73,34,"[0.2185740004144134, 0.15608943562981872]",99,-1
7345,[0.19851472 0.15781269],73,34,"[0.2185740004144134, 0.15608943562981872]",99,-1
7346,[0.23985161 0.20356346],73,38,"[0.21237696572363113, 0.23587686359823726]",113,64
7347,[0.16709893 0.14472443],73,89,"[0.12618733081383782, 0.14625158315056547]",-1,-1
7348,[0.14552227 0.17374233],73,89,"[0.12618733081383782, 0.14625158315056547]",-1,-1
7349,[0.19474564 0.1504664 ],73,34,"[0.2185740004144134, 0.15608943562981872]",99,-1
7350,[0.15364429 0.10356383],73,89,"[0.12618733081383782, 0.14625158315056547]",-1,-1
7351,[0.20776171 0.20462416],73,38,"[0.21237696572363113, 0.23587686359823726]",101,-1
7352,[0.18453441 0.10110583],73,34,"[0.2185740004144134, 0.15608943562981872]",-1,-1
7353,[0.23772944 0.1576637 ],73,34,"[0.2185740004144134, 0.15608943562981872]",-1,-1
7354,[0.23641517 0.19472532],73,34,"[0.2185740004144134, 0.15608943562981872]",113,64
7355,[0.20063631 0.25466646],73,38,"[0.21237696572363113, 0.23587686359823726]",114,-1
7356,[0.22092028 0.10950441],73,34,"[0.2185740004144134, 0.15608943562981872]",11,-1
7357,[0.16483546 0.19944998],73,38,"[0.21237696572363113, 0.23587686359823726]",-1,-1
7358,[0.18248124 0.15608214],73,34,"[0.2185740004144134, 0.15608943562981872]",99,-1
7359,[0.20133558 0.16959   ],73,34,"[0.2185740004144134, 0.15608943562981872]",-1,-1
7360,[0.14039853 0.10130859],73,89,"[0.12618733081383782, 0.14625158315056547]",-1,-1
7361,[0.22280315 0.11544161],73,34,"[0.2185740004144134, 0.15608943562981872]",11,-1
7362,[0.20215796 0.14068729],73,34,"[0.2185740004144134, 0.15608943562981872]",-1,-1
7363,[0.09867958 0.07345993],73,-1,-1,-1,-1
7364,[0.1670482  0.16968299],73,89,"[0.12618733081383782, 0.14625158315056547]",-1,-1
7365,[0.18480596 0.15274171],73,34,"[0.2185740004144134, 0.15608943562981872]",99,-1
7366,[0.11613143 0.16157352],73,89,"[0.12618733081383782, 0.14625158315056547]",-1,-1
7367,[0.1538445  0.16611987],73,89,"[0.12618733081383782, 0.14625158315056547]",-1,-1
7368,[0.20588832 0.12571054],73,34,"[0.2185740004144134, 0.15608943562981872]",11,-1
7369,[0.17692948 0.12771823],73,34,"[0.2185740004144134, 0.15608943562981872]",6,-1
7370,[0.26634357 0.1178131 ],73,84,"[0.29615237877199174, 0.1110224228591103]",-1,-1
7371,[0.26860019 0.13134787],73,84,"[0.29615237877199174, 0.1110224228591103]",-1,-1
7372,[0.16058263 0.12707222],73,89,"[0.12618733081383782, 0.14625158315056547]",-1,-1
7373,[0.13667046 0.19055431],73,89,"[0.12618733081383782, 0.14625158315056547]",-1,-1
7374,[0.25618846 0.16871431],73,34,"[0.2185740004144134, 0.15608943562981872]",-1,-1
7375,[0.13774654 0.1406832 ],73,89,"[0.12618733081383782, 0.14625158315056547]",-1,-1
7376,[0.17901833 0.11495869],73,34,"[0.2185740004144134, 0.15608943562981872]",6,-1
7377,[0.20453434 0.19663117],73,38,"[0.21237696572363113, 0.23587686359823726]",-1,-1
7378,[0.16164055 0.12927567],73,89,"[0.12618733081383782, 0.14625158315056547]",-1,-1
7379,[0.24147088 0.12385134],73,34,"[0.2185740004144134, 0.15608943562981872]",-1,-1
7380,[0.25141551 0.1526174 ],73,34,"[0.2185740004144134, 0.15608943562981872]",110,-1
7381,[0.0756998  0.14953752],73,89,"[0.12618733081383782, 0.14625158315056547]",-1,-1
7382,[0.0564869  0.08110158],73,-1,-1,-1,-1
7383,[0.14924035 0.19665316],73,89,"[0.12618733081383782, 0.14625158315056547]",-1,-1
7384,[0.22497733 0.20690993],73,38,"[0.21237696572363113, 0.23587686359823726]",-1,-1
7385,[0.10672951 0.16107795],73,89,"[0.12618733081383782, 0.14625158315056547]",-1,-1
7386,[0.14210712 0.2533193 ],73,64,"[0.14651710815353663, 0.31875187760214785]",-1,-1
7387,[0.10314728 0.20936763],73,89,"[0.12618733081383782, 0.14625158315056547]",-1,-1
7388,[0.18818663 0.20559528],73,38,"[0.21237696572363113, 0.23587686359823726]",-1,-1
7389,[0.17733835 0.14718586],73,34,"[0.2185740004144134, 0.15608943562981872]",99,-1
7390,[0.21615436 0.21665638],73,38,"[0.21237696572363113, 0.23587686359823726]",101,-1
7391,[0.22406697 0.21200709],73,38,"[0.21237696572363113, 0.23587686359823726]",101,-1
7392,[0.09006137 0.14814346],73,89,"[0.12618733081383782, 0.14625158315056547]",-1,-1
7393,[0.21267743 0.07551802],73,-1,-1,-1,-1
7394,[0.12952261 0.14500442],73,89,"[0.12618733081383782, 0.14625158315056547]",-1,-1
7395,[0.14120948 0.10407895],73,89,"[0.12618733081383782, 0.14625158315056547]",-1,-1
7396,[0.16675984 0.19706299],73,38,"[0.21237696572363113, 0.23587686359823726]",-1,-1
7397,[0.18433084 0.2035867 ],73,38,"[0.21237696572363113, 0.23587686359823726]",-1,-1
7398,[0.21815764 0.17325922],73,34,"[0.2185740004144134, 0.15608943562981872]",-1,-1
7399,[0.19007877 0.14329265],73,34,"[0.2185740004144134, 0.15608943562981872]",-1,-1
7400,[0.66685217 0.69418325],74,26,"[0.6720960040209921, 0.6796090225497248]",117,-1
7401,[0.70635873 0.6934871 ],74,26,"[0.6720960040209921, 0.6796090225497248]",-1,-1
7402,[0.68843579 0.67973223],74,26,"[0.6720960040209921, 0.6796090225497248]",-1,-1
7403,[0.65311328 0.75980289],74,33,"[0.6312009655286229, 0.7427811490324232]",-1,-1
7404,[0.66423355 0.77961201],74,33,"[0.6312009655286229, 0.7427811490324232]",-1,-1
7405,[0.70014181 0.6786207 ],74,26,"[0.6720960040209921, 0.6796090225497248]",109,46
7406,[0.66643366 0.8087006 ],74,43,"[0.7124452149283717, 0.7959059325724773]",-1,-1
7407,[0.7041459  0.72458343],74,1,"[0.7484771342575616, 0.7179286626976465]",109,-1
7408,[0.69540577 0.66635282],74,26,"[0.6720960040209921, 0.6796090225497248]",109,-1
7409,[0.65192561 0.61441022],74,47,"[0.6479473958146146, 0.5918281279427561]",-1,-1
7410,[0.72677608 0.77010337],74,43,"[0.7124452149283717, 0.7959059325724773]",109,-1
7411,[0.63485864 0.7365764 ],74,33,"[0.6312009655286229, 0.7427811490324232]",117,-1
7412,[0.55473359 0.81017505],74,66,"[0.573574952246955, 0.8174270490620612]",3,0
7413,[0.64172526 0.72178546],74,33,"[0.6312009655286229, 0.7427811490324232]",117,44
7414,[0.65242865 0.69936001],74,26,"[0.6720960040209921, 0.6796090225497248]",-1,-1
7415,[0.6704648  0.76246646],74,33,"[0.6312009655286229, 0.7427811490324232]",-1,-1
7416,[0.67627864 0.72580336],74,26,"[0.6720960040209921, 0.6796090225497248]",-1,-1
7417,[0.64664243 0.68710905],74,26,"[0.6720960040209921, 0.6796090225497248]",117,-1
7418,[0.69407238 0.68090343],74,26,"[0.6720960040209921, 0.6796090225497248]",109,-1
7419,[0.65628728 0.65160124],74,26,"[0.6720960040209921, 0.6796090225497248]",117,-1
7420,[0.62135341 0.68342369],74,26,"[0.6720960040209921, 0.6796090225497248]",117,50
7421,[0.6050884  0.63253627],74,10,"[0.5824848627859263, 0.649655537749642]",117,58
7422,[0.61573749 0.67808187],74,10,"[0.5824848627859263, 0.649655537749642]",117,50
7423,[0.62525276 0.6800219 ],74,26,"[0.6720960040209921, 0.6796090225497248]",117,50
7424,[0.60709059 0.70053146],74,33,"[0.6312009655286229, 0.7427811490324232]",117,-1
7425,[0.69175671 0.71320421],74,26,"[0.6720960040209921, 0.6796090225497248]",109,46
7426,[0.62553516 0.73378463],74,33,"[0.6312009655286229, 0.7427811490324232]",-1,-1
7427,[0.65083045 0.70509847],74,26,"[0.6720960040209921, 0.6796090225497248]",-1,-1
7428,[0.58533807 0.73130533],74,33,"[0.6312009655286229, 0.7427811490324232]",-1,-1
7429,[0.56832058 0.67923896],74,10,"[0.5824848627859263, 0.649655537749642]",117,57
7430,[0.63106476 0.67449438],74,26,"[0.6720960040209921, 0.6796090225497248]",117,50
7431,[0.63608761 0.71822499],74,33,"[0.6312009655286229, 0.7427811490324232]",117,44
7432,[0.64680257 0.78099884],74,33,"[0.6312009655286229, 0.7427811490324232]",109,-1
7433,[0.6916543  0.72175839],74,26,"[0.6720960040209921, 0.6796090225497248]",109,46
7434,[0.66574812 0.66955638],74,26,"[0.6720960040209921, 0.6796090225497248]",-1,-1
7435,[0.65871303 0.7321218 ],74,33,"[0.6312009655286229, 0.7427811490324232]",109,-1
7436,[0.58811663 0.75426928],74,33,"[0.6312009655286229, 0.7427811490324232]",-1,-1
7437,[0.69413224 0.76638753],74,43,"[0.7124452149283717, 0.7959059325724773]",109,-1
7438,[0.65221649 0.68952392],74,26,"[0.6720960040209921, 0.6796090225497248]",117,-1
7439,[0.64525916 0.79576544],74,33,"[0.6312009655286229, 0.7427811490324232]",-1,-1
7440,[0.72961191 0.72576332],74,1,"[0.7484771342575616, 0.7179286626976465]",109,56
7441,[0.74978992 0.76580701],74,1,"[0.7484771342575616, 0.7179286626976465]",109,-1
7442,[0.58754865 0.72992231],74,33,"[0.6312009655286229, 0.7427811490324232]",-1,-1
7443,[0.68778397 0.71173627],74,26,"[0.6720960040209921, 0.6796090225497248]",109,46
7444,[0.66706482 0.76282345],74,33,"[0.6312009655286229, 0.7427811490324232]",109,-1
7445,[0.60034869 0.71558179],74,33,"[0.6312009655286229, 0.7427811490324232]",117,44
7446,[0.56640475 0.7354643 ],74,35,"[0.5368175380560374, 0.7057468765352064]",-1,-1
7447,[0.66547149 0.6372634 ],74,26,"[0.6720960040209921, 0.6796090225497248]",-1,-1
7448,[0.63203243 0.79267808],74,33,"[0.6312009655286229, 0.7427811490324232]",-1,-1
7449,[0.65121326 0.63047125],74,47,"[0.6479473958146146, 0.5918281279427561]",107,-1
7450,[0.63392264 0.75167039],74,33,"[0.6312009655286229, 0.7427811490324232]",117,-1
7451,[0.65530237 0.6518836 ],74,26,"[0.6720960040209921, 0.6796090225497248]",117,-1
7452,[0.5665935  0.68820957],74,35,"[0.5368175380560374, 0.7057468765352064]",117,57
7453,[0.65817666 0.65261609],74,26,"[0.6720960040209921, 0.6796090225497248]",117,-1
7454,[0.61217742 0.6816599 ],74,10,"[0.5824848627859263, 0.649655537749642]",117,-1
7455,[0.6509618  0.62146116],74,47,"[0.6479473958146146, 0.5918281279427561]",107,-1
7456,[0.59754939 0.64659812],74,10,"[0.5824848627859263, 0.649655537749642]",117,58
7457,[0.67309924 0.68326817],74,26,"[0.6720960040209921, 0.6796090225497248]",109,-1
7458,[0.66433131 0.72156332],74,33,"[0.6312009655286229, 0.7427811490324232]",-1,-1
7459,[0.64178952 0.78700973],74,33,"[0.6312009655286229, 0.7427811490324232]",109,-1
7460,[0.62609025 0.64000088],74,10,"[0.5824848627859263, 0.649655537749642]",117,-1
7461,[0.64317125 0.72451447],74,33,"[0.6312009655286229, 0.7427811490324232]",117,44
7462,[0.67066028 0.73428236],74,33,"[0.6312009655286229, 0.7427811490324232]",-1,-1
7463,[0.72485381 0.73780973],74,1,"[0.7484771342575616, 0.7179286626976465]",109,56
7464,[0.6693299  0.70385588],74,26,"[0.6720960040209921, 0.6796090225497248]",-1,-1
7465,[0.65152178 0.73404588],74,33,"[0.6312009655286229, 0.7427811490324232]",-1,-1
7466,[0.59096735 0.70466832],74,35,"[0.5368175380560374, 0.7057468765352064]",117,-1
7467,[0.60999129 0.67586997],74,10,"[0.5824848627859263, 0.649655537749642]",117,-1
7468,[0.63946669 0.75425722],74,33,"[0.6312009655286229, 0.7427811490324232]",-1,-1
7469,[0.59756857 0.69733411],74,10,"[0.5824848627859263, 0.649655537749642]",-1,-1
7470,[0.67707309 0.73801799],74,33,"[0.6312009655286229, 0.7427811490324232]",-1,-1
7471,[0.62437513 0.66824268],74,10,"[0.5824848627859263, 0.649655537749642]",117,50
7472,[0.65644151 0.68432086],74,26,"[0.6720960040209921, 0.6796090225497248]",117,-1
7473,[0.54723465 0.70998773],74,35,"[0.5368175380560374, 0.7057468765352064]",-1,-1
7474,[0.58722243 0.63912418],74,10,"[0.5824848627859263, 0.649655537749642]",117,58
7475,[0.60035432 0.72272928],74,33,"[0.6312009655286229, 0.7427811490324232]",-1,-1
7476,[0.72382806 0.65934919],74,26,"[0.6720960040209921, 0.6796090225497248]",109,-1
7477,[0.65588264 0.74853871],74,33,"[0.6312009655286229, 0.7427811490324232]",109,-1
7478,[0.65704472 0.65360814],74,26,"[0.6720960040209921, 0.6796090225497248]",117,-1
7479,[0.61569801 0.7440282 ],74,33,"[0.6312009655286229, 0.7427811490324232]",-1,-1
7480,[0.70098282 0.7186259 ],74,1,"[0.7484771342575616, 0.7179286626976465]",109,46
7481,[0.64832901 0.82471461],74,75,"[0.630404354287245, 0.867900490402714]",45,-1
7482,[0.67665621 0.65226421],74,26,"[0.6720960040209921, 0.6796090225497248]",-1,-1
7483,[0.71824024 0.69306887],74,1,"[0.7484771342575616, 0.7179286626976465]",109,-1
7484,[0.63200811 0.72935854],74,33,"[0.6312009655286229, 0.7427811490324232]",117,44
7485,[0.69707581 0.67109086],74,26,"[0.6720960040209921, 0.6796090225497248]",109,-1
7486,[0.65137146 0.82379608],74,75,"[0.630404354287245, 0.867900490402714]",45,-1
7487,[0.57290619 0.67479086],74,10,"[0.5824848627859263, 0.649655537749642]",117,57
7488,[0.70019118 0.7109575 ],74,26,"[0.6720960040209921, 0.6796090225497248]",109,46
7489,[0.74499922 0.82268528],74,43,"[0.7124452149283717, 0.7959059325724773]",-1,-1
7490,[0.62819613 0.70109435],74,33,"[0.6312009655286229, 0.7427811490324232]",117,-1
7491,[0.60764061 0.69727981],74,33,"[0.6312009655286229, 0.7427811490324232]",-1,-1
7492,[0.68798698 0.6605533 ],74,26,"[0.6720960040209921, 0.6796090225497248]",-1,-1
7493,[0.69416713 0.73068574],74,26,"[0.6720960040209921, 0.6796090225497248]",109,-1
7494,[0.68921999 0.70391327],74,26,"[0.6720960040209921, 0.6796090225497248]",109,46
7495,[0.66888241 0.66281457],74,26,"[0.6720960040209921, 0.6796090225497248]",-1,-1
7496,[0.62496016 0.7209745 ],74,33,"[0.6312009655286229, 0.7427811490324232]",117,-1
7497,[0.66298864 0.71645313],74,26,"[0.6720960040209921, 0.6796090225497248]",-1,-1
7498,[0.60966199 0.70743711],74,33,"[0.6312009655286229, 0.7427811490324232]",117,44
7499,[0.63185283 0.76179599],74,33,"[0.6312009655286229, 0.7427811490324232]",-1,-1
7500,[0.80574216 0.23365772],75,56,"[0.8000851730897747, 0.22264930918313394]",58,9
7501,[0.82461614 0.30183133],75,22,"[0.805104436152594, 0.30588484878908717]",97,-1
7502,[0.77764927 0.31317906],75,22,"[0.805104436152594, 0.30588484878908717]",97,-1
7503,[0.79726123 0.24974617],75,56,"[0.8000851730897747, 0.22264930918313394]",-1,-1
7504,[0.78701605 0.30055364],75,22,"[0.805104436152594, 0.30588484878908717]",97,36
7505,[0.72626834 0.32484956],75,27,"[0.730818627555406, 0.3326871572147463]",97,41
7506,[0.67667533 0.28846128],75,41,"[0.6948979646954763, 0.28219115991762456]",89,31
7507,[0.85887802 0.32455571],75,51,"[0.8936687523122694, 0.3204806601756303]",97,-1
7508,[0.70838836 0.29350483],75,41,"[0.6948979646954763, 0.28219115991762456]",-1,-1
7509,[0.77812373 0.35935199],75,8,"[0.782559314763462, 0.38675507962681555]",97,39
7510,[0.79755961 0.26578797],75,22,"[0.805104436152594, 0.30588484878908717]",69,-1
7511,[0.72488888 0.24596529],75,41,"[0.6948979646954763, 0.28219115991762456]",30,-1
7512,[0.72678524 0.3946641 ],75,60,"[0.7203559462110392, 0.4062231169521756]",97,-1
7513,[0.79593777 0.31539827],75,22,"[0.805104436152594, 0.30588484878908717]",97,-1
7514,[0.75225738 0.27225828],75,41,"[0.6948979646954763, 0.28219115991762456]",55,-1
7515,[0.73921331 0.41815794],75,60,"[0.7203559462110392, 0.4062231169521756]",97,-1
7516,[0.76786547 0.43160706],75,82,"[0.7838251592389673, 0.4623077396916808]",97,37
7517,[0.68916199 0.26051288],75,41,"[0.6948979646954763, 0.28219115991762456]",-1,-1
7518,[0.82938932 0.25765379],75,56,"[0.8000851730897747, 0.22264930918313394]",-1,-1
7519,[0.70269272 0.346507  ],75,27,"[0.730818627555406, 0.3326871572147463]",97,-1
7520,[0.80108813 0.36295841],75,8,"[0.782559314763462, 0.38675507962681555]",97,-1
7521,[0.82563598 0.35369668],75,24,"[0.864304877149764, 0.37840873327476937]",97,-1
7522,[0.7850331  0.33734957],75,22,"[0.805104436152594, 0.30588484878908717]",97,39
7523,[0.7700638  0.33444775],75,27,"[0.730818627555406, 0.3326871572147463]",97,36
7524,[0.74151701 0.34699524],75,27,"[0.730818627555406, 0.3326871572147463]",97,41
7525,[0.84200994 0.34303094],75,24,"[0.864304877149764, 0.37840873327476937]",97,34
7526,[0.72024457 0.3337729 ],75,27,"[0.730818627555406, 0.3326871572147463]",97,41
7527,[0.74412026 0.35161097],75,27,"[0.730818627555406, 0.3326871572147463]",97,41
7528,[0.72244561 0.33462664],75,27,"[0.730818627555406, 0.3326871572147463]",97,41
7529,[0.8237572  0.25889292],75,56,"[0.8000851730897747, 0.22264930918313394]",-1,-1
7530,[0.82439874 0.36366276],75,24,"[0.864304877149764, 0.37840873327476937]",97,37
7531,[0.69011905 0.35034951],75,59,"[0.670396322447398, 0.3654745913518824]",97,-1
7532,[0.7993109  0.32248862],75,22,"[0.805104436152594, 0.30588484878908717]",97,-1
7533,[0.79342269 0.35424466],75,8,"[0.782559314763462, 0.38675507962681555]",97,39
7534,[0.76002476 0.31470376],75,27,"[0.730818627555406, 0.3326871572147463]",97,-1
7535,[0.83427023 0.33685655],75,22,"[0.805104436152594, 0.30588484878908717]",97,34
7536,[0.74391426 0.26812525],75,41,"[0.6948979646954763, 0.28219115991762456]",55,-1
7537,[0.72412027 0.35561163],75,27,"[0.730818627555406, 0.3326871572147463]",97,-1
7538,[0.76301963 0.39422036],75,8,"[0.782559314763462, 0.38675507962681555]",97,39
7539,[0.79567319 0.36804587],75,8,"[0.782559314763462, 0.38675507962681555]",97,39
7540,[0.70703721 0.33451641],75,27,"[0.730818627555406, 0.3326871572147463]",-1,-1
7541,[0.81413968 0.33930065],75,22,"[0.805104436152594, 0.30588484878908717]",97,32
7542,[0.80366393 0.37817704],75,8,"[0.782559314763462, 0.38675507962681555]",97,-1
7543,[0.70138746 0.27320322],75,41,"[0.6948979646954763, 0.28219115991762456]",-1,-1
7544,[0.78283775 0.35287937],75,8,"[0.782559314763462, 0.38675507962681555]",97,39
7545,[0.78308925 0.29467627],75,22,"[0.805104436152594, 0.30588484878908717]",97,-1
7546,[0.69508076 0.31082003],75,41,"[0.6948979646954763, 0.28219115991762456]",97,41
7547,[0.76959856 0.3338401 ],75,27,"[0.730818627555406, 0.3326871572147463]",97,-1
7548,[0.77873844 0.3983796 ],75,8,"[0.782559314763462, 0.38675507962681555]",97,39
7549,[0.78445878 0.39879868],75,8,"[0.782559314763462, 0.38675507962681555]",97,39
7550,[0.76091217 0.31949531],75,27,"[0.730818627555406, 0.3326871572147463]",97,-1
7551,[0.75769107 0.3458058 ],75,27,"[0.730818627555406, 0.3326871572147463]",97,-1
7552,[0.78714753 0.31486672],75,22,"[0.805104436152594, 0.30588484878908717]",97,-1
7553,[0.77370663 0.34738549],75,8,"[0.782559314763462, 0.38675507962681555]",97,39
7554,[0.86539335 0.30584396],75,51,"[0.8936687523122694, 0.3204806601756303]",97,26
7555,[0.82884013 0.30690342],75,22,"[0.805104436152594, 0.30588484878908717]",97,33
7556,[0.71431384 0.36100464],75,27,"[0.730818627555406, 0.3326871572147463]",97,-1
7557,[0.80517259 0.32058827],75,22,"[0.805104436152594, 0.30588484878908717]",97,32
7558,[0.78145243 0.28949871],75,22,"[0.805104436152594, 0.30588484878908717]",97,-1
7559,[0.71715152 0.28818065],75,41,"[0.6948979646954763, 0.28219115991762456]",97,-1
7560,[0.76975986 0.24639882],75,56,"[0.8000851730897747, 0.22264930918313394]",-1,-1
7561,[0.80070817 0.27421323],75,22,"[0.805104436152594, 0.30588484878908717]",-1,-1
7562,[0.77703771 0.27346645],75,22,"[0.805104436152594, 0.30588484878908717]",-1,-1
7563,[0.8599116  0.30093732],75,51,"[0.8936687523122694, 0.3204806601756303]",-1,-1
7564,[0.6358342  0.36353707],75,72,"[0.6275615005729838, 0.35242652332535]",97,30
7565,[0.69925784 0.22412722],75,76,"[0.662220941598272, 0.1974349218858984]",-1,-1
7566,[0.78261928 0.35477978],75,8,"[0.782559314763462, 0.38675507962681555]",97,39
7567,[0.76983084 0.39369619],75,8,"[0.782559314763462, 0.38675507962681555]",97,39
7568,[0.68300157 0.31223355],75,41,"[0.6948979646954763, 0.28219115991762456]",97,-1
7569,[0.78203392 0.33790576],75,22,"[0.805104436152594, 0.30588484878908717]",97,39
7570,[0.74960855 0.43260316],75,60,"[0.7203559462110392, 0.4062231169521756]",-1,-1
7571,[0.82348309 0.30113258],75,22,"[0.805104436152594, 0.30588484878908717]",-1,-1
7572,[0.75666786 0.3001017 ],75,27,"[0.730818627555406, 0.3326871572147463]",97,-1
7573,[0.79178751 0.30081185],75,22,"[0.805104436152594, 0.30588484878908717]",97,-1
7574,[0.76516142 0.2593061 ],75,56,"[0.8000851730897747, 0.22264930918313394]",-1,-1
7575,[0.76804582 0.2565766 ],75,56,"[0.8000851730897747, 0.22264930918313394]",-1,-1
7576,[0.8011558  0.38493677],75,8,"[0.782559314763462, 0.38675507962681555]",97,-1
7577,[0.79502146 0.29491301],75,22,"[0.805104436152594, 0.30588484878908717]",97,-1
7578,[0.73108499 0.3638    ],75,27,"[0.730818627555406, 0.3326871572147463]",97,-1
7579,[0.71169534 0.31929796],75,27,"[0.730818627555406, 0.3326871572147463]",97,41
7580,[0.7267966  0.29402167],75,41,"[0.6948979646954763, 0.28219115991762456]",97,-1
7581,[0.76143573 0.32902208],75,27,"[0.730818627555406, 0.3326871572147463]",97,-1
7582,[0.78220491 0.32660622],75,22,"[0.805104436152594, 0.30588484878908717]",97,-1
7583,[0.80297082 0.27075488],75,22,"[0.805104436152594, 0.30588484878908717]",69,-1
7584,[0.85574299 0.41677986],75,44,"[0.8589971214582324, 0.4394137560340503]",98,28
7585,[0.82035498 0.32504123],75,22,"[0.805104436152594, 0.30588484878908717]",97,-1
7586,[0.76677006 0.3767158 ],75,8,"[0.782559314763462, 0.38675507962681555]",97,39
7587,[0.75730136 0.36639198],75,8,"[0.782559314763462, 0.38675507962681555]",97,-1
7588,[0.83666164 0.32811288],75,22,"[0.805104436152594, 0.30588484878908717]",97,-1
7589,[0.67183473 0.26330177],75,41,"[0.6948979646954763, 0.28219115991762456]",88,-1
7590,[0.83578181 0.32101992],75,22,"[0.805104436152594, 0.30588484878908717]",97,33
7591,[0.81555248 0.28968302],75,22,"[0.805104436152594, 0.30588484878908717]",69,-1
7592,[0.78549512 0.34529384],75,8,"[0.782559314763462, 0.38675507962681555]",97,39
7593,[0.87397043 0.29968328],75,51,"[0.8936687523122694, 0.3204806601756303]",97,26
7594,[0.77473912 0.35682178],75,8,"[0.782559314763462, 0.38675507962681555]",97,39
7595,[0.75953668 0.20804475],75,57,"[0.7474414948084767, 0.18011984494893613]",-1,7
7596,[0.76900475 0.30489878],75,22,"[0.805104436152594, 0.30588484878908717]",97,36
7597,[0.72106263 0.30557444],75,27,"[0.730818627555406, 0.3326871572147463]",97,-1
7598,[0.76300219 0.25206796],75,56,"[0.8000851730897747, 0.22264930918313394]",-1,-1
7599,[0.86112477 0.35467731],75,24,"[0.864304877149764, 0.37840873327476937]",97,-1
7600,[0.14709794 0.85204414],76,2,"[0.18872072314872831, 0.8525011569850129]",117,-1
7601,[0.17400335 0.83181396],76,2,"[0.18872072314872831, 0.8525011569850129]",117,48
7602,[0.13195903 0.80680817],76,61,"[0.12285160813708297, 0.8107759494255373]",-1,-1
7603,[0.23667302 0.95646592],76,97,"[0.2436419246457856, 0.9257976702853096]",-1,-1
7604,[0.15577349 0.82381837],76,61,"[0.12285160813708297, 0.8107759494255373]",117,48
7605,[0.11908979 0.88797888],76,-1,-1,-1,-1
7606,[0.13944826 0.8375298 ],76,61,"[0.12285160813708297, 0.8107759494255373]",36,-1
7607,[0.19671659 0.83206802],76,2,"[0.18872072314872831, 0.8525011569850129]",117,-1
7608,[0.09388994 0.90082743],76,-1,-1,-1,-1
7609,[0.18619617 0.87158067],76,2,"[0.18872072314872831, 0.8525011569850129]",117,-1
7610,[0.15197438 0.86822819],76,2,"[0.18872072314872831, 0.8525011569850129]",-1,-1
7611,[0.23979826 0.80036553],76,73,"[0.21710138381515529, 0.7733240653788879]",117,-1
7612,[0.13638339 0.80588768],76,61,"[0.12285160813708297, 0.8107759494255373]",-1,-1
7613,[0.16367146 0.83021224],76,2,"[0.18872072314872831, 0.8525011569850129]",117,48
7614,[0.1605832  0.79567144],76,61,"[0.12285160813708297, 0.8107759494255373]",-1,-1
7615,[0.11719284 0.83004972],76,61,"[0.12285160813708297, 0.8107759494255373]",36,-1
7616,[0.21183193 0.89837116],76,97,"[0.2436419246457856, 0.9257976702853096]",-1,-1
7617,[0.200321   0.96125847],76,97,"[0.2436419246457856, 0.9257976702853096]",-1,-1
7618,[0.11119798 0.83620758],76,61,"[0.12285160813708297, 0.8107759494255373]",36,-1
7619,[0.20690977 0.86609702],76,2,"[0.18872072314872831, 0.8525011569850129]",-1,-1
7620,[0.16538412 0.89406311],76,2,"[0.18872072314872831, 0.8525011569850129]",20,-1
7621,[0.16494874 0.82621327],76,2,"[0.18872072314872831, 0.8525011569850129]",117,48
7622,[0.20257293 0.84192935],76,2,"[0.18872072314872831, 0.8525011569850129]",117,47
7623,[0.17876023 0.86521996],76,2,"[0.18872072314872831, 0.8525011569850129]",117,48
7624,[0.20925453 0.84015894],76,2,"[0.18872072314872831, 0.8525011569850129]",117,47
7625,[0.21397675 0.80136042],76,73,"[0.21710138381515529, 0.7733240653788879]",-1,-1
7626,[0.18462429 0.90166448],76,2,"[0.18872072314872831, 0.8525011569850129]",-1,-1
7627,[0.16483287 0.83185382],76,2,"[0.18872072314872831, 0.8525011569850129]",117,48
7628,[0.19472783 0.87294311],76,2,"[0.18872072314872831, 0.8525011569850129]",117,-1
7629,[0.13641784 0.90823444],76,-1,-1,-1,-1
7630,[0.19943137 0.87365038],76,2,"[0.18872072314872831, 0.8525011569850129]",117,-1
7631,[0.16789266 0.84039698],76,2,"[0.18872072314872831, 0.8525011569850129]",117,48
7632,[0.13345839 0.80287597],76,61,"[0.12285160813708297, 0.8107759494255373]",-1,-1
7633,[0.1336718  0.90271863],76,-1,-1,-1,-1
7634,[0.06270793 0.77503569],76,61,"[0.12285160813708297, 0.8107759494255373]",-1,-1
7635,[0.16195621 0.85387859],76,2,"[0.18872072314872831, 0.8525011569850129]",117,-1
7636,[0.21459302 0.82295571],76,2,"[0.18872072314872831, 0.8525011569850129]",117,47
7637,[0.23162003 0.9082833 ],76,97,"[0.2436419246457856, 0.9257976702853096]",-1,-1
7638,[0.10831951 0.80110759],76,61,"[0.12285160813708297, 0.8107759494255373]",-1,-1
7639,[0.1778601  0.84414009],76,2,"[0.18872072314872831, 0.8525011569850129]",117,48
7640,[0.14872591 0.84893392],76,2,"[0.18872072314872831, 0.8525011569850129]",117,-1
7641,[0.20823255 0.81819772],76,2,"[0.18872072314872831, 0.8525011569850129]",-1,-1
7642,[0.17935665 0.93309412],76,97,"[0.2436419246457856, 0.9257976702853096]",-1,-1
7643,[0.26582547 0.86467401],76,53,"[0.3257402588795542, 0.8780579715353399]",117,-1
7644,[0.23860586 0.80356572],76,73,"[0.21710138381515529, 0.7733240653788879]",117,-1
7645,[0.22366866 0.74993161],76,73,"[0.21710138381515529, 0.7733240653788879]",-1,-1
7646,[0.17956532 0.88233647],76,2,"[0.18872072314872831, 0.8525011569850129]",-1,-1
7647,[0.25240298 0.81230506],76,6,"[0.2864937659294625, 0.8061319185734634]",117,-1
7648,[0.24750862 0.85771757],76,2,"[0.18872072314872831, 0.8525011569850129]",117,43
7649,[0.11449949 0.80768467],76,61,"[0.12285160813708297, 0.8107759494255373]",-1,-1
7650,[0.13980753 0.76558226],76,61,"[0.12285160813708297, 0.8107759494255373]",-1,-1
7651,[0.18918699 0.92103405],76,97,"[0.2436419246457856, 0.9257976702853096]",-1,-1
7652,[0.15261767 0.86102614],76,2,"[0.18872072314872831, 0.8525011569850129]",117,-1
7653,[0.13364595 0.87754632],76,2,"[0.18872072314872831, 0.8525011569850129]",-1,-1
7654,[0.2171286  0.86326339],76,2,"[0.18872072314872831, 0.8525011569850129]",-1,-1
7655,[0.1610634  0.83655018],76,2,"[0.18872072314872831, 0.8525011569850129]",117,48
7656,[0.12738901 0.77911674],76,61,"[0.12285160813708297, 0.8107759494255373]",-1,-1
7657,[0.17251224 0.83777877],76,2,"[0.18872072314872831, 0.8525011569850129]",117,48
7658,[0.21423106 0.8303956 ],76,2,"[0.18872072314872831, 0.8525011569850129]",117,47
7659,[0.24803903 0.86095802],76,2,"[0.18872072314872831, 0.8525011569850129]",117,43
7660,[0.20435499 0.90311593],76,97,"[0.2436419246457856, 0.9257976702853096]",-1,-1
7661,[0.22332262 0.82330674],76,2,"[0.18872072314872831, 0.8525011569850129]",117,47
7662,[0.19379866 0.85442107],76,2,"[0.18872072314872831, 0.8525011569850129]",117,-1
7663,[0.14916941 0.82808757],76,61,"[0.12285160813708297, 0.8107759494255373]",117,-1
7664,[0.13117246 0.83863226],76,61,"[0.12285160813708297, 0.8107759494255373]",36,-1
7665,[0.1695854  0.87293948],76,2,"[0.18872072314872831, 0.8525011569850129]",117,48
7666,[0.18618907 0.85181987],76,2,"[0.18872072314872831, 0.8525011569850129]",117,48
7667,[0.20808736 0.84119875],76,2,"[0.18872072314872831, 0.8525011569850129]",117,47
7668,[0.17064381 0.82047138],76,2,"[0.18872072314872831, 0.8525011569850129]",-1,-1
7669,[0.15256635 0.84604892],76,2,"[0.18872072314872831, 0.8525011569850129]",117,-1
7670,[0.14628796 0.8638082 ],76,2,"[0.18872072314872831, 0.8525011569850129]",117,-1
7671,[0.15653881 0.82606995],76,61,"[0.12285160813708297, 0.8107759494255373]",117,48
7672,[0.12489868 0.83734478],76,61,"[0.12285160813708297, 0.8107759494255373]",36,-1
7673,[0.20315545 0.83618922],76,2,"[0.18872072314872831, 0.8525011569850129]",117,47
7674,[0.18553712 0.75933588],76,73,"[0.21710138381515529, 0.7733240653788879]",44,-1
7675,[0.18923486 0.80911899],76,2,"[0.18872072314872831, 0.8525011569850129]",117,35
7676,[0.11197456 0.84801697],76,61,"[0.12285160813708297, 0.8107759494255373]",-1,-1
7677,[0.23102955 0.83804684],76,2,"[0.18872072314872831, 0.8525011569850129]",117,-1
7678,[0.12960837 0.86662393],76,61,"[0.12285160813708297, 0.8107759494255373]",-1,-1
7679,[0.19895388 0.80665347],76,73,"[0.21710138381515529, 0.7733240653788879]",117,35
7680,[0.11943928 0.81246118],76,61,"[0.12285160813708297, 0.8107759494255373]",-1,-1
7681,[0.14033992 0.88107538],76,2,"[0.18872072314872831, 0.8525011569850129]",-1,-1
7682,[0.1832384  0.85496194],76,2,"[0.18872072314872831, 0.8525011569850129]",117,48
7683,[0.1582707  0.85329261],76,2,"[0.18872072314872831, 0.8525011569850129]",117,48
7684,[0.14176083 0.81246322],76,61,"[0.12285160813708297, 0.8107759494255373]",-1,-1
7685,[0.1510373 0.7790582],76,61,"[0.12285160813708297, 0.8107759494255373]",-1,-1
7686,[0.27960354 0.79693918],76,6,"[0.2864937659294625, 0.8061319185734634]",117,-1
7687,[0.20004146 0.84269505],76,2,"[0.18872072314872831, 0.8525011569850129]",117,47
7688,[0.16593202 0.86266813],76,2,"[0.18872072314872831, 0.8525011569850129]",117,-1
7689,[0.23698762 0.80805495],76,73,"[0.21710138381515529, 0.7733240653788879]",117,-1
7690,[0.15405847 0.90248593],76,2,"[0.18872072314872831, 0.8525011569850129]",20,-1
7691,[0.17505683 0.87950709],76,2,"[0.18872072314872831, 0.8525011569850129]",117,-1
7692,[0.16162334 0.78796151],76,61,"[0.12285160813708297, 0.8107759494255373]",-1,-1
7693,[0.20894981 0.78246757],76,73,"[0.21710138381515529, 0.7733240653788879]",-1,-1
7694,[0.06066434 0.78439831],76,61,"[0.12285160813708297, 0.8107759494255373]",-1,-1
7695,[0.16653561 0.83465709],76,2,"[0.18872072314872831, 0.8525011569850129]",117,48
7696,[0.12460088 0.83452545],76,61,"[0.12285160813708297, 0.8107759494255373]",36,-1
7697,[0.1489064  0.80556105],76,61,"[0.12285160813708297, 0.8107759494255373]",-1,-1
7698,[0.12206834 0.83211363],76,61,"[0.12285160813708297, 0.8107759494255373]",36,-1
7699,[0.18486631 0.84159322],76,2,"[0.18872072314872831, 0.8525011569850129]",117,-1
7700,[0.77562562 0.74620199],77,1,"[0.7484771342575616, 0.7179286626976465]",109,62
7701,[0.7372073  0.70048337],77,1,"[0.7484771342575616, 0.7179286626976465]",109,-1
7702,[0.82634557 0.69229759],77,12,"[0.8137791995140147, 0.719758767835923]",109,-1
7703,[0.6916234  0.77930058],77,43,"[0.7124452149283717, 0.7959059325724773]",-1,-1
7704,[0.75415876 0.85504874],77,87,"[0.7709981175814148, 0.8594636046327088]",-1,-1
7705,[0.78055991 0.74662651],77,12,"[0.8137791995140147, 0.719758767835923]",109,62
7706,[0.73507959 0.68742379],77,1,"[0.7484771342575616, 0.7179286626976465]",109,-1
7707,[0.83871221 0.75598527],77,11,"[0.8200748460394902, 0.7883124729475122]",109,-1
7708,[0.79277572 0.71832299],77,12,"[0.8137791995140147, 0.719758767835923]",109,-1
7709,[0.7029977  0.61868074],77,47,"[0.6479473958146146, 0.5918281279427561]",-1,-1
7710,[0.7806312  0.76823134],77,11,"[0.8200748460394902, 0.7883124729475122]",109,62
7711,[0.77490282 0.71898678],77,1,"[0.7484771342575616, 0.7179286626976465]",109,62
7712,[0.78022345 0.73849321],77,1,"[0.7484771342575616, 0.7179286626976465]",109,-1
7713,[0.70278101 0.70198818],77,26,"[0.6720960040209921, 0.6796090225497248]",109,-1
7714,[0.72293259 0.73425662],77,1,"[0.7484771342575616, 0.7179286626976465]",109,56
7715,[0.77229867 0.77636344],77,11,"[0.8200748460394902, 0.7883124729475122]",109,-1
7716,[0.74469971 0.6954668 ],77,1,"[0.7484771342575616, 0.7179286626976465]",109,-1
7717,[0.72291114 0.66339717],77,26,"[0.6720960040209921, 0.6796090225497248]",109,-1
7718,[0.72049766 0.66031627],77,26,"[0.6720960040209921, 0.6796090225497248]",109,-1
7719,[0.77842902 0.76469393],77,11,"[0.8200748460394902, 0.7883124729475122]",109,62
7720,[0.7892053  0.78962767],77,11,"[0.8200748460394902, 0.7883124729475122]",109,-1
7721,[0.69198809 0.71188997],77,26,"[0.6720960040209921, 0.6796090225497248]",109,46
7722,[0.67427106 0.72375807],77,26,"[0.6720960040209921, 0.6796090225497248]",-1,-1
7723,[0.80445821 0.75921352],77,11,"[0.8200748460394902, 0.7883124729475122]",109,62
7724,[0.81982229 0.70693408],77,12,"[0.8137791995140147, 0.719758767835923]",109,-1
7725,[0.77872623 0.75811676],77,1,"[0.7484771342575616, 0.7179286626976465]",109,62
7726,[0.81327436 0.74620201],77,12,"[0.8137791995140147, 0.719758767835923]",109,62
7727,[0.77403904 0.78817027],77,11,"[0.8200748460394902, 0.7883124729475122]",109,-1
7728,[0.70830108 0.70643703],77,1,"[0.7484771342575616, 0.7179286626976465]",109,-1
7729,[0.81641439 0.73357148],77,12,"[0.8137791995140147, 0.719758767835923]",109,-1
7730,[0.80785455 0.7841587 ],77,11,"[0.8200748460394902, 0.7883124729475122]",109,62
7731,[0.86648817 0.73034105],77,54,"[0.8963029023131598, 0.7251847725408818]",-1,-1
7732,[0.80132816 0.77565028],77,11,"[0.8200748460394902, 0.7883124729475122]",109,62
7733,[0.79016538 0.70114614],77,12,"[0.8137791995140147, 0.719758767835923]",109,62
7734,[0.73377318 0.68981573],77,1,"[0.7484771342575616, 0.7179286626976465]",109,-1
7735,[0.76038327 0.72841963],77,1,"[0.7484771342575616, 0.7179286626976465]",109,-1
7736,[0.78023772 0.70840565],77,1,"[0.7484771342575616, 0.7179286626976465]",109,62
7737,[0.69957116 0.66057379],77,26,"[0.6720960040209921, 0.6796090225497248]",-1,-1
7738,[0.73546655 0.72342743],77,1,"[0.7484771342575616, 0.7179286626976465]",109,-1
7739,[0.78366078 0.68868839],77,12,"[0.8137791995140147, 0.719758767835923]",109,62
7740,[0.78658393 0.71985645],77,12,"[0.8137791995140147, 0.719758767835923]",109,62
7741,[0.75446407 0.66740327],77,25,"[0.7860674509871751, 0.6421376783027304]",109,52
7742,[0.75779541 0.75549796],77,1,"[0.7484771342575616, 0.7179286626976465]",109,62
7743,[0.79249322 0.73160503],77,12,"[0.8137791995140147, 0.719758767835923]",109,-1
7744,[0.76930646 0.76126776],77,1,"[0.7484771342575616, 0.7179286626976465]",109,62
7745,[0.75218617 0.75821546],77,1,"[0.7484771342575616, 0.7179286626976465]",109,62
7746,[0.81580396 0.66666316],77,25,"[0.7860674509871751, 0.6421376783027304]",109,-1
7747,[0.91289242 0.76627071],77,54,"[0.8963029023131598, 0.7251847725408818]",-1,-1
7748,[0.75528207 0.63603676],77,25,"[0.7860674509871751, 0.6421376783027304]",-1,-1
7749,[0.80478841 0.78605028],77,11,"[0.8200748460394902, 0.7883124729475122]",109,-1
7750,[0.79046493 0.75517781],77,12,"[0.8137791995140147, 0.719758767835923]",109,62
7751,[0.83821937 0.71991573],77,12,"[0.8137791995140147, 0.719758767835923]",109,-1
7752,[0.68611824 0.73266503],77,26,"[0.6720960040209921, 0.6796090225497248]",109,-1
7753,[0.81289468 0.69268733],77,12,"[0.8137791995140147, 0.719758767835923]",109,-1
7754,[0.76881502 0.74929594],77,1,"[0.7484771342575616, 0.7179286626976465]",109,62
7755,[0.79198523 0.70799483],77,12,"[0.8137791995140147, 0.719758767835923]",109,62
7756,[0.77094118 0.62195462],77,25,"[0.7860674509871751, 0.6421376783027304]",-1,-1
7757,[0.75778732 0.79106591],77,43,"[0.7124452149283717, 0.7959059325724773]",-1,-1
7758,[0.7672043 0.7317447],77,1,"[0.7484771342575616, 0.7179286626976465]",109,62
7759,[0.73612694 0.76086003],77,43,"[0.7124452149283717, 0.7959059325724773]",109,-1
7760,[0.75708551 0.70014853],77,1,"[0.7484771342575616, 0.7179286626976465]",109,-1
7761,[0.74450127 0.67830286],77,1,"[0.7484771342575616, 0.7179286626976465]",109,-1
7762,[0.80543393 0.67752923],77,25,"[0.7860674509871751, 0.6421376783027304]",109,-1
7763,[0.78634786 0.74495887],77,12,"[0.8137791995140147, 0.719758767835923]",109,-1
7764,[0.78497813 0.70625773],77,12,"[0.8137791995140147, 0.719758767835923]",109,62
7765,[0.74796022 0.68910992],77,1,"[0.7484771342575616, 0.7179286626976465]",109,-1
7766,[0.70668016 0.7101114 ],77,1,"[0.7484771342575616, 0.7179286626976465]",109,46
7767,[0.81295094 0.69970213],77,12,"[0.8137791995140147, 0.719758767835923]",109,-1
7768,[0.79568162 0.69305035],77,12,"[0.8137791995140147, 0.719758767835923]",109,-1
7769,[0.75236675 0.65087048],77,25,"[0.7860674509871751, 0.6421376783027304]",109,-1
7770,[0.75977301 0.75173333],77,1,"[0.7484771342575616, 0.7179286626976465]",109,62
7771,[0.72054729 0.65944523],77,26,"[0.6720960040209921, 0.6796090225497248]",109,-1
7772,[0.8000393  0.67048172],77,25,"[0.7860674509871751, 0.6421376783027304]",109,-1
7773,[0.82184639 0.70853419],77,12,"[0.8137791995140147, 0.719758767835923]",109,-1
7774,[0.79612702 0.7576233 ],77,11,"[0.8200748460394902, 0.7883124729475122]",109,62
7775,[0.7727463  0.65424397],77,25,"[0.7860674509871751, 0.6421376783027304]",109,-1
7776,[0.78288878 0.78840962],77,11,"[0.8200748460394902, 0.7883124729475122]",109,-1
7777,[0.73602063 0.69812778],77,1,"[0.7484771342575616, 0.7179286626976465]",109,-1
7778,[0.7506532  0.71425748],77,1,"[0.7484771342575616, 0.7179286626976465]",109,-1
7779,[0.74286514 0.70966252],77,1,"[0.7484771342575616, 0.7179286626976465]",109,-1
7780,[0.72860417 0.74310232],77,1,"[0.7484771342575616, 0.7179286626976465]",109,-1
7781,[0.80180642 0.73874148],77,12,"[0.8137791995140147, 0.719758767835923]",109,62
7782,[0.7004707  0.76364509],77,43,"[0.7124452149283717, 0.7959059325724773]",109,-1
7783,[0.85079843 0.68993987],77,12,"[0.8137791995140147, 0.719758767835923]",-1,-1
7784,[0.81889738 0.70302088],77,12,"[0.8137791995140147, 0.719758767835923]",109,-1
7785,[0.70006752 0.73134153],77,1,"[0.7484771342575616, 0.7179286626976465]",109,-1
7786,[0.72138804 0.79541153],77,43,"[0.7124452149283717, 0.7959059325724773]",109,-1
7787,[0.74367559 0.73787734],77,1,"[0.7484771342575616, 0.7179286626976465]",109,62
7788,[0.78907852 0.68075817],77,25,"[0.7860674509871751, 0.6421376783027304]",109,-1
7789,[0.82688135 0.7314369 ],77,12,"[0.8137791995140147, 0.719758767835923]",109,61
7790,[0.76464133 0.72445596],77,1,"[0.7484771342575616, 0.7179286626976465]",109,62
7791,[0.78372921 0.75572769],77,12,"[0.8137791995140147, 0.719758767835923]",109,62
7792,[0.80315396 0.68227767],77,12,"[0.8137791995140147, 0.719758767835923]",109,-1
7793,[0.71963628 0.73395212],77,1,"[0.7484771342575616, 0.7179286626976465]",109,56
7794,[0.839658   0.76557538],77,11,"[0.8200748460394902, 0.7883124729475122]",109,60
7795,[0.82449965 0.75732936],77,11,"[0.8200748460394902, 0.7883124729475122]",-1,-1
7796,[0.78906569 0.76773169],77,11,"[0.8200748460394902, 0.7883124729475122]",109,62
7797,[0.75398041 0.65890283],77,25,"[0.7860674509871751, 0.6421376783027304]",109,52
7798,[0.79105626 0.71560402],77,12,"[0.8137791995140147, 0.719758767835923]",109,-1
7799,[0.67554977 0.74374712],77,33,"[0.6312009655286229, 0.7427811490324232]",109,-1
7800,[0.39659016 0.31667921],78,13,"[0.39947133599624457, 0.3634561327160814]",114,-1
7801,[0.45461154 0.3599331 ],78,55,"[0.4911189724579566, 0.36032847748337926]",-1,-1
7802,[0.45861052 0.24889672],78,49,"[0.49260039765631497, 0.2531771469431645]",-1,-1
7803,[0.40406539 0.27107676],78,19,"[0.4108955753998655, 0.21032591711406007]",-1,-1
7804,[0.43751708 0.29709053],78,-1,-1,-1,-1
7805,[0.47357256 0.25224598],78,49,"[0.49260039765631497, 0.2531771469431645]",-1,-1
7806,[0.46065271 0.29613529],78,49,"[0.49260039765631497, 0.2531771469431645]",-1,-1
7807,[0.40356976 0.32156809],78,13,"[0.39947133599624457, 0.3634561327160814]",114,-1
7808,[0.40349392 0.32532153],78,13,"[0.39947133599624457, 0.3634561327160814]",114,-1
7809,[0.45080318 0.32281458],78,55,"[0.4911189724579566, 0.36032847748337926]",52,-1
7810,[0.47059203 0.24707862],78,49,"[0.49260039765631497, 0.2531771469431645]",-1,-1
7811,[0.55701678 0.31280812],78,68,"[0.5611136858449972, 0.3328599094297703]",-1,-1
7812,[0.42392043 0.39141507],78,13,"[0.39947133599624457, 0.3634561327160814]",114,71
7813,[0.37714018 0.26093696],78,31,"[0.3442046468432694, 0.303512725044185]",-1,-1
7814,[0.45623416 0.33976574],78,55,"[0.4911189724579566, 0.36032847748337926]",-1,-1
7815,[0.54317159 0.3200234 ],78,68,"[0.5611136858449972, 0.3328599094297703]",37,-1
7816,[0.40765104 0.32153953],78,13,"[0.39947133599624457, 0.3634561327160814]",-1,-1
7817,[0.41545853 0.30729349],78,13,"[0.39947133599624457, 0.3634561327160814]",114,-1
7818,[0.34002314 0.4211461 ],78,39,"[0.3669055865255626, 0.44498159830625134]",114,-1
7819,[0.46002224 0.32856701],78,55,"[0.4911189724579566, 0.36032847748337926]",52,-1
7820,[0.44814071 0.35543439],78,55,"[0.4911189724579566, 0.36032847748337926]",-1,-1
7821,[0.40153233 0.29572678],78,31,"[0.3442046468432694, 0.303512725044185]",-1,-1
7822,[0.32969958 0.33891729],78,31,"[0.3442046468432694, 0.303512725044185]",114,-1
7823,[0.3949552 0.3045626],78,31,"[0.3442046468432694, 0.303512725044185]",-1,-1
7824,[0.48969722 0.32182792],78,55,"[0.4911189724579566, 0.36032847748337926]",-1,-1
7825,[0.39023682 0.3912864 ],78,13,"[0.39947133599624457, 0.3634561327160814]",-1,-1
7826,[0.45607572 0.22194172],78,19,"[0.4108955753998655, 0.21032591711406007]",-1,-1
7827,[0.45401127 0.37880275],78,55,"[0.4911189724579566, 0.36032847748337926]",114,-1
7828,[0.45029084 0.32433535],78,55,"[0.4911189724579566, 0.36032847748337926]",52,-1
7829,[0.53130054 0.31342658],78,68,"[0.5611136858449972, 0.3328599094297703]",-1,-1
7830,[0.41463935 0.39319009],78,13,"[0.39947133599624457, 0.3634561327160814]",114,71
7831,[0.48911777 0.33641374],78,55,"[0.4911189724579566, 0.36032847748337926]",-1,-1
7832,[0.46718116 0.28028857],78,49,"[0.49260039765631497, 0.2531771469431645]",-1,-1
7833,[0.37172475 0.29420203],78,31,"[0.3442046468432694, 0.303512725044185]",114,-1
7834,[0.42811998 0.26908739],78,19,"[0.4108955753998655, 0.21032591711406007]",-1,-1
7835,[0.39915557 0.26987466],78,19,"[0.4108955753998655, 0.21032591711406007]",-1,-1
7836,[0.39362766 0.32193034],78,13,"[0.39947133599624457, 0.3634561327160814]",114,-1
7837,[0.43991675 0.37664741],78,13,"[0.39947133599624457, 0.3634561327160814]",114,71
7838,[0.40471856 0.33287509],78,13,"[0.39947133599624457, 0.3634561327160814]",-1,-1
7839,[0.44486462 0.36931421],78,13,"[0.39947133599624457, 0.3634561327160814]",114,-1
7840,[0.4990159  0.29094889],78,49,"[0.49260039765631497, 0.2531771469431645]",-1,-1
7841,[0.38392844 0.44222908],78,39,"[0.3669055865255626, 0.44498159830625134]",114,75
7842,[0.4295016  0.35693814],78,13,"[0.39947133599624457, 0.3634561327160814]",-1,-1
7843,[0.52558542 0.37517812],78,55,"[0.4911189724579566, 0.36032847748337926]",92,-1
7844,[0.40173912 0.36366799],78,13,"[0.39947133599624457, 0.3634561327160814]",-1,-1
7845,[0.46597847 0.34866018],78,55,"[0.4911189724579566, 0.36032847748337926]",52,-1
7846,[0.35361163 0.32532043],78,31,"[0.3442046468432694, 0.303512725044185]",114,-1
7847,[0.5008916  0.34320009],78,55,"[0.4911189724579566, 0.36032847748337926]",-1,-1
7848,[0.41449522 0.31129028],78,13,"[0.39947133599624457, 0.3634561327160814]",114,-1
7849,[0.46303735 0.31033316],78,55,"[0.4911189724579566, 0.36032847748337926]",-1,-1
7850,[0.4226029  0.28788903],78,-1,-1,-1,-1
7851,[0.36031252 0.35219542],78,13,"[0.39947133599624457, 0.3634561327160814]",114,-1
7852,[0.48692504 0.39269266],78,55,"[0.4911189724579566, 0.36032847748337926]",94,19
7853,[0.43215077 0.30076119],78,-1,-1,-1,-1
7854,[0.39939309 0.35223832],78,13,"[0.39947133599624457, 0.3634561327160814]",114,-1
7855,[0.48429254 0.38349824],78,55,"[0.4911189724579566, 0.36032847748337926]",94,19
7856,[0.4052476  0.32120499],78,13,"[0.39947133599624457, 0.3634561327160814]",114,-1
7857,[0.43028878 0.29790875],78,-1,-1,-1,-1
7858,[0.49028478 0.27887993],78,49,"[0.49260039765631497, 0.2531771469431645]",23,-1
7859,[0.43505961 0.2473851 ],78,19,"[0.4108955753998655, 0.21032591711406007]",29,-1
7860,[0.43308855 0.29797713],78,-1,-1,-1,-1
7861,[0.39588377 0.31013774],78,31,"[0.3442046468432694, 0.303512725044185]",-1,-1
7862,[0.36352244 0.31391807],78,31,"[0.3442046468432694, 0.303512725044185]",114,-1
7863,[0.33481029 0.27402105],78,31,"[0.3442046468432694, 0.303512725044185]",-1,-1
7864,[0.42090472 0.3181687 ],78,13,"[0.39947133599624457, 0.3634561327160814]",-1,-1
7865,[0.41868635 0.37754568],78,13,"[0.39947133599624457, 0.3634561327160814]",114,71
7866,[0.43331127 0.33704896],78,13,"[0.39947133599624457, 0.3634561327160814]",-1,-1
7867,[0.56374276 0.34760081],78,68,"[0.5611136858449972, 0.3328599094297703]",92,-1
7868,[0.42009254 0.33526461],78,13,"[0.39947133599624457, 0.3634561327160814]",-1,-1
7869,[0.42496679 0.30544354],78,13,"[0.39947133599624457, 0.3634561327160814]",-1,-1
7870,[0.47376123 0.3117488 ],78,55,"[0.4911189724579566, 0.36032847748337926]",-1,-1
7871,[0.48835495 0.30153461],78,49,"[0.49260039765631497, 0.2531771469431645]",-1,-1
7872,[0.41213756 0.30202661],78,13,"[0.39947133599624457, 0.3634561327160814]",-1,-1
7873,[0.46079889 0.30021917],78,49,"[0.49260039765631497, 0.2531771469431645]",-1,-1
7874,[0.4383795  0.26650512],78,49,"[0.49260039765631497, 0.2531771469431645]",29,-1
7875,[0.48730856 0.37191372],78,55,"[0.4911189724579566, 0.36032847748337926]",-1,-1
7876,[0.39709441 0.35577623],78,13,"[0.39947133599624457, 0.3634561327160814]",114,-1
7877,[0.45080148 0.31970024],78,55,"[0.4911189724579566, 0.36032847748337926]",-1,-1
7878,[0.47798744 0.33222226],78,55,"[0.4911189724579566, 0.36032847748337926]",-1,-1
7879,[0.49742945 0.39246913],78,55,"[0.4911189724579566, 0.36032847748337926]",94,19
7880,[0.39938069 0.34631621],78,13,"[0.39947133599624457, 0.3634561327160814]",114,-1
7881,[0.46627184 0.4264843 ],78,46,"[0.4417948344818715, 0.4376736545727672]",-1,-1
7882,[0.39590714 0.33100184],78,13,"[0.39947133599624457, 0.3634561327160814]",114,-1
7883,[0.44625485 0.26652768],78,49,"[0.49260039765631497, 0.2531771469431645]",-1,-1
7884,[0.47430197 0.29562929],78,49,"[0.49260039765631497, 0.2531771469431645]",-1,-1
7885,[0.40399468 0.38245618],78,13,"[0.39947133599624457, 0.3634561327160814]",114,71
7886,[0.43159369 0.27430666],78,49,"[0.49260039765631497, 0.2531771469431645]",-1,-1
7887,[0.46608978 0.36706779],78,55,"[0.4911189724579566, 0.36032847748337926]",-1,-1
7888,[0.39130545 0.24871569],78,19,"[0.4108955753998655, 0.21032591711406007]",-1,-1
7889,[0.4176103  0.38465671],78,13,"[0.39947133599624457, 0.3634561327160814]",114,71
7890,[0.48060895 0.35360102],78,55,"[0.4911189724579566, 0.36032847748337926]",52,-1
7891,[0.46785672 0.33370481],78,55,"[0.4911189724579566, 0.36032847748337926]",52,-1
7892,[0.46487038 0.33944086],78,55,"[0.4911189724579566, 0.36032847748337926]",52,-1
7893,[0.37054235 0.25648553],78,31,"[0.3442046468432694, 0.303512725044185]",100,16
7894,[0.46188254 0.31735587],78,55,"[0.4911189724579566, 0.36032847748337926]",-1,-1
7895,[0.37688329 0.3423309 ],78,13,"[0.39947133599624457, 0.3634561327160814]",-1,-1
7896,[0.43680725 0.31722347],78,13,"[0.39947133599624457, 0.3634561327160814]",-1,-1
7897,[0.42302118 0.41527522],78,46,"[0.4417948344818715, 0.4376736545727672]",114,-1
7898,[0.39297042 0.28339116],78,31,"[0.3442046468432694, 0.303512725044185]",-1,-1
7899,[0.42419163 0.32916826],78,13,"[0.39947133599624457, 0.3634561327160814]",-1,-1
7900,[0.49601656 0.62263205],79,15,"[0.5005882845969348, 0.6071157673844066]",117,-1
7901,[0.54097005 0.49491233],79,62,"[0.5599812286976242, 0.5191315092027347]",82,-1
7902,[0.43055874 0.52141386],79,29,"[0.4203507518330517, 0.5402216776416098]",-1,-1
7903,[0.48881902 0.60470487],79,15,"[0.5005882845969348, 0.6071157673844066]",105,-1
7904,[0.45747838 0.54885979],79,29,"[0.4203507518330517, 0.5402216776416098]",117,96
7905,[0.52874483 0.61352884],79,15,"[0.5005882845969348, 0.6071157673844066]",117,53
7906,[0.4294743  0.52399266],79,29,"[0.4203507518330517, 0.5402216776416098]",117,-1
7907,[0.53635438 0.61482884],79,15,"[0.5005882845969348, 0.6071157673844066]",117,-1
7908,[0.47575245 0.53710583],79,28,"[0.4883199384691489, 0.5133386333280389]",117,-1
7909,[0.47492416 0.60669088],79,15,"[0.5005882845969348, 0.6071157673844066]",105,-1
7910,[0.45705669 0.57897156],79,23,"[0.42263643503799797, 0.6161205416303672]",117,-1
7911,[0.45006969 0.57287304],79,29,"[0.4203507518330517, 0.5402216776416098]",117,96
7912,[0.47584522 0.49503361],79,28,"[0.4883199384691489, 0.5133386333280389]",-1,-1
7913,[0.51533529 0.5411332 ],79,28,"[0.4883199384691489, 0.5133386333280389]",116,-1
7914,[0.51658664 0.50801969],79,28,"[0.4883199384691489, 0.5133386333280389]",-1,-1
7915,[0.52951929 0.46533492],79,81,"[0.5486595324958304, 0.45111899886780193]",-1,-1
7916,[0.4631071  0.54123022],79,28,"[0.4883199384691489, 0.5133386333280389]",117,96
7917,[0.59552013 0.52805264],79,69,"[0.5968891560771225, 0.5507363423930021]",73,-1
7918,[0.50960192 0.57916865],79,15,"[0.5005882845969348, 0.6071157673844066]",117,73
7919,[0.52026221 0.53839328],79,28,"[0.4883199384691489, 0.5133386333280389]",116,-1
7920,[0.57086858 0.54736869],79,69,"[0.5968891560771225, 0.5507363423930021]",-1,-1
7921,[0.5353886  0.55316932],79,62,"[0.5599812286976242, 0.5191315092027347]",-1,-1
7922,[0.52872347 0.5251311 ],79,62,"[0.5599812286976242, 0.5191315092027347]",82,-1
7923,[0.49684154 0.53391055],79,28,"[0.4883199384691489, 0.5133386333280389]",117,-1
7924,[0.55692217 0.47511923],79,81,"[0.5486595324958304, 0.45111899886780193]",-1,-1
7925,[0.51792065 0.4667809 ],79,81,"[0.5486595324958304, 0.45111899886780193]",-1,-1
7926,[0.41180801 0.58296969],79,23,"[0.42263643503799797, 0.6161205416303672]",117,100
7927,[0.52141252 0.60203121],79,15,"[0.5005882845969348, 0.6071157673844066]",-1,-1
7928,[0.55279701 0.53393949],79,62,"[0.5599812286976242, 0.5191315092027347]",-1,-1
7929,[0.5042698 0.6057971],79,15,"[0.5005882845969348, 0.6071157673844066]",-1,-1
7930,[0.48524444 0.48521568],79,28,"[0.4883199384691489, 0.5133386333280389]",79,27
7931,[0.49663091 0.53635187],79,28,"[0.4883199384691489, 0.5133386333280389]",117,-1
7932,[0.47069182 0.58530211],79,15,"[0.5005882845969348, 0.6071157673844066]",-1,-1
7933,[0.46380979 0.46962542],79,46,"[0.4417948344818715, 0.4376736545727672]",-1,-1
7934,[0.52169263 0.549671  ],79,62,"[0.5599812286976242, 0.5191315092027347]",-1,-1
7935,[0.4939003  0.56702855],79,15,"[0.5005882845969348, 0.6071157673844066]",117,73
7936,[0.50492135 0.39245296],79,71,"[0.5256853689354785, 0.4139886337990054]",94,-1
7937,[0.49750208 0.55440299],79,28,"[0.4883199384691489, 0.5133386333280389]",-1,-1
7938,[0.53889692 0.46476945],79,81,"[0.5486595324958304, 0.45111899886780193]",-1,-1
7939,[0.48590344 0.57648895],79,15,"[0.5005882845969348, 0.6071157673844066]",-1,-1
7940,[0.44177709 0.50076084],79,29,"[0.4203507518330517, 0.5402216776416098]",117,-1
7941,[0.47981512 0.54041991],79,28,"[0.4883199384691489, 0.5133386333280389]",117,96
7942,[0.53514687 0.53859485],79,62,"[0.5599812286976242, 0.5191315092027347]",-1,-1
7943,[0.48277411 0.6056471 ],79,15,"[0.5005882845969348, 0.6071157673844066]",105,-1
7944,[0.55628402 0.52690244],79,62,"[0.5599812286976242, 0.5191315092027347]",-1,-1
7945,[0.52611355 0.5649734 ],79,15,"[0.5005882845969348, 0.6071157673844066]",-1,-1
7946,[0.57176788 0.51498986],79,62,"[0.5599812286976242, 0.5191315092027347]",73,18
7947,[0.44117345 0.51865528],79,29,"[0.4203507518330517, 0.5402216776416098]",-1,-1
7948,[0.45921184 0.56973476],79,29,"[0.4203507518330517, 0.5402216776416098]",117,96
7949,[0.49677864 0.56866692],79,15,"[0.5005882845969348, 0.6071157673844066]",117,-1
7950,[0.45773374 0.58229688],79,23,"[0.42263643503799797, 0.6161205416303672]",117,-1
7951,[0.51615198 0.51280731],79,28,"[0.4883199384691489, 0.5133386333280389]",-1,-1
7952,[0.50679631 0.57808736],79,15,"[0.5005882845969348, 0.6071157673844066]",117,73
7953,[0.43182747 0.59616768],79,23,"[0.42263643503799797, 0.6161205416303672]",117,-1
7954,[0.47739681 0.50508355],79,28,"[0.4883199384691489, 0.5133386333280389]",117,-1
7955,[0.5373248  0.63100568],79,15,"[0.5005882845969348, 0.6071157673844066]",117,53
7956,[0.54831058 0.62230191],79,10,"[0.5824848627859263, 0.649655537749642]",117,-1
7957,[0.50050399 0.53887046],79,28,"[0.4883199384691489, 0.5133386333280389]",117,-1
7958,[0.53977469 0.49908583],79,62,"[0.5599812286976242, 0.5191315092027347]",82,-1
7959,[0.55270087 0.5158803 ],79,62,"[0.5599812286976242, 0.5191315092027347]",82,-1
7960,[0.52815361 0.52844862],79,62,"[0.5599812286976242, 0.5191315092027347]",82,-1
7961,[0.52417223 0.59092842],79,15,"[0.5005882845969348, 0.6071157673844066]",-1,-1
7962,[0.4709595  0.56480227],79,15,"[0.5005882845969348, 0.6071157673844066]",-1,-1
7963,[0.48063662 0.52319713],79,28,"[0.4883199384691489, 0.5133386333280389]",117,-1
7964,[0.46653616 0.5868153 ],79,15,"[0.5005882845969348, 0.6071157673844066]",-1,-1
7965,[0.48067788 0.55224289],79,28,"[0.4883199384691489, 0.5133386333280389]",117,-1
7966,[0.48754033 0.54163703],79,28,"[0.4883199384691489, 0.5133386333280389]",117,96
7967,[0.51891403 0.58213152],79,15,"[0.5005882845969348, 0.6071157673844066]",117,73
7968,[0.54382052 0.5202328 ],79,62,"[0.5599812286976242, 0.5191315092027347]",82,-1
7969,[0.51473588 0.56255145],79,15,"[0.5005882845969348, 0.6071157673844066]",-1,-1
7970,[0.54055784 0.63561946],79,10,"[0.5824848627859263, 0.649655537749642]",117,53
7971,[0.4489766  0.55331436],79,29,"[0.4203507518330517, 0.5402216776416098]",117,96
7972,[0.505173   0.56391975],79,15,"[0.5005882845969348, 0.6071157673844066]",117,-1
7973,[0.49514955 0.57082136],79,15,"[0.5005882845969348, 0.6071157673844066]",117,-1
7974,[0.48070808 0.55084369],79,28,"[0.4883199384691489, 0.5133386333280389]",-1,73
7975,[0.47181004 0.59188882],79,15,"[0.5005882845969348, 0.6071157673844066]",117,-1
7976,[0.40366427 0.6035606 ],79,23,"[0.42263643503799797, 0.6161205416303672]",117,-1
7977,[0.57613154 0.428005  ],79,90,"[0.5744278595660413, 0.41353866422944313]",95,-1
7978,[0.49196561 0.56576582],79,15,"[0.5005882845969348, 0.6071157673844066]",117,73
7979,[0.51520306 0.57495116],79,15,"[0.5005882845969348, 0.6071157673844066]",117,73
7980,[0.47967103 0.51149157],79,28,"[0.4883199384691489, 0.5133386333280389]",117,-1
7981,[0.53662964 0.52522788],79,62,"[0.5599812286976242, 0.5191315092027347]",82,-1
7982,[0.53561062 0.54604774],79,62,"[0.5599812286976242, 0.5191315092027347]",-1,-1
7983,[0.49131043 0.53933108],79,28,"[0.4883199384691489, 0.5133386333280389]",117,-1
7984,[0.49260832 0.49987526],79,28,"[0.4883199384691489, 0.5133386333280389]",117,-1
7985,[0.53930062 0.50960965],79,62,"[0.5599812286976242, 0.5191315092027347]",82,-1
7986,[0.50797686 0.57881224],79,15,"[0.5005882845969348, 0.6071157673844066]",117,73
7987,[0.45422415 0.53554485],79,29,"[0.4203507518330517, 0.5402216776416098]",117,96
7988,[0.54289588 0.52535219],79,62,"[0.5599812286976242, 0.5191315092027347]",82,-1
7989,[0.53185645 0.50830527],79,62,"[0.5599812286976242, 0.5191315092027347]",82,-1
7990,[0.49372048 0.50798468],79,28,"[0.4883199384691489, 0.5133386333280389]",117,-1
7991,[0.44901985 0.53646647],79,29,"[0.4203507518330517, 0.5402216776416098]",117,96
7992,[0.53582219 0.56171196],79,62,"[0.5599812286976242, 0.5191315092027347]",-1,-1
7993,[0.48842062 0.52324188],79,28,"[0.4883199384691489, 0.5133386333280389]",-1,-1
7994,[0.55598695 0.52080299],79,62,"[0.5599812286976242, 0.5191315092027347]",-1,-1
7995,[0.49010054 0.55577731],79,28,"[0.4883199384691489, 0.5133386333280389]",117,73
7996,[0.5088987  0.57742244],79,15,"[0.5005882845969348, 0.6071157673844066]",117,73
7997,[0.54686585 0.58540706],79,15,"[0.5005882845969348, 0.6071157673844066]",-1,-1
7998,[0.49784402 0.55979912],79,15,"[0.5005882845969348, 0.6071157673844066]",117,73
7999,[0.52493536 0.57533096],79,15,"[0.5005882845969348, 0.6071157673844066]",117,-1
8000,[0.29012162 0.82473357],80,6,"[0.2864937659294625, 0.8061319185734634]",117,95
8001,[0.33393113 0.89284518],80,53,"[0.3257402588795542, 0.8780579715353399]",62,-1
8002,[0.25932902 0.79507298],80,6,"[0.2864937659294625, 0.8061319185734634]",-1,-1
8003,[0.34718571 0.8820769 ],80,53,"[0.3257402588795542, 0.8780579715353399]",-1,-1
8004,[0.26761125 0.84761108],80,6,"[0.2864937659294625, 0.8061319185734634]",117,43
8005,[0.20700124 0.79977637],80,73,"[0.21710138381515529, 0.7733240653788879]",117,-1
8006,[0.27274109 0.80759708],80,6,"[0.2864937659294625, 0.8061319185734634]",117,-1
8007,[0.27136021 0.85310255],80,6,"[0.2864937659294625, 0.8061319185734634]",117,43
8008,[0.31650016 0.87217373],80,53,"[0.3257402588795542, 0.8780579715353399]",-1,11
8009,[0.24665737 0.84957488],80,2,"[0.18872072314872831, 0.8525011569850129]",117,-1
8010,[0.2713468  0.80470806],80,6,"[0.2864937659294625, 0.8061319185734634]",117,-1
8011,[0.30410949 0.89405435],80,53,"[0.3257402588795542, 0.8780579715353399]",62,11
8012,[0.29013742 0.87363879],80,53,"[0.3257402588795542, 0.8780579715353399]",62,-1
8013,[0.31085134 0.82994173],80,6,"[0.2864937659294625, 0.8061319185734634]",-1,-1
8014,[0.3093361  0.77147784],80,6,"[0.2864937659294625, 0.8061319185734634]",117,98
8015,[0.31041247 0.80997126],80,6,"[0.2864937659294625, 0.8061319185734634]",117,95
8016,[0.30703871 0.81149535],80,6,"[0.2864937659294625, 0.8061319185734634]",117,95
8017,[0.32865664 0.86008338],80,53,"[0.3257402588795542, 0.8780579715353399]",70,-1
8018,[0.26614469 0.8664236 ],80,53,"[0.3257402588795542, 0.8780579715353399]",-1,-1
8019,[0.22730205 0.84928168],80,2,"[0.18872072314872831, 0.8525011569850129]",-1,-1
8020,[0.29331696 0.8332564 ],80,6,"[0.2864937659294625, 0.8061319185734634]",117,-1
8021,[0.29191029 0.85396767],80,53,"[0.3257402588795542, 0.8780579715353399]",117,43
8022,[0.25142848 0.85299036],80,6,"[0.2864937659294625, 0.8061319185734634]",117,43
8023,[0.28859088 0.80893368],80,6,"[0.2864937659294625, 0.8061319185734634]",117,95
8024,[0.30841751 0.74700364],80,0,"[0.3339356228276975, 0.7219842546928952]",117,-1
8025,[0.2523734  0.78334212],80,73,"[0.21710138381515529, 0.7733240653788879]",-1,-1
8026,[0.21843168 0.78684367],80,73,"[0.21710138381515529, 0.7733240653788879]",-1,-1
8027,[0.28354242 0.84319907],80,6,"[0.2864937659294625, 0.8061319185734634]",-1,-1
8028,[0.21707604 0.80198923],80,73,"[0.21710138381515529, 0.7733240653788879]",-1,-1
8029,[0.29562135 0.8096706 ],80,6,"[0.2864937659294625, 0.8061319185734634]",117,-1
8030,[0.23606723 0.90230546],80,97,"[0.2436419246457856, 0.9257976702853096]",-1,-1
8031,[0.30350071 0.83931506],80,6,"[0.2864937659294625, 0.8061319185734634]",117,-1
8032,[0.34551321 0.76583949],80,18,"[0.37162219884005204, 0.7974050461709582]",-1,-1
8033,[0.31724131 0.82229376],80,6,"[0.2864937659294625, 0.8061319185734634]",117,95
8034,[0.31807248 0.84418538],80,53,"[0.3257402588795542, 0.8780579715353399]",-1,-1
8035,[0.30830612 0.87503841],80,53,"[0.3257402588795542, 0.8780579715353399]",-1,11
8036,[0.29418805 0.8918826 ],80,53,"[0.3257402588795542, 0.8780579715353399]",62,11
8037,[0.24204101 0.82439447],80,6,"[0.2864937659294625, 0.8061319185734634]",117,-1
8038,[0.22386158 0.77721896],80,73,"[0.21710138381515529, 0.7733240653788879]",-1,-1
8039,[0.32613701 0.81763255],80,6,"[0.2864937659294625, 0.8061319185734634]",117,95
8040,[0.30798473 0.79699102],80,6,"[0.2864937659294625, 0.8061319185734634]",117,-1
8041,[0.31125952 0.90208224],80,53,"[0.3257402588795542, 0.8780579715353399]",-1,-1
8042,[0.30059825 0.88632182],80,53,"[0.3257402588795542, 0.8780579715353399]",62,11
8043,[0.27394013 0.80212068],80,6,"[0.2864937659294625, 0.8061319185734634]",117,-1
8044,[0.23496544 0.83987898],80,2,"[0.18872072314872831, 0.8525011569850129]",-1,-1
8045,[0.24171206 0.830819  ],80,6,"[0.2864937659294625, 0.8061319185734634]",-1,-1
8046,[0.30542848 0.92086844],80,53,"[0.3257402588795542, 0.8780579715353399]",-1,-1
8047,[0.29349586 0.81662533],80,6,"[0.2864937659294625, 0.8061319185734634]",117,95
8048,[0.27062493 0.85735414],80,6,"[0.2864937659294625, 0.8061319185734634]",117,43
8049,[0.21489004 0.89278975],80,97,"[0.2436419246457856, 0.9257976702853096]",-1,-1
8050,[0.29271204 0.88174309],80,53,"[0.3257402588795542, 0.8780579715353399]",62,11
8051,[0.27749192 0.82451832],80,6,"[0.2864937659294625, 0.8061319185734634]",117,-1
8052,[0.34750673 0.77889021],80,18,"[0.37162219884005204, 0.7974050461709582]",117,-1
8053,[0.27582933 0.87519844],80,53,"[0.3257402588795542, 0.8780579715353399]",-1,-1
8054,[0.23378804 0.81517299],80,73,"[0.21710138381515529, 0.7733240653788879]",117,-1
8055,[0.27376266 0.85210026],80,6,"[0.2864937659294625, 0.8061319185734634]",117,43
8056,[0.24769418 0.79986532],80,6,"[0.2864937659294625, 0.8061319185734634]",117,-1
8057,[0.34270994 0.85683223],80,53,"[0.3257402588795542, 0.8780579715353399]",71,-1
8058,[0.3614274  0.85079782],80,53,"[0.3257402588795542, 0.8780579715353399]",-1,-1
8059,[0.19629811 0.80778587],80,73,"[0.21710138381515529, 0.7733240653788879]",117,35
8060,[0.28669646 0.78022105],80,6,"[0.2864937659294625, 0.8061319185734634]",117,98
8061,[0.31445636 0.76936798],80,6,"[0.2864937659294625, 0.8061319185734634]",117,98
8062,[0.27495097 0.81023362],80,6,"[0.2864937659294625, 0.8061319185734634]",117,95
8063,[0.24755357 0.76870246],80,73,"[0.21710138381515529, 0.7733240653788879]",117,-1
8064,[0.27243541 0.8174636 ],80,6,"[0.2864937659294625, 0.8061319185734634]",117,-1
8065,[0.26454672 0.84895695],80,6,"[0.2864937659294625, 0.8061319185734634]",117,43
8066,[0.34235907 0.74961532],80,0,"[0.3339356228276975, 0.7219842546928952]",117,-1
8067,[0.27029566 0.85615562],80,6,"[0.2864937659294625, 0.8061319185734634]",117,43
8068,[0.22809253 0.82832584],80,2,"[0.18872072314872831, 0.8525011569850129]",117,47
8069,[0.2189208  0.85215118],80,2,"[0.18872072314872831, 0.8525011569850129]",-1,-1
8070,[0.2988266  0.82312555],80,6,"[0.2864937659294625, 0.8061319185734634]",117,-1
8071,[0.24323068 0.77065903],80,73,"[0.21710138381515529, 0.7733240653788879]",117,-1
8072,[0.28695715 0.85705477],80,53,"[0.3257402588795542, 0.8780579715353399]",117,-1
8073,[0.22788132 0.83385881],80,2,"[0.18872072314872831, 0.8525011569850129]",117,47
8074,[0.37235814 0.92320638],80,53,"[0.3257402588795542, 0.8780579715353399]",-1,-1
8075,[0.29646988 0.82520165],80,6,"[0.2864937659294625, 0.8061319185734634]",117,-1
8076,[0.26894465 0.82066806],80,6,"[0.2864937659294625, 0.8061319185734634]",117,-1
8077,[0.25522995 0.81428837],80,6,"[0.2864937659294625, 0.8061319185734634]",117,-1
8078,[0.21197086 0.83737191],80,2,"[0.18872072314872831, 0.8525011569850129]",117,47
8079,[0.31053457 0.84321351],80,53,"[0.3257402588795542, 0.8780579715353399]",117,-1
8080,[0.28423246 0.76476493],80,6,"[0.2864937659294625, 0.8061319185734634]",117,98
8081,[0.22530173 0.80995731],80,73,"[0.21710138381515529, 0.7733240653788879]",-1,-1
8082,[0.23012287 0.7245642 ],80,42,"[0.2346625058996496, 0.695644821677479]",-1,-1
8083,[0.25103035 0.82499198],80,6,"[0.2864937659294625, 0.8061319185734634]",117,-1
8084,[0.28699393 0.81709387],80,6,"[0.2864937659294625, 0.8061319185734634]",117,-1
8085,[0.28854335 0.84917034],80,6,"[0.2864937659294625, 0.8061319185734634]",117,-1
8086,[0.24922597 0.82032034],80,6,"[0.2864937659294625, 0.8061319185734634]",117,-1
8087,[0.20826288 0.82730338],80,2,"[0.18872072314872831, 0.8525011569850129]",117,47
8088,[0.29234639 0.75963191],80,6,"[0.2864937659294625, 0.8061319185734634]",117,98
8089,[0.28287885 0.83164767],80,6,"[0.2864937659294625, 0.8061319185734634]",-1,-1
8090,[0.25395969 0.730644  ],80,42,"[0.2346625058996496, 0.695644821677479]",-1,-1
8091,[0.36557873 0.88700978],80,53,"[0.3257402588795542, 0.8780579715353399]",-1,-1
8092,[0.37440336 0.77818282],80,18,"[0.37162219884005204, 0.7974050461709582]",117,86
8093,[0.34903463 0.80356082],80,18,"[0.37162219884005204, 0.7974050461709582]",117,-1
8094,[0.27147607 0.85608919],80,6,"[0.2864937659294625, 0.8061319185734634]",117,43
8095,[0.33883882 0.82593165],80,18,"[0.37162219884005204, 0.7974050461709582]",117,-1
8096,[0.30624772 0.84201049],80,6,"[0.2864937659294625, 0.8061319185734634]",117,-1
8097,[0.26796079 0.84246331],80,6,"[0.2864937659294625, 0.8061319185734634]",117,-1
8098,[0.34369326 0.85080427],80,53,"[0.3257402588795542, 0.8780579715353399]",71,-1
8099,[0.25197689 0.84580059],80,6,"[0.2864937659294625, 0.8061319185734634]",-1,-1
8100,[0.26809553 0.30917381],81,5,"[0.25263933558285595, 0.3182434845400105]",114,94
8101,[0.19910681 0.32643867],81,58,"[0.20200162677094644, 0.3700588211289526]",41,13
8102,[0.28508746 0.43384652],81,16,"[0.2555939088543306, 0.4149016525883056]",114,-1
8103,[0.29021716 0.32367071],81,5,"[0.25263933558285595, 0.3182434845400105]",114,94
8104,[0.26386746 0.28291989],81,5,"[0.25263933558285595, 0.3182434845400105]",114,94
8105,[0.24242706 0.35692521],81,5,"[0.25263933558285595, 0.3182434845400105]",114,84
8106,[0.25437939 0.28271227],81,5,"[0.25263933558285595, 0.3182434845400105]",114,-1
8107,[0.26677816 0.30682046],81,5,"[0.25263933558285595, 0.3182434845400105]",114,94
8108,[0.2866114  0.32005571],81,5,"[0.25263933558285595, 0.3182434845400105]",114,94
8109,[0.31906477 0.31591332],81,31,"[0.3442046468432694, 0.303512725044185]",114,87
8110,[0.26449693 0.32459589],81,5,"[0.25263933558285595, 0.3182434845400105]",114,-1
8111,[0.23400791 0.35083156],81,58,"[0.20200162677094644, 0.3700588211289526]",114,84
8112,[0.31235514 0.3603375 ],81,3,"[0.32011025026158857, 0.3826718810103493]",114,-1
8113,[0.29404019 0.32106564],81,5,"[0.25263933558285595, 0.3182434845400105]",114,94
8114,[0.34646426 0.30313385],81,31,"[0.3442046468432694, 0.303512725044185]",114,-1
8115,[0.28514045 0.30248627],81,5,"[0.25263933558285595, 0.3182434845400105]",114,-1
8116,[0.29986582 0.36557841],81,3,"[0.32011025026158857, 0.3826718810103493]",114,94
8117,[0.23284115 0.36512298],81,58,"[0.20200162677094644, 0.3700588211289526]",114,-1
8118,[0.29359857 0.26026628],81,30,"[0.2966359808455789, 0.2452350977488949]",114,-1
8119,[0.24175044 0.41700738],81,16,"[0.2555939088543306, 0.4149016525883056]",114,83
8120,[0.30723985 0.40435806],81,3,"[0.32011025026158857, 0.3826718810103493]",114,94
8121,[0.34968011 0.42309495],81,39,"[0.3669055865255626, 0.44498159830625134]",114,74
8122,[0.28133455 0.39260095],81,16,"[0.2555939088543306, 0.4149016525883056]",114,-1
8123,[0.2495687  0.37631476],81,16,"[0.2555939088543306, 0.4149016525883056]",114,84
8124,[0.26350018 0.33337966],81,5,"[0.25263933558285595, 0.3182434845400105]",114,94
8125,[0.2770908 0.2928022],81,5,"[0.25263933558285595, 0.3182434845400105]",114,94
8126,[0.28906036 0.3147725 ],81,5,"[0.25263933558285595, 0.3182434845400105]",114,-1
8127,[0.24563397 0.35377273],81,5,"[0.25263933558285595, 0.3182434845400105]",114,84
8128,[0.29752679 0.3245134 ],81,5,"[0.25263933558285595, 0.3182434845400105]",114,94
8129,[0.24959035 0.28742191],81,5,"[0.25263933558285595, 0.3182434845400105]",-1,-1
8130,[0.24713827 0.36141078],81,5,"[0.25263933558285595, 0.3182434845400105]",114,84
8131,[0.24904655 0.39687121],81,16,"[0.2555939088543306, 0.4149016525883056]",114,-1
8132,[0.31624239 0.42602635],81,3,"[0.32011025026158857, 0.3826718810103493]",114,-1
8133,[0.28395141 0.44569342],81,16,"[0.2555939088543306, 0.4149016525883056]",114,-1
8134,[0.31553064 0.31836857],81,31,"[0.3442046468432694, 0.303512725044185]",114,87
8135,[0.30294942 0.39701637],81,3,"[0.32011025026158857, 0.3826718810103493]",114,94
8136,[0.30444366 0.2938549 ],81,31,"[0.3442046468432694, 0.303512725044185]",-1,-1
8137,[0.2482446  0.37941009],81,16,"[0.2555939088543306, 0.4149016525883056]",114,84
8138,[0.23951604 0.35087442],81,5,"[0.25263933558285595, 0.3182434845400105]",114,84
8139,[0.31888187 0.33154409],81,31,"[0.3442046468432694, 0.303512725044185]",114,87
8140,[0.26084585 0.33876839],81,5,"[0.25263933558285595, 0.3182434845400105]",114,94
8141,[0.24584763 0.25874836],81,38,"[0.21237696572363113, 0.23587686359823726]",114,-1
8142,[0.3115542  0.32146353],81,31,"[0.3442046468432694, 0.303512725044185]",114,-1
8143,[0.18896095 0.32071456],81,64,"[0.14651710815353663, 0.31875187760214785]",41,13
8144,[0.32000232 0.26354806],81,30,"[0.2966359808455789, 0.2452350977488949]",-1,-1
8145,[0.24650388 0.38719839],81,16,"[0.2555939088543306, 0.4149016525883056]",114,84
8146,[0.26826189 0.3320846 ],81,5,"[0.25263933558285595, 0.3182434845400105]",114,94
8147,[0.20017744 0.43356498],81,52,"[0.15299951742988305, 0.4190518444817022]",-1,-1
8148,[0.21479406 0.32660694],81,5,"[0.25263933558285595, 0.3182434845400105]",-1,-1
8149,[0.23876869 0.31611752],81,5,"[0.25263933558285595, 0.3182434845400105]",114,94
8150,[0.17940576 0.35636516],81,58,"[0.20200162677094644, 0.3700588211289526]",26,-1
8151,[0.21370511 0.32319202],81,5,"[0.25263933558285595, 0.3182434845400105]",-1,-1
8152,[0.24251812 0.3291654 ],81,5,"[0.25263933558285595, 0.3182434845400105]",114,-1
8153,[0.30309998 0.34566461],81,3,"[0.32011025026158857, 0.3826718810103493]",114,94
8154,[0.29539043 0.33063371],81,5,"[0.25263933558285595, 0.3182434845400105]",114,94
8155,[0.23071511 0.32976988],81,5,"[0.25263933558285595, 0.3182434845400105]",114,94
8156,[0.30563705 0.28439793],81,30,"[0.2966359808455789, 0.2452350977488949]",114,-1
8157,[0.31861892 0.4268135 ],81,3,"[0.32011025026158857, 0.3826718810103493]",114,-1
8158,[0.2257554  0.44110399],81,16,"[0.2555939088543306, 0.4149016525883056]",114,83
8159,[0.36149907 0.37725491],81,13,"[0.39947133599624457, 0.3634561327160814]",114,93
8160,[0.31300494 0.36499912],81,3,"[0.32011025026158857, 0.3826718810103493]",114,94
8161,[0.3470449  0.34350228],81,31,"[0.3442046468432694, 0.303512725044185]",114,-1
8162,[0.27390117 0.35079262],81,5,"[0.25263933558285595, 0.3182434845400105]",114,-1
8163,[0.28527415 0.40911292],81,16,"[0.2555939088543306, 0.4149016525883056]",114,-1
8164,[0.32564015 0.32393169],81,31,"[0.3442046468432694, 0.303512725044185]",114,87
8165,[0.28079616 0.41820608],81,16,"[0.2555939088543306, 0.4149016525883056]",-1,-1
8166,[0.24658909 0.35246147],81,5,"[0.25263933558285595, 0.3182434845400105]",114,84
8167,[0.23463783 0.31456975],81,5,"[0.25263933558285595, 0.3182434845400105]",114,94
8168,[0.2875427  0.33318276],81,5,"[0.25263933558285595, 0.3182434845400105]",114,94
8169,[0.31469589 0.35951614],81,3,"[0.32011025026158857, 0.3826718810103493]",114,-1
8170,[0.24572874 0.30309506],81,5,"[0.25263933558285595, 0.3182434845400105]",114,-1
8171,[0.3033781  0.40401936],81,3,"[0.32011025026158857, 0.3826718810103493]",114,94
8172,[0.25551646 0.42178982],81,16,"[0.2555939088543306, 0.4149016525883056]",114,83
8173,[0.2097874  0.37041195],81,58,"[0.20200162677094644, 0.3700588211289526]",114,-1
8174,[0.24124084 0.35313246],81,5,"[0.25263933558285595, 0.3182434845400105]",114,84
8175,[0.19606387 0.32768891],81,58,"[0.20200162677094644, 0.3700588211289526]",41,13
8176,[0.21854542 0.2914894 ],81,5,"[0.25263933558285595, 0.3182434845400105]",114,-1
8177,[0.23380067 0.38288599],81,58,"[0.20200162677094644, 0.3700588211289526]",114,-1
8178,[0.19422633 0.40627162],81,58,"[0.20200162677094644, 0.3700588211289526]",72,-1
8179,[0.25224357 0.27549915],81,5,"[0.25263933558285595, 0.3182434845400105]",114,-1
8180,[0.28818957 0.4273797 ],81,16,"[0.2555939088543306, 0.4149016525883056]",114,-1
8181,[0.24314498 0.43270493],81,16,"[0.2555939088543306, 0.4149016525883056]",114,83
8182,[0.29674336 0.32212829],81,5,"[0.25263933558285595, 0.3182434845400105]",114,-1
8183,[0.22864671 0.18871455],81,34,"[0.2185740004144134, 0.15608943562981872]",113,64
8184,[0.26640533 0.32419859],81,5,"[0.25263933558285595, 0.3182434845400105]",114,-1
8185,[0.29942999 0.32965245],81,5,"[0.25263933558285595, 0.3182434845400105]",114,94
8186,[0.20185968 0.35385602],81,58,"[0.20200162677094644, 0.3700588211289526]",-1,-1
8187,[0.3263705  0.36338785],81,3,"[0.32011025026158857, 0.3826718810103493]",114,-1
8188,[0.23839398 0.39967759],81,16,"[0.2555939088543306, 0.4149016525883056]",114,83
8189,[0.22093829 0.31199847],81,5,"[0.25263933558285595, 0.3182434845400105]",-1,-1
8190,[0.35638883 0.32900636],81,31,"[0.3442046468432694, 0.303512725044185]",114,85
8191,[0.33329073 0.39112958],81,3,"[0.32011025026158857, 0.3826718810103493]",114,94
8192,[0.32585613 0.36592449],81,3,"[0.32011025026158857, 0.3826718810103493]",114,88
8193,[0.23072771 0.29364961],81,5,"[0.25263933558285595, 0.3182434845400105]",114,-1
8194,[0.21169357 0.38765225],81,58,"[0.20200162677094644, 0.3700588211289526]",114,-1
8195,[0.2713817  0.34621063],81,5,"[0.25263933558285595, 0.3182434845400105]",114,-1
8196,[0.27689203 0.37535341],81,3,"[0.32011025026158857, 0.3826718810103493]",114,-1
8197,[0.26386852 0.22739983],81,30,"[0.2966359808455789, 0.2452350977488949]",114,-1
8198,[0.29027924 0.34118766],81,5,"[0.25263933558285595, 0.3182434845400105]",114,94
8199,[0.2662639  0.35282702],81,5,"[0.25263933558285595, 0.3182434845400105]",114,-1
8200,[0.34172649 0.81365962],82,18,"[0.37162219884005204, 0.7974050461709582]",117,-1
8201,[0.27189993 0.80162515],82,6,"[0.2864937659294625, 0.8061319185734634]",117,-1
8202,[0.3375005  0.74998865],82,0,"[0.3339356228276975, 0.7219842546928952]",117,-1
8203,[0.36611944 0.85665599],82,53,"[0.3257402588795542, 0.8780579715353399]",-1,-1
8204,[0.35989446 0.83263266],82,18,"[0.37162219884005204, 0.7974050461709582]",117,-1
8205,[0.33418717 0.78946099],82,18,"[0.37162219884005204, 0.7974050461709582]",117,-1
8206,[0.23118383 0.87547055],82,2,"[0.18872072314872831, 0.8525011569850129]",-1,-1
8207,[0.35961901 0.78323343],82,18,"[0.37162219884005204, 0.7974050461709582]",117,-1
8208,[0.2875729  0.79060133],82,6,"[0.2864937659294625, 0.8061319185734634]",117,-1
8209,[0.30115342 0.75333797],82,0,"[0.3339356228276975, 0.7219842546928952]",117,-1
8210,[0.43186497 0.79941929],82,20,"[0.4431801719912439, 0.7668078343201206]",117,-1
8211,[0.31397297 0.81934005],82,6,"[0.2864937659294625, 0.8061319185734634]",117,95
8212,[0.35012876 0.8226497 ],82,18,"[0.37162219884005204, 0.7974050461709582]",117,-1
8213,[0.33680554 0.7873307 ],82,18,"[0.37162219884005204, 0.7974050461709582]",117,-1
8214,[0.31022908 0.81289062],82,6,"[0.2864937659294625, 0.8061319185734634]",117,95
8215,[0.32768212 0.74888844],82,0,"[0.3339356228276975, 0.7219842546928952]",117,98
8216,[0.34417428 0.81569974],82,18,"[0.37162219884005204, 0.7974050461709582]",117,-1
8217,[0.31801735 0.80882817],82,6,"[0.2864937659294625, 0.8061319185734634]",117,-1
8218,[0.3241706  0.87528345],82,53,"[0.3257402588795542, 0.8780579715353399]",-1,11
8219,[0.29496251 0.71839602],82,0,"[0.3339356228276975, 0.7219842546928952]",117,98
8220,[0.34618504 0.80750865],82,18,"[0.37162219884005204, 0.7974050461709582]",117,-1
8221,[0.32287704 0.81593454],82,6,"[0.2864937659294625, 0.8061319185734634]",117,95
8222,[0.3860023  0.74612302],82,18,"[0.37162219884005204, 0.7974050461709582]",-1,-1
8223,[0.27488342 0.72122717],82,42,"[0.2346625058996496, 0.695644821677479]",117,-1
8224,[0.27085541 0.80037463],82,6,"[0.2864937659294625, 0.8061319185734634]",117,-1
8225,[0.40585756 0.76290338],82,20,"[0.4431801719912439, 0.7668078343201206]",117,86
8226,[0.27849323 0.70150055],82,42,"[0.2346625058996496, 0.695644821677479]",117,-1
8227,[0.34921921 0.7478753 ],82,0,"[0.3339356228276975, 0.7219842546928952]",117,-1
8228,[0.39791942 0.82361203],82,18,"[0.37162219884005204, 0.7974050461709582]",78,-1
8229,[0.34142506 0.80236267],82,18,"[0.37162219884005204, 0.7974050461709582]",-1,-1
8230,[0.31450716 0.68477066],82,14,"[0.2991912902140973, 0.6498158096286489]",117,-1
8231,[0.32957015 0.71686364],82,0,"[0.3339356228276975, 0.7219842546928952]",117,98
8232,[0.28512925 0.81407827],82,6,"[0.2864937659294625, 0.8061319185734634]",117,-1
8233,[0.36236563 0.83826993],82,18,"[0.37162219884005204, 0.7974050461709582]",-1,-1
8234,[0.40577259 0.75993338],82,20,"[0.4431801719912439, 0.7668078343201206]",117,-1
8235,[0.36776098 0.76059056],82,18,"[0.37162219884005204, 0.7974050461709582]",117,-1
8236,[0.38692469 0.71009338],82,36,"[0.3984729155032823, 0.6728808968441772]",117,-1
8237,[0.35491541 0.79777286],82,18,"[0.37162219884005204, 0.7974050461709582]",-1,-1
8238,[0.34537842 0.78659984],82,18,"[0.37162219884005204, 0.7974050461709582]",117,-1
8239,[0.32850907 0.71959404],82,0,"[0.3339356228276975, 0.7219842546928952]",117,98
8240,[0.32533827 0.66404164],82,14,"[0.2991912902140973, 0.6498158096286489]",117,100
8241,[0.36418966 0.74504907],82,0,"[0.3339356228276975, 0.7219842546928952]",117,98
8242,[0.29322471 0.82857926],82,6,"[0.2864937659294625, 0.8061319185734634]",117,-1
8243,[0.35079287 0.79321936],82,18,"[0.37162219884005204, 0.7974050461709582]",-1,-1
8244,[0.35065852 0.82887127],82,18,"[0.37162219884005204, 0.7974050461709582]",117,-1
8245,[0.35074461 0.76426779],82,18,"[0.37162219884005204, 0.7974050461709582]",-1,-1
8246,[0.36005435 0.82323563],82,18,"[0.37162219884005204, 0.7974050461709582]",-1,-1
8247,[0.32687866 0.8418255 ],82,53,"[0.3257402588795542, 0.8780579715353399]",-1,-1
8248,[0.38432784 0.86815933],82,98,"[0.4323163129581021, 0.8640542438885145]",-1,-1
8249,[0.32723688 0.76811833],82,0,"[0.3339356228276975, 0.7219842546928952]",117,-1
8250,[0.22644363 0.8215853 ],82,2,"[0.18872072314872831, 0.8525011569850129]",117,-1
8251,[0.42601003 0.77099307],82,20,"[0.4431801719912439, 0.7668078343201206]",117,-1
8252,[0.32149339 0.69612378],82,0,"[0.3339356228276975, 0.7219842546928952]",117,98
8253,[0.43849363 0.79053012],82,20,"[0.4431801719912439, 0.7668078343201206]",117,-1
8254,[0.40858102 0.86034762],82,98,"[0.4323163129581021, 0.8640542438885145]",-1,-1
8255,[0.38149288 0.74826187],82,18,"[0.37162219884005204, 0.7974050461709582]",-1,-1
8256,[0.29915873 0.81022387],82,6,"[0.2864937659294625, 0.8061319185734634]",117,95
8257,[0.36582085 0.78975483],82,18,"[0.37162219884005204, 0.7974050461709582]",117,-1
8258,[0.30977577 0.73290548],82,0,"[0.3339356228276975, 0.7219842546928952]",117,98
8259,[0.37136569 0.81411846],82,18,"[0.37162219884005204, 0.7974050461709582]",-1,-1
8260,[0.29759439 0.74255868],82,0,"[0.3339356228276975, 0.7219842546928952]",117,-1
8261,[0.39976499 0.80456965],82,18,"[0.37162219884005204, 0.7974050461709582]",-1,-1
8262,[0.34282315 0.87026233],82,53,"[0.3257402588795542, 0.8780579715353399]",-1,-1
8263,[0.31996171 0.81198025],82,6,"[0.2864937659294625, 0.8061319185734634]",117,95
8264,[0.44854325 0.76034885],82,20,"[0.4431801719912439, 0.7668078343201206]",117,-1
8265,[0.30749001 0.81436503],82,6,"[0.2864937659294625, 0.8061319185734634]",117,95
8266,[0.30148828 0.81666685],82,6,"[0.2864937659294625, 0.8061319185734634]",117,95
8267,[0.31877203 0.78182031],82,6,"[0.2864937659294625, 0.8061319185734634]",117,-1
8268,[0.37777025 0.74522771],82,0,"[0.3339356228276975, 0.7219842546928952]",117,-1
8269,[0.34095126 0.73797399],82,0,"[0.3339356228276975, 0.7219842546928952]",117,-1
8270,[0.31540619 0.76894818],82,6,"[0.2864937659294625, 0.8061319185734634]",117,98
8271,[0.38876665 0.78856636],82,18,"[0.37162219884005204, 0.7974050461709582]",-1,-1
8272,[0.33690231 0.82244404],82,18,"[0.37162219884005204, 0.7974050461709582]",117,-1
8273,[0.30377321 0.75319036],82,0,"[0.3339356228276975, 0.7219842546928952]",117,98
8274,[0.32400721 0.75202842],82,0,"[0.3339356228276975, 0.7219842546928952]",117,98
8275,[0.34129343 0.80682496],82,18,"[0.37162219884005204, 0.7974050461709582]",117,-1
8276,[0.40578326 0.81281099],82,18,"[0.37162219884005204, 0.7974050461709582]",-1,-1
8277,[0.28874905 0.85122812],82,6,"[0.2864937659294625, 0.8061319185734634]",117,-1
8278,[0.38331733 0.8046735 ],82,18,"[0.37162219884005204, 0.7974050461709582]",78,-1
8279,[0.35234098 0.7454647 ],82,0,"[0.3339356228276975, 0.7219842546928952]",117,98
8280,[0.36100548 0.91731865],82,53,"[0.3257402588795542, 0.8780579715353399]",-1,-1
8281,[0.31796285 0.7595865 ],82,0,"[0.3339356228276975, 0.7219842546928952]",117,98
8282,[0.33649372 0.81696489],82,18,"[0.37162219884005204, 0.7974050461709582]",117,95
8283,[0.27186216 0.81238316],82,6,"[0.2864937659294625, 0.8061319185734634]",117,-1
8284,[0.36047428 0.70289063],82,0,"[0.3339356228276975, 0.7219842546928952]",117,-1
8285,[0.37795377 0.76782312],82,18,"[0.37162219884005204, 0.7974050461709582]",117,-1
8286,[0.39486268 0.88526684],82,98,"[0.4323163129581021, 0.8640542438885145]",-1,-1
8287,[0.43730781 0.78729313],82,20,"[0.4431801719912439, 0.7668078343201206]",117,-1
8288,[0.28110514 0.76950996],82,6,"[0.2864937659294625, 0.8061319185734634]",117,-1
8289,[0.35973876 0.86542885],82,53,"[0.3257402588795542, 0.8780579715353399]",-1,-1
8290,[0.31694459 0.86317592],82,53,"[0.3257402588795542, 0.8780579715353399]",70,-1
8291,[0.33774619 0.82460665],82,18,"[0.37162219884005204, 0.7974050461709582]",117,-1
8292,[0.34055217 0.73594335],82,0,"[0.3339356228276975, 0.7219842546928952]",117,98
8293,[0.29193316 0.80379005],82,6,"[0.2864937659294625, 0.8061319185734634]",-1,-1
8294,[0.31376337 0.77715758],82,6,"[0.2864937659294625, 0.8061319185734634]",117,98
8295,[0.32582563 0.82282981],82,6,"[0.2864937659294625, 0.8061319185734634]",117,-1
8296,[0.33980891 0.87845412],82,53,"[0.3257402588795542, 0.8780579715353399]",62,-1
8297,[0.36902132 0.89271184],82,53,"[0.3257402588795542, 0.8780579715353399]",-1,-1
8298,[0.32931925 0.8391608 ],82,53,"[0.3257402588795542, 0.8780579715353399]",-1,-1
8299,[0.38732834 0.81197092],82,18,"[0.37162219884005204, 0.7974050461709582]",78,-1
8300,[0.75945102 0.74540671],83,1,"[0.7484771342575616, 0.7179286626976465]",109,62
8301,[0.78205224 0.70795762],83,12,"[0.8137791995140147, 0.719758767835923]",109,62
8302,[0.77390008 0.70495339],83,1,"[0.7484771342575616, 0.7179286626976465]",109,62
8303,[0.78606491 0.75494144],83,12,"[0.8137791995140147, 0.719758767835923]",109,62
8304,[0.7625848  0.70451654],83,1,"[0.7484771342575616, 0.7179286626976465]",109,-1
8305,[0.77502117 0.74369029],83,1,"[0.7484771342575616, 0.7179286626976465]",109,62
8306,[0.69231476 0.69393692],83,26,"[0.6720960040209921, 0.6796090225497248]",109,-1
8307,[0.79455024 0.67585035],83,25,"[0.7860674509871751, 0.6421376783027304]",-1,-1
8308,[0.77158766 0.73761049],83,1,"[0.7484771342575616, 0.7179286626976465]",109,62
8309,[0.76597872 0.66465657],83,25,"[0.7860674509871751, 0.6421376783027304]",-1,-1
8310,[0.75206011 0.70975394],83,1,"[0.7484771342575616, 0.7179286626976465]",109,-1
8311,[0.76314233 0.6741822 ],83,25,"[0.7860674509871751, 0.6421376783027304]",109,52
8312,[0.77489417 0.68846926],83,1,"[0.7484771342575616, 0.7179286626976465]",-1,-1
8313,[0.78549757 0.76380618],83,11,"[0.8200748460394902, 0.7883124729475122]",109,62
8314,[0.8084433  0.69266493],83,12,"[0.8137791995140147, 0.719758767835923]",109,-1
8315,[0.74275423 0.79286428],83,43,"[0.7124452149283717, 0.7959059325724773]",-1,-1
8316,[0.65843666 0.74955972],83,33,"[0.6312009655286229, 0.7427811490324232]",109,-1
8317,[0.77736909 0.73450158],83,1,"[0.7484771342575616, 0.7179286626976465]",109,62
8318,[0.73495232 0.76514243],83,43,"[0.7124452149283717, 0.7959059325724773]",109,62
8319,[0.74175193 0.64688569],83,25,"[0.7860674509871751, 0.6421376783027304]",-1,-1
8320,[0.78295995 0.72356183],83,12,"[0.8137791995140147, 0.719758767835923]",109,62
8321,[0.77434102 0.71864553],83,1,"[0.7484771342575616, 0.7179286626976465]",109,62
8322,[0.79504719 0.70575761],83,12,"[0.8137791995140147, 0.719758767835923]",109,-1
8323,[0.73525128 0.7154215 ],83,1,"[0.7484771342575616, 0.7179286626976465]",109,-1
8324,[0.79882571 0.69751575],83,12,"[0.8137791995140147, 0.719758767835923]",109,-1
8325,[0.77734775 0.77166881],83,11,"[0.8200748460394902, 0.7883124729475122]",109,62
8326,[0.75383539 0.72523628],83,1,"[0.7484771342575616, 0.7179286626976465]",-1,-1
8327,[0.84453575 0.71064819],83,12,"[0.8137791995140147, 0.719758767835923]",109,-1
8328,[0.68938023 0.72210415],83,26,"[0.6720960040209921, 0.6796090225497248]",109,46
8329,[0.76326414 0.75466508],83,1,"[0.7484771342575616, 0.7179286626976465]",109,62
8330,[0.68895145 0.74603671],83,43,"[0.7124452149283717, 0.7959059325724773]",-1,-1
8331,[0.72915784 0.77694355],83,43,"[0.7124452149283717, 0.7959059325724773]",109,-1
8332,[0.83351636 0.76870417],83,11,"[0.8200748460394902, 0.7883124729475122]",109,60
8333,[0.69307586 0.80898192],83,43,"[0.7124452149283717, 0.7959059325724773]",61,-1
8334,[0.73808045 0.80203099],83,43,"[0.7124452149283717, 0.7959059325724773]",109,-1
8335,[0.7963691  0.75321801],83,12,"[0.8137791995140147, 0.719758767835923]",109,62
8336,[0.77858169 0.7444145 ],83,1,"[0.7484771342575616, 0.7179286626976465]",109,62
8337,[0.81268404 0.77803852],83,11,"[0.8200748460394902, 0.7883124729475122]",109,62
8338,[0.77354934 0.70671407],83,1,"[0.7484771342575616, 0.7179286626976465]",109,62
8339,[0.7900443  0.80231156],83,11,"[0.8200748460394902, 0.7883124729475122]",-1,-1
8340,[0.72685261 0.74893045],83,1,"[0.7484771342575616, 0.7179286626976465]",109,62
8341,[0.75187705 0.68085223],83,1,"[0.7484771342575616, 0.7179286626976465]",109,-1
8342,[0.827198   0.73174475],83,12,"[0.8137791995140147, 0.719758767835923]",109,61
8343,[0.81614423 0.71921148],83,12,"[0.8137791995140147, 0.719758767835923]",109,-1
8344,[0.79836289 0.74024867],83,12,"[0.8137791995140147, 0.719758767835923]",109,62
8345,[0.79198695 0.72947301],83,12,"[0.8137791995140147, 0.719758767835923]",109,62
8346,[0.77251343 0.77938712],83,11,"[0.8200748460394902, 0.7883124729475122]",109,62
8347,[0.7562073  0.69320514],83,1,"[0.7484771342575616, 0.7179286626976465]",109,-1
8348,[0.69182024 0.68965852],83,26,"[0.6720960040209921, 0.6796090225497248]",109,46
8349,[0.78526646 0.70142274],83,12,"[0.8137791995140147, 0.719758767835923]",109,62
8350,[0.74463301 0.74974801],83,1,"[0.7484771342575616, 0.7179286626976465]",109,-1
8351,[0.72910626 0.67469324],83,1,"[0.7484771342575616, 0.7179286626976465]",109,-1
8352,[0.77821034 0.78056299],83,11,"[0.8200748460394902, 0.7883124729475122]",109,-1
8353,[0.75478975 0.66367331],83,25,"[0.7860674509871751, 0.6421376783027304]",109,52
8354,[0.82937447 0.68356381],83,12,"[0.8137791995140147, 0.719758767835923]",109,-1
8355,[0.69939951 0.79500927],83,43,"[0.7124452149283717, 0.7959059325724773]",74,-1
8356,[0.68508253 0.70332403],83,26,"[0.6720960040209921, 0.6796090225497248]",109,-1
8357,[0.77972428 0.64236549],83,25,"[0.7860674509871751, 0.6421376783027304]",-1,-1
8358,[0.69055149 0.66585135],83,26,"[0.6720960040209921, 0.6796090225497248]",109,-1
8359,[0.78778197 0.69361497],83,12,"[0.8137791995140147, 0.719758767835923]",109,62
8360,[0.78694792 0.70000234],83,12,"[0.8137791995140147, 0.719758767835923]",109,62
8361,[0.7527094  0.69318372],83,1,"[0.7484771342575616, 0.7179286626976465]",109,-1
8362,[0.74237279 0.7011547 ],83,1,"[0.7484771342575616, 0.7179286626976465]",109,-1
8363,[0.73665763 0.67552407],83,1,"[0.7484771342575616, 0.7179286626976465]",109,-1
8364,[0.74210107 0.66433582],83,25,"[0.7860674509871751, 0.6421376783027304]",109,-1
8365,[0.7640014  0.78215854],83,43,"[0.7124452149283717, 0.7959059325724773]",109,-1
8366,[0.69809362 0.71376504],83,26,"[0.6720960040209921, 0.6796090225497248]",109,46
8367,[0.7254909 0.7824388],83,43,"[0.7124452149283717, 0.7959059325724773]",109,-1
8368,[0.73180496 0.75556179],83,1,"[0.7484771342575616, 0.7179286626976465]",109,62
8369,[0.73081921 0.72625845],83,1,"[0.7484771342575616, 0.7179286626976465]",109,56
8370,[0.70330375 0.73213816],83,1,"[0.7484771342575616, 0.7179286626976465]",109,-1
8371,[0.7951316  0.74673976],83,12,"[0.8137791995140147, 0.719758767835923]",109,62
8372,[0.67715394 0.68119756],83,26,"[0.6720960040209921, 0.6796090225497248]",109,-1
8373,[0.71655277 0.70995202],83,1,"[0.7484771342575616, 0.7179286626976465]",109,-1
8374,[0.80347233 0.656648  ],83,25,"[0.7860674509871751, 0.6421376783027304]",109,-1
8375,[0.70866238 0.76443844],83,43,"[0.7124452149283717, 0.7959059325724773]",109,-1
8376,[0.69385874 0.69436195],83,26,"[0.6720960040209921, 0.6796090225497248]",109,-1
8377,[0.82240706 0.67402122],83,12,"[0.8137791995140147, 0.719758767835923]",109,-1
8378,[0.78869759 0.77172266],83,11,"[0.8200748460394902, 0.7883124729475122]",109,62
8379,[0.78897425 0.76898137],83,11,"[0.8200748460394902, 0.7883124729475122]",109,62
8380,[0.72747502 0.73103737],83,1,"[0.7484771342575616, 0.7179286626976465]",109,56
8381,[0.84270179 0.85012923],83,40,"[0.8906018360892166, 0.8398226991198644]",-1,-1
8382,[0.72850556 0.73464947],83,1,"[0.7484771342575616, 0.7179286626976465]",109,56
8383,[0.8346981  0.79315245],83,11,"[0.8200748460394902, 0.7883124729475122]",109,-1
8384,[0.72847022 0.79572846],83,43,"[0.7124452149283717, 0.7959059325724773]",109,-1
8385,[0.82390032 0.73018195],83,12,"[0.8137791995140147, 0.719758767835923]",109,61
8386,[0.82176618 0.74491249],83,12,"[0.8137791995140147, 0.719758767835923]",109,62
8387,[0.68519002 0.76140033],83,43,"[0.7124452149283717, 0.7959059325724773]",-1,-1
8388,[0.74804878 0.73767013],83,1,"[0.7484771342575616, 0.7179286626976465]",109,-1
8389,[0.76411226 0.7458259 ],83,1,"[0.7484771342575616, 0.7179286626976465]",109,62
8390,[0.72073154 0.70095095],83,1,"[0.7484771342575616, 0.7179286626976465]",-1,-1
8391,[0.72866821 0.65900081],83,25,"[0.7860674509871751, 0.6421376783027304]",109,-1
8392,[0.76037317 0.68875878],83,1,"[0.7484771342575616, 0.7179286626976465]",-1,-1
8393,[0.69458074 0.74386892],83,43,"[0.7124452149283717, 0.7959059325724773]",-1,-1
8394,[0.71125701 0.77812202],83,43,"[0.7124452149283717, 0.7959059325724773]",-1,-1
8395,[0.81884291 0.7026783 ],83,12,"[0.8137791995140147, 0.719758767835923]",109,-1
8396,[0.75964463 0.71101433],83,1,"[0.7484771342575616, 0.7179286626976465]",109,-1
8397,[0.73959443 0.65875451],83,25,"[0.7860674509871751, 0.6421376783027304]",109,-1
8398,[0.76238252 0.7719919 ],83,43,"[0.7124452149283717, 0.7959059325724773]",109,-1
8399,[0.7944046  0.74670325],83,12,"[0.8137791995140147, 0.719758767835923]",109,62
8400,[0.6712606  0.88237868],84,75,"[0.630404354287245, 0.867900490402714]",-1,-1
8401,[0.60545546 0.82642892],84,66,"[0.573574952246955, 0.8174270490620612]",9,-1
8402,[0.58925682 0.81319375],84,66,"[0.573574952246955, 0.8174270490620612]",-1,-1
8403,[0.66122373 0.74056948],84,33,"[0.6312009655286229, 0.7427811490324232]",109,-1
8404,[0.6848428  0.75598145],84,43,"[0.7124452149283717, 0.7959059325724773]",-1,-1
8405,[0.60843626 0.80978924],84,66,"[0.573574952246955, 0.8174270490620612]",-1,-1
8406,[0.66334524 0.778359  ],84,33,"[0.6312009655286229, 0.7427811490324232]",-1,-1
8407,[0.66455278 0.74879706],84,33,"[0.6312009655286229, 0.7427811490324232]",109,-1
8408,[0.60202587 0.87278552],84,75,"[0.630404354287245, 0.867900490402714]",10,-1
8409,[0.72772603 0.77742039],84,43,"[0.7124452149283717, 0.7959059325724773]",109,-1
8410,[0.66983416 0.72707092],84,33,"[0.6312009655286229, 0.7427811490324232]",-1,-1
8411,[0.63531832 0.74446292],84,33,"[0.6312009655286229, 0.7427811490324232]",117,-1
8412,[0.74458036 0.7938026 ],84,43,"[0.7124452149283717, 0.7959059325724773]",-1,-1
8413,[0.62906721 0.73497001],84,33,"[0.6312009655286229, 0.7427811490324232]",-1,-1
8414,[0.72005669 0.8193302 ],84,43,"[0.7124452149283717, 0.7959059325724773]",-1,-1
8415,[0.63592189 0.75261651],84,33,"[0.6312009655286229, 0.7427811490324232]",117,-1
8416,[0.68404668 0.75875126],84,43,"[0.7124452149283717, 0.7959059325724773]",-1,-1
8417,[0.71492978 0.76305078],84,43,"[0.7124452149283717, 0.7959059325724773]",109,-1
8418,[0.72357504 0.80371684],84,43,"[0.7124452149283717, 0.7959059325724773]",109,-1
8419,[0.61075765 0.74142667],84,33,"[0.6312009655286229, 0.7427811490324232]",-1,-1
8420,[0.64809003 0.77245065],84,33,"[0.6312009655286229, 0.7427811490324232]",109,-1
8421,[0.63548824 0.85416842],84,75,"[0.630404354287245, 0.867900490402714]",-1,-1
8422,[0.69484184 0.76006543],84,43,"[0.7124452149283717, 0.7959059325724773]",109,-1
8423,[0.62078942 0.7942246 ],84,33,"[0.6312009655286229, 0.7427811490324232]",-1,-1
8424,[0.66625306 0.67108133],84,26,"[0.6720960040209921, 0.6796090225497248]",-1,-1
8425,[0.65936834 0.85021205],84,75,"[0.630404354287245, 0.867900490402714]",-1,-1
8426,[0.65769857 0.80735774],84,43,"[0.7124452149283717, 0.7959059325724773]",45,-1
8427,[0.57208812 0.8158405 ],84,66,"[0.573574952246955, 0.8174270490620612]",-1,-1
8428,[0.68642462 0.83833657],84,43,"[0.7124452149283717, 0.7959059325724773]",61,-1
8429,[0.64808357 0.76949364],84,33,"[0.6312009655286229, 0.7427811490324232]",109,-1
8430,[0.67739146 0.68376762],84,26,"[0.6720960040209921, 0.6796090225497248]",-1,-1
8431,[0.64975962 0.77877841],84,33,"[0.6312009655286229, 0.7427811490324232]",109,-1
8432,[0.65493608 0.82610905],84,75,"[0.630404354287245, 0.867900490402714]",45,-1
8433,[0.63880499 0.83221079],84,75,"[0.630404354287245, 0.867900490402714]",45,-1
8434,[0.69936252 0.79850473],84,43,"[0.7124452149283717, 0.7959059325724773]",74,-1
8435,[0.66268448 0.75429763],84,33,"[0.6312009655286229, 0.7427811490324232]",109,-1
8436,[0.70831115 0.80567763],84,43,"[0.7124452149283717, 0.7959059325724773]",-1,-1
8437,[0.71702368 0.7221522 ],84,1,"[0.7484771342575616, 0.7179286626976465]",109,-1
8438,[0.70195697 0.82160889],84,43,"[0.7124452149283717, 0.7959059325724773]",-1,-1
8439,[0.63620935 0.78134568],84,33,"[0.6312009655286229, 0.7427811490324232]",-1,-1
8440,[0.63264011 0.78162949],84,33,"[0.6312009655286229, 0.7427811490324232]",-1,-1
8441,[0.70012819 0.8410624 ],84,43,"[0.7124452149283717, 0.7959059325724773]",61,-1
8442,[0.72182306 0.75385074],84,43,"[0.7124452149283717, 0.7959059325724773]",109,-1
8443,[0.61581457 0.7731112 ],84,33,"[0.6312009655286229, 0.7427811490324232]",-1,-1
8444,[0.70711808 0.85142823],84,43,"[0.7124452149283717, 0.7959059325724773]",-1,-1
8445,[0.68921084 0.78577097],84,43,"[0.7124452149283717, 0.7959059325724773]",-1,-1
8446,[0.6982762  0.82197492],84,43,"[0.7124452149283717, 0.7959059325724773]",61,-1
8447,[0.60210072 0.74094793],84,33,"[0.6312009655286229, 0.7427811490324232]",-1,-1
8448,[0.65407472 0.76850703],84,33,"[0.6312009655286229, 0.7427811490324232]",109,-1
8449,[0.62215868 0.8053138 ],84,66,"[0.573574952246955, 0.8174270490620612]",-1,-1
8450,[0.62622215 0.77763959],84,33,"[0.6312009655286229, 0.7427811490324232]",-1,-1
8451,[0.60970947 0.75477181],84,33,"[0.6312009655286229, 0.7427811490324232]",-1,-1
8452,[0.69985946 0.7734473 ],84,43,"[0.7124452149283717, 0.7959059325724773]",109,-1
8453,[0.66765374 0.78273421],84,43,"[0.7124452149283717, 0.7959059325724773]",-1,-1
8454,[0.69498838 0.84553166],84,43,"[0.7124452149283717, 0.7959059325724773]",-1,-1
8455,[0.67134247 0.69806576],84,26,"[0.6720960040209921, 0.6796090225497248]",117,-1
8456,[0.7427795  0.76381251],84,43,"[0.7124452149283717, 0.7959059325724773]",109,62
8457,[0.63020215 0.74938812],84,33,"[0.6312009655286229, 0.7427811490324232]",117,-1
8458,[0.65183705 0.7673419 ],84,33,"[0.6312009655286229, 0.7427811490324232]",109,-1
8459,[0.58326088 0.85535613],84,66,"[0.573574952246955, 0.8174270490620612]",10,-1
8460,[0.61724132 0.79416006],84,66,"[0.573574952246955, 0.8174270490620612]",-1,-1
8461,[0.64760552 0.83478275],84,75,"[0.630404354287245, 0.867900490402714]",45,-1
8462,[0.54788227 0.81189753],84,66,"[0.573574952246955, 0.8174270490620612]",3,0
8463,[0.62905396 0.88891673],84,75,"[0.630404354287245, 0.867900490402714]",-1,-1
8464,[0.65671313 0.89916874],84,75,"[0.630404354287245, 0.867900490402714]",-1,-1
8465,[0.66077533 0.74077737],84,33,"[0.6312009655286229, 0.7427811490324232]",109,-1
8466,[0.69849853 0.74928677],84,43,"[0.7124452149283717, 0.7959059325724773]",-1,-1
8467,[0.57007181 0.78876773],84,66,"[0.573574952246955, 0.8174270490620612]",-1,-1
8468,[0.60439017 0.76406879],84,33,"[0.6312009655286229, 0.7427811490324232]",-1,-1
8469,[0.60515902 0.76955647],84,33,"[0.6312009655286229, 0.7427811490324232]",-1,-1
8470,[0.67755462 0.69521019],84,26,"[0.6720960040209921, 0.6796090225497248]",-1,-1
8471,[0.64611911 0.78653166],84,33,"[0.6312009655286229, 0.7427811490324232]",109,-1
8472,[0.63010758 0.68988741],84,26,"[0.6720960040209921, 0.6796090225497248]",117,-1
8473,[0.71167259 0.80263849],84,43,"[0.7124452149283717, 0.7959059325724773]",-1,-1
8474,[0.65188598 0.68816289],84,26,"[0.6720960040209921, 0.6796090225497248]",117,-1
8475,[0.73537061 0.86847777],84,87,"[0.7709981175814148, 0.8594636046327088]",-1,-1
8476,[0.72758173 0.68914058],84,1,"[0.7484771342575616, 0.7179286626976465]",109,-1
8477,[0.63559447 0.86841308],84,75,"[0.630404354287245, 0.867900490402714]",-1,-1
8478,[0.53399763 0.75843913],84,35,"[0.5368175380560374, 0.7057468765352064]",-1,-1
8479,[0.62258688 0.74760513],84,33,"[0.6312009655286229, 0.7427811490324232]",-1,-1
8480,[0.5901617 0.8151806],84,66,"[0.573574952246955, 0.8174270490620612]",-1,-1
8481,[0.65645371 0.80148643],84,43,"[0.7124452149283717, 0.7959059325724773]",-1,-1
8482,[0.60144588 0.71230558],84,33,"[0.6312009655286229, 0.7427811490324232]",117,-1
8483,[0.6512624  0.81484367],84,75,"[0.630404354287245, 0.867900490402714]",45,-1
8484,[0.65376462 0.78567434],84,33,"[0.6312009655286229, 0.7427811490324232]",-1,-1
8485,[0.60077003 0.83143746],84,66,"[0.573574952246955, 0.8174270490620612]",9,-1
8486,[0.7002626  0.74603793],84,43,"[0.7124452149283717, 0.7959059325724773]",-1,-1
8487,[0.62061475 0.70534296],84,33,"[0.6312009655286229, 0.7427811490324232]",117,44
8488,[0.61403174 0.78110277],84,33,"[0.6312009655286229, 0.7427811490324232]",-1,-1
8489,[0.66919913 0.7609132 ],84,33,"[0.6312009655286229, 0.7427811490324232]",109,-1
8490,[0.65851701 0.70952635],84,26,"[0.6720960040209921, 0.6796090225497248]",-1,-1
8491,[0.67306931 0.79457468],84,43,"[0.7124452149283717, 0.7959059325724773]",-1,-1
8492,[0.65634418 0.71219982],84,26,"[0.6720960040209921, 0.6796090225497248]",-1,-1
8493,[0.6356519  0.79944732],84,33,"[0.6312009655286229, 0.7427811490324232]",-1,-1
8494,[0.69003718 0.79620069],84,43,"[0.7124452149283717, 0.7959059325724773]",74,-1
8495,[0.71755205 0.78247004],84,43,"[0.7124452149283717, 0.7959059325724773]",109,-1
8496,[0.70903021 0.82869311],84,43,"[0.7124452149283717, 0.7959059325724773]",-1,-1
8497,[0.61440785 0.82754543],84,66,"[0.573574952246955, 0.8174270490620612]",9,-1
8498,[0.57978726 0.77837291],84,66,"[0.573574952246955, 0.8174270490620612]",-1,-1
8499,[0.59924539 0.72470959],84,33,"[0.6312009655286229, 0.7427811490324232]",-1,-1
8500,[0.61640249 0.35436989],85,72,"[0.6275615005729838, 0.35242652332535]",97,30
8501,[0.52246898 0.34304883],85,55,"[0.4911189724579566, 0.36032847748337926]",-1,-1
8502,[0.54542164 0.35473148],85,68,"[0.5611136858449972, 0.3328599094297703]",92,-1
8503,[0.58408217 0.32998082],85,68,"[0.5611136858449972, 0.3328599094297703]",34,-1
8504,[0.55738202 0.37374672],85,78,"[0.5675082537713239, 0.38298910409035547]",92,22
8505,[0.53469347 0.3833836 ],85,71,"[0.5256853689354785, 0.4139886337990054]",92,22
8506,[0.54188848 0.34093156],85,68,"[0.5611136858449972, 0.3328599094297703]",92,-1
8507,[0.5214239  0.43386152],85,71,"[0.5256853689354785, 0.4139886337990054]",-1,-1
8508,[0.46517712 0.33394927],85,55,"[0.4911189724579566, 0.36032847748337926]",52,-1
8509,[0.50726309 0.39796617],85,71,"[0.5256853689354785, 0.4139886337990054]",-1,-1
8510,[0.5131775  0.34440938],85,55,"[0.4911189724579566, 0.36032847748337926]",-1,-1
8511,[0.50070608 0.36143895],85,55,"[0.4911189724579566, 0.36032847748337926]",-1,-1
8512,[0.57453492 0.30757587],85,68,"[0.5611136858449972, 0.3328599094297703]",34,3
8513,[0.52898268 0.34744756],85,68,"[0.5611136858449972, 0.3328599094297703]",-1,-1
8514,[0.55410276 0.37720393],85,78,"[0.5675082537713239, 0.38298910409035547]",92,-1
8515,[0.50563081 0.31231008],85,55,"[0.4911189724579566, 0.36032847748337926]",-1,-1
8516,[0.57262551 0.32635644],85,68,"[0.5611136858449972, 0.3328599094297703]",34,-1
8517,[0.51504371 0.37015386],85,55,"[0.4911189724579566, 0.36032847748337926]",-1,-1
8518,[0.53785879 0.3319419 ],85,68,"[0.5611136858449972, 0.3328599094297703]",37,-1
8519,[0.59290581 0.38631182],85,78,"[0.5675082537713239, 0.38298910409035547]",95,-1
8520,[0.5071535  0.33091767],85,55,"[0.4911189724579566, 0.36032847748337926]",-1,-1
8521,[0.46707193 0.40847866],85,46,"[0.4417948344818715, 0.4376736545727672]",64,-1
8522,[0.55300796 0.35608607],85,68,"[0.5611136858449972, 0.3328599094297703]",92,-1
8523,[0.54552396 0.32434685],85,68,"[0.5611136858449972, 0.3328599094297703]",37,-1
8524,[0.55723487 0.39910294],85,78,"[0.5675082537713239, 0.38298910409035547]",95,-1
8525,[0.47952158 0.48195238],85,28,"[0.4883199384691489, 0.5133386333280389]",79,-1
8526,[0.4507201  0.39755444],85,46,"[0.4417948344818715, 0.4376736545727672]",64,-1
8527,[0.60614183 0.41111556],85,91,"[0.6012433587965225, 0.4182613697836598]",95,-1
8528,[0.50892641 0.30578703],85,49,"[0.49260039765631497, 0.2531771469431645]",31,-1
8529,[0.5658742  0.35207199],85,68,"[0.5611136858449972, 0.3328599094297703]",-1,-1
8530,[0.55885248 0.37731625],85,78,"[0.5675082537713239, 0.38298910409035547]",92,-1
8531,[0.47859995 0.30667114],85,55,"[0.4911189724579566, 0.36032847748337926]",-1,-1
8532,[0.53390798 0.39356349],85,71,"[0.5256853689354785, 0.4139886337990054]",92,-1
8533,[0.5761968  0.38791348],85,78,"[0.5675082537713239, 0.38298910409035547]",95,-1
8534,[0.58975285 0.26088674],85,63,"[0.5938052471458884, 0.24026036510989024]",-1,-1
8535,[0.54026687 0.44207002],85,81,"[0.5486595324958304, 0.45111899886780193]",-1,-1
8536,[0.61151425 0.37799143],85,86,"[0.6271685883317931, 0.40176873797345797]",-1,-1
8537,[0.55085532 0.37048557],85,78,"[0.5675082537713239, 0.38298910409035547]",92,22
8538,[0.48524032 0.35111745],85,55,"[0.4911189724579566, 0.36032847748337926]",-1,-1
8539,[0.5686361  0.28266439],85,63,"[0.5938052471458884, 0.24026036510989024]",-1,-1
8540,[0.53954989 0.3757176 ],85,78,"[0.5675082537713239, 0.38298910409035547]",92,22
8541,[0.56626586 0.37208872],85,78,"[0.5675082537713239, 0.38298910409035547]",-1,-1
8542,[0.56931887 0.38825279],85,78,"[0.5675082537713239, 0.38298910409035547]",95,-1
8543,[0.52786879 0.37742921],85,71,"[0.5256853689354785, 0.4139886337990054]",92,-1
8544,[0.63599002 0.3733917 ],85,72,"[0.6275615005729838, 0.35242652332535]",97,30
8545,[0.52265051 0.35567523],85,55,"[0.4911189724579566, 0.36032847748337926]",-1,-1
8546,[0.51938408 0.30283425],85,68,"[0.5611136858449972, 0.3328599094297703]",31,-1
8547,[0.52944008 0.38813763],85,71,"[0.5256853689354785, 0.4139886337990054]",92,-1
8548,[0.51124224 0.35189625],85,55,"[0.4911189724579566, 0.36032847748337926]",-1,-1
8549,[0.55326708 0.37318627],85,78,"[0.5675082537713239, 0.38298910409035547]",92,22
8550,[0.45524131 0.35187175],85,55,"[0.4911189724579566, 0.36032847748337926]",-1,-1
8551,[0.50271882 0.34577896],85,55,"[0.4911189724579566, 0.36032847748337926]",-1,-1
8552,[0.55875086 0.40484366],85,90,"[0.5744278595660413, 0.41353866422944313]",95,-1
8553,[0.52771995 0.4147558 ],85,71,"[0.5256853689354785, 0.4139886337990054]",95,-1
8554,[0.51623462 0.40928001],85,71,"[0.5256853689354785, 0.4139886337990054]",-1,-1
8555,[0.47462184 0.33224468],85,55,"[0.4911189724579566, 0.36032847748337926]",-1,-1
8556,[0.59720617 0.39408041],85,91,"[0.6012433587965225, 0.4182613697836598]",95,-1
8557,[0.52848099 0.37696571],85,71,"[0.5256853689354785, 0.4139886337990054]",92,22
8558,[0.45590814 0.37839342],85,55,"[0.4911189724579566, 0.36032847748337926]",114,-1
8559,[0.52624559 0.3453046 ],85,68,"[0.5611136858449972, 0.3328599094297703]",-1,-1
8560,[0.49507457 0.3729284 ],85,55,"[0.4911189724579566, 0.36032847748337926]",-1,-1
8561,[0.53434882 0.36635601],85,78,"[0.5675082537713239, 0.38298910409035547]",92,-1
8562,[0.52449856 0.36582686],85,55,"[0.4911189724579566, 0.36032847748337926]",-1,-1
8563,[0.59594732 0.3277218 ],85,68,"[0.5611136858449972, 0.3328599094297703]",-1,-1
8564,[0.55028998 0.39869855],85,78,"[0.5675082537713239, 0.38298910409035547]",95,-1
8565,[0.53594995 0.38114328],85,78,"[0.5675082537713239, 0.38298910409035547]",92,22
8566,[0.58064051 0.36715204],85,78,"[0.5675082537713239, 0.38298910409035547]",95,-1
8567,[0.56126197 0.41978639],85,90,"[0.5744278595660413, 0.41353866422944313]",95,-1
8568,[0.5687128  0.32424825],85,68,"[0.5611136858449972, 0.3328599094297703]",-1,3
8569,[0.46602114 0.48639657],85,28,"[0.4883199384691489, 0.5133386333280389]",-1,-1
8570,[0.54633398 0.42159631],85,71,"[0.5256853689354785, 0.4139886337990054]",-1,-1
8571,[0.5291998  0.41037029],85,71,"[0.5256853689354785, 0.4139886337990054]",95,-1
8572,[0.52427967 0.25962326],85,49,"[0.49260039765631497, 0.2531771469431645]",-1,-1
8573,[0.53580606 0.33743547],85,68,"[0.5611136858449972, 0.3328599094297703]",-1,-1
8574,[0.60615802 0.30507163],85,67,"[0.6342132122546504, 0.3029357709290384]",-1,-1
8575,[0.49360704 0.41032402],85,71,"[0.5256853689354785, 0.4139886337990054]",63,-1
8576,[0.57712946 0.37323678],85,78,"[0.5675082537713239, 0.38298910409035547]",95,23
8577,[0.56344727 0.28967418],85,68,"[0.5611136858449972, 0.3328599094297703]",-1,-1
8578,[0.52671409 0.39663504],85,71,"[0.5256853689354785, 0.4139886337990054]",-1,-1
8579,[0.55541418 0.35418279],85,68,"[0.5611136858449972, 0.3328599094297703]",92,22
8580,[0.54969407 0.31110785],85,68,"[0.5611136858449972, 0.3328599094297703]",-1,-1
8581,[0.45812582 0.37963738],85,55,"[0.4911189724579566, 0.36032847748337926]",114,-1
8582,[0.55097895 0.4010329 ],85,78,"[0.5675082537713239, 0.38298910409035547]",95,-1
8583,[0.53386165 0.3580018 ],85,68,"[0.5611136858449972, 0.3328599094297703]",-1,-1
8584,[0.64569729 0.28670619],85,67,"[0.6342132122546504, 0.3029357709290384]",-1,-1
8585,[0.44793986 0.34712572],85,55,"[0.4911189724579566, 0.36032847748337926]",-1,-1
8586,[0.54237848 0.31544853],85,68,"[0.5611136858449972, 0.3328599094297703]",37,-1
8587,[0.61045049 0.4035208 ],85,86,"[0.6271685883317931, 0.40176873797345797]",95,-1
8588,[0.60446241 0.31049995],85,67,"[0.6342132122546504, 0.3029357709290384]",-1,-1
8589,[0.55114157 0.34611036],85,68,"[0.5611136858449972, 0.3328599094297703]",92,22
8590,[0.51620368 0.32308138],85,55,"[0.4911189724579566, 0.36032847748337926]",-1,-1
8591,[0.52921959 0.36487026],85,55,"[0.4911189724579566, 0.36032847748337926]",92,-1
8592,[0.56963462 0.34735022],85,68,"[0.5611136858449972, 0.3328599094297703]",92,-1
8593,[0.53304727 0.37379322],85,78,"[0.5675082537713239, 0.38298910409035547]",92,22
8594,[0.57236028 0.36384884],85,78,"[0.5675082537713239, 0.38298910409035547]",95,-1
8595,[0.54926861 0.37670522],85,78,"[0.5675082537713239, 0.38298910409035547]",92,22
8596,[0.51711449 0.31243167],85,68,"[0.5611136858449972, 0.3328599094297703]",31,-1
8597,[0.47507355 0.33048782],85,55,"[0.4911189724579566, 0.36032847748337926]",-1,-1
8598,[0.5085022  0.38186334],85,55,"[0.4911189724579566, 0.36032847748337926]",-1,-1
8599,[0.46053155 0.45045892],85,46,"[0.4417948344818715, 0.4376736545727672]",76,21
8600,[0.71129256 0.56382356],86,74,"[0.7652076339305975, 0.5703048591625808]",14,-1
8601,[0.77353646 0.58749236],86,74,"[0.7652076339305975, 0.5703048591625808]",13,-1
8602,[0.85723861 0.66652839],86,12,"[0.8137791995140147, 0.719758767835923]",-1,-1
8603,[0.77007005 0.55095465],86,74,"[0.7652076339305975, 0.5703048591625808]",-1,-1
8604,[0.79582526 0.64036633],86,25,"[0.7860674509871751, 0.6421376783027304]",109,-1
8605,[0.83184597 0.66571903],86,25,"[0.7860674509871751, 0.6421376783027304]",-1,-1
8606,[0.76760487 0.64613456],86,25,"[0.7860674509871751, 0.6421376783027304]",109,-1
8607,[0.80599686 0.61790226],86,25,"[0.7860674509871751, 0.6421376783027304]",109,-1
8608,[0.78263874 0.66948738],86,25,"[0.7860674509871751, 0.6421376783027304]",-1,-1
8609,[0.68378916 0.61184551],86,47,"[0.6479473958146146, 0.5918281279427561]",-1,-1
8610,[0.75502049 0.67003211],86,25,"[0.7860674509871751, 0.6421376783027304]",109,52
8611,[0.80130827 0.68615685],86,12,"[0.8137791995140147, 0.719758767835923]",109,-1
8612,[0.77547148 0.60891189],86,25,"[0.7860674509871751, 0.6421376783027304]",-1,-1
8613,[0.81286046 0.64214218],86,25,"[0.7860674509871751, 0.6421376783027304]",-1,-1
8614,[0.80636591 0.65000523],86,25,"[0.7860674509871751, 0.6421376783027304]",109,49
8615,[0.76430104 0.62281064],86,25,"[0.7860674509871751, 0.6421376783027304]",-1,-1
8616,[0.77936836 0.66460858],86,25,"[0.7860674509871751, 0.6421376783027304]",109,-1
8617,[0.81277097 0.46701016],86,82,"[0.7838251592389673, 0.4623077396916808]",-1,-1
8618,[0.83435825 0.61140805],86,25,"[0.7860674509871751, 0.6421376783027304]",-1,-1
8619,[0.71515699 0.62380609],86,-1,-1,-1,-1
8620,[0.81640788 0.58879538],86,74,"[0.7652076339305975, 0.5703048591625808]",-1,-1
8621,[0.84395289 0.68254761],86,12,"[0.8137791995140147, 0.719758767835923]",109,-1
8622,[0.827523   0.64698451],86,25,"[0.7860674509871751, 0.6421376783027304]",-1,-1
8623,[0.79119774 0.71009751],86,12,"[0.8137791995140147, 0.719758767835923]",109,-1
8624,[0.82968484 0.7060322 ],86,12,"[0.8137791995140147, 0.719758767835923]",109,-1
8625,[0.79299162 0.63238429],86,25,"[0.7860674509871751, 0.6421376783027304]",109,-1
8626,[0.7001025  0.61223458],86,47,"[0.6479473958146146, 0.5918281279427561]",-1,-1
8627,[0.80605591 0.64307387],86,25,"[0.7860674509871751, 0.6421376783027304]",109,-1
8628,[0.78433757 0.6326247 ],86,25,"[0.7860674509871751, 0.6421376783027304]",109,-1
8629,[0.78354246 0.68153468],86,25,"[0.7860674509871751, 0.6421376783027304]",109,-1
8630,[0.80974387 0.65428448],86,25,"[0.7860674509871751, 0.6421376783027304]",109,-1
8631,[0.74390502 0.68017985],86,1,"[0.7484771342575616, 0.7179286626976465]",109,-1
8632,[0.79419034 0.66645699],86,25,"[0.7860674509871751, 0.6421376783027304]",-1,-1
8633,[0.77064177 0.7718953 ],86,11,"[0.8200748460394902, 0.7883124729475122]",109,-1
8634,[0.75644495 0.64763975],86,25,"[0.7860674509871751, 0.6421376783027304]",109,-1
8635,[0.81597671 0.65189671],86,25,"[0.7860674509871751, 0.6421376783027304]",-1,-1
8636,[0.81044618 0.62312085],86,25,"[0.7860674509871751, 0.6421376783027304]",-1,-1
8637,[0.78891677 0.56913895],86,74,"[0.7652076339305975, 0.5703048591625808]",-1,-1
8638,[0.86037935 0.6362617 ],86,-1,-1,-1,-1
8639,[0.77763498 0.66415045],86,25,"[0.7860674509871751, 0.6421376783027304]",109,-1
8640,[0.80563799 0.60520838],86,25,"[0.7860674509871751, 0.6421376783027304]",-1,-1
8641,[0.7620765  0.66524672],86,25,"[0.7860674509871751, 0.6421376783027304]",109,52
8642,[0.77198119 0.71304348],86,1,"[0.7484771342575616, 0.7179286626976465]",109,62
8643,[0.70718645 0.64618981],86,26,"[0.6720960040209921, 0.6796090225497248]",-1,-1
8644,[0.73325116 0.58113812],86,74,"[0.7652076339305975, 0.5703048591625808]",-1,-1
8645,[0.83946564 0.6349365 ],86,25,"[0.7860674509871751, 0.6421376783027304]",-1,-1
8646,[0.82908514 0.63602035],86,25,"[0.7860674509871751, 0.6421376783027304]",-1,-1
8647,[0.8744098  0.63047051],86,-1,-1,-1,-1
8648,[0.77725712 0.63857735],86,25,"[0.7860674509871751, 0.6421376783027304]",109,-1
8649,[0.74772814 0.58364745],86,74,"[0.7652076339305975, 0.5703048591625808]",-1,-1
8650,[0.76954588 0.62382764],86,25,"[0.7860674509871751, 0.6421376783027304]",-1,-1
8651,[0.78219857 0.55070283],86,74,"[0.7652076339305975, 0.5703048591625808]",-1,-1
8652,[0.88330565 0.65460658],86,-1,-1,-1,-1
8653,[0.8238286  0.67876152],86,12,"[0.8137791995140147, 0.719758767835923]",109,-1
8654,[0.70873573 0.56754345],86,74,"[0.7652076339305975, 0.5703048591625808]",14,-1
8655,[0.80999108 0.66794718],86,25,"[0.7860674509871751, 0.6421376783027304]",-1,-1
8656,[0.6962105  0.67114757],86,26,"[0.6720960040209921, 0.6796090225497248]",109,46
8657,[0.84889341 0.65793053],86,25,"[0.7860674509871751, 0.6421376783027304]",-1,-1
8658,[0.76937283 0.58431436],86,74,"[0.7652076339305975, 0.5703048591625808]",13,-1
8659,[0.78439876 0.58572948],86,74,"[0.7652076339305975, 0.5703048591625808]",13,-1
8660,[0.86507632 0.64964327],86,-1,-1,-1,-1
8661,[0.77453222 0.65611917],86,25,"[0.7860674509871751, 0.6421376783027304]",109,-1
8662,[0.79485566 0.57666582],86,74,"[0.7652076339305975, 0.5703048591625808]",-1,-1
8663,[0.81363141 0.60323033],86,25,"[0.7860674509871751, 0.6421376783027304]",-1,-1
8664,[0.77499791 0.70362837],86,1,"[0.7484771342575616, 0.7179286626976465]",109,62
8665,[0.72477171 0.67558216],86,1,"[0.7484771342575616, 0.7179286626976465]",-1,-1
8666,[0.74765428 0.63860291],86,25,"[0.7860674509871751, 0.6421376783027304]",109,-1
8667,[0.82096639 0.6559022 ],86,25,"[0.7860674509871751, 0.6421376783027304]",-1,-1
8668,[0.78186496 0.64567585],86,25,"[0.7860674509871751, 0.6421376783027304]",-1,-1
8669,[0.72871961 0.60038387],86,74,"[0.7652076339305975, 0.5703048591625808]",-1,-1
8670,[0.80683268 0.6328443 ],86,25,"[0.7860674509871751, 0.6421376783027304]",-1,-1
8671,[0.80428996 0.71097219],86,12,"[0.8137791995140147, 0.719758767835923]",-1,-1
8672,[0.77927562 0.71913446],86,1,"[0.7484771342575616, 0.7179286626976465]",109,62
8673,[0.81047136 0.60055366],86,25,"[0.7860674509871751, 0.6421376783027304]",-1,-1
8674,[0.78476777 0.58603162],86,74,"[0.7652076339305975, 0.5703048591625808]",13,-1
8675,[0.75834667 0.61537986],86,25,"[0.7860674509871751, 0.6421376783027304]",-1,-1
8676,[0.8027436  0.58965874],86,74,"[0.7652076339305975, 0.5703048591625808]",-1,-1
8677,[0.79088766 0.63205412],86,25,"[0.7860674509871751, 0.6421376783027304]",109,-1
8678,[0.85640315 0.55701157],86,-1,-1,-1,-1
8679,[0.83783339 0.63455702],86,25,"[0.7860674509871751, 0.6421376783027304]",-1,-1
8680,[0.73000504 0.64974537],86,25,"[0.7860674509871751, 0.6421376783027304]",109,-1
8681,[0.7630402  0.62082115],86,25,"[0.7860674509871751, 0.6421376783027304]",-1,-1
8682,[0.83322188 0.69404115],86,12,"[0.8137791995140147, 0.719758767835923]",109,-1
8683,[0.78357269 0.67858074],86,25,"[0.7860674509871751, 0.6421376783027304]",-1,-1
8684,[0.79655996 0.66390396],86,25,"[0.7860674509871751, 0.6421376783027304]",109,-1
8685,[0.78420432 0.61878835],86,25,"[0.7860674509871751, 0.6421376783027304]",-1,-1
8686,[0.74754525 0.6120545 ],86,74,"[0.7652076339305975, 0.5703048591625808]",-1,-1
8687,[0.79797295 0.59639085],86,74,"[0.7652076339305975, 0.5703048591625808]",-1,-1
8688,[0.88974403 0.56504257],86,-1,-1,-1,-1
8689,[0.82387699 0.59549692],86,25,"[0.7860674509871751, 0.6421376783027304]",-1,-1
8690,[0.83388165 0.69173322],86,12,"[0.8137791995140147, 0.719758767835923]",109,-1
8691,[0.82513525 0.64684793],86,25,"[0.7860674509871751, 0.6421376783027304]",-1,-1
8692,[0.73741139 0.62600575],86,25,"[0.7860674509871751, 0.6421376783027304]",-1,-1
8693,[0.82705977 0.57241438],86,74,"[0.7652076339305975, 0.5703048591625808]",-1,-1
8694,[0.77579803 0.59341169],86,74,"[0.7652076339305975, 0.5703048591625808]",13,-1
8695,[0.73317764 0.61275952],86,74,"[0.7652076339305975, 0.5703048591625808]",-1,-1
8696,[0.79199427 0.61323388],86,25,"[0.7860674509871751, 0.6421376783027304]",-1,-1
8697,[0.77614909 0.65483846],86,25,"[0.7860674509871751, 0.6421376783027304]",109,49
8698,[0.79918387 0.75995501],86,11,"[0.8200748460394902, 0.7883124729475122]",109,62
8699,[0.78598503 0.68899069],86,12,"[0.8137791995140147, 0.719758767835923]",109,-1
8700,[0.30907813 0.74394086],87,0,"[0.3339356228276975, 0.7219842546928952]",117,-1
8701,[0.3201412  0.66552807],87,14,"[0.2991912902140973, 0.6498158096286489]",117,100
8702,[0.18085482 0.70266817],87,92,"[0.1445164879810704, 0.6934455308809843]",-1,-1
8703,[0.27537842 0.67982024],87,14,"[0.2991912902140973, 0.6498158096286489]",117,-1
8704,[0.26840386 0.71961499],87,42,"[0.2346625058996496, 0.695644821677479]",117,-1
8705,[0.24002985 0.72792189],87,42,"[0.2346625058996496, 0.695644821677479]",-1,-1
8706,[0.37364375 0.75464469],87,18,"[0.37162219884005204, 0.7974050461709582]",117,98
8707,[0.27317892 0.6945413 ],87,42,"[0.2346625058996496, 0.695644821677479]",117,-1
8708,[0.27417708 0.75651244],87,6,"[0.2864937659294625, 0.8061319185734634]",-1,-1
8709,[0.29931583 0.6909931 ],87,14,"[0.2991912902140973, 0.6498158096286489]",117,98
8710,[0.28706271 0.75211622],87,6,"[0.2864937659294625, 0.8061319185734634]",117,-1
8711,[0.2685257 0.7668495],87,6,"[0.2864937659294625, 0.8061319185734634]",117,-1
8712,[0.26284942 0.67201185],87,42,"[0.2346625058996496, 0.695644821677479]",117,-1
8713,[0.31922868 0.76363609],87,0,"[0.3339356228276975, 0.7219842546928952]",117,98
8714,[0.36014129 0.73818826],87,0,"[0.3339356228276975, 0.7219842546928952]",117,98
8715,[0.21407641 0.70480302],87,42,"[0.2346625058996496, 0.695644821677479]",-1,-1
8716,[0.25429582 0.77210104],87,73,"[0.21710138381515529, 0.7733240653788879]",117,-1
8717,[0.42291761 0.74266139],87,20,"[0.4431801719912439, 0.7668078343201206]",117,-1
8718,[0.29562503 0.67829407],87,14,"[0.2991912902140973, 0.6498158096286489]",117,-1
8719,[0.24411683 0.73898142],87,73,"[0.21710138381515529, 0.7733240653788879]",-1,-1
8720,[0.27534605 0.69898419],87,42,"[0.2346625058996496, 0.695644821677479]",117,-1
8721,[0.33392724 0.73510961],87,0,"[0.3339356228276975, 0.7219842546928952]",117,98
8722,[0.33914453 0.70848638],87,0,"[0.3339356228276975, 0.7219842546928952]",117,98
8723,[0.27120189 0.6940246 ],87,42,"[0.2346625058996496, 0.695644821677479]",117,-1
8724,[0.32932061 0.80072313],87,18,"[0.37162219884005204, 0.7974050461709582]",-1,-1
8725,[0.35751487 0.70375256],87,0,"[0.3339356228276975, 0.7219842546928952]",117,97
8726,[0.27869383 0.64127235],87,14,"[0.2991912902140973, 0.6498158096286489]",-1,-1
8727,[0.27108839 0.78467312],87,6,"[0.2864937659294625, 0.8061319185734634]",117,-1
8728,[0.29668788 0.77708282],87,6,"[0.2864937659294625, 0.8061319185734634]",117,-1
8729,[0.26211831 0.6537919 ],87,14,"[0.2991912902140973, 0.6498158096286489]",115,-1
8730,[0.31094477 0.73216384],87,0,"[0.3339356228276975, 0.7219842546928952]",117,98
8731,[0.33309353 0.74293891],87,0,"[0.3339356228276975, 0.7219842546928952]",117,98
8732,[0.27917952 0.78494863],87,6,"[0.2864937659294625, 0.8061319185734634]",117,98
8733,[0.29720172 0.71826657],87,0,"[0.3339356228276975, 0.7219842546928952]",117,-1
8734,[0.26900976 0.71121546],87,42,"[0.2346625058996496, 0.695644821677479]",117,-1
8735,[0.29043821 0.69202279],87,14,"[0.2991912902140973, 0.6498158096286489]",117,-1
8736,[0.32144496 0.77869638],87,6,"[0.2864937659294625, 0.8061319185734634]",117,-1
8737,[0.28984387 0.64983093],87,14,"[0.2991912902140973, 0.6498158096286489]",-1,-1
8738,[0.27124426 0.73004096],87,42,"[0.2346625058996496, 0.695644821677479]",117,-1
8739,[0.3679862  0.78818474],87,18,"[0.37162219884005204, 0.7974050461709582]",-1,-1
8740,[0.28840953 0.78587203],87,6,"[0.2864937659294625, 0.8061319185734634]",117,98
8741,[0.26450995 0.70244074],87,42,"[0.2346625058996496, 0.695644821677479]",-1,-1
8742,[0.29747868 0.73624017],87,0,"[0.3339356228276975, 0.7219842546928952]",117,-1
8743,[0.27732497 0.67690599],87,14,"[0.2991912902140973, 0.6498158096286489]",117,-1
8744,[0.31902569 0.69056838],87,0,"[0.3339356228276975, 0.7219842546928952]",117,-1
8745,[0.30190691 0.65388238],87,14,"[0.2991912902140973, 0.6498158096286489]",-1,-1
8746,[0.29362962 0.74292676],87,0,"[0.3339356228276975, 0.7219842546928952]",117,-1
8747,[0.26745661 0.73239703],87,42,"[0.2346625058996496, 0.695644821677479]",117,-1
8748,[0.30545999 0.78625629],87,6,"[0.2864937659294625, 0.8061319185734634]",117,-1
8749,[0.29093169 0.7757576 ],87,6,"[0.2864937659294625, 0.8061319185734634]",117,98
8750,[0.25112992 0.72774218],87,42,"[0.2346625058996496, 0.695644821677479]",-1,-1
8751,[0.31903383 0.76131766],87,0,"[0.3339356228276975, 0.7219842546928952]",117,98
8752,[0.19507111 0.75892449],87,73,"[0.21710138381515529, 0.7733240653788879]",44,-1
8753,[0.26940617 0.73753128],87,42,"[0.2346625058996496, 0.695644821677479]",117,-1
8754,[0.32908867 0.72182958],87,0,"[0.3339356228276975, 0.7219842546928952]",117,98
8755,[0.2813789  0.74381085],87,0,"[0.3339356228276975, 0.7219842546928952]",117,-1
8756,[0.26022538 0.7320571 ],87,42,"[0.2346625058996496, 0.695644821677479]",117,-1
8757,[0.2793499  0.68036429],87,14,"[0.2991912902140973, 0.6498158096286489]",117,-1
8758,[0.21387499 0.69806849],87,42,"[0.2346625058996496, 0.695644821677479]",-1,-1
8759,[0.24995713 0.76505189],87,73,"[0.21710138381515529, 0.7733240653788879]",117,-1
8760,[0.29391534 0.67531399],87,14,"[0.2991912902140973, 0.6498158096286489]",117,-1
8761,[0.2668898  0.79151818],87,6,"[0.2864937659294625, 0.8061319185734634]",117,-1
8762,[0.28246516 0.71978184],87,0,"[0.3339356228276975, 0.7219842546928952]",117,98
8763,[0.25596581 0.68299511],87,42,"[0.2346625058996496, 0.695644821677479]",-1,-1
8764,[0.22289384 0.73246359],87,42,"[0.2346625058996496, 0.695644821677479]",-1,-1
8765,[0.31522555 0.78003982],87,6,"[0.2864937659294625, 0.8061319185734634]",117,98
8766,[0.31670614 0.72484052],87,0,"[0.3339356228276975, 0.7219842546928952]",117,-1
8767,[0.26694944 0.76989501],87,6,"[0.2864937659294625, 0.8061319185734634]",-1,-1
8768,[0.33521779 0.69386105],87,0,"[0.3339356228276975, 0.7219842546928952]",117,98
8769,[0.20592528 0.69186933],87,42,"[0.2346625058996496, 0.695644821677479]",-1,-1
8770,[0.28826289 0.69844451],87,14,"[0.2991912902140973, 0.6498158096286489]",-1,-1
8771,[0.31752452 0.67715981],87,14,"[0.2991912902140973, 0.6498158096286489]",117,100
8772,[0.34680791 0.73927132],87,0,"[0.3339356228276975, 0.7219842546928952]",117,98
8773,[0.33683992 0.76588556],87,0,"[0.3339356228276975, 0.7219842546928952]",117,-1
8774,[0.32890945 0.68212964],87,0,"[0.3339356228276975, 0.7219842546928952]",117,-1
8775,[0.30744529 0.78618668],87,6,"[0.2864937659294625, 0.8061319185734634]",117,-1
8776,[0.31940473 0.73779962],87,0,"[0.3339356228276975, 0.7219842546928952]",117,98
8777,[0.30367455 0.70771757],87,0,"[0.3339356228276975, 0.7219842546928952]",117,98
8778,[0.28663178 0.72257583],87,0,"[0.3339356228276975, 0.7219842546928952]",117,98
8779,[0.3712093  0.72035728],87,0,"[0.3339356228276975, 0.7219842546928952]",117,-1
8780,[0.30021581 0.69179735],87,14,"[0.2991912902140973, 0.6498158096286489]",117,98
8781,[0.23895349 0.7540612 ],87,73,"[0.21710138381515529, 0.7733240653788879]",-1,-1
8782,[0.28142975 0.74604294],87,0,"[0.3339356228276975, 0.7219842546928952]",117,-1
8783,[0.2549959 0.7989225],87,6,"[0.2864937659294625, 0.8061319185734634]",117,-1
8784,[0.3259646  0.67142041],87,14,"[0.2991912902140973, 0.6498158096286489]",117,100
8785,[0.285891   0.70389902],87,0,"[0.3339356228276975, 0.7219842546928952]",117,-1
8786,[0.25016658 0.64617456],87,14,"[0.2991912902140973, 0.6498158096286489]",115,-1
8787,[0.23525187 0.70689743],87,42,"[0.2346625058996496, 0.695644821677479]",-1,-1
8788,[0.28746484 0.68221263],87,14,"[0.2991912902140973, 0.6498158096286489]",117,-1
8789,[0.35115987 0.66843749],87,36,"[0.3984729155032823, 0.6728808968441772]",117,100
8790,[0.32212144 0.75613409],87,0,"[0.3339356228276975, 0.7219842546928952]",117,98
8791,[0.32308807 0.75401962],87,0,"[0.3339356228276975, 0.7219842546928952]",117,98
8792,[0.31080073 0.67002538],87,14,"[0.2991912902140973, 0.6498158096286489]",117,100
8793,[0.27879108 0.76328639],87,6,"[0.2864937659294625, 0.8061319185734634]",117,98
8794,[0.26105976 0.71443562],87,42,"[0.2346625058996496, 0.695644821677479]",-1,-1
8795,[0.28763967 0.73849014],87,0,"[0.3339356228276975, 0.7219842546928952]",117,-1
8796,[0.23155898 0.72867154],87,42,"[0.2346625058996496, 0.695644821677479]",-1,-1
8797,[0.29833473 0.67646705],87,14,"[0.2991912902140973, 0.6498158096286489]",-1,-1
8798,[0.25858894 0.6687005 ],87,42,"[0.2346625058996496, 0.695644821677479]",-1,-1
8799,[0.32877746 0.73549319],87,0,"[0.3339356228276975, 0.7219842546928952]",117,98
8800,[0.26029867 0.67274287],88,42,"[0.2346625058996496, 0.695644821677479]",-1,-1
8801,[0.28177132 0.54655602],88,17,"[0.25907980690829885, 0.5772508610653444]",117,-1
8802,[0.25397034 0.53922485],88,17,"[0.25907980690829885, 0.5772508610653444]",-1,-1
8803,[0.2856181  0.57332119],88,17,"[0.25907980690829885, 0.5772508610653444]",117,89
8804,[0.29398387 0.59040399],88,17,"[0.25907980690829885, 0.5772508610653444]",117,-1
8805,[0.29962682 0.5076772 ],88,32,"[0.2628401192296225, 0.49392472915708574]",-1,-1
8806,[0.24555895 0.51270264],88,32,"[0.2628401192296225, 0.49392472915708574]",114,-1
8807,[0.29836368 0.53546658],88,9,"[0.34993355860173564, 0.5388204709038561]",117,-1
8808,[0.21145248 0.54970453],88,45,"[0.18958709402210344, 0.5831400503639066]",117,-1
8809,[0.26235618 0.50845497],88,32,"[0.2628401192296225, 0.49392472915708574]",114,-1
8810,[0.32702253 0.5729356 ],88,9,"[0.34993355860173564, 0.5388204709038561]",117,100
8811,[0.34804536 0.55010582],88,9,"[0.34993355860173564, 0.5388204709038561]",117,100
8812,[0.25602632 0.63167516],88,14,"[0.2991912902140973, 0.6498158096286489]",115,59
8813,[0.26053489 0.47884469],88,32,"[0.2628401192296225, 0.49392472915708574]",114,-1
8814,[0.29400188 0.50319598],88,32,"[0.2628401192296225, 0.49392472915708574]",-1,-1
8815,[0.31000121 0.59954172],88,7,"[0.3567953152728649, 0.610864568428335]",117,-1
8816,[0.3420605  0.48628097],88,39,"[0.3669055865255626, 0.44498159830625134]",-1,-1
8817,[0.3752671  0.51048359],88,9,"[0.34993355860173564, 0.5388204709038561]",117,76
8818,[0.31013004 0.56848306],88,9,"[0.34993355860173564, 0.5388204709038561]",117,-1
8819,[0.24739905 0.62291171],88,17,"[0.25907980690829885, 0.5772508610653444]",115,-1
8820,[0.24818056 0.56244814],88,17,"[0.25907980690829885, 0.5772508610653444]",117,-1
8821,[0.24195231 0.53096471],88,32,"[0.2628401192296225, 0.49392472915708574]",-1,-1
8822,[0.23362485 0.61171424],88,17,"[0.25907980690829885, 0.5772508610653444]",117,-1
8823,[0.28956843 0.49073315],88,32,"[0.2628401192296225, 0.49392472915708574]",77,15
8824,[0.21917278 0.54351849],88,45,"[0.18958709402210344, 0.5831400503639066]",117,-1
8825,[0.22620169 0.59863974],88,17,"[0.25907980690829885, 0.5772508610653444]",117,78
8826,[0.36195303 0.46165447],88,39,"[0.3669055865255626, 0.44498159830625134]",114,75
8827,[0.24517552 0.5621905 ],88,17,"[0.25907980690829885, 0.5772508610653444]",117,-1
8828,[0.31955463 0.58622602],88,7,"[0.3567953152728649, 0.610864568428335]",117,-1
8829,[0.29445809 0.52291055],88,32,"[0.2628401192296225, 0.49392472915708574]",-1,-1
8830,[0.26285477 0.59368938],88,17,"[0.25907980690829885, 0.5772508610653444]",117,79
8831,[0.2567713  0.63194324],88,14,"[0.2991912902140973, 0.6498158096286489]",115,59
8832,[0.31818094 0.58073016],88,7,"[0.3567953152728649, 0.610864568428335]",-1,-1
8833,[0.32366821 0.45712272],88,39,"[0.3669055865255626, 0.44498159830625134]",-1,-1
8834,[0.2770826  0.57988133],88,17,"[0.25907980690829885, 0.5772508610653444]",117,89
8835,[0.30628089 0.52703702],88,9,"[0.34993355860173564, 0.5388204709038561]",-1,-1
8836,[0.27558004 0.55368062],88,17,"[0.25907980690829885, 0.5772508610653444]",117,89
8837,[0.2902178 0.5632578],88,17,"[0.25907980690829885, 0.5772508610653444]",117,-1
8838,[0.34894746 0.55388115],88,9,"[0.34993355860173564, 0.5388204709038561]",117,-1
8839,[0.32869912 0.54779479],88,9,"[0.34993355860173564, 0.5388204709038561]",117,-1
8840,[0.3106166  0.53857076],88,9,"[0.34993355860173564, 0.5388204709038561]",117,-1
8841,[0.23517081 0.48105403],88,32,"[0.2628401192296225, 0.49392472915708574]",114,81
8842,[0.27993631 0.64369686],88,14,"[0.2991912902140973, 0.6498158096286489]",-1,-1
8843,[0.3293047  0.54953549],88,9,"[0.34993355860173564, 0.5388204709038561]",117,-1
8844,[0.40791345 0.54587995],88,29,"[0.4203507518330517, 0.5402216776416098]",117,100
8845,[0.31432263 0.61417038],88,14,"[0.2991912902140973, 0.6498158096286489]",117,100
8846,[0.24008667 0.49457177],88,32,"[0.2628401192296225, 0.49392472915708574]",114,81
8847,[0.32512841 0.47679157],88,39,"[0.3669055865255626, 0.44498159830625134]",77,15
8848,[0.34784792 0.55334486],88,9,"[0.34993355860173564, 0.5388204709038561]",117,-1
8849,[0.23888229 0.54661797],88,17,"[0.25907980690829885, 0.5772508610653444]",117,82
8850,[0.28666425 0.68370427],88,14,"[0.2991912902140973, 0.6498158096286489]",117,-1
8851,[0.28061215 0.55397601],88,17,"[0.25907980690829885, 0.5772508610653444]",117,89
8852,[0.3288649  0.56140845],88,9,"[0.34993355860173564, 0.5388204709038561]",117,100
8853,[0.34762374 0.60063153],88,7,"[0.3567953152728649, 0.610864568428335]",117,-1
8854,[0.21440729 0.58060323],88,45,"[0.18958709402210344, 0.5831400503639066]",117,-1
8855,[0.31190529 0.55946687],88,9,"[0.34993355860173564, 0.5388204709038561]",117,-1
8856,[0.33631072 0.63250062],88,7,"[0.3567953152728649, 0.610864568428335]",117,-1
8857,[0.2291044 0.5866709],88,17,"[0.25907980690829885, 0.5772508610653444]",-1,-1
8858,[0.33209931 0.5671275 ],88,9,"[0.34993355860173564, 0.5388204709038561]",117,100
8859,[0.31443932 0.64620189],88,14,"[0.2991912902140973, 0.6498158096286489]",117,-1
8860,[0.27474645 0.55094684],88,17,"[0.25907980690829885, 0.5772508610653444]",117,89
8861,[0.28944125 0.51772097],88,32,"[0.2628401192296225, 0.49392472915708574]",77,-1
8862,[0.35446079 0.61501618],88,7,"[0.3567953152728649, 0.610864568428335]",117,100
8863,[0.26930122 0.58860295],88,17,"[0.25907980690829885, 0.5772508610653444]",117,79
8864,[0.32802366 0.59489049],88,7,"[0.3567953152728649, 0.610864568428335]",117,-1
8865,[0.24399019 0.55521157],88,17,"[0.25907980690829885, 0.5772508610653444]",117,82
8866,[0.29311948 0.59574185],88,17,"[0.25907980690829885, 0.5772508610653444]",117,-1
8867,[0.22938076 0.52299989],88,32,"[0.2628401192296225, 0.49392472915708574]",114,-1
8868,[0.25425382 0.50486852],88,32,"[0.2628401192296225, 0.49392472915708574]",114,-1
8869,[0.30505905 0.5695511 ],88,17,"[0.25907980690829885, 0.5772508610653444]",117,-1
8870,[0.32141724 0.54088458],88,9,"[0.34993355860173564, 0.5388204709038561]",-1,-1
8871,[0.26862523 0.4958997 ],88,32,"[0.2628401192296225, 0.49392472915708574]",114,-1
8872,[0.28217492 0.59750307],88,17,"[0.25907980690829885, 0.5772508610653444]",117,-1
8873,[0.25783143 0.508562  ],88,32,"[0.2628401192296225, 0.49392472915708574]",114,-1
8874,[0.26166896 0.57794267],88,17,"[0.25907980690829885, 0.5772508610653444]",117,-1
8875,[0.36196271 0.48863547],88,39,"[0.3669055865255626, 0.44498159830625134]",-1,-1
8876,[0.34119723 0.56256321],88,9,"[0.34993355860173564, 0.5388204709038561]",117,100
8877,[0.27185545 0.54016671],88,17,"[0.25907980690829885, 0.5772508610653444]",117,-1
8878,[0.2678056 0.6286603],88,14,"[0.2991912902140973, 0.6498158096286489]",115,59
8879,[0.31107605 0.60072308],88,7,"[0.3567953152728649, 0.610864568428335]",117,100
8880,[0.27823778 0.49466679],88,32,"[0.2628401192296225, 0.49392472915708574]",-1,-1
8881,[0.33701231 0.49594635],88,9,"[0.34993355860173564, 0.5388204709038561]",-1,-1
8882,[0.24374978 0.46672514],88,32,"[0.2628401192296225, 0.49392472915708574]",114,-1
8883,[0.29265982 0.53826277],88,17,"[0.25907980690829885, 0.5772508610653444]",-1,-1
8884,[0.26057511 0.59894844],88,17,"[0.25907980690829885, 0.5772508610653444]",117,79
8885,[0.23586952 0.49895059],88,32,"[0.2628401192296225, 0.49392472915708574]",114,81
8886,[0.22982407 0.50056549],88,32,"[0.2628401192296225, 0.49392472915708574]",114,81
8887,[0.24578094 0.54879206],88,17,"[0.25907980690829885, 0.5772508610653444]",117,82
8888,[0.29603988 0.52242918],88,32,"[0.2628401192296225, 0.49392472915708574]",-1,-1
8889,[0.263917   0.53021665],88,32,"[0.2628401192296225, 0.49392472915708574]",-1,-1
8890,[0.35104495 0.51054916],88,9,"[0.34993355860173564, 0.5388204709038561]",-1,-1
8891,[0.2305482 0.461885 ],88,37,"[0.19793393907464019, 0.48816130273889874]",114,-1
8892,[0.30515841 0.53966351],88,9,"[0.34993355860173564, 0.5388204709038561]",117,-1
8893,[0.29706551 0.54368612],88,17,"[0.25907980690829885, 0.5772508610653444]",117,-1
8894,[0.28909814 0.52120906],88,32,"[0.2628401192296225, 0.49392472915708574]",77,-1
8895,[0.22580626 0.5978582 ],88,45,"[0.18958709402210344, 0.5831400503639066]",117,78
8896,[0.29438533 0.62081484],88,14,"[0.2991912902140973, 0.6498158096286489]",117,-1
8897,[0.22242815 0.59672182],88,45,"[0.18958709402210344, 0.5831400503639066]",117,78
8898,[0.34548324 0.57271147],88,9,"[0.34993355860173564, 0.5388204709038561]",117,100
8899,[0.25989776 0.52983169],88,32,"[0.2628401192296225, 0.49392472915708574]",114,-1
8900,[0.54073906 0.68023387],89,35,"[0.5368175380560374, 0.7057468765352064]",117,55
8901,[0.5429276  0.68367319],89,35,"[0.5368175380560374, 0.7057468765352064]",117,55
8902,[0.60008288 0.68400076],89,10,"[0.5824848627859263, 0.649655537749642]",-1,-1
8903,[0.59573935 0.63578148],89,10,"[0.5824848627859263, 0.649655537749642]",117,58
8904,[0.54702108 0.63181907],89,10,"[0.5824848627859263, 0.649655537749642]",117,-1
8905,[0.56824965 0.69658201],89,35,"[0.5368175380560374, 0.7057468765352064]",117,57
8906,[0.57949295 0.70019553],89,35,"[0.5368175380560374, 0.7057468765352064]",117,-1
8907,[0.54339426 0.68049404],89,35,"[0.5368175380560374, 0.7057468765352064]",117,55
8908,[0.50884387 0.75377884],89,35,"[0.5368175380560374, 0.7057468765352064]",43,-1
8909,[0.4551074  0.61265184],89,23,"[0.42263643503799797, 0.6161205416303672]",-1,-1
8910,[0.55034176 0.69397402],89,35,"[0.5368175380560374, 0.7057468765352064]",117,-1
8911,[0.55829969 0.7216291 ],89,35,"[0.5368175380560374, 0.7057468765352064]",87,-1
8912,[0.62816568 0.72152294],89,33,"[0.6312009655286229, 0.7427811490324232]",117,44
8913,[0.51775705 0.68549109],89,35,"[0.5368175380560374, 0.7057468765352064]",117,-1
8914,[0.52733345 0.72145288],89,35,"[0.5368175380560374, 0.7057468765352064]",87,17
8915,[0.58308829 0.63314634],89,10,"[0.5824848627859263, 0.649655537749642]",117,58
8916,[0.50451485 0.61361639],89,15,"[0.5005882845969348, 0.6071157673844066]",-1,-1
8917,[0.48467074 0.67737024],89,21,"[0.4609870817439305, 0.702274209592598]",117,-1
8918,[0.52472455 0.64741243],89,15,"[0.5005882845969348, 0.6071157673844066]",117,51
8919,[0.53672464 0.61000099],89,15,"[0.5005882845969348, 0.6071157673844066]",117,-1
8920,[0.64090884 0.73286659],89,33,"[0.6312009655286229, 0.7427811490324232]",117,-1
8921,[0.55161993 0.72629223],89,35,"[0.5368175380560374, 0.7057468765352064]",87,17
8922,[0.60106651 0.64100148],89,10,"[0.5824848627859263, 0.649655537749642]",117,58
8923,[0.51011487 0.71173297],89,35,"[0.5368175380560374, 0.7057468765352064]",-1,-1
8924,[0.57194947 0.68760867],89,10,"[0.5824848627859263, 0.649655537749642]",117,57
8925,[0.56964165 0.59746555],89,10,"[0.5824848627859263, 0.649655537749642]",65,-1
8926,[0.48005173 0.72043895],89,21,"[0.4609870817439305, 0.702274209592598]",-1,-1
8927,[0.55640287 0.65133507],89,10,"[0.5824848627859263, 0.649655537749642]",117,57
8928,[0.60629319 0.66552658],89,10,"[0.5824848627859263, 0.649655537749642]",117,-1
8929,[0.5403122 0.708315 ],89,35,"[0.5368175380560374, 0.7057468765352064]",-1,-1
8930,[0.5575495 0.6927278],89,35,"[0.5368175380560374, 0.7057468765352064]",117,57
8931,[0.63247593 0.50901083],89,95,"[0.6515121185373796, 0.5025970969917144]",33,-1
8932,[0.53267952 0.71081594],89,35,"[0.5368175380560374, 0.7057468765352064]",87,-1
8933,[0.53391812 0.68013255],89,35,"[0.5368175380560374, 0.7057468765352064]",117,55
8934,[0.53951229 0.67600182],89,35,"[0.5368175380560374, 0.7057468765352064]",117,55
8935,[0.55948178 0.73565014],89,35,"[0.5368175380560374, 0.7057468765352064]",87,17
8936,[0.54753941 0.65396505],89,10,"[0.5824848627859263, 0.649655537749642]",117,57
8937,[0.53963756 0.67787198],89,35,"[0.5368175380560374, 0.7057468765352064]",117,55
8938,[0.4915131  0.70558897],89,21,"[0.4609870817439305, 0.702274209592598]",117,-1
8939,[0.50254351 0.64810291],89,15,"[0.5005882845969348, 0.6071157673844066]",117,-1
8940,[0.53087329 0.67574558],89,35,"[0.5368175380560374, 0.7057468765352064]",117,-1
8941,[0.55626991 0.72674449],89,35,"[0.5368175380560374, 0.7057468765352064]",87,17
8942,[0.50950873 0.73146401],89,35,"[0.5368175380560374, 0.7057468765352064]",-1,-1
8943,[0.52970137 0.64770061],89,15,"[0.5005882845969348, 0.6071157673844066]",117,-1
8944,[0.53068376 0.65994395],89,35,"[0.5368175380560374, 0.7057468765352064]",-1,-1
8945,[0.55037793 0.6595156 ],89,10,"[0.5824848627859263, 0.649655537749642]",117,57
8946,[0.6192767  0.72763088],89,33,"[0.6312009655286229, 0.7427811490324232]",-1,-1
8947,[0.60010565 0.63686936],89,10,"[0.5824848627859263, 0.649655537749642]",117,58
8948,[0.51174644 0.61623035],89,15,"[0.5005882845969348, 0.6071157673844066]",-1,-1
8949,[0.53332567 0.74631834],89,35,"[0.5368175380560374, 0.7057468765352064]",87,17
8950,[0.49719743 0.63636649],89,15,"[0.5005882845969348, 0.6071157673844066]",117,-1
8951,[0.49337886 0.61438134],89,15,"[0.5005882845969348, 0.6071157673844066]",-1,-1
8952,[0.50449376 0.64830786],89,15,"[0.5005882845969348, 0.6071157673844066]",117,-1
8953,[0.58507565 0.58790151],89,69,"[0.5968891560771225, 0.5507363423930021]",-1,-1
8954,[0.56393367 0.61015062],89,10,"[0.5824848627859263, 0.649655537749642]",117,-1
8955,[0.53639309 0.73642336],89,35,"[0.5368175380560374, 0.7057468765352064]",87,17
8956,[0.51902859 0.6009411 ],89,15,"[0.5005882845969348, 0.6071157673844066]",-1,-1
8957,[0.54831365 0.65747798],89,10,"[0.5824848627859263, 0.649655537749642]",117,57
8958,[0.52342437 0.72253039],89,35,"[0.5368175380560374, 0.7057468765352064]",87,17
8959,[0.56712221 0.6683228 ],89,10,"[0.5824848627859263, 0.649655537749642]",117,57
8960,[0.58955963 0.60276029],89,10,"[0.5824848627859263, 0.649655537749642]",66,-1
8961,[0.5348041  0.63080152],89,15,"[0.5005882845969348, 0.6071157673844066]",117,53
8962,[0.50121698 0.7024797 ],89,35,"[0.5368175380560374, 0.7057468765352064]",-1,-1
8963,[0.57379079 0.71551145],89,35,"[0.5368175380560374, 0.7057468765352064]",-1,-1
8964,[0.51640775 0.7544063 ],89,35,"[0.5368175380560374, 0.7057468765352064]",-1,-1
8965,[0.55912494 0.67452693],89,10,"[0.5824848627859263, 0.649655537749642]",117,-1
8966,[0.49316328 0.60941408],89,15,"[0.5005882845969348, 0.6071157673844066]",105,-1
8967,[0.56316917 0.68641293],89,35,"[0.5368175380560374, 0.7057468765352064]",117,57
8968,[0.51629362 0.70917909],89,35,"[0.5368175380560374, 0.7057468765352064]",-1,-1
8969,[0.58415686 0.59948997],89,10,"[0.5824848627859263, 0.649655537749642]",66,-1
8970,[0.50087467 0.65536634],89,15,"[0.5005882845969348, 0.6071157673844066]",-1,-1
8971,[0.58183614 0.66689437],89,10,"[0.5824848627859263, 0.649655537749642]",117,57
8972,[0.53013303 0.62971982],89,15,"[0.5005882845969348, 0.6071157673844066]",117,53
8973,[0.53277515 0.64359806],89,15,"[0.5005882845969348, 0.6071157673844066]",117,-1
8974,[0.5468268  0.67763072],89,35,"[0.5368175380560374, 0.7057468765352064]",117,-1
8975,[0.51289574 0.66806148],89,35,"[0.5368175380560374, 0.7057468765352064]",117,-1
8976,[0.48593713 0.67623687],89,21,"[0.4609870817439305, 0.702274209592598]",117,-1
8977,[0.4995602  0.67146233],89,21,"[0.4609870817439305, 0.702274209592598]",117,-1
8978,[0.48852985 0.60082604],89,15,"[0.5005882845969348, 0.6071157673844066]",105,-1
8979,[0.59133495 0.69802268],89,10,"[0.5824848627859263, 0.649655537749642]",-1,-1
8980,[0.58723894 0.7211908 ],89,33,"[0.6312009655286229, 0.7427811490324232]",-1,-1
8981,[0.62461656 0.71314057],89,33,"[0.6312009655286229, 0.7427811490324232]",117,44
8982,[0.56494802 0.65123407],89,10,"[0.5824848627859263, 0.649655537749642]",117,-1
8983,[0.62465602 0.6166549 ],89,47,"[0.6479473958146146, 0.5918281279427561]",117,-1
8984,[0.53863194 0.6850978 ],89,35,"[0.5368175380560374, 0.7057468765352064]",117,55
8985,[0.5984417 0.6522543],89,10,"[0.5824848627859263, 0.649655537749642]",117,58
8986,[0.63952654 0.58270888],89,47,"[0.6479473958146146, 0.5918281279427561]",47,-1
8987,[0.60651086 0.71017887],89,33,"[0.6312009655286229, 0.7427811490324232]",117,-1
8988,[0.50455466 0.67385882],89,35,"[0.5368175380560374, 0.7057468765352064]",117,-1
8989,[0.45336333 0.67687889],89,21,"[0.4609870817439305, 0.702274209592598]",117,90
8990,[0.61491393 0.67779572],89,10,"[0.5824848627859263, 0.649655537749642]",117,-1
8991,[0.57263213 0.69846783],89,35,"[0.5368175380560374, 0.7057468765352064]",117,-1
8992,[0.5323628  0.64926996],89,10,"[0.5824848627859263, 0.649655537749642]",117,-1
8993,[0.55536329 0.70461212],89,35,"[0.5368175380560374, 0.7057468765352064]",117,-1
8994,[0.56398577 0.61209287],89,10,"[0.5824848627859263, 0.649655537749642]",117,-1
8995,[0.54515643 0.64853069],89,10,"[0.5824848627859263, 0.649655537749642]",117,-1
8996,[0.49313738 0.6464799 ],89,15,"[0.5005882845969348, 0.6071157673844066]",-1,-1
8997,[0.54912414 0.65393341],89,10,"[0.5824848627859263, 0.649655537749642]",117,57
8998,[0.52848787 0.57698196],89,15,"[0.5005882845969348, 0.6071157673844066]",-1,-1
8999,[0.55525055 0.66778704],89,10,"[0.5824848627859263, 0.649655537749642]",117,57
9000,[0.76521528 0.75888571],90,1,"[0.7484771342575616, 0.7179286626976465]",109,62
9001,[0.70281203 0.75517656],90,43,"[0.7124452149283717, 0.7959059325724773]",109,-1
9002,[0.7690545  0.73976594],90,1,"[0.7484771342575616, 0.7179286626976465]",109,62
9003,[0.7876076  0.73159092],90,12,"[0.8137791995140147, 0.719758767835923]",109,62
9004,[0.73190548 0.70541849],90,1,"[0.7484771342575616, 0.7179286626976465]",-1,-1
9005,[0.80978543 0.80424371],90,11,"[0.8200748460394902, 0.7883124729475122]",108,-1
9006,[0.81541364 0.84214251],90,87,"[0.7709981175814148, 0.8594636046327088]",-1,-1
9007,[0.79509583 0.74663709],90,12,"[0.8137791995140147, 0.719758767835923]",109,62
9008,[0.7421024  0.79945834],90,43,"[0.7124452149283717, 0.7959059325724773]",109,-1
9009,[0.7205213  0.73925797],90,1,"[0.7484771342575616, 0.7179286626976465]",109,-1
9010,[0.75840453 0.80522623],90,43,"[0.7124452149283717, 0.7959059325724773]",109,-1
9011,[0.73868772 0.80915956],90,43,"[0.7124452149283717, 0.7959059325724773]",-1,-1
9012,[0.75225374 0.80450906],90,43,"[0.7124452149283717, 0.7959059325724773]",-1,-1
9013,[0.71701272 0.79669141],90,43,"[0.7124452149283717, 0.7959059325724773]",109,-1
9014,[0.72371673 0.76379047],90,43,"[0.7124452149283717, 0.7959059325724773]",109,-1
9015,[0.87045782 0.70502728],90,54,"[0.8963029023131598, 0.7251847725408818]",38,-1
9016,[0.77109298 0.83260806],90,87,"[0.7709981175814148, 0.8594636046327088]",-1,-1
9017,[0.71611954 0.87418596],90,87,"[0.7709981175814148, 0.8594636046327088]",-1,-1
9018,[0.71065281 0.69076547],90,26,"[0.6720960040209921, 0.6796090225497248]",-1,-1
9019,[0.72590016 0.79634907],90,43,"[0.7124452149283717, 0.7959059325724773]",109,-1
9020,[0.77092676 0.76538353],90,1,"[0.7484771342575616, 0.7179286626976465]",109,62
9021,[0.71359228 0.73292403],90,1,"[0.7484771342575616, 0.7179286626976465]",109,56
9022,[0.73841622 0.71150021],90,1,"[0.7484771342575616, 0.7179286626976465]",109,-1
9023,[0.68958165 0.8201678 ],90,43,"[0.7124452149283717, 0.7959059325724773]",61,-1
9024,[0.77443985 0.82467624],90,87,"[0.7709981175814148, 0.8594636046327088]",-1,-1
9025,[0.73293556 0.73082033],90,1,"[0.7484771342575616, 0.7179286626976465]",109,56
9026,[0.84761264 0.79919678],90,11,"[0.8200748460394902, 0.7883124729475122]",109,-1
9027,[0.75808298 0.7731911 ],90,43,"[0.7124452149283717, 0.7959059325724773]",109,-1
9028,[0.78579961 0.83404648],90,87,"[0.7709981175814148, 0.8594636046327088]",-1,-1
9029,[0.76271601 0.84873942],90,87,"[0.7709981175814148, 0.8594636046327088]",-1,-1
9030,[0.72222163 0.75371908],90,43,"[0.7124452149283717, 0.7959059325724773]",109,-1
9031,[0.73757636 0.76727591],90,43,"[0.7124452149283717, 0.7959059325724773]",109,-1
9032,[0.76387725 0.80403836],90,43,"[0.7124452149283717, 0.7959059325724773]",-1,-1
9033,[0.72513289 0.75521468],90,43,"[0.7124452149283717, 0.7959059325724773]",109,-1
9034,[0.80588842 0.75452119],90,12,"[0.8137791995140147, 0.719758767835923]",109,62
9035,[0.77323526 0.79830272],90,11,"[0.8200748460394902, 0.7883124729475122]",-1,-1
9036,[0.8003483 0.7712339],90,11,"[0.8200748460394902, 0.7883124729475122]",109,62
9037,[0.83837879 0.73757228],90,12,"[0.8137791995140147, 0.719758767835923]",109,-1
9038,[0.70732238 0.91348348],90,-1,-1,-1,-1
9039,[0.69733071 0.78380116],90,43,"[0.7124452149283717, 0.7959059325724773]",-1,-1
9040,[0.77961017 0.70466226],90,1,"[0.7484771342575616, 0.7179286626976465]",109,62
9041,[0.72562321 0.81160231],90,43,"[0.7124452149283717, 0.7959059325724773]",-1,-1
9042,[0.72432915 0.83217902],90,43,"[0.7124452149283717, 0.7959059325724773]",-1,-1
9043,[0.69703933 0.80254331],90,43,"[0.7124452149283717, 0.7959059325724773]",74,-1
9044,[0.80342485 0.77113756],90,11,"[0.8200748460394902, 0.7883124729475122]",109,62
9045,[0.8069031  0.81333305],90,11,"[0.8200748460394902, 0.7883124729475122]",-1,-1
9046,[0.79613103 0.76806279],90,11,"[0.8200748460394902, 0.7883124729475122]",109,62
9047,[0.81309054 0.7569924 ],90,11,"[0.8200748460394902, 0.7883124729475122]",109,-1
9048,[0.76280107 0.71675089],90,1,"[0.7484771342575616, 0.7179286626976465]",109,62
9049,[0.74624797 0.70324445],90,1,"[0.7484771342575616, 0.7179286626976465]",109,-1
9050,[0.78086702 0.8702083 ],90,87,"[0.7709981175814148, 0.8594636046327088]",-1,-1
9051,[0.77015821 0.78785975],90,11,"[0.8200748460394902, 0.7883124729475122]",109,-1
9052,[0.82266902 0.77540454],90,11,"[0.8200748460394902, 0.7883124729475122]",109,-1
9053,[0.68723591 0.699813  ],90,26,"[0.6720960040209921, 0.6796090225497248]",109,-1
9054,[0.76333124 0.75100212],90,1,"[0.7484771342575616, 0.7179286626976465]",109,62
9055,[0.74097879 0.80075417],90,43,"[0.7124452149283717, 0.7959059325724773]",109,-1
9056,[0.84252239 0.79227763],90,11,"[0.8200748460394902, 0.7883124729475122]",109,-1
9057,[0.76149112 0.74008624],90,1,"[0.7484771342575616, 0.7179286626976465]",109,-1
9058,[0.80286003 0.75140836],90,12,"[0.8137791995140147, 0.719758767835923]",109,62
9059,[0.75232584 0.70217947],90,1,"[0.7484771342575616, 0.7179286626976465]",109,-1
9060,[0.68013113 0.67360587],90,26,"[0.6720960040209921, 0.6796090225497248]",-1,-1
9061,[0.77864265 0.7283924 ],90,1,"[0.7484771342575616, 0.7179286626976465]",109,62
9062,[0.72133639 0.68489572],90,1,"[0.7484771342575616, 0.7179286626976465]",109,-1
9063,[0.71970448 0.80281134],90,43,"[0.7124452149283717, 0.7959059325724773]",109,-1
9064,[0.72782281 0.82602487],90,43,"[0.7124452149283717, 0.7959059325724773]",-1,-1
9065,[0.71588165 0.72590678],90,1,"[0.7484771342575616, 0.7179286626976465]",109,56
9066,[0.78950097 0.81995049],90,87,"[0.7709981175814148, 0.8594636046327088]",-1,-1
9067,[0.8016237  0.80118482],90,11,"[0.8200748460394902, 0.7883124729475122]",108,-1
9068,[0.7447078  0.68541076],90,1,"[0.7484771342575616, 0.7179286626976465]",109,-1
9069,[0.77633577 0.7785672 ],90,11,"[0.8200748460394902, 0.7883124729475122]",109,-1
9070,[0.67345531 0.79903047],90,43,"[0.7124452149283717, 0.7959059325724773]",-1,-1
9071,[0.76793174 0.81502782],90,87,"[0.7709981175814148, 0.8594636046327088]",-1,-1
9072,[0.72104447 0.81016655],90,43,"[0.7124452149283717, 0.7959059325724773]",-1,-1
9073,[0.76013845 0.71586392],90,1,"[0.7484771342575616, 0.7179286626976465]",109,62
9074,[0.81420577 0.80114839],90,11,"[0.8200748460394902, 0.7883124729475122]",108,-1
9075,[0.7975536  0.76156882],90,11,"[0.8200748460394902, 0.7883124729475122]",109,62
9076,[0.80738588 0.77439927],90,11,"[0.8200748460394902, 0.7883124729475122]",109,62
9077,[0.79898439 0.78210493],90,11,"[0.8200748460394902, 0.7883124729475122]",109,62
9078,[0.68420717 0.79694156],90,43,"[0.7124452149283717, 0.7959059325724773]",-1,-1
9079,[0.82346734 0.72900929],90,12,"[0.8137791995140147, 0.719758767835923]",109,61
9080,[0.6802086 0.7503829],90,33,"[0.6312009655286229, 0.7427811490324232]",109,-1
9081,[0.78114631 0.84772666],90,87,"[0.7709981175814148, 0.8594636046327088]",19,-1
9082,[0.82727797 0.77607233],90,11,"[0.8200748460394902, 0.7883124729475122]",109,60
9083,[0.73138264 0.78596002],90,43,"[0.7124452149283717, 0.7959059325724773]",109,-1
9084,[0.78423316 0.74904899],90,12,"[0.8137791995140147, 0.719758767835923]",109,62
9085,[0.75083145 0.80306363],90,43,"[0.7124452149283717, 0.7959059325724773]",109,-1
9086,[0.75392358 0.7205101 ],90,1,"[0.7484771342575616, 0.7179286626976465]",109,-1
9087,[0.736942   0.77435057],90,43,"[0.7124452149283717, 0.7959059325724773]",109,-1
9088,[0.73384326 0.74965406],90,1,"[0.7484771342575616, 0.7179286626976465]",109,62
9089,[0.75101454 0.73139829],90,1,"[0.7484771342575616, 0.7179286626976465]",109,-1
9090,[0.71642288 0.8387122 ],90,43,"[0.7124452149283717, 0.7959059325724773]",-1,-1
9091,[0.79772042 0.76864872],90,11,"[0.8200748460394902, 0.7883124729475122]",109,62
9092,[0.77080587 0.76987304],90,11,"[0.8200748460394902, 0.7883124729475122]",109,62
9093,[0.7725104  0.75777137],90,1,"[0.7484771342575616, 0.7179286626976465]",109,62
9094,[0.81381163 0.75192572],90,12,"[0.8137791995140147, 0.719758767835923]",109,-1
9095,[0.72603023 0.76514209],90,43,"[0.7124452149283717, 0.7959059325724773]",109,-1
9096,[0.76438545 0.7998502 ],90,43,"[0.7124452149283717, 0.7959059325724773]",109,-1
9097,[0.73108674 0.78173993],90,43,"[0.7124452149283717, 0.7959059325724773]",109,-1
9098,[0.75669761 0.79232458],90,43,"[0.7124452149283717, 0.7959059325724773]",-1,-1
9099,[0.81720341 0.78154975],90,11,"[0.8200748460394902, 0.7883124729475122]",109,62
9100,[0.22887373 0.36631489],91,58,"[0.20200162677094644, 0.3700588211289526]",114,-1
9101,[0.25800337 0.42792092],91,16,"[0.2555939088543306, 0.4149016525883056]",114,-1
9102,[0.25716107 0.27948181],91,5,"[0.25263933558285595, 0.3182434845400105]",114,-1
9103,[0.26682587 0.32410071],91,5,"[0.25263933558285595, 0.3182434845400105]",114,-1
9104,[0.31793819 0.31947668],91,31,"[0.3442046468432694, 0.303512725044185]",114,87
9105,[0.28580861 0.39256712],91,3,"[0.32011025026158857, 0.3826718810103493]",114,94
9106,[0.21549283 0.39617946],91,58,"[0.20200162677094644, 0.3700588211289526]",114,-1
9107,[0.27011349 0.34106339],91,5,"[0.25263933558285595, 0.3182434845400105]",114,94
9108,[0.31145727 0.47494172],91,32,"[0.2628401192296225, 0.49392472915708574]",77,15
9109,[0.22469576 0.31395704],91,5,"[0.25263933558285595, 0.3182434845400105]",114,-1
9110,[0.22398866 0.32950069],91,5,"[0.25263933558285595, 0.3182434845400105]",114,94
9111,[0.3284098  0.34604978],91,3,"[0.32011025026158857, 0.3826718810103493]",114,88
9112,[0.1983941  0.45997846],91,37,"[0.19793393907464019, 0.48816130273889874]",114,77
9113,[0.32135114 0.34158724],91,3,"[0.32011025026158857, 0.3826718810103493]",114,88
9114,[0.34362306 0.318175  ],91,31,"[0.3442046468432694, 0.303512725044185]",-1,-1
9115,[0.23627968 0.39857029],91,16,"[0.2555939088543306, 0.4149016525883056]",114,-1
9116,[0.23054757 0.3470604 ],91,5,"[0.25263933558285595, 0.3182434845400105]",114,-1
9117,[0.20911474 0.3734048 ],91,58,"[0.20200162677094644, 0.3700588211289526]",114,-1
9118,[0.27919799 0.29121979],91,5,"[0.25263933558285595, 0.3182434845400105]",114,94
9119,[0.2787856  0.38755912],91,16,"[0.2555939088543306, 0.4149016525883056]",114,94
9120,[0.32658488 0.37376371],91,3,"[0.32011025026158857, 0.3826718810103493]",114,-1
9121,[0.21089864 0.37178507],91,58,"[0.20200162677094644, 0.3700588211289526]",114,-1
9122,[0.23679112 0.42849813],91,16,"[0.2555939088543306, 0.4149016525883056]",114,83
9123,[0.23157715 0.32533338],91,5,"[0.25263933558285595, 0.3182434845400105]",114,94
9124,[0.29743507 0.3567521 ],91,3,"[0.32011025026158857, 0.3826718810103493]",114,94
9125,[0.2895681  0.33557328],91,5,"[0.25263933558285595, 0.3182434845400105]",114,94
9126,[0.28874703 0.37462512],91,3,"[0.32011025026158857, 0.3826718810103493]",114,-1
9127,[0.24254857 0.32380551],91,5,"[0.25263933558285595, 0.3182434845400105]",114,94
9128,[0.29092683 0.35185177],91,3,"[0.32011025026158857, 0.3826718810103493]",114,94
9129,[0.27571192 0.35180633],91,5,"[0.25263933558285595, 0.3182434845400105]",114,-1
9130,[0.28690281 0.37162635],91,3,"[0.32011025026158857, 0.3826718810103493]",114,-1
9131,[0.33467693 0.37256889],91,3,"[0.32011025026158857, 0.3826718810103493]",114,-1
9132,[0.25637536 0.38411088],91,16,"[0.2555939088543306, 0.4149016525883056]",114,84
9133,[0.27578082 0.30596177],91,5,"[0.25263933558285595, 0.3182434845400105]",114,94
9134,[0.33533876 0.29489444],91,31,"[0.3442046468432694, 0.303512725044185]",114,-1
9135,[0.32480737 0.39745243],91,3,"[0.32011025026158857, 0.3826718810103493]",114,-1
9136,[0.33243272 0.35296236],91,3,"[0.32011025026158857, 0.3826718810103493]",114,88
9137,[0.27359639 0.2837933 ],91,5,"[0.25263933558285595, 0.3182434845400105]",114,94
9138,[0.26931648 0.29230716],91,5,"[0.25263933558285595, 0.3182434845400105]",114,94
9139,[0.25264352 0.36899674],91,16,"[0.2555939088543306, 0.4149016525883056]",114,84
9140,[0.25876072 0.35433145],91,5,"[0.25263933558285595, 0.3182434845400105]",114,-1
9141,[0.25980861 0.31090516],91,5,"[0.25263933558285595, 0.3182434845400105]",114,94
9142,[0.23932586 0.30729738],91,5,"[0.25263933558285595, 0.3182434845400105]",114,94
9143,[0.34002456 0.34404072],91,31,"[0.3442046468432694, 0.303512725044185]",114,-1
9144,[0.2425501  0.32216409],91,5,"[0.25263933558285595, 0.3182434845400105]",114,94
9145,[0.27858058 0.39601737],91,16,"[0.2555939088543306, 0.4149016525883056]",114,-1
9146,[0.21564058 0.35678819],91,58,"[0.20200162677094644, 0.3700588211289526]",-1,-1
9147,[0.27606658 0.40653939],91,16,"[0.2555939088543306, 0.4149016525883056]",114,-1
9148,[0.26149044 0.38218579],91,16,"[0.2555939088543306, 0.4149016525883056]",114,-1
9149,[0.29965125 0.35819763],91,3,"[0.32011025026158857, 0.3826718810103493]",114,94
9150,[0.32203001 0.34489225],91,3,"[0.32011025026158857, 0.3826718810103493]",114,88
9151,[0.24780147 0.31955532],91,5,"[0.25263933558285595, 0.3182434845400105]",114,94
9152,[0.2432417  0.39589806],91,16,"[0.2555939088543306, 0.4149016525883056]",114,84
9153,[0.28478892 0.38693505],91,3,"[0.32011025026158857, 0.3826718810103493]",114,94
9154,[0.27903484 0.37992065],91,3,"[0.32011025026158857, 0.3826718810103493]",114,94
9155,[0.21069214 0.36959501],91,58,"[0.20200162677094644, 0.3700588211289526]",114,-1
9156,[0.24932009 0.37943321],91,16,"[0.2555939088543306, 0.4149016525883056]",114,84
9157,[0.29411363 0.41174614],91,16,"[0.2555939088543306, 0.4149016525883056]",114,94
9158,[0.22965323 0.36543203],91,58,"[0.20200162677094644, 0.3700588211289526]",114,-1
9159,[0.29866553 0.34458827],91,3,"[0.32011025026158857, 0.3826718810103493]",114,-1
9160,[0.2915307  0.39394729],91,3,"[0.32011025026158857, 0.3826718810103493]",114,-1
9161,[0.28371948 0.34091408],91,5,"[0.25263933558285595, 0.3182434845400105]",114,-1
9162,[0.32236381 0.40681467],91,3,"[0.32011025026158857, 0.3826718810103493]",114,94
9163,[0.22122642 0.36592852],91,58,"[0.20200162677094644, 0.3700588211289526]",114,-1
9164,[0.21807753 0.33470014],91,5,"[0.25263933558285595, 0.3182434845400105]",114,-1
9165,[0.36892823 0.35468574],91,13,"[0.39947133599624457, 0.3634561327160814]",114,92
9166,[0.28675904 0.34035395],91,5,"[0.25263933558285595, 0.3182434845400105]",114,-1
9167,[0.25626925 0.30361582],91,5,"[0.25263933558285595, 0.3182434845400105]",114,94
9168,[0.29162929 0.36707287],91,3,"[0.32011025026158857, 0.3826718810103493]",114,94
9169,[0.26819438 0.33593114],91,5,"[0.25263933558285595, 0.3182434845400105]",114,-1
9170,[0.20289617 0.43329976],91,52,"[0.15299951742988305, 0.4190518444817022]",-1,45
9171,[0.33105862 0.35030429],91,3,"[0.32011025026158857, 0.3826718810103493]",114,-1
9172,[0.24970229 0.31017404],91,5,"[0.25263933558285595, 0.3182434845400105]",114,94
9173,[0.24944121 0.35573589],91,5,"[0.25263933558285595, 0.3182434845400105]",114,84
9174,[0.22217278 0.33539904],91,5,"[0.25263933558285595, 0.3182434845400105]",114,-1
9175,[0.30140886 0.42455706],91,3,"[0.32011025026158857, 0.3826718810103493]",114,-1
9176,[0.29303563 0.29170081],91,30,"[0.2966359808455789, 0.2452350977488949]",-1,-1
9177,[0.23912681 0.32801999],91,5,"[0.25263933558285595, 0.3182434845400105]",114,94
9178,[0.24494099 0.30020811],91,5,"[0.25263933558285595, 0.3182434845400105]",114,-1
9179,[0.2125434  0.37067504],91,58,"[0.20200162677094644, 0.3700588211289526]",114,-1
9180,[0.27148296 0.26270611],91,30,"[0.2966359808455789, 0.2452350977488949]",114,-1
9181,[0.30963835 0.31728728],91,31,"[0.3442046468432694, 0.303512725044185]",114,-1
9182,[0.29495852 0.40466282],91,3,"[0.32011025026158857, 0.3826718810103493]",114,94
9183,[0.27577236 0.40747121],91,16,"[0.2555939088543306, 0.4149016525883056]",114,-1
9184,[0.27089149 0.37919025],91,16,"[0.2555939088543306, 0.4149016525883056]",114,94
9185,[0.1750546  0.40485459],91,52,"[0.15299951742988305, 0.4190518444817022]",72,-1
9186,[0.3112417  0.34021073],91,3,"[0.32011025026158857, 0.3826718810103493]",114,-1
9187,[0.23047241 0.33526654],91,5,"[0.25263933558285595, 0.3182434845400105]",114,94
9188,[0.27990611 0.34861262],91,5,"[0.25263933558285595, 0.3182434845400105]",114,-1
9189,[0.19882965 0.33446684],91,58,"[0.20200162677094644, 0.3700588211289526]",41,13
9190,[0.25216958 0.40052959],91,16,"[0.2555939088543306, 0.4149016525883056]",114,-1
9191,[0.27185863 0.36921332],91,16,"[0.2555939088543306, 0.4149016525883056]",114,-1
9192,[0.24523679 0.3653241 ],91,58,"[0.20200162677094644, 0.3700588211289526]",114,84
9193,[0.27692835 0.33090101],91,5,"[0.25263933558285595, 0.3182434845400105]",-1,-1
9194,[0.22772602 0.28805973],91,5,"[0.25263933558285595, 0.3182434845400105]",114,-1
9195,[0.2610278  0.35315056],91,5,"[0.25263933558285595, 0.3182434845400105]",114,-1
9196,[0.24430075 0.36786207],91,58,"[0.20200162677094644, 0.3700588211289526]",114,84
9197,[0.24665629 0.38067928],91,16,"[0.2555939088543306, 0.4149016525883056]",114,84
9198,[0.21669686 0.41062644],91,16,"[0.2555939088543306, 0.4149016525883056]",114,-1
9199,[0.2569649  0.42278914],91,16,"[0.2555939088543306, 0.4149016525883056]",114,83
9200,[0.70978828 0.83653964],92,43,"[0.7124452149283717, 0.7959059325724773]",61,-1
9201,[0.72665604 0.78668888],92,43,"[0.7124452149283717, 0.7959059325724773]",109,-1
9202,[0.65521119 0.81543344],92,75,"[0.630404354287245, 0.867900490402714]",45,-1
9203,[0.70624454 0.77505972],92,43,"[0.7124452149283717, 0.7959059325724773]",109,-1
9204,[0.69557935 0.79226261],92,43,"[0.7124452149283717, 0.7959059325724773]",74,-1
9205,[0.70585822 0.73487852],92,1,"[0.7484771342575616, 0.7179286626976465]",109,-1
9206,[0.71044123 0.72756271],92,1,"[0.7484771342575616, 0.7179286626976465]",109,-1
9207,[0.74980442 0.77018106],92,43,"[0.7124452149283717, 0.7959059325724773]",109,-1
9208,[0.76321841 0.72042994],92,1,"[0.7484771342575616, 0.7179286626976465]",109,62
9209,[0.74625214 0.76827216],92,43,"[0.7124452149283717, 0.7959059325724773]",109,-1
9210,[0.68822268 0.83951429],92,43,"[0.7124452149283717, 0.7959059325724773]",-1,-1
9211,[0.76167059 0.84859396],92,87,"[0.7709981175814148, 0.8594636046327088]",-1,-1
9212,[0.6895614  0.72331731],92,26,"[0.6720960040209921, 0.6796090225497248]",109,46
9213,[0.69225596 0.76524509],92,43,"[0.7124452149283717, 0.7959059325724773]",109,-1
9214,[0.66288583 0.76461786],92,33,"[0.6312009655286229, 0.7427811490324232]",109,-1
9215,[0.69432004 0.83111509],92,43,"[0.7124452149283717, 0.7959059325724773]",61,-1
9216,[0.67148127 0.73945357],92,33,"[0.6312009655286229, 0.7427811490324232]",109,-1
9217,[0.69564998 0.79791669],92,43,"[0.7124452149283717, 0.7959059325724773]",74,-1
9218,[0.75253321 0.73654314],92,1,"[0.7484771342575616, 0.7179286626976465]",109,-1
9219,[0.6447719  0.81050195],92,75,"[0.630404354287245, 0.867900490402714]",-1,-1
9220,[0.65999873 0.72344814],92,33,"[0.6312009655286229, 0.7427811490324232]",-1,-1
9221,[0.77042488 0.79556396],92,11,"[0.8200748460394902, 0.7883124729475122]",109,-1
9222,[0.75520028 0.75627307],92,1,"[0.7484771342575616, 0.7179286626976465]",109,62
9223,[0.75707139 0.9107276 ],92,87,"[0.7709981175814148, 0.8594636046327088]",-1,-1
9224,[0.72395954 0.73228611],92,1,"[0.7484771342575616, 0.7179286626976465]",109,56
9225,[0.72496468 0.78336961],92,43,"[0.7124452149283717, 0.7959059325724773]",109,-1
9226,[0.62299623 0.82403592],92,75,"[0.630404354287245, 0.867900490402714]",9,-1
9227,[0.75659266 0.7791233 ],92,43,"[0.7124452149283717, 0.7959059325724773]",-1,-1
9228,[0.76956405 0.79307179],92,11,"[0.8200748460394902, 0.7883124729475122]",109,-1
9229,[0.65449307 0.75679692],92,33,"[0.6312009655286229, 0.7427811490324232]",-1,-1
9230,[0.73661266 0.76018349],92,43,"[0.7124452149283717, 0.7959059325724773]",109,-1
9231,[0.69152826 0.72988544],92,26,"[0.6720960040209921, 0.6796090225497248]",109,-1
9232,[0.74232529 0.74674207],92,1,"[0.7484771342575616, 0.7179286626976465]",109,62
9233,[0.69528459 0.84888233],92,43,"[0.7124452149283717, 0.7959059325724773]",-1,-1
9234,[0.84112004 0.82650403],92,11,"[0.8200748460394902, 0.7883124729475122]",109,42
9235,[0.76111596 0.82171879],92,87,"[0.7709981175814148, 0.8594636046327088]",-1,-1
9236,[0.77293667 0.82365033],92,87,"[0.7709981175814148, 0.8594636046327088]",-1,-1
9237,[0.70372738 0.827427  ],92,43,"[0.7124452149283717, 0.7959059325724773]",61,-1
9238,[0.6364752  0.72736225],92,33,"[0.6312009655286229, 0.7427811490324232]",117,44
9239,[0.61594987 0.71118071],92,33,"[0.6312009655286229, 0.7427811490324232]",117,-1
9240,[0.72135215 0.75036497],92,1,"[0.7484771342575616, 0.7179286626976465]",109,-1
9241,[0.77495191 0.74886475],92,1,"[0.7484771342575616, 0.7179286626976465]",109,62
9242,[0.77879763 0.70582246],92,1,"[0.7484771342575616, 0.7179286626976465]",109,62
9243,[0.6666492  0.76328015],92,33,"[0.6312009655286229, 0.7427811490324232]",109,-1
9244,[0.70344256 0.76368558],92,43,"[0.7124452149283717, 0.7959059325724773]",109,-1
9245,[0.78790133 0.75806074],92,11,"[0.8200748460394902, 0.7883124729475122]",109,62
9246,[0.60306761 0.75758437],92,33,"[0.6312009655286229, 0.7427811490324232]",-1,-1
9247,[0.68072361 0.72345722],92,26,"[0.6720960040209921, 0.6796090225497248]",109,-1
9248,[0.71316061 0.77344289],92,43,"[0.7124452149283717, 0.7959059325724773]",109,-1
9249,[0.7305247 0.7746406],92,43,"[0.7124452149283717, 0.7959059325724773]",109,-1
9250,[0.77619525 0.78421237],92,11,"[0.8200748460394902, 0.7883124729475122]",109,-1
9251,[0.6330993  0.79642365],92,33,"[0.6312009655286229, 0.7427811490324232]",-1,-1
9252,[0.70943568 0.77179561],92,43,"[0.7124452149283717, 0.7959059325724773]",109,-1
9253,[0.65582071 0.68347125],92,26,"[0.6720960040209921, 0.6796090225497248]",117,-1
9254,[0.68066946 0.82743623],92,43,"[0.7124452149283717, 0.7959059325724773]",-1,-1
9255,[0.70261384 0.80301338],92,43,"[0.7124452149283717, 0.7959059325724773]",74,-1
9256,[0.78606598 0.83866817],92,87,"[0.7709981175814148, 0.8594636046327088]",19,-1
9257,[0.69483446 0.83099019],92,43,"[0.7124452149283717, 0.7959059325724773]",61,-1
9258,[0.73306443 0.74211791],92,1,"[0.7484771342575616, 0.7179286626976465]",109,-1
9259,[0.78601626 0.78808979],92,11,"[0.8200748460394902, 0.7883124729475122]",109,-1
9260,[0.66350419 0.7408744 ],92,33,"[0.6312009655286229, 0.7427811490324232]",109,-1
9261,[0.69955074 0.80946398],92,43,"[0.7124452149283717, 0.7959059325724773]",74,-1
9262,[0.68321272 0.77630405],92,43,"[0.7124452149283717, 0.7959059325724773]",-1,-1
9263,[0.75673793 0.8308462 ],92,87,"[0.7709981175814148, 0.8594636046327088]",-1,-1
9264,[0.77764101 0.73425942],92,1,"[0.7484771342575616, 0.7179286626976465]",109,-1
9265,[0.68298834 0.79508795],92,43,"[0.7124452149283717, 0.7959059325724773]",-1,-1
9266,[0.74525776 0.7310347 ],92,1,"[0.7484771342575616, 0.7179286626976465]",109,-1
9267,[0.79622667 0.75805998],92,11,"[0.8200748460394902, 0.7883124729475122]",109,62
9268,[0.76227786 0.75228341],92,1,"[0.7484771342575616, 0.7179286626976465]",109,62
9269,[0.70908808 0.82131717],92,43,"[0.7124452149283717, 0.7959059325724773]",61,-1
9270,[0.66495422 0.69284351],92,26,"[0.6720960040209921, 0.6796090225497248]",-1,-1
9271,[0.7103124  0.84615865],92,43,"[0.7124452149283717, 0.7959059325724773]",-1,-1
9272,[0.72493049 0.72883859],92,1,"[0.7484771342575616, 0.7179286626976465]",109,56
9273,[0.71416987 0.72753015],92,1,"[0.7484771342575616, 0.7179286626976465]",109,56
9274,[0.78788654 0.78841947],92,11,"[0.8200748460394902, 0.7883124729475122]",109,-1
9275,[0.74037422 0.77288204],92,43,"[0.7124452149283717, 0.7959059325724773]",109,-1
9276,[0.71777743 0.77017078],92,43,"[0.7124452149283717, 0.7959059325724773]",109,-1
9277,[0.71383394 0.76476347],92,43,"[0.7124452149283717, 0.7959059325724773]",109,-1
9278,[0.73466711 0.74795096],92,1,"[0.7484771342575616, 0.7179286626976465]",109,62
9279,[0.73309411 0.80599465],92,43,"[0.7124452149283717, 0.7959059325724773]",109,-1
9280,[0.66619281 0.78436844],92,43,"[0.7124452149283717, 0.7959059325724773]",-1,-1
9281,[0.75261593 0.73533906],92,1,"[0.7484771342575616, 0.7179286626976465]",109,-1
9282,[0.75381149 0.80200228],92,43,"[0.7124452149283717, 0.7959059325724773]",-1,-1
9283,[0.75231587 0.75536418],92,1,"[0.7484771342575616, 0.7179286626976465]",109,62
9284,[0.69906747 0.77251035],92,43,"[0.7124452149283717, 0.7959059325724773]",109,-1
9285,[0.63844328 0.78134601],92,33,"[0.6312009655286229, 0.7427811490324232]",109,-1
9286,[0.76198871 0.70510878],92,1,"[0.7484771342575616, 0.7179286626976465]",109,-1
9287,[0.7073268  0.76222709],92,43,"[0.7124452149283717, 0.7959059325724773]",109,-1
9288,[0.77117832 0.78011606],92,11,"[0.8200748460394902, 0.7883124729475122]",109,62
9289,[0.71279592 0.71469147],92,1,"[0.7484771342575616, 0.7179286626976465]",109,-1
9290,[0.64785462 0.7734092 ],92,33,"[0.6312009655286229, 0.7427811490324232]",109,-1
9291,[0.77052937 0.73386833],92,1,"[0.7484771342575616, 0.7179286626976465]",109,62
9292,[0.68258027 0.81895255],92,43,"[0.7124452149283717, 0.7959059325724773]",-1,-1
9293,[0.69337345 0.71829538],92,26,"[0.6720960040209921, 0.6796090225497248]",109,46
9294,[0.68084895 0.74098866],92,33,"[0.6312009655286229, 0.7427811490324232]",109,-1
9295,[0.64492679 0.79666099],92,33,"[0.6312009655286229, 0.7427811490324232]",-1,-1
9296,[0.74163593 0.80525652],92,43,"[0.7124452149283717, 0.7959059325724773]",109,-1
9297,[0.66779586 0.80387603],92,43,"[0.7124452149283717, 0.7959059325724773]",45,-1
9298,[0.68420866 0.8274147 ],92,43,"[0.7124452149283717, 0.7959059325724773]",61,-1
9299,[0.67535227 0.68830816],92,26,"[0.6720960040209921, 0.6796090225497248]",109,-1
9300,[0.32117905 0.42171076],93,3,"[0.32011025026158857, 0.3826718810103493]",114,-1
9301,[0.38890049 0.43651351],93,39,"[0.3669055865255626, 0.44498159830625134]",114,75
9302,[0.31825327 0.3224386 ],93,31,"[0.3442046468432694, 0.303512725044185]",114,87
9303,[0.38146307 0.31877021],93,31,"[0.3442046468432694, 0.303512725044185]",-1,-1
9304,[0.37549547 0.37545432],93,13,"[0.39947133599624457, 0.3634561327160814]",-1,-1
9305,[0.36218201 0.41319453],93,39,"[0.3669055865255626, 0.44498159830625134]",114,-1
9306,[0.36061723 0.33827321],93,31,"[0.3442046468432694, 0.303512725044185]",114,85
9307,[0.3920803  0.44186695],93,39,"[0.3669055865255626, 0.44498159830625134]",114,-1
9308,[0.39031209 0.38052784],93,13,"[0.39947133599624457, 0.3634561327160814]",114,-1
9309,[0.35102611 0.37478633],93,3,"[0.32011025026158857, 0.3826718810103493]",114,93
9310,[0.33967341 0.31604669],93,31,"[0.3442046468432694, 0.303512725044185]",-1,-1
9311,[0.32391111 0.33981718],93,31,"[0.3442046468432694, 0.303512725044185]",114,88
9312,[0.28923252 0.40819131],93,16,"[0.2555939088543306, 0.4149016525883056]",114,94
9313,[0.37548834 0.41903524],93,39,"[0.3669055865255626, 0.44498159830625134]",114,74
9314,[0.39125909 0.3472394 ],93,13,"[0.39947133599624457, 0.3634561327160814]",114,-1
9315,[0.38811994 0.32288345],93,13,"[0.39947133599624457, 0.3634561327160814]",-1,-1
9316,[0.35316044 0.40433204],93,3,"[0.32011025026158857, 0.3826718810103493]",114,93
9317,[0.3071069  0.38291422],93,3,"[0.32011025026158857, 0.3826718810103493]",114,94
9318,[0.36553213 0.38389662],93,13,"[0.39947133599624457, 0.3634561327160814]",114,93
9319,[0.33383375 0.3317732 ],93,31,"[0.3442046468432694, 0.303512725044185]",114,-1
9320,[0.35985243 0.44406413],93,39,"[0.3669055865255626, 0.44498159830625134]",-1,-1
9321,[0.36987199 0.32863532],93,31,"[0.3442046468432694, 0.303512725044185]",114,85
9322,[0.29646592 0.33067905],93,5,"[0.25263933558285595, 0.3182434845400105]",114,94
9323,[0.38455342 0.41099495],93,39,"[0.3669055865255626, 0.44498159830625134]",114,-1
9324,[0.31337461 0.35938535],93,3,"[0.32011025026158857, 0.3826718810103493]",114,-1
9325,[0.23644282 0.38557432],93,16,"[0.2555939088543306, 0.4149016525883056]",114,-1
9326,[0.35954504 0.4031403 ],93,39,"[0.3669055865255626, 0.44498159830625134]",114,-1
9327,[0.38852591 0.34801726],93,13,"[0.39947133599624457, 0.3634561327160814]",-1,-1
9328,[0.33808952 0.37649484],93,3,"[0.32011025026158857, 0.3826718810103493]",114,-1
9329,[0.35054739 0.43403551],93,39,"[0.3669055865255626, 0.44498159830625134]",114,74
9330,[0.34437062 0.42359341],93,39,"[0.3669055865255626, 0.44498159830625134]",114,74
9331,[0.34008669 0.46761561],93,39,"[0.3669055865255626, 0.44498159830625134]",-1,-1
9332,[0.2885586 0.3536249],93,3,"[0.32011025026158857, 0.3826718810103493]",114,94
9333,[0.38184321 0.33534002],93,13,"[0.39947133599624457, 0.3634561327160814]",114,-1
9334,[0.35223141 0.39642659],93,3,"[0.32011025026158857, 0.3826718810103493]",114,93
9335,[0.29636255 0.39338266],93,3,"[0.32011025026158857, 0.3826718810103493]",114,94
9336,[0.4616611  0.37118742],93,55,"[0.4911189724579566, 0.36032847748337926]",114,-1
9337,[0.33730008 0.30117865],93,31,"[0.3442046468432694, 0.303512725044185]",114,87
9338,[0.30257413 0.36037189],93,3,"[0.32011025026158857, 0.3826718810103493]",114,94
9339,[0.37950672 0.37609259],93,13,"[0.39947133599624457, 0.3634561327160814]",114,-1
9340,[0.37116565 0.39309153],93,13,"[0.39947133599624457, 0.3634561327160814]",114,93
9341,[0.41585246 0.41172445],93,46,"[0.4417948344818715, 0.4376736545727672]",-1,-1
9342,[0.34954722 0.40777164],93,3,"[0.32011025026158857, 0.3826718810103493]",114,-1
9343,[0.27286448 0.37423265],93,16,"[0.2555939088543306, 0.4149016525883056]",114,94
9344,[0.31667589 0.33448712],93,31,"[0.3442046468432694, 0.303512725044185]",114,-1
9345,[0.43808705 0.4334475 ],93,46,"[0.4417948344818715, 0.4376736545727672]",-1,-1
9346,[0.27824532 0.28108784],93,30,"[0.2966359808455789, 0.2452350977488949]",114,94
9347,[0.35148458 0.33673265],93,31,"[0.3442046468432694, 0.303512725044185]",114,-1
9348,[0.27526616 0.37150588],93,3,"[0.32011025026158857, 0.3826718810103493]",114,-1
9349,[0.37846049 0.44413682],93,39,"[0.3669055865255626, 0.44498159830625134]",114,75
9350,[0.35964465 0.35790617],93,13,"[0.39947133599624457, 0.3634561327160814]",114,-1
9351,[0.28008707 0.30291956],93,5,"[0.25263933558285595, 0.3182434845400105]",114,94
9352,[0.33005708 0.35597888],93,3,"[0.32011025026158857, 0.3826718810103493]",114,88
9353,[0.34439542 0.39540084],93,3,"[0.32011025026158857, 0.3826718810103493]",114,-1
9354,[0.2575812  0.32910038],93,5,"[0.25263933558285595, 0.3182434845400105]",114,94
9355,[0.36448693 0.35318857],93,13,"[0.39947133599624457, 0.3634561327160814]",114,92
9356,[0.31050983 0.39483761],93,3,"[0.32011025026158857, 0.3826718810103493]",114,94
9357,[0.33269926 0.38746272],93,3,"[0.32011025026158857, 0.3826718810103493]",114,94
9358,[0.37023257 0.35452046],93,13,"[0.39947133599624457, 0.3634561327160814]",114,92
9359,[0.3552938  0.36848684],93,3,"[0.32011025026158857, 0.3826718810103493]",114,-1
9360,[0.31895891 0.31322326],93,31,"[0.3442046468432694, 0.303512725044185]",114,87
9361,[0.32094514 0.37345668],93,3,"[0.32011025026158857, 0.3826718810103493]",114,-1
9362,[0.30702383 0.4317538 ],93,3,"[0.32011025026158857, 0.3826718810103493]",114,-1
9363,[0.36836155 0.31669893],93,31,"[0.3442046468432694, 0.303512725044185]",114,-1
9364,[0.34573549 0.38273832],93,3,"[0.32011025026158857, 0.3826718810103493]",114,-1
9365,[0.32962965 0.39002192],93,3,"[0.32011025026158857, 0.3826718810103493]",114,94
9366,[0.30277496 0.38967975],93,3,"[0.32011025026158857, 0.3826718810103493]",114,94
9367,[0.35479292 0.40129983],93,3,"[0.32011025026158857, 0.3826718810103493]",114,93
9368,[0.41037461 0.31176054],93,13,"[0.39947133599624457, 0.3634561327160814]",-1,-1
9369,[0.38211432 0.44037622],93,39,"[0.3669055865255626, 0.44498159830625134]",114,75
9370,[0.33453584 0.30301969],93,31,"[0.3442046468432694, 0.303512725044185]",114,87
9371,[0.32277142 0.44860183],93,39,"[0.3669055865255626, 0.44498159830625134]",-1,-1
9372,[0.47152796 0.35356865],93,55,"[0.4911189724579566, 0.36032847748337926]",52,-1
9373,[0.34244355 0.37810765],93,3,"[0.32011025026158857, 0.3826718810103493]",114,93
9374,[0.43975705 0.37615924],93,13,"[0.39947133599624457, 0.3634561327160814]",114,71
9375,[0.34321588 0.37622693],93,3,"[0.32011025026158857, 0.3826718810103493]",114,93
9376,[0.32853109 0.35889321],93,3,"[0.32011025026158857, 0.3826718810103493]",114,88
9377,[0.34386064 0.3627942 ],93,3,"[0.32011025026158857, 0.3826718810103493]",114,-1
9378,[0.23051734 0.36895983],93,58,"[0.20200162677094644, 0.3700588211289526]",114,-1
9379,[0.35577723 0.4663992 ],93,39,"[0.3669055865255626, 0.44498159830625134]",114,-1
9380,[0.36655192 0.3326824 ],93,31,"[0.3442046468432694, 0.303512725044185]",114,85
9381,[0.35405861 0.36853797],93,3,"[0.32011025026158857, 0.3826718810103493]",114,93
9382,[0.37623442 0.43667553],93,39,"[0.3669055865255626, 0.44498159830625134]",114,-1
9383,[0.31937597 0.4136518 ],93,3,"[0.32011025026158857, 0.3826718810103493]",114,94
9384,[0.40855186 0.34655503],93,13,"[0.39947133599624457, 0.3634561327160814]",114,-1
9385,[0.44938939 0.44057687],93,46,"[0.4417948344818715, 0.4376736545727672]",-1,21
9386,[0.39178656 0.36363418],93,13,"[0.39947133599624457, 0.3634561327160814]",114,-1
9387,[0.31503727 0.4098488 ],93,3,"[0.32011025026158857, 0.3826718810103493]",114,94
9388,[0.35653741 0.38677435],93,3,"[0.32011025026158857, 0.3826718810103493]",114,93
9389,[0.42727964 0.34653569],93,13,"[0.39947133599624457, 0.3634561327160814]",-1,-1
9390,[0.30299175 0.3313963 ],93,31,"[0.3442046468432694, 0.303512725044185]",114,-1
9391,[0.36982207 0.38630235],93,13,"[0.39947133599624457, 0.3634561327160814]",114,93
9392,[0.41337905 0.43350082],93,46,"[0.4417948344818715, 0.4376736545727672]",-1,-1
9393,[0.38788276 0.36543852],93,13,"[0.39947133599624457, 0.3634561327160814]",114,92
9394,[0.36398072 0.42165845],93,39,"[0.3669055865255626, 0.44498159830625134]",114,74
9395,[0.39720407 0.39080787],93,13,"[0.39947133599624457, 0.3634561327160814]",114,-1
9396,[0.3382262  0.36603536],93,3,"[0.32011025026158857, 0.3826718810103493]",114,-1
9397,[0.34555903 0.36860686],93,3,"[0.32011025026158857, 0.3826718810103493]",114,93
9398,[0.33807587 0.45974197],93,39,"[0.3669055865255626, 0.44498159830625134]",-1,-1
9399,[0.3839603 0.4060697],93,39,"[0.3669055865255626, 0.44498159830625134]",114,-1
9400,[0.39491993 0.2083672 ],94,19,"[0.4108955753998655, 0.21032591711406007]",-1,-1
9401,[0.43488275 0.20647831],94,19,"[0.4108955753998655, 0.21032591711406007]",106,-1
9402,[0.43262861 0.20854506],94,19,"[0.4108955753998655, 0.21032591711406007]",106,-1
9403,[0.40913683 0.16456417],94,83,"[0.4230841119797742, 0.1320776863825804]",106,69
9404,[0.38982526 0.17153245],94,19,"[0.4108955753998655, 0.21032591711406007]",106,-1
9405,[0.31936444 0.23823473],94,30,"[0.2966359808455789, 0.2452350977488949]",114,-1
9406,[0.49462849 0.21251391],94,49,"[0.49260039765631497, 0.2531771469431645]",-1,-1
9407,[0.32129254 0.15805475],94,4,"[0.3328231275538315, 0.164647169186415]",-1,-1
9408,[0.41678087 0.18936006],94,19,"[0.4108955753998655, 0.21032591711406007]",106,-1
9409,[0.41373543 0.17620817],94,19,"[0.4108955753998655, 0.21032591711406007]",106,-1
9410,[0.37165162 0.30351299],94,31,"[0.3442046468432694, 0.303512725044185]",114,-1
9411,[0.43846563 0.23971034],94,19,"[0.4108955753998655, 0.21032591711406007]",29,-1
9412,[0.3284254  0.15837792],94,4,"[0.3328231275538315, 0.164647169186415]",-1,-1
9413,[0.28559662 0.15425197],94,84,"[0.29615237877199174, 0.1110224228591103]",113,66
9414,[0.41960383 0.15977319],94,83,"[0.4230841119797742, 0.1320776863825804]",106,-1
9415,[0.33266726 0.22758736],94,30,"[0.2966359808455789, 0.2452350977488949]",-1,-1
9416,[0.36037966 0.22094238],94,19,"[0.4108955753998655, 0.21032591711406007]",-1,-1
9417,[0.36375741 0.20771932],94,19,"[0.4108955753998655, 0.21032591711406007]",106,-1
9418,[0.41928593 0.23778281],94,19,"[0.4108955753998655, 0.21032591711406007]",-1,-1
9419,[0.34568889 0.11992168],94,4,"[0.3328231275538315, 0.164647169186415]",-1,-1
9420,[0.442167   0.17450253],94,83,"[0.4230841119797742, 0.1320776863825804]",81,-1
9421,[0.4406855  0.18027195],94,19,"[0.4108955753998655, 0.21032591711406007]",81,-1
9422,[0.3528058  0.23105639],94,30,"[0.2966359808455789, 0.2452350977488949]",-1,-1
9423,[0.38858774 0.19576512],94,19,"[0.4108955753998655, 0.21032591711406007]",-1,-1
9424,[0.39125686 0.20713224],94,19,"[0.4108955753998655, 0.21032591711406007]",-1,-1
9425,[0.36189527 0.19195153],94,4,"[0.3328231275538315, 0.164647169186415]",106,-1
9426,[0.41060445 0.19399864],94,19,"[0.4108955753998655, 0.21032591711406007]",106,68
9427,[0.34360233 0.16106709],94,4,"[0.3328231275538315, 0.164647169186415]",106,67
9428,[0.4272231  0.24784838],94,19,"[0.4108955753998655, 0.21032591711406007]",-1,-1
9429,[0.35750702 0.2629853 ],94,31,"[0.3442046468432694, 0.303512725044185]",100,16
9430,[0.37594248 0.22774492],94,19,"[0.4108955753998655, 0.21032591711406007]",-1,-1
9431,[0.35062689 0.29528348],94,31,"[0.3442046468432694, 0.303512725044185]",114,-1
9432,[0.36718303 0.2619537 ],94,31,"[0.3442046468432694, 0.303512725044185]",100,16
9433,[0.36095894 0.26027509],94,31,"[0.3442046468432694, 0.303512725044185]",100,16
9434,[0.41137215 0.13062146],94,83,"[0.4230841119797742, 0.1320776863825804]",-1,-1
9435,[0.3952937  0.23071672],94,19,"[0.4108955753998655, 0.21032591711406007]",-1,-1
9436,[0.3912439 0.1427897],94,83,"[0.4230841119797742, 0.1320776863825804]",106,-1
9437,[0.31816295 0.17468991],94,4,"[0.3328231275538315, 0.164647169186415]",113,65
9438,[0.41889523 0.16631821],94,83,"[0.4230841119797742, 0.1320776863825804]",106,-1
9439,[0.3401317  0.15461147],94,4,"[0.3328231275538315, 0.164647169186415]",106,-1
9440,[0.39131969 0.13073699],94,83,"[0.4230841119797742, 0.1320776863825804]",106,-1
9441,[0.41126078 0.28183838],94,-1,-1,-1,-1
9442,[0.37471614 0.24636102],94,19,"[0.4108955753998655, 0.21032591711406007]",-1,-1
9443,[0.34751398 0.16008531],94,4,"[0.3328231275538315, 0.164647169186415]",106,67
9444,[0.31117824 0.17273089],94,4,"[0.3328231275538315, 0.164647169186415]",113,-1
9445,[0.33535051 0.1588147 ],94,4,"[0.3328231275538315, 0.164647169186415]",-1,-1
9446,[0.37467859 0.12271445],94,83,"[0.4230841119797742, 0.1320776863825804]",-1,-1
9447,[0.40503459 0.19008096],94,19,"[0.4108955753998655, 0.21032591711406007]",106,68
9448,[0.35016261 0.27007781],94,31,"[0.3442046468432694, 0.303512725044185]",100,16
9449,[0.3824636  0.15485807],94,83,"[0.4230841119797742, 0.1320776863825804]",106,-1
9450,[0.36597369 0.20094854],94,19,"[0.4108955753998655, 0.21032591711406007]",106,-1
9451,[0.34553447 0.22430341],94,30,"[0.2966359808455789, 0.2452350977488949]",-1,-1
9452,[0.28498599 0.16709918],94,4,"[0.3328231275538315, 0.164647169186415]",113,66
9453,[0.46540861 0.15040934],94,83,"[0.4230841119797742, 0.1320776863825804]",-1,-1
9454,[0.36127707 0.17029685],94,4,"[0.3328231275538315, 0.164647169186415]",106,67
9455,[0.37665794 0.22291194],94,19,"[0.4108955753998655, 0.21032591711406007]",106,-1
9456,[0.3297891  0.22940835],94,30,"[0.2966359808455789, 0.2452350977488949]",-1,-1
9457,[0.37531358 0.13252254],94,83,"[0.4230841119797742, 0.1320776863825804]",-1,-1
9458,[0.36398131 0.23353026],94,19,"[0.4108955753998655, 0.21032591711406007]",-1,-1
9459,[0.50383643 0.17864725],94,-1,-1,7,-1
9460,[0.36304862 0.21242858],94,19,"[0.4108955753998655, 0.21032591711406007]",106,-1
9461,[0.39760911 0.2133    ],94,19,"[0.4108955753998655, 0.21032591711406007]",-1,-1
9462,[0.44142856 0.18096137],94,19,"[0.4108955753998655, 0.21032591711406007]",81,-1
9463,[0.44422768 0.2629709 ],94,49,"[0.49260039765631497, 0.2531771469431645]",29,-1
9464,[0.40945475 0.1549092 ],94,83,"[0.4230841119797742, 0.1320776863825804]",106,69
9465,[0.25813145 0.22618988],94,30,"[0.2966359808455789, 0.2452350977488949]",114,-1
9466,[0.36854157 0.20784595],94,19,"[0.4108955753998655, 0.21032591711406007]",106,-1
9467,[0.44241096 0.23443362],94,19,"[0.4108955753998655, 0.21032591711406007]",-1,-1
9468,[0.4511474  0.19263875],94,19,"[0.4108955753998655, 0.21032591711406007]",35,-1
9469,[0.33458426 0.24582909],94,30,"[0.2966359808455789, 0.2452350977488949]",-1,-1
9470,[0.33628004 0.11498803],94,84,"[0.29615237877199174, 0.1110224228591103]",-1,-1
9471,[0.37088583 0.16038539],94,4,"[0.3328231275538315, 0.164647169186415]",106,-1
9472,[0.45128046 0.23739132],94,49,"[0.49260039765631497, 0.2531771469431645]",29,-1
9473,[0.3581754  0.26159747],94,31,"[0.3442046468432694, 0.303512725044185]",100,16
9474,[0.46226852 0.16139639],94,83,"[0.4230841119797742, 0.1320776863825804]",-1,-1
9475,[0.37304281 0.1510346 ],94,4,"[0.3328231275538315, 0.164647169186415]",106,-1
9476,[0.37363471 0.22152522],94,19,"[0.4108955753998655, 0.21032591711406007]",106,-1
9477,[0.32921293 0.14184482],94,4,"[0.3328231275538315, 0.164647169186415]",-1,-1
9478,[0.41949682 0.13721861],94,83,"[0.4230841119797742, 0.1320776863825804]",-1,-1
9479,[0.36512016 0.17645626],94,4,"[0.3328231275538315, 0.164647169186415]",106,-1
9480,[0.41562732 0.20487921],94,19,"[0.4108955753998655, 0.21032591711406007]",106,-1
9481,[0.3527479  0.17602232],94,4,"[0.3328231275538315, 0.164647169186415]",106,-1
9482,[0.40219172 0.16276494],94,83,"[0.4230841119797742, 0.1320776863825804]",106,69
9483,[0.38647184 0.18557938],94,19,"[0.4108955753998655, 0.21032591711406007]",106,-1
9484,[0.36211231 0.22959821],94,19,"[0.4108955753998655, 0.21032591711406007]",106,-1
9485,[0.40217683 0.09864596],94,83,"[0.4230841119797742, 0.1320776863825804]",-1,-1
9486,[0.36098263 0.1101762 ],94,4,"[0.3328231275538315, 0.164647169186415]",-1,-1
9487,[0.45921851 0.22051402],94,49,"[0.49260039765631497, 0.2531771469431645]",-1,-1
9488,[0.37620563 0.15951086],94,4,"[0.3328231275538315, 0.164647169186415]",106,-1
9489,[0.321684  0.1715539],94,4,"[0.3328231275538315, 0.164647169186415]",113,65
9490,[0.36370059 0.17304115],94,4,"[0.3328231275538315, 0.164647169186415]",106,-1
9491,[0.46991928 0.28698266],94,49,"[0.49260039765631497, 0.2531771469431645]",-1,-1
9492,[0.44667105 0.14063583],94,83,"[0.4230841119797742, 0.1320776863825804]",-1,-1
9493,[0.38895166 0.1254365 ],94,83,"[0.4230841119797742, 0.1320776863825804]",106,-1
9494,[0.25807821 0.18950288],94,34,"[0.2185740004144134, 0.15608943562981872]",113,64
9495,[0.40930686 0.18585737],94,19,"[0.4108955753998655, 0.21032591711406007]",106,68
9496,[0.35404253 0.22166142],94,19,"[0.4108955753998655, 0.21032591711406007]",113,-1
9497,[0.31639487 0.23142791],94,30,"[0.2966359808455789, 0.2452350977488949]",114,-1
9498,[0.31180562 0.25789529],94,30,"[0.2966359808455789, 0.2452350977488949]",114,-1
9499,[0.41249818 0.13983384],94,83,"[0.4230841119797742, 0.1320776863825804]",-1,-1
9500,[0.83281144 0.7888578 ],95,11,"[0.8200748460394902, 0.7883124729475122]",109,-1
9501,[0.79304338 0.62362121],95,25,"[0.7860674509871751, 0.6421376783027304]",109,-1
9502,[0.87953529 0.6438079 ],95,-1,-1,-1,-1
9503,[0.78358592 0.77120655],95,11,"[0.8200748460394902, 0.7883124729475122]",109,-1
9504,[0.8788749  0.75934461],95,54,"[0.8963029023131598, 0.7251847725408818]",48,14
9505,[0.8623514  0.79216987],95,11,"[0.8200748460394902, 0.7883124729475122]",109,42
9506,[0.83239837 0.65275025],95,25,"[0.7860674509871751, 0.6421376783027304]",-1,-1
9507,[0.86602567 0.69266113],95,54,"[0.8963029023131598, 0.7251847725408818]",-1,-1
9508,[0.80880641 0.68315887],95,12,"[0.8137791995140147, 0.719758767835923]",109,-1
9509,[0.81520196 0.63046685],95,25,"[0.7860674509871751, 0.6421376783027304]",-1,-1
9510,[0.79667775 0.62281068],95,25,"[0.7860674509871751, 0.6421376783027304]",109,-1
9511,[0.83977205 0.68705678],95,12,"[0.8137791995140147, 0.719758767835923]",109,-1
9512,[0.87724083 0.72339971],95,54,"[0.8963029023131598, 0.7251847725408818]",38,-1
9513,[0.86740952 0.69097603],95,54,"[0.8963029023131598, 0.7251847725408818]",-1,-1
9514,[0.87899692 0.67530291],95,54,"[0.8963029023131598, 0.7251847725408818]",-1,-1
9515,[0.85474582 0.70082517],95,12,"[0.8137791995140147, 0.719758767835923]",109,-1
9516,[0.8834121  0.67527752],95,54,"[0.8963029023131598, 0.7251847725408818]",-1,-1
9517,[0.84124281 0.76496593],95,11,"[0.8200748460394902, 0.7883124729475122]",109,60
9518,[0.86897742 0.78643295],95,11,"[0.8200748460394902, 0.7883124729475122]",-1,-1
9519,[0.9309203  0.67508433],95,54,"[0.8963029023131598, 0.7251847725408818]",-1,-1
9520,[0.88597963 0.68141028],95,54,"[0.8963029023131598, 0.7251847725408818]",-1,-1
9521,[0.94148022 0.69620369],95,54,"[0.8963029023131598, 0.7251847725408818]",-1,-1
9522,[0.8458859  0.68917671],95,12,"[0.8137791995140147, 0.719758767835923]",109,-1
9523,[0.93782497 0.67880969],95,54,"[0.8963029023131598, 0.7251847725408818]",-1,-1
9524,[0.78712069 0.6257829 ],95,25,"[0.7860674509871751, 0.6421376783027304]",109,-1
9525,[0.90143416 0.668854  ],95,54,"[0.8963029023131598, 0.7251847725408818]",-1,-1
9526,[0.87580816 0.65263765],95,-1,-1,-1,-1
9527,[0.93288173 0.75847824],95,54,"[0.8963029023131598, 0.7251847725408818]",-1,-1
9528,[0.81489807 0.63350455],95,25,"[0.7860674509871751, 0.6421376783027304]",-1,-1
9529,[0.81066643 0.77512659],95,11,"[0.8200748460394902, 0.7883124729475122]",109,62
9530,[0.83821726 0.68369228],95,12,"[0.8137791995140147, 0.719758767835923]",109,-1
9531,[0.80868315 0.67354467],95,25,"[0.7860674509871751, 0.6421376783027304]",109,-1
9532,[0.92912755 0.78614391],95,40,"[0.8906018360892166, 0.8398226991198644]",-1,-1
9533,[0.86715051 0.6797034 ],95,54,"[0.8963029023131598, 0.7251847725408818]",-1,-1
9534,[0.86961182 0.65268521],95,-1,-1,-1,-1
9535,[0.87334352 0.73089188],95,54,"[0.8963029023131598, 0.7251847725408818]",38,-1
9536,[0.92751767 0.73699883],95,54,"[0.8963029023131598, 0.7251847725408818]",-1,-1
9537,[0.78383631 0.6975585 ],95,12,"[0.8137791995140147, 0.719758767835923]",109,62
9538,[0.85616844 0.67080437],95,12,"[0.8137791995140147, 0.719758767835923]",109,-1
9539,[0.76645829 0.6961082 ],95,1,"[0.7484771342575616, 0.7179286626976465]",109,-1
9540,[0.87686623 0.71129824],95,54,"[0.8963029023131598, 0.7251847725408818]",38,-1
9541,[0.84411263 0.68299259],95,12,"[0.8137791995140147, 0.719758767835923]",109,-1
9542,[0.89628496 0.68480868],95,54,"[0.8963029023131598, 0.7251847725408818]",-1,-1
9543,[0.83427318 0.77412593],95,11,"[0.8200748460394902, 0.7883124729475122]",109,60
9544,[0.85729973 0.65528135],95,-1,-1,-1,-1
9545,[0.87727915 0.6558352 ],95,-1,-1,-1,-1
9546,[0.79821317 0.65073316],95,25,"[0.7860674509871751, 0.6421376783027304]",109,49
9547,[0.82822075 0.69540465],95,12,"[0.8137791995140147, 0.719758767835923]",109,-1
9548,[0.87879214 0.68366703],95,54,"[0.8963029023131598, 0.7251847725408818]",-1,-1
9549,[0.8693477 0.7079249],95,54,"[0.8963029023131598, 0.7251847725408818]",38,-1
9550,[0.90718524 0.7416108 ],95,54,"[0.8963029023131598, 0.7251847725408818]",49,-1
9551,[0.8610157  0.81550873],95,40,"[0.8906018360892166, 0.8398226991198644]",-1,42
9552,[0.81384508 0.70613214],95,12,"[0.8137791995140147, 0.719758767835923]",109,-1
9553,[0.8627376  0.68921723],95,54,"[0.8963029023131598, 0.7251847725408818]",-1,-1
9554,[0.86060883 0.63290401],95,-1,-1,-1,-1
9555,[0.93947807 0.75661892],95,54,"[0.8963029023131598, 0.7251847725408818]",-1,-1
9556,[0.88924178 0.70331341],95,54,"[0.8963029023131598, 0.7251847725408818]",-1,-1
9557,[0.77522321 0.76043154],95,1,"[0.7484771342575616, 0.7179286626976465]",109,62
9558,[0.81097954 0.76256034],95,11,"[0.8200748460394902, 0.7883124729475122]",-1,-1
9559,[0.92897669 0.77585156],95,54,"[0.8963029023131598, 0.7251847725408818]",-1,-1
9560,[0.83645208 0.71736115],95,12,"[0.8137791995140147, 0.719758767835923]",109,-1
9561,[0.87187954 0.79674762],95,40,"[0.8906018360892166, 0.8398226991198644]",109,42
9562,[0.85705366 0.6488188 ],95,-1,-1,-1,-1
9563,[0.86438846 0.75525291],95,54,"[0.8963029023131598, 0.7251847725408818]",48,-1
9564,[0.79090754 0.693826  ],95,12,"[0.8137791995140147, 0.719758767835923]",109,62
9565,[0.85354121 0.67403136],95,12,"[0.8137791995140147, 0.719758767835923]",-1,-1
9566,[0.8224992  0.81325809],95,11,"[0.8200748460394902, 0.7883124729475122]",108,-1
9567,[0.93226713 0.65810049],95,-1,-1,-1,-1
9568,[0.81032346 0.79745042],95,11,"[0.8200748460394902, 0.7883124729475122]",108,-1
9569,[0.9056506  0.68384725],95,54,"[0.8963029023131598, 0.7251847725408818]",-1,-1
9570,[0.84948263 0.70640128],95,12,"[0.8137791995140147, 0.719758767835923]",109,-1
9571,[0.89073519 0.7600727 ],95,54,"[0.8963029023131598, 0.7251847725408818]",48,14
9572,[0.86477109 0.73192736],95,54,"[0.8963029023131598, 0.7251847725408818]",-1,-1
9573,[0.88032867 0.76549143],95,54,"[0.8963029023131598, 0.7251847725408818]",48,14
9574,[0.81536896 0.66639734],95,25,"[0.7860674509871751, 0.6421376783027304]",-1,-1
9575,[0.7770465  0.75822253],95,1,"[0.7484771342575616, 0.7179286626976465]",109,62
9576,[0.77732348 0.71176577],95,1,"[0.7484771342575616, 0.7179286626976465]",109,62
9577,[0.83327449 0.66831613],95,25,"[0.7860674509871751, 0.6421376783027304]",-1,-1
9578,[0.83017598 0.76738979],95,11,"[0.8200748460394902, 0.7883124729475122]",109,-1
9579,[0.73997615 0.69892416],95,1,"[0.7484771342575616, 0.7179286626976465]",109,-1
9580,[0.9237713 0.7479031],95,54,"[0.8963029023131598, 0.7251847725408818]",49,-1
9581,[0.8556297 0.7019112],95,12,"[0.8137791995140147, 0.719758767835923]",109,-1
9582,[0.87610795 0.72205795],95,54,"[0.8963029023131598, 0.7251847725408818]",38,-1
9583,[0.91852294 0.6712879 ],95,54,"[0.8963029023131598, 0.7251847725408818]",-1,-1
9584,[0.81964546 0.67591676],95,12,"[0.8137791995140147, 0.719758767835923]",109,-1
9585,[0.79364346 0.79864742],95,11,"[0.8200748460394902, 0.7883124729475122]",108,-1
9586,[0.80240756 0.76137363],95,11,"[0.8200748460394902, 0.7883124729475122]",109,62
9587,[0.85536225 0.67323712],95,12,"[0.8137791995140147, 0.719758767835923]",109,-1
9588,[0.8330471  0.70471015],95,12,"[0.8137791995140147, 0.719758767835923]",-1,-1
9589,[0.83375831 0.70082489],95,12,"[0.8137791995140147, 0.719758767835923]",109,-1
9590,[0.81974434 0.60369455],95,25,"[0.7860674509871751, 0.6421376783027304]",-1,-1
9591,[0.85302719 0.80632981],95,11,"[0.8200748460394902, 0.7883124729475122]",109,42
9592,[0.86254201 0.66903413],95,54,"[0.8963029023131598, 0.7251847725408818]",-1,-1
9593,[0.74801512 0.6683609 ],95,25,"[0.7860674509871751, 0.6421376783027304]",109,52
9594,[0.80224925 0.65675854],95,25,"[0.7860674509871751, 0.6421376783027304]",109,49
9595,[0.9233307 0.7877583],95,40,"[0.8906018360892166, 0.8398226991198644]",-1,-1
9596,[0.93980768 0.70422761],95,54,"[0.8963029023131598, 0.7251847725408818]",-1,-1
9597,[0.89466366 0.7695614 ],95,54,"[0.8963029023131598, 0.7251847725408818]",48,14
9598,[0.85438523 0.77564487],95,11,"[0.8200748460394902, 0.7883124729475122]",109,-1
9599,[0.85993605 0.76998354],95,11,"[0.8200748460394902, 0.7883124729475122]",-1,-1
9600,[0.34050511 0.20038888],96,4,"[0.3328231275538315, 0.164647169186415]",113,-1
9601,[0.37703204 0.3285775 ],96,31,"[0.3442046468432694, 0.303512725044185]",114,-1
9602,[0.318832   0.06152792],96,84,"[0.29615237877199174, 0.1110224228591103]",-1,-1
9603,[0.40229607 0.11302514],96,83,"[0.4230841119797742, 0.1320776863825804]",-1,-1
9604,[0.39337492 0.1307451 ],96,83,"[0.4230841119797742, 0.1320776863825804]",106,-1
9605,[0.37217742 0.21324656],96,19,"[0.4108955753998655, 0.21032591711406007]",106,-1
9606,[0.37584388 0.18038398],96,4,"[0.3328231275538315, 0.164647169186415]",106,-1
9607,[0.4271538  0.09576619],96,83,"[0.4230841119797742, 0.1320776863825804]",-1,-1
9608,[0.34886051 0.12613785],96,4,"[0.3328231275538315, 0.164647169186415]",-1,-1
9609,[0.34326646 0.18592856],96,4,"[0.3328231275538315, 0.164647169186415]",-1,-1
9610,[0.41437717 0.19651084],96,19,"[0.4108955753998655, 0.21032591711406007]",106,68
9611,[0.34447759 0.20533236],96,4,"[0.3328231275538315, 0.164647169186415]",113,-1
9612,[0.33734734 0.09940521],96,84,"[0.29615237877199174, 0.1110224228591103]",-1,-1
9613,[0.37947922 0.14994081],96,83,"[0.4230841119797742, 0.1320776863825804]",106,-1
9614,[0.3631381 0.1185463],96,4,"[0.3328231275538315, 0.164647169186415]",-1,-1
9615,[0.34957829 0.16499649],96,4,"[0.3328231275538315, 0.164647169186415]",106,67
9616,[0.35838808 0.16112462],96,4,"[0.3328231275538315, 0.164647169186415]",106,-1
9617,[0.37556894 0.10352884],96,83,"[0.4230841119797742, 0.1320776863825804]",-1,-1
9618,[0.30992296 0.18451351],96,4,"[0.3328231275538315, 0.164647169186415]",113,-1
9619,[0.40065642 0.15512606],96,83,"[0.4230841119797742, 0.1320776863825804]",106,69
9620,[0.36324007 0.14405836],96,4,"[0.3328231275538315, 0.164647169186415]",106,-1
9621,[0.27000845 0.20045106],96,30,"[0.2966359808455789, 0.2452350977488949]",-1,64
9622,[0.36460123 0.09818482],96,83,"[0.4230841119797742, 0.1320776863825804]",-1,-1
9623,[0.43702591 0.18265279],96,19,"[0.4108955753998655, 0.21032591711406007]",81,-1
9624,[0.39728146 0.15999816],96,83,"[0.4230841119797742, 0.1320776863825804]",106,69
9625,[0.34122108 0.10676206],96,84,"[0.29615237877199174, 0.1110224228591103]",-1,-1
9626,[0.36172964 0.13606803],96,4,"[0.3328231275538315, 0.164647169186415]",106,-1
9627,[0.35914712 0.07712991],96,-1,-1,-1,-1
9628,[0.47448708 0.17857345],96,83,"[0.4230841119797742, 0.1320776863825804]",-1,-1
9629,[0.37557131 0.16580983],96,4,"[0.3328231275538315, 0.164647169186415]",106,-1
9630,[0.41926808 0.16654595],96,83,"[0.4230841119797742, 0.1320776863825804]",-1,-1
9631,[0.34644247 0.16893165],96,4,"[0.3328231275538315, 0.164647169186415]",106,67
9632,[0.39387646 0.18294198],96,19,"[0.4108955753998655, 0.21032591711406007]",106,-1
9633,[0.44990548 0.19450424],96,19,"[0.4108955753998655, 0.21032591711406007]",35,-1
9634,[0.34502571 0.17801551],96,4,"[0.3328231275538315, 0.164647169186415]",-1,-1
9635,[0.36401063 0.20173327],96,19,"[0.4108955753998655, 0.21032591711406007]",106,-1
9636,[0.43119068 0.20992895],96,19,"[0.4108955753998655, 0.21032591711406007]",106,-1
9637,[0.34424018 0.13485989],96,4,"[0.3328231275538315, 0.164647169186415]",106,-1
9638,[0.37531812 0.17904435],96,4,"[0.3328231275538315, 0.164647169186415]",106,-1
9639,[0.37490714 0.1255758 ],96,83,"[0.4230841119797742, 0.1320776863825804]",-1,-1
9640,[0.41337172 0.16463939],96,83,"[0.4230841119797742, 0.1320776863825804]",106,69
9641,[0.39809541 0.19275474],96,19,"[0.4108955753998655, 0.21032591711406007]",106,-1
9642,[0.40926306 0.19247448],96,19,"[0.4108955753998655, 0.21032591711406007]",106,68
9643,[0.38344539 0.18598686],96,19,"[0.4108955753998655, 0.21032591711406007]",106,-1
9644,[0.40968762 0.15733491],96,83,"[0.4230841119797742, 0.1320776863825804]",106,69
9645,[0.36681096 0.07736963],96,-1,-1,-1,-1
9646,[0.34950358 0.14829525],96,4,"[0.3328231275538315, 0.164647169186415]",106,-1
9647,[0.40250575 0.21426681],96,19,"[0.4108955753998655, 0.21032591711406007]",-1,-1
9648,[0.3293612  0.25085722],96,30,"[0.2966359808455789, 0.2452350977488949]",-1,-1
9649,[0.40471596 0.17941316],96,19,"[0.4108955753998655, 0.21032591711406007]",106,68
9650,[0.41230864 0.18808807],96,19,"[0.4108955753998655, 0.21032591711406007]",106,68
9651,[0.38340526 0.19576465],96,19,"[0.4108955753998655, 0.21032591711406007]",106,-1
9652,[0.39316869 0.15259214],96,83,"[0.4230841119797742, 0.1320776863825804]",106,69
9653,[0.28817339 0.19470674],96,30,"[0.2966359808455789, 0.2452350977488949]",-1,-1
9654,[0.30055628 0.1680438 ],96,4,"[0.3328231275538315, 0.164647169186415]",113,66
9655,[0.32901608 0.19231279],96,4,"[0.3328231275538315, 0.164647169186415]",113,63
9656,[0.35037534 0.15119301],96,4,"[0.3328231275538315, 0.164647169186415]",106,67
9657,[0.38178722 0.21239074],96,19,"[0.4108955753998655, 0.21032591711406007]",106,-1
9658,[0.38944748 0.18220917],96,19,"[0.4108955753998655, 0.21032591711406007]",106,-1
9659,[0.38441971 0.0867664 ],96,83,"[0.4230841119797742, 0.1320776863825804]",-1,-1
9660,[0.40927535 0.26410272],96,19,"[0.4108955753998655, 0.21032591711406007]",-1,-1
9661,[0.33533257 0.16911221],96,4,"[0.3328231275538315, 0.164647169186415]",106,-1
9662,[0.42927956 0.25139247],96,19,"[0.4108955753998655, 0.21032591711406007]",-1,-1
9663,[0.34612199 0.16136816],96,4,"[0.3328231275538315, 0.164647169186415]",106,67
9664,[0.45637623 0.18357467],96,19,"[0.4108955753998655, 0.21032591711406007]",35,-1
9665,[0.3867257  0.14910763],96,83,"[0.4230841119797742, 0.1320776863825804]",106,69
9666,[0.49983154 0.17109095],96,-1,-1,7,-1
9667,[0.30151389 0.12733049],96,84,"[0.29615237877199174, 0.1110224228591103]",-1,-1
9668,[0.39889901 0.19235752],96,19,"[0.4108955753998655, 0.21032591711406007]",106,-1
9669,[0.41694522 0.13314044],96,83,"[0.4230841119797742, 0.1320776863825804]",-1,-1
9670,[0.35978677 0.26129513],96,31,"[0.3442046468432694, 0.303512725044185]",100,16
9671,[0.37323447 0.1994021 ],96,19,"[0.4108955753998655, 0.21032591711406007]",106,-1
9672,[0.39016628 0.12955563],96,83,"[0.4230841119797742, 0.1320776863825804]",106,-1
9673,[0.39929204 0.11968113],96,83,"[0.4230841119797742, 0.1320776863825804]",-1,-1
9674,[0.39943423 0.17430186],96,19,"[0.4108955753998655, 0.21032591711406007]",106,-1
9675,[0.38205716 0.16102032],96,4,"[0.3328231275538315, 0.164647169186415]",106,-1
9676,[0.42320898 0.17741039],96,19,"[0.4108955753998655, 0.21032591711406007]",106,-1
9677,[0.36477041 0.15320618],96,4,"[0.3328231275538315, 0.164647169186415]",106,-1
9678,[0.41675003 0.17602663],96,19,"[0.4108955753998655, 0.21032591711406007]",106,-1
9679,[0.38232979 0.10112675],96,83,"[0.4230841119797742, 0.1320776863825804]",-1,-1
9680,[0.35382387 0.18893318],96,4,"[0.3328231275538315, 0.164647169186415]",-1,-1
9681,[0.38056785 0.212356  ],96,19,"[0.4108955753998655, 0.21032591711406007]",106,-1
9682,[0.40648672 0.15692669],96,83,"[0.4230841119797742, 0.1320776863825804]",106,69
9683,[0.43677743 0.17529109],96,19,"[0.4108955753998655, 0.21032591711406007]",81,-1
9684,[0.35648483 0.14300543],96,4,"[0.3328231275538315, 0.164647169186415]",106,67
9685,[0.33177447 0.20438339],96,4,"[0.3328231275538315, 0.164647169186415]",113,-1
9686,[0.36656472 0.14726127],96,4,"[0.3328231275538315, 0.164647169186415]",106,-1
9687,[0.36951466 0.22712153],96,19,"[0.4108955753998655, 0.21032591711406007]",106,-1
9688,[0.45128193 0.19360231],96,19,"[0.4108955753998655, 0.21032591711406007]",35,-1
9689,[0.38856856 0.18937815],96,19,"[0.4108955753998655, 0.21032591711406007]",106,68
9690,[0.39054612 0.01263987],96,-1,-1,-1,-1
9691,[0.41716149 0.17730061],96,19,"[0.4108955753998655, 0.21032591711406007]",-1,-1
9692,[0.40859995 0.17713355],96,19,"[0.4108955753998655, 0.21032591711406007]",106,-1
9693,[0.4054753  0.18974777],96,19,"[0.4108955753998655, 0.21032591711406007]",106,68
9694,[0.41754472 0.2077494 ],96,19,"[0.4108955753998655, 0.21032591711406007]",-1,-1
9695,[0.40798015 0.16581797],96,83,"[0.4230841119797742, 0.1320776863825804]",106,69
9696,[0.40862977 0.12346538],96,83,"[0.4230841119797742, 0.1320776863825804]",-1,-1
9697,[0.39330423 0.1417083 ],96,83,"[0.4230841119797742, 0.1320776863825804]",106,-1
9698,[0.4238387  0.08611447],96,83,"[0.4230841119797742, 0.1320776863825804]",-1,-1
9699,[0.30730789 0.18496632],96,4,"[0.3328231275538315, 0.164647169186415]",113,-1
9700,[0.56307453 0.65517523],97,10,"[0.5824848627859263, 0.649655537749642]",117,-1
9701,[0.6608146  0.62608362],97,47,"[0.6479473958146146, 0.5918281279427561]",-1,-1
9702,[0.62486411 0.57025384],97,47,"[0.6479473958146146, 0.5918281279427561]",47,-1
9703,[0.63148041 0.66666318],97,26,"[0.6720960040209921, 0.6796090225497248]",117,-1
9704,[0.70149583 0.56782653],97,47,"[0.6479473958146146, 0.5918281279427561]",14,-1
9705,[0.55961366 0.66377198],97,10,"[0.5824848627859263, 0.649655537749642]",117,57
9706,[0.59750828 0.62323434],97,10,"[0.5824848627859263, 0.649655537749642]",117,-1
9707,[0.55282325 0.65981064],97,10,"[0.5824848627859263, 0.649655537749642]",117,57
9708,[0.69128865 0.68165032],97,26,"[0.6720960040209921, 0.6796090225497248]",109,-1
9709,[0.58618424 0.60340164],97,10,"[0.5824848627859263, 0.649655537749642]",66,-1
9710,[0.60498282 0.65897385],97,10,"[0.5824848627859263, 0.649655537749642]",117,-1
9711,[0.54362663 0.60443685],97,15,"[0.5005882845969348, 0.6071157673844066]",-1,-1
9712,[0.62991496 0.59701916],97,47,"[0.6479473958146146, 0.5918281279427561]",-1,-1
9713,[0.64003388 0.63453342],97,47,"[0.6479473958146146, 0.5918281279427561]",-1,-1
9714,[0.51038194 0.57280803],97,15,"[0.5005882845969348, 0.6071157673844066]",117,73
9715,[0.66386025 0.58116271],97,47,"[0.6479473958146146, 0.5918281279427561]",-1,-1
9716,[0.5117408  0.63687996],97,15,"[0.5005882845969348, 0.6071157673844066]",117,-1
9717,[0.64200882 0.58443391],97,47,"[0.6479473958146146, 0.5918281279427561]",-1,-1
9718,[0.5783507  0.63292503],97,10,"[0.5824848627859263, 0.649655537749642]",117,58
9719,[0.59279852 0.61804675],97,10,"[0.5824848627859263, 0.649655537749642]",-1,-1
9720,[0.63325685 0.63151288],97,47,"[0.6479473958146146, 0.5918281279427561]",117,-1
9721,[0.52415322 0.65667204],97,35,"[0.5368175380560374, 0.7057468765352064]",117,51
9722,[0.57326162 0.61915539],97,10,"[0.5824848627859263, 0.649655537749642]",117,-1
9723,[0.54925467 0.64525667],97,10,"[0.5824848627859263, 0.649655537749642]",117,57
9724,[0.65115148 0.62655252],97,47,"[0.6479473958146146, 0.5918281279427561]",107,-1
9725,[0.65798739 0.67722012],97,26,"[0.6720960040209921, 0.6796090225497248]",-1,-1
9726,[0.54861948 0.72102135],97,35,"[0.5368175380560374, 0.7057468765352064]",87,17
9727,[0.62325297 0.59507502],97,47,"[0.6479473958146146, 0.5918281279427561]",-1,-1
9728,[0.60516696 0.72692715],97,33,"[0.6312009655286229, 0.7427811490324232]",-1,-1
9729,[0.56011025 0.6160613 ],97,10,"[0.5824848627859263, 0.649655537749642]",117,-1
9730,[0.57910669 0.64611077],97,10,"[0.5824848627859263, 0.649655537749642]",117,-1
9731,[0.59290193 0.64146314],97,10,"[0.5824848627859263, 0.649655537749642]",117,58
9732,[0.56639996 0.62533812],97,10,"[0.5824848627859263, 0.649655537749642]",117,-1
9733,[0.61168805 0.6066523 ],97,47,"[0.6479473958146146, 0.5918281279427561]",117,-1
9734,[0.48220289 0.56693997],97,15,"[0.5005882845969348, 0.6071157673844066]",-1,-1
9735,[0.55117926 0.55341592],97,62,"[0.5599812286976242, 0.5191315092027347]",-1,-1
9736,[0.50881728 0.57603678],97,15,"[0.5005882845969348, 0.6071157673844066]",117,73
9737,[0.576301   0.62925272],97,10,"[0.5824848627859263, 0.649655537749642]",117,58
9738,[0.63012073 0.57775627],97,47,"[0.6479473958146146, 0.5918281279427561]",47,-1
9739,[0.61753375 0.6096372 ],97,47,"[0.6479473958146146, 0.5918281279427561]",117,-1
9740,[0.58142496 0.67109532],97,10,"[0.5824848627859263, 0.649655537749642]",117,57
9741,[0.60093204 0.5248384 ],97,69,"[0.5968891560771225, 0.5507363423930021]",-1,-1
9742,[0.62048358 0.60592094],97,47,"[0.6479473958146146, 0.5918281279427561]",-1,-1
9743,[0.60968258 0.58955084],97,47,"[0.6479473958146146, 0.5918281279427561]",117,-1
9744,[0.69168311 0.57291466],97,47,"[0.6479473958146146, 0.5918281279427561]",14,-1
9745,[0.50654023 0.61945691],97,15,"[0.5005882845969348, 0.6071157673844066]",117,-1
9746,[0.53181309 0.61233328],97,15,"[0.5005882845969348, 0.6071157673844066]",117,53
9747,[0.64914029 0.62928886],97,47,"[0.6479473958146146, 0.5918281279427561]",107,-1
9748,[0.61290797 0.63969224],97,10,"[0.5824848627859263, 0.649655537749642]",117,-1
9749,[0.63085931 0.58002784],97,47,"[0.6479473958146146, 0.5918281279427561]",47,-1
9750,[0.60568445 0.57771173],97,69,"[0.5968891560771225, 0.5507363423930021]",-1,-1
9751,[0.71950867 0.5532845 ],97,74,"[0.7652076339305975, 0.5703048591625808]",14,2
9752,[0.56150808 0.58754309],97,69,"[0.5968891560771225, 0.5507363423930021]",65,-1
9753,[0.54141834 0.62137838],97,15,"[0.5005882845969348, 0.6071157673844066]",117,-1
9754,[0.66059898 0.6261448 ],97,47,"[0.6479473958146146, 0.5918281279427561]",-1,-1
9755,[0.57905391 0.66175182],97,10,"[0.5824848627859263, 0.649655537749642]",117,-1
9756,[0.61862593 0.70142869],97,33,"[0.6312009655286229, 0.7427811490324232]",117,-1
9757,[0.53541123 0.55009672],97,62,"[0.5599812286976242, 0.5191315092027347]",-1,-1
9758,[0.60340405 0.6275283 ],97,10,"[0.5824848627859263, 0.649655537749642]",117,58
9759,[0.59435141 0.58447427],97,69,"[0.5968891560771225, 0.5507363423930021]",67,-1
9760,[0.64695645 0.67604059],97,26,"[0.6720960040209921, 0.6796090225497248]",-1,-1
9761,[0.68510963 0.6411478 ],97,26,"[0.6720960040209921, 0.6796090225497248]",-1,-1
9762,[0.63860053 0.66821247],97,26,"[0.6720960040209921, 0.6796090225497248]",-1,-1
9763,[0.55655046 0.58974034],97,69,"[0.5968891560771225, 0.5507363423930021]",65,-1
9764,[0.62951845 0.62089229],97,47,"[0.6479473958146146, 0.5918281279427561]",117,-1
9765,[0.60510496 0.62375312],97,10,"[0.5824848627859263, 0.649655537749642]",117,58
9766,[0.58610356 0.66028356],97,10,"[0.5824848627859263, 0.649655537749642]",117,57
9767,[0.64229412 0.56500713],97,47,"[0.6479473958146146, 0.5918281279427561]",-1,-1
9768,[0.59458648 0.59742796],97,69,"[0.5968891560771225, 0.5507363423930021]",66,-1
9769,[0.60416274 0.65839868],97,10,"[0.5824848627859263, 0.649655537749642]",117,-1
9770,[0.56023066 0.61178632],97,10,"[0.5824848627859263, 0.649655537749642]",117,-1
9771,[0.62028597 0.624555  ],97,47,"[0.6479473958146146, 0.5918281279427561]",117,-1
9772,[0.52550981 0.62782181],97,15,"[0.5005882845969348, 0.6071157673844066]",117,-1
9773,[0.54925206 0.58409709],97,15,"[0.5005882845969348, 0.6071157673844066]",-1,-1
9774,[0.57163382 0.58813683],97,69,"[0.5968891560771225, 0.5507363423930021]",65,-1
9775,[0.54778753 0.54686867],97,62,"[0.5599812286976242, 0.5191315092027347]",-1,-1
9776,[0.61535379 0.68516304],97,10,"[0.5824848627859263, 0.649655537749642]",117,-1
9777,[0.52661032 0.69094454],97,35,"[0.5368175380560374, 0.7057468765352064]",117,-1
9778,[0.56807338 0.57223624],97,69,"[0.5968891560771225, 0.5507363423930021]",-1,-1
9779,[0.62466842 0.69526787],97,33,"[0.6312009655286229, 0.7427811490324232]",117,-1
9780,[0.52275097 0.57048143],97,15,"[0.5005882845969348, 0.6071157673844066]",117,73
9781,[0.58350985 0.67488205],97,10,"[0.5824848627859263, 0.649655537749642]",117,57
9782,[0.54337075 0.65120648],97,10,"[0.5824848627859263, 0.649655537749642]",117,57
9783,[0.62503044 0.63985183],97,10,"[0.5824848627859263, 0.649655537749642]",117,-1
9784,[0.61984247 0.6305854 ],97,10,"[0.5824848627859263, 0.649655537749642]",117,-1
9785,[0.55941058 0.61928163],97,10,"[0.5824848627859263, 0.649655537749642]",117,-1
9786,[0.6444653  0.57837408],97,47,"[0.6479473958146146, 0.5918281279427561]",-1,-1
9787,[0.58418663 0.54186435],97,69,"[0.5968891560771225, 0.5507363423930021]",-1,-1
9788,[0.51622239 0.59170916],97,15,"[0.5005882845969348, 0.6071157673844066]",-1,-1
9789,[0.5239885  0.60673003],97,15,"[0.5005882845969348, 0.6071157673844066]",117,-1
9790,[0.69622621 0.58423856],97,47,"[0.6479473958146146, 0.5918281279427561]",-1,-1
9791,[0.60948527 0.62317702],97,10,"[0.5824848627859263, 0.649655537749642]",117,58
9792,[0.54135247 0.64310261],97,10,"[0.5824848627859263, 0.649655537749642]",117,53
9793,[0.60373604 0.5571259 ],97,69,"[0.5968891560771225, 0.5507363423930021]",68,-1
9794,[0.53548209 0.62749169],97,15,"[0.5005882845969348, 0.6071157673844066]",117,53
9795,[0.60111986 0.66228268],97,10,"[0.5824848627859263, 0.649655537749642]",117,-1
9796,[0.62946502 0.62516658],97,47,"[0.6479473958146146, 0.5918281279427561]",117,-1
9797,[0.57343073 0.66890816],97,10,"[0.5824848627859263, 0.649655537749642]",117,57
9798,[0.58402316 0.62981433],97,10,"[0.5824848627859263, 0.649655537749642]",117,58
9799,[0.73424977 0.68470206],97,1,"[0.7484771342575616, 0.7179286626976465]",109,-1
9800,[0.49540254 0.21370321],98,49,"[0.49260039765631497, 0.2531771469431645]",-1,-1
9801,[0.47894266 0.17225607],98,83,"[0.4230841119797742, 0.1320776863825804]",-1,-1
9802,[0.46111683 0.11540427],98,83,"[0.4230841119797742, 0.1320776863825804]",-1,-1
9803,[0.38891087 0.15959988],98,83,"[0.4230841119797742, 0.1320776863825804]",106,-1
9804,[0.39657412 0.13638223],98,83,"[0.4230841119797742, 0.1320776863825804]",106,-1
9805,[0.4862152  0.10524977],98,83,"[0.4230841119797742, 0.1320776863825804]",-1,-1
9806,[0.40597368 0.17118342],98,19,"[0.4108955753998655, 0.21032591711406007]",106,69
9807,[0.43831267 0.15022682],98,83,"[0.4230841119797742, 0.1320776863825804]",-1,-1
9808,[0.34740878 0.15814148],98,4,"[0.3328231275538315, 0.164647169186415]",106,67
9809,[0.43620441 0.15937934],98,83,"[0.4230841119797742, 0.1320776863825804]",-1,-1
9810,[0.35957333 0.08829389],98,84,"[0.29615237877199174, 0.1110224228591103]",-1,-1
9811,[0.40412838 0.18703818],98,19,"[0.4108955753998655, 0.21032591711406007]",106,68
9812,[0.38588794 0.17102705],98,19,"[0.4108955753998655, 0.21032591711406007]",106,-1
9813,[0.45598423 0.18410936],98,19,"[0.4108955753998655, 0.21032591711406007]",35,-1
9814,[0.40080316 0.21237393],98,19,"[0.4108955753998655, 0.21032591711406007]",-1,-1
9815,[0.41234733 0.19240791],98,19,"[0.4108955753998655, 0.21032591711406007]",106,68
9816,[0.44413606 0.2111535 ],98,19,"[0.4108955753998655, 0.21032591711406007]",-1,-1
9817,[0.38636529 0.14953597],98,83,"[0.4230841119797742, 0.1320776863825804]",106,69
9818,[0.42497446 0.21976336],98,19,"[0.4108955753998655, 0.21032591711406007]",-1,-1
9819,[0.40515447 0.15972604],98,83,"[0.4230841119797742, 0.1320776863825804]",106,69
9820,[0.35922429 0.11785007],98,4,"[0.3328231275538315, 0.164647169186415]",-1,-1
9821,[0.48346911 0.27685004],98,49,"[0.49260039765631497, 0.2531771469431645]",23,-1
9822,[0.38574222 0.14060547],98,83,"[0.4230841119797742, 0.1320776863825804]",106,-1
9823,[0.46572257 0.13607408],98,83,"[0.4230841119797742, 0.1320776863825804]",-1,-1
9824,[0.54261313 0.16182628],98,85,"[0.6063431372341659, 0.1516999693584265]",-1,-1
9825,[0.42170516 0.15614795],98,83,"[0.4230841119797742, 0.1320776863825804]",-1,-1
9826,[0.39624919 0.18615754],98,19,"[0.4108955753998655, 0.21032591711406007]",106,68
9827,[0.39070191 0.16744881],98,19,"[0.4108955753998655, 0.21032591711406007]",106,-1
9828,[0.37620351 0.20593402],98,19,"[0.4108955753998655, 0.21032591711406007]",106,-1
9829,[0.41695194 0.20351885],98,19,"[0.4108955753998655, 0.21032591711406007]",106,-1
9830,[0.38094009 0.18874477],98,19,"[0.4108955753998655, 0.21032591711406007]",106,-1
9831,[0.45772131 0.20340538],98,19,"[0.4108955753998655, 0.21032591711406007]",-1,-1
9832,[0.44861901 0.17086381],98,83,"[0.4230841119797742, 0.1320776863825804]",-1,-1
9833,[0.42586503 0.20114399],98,19,"[0.4108955753998655, 0.21032591711406007]",106,-1
9834,[0.45784345 0.09970055],98,83,"[0.4230841119797742, 0.1320776863825804]",-1,-1
9835,[0.35568793 0.18331453],98,4,"[0.3328231275538315, 0.164647169186415]",106,-1
9836,[0.34584919 0.12869801],98,4,"[0.3328231275538315, 0.164647169186415]",106,-1
9837,[0.40958218 0.15622598],98,83,"[0.4230841119797742, 0.1320776863825804]",106,69
9838,[0.46006897 0.14498839],98,83,"[0.4230841119797742, 0.1320776863825804]",-1,-1
9839,[0.4833211  0.14262222],98,83,"[0.4230841119797742, 0.1320776863825804]",-1,-1
9840,[0.35906155 0.29009307],98,31,"[0.3442046468432694, 0.303512725044185]",114,-1
9841,[0.43577038 0.1868482 ],98,19,"[0.4108955753998655, 0.21032591711406007]",81,-1
9842,[0.42827388 0.20782863],98,19,"[0.4108955753998655, 0.21032591711406007]",106,-1
9843,[0.40063733 0.17788512],98,19,"[0.4108955753998655, 0.21032591711406007]",106,-1
9844,[0.4164013  0.21991011],98,19,"[0.4108955753998655, 0.21032591711406007]",-1,-1
9845,[0.43004941 0.20559503],98,19,"[0.4108955753998655, 0.21032591711406007]",106,-1
9846,[0.37974467 0.07964927],98,83,"[0.4230841119797742, 0.1320776863825804]",-1,-1
9847,[0.36296669 0.21618879],98,19,"[0.4108955753998655, 0.21032591711406007]",106,-1
9848,[0.40315097 0.12319952],98,83,"[0.4230841119797742, 0.1320776863825804]",-1,-1
9849,[0.46879728 0.16964296],98,83,"[0.4230841119797742, 0.1320776863825804]",-1,-1
9850,[0.4320671  0.18584528],98,19,"[0.4108955753998655, 0.21032591711406007]",81,-1
9851,[0.39158161 0.22787348],98,19,"[0.4108955753998655, 0.21032591711406007]",-1,-1
9852,[0.39416402 0.15339873],98,83,"[0.4230841119797742, 0.1320776863825804]",106,-1
9853,[0.44646808 0.21402563],98,19,"[0.4108955753998655, 0.21032591711406007]",-1,-1
9854,[0.38758462 0.17425731],98,19,"[0.4108955753998655, 0.21032591711406007]",106,-1
9855,[0.35184864 0.16197303],98,4,"[0.3328231275538315, 0.164647169186415]",106,67
9856,[0.38498176 0.21747095],98,19,"[0.4108955753998655, 0.21032591711406007]",-1,-1
9857,[0.47933322 0.11851797],98,83,"[0.4230841119797742, 0.1320776863825804]",-1,-1
9858,[0.45874729 0.17937776],98,19,"[0.4108955753998655, 0.21032591711406007]",-1,-1
9859,[0.45503069 0.17737779],98,19,"[0.4108955753998655, 0.21032591711406007]",-1,-1
9860,[0.34948018 0.21207145],98,4,"[0.3328231275538315, 0.164647169186415]",113,-1
9861,[0.43017714 0.22020969],98,19,"[0.4108955753998655, 0.21032591711406007]",-1,-1
9862,[0.36945462 0.25373406],98,31,"[0.3442046468432694, 0.303512725044185]",100,16
9863,[0.49753036 0.18190382],98,-1,-1,7,-1
9864,[0.44014024 0.17893667],98,19,"[0.4108955753998655, 0.21032591711406007]",81,-1
9865,[0.37135358 0.16032838],98,4,"[0.3328231275538315, 0.164647169186415]",106,-1
9866,[0.4032367  0.15193951],98,83,"[0.4230841119797742, 0.1320776863825804]",106,69
9867,[0.32500769 0.17812417],98,4,"[0.3328231275538315, 0.164647169186415]",113,-1
9868,[0.43119765 0.17335112],98,83,"[0.4230841119797742, 0.1320776863825804]",81,-1
9869,[0.42642562 0.14559598],98,83,"[0.4230841119797742, 0.1320776863825804]",-1,-1
9870,[0.4516911  0.08715379],98,83,"[0.4230841119797742, 0.1320776863825804]",-1,-1
9871,[0.38426969 0.11624124],98,83,"[0.4230841119797742, 0.1320776863825804]",-1,-1
9872,[0.37066766 0.27117312],98,31,"[0.3442046468432694, 0.303512725044185]",-1,-1
9873,[0.35702717 0.17139589],98,4,"[0.3328231275538315, 0.164647169186415]",106,67
9874,[0.37151634 0.15317537],98,4,"[0.3328231275538315, 0.164647169186415]",106,-1
9875,[0.44147507 0.18204829],98,19,"[0.4108955753998655, 0.21032591711406007]",81,-1
9876,[0.44632583 0.21925065],98,19,"[0.4108955753998655, 0.21032591711406007]",-1,-1
9877,[0.43448734 0.25799049],98,19,"[0.4108955753998655, 0.21032591711406007]",29,-1
9878,[0.41624795 0.10556905],98,83,"[0.4230841119797742, 0.1320776863825804]",-1,-1
9879,[0.36529538 0.12684377],98,4,"[0.3328231275538315, 0.164647169186415]",106,-1
9880,[0.4167413 0.1485871],98,83,"[0.4230841119797742, 0.1320776863825804]",106,-1
9881,[0.41782233 0.20601034],98,19,"[0.4108955753998655, 0.21032591711406007]",106,-1
9882,[0.41142069 0.15603983],98,83,"[0.4230841119797742, 0.1320776863825804]",106,69
9883,[0.37921966 0.20176343],98,19,"[0.4108955753998655, 0.21032591711406007]",106,-1
9884,[0.43306426 0.13065354],98,83,"[0.4230841119797742, 0.1320776863825804]",-1,-1
9885,[0.41157774 0.19872324],98,19,"[0.4108955753998655, 0.21032591711406007]",106,68
9886,[0.4093994  0.26013801],98,19,"[0.4108955753998655, 0.21032591711406007]",-1,-1
9887,[0.3862864  0.12205793],98,83,"[0.4230841119797742, 0.1320776863825804]",106,-1
9888,[0.46013132 0.14181368],98,83,"[0.4230841119797742, 0.1320776863825804]",-1,-1
9889,[0.40793303 0.12385671],98,83,"[0.4230841119797742, 0.1320776863825804]",-1,-1
9890,[0.36164021 0.25455128],98,31,"[0.3442046468432694, 0.303512725044185]",100,16
9891,[0.42245388 0.19441838],98,19,"[0.4108955753998655, 0.21032591711406007]",-1,-1
9892,[0.40601071 0.21178512],98,19,"[0.4108955753998655, 0.21032591711406007]",-1,-1
9893,[0.39011521 0.11805301],98,83,"[0.4230841119797742, 0.1320776863825804]",-1,-1
9894,[0.44353491 0.20792715],98,19,"[0.4108955753998655, 0.21032591711406007]",-1,-1
9895,[0.37465559 0.12539194],98,83,"[0.4230841119797742, 0.1320776863825804]",-1,-1
9896,[0.35745739 0.14280126],98,4,"[0.3328231275538315, 0.164647169186415]",106,67
9897,[0.37529045 0.14347602],98,4,"[0.3328231275538315, 0.164647169186415]",-1,-1
9898,[0.47928047 0.22060138],98,49,"[0.49260039765631497, 0.2531771469431645]",-1,-1
9899,[0.4491965  0.19210585],98,19,"[0.4108955753998655, 0.21032591711406007]",35,-1
9900,[0.77261053 0.21440009],99,56,"[0.8000851730897747, 0.22264930918313394]",60,7
9901,[0.71734225 0.21740718],99,57,"[0.7474414948084767, 0.18011984494893613]",24,-1
9902,[0.81478287 0.21405423],99,56,"[0.8000851730897747, 0.22264930918313394]",53,-1
9903,[0.80179951 0.24362343],99,56,"[0.8000851730897747, 0.22264930918313394]",-1,-1
9904,[0.8266925  0.17122489],99,48,"[0.8327494151670138, 0.1520155008234301]",56,-1
9905,[0.79759103 0.17902783],99,56,"[0.8000851730897747, 0.22264930918313394]",-1,-1
9906,[0.76636876 0.23401789],99,56,"[0.8000851730897747, 0.22264930918313394]",-1,-1
9907,[0.7676039  0.16735603],99,57,"[0.7474414948084767, 0.18011984494893613]",-1,-1
9908,[0.76859511 0.1818549 ],99,57,"[0.7474414948084767, 0.18011984494893613]",-1,-1
9909,[0.81961222 0.17416677],99,48,"[0.8327494151670138, 0.1520155008234301]",56,6
9910,[0.78305547 0.20393413],99,56,"[0.8000851730897747, 0.22264930918313394]",59,8
9911,[0.71841577 0.2034188 ],99,57,"[0.7474414948084767, 0.18011984494893613]",-1,-1
9912,[0.74778457 0.14315259],99,57,"[0.7474414948084767, 0.18011984494893613]",-1,-1
9913,[0.75830783 0.19459332],99,57,"[0.7474414948084767, 0.18011984494893613]",59,7
9914,[0.81198836 0.18050914],99,48,"[0.8327494151670138, 0.1520155008234301]",-1,-1
9915,[0.7040596  0.14649564],99,88,"[0.7027138132246393, 0.10475795076477123]",-1,-1
9916,[0.62150795 0.21804116],99,63,"[0.5938052471458884, 0.24026036510989024]",-1,-1
9917,[0.73375081 0.15995177],99,57,"[0.7474414948084767, 0.18011984494893613]",-1,-1
9918,[0.79632582 0.15246575],99,48,"[0.8327494151670138, 0.1520155008234301]",56,6
9919,[0.7966153  0.25489724],99,56,"[0.8000851730897747, 0.22264930918313394]",-1,-1
9920,[0.80521651 0.21037607],99,56,"[0.8000851730897747, 0.22264930918313394]",53,-1
9921,[0.69213953 0.1098851 ],99,88,"[0.7027138132246393, 0.10475795076477123]",-1,-1
9922,[0.86936367 0.08126969],99,-1,-1,-1,-1
9923,[0.79169611 0.18556575],99,56,"[0.8000851730897747, 0.22264930918313394]",-1,-1
9924,[0.77687526 0.19259952],99,57,"[0.7474414948084767, 0.18011984494893613]",59,-1
9925,[0.74783858 0.19693784],99,57,"[0.7474414948084767, 0.18011984494893613]",59,7
9926,[0.72933337 0.12367738],99,88,"[0.7027138132246393, 0.10475795076477123]",-1,-1
9927,[0.75904598 0.1956705 ],99,57,"[0.7474414948084767, 0.18011984494893613]",59,7
9928,[0.85220596 0.20469654],99,79,"[0.8691904963226184, 0.23236833961723288]",-1,-1
9929,[0.6395326  0.13243565],99,85,"[0.6063431372341659, 0.1516999693584265]",8,-1
9930,[0.77354731 0.17137451],99,57,"[0.7474414948084767, 0.18011984494893613]",-1,-1
9931,[0.64403342 0.14428768],99,85,"[0.6063431372341659, 0.1516999693584265]",8,1
9932,[0.78186553 0.22454132],99,56,"[0.8000851730897747, 0.22264930918313394]",60,8
9933,[0.82250386 0.23351045],99,56,"[0.8000851730897747, 0.22264930918313394]",58,9
9934,[0.7455178  0.19331994],99,57,"[0.7474414948084767, 0.18011984494893613]",59,-1
9935,[0.74682425 0.16127918],99,57,"[0.7474414948084767, 0.18011984494893613]",-1,-1
9936,[0.8331724  0.20397857],99,56,"[0.8000851730897747, 0.22264930918313394]",53,6
9937,[0.8546478  0.14426946],99,48,"[0.8327494151670138, 0.1520155008234301]",-1,-1
9938,[0.77164554 0.22373365],99,56,"[0.8000851730897747, 0.22264930918313394]",60,8
9939,[0.73212384 0.21968916],99,57,"[0.7474414948084767, 0.18011984494893613]",-1,-1
9940,[0.7575313  0.13023226],99,57,"[0.7474414948084767, 0.18011984494893613]",-1,-1
9941,[0.69962249 0.24604441],99,41,"[0.6948979646954763, 0.28219115991762456]",-1,-1
9942,[0.7392255  0.14422227],99,57,"[0.7474414948084767, 0.18011984494893613]",-1,-1
9943,[0.78903865 0.16065487],99,48,"[0.8327494151670138, 0.1520155008234301]",56,6
9944,[0.80039848 0.15644265],99,48,"[0.8327494151670138, 0.1520155008234301]",56,6
9945,[0.71972909 0.20520931],99,57,"[0.7474414948084767, 0.18011984494893613]",24,-1
9946,[0.71168654 0.18186338],99,57,"[0.7474414948084767, 0.18011984494893613]",-1,-1
9947,[0.76467624 0.13669135],99,57,"[0.7474414948084767, 0.18011984494893613]",-1,-1
9948,[0.83424901 0.2312701 ],99,79,"[0.8691904963226184, 0.23236833961723288]",58,9
9949,[0.75336344 0.1570276 ],99,57,"[0.7474414948084767, 0.18011984494893613]",-1,-1
9950,[0.7870772  0.18595117],99,56,"[0.8000851730897747, 0.22264930918313394]",-1,-1
9951,[0.79665578 0.14396091],99,48,"[0.8327494151670138, 0.1520155008234301]",-1,6
9952,[0.83090729 0.12463365],99,48,"[0.8327494151670138, 0.1520155008234301]",-1,-1
9953,[0.82665973 0.23366052],99,56,"[0.8000851730897747, 0.22264930918313394]",58,9
9954,[0.77489297 0.18625053],99,57,"[0.7474414948084767, 0.18011984494893613]",-1,7
9955,[0.84065374 0.08158988],99,-1,-1,-1,-1
9956,[0.68638969 0.24619397],99,41,"[0.6948979646954763, 0.28219115991762456]",-1,-1
9957,[0.75321058 0.19973895],99,57,"[0.7474414948084767, 0.18011984494893613]",59,7
9958,[0.73372614 0.14125742],99,57,"[0.7474414948084767, 0.18011984494893613]",-1,-1
9959,[0.81983918 0.18742978],99,48,"[0.8327494151670138, 0.1520155008234301]",57,6
9960,[0.7922784  0.15973588],99,48,"[0.8327494151670138, 0.1520155008234301]",56,6
9961,[0.81030083 0.14460783],99,48,"[0.8327494151670138, 0.1520155008234301]",56,6
9962,[0.77149099 0.09359558],99,88,"[0.7027138132246393, 0.10475795076477123]",-1,-1
9963,[0.72189217 0.16620773],99,57,"[0.7474414948084767, 0.18011984494893613]",-1,-1
9964,[0.85837252 0.20003997],99,79,"[0.8691904963226184, 0.23236833961723288]",-1,-1
9965,[0.79775821 0.23605622],99,56,"[0.8000851730897747, 0.22264930918313394]",58,9
9966,[0.80603245 0.12867389],99,48,"[0.8327494151670138, 0.1520155008234301]",-1,-1
9967,[0.70945865 0.17560487],99,57,"[0.7474414948084767, 0.18011984494893613]",-1,-1
9968,[0.71755614 0.11716338],99,88,"[0.7027138132246393, 0.10475795076477123]",-1,-1
9969,[0.73344452 0.23917871],99,41,"[0.6948979646954763, 0.28219115991762456]",30,-1
9970,[0.78576412 0.24319756],99,56,"[0.8000851730897747, 0.22264930918313394]",-1,-1
9971,[0.77186525 0.15304535],99,57,"[0.7474414948084767, 0.18011984494893613]",-1,-1
9972,[0.734684   0.23667191],99,57,"[0.7474414948084767, 0.18011984494893613]",-1,-1
9973,[0.78894153 0.27110893],99,22,"[0.805104436152594, 0.30588484878908717]",69,-1
9974,[0.76886047 0.07160792],99,-1,-1,-1,-1
9975,[0.75686569 0.20498882],99,57,"[0.7474414948084767, 0.18011984494893613]",59,7
9976,[0.78958532 0.1353049 ],99,48,"[0.8327494151670138, 0.1520155008234301]",-1,-1
9977,[0.75118174 0.20134456],99,57,"[0.7474414948084767, 0.18011984494893613]",59,7
9978,[0.81838117 0.14953008],99,48,"[0.8327494151670138, 0.1520155008234301]",56,6
9979,[0.70925812 0.29066663],99,41,"[0.6948979646954763, 0.28219115991762456]",97,-1
9980,[0.79287104 0.1414168 ],99,48,"[0.8327494151670138, 0.1520155008234301]",-1,-1
9981,[0.79115813 0.21097224],99,56,"[0.8000851730897747, 0.22264930918313394]",60,-1
9982,[0.78538745 0.23382122],99,56,"[0.8000851730897747, 0.22264930918313394]",-1,8
9983,[0.85159353 0.25776485],99,79,"[0.8691904963226184, 0.23236833961723288]",-1,-1
9984,[0.77171686 0.21767953],99,56,"[0.8000851730897747, 0.22264930918313394]",60,-1
9985,[0.81383603 0.18312673],99,48,"[0.8327494151670138, 0.1520155008234301]",56,-1
9986,[0.78253563 0.15408551],99,57,"[0.7474414948084767, 0.18011984494893613]",-1,6
9987,[0.71703829 0.16978417],99,57,"[0.7474414948084767, 0.18011984494893613]",-1,-1
9988,[0.78087053 0.25044315],99,56,"[0.8000851730897747, 0.22264930918313394]",-1,-1
9989,[0.75458909 0.19942385],99,57,"[0.7474414948084767, 0.18011984494893613]",59,7
9990,[0.76971914 0.20926234],99,56,"[0.8000851730897747, 0.22264930918313394]",60,-1
9991,[0.75051188 0.10363333],99,88,"[0.7027138132246393, 0.10475795076477123]",-1,-1
9992,[0.75213351 0.18855917],99,57,"[0.7474414948084767, 0.18011984494893613]",59,7
9993,[0.83438032 0.1985983 ],99,56,"[0.8000851730897747, 0.22264930918313394]",56,6
9994,[0.72920794 0.17883287],99,57,"[0.7474414948084767, 0.18011984494893613]",-1,-1
9995,[0.78961811 0.22193953],99,56,"[0.8000851730897747, 0.22264930918313394]",60,8
9996,[0.67330629 0.21388199],99,76,"[0.662220941598272, 0.1974349218858984]",25,-1
9997,[0.77998193 0.16747282],99,57,"[0.7474414948084767, 0.18011984494893613]",-1,-1
9998,[0.82174799 0.15539652],99,48,"[0.8327494151670138, 0.1520155008234301]",56,6
9999,[0.78863866 0.22040326],99,56,"[0.8000851730897747, 0.22264930918313394]",60,8
