,datum,blob,snowball_label,snowball_center,hdbscan_eom_label,hdbscan_leaf_label
0,[0.70640987 0.76319227],131,20,"[0.6572848727618616, 0.7797197034100366]",1,1
1,[0.70188026 0.35691285],182,6,"[0.6864124434178382, 0.3181944960057455]",1,1
2,[0.93698706 0.39945567],199,65,"[0.938555033700435, 0.3833367042154296]",-1,1
3,[0.60804659 0.7012982 ],142,1,"[0.651126707917329, 0.6800458266672191]",1,1
4,[0.68505378 0.5298485 ],8,32,"[0.6739768775899233, 0.548471551443978]",1,1
5,[0.78698633 0.82372998],179,28,"[0.8143696555128839, 0.8159410844616618]",1,1
6,[0.2458398  0.31258447],188,18,"[0.24053704487737482, 0.2996938628107989]",0,1
7,[0.42097316 0.67501491],62,12,"[0.42727123924912525, 0.6637830916504293]",1,1
8,[0.32713962 0.83274769],112,47,"[0.3149843406641991, 0.8011913017349629]",-1,1
9,[0.3796757  0.48795379],154,11,"[0.3927532506557279, 0.4611801067894622]",1,1
10,[0.3589432  0.73057071],99,16,"[0.3769946274855042, 0.7311147783198821]",1,1
11,[0.73526688 0.46984792],27,10,"[0.7521918753232238, 0.44988383619922795]",1,1
12,[0.65427237 0.42692543],193,26,"[0.6420098407538953, 0.3950090745413298]",1,1
13,[0.86302955 0.22745733],65,62,"[0.9074599752109064, 0.22334465612367885]",1,1
14,[0.67399467 0.37998893],123,26,"[0.6420098407538953, 0.3950090745413298]",1,1
15,[0.23940989 0.90320256],82,64,"[0.28637369108317584, 0.9171793674321442]",-1,1
16,[0.57160573 0.47650991],93,3,"[0.5892518964627887, 0.48296848091287603]",1,1
17,[0.13717321 0.21367488],86,51,"[0.15842372763366333, 0.19977385202364417]",-1,1
18,[0.55499657 0.42056126],75,27,"[0.5588112013689941, 0.4236844091625904]",1,1
19,[0.13821381 0.6463745 ],158,57,"[0.1668894074909444, 0.6580023075250768]",-1,1
20,[0.84977493 0.3584073 ],25,30,"[0.8544208465086831, 0.3630782388546552]",1,1
21,[0.25550749 0.52437986],64,34,"[0.2301832540262709, 0.5676172718271885]",1,1
22,[0.83023975 0.52090409],8,33,"[0.8504630543933226, 0.5006745329634636]",1,1
23,[0.3009947 0.7830086],112,47,"[0.3149843406641991, 0.8011913017349629]",1,1
24,[0.5304006  0.69933172],152,0,"[0.540310662157008, 0.6953736653743781]",1,1
25,[0.51842563 0.25195373],92,45,"[0.5224906378463989, 0.25162202626022173]",1,1
26,[0.56342912 0.36927963],36,24,"[0.5751951597482442, 0.32215792322231984]",1,1
27,[0.58150435 0.17831229],51,54,"[0.552391805646466, 0.15977687074423055]",1,1
28,[0.8029741  0.34919674],160,19,"[0.7672328477002108, 0.36150407684378755]",1,1
29,[0.58881632 0.74747797],39,17,"[0.5646280213760558, 0.773245531947558]",1,1
30,[0.55417958 0.13671503],45,54,"[0.552391805646466, 0.15977687074423055]",1,1
31,[0.62345225 0.56896009],122,13,"[0.6219837793930576, 0.5776675593527526]",1,1
32,[0.73009329 0.29833755],132,6,"[0.6864124434178382, 0.3181944960057455]",1,1
33,[0.16130114 0.51536329],80,53,"[0.17113552717934852, 0.5146524747087701]",1,1
34,[0.33177666 0.33080139],81,29,"[0.2910361563966821, 0.3632133268209689]",0,1
35,[0.6692953  0.14119733],185,31,"[0.6831801115680609, 0.16212762646314294]",-1,1
36,[0.38179506 0.189522  ],60,50,"[0.40195822198340814, 0.15061516848789352]",-1,1
37,[0.7833558  0.61922342],136,63,"[0.7930770259310427, 0.6354151616793977]",1,1
38,[0.75866127 0.44485502],194,10,"[0.7521918753232238, 0.44988383619922795]",1,1
39,[0.74463792 0.59238191],151,14,"[0.7308032484819382, 0.6267938875179955]",1,1
40,[0.52589002 0.76857094],144,17,"[0.5646280213760558, 0.773245531947558]",1,1
41,[0.29950433 0.45524643],191,9,"[0.2902336137004115, 0.4592312374955694]",1,1
42,[0.81570837 0.76076828],30,46,"[0.8504962976687026, 0.743349204945262]",1,1
43,[0.86431944 0.76068885],96,46,"[0.8504962976687026, 0.743349204945262]",-1,1
44,[0.71501384 0.2095787 ],9,39,"[0.7199248058297297, 0.24603296151665166]",1,1
45,[0.6624928 0.301161 ],23,6,"[0.6864124434178382, 0.3181944960057455]",1,1
46,[0.45719154 0.53074166],101,4,"[0.40516016769827884, 0.5467434014468535]",1,1
47,[0.13686201 0.32172576],54,40,"[0.123797375407702, 0.3126448975789383]",0,1
48,[0.28873841 0.71349321],21,55,"[0.28270852977644495, 0.7134043176912952]",1,1
49,[0.768637   0.26486814],118,8,"[0.8003476042659148, 0.2925959801718]",1,1
50,[0.73723307 0.45865928],25,10,"[0.7521918753232238, 0.44988383619922795]",1,1
51,[0.3222253  0.22978269],63,35,"[0.312254806871987, 0.2520389701060759]",0,1
52,[0.1660727  0.49888857],17,53,"[0.17113552717934852, 0.5146524747087701]",1,1
53,[0.66227617 0.33705736],114,6,"[0.6864124434178382, 0.3181944960057455]",1,1
54,[0.63231658 0.57976926],27,13,"[0.6219837793930576, 0.5776675593527526]",1,1
55,[0.02653965 0.36743865],169,-1,-1,-1,1
56,[0.4340915  0.29095232],23,5,"[0.4190807963152104, 0.2975687313818508]",1,1
57,[0.49128855 0.8398637 ],168,41,"[0.4973733060132075, 0.8620884222500474]",1,1
58,[0.61188321 0.45351028],14,3,"[0.5892518964627887, 0.48296848091287603]",1,1
59,[0.47254817 0.77239478],100,2,"[0.47338734698808616, 0.7673852703570719]",1,1
60,[0.51796623 0.78543675],104,2,"[0.47338734698808616, 0.7673852703570719]",1,1
61,[0.53246798 0.4352225 ],184,27,"[0.5588112013689941, 0.4236844091625904]",1,1
62,[0.43397703 0.30695786],4,5,"[0.4190807963152104, 0.2975687313818508]",1,1
63,[0.12969131 0.92552047],82,-1,-1,-1,-1
64,[0.30232881 0.72323253],195,55,"[0.28270852977644495, 0.7134043176912952]",1,1
65,[0.68999692 0.16595964],145,31,"[0.6831801115680609, 0.16212762646314294]",1,1
66,[0.26707541 0.10664224],61,-1,-1,-1,0
67,[0.42788425 0.67330361],125,12,"[0.42727123924912525, 0.6637830916504293]",1,1
68,[0.39399668 0.51363252],55,4,"[0.40516016769827884, 0.5467434014468535]",1,1
69,[0.59988322 0.86193117],163,60,"[0.6116770950452443, 0.8795371419973468]",-1,1
70,[0.69710478 0.61862756],79,14,"[0.7308032484819382, 0.6267938875179955]",1,1
71,[0.58578981 0.93021956],38,60,"[0.6116770950452443, 0.8795371419973468]",-1,-1
72,[0.21635714 0.32543072],173,18,"[0.24053704487737482, 0.2996938628107989]",0,1
73,[0.85508595 0.52093611],136,33,"[0.8504630543933226, 0.5006745329634636]",1,1
74,[0.24869975 0.29492782],19,18,"[0.24053704487737482, 0.2996938628107989]",0,1
75,[0.53918097 0.79919289],90,17,"[0.5646280213760558, 0.773245531947558]",1,1
76,[0.2184727 0.6313657],155,48,"[0.26344574989266145, 0.6380046032446582]",1,1
77,[0.64147656 0.57545364],159,13,"[0.6219837793930576, 0.5776675593527526]",1,1
78,[0.55741493 0.22065551],35,23,"[0.5830480902558174, 0.22717165204192444]",1,1
79,[0.85477191 0.61727329],49,42,"[0.8515644570005486, 0.6010179416646075]",1,1
80,[0.51349726 0.70906404],168,0,"[0.540310662157008, 0.6953736653743781]",1,1
81,[0.59829662 0.52748273],176,3,"[0.5892518964627887, 0.48296848091287603]",1,1
82,[0.80339728 0.36031114],77,19,"[0.7672328477002108, 0.36150407684378755]",1,1
83,[0.55453216 0.6930837 ],170,0,"[0.540310662157008, 0.6953736653743781]",1,1
84,[0.41054072 0.20247392],45,50,"[0.40195822198340814, 0.15061516848789352]",-1,1
85,[0.33939772 0.60553674],22,15,"[0.36004406128657307, 0.6306729418852355]",1,1
86,[0.39724376 0.4412511 ],55,11,"[0.3927532506557279, 0.4611801067894622]",1,1
87,[0.66486597 0.55316862],48,32,"[0.6739768775899233, 0.548471551443978]",1,1
88,[0.53784876 0.73437972],170,0,"[0.540310662157008, 0.6953736653743781]",1,1
89,[0.84779482 0.48454529],181,33,"[0.8504630543933226, 0.5006745329634636]",1,1
90,[0.60458055 0.20301599],132,23,"[0.5830480902558174, 0.22717165204192444]",1,1
91,[0.46114047 0.79113846],90,2,"[0.47338734698808616, 0.7673852703570719]",1,1
92,[0.42304961 0.76858717],95,2,"[0.47338734698808616, 0.7673852703570719]",1,1
93,[0.78532628 0.63204123],161,63,"[0.7930770259310427, 0.6354151616793977]",1,1
94,[0.21573016 0.55995485],67,34,"[0.2301832540262709, 0.5676172718271885]",1,1
95,[0.80689487 0.18919917],65,36,"[0.8059958151194433, 0.17303066405453446]",1,1
96,[0.64641287 0.46031019],108,21,"[0.6538689886551066, 0.4666632268734777]",1,1
97,[0.71740651 0.80448129],179,61,"[0.689367051170368, 0.8511195447878646]",1,1
98,[0.81850819 0.14673166],53,36,"[0.8059958151194433, 0.17303066405453446]",-1,1
99,[0.50051989 0.23308209],45,45,"[0.5224906378463989, 0.25162202626022173]",-1,1
100,[0.30152076 0.47589246],80,9,"[0.2902336137004115, 0.4592312374955694]",1,1
101,[0.39761961 0.5538867 ],154,4,"[0.40516016769827884, 0.5467434014468535]",1,1
102,[0.19619206 0.38861311],148,43,"[0.1734180287249057, 0.40326580417471825]",0,1
103,[0.36812528 0.86582882],172,-1,-1,-1,1
104,[0.31798653 0.45097654],164,9,"[0.2902336137004115, 0.4592312374955694]",1,1
105,[0.4050622  0.29668693],60,5,"[0.4190807963152104, 0.2975687313818508]",1,1
106,[0.82245514 0.45328869],192,33,"[0.8504630543933226, 0.5006745329634636]",1,1
107,[0.64637467 0.77888946],111,20,"[0.6572848727618616, 0.7797197034100366]",1,1
108,[0.55897574 0.30864703],24,24,"[0.5751951597482442, 0.32215792322231984]",1,1
109,[0.68083742 0.70229729],49,1,"[0.651126707917329, 0.6800458266672191]",1,1
110,[0.43448143 0.53587608],75,4,"[0.40516016769827884, 0.5467434014468535]",1,1
111,[0.24467396 0.44511346],18,9,"[0.2902336137004115, 0.4592312374955694]",1,1
112,[0.7130421  0.70502335],108,7,"[0.7350758424759128, 0.7150736761111434]",1,1
113,[0.64438131 0.70214745],161,1,"[0.651126707917329, 0.6800458266672191]",1,1
114,[0.65670139 0.52456794],94,32,"[0.6739768775899233, 0.548471551443978]",1,1
115,[0.38816282 0.60617858],41,15,"[0.36004406128657307, 0.6306729418852355]",1,1
116,[0.44026665 0.56527753],154,4,"[0.40516016769827884, 0.5467434014468535]",1,1
117,[0.26524535 0.24202855],61,35,"[0.312254806871987, 0.2520389701060759]",-1,1
118,[0.84609812 0.78022241],32,46,"[0.8504962976687026, 0.743349204945262]",1,1
119,[0.22444638 0.78038996],120,56,"[0.18453616477812204, 0.7742299149558416]",-1,1
120,[0.77673573 0.19138875],5,36,"[0.8059958151194433, 0.17303066405453446]",1,1
121,[0.37998133 0.29328776],4,5,"[0.4190807963152104, 0.2975687313818508]",1,1
122,[0.43239635 0.46976966],113,11,"[0.3927532506557279, 0.4611801067894622]",1,1
123,[0.24202485 0.28711527],54,18,"[0.24053704487737482, 0.2996938628107989]",0,1
124,[0.37080134 0.76605358],50,16,"[0.3769946274855042, 0.7311147783198821]",1,1
125,[0.7469403  0.36345337],29,19,"[0.7672328477002108, 0.36150407684378755]",1,1
126,[0.57011585 0.3421172 ],133,24,"[0.5751951597482442, 0.32215792322231984]",1,1
127,[0.84135864 0.84353483],42,28,"[0.8143696555128839, 0.8159410844616618]",1,1
128,[0.32152067 0.26712785],177,35,"[0.312254806871987, 0.2520389701060759]",0,1
129,[0.35834802 0.93400786],172,-1,-1,-1,-1
130,[0.67950601 0.76489204],119,20,"[0.6572848727618616, 0.7797197034100366]",1,1
131,[0.46934964 0.44060665],55,37,"[0.4456325956690152, 0.4002040708157706]",1,1
132,[0.28173059 0.77478264],129,47,"[0.3149843406641991, 0.8011913017349629]",-1,1
133,[0.38385838 0.42490073],141,11,"[0.3927532506557279, 0.4611801067894622]",1,1
134,[0.47016797 0.37680912],47,37,"[0.4456325956690152, 0.4002040708157706]",1,1
135,[0.88705108 0.37130549],199,30,"[0.8544208465086831, 0.3630782388546552]",1,1
136,[0.33925118 0.74916178],130,16,"[0.3769946274855042, 0.7311147783198821]",1,1
137,[0.23161019 0.2805829 ],103,18,"[0.24053704487737482, 0.2996938628107989]",0,1
138,[0.43802356 0.32412226],117,5,"[0.4190807963152104, 0.2975687313818508]",1,1
139,[0.58393785 0.31519578],78,24,"[0.5751951597482442, 0.32215792322231984]",1,1
140,[0.96184702 0.27546826],127,-1,-1,-1,-1
141,[0.3569153  0.66504056],44,15,"[0.36004406128657307, 0.6306729418852355]",1,1
142,[0.23910056 0.27769418],187,18,"[0.24053704487737482, 0.2996938628107989]",0,1
143,[0.78269277 0.30055717],24,8,"[0.8003476042659148, 0.2925959801718]",1,1
144,[0.37209157 0.5556274 ],6,4,"[0.40516016769827884, 0.5467434014468535]",1,1
145,[0.81179436 0.2766721 ],197,8,"[0.8003476042659148, 0.2925959801718]",1,1
146,[0.62574938 0.37723064],133,26,"[0.6420098407538953, 0.3950090745413298]",1,1
147,[0.68138026 0.6723474 ],27,1,"[0.651126707917329, 0.6800458266672191]",1,1
148,[0.62453955 0.6580431 ],31,1,"[0.651126707917329, 0.6800458266672191]",1,1
149,[0.57507208 0.68327055],15,0,"[0.540310662157008, 0.6953736653743781]",1,1
150,[0.39161706 0.33390486],176,5,"[0.4190807963152104, 0.2975687313818508]",1,1
151,[0.57119711 0.68568041],100,0,"[0.540310662157008, 0.6953736653743781]",1,1
152,[0.79265353 0.16018114],166,36,"[0.8059958151194433, 0.17303066405453446]",-1,1
153,[0.55818795 0.16800152],143,54,"[0.552391805646466, 0.15977687074423055]",1,1
154,[0.7356773  0.67014818],97,14,"[0.7308032484819382, 0.6267938875179955]",1,1
155,[0.47827156 0.50699494],6,25,"[0.5035796034684098, 0.5009638134178764]",1,1
156,[0.20127724 0.13131722],110,-1,-1,-1,1
157,[0.44609683 0.15915966],106,50,"[0.40195822198340814, 0.15061516848789352]",-1,1
158,[0.41167359 0.33893661],60,5,"[0.4190807963152104, 0.2975687313818508]",1,1
159,[0.14290215 0.41621017],169,43,"[0.1734180287249057, 0.40326580417471825]",-1,1
160,[0.62651537 0.60483554],183,13,"[0.6219837793930576, 0.5776675593527526]",1,1
161,[0.65741032 0.53287853],134,32,"[0.6739768775899233, 0.548471551443978]",1,1
162,[0.55186223 0.1965234 ],185,54,"[0.552391805646466, 0.15977687074423055]",1,1
163,[0.55912157 0.7655359 ],15,17,"[0.5646280213760558, 0.773245531947558]",1,1
164,[0.585596   0.15826552],72,54,"[0.552391805646466, 0.15977687074423055]",1,1
165,[0.75323013 0.48492389],108,10,"[0.7521918753232238, 0.44988383619922795]",1,1
166,[0.65838354 0.67430446],27,1,"[0.651126707917329, 0.6800458266672191]",1,1
167,[0.19580562 0.53746811],80,53,"[0.17113552717934852, 0.5146524747087701]",1,1
168,[0.46946164 0.71904252],150,2,"[0.47338734698808616, 0.7673852703570719]",1,1
169,[0.41880804 0.25898727],4,5,"[0.4190807963152104, 0.2975687313818508]",1,1
170,[0.59522156 0.42130698],134,27,"[0.5588112013689941, 0.4236844091625904]",1,1
171,[0.56449568 0.70708528],150,0,"[0.540310662157008, 0.6953736653743781]",1,1
172,[0.67101839 0.36349831],83,26,"[0.6420098407538953, 0.3950090745413298]",1,1
173,[0.53945139 0.70279852],39,0,"[0.540310662157008, 0.6953736653743781]",1,1
174,[0.08801443 0.77250698],195,-1,-1,-1,-1
175,[0.50858837 0.48607315],176,25,"[0.5035796034684098, 0.5009638134178764]",1,1
176,[0.35224863 0.44429313],117,11,"[0.3927532506557279, 0.4611801067894622]",1,1
177,[0.21422467 0.7990312 ],21,56,"[0.18453616477812204, 0.7742299149558416]",-1,1
178,[0.81793912 0.82445041],32,28,"[0.8143696555128839, 0.8159410844616618]",1,1
179,[0.51948177 0.87183586],90,41,"[0.4973733060132075, 0.8620884222500474]",1,1
180,[0.39694898 0.29113677],3,5,"[0.4190807963152104, 0.2975687313818508]",1,1
181,[0.         0.39529637],169,-1,-1,-1,-1
182,[0.83188468 0.54929451],181,33,"[0.8504630543933226, 0.5006745329634636]",-1,1
183,[0.36181688 0.13864192],198,50,"[0.40195822198340814, 0.15061516848789352]",-1,1
184,[0.53573176 0.72667839],102,0,"[0.540310662157008, 0.6953736653743781]",1,1
185,[0.64978084 0.1987555 ],89,31,"[0.6831801115680609, 0.16212762646314294]",1,1
186,[0.56451909 0.51046896],154,3,"[0.5892518964627887, 0.48296848091287603]",1,1
187,[0.68765558 0.57109999],84,32,"[0.6739768775899233, 0.548471551443978]",1,1
188,[0.73666651 0.73042926],42,7,"[0.7350758424759128, 0.7150736761111434]",1,1
189,[0.51799788 0.71376421],39,0,"[0.540310662157008, 0.6953736653743781]",1,1
190,[0.68447298 0.25739269],53,39,"[0.7199248058297297, 0.24603296151665166]",1,1
191,[0.60682498 0.45205638],184,3,"[0.5892518964627887, 0.48296848091287603]",1,1
192,[0.42934805 0.33693403],113,5,"[0.4190807963152104, 0.2975687313818508]",1,1
193,[0.71113981 0.28378996],9,39,"[0.7199248058297297, 0.24603296151665166]",1,1
194,[0.2836749 0.6239049],164,48,"[0.26344574989266145, 0.6380046032446582]",-1,1
195,[0.53104898 0.66844976],174,0,"[0.540310662157008, 0.6953736653743781]",1,1
196,[0.57718317 0.64596634],152,0,"[0.540310662157008, 0.6953736653743781]",1,1
197,[0.54750013 0.21300572],143,23,"[0.5830480902558174, 0.22717165204192444]",1,1
198,[0.62432789 0.40515015],36,26,"[0.6420098407538953, 0.3950090745413298]",1,1
199,[0.62350874 0.49462907],182,3,"[0.5892518964627887, 0.48296848091287603]",1,1
200,[0.37618899 0.53200378],62,4,"[0.40516016769827884, 0.5467434014468535]",1,1
201,[0.57047278 0.68197009],156,0,"[0.540310662157008, 0.6953736653743781]",1,1
202,[0.53829417 0.58791195],70,22,"[0.549765684357865, 0.5800529504893255]",1,1
203,[0.56832171 0.34329465],23,24,"[0.5751951597482442, 0.32215792322231984]",1,1
204,[0.45656249 0.31253066],63,5,"[0.4190807963152104, 0.2975687313818508]",1,1
205,[0.76536988 0.39416741],114,19,"[0.7672328477002108, 0.36150407684378755]",1,1
206,[0.50333038 0.20779713],106,45,"[0.5224906378463989, 0.25162202626022173]",-1,1
207,[0.61460638 0.24206847],46,58,"[0.6395405840279386, 0.247592007391409]",1,1
208,[0.2771936  0.36967806],113,29,"[0.2910361563966821, 0.3632133268209689]",0,1
209,[0.75098327 0.60257661],58,14,"[0.7308032484819382, 0.6267938875179955]",1,1
210,[0.57036595 0.58127499],0,22,"[0.549765684357865, 0.5800529504893255]",1,1
211,[0.16589908 0.5499353 ],22,53,"[0.17113552717934852, 0.5146524747087701]",-1,1
212,[0.2925266  0.27924602],103,35,"[0.312254806871987, 0.2520389701060759]",0,1
213,[0.62628709 0.79863165],159,20,"[0.6572848727618616, 0.7797197034100366]",1,1
214,[0.28939308 0.41540535],52,9,"[0.2902336137004115, 0.4592312374955694]",-1,1
215,[0.46680012 0.43987029],73,37,"[0.4456325956690152, 0.4002040708157706]",1,1
216,[0.60776892 0.76467003],107,17,"[0.5646280213760558, 0.773245531947558]",1,1
217,[0.54476439 0.69828799],150,0,"[0.540310662157008, 0.6953736653743781]",1,1
218,[0.65769971 0.62111013],119,13,"[0.6219837793930576, 0.5776675593527526]",1,1
219,[0.43239624 0.8848837 ],12,41,"[0.4973733060132075, 0.8620884222500474]",-1,-1
220,[0.40453289 0.61712563],155,15,"[0.36004406128657307, 0.6306729418852355]",1,1
221,[0.66843758 0.3134685 ],24,6,"[0.6864124434178382, 0.3181944960057455]",1,1
222,[0.76753766 0.72387924],167,7,"[0.7350758424759128, 0.7150736761111434]",1,1
223,[0.74391954 0.26093517],65,39,"[0.7199248058297297, 0.24603296151665166]",1,1
224,[0.61383739 0.64141976],171,1,"[0.651126707917329, 0.6800458266672191]",1,1
225,[0.71633385 0.34404296],118,6,"[0.6864124434178382, 0.3181944960057455]",1,1
226,[0.19372548 0.49382922],63,53,"[0.17113552717934852, 0.5146524747087701]",-1,1
227,[0.29740983 0.53576989],17,52,"[0.30246029861485146, 0.547199048936297]",1,1
228,[0.45213102 0.8038209 ],130,2,"[0.47338734698808616, 0.7673852703570719]",1,1
229,[0.60398169 0.19596087],88,23,"[0.5830480902558174, 0.22717165204192444]",1,1
230,[0.11909647 0.43597876],173,43,"[0.1734180287249057, 0.40326580417471825]",-1,1
231,[0.65933145 0.73303408],97,20,"[0.6572848727618616, 0.7797197034100366]",1,1
232,[0.76598056 0.30934073],7,8,"[0.8003476042659148, 0.2925959801718]",1,1
233,[0.55400977 0.42276074],184,27,"[0.5588112013689941, 0.4236844091625904]",1,1
234,[0.4863887  0.56265579],183,44,"[0.48251764420333776, 0.6169551008945701]",1,1
235,[0.52903474 0.66182818],102,0,"[0.540310662157008, 0.6953736653743781]",1,1
236,[0.78763311 0.82212652],20,28,"[0.8143696555128839, 0.8159410844616618]",1,1
237,[0.54789055 0.13148279],83,54,"[0.552391805646466, 0.15977687074423055]",-1,1
238,[0.5743998  0.28849123],105,24,"[0.5751951597482442, 0.32215792322231984]",1,1
239,[0.26838794 0.6406562 ],158,48,"[0.26344574989266145, 0.6380046032446582]",1,1
240,[0.30851356 0.48255224],18,9,"[0.2902336137004115, 0.4592312374955694]",1,1
241,[0.23033895 0.6850852 ],189,48,"[0.26344574989266145, 0.6380046032446582]",-1,1
242,[0.19489995 0.39785944],34,43,"[0.1734180287249057, 0.40326580417471825]",-1,1
243,[0.44756143 0.70925102],56,12,"[0.42727123924912525, 0.6637830916504293]",1,1
244,[0.21869915 0.4410955 ],17,43,"[0.1734180287249057, 0.40326580417471825]",-1,1
245,[0.64586122 0.49585322],190,21,"[0.6538689886551066, 0.4666632268734777]",1,1
246,[0.63813337 0.65389805],100,1,"[0.651126707917329, 0.6800458266672191]",1,1
247,[0.70269625 0.46591339],16,21,"[0.6538689886551066, 0.4666632268734777]",1,1
248,[0.7044325  0.31276104],74,6,"[0.6864124434178382, 0.3181944960057455]",1,1
249,[0.73249645 0.17188149],185,31,"[0.6831801115680609, 0.16212762646314294]",-1,1
250,[0.55919998 0.32666336],40,24,"[0.5751951597482442, 0.32215792322231984]",1,1
251,[0.80474261 0.35971283],175,19,"[0.7672328477002108, 0.36150407684378755]",1,1
252,[0.66626642 0.30574727],35,6,"[0.6864124434178382, 0.3181944960057455]",1,1
253,[0.53794684 0.69270589],31,0,"[0.540310662157008, 0.6953736653743781]",1,1
254,[0.69259152 0.62997653],159,14,"[0.7308032484819382, 0.6267938875179955]",1,1
255,[0.65620456 0.18131706],185,31,"[0.6831801115680609, 0.16212762646314294]",1,1
256,[0.82177818 0.82519027],131,28,"[0.8143696555128839, 0.8159410844616618]",1,1
257,[0.62956255 0.84405382],126,60,"[0.6116770950452443, 0.8795371419973468]",1,1
258,[0.44238038 0.62334865],99,44,"[0.48251764420333776, 0.6169551008945701]",1,1
259,[0.72427669 0.61730421],119,14,"[0.7308032484819382, 0.6267938875179955]",1,1
260,[0.71403638 0.74840457],180,7,"[0.7350758424759128, 0.7150736761111434]",1,1
261,[0.38717882 0.67184994],195,12,"[0.42727123924912525, 0.6637830916504293]",1,1
262,[0.61548416 0.43035571],36,26,"[0.6420098407538953, 0.3950090745413298]",1,1
263,[0.64034816 0.27891348],175,58,"[0.6395405840279386, 0.247592007391409]",1,1
264,[0.26524655 0.62889358],120,48,"[0.26344574989266145, 0.6380046032446582]",1,1
265,[0.43778597 0.61355485],50,44,"[0.48251764420333776, 0.6169551008945701]",1,1
266,[0.56749347 0.51415434],138,3,"[0.5892518964627887, 0.48296848091287603]",1,1
267,[0.83422604 0.29731512],5,8,"[0.8003476042659148, 0.2925959801718]",1,1
268,[0.58110618 0.30978344],89,24,"[0.5751951597482442, 0.32215792322231984]",1,1
269,[0.15948374 0.2077417 ],110,51,"[0.15842372763366333, 0.19977385202364417]",-1,1
270,[0.55286034 0.44797513],68,27,"[0.5588112013689941, 0.4236844091625904]",1,1
271,[0.62802066 0.64848452],48,1,"[0.651126707917329, 0.6800458266672191]",1,1
272,[0.84213989 0.62713717],79,42,"[0.8515644570005486, 0.6010179416646075]",-1,1
273,[0.85935374 0.3680536 ],160,30,"[0.8544208465086831, 0.3630782388546552]",1,1
274,[0.57060844 0.33007379],40,24,"[0.5751951597482442, 0.32215792322231984]",1,1
275,[0.78806843 0.31300211],175,8,"[0.8003476042659148, 0.2925959801718]",1,1
276,[0.61612311 0.43339973],167,26,"[0.6420098407538953, 0.3950090745413298]",1,1
277,[0.67233626 0.67050416],135,1,"[0.651126707917329, 0.6800458266672191]",1,1
278,[0.45161752 0.60342048],141,44,"[0.48251764420333776, 0.6169551008945701]",1,1
279,[0.64084139 0.24285182],185,58,"[0.6395405840279386, 0.247592007391409]",1,1
280,[0.59474444 0.36895609],69,24,"[0.5751951597482442, 0.32215792322231984]",1,1
281,[0.77653847 0.71209744],136,7,"[0.7350758424759128, 0.7150736761111434]",1,1
282,[0.35843649 0.66301478],195,15,"[0.36004406128657307, 0.6306729418852355]",1,1
283,[0.55203841 0.72070706],140,0,"[0.540310662157008, 0.6953736653743781]",1,1
284,[0.85518324 0.58622966],79,42,"[0.8515644570005486, 0.6010179416646075]",-1,1
285,[0.34478963 0.67742494],158,15,"[0.36004406128657307, 0.6306729418852355]",1,1
286,[0.38682135 0.51833459],11,4,"[0.40516016769827884, 0.5467434014468535]",1,1
287,[0.86923681 0.71221816],79,46,"[0.8504962976687026, 0.743349204945262]",-1,1
288,[0.29533967 0.389985  ],11,29,"[0.2910361563966821, 0.3632133268209689]",0,1
289,[0.70183904 0.64448999],49,14,"[0.7308032484819382, 0.6267938875179955]",1,1
290,[0.49853771 0.71627523],152,0,"[0.540310662157008, 0.6953736653743781]",1,1
291,[0.37480097 0.196831  ],187,50,"[0.40195822198340814, 0.15061516848789352]",-1,1
292,[0.29901755 0.19213161],61,35,"[0.312254806871987, 0.2520389701060759]",-1,1
293,[0.55716247 0.79222004],130,17,"[0.5646280213760558, 0.773245531947558]",1,1
294,[0.55687297 0.23174703],123,23,"[0.5830480902558174, 0.22717165204192444]",1,1
295,[0.42584322 0.59275826],149,4,"[0.40516016769827884, 0.5467434014468535]",1,1
296,[0.21972259 0.33876497],148,18,"[0.24053704487737482, 0.2996938628107989]",0,1
297,[0.89216785 0.49151173],76,33,"[0.8504630543933226, 0.5006745329634636]",-1,1
298,[0.52264415 0.59315765],50,22,"[0.549765684357865, 0.5800529504893255]",1,1
299,[0.42714328 0.29898841],47,5,"[0.4190807963152104, 0.2975687313818508]",1,1
300,[0.45135269 0.36825585],177,37,"[0.4456325956690152, 0.4002040708157706]",1,1
301,[0.72720528 0.12571562],5,31,"[0.6831801115680609, 0.16212762646314294]",-1,1
302,[0.30802522 0.75885004],43,47,"[0.3149843406641991, 0.8011913017349629]",1,1
303,[0.58626774 0.24291138],92,23,"[0.5830480902558174, 0.22717165204192444]",1,1
304,[0.78996997 0.44348168],192,10,"[0.7521918753232238, 0.44988383619922795]",1,1
305,[0.59775872 0.50875224],91,3,"[0.5892518964627887, 0.48296848091287603]",1,1
306,[0.28574365 0.48427452],11,9,"[0.2902336137004115, 0.4592312374955694]",1,1
307,[0.73782376 0.72481164],97,7,"[0.7350758424759128, 0.7150736761111434]",1,1
308,[0.41122406 0.77397202],168,16,"[0.3769946274855042, 0.7311147783198821]",1,1
309,[0.60589877 0.3267282 ],74,24,"[0.5751951597482442, 0.32215792322231984]",1,1
310,[0.40812336 0.69516314],12,12,"[0.42727123924912525, 0.6637830916504293]",1,1
311,[0.86538358 0.52526282],128,33,"[0.8504630543933226, 0.5006745329634636]",1,1
312,[0.95711296 0.34291586],127,65,"[0.938555033700435, 0.3833367042154296]",-1,-1
313,[0.88540759 0.22628989],57,62,"[0.9074599752109064, 0.22334465612367885]",1,1
314,[0.3860464  0.62323226],125,15,"[0.36004406128657307, 0.6306729418852355]",1,1
315,[0.56213653 0.70179773],153,0,"[0.540310662157008, 0.6953736653743781]",1,1
316,[0.26433749 0.32793598],3,18,"[0.24053704487737482, 0.2996938628107989]",0,1
317,[0.33293321 1.        ],168,-1,-1,-1,-1
318,[0.38588328 0.74043108],59,16,"[0.3769946274855042, 0.7311147783198821]",1,1
319,[0.52147452 0.28085697],40,45,"[0.5224906378463989, 0.25162202626022173]",1,1
320,[0.37606229 0.41600965],105,11,"[0.3927532506557279, 0.4611801067894622]",1,1
321,[0.40974165 0.24725372],60,5,"[0.4190807963152104, 0.2975687313818508]",-1,1
322,[0.88648552 0.20443134],5,62,"[0.9074599752109064, 0.22334465612367885]",1,1
323,[0.67385452 0.68137755],48,1,"[0.651126707917329, 0.6800458266672191]",1,1
324,[0.73677406 0.95084539],179,59,"[0.7843288659097738, 0.9028233998856832]",-1,1
325,[0.78241404 0.33386664],160,19,"[0.7672328477002108, 0.36150407684378755]",1,1
326,[0.80311108 0.58192529],28,42,"[0.8515644570005486, 0.6010179416646075]",-1,1
327,[0.70881971 0.72422867],71,7,"[0.7350758424759128, 0.7150736761111434]",1,1
328,[0.75455384 0.29837104],53,8,"[0.8003476042659148, 0.2925959801718]",1,1
329,[0.38532568 0.52613032],196,4,"[0.40516016769827884, 0.5467434014468535]",1,1
330,[0.44609235 0.68224862],56,12,"[0.42727123924912525, 0.6637830916504293]",1,1
331,[0.46629097 0.78884728],162,2,"[0.47338734698808616, 0.7673852703570719]",1,1
332,[0.74322349 0.41642148],181,10,"[0.7521918753232238, 0.44988383619922795]",1,1
333,[0.22423639 0.57672121],33,34,"[0.2301832540262709, 0.5676172718271885]",1,1
334,[0.43057661 0.52739244],50,4,"[0.40516016769827884, 0.5467434014468535]",1,1
335,[0.92156509 0.40763858],76,65,"[0.938555033700435, 0.3833367042154296]",-1,1
336,[0.2693681  0.89978765],112,64,"[0.28637369108317584, 0.9171793674321442]",-1,1
337,[0.41449777 0.69055235],56,12,"[0.42727123924912525, 0.6637830916504293]",1,1
338,[0.41850854 0.63401415],154,12,"[0.42727123924912525, 0.6637830916504293]",1,1
339,[0.90146122 0.48690858],66,33,"[0.8504630543933226, 0.5006745329634636]",-1,1
340,[0.50297762 0.78895903],39,2,"[0.47338734698808616, 0.7673852703570719]",1,1
341,[0.55800701 0.50365432],16,3,"[0.5892518964627887, 0.48296848091287603]",1,1
342,[0.52334065 0.28017453],88,45,"[0.5224906378463989, 0.25162202626022173]",1,1
343,[0.61783003 0.64385162],171,1,"[0.651126707917329, 0.6800458266672191]",1,1
344,[0.47122596 0.60019956],174,44,"[0.48251764420333776, 0.6169551008945701]",1,1
345,[0.59768144 0.47652156],182,3,"[0.5892518964627887, 0.48296848091287603]",1,1
346,[0.12260638 0.2738042 ],116,40,"[0.123797375407702, 0.3126448975789383]",-1,1
347,[0.39322069 0.2872662 ],85,5,"[0.4190807963152104, 0.2975687313818508]",1,1
348,[0.77688476 0.35874898],77,19,"[0.7672328477002108, 0.36150407684378755]",1,1
349,[0.25050154 0.5114207 ],67,34,"[0.2301832540262709, 0.5676172718271885]",-1,1
350,[0.23237241 0.26884212],19,18,"[0.24053704487737482, 0.2996938628107989]",0,1
351,[0.88383101 0.61503862],66,42,"[0.8515644570005486, 0.6010179416646075]",-1,1
352,[0.4813394  0.65801286],153,44,"[0.48251764420333776, 0.6169551008945701]",1,1
353,[0.83822606 0.46092272],108,33,"[0.8504630543933226, 0.5006745329634636]",1,1
354,[0.49010259 0.84813504],15,41,"[0.4973733060132075, 0.8620884222500474]",1,1
355,[0.43815395 0.76032402],140,2,"[0.47338734698808616, 0.7673852703570719]",1,1
356,[0.46966046 0.61681351],0,44,"[0.48251764420333776, 0.6169551008945701]",1,1
357,[0.11618952 0.2977003 ],34,40,"[0.123797375407702, 0.3126448975789383]",0,1
358,[0.26252141 0.35612074],149,29,"[0.2910361563966821, 0.3632133268209689]",0,1
359,[0.0779615  0.23773269],86,-1,-1,-1,1
360,[0.26017382 0.55079248],101,34,"[0.2301832540262709, 0.5676172718271885]",1,1
361,[0.26043021 0.73515865],129,55,"[0.28270852977644495, 0.7134043176912952]",-1,1
362,[0.57824482 0.2400767 ],23,23,"[0.5830480902558174, 0.22717165204192444]",1,1
363,[0.65965032 0.25109102],7,58,"[0.6395405840279386, 0.247592007391409]",1,1
364,[0.4218613  0.48771481],18,11,"[0.3927532506557279, 0.4611801067894622]",1,1
365,[0.49223037 0.7364755 ],90,2,"[0.47338734698808616, 0.7673852703570719]",1,1
366,[0.8023045  0.45504843],29,10,"[0.7521918753232238, 0.44988383619922795]",1,1
367,[0.89366973 0.54676757],66,33,"[0.8504630543933226, 0.5006745329634636]",-1,1
368,[0.44103234 0.34544544],117,5,"[0.4190807963152104, 0.2975687313818508]",1,1
369,[0.23682668 0.39451416],52,29,"[0.2910361563966821, 0.3632133268209689]",0,1
370,[0.30410248 0.05856122],110,-1,-1,-1,0
371,[0.70069114 0.20128425],51,31,"[0.6831801115680609, 0.16212762646314294]",1,1
372,[0.50554068 0.47190126],64,25,"[0.5035796034684098, 0.5009638134178764]",1,1
373,[0.82166739 0.88723658],131,59,"[0.7843288659097738, 0.9028233998856832]",-1,1
374,[0.84418128 0.72883935],2,46,"[0.8504962976687026, 0.743349204945262]",1,1
375,[0.47867991 0.50436466],73,25,"[0.5035796034684098, 0.5009638134178764]",1,1
376,[0.58081748 0.5986171 ],93,22,"[0.549765684357865, 0.5800529504893255]",1,1
377,[0.49683826 0.73064327],142,2,"[0.47338734698808616, 0.7673852703570719]",1,1
378,[0.50013158 0.37572689],75,49,"[0.4964491660717541, 0.32534146923517243]",-1,1
379,[0.90765847 0.8422193 ],179,-1,-1,-1,1
380,[0.34401875 0.74236768],59,16,"[0.3769946274855042, 0.7311147783198821]",1,1
381,[0.62250045 0.58587962],84,13,"[0.6219837793930576, 0.5776675593527526]",1,1
382,[0.21829675 0.59657512],67,34,"[0.2301832540262709, 0.5676172718271885]",1,1
383,[0.82544708 0.31386254],5,8,"[0.8003476042659148, 0.2925959801718]",1,1
384,[0.68415617 0.59971765],167,32,"[0.6739768775899233, 0.548471551443978]",1,1
385,[0.60522383 0.47618144],151,3,"[0.5892518964627887, 0.48296848091287603]",1,1
386,[0.7939013  0.76484047],32,28,"[0.8143696555128839, 0.8159410844616618]",1,1
387,[0.63368223 0.79538721],124,20,"[0.6572848727618616, 0.7797197034100366]",1,1
388,[0.50234377 0.32113052],89,49,"[0.4964491660717541, 0.32534146923517243]",1,1
389,[0.83405681 0.73729236],111,46,"[0.8504962976687026, 0.743349204945262]",1,1
390,[0.65883447 0.70415815],170,1,"[0.651126707917329, 0.6800458266672191]",1,1
391,[0.69117365 0.57895045],119,32,"[0.6739768775899233, 0.548471551443978]",1,1
392,[0.47206194 0.76278378],95,2,"[0.47338734698808616, 0.7673852703570719]",1,1
393,[0.48532257 0.83867774],142,41,"[0.4973733060132075, 0.8620884222500474]",1,1
394,[0.42856916 0.55018657],101,4,"[0.40516016769827884, 0.5467434014468535]",1,1
395,[0.48781007 0.35575991],105,49,"[0.4964491660717541, 0.32534146923517243]",1,1
396,[0.48529238 0.76576841],130,2,"[0.47338734698808616, 0.7673852703570719]",1,1
397,[0.71405385 0.46418739],8,10,"[0.7521918753232238, 0.44988383619922795]",1,1
398,[0.32160563 0.74406474],44,55,"[0.28270852977644495, 0.7134043176912952]",1,1
399,[0.73138605 0.44489849],160,10,"[0.7521918753232238, 0.44988383619922795]",1,1
400,[0.6309263  0.64620732],180,1,"[0.651126707917329, 0.6800458266672191]",1,1
401,[0.59929861 0.64510481],171,1,"[0.651126707917329, 0.6800458266672191]",1,1
402,[0.62090805 0.41758031],193,26,"[0.6420098407538953, 0.3950090745413298]",1,1
403,[0.53741088 0.52175223],69,25,"[0.5035796034684098, 0.5009638134178764]",1,1
404,[0.61539554 0.4247862 ],94,26,"[0.6420098407538953, 0.3950090745413298]",1,1
405,[0.66932929 0.69394396],180,1,"[0.651126707917329, 0.6800458266672191]",1,1
406,[0.49054704 0.45647392],69,25,"[0.5035796034684098, 0.5009638134178764]",1,1
407,[0.74671083 0.63095078],139,14,"[0.7308032484819382, 0.6267938875179955]",1,1
408,[0.25112621 0.4897486 ],165,9,"[0.2902336137004115, 0.4592312374955694]",1,1
409,[0.31411135 0.4575845 ],165,9,"[0.2902336137004115, 0.4592312374955694]",1,1
410,[0.63400022 0.29448718],74,58,"[0.6395405840279386, 0.247592007391409]",1,1
411,[0.63461597 0.74246653],30,20,"[0.6572848727618616, 0.7797197034100366]",1,1
412,[0.7305881  0.71413727],135,7,"[0.7350758424759128, 0.7150736761111434]",1,1
413,[0.56151106 0.51203801],16,3,"[0.5892518964627887, 0.48296848091287603]",1,1
414,[0.77156272 0.73579451],96,7,"[0.7350758424759128, 0.7150736761111434]",1,1
415,[0.43486362 0.29854559],106,5,"[0.4190807963152104, 0.2975687313818508]",1,1
416,[0.29826429 0.46713414],191,9,"[0.2902336137004115, 0.4592312374955694]",1,1
417,[0.81929506 0.30828613],199,8,"[0.8003476042659148, 0.2925959801718]",1,1
418,[0.326621  0.6139375],43,15,"[0.36004406128657307, 0.6306729418852355]",1,1
419,[0.44663612 0.77447221],43,2,"[0.47338734698808616, 0.7673852703570719]",1,1
420,[0.25851453 0.60114715],155,48,"[0.26344574989266145, 0.6380046032446582]",1,1
421,[0.21576631 0.38194645],188,43,"[0.1734180287249057, 0.40326580417471825]",0,1
422,[0.75070377 0.66164339],97,14,"[0.7308032484819382, 0.6267938875179955]",1,1
423,[0.41697895 0.18721718],198,50,"[0.40195822198340814, 0.15061516848789352]",-1,1
424,[0.76725685 0.07781523],57,-1,-1,-1,1
425,[0.75736003 0.70377216],58,7,"[0.7350758424759128, 0.7150736761111434]",1,1
426,[0.09696853 0.34902597],103,40,"[0.123797375407702, 0.3126448975789383]",-1,1
427,[0.55746679 0.68772811],0,0,"[0.540310662157008, 0.6953736653743781]",1,1
428,[0.22342876 0.32834321],188,18,"[0.24053704487737482, 0.2996938628107989]",0,1
429,[0.49888193 0.75095847],70,2,"[0.47338734698808616, 0.7673852703570719]",1,1
430,[0.55741403 0.23317848],178,23,"[0.5830480902558174, 0.22717165204192444]",1,1
431,[0.64122127 0.37965769],10,26,"[0.6420098407538953, 0.3950090745413298]",1,1
432,[0.14027714 0.43475197],169,43,"[0.1734180287249057, 0.40326580417471825]",-1,1
433,[0.37642892 0.55063483],80,4,"[0.40516016769827884, 0.5467434014468535]",1,1
434,[0.63015123 0.20660455],145,58,"[0.6395405840279386, 0.247592007391409]",1,1
435,[0.50525155 0.91994582],90,41,"[0.4973733060132075, 0.8620884222500474]",-1,1
436,[0.344061  0.2257731],106,35,"[0.312254806871987, 0.2520389701060759]",0,1
437,[0.74379117 0.81327285],30,61,"[0.689367051170368, 0.8511195447878646]",-1,1
438,[0.33779212 0.42066797],191,9,"[0.2902336137004115, 0.4592312374955694]",1,1
439,[0.69865719 0.71101296],126,7,"[0.7350758424759128, 0.7150736761111434]",1,1
440,[0.69020639 0.65661338],71,1,"[0.651126707917329, 0.6800458266672191]",1,1
441,[0.5915868  0.42276344],138,27,"[0.5588112013689941, 0.4236844091625904]",1,1
442,[0.55862232 0.80004485],142,17,"[0.5646280213760558, 0.773245531947558]",1,1
443,[0.33632752 0.366608  ],117,29,"[0.2910361563966821, 0.3632133268209689]",0,1
444,[0.48510694 0.63362844],122,44,"[0.48251764420333776, 0.6169551008945701]",1,1
445,[0.72285671 0.30537127],197,6,"[0.6864124434178382, 0.3181944960057455]",1,1
446,[0.76468699 0.33091034],77,19,"[0.7672328477002108, 0.36150407684378755]",1,1
447,[0.34679657 0.36999196],87,29,"[0.2910361563966821, 0.3632133268209689]",-1,1
448,[0.59046627 0.50770064],73,3,"[0.5892518964627887, 0.48296848091287603]",1,1
449,[0.7515608  0.55099319],121,38,"[0.7573072643953451, 0.5411560881897132]",1,1
450,[0.54398771 0.3213353 ],92,24,"[0.5751951597482442, 0.32215792322231984]",1,1
451,[0.77127269 0.22810606],7,39,"[0.7199248058297297, 0.24603296151665166]",1,1
452,[0.52154979 0.75278316],140,17,"[0.5646280213760558, 0.773245531947558]",1,1
453,[0.7658488  0.67654174],2,7,"[0.7350758424759128, 0.7150736761111434]",1,1
454,[0.53209628 0.26015162],178,45,"[0.5224906378463989, 0.25162202626022173]",1,1
455,[0.5954216  0.49143821],48,3,"[0.5892518964627887, 0.48296848091287603]",1,1
456,[0.30803155 0.23571344],61,35,"[0.312254806871987, 0.2520389701060759]",0,1
457,[0.25504042 0.34872592],148,29,"[0.2910361563966821, 0.3632133268209689]",0,1
458,[0.7740536  0.26390251],77,8,"[0.8003476042659148, 0.2925959801718]",1,1
459,[0.84595343 0.39367738],192,30,"[0.8544208465086831, 0.3630782388546552]",1,1
460,[0.84905859 0.4100591 ],115,30,"[0.8544208465086831, 0.3630782388546552]",-1,1
461,[0.83883183 0.88179409],179,59,"[0.7843288659097738, 0.9028233998856832]",-1,1
462,[0.57202828 0.23940392],89,23,"[0.5830480902558174, 0.22717165204192444]",1,1
463,[0.27074959 0.55777014],125,52,"[0.30246029861485146, 0.547199048936297]",1,1
464,[0.27769536 0.31092535],3,18,"[0.24053704487737482, 0.2996938628107989]",0,1
465,[0.43061453 0.41805044],85,37,"[0.4456325956690152, 0.4002040708157706]",1,1
466,[0.61592438 0.47820286],123,3,"[0.5892518964627887, 0.48296848091287603]",1,1
467,[0.78898798 0.64240999],139,63,"[0.7930770259310427, 0.6354151616793977]",1,1
468,[0.51839719 0.44853796],36,27,"[0.5588112013689941, 0.4236844091625904]",1,1
469,[0.67256682 0.57163667],193,32,"[0.6739768775899233, 0.548471551443978]",1,1
470,[0.76993518 0.24238599],51,39,"[0.7199248058297297, 0.24603296151665166]",1,1
471,[0.83625554 0.28236705],9,8,"[0.8003476042659148, 0.2925959801718]",1,1
472,[0.38683412 0.4652386 ],176,11,"[0.3927532506557279, 0.4611801067894622]",1,1
473,[0.42285613 0.09251822],45,50,"[0.40195822198340814, 0.15061516848789352]",-1,1
474,[0.82236469 0.44422834],151,33,"[0.8504630543933226, 0.5006745329634636]",1,1
475,[0.83818337 0.60964791],2,42,"[0.8515644570005486, 0.6010179416646075]",1,1
476,[0.69290394 0.62462011],135,14,"[0.7308032484819382, 0.6267938875179955]",1,1
477,[0.7742869  0.52588034],181,38,"[0.7573072643953451, 0.5411560881897132]",1,1
478,[0.40924328 0.72364226],56,16,"[0.3769946274855042, 0.7311147783198821]",1,1
479,[0.35159532 0.5990026 ],1,15,"[0.36004406128657307, 0.6306729418852355]",1,1
480,[0.4973487  0.69351866],62,0,"[0.540310662157008, 0.6953736653743781]",1,1
481,[0.45218347 0.73445144],140,2,"[0.47338734698808616, 0.7673852703570719]",1,1
482,[0.82312996 0.8528003 ],32,28,"[0.8143696555128839, 0.8159410844616618]",1,1
483,[0.54241446 0.65559044],144,0,"[0.540310662157008, 0.6953736653743781]",1,1
484,[0.53066563 0.3124399 ],40,49,"[0.4964491660717541, 0.32534146923517243]",1,1
485,[0.54350707 0.51577725],94,25,"[0.5035796034684098, 0.5009638134178764]",1,1
486,[0.39179407 0.81575111],43,-1,-1,-1,1
487,[0.750074   0.54633061],157,38,"[0.7573072643953451, 0.5411560881897132]",1,1
488,[0.75582061 0.3077156 ],114,8,"[0.8003476042659148, 0.2925959801718]",1,1
489,[0.6297354  0.72450686],71,1,"[0.651126707917329, 0.6800458266672191]",1,1
490,[0.51507611 0.59833337],156,44,"[0.48251764420333776, 0.6169551008945701]",1,1
491,[0.53645788 0.69464104],58,0,"[0.540310662157008, 0.6953736653743781]",1,1
492,[0.79666712 0.52236728],186,38,"[0.7573072643953451, 0.5411560881897132]",1,1
493,[0.64337091 0.51227583],108,21,"[0.6538689886551066, 0.4666632268734777]",1,1
494,[0.41230008 0.72347145],168,16,"[0.3769946274855042, 0.7311147783198821]",1,1
495,[0.86512936 0.57872695],115,42,"[0.8515644570005486, 0.6010179416646075]",1,1
496,[0.55118754 0.39930227],84,27,"[0.5588112013689941, 0.4236844091625904]",1,1
497,[0.42552553 0.36309177],113,37,"[0.4456325956690152, 0.4002040708157706]",1,1
498,[0.72763408 0.31262879],127,6,"[0.6864124434178382, 0.3181944960057455]",1,1
499,[0.2491821  0.45611387],6,9,"[0.2902336137004115, 0.4592312374955694]",1,1
500,[0.21038736 0.59328201],22,34,"[0.2301832540262709, 0.5676172718271885]",1,1
501,[0.77596995 0.11890216],46,36,"[0.8059958151194433, 0.17303066405453446]",-1,1
502,[0.18763706 0.72937689],146,56,"[0.18453616477812204, 0.7742299149558416]",-1,1
503,[0.27498066 0.36316381],54,29,"[0.2910361563966821, 0.3632133268209689]",0,1
504,[0.8389904  0.31475475],127,8,"[0.8003476042659148, 0.2925959801718]",1,1
505,[0.42524717 0.47623617],18,11,"[0.3927532506557279, 0.4611801067894622]",1,1
506,[0.97346065 0.21236788],26,62,"[0.9074599752109064, 0.22334465612367885]",-1,-1
507,[0.68576092 0.66315045],79,1,"[0.651126707917329, 0.6800458266672191]",1,1
508,[0.87516607 0.82570596],20,28,"[0.8143696555128839, 0.8159410844616618]",-1,1
509,[0.51648915 0.66462655],122,0,"[0.540310662157008, 0.6953736653743781]",1,1
510,[0.5850828  0.39179814],176,27,"[0.5588112013689941, 0.4236844091625904]",1,1
511,[0.35069884 0.69659158],59,16,"[0.3769946274855042, 0.7311147783198821]",1,1
512,[0.81149099 0.29789684],53,8,"[0.8003476042659148, 0.2925959801718]",1,1
513,[0.8504165  0.33747778],76,30,"[0.8544208465086831, 0.3630782388546552]",1,1
514,[0.6381553 0.1778552],78,31,"[0.6831801115680609, 0.16212762646314294]",1,1
515,[0.10923274 0.31205762],34,40,"[0.123797375407702, 0.3126448975789383]",0,1
516,[0.47847553 0.78894094],100,2,"[0.47338734698808616, 0.7673852703570719]",1,1
517,[0.38007572 0.53418952],3,4,"[0.40516016769827884, 0.5467434014468535]",1,1
518,[0.73416067 0.3575011 ],7,19,"[0.7672328477002108, 0.36150407684378755]",1,1
519,[0.77193429 0.28919811],114,8,"[0.8003476042659148, 0.2925959801718]",1,1
520,[0.54958217 0.15851582],88,54,"[0.552391805646466, 0.15977687074423055]",1,1
521,[0.23000951 0.59876773],33,34,"[0.2301832540262709, 0.5676172718271885]",1,1
522,[0.71733938 0.71646718],111,7,"[0.7350758424759128, 0.7150736761111434]",1,1
523,[0.71187077 0.71536073],157,7,"[0.7350758424759128, 0.7150736761111434]",1,1
524,[0.75514227 0.35699964],35,19,"[0.7672328477002108, 0.36150407684378755]",1,1
525,[0.58238178 0.60699141],167,22,"[0.549765684357865, 0.5800529504893255]",1,1
526,[0.7037656 0.552383 ],193,32,"[0.6739768775899233, 0.548471551443978]",1,1
527,[0.39734803 0.64789012],99,12,"[0.42727123924912525, 0.6637830916504293]",1,1
528,[0.80064123 0.66153434],161,63,"[0.7930770259310427, 0.6354151616793977]",1,1
529,[0.25943648 0.32729112],3,18,"[0.24053704487737482, 0.2996938628107989]",0,1
530,[0.59462407 0.95101415],140,-1,-1,-1,-1
531,[0.81405715 0.80014942],96,28,"[0.8143696555128839, 0.8159410844616618]",1,1
532,[0.22199588 0.56797597],33,34,"[0.2301832540262709, 0.5676172718271885]",1,1
533,[0.53042448 0.74398745],142,17,"[0.5646280213760558, 0.773245531947558]",1,1
534,[0.32928845 0.46786193],196,9,"[0.2902336137004115, 0.4592312374955694]",1,1
535,[0.81932413 0.38015087],76,30,"[0.8544208465086831, 0.3630782388546552]",1,1
536,[0.66319956 0.54633451],167,32,"[0.6739768775899233, 0.548471551443978]",1,1
537,[0.1678226  0.37695434],173,43,"[0.1734180287249057, 0.40326580417471825]",-1,1
538,[0.27780734 0.27185278],85,35,"[0.312254806871987, 0.2520389701060759]",0,1
539,[0.11339641 0.16681642],86,51,"[0.15842372763366333, 0.19977385202364417]",-1,1
540,[0.7945444  0.83210733],42,28,"[0.8143696555128839, 0.8159410844616618]",1,1
541,[0.17813452 0.50686305],67,53,"[0.17113552717934852, 0.5146524747087701]",1,1
542,[0.81315146 0.75915975],58,46,"[0.8504962976687026, 0.743349204945262]",1,1
543,[0.89108134 0.23616729],26,62,"[0.9074599752109064, 0.22334465612367885]",1,1
544,[0.68962688 0.23958019],98,39,"[0.7199248058297297, 0.24603296151665166]",1,1
545,[0.85019164 0.32242816],8,30,"[0.8544208465086831, 0.3630782388546552]",1,1
546,[0.28492461 0.28916837],63,18,"[0.24053704487737482, 0.2996938628107989]",0,1
547,[0.63865967 0.55227794],190,13,"[0.6219837793930576, 0.5776675593527526]",1,1
548,[0.66012682 0.34367293],92,6,"[0.6864124434178382, 0.3181944960057455]",1,1
549,[0.78991432 0.55239776],121,38,"[0.7573072643953451, 0.5411560881897132]",1,1
550,[0.63121808 0.35271116],123,26,"[0.6420098407538953, 0.3950090745413298]",1,1
551,[0.53053968 0.66755906],183,0,"[0.540310662157008, 0.6953736653743781]",1,1
552,[0.74340949 0.53808657],115,38,"[0.7573072643953451, 0.5411560881897132]",1,1
553,[0.63171797 0.61918172],135,13,"[0.6219837793930576, 0.5776675593527526]",1,1
554,[0.6885745 0.8400324],13,61,"[0.689367051170368, 0.8511195447878646]",1,1
555,[0.49500203 0.8480687 ],162,41,"[0.4973733060132075, 0.8620884222500474]",1,1
556,[0.68869747 0.42931279],93,21,"[0.6538689886551066, 0.4666632268734777]",1,1
557,[0.54491683 0.474514  ],73,3,"[0.5892518964627887, 0.48296848091287603]",1,1
558,[0.38311273 0.73606811],38,16,"[0.3769946274855042, 0.7311147783198821]",1,1
559,[0.28076534 0.47099777],149,9,"[0.2902336137004115, 0.4592312374955694]",1,1
560,[0.77198298 0.36563073],25,19,"[0.7672328477002108, 0.36150407684378755]",1,1
561,[0.43878529 0.40737097],14,37,"[0.4456325956690152, 0.4002040708157706]",1,1
562,[0.5419646  0.59307571],68,22,"[0.549765684357865, 0.5800529504893255]",1,1
563,[0.74879848 0.70371967],157,7,"[0.7350758424759128, 0.7150736761111434]",1,1
564,[0.87151506 0.7144428 ],28,46,"[0.8504962976687026, 0.743349204945262]",-1,1
565,[0.4624908  0.54762331],68,4,"[0.40516016769827884, 0.5467434014468535]",1,1
566,[0.38954022 0.7424505 ],95,16,"[0.3769946274855042, 0.7311147783198821]",1,1
567,[0.11193631 0.20861334],103,51,"[0.15842372763366333, 0.19977385202364417]",-1,1
568,[0.60474633 0.49383826],190,3,"[0.5892518964627887, 0.48296848091287603]",1,1
569,[0.4759789  0.62545793],141,44,"[0.48251764420333776, 0.6169551008945701]",1,1
570,[0.24437241 0.56208674],17,34,"[0.2301832540262709, 0.5676172718271885]",1,1
571,[0.22461249 0.89209216],112,64,"[0.28637369108317584, 0.9171793674321442]",-1,1
572,[0.37700864 0.22053888],177,-1,-1,0,1
573,[0.53023469 0.66641485],102,0,"[0.540310662157008, 0.6953736653743781]",1,1
574,[0.41430738 0.26368618],87,5,"[0.4190807963152104, 0.2975687313818508]",1,1
575,[0.57623892 0.50659462],174,3,"[0.5892518964627887, 0.48296848091287603]",1,1
576,[0.52774347 0.8770581 ],12,41,"[0.4973733060132075, 0.8620884222500474]",-1,1
577,[0.46524338 0.31730798],177,49,"[0.4964491660717541, 0.32534146923517243]",1,1
578,[0.64120838 0.44747338],182,21,"[0.6538689886551066, 0.4666632268734777]",1,1
579,[0.32921816 0.2708295 ],143,35,"[0.312254806871987, 0.2520389701060759]",0,1
580,[0.85460967 0.36514964],29,30,"[0.8544208465086831, 0.3630782388546552]",1,1
581,[0.63233453 0.56449216],193,13,"[0.6219837793930576, 0.5776675593527526]",1,1
582,[0.83803417 0.29473449],127,8,"[0.8003476042659148, 0.2925959801718]",1,1
583,[0.29047391 0.80499893],146,47,"[0.3149843406641991, 0.8011913017349629]",1,1
584,[0.70755868 0.30454243],35,6,"[0.6864124434178382, 0.3181944960057455]",1,1
585,[0.64894543 0.49760287],151,21,"[0.6538689886551066, 0.4666632268734777]",1,1
586,[0.61870208 0.29103238],78,58,"[0.6395405840279386, 0.247592007391409]",1,1
587,[0.68077646 0.51770799],138,32,"[0.6739768775899233, 0.548471551443978]",1,1
588,[0.50695971 0.85832019],162,41,"[0.4973733060132075, 0.8620884222500474]",1,1
589,[0.27938057 0.36455003],34,29,"[0.2910361563966821, 0.3632133268209689]",0,1
590,[0.64989603 0.67397457],70,1,"[0.651126707917329, 0.6800458266672191]",1,1
591,[0.25089344 0.25053274],187,18,"[0.24053704487737482, 0.2996938628107989]",0,1
592,[0.34411063 0.42434971],149,11,"[0.3927532506557279, 0.4611801067894622]",1,1
593,[0.39573212 0.114624  ],187,50,"[0.40195822198340814, 0.15061516848789352]",-1,1
594,[0.47150672 0.15939199],45,-1,-1,-1,1
595,[0.54522458 0.79834972],170,17,"[0.5646280213760558, 0.773245531947558]",1,1
596,[0.32918006 0.3305092 ],81,29,"[0.2910361563966821, 0.3632133268209689]",0,1
597,[0.3842672  0.52840828],81,4,"[0.40516016769827884, 0.5467434014468535]",1,1
598,[0.24922471 0.84696215],172,-1,-1,-1,1
599,[0.24021782 0.79054047],82,56,"[0.18453616477812204, 0.7742299149558416]",-1,1
600,[0.7241101  0.83129766],124,61,"[0.689367051170368, 0.8511195447878646]",1,1
601,[0.2188818  0.33560008],54,18,"[0.24053704487737482, 0.2996938628107989]",0,1
602,[0.67014814 0.34801729],10,6,"[0.6864124434178382, 0.3181944960057455]",1,1
603,[0.59569491 0.70849718],126,0,"[0.540310662157008, 0.6953736653743781]",1,1
604,[0.51126994 0.48874554],64,25,"[0.5035796034684098, 0.5009638134178764]",1,1
605,[0.42736176 0.42765527],64,37,"[0.4456325956690152, 0.4002040708157706]",1,1
606,[0.3585906  0.65793515],1,15,"[0.36004406128657307, 0.6306729418852355]",1,1
607,[0.5988313  0.75852381],104,17,"[0.5646280213760558, 0.773245531947558]",1,1
608,[0.77317436 0.88630129],30,59,"[0.7843288659097738, 0.9028233998856832]",-1,1
609,[0.41604118 0.65307933],1,12,"[0.42727123924912525, 0.6637830916504293]",1,1
610,[0.77475417 0.31417285],118,8,"[0.8003476042659148, 0.2925959801718]",1,1
611,[0.18038071 0.5304613 ],33,53,"[0.17113552717934852, 0.5146524747087701]",1,1
612,[0.25769137 0.42720911],191,9,"[0.2902336137004115, 0.4592312374955694]",0,1
613,[0.17906322 0.32898196],34,40,"[0.123797375407702, 0.3126448975789383]",0,1
614,[0.3736718  0.48565566],6,11,"[0.3927532506557279, 0.4611801067894622]",1,1
615,[0.36050159 0.64491243],147,15,"[0.36004406128657307, 0.6306729418852355]",1,1
616,[0.33160968 0.61078192],44,15,"[0.36004406128657307, 0.6306729418852355]",1,1
617,[0.64895959 0.26774999],133,58,"[0.6395405840279386, 0.247592007391409]",1,1
618,[0.33273664 0.64875329],189,15,"[0.36004406128657307, 0.6306729418852355]",1,1
619,[0.83320702 0.20300264],166,36,"[0.8059958151194433, 0.17303066405453446]",1,1
620,[0.60395493 0.61200065],171,13,"[0.6219837793930576, 0.5776675593527526]",1,1
621,[0.41115776 0.31700907],47,5,"[0.4190807963152104, 0.2975687313818508]",1,1
622,[0.25561661 0.20698573],4,-1,-1,-1,1
623,[0.55910145 0.44052371],10,27,"[0.5588112013689941, 0.4236844091625904]",1,1
624,[0.7070834  0.71385731],163,7,"[0.7350758424759128, 0.7150736761111434]",1,1
625,[0.81147576 0.19929205],98,36,"[0.8059958151194433, 0.17303066405453446]",1,1
626,[0.39979086 0.5413509 ],75,4,"[0.40516016769827884, 0.5467434014468535]",1,1
627,[0.78349845 0.46330167],194,10,"[0.7521918753232238, 0.44988383619922795]",1,1
628,[0.63381728 0.49922107],25,21,"[0.6538689886551066, 0.4666632268734777]",1,1
629,[0.53207364 0.70706627],150,0,"[0.540310662157008, 0.6953736653743781]",1,1
630,[0.4241156  0.41084378],55,37,"[0.4456325956690152, 0.4002040708157706]",1,1
631,[0.74636251 0.32568809],199,19,"[0.7672328477002108, 0.36150407684378755]",1,1
632,[0.75005237 0.19451964],72,39,"[0.7199248058297297, 0.24603296151665166]",1,1
633,[0.34946755 0.41886132],11,11,"[0.3927532506557279, 0.4611801067894622]",1,1
634,[0.57924285 0.54375022],16,22,"[0.549765684357865, 0.5800529504893255]",1,1
635,[0.16326735 0.70245655],129,57,"[0.1668894074909444, 0.6580023075250768]",-1,1
636,[0.42998647 0.6458435 ],189,12,"[0.42727123924912525, 0.6637830916504293]",1,1
637,[0.39543342 0.76496055],120,16,"[0.3769946274855042, 0.7311147783198821]",1,1
638,[0.46287779 0.77982611],159,2,"[0.47338734698808616, 0.7673852703570719]",1,1
639,[0.30361778 0.44362833],116,9,"[0.2902336137004115, 0.4592312374955694]",1,1
640,[0.5275336 0.5999685],94,22,"[0.549765684357865, 0.5800529504893255]",1,1
641,[0.1083081 0.297569 ],169,40,"[0.123797375407702, 0.3126448975789383]",-1,1
642,[0.45963376 0.43025352],141,37,"[0.4456325956690152, 0.4002040708157706]",1,1
643,[0.75603738 0.24082622],197,39,"[0.7199248058297297, 0.24603296151665166]",1,1
644,[0.24842856 0.07118442],187,-1,-1,-1,0
645,[0.78984315 0.5271864 ],194,38,"[0.7573072643953451, 0.5411560881897132]",-1,1
646,[0.17976457 0.15691876],110,51,"[0.15842372763366333, 0.19977385202364417]",-1,1
647,[0.41058165 0.70554246],43,16,"[0.3769946274855042, 0.7311147783198821]",1,1
648,[0.49897267 0.33014544],83,49,"[0.4964491660717541, 0.32534146923517243]",1,1
649,[0.39220381 0.60087046],125,15,"[0.36004406128657307, 0.6306729418852355]",1,1
650,[0.25978229 0.58819311],101,34,"[0.2301832540262709, 0.5676172718271885]",1,1
651,[0.6355348  0.41480877],123,26,"[0.6420098407538953, 0.3950090745413298]",1,1
652,[0.3615907  0.08087261],198,-1,-1,-1,1
653,[0.6756191  0.80610722],13,20,"[0.6572848727618616, 0.7797197034100366]",1,1
654,[0.64779993 0.54812658],70,32,"[0.6739768775899233, 0.548471551443978]",1,1
655,[0.5512254  0.39067575],178,27,"[0.5588112013689941, 0.4236844091625904]",1,1
656,[0.55625263 0.5512391 ],159,22,"[0.549765684357865, 0.5800529504893255]",1,1
657,[0.40647737 0.5650045 ],59,4,"[0.40516016769827884, 0.5467434014468535]",1,1
658,[0.59102562 0.19922201],78,23,"[0.5830480902558174, 0.22717165204192444]",1,1
659,[0.58549008 0.43061395],46,27,"[0.5588112013689941, 0.4236844091625904]",1,1
660,[0.14874404 0.58373868],33,-1,-1,-1,1
661,[0.77075296 0.2456781 ],98,39,"[0.7199248058297297, 0.24603296151665166]",1,1
662,[0.59091098 0.62697659],68,13,"[0.6219837793930576, 0.5776675593527526]",1,1
663,[0.54857478 0.17183951],178,54,"[0.552391805646466, 0.15977687074423055]",1,1
664,[0.6682243  0.29472709],24,6,"[0.6864124434178382, 0.3181944960057455]",1,1
665,[0.16926639 0.24222666],19,51,"[0.15842372763366333, 0.19977385202364417]",-1,1
666,[0.58956519 0.26095768],40,23,"[0.5830480902558174, 0.22717165204192444]",1,1
667,[0.41010264 0.42705046],101,11,"[0.3927532506557279, 0.4611801067894622]",1,1
668,[0.71654736 0.56547083],69,32,"[0.6739768775899233, 0.548471551443978]",1,1
669,[0.8673176  0.21320784],46,62,"[0.9074599752109064, 0.22334465612367885]",1,1
670,[0.30209679 0.83066218],112,47,"[0.3149843406641991, 0.8011913017349629]",-1,1
671,[0.46057323 0.29950849],113,5,"[0.4190807963152104, 0.2975687313818508]",1,1
672,[0.70640651 0.60995371],49,14,"[0.7308032484819382, 0.6267938875179955]",1,1
673,[0.79487915 0.35156127],160,19,"[0.7672328477002108, 0.36150407684378755]",1,1
674,[0.15243505 0.50722658],67,53,"[0.17113552717934852, 0.5146524747087701]",-1,1
675,[0.74943824 0.38091863],53,19,"[0.7672328477002108, 0.36150407684378755]",1,1
676,[0.13601431 0.79081302],21,56,"[0.18453616477812204, 0.7742299149558416]",-1,1
677,[0.55026593 0.77136138],153,17,"[0.5646280213760558, 0.773245531947558]",1,1
678,[0.48967755 0.36907518],47,49,"[0.4964491660717541, 0.32534146923517243]",1,1
679,[0.17436103 0.24168944],86,51,"[0.15842372763366333, 0.19977385202364417]",-1,1
680,[0.83950425 0.53772928],128,33,"[0.8504630543933226, 0.5006745329634636]",-1,1
681,[0.5506086  0.25500259],88,45,"[0.5224906378463989, 0.25162202626022173]",1,1
682,[0.39147524 0.61629767],120,15,"[0.36004406128657307, 0.6306729418852355]",1,1
683,[0.59897147 0.40584384],94,27,"[0.5588112013689941, 0.4236844091625904]",1,1
684,[0.64834471 0.42643126],109,26,"[0.6420098407538953, 0.3950090745413298]",1,1
685,[0.49918226 0.31453256],105,49,"[0.4964491660717541, 0.32534146923517243]",1,1
686,[0.43576272 0.61114047],56,44,"[0.48251764420333776, 0.6169551008945701]",1,1
687,[0.30019882 0.47075332],116,9,"[0.2902336137004115, 0.4592312374955694]",1,1
688,[0.80117793 0.86293836],20,59,"[0.7843288659097738, 0.9028233998856832]",1,1
689,[0.64757147 0.46612409],93,21,"[0.6538689886551066, 0.4666632268734777]",1,1
690,[0.3826585 0.4993853],117,11,"[0.3927532506557279, 0.4611801067894622]",1,1
691,[0.17525093 0.79132332],82,56,"[0.18453616477812204, 0.7742299149558416]",-1,1
692,[0.55743354 0.26003712],24,45,"[0.5224906378463989, 0.25162202626022173]",1,1
693,[0.19025773 0.64445253],22,57,"[0.1668894074909444, 0.6580023075250768]",1,1
694,[0.35948119 0.63737952],158,15,"[0.36004406128657307, 0.6306729418852355]",1,1
695,[0.58439233 0.38244593],109,27,"[0.5588112013689941, 0.4236844091625904]",1,1
696,[0.73255621 0.19699904],166,39,"[0.7199248058297297, 0.24603296151665166]",1,1
697,[0.81291585 0.18306709],57,36,"[0.8059958151194433, 0.17303066405453446]",1,1
698,[0.67493678 0.80531838],13,20,"[0.6572848727618616, 0.7797197034100366]",1,1
699,[0.80215868 0.22449501],145,36,"[0.8059958151194433, 0.17303066405453446]",1,1
700,[0.81578198 0.48646921],128,33,"[0.8504630543933226, 0.5006745329634636]",1,1
701,[0.40212247 0.47140043],165,11,"[0.3927532506557279, 0.4611801067894622]",1,1
702,[0.7909845  0.62463857],161,63,"[0.7930770259310427, 0.6354151616793977]",1,1
703,[0.71224676 0.27865231],145,39,"[0.7199248058297297, 0.24603296151665166]",1,1
704,[0.41282826 0.2551932 ],109,5,"[0.4190807963152104, 0.2975687313818508]",1,1
705,[0.5230695  0.46269965],73,25,"[0.5035796034684098, 0.5009638134178764]",1,1
706,[0.74729467 0.42977892],128,10,"[0.7521918753232238, 0.44988383619922795]",1,1
707,[0.83276804 0.81384535],20,28,"[0.8143696555128839, 0.8159410844616618]",1,1
708,[0.64891096 0.37076533],192,26,"[0.6420098407538953, 0.3950090745413298]",1,1
709,[0.4157894  0.51309937],182,4,"[0.40516016769827884, 0.5467434014468535]",1,1
710,[0.49652793 0.47044281],91,25,"[0.5035796034684098, 0.5009638134178764]",1,1
711,[0.62117914 0.58815302],70,13,"[0.6219837793930576, 0.5776675593527526]",1,1
712,[0.73017282 0.5396948 ],119,38,"[0.7573072643953451, 0.5411560881897132]",1,1
713,[0.2567528  0.46920698],165,9,"[0.2902336137004115, 0.4592312374955694]",1,1
714,[0.70104898 0.3744848 ],74,6,"[0.6864124434178382, 0.3181944960057455]",1,1
715,[0.69430907 0.94520821],107,-1,-1,-1,-1
716,[0.23425777 0.38441574],148,29,"[0.2910361563966821, 0.3632133268209689]",0,1
717,[0.50948949 0.61630615],122,44,"[0.48251764420333776, 0.6169551008945701]",1,1
718,[0.59086203 0.51250436],156,3,"[0.5892518964627887, 0.48296848091287603]",1,1
719,[0.06228764 0.31976722],173,40,"[0.123797375407702, 0.3126448975789383]",-1,1
720,[0.29223979 0.57704681],1,52,"[0.30246029861485146, 0.547199048936297]",1,1
721,[0.29044404 0.94739343],82,64,"[0.28637369108317584, 0.9171793674321442]",-1,1
722,[0.68376616 0.29448761],145,6,"[0.6864124434178382, 0.3181944960057455]",1,1
723,[0.50046679 0.31376336],87,49,"[0.4964491660717541, 0.32534146923517243]",1,1
724,[0.29702357 0.6698777 ],21,55,"[0.28270852977644495, 0.7134043176912952]",-1,1
725,[0.25079623 0.65039448],80,48,"[0.26344574989266145, 0.6380046032446582]",-1,1
726,[0.53968152 0.5429026 ],190,22,"[0.549765684357865, 0.5800529504893255]",1,1
727,[0.81263417 0.83879495],131,28,"[0.8143696555128839, 0.8159410844616618]",1,1
728,[0.68334415 0.68086061],71,1,"[0.651126707917329, 0.6800458266672191]",1,1
729,[0.38511726 0.29586566],177,5,"[0.4190807963152104, 0.2975687313818508]",1,1
730,[0.50643077 0.72788529],152,0,"[0.540310662157008, 0.6953736653743781]",1,1
731,[0.78387735 0.78708709],161,28,"[0.8143696555128839, 0.8159410844616618]",1,1
732,[0.62385458 0.57470218],138,13,"[0.6219837793930576, 0.5776675593527526]",1,1
733,[0.30946948 0.23586935],19,35,"[0.312254806871987, 0.2520389701060759]",0,1
734,[0.16192625 0.74476826],195,56,"[0.18453616477812204, 0.7742299149558416]",-1,1
735,[0.53146662 0.57577651],183,22,"[0.549765684357865, 0.5800529504893255]",1,1
736,[0.67582111 0.43336741],93,21,"[0.6538689886551066, 0.4666632268734777]",1,1
737,[0.8209558  0.37522641],65,30,"[0.8544208465086831, 0.3630782388546552]",1,1
738,[0.40823903 0.57651495],1,4,"[0.40516016769827884, 0.5467434014468535]",1,1
739,[0.55674774 0.7036134 ],37,0,"[0.540310662157008, 0.6953736653743781]",1,1
740,[0.366962   0.57339138],55,4,"[0.40516016769827884, 0.5467434014468535]",1,1
741,[0.68376345 0.38088781],35,26,"[0.6420098407538953, 0.3950090745413298]",1,1
742,[0.44018543 0.68291813],15,12,"[0.42727123924912525, 0.6637830916504293]",1,1
743,[0.6595741  0.77538018],126,20,"[0.6572848727618616, 0.7797197034100366]",1,1
744,[0.50212947 0.561439  ],31,22,"[0.549765684357865, 0.5800529504893255]",1,1
745,[0.62318442 0.75191096],163,20,"[0.6572848727618616, 0.7797197034100366]",1,1
746,[0.48343035 0.68937524],95,0,"[0.540310662157008, 0.6953736653743781]",1,1
747,[0.21089108 0.28947158],103,18,"[0.24053704487737482, 0.2996938628107989]",0,1
748,[0.87444275 0.31999982],199,30,"[0.8544208465086831, 0.3630782388546552]",1,1
749,[0.64089796 0.48050539],91,21,"[0.6538689886551066, 0.4666632268734777]",1,1
750,[0.66656281 0.8506312 ],100,61,"[0.689367051170368, 0.8511195447878646]",1,1
751,[0.80106676 0.36282588],29,19,"[0.7672328477002108, 0.36150407684378755]",1,1
752,[0.29261234 0.81557416],162,47,"[0.3149843406641991, 0.8011913017349629]",1,1
753,[0.57784247 0.57448791],190,22,"[0.549765684357865, 0.5800529504893255]",1,1
754,[0.66193768 0.4483903 ],25,21,"[0.6538689886551066, 0.4666632268734777]",1,1
755,[0.15928822 0.31299886],173,40,"[0.123797375407702, 0.3126448975789383]",-1,1
756,[0.16212872 0.61930915],129,57,"[0.1668894074909444, 0.6580023075250768]",1,1
757,[0.63948979 0.50971412],178,21,"[0.6538689886551066, 0.4666632268734777]",1,1
758,[0.89317835 0.55235293],28,42,"[0.8515644570005486, 0.6010179416646075]",-1,1
759,[0.55448341 0.45702586],174,27,"[0.5588112013689941, 0.4236844091625904]",1,1
760,[0.65352908 0.29673111],26,6,"[0.6864124434178382, 0.3181944960057455]",1,1
761,[0.64216601 0.48053181],186,21,"[0.6538689886551066, 0.4666632268734777]",1,1
762,[0.15365037 0.39327198],52,43,"[0.1734180287249057, 0.40326580417471825]",-1,1
763,[0.64154799 0.77555575],124,20,"[0.6572848727618616, 0.7797197034100366]",1,1
764,[0.22302493 0.26787501],52,18,"[0.24053704487737482, 0.2996938628107989]",0,1
765,[0.84235273 0.40067018],192,30,"[0.8544208465086831, 0.3630782388546552]",1,1
766,[0.29730678 0.53330377],116,52,"[0.30246029861485146, 0.547199048936297]",1,1
767,[0.56862845 0.48773829],75,3,"[0.5892518964627887, 0.48296848091287603]",1,1
768,[0.41027011 0.60090588],0,4,"[0.40516016769827884, 0.5467434014468535]",1,1
769,[0.7082402  0.29569684],46,6,"[0.6864124434178382, 0.3181944960057455]",1,1
770,[0.67083554 0.72099187],111,1,"[0.651126707917329, 0.6800458266672191]",1,1
771,[0.54218578 0.53837131],16,22,"[0.549765684357865, 0.5800529504893255]",1,1
772,[0.3188997  0.72238801],146,55,"[0.28270852977644495, 0.7134043176912952]",1,1
773,[0.78852914 0.46571007],139,10,"[0.7521918753232238, 0.44988383619922795]",1,1
774,[0.73399682 0.57200988],71,38,"[0.7573072643953451, 0.5411560881897132]",1,1
775,[0.30982846 0.51866776],18,52,"[0.30246029861485146, 0.547199048936297]",1,1
776,[0.56540215 0.24240873],143,23,"[0.5830480902558174, 0.22717165204192444]",1,1
777,[0.58140952 0.61116821],14,22,"[0.549765684357865, 0.5800529504893255]",1,1
778,[0.48927067 0.70412537],62,0,"[0.540310662157008, 0.6953736653743781]",1,1
779,[0.49368037 0.29391838],109,49,"[0.4964491660717541, 0.32534146923517243]",1,1
780,[0.64190073 0.41221664],10,26,"[0.6420098407538953, 0.3950090745413298]",1,1
781,[0.30941553 0.58404609],62,52,"[0.30246029861485146, 0.547199048936297]",1,1
782,[0.38774225 0.51226961],64,4,"[0.40516016769827884, 0.5467434014468535]",1,1
783,[0.73693505 0.37893812],132,19,"[0.7672328477002108, 0.36150407684378755]",1,1
784,[0.19104761 0.71211141],158,57,"[0.1668894074909444, 0.6580023075250768]",-1,1
785,[0.61082889 0.27857399],89,58,"[0.6395405840279386, 0.247592007391409]",1,1
786,[0.72123217 0.64111519],121,14,"[0.7308032484819382, 0.6267938875179955]",1,1
787,[0.49002486 0.46643556],141,25,"[0.5035796034684098, 0.5009638134178764]",1,1
788,[0.80838947 0.28102892],175,8,"[0.8003476042659148, 0.2925959801718]",1,1
789,[0.86291673 0.14220218],98,36,"[0.8059958151194433, 0.17303066405453446]",-1,1
790,[0.53788465 0.71852364],37,0,"[0.540310662157008, 0.6953736653743781]",1,1
791,[0.66659595 0.68485743],124,1,"[0.651126707917329, 0.6800458266672191]",1,1
792,[0.33604809 0.30391699],81,35,"[0.312254806871987, 0.2520389701060759]",0,1
793,[0.53516766 0.51694576],137,25,"[0.5035796034684098, 0.5009638134178764]",1,1
794,[0.63395401 0.77830661],163,20,"[0.6572848727618616, 0.7797197034100366]",1,1
795,[0.73600697 0.54148968],138,38,"[0.7573072643953451, 0.5411560881897132]",1,1
796,[0.26858793 0.69019809],129,55,"[0.28270852977644495, 0.7134043176912952]",1,1
797,[0.35376806 0.65760867],147,15,"[0.36004406128657307, 0.6306729418852355]",1,1
798,[0.47931316 0.55145752],69,25,"[0.5035796034684098, 0.5009638134178764]",1,1
799,[0.4782546  0.63896465],156,44,"[0.48251764420333776, 0.6169551008945701]",1,1
800,[0.61377978 0.61025302],102,13,"[0.6219837793930576, 0.5776675593527526]",1,1
801,[0.6477753  0.20014262],51,58,"[0.6395405840279386, 0.247592007391409]",1,1
802,[0.49452988 0.78209739],171,2,"[0.47338734698808616, 0.7673852703570719]",1,1
803,[0.66478897 0.57415228],27,32,"[0.6739768775899233, 0.548471551443978]",1,1
804,[0.38757642 0.47167917],196,11,"[0.3927532506557279, 0.4611801067894622]",1,1
805,[0.6840246  0.68533492],104,1,"[0.651126707917329, 0.6800458266672191]",1,1
806,[0.70401773 0.31664151],133,6,"[0.6864124434178382, 0.3181944960057455]",1,1
807,[0.72165345 0.34863747],132,6,"[0.6864124434178382, 0.3181944960057455]",1,1
808,[0.782242   0.95630442],20,59,"[0.7843288659097738, 0.9028233998856832]",-1,1
809,[0.47969129 0.79483152],39,2,"[0.47338734698808616, 0.7673852703570719]",1,1
810,[0.4992697  0.58060268],183,44,"[0.48251764420333776, 0.6169551008945701]",1,1
811,[0.40210853 0.66998625],164,12,"[0.42727123924912525, 0.6637830916504293]",1,1
812,[0.71276869 0.49939957],139,38,"[0.7573072643953451, 0.5411560881897132]",1,1
813,[0.32722192 0.29095392],85,35,"[0.312254806871987, 0.2520389701060759]",0,1
814,[0.32866987 0.14610168],61,-1,-1,-1,1
815,[0.73965579 0.77148558],107,7,"[0.7350758424759128, 0.7150736761111434]",1,1
816,[0.81676156 0.31286089],151,8,"[0.8003476042659148, 0.2925959801718]",1,1
817,[0.7030867  0.40805694],128,26,"[0.6420098407538953, 0.3950090745413298]",1,1
818,[0.73092573 0.16099563],57,31,"[0.6831801115680609, 0.16212762646314294]",1,1
819,[0.62553673 0.55874783],84,13,"[0.6219837793930576, 0.5776675593527526]",1,1
820,[0.49615923 0.63584013],99,44,"[0.48251764420333776, 0.6169551008945701]",1,1
821,[0.34952486 0.23912239],198,35,"[0.312254806871987, 0.2520389701060759]",0,1
822,[0.37525507 0.63205402],41,15,"[0.36004406128657307, 0.6306729418852355]",1,1
823,[0.5753835  0.69564437],144,0,"[0.540310662157008, 0.6953736653743781]",1,1
824,[0.50788163 0.54188006],91,25,"[0.5035796034684098, 0.5009638134178764]",1,1
825,[0.50426845 0.61059747],150,44,"[0.48251764420333776, 0.6169551008945701]",1,1
826,[0.26923846 0.69121563],189,55,"[0.28270852977644495, 0.7134043176912952]",1,1
827,[0.64265975 0.57023131],84,13,"[0.6219837793930576, 0.5776675593527526]",1,1
828,[0.64893316 0.80961854],13,20,"[0.6572848727618616, 0.7797197034100366]",1,1
829,[0.18066216 0.63225918],196,57,"[0.1668894074909444, 0.6580023075250768]",1,1
830,[0.61028808 0.82537132],37,60,"[0.6116770950452443, 0.8795371419973468]",1,1
831,[0.58186363 0.43448731],23,27,"[0.5588112013689941, 0.4236844091625904]",1,1
832,[0.1668531  0.65705707],59,57,"[0.1668894074909444, 0.6580023075250768]",-1,1
833,[0.75676745 0.80801669],96,28,"[0.8143696555128839, 0.8159410844616618]",1,1
834,[0.34895151 0.44807651],165,11,"[0.3927532506557279, 0.4611801067894622]",1,1
835,[0.35466454 0.72104543],95,16,"[0.3769946274855042, 0.7311147783198821]",1,1
836,[0.39701572 0.36825293],11,37,"[0.4456325956690152, 0.4002040708157706]",-1,1
837,[0.77798196 0.44099426],194,10,"[0.7521918753232238, 0.44988383619922795]",1,1
838,[0.3939951  0.42755723],149,11,"[0.3927532506557279, 0.4611801067894622]",1,1
839,[0.52273161 0.19361792],184,54,"[0.552391805646466, 0.15977687074423055]",-1,1
840,[0.31395463 0.45232064],63,9,"[0.2902336137004115, 0.4592312374955694]",1,1
841,[0.66747546 0.881556  ],30,61,"[0.689367051170368, 0.8511195447878646]",-1,1
842,[0.27073618 0.7181441 ],21,55,"[0.28270852977644495, 0.7134043176912952]",1,1
843,[0.74030087 0.5246394 ],139,38,"[0.7573072643953451, 0.5411560881897132]",1,1
844,[0.23309363 0.76931913],146,56,"[0.18453616477812204, 0.7742299149558416]",-1,1
845,[0.52491185 0.51567489],137,25,"[0.5035796034684098, 0.5009638134178764]",1,1
846,[0.64681207 0.23868067],72,58,"[0.6395405840279386, 0.247592007391409]",1,1
847,[0.55602438 0.71594815],31,0,"[0.540310662157008, 0.6953736653743781]",1,1
848,[0.72480176 0.61736986],2,14,"[0.7308032484819382, 0.6267938875179955]",1,1
849,[0.65972164 0.7042194 ],180,1,"[0.651126707917329, 0.6800458266672191]",1,1
850,[0.80740003 0.59029601],66,42,"[0.8515644570005486, 0.6010179416646075]",1,1
851,[0.68048033 0.13525191],57,31,"[0.6831801115680609, 0.16212762646314294]",-1,1
852,[0.78693304 0.62641761],48,63,"[0.7930770259310427, 0.6354151616793977]",1,1
853,[0.82902118 0.24969639],65,8,"[0.8003476042659148, 0.2925959801718]",1,1
854,[0.87174509 0.33706479],197,30,"[0.8544208465086831, 0.3630782388546552]",1,1
855,[0.78394109 0.08834239],26,-1,-1,-1,1
856,[0.83994533 0.31703344],118,8,"[0.8003476042659148, 0.2925959801718]",1,1
857,[0.19501004 0.19773881],86,51,"[0.15842372763366333, 0.19977385202364417]",-1,1
858,[0.7698893  0.59886404],31,63,"[0.7930770259310427, 0.6354151616793977]",1,1
859,[0.28681997 0.82586737],172,47,"[0.3149843406641991, 0.8011913017349629]",-1,1
860,[0.65679948 0.47869911],134,21,"[0.6538689886551066, 0.4666632268734777]",1,1
861,[0.70780534 0.34141666],88,6,"[0.6864124434178382, 0.3181944960057455]",1,1
862,[0.14716739 0.31281809],19,40,"[0.123797375407702, 0.3126448975789383]",0,1
863,[0.76662827 0.57362243],136,38,"[0.7573072643953451, 0.5411560881897132]",1,1
864,[0.31069687 0.28130151],47,35,"[0.312254806871987, 0.2520389701060759]",0,1
865,[0.58246426 0.75543625],170,17,"[0.5646280213760558, 0.773245531947558]",1,1
866,[0.82417464 0.20630401],166,36,"[0.8059958151194433, 0.17303066405453446]",1,1
867,[0.32664906 0.91398912],172,64,"[0.28637369108317584, 0.9171793674321442]",-1,1
868,[0.59702175 0.7832351 ],37,17,"[0.5646280213760558, 0.773245531947558]",1,1
869,[0.42868065 0.56028062],41,4,"[0.40516016769827884, 0.5467434014468535]",1,1
870,[0.87861119 0.79387855],32,46,"[0.8504962976687026, 0.743349204945262]",-1,1
871,[0.60651252 0.71407796],104,1,"[0.651126707917329, 0.6800458266672191]",1,1
872,[0.67192694 0.21781166],72,58,"[0.6395405840279386, 0.247592007391409]",1,1
873,[0.73658116 0.57513796],28,38,"[0.7573072643953451, 0.5411560881897132]",1,1
874,[0.48466774 0.84138659],12,41,"[0.4973733060132075, 0.8620884222500474]",1,1
875,[0.48968581 0.77003146],144,2,"[0.47338734698808616, 0.7673852703570719]",1,1
876,[0.56867274 0.75789853],144,17,"[0.5646280213760558, 0.773245531947558]",1,1
877,[0.19361719 0.24706581],188,51,"[0.15842372763366333, 0.19977385202364417]",-1,1
878,[0.74840008 0.4508186 ],115,10,"[0.7521918753232238, 0.44988383619922795]",1,1
879,[0.57462288 0.8310668 ],163,17,"[0.5646280213760558, 0.773245531947558]",-1,1
880,[0.3054611  0.46535498],17,9,"[0.2902336137004115, 0.4592312374955694]",1,1
881,[0.340008   0.71140616],22,16,"[0.3769946274855042, 0.7311147783198821]",1,1
882,[0.51558263 0.55551097],137,22,"[0.549765684357865, 0.5800529504893255]",1,1
883,[0.37386131 0.76274702],130,16,"[0.3769946274855042, 0.7311147783198821]",1,1
884,[0.30839397 0.76215933],38,47,"[0.3149843406641991, 0.8011913017349629]",1,1
885,[0.85486098 0.39040523],76,30,"[0.8544208465086831, 0.3630782388546552]",1,1
886,[0.69108792 0.21406052],83,39,"[0.7199248058297297, 0.24603296151665166]",1,1
887,[0.46394069 0.08285262],143,-1,-1,-1,-1
888,[0.34784556 0.25998811],105,35,"[0.312254806871987, 0.2520389701060759]",0,1
889,[0.39285467 0.49736968],6,11,"[0.3927532506557279, 0.4611801067894622]",1,1
890,[0.61735124 0.56797002],91,13,"[0.6219837793930576, 0.5776675593527526]",1,1
891,[0.59305662 0.49665272],121,3,"[0.5892518964627887, 0.48296848091287603]",1,1
892,[0.85771482 0.84515872],42,28,"[0.8143696555128839, 0.8159410844616618]",1,1
893,[0.52948129 0.83171279],37,41,"[0.4973733060132075, 0.8620884222500474]",1,1
894,[0.50078216 0.88517285],12,41,"[0.4973733060132075, 0.8620884222500474]",1,1
895,[0.43289333 0.69474072],147,12,"[0.42727123924912525, 0.6637830916504293]",1,1
896,[0.67195977 0.69849406],135,1,"[0.651126707917329, 0.6800458266672191]",1,1
897,[0.79191326 0.27968463],197,8,"[0.8003476042659148, 0.2925959801718]",1,1
898,[0.56357274 0.5605456 ],14,22,"[0.549765684357865, 0.5800529504893255]",1,1
899,[0.68901227 0.6925797 ],96,1,"[0.651126707917329, 0.6800458266672191]",1,1
900,[0.7639338  0.46213179],115,10,"[0.7521918753232238, 0.44988383619922795]",1,1
901,[0.66099084 0.79240427],153,20,"[0.6572848727618616, 0.7797197034100366]",1,1
902,[0.77592904 0.41537051],77,10,"[0.7521918753232238, 0.44988383619922795]",1,1
903,[0.5738497  0.32957528],106,24,"[0.5751951597482442, 0.32215792322231984]",1,1
904,[0.22391972 0.46354094],148,9,"[0.2902336137004115, 0.4592312374955694]",1,1
905,[0.36165391 0.52995316],189,4,"[0.40516016769827884, 0.5467434014468535]",1,1
906,[0.62730309 0.27004822],78,58,"[0.6395405840279386, 0.247592007391409]",1,1
907,[0.26622962 0.3712671 ],81,29,"[0.2910361563966821, 0.3632133268209689]",0,1
908,[0.76170632 0.4449805 ],72,10,"[0.7521918753232238, 0.44988383619922795]",1,1
909,[0.60420866 0.69755677],147,1,"[0.651126707917329, 0.6800458266672191]",1,1
910,[0.38837427 0.28468075],85,5,"[0.4190807963152104, 0.2975687313818508]",1,1
911,[0.73853685 0.67540172],2,7,"[0.7350758424759128, 0.7150736761111434]",1,1
912,[0.74380889 0.47124748],134,10,"[0.7521918753232238, 0.44988383619922795]",1,1
913,[0.66632684 0.09592103],51,31,"[0.6831801115680609, 0.16212762646314294]",-1,1
914,[0.38021179 0.71517163],44,16,"[0.3769946274855042, 0.7311147783198821]",1,1
915,[0.1878371  0.14575051],110,51,"[0.15842372763366333, 0.19977385202364417]",-1,1
916,[0.69726635 0.7037856 ],131,7,"[0.7350758424759128, 0.7150736761111434]",1,1
917,[0.20558308 0.61140665],155,34,"[0.2301832540262709, 0.5676172718271885]",1,1
918,[0.7876532  0.90198196],42,59,"[0.7843288659097738, 0.9028233998856832]",-1,1
919,[0.70011239 0.85208046],111,61,"[0.689367051170368, 0.8511195447878646]",-1,1
920,[0.70616391 0.06155027],9,-1,-1,-1,1
921,[0.8332965  0.70340061],58,46,"[0.8504962976687026, 0.743349204945262]",1,1
922,[0.59914838 0.58377435],122,13,"[0.6219837793930576, 0.5776675593527526]",1,1
923,[0.45508057 0.44765887],174,37,"[0.4456325956690152, 0.4002040708157706]",1,1
924,[0.78545212 0.68947208],136,63,"[0.7930770259310427, 0.6354151616793977]",1,1
925,[0.7244321  0.37606881],8,19,"[0.7672328477002108, 0.36150407684378755]",1,1
926,[0.72677349 0.41556018],186,10,"[0.7521918753232238, 0.44988383619922795]",1,1
927,[0.62624339 0.25242168],132,58,"[0.6395405840279386, 0.247592007391409]",1,1
928,[0.67058725 0.65294842],121,1,"[0.651126707917329, 0.6800458266672191]",1,1
929,[0.29855638 0.61071651],50,48,"[0.26344574989266145, 0.6380046032446582]",1,1
930,[0.87271634 0.65155158],66,42,"[0.8515644570005486, 0.6010179416646075]",-1,1
931,[0.46178261 0.76207699],38,2,"[0.47338734698808616, 0.7673852703570719]",1,1
932,[0.66137285 0.31370517],74,6,"[0.6864124434178382, 0.3181944960057455]",1,1
933,[0.31124663 0.55250908],164,52,"[0.30246029861485146, 0.547199048936297]",1,1
934,[0.39794692 0.72863595],44,16,"[0.3769946274855042, 0.7311147783198821]",1,1
935,[0.3438343  0.65854022],41,15,"[0.36004406128657307, 0.6306729418852355]",1,1
936,[0.88622164 0.31609782],29,30,"[0.8544208465086831, 0.3630782388546552]",-1,1
937,[0.73311547 0.63272218],49,14,"[0.7308032484819382, 0.6267938875179955]",1,1
938,[0.28227633 0.47177525],52,9,"[0.2902336137004115, 0.4592312374955694]",1,1
939,[0.71944818 0.30135531],114,6,"[0.6864124434178382, 0.3181944960057455]",1,1
940,[0.4637525  0.47610984],137,25,"[0.5035796034684098, 0.5009638134178764]",1,1
941,[0.63376189 0.81049766],107,20,"[0.6572848727618616, 0.7797197034100366]",1,1
942,[0.39180359 0.70369453],120,16,"[0.3769946274855042, 0.7311147783198821]",1,1
943,[0.59580439 0.31929768],83,24,"[0.5751951597482442, 0.32215792322231984]",1,1
944,[0.641604   0.44727892],184,21,"[0.6538689886551066, 0.4666632268734777]",1,1
945,[0.55617385 0.76472831],152,17,"[0.5646280213760558, 0.773245531947558]",1,1
946,[0.65637972 0.23873121],133,58,"[0.6395405840279386, 0.247592007391409]",1,1
947,[0.40796319 0.68387866],38,12,"[0.42727123924912525, 0.6637830916504293]",1,1
948,[0.84876534 0.16051479],166,36,"[0.8059958151194433, 0.17303066405453446]",-1,1
949,[0.55669345 0.76283173],102,17,"[0.5646280213760558, 0.773245531947558]",1,1
950,[0.6978416  0.44598178],186,21,"[0.6538689886551066, 0.4666632268734777]",1,1
951,[0.24042557 0.28140363],54,18,"[0.24053704487737482, 0.2996938628107989]",0,1
952,[0.60781137 0.4005312 ],10,26,"[0.6420098407538953, 0.3950090745413298]",1,1
953,[0.16083015 0.72426169],155,56,"[0.18453616477812204, 0.7742299149558416]",-1,1
954,[0.60942479 0.77375024],107,17,"[0.5646280213760558, 0.773245531947558]",1,1
955,[0.50545429 0.74663184],99,2,"[0.47338734698808616, 0.7673852703570719]",1,1
956,[0.67501159 0.74888055],124,20,"[0.6572848727618616, 0.7797197034100366]",1,1
957,[0.63638189 0.68267968],126,1,"[0.651126707917329, 0.6800458266672191]",1,1
958,[0.6930095  0.15791427],175,31,"[0.6831801115680609, 0.16212762646314294]",-1,1
959,[0.57170237 0.72468315],147,0,"[0.540310662157008, 0.6953736653743781]",1,1
960,[0.50186783 0.72085112],162,0,"[0.540310662157008, 0.6953736653743781]",1,1
961,[0.67474886 0.50429209],134,21,"[0.6538689886551066, 0.4666632268734777]",1,1
962,[0.62366863 0.52753039],137,13,"[0.6219837793930576, 0.5776675593527526]",1,1
963,[0.56893797 0.47852063],14,3,"[0.5892518964627887, 0.48296848091287603]",1,1
964,[0.56853305 0.69830979],156,0,"[0.540310662157008, 0.6953736653743781]",1,1
965,[0.50311825 0.75211948],15,2,"[0.47338734698808616, 0.7673852703570719]",1,1
966,[0.44471274 0.28680022],109,5,"[0.4190807963152104, 0.2975687313818508]",1,1
967,[0.74838156 0.40057367],194,19,"[0.7672328477002108, 0.36150407684378755]",1,1
968,[0.66752675 0.10525443],26,31,"[0.6831801115680609, 0.16212762646314294]",-1,1
969,[0.76206026 0.40873838],118,10,"[0.7521918753232238, 0.44988383619922795]",1,1
970,[0.33148579 0.51847884],41,52,"[0.30246029861485146, 0.547199048936297]",1,1
971,[0.43495567 0.66759054],0,12,"[0.42727123924912525, 0.6637830916504293]",1,1
972,[0.7421329 0.5203308],181,38,"[0.7573072643953451, 0.5411560881897132]",1,1
973,[0.32317728 0.34277468],188,29,"[0.2910361563966821, 0.3632133268209689]",0,1
974,[0.49518626 0.23554245],87,45,"[0.5224906378463989, 0.25162202626022173]",-1,1
975,[0.56620471 0.69344139],104,0,"[0.540310662157008, 0.6953736653743781]",1,1
976,[0.72873203 0.77321181],97,7,"[0.7350758424759128, 0.7150736761111434]",-1,1
977,[0.63154881 0.44835411],36,21,"[0.6538689886551066, 0.4666632268734777]",1,1
978,[0.678193   0.20542884],9,31,"[0.6831801115680609, 0.16212762646314294]",1,1
979,[0.26975782 0.49384067],164,9,"[0.2902336137004115, 0.4592312374955694]",1,1
980,[0.43236958 0.37586543],60,37,"[0.4456325956690152, 0.4002040708157706]",1,1
981,[0.4387728  0.27696929],4,5,"[0.4190807963152104, 0.2975687313818508]",1,1
982,[0.74702679 0.25419899],7,39,"[0.7199248058297297, 0.24603296151665166]",1,1
983,[0.5495492  0.30104226],87,24,"[0.5751951597482442, 0.32215792322231984]",1,1
984,[0.3745938  0.72716834],146,16,"[0.3769946274855042, 0.7311147783198821]",1,1
985,[0.77869213 0.74342828],157,7,"[0.7350758424759128, 0.7150736761111434]",1,1
986,[0.31651387 0.36509411],116,29,"[0.2910361563966821, 0.3632133268209689]",0,1
987,[0.51683837 0.63377875],153,44,"[0.48251764420333776, 0.6169551008945701]",1,1
988,[0.81693706 0.66562125],28,63,"[0.7930770259310427, 0.6354151616793977]",-1,1
989,[0.52502273 0.43057217],68,27,"[0.5588112013689941, 0.4236844091625904]",1,1
990,[0.64991483 0.86463284],13,60,"[0.6116770950452443, 0.8795371419973468]",-1,1
991,[0.34492747 0.57783192],196,52,"[0.30246029861485146, 0.547199048936297]",1,1
992,[0.8866201 0.1954801],98,62,"[0.9074599752109064, 0.22334465612367885]",1,1
993,[0.1848741  0.36597632],191,43,"[0.1734180287249057, 0.40326580417471825]",0,1
994,[0.71181306 0.66821375],180,14,"[0.7308032484819382, 0.6267938875179955]",1,1
995,[0.74781972 0.67983991],157,7,"[0.7350758424759128, 0.7150736761111434]",1,1
996,[0.40191262 0.46308747],125,11,"[0.3927532506557279, 0.4611801067894622]",1,1
997,[0.73970287 0.43105934],186,10,"[0.7521918753232238, 0.44988383619922795]",1,1
998,[0.41408082 0.13786665],198,50,"[0.40195822198340814, 0.15061516848789352]",-1,1
999,[0.56568673 0.28517139],92,24,"[0.5751951597482442, 0.32215792322231984]",1,1
