,datum,blob,snowball_label,snowball_center,hdbscan_eom_label,hdbscan_leaf_label
0,[0.28918184 0.46686466],0,86,"[0.2863308504841853, 0.4757072588610695]",104,-1
1,[0.19366271 0.50412862],0,69,"[0.15811567454436073, 0.5246830019279323]",-1,-1
2,[0.2398633  0.43260077],0,60,"[0.2741039163061208, 0.4090806374523096]",-1,-1
3,[0.30965653 0.43360144],0,74,"[0.30377537934724935, 0.43721818673809004]",112,72
4,[0.33537695 0.51862741],0,94,"[0.33191161120142837, 0.5109127972526102]",21,-1
5,[0.28911121 0.46799371],0,86,"[0.2863308504841853, 0.4757072588610695]",104,-1
6,[0.31012284 0.48613334],0,86,"[0.2863308504841853, 0.4757072588610695]",-1,-1
7,[0.28715347 0.43436575],0,74,"[0.30377537934724935, 0.43721818673809004]",112,72
8,[0.27718724 0.44403481],0,74,"[0.30377537934724935, 0.43721818673809004]",-1,-1
9,[0.32571789 0.39650764],0,44,"[0.34853587644703343, 0.40608971906389735]",112,-1
10,[0.31676924 0.4333103 ],0,74,"[0.30377537934724935, 0.43721818673809004]",112,72
11,[0.27417084 0.36863686],0,57,"[0.27184000903695754, 0.33180004241702465]",112,63
12,[0.24943199 0.47865489],0,83,"[0.2368604693858302, 0.47906582147153637]",-1,-1
13,[0.26294095 0.49705152],0,86,"[0.2863308504841853, 0.4757072588610695]",67,-1
14,[0.24852681 0.38507265],0,77,"[0.22975717865813536, 0.35984896868285715]",112,-1
15,[0.29530385 0.39715088],0,60,"[0.2741039163061208, 0.4090806374523096]",112,-1
16,[0.30377294 0.47776808],0,86,"[0.2863308504841853, 0.4757072588610695]",-1,-1
17,[0.3037199  0.43887541],0,74,"[0.30377537934724935, 0.43721818673809004]",112,72
18,[0.24786479 0.45835176],0,83,"[0.2368604693858302, 0.47906582147153637]",-1,-1
19,[0.30508735 0.42855528],0,74,"[0.30377537934724935, 0.43721818673809004]",112,72
20,[0.27990459 0.41599166],0,60,"[0.2741039163061208, 0.4090806374523096]",112,-1
21,[0.29458055 0.44148635],0,74,"[0.30377537934724935, 0.43721818673809004]",112,72
22,[0.27859484 0.45630519],0,86,"[0.2863308504841853, 0.4757072588610695]",-1,-1
23,[0.31017682 0.45349356],0,74,"[0.30377537934724935, 0.43721818673809004]",112,-1
24,[0.28927507 0.43093613],0,74,"[0.30377537934724935, 0.43721818673809004]",112,72
25,[0.32038494 0.4420769 ],0,74,"[0.30377537934724935, 0.43721818673809004]",112,72
26,[0.33002092 0.46229326],0,67,"[0.34269865168009006, 0.44034776623612226]",-1,-1
27,[0.35363596 0.4403153 ],0,67,"[0.34269865168009006, 0.44034776623612226]",112,72
28,[0.28609909 0.45908512],0,86,"[0.2863308504841853, 0.4757072588610695]",104,-1
29,[0.30315165 0.44139033],0,74,"[0.30377537934724935, 0.43721818673809004]",112,72
30,[0.29335024 0.46818481],0,86,"[0.2863308504841853, 0.4757072588610695]",104,-1
31,[0.29116727 0.39059005],0,60,"[0.2741039163061208, 0.4090806374523096]",112,-1
32,[0.25607861 0.50057635],0,83,"[0.2368604693858302, 0.47906582147153637]",-1,-1
33,[0.26425148 0.43623333],0,60,"[0.2741039163061208, 0.4090806374523096]",112,-1
34,[0.27739652 0.42988205],0,60,"[0.2741039163061208, 0.4090806374523096]",112,-1
35,[0.28794726 0.48232931],0,86,"[0.2863308504841853, 0.4757072588610695]",-1,-1
36,[0.29040923 0.42494004],0,74,"[0.30377537934724935, 0.43721818673809004]",112,72
37,[0.29173433 0.46306003],0,86,"[0.2863308504841853, 0.4757072588610695]",104,-1
38,[0.22675697 0.50413984],0,83,"[0.2368604693858302, 0.47906582147153637]",41,-1
39,[0.24008601 0.45214073],0,83,"[0.2368604693858302, 0.47906582147153637]",-1,-1
40,[0.34303643 0.47590377],0,53,"[0.3771044042788204, 0.4722281085909072]",112,56
41,[0.33409086 0.46726139],0,67,"[0.34269865168009006, 0.44034776623612226]",112,-1
42,[0.27636243 0.52370542],0,39,"[0.2493420577344874, 0.5596731913401319]",68,-1
43,[0.42879526 0.47222126],0,2,"[0.4451682216738327, 0.4665045826425144]",112,72
44,[0.30592233 0.45434431],0,74,"[0.30377537934724935, 0.43721818673809004]",112,-1
45,[0.30079716 0.44781996],0,74,"[0.30377537934724935, 0.43721818673809004]",112,72
46,[0.33730481 0.42541239],0,67,"[0.34269865168009006, 0.44034776623612226]",112,72
47,[0.35452194 0.41614205],0,44,"[0.34853587644703343, 0.40608971906389735]",112,72
48,[0.24088732 0.42888679],0,60,"[0.2741039163061208, 0.4090806374523096]",85,-1
49,[0.29670569 0.43156423],0,74,"[0.30377537934724935, 0.43721818673809004]",112,72
50,[0.2996234  0.42756305],0,74,"[0.30377537934724935, 0.43721818673809004]",112,72
51,[0.26671445 0.42998234],0,60,"[0.2741039163061208, 0.4090806374523096]",-1,-1
52,[0.24858029 0.41498855],0,60,"[0.2741039163061208, 0.4090806374523096]",-1,-1
53,[0.2734544  0.36985211],0,57,"[0.27184000903695754, 0.33180004241702465]",112,63
54,[0.3494567 0.3625633],0,30,"[0.3717358952181559, 0.3578997358568481]",112,-1
55,[0.27750118 0.45686651],0,86,"[0.2863308504841853, 0.4757072588610695]",-1,-1
56,[0.29054211 0.48302951],0,86,"[0.2863308504841853, 0.4757072588610695]",-1,-1
57,[0.2993512  0.42274593],0,74,"[0.30377537934724935, 0.43721818673809004]",112,-1
58,[0.30131061 0.47705268],0,86,"[0.2863308504841853, 0.4757072588610695]",-1,-1
59,[0.34665799 0.4372884 ],0,67,"[0.34269865168009006, 0.44034776623612226]",112,72
60,[0.32138112 0.44646354],0,74,"[0.30377537934724935, 0.43721818673809004]",112,72
61,[0.24299376 0.36261635],0,77,"[0.22975717865813536, 0.35984896868285715]",112,-1
62,[0.25899542 0.3983777 ],0,60,"[0.2741039163061208, 0.4090806374523096]",-1,-1
63,[0.19671628 0.44443749],0,76,"[0.17908534744711677, 0.41908191437899905]",-1,-1
64,[0.31429485 0.45784547],0,74,"[0.30377537934724935, 0.43721818673809004]",112,-1
65,[0.23373032 0.40636349],0,60,"[0.2741039163061208, 0.4090806374523096]",85,-1
66,[0.22860881 0.42721429],0,60,"[0.2741039163061208, 0.4090806374523096]",-1,-1
67,[0.27191595 0.43131966],0,60,"[0.2741039163061208, 0.4090806374523096]",112,-1
68,[0.26825051 0.48475515],0,86,"[0.2863308504841853, 0.4757072588610695]",67,-1
69,[0.2915083  0.43902373],0,74,"[0.30377537934724935, 0.43721818673809004]",112,72
70,[0.29069105 0.50753267],0,86,"[0.2863308504841853, 0.4757072588610695]",93,-1
71,[0.28475676 0.47199149],0,86,"[0.2863308504841853, 0.4757072588610695]",104,-1
72,[0.2615393  0.48529663],0,83,"[0.2368604693858302, 0.47906582147153637]",67,-1
73,[0.29984461 0.3832458 ],0,63,"[0.31265848991799045, 0.3636044905994273]",112,-1
74,[0.33836118 0.39832857],0,44,"[0.34853587644703343, 0.40608971906389735]",112,72
75,[0.25583995 0.47085971],0,83,"[0.2368604693858302, 0.47906582147153637]",-1,-1
76,[0.32461331 0.45229727],0,67,"[0.34269865168009006, 0.44034776623612226]",112,-1
77,[0.29540538 0.43984722],0,74,"[0.30377537934724935, 0.43721818673809004]",112,72
78,[0.29553892 0.43291753],0,74,"[0.30377537934724935, 0.43721818673809004]",112,72
79,[0.26730283 0.49751172],0,86,"[0.2863308504841853, 0.4757072588610695]",67,-1
80,[0.29066778 0.50292335],0,86,"[0.2863308504841853, 0.4757072588610695]",93,-1
81,[0.36052215 0.48338233],0,53,"[0.3771044042788204, 0.4722281085909072]",112,-1
82,[0.31873841 0.41052871],0,44,"[0.34853587644703343, 0.40608971906389735]",112,72
83,[0.26738136 0.41829239],0,60,"[0.2741039163061208, 0.4090806374523096]",-1,-1
84,[0.27197907 0.47465436],0,86,"[0.2863308504841853, 0.4757072588610695]",-1,-1
85,[0.24710842 0.47355849],0,83,"[0.2368604693858302, 0.47906582147153637]",-1,-1
86,[0.33890326 0.46917037],0,67,"[0.34269865168009006, 0.44034776623612226]",112,56
87,[0.33342194 0.34911137],0,63,"[0.31265848991799045, 0.3636044905994273]",112,-1
88,[0.29669697 0.46437577],0,86,"[0.2863308504841853, 0.4757072588610695]",104,-1
89,[0.30348812 0.45682818],0,74,"[0.30377537934724935, 0.43721818673809004]",112,-1
90,[0.29216382 0.43856791],0,74,"[0.30377537934724935, 0.43721818673809004]",112,72
91,[0.29279022 0.48730399],0,86,"[0.2863308504841853, 0.4757072588610695]",104,-1
92,[0.25479288 0.43500727],0,60,"[0.2741039163061208, 0.4090806374523096]",-1,-1
93,[0.3275715  0.43961812],0,67,"[0.34269865168009006, 0.44034776623612226]",112,72
94,[0.29243904 0.40445924],0,60,"[0.2741039163061208, 0.4090806374523096]",112,-1
95,[0.26152234 0.45609368],0,86,"[0.2863308504841853, 0.4757072588610695]",-1,-1
96,[0.20697665 0.40847299],0,76,"[0.17908534744711677, 0.41908191437899905]",-1,-1
97,[0.30311942 0.45312079],0,74,"[0.30377537934724935, 0.43721818673809004]",112,72
98,[0.30164884 0.46783593],0,86,"[0.2863308504841853, 0.4757072588610695]",-1,-1
99,[0.22651681 0.37911115],0,77,"[0.22975717865813536, 0.35984896868285715]",-1,-1
100,[0.40157869 0.25046165],1,47,"[0.41917741489762755, 0.2753980840246735]",112,47
101,[0.34518227 0.2919355 ],1,20,"[0.33994633114074657, 0.26920062338349254]",-1,-1
102,[0.42853249 0.32114754],1,34,"[0.4470179228154517, 0.33644420436777783]",112,37
103,[0.4146667  0.28256501],1,47,"[0.41917741489762755, 0.2753980840246735]",-1,-1
104,[0.47641751 0.28481801],1,47,"[0.41917741489762755, 0.2753980840246735]",76,-1
105,[0.39567081 0.28194198],1,47,"[0.41917741489762755, 0.2753980840246735]",112,-1
106,[0.40923917 0.292941  ],1,47,"[0.41917741489762755, 0.2753980840246735]",112,37
107,[0.42513185 0.27362027],1,47,"[0.41917741489762755, 0.2753980840246735]",75,-1
108,[0.43141861 0.33341166],1,34,"[0.4470179228154517, 0.33644420436777783]",112,-1
109,[0.44114417 0.3043204 ],1,34,"[0.4470179228154517, 0.33644420436777783]",112,-1
110,[0.40531051 0.36953229],1,30,"[0.3717358952181559, 0.3578997358568481]",112,73
111,[0.42315317 0.36723451],1,34,"[0.4470179228154517, 0.33644420436777783]",112,73
112,[0.49589998 0.2363537 ],1,3,"[0.531508884163895, 0.21064096043592298]",112,-1
113,[0.46015121 0.31497766],1,34,"[0.4470179228154517, 0.33644420436777783]",-1,-1
114,[0.38725431 0.33358483],1,30,"[0.3717358952181559, 0.3578997358568481]",112,-1
115,[0.4490594 0.3212463],1,34,"[0.4470179228154517, 0.33644420436777783]",112,-1
116,[0.45391603 0.305999  ],1,34,"[0.4470179228154517, 0.33644420436777783]",112,-1
117,[0.42218091 0.37221132],1,6,"[0.40441044434758894, 0.4112979157836676]",112,-1
118,[0.43869067 0.27279747],1,47,"[0.41917741489762755, 0.2753980840246735]",75,-1
119,[0.33718344 0.28120855],1,20,"[0.33994633114074657, 0.26920062338349254]",112,-1
120,[0.36476519 0.27036828],1,20,"[0.33994633114074657, 0.26920062338349254]",-1,-1
121,[0.43712703 0.28700047],1,47,"[0.41917741489762755, 0.2753980840246735]",-1,-1
122,[0.39710725 0.29337373],1,47,"[0.41917741489762755, 0.2753980840246735]",112,37
123,[0.48813034 0.36464855],1,22,"[0.4960765404668817, 0.3879133591162554]",112,69
124,[0.42654844 0.28777352],1,47,"[0.41917741489762755, 0.2753980840246735]",-1,-1
125,[0.43320604 0.25649842],1,47,"[0.41917741489762755, 0.2753980840246735]",-1,-1
126,[0.36522206 0.29673153],1,20,"[0.33994633114074657, 0.26920062338349254]",112,-1
127,[0.38928773 0.28304522],1,47,"[0.41917741489762755, 0.2753980840246735]",-1,-1
128,[0.41377868 0.29786005],1,47,"[0.41917741489762755, 0.2753980840246735]",112,37
129,[0.43472162 0.26460841],1,47,"[0.41917741489762755, 0.2753980840246735]",75,-1
130,[0.41303212 0.30694091],1,47,"[0.41917741489762755, 0.2753980840246735]",112,37
131,[0.44254445 0.29893854],1,47,"[0.41917741489762755, 0.2753980840246735]",-1,-1
132,[0.37026414 0.21196746],1,16,"[0.3922781621956629, 0.20389538485907233]",112,50
133,[0.39461813 0.23413725],1,16,"[0.3922781621956629, 0.20389538485907233]",112,-1
134,[0.397331  0.2914993],1,47,"[0.41917741489762755, 0.2753980840246735]",112,37
135,[0.36682442 0.29993542],1,20,"[0.33994633114074657, 0.26920062338349254]",-1,-1
136,[0.42364184 0.24883923],1,47,"[0.41917741489762755, 0.2753980840246735]",-1,-1
137,[0.39367527 0.27381577],1,47,"[0.41917741489762755, 0.2753980840246735]",112,47
138,[0.32166401 0.25635274],1,20,"[0.33994633114074657, 0.26920062338349254]",112,-1
139,[0.41361004 0.28762723],1,47,"[0.41917741489762755, 0.2753980840246735]",-1,-1
140,[0.43039404 0.24477879],1,47,"[0.41917741489762755, 0.2753980840246735]",-1,-1
141,[0.38702817 0.25583612],1,47,"[0.41917741489762755, 0.2753980840246735]",112,-1
142,[0.38441094 0.26767052],1,47,"[0.41917741489762755, 0.2753980840246735]",112,-1
143,[0.41052175 0.30586481],1,47,"[0.41917741489762755, 0.2753980840246735]",112,37
144,[0.42067816 0.27156437],1,47,"[0.41917741489762755, 0.2753980840246735]",-1,-1
145,[0.41843969 0.26483924],1,47,"[0.41917741489762755, 0.2753980840246735]",75,-1
146,[0.40946968 0.34314675],1,34,"[0.4470179228154517, 0.33644420436777783]",-1,-1
147,[0.46288395 0.30825988],1,34,"[0.4470179228154517, 0.33644420436777783]",-1,-1
148,[0.36353104 0.30915647],1,20,"[0.33994633114074657, 0.26920062338349254]",-1,-1
149,[0.47728217 0.32701323],1,34,"[0.4470179228154517, 0.33644420436777783]",-1,-1
150,[0.42912103 0.30231451],1,47,"[0.41917741489762755, 0.2753980840246735]",112,37
151,[0.40220332 0.24991618],1,47,"[0.41917741489762755, 0.2753980840246735]",112,47
152,[0.39775836 0.25965504],1,47,"[0.41917741489762755, 0.2753980840246735]",112,47
153,[0.4296907  0.32840992],1,34,"[0.4470179228154517, 0.33644420436777783]",112,37
154,[0.40044713 0.26604232],1,47,"[0.41917741489762755, 0.2753980840246735]",112,47
155,[0.37880088 0.28887691],1,47,"[0.41917741489762755, 0.2753980840246735]",-1,-1
156,[0.43611573 0.30218158],1,47,"[0.41917741489762755, 0.2753980840246735]",112,-1
157,[0.30820505 0.27457945],1,20,"[0.33994633114074657, 0.26920062338349254]",-1,-1
158,[0.48001319 0.29897834],1,34,"[0.4470179228154517, 0.33644420436777783]",-1,-1
159,[0.41622761 0.3049317 ],1,47,"[0.41917741489762755, 0.2753980840246735]",112,37
160,[0.3779077  0.21941057],1,16,"[0.3922781621956629, 0.20389538485907233]",112,49
161,[0.43855437 0.2144844 ],1,16,"[0.3922781621956629, 0.20389538485907233]",-1,-1
162,[0.42532444 0.28730429],1,47,"[0.41917741489762755, 0.2753980840246735]",-1,-1
163,[0.40545674 0.23444048],1,16,"[0.3922781621956629, 0.20389538485907233]",112,47
164,[0.41393682 0.25115593],1,47,"[0.41917741489762755, 0.2753980840246735]",-1,-1
165,[0.36367968 0.25721579],1,20,"[0.33994633114074657, 0.26920062338349254]",112,-1
166,[0.39439451 0.26396109],1,47,"[0.41917741489762755, 0.2753980840246735]",112,47
167,[0.40467061 0.33265167],1,30,"[0.3717358952181559, 0.3578997358568481]",-1,-1
168,[0.42609417 0.2659151 ],1,47,"[0.41917741489762755, 0.2753980840246735]",75,-1
169,[0.44283002 0.27244609],1,47,"[0.41917741489762755, 0.2753980840246735]",-1,-1
170,[0.37916836 0.3522139 ],1,30,"[0.3717358952181559, 0.3578997358568481]",112,-1
171,[0.41405613 0.25476265],1,47,"[0.41917741489762755, 0.2753980840246735]",-1,-1
172,[0.44230461 0.31022389],1,34,"[0.4470179228154517, 0.33644420436777783]",112,37
173,[0.44052453 0.31571029],1,34,"[0.4470179228154517, 0.33644420436777783]",112,-1
174,[0.36204039 0.27752703],1,20,"[0.33994633114074657, 0.26920062338349254]",112,-1
175,[0.45817367 0.26883506],1,47,"[0.41917741489762755, 0.2753980840246735]",-1,-1
176,[0.39056183 0.2701589 ],1,47,"[0.41917741489762755, 0.2753980840246735]",112,47
177,[0.37913364 0.3107287 ],1,30,"[0.3717358952181559, 0.3578997358568481]",-1,-1
178,[0.41857699 0.29673213],1,47,"[0.41917741489762755, 0.2753980840246735]",-1,37
179,[0.40874412 0.27096895],1,47,"[0.41917741489762755, 0.2753980840246735]",-1,-1
180,[0.43377269 0.34176306],1,34,"[0.4470179228154517, 0.33644420436777783]",-1,-1
181,[0.43798472 0.26542768],1,47,"[0.41917741489762755, 0.2753980840246735]",75,-1
182,[0.42519736 0.30066444],1,47,"[0.41917741489762755, 0.2753980840246735]",112,-1
183,[0.39819435 0.24941408],1,47,"[0.41917741489762755, 0.2753980840246735]",112,47
184,[0.38965137 0.29853984],1,47,"[0.41917741489762755, 0.2753980840246735]",112,-1
185,[0.3924852  0.26182733],1,47,"[0.41917741489762755, 0.2753980840246735]",112,47
186,[0.40394435 0.2840547 ],1,47,"[0.41917741489762755, 0.2753980840246735]",112,-1
187,[0.37502208 0.31619627],1,30,"[0.3717358952181559, 0.3578997358568481]",-1,-1
188,[0.43369795 0.31045419],1,34,"[0.4470179228154517, 0.33644420436777783]",112,37
189,[0.36150303 0.3428456 ],1,30,"[0.3717358952181559, 0.3578997358568481]",112,-1
190,[0.44724609 0.24185219],1,47,"[0.41917741489762755, 0.2753980840246735]",52,-1
191,[0.40196506 0.34090372],1,30,"[0.3717358952181559, 0.3578997358568481]",112,-1
192,[0.45194252 0.20745169],1,16,"[0.3922781621956629, 0.20389538485907233]",-1,-1
193,[0.38829754 0.26558227],1,47,"[0.41917741489762755, 0.2753980840246735]",112,47
194,[0.39509748 0.29807945],1,47,"[0.41917741489762755, 0.2753980840246735]",-1,-1
195,[0.45930409 0.30642866],1,34,"[0.4470179228154517, 0.33644420436777783]",112,-1
196,[0.42190267 0.26283822],1,47,"[0.41917741489762755, 0.2753980840246735]",75,-1
197,[0.43863311 0.30629731],1,34,"[0.4470179228154517, 0.33644420436777783]",112,-1
198,[0.40293048 0.3158533 ],1,47,"[0.41917741489762755, 0.2753980840246735]",112,-1
199,[0.3968961  0.24270816],1,16,"[0.3922781621956629, 0.20389538485907233]",112,47
200,[0.71677414 0.29154926],2,9,"[0.7400409662228525, 0.324036995192541]",112,80
201,[0.76971744 0.24864901],2,12,"[0.7527256969797409, 0.25319450872866317]",112,-1
202,[0.85853203 0.20914594],2,38,"[0.829987911377383, 0.2268834587852568]",-1,-1
203,[0.75016563 0.22239237],2,12,"[0.7527256969797409, 0.25319450872866317]",112,78
204,[0.72404099 0.24896733],2,12,"[0.7527256969797409, 0.25319450872866317]",112,80
205,[0.7526675  0.25391366],2,12,"[0.7527256969797409, 0.25319450872866317]",112,-1
206,[0.66435314 0.26186732],2,0,"[0.6718634683454, 0.284181654083953]",112,80
207,[0.78771518 0.27811031],2,12,"[0.7527256969797409, 0.25319450872866317]",112,-1
208,[0.74658125 0.25025773],2,12,"[0.7527256969797409, 0.25319450872866317]",112,-1
209,[0.72603093 0.16426581],2,42,"[0.72284537991344, 0.13959659556720486]",112,78
210,[0.83246361 0.24975877],2,38,"[0.829987911377383, 0.2268834587852568]",112,-1
211,[0.76301554 0.2737421 ],2,12,"[0.7527256969797409, 0.25319450872866317]",112,-1
212,[0.71216659 0.20933938],2,19,"[0.7145100801879051, 0.21082941063088514]",112,80
213,[0.82088618 0.25982027],2,38,"[0.829987911377383, 0.2268834587852568]",112,-1
214,[0.84051979 0.25278116],2,38,"[0.829987911377383, 0.2268834587852568]",-1,-1
215,[0.82801054 0.24122343],2,38,"[0.829987911377383, 0.2268834587852568]",112,-1
216,[0.76972996 0.2288357 ],2,12,"[0.7527256969797409, 0.25319450872866317]",112,-1
217,[0.78174845 0.2377223 ],2,12,"[0.7527256969797409, 0.25319450872866317]",112,79
218,[0.72073471 0.20800362],2,19,"[0.7145100801879051, 0.21082941063088514]",112,80
219,[0.78717927 0.20287994],2,25,"[0.7887233243820295, 0.17027793790835127]",112,-1
220,[0.74837919 0.20004634],2,19,"[0.7145100801879051, 0.21082941063088514]",112,78
221,[0.77400402 0.22883794],2,12,"[0.7527256969797409, 0.25319450872866317]",112,79
222,[0.80969714 0.24799717],2,38,"[0.829987911377383, 0.2268834587852568]",112,-1
223,[0.79023652 0.20210509],2,25,"[0.7887233243820295, 0.17027793790835127]",112,-1
224,[0.78490675 0.15532686],2,25,"[0.7887233243820295, 0.17027793790835127]",112,-1
225,[0.79479793 0.24186489],2,38,"[0.829987911377383, 0.2268834587852568]",112,-1
226,[0.79722422 0.17340522],2,25,"[0.7887233243820295, 0.17027793790835127]",112,67
227,[0.75400907 0.17265321],2,25,"[0.7887233243820295, 0.17027793790835127]",112,-1
228,[0.74580707 0.21685874],2,19,"[0.7145100801879051, 0.21082941063088514]",112,78
229,[0.72002243 0.17656392],2,19,"[0.7145100801879051, 0.21082941063088514]",-1,-1
230,[0.7818246  0.26699964],2,12,"[0.7527256969797409, 0.25319450872866317]",112,-1
231,[0.7515213  0.27373501],2,12,"[0.7527256969797409, 0.25319450872866317]",112,80
232,[0.76372539 0.23206123],2,12,"[0.7527256969797409, 0.25319450872866317]",112,79
233,[0.74258513 0.28472703],2,12,"[0.7527256969797409, 0.25319450872866317]",112,-1
234,[0.73764493 0.24901339],2,12,"[0.7527256969797409, 0.25319450872866317]",112,80
235,[0.75683317 0.21124681],2,12,"[0.7527256969797409, 0.25319450872866317]",112,78
236,[0.77831473 0.19042124],2,25,"[0.7887233243820295, 0.17027793790835127]",112,-1
237,[0.77097162 0.14785174],2,25,"[0.7887233243820295, 0.17027793790835127]",112,-1
238,[0.71329751 0.21732708],2,19,"[0.7145100801879051, 0.21082941063088514]",112,80
239,[0.7647087 0.2739688],2,12,"[0.7527256969797409, 0.25319450872866317]",112,-1
240,[0.72878336 0.24021012],2,12,"[0.7527256969797409, 0.25319450872866317]",112,80
241,[0.73588504 0.24782885],2,12,"[0.7527256969797409, 0.25319450872866317]",112,80
242,[0.80041406 0.31274697],2,9,"[0.7400409662228525, 0.324036995192541]",-1,-1
243,[0.7913796  0.27054144],2,12,"[0.7527256969797409, 0.25319450872866317]",112,-1
244,[0.71493922 0.25138099],2,12,"[0.7527256969797409, 0.25319450872866317]",112,80
245,[0.73420636 0.23058725],2,19,"[0.7145100801879051, 0.21082941063088514]",-1,-1
246,[0.80265235 0.23559792],2,38,"[0.829987911377383, 0.2268834587852568]",112,-1
247,[0.74152871 0.19950595],2,19,"[0.7145100801879051, 0.21082941063088514]",112,-1
248,[0.75484826 0.2346155 ],2,12,"[0.7527256969797409, 0.25319450872866317]",112,-1
249,[0.81395749 0.21422464],2,38,"[0.829987911377383, 0.2268834587852568]",112,-1
250,[0.79129504 0.30099984],2,9,"[0.7400409662228525, 0.324036995192541]",-1,-1
251,[0.74501725 0.16559512],2,42,"[0.72284537991344, 0.13959659556720486]",112,78
252,[0.74503695 0.30074448],2,9,"[0.7400409662228525, 0.324036995192541]",112,76
253,[0.75623384 0.25013974],2,12,"[0.7527256969797409, 0.25319450872866317]",112,-1
254,[0.80972682 0.24635066],2,38,"[0.829987911377383, 0.2268834587852568]",112,-1
255,[0.67491136 0.29905713],2,0,"[0.6718634683454, 0.284181654083953]",112,80
256,[0.7181413  0.26575356],2,12,"[0.7527256969797409, 0.25319450872866317]",112,-1
257,[0.78372406 0.25557481],2,12,"[0.7527256969797409, 0.25319450872866317]",112,-1
258,[0.70336211 0.27758873],2,0,"[0.6718634683454, 0.284181654083953]",112,80
259,[0.74919735 0.13941192],2,42,"[0.72284537991344, 0.13959659556720486]",112,-1
260,[0.73148514 0.20808565],2,19,"[0.7145100801879051, 0.21082941063088514]",112,-1
261,[0.77543509 0.18124603],2,25,"[0.7887233243820295, 0.17027793790835127]",112,78
262,[0.69185734 0.25268426],2,0,"[0.6718634683454, 0.284181654083953]",112,80
263,[0.81494299 0.25654654],2,38,"[0.829987911377383, 0.2268834587852568]",112,-1
264,[0.73602788 0.22698706],2,19,"[0.7145100801879051, 0.21082941063088514]",112,-1
265,[0.75461176 0.24296068],2,12,"[0.7527256969797409, 0.25319450872866317]",112,80
266,[0.79712424 0.209832  ],2,38,"[0.829987911377383, 0.2268834587852568]",112,-1
267,[0.81201303 0.30904939],2,93,"[0.8601410762052295, 0.27849515424672083]",-1,-1
268,[0.76962099 0.32938576],2,9,"[0.7400409662228525, 0.324036995192541]",-1,-1
269,[0.77628415 0.25432936],2,12,"[0.7527256969797409, 0.25319450872866317]",112,80
270,[0.84095975 0.21618891],2,38,"[0.829987911377383, 0.2268834587852568]",112,65
271,[0.83957858 0.21163542],2,38,"[0.829987911377383, 0.2268834587852568]",112,65
272,[0.77366559 0.28054196],2,12,"[0.7527256969797409, 0.25319450872866317]",112,-1
273,[0.75686214 0.24287629],2,12,"[0.7527256969797409, 0.25319450872866317]",112,80
274,[0.72272322 0.25149157],2,12,"[0.7527256969797409, 0.25319450872866317]",112,80
275,[0.8037149  0.25257329],2,38,"[0.829987911377383, 0.2268834587852568]",-1,-1
276,[0.81221861 0.24384648],2,38,"[0.829987911377383, 0.2268834587852568]",112,-1
277,[0.7934014  0.24353122],2,38,"[0.829987911377383, 0.2268834587852568]",-1,-1
278,[0.83288663 0.22772586],2,38,"[0.829987911377383, 0.2268834587852568]",112,65
279,[0.77540504 0.28337669],2,12,"[0.7527256969797409, 0.25319450872866317]",-1,-1
280,[0.70832225 0.30003263],2,0,"[0.6718634683454, 0.284181654083953]",112,80
281,[0.78886852 0.25797136],2,12,"[0.7527256969797409, 0.25319450872866317]",112,-1
282,[0.78369534 0.27406886],2,12,"[0.7527256969797409, 0.25319450872866317]",112,-1
283,[0.75406424 0.26004478],2,12,"[0.7527256969797409, 0.25319450872866317]",112,80
284,[0.72432223 0.23261389],2,19,"[0.7145100801879051, 0.21082941063088514]",112,-1
285,[0.78496533 0.23115088],2,12,"[0.7527256969797409, 0.25319450872866317]",112,-1
286,[0.80494048 0.21294987],2,38,"[0.829987911377383, 0.2268834587852568]",112,-1
287,[0.73597143 0.24049589],2,12,"[0.7527256969797409, 0.25319450872866317]",112,-1
288,[0.7350209  0.30271325],2,9,"[0.7400409662228525, 0.324036995192541]",112,-1
289,[0.81291927 0.16173122],2,25,"[0.7887233243820295, 0.17027793790835127]",112,-1
290,[0.78612077 0.23627073],2,12,"[0.7527256969797409, 0.25319450872866317]",112,-1
291,[0.7628232  0.21567587],2,12,"[0.7527256969797409, 0.25319450872866317]",112,78
292,[0.78212225 0.2474297 ],2,12,"[0.7527256969797409, 0.25319450872866317]",112,-1
293,[0.79314517 0.2106564 ],2,38,"[0.829987911377383, 0.2268834587852568]",112,-1
294,[0.71196696 0.22489517],2,19,"[0.7145100801879051, 0.21082941063088514]",112,80
295,[0.70694407 0.21512905],2,19,"[0.7145100801879051, 0.21082941063088514]",112,80
296,[0.80953031 0.2358076 ],2,38,"[0.829987911377383, 0.2268834587852568]",112,65
297,[0.76737795 0.30048515],2,9,"[0.7400409662228525, 0.324036995192541]",-1,-1
298,[0.82851584 0.23272305],2,38,"[0.829987911377383, 0.2268834587852568]",112,65
299,[0.74770983 0.23832954],2,12,"[0.7527256969797409, 0.25319450872866317]",112,-1
300,[0.08341601 0.85008115],3,62,"[0.09312495606878571, 0.8049622189425123]",-1,-1
301,[0.11381275 0.8174987 ],3,62,"[0.09312495606878571, 0.8049622189425123]",17,0
302,[0.11163699 0.79729176],3,62,"[0.09312495606878571, 0.8049622189425123]",17,0
303,[0.1337471  0.76106571],3,62,"[0.09312495606878571, 0.8049622189425123]",-1,-1
304,[0.08473864 0.74267016],3,62,"[0.09312495606878571, 0.8049622189425123]",-1,-1
305,[0.05420596 0.77094894],3,62,"[0.09312495606878571, 0.8049622189425123]",-1,-1
306,[0.09956035 0.79940792],3,62,"[0.09312495606878571, 0.8049622189425123]",17,0
307,[0.16357189 0.8253681 ],3,73,"[0.15592617792808539, 0.857667642523033]",-1,-1
308,[0.09963503 0.80379938],3,62,"[0.09312495606878571, 0.8049622189425123]",17,0
309,[0.07101824 0.82506783],3,62,"[0.09312495606878571, 0.8049622189425123]",-1,-1
310,[0.14725857 0.87581302],3,73,"[0.15592617792808539, 0.857667642523033]",-1,-1
311,[0.18089649 0.8055846 ],3,66,"[0.23454676066543478, 0.8238001978646302]",3,-1
312,[0.07486728 0.8433091 ],3,62,"[0.09312495606878571, 0.8049622189425123]",-1,-1
313,[0.11937898 0.83819689],3,73,"[0.15592617792808539, 0.857667642523033]",18,0
314,[0.16174454 0.85394561],3,73,"[0.15592617792808539, 0.857667642523033]",15,0
315,[0.13263612 0.82461482],3,73,"[0.15592617792808539, 0.857667642523033]",18,0
316,[0.06560568 0.83451734],3,62,"[0.09312495606878571, 0.8049622189425123]",-1,-1
317,[0.0966023  0.82539498],3,62,"[0.09312495606878571, 0.8049622189425123]",-1,0
318,[0.09647764 0.85959689],3,62,"[0.09312495606878571, 0.8049622189425123]",-1,-1
319,[0.06821445 0.82190674],3,62,"[0.09312495606878571, 0.8049622189425123]",-1,-1
320,[0.11385224 0.85971348],3,73,"[0.15592617792808539, 0.857667642523033]",-1,-1
321,[0.15135375 0.8496861 ],3,73,"[0.15592617792808539, 0.857667642523033]",15,0
322,[0.07736758 0.76637838],3,62,"[0.09312495606878571, 0.8049622189425123]",-1,-1
323,[0.13025884 0.81412129],3,62,"[0.09312495606878571, 0.8049622189425123]",-1,0
324,[0.14532144 0.83422449],3,73,"[0.15592617792808539, 0.857667642523033]",-1,0
325,[0.10263049 0.81346308],3,62,"[0.09312495606878571, 0.8049622189425123]",17,0
326,[0.12760381 0.80129121],3,62,"[0.09312495606878571, 0.8049622189425123]",-1,0
327,[0.12787475 0.77927766],3,62,"[0.09312495606878571, 0.8049622189425123]",-1,-1
328,[0.08583792 0.85000415],3,62,"[0.09312495606878571, 0.8049622189425123]",-1,-1
329,[0.10344879 0.82690141],3,62,"[0.09312495606878571, 0.8049622189425123]",17,0
330,[0.08101911 0.78015743],3,62,"[0.09312495606878571, 0.8049622189425123]",-1,-1
331,[0.10971479 0.79879365],3,62,"[0.09312495606878571, 0.8049622189425123]",17,0
332,[0.1313409  0.79980228],3,62,"[0.09312495606878571, 0.8049622189425123]",-1,-1
333,[0.10772559 0.84937716],3,62,"[0.09312495606878571, 0.8049622189425123]",-1,-1
334,[0.07554664 0.84549481],3,62,"[0.09312495606878571, 0.8049622189425123]",-1,-1
335,[0.11515721 0.8051248 ],3,62,"[0.09312495606878571, 0.8049622189425123]",17,0
336,[0.12811005 0.8837732 ],3,73,"[0.15592617792808539, 0.857667642523033]",-1,-1
337,[0.10745005 0.81541523],3,62,"[0.09312495606878571, 0.8049622189425123]",-1,0
338,[0.11492808 0.78116083],3,62,"[0.09312495606878571, 0.8049622189425123]",-1,0
339,[0.07308464 0.80314683],3,62,"[0.09312495606878571, 0.8049622189425123]",-1,-1
340,[0.12543274 0.87551937],3,73,"[0.15592617792808539, 0.857667642523033]",-1,-1
341,[0.09469268 0.79514271],3,62,"[0.09312495606878571, 0.8049622189425123]",-1,0
342,[0.12387274 0.80485705],3,62,"[0.09312495606878571, 0.8049622189425123]",17,0
343,[0.1446846  0.83746405],3,73,"[0.15592617792808539, 0.857667642523033]",-1,0
344,[0.10961215 0.8307566 ],3,62,"[0.09312495606878571, 0.8049622189425123]",-1,0
345,[0.1071769  0.77490574],3,62,"[0.09312495606878571, 0.8049622189425123]",-1,-1
346,[0.0804246  0.81603208],3,62,"[0.09312495606878571, 0.8049622189425123]",-1,0
347,[0.13725355 0.83664888],3,73,"[0.15592617792808539, 0.857667642523033]",18,0
348,[0.18406909 0.87042606],3,73,"[0.15592617792808539, 0.857667642523033]",-1,-1
349,[0.14710816 0.83601057],3,73,"[0.15592617792808539, 0.857667642523033]",-1,-1
350,[0.11399246 0.78505045],3,62,"[0.09312495606878571, 0.8049622189425123]",-1,0
351,[0.03211058 0.7586429 ],3,-1,-1,-1,-1
352,[0.14651067 0.86110624],3,73,"[0.15592617792808539, 0.857667642523033]",-1,-1
353,[0.07727592 0.79085973],3,62,"[0.09312495606878571, 0.8049622189425123]",-1,-1
354,[0.16457015 0.80059602],3,73,"[0.15592617792808539, 0.857667642523033]",3,-1
355,[0.15200076 0.79888521],3,73,"[0.15592617792808539, 0.857667642523033]",-1,-1
356,[0.02755073 0.83327883],3,-1,-1,-1,-1
357,[0.04927203 0.83234867],3,62,"[0.09312495606878571, 0.8049622189425123]",-1,-1
358,[0.09581872 0.82520514],3,62,"[0.09312495606878571, 0.8049622189425123]",-1,0
359,[0.07739285 0.80999066],3,62,"[0.09312495606878571, 0.8049622189425123]",-1,-1
360,[0.11250965 0.75700499],3,62,"[0.09312495606878571, 0.8049622189425123]",-1,-1
361,[0.11758084 0.80772831],3,62,"[0.09312495606878571, 0.8049622189425123]",17,0
362,[0.16555399 0.84745219],3,73,"[0.15592617792808539, 0.857667642523033]",-1,-1
363,[0.12652973 0.83008649],3,73,"[0.15592617792808539, 0.857667642523033]",18,0
364,[0.11398012 0.86111252],3,73,"[0.15592617792808539, 0.857667642523033]",-1,-1
365,[0.08372376 0.82328426],3,62,"[0.09312495606878571, 0.8049622189425123]",-1,0
366,[0.10930843 0.76078157],3,62,"[0.09312495606878571, 0.8049622189425123]",-1,-1
367,[0.12763104 0.82852012],3,73,"[0.15592617792808539, 0.857667642523033]",18,0
368,[0.06763286 0.83064603],3,62,"[0.09312495606878571, 0.8049622189425123]",-1,-1
369,[0.06954587 0.81722334],3,62,"[0.09312495606878571, 0.8049622189425123]",-1,-1
370,[0.08940261 0.87000054],3,62,"[0.09312495606878571, 0.8049622189425123]",-1,-1
371,[0.10054021 0.79363041],3,62,"[0.09312495606878571, 0.8049622189425123]",17,0
372,[0.12273243 0.81936059],3,62,"[0.09312495606878571, 0.8049622189425123]",18,0
373,[0.11713537 0.8530398 ],3,73,"[0.15592617792808539, 0.857667642523033]",-1,-1
374,[0.12504154 0.83249545],3,73,"[0.15592617792808539, 0.857667642523033]",18,0
375,[0.14806247 0.85805693],3,73,"[0.15592617792808539, 0.857667642523033]",-1,-1
376,[0.0200512  0.80576829],3,-1,-1,-1,-1
377,[0.10220727 0.81061581],3,62,"[0.09312495606878571, 0.8049622189425123]",17,0
378,[0.15304478 0.85629997],3,73,"[0.15592617792808539, 0.857667642523033]",15,0
379,[0.12269589 0.79982906],3,62,"[0.09312495606878571, 0.8049622189425123]",17,0
380,[0.12345099 0.77678469],3,62,"[0.09312495606878571, 0.8049622189425123]",-1,-1
381,[0.12490988 0.75708884],3,62,"[0.09312495606878571, 0.8049622189425123]",-1,-1
382,[0.18301944 0.77541376],3,45,"[0.20999502353991037, 0.7421751523063527]",-1,-1
383,[0.12380221 0.7859952 ],3,62,"[0.09312495606878571, 0.8049622189425123]",-1,0
384,[0.13084953 0.7698305 ],3,62,"[0.09312495606878571, 0.8049622189425123]",-1,-1
385,[0.12948755 0.83185646],3,73,"[0.15592617792808539, 0.857667642523033]",18,0
386,[0.15219621 0.86458834],3,73,"[0.15592617792808539, 0.857667642523033]",15,-1
387,[0.04258041 0.85652662],3,-1,-1,-1,-1
388,[0.15418372 0.78569301],3,62,"[0.09312495606878571, 0.8049622189425123]",-1,-1
389,[0.06820908 0.85812593],3,62,"[0.09312495606878571, 0.8049622189425123]",-1,-1
390,[0.08396372 0.76923395],3,62,"[0.09312495606878571, 0.8049622189425123]",-1,-1
391,[0.04522753 0.79868668],3,62,"[0.09312495606878571, 0.8049622189425123]",-1,-1
392,[0.10105225 0.88223719],3,73,"[0.15592617792808539, 0.857667642523033]",-1,-1
393,[0.12873359 0.87649953],3,73,"[0.15592617792808539, 0.857667642523033]",-1,-1
394,[0.10931997 0.80151311],3,62,"[0.09312495606878571, 0.8049622189425123]",17,0
395,[0.12950639 0.8384379 ],3,73,"[0.15592617792808539, 0.857667642523033]",18,0
396,[0.09419978 0.82103678],3,62,"[0.09312495606878571, 0.8049622189425123]",17,0
397,[0.11939706 0.85427113],3,73,"[0.15592617792808539, 0.857667642523033]",-1,-1
398,[0.12042196 0.83655759],3,73,"[0.15592617792808539, 0.857667642523033]",18,0
399,[0.08657288 0.78914003],3,62,"[0.09312495606878571, 0.8049622189425123]",-1,-1
400,[0.64251471 0.45725753],4,5,"[0.6450318820843447, 0.4074212796508608]",112,53
401,[0.63885635 0.41239369],4,5,"[0.6450318820843447, 0.4074212796508608]",112,-1
402,[0.67081618 0.50808632],4,26,"[0.6901601916314353, 0.4804056323832084]",-1,-1
403,[0.58448242 0.50553954],4,68,"[0.6059125398208416, 0.5063454320139849]",-1,-1
404,[0.58343085 0.52785771],4,68,"[0.6059125398208416, 0.5063454320139849]",-1,-1
405,[0.61669782 0.54843146],4,68,"[0.6059125398208416, 0.5063454320139849]",-1,-1
406,[0.58988446 0.51038017],4,68,"[0.6059125398208416, 0.5063454320139849]",-1,-1
407,[0.61089259 0.50934417],4,68,"[0.6059125398208416, 0.5063454320139849]",-1,-1
408,[0.63622055 0.42566088],4,5,"[0.6450318820843447, 0.4074212796508608]",112,53
409,[0.64427165 0.52608946],4,68,"[0.6059125398208416, 0.5063454320139849]",-1,-1
410,[0.62402791 0.48710021],4,68,"[0.6059125398208416, 0.5063454320139849]",-1,-1
411,[0.60798576 0.49170489],4,68,"[0.6059125398208416, 0.5063454320139849]",61,-1
412,[0.60143451 0.43001059],4,50,"[0.5684163633112168, 0.42493695949350735]",86,8
413,[0.63418049 0.44699261],4,5,"[0.6450318820843447, 0.4074212796508608]",112,-1
414,[0.60914438 0.5089931 ],4,68,"[0.6059125398208416, 0.5063454320139849]",-1,-1
415,[0.63208091 0.45548649],4,5,"[0.6450318820843447, 0.4074212796508608]",112,-1
416,[0.56037757 0.43579482],4,50,"[0.5684163633112168, 0.42493695949350735]",-1,-1
417,[0.60532404 0.43424157],4,50,"[0.5684163633112168, 0.42493695949350735]",-1,-1
418,[0.61907071 0.39801077],4,5,"[0.6450318820843447, 0.4074212796508608]",112,55
419,[0.64831964 0.45152256],4,5,"[0.6450318820843447, 0.4074212796508608]",112,53
420,[0.62143682 0.46277858],4,68,"[0.6059125398208416, 0.5063454320139849]",112,-1
421,[0.64234845 0.44042863],4,5,"[0.6450318820843447, 0.4074212796508608]",112,53
422,[0.63807059 0.42401239],4,5,"[0.6450318820843447, 0.4074212796508608]",112,53
423,[0.67878008 0.466238  ],4,26,"[0.6901601916314353, 0.4804056323832084]",-1,-1
424,[0.64787648 0.49072699],4,26,"[0.6901601916314353, 0.4804056323832084]",-1,-1
425,[0.57074353 0.51123931],4,68,"[0.6059125398208416, 0.5063454320139849]",-1,-1
426,[0.59899924 0.4383974 ],4,50,"[0.5684163633112168, 0.42493695949350735]",-1,-1
427,[0.60439176 0.50588515],4,68,"[0.6059125398208416, 0.5063454320139849]",-1,-1
428,[0.55979334 0.51625628],4,68,"[0.6059125398208416, 0.5063454320139849]",-1,-1
429,[0.6957153  0.44573137],4,26,"[0.6901601916314353, 0.4804056323832084]",112,38
430,[0.63278083 0.48054128],4,68,"[0.6059125398208416, 0.5063454320139849]",-1,-1
431,[0.55963866 0.46583452],4,50,"[0.5684163633112168, 0.42493695949350735]",-1,-1
432,[0.58017315 0.44586998],4,50,"[0.5684163633112168, 0.42493695949350735]",86,-1
433,[0.54752615 0.44110827],4,50,"[0.5684163633112168, 0.42493695949350735]",-1,-1
434,[0.61497897 0.49395561],4,68,"[0.6059125398208416, 0.5063454320139849]",61,-1
435,[0.5979855  0.41574305],4,50,"[0.5684163633112168, 0.42493695949350735]",-1,-1
436,[0.64775526 0.43586808],4,5,"[0.6450318820843447, 0.4074212796508608]",112,53
437,[0.5969047  0.51254764],4,68,"[0.6059125398208416, 0.5063454320139849]",-1,-1
438,[0.64662873 0.4740547 ],4,26,"[0.6901601916314353, 0.4804056323832084]",-1,-1
439,[0.59444189 0.45608288],4,50,"[0.5684163633112168, 0.42493695949350735]",-1,-1
440,[0.63047659 0.43281307],4,5,"[0.6450318820843447, 0.4074212796508608]",112,53
441,[0.63536572 0.47762636],4,68,"[0.6059125398208416, 0.5063454320139849]",112,-1
442,[0.61918473 0.4564124 ],4,68,"[0.6059125398208416, 0.5063454320139849]",112,-1
443,[0.66873684 0.47196362],4,26,"[0.6901601916314353, 0.4804056323832084]",-1,-1
444,[0.57711444 0.43793813],4,50,"[0.5684163633112168, 0.42493695949350735]",86,-1
445,[0.60590958 0.48759989],4,68,"[0.6059125398208416, 0.5063454320139849]",61,-1
446,[0.58991437 0.47713299],4,68,"[0.6059125398208416, 0.5063454320139849]",-1,-1
447,[0.58967839 0.40526207],4,50,"[0.5684163633112168, 0.42493695949350735]",-1,-1
448,[0.60355244 0.48085382],4,68,"[0.6059125398208416, 0.5063454320139849]",-1,-1
449,[0.64812586 0.42917611],4,5,"[0.6450318820843447, 0.4074212796508608]",112,53
450,[0.54419774 0.49909368],4,68,"[0.6059125398208416, 0.5063454320139849]",-1,-1
451,[0.56873388 0.46206892],4,50,"[0.5684163633112168, 0.42493695949350735]",-1,-1
452,[0.63934045 0.46273927],4,26,"[0.6901601916314353, 0.4804056323832084]",112,-1
453,[0.64290943 0.42921295],4,5,"[0.6450318820843447, 0.4074212796508608]",112,53
454,[0.60676243 0.49044335],4,68,"[0.6059125398208416, 0.5063454320139849]",61,-1
455,[0.60646352 0.41793952],4,50,"[0.5684163633112168, 0.42493695949350735]",-1,-1
456,[0.643792   0.45139694],4,5,"[0.6450318820843447, 0.4074212796508608]",112,53
457,[0.63608179 0.48754864],4,68,"[0.6059125398208416, 0.5063454320139849]",112,-1
458,[0.59546355 0.49940184],4,68,"[0.6059125398208416, 0.5063454320139849]",-1,-1
459,[0.62771446 0.53462406],4,68,"[0.6059125398208416, 0.5063454320139849]",-1,-1
460,[0.53732347 0.44287147],4,50,"[0.5684163633112168, 0.42493695949350735]",-1,-1
461,[0.65348538 0.443754  ],4,5,"[0.6450318820843447, 0.4074212796508608]",112,53
462,[0.67216641 0.4210904 ],4,5,"[0.6450318820843447, 0.4074212796508608]",-1,-1
463,[0.6009254  0.46379705],4,68,"[0.6059125398208416, 0.5063454320139849]",-1,-1
464,[0.61027962 0.46384235],4,68,"[0.6059125398208416, 0.5063454320139849]",-1,-1
465,[0.56870232 0.40560202],4,50,"[0.5684163633112168, 0.42493695949350735]",-1,-1
466,[0.61581161 0.50169152],4,68,"[0.6059125398208416, 0.5063454320139849]",61,-1
467,[0.62999632 0.46148139],4,68,"[0.6059125398208416, 0.5063454320139849]",112,53
468,[0.61185898 0.46444438],4,68,"[0.6059125398208416, 0.5063454320139849]",-1,-1
469,[0.54598798 0.46661304],4,50,"[0.5684163633112168, 0.42493695949350735]",-1,-1
470,[0.56996069 0.47448972],4,68,"[0.6059125398208416, 0.5063454320139849]",-1,-1
471,[0.55664516 0.47223402],4,50,"[0.5684163633112168, 0.42493695949350735]",-1,-1
472,[0.56244778 0.4470984 ],4,50,"[0.5684163633112168, 0.42493695949350735]",-1,-1
473,[0.59512167 0.43183619],4,50,"[0.5684163633112168, 0.42493695949350735]",86,8
474,[0.63644291 0.46790056],4,68,"[0.6059125398208416, 0.5063454320139849]",112,-1
475,[0.63142053 0.50338479],4,68,"[0.6059125398208416, 0.5063454320139849]",112,-1
476,[0.65396116 0.49469491],4,26,"[0.6901601916314353, 0.4804056323832084]",-1,-1
477,[0.62162836 0.4425697 ],4,5,"[0.6450318820843447, 0.4074212796508608]",112,53
478,[0.67636241 0.43166032],4,5,"[0.6450318820843447, 0.4074212796508608]",112,38
479,[0.58780951 0.48932287],4,68,"[0.6059125398208416, 0.5063454320139849]",-1,-1
480,[0.66389478 0.4480411 ],4,26,"[0.6901601916314353, 0.4804056323832084]",112,-1
481,[0.64408743 0.45581701],4,5,"[0.6450318820843447, 0.4074212796508608]",112,53
482,[0.63751716 0.51910706],4,68,"[0.6059125398208416, 0.5063454320139849]",-1,-1
483,[0.6557337  0.47734133],4,26,"[0.6901601916314353, 0.4804056323832084]",-1,-1
484,[0.63190701 0.50965977],4,68,"[0.6059125398208416, 0.5063454320139849]",-1,-1
485,[0.61399647 0.44453883],4,5,"[0.6450318820843447, 0.4074212796508608]",112,-1
486,[0.58520062 0.39754881],4,50,"[0.5684163633112168, 0.42493695949350735]",112,64
487,[0.6556607  0.41681324],4,5,"[0.6450318820843447, 0.4074212796508608]",-1,-1
488,[0.65680371 0.43207003],4,5,"[0.6450318820843447, 0.4074212796508608]",112,-1
489,[0.53065191 0.44048052],4,50,"[0.5684163633112168, 0.42493695949350735]",-1,-1
490,[0.60279582 0.48564948],4,68,"[0.6059125398208416, 0.5063454320139849]",61,-1
491,[0.62645402 0.45411766],4,5,"[0.6450318820843447, 0.4074212796508608]",112,-1
492,[0.57043146 0.46671381],4,50,"[0.5684163633112168, 0.42493695949350735]",-1,-1
493,[0.5823381  0.43167868],4,50,"[0.5684163633112168, 0.42493695949350735]",86,8
494,[0.6160795  0.49362175],4,68,"[0.6059125398208416, 0.5063454320139849]",61,-1
495,[0.69931031 0.44344334],4,26,"[0.6901601916314353, 0.4804056323832084]",112,-1
496,[0.58066919 0.42235446],4,50,"[0.5684163633112168, 0.42493695949350735]",-1,-1
497,[0.57028827 0.45722367],4,50,"[0.5684163633112168, 0.42493695949350735]",-1,-1
498,[0.63544801 0.46288081],4,68,"[0.6059125398208416, 0.5063454320139849]",112,53
499,[0.67128487 0.52138427],4,26,"[0.6901601916314353, 0.4804056323832084]",78,-1
500,[0.7991745  0.36537202],5,33,"[0.8161259009459738, 0.38225031357083966]",112,-1
501,[0.81425956 0.40972755],5,33,"[0.8161259009459738, 0.38225031357083966]",112,31
502,[0.81073639 0.36373241],5,33,"[0.8161259009459738, 0.38225031357083966]",59,-1
503,[0.83769044 0.45436313],5,18,"[0.8403424052135677, 0.4709016952471627]",112,-1
504,[0.86240255 0.3790803 ],5,96,"[0.8850335407606906, 0.40509408800524466]",-1,-1
505,[0.8290114  0.41245563],5,33,"[0.8161259009459738, 0.38225031357083966]",-1,-1
506,[0.77679467 0.38180537],5,33,"[0.8161259009459738, 0.38225031357083966]",112,28
507,[0.86588691 0.43882989],5,96,"[0.8850335407606906, 0.40509408800524466]",-1,-1
508,[0.81854987 0.39103487],5,33,"[0.8161259009459738, 0.38225031357083966]",-1,-1
509,[0.83148323 0.35263791],5,33,"[0.8161259009459738, 0.38225031357083966]",-1,-1
510,[0.93575479 0.40885958],5,96,"[0.8850335407606906, 0.40509408800524466]",-1,-1
511,[0.84608704 0.48975028],5,18,"[0.8403424052135677, 0.4709016952471627]",112,26
512,[0.846605   0.45441091],5,18,"[0.8403424052135677, 0.4709016952471627]",-1,-1
513,[0.84752332 0.34462597],5,33,"[0.8161259009459738, 0.38225031357083966]",-1,-1
514,[0.81448311 0.47077761],5,18,"[0.8403424052135677, 0.4709016952471627]",112,30
515,[0.83563472 0.42105296],5,33,"[0.8161259009459738, 0.38225031357083966]",112,29
516,[0.78685765 0.39755714],5,33,"[0.8161259009459738, 0.38225031357083966]",112,28
517,[0.82750993 0.44397135],5,18,"[0.8403424052135677, 0.4709016952471627]",112,-1
518,[0.85658279 0.35970558],5,33,"[0.8161259009459738, 0.38225031357083966]",-1,-1
519,[0.88483779 0.37425137],5,96,"[0.8850335407606906, 0.40509408800524466]",-1,-1
520,[0.85699788 0.40308129],5,96,"[0.8850335407606906, 0.40509408800524466]",-1,-1
521,[0.86578143 0.44550463],5,18,"[0.8403424052135677, 0.4709016952471627]",-1,-1
522,[0.76954745 0.35536993],5,9,"[0.7400409662228525, 0.324036995192541]",-1,-1
523,[0.82693729 0.39684352],5,33,"[0.8161259009459738, 0.38225031357083966]",112,-1
524,[0.80399743 0.39918493],5,33,"[0.8161259009459738, 0.38225031357083966]",112,-1
525,[0.8400157  0.40555582],5,33,"[0.8161259009459738, 0.38225031357083966]",112,-1
526,[0.84051559 0.40395869],5,33,"[0.8161259009459738, 0.38225031357083966]",112,-1
527,[0.86000901 0.38890024],5,96,"[0.8850335407606906, 0.40509408800524466]",-1,-1
528,[0.79225889 0.4354445 ],5,37,"[0.7430889106835223, 0.4145167779633026]",112,31
529,[0.86319727 0.44202929],5,18,"[0.8403424052135677, 0.4709016952471627]",-1,-1
530,[0.89090693 0.42946136],5,96,"[0.8850335407606906, 0.40509408800524466]",-1,-1
531,[0.82575732 0.39134474],5,33,"[0.8161259009459738, 0.38225031357083966]",-1,-1
532,[0.74976225 0.35985427],5,9,"[0.7400409662228525, 0.324036995192541]",110,58
533,[0.79758944 0.33176099],5,33,"[0.8161259009459738, 0.38225031357083966]",-1,-1
534,[0.90127775 0.36964848],5,96,"[0.8850335407606906, 0.40509408800524466]",-1,-1
535,[0.83489271 0.39595755],5,33,"[0.8161259009459738, 0.38225031357083966]",-1,-1
536,[0.82957281 0.43043727],5,18,"[0.8403424052135677, 0.4709016952471627]",-1,-1
537,[0.81296188 0.37047091],5,33,"[0.8161259009459738, 0.38225031357083966]",112,-1
538,[0.85091952 0.38120066],5,33,"[0.8161259009459738, 0.38225031357083966]",-1,-1
539,[0.75882529 0.38254374],5,37,"[0.7430889106835223, 0.4145167779633026]",110,-1
540,[0.83221211 0.36519743],5,33,"[0.8161259009459738, 0.38225031357083966]",-1,-1
541,[0.8498726 0.4035999],5,96,"[0.8850335407606906, 0.40509408800524466]",112,-1
542,[0.83544347 0.33486117],5,33,"[0.8161259009459738, 0.38225031357083966]",-1,-1
543,[0.83948457 0.39638626],5,33,"[0.8161259009459738, 0.38225031357083966]",112,-1
544,[0.89431388 0.38352771],5,96,"[0.8850335407606906, 0.40509408800524466]",-1,-1
545,[0.85493191 0.41077618],5,96,"[0.8850335407606906, 0.40509408800524466]",-1,-1
546,[0.84087201 0.42187605],5,33,"[0.8161259009459738, 0.38225031357083966]",112,29
547,[0.83972569 0.34230739],5,33,"[0.8161259009459738, 0.38225031357083966]",-1,-1
548,[0.84699111 0.42503939],5,96,"[0.8850335407606906, 0.40509408800524466]",112,29
549,[0.86675033 0.35117073],5,96,"[0.8850335407606906, 0.40509408800524466]",-1,-1
550,[0.81880672 0.45554863],5,18,"[0.8403424052135677, 0.4709016952471627]",112,-1
551,[0.89344579 0.44016132],5,96,"[0.8850335407606906, 0.40509408800524466]",-1,-1
552,[0.85247456 0.3425776 ],5,33,"[0.8161259009459738, 0.38225031357083966]",-1,-1
553,[0.84023334 0.39309069],5,33,"[0.8161259009459738, 0.38225031357083966]",-1,-1
554,[0.86588445 0.42424845],5,96,"[0.8850335407606906, 0.40509408800524466]",-1,-1
555,[0.81608731 0.45955708],5,18,"[0.8403424052135677, 0.4709016952471627]",112,-1
556,[0.848438   0.36073417],5,33,"[0.8161259009459738, 0.38225031357083966]",-1,-1
557,[0.82423219 0.36283193],5,33,"[0.8161259009459738, 0.38225031357083966]",59,-1
558,[0.77101442 0.40530633],5,37,"[0.7430889106835223, 0.4145167779633026]",112,-1
559,[0.80963773 0.42772576],5,33,"[0.8161259009459738, 0.38225031357083966]",112,31
560,[0.857505   0.46163081],5,18,"[0.8403424052135677, 0.4709016952471627]",-1,-1
561,[0.80004219 0.35372715],5,33,"[0.8161259009459738, 0.38225031357083966]",-1,-1
562,[0.81852327 0.46462153],5,18,"[0.8403424052135677, 0.4709016952471627]",112,31
563,[0.80384082 0.39565335],5,33,"[0.8161259009459738, 0.38225031357083966]",112,-1
564,[0.88905718 0.42761625],5,96,"[0.8850335407606906, 0.40509408800524466]",-1,-1
565,[0.85874938 0.36803133],5,33,"[0.8161259009459738, 0.38225031357083966]",-1,-1
566,[0.81381385 0.39406511],5,33,"[0.8161259009459738, 0.38225031357083966]",112,-1
567,[0.77832265 0.39215008],5,33,"[0.8161259009459738, 0.38225031357083966]",112,28
568,[0.87781612 0.34508211],5,96,"[0.8850335407606906, 0.40509408800524466]",-1,-1
569,[0.90021707 0.40832782],5,96,"[0.8850335407606906, 0.40509408800524466]",-1,-1
570,[0.8521778  0.42511892],5,96,"[0.8850335407606906, 0.40509408800524466]",112,-1
571,[0.79380361 0.36254355],5,33,"[0.8161259009459738, 0.38225031357083966]",112,-1
572,[0.83624485 0.41009716],5,33,"[0.8161259009459738, 0.38225031357083966]",112,29
573,[0.79982295 0.4013257 ],5,33,"[0.8161259009459738, 0.38225031357083966]",-1,-1
574,[0.87364808 0.33948186],5,93,"[0.8601410762052295, 0.27849515424672083]",-1,-1
575,[0.87077152 0.46786415],5,18,"[0.8403424052135677, 0.4709016952471627]",112,-1
576,[0.84931701 0.38560107],5,33,"[0.8161259009459738, 0.38225031357083966]",-1,-1
577,[0.8898048 0.4309499],5,96,"[0.8850335407606906, 0.40509408800524466]",-1,-1
578,[0.8453239  0.45228228],5,18,"[0.8403424052135677, 0.4709016952471627]",-1,-1
579,[0.88509282 0.35710871],5,96,"[0.8850335407606906, 0.40509408800524466]",-1,-1
580,[0.86454383 0.36920935],5,96,"[0.8850335407606906, 0.40509408800524466]",-1,-1
581,[0.84427215 0.37165904],5,33,"[0.8161259009459738, 0.38225031357083966]",-1,-1
582,[0.80702283 0.38082628],5,33,"[0.8161259009459738, 0.38225031357083966]",-1,-1
583,[0.84251532 0.42515487],5,18,"[0.8403424052135677, 0.4709016952471627]",112,29
584,[0.84722595 0.39317986],5,33,"[0.8161259009459738, 0.38225031357083966]",112,-1
585,[0.87556673 0.42855331],5,96,"[0.8850335407606906, 0.40509408800524466]",-1,-1
586,[0.84152899 0.47503347],5,18,"[0.8403424052135677, 0.4709016952471627]",112,-1
587,[0.84980164 0.38696374],5,33,"[0.8161259009459738, 0.38225031357083966]",-1,-1
588,[0.88768687 0.4011298 ],5,96,"[0.8850335407606906, 0.40509408800524466]",-1,-1
589,[0.7824297  0.38456238],5,33,"[0.8161259009459738, 0.38225031357083966]",112,28
590,[0.86720572 0.42274649],5,96,"[0.8850335407606906, 0.40509408800524466]",-1,-1
591,[0.92357715 0.35529409],5,96,"[0.8850335407606906, 0.40509408800524466]",-1,-1
592,[0.88773177 0.32805457],5,93,"[0.8601410762052295, 0.27849515424672083]",-1,-1
593,[0.7980317  0.49411115],5,29,"[0.7896146962697053, 0.5004587368894428]",-1,-1
594,[0.88095168 0.37657327],5,96,"[0.8850335407606906, 0.40509408800524466]",-1,-1
595,[0.80646709 0.39300292],5,33,"[0.8161259009459738, 0.38225031357083966]",112,-1
596,[0.8036821  0.41881469],5,33,"[0.8161259009459738, 0.38225031357083966]",112,-1
597,[0.8332384  0.33798252],5,33,"[0.8161259009459738, 0.38225031357083966]",-1,-1
598,[0.81728414 0.35329298],5,33,"[0.8161259009459738, 0.38225031357083966]",-1,-1
599,[0.85924927 0.39517913],5,96,"[0.8850335407606906, 0.40509408800524466]",-1,-1
600,[0.12949012 0.34462935],6,79,"[0.16063848539260261, 0.3296265582234916]",11,-1
601,[0.08799659 0.39920482],6,40,"[0.12310509694427481, 0.38467830445556617]",9,-1
602,[0.19172302 0.35026857],6,79,"[0.16063848539260261, 0.3296265582234916]",-1,-1
603,[0.16629727 0.32898376],6,79,"[0.16063848539260261, 0.3296265582234916]",11,-1
604,[0.14329926 0.36005069],6,40,"[0.12310509694427481, 0.38467830445556617]",11,2
605,[0.15219893 0.4096845 ],6,76,"[0.17908534744711677, 0.41908191437899905]",11,2
606,[0.19533006 0.3367644 ],6,79,"[0.16063848539260261, 0.3296265582234916]",-1,-1
607,[0.08960166 0.38979984],6,40,"[0.12310509694427481, 0.38467830445556617]",9,-1
608,[0.23852785 0.35407749],6,77,"[0.22975717865813536, 0.35984896868285715]",112,-1
609,[0.15824078 0.33565812],6,79,"[0.16063848539260261, 0.3296265582234916]",11,2
610,[0.21687432 0.34154856],6,77,"[0.22975717865813536, 0.35984896868285715]",-1,-1
611,[0.14442666 0.34232016],6,79,"[0.16063848539260261, 0.3296265582234916]",11,2
612,[0.15907201 0.29251492],6,79,"[0.16063848539260261, 0.3296265582234916]",-1,-1
613,[0.17793965 0.41551477],6,76,"[0.17908534744711677, 0.41908191437899905]",-1,-1
614,[0.14715515 0.36197295],6,40,"[0.12310509694427481, 0.38467830445556617]",11,2
615,[0.14327305 0.36130808],6,40,"[0.12310509694427481, 0.38467830445556617]",11,2
616,[0.13906682 0.36703954],6,40,"[0.12310509694427481, 0.38467830445556617]",11,2
617,[0.2572724 0.3708762],6,77,"[0.22975717865813536, 0.35984896868285715]",112,-1
618,[0.21609594 0.47424168],6,83,"[0.2368604693858302, 0.47906582147153637]",1,-1
619,[0.20696127 0.39369933],6,76,"[0.17908534744711677, 0.41908191437899905]",10,-1
620,[0.17025383 0.36553427],6,79,"[0.16063848539260261, 0.3296265582234916]",11,2
621,[0.15728324 0.36117418],6,79,"[0.16063848539260261, 0.3296265582234916]",11,2
622,[0.15042901 0.39220174],6,40,"[0.12310509694427481, 0.38467830445556617]",11,2
623,[0.16151858 0.32635148],6,79,"[0.16063848539260261, 0.3296265582234916]",11,-1
624,[0.1172845  0.36844123],6,40,"[0.12310509694427481, 0.38467830445556617]",11,2
625,[0.14586931 0.41206185],6,76,"[0.17908534744711677, 0.41908191437899905]",11,2
626,[0.15933546 0.38562179],6,40,"[0.12310509694427481, 0.38467830445556617]",11,2
627,[0.10993291 0.36389815],6,40,"[0.12310509694427481, 0.38467830445556617]",11,2
628,[0.15881431 0.33910732],6,79,"[0.16063848539260261, 0.3296265582234916]",11,2
629,[0.14558694 0.30150344],6,79,"[0.16063848539260261, 0.3296265582234916]",-1,-1
630,[0.14532102 0.29254831],6,79,"[0.16063848539260261, 0.3296265582234916]",-1,-1
631,[0.09391807 0.39410877],6,40,"[0.12310509694427481, 0.38467830445556617]",9,-1
632,[0.24027078 0.35022605],6,77,"[0.22975717865813536, 0.35984896868285715]",112,-1
633,[0.11688937 0.36992154],6,40,"[0.12310509694427481, 0.38467830445556617]",11,2
634,[0.16687488 0.43271243],6,76,"[0.17908534744711677, 0.41908191437899905]",11,-1
635,[0.08064544 0.35719308],6,40,"[0.12310509694427481, 0.38467830445556617]",-1,-1
636,[0.20176621 0.29856859],6,79,"[0.16063848539260261, 0.3296265582234916]",-1,-1
637,[0.18020177 0.4315037 ],6,76,"[0.17908534744711677, 0.41908191437899905]",11,-1
638,[0.21935505 0.42136866],6,76,"[0.17908534744711677, 0.41908191437899905]",-1,-1
639,[0.16794786 0.33916203],6,79,"[0.16063848539260261, 0.3296265582234916]",11,-1
640,[0.1358279  0.35164599],6,79,"[0.16063848539260261, 0.3296265582234916]",11,2
641,[0.21304356 0.30180276],6,79,"[0.16063848539260261, 0.3296265582234916]",4,-1
642,[0.1908233  0.41285111],6,76,"[0.17908534744711677, 0.41908191437899905]",-1,-1
643,[0.11928789 0.33208283],6,79,"[0.16063848539260261, 0.3296265582234916]",-1,-1
644,[0.24434327 0.3511521 ],6,77,"[0.22975717865813536, 0.35984896868285715]",112,-1
645,[0.11315882 0.36892087],6,40,"[0.12310509694427481, 0.38467830445556617]",11,2
646,[0.17847366 0.36488211],6,79,"[0.16063848539260261, 0.3296265582234916]",11,-1
647,[0.04806619 0.37039297],6,-1,-1,-1,-1
648,[0.16463869 0.32437735],6,79,"[0.16063848539260261, 0.3296265582234916]",11,-1
649,[0.10983105 0.28659975],6,79,"[0.16063848539260261, 0.3296265582234916]",-1,-1
650,[0.13195945 0.39783155],6,40,"[0.12310509694427481, 0.38467830445556617]",11,2
651,[0.19166756 0.39232607],6,76,"[0.17908534744711677, 0.41908191437899905]",10,-1
652,[0.18336495 0.39736658],6,76,"[0.17908534744711677, 0.41908191437899905]",-1,-1
653,[0.16822528 0.31707895],6,79,"[0.16063848539260261, 0.3296265582234916]",11,-1
654,[0.1717116  0.31470584],6,79,"[0.16063848539260261, 0.3296265582234916]",-1,-1
655,[0.12179092 0.39813191],6,40,"[0.12310509694427481, 0.38467830445556617]",11,2
656,[0.07796021 0.43760205],6,61,"[0.09405243799838632, 0.4575021910053954]",11,-1
657,[0.16742144 0.31708415],6,79,"[0.16063848539260261, 0.3296265582234916]",11,-1
658,[0.15201675 0.34450753],6,79,"[0.16063848539260261, 0.3296265582234916]",11,2
659,[0.17714797 0.43185676],6,76,"[0.17908534744711677, 0.41908191437899905]",11,-1
660,[0.18130918 0.36350763],6,79,"[0.16063848539260261, 0.3296265582234916]",11,-1
661,[0.16495192 0.42581429],6,76,"[0.17908534744711677, 0.41908191437899905]",-1,-1
662,[0.15136368 0.37778378],6,40,"[0.12310509694427481, 0.38467830445556617]",11,2
663,[0.21455941 0.33089751],6,77,"[0.22975717865813536, 0.35984896868285715]",4,-1
664,[0.1829882  0.42500089],6,76,"[0.17908534744711677, 0.41908191437899905]",-1,-1
665,[0.23618303 0.35910737],6,77,"[0.22975717865813536, 0.35984896868285715]",112,-1
666,[0.12402409 0.35907264],6,40,"[0.12310509694427481, 0.38467830445556617]",11,2
667,[0.13679876 0.41362933],6,40,"[0.12310509694427481, 0.38467830445556617]",11,2
668,[0.15266023 0.34446976],6,79,"[0.16063848539260261, 0.3296265582234916]",11,2
669,[0.17685658 0.35038164],6,79,"[0.16063848539260261, 0.3296265582234916]",-1,-1
670,[0.14877803 0.36878969],6,40,"[0.12310509694427481, 0.38467830445556617]",11,2
671,[0.16143308 0.35475365],6,79,"[0.16063848539260261, 0.3296265582234916]",11,-1
672,[0.15439518 0.34552738],6,79,"[0.16063848539260261, 0.3296265582234916]",11,2
673,[0.050818   0.36874856],6,-1,-1,-1,-1
674,[0.03890572 0.42332751],6,61,"[0.09405243799838632, 0.4575021910053954]",-1,-1
675,[0.08629334 0.37060796],6,40,"[0.12310509694427481, 0.38467830445556617]",-1,-1
676,[0.13862081 0.3557293 ],6,40,"[0.12310509694427481, 0.38467830445556617]",11,2
677,[0.15166171 0.35925435],6,79,"[0.16063848539260261, 0.3296265582234916]",11,2
678,[0.14632918 0.3740284 ],6,40,"[0.12310509694427481, 0.38467830445556617]",11,2
679,[0.14143462 0.38204427],6,40,"[0.12310509694427481, 0.38467830445556617]",11,2
680,[0.12734859 0.37258576],6,40,"[0.12310509694427481, 0.38467830445556617]",11,2
681,[0.13773166 0.37494108],6,40,"[0.12310509694427481, 0.38467830445556617]",11,2
682,[0.14834444 0.34897253],6,79,"[0.16063848539260261, 0.3296265582234916]",11,2
683,[0.16159093 0.38797462],6,76,"[0.17908534744711677, 0.41908191437899905]",11,2
684,[0.14568082 0.44430516],6,76,"[0.17908534744711677, 0.41908191437899905]",11,-1
685,[0.20719969 0.30397159],6,79,"[0.16063848539260261, 0.3296265582234916]",4,-1
686,[0.11072391 0.38866035],6,40,"[0.12310509694427481, 0.38467830445556617]",-1,-1
687,[0.16486836 0.3366032 ],6,79,"[0.16063848539260261, 0.3296265582234916]",11,2
688,[0.10343923 0.42815257],6,61,"[0.09405243799838632, 0.4575021910053954]",11,-1
689,[0.2059077  0.36121311],6,77,"[0.22975717865813536, 0.35984896868285715]",-1,-1
690,[0.13309225 0.41281347],6,40,"[0.12310509694427481, 0.38467830445556617]",11,2
691,[0.21559025 0.45676825],6,83,"[0.2368604693858302, 0.47906582147153637]",1,-1
692,[0.14893768 0.37384865],6,40,"[0.12310509694427481, 0.38467830445556617]",11,2
693,[0.14375149 0.40150183],6,40,"[0.12310509694427481, 0.38467830445556617]",11,2
694,[0.09150451 0.38597524],6,40,"[0.12310509694427481, 0.38467830445556617]",9,-1
695,[0.26642599 0.371506  ],6,60,"[0.2741039163061208, 0.4090806374523096]",112,63
696,[0.14798932 0.35972964],6,79,"[0.16063848539260261, 0.3296265582234916]",11,2
697,[0.11738523 0.32647571],6,79,"[0.16063848539260261, 0.3296265582234916]",-1,-1
698,[0.16624208 0.3999395 ],6,76,"[0.17908534744711677, 0.41908191437899905]",11,-1
699,[0.14593516 0.35722245],6,79,"[0.16063848539260261, 0.3296265582234916]",11,2
700,[0.23919858 0.81682559],7,66,"[0.23454676066543478, 0.8238001978646302]",40,7
701,[0.13000362 0.85148904],7,73,"[0.15592617792808539, 0.857667642523033]",-1,0
702,[0.22756619 0.81600831],7,66,"[0.23454676066543478, 0.8238001978646302]",40,7
703,[0.19811626 0.87888065],7,73,"[0.15592617792808539, 0.857667642523033]",-1,-1
704,[0.26308045 0.89752707],7,92,"[0.2809378662615065, 0.8576735624543382]",-1,-1
705,[0.15169999 0.84056918],7,73,"[0.15592617792808539, 0.857667642523033]",-1,0
706,[0.2964786  0.86859231],7,92,"[0.2809378662615065, 0.8576735624543382]",-1,-1
707,[0.16642521 0.8093336 ],7,73,"[0.15592617792808539, 0.857667642523033]",3,-1
708,[0.25630208 0.87983906],7,92,"[0.2809378662615065, 0.8576735624543382]",-1,-1
709,[0.20540424 0.83449552],7,66,"[0.23454676066543478, 0.8238001978646302]",40,-1
710,[0.15446307 0.92484435],7,73,"[0.15592617792808539, 0.857667642523033]",-1,-1
711,[0.22674991 0.87427616],7,66,"[0.23454676066543478, 0.8238001978646302]",14,-1
712,[0.24422246 0.81007658],7,66,"[0.23454676066543478, 0.8238001978646302]",40,-1
713,[0.32755886 0.86873455],7,92,"[0.2809378662615065, 0.8576735624543382]",-1,-1
714,[0.26747246 0.89098011],7,92,"[0.2809378662615065, 0.8576735624543382]",-1,-1
715,[0.2715357  0.87582814],7,92,"[0.2809378662615065, 0.8576735624543382]",-1,-1
716,[0.25062533 0.84727095],7,66,"[0.23454676066543478, 0.8238001978646302]",16,-1
717,[0.26616645 0.83456348],7,92,"[0.2809378662615065, 0.8576735624543382]",-1,-1
718,[0.24932062 0.8119134 ],7,66,"[0.23454676066543478, 0.8238001978646302]",-1,-1
719,[0.21705382 0.87021969],7,66,"[0.23454676066543478, 0.8238001978646302]",14,-1
720,[0.2385113 0.7894898],7,66,"[0.23454676066543478, 0.8238001978646302]",-1,-1
721,[0.20273415 0.86903978],7,73,"[0.15592617792808539, 0.857667642523033]",14,-1
722,[0.22719015 0.88566309],7,92,"[0.2809378662615065, 0.8576735624543382]",14,-1
723,[0.23538963 0.8509083 ],7,66,"[0.23454676066543478, 0.8238001978646302]",-1,-1
724,[0.20067997 0.82503795],7,66,"[0.23454676066543478, 0.8238001978646302]",-1,-1
725,[0.22935546 0.81330168],7,66,"[0.23454676066543478, 0.8238001978646302]",40,7
726,[0.21422771 0.95374963],7,-1,-1,-1,-1
727,[0.18622455 0.86193671],7,73,"[0.15592617792808539, 0.857667642523033]",-1,-1
728,[0.20179315 0.89150284],7,73,"[0.15592617792808539, 0.857667642523033]",-1,-1
729,[0.19511857 0.81197193],7,66,"[0.23454676066543478, 0.8238001978646302]",-1,-1
730,[0.2134167 0.8319029],7,66,"[0.23454676066543478, 0.8238001978646302]",40,-1
731,[0.26607299 0.85572434],7,92,"[0.2809378662615065, 0.8576735624543382]",-1,-1
732,[0.22481806 0.83124872],7,66,"[0.23454676066543478, 0.8238001978646302]",40,-1
733,[0.17180766 0.89617421],7,73,"[0.15592617792808539, 0.857667642523033]",-1,-1
734,[0.23887129 0.85995048],7,66,"[0.23454676066543478, 0.8238001978646302]",-1,-1
735,[0.28259908 0.90208988],7,92,"[0.2809378662615065, 0.8576735624543382]",-1,-1
736,[0.29187583 0.86331365],7,92,"[0.2809378662615065, 0.8576735624543382]",-1,-1
737,[0.21956502 0.79819025],7,66,"[0.23454676066543478, 0.8238001978646302]",40,7
738,[0.24521379 0.85539326],7,66,"[0.23454676066543478, 0.8238001978646302]",16,-1
739,[0.24148016 0.83446157],7,66,"[0.23454676066543478, 0.8238001978646302]",-1,-1
740,[0.18036196 0.79742428],7,66,"[0.23454676066543478, 0.8238001978646302]",3,-1
741,[0.16895867 0.85467127],7,73,"[0.15592617792808539, 0.857667642523033]",15,0
742,[0.21769476 0.82582398],7,66,"[0.23454676066543478, 0.8238001978646302]",40,-1
743,[0.16765663 0.79456716],7,73,"[0.15592617792808539, 0.857667642523033]",3,-1
744,[0.22110508 0.78712017],7,66,"[0.23454676066543478, 0.8238001978646302]",40,7
745,[0.24847614 0.83779094],7,66,"[0.23454676066543478, 0.8238001978646302]",16,-1
746,[0.23876239 0.83093722],7,66,"[0.23454676066543478, 0.8238001978646302]",16,-1
747,[0.20954856 0.85101218],7,66,"[0.23454676066543478, 0.8238001978646302]",40,-1
748,[0.20617585 0.84344748],7,66,"[0.23454676066543478, 0.8238001978646302]",40,-1
749,[0.21751363 0.86775798],7,66,"[0.23454676066543478, 0.8238001978646302]",-1,-1
750,[0.20185425 0.90433927],7,73,"[0.15592617792808539, 0.857667642523033]",-1,-1
751,[0.20483667 0.72079047],7,45,"[0.20999502353991037, 0.7421751523063527]",-1,-1
752,[0.20688442 0.8056831 ],7,66,"[0.23454676066543478, 0.8238001978646302]",-1,-1
753,[0.23510357 0.89400252],7,92,"[0.2809378662615065, 0.8576735624543382]",-1,-1
754,[0.27807434 0.86231722],7,92,"[0.2809378662615065, 0.8576735624543382]",-1,-1
755,[0.2853261  0.80590789],7,92,"[0.2809378662615065, 0.8576735624543382]",-1,-1
756,[0.20888126 0.83840429],7,66,"[0.23454676066543478, 0.8238001978646302]",40,-1
757,[0.22409404 0.78283054],7,66,"[0.23454676066543478, 0.8238001978646302]",40,7
758,[0.16478548 0.86195798],7,73,"[0.15592617792808539, 0.857667642523033]",15,0
759,[0.22342188 0.88587515],7,66,"[0.23454676066543478, 0.8238001978646302]",14,-1
760,[0.17319018 0.85644369],7,73,"[0.15592617792808539, 0.857667642523033]",15,0
761,[0.1872627  0.85409076],7,73,"[0.15592617792808539, 0.857667642523033]",-1,-1
762,[0.23725056 0.80595394],7,66,"[0.23454676066543478, 0.8238001978646302]",40,7
763,[0.26125297 0.86250422],7,92,"[0.2809378662615065, 0.8576735624543382]",-1,-1
764,[0.24409424 0.86876562],7,92,"[0.2809378662615065, 0.8576735624543382]",-1,-1
765,[0.22733312 0.89676103],7,92,"[0.2809378662615065, 0.8576735624543382]",-1,-1
766,[0.2037267  0.87815348],7,73,"[0.15592617792808539, 0.857667642523033]",-1,-1
767,[0.20537207 0.85493783],7,66,"[0.23454676066543478, 0.8238001978646302]",40,-1
768,[0.21138714 0.88979317],7,73,"[0.15592617792808539, 0.857667642523033]",-1,-1
769,[0.1780536  0.80421236],7,73,"[0.15592617792808539, 0.857667642523033]",3,-1
770,[0.20997461 0.85103413],7,66,"[0.23454676066543478, 0.8238001978646302]",40,-1
771,[0.26865589 0.89240656],7,92,"[0.2809378662615065, 0.8576735624543382]",-1,-1
772,[0.24838889 0.8806735 ],7,92,"[0.2809378662615065, 0.8576735624543382]",-1,-1
773,[0.26090139 0.84814844],7,92,"[0.2809378662615065, 0.8576735624543382]",-1,-1
774,[0.25359727 0.82898701],7,66,"[0.23454676066543478, 0.8238001978646302]",16,-1
775,[0.18964587 0.8109032 ],7,66,"[0.23454676066543478, 0.8238001978646302]",3,-1
776,[0.22410665 0.81979722],7,66,"[0.23454676066543478, 0.8238001978646302]",40,7
777,[0.20177133 0.84987715],7,66,"[0.23454676066543478, 0.8238001978646302]",40,-1
778,[0.19414291 0.85778476],7,73,"[0.15592617792808539, 0.857667642523033]",40,-1
779,[0.28017513 0.83363678],7,92,"[0.2809378662615065, 0.8576735624543382]",-1,-1
780,[0.23668172 0.80933346],7,66,"[0.23454676066543478, 0.8238001978646302]",40,-1
781,[0.26772424 0.80349406],7,66,"[0.23454676066543478, 0.8238001978646302]",-1,-1
782,[0.1742794  0.81220572],7,73,"[0.15592617792808539, 0.857667642523033]",3,-1
783,[0.18651364 0.86515488],7,73,"[0.15592617792808539, 0.857667642523033]",-1,-1
784,[0.13332368 0.87285426],7,73,"[0.15592617792808539, 0.857667642523033]",-1,-1
785,[0.22270587 0.87716001],7,66,"[0.23454676066543478, 0.8238001978646302]",14,-1
786,[0.20631242 0.82947622],7,66,"[0.23454676066543478, 0.8238001978646302]",40,-1
787,[0.24917252 0.84567672],7,66,"[0.23454676066543478, 0.8238001978646302]",16,-1
788,[0.25485408 0.82428181],7,66,"[0.23454676066543478, 0.8238001978646302]",-1,-1
789,[0.24785701 0.85028325],7,66,"[0.23454676066543478, 0.8238001978646302]",16,-1
790,[0.21530737 0.84282863],7,66,"[0.23454676066543478, 0.8238001978646302]",40,-1
791,[0.21771956 0.86027219],7,66,"[0.23454676066543478, 0.8238001978646302]",-1,-1
792,[0.21658717 0.82643615],7,66,"[0.23454676066543478, 0.8238001978646302]",40,-1
793,[0.16713193 0.82216291],7,73,"[0.15592617792808539, 0.857667642523033]",-1,-1
794,[0.17048677 0.7877889 ],7,45,"[0.20999502353991037, 0.7421751523063527]",3,-1
795,[0.22349937 0.79308663],7,66,"[0.23454676066543478, 0.8238001978646302]",40,7
796,[0.17755435 0.85039965],7,73,"[0.15592617792808539, 0.857667642523033]",-1,-1
797,[0.22108305 0.76768855],7,45,"[0.20999502353991037, 0.7421751523063527]",66,-1
798,[0.19549428 0.79066988],7,45,"[0.20999502353991037, 0.7421751523063527]",-1,-1
799,[0.21300101 0.78186971],7,45,"[0.20999502353991037, 0.7421751523063527]",40,-1
800,[0.74564846 0.48369223],8,29,"[0.7896146962697053, 0.5004587368894428]",112,-1
801,[0.80743834 0.43818866],8,18,"[0.8403424052135677, 0.4709016952471627]",112,-1
802,[0.69811974 0.47878216],8,26,"[0.6901601916314353, 0.4804056323832084]",112,39
803,[0.79175064 0.424901  ],8,33,"[0.8161259009459738, 0.38225031357083966]",112,31
804,[0.77492621 0.53560853],8,29,"[0.7896146962697053, 0.5004587368894428]",108,-1
805,[0.80155703 0.51060458],8,29,"[0.7896146962697053, 0.5004587368894428]",112,-1
806,[0.80787165 0.43320538],8,18,"[0.8403424052135677, 0.4709016952471627]",112,-1
807,[0.71888416 0.40598366],8,37,"[0.7430889106835223, 0.4145167779633026]",-1,-1
808,[0.83244886 0.35911942],8,33,"[0.8161259009459738, 0.38225031357083966]",59,-1
809,[0.80350202 0.43466523],8,18,"[0.8403424052135677, 0.4709016952471627]",112,31
810,[0.7066587  0.42701276],8,37,"[0.7430889106835223, 0.4145167779633026]",-1,-1
811,[0.72591006 0.5063727 ],8,46,"[0.7242081221498112, 0.5411748041333581]",112,-1
812,[0.77347031 0.47874584],8,29,"[0.7896146962697053, 0.5004587368894428]",112,-1
813,[0.70873343 0.43084994],8,37,"[0.7430889106835223, 0.4145167779633026]",-1,-1
814,[0.7908688 0.478055 ],8,29,"[0.7896146962697053, 0.5004587368894428]",112,30
815,[0.79639039 0.43203694],8,33,"[0.8161259009459738, 0.38225031357083966]",112,31
816,[0.73863608 0.50704979],8,46,"[0.7242081221498112, 0.5411748041333581]",112,-1
817,[0.76517355 0.4810426 ],8,29,"[0.7896146962697053, 0.5004587368894428]",112,-1
818,[0.76711979 0.49328102],8,29,"[0.7896146962697053, 0.5004587368894428]",-1,-1
819,[0.76544598 0.4848012 ],8,29,"[0.7896146962697053, 0.5004587368894428]",112,-1
820,[0.79956728 0.53191732],8,29,"[0.7896146962697053, 0.5004587368894428]",112,-1
821,[0.7067341  0.53712981],8,46,"[0.7242081221498112, 0.5411748041333581]",79,-1
822,[0.70574835 0.53578341],8,46,"[0.7242081221498112, 0.5411748041333581]",79,32
823,[0.76792983 0.44258044],8,37,"[0.7430889106835223, 0.4145167779633026]",-1,-1
824,[0.77889721 0.39375718],8,33,"[0.8161259009459738, 0.38225031357083966]",112,28
825,[0.77330135 0.46155451],8,29,"[0.7896146962697053, 0.5004587368894428]",112,-1
826,[0.79380219 0.47501114],8,29,"[0.7896146962697053, 0.5004587368894428]",112,30
827,[0.77102181 0.45992444],8,29,"[0.7896146962697053, 0.5004587368894428]",112,-1
828,[0.82288245 0.52050973],8,29,"[0.7896146962697053, 0.5004587368894428]",112,-1
829,[0.7563282  0.51157607],8,29,"[0.7896146962697053, 0.5004587368894428]",-1,-1
830,[0.78119282 0.5244769 ],8,29,"[0.7896146962697053, 0.5004587368894428]",-1,-1
831,[0.83966622 0.50099697],8,18,"[0.8403424052135677, 0.4709016952471627]",112,26
832,[0.75830633 0.47790403],8,29,"[0.7896146962697053, 0.5004587368894428]",112,-1
833,[0.77723497 0.51490664],8,29,"[0.7896146962697053, 0.5004587368894428]",-1,-1
834,[0.72065935 0.52757477],8,46,"[0.7242081221498112, 0.5411748041333581]",112,33
835,[0.70286456 0.45222467],8,26,"[0.6901601916314353, 0.4804056323832084]",112,38
836,[0.81415873 0.54591596],8,85,"[0.8651323192785665, 0.5497169401868933]",-1,-1
837,[0.73954147 0.53252643],8,46,"[0.7242081221498112, 0.5411748041333581]",112,33
838,[0.77243415 0.43693278],8,37,"[0.7430889106835223, 0.4145167779633026]",112,-1
839,[0.76911654 0.46175254],8,29,"[0.7896146962697053, 0.5004587368894428]",112,30
840,[0.73047898 0.49950615],8,46,"[0.7242081221498112, 0.5411748041333581]",112,39
841,[0.71863524 0.49699597],8,26,"[0.6901601916314353, 0.4804056323832084]",112,39
842,[0.72659794 0.43212779],8,37,"[0.7430889106835223, 0.4145167779633026]",-1,27
843,[0.76578541 0.42480663],8,37,"[0.7430889106835223, 0.4145167779633026]",-1,-1
844,[0.74802365 0.4132545 ],8,37,"[0.7430889106835223, 0.4145167779633026]",112,27
845,[0.77203343 0.47200767],8,29,"[0.7896146962697053, 0.5004587368894428]",-1,-1
846,[0.73955518 0.45272632],8,37,"[0.7430889106835223, 0.4145167779633026]",112,-1
847,[0.79490691 0.42326302],8,33,"[0.8161259009459738, 0.38225031357083966]",112,31
848,[0.7911761  0.48400143],8,29,"[0.7896146962697053, 0.5004587368894428]",112,-1
849,[0.80921974 0.49110486],8,29,"[0.7896146962697053, 0.5004587368894428]",112,30
850,[0.71206153 0.49668854],8,26,"[0.6901601916314353, 0.4804056323832084]",112,-1
851,[0.74970104 0.47421672],8,29,"[0.7896146962697053, 0.5004587368894428]",112,-1
852,[0.75370029 0.40180794],8,37,"[0.7430889106835223, 0.4145167779633026]",-1,-1
853,[0.71609712 0.49544032],8,26,"[0.6901601916314353, 0.4804056323832084]",112,39
854,[0.78184976 0.5325764 ],8,29,"[0.7896146962697053, 0.5004587368894428]",108,-1
855,[0.74862536 0.45232999],8,37,"[0.7430889106835223, 0.4145167779633026]",112,-1
856,[0.71074135 0.53431407],8,46,"[0.7242081221498112, 0.5411748041333581]",79,32
857,[0.75681477 0.51553089],8,29,"[0.7896146962697053, 0.5004587368894428]",-1,-1
858,[0.71592265 0.5378216 ],8,46,"[0.7242081221498112, 0.5411748041333581]",-1,-1
859,[0.78293942 0.48183299],8,29,"[0.7896146962697053, 0.5004587368894428]",112,-1
860,[0.77442714 0.45757345],8,29,"[0.7896146962697053, 0.5004587368894428]",112,30
861,[0.73941482 0.4304424 ],8,37,"[0.7430889106835223, 0.4145167779633026]",112,27
862,[0.81620432 0.4909615 ],8,29,"[0.7896146962697053, 0.5004587368894428]",112,-1
863,[0.7847719  0.50243183],8,29,"[0.7896146962697053, 0.5004587368894428]",-1,-1
864,[0.7979566 0.4943742],8,29,"[0.7896146962697053, 0.5004587368894428]",-1,-1
865,[0.74456359 0.53519407],8,46,"[0.7242081221498112, 0.5411748041333581]",112,-1
866,[0.81616208 0.48849359],8,29,"[0.7896146962697053, 0.5004587368894428]",-1,30
867,[0.7057731  0.48543244],8,26,"[0.6901601916314353, 0.4804056323832084]",112,39
868,[0.7888618 0.4267277],8,37,"[0.7430889106835223, 0.4145167779633026]",112,31
869,[0.75864481 0.49532491],8,29,"[0.7896146962697053, 0.5004587368894428]",-1,-1
870,[0.71789861 0.48835791],8,26,"[0.6901601916314353, 0.4804056323832084]",112,39
871,[0.80330772 0.4925128 ],8,29,"[0.7896146962697053, 0.5004587368894428]",112,-1
872,[0.69851591 0.51455744],8,26,"[0.6901601916314353, 0.4804056323832084]",79,-1
873,[0.71612554 0.44016389],8,37,"[0.7430889106835223, 0.4145167779633026]",-1,-1
874,[0.79997233 0.48103634],8,29,"[0.7896146962697053, 0.5004587368894428]",112,30
875,[0.75793957 0.43980817],8,37,"[0.7430889106835223, 0.4145167779633026]",-1,-1
876,[0.75432047 0.42785496],8,37,"[0.7430889106835223, 0.4145167779633026]",112,-1
877,[0.76305222 0.48058128],8,29,"[0.7896146962697053, 0.5004587368894428]",112,-1
878,[0.7498965  0.47618094],8,29,"[0.7896146962697053, 0.5004587368894428]",112,-1
879,[0.74816514 0.45950914],8,37,"[0.7430889106835223, 0.4145167779633026]",-1,-1
880,[0.78059931 0.43880476],8,37,"[0.7430889106835223, 0.4145167779633026]",112,-1
881,[0.77972137 0.47806271],8,29,"[0.7896146962697053, 0.5004587368894428]",112,-1
882,[0.86164029 0.47064514],8,18,"[0.8403424052135677, 0.4709016952471627]",112,-1
883,[0.77794283 0.43612865],8,37,"[0.7430889106835223, 0.4145167779633026]",-1,-1
884,[0.86387851 0.47755108],8,18,"[0.8403424052135677, 0.4709016952471627]",112,26
885,[0.73248483 0.48317505],8,26,"[0.6901601916314353, 0.4804056323832084]",112,39
886,[0.77602018 0.47324734],8,29,"[0.7896146962697053, 0.5004587368894428]",-1,-1
887,[0.73732519 0.47085931],8,26,"[0.6901601916314353, 0.4804056323832084]",-1,-1
888,[0.82410441 0.43994935],8,18,"[0.8403424052135677, 0.4709016952471627]",112,-1
889,[0.8222874  0.47572095],8,18,"[0.8403424052135677, 0.4709016952471627]",112,-1
890,[0.72859644 0.49675231],8,26,"[0.6901601916314353, 0.4804056323832084]",112,39
891,[0.82540037 0.46618322],8,18,"[0.8403424052135677, 0.4709016952471627]",-1,-1
892,[0.75423333 0.5264672 ],8,46,"[0.7242081221498112, 0.5411748041333581]",-1,-1
893,[0.82673131 0.46999499],8,18,"[0.8403424052135677, 0.4709016952471627]",-1,-1
894,[0.76482431 0.38924983],8,37,"[0.7430889106835223, 0.4145167779633026]",-1,-1
895,[0.77411474 0.39324351],8,37,"[0.7430889106835223, 0.4145167779633026]",112,28
896,[0.70286296 0.44814372],8,26,"[0.6901601916314353, 0.4804056323832084]",112,38
897,[0.74621746 0.45718253],8,37,"[0.7430889106835223, 0.4145167779633026]",112,-1
898,[0.72856587 0.48703735],8,26,"[0.6901601916314353, 0.4804056323832084]",112,39
899,[0.76782302 0.4558733 ],8,37,"[0.7430889106835223, 0.4145167779633026]",112,-1
900,[0.37380169 0.43097315],9,67,"[0.34269865168009006, 0.44034776623612226]",112,72
901,[0.41317436 0.42865577],9,6,"[0.40441044434758894, 0.4112979157836676]",112,72
902,[0.41154003 0.45914637],9,2,"[0.4451682216738327, 0.4665045826425144]",112,72
903,[0.46584748 0.44787341],9,2,"[0.4451682216738327, 0.4665045826425144]",112,-1
904,[0.34648097 0.41460857],9,44,"[0.34853587644703343, 0.40608971906389735]",112,72
905,[0.44383986 0.34791989],9,34,"[0.4470179228154517, 0.33644420436777783]",112,-1
906,[0.31313261 0.41956747],9,74,"[0.30377537934724935, 0.43721818673809004]",112,72
907,[0.44077723 0.47623342],9,2,"[0.4451682216738327, 0.4665045826425144]",112,72
908,[0.45893135 0.40528229],9,22,"[0.4960765404668817, 0.3879133591162554]",112,-1
909,[0.42844611 0.4561569 ],9,2,"[0.4451682216738327, 0.4665045826425144]",112,72
910,[0.44871402 0.45772127],9,2,"[0.4451682216738327, 0.4665045826425144]",112,-1
911,[0.44090264 0.49356693],9,2,"[0.4451682216738327, 0.4665045826425144]",112,-1
912,[0.44391652 0.39503822],9,6,"[0.40441044434758894, 0.4112979157836676]",112,-1
913,[0.3924524  0.41612656],9,6,"[0.40441044434758894, 0.4112979157836676]",112,72
914,[0.39656754 0.43541649],9,6,"[0.40441044434758894, 0.4112979157836676]",112,72
915,[0.45596092 0.46095816],9,2,"[0.4451682216738327, 0.4665045826425144]",112,-1
916,[0.35932477 0.47423547],9,53,"[0.3771044042788204, 0.4722281085909072]",112,56
917,[0.4395393  0.36700291],9,34,"[0.4470179228154517, 0.33644420436777783]",112,-1
918,[0.46025478 0.47812848],9,2,"[0.4451682216738327, 0.4665045826425144]",112,-1
919,[0.38988132 0.44275645],9,53,"[0.3771044042788204, 0.4722281085909072]",112,72
920,[0.36164971 0.46387496],9,53,"[0.3771044042788204, 0.4722281085909072]",-1,-1
921,[0.42207128 0.46636429],9,2,"[0.4451682216738327, 0.4665045826425144]",112,72
922,[0.38867641 0.4143792 ],9,6,"[0.40441044434758894, 0.4112979157836676]",112,72
923,[0.47063929 0.51373477],9,8,"[0.47040203841495126, 0.5433047126172346]",112,72
924,[0.34219462 0.39343082],9,44,"[0.34853587644703343, 0.40608971906389735]",112,72
925,[0.43101919 0.45951659],9,2,"[0.4451682216738327, 0.4665045826425144]",112,72
926,[0.46029976 0.43384357],9,2,"[0.4451682216738327, 0.4665045826425144]",112,-1
927,[0.38448374 0.40523224],9,6,"[0.40441044434758894, 0.4112979157836676]",112,72
928,[0.4392343  0.46440657],9,2,"[0.4451682216738327, 0.4665045826425144]",112,72
929,[0.38057209 0.46227723],9,53,"[0.3771044042788204, 0.4722281085909072]",112,-1
930,[0.35254161 0.37836227],9,44,"[0.34853587644703343, 0.40608971906389735]",112,72
931,[0.42422416 0.48313332],9,2,"[0.4451682216738327, 0.4665045826425144]",112,72
932,[0.41723646 0.43190812],9,6,"[0.40441044434758894, 0.4112979157836676]",112,72
933,[0.42772966 0.32038304],9,34,"[0.4470179228154517, 0.33644420436777783]",112,37
934,[0.41096966 0.37074514],9,6,"[0.40441044434758894, 0.4112979157836676]",112,73
935,[0.41133887 0.47113201],9,2,"[0.4451682216738327, 0.4665045826425144]",112,72
936,[0.44721384 0.4803521 ],9,2,"[0.4451682216738327, 0.4665045826425144]",112,72
937,[0.45612516 0.46861138],9,2,"[0.4451682216738327, 0.4665045826425144]",112,72
938,[0.43399313 0.42377657],9,6,"[0.40441044434758894, 0.4112979157836676]",112,72
939,[0.44615113 0.46569105],9,2,"[0.4451682216738327, 0.4665045826425144]",112,72
940,[0.41012481 0.42212852],9,6,"[0.40441044434758894, 0.4112979157836676]",112,72
941,[0.37660521 0.40460964],9,44,"[0.34853587644703343, 0.40608971906389735]",112,72
942,[0.40875502 0.47888596],9,53,"[0.3771044042788204, 0.4722281085909072]",112,72
943,[0.4034344  0.49353687],9,53,"[0.3771044042788204, 0.4722281085909072]",112,72
944,[0.37406685 0.54072252],9,11,"[0.39234234203399093, 0.5489540807322599]",112,-1
945,[0.41408352 0.44236551],9,6,"[0.40441044434758894, 0.4112979157836676]",112,72
946,[0.39741085 0.41799664],9,6,"[0.40441044434758894, 0.4112979157836676]",112,72
947,[0.39357552 0.42442485],9,6,"[0.40441044434758894, 0.4112979157836676]",112,72
948,[0.42402991 0.4787648 ],9,2,"[0.4451682216738327, 0.4665045826425144]",112,72
949,[0.40252037 0.40255425],9,6,"[0.40441044434758894, 0.4112979157836676]",112,72
950,[0.49023326 0.47981216],9,2,"[0.4451682216738327, 0.4665045826425144]",112,57
951,[0.45118446 0.4751215 ],9,2,"[0.4451682216738327, 0.4665045826425144]",112,72
952,[0.46334405 0.47979253],9,2,"[0.4451682216738327, 0.4665045826425144]",112,-1
953,[0.40033658 0.48338   ],9,53,"[0.3771044042788204, 0.4722281085909072]",112,-1
954,[0.33803708 0.50721037],9,94,"[0.33191161120142837, 0.5109127972526102]",-1,-1
955,[0.37350769 0.44543088],9,53,"[0.3771044042788204, 0.4722281085909072]",112,72
956,[0.38134471 0.43464496],9,6,"[0.40441044434758894, 0.4112979157836676]",112,72
957,[0.3651005  0.43964958],9,67,"[0.34269865168009006, 0.44034776623612226]",112,72
958,[0.45517734 0.44154253],9,2,"[0.4451682216738327, 0.4665045826425144]",112,-1
959,[0.35842382 0.50155903],9,94,"[0.33191161120142837, 0.5109127972526102]",112,-1
960,[0.40147764 0.49312506],9,53,"[0.3771044042788204, 0.4722281085909072]",112,72
961,[0.40923751 0.47499343],9,53,"[0.3771044042788204, 0.4722281085909072]",112,72
962,[0.41850183 0.48217595],9,2,"[0.4451682216738327, 0.4665045826425144]",112,72
963,[0.40259862 0.49933513],9,53,"[0.3771044042788204, 0.4722281085909072]",112,72
964,[0.44990777 0.41415175],9,6,"[0.40441044434758894, 0.4112979157836676]",112,-1
965,[0.37641559 0.42259327],9,6,"[0.40441044434758894, 0.4112979157836676]",112,72
966,[0.44308163 0.45404329],9,2,"[0.4451682216738327, 0.4665045826425144]",112,-1
967,[0.43477162 0.40153555],9,6,"[0.40441044434758894, 0.4112979157836676]",112,72
968,[0.43399198 0.3941135 ],9,6,"[0.40441044434758894, 0.4112979157836676]",112,72
969,[0.41841232 0.40753166],9,6,"[0.40441044434758894, 0.4112979157836676]",112,72
970,[0.36286523 0.43615309],9,67,"[0.34269865168009006, 0.44034776623612226]",112,72
971,[0.45049109 0.40707246],9,6,"[0.40441044434758894, 0.4112979157836676]",112,-1
972,[0.38232677 0.49215078],9,53,"[0.3771044042788204, 0.4722281085909072]",112,-1
973,[0.39894268 0.4606482 ],9,53,"[0.3771044042788204, 0.4722281085909072]",112,72
974,[0.41254978 0.50151303],9,53,"[0.3771044042788204, 0.4722281085909072]",112,72
975,[0.43896106 0.47679105],9,2,"[0.4451682216738327, 0.4665045826425144]",112,72
976,[0.44125549 0.45398996],9,2,"[0.4451682216738327, 0.4665045826425144]",112,-1
977,[0.37448212 0.43374692],9,67,"[0.34269865168009006, 0.44034776623612226]",112,72
978,[0.41836019 0.42129444],9,6,"[0.40441044434758894, 0.4112979157836676]",112,72
979,[0.40498141 0.4561888 ],9,53,"[0.3771044042788204, 0.4722281085909072]",112,72
980,[0.36112626 0.46238261],9,53,"[0.3771044042788204, 0.4722281085909072]",-1,-1
981,[0.42267089 0.41998445],9,6,"[0.40441044434758894, 0.4112979157836676]",112,-1
982,[0.39337952 0.46371463],9,53,"[0.3771044042788204, 0.4722281085909072]",112,72
983,[0.33883223 0.40786233],9,44,"[0.34853587644703343, 0.40608971906389735]",112,72
984,[0.45482105 0.41555992],9,22,"[0.4960765404668817, 0.3879133591162554]",112,-1
985,[0.44568554 0.4434146 ],9,2,"[0.4451682216738327, 0.4665045826425144]",112,-1
986,[0.406838   0.44684873],9,6,"[0.40441044434758894, 0.4112979157836676]",112,72
987,[0.36747518 0.36945678],9,30,"[0.3717358952181559, 0.3578997358568481]",112,72
988,[0.38064276 0.47541385],9,53,"[0.3771044042788204, 0.4722281085909072]",-1,-1
989,[0.37651055 0.45198118],9,53,"[0.3771044042788204, 0.4722281085909072]",112,72
990,[0.32543979 0.44398517],9,67,"[0.34269865168009006, 0.44034776623612226]",112,72
991,[0.39782452 0.48941783],9,53,"[0.3771044042788204, 0.4722281085909072]",112,-1
992,[0.38258429 0.41157291],9,6,"[0.40441044434758894, 0.4112979157836676]",112,72
993,[0.34308141 0.45773874],9,67,"[0.34269865168009006, 0.44034776623612226]",112,-1
994,[0.41699507 0.50990063],9,11,"[0.39234234203399093, 0.5489540807322599]",112,-1
995,[0.3990337 0.4592037],9,53,"[0.3771044042788204, 0.4722281085909072]",112,72
996,[0.42590278 0.48787581],9,2,"[0.4451682216738327, 0.4665045826425144]",112,72
997,[0.38618233 0.43594272],9,6,"[0.40441044434758894, 0.4112979157836676]",112,72
998,[0.4409365  0.42742025],9,2,"[0.4451682216738327, 0.4665045826425144]",112,72
999,[0.4224154  0.45644511],9,2,"[0.4451682216738327, 0.4665045826425144]",112,72
1000,[0.66934752 0.2684673 ],10,0,"[0.6718634683454, 0.284181654083953]",112,80
1001,[0.53894738 0.29896032],10,24,"[0.5369464490953868, 0.27541725802307815]",112,-1
1002,[0.61235164 0.31451949],10,4,"[0.621879023183751, 0.3152829127139686]",112,-1
1003,[0.66731422 0.23105601],10,19,"[0.7145100801879051, 0.21082941063088514]",112,-1
1004,[0.61578654 0.26522952],10,7,"[0.6005437719733706, 0.22857083174818627]",112,80
1005,[0.6667778  0.29285715],10,0,"[0.6718634683454, 0.284181654083953]",112,80
1006,[0.6377388  0.22642628],10,7,"[0.6005437719733706, 0.22857083174818627]",112,-1
1007,[0.67024863 0.31683608],10,0,"[0.6718634683454, 0.284181654083953]",112,80
1008,[0.63034943 0.34508339],10,4,"[0.621879023183751, 0.3152829127139686]",112,80
1009,[0.71069532 0.231622  ],10,19,"[0.7145100801879051, 0.21082941063088514]",112,80
1010,[0.68492085 0.29660088],10,0,"[0.6718634683454, 0.284181654083953]",112,80
1011,[0.65896826 0.19384094],10,41,"[0.6450181792213053, 0.1803494340129729]",112,-1
1012,[0.64494239 0.28599452],10,0,"[0.6718634683454, 0.284181654083953]",112,80
1013,[0.56868145 0.26679938],10,24,"[0.5369464490953868, 0.27541725802307815]",112,-1
1014,[0.61789291 0.25897535],10,7,"[0.6005437719733706, 0.22857083174818627]",112,80
1015,[0.59087446 0.30794837],10,4,"[0.621879023183751, 0.3152829127139686]",112,80
1016,[0.631666   0.26681163],10,0,"[0.6718634683454, 0.284181654083953]",112,80
1017,[0.66710235 0.24855787],10,0,"[0.6718634683454, 0.284181654083953]",112,80
1018,[0.65179483 0.37955068],10,5,"[0.6450318820843447, 0.4074212796508608]",112,54
1019,[0.60894748 0.28019148],10,4,"[0.621879023183751, 0.3152829127139686]",112,80
1020,[0.66241916 0.29318881],10,0,"[0.6718634683454, 0.284181654083953]",112,80
1021,[0.57954475 0.28168894],10,24,"[0.5369464490953868, 0.27541725802307815]",112,-1
1022,[0.59966458 0.30094334],10,4,"[0.621879023183751, 0.3152829127139686]",112,80
1023,[0.65593532 0.27624225],10,0,"[0.6718634683454, 0.284181654083953]",112,80
1024,[0.68095099 0.32503433],10,0,"[0.6718634683454, 0.284181654083953]",112,80
1025,[0.61182935 0.25628136],10,7,"[0.6005437719733706, 0.22857083174818627]",112,80
1026,[0.63889775 0.32110451],10,4,"[0.621879023183751, 0.3152829127139686]",112,80
1027,[0.68845649 0.33485455],10,9,"[0.7400409662228525, 0.324036995192541]",112,80
1028,[0.66088566 0.24559035],10,0,"[0.6718634683454, 0.284181654083953]",112,80
1029,[0.6652655  0.30437057],10,0,"[0.6718634683454, 0.284181654083953]",112,80
1030,[0.57280813 0.22775953],10,7,"[0.6005437719733706, 0.22857083174818627]",112,80
1031,[0.6334902  0.35646497],10,4,"[0.621879023183751, 0.3152829127139686]",112,-1
1032,[0.65280743 0.31283011],10,4,"[0.621879023183751, 0.3152829127139686]",112,80
1033,[0.61418791 0.20306078],10,7,"[0.6005437719733706, 0.22857083174818627]",112,80
1034,[0.69266485 0.248885  ],10,0,"[0.6718634683454, 0.284181654083953]",112,80
1035,[0.67311027 0.24643513],10,0,"[0.6718634683454, 0.284181654083953]",112,80
1036,[0.70026016 0.2657733 ],10,0,"[0.6718634683454, 0.284181654083953]",112,80
1037,[0.60776299 0.22932511],10,7,"[0.6005437719733706, 0.22857083174818627]",112,80
1038,[0.67563184 0.26952169],10,0,"[0.6718634683454, 0.284181654083953]",112,80
1039,[0.64615186 0.27928342],10,0,"[0.6718634683454, 0.284181654083953]",112,80
1040,[0.61780257 0.28988709],10,4,"[0.621879023183751, 0.3152829127139686]",112,80
1041,[0.59107383 0.30694046],10,4,"[0.621879023183751, 0.3152829127139686]",112,80
1042,[0.57089195 0.29590943],10,24,"[0.5369464490953868, 0.27541725802307815]",-1,-1
1043,[0.72384877 0.25348332],10,12,"[0.7527256969797409, 0.25319450872866317]",112,80
1044,[0.66454166 0.32510272],10,0,"[0.6718634683454, 0.284181654083953]",112,80
1045,[0.54780122 0.28200966],10,24,"[0.5369464490953868, 0.27541725802307815]",112,75
1046,[0.66111916 0.27479   ],10,0,"[0.6718634683454, 0.284181654083953]",112,80
1047,[0.65610579 0.26494178],10,0,"[0.6718634683454, 0.284181654083953]",112,80
1048,[0.67122182 0.26725072],10,0,"[0.6718634683454, 0.284181654083953]",112,80
1049,[0.69199968 0.24597791],10,19,"[0.7145100801879051, 0.21082941063088514]",112,80
1050,[0.66943553 0.329605  ],10,0,"[0.6718634683454, 0.284181654083953]",112,80
1051,[0.62179085 0.28945479],10,4,"[0.621879023183751, 0.3152829127139686]",112,80
1052,[0.6384846  0.37979636],10,5,"[0.6450318820843447, 0.4074212796508608]",112,54
1053,[0.61195601 0.38013271],10,5,"[0.6450318820843447, 0.4074212796508608]",112,-1
1054,[0.63466002 0.23851784],10,7,"[0.6005437719733706, 0.22857083174818627]",112,-1
1055,[0.60577718 0.27273453],10,7,"[0.6005437719733706, 0.22857083174818627]",112,80
1056,[0.71260474 0.24724769],10,19,"[0.7145100801879051, 0.21082941063088514]",112,80
1057,[0.66112382 0.27990762],10,0,"[0.6718634683454, 0.284181654083953]",112,80
1058,[0.63363466 0.2741013 ],10,0,"[0.6718634683454, 0.284181654083953]",112,80
1059,[0.67820748 0.26005277],10,0,"[0.6718634683454, 0.284181654083953]",112,80
1060,[0.60338098 0.33953396],10,4,"[0.621879023183751, 0.3152829127139686]",-1,-1
1061,[0.62597657 0.3241452 ],10,4,"[0.621879023183751, 0.3152829127139686]",112,80
1062,[0.74464529 0.31584125],10,9,"[0.7400409662228525, 0.324036995192541]",112,76
1063,[0.6965946 0.3093651],10,0,"[0.6718634683454, 0.284181654083953]",112,-1
1064,[0.63460865 0.26488043],10,0,"[0.6718634683454, 0.284181654083953]",112,80
1065,[0.58991438 0.34886557],10,15,"[0.5482412671622104, 0.34401601997908093]",112,68
1066,[0.64318214 0.31240832],10,4,"[0.621879023183751, 0.3152829127139686]",112,80
1067,[0.6445393  0.28123273],10,0,"[0.6718634683454, 0.284181654083953]",112,80
1068,[0.66365014 0.28797017],10,0,"[0.6718634683454, 0.284181654083953]",112,80
1069,[0.64508822 0.32807499],10,4,"[0.621879023183751, 0.3152829127139686]",112,-1
1070,[0.56982294 0.35664125],10,15,"[0.5482412671622104, 0.34401601997908093]",112,68
1071,[0.64959824 0.29083643],10,0,"[0.6718634683454, 0.284181654083953]",112,80
1072,[0.60427964 0.24339987],10,7,"[0.6005437719733706, 0.22857083174818627]",112,80
1073,[0.69319597 0.30071029],10,0,"[0.6718634683454, 0.284181654083953]",112,80
1074,[0.64026335 0.27023642],10,0,"[0.6718634683454, 0.284181654083953]",112,80
1075,[0.65413934 0.31807969],10,4,"[0.621879023183751, 0.3152829127139686]",112,80
1076,[0.67159315 0.25418027],10,0,"[0.6718634683454, 0.284181654083953]",112,80
1077,[0.67285125 0.27089565],10,0,"[0.6718634683454, 0.284181654083953]",112,80
1078,[0.64229673 0.28353513],10,0,"[0.6718634683454, 0.284181654083953]",112,80
1079,[0.58910582 0.29146146],10,4,"[0.621879023183751, 0.3152829127139686]",112,80
1080,[0.65268158 0.32491956],10,4,"[0.621879023183751, 0.3152829127139686]",112,80
1081,[0.67141476 0.3072559 ],10,0,"[0.6718634683454, 0.284181654083953]",112,80
1082,[0.6461896  0.30447869],10,4,"[0.621879023183751, 0.3152829127139686]",112,80
1083,[0.66309399 0.25011094],10,0,"[0.6718634683454, 0.284181654083953]",112,80
1084,[0.5939876  0.31220003],10,4,"[0.621879023183751, 0.3152829127139686]",112,80
1085,[0.70757634 0.29867522],10,0,"[0.6718634683454, 0.284181654083953]",112,80
1086,[0.65405659 0.34772978],10,4,"[0.621879023183751, 0.3152829127139686]",112,80
1087,[0.64888439 0.31971136],10,4,"[0.621879023183751, 0.3152829127139686]",112,80
1088,[0.60263662 0.29043707],10,4,"[0.621879023183751, 0.3152829127139686]",112,-1
1089,[0.69496639 0.26393231],10,0,"[0.6718634683454, 0.284181654083953]",112,80
1090,[0.63638381 0.24389338],10,7,"[0.6005437719733706, 0.22857083174818627]",112,80
1091,[0.69505526 0.32635138],10,9,"[0.7400409662228525, 0.324036995192541]",112,-1
1092,[0.6382379  0.31947152],10,4,"[0.621879023183751, 0.3152829127139686]",112,-1
1093,[0.63424985 0.2795645 ],10,4,"[0.621879023183751, 0.3152829127139686]",112,80
1094,[0.67232572 0.32148974],10,0,"[0.6718634683454, 0.284181654083953]",112,80
1095,[0.6564922  0.26685395],10,0,"[0.6718634683454, 0.284181654083953]",112,80
1096,[0.61653816 0.24078832],10,7,"[0.6005437719733706, 0.22857083174818627]",112,80
1097,[0.66633357 0.32529132],10,0,"[0.6718634683454, 0.284181654083953]",112,80
1098,[0.58500904 0.33719324],10,15,"[0.5482412671622104, 0.34401601997908093]",112,-1
1099,[0.66978278 0.26287671],10,0,"[0.6718634683454, 0.284181654083953]",112,80
1100,[0.59375976 0.24571439],11,7,"[0.6005437719733706, 0.22857083174818627]",112,80
1101,[0.59721154 0.18640982],11,70,"[0.5651469735094694, 0.16500650040708084]",112,-1
1102,[0.55290571 0.20868262],11,3,"[0.531508884163895, 0.21064096043592298]",112,-1
1103,[0.56529292 0.21434301],11,3,"[0.531508884163895, 0.21064096043592298]",112,80
1104,[0.54948423 0.26719164],11,24,"[0.5369464490953868, 0.27541725802307815]",112,-1
1105,[0.534338   0.21142404],11,3,"[0.531508884163895, 0.21064096043592298]",112,-1
1106,[0.50149494 0.21454544],11,3,"[0.531508884163895, 0.21064096043592298]",-1,-1
1107,[0.59633214 0.19118836],11,7,"[0.6005437719733706, 0.22857083174818627]",112,80
1108,[0.58753945 0.19016246],11,70,"[0.5651469735094694, 0.16500650040708084]",112,80
1109,[0.58583882 0.17556888],11,70,"[0.5651469735094694, 0.16500650040708084]",112,-1
1110,[0.52506871 0.29741063],11,24,"[0.5369464490953868, 0.27541725802307815]",112,-1
1111,[0.61827886 0.24142843],11,7,"[0.6005437719733706, 0.22857083174818627]",112,80
1112,[0.54510709 0.20593193],11,3,"[0.531508884163895, 0.21064096043592298]",112,80
1113,[0.52987063 0.17141895],11,70,"[0.5651469735094694, 0.16500650040708084]",-1,-1
1114,[0.5598561  0.19558165],11,70,"[0.5651469735094694, 0.16500650040708084]",112,80
1115,[0.50175203 0.17644173],11,3,"[0.531508884163895, 0.21064096043592298]",112,52
1116,[0.50149921 0.26862135],11,24,"[0.5369464490953868, 0.27541725802307815]",-1,-1
1117,[0.66018473 0.15551426],11,41,"[0.6450181792213053, 0.1803494340129729]",-1,-1
1118,[0.54177147 0.15030898],11,70,"[0.5651469735094694, 0.16500650040708084]",-1,-1
1119,[0.48397218 0.21222844],11,3,"[0.531508884163895, 0.21064096043592298]",112,-1
1120,[0.61378924 0.19406733],11,41,"[0.6450181792213053, 0.1803494340129729]",112,-1
1121,[0.55930146 0.21354019],11,3,"[0.531508884163895, 0.21064096043592298]",112,80
1122,[0.57191779 0.18627223],11,70,"[0.5651469735094694, 0.16500650040708084]",112,80
1123,[0.53982946 0.19724555],11,3,"[0.531508884163895, 0.21064096043592298]",112,-1
1124,[0.57941704 0.14498238],11,70,"[0.5651469735094694, 0.16500650040708084]",-1,-1
1125,[0.53285963 0.19476313],11,3,"[0.531508884163895, 0.21064096043592298]",112,77
1126,[0.55501004 0.27970967],11,24,"[0.5369464490953868, 0.27541725802307815]",112,-1
1127,[0.58175029 0.20237784],11,7,"[0.6005437719733706, 0.22857083174818627]",112,80
1128,[0.66381126 0.21826172],11,41,"[0.6450181792213053, 0.1803494340129729]",112,74
1129,[0.62090209 0.19688839],11,41,"[0.6450181792213053, 0.1803494340129729]",112,-1
1130,[0.52991948 0.19138124],11,3,"[0.531508884163895, 0.21064096043592298]",112,-1
1131,[0.6008315  0.22633293],11,7,"[0.6005437719733706, 0.22857083174818627]",112,80
1132,[0.60461192 0.17652465],11,41,"[0.6450181792213053, 0.1803494340129729]",112,-1
1133,[0.5468689 0.1576414],11,70,"[0.5651469735094694, 0.16500650040708084]",82,-1
1134,[0.52180517 0.15840156],11,70,"[0.5651469735094694, 0.16500650040708084]",-1,-1
1135,[0.57125848 0.18444632],11,70,"[0.5651469735094694, 0.16500650040708084]",112,80
1136,[0.48803945 0.22662705],11,3,"[0.531508884163895, 0.21064096043592298]",-1,-1
1137,[0.56155026 0.18213627],11,70,"[0.5651469735094694, 0.16500650040708084]",112,80
1138,[0.55190616 0.12967522],11,70,"[0.5651469735094694, 0.16500650040708084]",-1,-1
1139,[0.50249829 0.24511671],11,3,"[0.531508884163895, 0.21064096043592298]",112,-1
1140,[0.59326922 0.24875073],11,7,"[0.6005437719733706, 0.22857083174818627]",112,80
1141,[0.5082974  0.15343106],11,70,"[0.5651469735094694, 0.16500650040708084]",-1,-1
1142,[0.59393723 0.1539297 ],11,70,"[0.5651469735094694, 0.16500650040708084]",-1,-1
1143,[0.55232932 0.20296658],11,3,"[0.531508884163895, 0.21064096043592298]",112,-1
1144,[0.55138403 0.2393395 ],11,3,"[0.531508884163895, 0.21064096043592298]",112,-1
1145,[0.635051   0.16856372],11,41,"[0.6450181792213053, 0.1803494340129729]",103,-1
1146,[0.56130238 0.25291187],11,24,"[0.5369464490953868, 0.27541725802307815]",112,-1
1147,[0.54195165 0.17208077],11,70,"[0.5651469735094694, 0.16500650040708084]",112,-1
1148,[0.62035209 0.21395507],11,7,"[0.6005437719733706, 0.22857083174818627]",112,-1
1149,[0.59118588 0.21484431],11,7,"[0.6005437719733706, 0.22857083174818627]",112,80
1150,[0.54131788 0.15629603],11,70,"[0.5651469735094694, 0.16500650040708084]",82,-1
1151,[0.62291132 0.15867547],11,41,"[0.6450181792213053, 0.1803494340129729]",103,-1
1152,[0.53166303 0.16205251],11,70,"[0.5651469735094694, 0.16500650040708084]",-1,-1
1153,[0.47721847 0.19265511],11,3,"[0.531508884163895, 0.21064096043592298]",-1,-1
1154,[0.57506038 0.17811543],11,70,"[0.5651469735094694, 0.16500650040708084]",112,80
1155,[0.55840546 0.29023598],11,24,"[0.5369464490953868, 0.27541725802307815]",112,-1
1156,[0.55885828 0.22294604],11,3,"[0.531508884163895, 0.21064096043592298]",112,80
1157,[0.48465071 0.25847525],11,24,"[0.5369464490953868, 0.27541725802307815]",-1,-1
1158,[0.58804411 0.15471137],11,70,"[0.5651469735094694, 0.16500650040708084]",-1,-1
1159,[0.5482801  0.16203152],11,70,"[0.5651469735094694, 0.16500650040708084]",82,-1
1160,[0.56765071 0.21391571],11,7,"[0.6005437719733706, 0.22857083174818627]",112,80
1161,[0.55174558 0.1899009 ],11,70,"[0.5651469735094694, 0.16500650040708084]",112,-1
1162,[0.52597668 0.23488522],11,3,"[0.531508884163895, 0.21064096043592298]",112,77
1163,[0.50110285 0.23331971],11,3,"[0.531508884163895, 0.21064096043592298]",112,-1
1164,[0.54342109 0.17665088],11,70,"[0.5651469735094694, 0.16500650040708084]",112,-1
1165,[0.54513267 0.29025682],11,24,"[0.5369464490953868, 0.27541725802307815]",112,-1
1166,[0.62994931 0.17602718],11,41,"[0.6450181792213053, 0.1803494340129729]",-1,-1
1167,[0.51727307 0.22892952],11,3,"[0.531508884163895, 0.21064096043592298]",112,-1
1168,[0.58589763 0.22394427],11,7,"[0.6005437719733706, 0.22857083174818627]",112,80
1169,[0.56905525 0.25591581],11,24,"[0.5369464490953868, 0.27541725802307815]",112,80
1170,[0.60999853 0.16447799],11,41,"[0.6450181792213053, 0.1803494340129729]",103,-1
1171,[0.51867507 0.18614513],11,3,"[0.531508884163895, 0.21064096043592298]",112,-1
1172,[0.58549629 0.21535862],11,7,"[0.6005437719733706, 0.22857083174818627]",112,80
1173,[0.54791236 0.20864869],11,3,"[0.531508884163895, 0.21064096043592298]",112,80
1174,[0.52606573 0.23817618],11,3,"[0.531508884163895, 0.21064096043592298]",112,77
1175,[0.60551206 0.1509226 ],11,70,"[0.5651469735094694, 0.16500650040708084]",103,-1
1176,[0.5538849 0.1632309],11,70,"[0.5651469735094694, 0.16500650040708084]",82,-1
1177,[0.55016176 0.20605978],11,3,"[0.531508884163895, 0.21064096043592298]",112,80
1178,[0.59431654 0.21285889],11,7,"[0.6005437719733706, 0.22857083174818627]",112,80
1179,[0.55483032 0.28405027],11,24,"[0.5369464490953868, 0.27541725802307815]",112,-1
1180,[0.58384975 0.22525749],11,7,"[0.6005437719733706, 0.22857083174818627]",112,80
1181,[0.61004411 0.24695008],11,7,"[0.6005437719733706, 0.22857083174818627]",112,80
1182,[0.56943581 0.15335904],11,70,"[0.5651469735094694, 0.16500650040708084]",-1,-1
1183,[0.55091166 0.17860936],11,70,"[0.5651469735094694, 0.16500650040708084]",112,-1
1184,[0.58896573 0.18550172],11,70,"[0.5651469735094694, 0.16500650040708084]",112,80
1185,[0.54986517 0.230164  ],11,3,"[0.531508884163895, 0.21064096043592298]",112,80
1186,[0.52361867 0.186585  ],11,3,"[0.531508884163895, 0.21064096043592298]",-1,-1
1187,[0.56923939 0.25651288],11,24,"[0.5369464490953868, 0.27541725802307815]",112,80
1188,[0.56325838 0.23578947],11,7,"[0.6005437719733706, 0.22857083174818627]",112,80
1189,[0.64888524 0.20171354],11,41,"[0.6450181792213053, 0.1803494340129729]",112,74
1190,[0.52601375 0.19877059],11,3,"[0.531508884163895, 0.21064096043592298]",112,77
1191,[0.52285796 0.17577834],11,3,"[0.531508884163895, 0.21064096043592298]",-1,-1
1192,[0.50759897 0.16484923],11,3,"[0.531508884163895, 0.21064096043592298]",112,-1
1193,[0.51984082 0.21265306],11,3,"[0.531508884163895, 0.21064096043592298]",112,77
1194,[0.58043676 0.22875515],11,7,"[0.6005437719733706, 0.22857083174818627]",112,80
1195,[0.57532729 0.17263233],11,70,"[0.5651469735094694, 0.16500650040708084]",112,-1
1196,[0.58305917 0.19371539],11,70,"[0.5651469735094694, 0.16500650040708084]",112,80
1197,[0.60027794 0.2451252 ],11,7,"[0.6005437719733706, 0.22857083174818627]",112,80
1198,[0.62158592 0.22292023],11,7,"[0.6005437719733706, 0.22857083174818627]",112,80
1199,[0.57958936 0.20110771],11,7,"[0.6005437719733706, 0.22857083174818627]",112,-1
1200,[0.277479   0.11063129],12,35,"[0.2755048470763658, 0.14107016212345297]",91,-1
1201,[0.20582451 0.10910335],12,13,"[0.2025998647821635, 0.11869015064244322]",112,-1
1202,[0.19009316 0.19696985],12,58,"[0.23587849952508277, 0.1945277456030734]",-1,-1
1203,[0.2157234  0.13242064],12,13,"[0.2025998647821635, 0.11869015064244322]",112,35
1204,[0.27850429 0.10522044],12,35,"[0.2755048470763658, 0.14107016212345297]",-1,-1
1205,[0.25781957 0.14502524],12,35,"[0.2755048470763658, 0.14107016212345297]",112,-1
1206,[0.21439933 0.18039512],12,58,"[0.23587849952508277, 0.1945277456030734]",-1,-1
1207,[0.31377242 0.15068245],12,55,"[0.3459077460087649, 0.15794172531040296]",112,-1
1208,[0.21698166 0.13090838],12,13,"[0.2025998647821635, 0.11869015064244322]",112,35
1209,[0.2570735  0.14846513],12,35,"[0.2755048470763658, 0.14107016212345297]",112,35
1210,[0.28693169 0.146033  ],12,35,"[0.2755048470763658, 0.14107016212345297]",112,-1
1211,[0.21623368 0.15719606],12,13,"[0.2025998647821635, 0.11869015064244322]",112,35
1212,[0.23017255 0.18940758],12,58,"[0.23587849952508277, 0.1945277456030734]",-1,-1
1213,[0.2550825  0.16581225],12,35,"[0.2755048470763658, 0.14107016212345297]",112,35
1214,[0.30748871 0.1102072 ],12,95,"[0.3473923159060264, 0.10307680262855863]",91,-1
1215,[0.2550785  0.16576435],12,35,"[0.2755048470763658, 0.14107016212345297]",112,35
1216,[0.23744362 0.1957841 ],12,58,"[0.23587849952508277, 0.1945277456030734]",-1,-1
1217,[0.18806256 0.1344535 ],12,13,"[0.2025998647821635, 0.11869015064244322]",102,-1
1218,[0.21873244 0.15993761],12,58,"[0.23587849952508277, 0.1945277456030734]",112,35
1219,[0.23212436 0.1294306 ],12,13,"[0.2025998647821635, 0.11869015064244322]",112,35
1220,[0.24511092 0.1419307 ],12,35,"[0.2755048470763658, 0.14107016212345297]",112,-1
1221,[0.24186227 0.12274621],12,35,"[0.2755048470763658, 0.14107016212345297]",112,35
1222,[0.22626042 0.10245677],12,13,"[0.2025998647821635, 0.11869015064244322]",112,-1
1223,[0.21601613 0.17168015],12,58,"[0.23587849952508277, 0.1945277456030734]",112,35
1224,[0.30636316 0.13001917],12,35,"[0.2755048470763658, 0.14107016212345297]",-1,-1
1225,[0.18460879 0.23332454],12,58,"[0.23587849952508277, 0.1945277456030734]",-1,-1
1226,[0.22526373 0.16734736],12,58,"[0.23587849952508277, 0.1945277456030734]",112,35
1227,[0.24849561 0.17908461],12,58,"[0.23587849952508277, 0.1945277456030734]",112,35
1228,[0.2461444  0.15019349],12,35,"[0.2755048470763658, 0.14107016212345297]",-1,-1
1229,[0.34280979 0.07075701],12,95,"[0.3473923159060264, 0.10307680262855863]",-1,-1
1230,[0.22870788 0.20142341],12,58,"[0.23587849952508277, 0.1945277456030734]",-1,-1
1231,[0.21247958 0.24711538],12,58,"[0.23587849952508277, 0.1945277456030734]",-1,-1
1232,[0.35180017 0.15085709],12,55,"[0.3459077460087649, 0.15794172531040296]",-1,-1
1233,[0.29343695 0.14513987],12,35,"[0.2755048470763658, 0.14107016212345297]",112,-1
1234,[0.28141337 0.18172584],12,35,"[0.2755048470763658, 0.14107016212345297]",-1,-1
1235,[0.23558018 0.17825681],12,58,"[0.23587849952508277, 0.1945277456030734]",112,35
1236,[0.20994619 0.14189466],12,13,"[0.2025998647821635, 0.11869015064244322]",112,35
1237,[0.27377087 0.21590874],12,54,"[0.30468739666036593, 0.22018864942906555]",-1,-1
1238,[0.23175447 0.13144967],12,13,"[0.2025998647821635, 0.11869015064244322]",112,35
1239,[0.24619146 0.16258212],12,58,"[0.23587849952508277, 0.1945277456030734]",112,35
1240,[0.24689458 0.17960961],12,58,"[0.23587849952508277, 0.1945277456030734]",112,35
1241,[0.25813561 0.15751265],12,35,"[0.2755048470763658, 0.14107016212345297]",112,35
1242,[0.21553338 0.13402333],12,13,"[0.2025998647821635, 0.11869015064244322]",112,35
1243,[0.26918401 0.14825186],12,35,"[0.2755048470763658, 0.14107016212345297]",112,35
1244,[0.27553989 0.17239755],12,35,"[0.2755048470763658, 0.14107016212345297]",-1,35
1245,[0.27253271 0.14115436],12,35,"[0.2755048470763658, 0.14107016212345297]",112,35
1246,[0.33333964 0.24421605],12,20,"[0.33994633114074657, 0.26920062338349254]",112,51
1247,[0.21190084 0.07647424],12,13,"[0.2025998647821635, 0.11869015064244322]",-1,-1
1248,[0.26518654 0.19257443],12,58,"[0.23587849952508277, 0.1945277456030734]",-1,35
1249,[0.29724286 0.19420996],12,54,"[0.30468739666036593, 0.22018864942906555]",98,-1
1250,[0.23826552 0.18757613],12,58,"[0.23587849952508277, 0.1945277456030734]",112,-1
1251,[0.29562071 0.16608085],12,35,"[0.2755048470763658, 0.14107016212345297]",-1,-1
1252,[0.20141903 0.22020241],12,58,"[0.23587849952508277, 0.1945277456030734]",-1,-1
1253,[0.23004201 0.1339928 ],12,13,"[0.2025998647821635, 0.11869015064244322]",112,35
1254,[0.17544146 0.11607844],12,13,"[0.2025998647821635, 0.11869015064244322]",-1,-1
1255,[0.28060446 0.13419074],12,35,"[0.2755048470763658, 0.14107016212345297]",-1,-1
1256,[0.26852134 0.1224161 ],12,35,"[0.2755048470763658, 0.14107016212345297]",-1,-1
1257,[0.24773505 0.16892266],12,58,"[0.23587849952508277, 0.1945277456030734]",112,35
1258,[0.26483168 0.12619107],12,35,"[0.2755048470763658, 0.14107016212345297]",112,-1
1259,[0.31951365 0.13175799],12,55,"[0.3459077460087649, 0.15794172531040296]",70,-1
1260,[0.18652209 0.17097821],12,58,"[0.23587849952508277, 0.1945277456030734]",-1,-1
1261,[0.2878329 0.1583473],12,35,"[0.2755048470763658, 0.14107016212345297]",-1,35
1262,[0.17563946 0.11225764],12,13,"[0.2025998647821635, 0.11869015064244322]",-1,-1
1263,[0.23156483 0.16623576],12,58,"[0.23587849952508277, 0.1945277456030734]",112,35
1264,[0.21928986 0.17787196],12,58,"[0.23587849952508277, 0.1945277456030734]",-1,-1
1265,[0.20133112 0.21476756],12,58,"[0.23587849952508277, 0.1945277456030734]",-1,-1
1266,[0.19290964 0.13196297],12,13,"[0.2025998647821635, 0.11869015064244322]",102,-1
1267,[0.21846123 0.13152224],12,13,"[0.2025998647821635, 0.11869015064244322]",112,35
1268,[0.28839272 0.11770767],12,35,"[0.2755048470763658, 0.14107016212345297]",91,-1
1269,[0.19305393 0.08085322],12,13,"[0.2025998647821635, 0.11869015064244322]",-1,-1
1270,[0.29540671 0.15535081],12,35,"[0.2755048470763658, 0.14107016212345297]",112,-1
1271,[0.2485771  0.21507188],12,58,"[0.23587849952508277, 0.1945277456030734]",-1,-1
1272,[0.24248137 0.11270549],12,13,"[0.2025998647821635, 0.11869015064244322]",112,35
1273,[0.20749001 0.13822218],12,13,"[0.2025998647821635, 0.11869015064244322]",112,35
1274,[0.2983547  0.16227082],12,35,"[0.2755048470763658, 0.14107016212345297]",112,-1
1275,[0.21667463 0.16258322],12,58,"[0.23587849952508277, 0.1945277456030734]",112,35
1276,[0.22039463 0.15451648],12,13,"[0.2025998647821635, 0.11869015064244322]",112,35
1277,[0.21586262 0.14329402],12,13,"[0.2025998647821635, 0.11869015064244322]",112,35
1278,[0.32816152 0.15015374],12,55,"[0.3459077460087649, 0.15794172531040296]",112,-1
1279,[0.27666622 0.20101901],12,54,"[0.30468739666036593, 0.22018864942906555]",98,-1
1280,[0.24956572 0.24577586],12,58,"[0.23587849952508277, 0.1945277456030734]",-1,-1
1281,[0.32602986 0.11042916],12,95,"[0.3473923159060264, 0.10307680262855863]",-1,-1
1282,[0.30092875 0.1058945 ],12,35,"[0.2755048470763658, 0.14107016212345297]",91,-1
1283,[0.23641885 0.1805064 ],12,58,"[0.23587849952508277, 0.1945277456030734]",112,35
1284,[0.21589333 0.13781427],12,13,"[0.2025998647821635, 0.11869015064244322]",112,35
1285,[0.24960014 0.18134788],12,58,"[0.23587849952508277, 0.1945277456030734]",112,-1
1286,[0.27304836 0.14223171],12,35,"[0.2755048470763658, 0.14107016212345297]",112,35
1287,[0.25793049 0.14595862],12,35,"[0.2755048470763658, 0.14107016212345297]",112,-1
1288,[0.28051299 0.12315067],12,35,"[0.2755048470763658, 0.14107016212345297]",91,-1
1289,[0.23693894 0.14573234],12,35,"[0.2755048470763658, 0.14107016212345297]",112,35
1290,[0.25521541 0.18868678],12,58,"[0.23587849952508277, 0.1945277456030734]",-1,-1
1291,[0.26436546 0.17289222],12,35,"[0.2755048470763658, 0.14107016212345297]",112,35
1292,[0.24423977 0.17343899],12,58,"[0.23587849952508277, 0.1945277456030734]",112,35
1293,[0.20138368 0.15606478],12,13,"[0.2025998647821635, 0.11869015064244322]",-1,-1
1294,[0.29801529 0.13924964],12,35,"[0.2755048470763658, 0.14107016212345297]",-1,-1
1295,[0.2151615  0.13364132],12,13,"[0.2025998647821635, 0.11869015064244322]",112,35
1296,[0.24580361 0.17700997],12,58,"[0.23587849952508277, 0.1945277456030734]",112,35
1297,[0.28837294 0.17699027],12,35,"[0.2755048470763658, 0.14107016212345297]",-1,-1
1298,[0.29312204 0.21003721],12,54,"[0.30468739666036593, 0.22018864942906555]",-1,-1
1299,[0.27649149 0.13367734],12,35,"[0.2755048470763658, 0.14107016212345297]",112,35
1300,[0.85755092 0.18009894],13,80,"[0.8438573413902372, 0.15136743089131469]",-1,-1
1301,[0.83704272 0.20944415],13,38,"[0.829987911377383, 0.2268834587852568]",112,-1
1302,[0.83038259 0.17071629],13,80,"[0.8438573413902372, 0.15136743089131469]",112,-1
1303,[0.79964758 0.14517858],13,25,"[0.7887233243820295, 0.17027793790835127]",112,48
1304,[0.83183554 0.13222838],13,80,"[0.8438573413902372, 0.15136743089131469]",100,-1
1305,[0.8627109  0.13486963],13,80,"[0.8438573413902372, 0.15136743089131469]",-1,-1
1306,[0.84526958 0.16805394],13,80,"[0.8438573413902372, 0.15136743089131469]",112,-1
1307,[0.83101651 0.12145195],13,80,"[0.8438573413902372, 0.15136743089131469]",100,-1
1308,[0.8265424  0.17449591],13,80,"[0.8438573413902372, 0.15136743089131469]",112,67
1309,[0.77222291 0.08360059],13,84,"[0.7892484923114864, 0.09277601099714658]",-1,-1
1310,[0.80449549 0.15201358],13,25,"[0.7887233243820295, 0.17027793790835127]",-1,-1
1311,[0.84002833 0.17649077],13,80,"[0.8438573413902372, 0.15136743089131469]",-1,-1
1312,[0.79333438 0.1780061 ],13,25,"[0.7887233243820295, 0.17027793790835127]",112,-1
1313,[0.85360205 0.        ],13,-1,-1,-1,-1
1314,[0.78763731 0.15345457],13,25,"[0.7887233243820295, 0.17027793790835127]",112,-1
1315,[0.80562504 0.2121195 ],13,38,"[0.829987911377383, 0.2268834587852568]",112,-1
1316,[0.69920151 0.12558064],13,42,"[0.72284537991344, 0.13959659556720486]",-1,-1
1317,[0.84072418 0.1565228 ],13,80,"[0.8438573413902372, 0.15136743089131469]",-1,-1
1318,[0.78344693 0.18488231],13,25,"[0.7887233243820295, 0.17027793790835127]",112,78
1319,[0.79674924 0.16620731],13,25,"[0.7887233243820295, 0.17027793790835127]",112,-1
1320,[0.83380191 0.14791611],13,80,"[0.8438573413902372, 0.15136743089131469]",-1,-1
1321,[0.78925561 0.16475089],13,25,"[0.7887233243820295, 0.17027793790835127]",-1,-1
1322,[0.77270266 0.14598653],13,25,"[0.7887233243820295, 0.17027793790835127]",112,-1
1323,[0.82172099 0.14323739],13,80,"[0.8438573413902372, 0.15136743089131469]",112,-1
1324,[0.82008352 0.19107596],13,38,"[0.829987911377383, 0.2268834587852568]",112,-1
1325,[0.80050763 0.19752488],13,25,"[0.7887233243820295, 0.17027793790835127]",112,-1
1326,[0.79066174 0.08934016],13,84,"[0.7892484923114864, 0.09277601099714658]",-1,-1
1327,[0.83752195 0.13760524],13,80,"[0.8438573413902372, 0.15136743089131469]",-1,-1
1328,[0.82986412 0.17323512],13,80,"[0.8438573413902372, 0.15136743089131469]",112,-1
1329,[0.84889495 0.11418547],13,80,"[0.8438573413902372, 0.15136743089131469]",-1,-1
1330,[0.86572928 0.22189771],13,38,"[0.829987911377383, 0.2268834587852568]",-1,-1
1331,[0.84865451 0.06083691],13,84,"[0.7892484923114864, 0.09277601099714658]",-1,-1
1332,[0.82402787 0.13281998],13,80,"[0.8438573413902372, 0.15136743089131469]",-1,-1
1333,[0.84705133 0.1149746 ],13,80,"[0.8438573413902372, 0.15136743089131469]",-1,-1
1334,[0.82255982 0.15066171],13,80,"[0.8438573413902372, 0.15136743089131469]",112,-1
1335,[0.80444516 0.15592494],13,25,"[0.7887233243820295, 0.17027793790835127]",-1,48
1336,[0.81162638 0.17088164],13,25,"[0.7887233243820295, 0.17027793790835127]",112,67
1337,[0.85225491 0.17852371],13,80,"[0.8438573413902372, 0.15136743089131469]",-1,-1
1338,[0.78844819 0.10437987],13,84,"[0.7892484923114864, 0.09277601099714658]",-1,-1
1339,[0.7491125  0.19782113],13,19,"[0.7145100801879051, 0.21082941063088514]",112,78
1340,[0.86037332 0.21433658],13,38,"[0.829987911377383, 0.2268834587852568]",112,-1
1341,[0.88265249 0.13243226],13,80,"[0.8438573413902372, 0.15136743089131469]",-1,-1
1342,[0.81614922 0.15943802],13,80,"[0.8438573413902372, 0.15136743089131469]",112,-1
1343,[0.79081746 0.15162731],13,25,"[0.7887233243820295, 0.17027793790835127]",112,48
1344,[0.78500632 0.09725634],13,84,"[0.7892484923114864, 0.09277601099714658]",50,-1
1345,[0.81011193 0.18626916],13,25,"[0.7887233243820295, 0.17027793790835127]",112,67
1346,[0.92472465 0.1479808 ],13,-1,-1,-1,-1
1347,[0.79250941 0.08687721],13,84,"[0.7892484923114864, 0.09277601099714658]",-1,-1
1348,[0.84179771 0.19607533],13,38,"[0.829987911377383, 0.2268834587852568]",-1,-1
1349,[0.76696963 0.17158616],13,25,"[0.7887233243820295, 0.17027793790835127]",112,78
1350,[0.8749008  0.14530563],13,80,"[0.8438573413902372, 0.15136743089131469]",-1,-1
1351,[0.83247631 0.13719085],13,80,"[0.8438573413902372, 0.15136743089131469]",100,-1
1352,[0.80323868 0.17179274],13,25,"[0.7887233243820295, 0.17027793790835127]",112,67
1353,[0.84704992 0.1659872 ],13,80,"[0.8438573413902372, 0.15136743089131469]",112,-1
1354,[0.8190831  0.14532299],13,80,"[0.8438573413902372, 0.15136743089131469]",112,-1
1355,[0.77279398 0.15794087],13,25,"[0.7887233243820295, 0.17027793790835127]",-1,-1
1356,[0.84989895 0.17698563],13,80,"[0.8438573413902372, 0.15136743089131469]",-1,-1
1357,[0.81106387 0.06889809],13,84,"[0.7892484923114864, 0.09277601099714658]",-1,-1
1358,[0.78480188 0.16188752],13,25,"[0.7887233243820295, 0.17027793790835127]",-1,-1
1359,[0.8259041  0.14523827],13,80,"[0.8438573413902372, 0.15136743089131469]",112,-1
1360,[0.84373487 0.14089083],13,80,"[0.8438573413902372, 0.15136743089131469]",-1,-1
1361,[0.84848464 0.07114724],13,84,"[0.7892484923114864, 0.09277601099714658]",-1,-1
1362,[0.76617837 0.16658304],13,25,"[0.7887233243820295, 0.17027793790835127]",112,78
1363,[0.85652634 0.1575177 ],13,80,"[0.8438573413902372, 0.15136743089131469]",-1,-1
1364,[0.83366697 0.12723641],13,80,"[0.8438573413902372, 0.15136743089131469]",100,-1
1365,[0.78912407 0.11938748],13,84,"[0.7892484923114864, 0.09277601099714658]",-1,-1
1366,[0.84602949 0.15452041],13,80,"[0.8438573413902372, 0.15136743089131469]",-1,-1
1367,[0.75625879 0.15041839],13,42,"[0.72284537991344, 0.13959659556720486]",112,-1
1368,[0.74102009 0.11378842],13,42,"[0.72284537991344, 0.13959659556720486]",-1,-1
1369,[0.87944997 0.18777685],13,80,"[0.8438573413902372, 0.15136743089131469]",-1,-1
1370,[0.81592768 0.14150859],13,80,"[0.8438573413902372, 0.15136743089131469]",-1,-1
1371,[0.83508409 0.16680637],13,80,"[0.8438573413902372, 0.15136743089131469]",-1,-1
1372,[0.79807775 0.14322434],13,25,"[0.7887233243820295, 0.17027793790835127]",112,48
1373,[0.80659467 0.13262711],13,25,"[0.7887233243820295, 0.17027793790835127]",-1,-1
1374,[0.75057198 0.11980213],13,42,"[0.72284537991344, 0.13959659556720486]",112,-1
1375,[0.78953735 0.13527065],13,25,"[0.7887233243820295, 0.17027793790835127]",112,48
1376,[0.81394338 0.18646402],13,25,"[0.7887233243820295, 0.17027793790835127]",112,67
1377,[0.81275182 0.10381179],13,84,"[0.7892484923114864, 0.09277601099714658]",-1,-1
1378,[0.77884489 0.18343602],13,25,"[0.7887233243820295, 0.17027793790835127]",112,-1
1379,[0.87710264 0.15017933],13,80,"[0.8438573413902372, 0.15136743089131469]",-1,-1
1380,[0.82181174 0.12843459],13,80,"[0.8438573413902372, 0.15136743089131469]",-1,-1
1381,[0.86156381 0.09630909],13,80,"[0.8438573413902372, 0.15136743089131469]",-1,-1
1382,[0.83320275 0.12976418],13,80,"[0.8438573413902372, 0.15136743089131469]",100,-1
1383,[0.82577231 0.16199081],13,80,"[0.8438573413902372, 0.15136743089131469]",112,-1
1384,[0.83125675 0.15566547],13,80,"[0.8438573413902372, 0.15136743089131469]",112,-1
1385,[0.78838937 0.11384291],13,84,"[0.7892484923114864, 0.09277601099714658]",50,-1
1386,[0.82492177 0.23478891],13,38,"[0.829987911377383, 0.2268834587852568]",112,-1
1387,[0.77969951 0.15162375],13,25,"[0.7887233243820295, 0.17027793790835127]",112,48
1388,[0.81331028 0.10540587],13,84,"[0.7892484923114864, 0.09277601099714658]",-1,-1
1389,[0.74334629 0.14623528],13,42,"[0.72284537991344, 0.13959659556720486]",112,78
1390,[0.87920838 0.08248198],13,-1,-1,-1,-1
1391,[0.76743617 0.20697206],13,25,"[0.7887233243820295, 0.17027793790835127]",112,-1
1392,[0.82268886 0.17823122],13,80,"[0.8438573413902372, 0.15136743089131469]",112,67
1393,[0.86758681 0.13280078],13,80,"[0.8438573413902372, 0.15136743089131469]",-1,-1
1394,[0.82415038 0.11912079],13,80,"[0.8438573413902372, 0.15136743089131469]",-1,-1
1395,[0.75818628 0.1668246 ],13,25,"[0.7887233243820295, 0.17027793790835127]",112,-1
1396,[0.81251117 0.23499309],13,38,"[0.829987911377383, 0.2268834587852568]",112,65
1397,[0.77168323 0.17310045],13,25,"[0.7887233243820295, 0.17027793790835127]",112,78
1398,[0.82564018 0.16966245],13,80,"[0.8438573413902372, 0.15136743089131469]",112,-1
1399,[0.79283008 0.15360419],13,25,"[0.7887233243820295, 0.17027793790835127]",-1,48
1400,[0.61835083 0.61376864],14,64,"[0.5798719244027237, 0.6152041816619239]",-1,-1
1401,[0.64181167 0.69220265],14,31,"[0.6283100186299069, 0.6976202951749496]",-1,-1
1402,[0.53845037 0.65517078],14,36,"[0.5286985042700821, 0.6516604258431233]",111,-1
1403,[0.51368918 0.65957843],14,36,"[0.5286985042700821, 0.6516604258431233]",111,41
1404,[0.51696356 0.6557793 ],14,36,"[0.5286985042700821, 0.6516604258431233]",111,41
1405,[0.58764594 0.6817484 ],14,31,"[0.6283100186299069, 0.6976202951749496]",-1,-1
1406,[0.55610772 0.63896447],14,36,"[0.5286985042700821, 0.6516604258431233]",111,-1
1407,[0.54574192 0.61864371],14,64,"[0.5798719244027237, 0.6152041816619239]",51,-1
1408,[0.56738943 0.65631172],14,36,"[0.5286985042700821, 0.6516604258431233]",111,-1
1409,[0.61654758 0.67023616],14,31,"[0.6283100186299069, 0.6976202951749496]",33,-1
1410,[0.53967776 0.73128802],14,23,"[0.5302520860132256, 0.7258783520828289]",57,24
1411,[0.61233002 0.69048988],14,31,"[0.6283100186299069, 0.6976202951749496]",-1,-1
1412,[0.46989921 0.6527738 ],14,1,"[0.4254611998702779, 0.6260428590068665]",112,-1
1413,[0.56782534 0.68933883],14,23,"[0.5302520860132256, 0.7258783520828289]",105,-1
1414,[0.55405008 0.72285926],14,23,"[0.5302520860132256, 0.7258783520828289]",57,24
1415,[0.53796594 0.61476092],14,36,"[0.5286985042700821, 0.6516604258431233]",51,-1
1416,[0.53091142 0.62173691],14,36,"[0.5286985042700821, 0.6516604258431233]",51,-1
1417,[0.55168149 0.65263048],14,36,"[0.5286985042700821, 0.6516604258431233]",111,-1
1418,[0.56697414 0.70515608],14,23,"[0.5302520860132256, 0.7258783520828289]",105,-1
1419,[0.59145498 0.63480183],14,64,"[0.5798719244027237, 0.6152041816619239]",89,-1
1420,[0.52251514 0.68302375],14,36,"[0.5286985042700821, 0.6516604258431233]",111,-1
1421,[0.55268718 0.6787758 ],14,36,"[0.5286985042700821, 0.6516604258431233]",111,-1
1422,[0.59228411 0.61560249],14,64,"[0.5798719244027237, 0.6152041816619239]",89,-1
1423,[0.53944073 0.6695526 ],14,36,"[0.5286985042700821, 0.6516604258431233]",111,42
1424,[0.58102793 0.58748637],14,64,"[0.5798719244027237, 0.6152041816619239]",-1,-1
1425,[0.54584697 0.68198235],14,36,"[0.5286985042700821, 0.6516604258431233]",111,-1
1426,[0.54441338 0.63830909],14,36,"[0.5286985042700821, 0.6516604258431233]",111,-1
1427,[0.53449053 0.68016011],14,36,"[0.5286985042700821, 0.6516604258431233]",111,42
1428,[0.50703189 0.66139886],14,36,"[0.5286985042700821, 0.6516604258431233]",111,41
1429,[0.5491716  0.65952295],14,36,"[0.5286985042700821, 0.6516604258431233]",111,-1
1430,[0.50169533 0.53420867],14,8,"[0.47040203841495126, 0.5433047126172346]",112,-1
1431,[0.59048064 0.63431339],14,64,"[0.5798719244027237, 0.6152041816619239]",89,-1
1432,[0.60494496 0.64024213],14,64,"[0.5798719244027237, 0.6152041816619239]",-1,-1
1433,[0.56408958 0.62317781],14,64,"[0.5798719244027237, 0.6152041816619239]",-1,-1
1434,[0.5339511  0.62693711],14,36,"[0.5286985042700821, 0.6516604258431233]",51,-1
1435,[0.53039845 0.61141466],14,36,"[0.5286985042700821, 0.6516604258431233]",51,-1
1436,[0.47169838 0.60670575],14,1,"[0.4254611998702779, 0.6260428590068665]",112,-1
1437,[0.58984952 0.65559239],14,64,"[0.5798719244027237, 0.6152041816619239]",89,-1
1438,[0.52866653 0.60166713],14,36,"[0.5286985042700821, 0.6516604258431233]",-1,-1
1439,[0.55042343 0.68735075],14,36,"[0.5286985042700821, 0.6516604258431233]",-1,-1
1440,[0.44217176 0.62734638],14,1,"[0.4254611998702779, 0.6260428590068665]",-1,-1
1441,[0.54948249 0.63947753],14,36,"[0.5286985042700821, 0.6516604258431233]",111,-1
1442,[0.59145919 0.66376388],14,64,"[0.5798719244027237, 0.6152041816619239]",89,-1
1443,[0.5780891  0.67120957],14,36,"[0.5286985042700821, 0.6516604258431233]",-1,-1
1444,[0.57282707 0.5951966 ],14,64,"[0.5798719244027237, 0.6152041816619239]",-1,-1
1445,[0.56312841 0.61034254],14,64,"[0.5798719244027237, 0.6152041816619239]",51,-1
1446,[0.50882125 0.64650013],14,36,"[0.5286985042700821, 0.6516604258431233]",111,-1
1447,[0.54097693 0.6810121 ],14,36,"[0.5286985042700821, 0.6516604258431233]",111,-1
1448,[0.5899724  0.63523105],14,64,"[0.5798719244027237, 0.6152041816619239]",89,-1
1449,[0.6189748  0.67611709],14,31,"[0.6283100186299069, 0.6976202951749496]",-1,-1
1450,[0.59263025 0.64253985],14,64,"[0.5798719244027237, 0.6152041816619239]",89,-1
1451,[0.54139706 0.6948969 ],14,23,"[0.5302520860132256, 0.7258783520828289]",-1,-1
1452,[0.48682865 0.72995661],14,48,"[0.45117785646922254, 0.7079436468031785]",106,23
1453,[0.55685055 0.64447221],14,36,"[0.5286985042700821, 0.6516604258431233]",111,-1
1454,[0.59603892 0.70346525],14,31,"[0.6283100186299069, 0.6976202951749496]",-1,-1
1455,[0.52627413 0.68247781],14,36,"[0.5286985042700821, 0.6516604258431233]",111,42
1456,[0.57222692 0.57601551],14,64,"[0.5798719244027237, 0.6152041816619239]",-1,-1
1457,[0.60918055 0.54246854],14,68,"[0.6059125398208416, 0.5063454320139849]",-1,-1
1458,[0.53003395 0.65560741],14,36,"[0.5286985042700821, 0.6516604258431233]",111,-1
1459,[0.58409135 0.64706113],14,64,"[0.5798719244027237, 0.6152041816619239]",-1,-1
1460,[0.54038954 0.65208833],14,36,"[0.5286985042700821, 0.6516604258431233]",-1,-1
1461,[0.53021891 0.65363142],14,36,"[0.5286985042700821, 0.6516604258431233]",111,-1
1462,[0.5477666  0.64290175],14,36,"[0.5286985042700821, 0.6516604258431233]",111,-1
1463,[0.51647763 0.70231788],14,23,"[0.5302520860132256, 0.7258783520828289]",111,-1
1464,[0.59197388 0.65122222],14,64,"[0.5798719244027237, 0.6152041816619239]",89,-1
1465,[0.54989158 0.67292266],14,36,"[0.5286985042700821, 0.6516604258431233]",111,42
1466,[0.50999754 0.65608991],14,36,"[0.5286985042700821, 0.6516604258431233]",111,41
1467,[0.55863947 0.72722546],14,23,"[0.5302520860132256, 0.7258783520828289]",57,-1
1468,[0.59460408 0.65402882],14,64,"[0.5798719244027237, 0.6152041816619239]",89,-1
1469,[0.60527805 0.65521397],14,64,"[0.5798719244027237, 0.6152041816619239]",-1,-1
1470,[0.52987105 0.6724801 ],14,36,"[0.5286985042700821, 0.6516604258431233]",111,42
1471,[0.54354429 0.61156125],14,64,"[0.5798719244027237, 0.6152041816619239]",51,-1
1472,[0.51304874 0.62455484],14,36,"[0.5286985042700821, 0.6516604258431233]",62,-1
1473,[0.63591287 0.6365399 ],14,64,"[0.5798719244027237, 0.6152041816619239]",-1,-1
1474,[0.51245252 0.66270571],14,36,"[0.5286985042700821, 0.6516604258431233]",111,41
1475,[0.57869551 0.65286619],14,64,"[0.5798719244027237, 0.6152041816619239]",-1,-1
1476,[0.56208301 0.57768522],14,64,"[0.5798719244027237, 0.6152041816619239]",-1,-1
1477,[0.49754398 0.66421849],14,36,"[0.5286985042700821, 0.6516604258431233]",111,-1
1478,[0.56128855 0.62374101],14,64,"[0.5798719244027237, 0.6152041816619239]",-1,-1
1479,[0.55304063 0.66043046],14,36,"[0.5286985042700821, 0.6516604258431233]",111,-1
1480,[0.49712924 0.6064033 ],14,36,"[0.5286985042700821, 0.6516604258431233]",-1,-1
1481,[0.59416734 0.61286692],14,64,"[0.5798719244027237, 0.6152041816619239]",-1,-1
1482,[0.5326814  0.62832729],14,36,"[0.5286985042700821, 0.6516604258431233]",-1,-1
1483,[0.51140926 0.61432782],14,36,"[0.5286985042700821, 0.6516604258431233]",-1,-1
1484,[0.58619778 0.66307138],14,64,"[0.5798719244027237, 0.6152041816619239]",-1,-1
1485,[0.56808112 0.62118649],14,64,"[0.5798719244027237, 0.6152041816619239]",-1,-1
1486,[0.52548442 0.600486  ],14,36,"[0.5286985042700821, 0.6516604258431233]",-1,-1
1487,[0.53706663 0.66397542],14,36,"[0.5286985042700821, 0.6516604258431233]",111,42
1488,[0.58040473 0.69757616],14,31,"[0.6283100186299069, 0.6976202951749496]",-1,-1
1489,[0.52315851 0.66056534],14,36,"[0.5286985042700821, 0.6516604258431233]",111,41
1490,[0.58149511 0.60466851],14,64,"[0.5798719244027237, 0.6152041816619239]",-1,-1
1491,[0.55070411 0.68062043],14,36,"[0.5286985042700821, 0.6516604258431233]",111,-1
1492,[0.61618246 0.72134849],14,31,"[0.6283100186299069, 0.6976202951749496]",-1,-1
1493,[0.56888175 0.64546438],14,64,"[0.5798719244027237, 0.6152041816619239]",-1,-1
1494,[0.60227863 0.62089709],14,64,"[0.5798719244027237, 0.6152041816619239]",-1,-1
1495,[0.54998221 0.70989502],14,23,"[0.5302520860132256, 0.7258783520828289]",-1,-1
1496,[0.60882876 0.70396785],14,31,"[0.6283100186299069, 0.6976202951749496]",-1,-1
1497,[0.4881273 0.6853293],14,48,"[0.45117785646922254, 0.7079436468031785]",111,-1
1498,[0.54376347 0.64828291],14,36,"[0.5286985042700821, 0.6516604258431233]",111,-1
1499,[0.55719624 0.60447173],14,64,"[0.5798719244027237, 0.6152041816619239]",51,-1
1500,[0.79762034 0.74155214],15,82,"[0.8543752517389958, 0.7255867181259833]",8,-1
1501,[0.75991235 0.73640083],15,14,"[0.740019801793262, 0.7124846396853769]",25,-1
1502,[0.88271715 0.71538715],15,82,"[0.8543752517389958, 0.7255867181259833]",7,-1
1503,[0.84586545 0.70984873],15,82,"[0.8543752517389958, 0.7255867181259833]",-1,-1
1504,[0.87459136 0.74841758],15,82,"[0.8543752517389958, 0.7255867181259833]",-1,-1
1505,[0.85883534 0.63651519],15,91,"[0.828011210436571, 0.6678014172277419]",-1,-1
1506,[0.83554871 0.7601389 ],15,82,"[0.8543752517389958, 0.7255867181259833]",-1,-1
1507,[0.82854887 0.67537826],15,91,"[0.828011210436571, 0.6678014172277419]",-1,-1
1508,[0.90804322 0.72406588],15,82,"[0.8543752517389958, 0.7255867181259833]",-1,-1
1509,[0.85655382 0.70286089],15,82,"[0.8543752517389958, 0.7255867181259833]",7,1
1510,[0.94336334 0.72341762],15,-1,-1,-1,-1
1511,[0.73543255 0.70905481],15,14,"[0.740019801793262, 0.7124846396853769]",48,-1
1512,[0.7681421  0.66842004],15,98,"[0.7549998211822101, 0.6206025452438064]",35,-1
1513,[0.85330112 0.67203702],15,91,"[0.828011210436571, 0.6678014172277419]",-1,-1
1514,[0.81968052 0.7454972 ],15,82,"[0.8543752517389958, 0.7255867181259833]",8,-1
1515,[0.81411147 0.73616656],15,82,"[0.8543752517389958, 0.7255867181259833]",-1,-1
1516,[0.81260154 0.72174623],15,82,"[0.8543752517389958, 0.7255867181259833]",8,-1
1517,[0.87788646 0.79739963],15,71,"[0.8239319737253928, 0.802271356169174]",-1,-1
1518,[0.8454431 0.7825813],15,71,"[0.8239319737253928, 0.802271356169174]",-1,-1
1519,[0.88080116 0.71608619],15,82,"[0.8543752517389958, 0.7255867181259833]",7,1
1520,[0.86329617 0.72944279],15,82,"[0.8543752517389958, 0.7255867181259833]",7,-1
1521,[0.90444449 0.68793251],15,82,"[0.8543752517389958, 0.7255867181259833]",-1,-1
1522,[0.83371361 0.64462834],15,91,"[0.828011210436571, 0.6678014172277419]",-1,-1
1523,[0.82135185 0.68686899],15,91,"[0.828011210436571, 0.6678014172277419]",8,-1
1524,[0.84690599 0.69510295],15,82,"[0.8543752517389958, 0.7255867181259833]",7,-1
1525,[0.84656611 0.74280042],15,82,"[0.8543752517389958, 0.7255867181259833]",-1,-1
1526,[0.86663784 0.70963374],15,82,"[0.8543752517389958, 0.7255867181259833]",7,1
1527,[0.8400028  0.79064531],15,71,"[0.8239319737253928, 0.802271356169174]",-1,-1
1528,[0.73787879 0.74927411],15,14,"[0.740019801793262, 0.7124846396853769]",48,22
1529,[0.85986504 0.7812959 ],15,71,"[0.8239319737253928, 0.802271356169174]",-1,-1
1530,[0.7485037  0.69708138],15,14,"[0.740019801793262, 0.7124846396853769]",48,-1
1531,[0.86423156 0.68765047],15,82,"[0.8543752517389958, 0.7255867181259833]",7,-1
1532,[0.89248513 0.72142813],15,82,"[0.8543752517389958, 0.7255867181259833]",-1,-1
1533,[0.86196848 0.79854024],15,71,"[0.8239319737253928, 0.802271356169174]",-1,-1
1534,[0.85384838 0.68123884],15,91,"[0.828011210436571, 0.6678014172277419]",7,-1
1535,[0.82789175 0.72113646],15,82,"[0.8543752517389958, 0.7255867181259833]",8,-1
1536,[0.86712424 0.72198123],15,82,"[0.8543752517389958, 0.7255867181259833]",7,1
1537,[0.83451852 0.72840494],15,82,"[0.8543752517389958, 0.7255867181259833]",8,-1
1538,[0.85471819 0.76489582],15,82,"[0.8543752517389958, 0.7255867181259833]",-1,-1
1539,[0.82377371 0.71878378],15,82,"[0.8543752517389958, 0.7255867181259833]",8,1
1540,[0.86242371 0.71932576],15,82,"[0.8543752517389958, 0.7255867181259833]",7,1
1541,[0.83800008 0.72143792],15,82,"[0.8543752517389958, 0.7255867181259833]",8,-1
1542,[0.88564766 0.7717655 ],15,82,"[0.8543752517389958, 0.7255867181259833]",-1,-1
1543,[0.88428658 0.76100851],15,82,"[0.8543752517389958, 0.7255867181259833]",-1,-1
1544,[0.82700146 0.78942173],15,71,"[0.8239319737253928, 0.802271356169174]",-1,-1
1545,[0.86528673 0.72492231],15,82,"[0.8543752517389958, 0.7255867181259833]",7,1
1546,[0.79146503 0.7585443 ],15,71,"[0.8239319737253928, 0.802271356169174]",-1,-1
1547,[0.86482123 0.76231217],15,82,"[0.8543752517389958, 0.7255867181259833]",-1,-1
1548,[0.88521635 0.72498084],15,82,"[0.8543752517389958, 0.7255867181259833]",-1,-1
1549,[0.86607719 0.68053811],15,91,"[0.828011210436571, 0.6678014172277419]",-1,-1
1550,[0.73774027 0.66966039],15,49,"[0.7003976871461259, 0.6659991324849905]",48,-1
1551,[0.82972682 0.77293345],15,71,"[0.8239319737253928, 0.802271356169174]",-1,-1
1552,[0.86631144 0.7973823 ],15,71,"[0.8239319737253928, 0.802271356169174]",-1,-1
1553,[0.86273362 0.6974693 ],15,82,"[0.8543752517389958, 0.7255867181259833]",7,-1
1554,[0.90784981 0.74759238],15,82,"[0.8543752517389958, 0.7255867181259833]",-1,-1
1555,[0.88431654 0.69074224],15,82,"[0.8543752517389958, 0.7255867181259833]",-1,-1
1556,[0.83996592 0.7098102 ],15,82,"[0.8543752517389958, 0.7255867181259833]",-1,-1
1557,[0.82979997 0.70587295],15,82,"[0.8543752517389958, 0.7255867181259833]",-1,-1
1558,[0.77234768 0.66736195],15,98,"[0.7549998211822101, 0.6206025452438064]",35,-1
1559,[0.85451931 0.72574822],15,82,"[0.8543752517389958, 0.7255867181259833]",7,1
1560,[0.80978098 0.76699711],15,71,"[0.8239319737253928, 0.802271356169174]",-1,-1
1561,[0.84485868 0.74262367],15,82,"[0.8543752517389958, 0.7255867181259833]",-1,-1
1562,[0.83087278 0.68127113],15,91,"[0.828011210436571, 0.6678014172277419]",-1,-1
1563,[0.85357989 0.73490495],15,82,"[0.8543752517389958, 0.7255867181259833]",7,1
1564,[0.79785757 0.7369546 ],15,82,"[0.8543752517389958, 0.7255867181259833]",-1,-1
1565,[0.80216087 0.70011665],15,91,"[0.828011210436571, 0.6678014172277419]",-1,-1
1566,[0.74799592 0.69994884],15,14,"[0.740019801793262, 0.7124846396853769]",48,-1
1567,[0.84431017 0.74982398],15,82,"[0.8543752517389958, 0.7255867181259833]",-1,-1
1568,[0.79855883 0.75272011],15,71,"[0.8239319737253928, 0.802271356169174]",-1,-1
1569,[0.82526857 0.75517405],15,82,"[0.8543752517389958, 0.7255867181259833]",-1,1
1570,[0.81645527 0.69662314],15,91,"[0.828011210436571, 0.6678014172277419]",8,-1
1571,[0.88744908 0.78260806],15,82,"[0.8543752517389958, 0.7255867181259833]",-1,-1
1572,[0.83770221 0.76740933],15,71,"[0.8239319737253928, 0.802271356169174]",-1,-1
1573,[0.80615249 0.76038402],15,71,"[0.8239319737253928, 0.802271356169174]",-1,-1
1574,[0.82000346 0.71045691],15,82,"[0.8543752517389958, 0.7255867181259833]",8,-1
1575,[0.85670536 0.69061812],15,82,"[0.8543752517389958, 0.7255867181259833]",7,-1
1576,[0.83849802 0.73044252],15,82,"[0.8543752517389958, 0.7255867181259833]",8,1
1577,[0.89384513 0.65685734],15,91,"[0.828011210436571, 0.6678014172277419]",-1,-1
1578,[0.78832694 0.66703294],15,91,"[0.828011210436571, 0.6678014172277419]",-1,-1
1579,[0.85544857 0.69548734],15,82,"[0.8543752517389958, 0.7255867181259833]",7,-1
1580,[0.8828696  0.77562178],15,82,"[0.8543752517389958, 0.7255867181259833]",-1,-1
1581,[0.82019666 0.69354951],15,91,"[0.828011210436571, 0.6678014172277419]",-1,-1
1582,[0.81082816 0.73408263],15,82,"[0.8543752517389958, 0.7255867181259833]",8,-1
1583,[0.81402218 0.68335596],15,91,"[0.828011210436571, 0.6678014172277419]",-1,-1
1584,[0.80814661 0.75418893],15,71,"[0.8239319737253928, 0.802271356169174]",-1,1
1585,[0.86644554 0.73447727],15,82,"[0.8543752517389958, 0.7255867181259833]",7,1
1586,[0.79061324 0.69704769],15,91,"[0.828011210436571, 0.6678014172277419]",-1,-1
1587,[0.82130803 0.72523528],15,82,"[0.8543752517389958, 0.7255867181259833]",8,1
1588,[0.89898917 0.69853317],15,82,"[0.8543752517389958, 0.7255867181259833]",-1,-1
1589,[0.87991758 0.80881507],15,71,"[0.8239319737253928, 0.802271356169174]",-1,-1
1590,[0.83902345 0.76326746],15,82,"[0.8543752517389958, 0.7255867181259833]",-1,-1
1591,[0.86910343 0.73050704],15,82,"[0.8543752517389958, 0.7255867181259833]",7,1
1592,[0.8615752  0.71861269],15,82,"[0.8543752517389958, 0.7255867181259833]",7,1
1593,[0.82808788 0.74303089],15,82,"[0.8543752517389958, 0.7255867181259833]",-1,1
1594,[0.80601515 0.66102051],15,91,"[0.828011210436571, 0.6678014172277419]",-1,-1
1595,[0.8776851  0.72566234],15,82,"[0.8543752517389958, 0.7255867181259833]",7,1
1596,[0.76735534 0.76353308],15,14,"[0.740019801793262, 0.7124846396853769]",-1,-1
1597,[0.8003209  0.63537818],15,91,"[0.828011210436571, 0.6678014172277419]",-1,-1
1598,[0.85791616 0.78596055],15,71,"[0.8239319737253928, 0.802271356169174]",-1,-1
1599,[0.8729271  0.70704509],15,82,"[0.8543752517389958, 0.7255867181259833]",-1,1
1600,[0.50073471 0.37143704],16,22,"[0.4960765404668817, 0.3879133591162554]",112,69
1601,[0.53630332 0.31760723],16,15,"[0.5482412671622104, 0.34401601997908093]",112,-1
1602,[0.52514487 0.32027436],16,15,"[0.5482412671622104, 0.34401601997908093]",112,-1
1603,[0.54255507 0.38534471],16,15,"[0.5482412671622104, 0.34401601997908093]",112,-1
1604,[0.40253673 0.35634612],16,30,"[0.3717358952181559, 0.3578997358568481]",112,-1
1605,[0.49547484 0.30849164],16,24,"[0.5369464490953868, 0.27541725802307815]",112,-1
1606,[0.48709447 0.33423733],16,34,"[0.4470179228154517, 0.33644420436777783]",-1,-1
1607,[0.45653791 0.36209395],16,34,"[0.4470179228154517, 0.33644420436777783]",112,-1
1608,[0.44306368 0.35622408],16,34,"[0.4470179228154517, 0.33644420436777783]",-1,-1
1609,[0.55957163 0.32599216],16,15,"[0.5482412671622104, 0.34401601997908093]",112,-1
1610,[0.53006263 0.32459195],16,15,"[0.5482412671622104, 0.34401601997908093]",112,70
1611,[0.46764362 0.32647524],16,34,"[0.4470179228154517, 0.33644420436777783]",-1,-1
1612,[0.51112393 0.39642042],16,22,"[0.4960765404668817, 0.3879133591162554]",-1,-1
1613,[0.57659766 0.36607668],16,15,"[0.5482412671622104, 0.34401601997908093]",112,68
1614,[0.4886275  0.35058079],16,22,"[0.4960765404668817, 0.3879133591162554]",-1,-1
1615,[0.52310882 0.37207454],16,22,"[0.4960765404668817, 0.3879133591162554]",112,71
1616,[0.53807346 0.27727245],16,24,"[0.5369464490953868, 0.27541725802307815]",112,75
1617,[0.52718785 0.38053554],16,22,"[0.4960765404668817, 0.3879133591162554]",112,71
1618,[0.45196314 0.3454307 ],16,34,"[0.4470179228154517, 0.33644420436777783]",112,-1
1619,[0.45007389 0.30575344],16,34,"[0.4470179228154517, 0.33644420436777783]",112,-1
1620,[0.48310526 0.39263774],16,22,"[0.4960765404668817, 0.3879133591162554]",112,-1
1621,[0.48535938 0.34388256],16,34,"[0.4470179228154517, 0.33644420436777783]",-1,-1
1622,[0.48723903 0.39618534],16,22,"[0.4960765404668817, 0.3879133591162554]",112,-1
1623,[0.54513209 0.29941005],16,24,"[0.5369464490953868, 0.27541725802307815]",112,-1
1624,[0.52938145 0.38759542],16,22,"[0.4960765404668817, 0.3879133591162554]",112,71
1625,[0.51465409 0.36443098],16,22,"[0.4960765404668817, 0.3879133591162554]",112,-1
1626,[0.50168498 0.39029923],16,22,"[0.4960765404668817, 0.3879133591162554]",112,-1
1627,[0.53827367 0.34195496],16,15,"[0.5482412671622104, 0.34401601997908093]",112,70
1628,[0.51765518 0.26939999],16,24,"[0.5369464490953868, 0.27541725802307815]",-1,-1
1629,[0.48556011 0.30454937],16,34,"[0.4470179228154517, 0.33644420436777783]",-1,-1
1630,[0.52307246 0.31628611],16,15,"[0.5482412671622104, 0.34401601997908093]",112,-1
1631,[0.54718818 0.30504329],16,24,"[0.5369464490953868, 0.27541725802307815]",112,-1
1632,[0.54844089 0.36698294],16,15,"[0.5482412671622104, 0.34401601997908093]",112,-1
1633,[0.54609865 0.35634766],16,15,"[0.5482412671622104, 0.34401601997908093]",112,-1
1634,[0.45957249 0.36035813],16,34,"[0.4470179228154517, 0.33644420436777783]",112,-1
1635,[0.53634284 0.40429736],16,50,"[0.5684163633112168, 0.42493695949350735]",-1,-1
1636,[0.51558345 0.41003442],16,22,"[0.4960765404668817, 0.3879133591162554]",112,-1
1637,[0.53002665 0.32868578],16,15,"[0.5482412671622104, 0.34401601997908093]",112,70
1638,[0.45263824 0.32619855],16,34,"[0.4470179228154517, 0.33644420436777783]",112,-1
1639,[0.52559959 0.34267851],16,15,"[0.5482412671622104, 0.34401601997908093]",112,70
1640,[0.51833162 0.31737012],16,15,"[0.5482412671622104, 0.34401601997908093]",112,-1
1641,[0.49077886 0.33809709],16,34,"[0.4470179228154517, 0.33644420436777783]",112,-1
1642,[0.50501799 0.34046633],16,15,"[0.5482412671622104, 0.34401601997908093]",112,-1
1643,[0.44474869 0.32198963],16,34,"[0.4470179228154517, 0.33644420436777783]",112,-1
1644,[0.51387235 0.32620713],16,15,"[0.5482412671622104, 0.34401601997908093]",112,-1
1645,[0.51175562 0.39728101],16,22,"[0.4960765404668817, 0.3879133591162554]",-1,-1
1646,[0.4286141  0.35136796],16,34,"[0.4470179228154517, 0.33644420436777783]",112,-1
1647,[0.5682031  0.39995737],16,50,"[0.5684163633112168, 0.42493695949350735]",112,-1
1648,[0.43358437 0.40139482],16,6,"[0.40441044434758894, 0.4112979157836676]",112,72
1649,[0.49615642 0.35127312],16,22,"[0.4960765404668817, 0.3879133591162554]",112,-1
1650,[0.52537887 0.32963429],16,15,"[0.5482412671622104, 0.34401601997908093]",112,-1
1651,[0.56911981 0.36151247],16,15,"[0.5482412671622104, 0.34401601997908093]",112,68
1652,[0.48865149 0.44541844],16,2,"[0.4451682216738327, 0.4665045826425144]",-1,-1
1653,[0.50682621 0.315665  ],16,15,"[0.5482412671622104, 0.34401601997908093]",112,-1
1654,[0.43876405 0.37817674],16,34,"[0.4470179228154517, 0.33644420436777783]",112,72
1655,[0.50729781 0.33540002],16,15,"[0.5482412671622104, 0.34401601997908093]",112,-1
1656,[0.45383327 0.40291769],16,22,"[0.4960765404668817, 0.3879133591162554]",112,72
1657,[0.49269549 0.36669571],16,22,"[0.4960765404668817, 0.3879133591162554]",112,69
1658,[0.51157044 0.28302127],16,24,"[0.5369464490953868, 0.27541725802307815]",112,-1
1659,[0.50763537 0.32415139],16,15,"[0.5482412671622104, 0.34401601997908093]",112,-1
1660,[0.50356775 0.31027989],16,24,"[0.5369464490953868, 0.27541725802307815]",112,-1
1661,[0.53369686 0.3624762 ],16,15,"[0.5482412671622104, 0.34401601997908093]",112,-1
1662,[0.47485408 0.31140411],16,34,"[0.4470179228154517, 0.33644420436777783]",-1,-1
1663,[0.46365973 0.32723431],16,34,"[0.4470179228154517, 0.33644420436777783]",-1,-1
1664,[0.48332052 0.37343903],16,22,"[0.4960765404668817, 0.3879133591162554]",112,-1
1665,[0.51507587 0.37808999],16,22,"[0.4960765404668817, 0.3879133591162554]",112,-1
1666,[0.45298308 0.32571147],16,34,"[0.4470179228154517, 0.33644420436777783]",112,-1
1667,[0.48276696 0.36379862],16,22,"[0.4960765404668817, 0.3879133591162554]",112,69
1668,[0.54311556 0.36560298],16,15,"[0.5482412671622104, 0.34401601997908093]",112,71
1669,[0.5294328  0.34355593],16,15,"[0.5482412671622104, 0.34401601997908093]",112,70
1670,[0.48428491 0.400787  ],16,22,"[0.4960765404668817, 0.3879133591162554]",112,-1
1671,[0.47940513 0.26542924],16,24,"[0.5369464490953868, 0.27541725802307815]",-1,-1
1672,[0.5409014  0.27756569],16,24,"[0.5369464490953868, 0.27541725802307815]",112,75
1673,[0.50492591 0.36999877],16,22,"[0.4960765404668817, 0.3879133591162554]",112,-1
1674,[0.54416856 0.39020995],16,50,"[0.5684163633112168, 0.42493695949350735]",112,-1
1675,[0.50343856 0.37735622],16,22,"[0.4960765404668817, 0.3879133591162554]",112,69
1676,[0.52705594 0.3420214 ],16,15,"[0.5482412671622104, 0.34401601997908093]",112,70
1677,[0.44936726 0.42806394],16,2,"[0.4451682216738327, 0.4665045826425144]",112,72
1678,[0.42969558 0.41981796],16,6,"[0.40441044434758894, 0.4112979157836676]",112,72
1679,[0.56962291 0.34776936],16,15,"[0.5482412671622104, 0.34401601997908093]",112,68
1680,[0.55030738 0.3387201 ],16,15,"[0.5482412671622104, 0.34401601997908093]",112,-1
1681,[0.53371422 0.29067072],16,24,"[0.5369464490953868, 0.27541725802307815]",112,-1
1682,[0.53403075 0.33283105],16,15,"[0.5482412671622104, 0.34401601997908093]",112,70
1683,[0.51504693 0.32206187],16,15,"[0.5482412671622104, 0.34401601997908093]",112,-1
1684,[0.49297684 0.39362408],16,22,"[0.4960765404668817, 0.3879133591162554]",112,-1
1685,[0.50132172 0.31725319],16,15,"[0.5482412671622104, 0.34401601997908093]",112,-1
1686,[0.56652754 0.34978727],16,15,"[0.5482412671622104, 0.34401601997908093]",112,68
1687,[0.45458918 0.35882227],16,34,"[0.4470179228154517, 0.33644420436777783]",112,-1
1688,[0.50344916 0.27938184],16,24,"[0.5369464490953868, 0.27541725802307815]",112,-1
1689,[0.47024428 0.35366265],16,34,"[0.4470179228154517, 0.33644420436777783]",-1,-1
1690,[0.51243941 0.38012509],16,22,"[0.4960765404668817, 0.3879133591162554]",112,-1
1691,[0.46264637 0.27665987],16,47,"[0.41917741489762755, 0.2753980840246735]",76,-1
1692,[0.52296667 0.36643277],16,15,"[0.5482412671622104, 0.34401601997908093]",112,-1
1693,[0.52311271 0.32984655],16,15,"[0.5482412671622104, 0.34401601997908093]",112,-1
1694,[0.53554502 0.39837413],16,22,"[0.4960765404668817, 0.3879133591162554]",-1,-1
1695,[0.52757593 0.39764993],16,22,"[0.4960765404668817, 0.3879133591162554]",-1,-1
1696,[0.51871117 0.36399886],16,22,"[0.4960765404668817, 0.3879133591162554]",112,71
1697,[0.44538442 0.39604728],16,6,"[0.40441044434758894, 0.4112979157836676]",112,-1
1698,[0.56390887 0.34784236],16,15,"[0.5482412671622104, 0.34401601997908093]",112,68
1699,[0.45021695 0.31746819],16,34,"[0.4470179228154517, 0.33644420436777783]",112,37
1700,[0.37392277 0.15402456],17,55,"[0.3459077460087649, 0.15794172531040296]",112,-1
1701,[0.2933387  0.14715204],17,35,"[0.2755048470763658, 0.14107016212345297]",112,-1
1702,[0.27643565 0.17337311],17,35,"[0.2755048470763658, 0.14107016212345297]",112,35
1703,[0.41680429 0.19768114],17,16,"[0.3922781621956629, 0.20389538485907233]",-1,-1
1704,[0.39468549 0.17520049],17,16,"[0.3922781621956629, 0.20389538485907233]",112,-1
1705,[0.38902911 0.13073105],17,59,"[0.43749823478518224, 0.14217622255190823]",46,-1
1706,[0.32437122 0.15237846],17,55,"[0.3459077460087649, 0.15794172531040296]",112,46
1707,[0.39168541 0.11727988],17,95,"[0.3473923159060264, 0.10307680262855863]",46,-1
1708,[0.42997284 0.16279726],17,59,"[0.43749823478518224, 0.14217622255190823]",81,34
1709,[0.44085327 0.17044157],17,59,"[0.43749823478518224, 0.14217622255190823]",55,-1
1710,[0.40826603 0.10637187],17,59,"[0.43749823478518224, 0.14217622255190823]",-1,-1
1711,[0.25274332 0.2436764 ],17,58,"[0.23587849952508277, 0.1945277456030734]",-1,-1
1712,[0.31283503 0.1373953 ],17,35,"[0.2755048470763658, 0.14107016212345297]",112,-1
1713,[0.36267022 0.14809892],17,55,"[0.3459077460087649, 0.15794172531040296]",-1,-1
1714,[0.33761074 0.15283595],17,55,"[0.3459077460087649, 0.15794172531040296]",112,-1
1715,[0.37510116 0.1736953 ],17,55,"[0.3459077460087649, 0.15794172531040296]",112,-1
1716,[0.34477193 0.14832249],17,55,"[0.3459077460087649, 0.15794172531040296]",112,-1
1717,[0.37520366 0.09537797],17,95,"[0.3473923159060264, 0.10307680262855863]",-1,-1
1718,[0.32843336 0.24301994],17,20,"[0.33994633114074657, 0.26920062338349254]",112,51
1719,[0.30595629 0.10997994],17,95,"[0.3473923159060264, 0.10307680262855863]",91,-1
1720,[0.42712281 0.22354867],17,16,"[0.3922781621956629, 0.20389538485907233]",-1,-1
1721,[0.39215684 0.1232627 ],17,95,"[0.3473923159060264, 0.10307680262855863]",46,-1
1722,[0.39994707 0.23186497],17,16,"[0.3922781621956629, 0.20389538485907233]",112,-1
1723,[0.29726619 0.18049075],17,54,"[0.30468739666036593, 0.22018864942906555]",97,-1
1724,[0.37933794 0.17701035],17,16,"[0.3922781621956629, 0.20389538485907233]",-1,-1
1725,[0.33551768 0.1439235 ],17,55,"[0.3459077460087649, 0.15794172531040296]",112,-1
1726,[0.29864555 0.19935188],17,54,"[0.30468739666036593, 0.22018864942906555]",98,36
1727,[0.32589639 0.1757942 ],17,55,"[0.3459077460087649, 0.15794172531040296]",112,46
1728,[0.42303226 0.16081238],17,59,"[0.43749823478518224, 0.14217622255190823]",81,34
1729,[0.3214062 0.1178912],17,95,"[0.3473923159060264, 0.10307680262855863]",-1,-1
1730,[0.39437772 0.13514988],17,59,"[0.43749823478518224, 0.14217622255190823]",46,-1
1731,[0.33415313 0.11710073],17,95,"[0.3473923159060264, 0.10307680262855863]",63,-1
1732,[0.29745542 0.13894338],17,35,"[0.2755048470763658, 0.14107016212345297]",-1,-1
1733,[0.40168414 0.14183817],17,59,"[0.43749823478518224, 0.14217622255190823]",-1,-1
1734,[0.40054032 0.22923019],17,16,"[0.3922781621956629, 0.20389538485907233]",112,-1
1735,[0.40093777 0.1971262 ],17,16,"[0.3922781621956629, 0.20389538485907233]",112,-1
1736,[0.32940734 0.1920253 ],17,54,"[0.30468739666036593, 0.22018864942906555]",112,-1
1737,[0.35474691 0.18289888],17,55,"[0.3459077460087649, 0.15794172531040296]",112,-1
1738,[0.3205065  0.14546301],17,55,"[0.3459077460087649, 0.15794172531040296]",112,-1
1739,[0.36452722 0.16458125],17,55,"[0.3459077460087649, 0.15794172531040296]",112,-1
1740,[0.3997432 0.1526239],17,59,"[0.43749823478518224, 0.14217622255190823]",-1,-1
1741,[0.32482456 0.11806942],17,95,"[0.3473923159060264, 0.10307680262855863]",70,-1
1742,[0.42208888 0.1443834 ],17,59,"[0.43749823478518224, 0.14217622255190823]",-1,-1
1743,[0.3666209  0.15588981],17,55,"[0.3459077460087649, 0.15794172531040296]",112,-1
1744,[0.32708175 0.21117332],17,54,"[0.30468739666036593, 0.22018864942906555]",112,-1
1745,[0.3714841  0.17029128],17,55,"[0.3459077460087649, 0.15794172531040296]",112,-1
1746,[0.35026591 0.16696136],17,55,"[0.3459077460087649, 0.15794172531040296]",-1,-1
1747,[0.40012378 0.20738816],17,16,"[0.3922781621956629, 0.20389538485907233]",112,-1
1748,[0.29802935 0.18335236],17,54,"[0.30468739666036593, 0.22018864942906555]",97,36
1749,[0.38841883 0.12486074],17,95,"[0.3473923159060264, 0.10307680262855863]",46,-1
1750,[0.40948572 0.22449624],17,16,"[0.3922781621956629, 0.20389538485907233]",112,-1
1751,[0.3914855  0.15667022],17,55,"[0.3459077460087649, 0.15794172531040296]",112,34
1752,[0.36366423 0.17124917],17,55,"[0.3459077460087649, 0.15794172531040296]",112,-1
1753,[0.38681718 0.08511424],17,95,"[0.3473923159060264, 0.10307680262855863]",-1,-1
1754,[0.33009556 0.20542403],17,54,"[0.30468739666036593, 0.22018864942906555]",112,-1
1755,[0.35838414 0.12767633],17,95,"[0.3473923159060264, 0.10307680262855863]",63,-1
1756,[0.36353941 0.18009127],17,55,"[0.3459077460087649, 0.15794172531040296]",112,-1
1757,[0.39617361 0.21721379],17,16,"[0.3922781621956629, 0.20389538485907233]",112,49
1758,[0.43138301 0.16046489],17,59,"[0.43749823478518224, 0.14217622255190823]",81,34
1759,[0.32276143 0.17696567],17,55,"[0.3459077460087649, 0.15794172531040296]",112,-1
1760,[0.41440804 0.1496536 ],17,59,"[0.43749823478518224, 0.14217622255190823]",-1,-1
1761,[0.39736886 0.12211466],17,59,"[0.43749823478518224, 0.14217622255190823]",46,-1
1762,[0.38084417 0.19956794],17,16,"[0.3922781621956629, 0.20389538485907233]",112,-1
1763,[0.45576706 0.18040758],17,59,"[0.43749823478518224, 0.14217622255190823]",55,-1
1764,[0.42608271 0.13322684],17,59,"[0.43749823478518224, 0.14217622255190823]",-1,-1
1765,[0.36870409 0.18819385],17,16,"[0.3922781621956629, 0.20389538485907233]",112,-1
1766,[0.45107626 0.15988193],17,59,"[0.43749823478518224, 0.14217622255190823]",81,-1
1767,[0.36816885 0.16846261],17,55,"[0.3459077460087649, 0.15794172531040296]",112,-1
1768,[0.43189901 0.13590869],17,59,"[0.43749823478518224, 0.14217622255190823]",-1,-1
1769,[0.42432043 0.20041692],17,16,"[0.3922781621956629, 0.20389538485907233]",-1,-1
1770,[0.33828149 0.14061033],17,55,"[0.3459077460087649, 0.15794172531040296]",-1,-1
1771,[0.32946743 0.16215151],17,55,"[0.3459077460087649, 0.15794172531040296]",112,46
1772,[0.47613385 0.15149411],17,59,"[0.43749823478518224, 0.14217622255190823]",27,-1
1773,[0.35094815 0.1236627 ],17,95,"[0.3473923159060264, 0.10307680262855863]",63,-1
1774,[0.38800287 0.12317677],17,95,"[0.3473923159060264, 0.10307680262855863]",46,-1
1775,[0.31030966 0.17910869],17,55,"[0.3459077460087649, 0.15794172531040296]",-1,-1
1776,[0.31679615 0.14229487],17,55,"[0.3459077460087649, 0.15794172531040296]",-1,-1
1777,[0.36846068 0.14464989],17,55,"[0.3459077460087649, 0.15794172531040296]",-1,-1
1778,[0.27469133 0.15790707],17,35,"[0.2755048470763658, 0.14107016212345297]",112,35
1779,[0.37760703 0.14750481],17,55,"[0.3459077460087649, 0.15794172531040296]",112,-1
1780,[0.27000647 0.1834028 ],17,58,"[0.23587849952508277, 0.1945277456030734]",112,35
1781,[0.3562792  0.12744654],17,95,"[0.3473923159060264, 0.10307680262855863]",-1,-1
1782,[0.38192695 0.14208882],17,55,"[0.3459077460087649, 0.15794172531040296]",-1,-1
1783,[0.38044424 0.09798994],17,95,"[0.3473923159060264, 0.10307680262855863]",-1,-1
1784,[0.38596873 0.13313499],17,55,"[0.3459077460087649, 0.15794172531040296]",46,-1
1785,[0.29603162 0.18064465],17,54,"[0.30468739666036593, 0.22018864942906555]",97,-1
1786,[0.39468095 0.10685657],17,95,"[0.3473923159060264, 0.10307680262855863]",-1,-1
1787,[0.35310733 0.11388238],17,95,"[0.3473923159060264, 0.10307680262855863]",63,-1
1788,[0.36986722 0.25261809],17,20,"[0.33994633114074657, 0.26920062338349254]",112,-1
1789,[0.32957419 0.17337793],17,55,"[0.3459077460087649, 0.15794172531040296]",112,46
1790,[0.34321349 0.08741536],17,95,"[0.3473923159060264, 0.10307680262855863]",-1,-1
1791,[0.36592919 0.18906045],17,16,"[0.3922781621956629, 0.20389538485907233]",112,-1
1792,[0.34182322 0.18185772],17,55,"[0.3459077460087649, 0.15794172531040296]",-1,-1
1793,[0.37395731 0.13351754],17,55,"[0.3459077460087649, 0.15794172531040296]",46,-1
1794,[0.3785404  0.17590273],17,16,"[0.3922781621956629, 0.20389538485907233]",112,-1
1795,[0.35293659 0.12254486],17,95,"[0.3473923159060264, 0.10307680262855863]",63,-1
1796,[0.34639162 0.11607676],17,95,"[0.3473923159060264, 0.10307680262855863]",63,-1
1797,[0.30762095 0.25191834],17,54,"[0.30468739666036593, 0.22018864942906555]",112,-1
1798,[0.34556723 0.11555737],17,95,"[0.3473923159060264, 0.10307680262855863]",63,-1
1799,[0.30371575 0.1247829 ],17,35,"[0.2755048470763658, 0.14107016212345297]",-1,-1
1800,[0.56373087 0.25465194],18,24,"[0.5369464490953868, 0.27541725802307815]",112,-1
1801,[0.52454162 0.25426127],18,24,"[0.5369464490953868, 0.27541725802307815]",112,77
1802,[0.49627817 0.22647967],18,3,"[0.531508884163895, 0.21064096043592298]",112,-1
1803,[0.5397605  0.22501118],18,3,"[0.531508884163895, 0.21064096043592298]",112,-1
1804,[0.57116605 0.2505599 ],18,7,"[0.6005437719733706, 0.22857083174818627]",112,80
1805,[0.47456789 0.19146061],18,3,"[0.531508884163895, 0.21064096043592298]",-1,-1
1806,[0.58508095 0.23620226],18,7,"[0.6005437719733706, 0.22857083174818627]",112,80
1807,[0.52226229 0.19971899],18,3,"[0.531508884163895, 0.21064096043592298]",112,77
1808,[0.49196808 0.22980467],18,3,"[0.531508884163895, 0.21064096043592298]",112,-1
1809,[0.47634792 0.28136975],18,47,"[0.41917741489762755, 0.2753980840246735]",76,-1
1810,[0.60004474 0.18470919],18,70,"[0.5651469735094694, 0.16500650040708084]",112,-1
1811,[0.57661249 0.20697185],18,7,"[0.6005437719733706, 0.22857083174818627]",112,-1
1812,[0.53294507 0.18423421],18,3,"[0.531508884163895, 0.21064096043592298]",112,-1
1813,[0.51529181 0.25532223],18,24,"[0.5369464490953868, 0.27541725802307815]",112,-1
1814,[0.50460038 0.16862885],18,3,"[0.531508884163895, 0.21064096043592298]",112,52
1815,[0.54016078 0.2418599 ],18,3,"[0.531508884163895, 0.21064096043592298]",-1,-1
1816,[0.50751116 0.20521338],18,3,"[0.531508884163895, 0.21064096043592298]",112,-1
1817,[0.56118528 0.18261614],18,70,"[0.5651469735094694, 0.16500650040708084]",112,80
1818,[0.45288838 0.27998843],18,47,"[0.41917741489762755, 0.2753980840246735]",-1,-1
1819,[0.55402526 0.22094606],18,3,"[0.531508884163895, 0.21064096043592298]",112,80
1820,[0.5292409  0.28434356],18,24,"[0.5369464490953868, 0.27541725802307815]",112,75
1821,[0.49115016 0.26791409],18,24,"[0.5369464490953868, 0.27541725802307815]",-1,-1
1822,[0.48603458 0.20302556],18,3,"[0.531508884163895, 0.21064096043592298]",112,-1
1823,[0.52996905 0.19550104],18,3,"[0.531508884163895, 0.21064096043592298]",112,77
1824,[0.49908195 0.25899387],18,24,"[0.5369464490953868, 0.27541725802307815]",112,-1
1825,[0.55753593 0.2320142 ],18,3,"[0.531508884163895, 0.21064096043592298]",112,80
1826,[0.51650936 0.21891527],18,3,"[0.531508884163895, 0.21064096043592298]",-1,-1
1827,[0.50260422 0.24593345],18,24,"[0.5369464490953868, 0.27541725802307815]",112,-1
1828,[0.52811358 0.24277824],18,3,"[0.531508884163895, 0.21064096043592298]",112,77
1829,[0.48151672 0.20783547],18,3,"[0.531508884163895, 0.21064096043592298]",112,-1
1830,[0.61957746 0.21937318],18,7,"[0.6005437719733706, 0.22857083174818627]",112,80
1831,[0.49452229 0.25628647],18,24,"[0.5369464490953868, 0.27541725802307815]",112,-1
1832,[0.54915153 0.18779489],18,70,"[0.5651469735094694, 0.16500650040708084]",112,-1
1833,[0.50371722 0.16902641],18,3,"[0.531508884163895, 0.21064096043592298]",112,52
1834,[0.50083534 0.22589977],18,3,"[0.531508884163895, 0.21064096043592298]",112,-1
1835,[0.51852612 0.15755932],18,70,"[0.5651469735094694, 0.16500650040708084]",-1,-1
1836,[0.57622942 0.23385902],18,7,"[0.6005437719733706, 0.22857083174818627]",112,80
1837,[0.42755235 0.15573087],18,59,"[0.43749823478518224, 0.14217622255190823]",81,34
1838,[0.49353211 0.24046207],18,3,"[0.531508884163895, 0.21064096043592298]",-1,-1
1839,[0.54096765 0.21157782],18,3,"[0.531508884163895, 0.21064096043592298]",112,-1
1840,[0.51026034 0.20900483],18,3,"[0.531508884163895, 0.21064096043592298]",112,77
1841,[0.47336711 0.25381892],18,47,"[0.41917741489762755, 0.2753980840246735]",-1,-1
1842,[0.56767998 0.2575633 ],18,24,"[0.5369464490953868, 0.27541725802307815]",112,80
1843,[0.52773456 0.28295143],18,24,"[0.5369464490953868, 0.27541725802307815]",112,-1
1844,[0.52686791 0.24611565],18,24,"[0.5369464490953868, 0.27541725802307815]",112,77
1845,[0.45240831 0.17536116],18,59,"[0.43749823478518224, 0.14217622255190823]",55,-1
1846,[0.56062341 0.16022565],18,70,"[0.5651469735094694, 0.16500650040708084]",-1,-1
1847,[0.50425965 0.1869979 ],18,3,"[0.531508884163895, 0.21064096043592298]",112,-1
1848,[0.53897058 0.18006427],18,70,"[0.5651469735094694, 0.16500650040708084]",112,-1
1849,[0.56473336 0.22761385],18,7,"[0.6005437719733706, 0.22857083174818627]",112,80
1850,[0.47119889 0.27449642],18,47,"[0.41917741489762755, 0.2753980840246735]",76,-1
1851,[0.45406385 0.22511936],18,47,"[0.41917741489762755, 0.2753980840246735]",52,-1
1852,[0.50509709 0.26389438],18,24,"[0.5369464490953868, 0.27541725802307815]",112,-1
1853,[0.4956623  0.20826684],18,3,"[0.531508884163895, 0.21064096043592298]",112,-1
1854,[0.51003725 0.31920176],18,15,"[0.5482412671622104, 0.34401601997908093]",112,-1
1855,[0.47892057 0.19473018],18,3,"[0.531508884163895, 0.21064096043592298]",-1,-1
1856,[0.49154188 0.20652592],18,3,"[0.531508884163895, 0.21064096043592298]",112,-1
1857,[0.48643267 0.26241051],18,24,"[0.5369464490953868, 0.27541725802307815]",112,-1
1858,[0.5501703  0.26174016],18,24,"[0.5369464490953868, 0.27541725802307815]",112,-1
1859,[0.47233188 0.21834135],18,3,"[0.531508884163895, 0.21064096043592298]",-1,-1
1860,[0.56618956 0.20398796],18,3,"[0.531508884163895, 0.21064096043592298]",112,80
1861,[0.44914618 0.16287621],18,59,"[0.43749823478518224, 0.14217622255190823]",81,34
1862,[0.51744443 0.29099917],18,24,"[0.5369464490953868, 0.27541725802307815]",112,-1
1863,[0.61130841 0.2308735 ],18,7,"[0.6005437719733706, 0.22857083174818627]",112,80
1864,[0.58198695 0.19112263],18,70,"[0.5651469735094694, 0.16500650040708084]",112,80
1865,[0.56209363 0.1749952 ],18,70,"[0.5651469735094694, 0.16500650040708084]",112,80
1866,[0.5272387  0.23016734],18,3,"[0.531508884163895, 0.21064096043592298]",112,77
1867,[0.52374281 0.23603465],18,3,"[0.531508884163895, 0.21064096043592298]",112,77
1868,[0.54035656 0.20147669],18,3,"[0.531508884163895, 0.21064096043592298]",112,77
1869,[0.45717587 0.17911401],18,59,"[0.43749823478518224, 0.14217622255190823]",55,-1
1870,[0.5465816  0.31428145],18,15,"[0.5482412671622104, 0.34401601997908093]",112,-1
1871,[0.59600633 0.24219045],18,7,"[0.6005437719733706, 0.22857083174818627]",112,80
1872,[0.53013785 0.22147259],18,3,"[0.531508884163895, 0.21064096043592298]",112,77
1873,[0.53311747 0.24467544],18,24,"[0.5369464490953868, 0.27541725802307815]",112,77
1874,[0.5312154  0.26470588],18,24,"[0.5369464490953868, 0.27541725802307815]",-1,-1
1875,[0.56606276 0.1799476 ],18,70,"[0.5651469735094694, 0.16500650040708084]",112,80
1876,[0.5525052  0.25640946],18,24,"[0.5369464490953868, 0.27541725802307815]",112,-1
1877,[0.44946992 0.23504327],18,47,"[0.41917741489762755, 0.2753980840246735]",52,-1
1878,[0.49981236 0.15831319],18,3,"[0.531508884163895, 0.21064096043592298]",-1,-1
1879,[0.5036583  0.24910415],18,24,"[0.5369464490953868, 0.27541725802307815]",112,-1
1880,[0.54408088 0.25997401],18,24,"[0.5369464490953868, 0.27541725802307815]",112,-1
1881,[0.48897013 0.20604324],18,3,"[0.531508884163895, 0.21064096043592298]",112,-1
1882,[0.50371932 0.17936284],18,3,"[0.531508884163895, 0.21064096043592298]",112,52
1883,[0.53799215 0.22340973],18,3,"[0.531508884163895, 0.21064096043592298]",112,-1
1884,[0.48865871 0.25932431],18,24,"[0.5369464490953868, 0.27541725802307815]",112,-1
1885,[0.50929403 0.18479088],18,3,"[0.531508884163895, 0.21064096043592298]",112,-1
1886,[0.44207809 0.15545373],18,59,"[0.43749823478518224, 0.14217622255190823]",81,34
1887,[0.48966463 0.2172545 ],18,3,"[0.531508884163895, 0.21064096043592298]",-1,-1
1888,[0.52798713 0.19728694],18,3,"[0.531508884163895, 0.21064096043592298]",112,-1
1889,[0.60506492 0.18918212],18,7,"[0.6005437719733706, 0.22857083174818627]",112,-1
1890,[0.54910779 0.17436656],18,70,"[0.5651469735094694, 0.16500650040708084]",112,-1
1891,[0.49015179 0.20329731],18,3,"[0.531508884163895, 0.21064096043592298]",112,-1
1892,[0.50409083 0.2345365 ],18,3,"[0.531508884163895, 0.21064096043592298]",112,-1
1893,[0.50413767 0.25654771],18,24,"[0.5369464490953868, 0.27541725802307815]",112,-1
1894,[0.50227883 0.26956256],18,24,"[0.5369464490953868, 0.27541725802307815]",-1,-1
1895,[0.60539768 0.20011529],18,7,"[0.6005437719733706, 0.22857083174818627]",112,80
1896,[0.52768249 0.23792601],18,3,"[0.531508884163895, 0.21064096043592298]",112,77
1897,[0.53140607 0.27335572],18,24,"[0.5369464490953868, 0.27541725802307815]",112,75
1898,[0.52297942 0.25649775],18,24,"[0.5369464490953868, 0.27541725802307815]",112,77
1899,[0.5541978  0.23910543],18,3,"[0.531508884163895, 0.21064096043592298]",112,-1
1900,[0.27800831 0.75751349],19,21,"[0.29370179376498934, 0.7320689524506921]",-1,-1
1901,[0.37685233 0.72476227],19,28,"[0.3665533604727163, 0.7224000836333309]",109,-1
1902,[0.36677558 0.78566719],19,27,"[0.394960489486544, 0.7962465519607298]",88,-1
1903,[0.37432043 0.70464215],19,28,"[0.3665533604727163, 0.7224000836333309]",112,-1
1904,[0.3594558  0.78498335],19,27,"[0.394960489486544, 0.7962465519607298]",88,-1
1905,[0.28732397 0.73440487],19,21,"[0.29370179376498934, 0.7320689524506921]",-1,-1
1906,[0.28979321 0.76388487],19,21,"[0.29370179376498934, 0.7320689524506921]",80,-1
1907,[0.3089865  0.72966033],19,21,"[0.29370179376498934, 0.7320689524506921]",112,-1
1908,[0.30923602 0.73420129],19,21,"[0.29370179376498934, 0.7320689524506921]",112,-1
1909,[0.33386288 0.70194299],19,28,"[0.3665533604727163, 0.7224000836333309]",112,-1
1910,[0.35456029 0.69094037],19,28,"[0.3665533604727163, 0.7224000836333309]",112,59
1911,[0.35686106 0.7762706 ],19,27,"[0.394960489486544, 0.7962465519607298]",88,-1
1912,[0.37342043 0.81087629],19,27,"[0.394960489486544, 0.7962465519607298]",-1,-1
1913,[0.30297681 0.70818982],19,21,"[0.29370179376498934, 0.7320689524506921]",-1,-1
1914,[0.34679136 0.76065722],19,28,"[0.3665533604727163, 0.7224000836333309]",95,45
1915,[0.32775972 0.73038558],19,21,"[0.29370179376498934, 0.7320689524506921]",95,-1
1916,[0.30026764 0.66734412],19,51,"[0.3380449223959843, 0.6548082883119133]",-1,-1
1917,[0.37858434 0.73701638],19,28,"[0.3665533604727163, 0.7224000836333309]",-1,-1
1918,[0.31467893 0.65391386],19,51,"[0.3380449223959843, 0.6548082883119133]",-1,-1
1919,[0.33389259 0.71275199],19,28,"[0.3665533604727163, 0.7224000836333309]",112,-1
1920,[0.25884884 0.66989137],19,17,"[0.20551760392566637, 0.6304926521590382]",-1,-1
1921,[0.27475384 0.71757889],19,21,"[0.29370179376498934, 0.7320689524506921]",69,-1
1922,[0.31350101 0.73399058],19,21,"[0.29370179376498934, 0.7320689524506921]",112,-1
1923,[0.28955561 0.77853735],19,21,"[0.29370179376498934, 0.7320689524506921]",-1,-1
1924,[0.36916864 0.72383851],19,28,"[0.3665533604727163, 0.7224000836333309]",109,-1
1925,[0.30158809 0.67104841],19,51,"[0.3380449223959843, 0.6548082883119133]",-1,-1
1926,[0.31153925 0.6681276 ],19,51,"[0.3380449223959843, 0.6548082883119133]",-1,-1
1927,[0.31472806 0.708557  ],19,21,"[0.29370179376498934, 0.7320689524506921]",112,-1
1928,[0.34301838 0.76236886],19,28,"[0.3665533604727163, 0.7224000836333309]",95,45
1929,[0.27293258 0.72346957],19,21,"[0.29370179376498934, 0.7320689524506921]",69,13
1930,[0.27746987 0.81038235],19,66,"[0.23454676066543478, 0.8238001978646302]",22,-1
1931,[0.34679536 0.69596975],19,28,"[0.3665533604727163, 0.7224000836333309]",112,59
1932,[0.31994391 0.76268584],19,21,"[0.29370179376498934, 0.7320689524506921]",92,-1
1933,[0.35474241 0.75515649],19,28,"[0.3665533604727163, 0.7224000836333309]",95,45
1934,[0.34366632 0.7606042 ],19,28,"[0.3665533604727163, 0.7224000836333309]",95,45
1935,[0.34445305 0.75522454],19,28,"[0.3665533604727163, 0.7224000836333309]",95,45
1936,[0.29404292 0.75759343],19,21,"[0.29370179376498934, 0.7320689524506921]",-1,-1
1937,[0.32408549 0.71492112],19,21,"[0.29370179376498934, 0.7320689524506921]",112,-1
1938,[0.33839016 0.79238624],19,27,"[0.394960489486544, 0.7962465519607298]",-1,-1
1939,[0.34557783 0.67549524],19,51,"[0.3380449223959843, 0.6548082883119133]",112,-1
1940,[0.27397731 0.7524901 ],19,21,"[0.29370179376498934, 0.7320689524506921]",80,-1
1941,[0.34290307 0.73901485],19,28,"[0.3665533604727163, 0.7224000836333309]",95,45
1942,[0.34575183 0.69504167],19,28,"[0.3665533604727163, 0.7224000836333309]",112,59
1943,[0.33062013 0.72593237],19,28,"[0.3665533604727163, 0.7224000836333309]",95,-1
1944,[0.24659782 0.6530225 ],19,17,"[0.20551760392566637, 0.6304926521590382]",-1,-1
1945,[0.32996452 0.75220195],19,21,"[0.29370179376498934, 0.7320689524506921]",-1,-1
1946,[0.36349456 0.72270306],19,28,"[0.3665533604727163, 0.7224000836333309]",109,-1
1947,[0.3298582  0.73354604],19,21,"[0.29370179376498934, 0.7320689524506921]",95,-1
1948,[0.26238908 0.72140933],19,21,"[0.29370179376498934, 0.7320689524506921]",69,13
1949,[0.33738236 0.62346829],19,51,"[0.3380449223959843, 0.6548082883119133]",-1,-1
1950,[0.32412842 0.78392193],19,21,"[0.29370179376498934, 0.7320689524506921]",-1,-1
1951,[0.2911599  0.71602425],19,21,"[0.29370179376498934, 0.7320689524506921]",-1,-1
1952,[0.32772007 0.68224598],19,51,"[0.3380449223959843, 0.6548082883119133]",112,-1
1953,[0.35084138 0.72594499],19,28,"[0.3665533604727163, 0.7224000836333309]",95,-1
1954,[0.36215727 0.68926214],19,28,"[0.3665533604727163, 0.7224000836333309]",112,-1
1955,[0.29195141 0.75634389],19,21,"[0.29370179376498934, 0.7320689524506921]",-1,-1
1956,[0.31438496 0.70447158],19,21,"[0.29370179376498934, 0.7320689524506921]",112,-1
1957,[0.36988226 0.80315338],19,27,"[0.394960489486544, 0.7962465519607298]",-1,-1
1958,[0.27888206 0.7481247 ],19,21,"[0.29370179376498934, 0.7320689524506921]",80,-1
1959,[0.2829891  0.80343841],19,66,"[0.23454676066543478, 0.8238001978646302]",22,-1
1960,[0.24665556 0.75639487],19,45,"[0.20999502353991037, 0.7421751523063527]",65,12
1961,[0.31675467 0.71073541],19,21,"[0.29370179376498934, 0.7320689524506921]",112,-1
1962,[0.30690253 0.74961089],19,21,"[0.29370179376498934, 0.7320689524506921]",-1,-1
1963,[0.34886721 0.70878186],19,28,"[0.3665533604727163, 0.7224000836333309]",112,59
1964,[0.27451149 0.76858173],19,21,"[0.29370179376498934, 0.7320689524506921]",-1,-1
1965,[0.31364954 0.70342137],19,21,"[0.29370179376498934, 0.7320689524506921]",112,-1
1966,[0.38484195 0.75577428],19,28,"[0.3665533604727163, 0.7224000836333309]",95,-1
1967,[0.3871333  0.78900666],19,27,"[0.394960489486544, 0.7962465519607298]",-1,-1
1968,[0.29343704 0.77065376],19,21,"[0.29370179376498934, 0.7320689524506921]",80,-1
1969,[0.31231612 0.70921904],19,21,"[0.29370179376498934, 0.7320689524506921]",112,-1
1970,[0.32832753 0.70447428],19,28,"[0.3665533604727163, 0.7224000836333309]",112,-1
1971,[0.30012556 0.78907453],19,21,"[0.29370179376498934, 0.7320689524506921]",-1,-1
1972,[0.33475973 0.65924407],19,51,"[0.3380449223959843, 0.6548082883119133]",-1,-1
1973,[0.28923053 0.79302213],19,21,"[0.29370179376498934, 0.7320689524506921]",-1,-1
1974,[0.33079022 0.78784417],19,27,"[0.394960489486544, 0.7962465519607298]",-1,-1
1975,[0.38115297 0.75841163],19,28,"[0.3665533604727163, 0.7224000836333309]",95,45
1976,[0.27622143 0.74485897],19,21,"[0.29370179376498934, 0.7320689524506921]",80,-1
1977,[0.29214842 0.76820203],19,21,"[0.29370179376498934, 0.7320689524506921]",80,-1
1978,[0.32818262 0.80812991],19,27,"[0.394960489486544, 0.7962465519607298]",-1,-1
1979,[0.32089412 0.69898823],19,21,"[0.29370179376498934, 0.7320689524506921]",-1,-1
1980,[0.32513301 0.71217756],19,21,"[0.29370179376498934, 0.7320689524506921]",112,-1
1981,[0.32425027 0.77671531],19,21,"[0.29370179376498934, 0.7320689524506921]",92,-1
1982,[0.40432309 0.76378344],19,27,"[0.394960489486544, 0.7962465519607298]",95,-1
1983,[0.29507643 0.71613188],19,21,"[0.29370179376498934, 0.7320689524506921]",112,-1
1984,[0.3216099  0.71451762],19,21,"[0.29370179376498934, 0.7320689524506921]",112,-1
1985,[0.35753497 0.8001337 ],19,27,"[0.394960489486544, 0.7962465519607298]",88,-1
1986,[0.23897952 0.71297337],19,45,"[0.20999502353991037, 0.7421751523063527]",69,-1
1987,[0.33862823 0.71487402],19,28,"[0.3665533604727163, 0.7224000836333309]",-1,-1
1988,[0.32695426 0.73948645],19,21,"[0.29370179376498934, 0.7320689524506921]",-1,-1
1989,[0.28521039 0.74218467],19,21,"[0.29370179376498934, 0.7320689524506921]",-1,-1
1990,[0.38376212 0.70166972],19,28,"[0.3665533604727163, 0.7224000836333309]",112,-1
1991,[0.3664158  0.70877701],19,28,"[0.3665533604727163, 0.7224000836333309]",-1,-1
1992,[0.21212795 0.74333678],19,45,"[0.20999502353991037, 0.7421751523063527]",-1,12
1993,[0.32402868 0.66093849],19,51,"[0.3380449223959843, 0.6548082883119133]",-1,-1
1994,[0.37990435 0.70310817],19,28,"[0.3665533604727163, 0.7224000836333309]",112,-1
1995,[0.40509287 0.71862051],19,28,"[0.3665533604727163, 0.7224000836333309]",-1,-1
1996,[0.37753782 0.71945923],19,28,"[0.3665533604727163, 0.7224000836333309]",109,-1
1997,[0.33204083 0.68113833],19,51,"[0.3380449223959843, 0.6548082883119133]",112,59
1998,[0.32399848 0.77539272],19,21,"[0.29370179376498934, 0.7320689524506921]",92,-1
1999,[0.26586103 0.7084037 ],19,21,"[0.29370179376498934, 0.7320689524506921]",69,13
2000,[0.39760632 0.36223627],20,30,"[0.3717358952181559, 0.3578997358568481]",112,-1
2001,[0.33528996 0.36973405],20,63,"[0.31265848991799045, 0.3636044905994273]",112,-1
2002,[0.39037954 0.30715671],20,47,"[0.41917741489762755, 0.2753980840246735]",-1,-1
2003,[0.40325888 0.372514  ],20,30,"[0.3717358952181559, 0.3578997358568481]",112,73
2004,[0.36603277 0.38024353],20,30,"[0.3717358952181559, 0.3578997358568481]",112,72
2005,[0.35401778 0.3870372 ],20,44,"[0.34853587644703343, 0.40608971906389735]",112,72
2006,[0.39075229 0.44716599],20,53,"[0.3771044042788204, 0.4722281085909072]",112,72
2007,[0.42777063 0.28800668],20,47,"[0.41917741489762755, 0.2753980840246735]",-1,-1
2008,[0.38474765 0.40171106],20,6,"[0.40441044434758894, 0.4112979157836676]",112,72
2009,[0.35250193 0.32142222],20,30,"[0.3717358952181559, 0.3578997358568481]",-1,25
2010,[0.37605575 0.36032104],20,30,"[0.3717358952181559, 0.3578997358568481]",112,-1
2011,[0.2947461  0.38767238],20,60,"[0.2741039163061208, 0.4090806374523096]",112,-1
2012,[0.3465988  0.40139873],20,44,"[0.34853587644703343, 0.40608971906389735]",112,72
2013,[0.43871049 0.38281123],20,6,"[0.40441044434758894, 0.4112979157836676]",112,72
2014,[0.36435827 0.32084223],20,30,"[0.3717358952181559, 0.3578997358568481]",-1,-1
2015,[0.33562778 0.39906736],20,44,"[0.34853587644703343, 0.40608971906389735]",112,72
2016,[0.39969206 0.40910668],20,6,"[0.40441044434758894, 0.4112979157836676]",112,72
2017,[0.43167015 0.32870604],20,34,"[0.4470179228154517, 0.33644420436777783]",112,-1
2018,[0.32684539 0.37326928],20,63,"[0.31265848991799045, 0.3636044905994273]",112,-1
2019,[0.36792588 0.3913637 ],20,44,"[0.34853587644703343, 0.40608971906389735]",112,72
2020,[0.42926512 0.30894567],20,34,"[0.4470179228154517, 0.33644420436777783]",112,37
2021,[0.35352948 0.34799183],20,30,"[0.3717358952181559, 0.3578997358568481]",-1,-1
2022,[0.2631346  0.35345937],20,57,"[0.27184000903695754, 0.33180004241702465]",112,-1
2023,[0.35950611 0.35840802],20,30,"[0.3717358952181559, 0.3578997358568481]",112,-1
2024,[0.38661144 0.34088301],20,30,"[0.3717358952181559, 0.3578997358568481]",112,62
2025,[0.33795489 0.32172233],20,63,"[0.31265848991799045, 0.3636044905994273]",101,25
2026,[0.43178766 0.40229787],20,6,"[0.40441044434758894, 0.4112979157836676]",112,72
2027,[0.34235931 0.42871947],20,67,"[0.34269865168009006, 0.44034776623612226]",112,72
2028,[0.39923756 0.37409753],20,30,"[0.3717358952181559, 0.3578997358568481]",112,-1
2029,[0.38123619 0.29886815],20,47,"[0.41917741489762755, 0.2753980840246735]",-1,-1
2030,[0.32434355 0.38790557],20,63,"[0.31265848991799045, 0.3636044905994273]",112,-1
2031,[0.34859269 0.4066521 ],20,44,"[0.34853587644703343, 0.40608971906389735]",112,72
2032,[0.38000164 0.26877769],20,47,"[0.41917741489762755, 0.2753980840246735]",-1,-1
2033,[0.39075529 0.32483566],20,30,"[0.3717358952181559, 0.3578997358568481]",112,-1
2034,[0.43103858 0.33342629],20,34,"[0.4470179228154517, 0.33644420436777783]",112,-1
2035,[0.42607786 0.35149115],20,34,"[0.4470179228154517, 0.33644420436777783]",112,-1
2036,[0.3886464  0.34478509],20,30,"[0.3717358952181559, 0.3578997358568481]",112,62
2037,[0.36588078 0.32643725],20,30,"[0.3717358952181559, 0.3578997358568481]",-1,-1
2038,[0.3571772  0.33355872],20,30,"[0.3717358952181559, 0.3578997358568481]",-1,-1
2039,[0.406108   0.31132248],20,47,"[0.41917741489762755, 0.2753980840246735]",112,37
2040,[0.40836666 0.31283218],20,47,"[0.41917741489762755, 0.2753980840246735]",112,37
2041,[0.38890124 0.43234959],20,6,"[0.40441044434758894, 0.4112979157836676]",112,72
2042,[0.36730191 0.37259231],20,30,"[0.3717358952181559, 0.3578997358568481]",112,72
2043,[0.3244251  0.40888116],20,44,"[0.34853587644703343, 0.40608971906389735]",112,-1
2044,[0.38546491 0.36142826],20,30,"[0.3717358952181559, 0.3578997358568481]",112,62
2045,[0.28448507 0.32390705],20,57,"[0.27184000903695754, 0.33180004241702465]",-1,-1
2046,[0.42334171 0.35496776],20,34,"[0.4470179228154517, 0.33644420436777783]",112,73
2047,[0.40111385 0.40338816],20,6,"[0.40441044434758894, 0.4112979157836676]",112,72
2048,[0.41545109 0.39883991],20,6,"[0.40441044434758894, 0.4112979157836676]",112,72
2049,[0.47946583 0.3769441 ],20,22,"[0.4960765404668817, 0.3879133591162554]",-1,-1
2050,[0.33573037 0.32990621],20,63,"[0.31265848991799045, 0.3636044905994273]",101,25
2051,[0.38382881 0.36945607],20,30,"[0.3717358952181559, 0.3578997358568481]",-1,-1
2052,[0.43035877 0.39208643],20,6,"[0.40441044434758894, 0.4112979157836676]",112,72
2053,[0.3870075  0.39572934],20,6,"[0.40441044434758894, 0.4112979157836676]",112,72
2054,[0.39232534 0.34556848],20,30,"[0.3717358952181559, 0.3578997358568481]",112,62
2055,[0.32033074 0.41863593],20,74,"[0.30377537934724935, 0.43721818673809004]",112,72
2056,[0.3448743  0.36660241],20,30,"[0.3717358952181559, 0.3578997358568481]",112,72
2057,[0.28114638 0.38673186],20,60,"[0.2741039163061208, 0.4090806374523096]",-1,-1
2058,[0.29297653 0.35787814],20,63,"[0.31265848991799045, 0.3636044905994273]",112,63
2059,[0.33218594 0.35378002],20,63,"[0.31265848991799045, 0.3636044905994273]",112,-1
2060,[0.34104542 0.35854342],20,63,"[0.31265848991799045, 0.3636044905994273]",112,-1
2061,[0.35288595 0.37928742],20,44,"[0.34853587644703343, 0.40608971906389735]",112,72
2062,[0.3249487  0.35840016],20,63,"[0.31265848991799045, 0.3636044905994273]",112,-1
2063,[0.403884   0.39045792],20,6,"[0.40441044434758894, 0.4112979157836676]",112,72
2064,[0.37011081 0.32898917],20,30,"[0.3717358952181559, 0.3578997358568481]",-1,-1
2065,[0.39341469 0.3338573 ],20,30,"[0.3717358952181559, 0.3578997358568481]",112,-1
2066,[0.39444589 0.24640994],20,47,"[0.41917741489762755, 0.2753980840246735]",112,47
2067,[0.37776223 0.27912926],20,20,"[0.33994633114074657, 0.26920062338349254]",-1,-1
2068,[0.31451581 0.33812755],20,63,"[0.31265848991799045, 0.3636044905994273]",84,-1
2069,[0.32373835 0.36867248],20,63,"[0.31265848991799045, 0.3636044905994273]",112,-1
2070,[0.36367335 0.40432667],20,44,"[0.34853587644703343, 0.40608971906389735]",112,72
2071,[0.35888538 0.39081857],20,44,"[0.34853587644703343, 0.40608971906389735]",112,72
2072,[0.36117963 0.40136073],20,44,"[0.34853587644703343, 0.40608971906389735]",112,72
2073,[0.37727122 0.34161307],20,30,"[0.3717358952181559, 0.3578997358568481]",112,-1
2074,[0.37124728 0.37126966],20,30,"[0.3717358952181559, 0.3578997358568481]",112,72
2075,[0.42733309 0.36457107],20,34,"[0.4470179228154517, 0.33644420436777783]",112,73
2076,[0.35636206 0.29377502],20,20,"[0.33994633114074657, 0.26920062338349254]",112,-1
2077,[0.42573172 0.30387103],20,47,"[0.41917741489762755, 0.2753980840246735]",112,-1
2078,[0.36665705 0.34620366],20,30,"[0.3717358952181559, 0.3578997358568481]",112,-1
2079,[0.34771874 0.36089211],20,30,"[0.3717358952181559, 0.3578997358568481]",112,-1
2080,[0.34093014 0.36604417],20,63,"[0.31265848991799045, 0.3636044905994273]",112,72
2081,[0.40662196 0.35593992],20,30,"[0.3717358952181559, 0.3578997358568481]",112,-1
2082,[0.30647758 0.41779744],20,74,"[0.30377537934724935, 0.43721818673809004]",112,-1
2083,[0.43927632 0.3911825 ],20,6,"[0.40441044434758894, 0.4112979157836676]",112,72
2084,[0.35250525 0.35578692],20,30,"[0.3717358952181559, 0.3578997358568481]",112,-1
2085,[0.35610164 0.35401413],20,30,"[0.3717358952181559, 0.3578997358568481]",112,-1
2086,[0.40207338 0.33179344],20,30,"[0.3717358952181559, 0.3578997358568481]",-1,-1
2087,[0.40399099 0.30153927],20,47,"[0.41917741489762755, 0.2753980840246735]",112,37
2088,[0.42714775 0.32718508],20,34,"[0.4470179228154517, 0.33644420436777783]",112,37
2089,[0.47889344 0.42834752],20,22,"[0.4960765404668817, 0.3879133591162554]",112,-1
2090,[0.33663513 0.34302714],20,63,"[0.31265848991799045, 0.3636044905994273]",-1,-1
2091,[0.41261831 0.34079945],20,34,"[0.4470179228154517, 0.33644420436777783]",-1,-1
2092,[0.3704748  0.39750517],20,44,"[0.34853587644703343, 0.40608971906389735]",112,72
2093,[0.38948452 0.32594229],20,30,"[0.3717358952181559, 0.3578997358568481]",112,-1
2094,[0.29899777 0.36424509],20,63,"[0.31265848991799045, 0.3636044905994273]",112,63
2095,[0.40433605 0.40511973],20,6,"[0.40441044434758894, 0.4112979157836676]",112,72
2096,[0.42836914 0.36390991],20,34,"[0.4470179228154517, 0.33644420436777783]",112,73
2097,[0.3655019  0.36657275],20,30,"[0.3717358952181559, 0.3578997358568481]",112,72
2098,[0.41791459 0.35760066],20,34,"[0.4470179228154517, 0.33644420436777783]",112,73
2099,[0.31925506 0.32033411],20,63,"[0.31265848991799045, 0.3636044905994273]",-1,-1
2100,[0.70484471 0.10771858],21,42,"[0.72284537991344, 0.13959659556720486]",96,-1
2101,[0.69884539 0.14633872],21,42,"[0.72284537991344, 0.13959659556720486]",112,-1
2102,[0.61267445 0.1570609 ],21,41,"[0.6450181792213053, 0.1803494340129729]",103,-1
2103,[0.70542343 0.11614363],21,42,"[0.72284537991344, 0.13959659556720486]",96,-1
2104,[0.60618302 0.09900645],21,65,"[0.6447537090834278, 0.09644071445280059]",-1,-1
2105,[0.659044   0.11101435],21,65,"[0.6447537090834278, 0.09644071445280059]",53,4
2106,[0.68296329 0.12592708],21,42,"[0.72284537991344, 0.13959659556720486]",-1,-1
2107,[0.68936119 0.16650054],21,42,"[0.72284537991344, 0.13959659556720486]",112,-1
2108,[0.63331914 0.16496459],21,41,"[0.6450181792213053, 0.1803494340129729]",103,-1
2109,[0.63642357 0.130705  ],21,65,"[0.6447537090834278, 0.09644071445280059]",-1,-1
2110,[0.70876106 0.16564372],21,42,"[0.72284537991344, 0.13959659556720486]",-1,-1
2111,[0.62157033 0.06335223],21,65,"[0.6447537090834278, 0.09644071445280059]",-1,-1
2112,[0.5702531  0.11945532],21,70,"[0.5651469735094694, 0.16500650040708084]",-1,-1
2113,[0.64699419 0.08629822],21,65,"[0.6447537090834278, 0.09644071445280059]",-1,-1
2114,[0.6049004 0.1510004],21,70,"[0.5651469735094694, 0.16500650040708084]",103,-1
2115,[0.61192422 0.16472465],21,41,"[0.6450181792213053, 0.1803494340129729]",103,-1
2116,[0.59733131 0.13875669],21,70,"[0.5651469735094694, 0.16500650040708084]",-1,-1
2117,[0.62378033 0.1292867 ],21,65,"[0.6447537090834278, 0.09644071445280059]",-1,-1
2118,[0.67967985 0.12482189],21,65,"[0.6447537090834278, 0.09644071445280059]",-1,-1
2119,[0.65928291 0.08941487],21,65,"[0.6447537090834278, 0.09644071445280059]",-1,-1
2120,[0.6723957  0.08424973],21,65,"[0.6447537090834278, 0.09644071445280059]",-1,-1
2121,[0.65877329 0.12567824],21,65,"[0.6447537090834278, 0.09644071445280059]",53,4
2122,[0.56071482 0.00778865],21,-1,-1,-1,-1
2123,[0.70619003 0.05424427],21,-1,-1,-1,-1
2124,[0.61847856 0.12143601],21,65,"[0.6447537090834278, 0.09644071445280059]",-1,-1
2125,[0.65717897 0.12757755],21,65,"[0.6447537090834278, 0.09644071445280059]",53,-1
2126,[0.6955619  0.13790565],21,42,"[0.72284537991344, 0.13959659556720486]",112,-1
2127,[0.68028685 0.0936352 ],21,65,"[0.6447537090834278, 0.09644071445280059]",-1,-1
2128,[0.68886132 0.11040287],21,42,"[0.72284537991344, 0.13959659556720486]",-1,-1
2129,[0.60066905 0.14762562],21,70,"[0.5651469735094694, 0.16500650040708084]",103,-1
2130,[0.62674732 0.06943668],21,65,"[0.6447537090834278, 0.09644071445280059]",-1,-1
2131,[0.71005407 0.11931659],21,42,"[0.72284537991344, 0.13959659556720486]",96,-1
2132,[0.66357958 0.15310398],21,41,"[0.6450181792213053, 0.1803494340129729]",-1,-1
2133,[0.60590233 0.09684435],21,65,"[0.6447537090834278, 0.09644071445280059]",-1,-1
2134,[0.59703468 0.09073881],21,65,"[0.6447537090834278, 0.09644071445280059]",-1,-1
2135,[0.58507257 0.13667682],21,70,"[0.5651469735094694, 0.16500650040708084]",-1,-1
2136,[0.64040148 0.15287952],21,41,"[0.6450181792213053, 0.1803494340129729]",-1,-1
2137,[0.66889959 0.15293456],21,41,"[0.6450181792213053, 0.1803494340129729]",-1,-1
2138,[0.64674967 0.18310428],21,41,"[0.6450181792213053, 0.1803494340129729]",112,-1
2139,[0.64009226 0.08738001],21,65,"[0.6447537090834278, 0.09644071445280059]",-1,-1
2140,[0.64267457 0.1902368 ],21,41,"[0.6450181792213053, 0.1803494340129729]",112,74
2141,[0.67239847 0.21106511],21,41,"[0.6450181792213053, 0.1803494340129729]",-1,-1
2142,[0.66972939 0.09465747],21,65,"[0.6447537090834278, 0.09644071445280059]",-1,-1
2143,[0.64800513 0.05839988],21,65,"[0.6447537090834278, 0.09644071445280059]",-1,-1
2144,[0.57622711 0.14229292],21,70,"[0.5651469735094694, 0.16500650040708084]",-1,-1
2145,[0.64755123 0.09563828],21,65,"[0.6447537090834278, 0.09644071445280059]",53,-1
2146,[0.58465423 0.05771747],21,-1,-1,-1,-1
2147,[0.66003472 0.12488353],21,65,"[0.6447537090834278, 0.09644071445280059]",53,4
2148,[0.66171763 0.12448598],21,65,"[0.6447537090834278, 0.09644071445280059]",53,4
2149,[0.60987413 0.18044186],21,41,"[0.6450181792213053, 0.1803494340129729]",-1,-1
2150,[0.5598103  0.09126767],21,-1,-1,-1,-1
2151,[0.60822564 0.05661877],21,65,"[0.6447537090834278, 0.09644071445280059]",-1,-1
2152,[0.69850713 0.13947975],21,42,"[0.72284537991344, 0.13959659556720486]",112,-1
2153,[0.6680317  0.17205413],21,41,"[0.6450181792213053, 0.1803494340129729]",112,-1
2154,[0.67938578 0.08117664],21,65,"[0.6447537090834278, 0.09644071445280059]",-1,-1
2155,[0.65994879 0.05106638],21,65,"[0.6447537090834278, 0.09644071445280059]",-1,-1
2156,[0.68545061 0.06616535],21,65,"[0.6447537090834278, 0.09644071445280059]",-1,-1
2157,[0.72676546 0.12609685],21,42,"[0.72284537991344, 0.13959659556720486]",64,-1
2158,[0.70588101 0.13978965],21,42,"[0.72284537991344, 0.13959659556720486]",112,-1
2159,[0.60496446 0.07699803],21,65,"[0.6447537090834278, 0.09644071445280059]",-1,-1
2160,[0.65515057 0.065885  ],21,65,"[0.6447537090834278, 0.09644071445280059]",-1,-1
2161,[0.66951202 0.08819371],21,65,"[0.6447537090834278, 0.09644071445280059]",-1,-1
2162,[0.59635253 0.08581851],21,65,"[0.6447537090834278, 0.09644071445280059]",-1,-1
2163,[0.64883978 0.11412489],21,65,"[0.6447537090834278, 0.09644071445280059]",53,4
2164,[0.70921845 0.08696836],21,42,"[0.72284537991344, 0.13959659556720486]",-1,-1
2165,[0.63330162 0.14056356],21,41,"[0.6450181792213053, 0.1803494340129729]",-1,-1
2166,[0.62784776 0.10353347],21,65,"[0.6447537090834278, 0.09644071445280059]",-1,-1
2167,[0.63686336 0.16215086],21,41,"[0.6450181792213053, 0.1803494340129729]",103,-1
2168,[0.59948851 0.07617157],21,65,"[0.6447537090834278, 0.09644071445280059]",-1,-1
2169,[0.65551666 0.09208234],21,65,"[0.6447537090834278, 0.09644071445280059]",-1,-1
2170,[0.54901868 0.1756297 ],21,70,"[0.5651469735094694, 0.16500650040708084]",112,-1
2171,[0.60286363 0.10937555],21,65,"[0.6447537090834278, 0.09644071445280059]",-1,-1
2172,[0.59638081 0.12581838],21,70,"[0.5651469735094694, 0.16500650040708084]",-1,-1
2173,[0.64709332 0.10576047],21,65,"[0.6447537090834278, 0.09644071445280059]",53,-1
2174,[0.66439784 0.16921665],21,41,"[0.6450181792213053, 0.1803494340129729]",112,-1
2175,[0.63084888 0.14243686],21,41,"[0.6450181792213053, 0.1803494340129729]",-1,-1
2176,[0.58941518 0.13540859],21,70,"[0.5651469735094694, 0.16500650040708084]",-1,-1
2177,[0.66414311 0.14349031],21,41,"[0.6450181792213053, 0.1803494340129729]",-1,-1
2178,[0.64120775 0.17139405],21,41,"[0.6450181792213053, 0.1803494340129729]",-1,-1
2179,[0.64721177 0.19462102],21,41,"[0.6450181792213053, 0.1803494340129729]",112,74
2180,[0.71146596 0.14885355],21,42,"[0.72284537991344, 0.13959659556720486]",-1,-1
2181,[0.70209972 0.10214045],21,42,"[0.72284537991344, 0.13959659556720486]",-1,-1
2182,[0.70116451 0.14037941],21,42,"[0.72284537991344, 0.13959659556720486]",112,-1
2183,[0.63384612 0.1324053 ],21,65,"[0.6447537090834278, 0.09644071445280059]",-1,-1
2184,[0.6465464  0.11168754],21,65,"[0.6447537090834278, 0.09644071445280059]",53,-1
2185,[0.64607588 0.15891171],21,41,"[0.6450181792213053, 0.1803494340129729]",-1,-1
2186,[0.69573021 0.08736171],21,65,"[0.6447537090834278, 0.09644071445280059]",-1,-1
2187,[0.67634566 0.13551241],21,42,"[0.72284537991344, 0.13959659556720486]",-1,-1
2188,[0.73548457 0.14479703],21,42,"[0.72284537991344, 0.13959659556720486]",112,-1
2189,[0.59397434 0.12678645],21,70,"[0.5651469735094694, 0.16500650040708084]",-1,-1
2190,[0.61500082 0.04158571],21,65,"[0.6447537090834278, 0.09644071445280059]",-1,-1
2191,[0.62157673 0.16023821],21,41,"[0.6450181792213053, 0.1803494340129729]",103,-1
2192,[0.69634608 0.08596615],21,65,"[0.6447537090834278, 0.09644071445280059]",-1,-1
2193,[0.65826814 0.10974194],21,65,"[0.6447537090834278, 0.09644071445280059]",53,4
2194,[0.6207653  0.14897706],21,41,"[0.6450181792213053, 0.1803494340129729]",-1,-1
2195,[0.61573305 0.11200546],21,65,"[0.6447537090834278, 0.09644071445280059]",-1,-1
2196,[0.54954803 0.17486661],21,70,"[0.5651469735094694, 0.16500650040708084]",112,-1
2197,[0.66672022 0.12792673],21,65,"[0.6447537090834278, 0.09644071445280059]",53,4
2198,[0.66229045 0.12176866],21,65,"[0.6447537090834278, 0.09644071445280059]",53,4
2199,[0.6535574  0.11410383],21,65,"[0.6447537090834278, 0.09644071445280059]",53,4
2200,[0.44279805 0.70071962],22,48,"[0.45117785646922254, 0.7079436468031785]",-1,-1
2201,[0.47638504 0.65973146],22,36,"[0.5286985042700821, 0.6516604258431233]",112,-1
2202,[0.46018791 0.66527152],22,48,"[0.45117785646922254, 0.7079436468031785]",112,-1
2203,[0.45070969 0.71992598],22,48,"[0.45117785646922254, 0.7079436468031785]",-1,-1
2204,[0.45578407 0.57851429],22,8,"[0.47040203841495126, 0.5433047126172346]",112,-1
2205,[0.4630001  0.66774435],22,48,"[0.45117785646922254, 0.7079436468031785]",112,-1
2206,[0.4335797 0.63998  ],22,1,"[0.4254611998702779, 0.6260428590068665]",-1,-1
2207,[0.47887831 0.73460891],22,48,"[0.45117785646922254, 0.7079436468031785]",106,23
2208,[0.45833039 0.66032222],22,1,"[0.4254611998702779, 0.6260428590068665]",112,-1
2209,[0.48214827 0.66225083],22,36,"[0.5286985042700821, 0.6516604258431233]",112,-1
2210,[0.49784103 0.5960897 ],22,8,"[0.47040203841495126, 0.5433047126172346]",-1,-1
2211,[0.4781919  0.68900274],22,48,"[0.45117785646922254, 0.7079436468031785]",-1,-1
2212,[0.45627199 0.58344231],22,8,"[0.47040203841495126, 0.5433047126172346]",112,72
2213,[0.40564736 0.65017051],22,1,"[0.4254611998702779, 0.6260428590068665]",112,-1
2214,[0.4206036  0.63723948],22,1,"[0.4254611998702779, 0.6260428590068665]",112,-1
2215,[0.50791697 0.60664445],22,36,"[0.5286985042700821, 0.6516604258431233]",-1,-1
2216,[0.5083969  0.55178837],22,8,"[0.47040203841495126, 0.5433047126172346]",49,-1
2217,[0.48468497 0.7022967 ],22,48,"[0.45117785646922254, 0.7079436468031785]",111,-1
2218,[0.4270622  0.58367227],22,1,"[0.4254611998702779, 0.6260428590068665]",112,72
2219,[0.40478483 0.69669934],22,28,"[0.3665533604727163, 0.7224000836333309]",-1,-1
2220,[0.4740702  0.65806794],22,48,"[0.45117785646922254, 0.7079436468031785]",112,-1
2221,[0.51333151 0.62514011],22,36,"[0.5286985042700821, 0.6516604258431233]",62,-1
2222,[0.4202162  0.68930086],22,48,"[0.45117785646922254, 0.7079436468031785]",112,-1
2223,[0.46122397 0.62256922],22,1,"[0.4254611998702779, 0.6260428590068665]",112,61
2224,[0.44983596 0.64248849],22,1,"[0.4254611998702779, 0.6260428590068665]",112,-1
2225,[0.48408625 0.70164831],22,48,"[0.45117785646922254, 0.7079436468031785]",111,-1
2226,[0.46069579 0.72628886],22,48,"[0.45117785646922254, 0.7079436468031785]",94,23
2227,[0.47130645 0.66411648],22,48,"[0.45117785646922254, 0.7079436468031785]",112,-1
2228,[0.45218978 0.6443091 ],22,1,"[0.4254611998702779, 0.6260428590068665]",112,-1
2229,[0.42387272 0.64585187],22,1,"[0.4254611998702779, 0.6260428590068665]",112,-1
2230,[0.46877594 0.63501008],22,1,"[0.4254611998702779, 0.6260428590068665]",-1,-1
2231,[0.49438705 0.64110465],22,36,"[0.5286985042700821, 0.6516604258431233]",-1,-1
2232,[0.5128605  0.65001866],22,36,"[0.5286985042700821, 0.6516604258431233]",111,-1
2233,[0.45549618 0.65618611],22,1,"[0.4254611998702779, 0.6260428590068665]",112,-1
2234,[0.45665433 0.6956099 ],22,48,"[0.45117785646922254, 0.7079436468031785]",-1,-1
2235,[0.45021058 0.64412276],22,1,"[0.4254611998702779, 0.6260428590068665]",112,-1
2236,[0.52543622 0.6752139 ],22,36,"[0.5286985042700821, 0.6516604258431233]",111,42
2237,[0.46381435 0.66004436],22,48,"[0.45117785646922254, 0.7079436468031785]",112,-1
2238,[0.43935868 0.66045984],22,1,"[0.4254611998702779, 0.6260428590068665]",112,-1
2239,[0.49125348 0.71860209],22,23,"[0.5302520860132256, 0.7258783520828289]",-1,-1
2240,[0.40940079 0.64207716],22,1,"[0.4254611998702779, 0.6260428590068665]",112,72
2241,[0.45864645 0.61098846],22,1,"[0.4254611998702779, 0.6260428590068665]",112,61
2242,[0.49751992 0.65394687],22,36,"[0.5286985042700821, 0.6516604258431233]",-1,-1
2243,[0.42040011 0.64621683],22,1,"[0.4254611998702779, 0.6260428590068665]",112,-1
2244,[0.44184718 0.61342877],22,1,"[0.4254611998702779, 0.6260428590068665]",112,-1
2245,[0.45414079 0.67757212],22,48,"[0.45117785646922254, 0.7079436468031785]",-1,-1
2246,[0.48128703 0.63177782],22,36,"[0.5286985042700821, 0.6516604258431233]",-1,-1
2247,[0.46466196 0.72365144],22,48,"[0.45117785646922254, 0.7079436468031785]",94,23
2248,[0.40212489 0.59294425],22,99,"[0.3648028013992237, 0.5971623021773774]",112,-1
2249,[0.48292804 0.67929799],22,48,"[0.45117785646922254, 0.7079436468031785]",111,-1
2250,[0.39446809 0.64279155],22,1,"[0.4254611998702779, 0.6260428590068665]",112,72
2251,[0.46054264 0.62721879],22,1,"[0.4254611998702779, 0.6260428590068665]",112,-1
2252,[0.41546005 0.69224606],22,48,"[0.45117785646922254, 0.7079436468031785]",-1,-1
2253,[0.4500475  0.66912588],22,48,"[0.45117785646922254, 0.7079436468031785]",112,-1
2254,[0.41604112 0.64485081],22,1,"[0.4254611998702779, 0.6260428590068665]",112,-1
2255,[0.43008357 0.61987491],22,1,"[0.4254611998702779, 0.6260428590068665]",112,72
2256,[0.46931707 0.63462318],22,1,"[0.4254611998702779, 0.6260428590068665]",112,-1
2257,[0.50946562 0.66455258],22,36,"[0.5286985042700821, 0.6516604258431233]",111,-1
2258,[0.42972838 0.60982592],22,1,"[0.4254611998702779, 0.6260428590068665]",112,72
2259,[0.47744446 0.62822968],22,1,"[0.4254611998702779, 0.6260428590068665]",-1,-1
2260,[0.4146472  0.68109795],22,48,"[0.45117785646922254, 0.7079436468031785]",-1,-1
2261,[0.45266114 0.63727119],22,1,"[0.4254611998702779, 0.6260428590068665]",112,-1
2262,[0.47491571 0.65557445],22,36,"[0.5286985042700821, 0.6516604258431233]",112,-1
2263,[0.4873743  0.59887459],22,8,"[0.47040203841495126, 0.5433047126172346]",-1,-1
2264,[0.50194585 0.69945857],22,23,"[0.5302520860132256, 0.7258783520828289]",111,-1
2265,[0.46311978 0.60380366],22,1,"[0.4254611998702779, 0.6260428590068665]",112,61
2266,[0.46301393 0.6663839 ],22,48,"[0.45117785646922254, 0.7079436468031785]",112,-1
2267,[0.46438573 0.60346614],22,1,"[0.4254611998702779, 0.6260428590068665]",112,61
2268,[0.402922   0.64707444],22,1,"[0.4254611998702779, 0.6260428590068665]",112,72
2269,[0.477917   0.66757982],22,48,"[0.45117785646922254, 0.7079436468031785]",112,-1
2270,[0.41176667 0.67346953],22,1,"[0.4254611998702779, 0.6260428590068665]",-1,-1
2271,[0.45282265 0.62869213],22,1,"[0.4254611998702779, 0.6260428590068665]",112,61
2272,[0.41608861 0.70848683],22,48,"[0.45117785646922254, 0.7079436468031785]",-1,-1
2273,[0.43511255 0.66288378],22,1,"[0.4254611998702779, 0.6260428590068665]",112,-1
2274,[0.42871046 0.66038111],22,1,"[0.4254611998702779, 0.6260428590068665]",112,-1
2275,[0.4634595  0.64200612],22,1,"[0.4254611998702779, 0.6260428590068665]",-1,-1
2276,[0.40526963 0.65591247],22,1,"[0.4254611998702779, 0.6260428590068665]",112,-1
2277,[0.47954976 0.60795252],22,1,"[0.4254611998702779, 0.6260428590068665]",-1,-1
2278,[0.44467016 0.67304249],22,48,"[0.45117785646922254, 0.7079436468031785]",112,-1
2279,[0.46041775 0.61648889],22,1,"[0.4254611998702779, 0.6260428590068665]",112,-1
2280,[0.41226748 0.72386899],22,48,"[0.45117785646922254, 0.7079436468031785]",-1,-1
2281,[0.43827835 0.67030938],22,48,"[0.45117785646922254, 0.7079436468031785]",112,-1
2282,[0.44331026 0.58656265],22,1,"[0.4254611998702779, 0.6260428590068665]",112,72
2283,[0.50694199 0.650639  ],22,36,"[0.5286985042700821, 0.6516604258431233]",111,-1
2284,[0.51688508 0.68717228],22,36,"[0.5286985042700821, 0.6516604258431233]",111,42
2285,[0.49124504 0.65174017],22,36,"[0.5286985042700821, 0.6516604258431233]",-1,-1
2286,[0.43987369 0.68421161],22,48,"[0.45117785646922254, 0.7079436468031785]",112,-1
2287,[0.47623312 0.67150213],22,48,"[0.45117785646922254, 0.7079436468031785]",112,-1
2288,[0.40339301 0.6080198 ],22,1,"[0.4254611998702779, 0.6260428590068665]",112,72
2289,[0.42583656 0.6818562 ],22,48,"[0.45117785646922254, 0.7079436468031785]",112,-1
2290,[0.46475358 0.62736079],22,1,"[0.4254611998702779, 0.6260428590068665]",112,-1
2291,[0.45798769 0.60683981],22,1,"[0.4254611998702779, 0.6260428590068665]",112,61
2292,[0.51527536 0.61159255],22,36,"[0.5286985042700821, 0.6516604258431233]",-1,-1
2293,[0.48310507 0.67224171],22,48,"[0.45117785646922254, 0.7079436468031785]",111,-1
2294,[0.43353314 0.67658223],22,48,"[0.45117785646922254, 0.7079436468031785]",112,-1
2295,[0.41196753 0.64875308],22,1,"[0.4254611998702779, 0.6260428590068665]",112,72
2296,[0.4676072  0.72716282],22,48,"[0.45117785646922254, 0.7079436468031785]",94,23
2297,[0.47525943 0.66708668],22,48,"[0.45117785646922254, 0.7079436468031785]",112,-1
2298,[0.46452778 0.68751824],22,48,"[0.45117785646922254, 0.7079436468031785]",-1,-1
2299,[0.45244521 0.63912366],22,1,"[0.4254611998702779, 0.6260428590068665]",112,-1
2300,[0.73035819 0.25619348],23,12,"[0.7527256969797409, 0.25319450872866317]",112,80
2301,[0.74464701 0.29600619],23,9,"[0.7400409662228525, 0.324036995192541]",112,-1
2302,[0.70727593 0.19807534],23,19,"[0.7145100801879051, 0.21082941063088514]",-1,-1
2303,[0.71310723 0.34197683],23,9,"[0.7400409662228525, 0.324036995192541]",112,-1
2304,[0.72951167 0.37770258],23,37,"[0.7430889106835223, 0.4145167779633026]",-1,-1
2305,[0.74784015 0.24258451],23,12,"[0.7527256969797409, 0.25319450872866317]",112,80
2306,[0.66696115 0.26449983],23,0,"[0.6718634683454, 0.284181654083953]",112,80
2307,[0.71543854 0.21660553],23,19,"[0.7145100801879051, 0.21082941063088514]",112,80
2308,[0.62036311 0.29828898],23,4,"[0.621879023183751, 0.3152829127139686]",112,80
2309,[0.6530694  0.29204048],23,0,"[0.6718634683454, 0.284181654083953]",112,80
2310,[0.69524453 0.22469267],23,19,"[0.7145100801879051, 0.21082941063088514]",112,-1
2311,[0.6334049  0.28705797],23,4,"[0.621879023183751, 0.3152829127139686]",112,80
2312,[0.70799169 0.2319381 ],23,19,"[0.7145100801879051, 0.21082941063088514]",112,80
2313,[0.65917592 0.32403482],23,4,"[0.621879023183751, 0.3152829127139686]",112,80
2314,[0.67925624 0.27160517],23,0,"[0.6718634683454, 0.284181654083953]",112,80
2315,[0.75642318 0.26724418],23,12,"[0.7527256969797409, 0.25319450872866317]",112,80
2316,[0.67743127 0.2231193 ],23,19,"[0.7145100801879051, 0.21082941063088514]",112,-1
2317,[0.68812925 0.25143324],23,0,"[0.6718634683454, 0.284181654083953]",112,80
2318,[0.60681023 0.27379238],23,4,"[0.621879023183751, 0.3152829127139686]",112,80
2319,[0.74391171 0.29619039],23,9,"[0.7400409662228525, 0.324036995192541]",112,76
2320,[0.7358702  0.32577132],23,9,"[0.7400409662228525, 0.324036995192541]",112,76
2321,[0.69407534 0.3260839 ],23,9,"[0.7400409662228525, 0.324036995192541]",112,-1
2322,[0.69940949 0.29387623],23,0,"[0.6718634683454, 0.284181654083953]",112,80
2323,[0.64054306 0.27849179],23,0,"[0.6718634683454, 0.284181654083953]",112,80
2324,[0.73457024 0.2772912 ],23,12,"[0.7527256969797409, 0.25319450872866317]",112,80
2325,[0.75016935 0.28352352],23,12,"[0.7527256969797409, 0.25319450872866317]",112,-1
2326,[0.74200263 0.32264406],23,9,"[0.7400409662228525, 0.324036995192541]",112,76
2327,[0.65902524 0.30860047],23,0,"[0.6718634683454, 0.284181654083953]",112,80
2328,[0.68147048 0.21911221],23,19,"[0.7145100801879051, 0.21082941063088514]",112,-1
2329,[0.69974306 0.27544348],23,0,"[0.6718634683454, 0.284181654083953]",112,80
2330,[0.72527852 0.25711416],23,12,"[0.7527256969797409, 0.25319450872866317]",112,80
2331,[0.71237926 0.27545815],23,0,"[0.6718634683454, 0.284181654083953]",112,-1
2332,[0.6683315  0.31842902],23,0,"[0.6718634683454, 0.284181654083953]",112,80
2333,[0.69906232 0.27235881],23,0,"[0.6718634683454, 0.284181654083953]",112,80
2334,[0.68626978 0.26266201],23,0,"[0.6718634683454, 0.284181654083953]",112,80
2335,[0.62868487 0.28305349],23,4,"[0.621879023183751, 0.3152829127139686]",112,80
2336,[0.73615798 0.28643838],23,12,"[0.7527256969797409, 0.25319450872866317]",112,-1
2337,[0.730437   0.27074901],23,12,"[0.7527256969797409, 0.25319450872866317]",112,80
2338,[0.74258718 0.30828958],23,9,"[0.7400409662228525, 0.324036995192541]",112,76
2339,[0.69562194 0.26668087],23,0,"[0.6718634683454, 0.284181654083953]",112,80
2340,[0.64434573 0.36661839],23,5,"[0.6450318820843447, 0.4074212796508608]",112,-1
2341,[0.66805704 0.29782914],23,0,"[0.6718634683454, 0.284181654083953]",112,80
2342,[0.67462388 0.24826754],23,0,"[0.6718634683454, 0.284181654083953]",112,80
2343,[0.69400908 0.25329566],23,0,"[0.6718634683454, 0.284181654083953]",112,80
2344,[0.6796932  0.34111969],23,0,"[0.6718634683454, 0.284181654083953]",112,80
2345,[0.71320801 0.28349484],23,0,"[0.6718634683454, 0.284181654083953]",112,80
2346,[0.63328756 0.27517833],23,0,"[0.6718634683454, 0.284181654083953]",112,80
2347,[0.68086428 0.30022517],23,0,"[0.6718634683454, 0.284181654083953]",112,80
2348,[0.59718042 0.3376861 ],23,4,"[0.621879023183751, 0.3152829127139686]",-1,-1
2349,[0.70064237 0.23331931],23,19,"[0.7145100801879051, 0.21082941063088514]",112,80
2350,[0.71591016 0.29323202],23,9,"[0.7400409662228525, 0.324036995192541]",112,80
2351,[0.67450024 0.3223329 ],23,0,"[0.6718634683454, 0.284181654083953]",112,80
2352,[0.6955422  0.29363183],23,0,"[0.6718634683454, 0.284181654083953]",112,80
2353,[0.64211232 0.26736938],23,0,"[0.6718634683454, 0.284181654083953]",112,80
2354,[0.67807306 0.23313808],23,19,"[0.7145100801879051, 0.21082941063088514]",112,-1
2355,[0.65227627 0.24407008],23,0,"[0.6718634683454, 0.284181654083953]",112,80
2356,[0.7086267  0.20817048],23,19,"[0.7145100801879051, 0.21082941063088514]",112,-1
2357,[0.7283764 0.2584366],23,12,"[0.7527256969797409, 0.25319450872866317]",112,80
2358,[0.68159332 0.30146539],23,0,"[0.6718634683454, 0.284181654083953]",112,80
2359,[0.70630956 0.34331005],23,9,"[0.7400409662228525, 0.324036995192541]",112,-1
2360,[0.69943878 0.2909801 ],23,0,"[0.6718634683454, 0.284181654083953]",112,80
2361,[0.71633454 0.30414032],23,9,"[0.7400409662228525, 0.324036995192541]",112,80
2362,[0.71276337 0.37579619],23,37,"[0.7430889106835223, 0.4145167779633026]",112,-1
2363,[0.72779293 0.2931056 ],23,9,"[0.7400409662228525, 0.324036995192541]",112,-1
2364,[0.66725945 0.32947701],23,0,"[0.6718634683454, 0.284181654083953]",112,80
2365,[0.63655603 0.3267841 ],23,4,"[0.621879023183751, 0.3152829127139686]",112,-1
2366,[0.68383748 0.25129345],23,0,"[0.6718634683454, 0.284181654083953]",112,80
2367,[0.61204014 0.23779888],23,7,"[0.6005437719733706, 0.22857083174818627]",112,80
2368,[0.63576346 0.25282817],23,7,"[0.6005437719733706, 0.22857083174818627]",112,80
2369,[0.59035118 0.24269928],23,7,"[0.6005437719733706, 0.22857083174818627]",112,80
2370,[0.66134806 0.24036761],23,0,"[0.6718634683454, 0.284181654083953]",112,80
2371,[0.65285167 0.30827071],23,0,"[0.6718634683454, 0.284181654083953]",112,80
2372,[0.67477201 0.24349361],23,0,"[0.6718634683454, 0.284181654083953]",112,80
2373,[0.69451289 0.2799499 ],23,0,"[0.6718634683454, 0.284181654083953]",112,80
2374,[0.7118086  0.33009743],23,9,"[0.7400409662228525, 0.324036995192541]",-1,-1
2375,[0.72664201 0.27831995],23,12,"[0.7527256969797409, 0.25319450872866317]",112,80
2376,[0.66417738 0.28146429],23,0,"[0.6718634683454, 0.284181654083953]",112,80
2377,[0.71938542 0.3837727 ],23,37,"[0.7430889106835223, 0.4145167779633026]",-1,-1
2378,[0.67090588 0.26368728],23,0,"[0.6718634683454, 0.284181654083953]",112,80
2379,[0.67927233 0.34068138],23,0,"[0.6718634683454, 0.284181654083953]",112,80
2380,[0.70966395 0.28967223],23,0,"[0.6718634683454, 0.284181654083953]",112,80
2381,[0.73392506 0.26384322],23,12,"[0.7527256969797409, 0.25319450872866317]",112,80
2382,[0.66393517 0.25225302],23,0,"[0.6718634683454, 0.284181654083953]",112,80
2383,[0.72722377 0.32522686],23,9,"[0.7400409662228525, 0.324036995192541]",112,76
2384,[0.70280225 0.26900068],23,0,"[0.6718634683454, 0.284181654083953]",112,80
2385,[0.70567831 0.24390774],23,19,"[0.7145100801879051, 0.21082941063088514]",112,-1
2386,[0.69401401 0.24323839],23,19,"[0.7145100801879051, 0.21082941063088514]",112,80
2387,[0.72193601 0.32282851],23,9,"[0.7400409662228525, 0.324036995192541]",112,76
2388,[0.67694227 0.26228288],23,0,"[0.6718634683454, 0.284181654083953]",112,80
2389,[0.70096628 0.32020906],23,9,"[0.7400409662228525, 0.324036995192541]",112,80
2390,[0.65205292 0.24806577],23,0,"[0.6718634683454, 0.284181654083953]",112,-1
2391,[0.66443087 0.28009303],23,0,"[0.6718634683454, 0.284181654083953]",112,80
2392,[0.74903202 0.34545053],23,9,"[0.7400409662228525, 0.324036995192541]",110,58
2393,[0.64492135 0.33331868],23,4,"[0.621879023183751, 0.3152829127139686]",112,-1
2394,[0.73319358 0.3108041 ],23,9,"[0.7400409662228525, 0.324036995192541]",112,-1
2395,[0.68712452 0.2678442 ],23,0,"[0.6718634683454, 0.284181654083953]",112,80
2396,[0.66748681 0.30102792],23,0,"[0.6718634683454, 0.284181654083953]",112,80
2397,[0.6567002  0.30254201],23,0,"[0.6718634683454, 0.284181654083953]",112,80
2398,[0.61344346 0.2262366 ],23,7,"[0.6005437719733706, 0.22857083174818627]",112,80
2399,[0.71729655 0.25299303],23,12,"[0.7527256969797409, 0.25319450872866317]",112,80
2400,[0.31551452 0.21839678],24,54,"[0.30468739666036593, 0.22018864942906555]",112,-1
2401,[0.27551833 0.19716079],24,54,"[0.30468739666036593, 0.22018864942906555]",98,-1
2402,[0.32970392 0.19233628],24,54,"[0.30468739666036593, 0.22018864942906555]",112,-1
2403,[0.24594121 0.10713927],24,13,"[0.2025998647821635, 0.11869015064244322]",-1,-1
2404,[0.33219067 0.26716984],24,20,"[0.33994633114074657, 0.26920062338349254]",-1,-1
2405,[0.33061543 0.15710225],24,55,"[0.3459077460087649, 0.15794172531040296]",112,46
2406,[0.31257889 0.21603759],24,54,"[0.30468739666036593, 0.22018864942906555]",112,-1
2407,[0.38426328 0.1473585 ],24,55,"[0.3459077460087649, 0.15794172531040296]",-1,-1
2408,[0.32049688 0.16008857],24,55,"[0.3459077460087649, 0.15794172531040296]",112,46
2409,[0.42396114 0.23622043],24,47,"[0.41917741489762755, 0.2753980840246735]",-1,-1
2410,[0.30389231 0.1561625 ],24,35,"[0.2755048470763658, 0.14107016212345297]",112,-1
2411,[0.28336858 0.22899414],24,54,"[0.30468739666036593, 0.22018864942906555]",-1,-1
2412,[0.36756452 0.22153111],24,16,"[0.3922781621956629, 0.20389538485907233]",112,50
2413,[0.31460443 0.20701187],24,54,"[0.30468739666036593, 0.22018864942906555]",112,-1
2414,[0.36970029 0.28871375],24,20,"[0.33994633114074657, 0.26920062338349254]",112,-1
2415,[0.29050454 0.20027976],24,54,"[0.30468739666036593, 0.22018864942906555]",98,36
2416,[0.40262716 0.17711206],24,16,"[0.3922781621956629, 0.20389538485907233]",112,34
2417,[0.29457164 0.20609627],24,54,"[0.30468739666036593, 0.22018864942906555]",98,-1
2418,[0.36984484 0.24400063],24,20,"[0.33994633114074657, 0.26920062338349254]",112,-1
2419,[0.4079738  0.18418188],24,16,"[0.3922781621956629, 0.20389538485907233]",112,-1
2420,[0.3200064 0.2530364],24,20,"[0.33994633114074657, 0.26920062338349254]",112,-1
2421,[0.32669593 0.16383492],24,55,"[0.3459077460087649, 0.15794172531040296]",112,46
2422,[0.25796485 0.22730411],24,58,"[0.23587849952508277, 0.1945277456030734]",-1,-1
2423,[0.24395902 0.23332108],24,58,"[0.23587849952508277, 0.1945277456030734]",-1,-1
2424,[0.3591055  0.17848822],24,55,"[0.3459077460087649, 0.15794172531040296]",112,-1
2425,[0.3389285  0.25933756],24,20,"[0.33994633114074657, 0.26920062338349254]",112,-1
2426,[0.37870303 0.24652044],24,16,"[0.3922781621956629, 0.20389538485907233]",112,-1
2427,[0.36540968 0.24644387],24,20,"[0.33994633114074657, 0.26920062338349254]",-1,-1
2428,[0.3186982  0.21046032],24,54,"[0.30468739666036593, 0.22018864942906555]",112,-1
2429,[0.33407102 0.21756568],24,54,"[0.30468739666036593, 0.22018864942906555]",112,51
2430,[0.26806124 0.15909378],24,35,"[0.2755048470763658, 0.14107016212345297]",112,35
2431,[0.26903445 0.1644441 ],24,35,"[0.2755048470763658, 0.14107016212345297]",112,35
2432,[0.36276112 0.21342454],24,16,"[0.3922781621956629, 0.20389538485907233]",112,50
2433,[0.32588563 0.25343883],24,20,"[0.33994633114074657, 0.26920062338349254]",112,-1
2434,[0.40696419 0.22402445],24,16,"[0.3922781621956629, 0.20389538485907233]",112,-1
2435,[0.31179203 0.22384163],24,54,"[0.30468739666036593, 0.22018864942906555]",-1,-1
2436,[0.42223038 0.21076229],24,16,"[0.3922781621956629, 0.20389538485907233]",-1,-1
2437,[0.37153976 0.15597068],24,55,"[0.3459077460087649, 0.15794172531040296]",112,-1
2438,[0.35456614 0.26140642],24,20,"[0.33994633114074657, 0.26920062338349254]",112,-1
2439,[0.26002634 0.14641269],24,35,"[0.2755048470763658, 0.14107016212345297]",112,-1
2440,[0.32500283 0.23162138],24,54,"[0.30468739666036593, 0.22018864942906555]",112,-1
2441,[0.35187628 0.26843113],24,20,"[0.33994633114074657, 0.26920062338349254]",112,-1
2442,[0.35291344 0.26201887],24,20,"[0.33994633114074657, 0.26920062338349254]",112,-1
2443,[0.37031781 0.15746906],24,55,"[0.3459077460087649, 0.15794172531040296]",112,-1
2444,[0.39284063 0.20023234],24,16,"[0.3922781621956629, 0.20389538485907233]",112,-1
2445,[0.36769873 0.15979629],24,55,"[0.3459077460087649, 0.15794172531040296]",112,-1
2446,[0.35075787 0.24278421],24,20,"[0.33994633114074657, 0.26920062338349254]",-1,-1
2447,[0.30118648 0.193952  ],24,54,"[0.30468739666036593, 0.22018864942906555]",97,36
2448,[0.3627794  0.23468361],24,20,"[0.33994633114074657, 0.26920062338349254]",112,-1
2449,[0.34290398 0.19622473],24,55,"[0.3459077460087649, 0.15794172531040296]",-1,-1
2450,[0.3356792 0.2436485],24,20,"[0.33994633114074657, 0.26920062338349254]",112,51
2451,[0.35299148 0.21069517],24,16,"[0.3922781621956629, 0.20389538485907233]",-1,-1
2452,[0.31017107 0.19443729],24,54,"[0.30468739666036593, 0.22018864942906555]",-1,-1
2453,[0.33647398 0.22211923],24,54,"[0.30468739666036593, 0.22018864942906555]",112,51
2454,[0.34798661 0.17786611],24,55,"[0.3459077460087649, 0.15794172531040296]",-1,-1
2455,[0.36267364 0.20705721],24,16,"[0.3922781621956629, 0.20389538485907233]",112,50
2456,[0.38692616 0.19946614],24,16,"[0.3922781621956629, 0.20389538485907233]",112,-1
2457,[0.35712562 0.18048679],24,55,"[0.3459077460087649, 0.15794172531040296]",112,-1
2458,[0.30606302 0.17736541],24,54,"[0.30468739666036593, 0.22018864942906555]",97,-1
2459,[0.35166321 0.26396535],24,20,"[0.33994633114074657, 0.26920062338349254]",112,-1
2460,[0.26926483 0.22019585],24,54,"[0.30468739666036593, 0.22018864942906555]",-1,-1
2461,[0.35747918 0.2234086 ],24,16,"[0.3922781621956629, 0.20389538485907233]",112,-1
2462,[0.33076348 0.21617432],24,54,"[0.30468739666036593, 0.22018864942906555]",112,51
2463,[0.36490198 0.21596623],24,16,"[0.3922781621956629, 0.20389538485907233]",112,50
2464,[0.27515512 0.20621697],24,54,"[0.30468739666036593, 0.22018864942906555]",98,-1
2465,[0.30134508 0.17227262],24,35,"[0.2755048470763658, 0.14107016212345297]",97,36
2466,[0.31088707 0.25614321],24,20,"[0.33994633114074657, 0.26920062338349254]",112,-1
2467,[0.27431568 0.20075421],24,54,"[0.30468739666036593, 0.22018864942906555]",98,-1
2468,[0.28160427 0.19869841],24,54,"[0.30468739666036593, 0.22018864942906555]",98,36
2469,[0.29138273 0.20025629],24,54,"[0.30468739666036593, 0.22018864942906555]",98,36
2470,[0.28369097 0.25778245],24,54,"[0.30468739666036593, 0.22018864942906555]",112,43
2471,[0.28116812 0.2028366 ],24,54,"[0.30468739666036593, 0.22018864942906555]",98,36
2472,[0.32934711 0.17824365],24,55,"[0.3459077460087649, 0.15794172531040296]",112,-1
2473,[0.36920218 0.12238747],24,95,"[0.3473923159060264, 0.10307680262855863]",-1,-1
2474,[0.31603023 0.15851786],24,55,"[0.3459077460087649, 0.15794172531040296]",-1,-1
2475,[0.37477996 0.19798592],24,16,"[0.3922781621956629, 0.20389538485907233]",112,-1
2476,[0.33128338 0.16678448],24,55,"[0.3459077460087649, 0.15794172531040296]",112,46
2477,[0.32962093 0.22222966],24,54,"[0.30468739666036593, 0.22018864942906555]",112,51
2478,[0.36869255 0.13130137],24,55,"[0.3459077460087649, 0.15794172531040296]",-1,-1
2479,[0.34475337 0.23283496],24,20,"[0.33994633114074657, 0.26920062338349254]",112,51
2480,[0.33697839 0.22350554],24,54,"[0.30468739666036593, 0.22018864942906555]",112,51
2481,[0.37599349 0.15476893],24,55,"[0.3459077460087649, 0.15794172531040296]",112,-1
2482,[0.33639727 0.1637838 ],24,55,"[0.3459077460087649, 0.15794172531040296]",112,-1
2483,[0.34170131 0.21769653],24,54,"[0.30468739666036593, 0.22018864942906555]",112,51
2484,[0.28967556 0.19399931],24,54,"[0.30468739666036593, 0.22018864942906555]",98,-1
2485,[0.35050048 0.14851276],24,55,"[0.3459077460087649, 0.15794172531040296]",-1,-1
2486,[0.44609703 0.17675617],24,59,"[0.43749823478518224, 0.14217622255190823]",55,-1
2487,[0.32899136 0.15870236],24,55,"[0.3459077460087649, 0.15794172531040296]",112,46
2488,[0.3335328  0.24567421],24,20,"[0.33994633114074657, 0.26920062338349254]",112,51
2489,[0.32762537 0.18551431],24,55,"[0.3459077460087649, 0.15794172531040296]",112,46
2490,[0.35543342 0.17847059],24,55,"[0.3459077460087649, 0.15794172531040296]",112,-1
2491,[0.31564703 0.17712035],24,55,"[0.3459077460087649, 0.15794172531040296]",-1,-1
2492,[0.30237599 0.13204063],24,35,"[0.2755048470763658, 0.14107016212345297]",70,-1
2493,[0.36538769 0.22598929],24,16,"[0.3922781621956629, 0.20389538485907233]",112,50
2494,[0.33053154 0.18348205],24,55,"[0.3459077460087649, 0.15794172531040296]",112,46
2495,[0.33120587 0.17805972],24,55,"[0.3459077460087649, 0.15794172531040296]",112,-1
2496,[0.36722717 0.22895834],24,16,"[0.3922781621956629, 0.20389538485907233]",112,50
2497,[0.27818494 0.1437263 ],24,35,"[0.2755048470763658, 0.14107016212345297]",112,35
2498,[0.35811161 0.19784141],24,16,"[0.3922781621956629, 0.20389538485907233]",112,-1
2499,[0.33590123 0.19839806],24,54,"[0.30468739666036593, 0.22018864942906555]",112,-1
2500,[0.51910501 0.19228492],25,3,"[0.531508884163895, 0.21064096043592298]",112,-1
2501,[0.51897203 0.24037308],25,3,"[0.531508884163895, 0.21064096043592298]",112,77
2502,[0.49930776 0.13637344],25,59,"[0.43749823478518224, 0.14217622255190823]",-1,-1
2503,[0.44780322 0.23012658],25,47,"[0.41917741489762755, 0.2753980840246735]",52,-1
2504,[0.55437997 0.19339606],25,3,"[0.531508884163895, 0.21064096043592298]",112,-1
2505,[0.56388956 0.21407377],25,3,"[0.531508884163895, 0.21064096043592298]",112,80
2506,[0.5465126  0.18204331],25,70,"[0.5651469735094694, 0.16500650040708084]",112,-1
2507,[0.52011893 0.2207565 ],25,3,"[0.531508884163895, 0.21064096043592298]",112,77
2508,[0.51587195 0.25840874],25,24,"[0.5369464490953868, 0.27541725802307815]",112,-1
2509,[0.49257021 0.16988984],25,3,"[0.531508884163895, 0.21064096043592298]",-1,-1
2510,[0.53853861 0.26551863],25,24,"[0.5369464490953868, 0.27541725802307815]",112,-1
2511,[0.58105891 0.23998533],25,7,"[0.6005437719733706, 0.22857083174818627]",112,80
2512,[0.55882472 0.23529221],25,3,"[0.531508884163895, 0.21064096043592298]",112,80
2513,[0.58775343 0.24616805],25,7,"[0.6005437719733706, 0.22857083174818627]",112,80
2514,[0.5425031  0.27793085],25,24,"[0.5369464490953868, 0.27541725802307815]",112,75
2515,[0.46222401 0.22789005],25,47,"[0.41917741489762755, 0.2753980840246735]",-1,-1
2516,[0.60475387 0.17673871],25,41,"[0.6450181792213053, 0.1803494340129729]",-1,-1
2517,[0.50662873 0.20196757],25,3,"[0.531508884163895, 0.21064096043592298]",112,-1
2518,[0.57263561 0.13973514],25,70,"[0.5651469735094694, 0.16500650040708084]",-1,-1
2519,[0.53742479 0.16429886],25,70,"[0.5651469735094694, 0.16500650040708084]",-1,-1
2520,[0.57683874 0.17191972],25,70,"[0.5651469735094694, 0.16500650040708084]",112,80
2521,[0.5700843  0.19727665],25,70,"[0.5651469735094694, 0.16500650040708084]",112,-1
2522,[0.58067834 0.24013712],25,7,"[0.6005437719733706, 0.22857083174818627]",112,80
2523,[0.52824673 0.27598323],25,24,"[0.5369464490953868, 0.27541725802307815]",112,-1
2524,[0.53325831 0.20855092],25,3,"[0.531508884163895, 0.21064096043592298]",112,-1
2525,[0.53195904 0.19984028],25,3,"[0.531508884163895, 0.21064096043592298]",112,77
2526,[0.52908927 0.1718784 ],25,70,"[0.5651469735094694, 0.16500650040708084]",-1,-1
2527,[0.56829111 0.17208731],25,70,"[0.5651469735094694, 0.16500650040708084]",112,80
2528,[0.52255457 0.24637837],25,24,"[0.5369464490953868, 0.27541725802307815]",112,77
2529,[0.51408161 0.1776457 ],25,3,"[0.531508884163895, 0.21064096043592298]",112,-1
2530,[0.52386144 0.22576529],25,3,"[0.531508884163895, 0.21064096043592298]",112,77
2531,[0.60185489 0.23043439],25,7,"[0.6005437719733706, 0.22857083174818627]",112,80
2532,[0.57562933 0.16885249],25,70,"[0.5651469735094694, 0.16500650040708084]",112,80
2533,[0.47620329 0.22159397],25,3,"[0.531508884163895, 0.21064096043592298]",-1,-1
2534,[0.57101198 0.23143545],25,7,"[0.6005437719733706, 0.22857083174818627]",112,80
2535,[0.58148163 0.21218061],25,7,"[0.6005437719733706, 0.22857083174818627]",112,80
2536,[0.58768994 0.19034388],25,70,"[0.5651469735094694, 0.16500650040708084]",112,80
2537,[0.56826292 0.16296021],25,70,"[0.5651469735094694, 0.16500650040708084]",112,-1
2538,[0.58748767 0.26501824],25,7,"[0.6005437719733706, 0.22857083174818627]",112,-1
2539,[0.56936176 0.24152851],25,7,"[0.6005437719733706, 0.22857083174818627]",112,80
2540,[0.56474599 0.18383527],25,70,"[0.5651469735094694, 0.16500650040708084]",112,80
2541,[0.52858703 0.21712509],25,3,"[0.531508884163895, 0.21064096043592298]",112,77
2542,[0.6101836  0.22211048],25,7,"[0.6005437719733706, 0.22857083174818627]",112,80
2543,[0.57886569 0.21630726],25,7,"[0.6005437719733706, 0.22857083174818627]",112,80
2544,[0.57111501 0.19354475],25,70,"[0.5651469735094694, 0.16500650040708084]",112,80
2545,[0.57974238 0.22338283],25,7,"[0.6005437719733706, 0.22857083174818627]",112,80
2546,[0.56919786 0.18662975],25,70,"[0.5651469735094694, 0.16500650040708084]",112,80
2547,[0.48115684 0.21676405],25,3,"[0.531508884163895, 0.21064096043592298]",112,-1
2548,[0.50799597 0.24749874],25,24,"[0.5369464490953868, 0.27541725802307815]",112,77
2549,[0.53902733 0.22589708],25,3,"[0.531508884163895, 0.21064096043592298]",112,-1
2550,[0.61477683 0.16606597],25,41,"[0.6450181792213053, 0.1803494340129729]",103,-1
2551,[0.50374382 0.16845224],25,3,"[0.531508884163895, 0.21064096043592298]",112,52
2552,[0.48717384 0.20216668],25,3,"[0.531508884163895, 0.21064096043592298]",112,-1
2553,[0.5594584  0.18020181],25,70,"[0.5651469735094694, 0.16500650040708084]",112,80
2554,[0.56204942 0.21769714],25,3,"[0.531508884163895, 0.21064096043592298]",112,80
2555,[0.47566567 0.14108831],25,59,"[0.43749823478518224, 0.14217622255190823]",-1,-1
2556,[0.55025455 0.27943608],25,24,"[0.5369464490953868, 0.27541725802307815]",112,75
2557,[0.50488177 0.20942451],25,3,"[0.531508884163895, 0.21064096043592298]",112,-1
2558,[0.52029349 0.20363935],25,3,"[0.531508884163895, 0.21064096043592298]",112,77
2559,[0.55019632 0.21217323],25,3,"[0.531508884163895, 0.21064096043592298]",112,80
2560,[0.51300436 0.24661081],25,24,"[0.5369464490953868, 0.27541725802307815]",112,-1
2561,[0.5527117  0.19019672],25,70,"[0.5651469735094694, 0.16500650040708084]",112,-1
2562,[0.56532996 0.21058852],25,3,"[0.531508884163895, 0.21064096043592298]",112,80
2563,[0.60965357 0.23685511],25,7,"[0.6005437719733706, 0.22857083174818627]",112,80
2564,[0.56733083 0.20037915],25,70,"[0.5651469735094694, 0.16500650040708084]",112,-1
2565,[0.46279005 0.22679031],25,47,"[0.41917741489762755, 0.2753980840246735]",-1,-1
2566,[0.60877083 0.20851559],25,7,"[0.6005437719733706, 0.22857083174818627]",112,80
2567,[0.59991848 0.27001308],25,7,"[0.6005437719733706, 0.22857083174818627]",112,80
2568,[0.52093948 0.22869863],25,3,"[0.531508884163895, 0.21064096043592298]",112,-1
2569,[0.57214217 0.27400042],25,24,"[0.5369464490953868, 0.27541725802307815]",112,-1
2570,[0.44950675 0.23094158],25,47,"[0.41917741489762755, 0.2753980840246735]",52,-1
2571,[0.56729425 0.14301183],25,70,"[0.5651469735094694, 0.16500650040708084]",-1,-1
2572,[0.58265781 0.25130461],25,7,"[0.6005437719733706, 0.22857083174818627]",112,80
2573,[0.50028958 0.2517996 ],25,24,"[0.5369464490953868, 0.27541725802307815]",112,77
2574,[0.55388593 0.1553414 ],25,70,"[0.5651469735094694, 0.16500650040708084]",82,-1
2575,[0.59685299 0.16670419],25,70,"[0.5651469735094694, 0.16500650040708084]",-1,-1
2576,[0.4999683  0.24678512],25,24,"[0.5369464490953868, 0.27541725802307815]",112,-1
2577,[0.6223603  0.26837624],25,7,"[0.6005437719733706, 0.22857083174818627]",112,80
2578,[0.53713251 0.19096364],25,3,"[0.531508884163895, 0.21064096043592298]",112,-1
2579,[0.54845143 0.15147228],25,70,"[0.5651469735094694, 0.16500650040708084]",82,-1
2580,[0.49028708 0.26892024],25,24,"[0.5369464490953868, 0.27541725802307815]",-1,-1
2581,[0.56723428 0.19242191],25,70,"[0.5651469735094694, 0.16500650040708084]",112,80
2582,[0.5671705  0.21763567],25,7,"[0.6005437719733706, 0.22857083174818627]",112,80
2583,[0.56757072 0.22029495],25,7,"[0.6005437719733706, 0.22857083174818627]",112,80
2584,[0.57059885 0.24400167],25,7,"[0.6005437719733706, 0.22857083174818627]",112,80
2585,[0.5069905  0.18563738],25,3,"[0.531508884163895, 0.21064096043592298]",112,52
2586,[0.51453928 0.26568859],25,24,"[0.5369464490953868, 0.27541725802307815]",112,-1
2587,[0.51896639 0.24466613],25,24,"[0.5369464490953868, 0.27541725802307815]",112,77
2588,[0.56436568 0.18359261],25,70,"[0.5651469735094694, 0.16500650040708084]",112,80
2589,[0.60280533 0.24281933],25,7,"[0.6005437719733706, 0.22857083174818627]",112,80
2590,[0.5161603  0.21223357],25,3,"[0.531508884163895, 0.21064096043592298]",112,-1
2591,[0.57545714 0.22653367],25,7,"[0.6005437719733706, 0.22857083174818627]",112,80
2592,[0.50476983 0.30741956],25,24,"[0.5369464490953868, 0.27541725802307815]",112,-1
2593,[0.57287691 0.23327853],25,7,"[0.6005437719733706, 0.22857083174818627]",112,80
2594,[0.57561714 0.25182839],25,7,"[0.6005437719733706, 0.22857083174818627]",112,80
2595,[0.54511777 0.21685911],25,3,"[0.531508884163895, 0.21064096043592298]",112,-1
2596,[0.63977235 0.15180844],25,41,"[0.6450181792213053, 0.1803494340129729]",-1,-1
2597,[0.58203097 0.18166436],25,70,"[0.5651469735094694, 0.16500650040708084]",112,80
2598,[0.50748385 0.20426805],25,3,"[0.531508884163895, 0.21064096043592298]",112,-1
2599,[0.58753788 0.24850921],25,7,"[0.6005437719733706, 0.22857083174818627]",112,80
2600,[0.66353974 0.52580227],26,26,"[0.6901601916314353, 0.4804056323832084]",78,-1
2601,[0.72499177 0.41695684],26,37,"[0.7430889106835223, 0.4145167779633026]",-1,-1
2602,[0.73962698 0.48898723],26,26,"[0.6901601916314353, 0.4804056323832084]",-1,-1
2603,[0.62326448 0.51420102],26,68,"[0.6059125398208416, 0.5063454320139849]",-1,-1
2604,[0.73249938 0.45339643],26,37,"[0.7430889106835223, 0.4145167779633026]",-1,-1
2605,[0.58144027 0.48786426],26,68,"[0.6059125398208416, 0.5063454320139849]",-1,-1
2606,[0.73340021 0.5085298 ],26,46,"[0.7242081221498112, 0.5411748041333581]",112,-1
2607,[0.67612074 0.47393719],26,26,"[0.6901601916314353, 0.4804056323832084]",56,-1
2608,[0.71565453 0.45223708],26,26,"[0.6901601916314353, 0.4804056323832084]",-1,-1
2609,[0.67869234 0.45388925],26,26,"[0.6901601916314353, 0.4804056323832084]",112,38
2610,[0.67887963 0.4671856 ],26,26,"[0.6901601916314353, 0.4804056323832084]",-1,-1
2611,[0.68092791 0.42708907],26,5,"[0.6450318820843447, 0.4074212796508608]",112,38
2612,[0.70767124 0.49636247],26,26,"[0.6901601916314353, 0.4804056323832084]",112,39
2613,[0.74710536 0.43136104],26,37,"[0.7430889106835223, 0.4145167779633026]",112,27
2614,[0.72873579 0.51381479],26,46,"[0.7242081221498112, 0.5411748041333581]",112,-1
2615,[0.71207259 0.50039963],26,26,"[0.6901601916314353, 0.4804056323832084]",112,39
2616,[0.70077443 0.41218101],26,37,"[0.7430889106835223, 0.4145167779633026]",-1,-1
2617,[0.7030654  0.48105066],26,26,"[0.6901601916314353, 0.4804056323832084]",112,39
2618,[0.61731123 0.4877297 ],26,68,"[0.6059125398208416, 0.5063454320139849]",61,-1
2619,[0.73913332 0.50806227],26,46,"[0.7242081221498112, 0.5411748041333581]",112,-1
2620,[0.73333207 0.4463123 ],26,37,"[0.7430889106835223, 0.4145167779633026]",112,-1
2621,[0.67963778 0.50212756],26,26,"[0.6901601916314353, 0.4804056323832084]",-1,-1
2622,[0.72789837 0.47535498],26,26,"[0.6901601916314353, 0.4804056323832084]",112,39
2623,[0.7142456  0.51086367],26,46,"[0.7242081221498112, 0.5411748041333581]",-1,-1
2624,[0.68301776 0.51534646],26,26,"[0.6901601916314353, 0.4804056323832084]",78,-1
2625,[0.6701857  0.46026079],26,26,"[0.6901601916314353, 0.4804056323832084]",-1,38
2626,[0.69778545 0.52432131],26,46,"[0.7242081221498112, 0.5411748041333581]",79,32
2627,[0.69983307 0.44324197],26,26,"[0.6901601916314353, 0.4804056323832084]",112,-1
2628,[0.7117912  0.48102342],26,26,"[0.6901601916314353, 0.4804056323832084]",112,39
2629,[0.62487894 0.50642778],26,68,"[0.6059125398208416, 0.5063454320139849]",-1,-1
2630,[0.72330973 0.48042752],26,26,"[0.6901601916314353, 0.4804056323832084]",112,39
2631,[0.72863806 0.50701454],26,46,"[0.7242081221498112, 0.5411748041333581]",112,-1
2632,[0.69432361 0.44583435],26,26,"[0.6901601916314353, 0.4804056323832084]",112,38
2633,[0.81627411 0.51477888],26,29,"[0.7896146962697053, 0.5004587368894428]",112,30
2634,[0.73470224 0.58345871],26,98,"[0.7549998211822101, 0.6206025452438064]",42,-1
2635,[0.70485784 0.54774874],26,46,"[0.7242081221498112, 0.5411748041333581]",-1,-1
2636,[0.69774819 0.47320406],26,26,"[0.6901601916314353, 0.4804056323832084]",112,-1
2637,[0.71411793 0.41801536],26,37,"[0.7430889106835223, 0.4145167779633026]",-1,-1
2638,[0.69009561 0.45979992],26,26,"[0.6901601916314353, 0.4804056323832084]",-1,-1
2639,[0.7137585  0.49779401],26,26,"[0.6901601916314353, 0.4804056323832084]",112,39
2640,[0.69742292 0.4898554 ],26,26,"[0.6901601916314353, 0.4804056323832084]",112,-1
2641,[0.65740111 0.41096055],26,5,"[0.6450318820843447, 0.4074212796508608]",112,-1
2642,[0.71309717 0.46001912],26,26,"[0.6901601916314353, 0.4804056323832084]",112,-1
2643,[0.7293258  0.47321091],26,26,"[0.6901601916314353, 0.4804056323832084]",112,39
2644,[0.72457002 0.46528755],26,26,"[0.6901601916314353, 0.4804056323832084]",112,-1
2645,[0.63245077 0.4950849 ],26,68,"[0.6059125398208416, 0.5063454320139849]",112,-1
2646,[0.63852051 0.49861202],26,68,"[0.6059125398208416, 0.5063454320139849]",112,-1
2647,[0.63829608 0.50803119],26,68,"[0.6059125398208416, 0.5063454320139849]",-1,-1
2648,[0.75090095 0.47161225],26,29,"[0.7896146962697053, 0.5004587368894428]",112,-1
2649,[0.6852558  0.42454027],26,5,"[0.6450318820843447, 0.4074212796508608]",-1,-1
2650,[0.75922189 0.46658527],26,29,"[0.7896146962697053, 0.5004587368894428]",-1,-1
2651,[0.73756253 0.46552637],26,26,"[0.6901601916314353, 0.4804056323832084]",-1,-1
2652,[0.63184261 0.43178239],26,5,"[0.6450318820843447, 0.4074212796508608]",112,53
2653,[0.70279516 0.51816741],26,46,"[0.7242081221498112, 0.5411748041333581]",79,32
2654,[0.70251352 0.48043231],26,26,"[0.6901601916314353, 0.4804056323832084]",112,39
2655,[0.7253781  0.49469741],26,26,"[0.6901601916314353, 0.4804056323832084]",112,39
2656,[0.74871102 0.50206276],26,29,"[0.7896146962697053, 0.5004587368894428]",-1,-1
2657,[0.69122256 0.47297556],26,26,"[0.6901601916314353, 0.4804056323832084]",112,-1
2658,[0.72858333 0.47463771],26,26,"[0.6901601916314353, 0.4804056323832084]",112,39
2659,[0.62837494 0.47232839],26,68,"[0.6059125398208416, 0.5063454320139849]",-1,-1
2660,[0.63427999 0.45177111],26,5,"[0.6450318820843447, 0.4074212796508608]",112,53
2661,[0.73900565 0.43008435],26,37,"[0.7430889106835223, 0.4145167779633026]",112,27
2662,[0.74407652 0.41407728],26,37,"[0.7430889106835223, 0.4145167779633026]",112,-1
2663,[0.66777459 0.48383098],26,26,"[0.6901601916314353, 0.4804056323832084]",56,-1
2664,[0.74780641 0.53704448],26,46,"[0.7242081221498112, 0.5411748041333581]",112,-1
2665,[0.72098967 0.47912073],26,26,"[0.6901601916314353, 0.4804056323832084]",112,39
2666,[0.69828716 0.42299323],26,37,"[0.7430889106835223, 0.4145167779633026]",-1,-1
2667,[0.68422386 0.44447415],26,26,"[0.6901601916314353, 0.4804056323832084]",-1,38
2668,[0.70288671 0.46165536],26,26,"[0.6901601916314353, 0.4804056323832084]",112,38
2669,[0.73357268 0.44700169],26,37,"[0.7430889106835223, 0.4145167779633026]",112,-1
2670,[0.72639156 0.46973333],26,26,"[0.6901601916314353, 0.4804056323832084]",112,39
2671,[0.69594364 0.43922767],26,26,"[0.6901601916314353, 0.4804056323832084]",112,38
2672,[0.74105549 0.53655182],26,46,"[0.7242081221498112, 0.5411748041333581]",112,-1
2673,[0.79022109 0.47300074],26,29,"[0.7896146962697053, 0.5004587368894428]",112,30
2674,[0.75927423 0.43538103],26,37,"[0.7430889106835223, 0.4145167779633026]",112,-1
2675,[0.69187558 0.50683019],26,26,"[0.6901601916314353, 0.4804056323832084]",-1,-1
2676,[0.69745771 0.47142222],26,26,"[0.6901601916314353, 0.4804056323832084]",112,39
2677,[0.72762036 0.48378548],26,26,"[0.6901601916314353, 0.4804056323832084]",112,39
2678,[0.64532379 0.47933436],26,26,"[0.6901601916314353, 0.4804056323832084]",-1,-1
2679,[0.7298793 0.5345381],26,46,"[0.7242081221498112, 0.5411748041333581]",112,33
2680,[0.64800375 0.48522   ],26,26,"[0.6901601916314353, 0.4804056323832084]",-1,-1
2681,[0.71165712 0.49426104],26,26,"[0.6901601916314353, 0.4804056323832084]",112,39
2682,[0.69967088 0.4476652 ],26,26,"[0.6901601916314353, 0.4804056323832084]",112,38
2683,[0.72367026 0.52516222],26,46,"[0.7242081221498112, 0.5411748041333581]",112,33
2684,[0.73756935 0.48037624],26,26,"[0.6901601916314353, 0.4804056323832084]",112,39
2685,[0.72179883 0.52576198],26,46,"[0.7242081221498112, 0.5411748041333581]",112,33
2686,[0.7022099 0.470506 ],26,26,"[0.6901601916314353, 0.4804056323832084]",112,39
2687,[0.63823374 0.44202505],26,5,"[0.6450318820843447, 0.4074212796508608]",-1,-1
2688,[0.74351594 0.55118386],26,46,"[0.7242081221498112, 0.5411748041333581]",-1,-1
2689,[0.66373021 0.5058459 ],26,26,"[0.6901601916314353, 0.4804056323832084]",-1,-1
2690,[0.70254389 0.48715052],26,26,"[0.6901601916314353, 0.4804056323832084]",112,39
2691,[0.70798364 0.46626697],26,26,"[0.6901601916314353, 0.4804056323832084]",112,39
2692,[0.72788925 0.46227838],26,26,"[0.6901601916314353, 0.4804056323832084]",112,-1
2693,[0.71940818 0.46549676],26,26,"[0.6901601916314353, 0.4804056323832084]",112,39
2694,[0.73780309 0.42899429],26,37,"[0.7430889106835223, 0.4145167779633026]",112,27
2695,[0.67632871 0.45577828],26,26,"[0.6901601916314353, 0.4804056323832084]",112,38
2696,[0.72769805 0.42511557],26,37,"[0.7430889106835223, 0.4145167779633026]",-1,-1
2697,[0.78345388 0.50283121],26,29,"[0.7896146962697053, 0.5004587368894428]",-1,-1
2698,[0.7865688  0.53316362],26,29,"[0.7896146962697053, 0.5004587368894428]",108,-1
2699,[0.70751645 0.52630863],26,46,"[0.7242081221498112, 0.5411748041333581]",79,32
2700,[0.1313028  0.31635596],27,79,"[0.16063848539260261, 0.3296265582234916]",-1,-1
2701,[0.21442932 0.35971222],27,77,"[0.22975717865813536, 0.35984896868285715]",-1,-1
2702,[0.13727921 0.44131188],27,61,"[0.09405243799838632, 0.4575021910053954]",11,-1
2703,[0.13373624 0.39836176],27,40,"[0.12310509694427481, 0.38467830445556617]",11,2
2704,[0.09726668 0.40138757],27,40,"[0.12310509694427481, 0.38467830445556617]",9,-1
2705,[0.13514683 0.3821063 ],27,40,"[0.12310509694427481, 0.38467830445556617]",11,2
2706,[0.10753684 0.34916872],27,40,"[0.12310509694427481, 0.38467830445556617]",-1,-1
2707,[0.10379906 0.40304165],27,40,"[0.12310509694427481, 0.38467830445556617]",9,-1
2708,[0.12691266 0.3568529 ],27,40,"[0.12310509694427481, 0.38467830445556617]",11,2
2709,[0.19715766 0.47223031],27,83,"[0.2368604693858302, 0.47906582147153637]",1,-1
2710,[0.12493925 0.46480098],27,61,"[0.09405243799838632, 0.4575021910053954]",11,3
2711,[0.14845124 0.42913809],27,76,"[0.17908534744711677, 0.41908191437899905]",11,2
2712,[0.14787786 0.43366806],27,76,"[0.17908534744711677, 0.41908191437899905]",11,2
2713,[0.13386323 0.38717755],27,40,"[0.12310509694427481, 0.38467830445556617]",11,2
2714,[0.10454083 0.39990216],27,40,"[0.12310509694427481, 0.38467830445556617]",9,-1
2715,[0.09813485 0.34347973],27,40,"[0.12310509694427481, 0.38467830445556617]",-1,-1
2716,[0.11998156 0.3714779 ],27,40,"[0.12310509694427481, 0.38467830445556617]",11,2
2717,[0.21615986 0.34784625],27,77,"[0.22975717865813536, 0.35984896868285715]",-1,-1
2718,[0.11773331 0.44329951],27,61,"[0.09405243799838632, 0.4575021910053954]",11,3
2719,[0.13042948 0.41987446],27,40,"[0.12310509694427481, 0.38467830445556617]",11,2
2720,[0.12029776 0.35075814],27,40,"[0.12310509694427481, 0.38467830445556617]",11,-1
2721,[0.18007085 0.35848182],27,79,"[0.16063848539260261, 0.3296265582234916]",11,-1
2722,[0.14129288 0.40723413],27,40,"[0.12310509694427481, 0.38467830445556617]",11,2
2723,[0.10851484 0.36296381],27,40,"[0.12310509694427481, 0.38467830445556617]",11,-1
2724,[0.13728184 0.3273587 ],27,79,"[0.16063848539260261, 0.3296265582234916]",-1,-1
2725,[0.19979228 0.39051846],27,76,"[0.17908534744711677, 0.41908191437899905]",10,-1
2726,[0.11204379 0.35003666],27,40,"[0.12310509694427481, 0.38467830445556617]",11,-1
2727,[0.15974232 0.37093439],27,40,"[0.12310509694427481, 0.38467830445556617]",11,2
2728,[0.14200768 0.41533956],27,40,"[0.12310509694427481, 0.38467830445556617]",11,2
2729,[0.05443447 0.34525392],27,-1,-1,-1,-1
2730,[0.10846134 0.31803717],27,79,"[0.16063848539260261, 0.3296265582234916]",-1,-1
2731,[0.13096178 0.50500437],27,69,"[0.15811567454436073, 0.5246830019279323]",-1,-1
2732,[0.10724881 0.37173073],27,40,"[0.12310509694427481, 0.38467830445556617]",11,-1
2733,[0.12080479 0.35772523],27,40,"[0.12310509694427481, 0.38467830445556617]",11,2
2734,[0.12616972 0.35829438],27,40,"[0.12310509694427481, 0.38467830445556617]",11,2
2735,[0.139714   0.38976477],27,40,"[0.12310509694427481, 0.38467830445556617]",11,2
2736,[0.12963555 0.41546823],27,40,"[0.12310509694427481, 0.38467830445556617]",11,2
2737,[0.12613327 0.38512524],27,40,"[0.12310509694427481, 0.38467830445556617]",11,2
2738,[0.12449079 0.35097843],27,40,"[0.12310509694427481, 0.38467830445556617]",11,2
2739,[0.19364177 0.3097395 ],27,79,"[0.16063848539260261, 0.3296265582234916]",-1,-1
2740,[0.08609608 0.42799575],27,61,"[0.09405243799838632, 0.4575021910053954]",11,-1
2741,[0.12255711 0.39206047],27,40,"[0.12310509694427481, 0.38467830445556617]",11,2
2742,[0.1419083  0.42170389],27,76,"[0.17908534744711677, 0.41908191437899905]",11,2
2743,[0.13488529 0.38886413],27,40,"[0.12310509694427481, 0.38467830445556617]",11,2
2744,[0.19754244 0.32363432],27,79,"[0.16063848539260261, 0.3296265582234916]",4,-1
2745,[0.13849468 0.4275336 ],27,76,"[0.17908534744711677, 0.41908191437899905]",11,2
2746,[0.18440325 0.43082652],27,76,"[0.17908534744711677, 0.41908191437899905]",-1,-1
2747,[0.09349767 0.39546664],27,40,"[0.12310509694427481, 0.38467830445556617]",9,-1
2748,[0.13352723 0.37595186],27,40,"[0.12310509694427481, 0.38467830445556617]",11,2
2749,[0.09421893 0.3879356 ],27,40,"[0.12310509694427481, 0.38467830445556617]",9,-1
2750,[0.10533755 0.43244213],27,61,"[0.09405243799838632, 0.4575021910053954]",11,3
2751,[0.07894757 0.43305322],27,61,"[0.09405243799838632, 0.4575021910053954]",11,-1
2752,[0.26318106 0.3628119 ],27,57,"[0.27184000903695754, 0.33180004241702465]",112,-1
2753,[0.11313383 0.31991785],27,79,"[0.16063848539260261, 0.3296265582234916]",-1,-1
2754,[0.17019471 0.37758905],27,76,"[0.17908534744711677, 0.41908191437899905]",11,2
2755,[0.14561681 0.40430141],27,40,"[0.12310509694427481, 0.38467830445556617]",11,2
2756,[0.17188229 0.43830982],27,76,"[0.17908534744711677, 0.41908191437899905]",11,-1
2757,[0.16185925 0.40369941],27,76,"[0.17908534744711677, 0.41908191437899905]",11,-1
2758,[0.12342418 0.40850995],27,40,"[0.12310509694427481, 0.38467830445556617]",11,2
2759,[0.12555525 0.39960469],27,40,"[0.12310509694427481, 0.38467830445556617]",11,2
2760,[0.07831514 0.3995144 ],27,40,"[0.12310509694427481, 0.38467830445556617]",-1,-1
2761,[0.08782143 0.43114897],27,61,"[0.09405243799838632, 0.4575021910053954]",11,3
2762,[0.15546815 0.41012608],27,76,"[0.17908534744711677, 0.41908191437899905]",11,2
2763,[0.18404354 0.36307269],27,79,"[0.16063848539260261, 0.3296265582234916]",11,-1
2764,[0.15102954 0.34223758],27,79,"[0.16063848539260261, 0.3296265582234916]",11,2
2765,[0.2023873  0.37976146],27,77,"[0.22975717865813536, 0.35984896868285715]",10,-1
2766,[0.13882231 0.37292003],27,40,"[0.12310509694427481, 0.38467830445556617]",11,2
2767,[0.14920174 0.40796529],27,76,"[0.17908534744711677, 0.41908191437899905]",11,2
2768,[0.1647189  0.37639421],27,40,"[0.12310509694427481, 0.38467830445556617]",11,2
2769,[0.15745447 0.47080443],27,69,"[0.15811567454436073, 0.5246830019279323]",-1,-1
2770,[0.09228976 0.32784731],27,40,"[0.12310509694427481, 0.38467830445556617]",-1,-1
2771,[0.17481893 0.33979334],27,79,"[0.16063848539260261, 0.3296265582234916]",11,-1
2772,[0.13206611 0.3600717 ],27,40,"[0.12310509694427481, 0.38467830445556617]",11,2
2773,[0.11746605 0.43801464],27,61,"[0.09405243799838632, 0.4575021910053954]",11,-1
2774,[0.16177578 0.38685853],27,76,"[0.17908534744711677, 0.41908191437899905]",11,2
2775,[0.14609449 0.49680971],27,69,"[0.15811567454436073, 0.5246830019279323]",-1,-1
2776,[0.13005072 0.38651558],27,40,"[0.12310509694427481, 0.38467830445556617]",11,2
2777,[0.13228868 0.31796996],27,79,"[0.16063848539260261, 0.3296265582234916]",-1,-1
2778,[0.14515921 0.43581218],27,76,"[0.17908534744711677, 0.41908191437899905]",11,2
2779,[0.06898833 0.39823922],27,40,"[0.12310509694427481, 0.38467830445556617]",-1,-1
2780,[0.168096   0.39455672],27,76,"[0.17908534744711677, 0.41908191437899905]",11,-1
2781,[0.21860189 0.44690114],27,83,"[0.2368604693858302, 0.47906582147153637]",-1,-1
2782,[0.1662613  0.39929547],27,76,"[0.17908534744711677, 0.41908191437899905]",11,-1
2783,[0.17577857 0.3698141 ],27,79,"[0.16063848539260261, 0.3296265582234916]",11,-1
2784,[0.13567758 0.37857128],27,40,"[0.12310509694427481, 0.38467830445556617]",11,2
2785,[0.10197027 0.43733207],27,61,"[0.09405243799838632, 0.4575021910053954]",11,3
2786,[0.13061534 0.41423528],27,40,"[0.12310509694427481, 0.38467830445556617]",11,2
2787,[0.1465024  0.42357908],27,76,"[0.17908534744711677, 0.41908191437899905]",11,2
2788,[0.16049675 0.3770905 ],27,40,"[0.12310509694427481, 0.38467830445556617]",11,2
2789,[0.18380836 0.33321697],27,79,"[0.16063848539260261, 0.3296265582234916]",-1,-1
2790,[0.16084366 0.43745635],27,76,"[0.17908534744711677, 0.41908191437899905]",11,-1
2791,[0.21385245 0.36454395],27,77,"[0.22975717865813536, 0.35984896868285715]",-1,-1
2792,[0.17529388 0.46696475],27,76,"[0.17908534744711677, 0.41908191437899905]",-1,-1
2793,[0.14197101 0.40917107],27,40,"[0.12310509694427481, 0.38467830445556617]",11,2
2794,[0.08853005 0.38242793],27,40,"[0.12310509694427481, 0.38467830445556617]",9,-1
2795,[0.11584388 0.4537675 ],27,61,"[0.09405243799838632, 0.4575021910053954]",11,3
2796,[0.14580255 0.40998845],27,40,"[0.12310509694427481, 0.38467830445556617]",11,2
2797,[0.14397094 0.39603104],27,40,"[0.12310509694427481, 0.38467830445556617]",11,2
2798,[0.18640107 0.38006288],27,76,"[0.17908534744711677, 0.41908191437899905]",-1,-1
2799,[0.13433565 0.3903087 ],27,40,"[0.12310509694427481, 0.38467830445556617]",11,2
2800,[0.55299145 0.19714138],28,3,"[0.531508884163895, 0.21064096043592298]",112,-1
2801,[0.50547627 0.23151449],28,3,"[0.531508884163895, 0.21064096043592298]",-1,-1
2802,[0.6325282  0.23814079],28,7,"[0.6005437719733706, 0.22857083174818627]",112,-1
2803,[0.66126506 0.21150095],28,41,"[0.6450181792213053, 0.1803494340129729]",112,74
2804,[0.53092635 0.25100323],28,24,"[0.5369464490953868, 0.27541725802307815]",112,-1
2805,[0.57368871 0.22836307],28,7,"[0.6005437719733706, 0.22857083174818627]",112,80
2806,[0.62717805 0.19893568],28,41,"[0.6450181792213053, 0.1803494340129729]",112,-1
2807,[0.61868609 0.22879537],28,7,"[0.6005437719733706, 0.22857083174818627]",112,80
2808,[0.60374969 0.27876922],28,4,"[0.621879023183751, 0.3152829127139686]",112,80
2809,[0.62162746 0.20807147],28,7,"[0.6005437719733706, 0.22857083174818627]",112,80
2810,[0.5679988  0.21285943],28,7,"[0.6005437719733706, 0.22857083174818627]",112,80
2811,[0.55012472 0.29422098],28,24,"[0.5369464490953868, 0.27541725802307815]",112,-1
2812,[0.56483421 0.23859522],28,7,"[0.6005437719733706, 0.22857083174818627]",112,80
2813,[0.50102866 0.1644813 ],28,3,"[0.531508884163895, 0.21064096043592298]",112,-1
2814,[0.51712345 0.20536404],28,3,"[0.531508884163895, 0.21064096043592298]",112,77
2815,[0.6222617  0.22251001],28,7,"[0.6005437719733706, 0.22857083174818627]",112,80
2816,[0.61026974 0.22824018],28,7,"[0.6005437719733706, 0.22857083174818627]",112,80
2817,[0.48335933 0.2076114 ],28,3,"[0.531508884163895, 0.21064096043592298]",112,-1
2818,[0.60594314 0.17872928],28,41,"[0.6450181792213053, 0.1803494340129729]",-1,-1
2819,[0.59086105 0.25844238],28,7,"[0.6005437719733706, 0.22857083174818627]",112,80
2820,[0.56369891 0.20278679],28,3,"[0.531508884163895, 0.21064096043592298]",112,-1
2821,[0.56015587 0.23026378],28,3,"[0.531508884163895, 0.21064096043592298]",112,80
2822,[0.58993141 0.21512101],28,7,"[0.6005437719733706, 0.22857083174818627]",112,80
2823,[0.49484551 0.24072829],28,3,"[0.531508884163895, 0.21064096043592298]",112,-1
2824,[0.6155313  0.20963916],28,7,"[0.6005437719733706, 0.22857083174818627]",112,80
2825,[0.62533004 0.28746003],28,4,"[0.621879023183751, 0.3152829127139686]",112,80
2826,[0.52345123 0.27895511],28,24,"[0.5369464490953868, 0.27541725802307815]",112,-1
2827,[0.61537018 0.1675942 ],28,41,"[0.6450181792213053, 0.1803494340129729]",103,-1
2828,[0.58430813 0.16774133],28,70,"[0.5651469735094694, 0.16500650040708084]",112,-1
2829,[0.53306675 0.30736033],28,24,"[0.5369464490953868, 0.27541725802307815]",112,-1
2830,[0.6245292  0.24613303],28,7,"[0.6005437719733706, 0.22857083174818627]",112,-1
2831,[0.54576817 0.25395035],28,24,"[0.5369464490953868, 0.27541725802307815]",-1,-1
2832,[0.62344218 0.21640919],28,7,"[0.6005437719733706, 0.22857083174818627]",112,-1
2833,[0.52701624 0.2260103 ],28,3,"[0.531508884163895, 0.21064096043592298]",112,77
2834,[0.59012249 0.22855374],28,7,"[0.6005437719733706, 0.22857083174818627]",112,80
2835,[0.56586013 0.29142287],28,24,"[0.5369464490953868, 0.27541725802307815]",-1,-1
2836,[0.60980506 0.20676259],28,7,"[0.6005437719733706, 0.22857083174818627]",112,80
2837,[0.56511779 0.21224075],28,3,"[0.531508884163895, 0.21064096043592298]",112,80
2838,[0.55113702 0.15793256],28,70,"[0.5651469735094694, 0.16500650040708084]",82,-1
2839,[0.47529424 0.26212241],28,47,"[0.41917741489762755, 0.2753980840246735]",-1,-1
2840,[0.57894069 0.22954424],28,7,"[0.6005437719733706, 0.22857083174818627]",112,80
2841,[0.52845256 0.24851448],28,24,"[0.5369464490953868, 0.27541725802307815]",112,77
2842,[0.51770784 0.22673686],28,3,"[0.531508884163895, 0.21064096043592298]",112,-1
2843,[0.64417448 0.23021458],28,7,"[0.6005437719733706, 0.22857083174818627]",-1,-1
2844,[0.53514434 0.22199442],28,3,"[0.531508884163895, 0.21064096043592298]",112,-1
2845,[0.58739365 0.17282346],28,70,"[0.5651469735094694, 0.16500650040708084]",112,-1
2846,[0.62300504 0.25128613],28,7,"[0.6005437719733706, 0.22857083174818627]",112,-1
2847,[0.59495709 0.19774486],28,7,"[0.6005437719733706, 0.22857083174818627]",112,-1
2848,[0.54160844 0.34556835],28,15,"[0.5482412671622104, 0.34401601997908093]",112,-1
2849,[0.58823878 0.2823037 ],28,4,"[0.621879023183751, 0.3152829127139686]",112,80
2850,[0.61296418 0.250548  ],28,7,"[0.6005437719733706, 0.22857083174818627]",112,80
2851,[0.53151666 0.24423247],28,24,"[0.5369464490953868, 0.27541725802307815]",112,77
2852,[0.57136677 0.24589629],28,7,"[0.6005437719733706, 0.22857083174818627]",112,80
2853,[0.55757437 0.26773849],28,24,"[0.5369464490953868, 0.27541725802307815]",112,-1
2854,[0.51292088 0.25788511],28,24,"[0.5369464490953868, 0.27541725802307815]",112,77
2855,[0.5649031  0.27593824],28,24,"[0.5369464490953868, 0.27541725802307815]",112,-1
2856,[0.56844426 0.16839224],28,70,"[0.5651469735094694, 0.16500650040708084]",112,-1
2857,[0.53559644 0.18231254],28,3,"[0.531508884163895, 0.21064096043592298]",112,-1
2858,[0.59335983 0.23216652],28,7,"[0.6005437719733706, 0.22857083174818627]",112,80
2859,[0.57957172 0.26391668],28,7,"[0.6005437719733706, 0.22857083174818627]",112,-1
2860,[0.58062512 0.20786198],28,7,"[0.6005437719733706, 0.22857083174818627]",112,80
2861,[0.52827964 0.24068998],28,3,"[0.531508884163895, 0.21064096043592298]",112,77
2862,[0.56429834 0.26729854],28,24,"[0.5369464490953868, 0.27541725802307815]",112,-1
2863,[0.54491919 0.23064103],28,3,"[0.531508884163895, 0.21064096043592298]",112,-1
2864,[0.53616482 0.29054561],28,24,"[0.5369464490953868, 0.27541725802307815]",112,-1
2865,[0.53445064 0.27973574],28,24,"[0.5369464490953868, 0.27541725802307815]",112,75
2866,[0.62253064 0.22802092],28,7,"[0.6005437719733706, 0.22857083174818627]",112,80
2867,[0.55421349 0.20377034],28,3,"[0.531508884163895, 0.21064096043592298]",112,80
2868,[0.57218047 0.23672285],28,7,"[0.6005437719733706, 0.22857083174818627]",112,80
2869,[0.66759387 0.31219666],28,0,"[0.6718634683454, 0.284181654083953]",112,80
2870,[0.54963953 0.26859981],28,24,"[0.5369464490953868, 0.27541725802307815]",112,-1
2871,[0.54806381 0.2795849 ],28,24,"[0.5369464490953868, 0.27541725802307815]",112,75
2872,[0.67949656 0.25251156],28,0,"[0.6718634683454, 0.284181654083953]",112,80
2873,[0.50959668 0.28481726],28,24,"[0.5369464490953868, 0.27541725802307815]",112,-1
2874,[0.58672269 0.21897005],28,7,"[0.6005437719733706, 0.22857083174818627]",112,80
2875,[0.60027499 0.29849427],28,4,"[0.621879023183751, 0.3152829127139686]",112,80
2876,[0.51347041 0.18160629],28,3,"[0.531508884163895, 0.21064096043592298]",112,52
2877,[0.53490695 0.27868501],28,24,"[0.5369464490953868, 0.27541725802307815]",112,75
2878,[0.57346888 0.16377828],28,70,"[0.5651469735094694, 0.16500650040708084]",112,-1
2879,[0.59324889 0.29781303],28,4,"[0.621879023183751, 0.3152829127139686]",112,80
2880,[0.66111774 0.2740318 ],28,0,"[0.6718634683454, 0.284181654083953]",112,80
2881,[0.5381731 0.1825014],28,3,"[0.531508884163895, 0.21064096043592298]",112,-1
2882,[0.6706757  0.25781955],28,0,"[0.6718634683454, 0.284181654083953]",112,80
2883,[0.62923969 0.20447076],28,41,"[0.6450181792213053, 0.1803494340129729]",112,80
2884,[0.57010908 0.22312181],28,7,"[0.6005437719733706, 0.22857083174818627]",112,80
2885,[0.61931961 0.30251516],28,4,"[0.621879023183751, 0.3152829127139686]",112,80
2886,[0.62771381 0.16215989],28,41,"[0.6450181792213053, 0.1803494340129729]",103,-1
2887,[0.5505228  0.23965598],28,3,"[0.531508884163895, 0.21064096043592298]",-1,-1
2888,[0.5936647  0.24140888],28,7,"[0.6005437719733706, 0.22857083174818627]",112,80
2889,[0.57133226 0.28027026],28,24,"[0.5369464490953868, 0.27541725802307815]",112,-1
2890,[0.5981387  0.27146221],28,7,"[0.6005437719733706, 0.22857083174818627]",112,80
2891,[0.54933562 0.22948512],28,3,"[0.531508884163895, 0.21064096043592298]",112,-1
2892,[0.6098073  0.21768208],28,7,"[0.6005437719733706, 0.22857083174818627]",112,80
2893,[0.51476363 0.20700428],28,3,"[0.531508884163895, 0.21064096043592298]",112,77
2894,[0.60544951 0.24523151],28,7,"[0.6005437719733706, 0.22857083174818627]",112,80
2895,[0.52601459 0.21250037],28,3,"[0.531508884163895, 0.21064096043592298]",112,-1
2896,[0.55988539 0.22265363],28,3,"[0.531508884163895, 0.21064096043592298]",112,80
2897,[0.57963236 0.18505392],28,70,"[0.5651469735094694, 0.16500650040708084]",112,80
2898,[0.54564394 0.29001338],28,24,"[0.5369464490953868, 0.27541725802307815]",112,-1
2899,[0.58577274 0.2114886 ],28,7,"[0.6005437719733706, 0.22857083174818627]",112,80
2900,[0.44259488 0.18834557],29,59,"[0.43749823478518224, 0.14217622255190823]",-1,-1
2901,[0.46943473 0.16010438],29,59,"[0.43749823478518224, 0.14217622255190823]",-1,-1
2902,[0.41919143 0.13855188],29,59,"[0.43749823478518224, 0.14217622255190823]",-1,-1
2903,[0.4204292  0.15188028],29,59,"[0.43749823478518224, 0.14217622255190823]",81,-1
2904,[0.42035965 0.1094289 ],29,59,"[0.43749823478518224, 0.14217622255190823]",-1,-1
2905,[0.40988228 0.1391728 ],29,59,"[0.43749823478518224, 0.14217622255190823]",-1,-1
2906,[0.44171369 0.14836351],29,59,"[0.43749823478518224, 0.14217622255190823]",81,-1
2907,[0.44290726 0.15200482],29,59,"[0.43749823478518224, 0.14217622255190823]",81,34
2908,[0.46993695 0.15295874],29,59,"[0.43749823478518224, 0.14217622255190823]",27,-1
2909,[0.44934727 0.15941981],29,59,"[0.43749823478518224, 0.14217622255190823]",81,34
2910,[0.43632517 0.10873481],29,59,"[0.43749823478518224, 0.14217622255190823]",-1,-1
2911,[0.44353595 0.1485277 ],29,59,"[0.43749823478518224, 0.14217622255190823]",81,-1
2912,[0.39828538 0.21270573],29,16,"[0.3922781621956629, 0.20389538485907233]",112,49
2913,[0.44178144 0.14136794],29,59,"[0.43749823478518224, 0.14217622255190823]",-1,-1
2914,[0.38913581 0.18492269],29,16,"[0.3922781621956629, 0.20389538485907233]",112,-1
2915,[0.38049383 0.08953848],29,95,"[0.3473923159060264, 0.10307680262855863]",-1,-1
2916,[0.47127854 0.10438202],29,59,"[0.43749823478518224, 0.14217622255190823]",-1,-1
2917,[0.43665165 0.23000076],29,47,"[0.41917741489762755, 0.2753980840246735]",52,-1
2918,[0.39872198 0.15985795],29,59,"[0.43749823478518224, 0.14217622255190823]",112,-1
2919,[0.4884622 0.1450089],29,59,"[0.43749823478518224, 0.14217622255190823]",-1,-1
2920,[0.46339112 0.15385367],29,59,"[0.43749823478518224, 0.14217622255190823]",27,-1
2921,[0.42399966 0.19803078],29,16,"[0.3922781621956629, 0.20389538485907233]",-1,-1
2922,[0.47927432 0.14434221],29,59,"[0.43749823478518224, 0.14217622255190823]",27,-1
2923,[0.37765688 0.19544   ],29,16,"[0.3922781621956629, 0.20389538485907233]",112,-1
2924,[0.36673753 0.15347531],29,55,"[0.3459077460087649, 0.15794172531040296]",112,-1
2925,[0.42788834 0.15912951],29,59,"[0.43749823478518224, 0.14217622255190823]",81,34
2926,[0.4821209  0.15493241],29,59,"[0.43749823478518224, 0.14217622255190823]",27,-1
2927,[0.43711941 0.2061535 ],29,16,"[0.3922781621956629, 0.20389538485907233]",-1,-1
2928,[0.4600428  0.17580407],29,59,"[0.43749823478518224, 0.14217622255190823]",-1,-1
2929,[0.4275171 0.1180299],29,59,"[0.43749823478518224, 0.14217622255190823]",-1,-1
2930,[0.38671531 0.16252489],29,55,"[0.3459077460087649, 0.15794172531040296]",-1,-1
2931,[0.39355893 0.17690305],29,16,"[0.3922781621956629, 0.20389538485907233]",112,-1
2932,[0.39381931 0.16120366],29,16,"[0.3922781621956629, 0.20389538485907233]",112,34
2933,[0.4333511  0.15161069],29,59,"[0.43749823478518224, 0.14217622255190823]",81,34
2934,[0.42901717 0.19019296],29,16,"[0.3922781621956629, 0.20389538485907233]",-1,-1
2935,[0.42337918 0.18216658],29,16,"[0.3922781621956629, 0.20389538485907233]",112,-1
2936,[0.35167154 0.14076408],29,55,"[0.3459077460087649, 0.15794172531040296]",-1,-1
2937,[0.45799675 0.18938413],29,59,"[0.43749823478518224, 0.14217622255190823]",-1,-1
2938,[0.46441562 0.13533063],29,59,"[0.43749823478518224, 0.14217622255190823]",-1,-1
2939,[0.40018823 0.15900412],29,59,"[0.43749823478518224, 0.14217622255190823]",112,-1
2940,[0.39370478 0.17196793],29,16,"[0.3922781621956629, 0.20389538485907233]",-1,-1
2941,[0.43807999 0.10853614],29,59,"[0.43749823478518224, 0.14217622255190823]",-1,-1
2942,[0.45356573 0.16026268],29,59,"[0.43749823478518224, 0.14217622255190823]",81,-1
2943,[0.42053083 0.2503548 ],29,47,"[0.41917741489762755, 0.2753980840246735]",-1,-1
2944,[0.37647099 0.22529984],29,16,"[0.3922781621956629, 0.20389538485907233]",112,-1
2945,[0.40354789 0.12366404],29,59,"[0.43749823478518224, 0.14217622255190823]",-1,-1
2946,[0.44382043 0.1580604 ],29,59,"[0.43749823478518224, 0.14217622255190823]",81,34
2947,[0.46410021 0.10612251],29,59,"[0.43749823478518224, 0.14217622255190823]",-1,-1
2948,[0.43051475 0.20183506],29,16,"[0.3922781621956629, 0.20389538485907233]",-1,-1
2949,[0.42243442 0.15425656],29,59,"[0.43749823478518224, 0.14217622255190823]",81,34
2950,[0.49277259 0.16510291],29,3,"[0.531508884163895, 0.21064096043592298]",-1,-1
2951,[0.41768813 0.16119506],29,59,"[0.43749823478518224, 0.14217622255190823]",81,34
2952,[0.45769111 0.12752071],29,59,"[0.43749823478518224, 0.14217622255190823]",-1,-1
2953,[0.39061797 0.17519416],29,16,"[0.3922781621956629, 0.20389538485907233]",-1,-1
2954,[0.47035679 0.18358024],29,59,"[0.43749823478518224, 0.14217622255190823]",-1,-1
2955,[0.50613818 0.17447652],29,3,"[0.531508884163895, 0.21064096043592298]",112,52
2956,[0.47694316 0.13787177],29,59,"[0.43749823478518224, 0.14217622255190823]",-1,-1
2957,[0.4257013  0.09653524],29,59,"[0.43749823478518224, 0.14217622255190823]",-1,-1
2958,[0.41197312 0.17570994],29,16,"[0.3922781621956629, 0.20389538485907233]",112,-1
2959,[0.48958618 0.15000191],29,59,"[0.43749823478518224, 0.14217622255190823]",-1,-1
2960,[0.45075983 0.11781471],29,59,"[0.43749823478518224, 0.14217622255190823]",-1,-1
2961,[0.42301874 0.17223879],29,59,"[0.43749823478518224, 0.14217622255190823]",-1,34
2962,[0.44584328 0.18009685],29,59,"[0.43749823478518224, 0.14217622255190823]",55,-1
2963,[0.50310984 0.20564283],29,3,"[0.531508884163895, 0.21064096043592298]",112,-1
2964,[0.44208667 0.20491772],29,16,"[0.3922781621956629, 0.20389538485907233]",-1,-1
2965,[0.44232137 0.15725367],29,59,"[0.43749823478518224, 0.14217622255190823]",81,34
2966,[0.39684158 0.15276943],29,59,"[0.43749823478518224, 0.14217622255190823]",112,-1
2967,[0.36905683 0.12777929],29,95,"[0.3473923159060264, 0.10307680262855863]",-1,-1
2968,[0.41495769 0.17908821],29,16,"[0.3922781621956629, 0.20389538485907233]",112,34
2969,[0.49850698 0.17952   ],29,3,"[0.531508884163895, 0.21064096043592298]",112,-1
2970,[0.41081167 0.17604125],29,16,"[0.3922781621956629, 0.20389538485907233]",112,-1
2971,[0.46120566 0.18838322],29,59,"[0.43749823478518224, 0.14217622255190823]",-1,-1
2972,[0.41786199 0.17908149],29,16,"[0.3922781621956629, 0.20389538485907233]",112,-1
2973,[0.36590575 0.16623424],29,55,"[0.3459077460087649, 0.15794172531040296]",112,-1
2974,[0.42422351 0.12535628],29,59,"[0.43749823478518224, 0.14217622255190823]",-1,-1
2975,[0.4207257  0.17894367],29,16,"[0.3922781621956629, 0.20389538485907233]",112,-1
2976,[0.44066657 0.16027829],29,59,"[0.43749823478518224, 0.14217622255190823]",81,34
2977,[0.42424273 0.11731868],29,59,"[0.43749823478518224, 0.14217622255190823]",-1,-1
2978,[0.50858842 0.19706176],29,3,"[0.531508884163895, 0.21064096043592298]",-1,-1
2979,[0.48686741 0.16625198],29,59,"[0.43749823478518224, 0.14217622255190823]",-1,-1
2980,[0.50310762 0.16787901],29,3,"[0.531508884163895, 0.21064096043592298]",112,52
2981,[0.45575745 0.156163  ],29,59,"[0.43749823478518224, 0.14217622255190823]",81,-1
2982,[0.38741334 0.15698841],29,55,"[0.3459077460087649, 0.15794172531040296]",-1,-1
2983,[0.37720409 0.16661257],29,55,"[0.3459077460087649, 0.15794172531040296]",112,-1
2984,[0.43955161 0.13591933],29,59,"[0.43749823478518224, 0.14217622255190823]",-1,-1
2985,[0.41659434 0.19277268],29,16,"[0.3922781621956629, 0.20389538485907233]",-1,-1
2986,[0.44684105 0.12444341],29,59,"[0.43749823478518224, 0.14217622255190823]",-1,-1
2987,[0.43906539 0.10680602],29,59,"[0.43749823478518224, 0.14217622255190823]",-1,-1
2988,[0.42679829 0.17243553],29,59,"[0.43749823478518224, 0.14217622255190823]",-1,-1
2989,[0.43513335 0.22681836],29,16,"[0.3922781621956629, 0.20389538485907233]",-1,-1
2990,[0.42196178 0.15915777],29,59,"[0.43749823478518224, 0.14217622255190823]",81,34
2991,[0.37346224 0.18550091],29,16,"[0.3922781621956629, 0.20389538485907233]",112,-1
2992,[0.47951555 0.1244939 ],29,59,"[0.43749823478518224, 0.14217622255190823]",-1,-1
2993,[0.43857454 0.18219319],29,59,"[0.43749823478518224, 0.14217622255190823]",-1,-1
2994,[0.37996327 0.20161535],29,16,"[0.3922781621956629, 0.20389538485907233]",112,-1
2995,[0.41420318 0.20220422],29,16,"[0.3922781621956629, 0.20389538485907233]",-1,-1
2996,[0.39626294 0.2041008 ],29,16,"[0.3922781621956629, 0.20389538485907233]",112,49
2997,[0.47261976 0.11298975],29,59,"[0.43749823478518224, 0.14217622255190823]",-1,-1
2998,[0.41576756 0.19616945],29,16,"[0.3922781621956629, 0.20389538485907233]",-1,-1
2999,[0.38530108 0.15741086],29,55,"[0.3459077460087649, 0.15794172531040296]",112,-1
3000,[0.67655129 0.4251458 ],30,5,"[0.6450318820843447, 0.4074212796508608]",112,38
3001,[0.63944999 0.40500529],30,5,"[0.6450318820843447, 0.4074212796508608]",112,55
3002,[0.66627326 0.41283748],30,5,"[0.6450318820843447, 0.4074212796508608]",-1,-1
3003,[0.71383876 0.43277779],30,37,"[0.7430889106835223, 0.4145167779633026]",-1,-1
3004,[0.57583081 0.40140481],30,50,"[0.5684163633112168, 0.42493695949350735]",112,-1
3005,[0.68106486 0.45577887],30,26,"[0.6901601916314353, 0.4804056323832084]",112,38
3006,[0.6407398  0.37871794],30,5,"[0.6450318820843447, 0.4074212796508608]",112,54
3007,[0.64809332 0.3926156 ],30,5,"[0.6450318820843447, 0.4074212796508608]",112,-1
3008,[0.67784665 0.37562186],30,5,"[0.6450318820843447, 0.4074212796508608]",112,-1
3009,[0.60394345 0.46032765],30,68,"[0.6059125398208416, 0.5063454320139849]",-1,-1
3010,[0.65112634 0.35326217],30,4,"[0.621879023183751, 0.3152829127139686]",112,-1
3011,[0.67558592 0.35066589],30,4,"[0.621879023183751, 0.3152829127139686]",-1,-1
3012,[0.59756093 0.39342789],30,50,"[0.5684163633112168, 0.42493695949350735]",112,-1
3013,[0.6225561  0.43911558],30,5,"[0.6450318820843447, 0.4074212796508608]",112,-1
3014,[0.70209625 0.3998582 ],30,37,"[0.7430889106835223, 0.4145167779633026]",-1,-1
3015,[0.67448022 0.42691861],30,5,"[0.6450318820843447, 0.4074212796508608]",112,38
3016,[0.66393305 0.46178721],30,26,"[0.6901601916314353, 0.4804056323832084]",-1,-1
3017,[0.66514661 0.44830848],30,26,"[0.6901601916314353, 0.4804056323832084]",112,-1
3018,[0.64317175 0.42387634],30,5,"[0.6450318820843447, 0.4074212796508608]",112,-1
3019,[0.57198794 0.36918274],30,15,"[0.5482412671622104, 0.34401601997908093]",112,-1
3020,[0.69467996 0.38941631],30,5,"[0.6450318820843447, 0.4074212796508608]",-1,-1
3021,[0.72332243 0.41116867],30,37,"[0.7430889106835223, 0.4145167779633026]",-1,-1
3022,[0.62881012 0.33964609],30,4,"[0.621879023183751, 0.3152829127139686]",112,-1
3023,[0.67858794 0.44562525],30,26,"[0.6901601916314353, 0.4804056323832084]",112,38
3024,[0.66981425 0.38258329],30,5,"[0.6450318820843447, 0.4074212796508608]",112,-1
3025,[0.66342082 0.40492543],30,5,"[0.6450318820843447, 0.4074212796508608]",112,-1
3026,[0.6497584  0.37416272],30,5,"[0.6450318820843447, 0.4074212796508608]",112,54
3027,[0.65549237 0.39626894],30,5,"[0.6450318820843447, 0.4074212796508608]",-1,-1
3028,[0.59552537 0.42788474],30,50,"[0.5684163633112168, 0.42493695949350735]",86,8
3029,[0.58185685 0.34488535],30,15,"[0.5482412671622104, 0.34401601997908093]",112,-1
3030,[0.70147673 0.38463047],30,37,"[0.7430889106835223, 0.4145167779633026]",112,-1
3031,[0.65225532 0.39142112],30,5,"[0.6450318820843447, 0.4074212796508608]",112,-1
3032,[0.6211621  0.41235393],30,5,"[0.6450318820843447, 0.4074212796508608]",112,-1
3033,[0.65796056 0.42479484],30,5,"[0.6450318820843447, 0.4074212796508608]",112,-1
3034,[0.64700699 0.46368268],30,26,"[0.6901601916314353, 0.4804056323832084]",112,-1
3035,[0.69378269 0.33852737],30,9,"[0.7400409662228525, 0.324036995192541]",112,-1
3036,[0.69512899 0.47022781],30,26,"[0.6901601916314353, 0.4804056323832084]",112,-1
3037,[0.67711894 0.39058231],30,5,"[0.6450318820843447, 0.4074212796508608]",112,-1
3038,[0.60187748 0.359152  ],30,4,"[0.621879023183751, 0.3152829127139686]",112,68
3039,[0.68667612 0.37174585],30,5,"[0.6450318820843447, 0.4074212796508608]",112,-1
3040,[0.60945496 0.41966084],30,5,"[0.6450318820843447, 0.4074212796508608]",86,-1
3041,[0.63701043 0.4062056 ],30,5,"[0.6450318820843447, 0.4074212796508608]",112,55
3042,[0.64888193 0.37311939],30,5,"[0.6450318820843447, 0.4074212796508608]",112,54
3043,[0.67777992 0.39893143],30,5,"[0.6450318820843447, 0.4074212796508608]",112,-1
3044,[0.53621501 0.44154   ],30,50,"[0.5684163633112168, 0.42493695949350735]",-1,-1
3045,[0.58096695 0.33460504],30,15,"[0.5482412671622104, 0.34401601997908093]",112,-1
3046,[0.61024802 0.34239974],30,4,"[0.621879023183751, 0.3152829127139686]",-1,-1
3047,[0.6232644  0.33415851],30,4,"[0.621879023183751, 0.3152829127139686]",112,-1
3048,[0.58702166 0.35902248],30,15,"[0.5482412671622104, 0.34401601997908093]",112,68
3049,[0.63143028 0.34923394],30,4,"[0.621879023183751, 0.3152829127139686]",112,80
3050,[0.5774137  0.36981375],30,15,"[0.5482412671622104, 0.34401601997908093]",112,68
3051,[0.67477722 0.45069497],30,26,"[0.6901601916314353, 0.4804056323832084]",112,38
3052,[0.6223238  0.35811289],30,4,"[0.621879023183751, 0.3152829127139686]",112,-1
3053,[0.6407591  0.35091903],30,4,"[0.621879023183751, 0.3152829127139686]",112,80
3054,[0.65089106 0.43583588],30,5,"[0.6450318820843447, 0.4074212796508608]",112,53
3055,[0.66553173 0.39121797],30,5,"[0.6450318820843447, 0.4074212796508608]",112,-1
3056,[0.63356162 0.38920768],30,5,"[0.6450318820843447, 0.4074212796508608]",112,55
3057,[0.66408218 0.33456045],30,4,"[0.621879023183751, 0.3152829127139686]",112,80
3058,[0.63201483 0.39998317],30,5,"[0.6450318820843447, 0.4074212796508608]",112,55
3059,[0.64004611 0.36787797],30,5,"[0.6450318820843447, 0.4074212796508608]",112,-1
3060,[0.54621837 0.37547047],30,15,"[0.5482412671622104, 0.34401601997908093]",112,-1
3061,[0.69130442 0.40260512],30,5,"[0.6450318820843447, 0.4074212796508608]",-1,-1
3062,[0.67976471 0.37322226],30,5,"[0.6450318820843447, 0.4074212796508608]",112,-1
3063,[0.62514433 0.39325195],30,5,"[0.6450318820843447, 0.4074212796508608]",112,55
3064,[0.61736034 0.40172736],30,5,"[0.6450318820843447, 0.4074212796508608]",112,-1
3065,[0.67643372 0.41873087],30,5,"[0.6450318820843447, 0.4074212796508608]",112,-1
3066,[0.6540732  0.28335303],30,0,"[0.6718634683454, 0.284181654083953]",112,80
3067,[0.64115021 0.39960608],30,5,"[0.6450318820843447, 0.4074212796508608]",112,55
3068,[0.63667268 0.40686495],30,5,"[0.6450318820843447, 0.4074212796508608]",112,55
3069,[0.6125728  0.41517277],30,5,"[0.6450318820843447, 0.4074212796508608]",112,-1
3070,[0.68170361 0.44248063],30,26,"[0.6901601916314353, 0.4804056323832084]",112,38
3071,[0.62484111 0.39538568],30,5,"[0.6450318820843447, 0.4074212796508608]",112,55
3072,[0.74624485 0.37192505],30,37,"[0.7430889106835223, 0.4145167779633026]",110,-1
3073,[0.65268905 0.38589672],30,5,"[0.6450318820843447, 0.4074212796508608]",112,54
3074,[0.6845194 0.3938369],30,5,"[0.6450318820843447, 0.4074212796508608]",-1,-1
3075,[0.67248374 0.43827022],30,5,"[0.6450318820843447, 0.4074212796508608]",-1,38
3076,[0.66786616 0.37020377],30,5,"[0.6450318820843447, 0.4074212796508608]",-1,-1
3077,[0.65023536 0.34364459],30,4,"[0.621879023183751, 0.3152829127139686]",112,80
3078,[0.6866937 0.4402785],30,26,"[0.6901601916314353, 0.4804056323832084]",112,38
3079,[0.61106575 0.35543323],30,4,"[0.621879023183751, 0.3152829127139686]",112,-1
3080,[0.68885711 0.43471053],30,26,"[0.6901601916314353, 0.4804056323832084]",-1,-1
3081,[0.67474979 0.48945915],30,26,"[0.6901601916314353, 0.4804056323832084]",56,-1
3082,[0.67780785 0.43447028],30,5,"[0.6450318820843447, 0.4074212796508608]",112,38
3083,[0.71366989 0.37504394],30,37,"[0.7430889106835223, 0.4145167779633026]",112,-1
3084,[0.66497771 0.39248367],30,5,"[0.6450318820843447, 0.4074212796508608]",112,-1
3085,[0.62451493 0.43705377],30,5,"[0.6450318820843447, 0.4074212796508608]",112,-1
3086,[0.72661179 0.35802931],30,9,"[0.7400409662228525, 0.324036995192541]",-1,-1
3087,[0.68450873 0.41912551],30,5,"[0.6450318820843447, 0.4074212796508608]",112,-1
3088,[0.61772467 0.41265388],30,5,"[0.6450318820843447, 0.4074212796508608]",-1,-1
3089,[0.65724779 0.37904203],30,5,"[0.6450318820843447, 0.4074212796508608]",112,54
3090,[0.64502758 0.36585765],30,5,"[0.6450318820843447, 0.4074212796508608]",112,-1
3091,[0.68915384 0.45772948],30,26,"[0.6901601916314353, 0.4804056323832084]",-1,-1
3092,[0.70414958 0.37808612],30,37,"[0.7430889106835223, 0.4145167779633026]",112,-1
3093,[0.64299014 0.3412274 ],30,4,"[0.621879023183751, 0.3152829127139686]",112,-1
3094,[0.67601686 0.40346728],30,5,"[0.6450318820843447, 0.4074212796508608]",-1,-1
3095,[0.63151058 0.4216803 ],30,5,"[0.6450318820843447, 0.4074212796508608]",-1,-1
3096,[0.6933712  0.45525785],30,26,"[0.6901601916314353, 0.4804056323832084]",112,38
3097,[0.56043202 0.36294734],30,15,"[0.5482412671622104, 0.34401601997908093]",112,-1
3098,[0.66398899 0.38537115],30,5,"[0.6450318820843447, 0.4074212796508608]",112,54
3099,[0.69193019 0.38378403],30,5,"[0.6450318820843447, 0.4074212796508608]",112,-1
3100,[0.31975997 0.32869548],31,63,"[0.31265848991799045, 0.3636044905994273]",84,-1
3101,[0.35921414 0.3900977 ],31,44,"[0.34853587644703343, 0.40608971906389735]",112,72
3102,[0.37739919 0.41744859],31,6,"[0.40441044434758894, 0.4112979157836676]",112,72
3103,[0.34115405 0.43431086],31,67,"[0.34269865168009006, 0.44034776623612226]",112,72
3104,[0.30105674 0.3585824 ],31,63,"[0.31265848991799045, 0.3636044905994273]",112,-1
3105,[0.33112162 0.3978332 ],31,44,"[0.34853587644703343, 0.40608971906389735]",112,72
3106,[0.41918254 0.3276043 ],31,34,"[0.4470179228154517, 0.33644420436777783]",112,-1
3107,[0.41878051 0.38983537],31,6,"[0.40441044434758894, 0.4112979157836676]",112,-1
3108,[0.39097235 0.47370772],31,53,"[0.3771044042788204, 0.4722281085909072]",-1,-1
3109,[0.39682019 0.43609851],31,6,"[0.40441044434758894, 0.4112979157836676]",112,72
3110,[0.33100722 0.34600718],31,63,"[0.31265848991799045, 0.3636044905994273]",112,-1
3111,[0.34965612 0.37147435],31,30,"[0.3717358952181559, 0.3578997358568481]",112,72
3112,[0.37708494 0.39656997],31,44,"[0.34853587644703343, 0.40608971906389735]",112,72
3113,[0.32243302 0.37706208],31,63,"[0.31265848991799045, 0.3636044905994273]",112,-1
3114,[0.45673862 0.40745126],31,22,"[0.4960765404668817, 0.3879133591162554]",112,-1
3115,[0.30151755 0.42799024],31,74,"[0.30377537934724935, 0.43721818673809004]",112,72
3116,[0.3866031  0.42379268],31,6,"[0.40441044434758894, 0.4112979157836676]",112,72
3117,[0.35454595 0.40066151],31,44,"[0.34853587644703343, 0.40608971906389735]",112,72
3118,[0.35140215 0.38997189],31,44,"[0.34853587644703343, 0.40608971906389735]",112,72
3119,[0.39343601 0.3476989 ],31,30,"[0.3717358952181559, 0.3578997358568481]",112,62
3120,[0.35541397 0.48282573],31,53,"[0.3771044042788204, 0.4722281085909072]",-1,56
3121,[0.35661484 0.4368459 ],31,67,"[0.34269865168009006, 0.44034776623612226]",112,72
3122,[0.36586047 0.42486386],31,44,"[0.34853587644703343, 0.40608971906389735]",112,72
3123,[0.35648276 0.41080753],31,44,"[0.34853587644703343, 0.40608971906389735]",112,72
3124,[0.39548769 0.40090482],31,6,"[0.40441044434758894, 0.4112979157836676]",112,72
3125,[0.3549515 0.3928622],31,44,"[0.34853587644703343, 0.40608971906389735]",112,72
3126,[0.30517999 0.39946981],31,60,"[0.2741039163061208, 0.4090806374523096]",112,-1
3127,[0.3687427  0.38403959],31,30,"[0.3717358952181559, 0.3578997358568481]",112,72
3128,[0.28963339 0.33782591],31,57,"[0.27184000903695754, 0.33180004241702465]",-1,-1
3129,[0.32289931 0.39532052],31,44,"[0.34853587644703343, 0.40608971906389735]",112,-1
3130,[0.39088361 0.36204902],31,30,"[0.3717358952181559, 0.3578997358568481]",112,62
3131,[0.39598516 0.42581025],31,6,"[0.40441044434758894, 0.4112979157836676]",112,72
3132,[0.36274491 0.43073219],31,67,"[0.34269865168009006, 0.44034776623612226]",112,72
3133,[0.39232623 0.46405379],31,53,"[0.3771044042788204, 0.4722281085909072]",112,72
3134,[0.31456521 0.4232322 ],31,74,"[0.30377537934724935, 0.43721818673809004]",112,72
3135,[0.34122982 0.37675482],31,44,"[0.34853587644703343, 0.40608971906389735]",112,-1
3136,[0.35692366 0.35875171],31,30,"[0.3717358952181559, 0.3578997358568481]",112,-1
3137,[0.37054772 0.36940778],31,30,"[0.3717358952181559, 0.3578997358568481]",112,72
3138,[0.33781337 0.40712283],31,44,"[0.34853587644703343, 0.40608971906389735]",112,72
3139,[0.32964924 0.38637752],31,44,"[0.34853587644703343, 0.40608971906389735]",112,-1
3140,[0.33962358 0.32956342],31,30,"[0.3717358952181559, 0.3578997358568481]",101,-1
3141,[0.3573575  0.38024905],31,30,"[0.3717358952181559, 0.3578997358568481]",112,72
3142,[0.38105814 0.47046342],31,53,"[0.3771044042788204, 0.4722281085909072]",112,-1
3143,[0.40362122 0.42355339],31,6,"[0.40441044434758894, 0.4112979157836676]",112,72
3144,[0.32337967 0.36381892],31,63,"[0.31265848991799045, 0.3636044905994273]",112,-1
3145,[0.36809062 0.40452832],31,44,"[0.34853587644703343, 0.40608971906389735]",112,72
3146,[0.35649751 0.32131275],31,30,"[0.3717358952181559, 0.3578997358568481]",-1,-1
3147,[0.37693953 0.3819183 ],31,30,"[0.3717358952181559, 0.3578997358568481]",112,-1
3148,[0.39888008 0.42945819],31,6,"[0.40441044434758894, 0.4112979157836676]",112,72
3149,[0.35316276 0.40455009],31,44,"[0.34853587644703343, 0.40608971906389735]",112,72
3150,[0.37757791 0.44712971],31,53,"[0.3771044042788204, 0.4722281085909072]",112,-1
3151,[0.33674344 0.49519724],31,94,"[0.33191161120142837, 0.5109127972526102]",-1,-1
3152,[0.36087558 0.36024938],31,30,"[0.3717358952181559, 0.3578997358568481]",112,-1
3153,[0.29399194 0.44692982],31,74,"[0.30377537934724935, 0.43721818673809004]",112,72
3154,[0.40450674 0.37453612],31,30,"[0.3717358952181559, 0.3578997358568481]",112,73
3155,[0.3405578  0.38618233],31,44,"[0.34853587644703343, 0.40608971906389735]",112,-1
3156,[0.33529613 0.44470805],31,67,"[0.34269865168009006, 0.44034776623612226]",112,-1
3157,[0.33547481 0.43860247],31,67,"[0.34269865168009006, 0.44034776623612226]",112,72
3158,[0.35050362 0.43325792],31,67,"[0.34269865168009006, 0.44034776623612226]",112,72
3159,[0.38743816 0.34188449],31,30,"[0.3717358952181559, 0.3578997358568481]",112,62
3160,[0.43840177 0.47090403],31,2,"[0.4451682216738327, 0.4665045826425144]",112,72
3161,[0.32033622 0.43836923],31,74,"[0.30377537934724935, 0.43721818673809004]",112,72
3162,[0.41448891 0.40116202],31,6,"[0.40441044434758894, 0.4112979157836676]",112,72
3163,[0.31141128 0.3866745 ],31,63,"[0.31265848991799045, 0.3636044905994273]",-1,-1
3164,[0.37411015 0.37511472],31,30,"[0.3717358952181559, 0.3578997358568481]",112,72
3165,[0.43628408 0.41675001],31,6,"[0.40441044434758894, 0.4112979157836676]",112,-1
3166,[0.34213083 0.46619139],31,67,"[0.34269865168009006, 0.44034776623612226]",112,56
3167,[0.29169121 0.38544792],31,60,"[0.2741039163061208, 0.4090806374523096]",112,-1
3168,[0.36640953 0.37255254],31,30,"[0.3717358952181559, 0.3578997358568481]",112,72
3169,[0.38505663 0.36862062],31,30,"[0.3717358952181559, 0.3578997358568481]",112,-1
3170,[0.3563395  0.40710476],31,44,"[0.34853587644703343, 0.40608971906389735]",112,72
3171,[0.35431021 0.33780965],31,30,"[0.3717358952181559, 0.3578997358568481]",101,-1
3172,[0.4045668  0.39967497],31,6,"[0.40441044434758894, 0.4112979157836676]",112,72
3173,[0.40160797 0.45914857],31,53,"[0.3771044042788204, 0.4722281085909072]",112,72
3174,[0.36541534 0.27542573],31,20,"[0.33994633114074657, 0.26920062338349254]",-1,-1
3175,[0.42832372 0.43007504],31,6,"[0.40441044434758894, 0.4112979157836676]",112,-1
3176,[0.37070075 0.35199967],31,30,"[0.3717358952181559, 0.3578997358568481]",112,-1
3177,[0.33415313 0.37435443],31,63,"[0.31265848991799045, 0.3636044905994273]",112,-1
3178,[0.3353562  0.38266831],31,44,"[0.34853587644703343, 0.40608971906389735]",112,-1
3179,[0.32796346 0.4049633 ],31,44,"[0.34853587644703343, 0.40608971906389735]",112,72
3180,[0.39732422 0.41503782],31,6,"[0.40441044434758894, 0.4112979157836676]",112,72
3181,[0.3699937  0.33944633],31,30,"[0.3717358952181559, 0.3578997358568481]",112,-1
3182,[0.34208101 0.40824828],31,44,"[0.34853587644703343, 0.40608971906389735]",112,72
3183,[0.34039311 0.38185819],31,44,"[0.34853587644703343, 0.40608971906389735]",112,-1
3184,[0.42056609 0.42656274],31,6,"[0.40441044434758894, 0.4112979157836676]",112,72
3185,[0.36361376 0.37268805],31,30,"[0.3717358952181559, 0.3578997358568481]",112,72
3186,[0.3193486  0.44399023],31,74,"[0.30377537934724935, 0.43721818673809004]",112,72
3187,[0.3351188  0.40827041],31,44,"[0.34853587644703343, 0.40608971906389735]",112,72
3188,[0.37987948 0.42862762],31,6,"[0.40441044434758894, 0.4112979157836676]",112,72
3189,[0.3299032  0.34915039],31,63,"[0.31265848991799045, 0.3636044905994273]",112,-1
3190,[0.32213014 0.42725214],31,74,"[0.30377537934724935, 0.43721818673809004]",112,72
3191,[0.33652821 0.40655896],31,44,"[0.34853587644703343, 0.40608971906389735]",112,72
3192,[0.37561909 0.45967579],31,53,"[0.3771044042788204, 0.4722281085909072]",112,-1
3193,[0.4015478 0.3779576],31,6,"[0.40441044434758894, 0.4112979157836676]",112,72
3194,[0.34314697 0.34802049],31,30,"[0.3717358952181559, 0.3578997358568481]",-1,-1
3195,[0.37947615 0.35348069],31,30,"[0.3717358952181559, 0.3578997358568481]",112,-1
3196,[0.39797667 0.40910141],31,6,"[0.40441044434758894, 0.4112979157836676]",112,72
3197,[0.39163159 0.38445896],31,6,"[0.40441044434758894, 0.4112979157836676]",112,-1
3198,[0.33966926 0.4110098 ],31,44,"[0.34853587644703343, 0.40608971906389735]",112,72
3199,[0.38414799 0.31936778],31,30,"[0.3717358952181559, 0.3578997358568481]",112,-1
3200,[0.06584615 0.41254574],32,61,"[0.09405243799838632, 0.4575021910053954]",-1,-1
3201,[0.02737524 0.45240228],32,61,"[0.09405243799838632, 0.4575021910053954]",-1,-1
3202,[0.10965379 0.43274618],32,61,"[0.09405243799838632, 0.4575021910053954]",11,3
3203,[0.10905267 0.43261419],32,61,"[0.09405243799838632, 0.4575021910053954]",11,3
3204,[0.12914124 0.47285507],32,61,"[0.09405243799838632, 0.4575021910053954]",-1,-1
3205,[0.14569591 0.47149356],32,61,"[0.09405243799838632, 0.4575021910053954]",-1,-1
3206,[0.06805105 0.47928026],32,61,"[0.09405243799838632, 0.4575021910053954]",-1,-1
3207,[0.11699557 0.50171999],32,69,"[0.15811567454436073, 0.5246830019279323]",-1,-1
3208,[0.08102694 0.46372141],32,61,"[0.09405243799838632, 0.4575021910053954]",-1,-1
3209,[0.15951764 0.46745612],32,76,"[0.17908534744711677, 0.41908191437899905]",-1,-1
3210,[0.07786332 0.43396292],32,61,"[0.09405243799838632, 0.4575021910053954]",11,-1
3211,[0.05727877 0.46492807],32,61,"[0.09405243799838632, 0.4575021910053954]",-1,-1
3212,[0.12805908 0.44093102],32,61,"[0.09405243799838632, 0.4575021910053954]",11,-1
3213,[0.09838434 0.4903071 ],32,61,"[0.09405243799838632, 0.4575021910053954]",11,-1
3214,[0.08571312 0.49841523],32,61,"[0.09405243799838632, 0.4575021910053954]",-1,-1
3215,[0.1178832  0.37932924],32,40,"[0.12310509694427481, 0.38467830445556617]",11,2
3216,[0.12251775 0.45518309],32,61,"[0.09405243799838632, 0.4575021910053954]",11,-1
3217,[0.11516614 0.43673557],32,61,"[0.09405243799838632, 0.4575021910053954]",11,3
3218,[0.09820058 0.47944619],32,61,"[0.09405243799838632, 0.4575021910053954]",11,3
3219,[0.07346089 0.41577488],32,61,"[0.09405243799838632, 0.4575021910053954]",-1,-1
3220,[0.0730692  0.45306554],32,61,"[0.09405243799838632, 0.4575021910053954]",-1,-1
3221,[0.13771622 0.3858417 ],32,40,"[0.12310509694427481, 0.38467830445556617]",11,2
3222,[0.10489378 0.48218755],32,61,"[0.09405243799838632, 0.4575021910053954]",11,3
3223,[0.08543199 0.43884828],32,61,"[0.09405243799838632, 0.4575021910053954]",11,3
3224,[0.05338349 0.44012216],32,61,"[0.09405243799838632, 0.4575021910053954]",-1,-1
3225,[0.16973637 0.44835251],32,76,"[0.17908534744711677, 0.41908191437899905]",-1,-1
3226,[0.14002417 0.40515119],32,40,"[0.12310509694427481, 0.38467830445556617]",11,2
3227,[0.10050007 0.44642289],32,61,"[0.09405243799838632, 0.4575021910053954]",11,-1
3228,[0.1657455  0.40824265],32,76,"[0.17908534744711677, 0.41908191437899905]",11,-1
3229,[0.10003706 0.48534254],32,61,"[0.09405243799838632, 0.4575021910053954]",11,-1
3230,[0.12256227 0.50333794],32,69,"[0.15811567454436073, 0.5246830019279323]",-1,-1
3231,[0.1483695  0.51612262],32,69,"[0.15811567454436073, 0.5246830019279323]",-1,-1
3232,[0.07470042 0.415515  ],32,61,"[0.09405243799838632, 0.4575021910053954]",-1,-1
3233,[0.13711876 0.47691366],32,61,"[0.09405243799838632, 0.4575021910053954]",11,-1
3234,[0.17435856 0.46762142],32,76,"[0.17908534744711677, 0.41908191437899905]",-1,-1
3235,[0.11953035 0.4854193 ],32,61,"[0.09405243799838632, 0.4575021910053954]",-1,-1
3236,[0.23019273 0.51530135],32,83,"[0.2368604693858302, 0.47906582147153637]",41,-1
3237,[0.09632159 0.44040426],32,61,"[0.09405243799838632, 0.4575021910053954]",11,3
3238,[0.11232289 0.45669377],32,61,"[0.09405243799838632, 0.4575021910053954]",11,3
3239,[0.1124195  0.46690293],32,61,"[0.09405243799838632, 0.4575021910053954]",11,3
3240,[0.13741063 0.48554373],32,69,"[0.15811567454436073, 0.5246830019279323]",-1,-1
3241,[0.0968217  0.41310417],32,40,"[0.12310509694427481, 0.38467830445556617]",-1,-1
3242,[0.1201582 0.4602409],32,61,"[0.09405243799838632, 0.4575021910053954]",11,3
3243,[0.07875334 0.50421357],32,61,"[0.09405243799838632, 0.4575021910053954]",-1,-1
3244,[0.12525168 0.45601401],32,61,"[0.09405243799838632, 0.4575021910053954]",11,3
3245,[0.14797753 0.44053817],32,76,"[0.17908534744711677, 0.41908191437899905]",11,2
3246,[0.10998482 0.47601915],32,61,"[0.09405243799838632, 0.4575021910053954]",11,3
3247,[0.16661135 0.5016902 ],32,69,"[0.15811567454436073, 0.5246830019279323]",-1,-1
3248,[0.07910021 0.43307509],32,61,"[0.09405243799838632, 0.4575021910053954]",11,-1
3249,[0.14542252 0.34107328],32,79,"[0.16063848539260261, 0.3296265582234916]",11,2
3250,[0.14694548 0.42844565],32,76,"[0.17908534744711677, 0.41908191437899905]",11,2
3251,[0.10624678 0.46815854],32,61,"[0.09405243799838632, 0.4575021910053954]",11,-1
3252,[0.13864082 0.45321175],32,61,"[0.09405243799838632, 0.4575021910053954]",11,-1
3253,[0.07592372 0.43352427],32,61,"[0.09405243799838632, 0.4575021910053954]",11,-1
3254,[0.18289718 0.51292737],32,69,"[0.15811567454436073, 0.5246830019279323]",12,-1
3255,[0.10363482 0.44027175],32,61,"[0.09405243799838632, 0.4575021910053954]",11,3
3256,[0.14895154 0.3949254 ],32,40,"[0.12310509694427481, 0.38467830445556617]",11,2
3257,[0.09817026 0.44020341],32,61,"[0.09405243799838632, 0.4575021910053954]",11,3
3258,[0.10406631 0.46113282],32,61,"[0.09405243799838632, 0.4575021910053954]",11,-1
3259,[0.10157628 0.45662179],32,61,"[0.09405243799838632, 0.4575021910053954]",-1,-1
3260,[0.09066093 0.4453862 ],32,61,"[0.09405243799838632, 0.4575021910053954]",11,-1
3261,[0.04928179 0.42875478],32,61,"[0.09405243799838632, 0.4575021910053954]",-1,-1
3262,[0.07892025 0.4341354 ],32,61,"[0.09405243799838632, 0.4575021910053954]",11,-1
3263,[0.1845159  0.45160445],32,76,"[0.17908534744711677, 0.41908191437899905]",-1,-1
3264,[0.12307319 0.49738933],32,69,"[0.15811567454436073, 0.5246830019279323]",11,-1
3265,[0.05208098 0.4665461 ],32,61,"[0.09405243799838632, 0.4575021910053954]",-1,-1
3266,[0.09587681 0.4977692 ],32,61,"[0.09405243799838632, 0.4575021910053954]",-1,-1
3267,[0.20545442 0.46456662],32,83,"[0.2368604693858302, 0.47906582147153637]",1,-1
3268,[0.09179474 0.48728525],32,61,"[0.09405243799838632, 0.4575021910053954]",11,3
3269,[0.09421892 0.37792101],32,40,"[0.12310509694427481, 0.38467830445556617]",9,-1
3270,[0.10509571 0.48568866],32,61,"[0.09405243799838632, 0.4575021910053954]",11,3
3271,[0.14945667 0.42672221],32,76,"[0.17908534744711677, 0.41908191437899905]",11,2
3272,[0.13598151 0.44630106],32,61,"[0.09405243799838632, 0.4575021910053954]",11,2
3273,[0.12437577 0.47811986],32,61,"[0.09405243799838632, 0.4575021910053954]",-1,-1
3274,[0.13836622 0.49826824],32,69,"[0.15811567454436073, 0.5246830019279323]",-1,-1
3275,[0.13284694 0.39274581],32,40,"[0.12310509694427481, 0.38467830445556617]",11,2
3276,[0.08836872 0.47547016],32,61,"[0.09405243799838632, 0.4575021910053954]",-1,-1
3277,[0.13002695 0.45782903],32,61,"[0.09405243799838632, 0.4575021910053954]",11,3
3278,[0.09324257 0.47633816],32,61,"[0.09405243799838632, 0.4575021910053954]",11,-1
3279,[0.15627389 0.45872292],32,76,"[0.17908534744711677, 0.41908191437899905]",-1,-1
3280,[0.07898103 0.4013189 ],32,40,"[0.12310509694427481, 0.38467830445556617]",-1,-1
3281,[0.10968141 0.47227337],32,61,"[0.09405243799838632, 0.4575021910053954]",11,-1
3282,[0.07803691 0.48651239],32,61,"[0.09405243799838632, 0.4575021910053954]",-1,-1
3283,[0.18376684 0.40337346],32,76,"[0.17908534744711677, 0.41908191437899905]",-1,-1
3284,[0.14310768 0.42192435],32,76,"[0.17908534744711677, 0.41908191437899905]",11,2
3285,[0.04902094 0.45881964],32,61,"[0.09405243799838632, 0.4575021910053954]",-1,-1
3286,[0.09165955 0.42364959],32,61,"[0.09405243799838632, 0.4575021910053954]",-1,-1
3287,[0.13144372 0.45076175],32,61,"[0.09405243799838632, 0.4575021910053954]",11,-1
3288,[0.16343949 0.39746259],32,76,"[0.17908534744711677, 0.41908191437899905]",11,2
3289,[0.12508341 0.45686694],32,61,"[0.09405243799838632, 0.4575021910053954]",11,3
3290,[0.06261927 0.43675105],32,61,"[0.09405243799838632, 0.4575021910053954]",-1,-1
3291,[0.11153006 0.47175301],32,61,"[0.09405243799838632, 0.4575021910053954]",11,3
3292,[0.13258167 0.4076813 ],32,40,"[0.12310509694427481, 0.38467830445556617]",11,2
3293,[0.13744366 0.5441811 ],32,69,"[0.15811567454436073, 0.5246830019279323]",-1,-1
3294,[0.06852181 0.50017805],32,61,"[0.09405243799838632, 0.4575021910053954]",-1,-1
3295,[0.05379152 0.46396173],32,61,"[0.09405243799838632, 0.4575021910053954]",-1,-1
3296,[0.13673151 0.46874947],32,61,"[0.09405243799838632, 0.4575021910053954]",11,-1
3297,[0.0864625  0.51468052],32,61,"[0.09405243799838632, 0.4575021910053954]",-1,-1
3298,[0.04565981 0.44477435],32,61,"[0.09405243799838632, 0.4575021910053954]",-1,-1
3299,[0.11601728 0.43896246],32,61,"[0.09405243799838632, 0.4575021910053954]",11,3
3300,[0.78522518 0.2857244 ],33,12,"[0.7527256969797409, 0.25319450872866317]",-1,-1
3301,[0.8161388  0.17593573],33,25,"[0.7887233243820295, 0.17027793790835127]",112,67
3302,[0.7623723  0.20447397],33,25,"[0.7887233243820295, 0.17027793790835127]",112,-1
3303,[0.77612121 0.22998759],33,12,"[0.7527256969797409, 0.25319450872866317]",112,79
3304,[0.73478278 0.14218472],33,42,"[0.72284537991344, 0.13959659556720486]",112,-1
3305,[0.75540189 0.2085153 ],33,19,"[0.7145100801879051, 0.21082941063088514]",112,78
3306,[0.83336759 0.11424559],33,80,"[0.8438573413902372, 0.15136743089131469]",-1,-1
3307,[0.81653256 0.18088834],33,25,"[0.7887233243820295, 0.17027793790835127]",112,67
3308,[0.77361094 0.16692862],33,25,"[0.7887233243820295, 0.17027793790835127]",112,78
3309,[0.73450034 0.26193767],33,12,"[0.7527256969797409, 0.25319450872866317]",112,80
3310,[0.73718089 0.23941168],33,12,"[0.7527256969797409, 0.25319450872866317]",112,-1
3311,[0.78085324 0.20567063],33,25,"[0.7887233243820295, 0.17027793790835127]",112,-1
3312,[0.77189461 0.23409233],33,12,"[0.7527256969797409, 0.25319450872866317]",112,79
3313,[0.76726792 0.25377453],33,12,"[0.7527256969797409, 0.25319450872866317]",112,-1
3314,[0.74563674 0.18170275],33,19,"[0.7145100801879051, 0.21082941063088514]",112,78
3315,[0.79650625 0.28217612],33,12,"[0.7527256969797409, 0.25319450872866317]",-1,-1
3316,[0.82654932 0.14939755],33,80,"[0.8438573413902372, 0.15136743089131469]",112,-1
3317,[0.83533288 0.26180188],33,93,"[0.8601410762052295, 0.27849515424672083]",-1,-1
3318,[0.80721489 0.24806414],33,38,"[0.829987911377383, 0.2268834587852568]",112,-1
3319,[0.71731367 0.23139628],33,19,"[0.7145100801879051, 0.21082941063088514]",112,80
3320,[0.75902492 0.23839617],33,12,"[0.7527256969797409, 0.25319450872866317]",112,-1
3321,[0.83267688 0.14943656],33,80,"[0.8438573413902372, 0.15136743089131469]",-1,-1
3322,[0.77321852 0.21912248],33,12,"[0.7527256969797409, 0.25319450872866317]",112,-1
3323,[0.70156587 0.24196112],33,19,"[0.7145100801879051, 0.21082941063088514]",112,-1
3324,[0.85683201 0.25222402],33,93,"[0.8601410762052295, 0.27849515424672083]",-1,-1
3325,[0.77191027 0.24062044],33,12,"[0.7527256969797409, 0.25319450872866317]",112,-1
3326,[0.78160299 0.23362781],33,12,"[0.7527256969797409, 0.25319450872866317]",112,79
3327,[0.73037848 0.15745852],33,42,"[0.72284537991344, 0.13959659556720486]",112,-1
3328,[0.76204072 0.1869271 ],33,25,"[0.7887233243820295, 0.17027793790835127]",112,-1
3329,[0.82041764 0.31330522],33,93,"[0.8601410762052295, 0.27849515424672083]",-1,-1
3330,[0.83840405 0.16344197],33,80,"[0.8438573413902372, 0.15136743089131469]",112,-1
3331,[0.83215562 0.17857823],33,80,"[0.8438573413902372, 0.15136743089131469]",112,-1
3332,[0.76530875 0.23576425],33,12,"[0.7527256969797409, 0.25319450872866317]",112,79
3333,[0.71622996 0.2219415 ],33,19,"[0.7145100801879051, 0.21082941063088514]",112,80
3334,[0.76888288 0.17759685],33,25,"[0.7887233243820295, 0.17027793790835127]",112,78
3335,[0.76833118 0.21542292],33,12,"[0.7527256969797409, 0.25319450872866317]",112,78
3336,[0.79483204 0.2005717 ],33,25,"[0.7887233243820295, 0.17027793790835127]",112,-1
3337,[0.80278866 0.19794945],33,25,"[0.7887233243820295, 0.17027793790835127]",112,-1
3338,[0.75795561 0.20863033],33,19,"[0.7145100801879051, 0.21082941063088514]",112,78
3339,[0.73016117 0.19754948],33,19,"[0.7145100801879051, 0.21082941063088514]",112,-1
3340,[0.74191956 0.18712198],33,19,"[0.7145100801879051, 0.21082941063088514]",112,-1
3341,[0.82853874 0.18218621],33,80,"[0.8438573413902372, 0.15136743089131469]",112,-1
3342,[0.75211842 0.21454951],33,19,"[0.7145100801879051, 0.21082941063088514]",112,78
3343,[0.79424876 0.13945853],33,25,"[0.7887233243820295, 0.17027793790835127]",112,-1
3344,[0.69941062 0.25283975],33,0,"[0.6718634683454, 0.284181654083953]",112,80
3345,[0.77158558 0.22457232],33,12,"[0.7527256969797409, 0.25319450872866317]",112,-1
3346,[0.75863794 0.25439697],33,12,"[0.7527256969797409, 0.25319450872866317]",112,80
3347,[0.71971086 0.13392988],33,42,"[0.72284537991344, 0.13959659556720486]",64,-1
3348,[0.77652055 0.26197172],33,12,"[0.7527256969797409, 0.25319450872866317]",112,80
3349,[0.8034648 0.1846996],33,25,"[0.7887233243820295, 0.17027793790835127]",112,-1
3350,[0.70021606 0.25425135],33,0,"[0.6718634683454, 0.284181654083953]",112,80
3351,[0.76009862 0.16954908],33,25,"[0.7887233243820295, 0.17027793790835127]",112,78
3352,[0.81849463 0.15607718],33,80,"[0.8438573413902372, 0.15136743089131469]",112,-1
3353,[0.80252565 0.1531101 ],33,25,"[0.7887233243820295, 0.17027793790835127]",-1,-1
3354,[0.74872396 0.26533889],33,12,"[0.7527256969797409, 0.25319450872866317]",112,80
3355,[0.82963739 0.22580938],33,38,"[0.829987911377383, 0.2268834587852568]",112,65
3356,[0.74412252 0.22323115],33,12,"[0.7527256969797409, 0.25319450872866317]",112,78
3357,[0.76342377 0.15783748],33,25,"[0.7887233243820295, 0.17027793790835127]",112,-1
3358,[0.77989654 0.23695945],33,12,"[0.7527256969797409, 0.25319450872866317]",112,79
3359,[0.75967648 0.23576575],33,12,"[0.7527256969797409, 0.25319450872866317]",112,-1
3360,[0.71415945 0.17982117],33,19,"[0.7145100801879051, 0.21082941063088514]",-1,-1
3361,[0.77322837 0.20583579],33,25,"[0.7887233243820295, 0.17027793790835127]",112,-1
3362,[0.80345759 0.24057915],33,38,"[0.829987911377383, 0.2268834587852568]",112,65
3363,[0.78275912 0.19016065],33,25,"[0.7887233243820295, 0.17027793790835127]",112,-1
3364,[0.85867146 0.24009207],33,38,"[0.829987911377383, 0.2268834587852568]",112,-1
3365,[0.77339875 0.27510341],33,12,"[0.7527256969797409, 0.25319450872866317]",112,-1
3366,[0.82633504 0.19174303],33,38,"[0.829987911377383, 0.2268834587852568]",112,-1
3367,[0.81125133 0.23367812],33,38,"[0.829987911377383, 0.2268834587852568]",112,65
3368,[0.77268894 0.21356797],33,12,"[0.7527256969797409, 0.25319450872866317]",112,-1
3369,[0.69470887 0.25504635],33,0,"[0.6718634683454, 0.284181654083953]",112,80
3370,[0.78610303 0.21370055],33,25,"[0.7887233243820295, 0.17027793790835127]",112,-1
3371,[0.75934253 0.1273377 ],33,42,"[0.72284537991344, 0.13959659556720486]",112,-1
3372,[0.75929291 0.26083286],33,12,"[0.7527256969797409, 0.25319450872866317]",112,80
3373,[0.74008561 0.26709404],33,12,"[0.7527256969797409, 0.25319450872866317]",112,80
3374,[0.81269936 0.25969657],33,38,"[0.829987911377383, 0.2268834587852568]",112,-1
3375,[0.76941318 0.25032387],33,12,"[0.7527256969797409, 0.25319450872866317]",112,-1
3376,[0.7738986  0.23557119],33,12,"[0.7527256969797409, 0.25319450872866317]",112,79
3377,[0.75504516 0.20345651],33,19,"[0.7145100801879051, 0.21082941063088514]",112,78
3378,[0.79784339 0.27615428],33,12,"[0.7527256969797409, 0.25319450872866317]",-1,-1
3379,[0.78992155 0.22140247],33,38,"[0.829987911377383, 0.2268834587852568]",112,-1
3380,[0.67320666 0.25353834],33,0,"[0.6718634683454, 0.284181654083953]",112,80
3381,[0.76164757 0.20911127],33,12,"[0.7527256969797409, 0.25319450872866317]",112,78
3382,[0.80801434 0.20689158],33,38,"[0.829987911377383, 0.2268834587852568]",112,-1
3383,[0.7182273  0.22912423],33,19,"[0.7145100801879051, 0.21082941063088514]",112,-1
3384,[0.82026796 0.22079925],33,38,"[0.829987911377383, 0.2268834587852568]",112,-1
3385,[0.75494826 0.19353784],33,25,"[0.7887233243820295, 0.17027793790835127]",112,78
3386,[0.80148275 0.18327053],33,25,"[0.7887233243820295, 0.17027793790835127]",112,67
3387,[0.81600953 0.1880473 ],33,25,"[0.7887233243820295, 0.17027793790835127]",112,67
3388,[0.82858942 0.25659676],33,38,"[0.829987911377383, 0.2268834587852568]",112,-1
3389,[0.78403899 0.21015196],33,25,"[0.7887233243820295, 0.17027793790835127]",112,-1
3390,[0.8627633  0.27730941],33,93,"[0.8601410762052295, 0.27849515424672083]",-1,-1
3391,[0.72684837 0.20271874],33,19,"[0.7145100801879051, 0.21082941063088514]",112,-1
3392,[0.7318486  0.26018192],33,12,"[0.7527256969797409, 0.25319450872866317]",112,80
3393,[0.76722199 0.1790915 ],33,25,"[0.7887233243820295, 0.17027793790835127]",112,78
3394,[0.71248245 0.22261278],33,19,"[0.7145100801879051, 0.21082941063088514]",112,80
3395,[0.78993009 0.22569432],33,38,"[0.829987911377383, 0.2268834587852568]",112,-1
3396,[0.76406811 0.16535471],33,25,"[0.7887233243820295, 0.17027793790835127]",112,-1
3397,[0.83567468 0.23242569],33,38,"[0.829987911377383, 0.2268834587852568]",112,-1
3398,[0.79566853 0.23912509],33,38,"[0.829987911377383, 0.2268834587852568]",112,65
3399,[0.80486431 0.11356392],33,84,"[0.7892484923114864, 0.09277601099714658]",-1,-1
3400,[0.78738517 0.36299281],34,33,"[0.8161259009459738, 0.38225031357083966]",112,-1
3401,[0.79483715 0.36204079],34,33,"[0.8161259009459738, 0.38225031357083966]",112,-1
3402,[0.73704569 0.36481617],34,9,"[0.7400409662228525, 0.324036995192541]",110,-1
3403,[0.72241877 0.34777773],34,9,"[0.7400409662228525, 0.324036995192541]",-1,-1
3404,[0.70221954 0.33580967],34,9,"[0.7400409662228525, 0.324036995192541]",112,-1
3405,[0.77257758 0.34273023],34,9,"[0.7400409662228525, 0.324036995192541]",110,-1
3406,[0.79050199 0.30408409],34,9,"[0.7400409662228525, 0.324036995192541]",-1,-1
3407,[0.76588184 0.29841605],34,9,"[0.7400409662228525, 0.324036995192541]",112,-1
3408,[0.75967099 0.27379312],34,12,"[0.7527256969797409, 0.25319450872866317]",112,-1
3409,[0.68030727 0.33441416],34,0,"[0.6718634683454, 0.284181654083953]",112,80
3410,[0.75440435 0.30422312],34,9,"[0.7400409662228525, 0.324036995192541]",112,-1
3411,[0.68972178 0.27448463],34,0,"[0.6718634683454, 0.284181654083953]",112,80
3412,[0.75657054 0.3487911 ],34,9,"[0.7400409662228525, 0.324036995192541]",110,-1
3413,[0.74745099 0.29396432],34,9,"[0.7400409662228525, 0.324036995192541]",112,-1
3414,[0.71940171 0.31965649],34,9,"[0.7400409662228525, 0.324036995192541]",112,76
3415,[0.725671 0.286662],34,9,"[0.7400409662228525, 0.324036995192541]",112,-1
3416,[0.73302193 0.27710044],34,12,"[0.7527256969797409, 0.25319450872866317]",112,80
3417,[0.74544102 0.33059269],34,9,"[0.7400409662228525, 0.324036995192541]",112,-1
3418,[0.72492235 0.33517811],34,9,"[0.7400409662228525, 0.324036995192541]",-1,-1
3419,[0.78360046 0.25187118],34,12,"[0.7527256969797409, 0.25319450872866317]",112,-1
3420,[0.68722661 0.29156232],34,0,"[0.6718634683454, 0.284181654083953]",112,80
3421,[0.72953273 0.34959097],34,9,"[0.7400409662228525, 0.324036995192541]",110,-1
3422,[0.8053467  0.33088803],34,33,"[0.8161259009459738, 0.38225031357083966]",-1,-1
3423,[0.74434473 0.24700085],34,12,"[0.7527256969797409, 0.25319450872866317]",112,-1
3424,[0.7309029 0.2534815],34,12,"[0.7527256969797409, 0.25319450872866317]",112,80
3425,[0.74257757 0.36193428],34,9,"[0.7400409662228525, 0.324036995192541]",110,58
3426,[0.71922045 0.28966188],34,9,"[0.7400409662228525, 0.324036995192541]",112,80
3427,[0.74130865 0.32762852],34,9,"[0.7400409662228525, 0.324036995192541]",112,-1
3428,[0.71011109 0.30482063],34,9,"[0.7400409662228525, 0.324036995192541]",112,80
3429,[0.67691588 0.29621739],34,0,"[0.6718634683454, 0.284181654083953]",112,80
3430,[0.71187241 0.31734433],34,9,"[0.7400409662228525, 0.324036995192541]",112,-1
3431,[0.7490087  0.29317435],34,9,"[0.7400409662228525, 0.324036995192541]",112,76
3432,[0.77897137 0.25689271],34,12,"[0.7527256969797409, 0.25319450872866317]",112,80
3433,[0.75621265 0.28919818],34,12,"[0.7527256969797409, 0.25319450872866317]",112,-1
3434,[0.80707567 0.26660044],34,38,"[0.829987911377383, 0.2268834587852568]",-1,-1
3435,[0.71711743 0.30265979],34,9,"[0.7400409662228525, 0.324036995192541]",112,80
3436,[0.74331374 0.26870524],34,12,"[0.7527256969797409, 0.25319450872866317]",112,80
3437,[0.74602688 0.31801862],34,9,"[0.7400409662228525, 0.324036995192541]",112,76
3438,[0.76371242 0.34567434],34,9,"[0.7400409662228525, 0.324036995192541]",110,58
3439,[0.70076024 0.31782309],34,9,"[0.7400409662228525, 0.324036995192541]",112,80
3440,[0.71196516 0.29872174],34,9,"[0.7400409662228525, 0.324036995192541]",112,80
3441,[0.75938139 0.29108913],34,9,"[0.7400409662228525, 0.324036995192541]",-1,-1
3442,[0.73951206 0.32468428],34,9,"[0.7400409662228525, 0.324036995192541]",112,76
3443,[0.70195525 0.27566206],34,0,"[0.6718634683454, 0.284181654083953]",112,80
3444,[0.76798632 0.19211909],34,25,"[0.7887233243820295, 0.17027793790835127]",-1,-1
3445,[0.74232908 0.36964432],34,37,"[0.7430889106835223, 0.4145167779633026]",110,58
3446,[0.72229598 0.3131807 ],34,9,"[0.7400409662228525, 0.324036995192541]",112,-1
3447,[0.78040679 0.34187983],34,9,"[0.7400409662228525, 0.324036995192541]",-1,-1
3448,[0.72112761 0.32524107],34,9,"[0.7400409662228525, 0.324036995192541]",112,-1
3449,[0.77736612 0.29794192],34,9,"[0.7400409662228525, 0.324036995192541]",-1,-1
3450,[0.67702117 0.36587593],34,5,"[0.6450318820843447, 0.4074212796508608]",112,-1
3451,[0.73287307 0.3205872 ],34,9,"[0.7400409662228525, 0.324036995192541]",112,76
3452,[0.76894266 0.2848606 ],34,12,"[0.7527256969797409, 0.25319450872866317]",-1,-1
3453,[0.76531614 0.27430741],34,12,"[0.7527256969797409, 0.25319450872866317]",112,-1
3454,[0.74112291 0.3139296 ],34,9,"[0.7400409662228525, 0.324036995192541]",112,76
3455,[0.75837892 0.25332641],34,12,"[0.7527256969797409, 0.25319450872866317]",112,-1
3456,[0.71054852 0.31068957],34,9,"[0.7400409662228525, 0.324036995192541]",112,-1
3457,[0.71289858 0.28670078],34,0,"[0.6718634683454, 0.284181654083953]",112,80
3458,[0.74500374 0.32178539],34,9,"[0.7400409662228525, 0.324036995192541]",112,76
3459,[0.76163671 0.32413131],34,9,"[0.7400409662228525, 0.324036995192541]",112,-1
3460,[0.79529755 0.30039369],34,9,"[0.7400409662228525, 0.324036995192541]",-1,-1
3461,[0.6901362  0.32057021],34,0,"[0.6718634683454, 0.284181654083953]",112,80
3462,[0.70890297 0.31196377],34,9,"[0.7400409662228525, 0.324036995192541]",112,-1
3463,[0.77141208 0.28535423],34,12,"[0.7527256969797409, 0.25319450872866317]",-1,-1
3464,[0.73493334 0.31743182],34,9,"[0.7400409662228525, 0.324036995192541]",112,-1
3465,[0.69991323 0.28543757],34,0,"[0.6718634683454, 0.284181654083953]",112,80
3466,[0.75237282 0.35017693],34,9,"[0.7400409662228525, 0.324036995192541]",110,58
3467,[0.71006748 0.35848388],34,9,"[0.7400409662228525, 0.324036995192541]",112,-1
3468,[0.74269807 0.30641098],34,9,"[0.7400409662228525, 0.324036995192541]",112,76
3469,[0.83449593 0.32582869],34,93,"[0.8601410762052295, 0.27849515424672083]",-1,-1
3470,[0.69067698 0.27098781],34,0,"[0.6718634683454, 0.284181654083953]",112,80
3471,[0.78069129 0.32591686],34,9,"[0.7400409662228525, 0.324036995192541]",-1,-1
3472,[0.71832256 0.32157765],34,9,"[0.7400409662228525, 0.324036995192541]",112,76
3473,[0.73484816 0.28208865],34,12,"[0.7527256969797409, 0.25319450872866317]",112,80
3474,[0.71196599 0.29563339],34,9,"[0.7400409662228525, 0.324036995192541]",112,80
3475,[0.76545527 0.34048838],34,9,"[0.7400409662228525, 0.324036995192541]",110,-1
3476,[0.74651471 0.29772591],34,9,"[0.7400409662228525, 0.324036995192541]",112,76
3477,[0.74605604 0.3420188 ],34,9,"[0.7400409662228525, 0.324036995192541]",110,58
3478,[0.74826086 0.30217178],34,9,"[0.7400409662228525, 0.324036995192541]",112,76
3479,[0.72645791 0.27455424],34,12,"[0.7527256969797409, 0.25319450872866317]",112,80
3480,[0.69709134 0.31621524],34,0,"[0.6718634683454, 0.284181654083953]",112,80
3481,[0.69248546 0.19096334],34,19,"[0.7145100801879051, 0.21082941063088514]",112,-1
3482,[0.70960745 0.37651862],34,37,"[0.7430889106835223, 0.4145167779633026]",-1,-1
3483,[0.74796919 0.28604658],34,12,"[0.7527256969797409, 0.25319450872866317]",112,-1
3484,[0.77794136 0.36740811],34,33,"[0.8161259009459738, 0.38225031357083966]",112,-1
3485,[0.75333346 0.32133592],34,9,"[0.7400409662228525, 0.324036995192541]",112,76
3486,[0.777789   0.35705892],34,33,"[0.8161259009459738, 0.38225031357083966]",112,-1
3487,[0.78439167 0.290257  ],34,12,"[0.7527256969797409, 0.25319450872866317]",-1,-1
3488,[0.76649299 0.30508197],34,9,"[0.7400409662228525, 0.324036995192541]",112,-1
3489,[0.76633439 0.2933882 ],34,9,"[0.7400409662228525, 0.324036995192541]",112,-1
3490,[0.691081   0.37803092],34,5,"[0.6450318820843447, 0.4074212796508608]",112,-1
3491,[0.74767049 0.2662282 ],34,12,"[0.7527256969797409, 0.25319450872866317]",112,80
3492,[0.79371533 0.36781239],34,33,"[0.8161259009459738, 0.38225031357083966]",-1,-1
3493,[0.72607316 0.3081616 ],34,9,"[0.7400409662228525, 0.324036995192541]",112,-1
3494,[0.76563219 0.30249705],34,9,"[0.7400409662228525, 0.324036995192541]",-1,-1
3495,[0.7285781 0.2639571],34,12,"[0.7527256969797409, 0.25319450872866317]",112,80
3496,[0.78488173 0.27525559],34,12,"[0.7527256969797409, 0.25319450872866317]",112,-1
3497,[0.68032474 0.36007088],34,5,"[0.6450318820843447, 0.4074212796508608]",112,-1
3498,[0.74568734 0.3021397 ],34,9,"[0.7400409662228525, 0.324036995192541]",112,76
3499,[0.67128626 0.2789547 ],34,0,"[0.6718634683454, 0.284181654083953]",112,80
3500,[0.63421527 0.75088251],35,31,"[0.6283100186299069, 0.6976202951749496]",-1,-1
3501,[0.66855837 0.80397043],35,10,"[0.6888975182522787, 0.7695304266244736]",48,14
3502,[0.67427251 0.71979652],35,31,"[0.6283100186299069, 0.6976202951749496]",-1,-1
3503,[0.71174508 0.67845818],35,49,"[0.7003976871461259, 0.6659991324849905]",48,10
3504,[0.72478535 0.78151669],35,10,"[0.6888975182522787, 0.7695304266244736]",48,21
3505,[0.68673176 0.6986472 ],35,49,"[0.7003976871461259, 0.6659991324849905]",48,18
3506,[0.66029203 0.73849682],35,10,"[0.6888975182522787, 0.7695304266244736]",48,-1
3507,[0.70374304 0.71247915],35,14,"[0.740019801793262, 0.7124846396853769]",48,-1
3508,[0.7307211  0.70983844],35,14,"[0.740019801793262, 0.7124846396853769]",48,-1
3509,[0.63096548 0.78437311],35,56,"[0.6249916856709978, 0.8077006051335125]",48,-1
3510,[0.70532197 0.71068404],35,14,"[0.740019801793262, 0.7124846396853769]",48,-1
3511,[0.69759097 0.72322115],35,14,"[0.740019801793262, 0.7124846396853769]",48,18
3512,[0.72892207 0.78443511],35,32,"[0.7372052186587957, 0.8250395123718929]",48,21
3513,[0.68812976 0.67385114],35,49,"[0.7003976871461259, 0.6659991324849905]",48,-1
3514,[0.72505027 0.68765806],35,14,"[0.740019801793262, 0.7124846396853769]",48,-1
3515,[0.63932002 0.7496061 ],35,31,"[0.6283100186299069, 0.6976202951749496]",-1,-1
3516,[0.59777242 0.7498934 ],35,31,"[0.6283100186299069, 0.6976202951749496]",-1,-1
3517,[0.66567624 0.66953199],35,49,"[0.7003976871461259, 0.6659991324849905]",-1,-1
3518,[0.69808911 0.70924587],35,14,"[0.740019801793262, 0.7124846396853769]",48,18
3519,[0.67067287 0.73422334],35,10,"[0.6888975182522787, 0.7695304266244736]",48,22
3520,[0.6462663  0.67393279],35,31,"[0.6283100186299069, 0.6976202951749496]",47,-1
3521,[0.71324624 0.7585919 ],35,10,"[0.6888975182522787, 0.7695304266244736]",48,-1
3522,[0.61942867 0.74482323],35,31,"[0.6283100186299069, 0.6976202951749496]",-1,-1
3523,[0.65149718 0.69177618],35,31,"[0.6283100186299069, 0.6976202951749496]",47,-1
3524,[0.67852359 0.75831171],35,10,"[0.6888975182522787, 0.7695304266244736]",48,-1
3525,[0.70709867 0.72259179],35,14,"[0.740019801793262, 0.7124846396853769]",48,22
3526,[0.64893801 0.79264271],35,56,"[0.6249916856709978, 0.8077006051335125]",48,14
3527,[0.76531838 0.64622335],35,98,"[0.7549998211822101, 0.6206025452438064]",29,-1
3528,[0.64477568 0.7656623 ],35,10,"[0.6888975182522787, 0.7695304266244736]",-1,-1
3529,[0.66203195 0.69888568],35,31,"[0.6283100186299069, 0.6976202951749496]",48,-1
3530,[0.60902407 0.71214612],35,31,"[0.6283100186299069, 0.6976202951749496]",-1,-1
3531,[0.75345229 0.7112594 ],35,14,"[0.740019801793262, 0.7124846396853769]",-1,-1
3532,[0.67487327 0.78801638],35,10,"[0.6888975182522787, 0.7695304266244736]",48,-1
3533,[0.65504532 0.77589967],35,10,"[0.6888975182522787, 0.7695304266244736]",48,14
3534,[0.68795497 0.70078074],35,49,"[0.7003976871461259, 0.6659991324849905]",48,18
3535,[0.66339494 0.74115645],35,10,"[0.6888975182522787, 0.7695304266244736]",48,22
3536,[0.71546525 0.75066622],35,10,"[0.6888975182522787, 0.7695304266244736]",48,-1
3537,[0.71484446 0.74176941],35,10,"[0.6888975182522787, 0.7695304266244736]",48,22
3538,[0.67282451 0.70388848],35,31,"[0.6283100186299069, 0.6976202951749496]",48,-1
3539,[0.76889208 0.71534715],35,14,"[0.740019801793262, 0.7124846396853769]",-1,-1
3540,[0.73164957 0.76509484],35,10,"[0.6888975182522787, 0.7695304266244736]",48,-1
3541,[0.59514525 0.71717139],35,31,"[0.6283100186299069, 0.6976202951749496]",-1,-1
3542,[0.68949572 0.7104801 ],35,49,"[0.7003976871461259, 0.6659991324849905]",48,18
3543,[0.68569715 0.7438436 ],35,10,"[0.6888975182522787, 0.7695304266244736]",48,22
3544,[0.65465997 0.67335448],35,31,"[0.6283100186299069, 0.6976202951749496]",-1,-1
3545,[0.60586419 0.76520417],35,56,"[0.6249916856709978, 0.8077006051335125]",-1,-1
3546,[0.671155   0.78576528],35,10,"[0.6888975182522787, 0.7695304266244736]",-1,-1
3547,[0.66919574 0.80540201],35,10,"[0.6888975182522787, 0.7695304266244736]",48,14
3548,[0.61770284 0.71534264],35,31,"[0.6283100186299069, 0.6976202951749496]",-1,-1
3549,[0.64114425 0.72599602],35,31,"[0.6283100186299069, 0.6976202951749496]",-1,-1
3550,[0.62943152 0.73027096],35,31,"[0.6283100186299069, 0.6976202951749496]",-1,-1
3551,[0.67581363 0.74945437],35,10,"[0.6888975182522787, 0.7695304266244736]",48,-1
3552,[0.7341507  0.73565206],35,14,"[0.740019801793262, 0.7124846396853769]",48,-1
3553,[0.65284497 0.7167635 ],35,31,"[0.6283100186299069, 0.6976202951749496]",48,-1
3554,[0.67224183 0.75211951],35,10,"[0.6888975182522787, 0.7695304266244736]",48,22
3555,[0.71796653 0.7919094 ],35,10,"[0.6888975182522787, 0.7695304266244736]",48,-1
3556,[0.67547961 0.76827573],35,10,"[0.6888975182522787, 0.7695304266244736]",-1,-1
3557,[0.65994565 0.73814356],35,10,"[0.6888975182522787, 0.7695304266244736]",48,-1
3558,[0.65140786 0.74975082],35,10,"[0.6888975182522787, 0.7695304266244736]",-1,-1
3559,[0.65917951 0.71919532],35,31,"[0.6283100186299069, 0.6976202951749496]",48,15
3560,[0.71384554 0.72600189],35,14,"[0.740019801793262, 0.7124846396853769]",48,-1
3561,[0.71940542 0.74337861],35,14,"[0.740019801793262, 0.7124846396853769]",48,-1
3562,[0.66694336 0.73081336],35,10,"[0.6888975182522787, 0.7695304266244736]",48,-1
3563,[0.67224656 0.69840575],35,49,"[0.7003976871461259, 0.6659991324849905]",48,-1
3564,[0.70932039 0.71705235],35,14,"[0.740019801793262, 0.7124846396853769]",48,22
3565,[0.69384494 0.74245463],35,10,"[0.6888975182522787, 0.7695304266244736]",48,22
3566,[0.65475444 0.74261822],35,10,"[0.6888975182522787, 0.7695304266244736]",48,-1
3567,[0.69011574 0.72830404],35,10,"[0.6888975182522787, 0.7695304266244736]",48,-1
3568,[0.63097903 0.65148059],35,31,"[0.6283100186299069, 0.6976202951749496]",-1,-1
3569,[0.69177521 0.78247535],35,10,"[0.6888975182522787, 0.7695304266244736]",48,-1
3570,[0.59058418 0.67860988],35,31,"[0.6283100186299069, 0.6976202951749496]",90,-1
3571,[0.66133102 0.70794998],35,31,"[0.6283100186299069, 0.6976202951749496]",48,15
3572,[0.7291221  0.73343189],35,14,"[0.740019801793262, 0.7124846396853769]",48,22
3573,[0.67705519 0.64217623],35,49,"[0.7003976871461259, 0.6659991324849905]",45,-1
3574,[0.57486829 0.74172054],35,23,"[0.5302520860132256, 0.7258783520828289]",-1,-1
3575,[0.76423869 0.80649448],35,32,"[0.7372052186587957, 0.8250395123718929]",-1,-1
3576,[0.6453508  0.74418206],35,31,"[0.6283100186299069, 0.6976202951749496]",48,-1
3577,[0.70744484 0.72311827],35,14,"[0.740019801793262, 0.7124846396853769]",48,22
3578,[0.66076405 0.74385041],35,10,"[0.6888975182522787, 0.7695304266244736]",48,-1
3579,[0.64968756 0.78044397],35,56,"[0.6249916856709978, 0.8077006051335125]",48,-1
3580,[0.69201883 0.76405291],35,10,"[0.6888975182522787, 0.7695304266244736]",48,22
3581,[0.69801334 0.69782121],35,49,"[0.7003976871461259, 0.6659991324849905]",48,18
3582,[0.62794847 0.76964827],35,56,"[0.6249916856709978, 0.8077006051335125]",-1,-1
3583,[0.72993233 0.74247175],35,14,"[0.740019801793262, 0.7124846396853769]",48,-1
3584,[0.7080763 0.7409928],35,10,"[0.6888975182522787, 0.7695304266244736]",48,-1
3585,[0.76208576 0.67758506],35,14,"[0.740019801793262, 0.7124846396853769]",-1,-1
3586,[0.69656922 0.80566451],35,10,"[0.6888975182522787, 0.7695304266244736]",48,-1
3587,[0.7198068  0.69629245],35,14,"[0.740019801793262, 0.7124846396853769]",48,-1
3588,[0.68737181 0.70988618],35,49,"[0.7003976871461259, 0.6659991324849905]",48,18
3589,[0.71492883 0.77778792],35,10,"[0.6888975182522787, 0.7695304266244736]",48,21
3590,[0.69382748 0.71681724],35,14,"[0.740019801793262, 0.7124846396853769]",48,-1
3591,[0.65590932 0.7030778 ],35,31,"[0.6283100186299069, 0.6976202951749496]",48,-1
3592,[0.72223702 0.78463599],35,10,"[0.6888975182522787, 0.7695304266244736]",48,21
3593,[0.71738755 0.77791009],35,10,"[0.6888975182522787, 0.7695304266244736]",48,21
3594,[0.66176124 0.7474103 ],35,10,"[0.6888975182522787, 0.7695304266244736]",48,22
3595,[0.58425295 0.72662773],35,31,"[0.6283100186299069, 0.6976202951749496]",60,-1
3596,[0.69718913 0.69942787],35,49,"[0.7003976871461259, 0.6659991324849905]",48,18
3597,[0.64623058 0.67792631],35,31,"[0.6283100186299069, 0.6976202951749496]",47,-1
3598,[0.7429235  0.74466236],35,14,"[0.740019801793262, 0.7124846396853769]",48,-1
3599,[0.69387963 0.73831502],35,10,"[0.6888975182522787, 0.7695304266244736]",48,-1
3600,[0.77722155 0.85564833],36,97,"[0.8085390589116385, 0.8825601902783371]",-1,-1
3601,[0.79079313 0.81942353],36,71,"[0.8239319737253928, 0.802271356169174]",-1,-1
3602,[0.7552217  0.83429269],36,32,"[0.7372052186587957, 0.8250395123718929]",48,-1
3603,[0.79549008 0.800646  ],36,71,"[0.8239319737253928, 0.802271356169174]",20,-1
3604,[0.79704279 0.79604585],36,71,"[0.8239319737253928, 0.802271356169174]",20,-1
3605,[0.77443955 0.77662843],36,71,"[0.8239319737253928, 0.802271356169174]",13,-1
3606,[0.76039093 0.90230392],36,90,"[0.7333429288044403, 0.8887256367902243]",-1,-1
3607,[0.71935181 0.93036727],36,90,"[0.7333429288044403, 0.8887256367902243]",-1,-1
3608,[0.76041715 0.82241058],36,32,"[0.7372052186587957, 0.8250395123718929]",48,-1
3609,[0.77476157 0.83550848],36,32,"[0.7372052186587957, 0.8250395123718929]",-1,-1
3610,[0.75708433 0.79725631],36,32,"[0.7372052186587957, 0.8250395123718929]",-1,-1
3611,[0.73547809 0.85816959],36,90,"[0.7333429288044403, 0.8887256367902243]",-1,-1
3612,[0.72544743 0.88538936],36,90,"[0.7333429288044403, 0.8887256367902243]",-1,-1
3613,[0.7806943 0.843502 ],36,32,"[0.7372052186587957, 0.8250395123718929]",-1,-1
3614,[0.80745766 0.84233354],36,97,"[0.8085390589116385, 0.8825601902783371]",-1,-1
3615,[0.74670419 0.84935978],36,32,"[0.7372052186587957, 0.8250395123718929]",-1,-1
3616,[0.79612467 0.77118646],36,71,"[0.8239319737253928, 0.802271356169174]",-1,-1
3617,[0.75376434 0.82121778],36,32,"[0.7372052186587957, 0.8250395123718929]",48,-1
3618,[0.79898824 0.87970068],36,97,"[0.8085390589116385, 0.8825601902783371]",-1,-1
3619,[0.74178099 0.82952707],36,32,"[0.7372052186587957, 0.8250395123718929]",48,-1
3620,[0.77255817 0.86352761],36,97,"[0.8085390589116385, 0.8825601902783371]",-1,-1
3621,[0.72536066 0.75596914],36,10,"[0.6888975182522787, 0.7695304266244736]",-1,-1
3622,[0.80470955 0.89564358],36,97,"[0.8085390589116385, 0.8825601902783371]",-1,-1
3623,[0.811356   0.80736099],36,71,"[0.8239319737253928, 0.802271356169174]",20,-1
3624,[0.73392587 0.80733805],36,32,"[0.7372052186587957, 0.8250395123718929]",48,-1
3625,[0.82355762 0.783365  ],36,71,"[0.8239319737253928, 0.802271356169174]",-1,-1
3626,[0.80870204 0.86564261],36,97,"[0.8085390589116385, 0.8825601902783371]",5,-1
3627,[0.76652762 0.74045781],36,14,"[0.740019801793262, 0.7124846396853769]",25,-1
3628,[0.80945388 0.93282576],36,97,"[0.8085390589116385, 0.8825601902783371]",-1,-1
3629,[0.78865144 0.88176855],36,97,"[0.8085390589116385, 0.8825601902783371]",-1,-1
3630,[0.7824318  0.82838274],36,32,"[0.7372052186587957, 0.8250395123718929]",-1,-1
3631,[0.76571163 0.9172928 ],36,90,"[0.7333429288044403, 0.8887256367902243]",-1,-1
3632,[0.8370582  0.82666622],36,71,"[0.8239319737253928, 0.802271356169174]",-1,-1
3633,[0.77400006 0.81725054],36,32,"[0.7372052186587957, 0.8250395123718929]",-1,-1
3634,[0.7304136 0.8418093],36,32,"[0.7372052186587957, 0.8250395123718929]",-1,-1
3635,[0.79537938 0.80490508],36,71,"[0.8239319737253928, 0.802271356169174]",20,-1
3636,[0.78508267 0.89094544],36,97,"[0.8085390589116385, 0.8825601902783371]",-1,-1
3637,[0.76104622 0.88439369],36,90,"[0.7333429288044403, 0.8887256367902243]",-1,-1
3638,[0.79935967 0.88907667],36,97,"[0.8085390589116385, 0.8825601902783371]",-1,-1
3639,[0.8169482  0.84144924],36,71,"[0.8239319737253928, 0.802271356169174]",-1,-1
3640,[0.7680139  0.86399615],36,90,"[0.7333429288044403, 0.8887256367902243]",-1,-1
3641,[0.75655226 0.73622474],36,14,"[0.740019801793262, 0.7124846396853769]",25,-1
3642,[0.78348116 0.87112465],36,97,"[0.8085390589116385, 0.8825601902783371]",-1,-1
3643,[0.8209578  0.91030373],36,97,"[0.8085390589116385, 0.8825601902783371]",-1,-1
3644,[0.83445665 0.84952853],36,97,"[0.8085390589116385, 0.8825601902783371]",-1,-1
3645,[0.80915982 0.91231604],36,97,"[0.8085390589116385, 0.8825601902783371]",-1,-1
3646,[0.80371286 0.80512307],36,71,"[0.8239319737253928, 0.802271356169174]",20,-1
3647,[0.81539657 0.88580119],36,97,"[0.8085390589116385, 0.8825601902783371]",-1,-1
3648,[0.75073327 0.84662347],36,32,"[0.7372052186587957, 0.8250395123718929]",-1,-1
3649,[0.77422848 0.85898883],36,97,"[0.8085390589116385, 0.8825601902783371]",-1,-1
3650,[0.84897714 0.93137828],36,97,"[0.8085390589116385, 0.8825601902783371]",-1,-1
3651,[0.81144574 0.86677599],36,97,"[0.8085390589116385, 0.8825601902783371]",5,-1
3652,[0.79948408 0.80815667],36,71,"[0.8239319737253928, 0.802271356169174]",20,-1
3653,[0.82017057 0.83359621],36,71,"[0.8239319737253928, 0.802271356169174]",-1,-1
3654,[0.80902746 0.86213153],36,97,"[0.8085390589116385, 0.8825601902783371]",5,-1
3655,[0.74949632 0.9013199 ],36,90,"[0.7333429288044403, 0.8887256367902243]",-1,-1
3656,[0.80494254 0.87121691],36,97,"[0.8085390589116385, 0.8825601902783371]",5,-1
3657,[0.84747609 0.86401938],36,97,"[0.8085390589116385, 0.8825601902783371]",-1,-1
3658,[0.77399075 0.81066933],36,32,"[0.7372052186587957, 0.8250395123718929]",-1,-1
3659,[0.72287511 0.78703229],36,10,"[0.6888975182522787, 0.7695304266244736]",48,21
3660,[0.85567337 0.86765662],36,97,"[0.8085390589116385, 0.8825601902783371]",-1,-1
3661,[0.76089895 0.81549183],36,32,"[0.7372052186587957, 0.8250395123718929]",-1,-1
3662,[0.84655209 0.83626323],36,71,"[0.8239319737253928, 0.802271356169174]",-1,-1
3663,[0.80612777 0.81102917],36,71,"[0.8239319737253928, 0.802271356169174]",20,-1
3664,[0.78564235 0.82171122],36,71,"[0.8239319737253928, 0.802271356169174]",-1,-1
3665,[0.79942994 0.82312701],36,71,"[0.8239319737253928, 0.802271356169174]",20,-1
3666,[0.7807134  0.91310179],36,97,"[0.8085390589116385, 0.8825601902783371]",-1,-1
3667,[0.74263568 0.80306245],36,32,"[0.7372052186587957, 0.8250395123718929]",48,-1
3668,[0.77972914 0.87778538],36,97,"[0.8085390589116385, 0.8825601902783371]",-1,-1
3669,[0.73768404 0.8310221 ],36,32,"[0.7372052186587957, 0.8250395123718929]",48,-1
3670,[0.73582131 0.81258115],36,32,"[0.7372052186587957, 0.8250395123718929]",48,-1
3671,[0.83793188 0.85285483],36,97,"[0.8085390589116385, 0.8825601902783371]",-1,-1
3672,[0.81336841 0.77209533],36,71,"[0.8239319737253928, 0.802271356169174]",-1,-1
3673,[0.81245229 0.81311739],36,71,"[0.8239319737253928, 0.802271356169174]",20,-1
3674,[0.72980157 0.80706416],36,32,"[0.7372052186587957, 0.8250395123718929]",48,-1
3675,[0.69919871 0.76835168],36,10,"[0.6888975182522787, 0.7695304266244736]",48,22
3676,[0.84812202 0.8458274 ],36,71,"[0.8239319737253928, 0.802271356169174]",-1,-1
3677,[0.80397358 0.79736313],36,71,"[0.8239319737253928, 0.802271356169174]",20,-1
3678,[0.73480472 0.88225091],36,90,"[0.7333429288044403, 0.8887256367902243]",-1,-1
3679,[0.78062024 0.90120251],36,97,"[0.8085390589116385, 0.8825601902783371]",-1,-1
3680,[0.78026902 0.79238342],36,71,"[0.8239319737253928, 0.802271356169174]",-1,-1
3681,[0.82657246 0.86519499],36,97,"[0.8085390589116385, 0.8825601902783371]",-1,-1
3682,[0.79358396 0.8460361 ],36,97,"[0.8085390589116385, 0.8825601902783371]",-1,-1
3683,[0.7692954  0.75537727],36,14,"[0.740019801793262, 0.7124846396853769]",-1,-1
3684,[0.72769845 0.8496065 ],36,32,"[0.7372052186587957, 0.8250395123718929]",48,-1
3685,[0.7600597  0.87181039],36,90,"[0.7333429288044403, 0.8887256367902243]",-1,-1
3686,[0.75311486 0.88883592],36,90,"[0.7333429288044403, 0.8887256367902243]",-1,-1
3687,[0.81101613 0.81925372],36,71,"[0.8239319737253928, 0.802271356169174]",20,-1
3688,[0.85574925 0.83194429],36,71,"[0.8239319737253928, 0.802271356169174]",-1,-1
3689,[0.74879443 0.7640105 ],36,14,"[0.740019801793262, 0.7124846396853769]",48,-1
3690,[0.74457797 0.84537695],36,32,"[0.7372052186587957, 0.8250395123718929]",-1,-1
3691,[0.75190453 0.85238408],36,32,"[0.7372052186587957, 0.8250395123718929]",-1,-1
3692,[0.88729355 0.79667182],36,71,"[0.8239319737253928, 0.802271356169174]",-1,-1
3693,[0.79974876 0.86065254],36,97,"[0.8085390589116385, 0.8825601902783371]",5,-1
3694,[0.74698513 0.82963985],36,32,"[0.7372052186587957, 0.8250395123718929]",48,-1
3695,[0.80744065 0.82610118],36,71,"[0.8239319737253928, 0.802271356169174]",-1,-1
3696,[0.73139455 0.78321971],36,32,"[0.7372052186587957, 0.8250395123718929]",48,21
3697,[0.82369856 0.82011199],36,71,"[0.8239319737253928, 0.802271356169174]",-1,-1
3698,[0.77644676 0.82170074],36,32,"[0.7372052186587957, 0.8250395123718929]",48,-1
3699,[0.76741445 0.82618354],36,32,"[0.7372052186587957, 0.8250395123718929]",48,-1
3700,[0.46766044 0.64943035],37,1,"[0.4254611998702779, 0.6260428590068665]",112,-1
3701,[0.49694864 0.6652851 ],37,36,"[0.5286985042700821, 0.6516604258431233]",-1,-1
3702,[0.45491682 0.601085  ],37,1,"[0.4254611998702779, 0.6260428590068665]",112,61
3703,[0.43532002 0.58997624],37,1,"[0.4254611998702779, 0.6260428590068665]",112,72
3704,[0.43575396 0.58269527],37,1,"[0.4254611998702779, 0.6260428590068665]",112,72
3705,[0.3933712  0.61524081],37,99,"[0.3648028013992237, 0.5971623021773774]",112,72
3706,[0.37952954 0.57709524],37,99,"[0.3648028013992237, 0.5971623021773774]",112,-1
3707,[0.48533523 0.62555787],37,36,"[0.5286985042700821, 0.6516604258431233]",-1,-1
3708,[0.40406667 0.63558909],37,1,"[0.4254611998702779, 0.6260428590068665]",112,72
3709,[0.38629811 0.58432846],37,99,"[0.3648028013992237, 0.5971623021773774]",112,72
3710,[0.4316073  0.66791538],37,1,"[0.4254611998702779, 0.6260428590068665]",112,-1
3711,[0.40074792 0.61883276],37,1,"[0.4254611998702779, 0.6260428590068665]",112,72
3712,[0.36161321 0.61998982],37,99,"[0.3648028013992237, 0.5971623021773774]",112,-1
3713,[0.3649054  0.64516697],37,51,"[0.3380449223959843, 0.6548082883119133]",-1,-1
3714,[0.41494431 0.61203014],37,1,"[0.4254611998702779, 0.6260428590068665]",112,72
3715,[0.42344611 0.58763232],37,1,"[0.4254611998702779, 0.6260428590068665]",112,72
3716,[0.41820632 0.64665284],37,1,"[0.4254611998702779, 0.6260428590068665]",112,-1
3717,[0.46901457 0.59203608],37,8,"[0.47040203841495126, 0.5433047126172346]",112,-1
3718,[0.44203332 0.65899157],37,1,"[0.4254611998702779, 0.6260428590068665]",-1,-1
3719,[0.41979785 0.56575672],37,11,"[0.39234234203399093, 0.5489540807322599]",112,72
3720,[0.4254704  0.61348288],37,1,"[0.4254611998702779, 0.6260428590068665]",112,72
3721,[0.48559109 0.60571937],37,36,"[0.5286985042700821, 0.6516604258431233]",-1,-1
3722,[0.45523681 0.58600239],37,8,"[0.47040203841495126, 0.5433047126172346]",112,-1
3723,[0.40612343 0.6081467 ],37,1,"[0.4254611998702779, 0.6260428590068665]",112,72
3724,[0.50783597 0.63094208],37,36,"[0.5286985042700821, 0.6516604258431233]",62,-1
3725,[0.42743799 0.62288537],37,1,"[0.4254611998702779, 0.6260428590068665]",112,-1
3726,[0.44195225 0.61497418],37,1,"[0.4254611998702779, 0.6260428590068665]",112,-1
3727,[0.38313463 0.58987482],37,99,"[0.3648028013992237, 0.5971623021773774]",112,-1
3728,[0.46732591 0.55401698],37,8,"[0.47040203841495126, 0.5433047126172346]",112,60
3729,[0.48896697 0.69374378],37,48,"[0.45117785646922254, 0.7079436468031785]",111,-1
3730,[0.38791302 0.64541038],37,1,"[0.4254611998702779, 0.6260428590068665]",112,-1
3731,[0.39840744 0.70678364],37,28,"[0.3665533604727163, 0.7224000836333309]",-1,-1
3732,[0.4612876  0.56501862],37,8,"[0.47040203841495126, 0.5433047126172346]",112,60
3733,[0.45186568 0.66420082],37,48,"[0.45117785646922254, 0.7079436468031785]",112,-1
3734,[0.4921591  0.56908089],37,8,"[0.47040203841495126, 0.5433047126172346]",83,-1
3735,[0.41690967 0.5659049 ],37,11,"[0.39234234203399093, 0.5489540807322599]",112,72
3736,[0.44975948 0.63605752],37,1,"[0.4254611998702779, 0.6260428590068665]",112,-1
3737,[0.36671306 0.55201575],37,11,"[0.39234234203399093, 0.5489540807322599]",-1,-1
3738,[0.45104031 0.6501355 ],37,1,"[0.4254611998702779, 0.6260428590068665]",112,-1
3739,[0.45335005 0.62770137],37,1,"[0.4254611998702779, 0.6260428590068665]",112,-1
3740,[0.38658859 0.6667225 ],37,51,"[0.3380449223959843, 0.6548082883119133]",112,66
3741,[0.40591421 0.54818409],37,11,"[0.39234234203399093, 0.5489540807322599]",112,72
3742,[0.36445496 0.62291391],37,99,"[0.3648028013992237, 0.5971623021773774]",112,-1
3743,[0.39679495 0.60160285],37,99,"[0.3648028013992237, 0.5971623021773774]",112,72
3744,[0.45692622 0.58441744],37,8,"[0.47040203841495126, 0.5433047126172346]",112,-1
3745,[0.43239806 0.5265646 ],37,8,"[0.47040203841495126, 0.5433047126172346]",112,72
3746,[0.43516694 0.66793702],37,1,"[0.4254611998702779, 0.6260428590068665]",112,-1
3747,[0.40104797 0.62995069],37,1,"[0.4254611998702779, 0.6260428590068665]",112,72
3748,[0.404156   0.64301284],37,1,"[0.4254611998702779, 0.6260428590068665]",112,72
3749,[0.427078   0.65986297],37,1,"[0.4254611998702779, 0.6260428590068665]",112,-1
3750,[0.36637558 0.61400362],37,99,"[0.3648028013992237, 0.5971623021773774]",112,-1
3751,[0.4090929  0.63837632],37,1,"[0.4254611998702779, 0.6260428590068665]",112,-1
3752,[0.47244187 0.63697841],37,1,"[0.4254611998702779, 0.6260428590068665]",-1,-1
3753,[0.39350496 0.60948775],37,99,"[0.3648028013992237, 0.5971623021773774]",112,72
3754,[0.38329645 0.61651179],37,99,"[0.3648028013992237, 0.5971623021773774]",112,-1
3755,[0.39567014 0.61149435],37,1,"[0.4254611998702779, 0.6260428590068665]",112,72
3756,[0.39161398 0.66682672],37,1,"[0.4254611998702779, 0.6260428590068665]",112,66
3757,[0.40335956 0.6158813 ],37,1,"[0.4254611998702779, 0.6260428590068665]",112,72
3758,[0.40268735 0.71731588],37,28,"[0.3665533604727163, 0.7224000836333309]",-1,-1
3759,[0.41205943 0.69385395],37,48,"[0.45117785646922254, 0.7079436468031785]",112,-1
3760,[0.43619873 0.60304941],37,1,"[0.4254611998702779, 0.6260428590068665]",112,-1
3761,[0.42289845 0.65492708],37,1,"[0.4254611998702779, 0.6260428590068665]",112,-1
3762,[0.51842728 0.64839809],37,36,"[0.5286985042700821, 0.6516604258431233]",111,-1
3763,[0.41821321 0.58223798],37,11,"[0.39234234203399093, 0.5489540807322599]",112,72
3764,[0.36096197 0.67544346],37,51,"[0.3380449223959843, 0.6548082883119133]",112,-1
3765,[0.3930077 0.6075389],37,99,"[0.3648028013992237, 0.5971623021773774]",112,72
3766,[0.46012027 0.64947472],37,1,"[0.4254611998702779, 0.6260428590068665]",112,-1
3767,[0.4016885  0.60686062],37,1,"[0.4254611998702779, 0.6260428590068665]",112,72
3768,[0.43224673 0.64846059],37,1,"[0.4254611998702779, 0.6260428590068665]",-1,-1
3769,[0.43115817 0.58421085],37,1,"[0.4254611998702779, 0.6260428590068665]",112,72
3770,[0.46105388 0.60810063],37,1,"[0.4254611998702779, 0.6260428590068665]",112,61
3771,[0.39643376 0.66187844],37,1,"[0.4254611998702779, 0.6260428590068665]",112,-1
3772,[0.46609976 0.56769747],37,8,"[0.47040203841495126, 0.5433047126172346]",112,60
3773,[0.46129488 0.61370973],37,1,"[0.4254611998702779, 0.6260428590068665]",112,61
3774,[0.48792398 0.64010098],37,36,"[0.5286985042700821, 0.6516604258431233]",-1,-1
3775,[0.46539059 0.66684269],37,48,"[0.45117785646922254, 0.7079436468031785]",112,-1
3776,[0.46750193 0.6248648 ],37,1,"[0.4254611998702779, 0.6260428590068665]",112,-1
3777,[0.45165238 0.63845025],37,1,"[0.4254611998702779, 0.6260428590068665]",112,-1
3778,[0.39590975 0.62933235],37,1,"[0.4254611998702779, 0.6260428590068665]",112,72
3779,[0.43105203 0.642761  ],37,1,"[0.4254611998702779, 0.6260428590068665]",-1,-1
3780,[0.41250207 0.54915415],37,11,"[0.39234234203399093, 0.5489540807322599]",112,72
3781,[0.42597504 0.60868422],37,1,"[0.4254611998702779, 0.6260428590068665]",112,72
3782,[0.39589267 0.6326423 ],37,1,"[0.4254611998702779, 0.6260428590068665]",112,72
3783,[0.47166483 0.6513718 ],37,1,"[0.4254611998702779, 0.6260428590068665]",112,-1
3784,[0.43746087 0.67657488],37,48,"[0.45117785646922254, 0.7079436468031785]",112,-1
3785,[0.42362382 0.59985711],37,1,"[0.4254611998702779, 0.6260428590068665]",112,72
3786,[0.40261222 0.62627373],37,1,"[0.4254611998702779, 0.6260428590068665]",112,72
3787,[0.46867698 0.65453442],37,1,"[0.4254611998702779, 0.6260428590068665]",112,-1
3788,[0.48306829 0.64767538],37,36,"[0.5286985042700821, 0.6516604258431233]",-1,-1
3789,[0.45514252 0.52301734],37,8,"[0.47040203841495126, 0.5433047126172346]",112,72
3790,[0.38557989 0.59172254],37,99,"[0.3648028013992237, 0.5971623021773774]",112,-1
3791,[0.42118651 0.56578311],37,11,"[0.39234234203399093, 0.5489540807322599]",112,72
3792,[0.39387916 0.66009292],37,1,"[0.4254611998702779, 0.6260428590068665]",112,-1
3793,[0.42669775 0.61537543],37,1,"[0.4254611998702779, 0.6260428590068665]",112,72
3794,[0.46359348 0.59537047],37,1,"[0.4254611998702779, 0.6260428590068665]",112,-1
3795,[0.46674057 0.59835582],37,1,"[0.4254611998702779, 0.6260428590068665]",112,-1
3796,[0.3986837  0.57186505],37,11,"[0.39234234203399093, 0.5489540807322599]",112,72
3797,[0.40308054 0.6166407 ],37,1,"[0.4254611998702779, 0.6260428590068665]",112,72
3798,[0.47474178 0.62373372],37,1,"[0.4254611998702779, 0.6260428590068665]",-1,-1
3799,[0.42053569 0.66697949],37,1,"[0.4254611998702779, 0.6260428590068665]",-1,-1
3800,[0.38734182 0.62951696],38,1,"[0.4254611998702779, 0.6260428590068665]",112,72
3801,[0.38857658 0.67002276],38,51,"[0.3380449223959843, 0.6548082883119133]",112,66
3802,[0.32895934 0.71264282],38,28,"[0.3665533604727163, 0.7224000836333309]",112,-1
3803,[0.36244903 0.68200367],38,51,"[0.3380449223959843, 0.6548082883119133]",112,66
3804,[0.36522385 0.69147695],38,28,"[0.3665533604727163, 0.7224000836333309]",112,-1
3805,[0.35409444 0.70330154],38,28,"[0.3665533604727163, 0.7224000836333309]",112,-1
3806,[0.3681793  0.74519441],38,28,"[0.3665533604727163, 0.7224000836333309]",95,-1
3807,[0.30790037 0.7185378 ],38,21,"[0.29370179376498934, 0.7320689524506921]",-1,-1
3808,[0.34459835 0.7437463 ],38,28,"[0.3665533604727163, 0.7224000836333309]",95,45
3809,[0.33562589 0.66770012],38,51,"[0.3380449223959843, 0.6548082883119133]",112,-1
3810,[0.37821902 0.75293429],38,28,"[0.3665533604727163, 0.7224000836333309]",95,45
3811,[0.40559958 0.70607097],38,28,"[0.3665533604727163, 0.7224000836333309]",112,-1
3812,[0.33220828 0.69945289],38,28,"[0.3665533604727163, 0.7224000836333309]",112,-1
3813,[0.30130001 0.72299883],38,21,"[0.29370179376498934, 0.7320689524506921]",-1,-1
3814,[0.34926869 0.70881427],38,28,"[0.3665533604727163, 0.7224000836333309]",112,59
3815,[0.38707713 0.7159285 ],38,28,"[0.3665533604727163, 0.7224000836333309]",87,-1
3816,[0.39557461 0.66648853],38,1,"[0.4254611998702779, 0.6260428590068665]",112,66
3817,[0.32293355 0.67462114],38,51,"[0.3380449223959843, 0.6548082883119133]",-1,-1
3818,[0.3424643  0.70349314],38,28,"[0.3665533604727163, 0.7224000836333309]",112,59
3819,[0.33212343 0.72832718],38,28,"[0.3665533604727163, 0.7224000836333309]",95,-1
3820,[0.3606635  0.68760014],38,28,"[0.3665533604727163, 0.7224000836333309]",112,-1
3821,[0.39611436 0.73946502],38,28,"[0.3665533604727163, 0.7224000836333309]",87,-1
3822,[0.35718409 0.71960074],38,28,"[0.3665533604727163, 0.7224000836333309]",-1,-1
3823,[0.34909366 0.68300617],38,51,"[0.3380449223959843, 0.6548082883119133]",112,-1
3824,[0.36677121 0.65532377],38,51,"[0.3380449223959843, 0.6548082883119133]",112,-1
3825,[0.3741638  0.67929106],38,51,"[0.3380449223959843, 0.6548082883119133]",112,-1
3826,[0.36981306 0.68213331],38,28,"[0.3665533604727163, 0.7224000836333309]",112,66
3827,[0.35143422 0.73183387],38,28,"[0.3665533604727163, 0.7224000836333309]",-1,-1
3828,[0.37798138 0.66522758],38,51,"[0.3380449223959843, 0.6548082883119133]",112,-1
3829,[0.38862453 0.66941898],38,51,"[0.3380449223959843, 0.6548082883119133]",112,66
3830,[0.30070044 0.71261568],38,21,"[0.29370179376498934, 0.7320689524506921]",112,-1
3831,[0.34207271 0.73412253],38,28,"[0.3665533604727163, 0.7224000836333309]",95,45
3832,[0.36379418 0.73396606],38,28,"[0.3665533604727163, 0.7224000836333309]",-1,-1
3833,[0.37834873 0.6693151 ],38,51,"[0.3380449223959843, 0.6548082883119133]",112,66
3834,[0.35901375 0.68784992],38,28,"[0.3665533604727163, 0.7224000836333309]",112,-1
3835,[0.37305197 0.76095596],38,28,"[0.3665533604727163, 0.7224000836333309]",95,45
3836,[0.36579282 0.74794004],38,28,"[0.3665533604727163, 0.7224000836333309]",95,-1
3837,[0.31224464 0.73186696],38,21,"[0.29370179376498934, 0.7320689524506921]",112,-1
3838,[0.3927443  0.72506979],38,28,"[0.3665533604727163, 0.7224000836333309]",87,-1
3839,[0.33293629 0.72892579],38,28,"[0.3665533604727163, 0.7224000836333309]",95,-1
3840,[0.37206139 0.77948811],38,27,"[0.394960489486544, 0.7962465519607298]",-1,-1
3841,[0.36659396 0.67588215],38,51,"[0.3380449223959843, 0.6548082883119133]",112,-1
3842,[0.38012408 0.69898926],38,28,"[0.3665533604727163, 0.7224000836333309]",112,-1
3843,[0.37178436 0.71078458],38,28,"[0.3665533604727163, 0.7224000836333309]",109,-1
3844,[0.35548792 0.64418597],38,51,"[0.3380449223959843, 0.6548082883119133]",-1,-1
3845,[0.31130006 0.66233045],38,51,"[0.3380449223959843, 0.6548082883119133]",-1,-1
3846,[0.33263594 0.69006222],38,51,"[0.3380449223959843, 0.6548082883119133]",112,-1
3847,[0.27722996 0.69928058],38,21,"[0.29370179376498934, 0.7320689524506921]",69,-1
3848,[0.35309797 0.70923186],38,28,"[0.3665533604727163, 0.7224000836333309]",112,-1
3849,[0.30685053 0.73145398],38,21,"[0.29370179376498934, 0.7320689524506921]",112,-1
3850,[0.32005446 0.77898106],38,21,"[0.29370179376498934, 0.7320689524506921]",92,-1
3851,[0.30513162 0.6141821 ],38,51,"[0.3380449223959843, 0.6548082883119133]",-1,-1
3852,[0.33943029 0.7557126 ],38,28,"[0.3665533604727163, 0.7224000836333309]",95,45
3853,[0.35215004 0.73137474],38,28,"[0.3665533604727163, 0.7224000836333309]",-1,-1
3854,[0.37010917 0.74915314],38,28,"[0.3665533604727163, 0.7224000836333309]",95,-1
3855,[0.34922602 0.71429667],38,28,"[0.3665533604727163, 0.7224000836333309]",112,-1
3856,[0.298529  0.7223664],38,21,"[0.29370179376498934, 0.7320689524506921]",112,-1
3857,[0.3911176  0.64456272],38,1,"[0.4254611998702779, 0.6260428590068665]",112,-1
3858,[0.36719341 0.77249376],38,27,"[0.394960489486544, 0.7962465519607298]",-1,-1
3859,[0.34282279 0.74158423],38,28,"[0.3665533604727163, 0.7224000836333309]",95,-1
3860,[0.28145795 0.69937833],38,21,"[0.29370179376498934, 0.7320689524506921]",69,-1
3861,[0.42656731 0.68309772],38,48,"[0.45117785646922254, 0.7079436468031785]",112,-1
3862,[0.36836724 0.68088756],38,51,"[0.3380449223959843, 0.6548082883119133]",112,66
3863,[0.35488788 0.67353646],38,51,"[0.3380449223959843, 0.6548082883119133]",112,-1
3864,[0.38239063 0.77546647],38,27,"[0.394960489486544, 0.7962465519607298]",-1,-1
3865,[0.40120153 0.7113813 ],38,28,"[0.3665533604727163, 0.7224000836333309]",112,-1
3866,[0.34204766 0.68085114],38,51,"[0.3380449223959843, 0.6548082883119133]",112,59
3867,[0.38204522 0.67059194],38,51,"[0.3380449223959843, 0.6548082883119133]",112,66
3868,[0.33582164 0.68574275],38,51,"[0.3380449223959843, 0.6548082883119133]",112,59
3869,[0.38667617 0.71782403],38,28,"[0.3665533604727163, 0.7224000836333309]",109,-1
3870,[0.33385326 0.68455911],38,51,"[0.3380449223959843, 0.6548082883119133]",112,59
3871,[0.30040034 0.64147223],38,51,"[0.3380449223959843, 0.6548082883119133]",-1,-1
3872,[0.37002369 0.76444403],38,27,"[0.394960489486544, 0.7962465519607298]",95,-1
3873,[0.38506085 0.75896644],38,27,"[0.394960489486544, 0.7962465519607298]",95,45
3874,[0.39418644 0.73341837],38,28,"[0.3665533604727163, 0.7224000836333309]",87,-1
3875,[0.3993243  0.75517749],38,27,"[0.394960489486544, 0.7962465519607298]",-1,-1
3876,[0.35761764 0.66568031],38,51,"[0.3380449223959843, 0.6548082883119133]",-1,-1
3877,[0.37366226 0.68332945],38,28,"[0.3665533604727163, 0.7224000836333309]",112,66
3878,[0.37077811 0.75841114],38,28,"[0.3665533604727163, 0.7224000836333309]",95,45
3879,[0.39466288 0.69563493],38,28,"[0.3665533604727163, 0.7224000836333309]",-1,-1
3880,[0.35123314 0.66977802],38,51,"[0.3380449223959843, 0.6548082883119133]",-1,-1
3881,[0.38947434 0.67798529],38,28,"[0.3665533604727163, 0.7224000836333309]",112,66
3882,[0.3148645  0.76945932],38,21,"[0.29370179376498934, 0.7320689524506921]",92,-1
3883,[0.385997   0.62559626],38,99,"[0.3648028013992237, 0.5971623021773774]",112,72
3884,[0.33609383 0.67710855],38,51,"[0.3380449223959843, 0.6548082883119133]",112,59
3885,[0.3781557  0.64960133],38,51,"[0.3380449223959843, 0.6548082883119133]",112,-1
3886,[0.27769215 0.71386821],38,21,"[0.29370179376498934, 0.7320689524506921]",69,13
3887,[0.34456264 0.68888007],38,51,"[0.3380449223959843, 0.6548082883119133]",112,59
3888,[0.33192971 0.72454078],38,28,"[0.3665533604727163, 0.7224000836333309]",95,45
3889,[0.2718365  0.67955564],38,21,"[0.29370179376498934, 0.7320689524506921]",-1,-1
3890,[0.38858334 0.64611815],38,1,"[0.4254611998702779, 0.6260428590068665]",112,-1
3891,[0.37897379 0.69091087],38,28,"[0.3665533604727163, 0.7224000836333309]",112,-1
3892,[0.3216375  0.71161804],38,21,"[0.29370179376498934, 0.7320689524506921]",112,-1
3893,[0.32870655 0.6786395 ],38,51,"[0.3380449223959843, 0.6548082883119133]",112,-1
3894,[0.36192085 0.60675562],38,99,"[0.3648028013992237, 0.5971623021773774]",112,-1
3895,[0.30403706 0.69956615],38,21,"[0.29370179376498934, 0.7320689524506921]",-1,-1
3896,[0.30721766 0.73468613],38,21,"[0.29370179376498934, 0.7320689524506921]",112,-1
3897,[0.3114884  0.71411276],38,21,"[0.29370179376498934, 0.7320689524506921]",112,-1
3898,[0.3312791  0.69212558],38,51,"[0.3380449223959843, 0.6548082883119133]",112,59
3899,[0.40333318 0.7078122 ],38,28,"[0.3665533604727163, 0.7224000836333309]",112,-1
3900,[0.47161609 0.54961475],39,8,"[0.47040203841495126, 0.5433047126172346]",112,60
3901,[0.49412325 0.52145997],39,8,"[0.47040203841495126, 0.5433047126172346]",112,-1
3902,[0.34002102 0.47775936],39,94,"[0.33191161120142837, 0.5109127972526102]",112,-1
3903,[0.3908784  0.50820825],39,53,"[0.3771044042788204, 0.4722281085909072]",112,-1
3904,[0.46242166 0.45517926],39,2,"[0.4451682216738327, 0.4665045826425144]",112,72
3905,[0.39871656 0.45158756],39,53,"[0.3771044042788204, 0.4722281085909072]",112,72
3906,[0.39311053 0.42617883],39,6,"[0.40441044434758894, 0.4112979157836676]",112,72
3907,[0.40130458 0.39981658],39,6,"[0.40441044434758894, 0.4112979157836676]",112,72
3908,[0.47542404 0.47306598],39,2,"[0.4451682216738327, 0.4665045826425144]",112,-1
3909,[0.4284879  0.50319232],39,2,"[0.4451682216738327, 0.4665045826425144]",112,72
3910,[0.42948146 0.44964307],39,2,"[0.4451682216738327, 0.4665045826425144]",112,72
3911,[0.36405208 0.47994851],39,53,"[0.3771044042788204, 0.4722281085909072]",112,-1
3912,[0.44276206 0.54847419],39,8,"[0.47040203841495126, 0.5433047126172346]",-1,-1
3913,[0.37310962 0.51044592],39,53,"[0.3771044042788204, 0.4722281085909072]",-1,-1
3914,[0.46234915 0.51287456],39,8,"[0.47040203841495126, 0.5433047126172346]",112,72
3915,[0.39682946 0.46321395],39,53,"[0.3771044042788204, 0.4722281085909072]",112,72
3916,[0.38659154 0.46050289],39,53,"[0.3771044042788204, 0.4722281085909072]",112,72
3917,[0.39354283 0.48508618],39,53,"[0.3771044042788204, 0.4722281085909072]",112,-1
3918,[0.41769622 0.44682571],39,2,"[0.4451682216738327, 0.4665045826425144]",112,-1
3919,[0.4033681  0.43333189],39,6,"[0.40441044434758894, 0.4112979157836676]",112,72
3920,[0.44531576 0.44760324],39,2,"[0.4451682216738327, 0.4665045826425144]",112,-1
3921,[0.32091185 0.48562034],39,94,"[0.33191161120142837, 0.5109127972526102]",-1,-1
3922,[0.45432997 0.47686331],39,2,"[0.4451682216738327, 0.4665045826425144]",112,72
3923,[0.40340076 0.49938219],39,53,"[0.3771044042788204, 0.4722281085909072]",112,72
3924,[0.42108802 0.45300053],39,2,"[0.4451682216738327, 0.4665045826425144]",112,72
3925,[0.40128488 0.47104752],39,53,"[0.3771044042788204, 0.4722281085909072]",112,72
3926,[0.41613117 0.46395728],39,2,"[0.4451682216738327, 0.4665045826425144]",112,72
3927,[0.41807124 0.46776116],39,2,"[0.4451682216738327, 0.4665045826425144]",112,72
3928,[0.46707687 0.5297436 ],39,8,"[0.47040203841495126, 0.5433047126172346]",112,72
3929,[0.37168982 0.46632665],39,53,"[0.3771044042788204, 0.4722281085909072]",112,-1
3930,[0.40579416 0.49738273],39,53,"[0.3771044042788204, 0.4722281085909072]",112,72
3931,[0.47875841 0.5094524 ],39,8,"[0.47040203841495126, 0.5433047126172346]",112,-1
3932,[0.44053358 0.45238868],39,2,"[0.4451682216738327, 0.4665045826425144]",112,72
3933,[0.45932362 0.44945907],39,2,"[0.4451682216738327, 0.4665045826425144]",112,-1
3934,[0.41569497 0.46773444],39,2,"[0.4451682216738327, 0.4665045826425144]",112,72
3935,[0.39697103 0.53224178],39,11,"[0.39234234203399093, 0.5489540807322599]",112,-1
3936,[0.42258792 0.46190005],39,2,"[0.4451682216738327, 0.4665045826425144]",112,72
3937,[0.43427161 0.44623143],39,2,"[0.4451682216738327, 0.4665045826425144]",112,72
3938,[0.41154607 0.4479977 ],39,6,"[0.40441044434758894, 0.4112979157836676]",112,72
3939,[0.32574896 0.43814189],39,67,"[0.34269865168009006, 0.44034776623612226]",112,72
3940,[0.36404904 0.48390161],39,53,"[0.3771044042788204, 0.4722281085909072]",112,-1
3941,[0.47780217 0.52915771],39,8,"[0.47040203841495126, 0.5433047126172346]",112,-1
3942,[0.4511929 0.4877618],39,2,"[0.4451682216738327, 0.4665045826425144]",112,-1
3943,[0.47573073 0.4920655 ],39,2,"[0.4451682216738327, 0.4665045826425144]",112,-1
3944,[0.41163343 0.48388139],39,53,"[0.3771044042788204, 0.4722281085909072]",112,72
3945,[0.35556574 0.52861341],39,94,"[0.33191161120142837, 0.5109127972526102]",-1,-1
3946,[0.44174711 0.47047258],39,2,"[0.4451682216738327, 0.4665045826425144]",112,72
3947,[0.43929486 0.43401439],39,2,"[0.4451682216738327, 0.4665045826425144]",112,-1
3948,[0.43833176 0.47285726],39,2,"[0.4451682216738327, 0.4665045826425144]",112,72
3949,[0.43893827 0.47809261],39,2,"[0.4451682216738327, 0.4665045826425144]",112,72
3950,[0.41799237 0.46059582],39,2,"[0.4451682216738327, 0.4665045826425144]",112,72
3951,[0.42269509 0.47826133],39,2,"[0.4451682216738327, 0.4665045826425144]",112,72
3952,[0.44180675 0.47413697],39,2,"[0.4451682216738327, 0.4665045826425144]",112,72
3953,[0.3653451  0.51141695],39,94,"[0.33191161120142837, 0.5109127972526102]",112,-1
3954,[0.46343258 0.47668569],39,2,"[0.4451682216738327, 0.4665045826425144]",112,-1
3955,[0.46465467 0.52583098],39,8,"[0.47040203841495126, 0.5433047126172346]",112,72
3956,[0.3658046  0.51848683],39,94,"[0.33191161120142837, 0.5109127972526102]",-1,-1
3957,[0.41215285 0.50263914],39,53,"[0.3771044042788204, 0.4722281085909072]",112,72
3958,[0.4963962 0.444113 ],39,2,"[0.4451682216738327, 0.4665045826425144]",-1,-1
3959,[0.44381696 0.42444438],39,6,"[0.40441044434758894, 0.4112979157836676]",112,72
3960,[0.42694275 0.47957359],39,2,"[0.4451682216738327, 0.4665045826425144]",112,72
3961,[0.52109487 0.42353194],39,22,"[0.4960765404668817, 0.3879133591162554]",-1,-1
3962,[0.3402346  0.49197368],39,94,"[0.33191161120142837, 0.5109127972526102]",-1,-1
3963,[0.44615956 0.42661622],39,2,"[0.4451682216738327, 0.4665045826425144]",112,72
3964,[0.3646189  0.50035461],39,53,"[0.3771044042788204, 0.4722281085909072]",112,-1
3965,[0.44685203 0.47088425],39,2,"[0.4451682216738327, 0.4665045826425144]",112,72
3966,[0.43235804 0.47370707],39,2,"[0.4451682216738327, 0.4665045826425144]",112,72
3967,[0.38341562 0.48891689],39,53,"[0.3771044042788204, 0.4722281085909072]",-1,-1
3968,[0.4873406  0.47984497],39,2,"[0.4451682216738327, 0.4665045826425144]",112,57
3969,[0.40046681 0.54290599],39,11,"[0.39234234203399093, 0.5489540807322599]",112,72
3970,[0.47607659 0.47892018],39,2,"[0.4451682216738327, 0.4665045826425144]",112,57
3971,[0.36491368 0.49201031],39,53,"[0.3771044042788204, 0.4722281085909072]",112,-1
3972,[0.40906159 0.46764014],39,53,"[0.3771044042788204, 0.4722281085909072]",112,72
3973,[0.36904045 0.48701565],39,53,"[0.3771044042788204, 0.4722281085909072]",112,-1
3974,[0.44174928 0.53605989],39,8,"[0.47040203841495126, 0.5433047126172346]",112,-1
3975,[0.4534528  0.50957737],39,8,"[0.47040203841495126, 0.5433047126172346]",112,-1
3976,[0.42767424 0.50246514],39,2,"[0.4451682216738327, 0.4665045826425144]",112,72
3977,[0.48319347 0.51054632],39,8,"[0.47040203841495126, 0.5433047126172346]",112,-1
3978,[0.41903723 0.46850802],39,2,"[0.4451682216738327, 0.4665045826425144]",112,72
3979,[0.39628338 0.50146673],39,53,"[0.3771044042788204, 0.4722281085909072]",112,-1
3980,[0.42441507 0.47560086],39,2,"[0.4451682216738327, 0.4665045826425144]",112,72
3981,[0.45342192 0.51256526],39,8,"[0.47040203841495126, 0.5433047126172346]",112,-1
3982,[0.39493229 0.49494069],39,53,"[0.3771044042788204, 0.4722281085909072]",112,72
3983,[0.50982753 0.52981563],39,8,"[0.47040203841495126, 0.5433047126172346]",-1,-1
3984,[0.41335823 0.48866078],39,2,"[0.4451682216738327, 0.4665045826425144]",112,72
3985,[0.43284438 0.50553119],39,2,"[0.4451682216738327, 0.4665045826425144]",112,72
3986,[0.47032332 0.45888216],39,2,"[0.4451682216738327, 0.4665045826425144]",112,-1
3987,[0.50228028 0.55976868],39,8,"[0.47040203841495126, 0.5433047126172346]",-1,-1
3988,[0.40943697 0.46624367],39,53,"[0.3771044042788204, 0.4722281085909072]",112,72
3989,[0.41039979 0.40655263],39,6,"[0.40441044434758894, 0.4112979157836676]",112,72
3990,[0.38601969 0.4381878 ],39,6,"[0.40441044434758894, 0.4112979157836676]",112,72
3991,[0.49228117 0.54476415],39,8,"[0.47040203841495126, 0.5433047126172346]",-1,-1
3992,[0.52733337 0.45724473],39,50,"[0.5684163633112168, 0.42493695949350735]",-1,-1
3993,[0.33671984 0.47342779],39,67,"[0.34269865168009006, 0.44034776623612226]",112,-1
3994,[0.41276977 0.48383835],39,2,"[0.4451682216738327, 0.4665045826425144]",112,72
3995,[0.39806457 0.45891792],39,53,"[0.3771044042788204, 0.4722281085909072]",112,72
3996,[0.40883584 0.46940597],39,53,"[0.3771044042788204, 0.4722281085909072]",112,72
3997,[0.46257838 0.48755748],39,2,"[0.4451682216738327, 0.4665045826425144]",112,-1
3998,[0.45204824 0.4790825 ],39,2,"[0.4451682216738327, 0.4665045826425144]",112,72
3999,[0.47020317 0.43049947],39,2,"[0.4451682216738327, 0.4665045826425144]",112,-1
4000,[0.69265419 0.20670102],40,19,"[0.7145100801879051, 0.21082941063088514]",112,-1
4001,[0.67885132 0.24915309],40,0,"[0.6718634683454, 0.284181654083953]",112,80
4002,[0.68314675 0.29712341],40,0,"[0.6718634683454, 0.284181654083953]",112,80
4003,[0.65653475 0.21341425],40,41,"[0.6450181792213053, 0.1803494340129729]",112,74
4004,[0.73132993 0.24875054],40,12,"[0.7527256969797409, 0.25319450872866317]",112,80
4005,[0.59984812 0.22617837],40,7,"[0.6005437719733706, 0.22857083174818627]",112,80
4006,[0.63911476 0.2861455 ],40,0,"[0.6718634683454, 0.284181654083953]",112,80
4007,[0.70292641 0.21683303],40,19,"[0.7145100801879051, 0.21082941063088514]",-1,-1
4008,[0.67036353 0.22448767],40,19,"[0.7145100801879051, 0.21082941063088514]",112,74
4009,[0.60295749 0.21019856],40,7,"[0.6005437719733706, 0.22857083174818627]",112,80
4010,[0.70743424 0.17517149],40,19,"[0.7145100801879051, 0.21082941063088514]",-1,-1
4011,[0.71488996 0.25823715],40,12,"[0.7527256969797409, 0.25319450872866317]",112,80
4012,[0.73484217 0.26799913],40,12,"[0.7527256969797409, 0.25319450872866317]",112,80
4013,[0.73186199 0.26200909],40,12,"[0.7527256969797409, 0.25319450872866317]",112,80
4014,[0.66711629 0.23036773],40,19,"[0.7145100801879051, 0.21082941063088514]",112,-1
4015,[0.71528172 0.20795821],40,19,"[0.7145100801879051, 0.21082941063088514]",112,80
4016,[0.64661481 0.171886  ],40,41,"[0.6450181792213053, 0.1803494340129729]",-1,-1
4017,[0.61719809 0.23174296],40,7,"[0.6005437719733706, 0.22857083174818627]",112,80
4018,[0.65619738 0.15752214],40,41,"[0.6450181792213053, 0.1803494340129729]",-1,-1
4019,[0.69674507 0.17137717],40,42,"[0.72284537991344, 0.13959659556720486]",-1,-1
4020,[0.68808917 0.18299757],40,19,"[0.7145100801879051, 0.21082941063088514]",112,-1
4021,[0.67905916 0.170313  ],40,41,"[0.6450181792213053, 0.1803494340129729]",112,-1
4022,[0.65119857 0.20159599],40,41,"[0.6450181792213053, 0.1803494340129729]",112,74
4023,[0.70674839 0.31213513],40,9,"[0.7400409662228525, 0.324036995192541]",112,-1
4024,[0.75837819 0.20626762],40,19,"[0.7145100801879051, 0.21082941063088514]",112,-1
4025,[0.69173074 0.20997513],40,19,"[0.7145100801879051, 0.21082941063088514]",112,-1
4026,[0.64818166 0.22000388],40,41,"[0.6450181792213053, 0.1803494340129729]",112,-1
4027,[0.63778875 0.22195405],40,7,"[0.6005437719733706, 0.22857083174818627]",-1,-1
4028,[0.70232503 0.19941799],40,19,"[0.7145100801879051, 0.21082941063088514]",112,-1
4029,[0.69301339 0.2870179 ],40,0,"[0.6718634683454, 0.284181654083953]",112,80
4030,[0.74906874 0.21523806],40,19,"[0.7145100801879051, 0.21082941063088514]",112,78
4031,[0.64796014 0.25742858],40,0,"[0.6718634683454, 0.284181654083953]",112,-1
4032,[0.66173146 0.21869408],40,41,"[0.6450181792213053, 0.1803494340129729]",112,74
4033,[0.68493021 0.20873871],40,19,"[0.7145100801879051, 0.21082941063088514]",112,-1
4034,[0.63387244 0.258149  ],40,7,"[0.6005437719733706, 0.22857083174818627]",112,80
4035,[0.69711202 0.20493034],40,19,"[0.7145100801879051, 0.21082941063088514]",112,-1
4036,[0.73210649 0.26713294],40,12,"[0.7527256969797409, 0.25319450872866317]",112,80
4037,[0.64192346 0.196931  ],40,41,"[0.6450181792213053, 0.1803494340129729]",112,74
4038,[0.65756044 0.20727787],40,41,"[0.6450181792213053, 0.1803494340129729]",112,74
4039,[0.69255    0.24208395],40,19,"[0.7145100801879051, 0.21082941063088514]",112,80
4040,[0.69246176 0.21137374],40,19,"[0.7145100801879051, 0.21082941063088514]",112,-1
4041,[0.59898879 0.1682713 ],40,70,"[0.5651469735094694, 0.16500650040708084]",-1,-1
4042,[0.57679483 0.19362287],40,70,"[0.5651469735094694, 0.16500650040708084]",112,80
4043,[0.69592527 0.23729417],40,19,"[0.7145100801879051, 0.21082941063088514]",112,80
4044,[0.66270774 0.30676233],40,0,"[0.6718634683454, 0.284181654083953]",112,80
4045,[0.6828852  0.20943294],40,19,"[0.7145100801879051, 0.21082941063088514]",112,-1
4046,[0.6282241  0.23381463],40,7,"[0.6005437719733706, 0.22857083174818627]",112,-1
4047,[0.74460227 0.17854586],40,19,"[0.7145100801879051, 0.21082941063088514]",112,-1
4048,[0.66734702 0.28156249],40,0,"[0.6718634683454, 0.284181654083953]",112,80
4049,[0.69358987 0.18847017],40,19,"[0.7145100801879051, 0.21082941063088514]",112,-1
4050,[0.74652985 0.26324944],40,12,"[0.7527256969797409, 0.25319450872866317]",112,80
4051,[0.62619337 0.19909053],40,41,"[0.6450181792213053, 0.1803494340129729]",112,80
4052,[0.72407487 0.29950296],40,9,"[0.7400409662228525, 0.324036995192541]",112,80
4053,[0.70253762 0.23286697],40,19,"[0.7145100801879051, 0.21082941063088514]",112,80
4054,[0.73389379 0.27303444],40,12,"[0.7527256969797409, 0.25319450872866317]",112,80
4055,[0.65580386 0.19865083],40,41,"[0.6450181792213053, 0.1803494340129729]",112,74
4056,[0.6702241 0.2285042],40,19,"[0.7145100801879051, 0.21082941063088514]",112,-1
4057,[0.69072542 0.18263201],40,19,"[0.7145100801879051, 0.21082941063088514]",112,-1
4058,[0.71701758 0.27368623],40,12,"[0.7527256969797409, 0.25319450872866317]",112,-1
4059,[0.70223331 0.21631377],40,19,"[0.7145100801879051, 0.21082941063088514]",112,-1
4060,[0.65495836 0.17002632],40,41,"[0.6450181792213053, 0.1803494340129729]",112,-1
4061,[0.72281847 0.27222762],40,12,"[0.7527256969797409, 0.25319450872866317]",112,80
4062,[0.65733966 0.22574233],40,41,"[0.6450181792213053, 0.1803494340129729]",112,-1
4063,[0.69168929 0.22868355],40,19,"[0.7145100801879051, 0.21082941063088514]",112,80
4064,[0.72102585 0.22400024],40,19,"[0.7145100801879051, 0.21082941063088514]",112,80
4065,[0.66582245 0.21848564],40,41,"[0.6450181792213053, 0.1803494340129729]",112,74
4066,[0.66025779 0.22147008],40,41,"[0.6450181792213053, 0.1803494340129729]",112,74
4067,[0.72387725 0.15279379],40,42,"[0.72284537991344, 0.13959659556720486]",-1,-1
4068,[0.6933548  0.22688618],40,19,"[0.7145100801879051, 0.21082941063088514]",112,-1
4069,[0.64577214 0.24162439],40,7,"[0.6005437719733706, 0.22857083174818627]",112,80
4070,[0.67868602 0.23954726],40,0,"[0.6718634683454, 0.284181654083953]",112,80
4071,[0.66275082 0.22835424],40,41,"[0.6450181792213053, 0.1803494340129729]",112,74
4072,[0.64059794 0.17987349],40,41,"[0.6450181792213053, 0.1803494340129729]",112,-1
4073,[0.71096613 0.24466843],40,19,"[0.7145100801879051, 0.21082941063088514]",112,-1
4074,[0.65754732 0.27035137],40,0,"[0.6718634683454, 0.284181654083953]",112,80
4075,[0.65657744 0.15194472],40,41,"[0.6450181792213053, 0.1803494340129729]",-1,-1
4076,[0.69034957 0.2574405 ],40,0,"[0.6718634683454, 0.284181654083953]",112,80
4077,[0.60357546 0.21783539],40,7,"[0.6005437719733706, 0.22857083174818627]",112,80
4078,[0.69041581 0.20066128],40,19,"[0.7145100801879051, 0.21082941063088514]",112,-1
4079,[0.70102711 0.16550459],40,42,"[0.72284537991344, 0.13959659556720486]",-1,-1
4080,[0.67890101 0.26850843],40,0,"[0.6718634683454, 0.284181654083953]",112,80
4081,[0.6167061  0.26112643],40,7,"[0.6005437719733706, 0.22857083174818627]",112,80
4082,[0.68226996 0.20350122],40,19,"[0.7145100801879051, 0.21082941063088514]",112,-1
4083,[0.68894187 0.18703918],40,19,"[0.7145100801879051, 0.21082941063088514]",112,-1
4084,[0.63315991 0.28956817],40,4,"[0.621879023183751, 0.3152829127139686]",112,80
4085,[0.6948965 0.1605339],40,42,"[0.72284537991344, 0.13959659556720486]",-1,-1
4086,[0.6302461  0.20299656],40,41,"[0.6450181792213053, 0.1803494340129729]",112,-1
4087,[0.7010028 0.2306105],40,19,"[0.7145100801879051, 0.21082941063088514]",112,80
4088,[0.64749772 0.23074546],40,7,"[0.6005437719733706, 0.22857083174818627]",-1,-1
4089,[0.70213342 0.26602643],40,0,"[0.6718634683454, 0.284181654083953]",112,80
4090,[0.73108677 0.20315541],40,19,"[0.7145100801879051, 0.21082941063088514]",112,-1
4091,[0.6334831  0.22809398],40,7,"[0.6005437719733706, 0.22857083174818627]",-1,-1
4092,[0.6076169  0.20755206],40,7,"[0.6005437719733706, 0.22857083174818627]",112,80
4093,[0.66428692 0.28547036],40,0,"[0.6718634683454, 0.284181654083953]",112,80
4094,[0.65744872 0.20683966],40,41,"[0.6450181792213053, 0.1803494340129729]",112,74
4095,[0.69108942 0.25815703],40,0,"[0.6718634683454, 0.284181654083953]",112,80
4096,[0.65609711 0.22562132],40,41,"[0.6450181792213053, 0.1803494340129729]",112,-1
4097,[0.65657374 0.21470841],40,41,"[0.6450181792213053, 0.1803494340129729]",112,74
4098,[0.67559578 0.22382974],40,19,"[0.7145100801879051, 0.21082941063088514]",112,-1
4099,[0.6391569  0.28332524],40,0,"[0.6718634683454, 0.284181654083953]",112,80
4100,[0.47114488 0.76633155],41,43,"[0.4600847464699888, 0.8121159369971912]",-1,-1
4101,[0.4451666  0.81270723],41,43,"[0.4600847464699888, 0.8121159369971912]",95,40
4102,[0.45835677 0.75918852],41,48,"[0.45117785646922254, 0.7079436468031785]",77,-1
4103,[0.3980182  0.83466017],41,27,"[0.394960489486544, 0.7962465519607298]",-1,-1
4104,[0.44729643 0.77029241],41,43,"[0.4600847464699888, 0.8121159369971912]",95,40
4105,[0.48058698 0.83876232],41,43,"[0.4600847464699888, 0.8121159369971912]",-1,-1
4106,[0.44723928 0.76969354],41,43,"[0.4600847464699888, 0.8121159369971912]",95,40
4107,[0.40929625 0.78884636],41,27,"[0.394960489486544, 0.7962465519607298]",95,44
4108,[0.42013927 0.75194032],41,27,"[0.394960489486544, 0.7962465519607298]",-1,-1
4109,[0.36252207 0.78894256],41,27,"[0.394960489486544, 0.7962465519607298]",88,-1
4110,[0.44726182 0.81810619],41,43,"[0.4600847464699888, 0.8121159369971912]",95,40
4111,[0.43523896 0.76815675],41,27,"[0.394960489486544, 0.7962465519607298]",95,40
4112,[0.49541356 0.82080239],41,43,"[0.4600847464699888, 0.8121159369971912]",24,-1
4113,[0.42863802 0.6793526 ],41,48,"[0.45117785646922254, 0.7079436468031785]",112,-1
4114,[0.38696715 0.74870281],41,28,"[0.3665533604727163, 0.7224000836333309]",95,-1
4115,[0.3489714  0.78885278],41,27,"[0.394960489486544, 0.7962465519607298]",-1,-1
4116,[0.5021173  0.75847625],41,23,"[0.5302520860132256, 0.7258783520828289]",-1,-1
4117,[0.40863217 0.77865662],41,27,"[0.394960489486544, 0.7962465519607298]",95,-1
4118,[0.4452302  0.85057963],41,43,"[0.4600847464699888, 0.8121159369971912]",39,5
4119,[0.41852252 0.84739782],41,43,"[0.4600847464699888, 0.8121159369971912]",39,-1
4120,[0.44176048 0.77360658],41,43,"[0.4600847464699888, 0.8121159369971912]",95,40
4121,[0.37130057 0.71981272],41,28,"[0.3665533604727163, 0.7224000836333309]",109,-1
4122,[0.47841294 0.7966782 ],41,43,"[0.4600847464699888, 0.8121159369971912]",26,-1
4123,[0.46328754 0.84702936],41,43,"[0.4600847464699888, 0.8121159369971912]",39,5
4124,[0.50099995 0.79862825],41,43,"[0.4600847464699888, 0.8121159369971912]",-1,-1
4125,[0.40526881 0.78229439],41,27,"[0.394960489486544, 0.7962465519607298]",95,-1
4126,[0.43499612 0.81427311],41,43,"[0.4600847464699888, 0.8121159369971912]",95,40
4127,[0.40745609 0.80585115],41,27,"[0.394960489486544, 0.7962465519607298]",95,-1
4128,[0.38157941 0.75754713],41,28,"[0.3665533604727163, 0.7224000836333309]",95,45
4129,[0.40456084 0.76089411],41,27,"[0.394960489486544, 0.7962465519607298]",95,-1
4130,[0.38189336 0.76049774],41,27,"[0.394960489486544, 0.7962465519607298]",95,45
4131,[0.43948976 0.8402131 ],41,43,"[0.4600847464699888, 0.8121159369971912]",39,5
4132,[0.38626174 0.78046532],41,27,"[0.394960489486544, 0.7962465519607298]",95,-1
4133,[0.42656821 0.76386989],41,27,"[0.394960489486544, 0.7962465519607298]",-1,-1
4134,[0.43587082 0.79238987],41,43,"[0.4600847464699888, 0.8121159369971912]",95,40
4135,[0.44096182 0.81752329],41,43,"[0.4600847464699888, 0.8121159369971912]",95,-1
4136,[0.45533223 0.84660971],41,43,"[0.4600847464699888, 0.8121159369971912]",39,5
4137,[0.35084992 0.79266926],41,27,"[0.394960489486544, 0.7962465519607298]",88,-1
4138,[0.4475278  0.81568982],41,43,"[0.4600847464699888, 0.8121159369971912]",95,-1
4139,[0.39848494 0.77022901],41,27,"[0.394960489486544, 0.7962465519607298]",95,44
4140,[0.47734736 0.75608408],41,48,"[0.45117785646922254, 0.7079436468031785]",-1,-1
4141,[0.45412073 0.8214091 ],41,43,"[0.4600847464699888, 0.8121159369971912]",95,-1
4142,[0.42816155 0.81907376],41,43,"[0.4600847464699888, 0.8121159369971912]",-1,-1
4143,[0.44165809 0.74971065],41,48,"[0.45117785646922254, 0.7079436468031785]",77,-1
4144,[0.4075066  0.69871733],41,48,"[0.45117785646922254, 0.7079436468031785]",112,-1
4145,[0.43991526 0.80568872],41,43,"[0.4600847464699888, 0.8121159369971912]",95,40
4146,[0.4534495  0.75476515],41,48,"[0.45117785646922254, 0.7079436468031785]",77,-1
4147,[0.52649376 0.76625814],41,23,"[0.5302520860132256, 0.7258783520828289]",-1,-1
4148,[0.51432296 0.78962149],41,75,"[0.5578508247145463, 0.8075131053511911]",44,-1
4149,[0.4688497  0.76524406],41,43,"[0.4600847464699888, 0.8121159369971912]",-1,-1
4150,[0.4652538 0.7356109],41,48,"[0.45117785646922254, 0.7079436468031785]",94,23
4151,[0.49734819 0.74137978],41,23,"[0.5302520860132256, 0.7258783520828289]",-1,23
4152,[0.4212336  0.79539632],41,27,"[0.394960489486544, 0.7962465519607298]",-1,-1
4153,[0.41865741 0.78584539],41,27,"[0.394960489486544, 0.7962465519607298]",95,-1
4154,[0.39291683 0.77569448],41,27,"[0.394960489486544, 0.7962465519607298]",95,-1
4155,[0.446325   0.74758157],41,48,"[0.45117785646922254, 0.7079436468031785]",77,-1
4156,[0.51891091 0.72974206],41,23,"[0.5302520860132256, 0.7258783520828289]",-1,-1
4157,[0.39091516 0.73327608],41,28,"[0.3665533604727163, 0.7224000836333309]",87,-1
4158,[0.38244866 0.80245331],41,27,"[0.394960489486544, 0.7962465519607298]",-1,-1
4159,[0.41259695 0.82153729],41,27,"[0.394960489486544, 0.7962465519607298]",-1,-1
4160,[0.43340551 0.74301774],41,48,"[0.45117785646922254, 0.7079436468031785]",77,-1
4161,[0.40642696 0.79990096],41,27,"[0.394960489486544, 0.7962465519607298]",95,44
4162,[0.41097868 0.79872831],41,27,"[0.394960489486544, 0.7962465519607298]",95,44
4163,[0.50656663 0.79643305],41,43,"[0.4600847464699888, 0.8121159369971912]",44,-1
4164,[0.43204665 0.80759129],41,43,"[0.4600847464699888, 0.8121159369971912]",95,40
4165,[0.43956408 0.85554686],41,43,"[0.4600847464699888, 0.8121159369971912]",39,5
4166,[0.45216925 0.78429513],41,43,"[0.4600847464699888, 0.8121159369971912]",-1,-1
4167,[0.46459022 0.81653911],41,43,"[0.4600847464699888, 0.8121159369971912]",-1,-1
4168,[0.4215141  0.77860715],41,27,"[0.394960489486544, 0.7962465519607298]",95,-1
4169,[0.4005566  0.79189252],41,27,"[0.394960489486544, 0.7962465519607298]",95,44
4170,[0.46826462 0.83333794],41,43,"[0.4600847464699888, 0.8121159369971912]",-1,-1
4171,[0.39150181 0.81850927],41,27,"[0.394960489486544, 0.7962465519607298]",-1,-1
4172,[0.44378776 0.79978025],41,43,"[0.4600847464699888, 0.8121159369971912]",95,40
4173,[0.40580598 0.79272444],41,27,"[0.394960489486544, 0.7962465519607298]",95,44
4174,[0.39465393 0.81866314],41,27,"[0.394960489486544, 0.7962465519607298]",-1,-1
4175,[0.40033819 0.76777871],41,27,"[0.394960489486544, 0.7962465519607298]",95,-1
4176,[0.45285116 0.80744128],41,43,"[0.4600847464699888, 0.8121159369971912]",-1,-1
4177,[0.42972395 0.78845355],41,27,"[0.394960489486544, 0.7962465519607298]",95,40
4178,[0.451508   0.84240161],41,43,"[0.4600847464699888, 0.8121159369971912]",39,5
4179,[0.43451206 0.6994635 ],41,48,"[0.45117785646922254, 0.7079436468031785]",-1,-1
4180,[0.43823908 0.7744339 ],41,43,"[0.4600847464699888, 0.8121159369971912]",95,40
4181,[0.44038733 0.77651602],41,43,"[0.4600847464699888, 0.8121159369971912]",95,40
4182,[0.43587137 0.75366929],41,48,"[0.45117785646922254, 0.7079436468031785]",77,-1
4183,[0.3895256  0.76172227],41,27,"[0.394960489486544, 0.7962465519607298]",95,-1
4184,[0.4015641  0.80065479],41,27,"[0.394960489486544, 0.7962465519607298]",95,44
4185,[0.43442694 0.80710088],41,43,"[0.4600847464699888, 0.8121159369971912]",95,40
4186,[0.42647632 0.84384884],41,43,"[0.4600847464699888, 0.8121159369971912]",39,5
4187,[0.3986758  0.79011745],41,27,"[0.394960489486544, 0.7962465519607298]",95,44
4188,[0.4563728  0.86928164],41,89,"[0.4881424593356583, 0.8743362179237]",-1,-1
4189,[0.49022955 0.75524503],41,23,"[0.5302520860132256, 0.7258783520828289]",-1,-1
4190,[0.45629818 0.8456186 ],41,43,"[0.4600847464699888, 0.8121159369971912]",39,5
4191,[0.40265015 0.74529387],41,28,"[0.3665533604727163, 0.7224000836333309]",-1,-1
4192,[0.45678584 0.75188083],41,48,"[0.45117785646922254, 0.7079436468031785]",77,-1
4193,[0.42112435 0.73797864],41,48,"[0.45117785646922254, 0.7079436468031785]",77,-1
4194,[0.45824137 0.77984088],41,43,"[0.4600847464699888, 0.8121159369971912]",-1,-1
4195,[0.45247897 0.74370764],41,48,"[0.45117785646922254, 0.7079436468031785]",-1,-1
4196,[0.40835395 0.8210171 ],41,27,"[0.394960489486544, 0.7962465519607298]",-1,-1
4197,[0.47115901 0.83998734],41,43,"[0.4600847464699888, 0.8121159369971912]",39,-1
4198,[0.43593246 0.79663704],41,43,"[0.4600847464699888, 0.8121159369971912]",95,40
4199,[0.44485785 0.84760243],41,43,"[0.4600847464699888, 0.8121159369971912]",39,5
4200,[0.68661315 0.2869969 ],42,0,"[0.6718634683454, 0.284181654083953]",112,80
4201,[0.65252911 0.27249401],42,0,"[0.6718634683454, 0.284181654083953]",112,80
4202,[0.65366178 0.38494142],42,5,"[0.6450318820843447, 0.4074212796508608]",112,54
4203,[0.62455383 0.336985  ],42,4,"[0.621879023183751, 0.3152829127139686]",112,-1
4204,[0.57737025 0.35031845],42,15,"[0.5482412671622104, 0.34401601997908093]",112,68
4205,[0.69864625 0.28681031],42,0,"[0.6718634683454, 0.284181654083953]",112,80
4206,[0.53652882 0.30764424],42,24,"[0.5369464490953868, 0.27541725802307815]",112,-1
4207,[0.62475469 0.29227381],42,4,"[0.621879023183751, 0.3152829127139686]",112,80
4208,[0.68023946 0.29785436],42,0,"[0.6718634683454, 0.284181654083953]",112,80
4209,[0.63996384 0.36965552],42,5,"[0.6450318820843447, 0.4074212796508608]",112,54
4210,[0.60095238 0.30611623],42,4,"[0.621879023183751, 0.3152829127139686]",112,80
4211,[0.59870043 0.27215607],42,7,"[0.6005437719733706, 0.22857083174818627]",112,80
4212,[0.54308734 0.3316572 ],42,15,"[0.5482412671622104, 0.34401601997908093]",112,70
4213,[0.6039593 0.3785182],42,5,"[0.6450318820843447, 0.4074212796508608]",-1,-1
4214,[0.63488892 0.32912843],42,4,"[0.621879023183751, 0.3152829127139686]",112,-1
4215,[0.61869472 0.29086754],42,4,"[0.621879023183751, 0.3152829127139686]",112,80
4216,[0.66321617 0.33299058],42,4,"[0.621879023183751, 0.3152829127139686]",112,80
4217,[0.60882695 0.31634456],42,4,"[0.621879023183751, 0.3152829127139686]",112,-1
4218,[0.61872446 0.31760675],42,4,"[0.621879023183751, 0.3152829127139686]",112,80
4219,[0.61674139 0.28635821],42,4,"[0.621879023183751, 0.3152829127139686]",112,80
4220,[0.62788615 0.34314835],42,4,"[0.621879023183751, 0.3152829127139686]",112,-1
4221,[0.59823937 0.26274659],42,7,"[0.6005437719733706, 0.22857083174818627]",112,80
4222,[0.63080417 0.27433539],42,4,"[0.621879023183751, 0.3152829127139686]",112,80
4223,[0.66375787 0.34321626],42,4,"[0.621879023183751, 0.3152829127139686]",112,80
4224,[0.648651   0.34625641],42,4,"[0.621879023183751, 0.3152829127139686]",112,80
4225,[0.57994614 0.25045349],42,7,"[0.6005437719733706, 0.22857083174818627]",112,80
4226,[0.67049389 0.32176021],42,0,"[0.6718634683454, 0.284181654083953]",112,80
4227,[0.60122206 0.37427625],42,5,"[0.6450318820843447, 0.4074212796508608]",-1,-1
4228,[0.54059261 0.27804145],42,24,"[0.5369464490953868, 0.27541725802307815]",112,75
4229,[0.56749601 0.28781562],42,24,"[0.5369464490953868, 0.27541725802307815]",112,-1
4230,[0.66529283 0.35398684],42,5,"[0.6450318820843447, 0.4074212796508608]",112,-1
4231,[0.69589785 0.31279436],42,0,"[0.6718634683454, 0.284181654083953]",112,80
4232,[0.61757812 0.29658947],42,4,"[0.621879023183751, 0.3152829127139686]",112,80
4233,[0.59672939 0.32481441],42,4,"[0.621879023183751, 0.3152829127139686]",112,-1
4234,[0.59204516 0.35053056],42,15,"[0.5482412671622104, 0.34401601997908093]",112,68
4235,[0.55276392 0.34361205],42,15,"[0.5482412671622104, 0.34401601997908093]",-1,-1
4236,[0.64595086 0.28909673],42,0,"[0.6718634683454, 0.284181654083953]",112,80
4237,[0.56039936 0.31259625],42,15,"[0.5482412671622104, 0.34401601997908093]",112,-1
4238,[0.62625871 0.26823649],42,4,"[0.621879023183751, 0.3152829127139686]",112,80
4239,[0.6349185 0.2997693],42,4,"[0.621879023183751, 0.3152829127139686]",112,80
4240,[0.58780803 0.32547863],42,4,"[0.621879023183751, 0.3152829127139686]",-1,-1
4241,[0.56209377 0.26397457],42,24,"[0.5369464490953868, 0.27541725802307815]",112,-1
4242,[0.67828017 0.28114522],42,0,"[0.6718634683454, 0.284181654083953]",112,-1
4243,[0.63316791 0.28088702],42,4,"[0.621879023183751, 0.3152829127139686]",112,80
4244,[0.63281963 0.26634229],42,0,"[0.6718634683454, 0.284181654083953]",112,80
4245,[0.61701057 0.32754344],42,4,"[0.621879023183751, 0.3152829127139686]",112,80
4246,[0.63498135 0.30978961],42,4,"[0.621879023183751, 0.3152829127139686]",112,80
4247,[0.57448501 0.28261137],42,24,"[0.5369464490953868, 0.27541725802307815]",112,-1
4248,[0.59398571 0.24748828],42,7,"[0.6005437719733706, 0.22857083174818627]",112,80
4249,[0.6630656  0.34746228],42,4,"[0.621879023183751, 0.3152829127139686]",112,80
4250,[0.60035197 0.35405523],42,4,"[0.621879023183751, 0.3152829127139686]",112,68
4251,[0.61744843 0.43668534],42,5,"[0.6450318820843447, 0.4074212796508608]",112,-1
4252,[0.59194156 0.32611525],42,4,"[0.621879023183751, 0.3152829127139686]",112,-1
4253,[0.67532562 0.42166802],42,5,"[0.6450318820843447, 0.4074212796508608]",112,-1
4254,[0.61956469 0.30011713],42,4,"[0.621879023183751, 0.3152829127139686]",112,80
4255,[0.5930364  0.31150913],42,4,"[0.621879023183751, 0.3152829127139686]",112,80
4256,[0.64684169 0.37441665],42,5,"[0.6450318820843447, 0.4074212796508608]",112,54
4257,[0.6127477  0.33581442],42,4,"[0.621879023183751, 0.3152829127139686]",112,-1
4258,[0.63241456 0.31885788],42,4,"[0.621879023183751, 0.3152829127139686]",112,-1
4259,[0.65866594 0.30457157],42,0,"[0.6718634683454, 0.284181654083953]",112,80
4260,[0.61732617 0.39386553],42,5,"[0.6450318820843447, 0.4074212796508608]",112,-1
4261,[0.59605498 0.35198316],42,4,"[0.621879023183751, 0.3152829127139686]",112,68
4262,[0.64944537 0.2915    ],42,0,"[0.6718634683454, 0.284181654083953]",112,80
4263,[0.63629217 0.2692023 ],42,0,"[0.6718634683454, 0.284181654083953]",112,80
4264,[0.69055507 0.31033757],42,0,"[0.6718634683454, 0.284181654083953]",112,-1
4265,[0.62212184 0.30480213],42,4,"[0.621879023183751, 0.3152829127139686]",112,80
4266,[0.62392164 0.28843953],42,4,"[0.621879023183751, 0.3152829127139686]",112,80
4267,[0.54203227 0.30647914],42,24,"[0.5369464490953868, 0.27541725802307815]",112,-1
4268,[0.62098285 0.23236118],42,7,"[0.6005437719733706, 0.22857083174818627]",112,80
4269,[0.63137721 0.39128574],42,5,"[0.6450318820843447, 0.4074212796508608]",112,55
4270,[0.67412568 0.30260907],42,0,"[0.6718634683454, 0.284181654083953]",112,80
4271,[0.56952694 0.35750425],42,15,"[0.5482412671622104, 0.34401601997908093]",112,68
4272,[0.59566487 0.28043484],42,4,"[0.621879023183751, 0.3152829127139686]",112,80
4273,[0.62057562 0.33080885],42,4,"[0.621879023183751, 0.3152829127139686]",112,-1
4274,[0.56952236 0.39381517],42,50,"[0.5684163633112168, 0.42493695949350735]",112,64
4275,[0.66966592 0.38566023],42,5,"[0.6450318820843447, 0.4074212796508608]",112,54
4276,[0.58052854 0.36684323],42,15,"[0.5482412671622104, 0.34401601997908093]",112,68
4277,[0.62375545 0.43564166],42,5,"[0.6450318820843447, 0.4074212796508608]",112,53
4278,[0.62643166 0.29815516],42,4,"[0.621879023183751, 0.3152829127139686]",112,80
4279,[0.60867199 0.2275368 ],42,7,"[0.6005437719733706, 0.22857083174818627]",112,80
4280,[0.59931218 0.27832629],42,4,"[0.621879023183751, 0.3152829127139686]",112,80
4281,[0.61216252 0.30510306],42,4,"[0.621879023183751, 0.3152829127139686]",112,80
4282,[0.65627788 0.34361631],42,4,"[0.621879023183751, 0.3152829127139686]",112,80
4283,[0.63499896 0.29486956],42,4,"[0.621879023183751, 0.3152829127139686]",112,80
4284,[0.62523371 0.30587102],42,4,"[0.621879023183751, 0.3152829127139686]",112,80
4285,[0.64870452 0.27216343],42,0,"[0.6718634683454, 0.284181654083953]",112,80
4286,[0.59407338 0.31337613],42,4,"[0.621879023183751, 0.3152829127139686]",112,80
4287,[0.56009807 0.22479555],42,3,"[0.531508884163895, 0.21064096043592298]",112,80
4288,[0.65863204 0.34025896],42,4,"[0.621879023183751, 0.3152829127139686]",112,80
4289,[0.66413755 0.3007149 ],42,0,"[0.6718634683454, 0.284181654083953]",112,80
4290,[0.5765268  0.36678318],42,15,"[0.5482412671622104, 0.34401601997908093]",112,68
4291,[0.65897934 0.37959679],42,5,"[0.6450318820843447, 0.4074212796508608]",112,54
4292,[0.65609913 0.31477077],42,4,"[0.621879023183751, 0.3152829127139686]",112,80
4293,[0.60785318 0.29666065],42,4,"[0.621879023183751, 0.3152829127139686]",112,80
4294,[0.66003909 0.35017848],42,4,"[0.621879023183751, 0.3152829127139686]",112,80
4295,[0.65388992 0.31117945],42,4,"[0.621879023183751, 0.3152829127139686]",112,80
4296,[0.68278984 0.33402115],42,0,"[0.6718634683454, 0.284181654083953]",112,80
4297,[0.60156995 0.32822661],42,4,"[0.621879023183751, 0.3152829127139686]",-1,-1
4298,[0.60757511 0.2626619 ],42,7,"[0.6005437719733706, 0.22857083174818627]",112,80
4299,[0.61446065 0.31951101],42,4,"[0.621879023183751, 0.3152829127139686]",112,-1
4300,[0.39890137 0.52458928],43,11,"[0.39234234203399093, 0.5489540807322599]",112,-1
4301,[0.37406686 0.53975662],43,11,"[0.39234234203399093, 0.5489540807322599]",112,-1
4302,[0.38204399 0.50558237],43,53,"[0.3771044042788204, 0.4722281085909072]",112,-1
4303,[0.43442155 0.53524839],43,8,"[0.47040203841495126, 0.5433047126172346]",112,72
4304,[0.40365961 0.53552468],43,11,"[0.39234234203399093, 0.5489540807322599]",112,72
4305,[0.38078625 0.5418006 ],43,11,"[0.39234234203399093, 0.5489540807322599]",112,-1
4306,[0.43731445 0.50971018],43,2,"[0.4451682216738327, 0.4665045826425144]",112,72
4307,[0.42089953 0.55436539],43,11,"[0.39234234203399093, 0.5489540807322599]",112,72
4308,[0.51912844 0.55578385],43,8,"[0.47040203841495126, 0.5433047126172346]",49,-1
4309,[0.42162434 0.56476478],43,11,"[0.39234234203399093, 0.5489540807322599]",112,72
4310,[0.43011643 0.56109214],43,11,"[0.39234234203399093, 0.5489540807322599]",112,-1
4311,[0.41937602 0.48670681],43,2,"[0.4451682216738327, 0.4665045826425144]",112,72
4312,[0.46891097 0.489988  ],43,2,"[0.4451682216738327, 0.4665045826425144]",112,-1
4313,[0.48317855 0.55426337],43,8,"[0.47040203841495126, 0.5433047126172346]",-1,-1
4314,[0.44682081 0.47064566],43,2,"[0.4451682216738327, 0.4665045826425144]",112,72
4315,[0.39947404 0.54281438],43,11,"[0.39234234203399093, 0.5489540807322599]",112,72
4316,[0.38079661 0.57603903],43,99,"[0.3648028013992237, 0.5971623021773774]",112,72
4317,[0.35224596 0.58331555],43,99,"[0.3648028013992237, 0.5971623021773774]",-1,-1
4318,[0.3994787  0.53028326],43,11,"[0.39234234203399093, 0.5489540807322599]",112,72
4319,[0.34368006 0.49476795],43,94,"[0.33191161120142837, 0.5109127972526102]",-1,-1
4320,[0.47098124 0.56174646],43,8,"[0.47040203841495126, 0.5433047126172346]",112,60
4321,[0.40156657 0.51171376],43,11,"[0.39234234203399093, 0.5489540807322599]",112,-1
4322,[0.42580557 0.52084346],43,11,"[0.39234234203399093, 0.5489540807322599]",112,-1
4323,[0.40083377 0.59212104],43,99,"[0.3648028013992237, 0.5971623021773774]",112,-1
4324,[0.40833797 0.51351007],43,11,"[0.39234234203399093, 0.5489540807322599]",112,-1
4325,[0.37921075 0.55591518],43,11,"[0.39234234203399093, 0.5489540807322599]",112,-1
4326,[0.41731893 0.4777366 ],43,2,"[0.4451682216738327, 0.4665045826425144]",112,72
4327,[0.41994888 0.56668275],43,11,"[0.39234234203399093, 0.5489540807322599]",112,72
4328,[0.41297951 0.49509315],43,53,"[0.3771044042788204, 0.4722281085909072]",112,72
4329,[0.37168766 0.57387461],43,99,"[0.3648028013992237, 0.5971623021773774]",112,-1
4330,[0.40942259 0.55136317],43,11,"[0.39234234203399093, 0.5489540807322599]",112,72
4331,[0.46357582 0.53562745],43,8,"[0.47040203841495126, 0.5433047126172346]",112,72
4332,[0.44106508 0.5646175 ],43,8,"[0.47040203841495126, 0.5433047126172346]",112,-1
4333,[0.38299291 0.55460281],43,11,"[0.39234234203399093, 0.5489540807322599]",112,72
4334,[0.44030242 0.50821303],43,2,"[0.4451682216738327, 0.4665045826425144]",112,72
4335,[0.41597209 0.53047764],43,11,"[0.39234234203399093, 0.5489540807322599]",112,72
4336,[0.4372416  0.50091326],43,2,"[0.4451682216738327, 0.4665045826425144]",112,72
4337,[0.35250282 0.46903401],43,53,"[0.3771044042788204, 0.4722281085909072]",112,56
4338,[0.42855547 0.50832362],43,2,"[0.4451682216738327, 0.4665045826425144]",112,72
4339,[0.38757759 0.4862704 ],43,53,"[0.3771044042788204, 0.4722281085909072]",112,-1
4340,[0.37750053 0.48625552],43,53,"[0.3771044042788204, 0.4722281085909072]",-1,-1
4341,[0.4445049  0.49901185],43,2,"[0.4451682216738327, 0.4665045826425144]",112,-1
4342,[0.41891712 0.55398083],43,11,"[0.39234234203399093, 0.5489540807322599]",112,72
4343,[0.40502505 0.41630771],43,6,"[0.40441044434758894, 0.4112979157836676]",112,72
4344,[0.40779741 0.54903999],43,11,"[0.39234234203399093, 0.5489540807322599]",112,72
4345,[0.39731311 0.5479727 ],43,11,"[0.39234234203399093, 0.5489540807322599]",112,72
4346,[0.41655905 0.51169361],43,11,"[0.39234234203399093, 0.5489540807322599]",112,-1
4347,[0.41513623 0.52748589],43,11,"[0.39234234203399093, 0.5489540807322599]",112,72
4348,[0.41218781 0.56069232],43,11,"[0.39234234203399093, 0.5489540807322599]",112,72
4349,[0.36116068 0.50712791],43,94,"[0.33191161120142837, 0.5109127972526102]",112,-1
4350,[0.49033043 0.56286883],43,8,"[0.47040203841495126, 0.5433047126172346]",83,-1
4351,[0.48461853 0.55950786],43,8,"[0.47040203841495126, 0.5433047126172346]",83,-1
4352,[0.47870475 0.4809745 ],43,2,"[0.4451682216738327, 0.4665045826425144]",112,57
4353,[0.46771495 0.56437161],43,8,"[0.47040203841495126, 0.5433047126172346]",112,60
4354,[0.35064676 0.50460313],43,94,"[0.33191161120142837, 0.5109127972526102]",-1,-1
4355,[0.46360217 0.48891042],43,2,"[0.4451682216738327, 0.4665045826425144]",112,-1
4356,[0.40848342 0.55511188],43,11,"[0.39234234203399093, 0.5489540807322599]",112,72
4357,[0.41282875 0.50436185],43,53,"[0.3771044042788204, 0.4722281085909072]",112,72
4358,[0.47897733 0.54681798],43,8,"[0.47040203841495126, 0.5433047126172346]",112,-1
4359,[0.35648525 0.56220934],43,99,"[0.3648028013992237, 0.5971623021773774]",-1,-1
4360,[0.47341129 0.55917742],43,8,"[0.47040203841495126, 0.5433047126172346]",112,60
4361,[0.45200897 0.54488407],43,8,"[0.47040203841495126, 0.5433047126172346]",112,-1
4362,[0.40584431 0.55432701],43,11,"[0.39234234203399093, 0.5489540807322599]",112,72
4363,[0.47041969 0.59321075],43,8,"[0.47040203841495126, 0.5433047126172346]",112,-1
4364,[0.42503975 0.52767959],43,11,"[0.39234234203399093, 0.5489540807322599]",112,72
4365,[0.41648612 0.53422898],43,11,"[0.39234234203399093, 0.5489540807322599]",112,72
4366,[0.40906388 0.53223784],43,11,"[0.39234234203399093, 0.5489540807322599]",112,72
4367,[0.42539295 0.51519799],43,11,"[0.39234234203399093, 0.5489540807322599]",112,-1
4368,[0.4961674  0.50548826],43,8,"[0.47040203841495126, 0.5433047126172346]",-1,-1
4369,[0.45043224 0.56807474],43,8,"[0.47040203841495126, 0.5433047126172346]",112,-1
4370,[0.42716941 0.62490109],43,1,"[0.4254611998702779, 0.6260428590068665]",112,-1
4371,[0.52153229 0.52738354],43,8,"[0.47040203841495126, 0.5433047126172346]",-1,-1
4372,[0.40355048 0.50344227],43,53,"[0.3771044042788204, 0.4722281085909072]",112,72
4373,[0.41331344 0.51844791],43,11,"[0.39234234203399093, 0.5489540807322599]",112,-1
4374,[0.44985933 0.48808501],43,2,"[0.4451682216738327, 0.4665045826425144]",112,-1
4375,[0.41396883 0.52556881],43,11,"[0.39234234203399093, 0.5489540807322599]",112,72
4376,[0.43110644 0.5389611 ],43,8,"[0.47040203841495126, 0.5433047126172346]",112,72
4377,[0.3772757  0.51155674],43,53,"[0.3771044042788204, 0.4722281085909072]",-1,-1
4378,[0.40811009 0.50244002],43,53,"[0.3771044042788204, 0.4722281085909072]",112,72
4379,[0.37311145 0.52133256],43,11,"[0.39234234203399093, 0.5489540807322599]",-1,-1
4380,[0.45553201 0.5566905 ],43,8,"[0.47040203841495126, 0.5433047126172346]",-1,-1
4381,[0.46687004 0.53120535],43,8,"[0.47040203841495126, 0.5433047126172346]",112,72
4382,[0.3971059 0.5450013],43,11,"[0.39234234203399093, 0.5489540807322599]",112,72
4383,[0.36173573 0.4419291 ],43,67,"[0.34269865168009006, 0.44034776623612226]",112,72
4384,[0.50807908 0.57332107],43,8,"[0.47040203841495126, 0.5433047126172346]",-1,-1
4385,[0.38803359 0.63482674],43,1,"[0.4254611998702779, 0.6260428590068665]",112,72
4386,[0.36273521 0.55141556],43,11,"[0.39234234203399093, 0.5489540807322599]",-1,-1
4387,[0.39981418 0.52155145],43,11,"[0.39234234203399093, 0.5489540807322599]",-1,-1
4388,[0.42195613 0.5528676 ],43,11,"[0.39234234203399093, 0.5489540807322599]",112,72
4389,[0.46841532 0.43671534],43,2,"[0.4451682216738327, 0.4665045826425144]",112,-1
4390,[0.42621785 0.54493897],43,11,"[0.39234234203399093, 0.5489540807322599]",112,-1
4391,[0.45476293 0.53869061],43,8,"[0.47040203841495126, 0.5433047126172346]",112,-1
4392,[0.39461883 0.49023942],43,53,"[0.3771044042788204, 0.4722281085909072]",112,-1
4393,[0.40157211 0.57157757],43,11,"[0.39234234203399093, 0.5489540807322599]",112,72
4394,[0.38615869 0.43034635],43,6,"[0.40441044434758894, 0.4112979157836676]",112,72
4395,[0.41226787 0.58572287],43,11,"[0.39234234203399093, 0.5489540807322599]",112,-1
4396,[0.51633589 0.48691381],43,-1,-1,-1,-1
4397,[0.42881229 0.50504124],43,2,"[0.4451682216738327, 0.4665045826425144]",112,72
4398,[0.45803145 0.55077028],43,8,"[0.47040203841495126, 0.5433047126172346]",112,-1
4399,[0.42206743 0.49712751],43,2,"[0.4451682216738327, 0.4665045826425144]",112,72
4400,[0.89618573 0.52634598],44,85,"[0.8651323192785665, 0.5497169401868933]",-1,-1
4401,[0.82411496 0.4964152 ],44,18,"[0.8403424052135677, 0.4709016952471627]",112,26
4402,[0.80884352 0.50999389],44,29,"[0.7896146962697053, 0.5004587368894428]",112,-1
4403,[0.87910832 0.55591967],44,85,"[0.8651323192785665, 0.5497169401868933]",-1,-1
4404,[0.81301883 0.48654876],44,29,"[0.7896146962697053, 0.5004587368894428]",112,30
4405,[0.8462035  0.49767987],44,18,"[0.8403424052135677, 0.4709016952471627]",112,26
4406,[0.83948917 0.51133941],44,18,"[0.8403424052135677, 0.4709016952471627]",-1,-1
4407,[0.78331282 0.5427114 ],44,29,"[0.7896146962697053, 0.5004587368894428]",108,-1
4408,[0.89398139 0.5796643 ],44,85,"[0.8651323192785665, 0.5497169401868933]",-1,-1
4409,[0.80569949 0.52440005],44,29,"[0.7896146962697053, 0.5004587368894428]",112,-1
4410,[0.80153761 0.46933568],44,29,"[0.7896146962697053, 0.5004587368894428]",112,30
4411,[0.78649063 0.46814324],44,29,"[0.7896146962697053, 0.5004587368894428]",112,30
4412,[0.84154534 0.50330062],44,18,"[0.8403424052135677, 0.4709016952471627]",112,-1
4413,[0.79183819 0.54043205],44,29,"[0.7896146962697053, 0.5004587368894428]",-1,-1
4414,[0.8292282  0.53172733],44,85,"[0.8651323192785665, 0.5497169401868933]",-1,-1
4415,[0.76556716 0.52564329],44,29,"[0.7896146962697053, 0.5004587368894428]",-1,-1
4416,[0.77761227 0.49413081],44,29,"[0.7896146962697053, 0.5004587368894428]",-1,-1
4417,[0.84479696 0.47976419],44,18,"[0.8403424052135677, 0.4709016952471627]",112,26
4418,[0.84785998 0.46348894],44,18,"[0.8403424052135677, 0.4709016952471627]",-1,-1
4419,[0.85472295 0.52909674],44,85,"[0.8651323192785665, 0.5497169401868933]",58,-1
4420,[0.86933914 0.5350005 ],44,85,"[0.8651323192785665, 0.5497169401868933]",-1,-1
4421,[0.85278582 0.49212931],44,18,"[0.8403424052135677, 0.4709016952471627]",112,26
4422,[0.86586171 0.55514682],44,85,"[0.8651323192785665, 0.5497169401868933]",58,-1
4423,[0.85344021 0.5330685 ],44,85,"[0.8651323192785665, 0.5497169401868933]",58,-1
4424,[0.74927877 0.43449506],44,37,"[0.7430889106835223, 0.4145167779633026]",112,27
4425,[0.79710308 0.46320436],44,29,"[0.7896146962697053, 0.5004587368894428]",112,30
4426,[0.79213074 0.51141895],44,29,"[0.7896146962697053, 0.5004587368894428]",-1,-1
4427,[0.85664836 0.56592052],44,85,"[0.8651323192785665, 0.5497169401868933]",-1,-1
4428,[0.86650414 0.52905803],44,85,"[0.8651323192785665, 0.5497169401868933]",-1,-1
4429,[0.80118903 0.53509163],44,29,"[0.7896146962697053, 0.5004587368894428]",-1,-1
4430,[0.77722164 0.53732537],44,29,"[0.7896146962697053, 0.5004587368894428]",108,-1
4431,[0.87308563 0.55248375],44,85,"[0.8651323192785665, 0.5497169401868933]",58,-1
4432,[0.80805553 0.52321325],44,29,"[0.7896146962697053, 0.5004587368894428]",-1,-1
4433,[0.87459871 0.47252779],44,18,"[0.8403424052135677, 0.4709016952471627]",112,-1
4434,[0.83284106 0.48977813],44,18,"[0.8403424052135677, 0.4709016952471627]",112,26
4435,[0.86578194 0.52573703],44,85,"[0.8651323192785665, 0.5497169401868933]",58,-1
4436,[0.85100974 0.5003619 ],44,18,"[0.8403424052135677, 0.4709016952471627]",112,26
4437,[0.83386034 0.55137064],44,85,"[0.8651323192785665, 0.5497169401868933]",-1,-1
4438,[0.83354575 0.49093134],44,18,"[0.8403424052135677, 0.4709016952471627]",112,26
4439,[0.80424282 0.53956723],44,29,"[0.7896146962697053, 0.5004587368894428]",112,-1
4440,[0.83289064 0.46535377],44,18,"[0.8403424052135677, 0.4709016952471627]",112,-1
4441,[0.84938643 0.54640745],44,85,"[0.8651323192785665, 0.5497169401868933]",58,-1
4442,[0.81790312 0.52127547],44,29,"[0.7896146962697053, 0.5004587368894428]",112,-1
4443,[0.75799164 0.50120993],44,29,"[0.7896146962697053, 0.5004587368894428]",-1,-1
4444,[0.83858367 0.54748306],44,85,"[0.8651323192785665, 0.5497169401868933]",-1,-1
4445,[0.82701751 0.56266763],44,85,"[0.8651323192785665, 0.5497169401868933]",-1,-1
4446,[0.83510629 0.56956623],44,85,"[0.8651323192785665, 0.5497169401868933]",-1,-1
4447,[0.86394956 0.49299027],44,18,"[0.8403424052135677, 0.4709016952471627]",112,-1
4448,[0.8422577  0.59504648],44,85,"[0.8651323192785665, 0.5497169401868933]",-1,-1
4449,[0.85458854 0.51044687],44,85,"[0.8651323192785665, 0.5497169401868933]",-1,-1
4450,[0.84739416 0.48145711],44,18,"[0.8403424052135677, 0.4709016952471627]",112,26
4451,[0.81812564 0.51701889],44,29,"[0.7896146962697053, 0.5004587368894428]",112,30
4452,[0.8658569  0.55857207],44,85,"[0.8651323192785665, 0.5497169401868933]",58,-1
4453,[0.84707243 0.4915327 ],44,18,"[0.8403424052135677, 0.4709016952471627]",112,26
4454,[0.78487767 0.46911671],44,29,"[0.7896146962697053, 0.5004587368894428]",112,-1
4455,[0.76145925 0.592609  ],44,98,"[0.7549998211822101, 0.6206025452438064]",-1,-1
4456,[0.76833029 0.53177542],44,29,"[0.7896146962697053, 0.5004587368894428]",-1,-1
4457,[0.85516093 0.48730958],44,18,"[0.8403424052135677, 0.4709016952471627]",112,26
4458,[0.80849942 0.57745249],44,85,"[0.8651323192785665, 0.5497169401868933]",-1,-1
4459,[0.82978498 0.49722819],44,18,"[0.8403424052135677, 0.4709016952471627]",112,-1
4460,[0.85941628 0.55112425],44,85,"[0.8651323192785665, 0.5497169401868933]",58,-1
4461,[0.89481245 0.52403947],44,85,"[0.8651323192785665, 0.5497169401868933]",-1,-1
4462,[0.87108756 0.55183207],44,85,"[0.8651323192785665, 0.5497169401868933]",58,-1
4463,[0.8565195  0.53970221],44,85,"[0.8651323192785665, 0.5497169401868933]",58,-1
4464,[0.9176394  0.52307051],44,85,"[0.8651323192785665, 0.5497169401868933]",-1,-1
4465,[0.8565752  0.58496679],44,85,"[0.8651323192785665, 0.5497169401868933]",-1,-1
4466,[0.86001763 0.51472147],44,85,"[0.8651323192785665, 0.5497169401868933]",-1,-1
4467,[0.72912302 0.4921387 ],44,26,"[0.6901601916314353, 0.4804056323832084]",112,39
4468,[0.77928179 0.46156234],44,29,"[0.7896146962697053, 0.5004587368894428]",112,30
4469,[0.81978224 0.53975133],44,85,"[0.8651323192785665, 0.5497169401868933]",-1,-1
4470,[0.8656302  0.51635428],44,85,"[0.8651323192785665, 0.5497169401868933]",-1,-1
4471,[0.80337617 0.53261545],44,29,"[0.7896146962697053, 0.5004587368894428]",112,-1
4472,[0.81105377 0.50393325],44,29,"[0.7896146962697053, 0.5004587368894428]",112,-1
4473,[0.78850927 0.50421953],44,29,"[0.7896146962697053, 0.5004587368894428]",-1,-1
4474,[0.78292672 0.56317164],44,46,"[0.7242081221498112, 0.5411748041333581]",-1,-1
4475,[0.83435643 0.53417103],44,85,"[0.8651323192785665, 0.5497169401868933]",-1,-1
4476,[0.74626906 0.39033944],44,37,"[0.7430889106835223, 0.4145167779633026]",-1,-1
4477,[0.81548703 0.52627238],44,29,"[0.7896146962697053, 0.5004587368894428]",112,-1
4478,[0.80184222 0.62327009],44,98,"[0.7549998211822101, 0.6206025452438064]",-1,-1
4479,[0.80544169 0.48486134],44,29,"[0.7896146962697053, 0.5004587368894428]",112,30
4480,[0.85060017 0.54700532],44,85,"[0.8651323192785665, 0.5497169401868933]",58,-1
4481,[0.80551398 0.47355974],44,29,"[0.7896146962697053, 0.5004587368894428]",112,30
4482,[0.84755955 0.52665833],44,85,"[0.8651323192785665, 0.5497169401868933]",58,-1
4483,[0.86991686 0.5167144 ],44,85,"[0.8651323192785665, 0.5497169401868933]",58,-1
4484,[0.86036203 0.47616234],44,18,"[0.8403424052135677, 0.4709016952471627]",-1,-1
4485,[0.81508966 0.52568374],44,29,"[0.7896146962697053, 0.5004587368894428]",112,-1
4486,[0.79378312 0.50699849],44,29,"[0.7896146962697053, 0.5004587368894428]",-1,-1
4487,[0.82628593 0.54439655],44,85,"[0.8651323192785665, 0.5497169401868933]",-1,-1
4488,[0.78172203 0.56671098],44,98,"[0.7549998211822101, 0.6206025452438064]",-1,-1
4489,[0.79564431 0.53139438],44,29,"[0.7896146962697053, 0.5004587368894428]",112,-1
4490,[0.8017881  0.46353071],44,29,"[0.7896146962697053, 0.5004587368894428]",112,30
4491,[0.86061084 0.49959211],44,18,"[0.8403424052135677, 0.4709016952471627]",-1,-1
4492,[0.83728506 0.51883095],44,85,"[0.8651323192785665, 0.5497169401868933]",-1,-1
4493,[0.78842987 0.54868408],44,29,"[0.7896146962697053, 0.5004587368894428]",-1,-1
4494,[0.83365526 0.54919367],44,85,"[0.8651323192785665, 0.5497169401868933]",-1,-1
4495,[0.84382626 0.49198977],44,18,"[0.8403424052135677, 0.4709016952471627]",112,26
4496,[0.78551992 0.5270614 ],44,29,"[0.7896146962697053, 0.5004587368894428]",-1,-1
4497,[0.90528725 0.57416228],44,85,"[0.8651323192785665, 0.5497169401868933]",-1,-1
4498,[0.9013042  0.52801513],44,85,"[0.8651323192785665, 0.5497169401868933]",-1,-1
4499,[0.81595409 0.51013457],44,29,"[0.7896146962697053, 0.5004587368894428]",112,30
4500,[0.80204007 0.22017705],45,38,"[0.829987911377383, 0.2268834587852568]",112,-1
4501,[0.88341428 0.25618073],45,93,"[0.8601410762052295, 0.27849515424672083]",-1,-1
4502,[0.81777682 0.23400068],45,38,"[0.829987911377383, 0.2268834587852568]",112,-1
4503,[0.83906667 0.20014252],45,38,"[0.829987911377383, 0.2268834587852568]",-1,-1
4504,[0.845093   0.27612105],45,93,"[0.8601410762052295, 0.27849515424672083]",-1,-1
4505,[0.86829465 0.23245863],45,38,"[0.829987911377383, 0.2268834587852568]",-1,-1
4506,[0.8433982  0.22055357],45,38,"[0.829987911377383, 0.2268834587852568]",112,65
4507,[0.87713354 0.20082521],45,38,"[0.829987911377383, 0.2268834587852568]",-1,-1
4508,[0.84859213 0.21783258],45,38,"[0.829987911377383, 0.2268834587852568]",112,-1
4509,[0.79717695 0.22203351],45,38,"[0.829987911377383, 0.2268834587852568]",112,-1
4510,[0.81669738 0.17289087],45,25,"[0.7887233243820295, 0.17027793790835127]",112,67
4511,[0.80712755 0.18889984],45,25,"[0.7887233243820295, 0.17027793790835127]",112,67
4512,[0.83429321 0.24298012],45,38,"[0.829987911377383, 0.2268834587852568]",112,-1
4513,[0.82479025 0.19414684],45,38,"[0.829987911377383, 0.2268834587852568]",112,-1
4514,[0.78910613 0.24596271],45,12,"[0.7527256969797409, 0.25319450872866317]",112,-1
4515,[0.83255925 0.28308657],45,93,"[0.8601410762052295, 0.27849515424672083]",-1,-1
4516,[0.85961817 0.20052937],45,38,"[0.829987911377383, 0.2268834587852568]",-1,-1
4517,[0.84331276 0.17378594],45,80,"[0.8438573413902372, 0.15136743089131469]",112,-1
4518,[0.83532188 0.22779064],45,38,"[0.829987911377383, 0.2268834587852568]",112,65
4519,[0.83059383 0.19698895],45,38,"[0.829987911377383, 0.2268834587852568]",112,-1
4520,[0.8876583 0.2323111],45,93,"[0.8601410762052295, 0.27849515424672083]",-1,-1
4521,[0.80426148 0.2502278 ],45,38,"[0.829987911377383, 0.2268834587852568]",112,-1
4522,[0.85457221 0.24832694],45,93,"[0.8601410762052295, 0.27849515424672083]",-1,-1
4523,[0.89526744 0.23199551],45,93,"[0.8601410762052295, 0.27849515424672083]",-1,-1
4524,[0.8507728  0.23445919],45,38,"[0.829987911377383, 0.2268834587852568]",112,-1
4525,[0.82193229 0.24008162],45,38,"[0.829987911377383, 0.2268834587852568]",112,-1
4526,[0.81954033 0.26105519],45,38,"[0.829987911377383, 0.2268834587852568]",112,-1
4527,[0.86444449 0.2571893 ],45,93,"[0.8601410762052295, 0.27849515424672083]",-1,-1
4528,[0.83251529 0.24938757],45,38,"[0.829987911377383, 0.2268834587852568]",112,-1
4529,[0.81977933 0.15632705],45,80,"[0.8438573413902372, 0.15136743089131469]",112,-1
4530,[0.85420374 0.22150067],45,38,"[0.829987911377383, 0.2268834587852568]",112,-1
4531,[0.81580783 0.21567759],45,38,"[0.829987911377383, 0.2268834587852568]",112,-1
4532,[0.80720955 0.16650837],45,25,"[0.7887233243820295, 0.17027793790835127]",112,67
4533,[0.81671127 0.22447302],45,38,"[0.829987911377383, 0.2268834587852568]",112,-1
4534,[0.8968275  0.21503139],45,38,"[0.829987911377383, 0.2268834587852568]",-1,-1
4535,[0.84745827 0.23773572],45,38,"[0.829987911377383, 0.2268834587852568]",-1,-1
4536,[0.79840474 0.22750477],45,38,"[0.829987911377383, 0.2268834587852568]",112,-1
4537,[0.8408375  0.15814298],45,80,"[0.8438573413902372, 0.15136743089131469]",112,-1
4538,[0.83242761 0.28631874],45,93,"[0.8601410762052295, 0.27849515424672083]",-1,-1
4539,[0.88115872 0.29527898],45,93,"[0.8601410762052295, 0.27849515424672083]",-1,-1
4540,[0.83662885 0.22289887],45,38,"[0.829987911377383, 0.2268834587852568]",112,65
4541,[0.7859875  0.23577658],45,12,"[0.7527256969797409, 0.25319450872866317]",112,-1
4542,[0.86926371 0.28700625],45,93,"[0.8601410762052295, 0.27849515424672083]",-1,-1
4543,[0.84136233 0.25879512],45,93,"[0.8601410762052295, 0.27849515424672083]",-1,-1
4544,[0.79080948 0.18174139],45,25,"[0.7887233243820295, 0.17027793790835127]",112,-1
4545,[0.85935303 0.30086437],45,93,"[0.8601410762052295, 0.27849515424672083]",-1,-1
4546,[0.84980838 0.20742948],45,38,"[0.829987911377383, 0.2268834587852568]",-1,-1
4547,[0.88516151 0.25336639],45,93,"[0.8601410762052295, 0.27849515424672083]",-1,-1
4548,[0.83822864 0.2354873 ],45,38,"[0.829987911377383, 0.2268834587852568]",112,-1
4549,[0.8234413  0.20292596],45,38,"[0.829987911377383, 0.2268834587852568]",-1,-1
4550,[0.86117774 0.26361926],45,93,"[0.8601410762052295, 0.27849515424672083]",-1,-1
4551,[0.84673998 0.1650411 ],45,80,"[0.8438573413902372, 0.15136743089131469]",112,-1
4552,[0.84835849 0.2691072 ],45,93,"[0.8601410762052295, 0.27849515424672083]",-1,-1
4553,[0.81158641 0.21913062],45,38,"[0.829987911377383, 0.2268834587852568]",112,-1
4554,[0.75191361 0.30566103],45,9,"[0.7400409662228525, 0.324036995192541]",112,76
4555,[0.80076491 0.23262009],45,38,"[0.829987911377383, 0.2268834587852568]",112,-1
4556,[0.89045352 0.22232228],45,38,"[0.829987911377383, 0.2268834587852568]",-1,-1
4557,[0.81776698 0.26171417],45,38,"[0.829987911377383, 0.2268834587852568]",112,-1
4558,[0.83558961 0.27232745],45,93,"[0.8601410762052295, 0.27849515424672083]",-1,-1
4559,[0.8239432  0.21478372],45,38,"[0.829987911377383, 0.2268834587852568]",112,-1
4560,[0.83744335 0.21699807],45,38,"[0.829987911377383, 0.2268834587852568]",112,65
4561,[0.71648501 0.25738962],45,12,"[0.7527256969797409, 0.25319450872866317]",112,80
4562,[0.87259539 0.15222868],45,80,"[0.8438573413902372, 0.15136743089131469]",-1,-1
4563,[0.83728981 0.2189568 ],45,38,"[0.829987911377383, 0.2268834587852568]",112,65
4564,[0.87854533 0.28654976],45,93,"[0.8601410762052295, 0.27849515424672083]",-1,-1
4565,[0.86127026 0.23117691],45,38,"[0.829987911377383, 0.2268834587852568]",-1,-1
4566,[0.81867482 0.25614723],45,38,"[0.829987911377383, 0.2268834587852568]",112,-1
4567,[0.85777388 0.18589345],45,80,"[0.8438573413902372, 0.15136743089131469]",-1,-1
4568,[0.82791066 0.22078787],45,38,"[0.829987911377383, 0.2268834587852568]",112,-1
4569,[0.73780774 0.1811801 ],45,19,"[0.7145100801879051, 0.21082941063088514]",112,-1
4570,[0.82435355 0.24851627],45,38,"[0.829987911377383, 0.2268834587852568]",112,-1
4571,[0.84938282 0.22610072],45,38,"[0.829987911377383, 0.2268834587852568]",112,-1
4572,[0.85192264 0.2418469 ],45,38,"[0.829987911377383, 0.2268834587852568]",112,-1
4573,[0.78033529 0.25423687],45,12,"[0.7527256969797409, 0.25319450872866317]",112,-1
4574,[0.7919194  0.20599829],45,25,"[0.7887233243820295, 0.17027793790835127]",112,-1
4575,[0.87960652 0.26664898],45,93,"[0.8601410762052295, 0.27849515424672083]",-1,-1
4576,[0.87610151 0.27575726],45,93,"[0.8601410762052295, 0.27849515424672083]",-1,-1
4577,[0.78382038 0.26433764],45,12,"[0.7527256969797409, 0.25319450872866317]",112,-1
4578,[0.83881087 0.21704785],45,38,"[0.829987911377383, 0.2268834587852568]",112,65
4579,[0.83221755 0.20912521],45,38,"[0.829987911377383, 0.2268834587852568]",-1,-1
4580,[0.84157267 0.2482455 ],45,38,"[0.829987911377383, 0.2268834587852568]",-1,-1
4581,[0.82062133 0.18316511],45,25,"[0.7887233243820295, 0.17027793790835127]",112,67
4582,[0.86789375 0.21834688],45,38,"[0.829987911377383, 0.2268834587852568]",-1,-1
4583,[0.84476486 0.21992952],45,38,"[0.829987911377383, 0.2268834587852568]",112,65
4584,[0.79652888 0.18593827],45,25,"[0.7887233243820295, 0.17027793790835127]",112,-1
4585,[0.86830213 0.23553345],45,38,"[0.829987911377383, 0.2268834587852568]",-1,-1
4586,[0.81242902 0.22481882],45,38,"[0.829987911377383, 0.2268834587852568]",112,-1
4587,[0.86492581 0.18915604],45,80,"[0.8438573413902372, 0.15136743089131469]",-1,-1
4588,[0.85037163 0.1642285 ],45,80,"[0.8438573413902372, 0.15136743089131469]",-1,-1
4589,[0.96925696 0.26120328],45,-1,-1,-1,-1
4590,[0.86706112 0.23666444],45,38,"[0.829987911377383, 0.2268834587852568]",112,-1
4591,[0.76078935 0.19612096],45,25,"[0.7887233243820295, 0.17027793790835127]",112,-1
4592,[0.82778212 0.19380453],45,38,"[0.829987911377383, 0.2268834587852568]",112,-1
4593,[0.85123431 0.24076409],45,38,"[0.829987911377383, 0.2268834587852568]",112,-1
4594,[0.88633932 0.2426153 ],45,93,"[0.8601410762052295, 0.27849515424672083]",-1,-1
4595,[0.81809303 0.23121481],45,38,"[0.829987911377383, 0.2268834587852568]",112,65
4596,[0.85183266 0.27541348],45,93,"[0.8601410762052295, 0.27849515424672083]",-1,-1
4597,[0.80898329 0.21222257],45,38,"[0.829987911377383, 0.2268834587852568]",112,-1
4598,[0.86519117 0.24248065],45,93,"[0.8601410762052295, 0.27849515424672083]",-1,-1
4599,[0.85202045 0.27780928],45,93,"[0.8601410762052295, 0.27849515424672083]",-1,-1
4600,[0.24332951 0.52671763],46,39,"[0.2493420577344874, 0.5596731913401319]",-1,-1
4601,[0.28800778 0.5109247 ],46,86,"[0.2863308504841853, 0.4757072588610695]",93,-1
4602,[0.30880188 0.4804499 ],46,86,"[0.2863308504841853, 0.4757072588610695]",-1,-1
4603,[0.24814546 0.54740559],46,39,"[0.2493420577344874, 0.5596731913401319]",-1,-1
4604,[0.29258035 0.49786324],46,86,"[0.2863308504841853, 0.4757072588610695]",93,-1
4605,[0.24773531 0.58347181],46,39,"[0.2493420577344874, 0.5596731913401319]",74,-1
4606,[0.31566076 0.4970491 ],46,94,"[0.33191161120142837, 0.5109127972526102]",-1,-1
4607,[0.26045723 0.47546446],46,83,"[0.2368604693858302, 0.47906582147153637]",-1,-1
4608,[0.24427068 0.44418017],46,83,"[0.2368604693858302, 0.47906582147153637]",-1,-1
4609,[0.24735566 0.50396214],46,83,"[0.2368604693858302, 0.47906582147153637]",-1,-1
4610,[0.3660739 0.4389737],46,67,"[0.34269865168009006, 0.44034776623612226]",112,72
4611,[0.28271906 0.56584132],46,39,"[0.2493420577344874, 0.5596731913401319]",-1,-1
4612,[0.31586968 0.59590733],46,99,"[0.3648028013992237, 0.5971623021773774]",-1,-1
4613,[0.24835176 0.55332566],46,39,"[0.2493420577344874, 0.5596731913401319]",74,-1
4614,[0.24302185 0.51670104],46,83,"[0.2368604693858302, 0.47906582147153637]",41,-1
4615,[0.25873589 0.52843803],46,39,"[0.2493420577344874, 0.5596731913401319]",-1,-1
4616,[0.29020434 0.56683002],46,39,"[0.2493420577344874, 0.5596731913401319]",-1,-1
4617,[0.31572024 0.55822762],46,94,"[0.33191161120142837, 0.5109127972526102]",-1,-1
4618,[0.2615811  0.58035342],46,39,"[0.2493420577344874, 0.5596731913401319]",-1,-1
4619,[0.29457863 0.50441173],46,86,"[0.2863308504841853, 0.4757072588610695]",93,-1
4620,[0.34440527 0.53245041],46,94,"[0.33191161120142837, 0.5109127972526102]",-1,-1
4621,[0.2852627  0.53023792],46,39,"[0.2493420577344874, 0.5596731913401319]",-1,-1
4622,[0.31621854 0.50962009],46,94,"[0.33191161120142837, 0.5109127972526102]",-1,-1
4623,[0.27018404 0.5046894 ],46,86,"[0.2863308504841853, 0.4757072588610695]",67,-1
4624,[0.25612787 0.52854437],46,39,"[0.2493420577344874, 0.5596731913401319]",-1,-1
4625,[0.2632143  0.59310276],46,39,"[0.2493420577344874, 0.5596731913401319]",-1,-1
4626,[0.22199076 0.47409947],46,83,"[0.2368604693858302, 0.47906582147153637]",1,-1
4627,[0.22144176 0.54603611],46,39,"[0.2493420577344874, 0.5596731913401319]",73,-1
4628,[0.26162541 0.55842509],46,39,"[0.2493420577344874, 0.5596731913401319]",-1,-1
4629,[0.26996896 0.49334577],46,86,"[0.2863308504841853, 0.4757072588610695]",67,-1
4630,[0.25168298 0.57034526],46,39,"[0.2493420577344874, 0.5596731913401319]",74,17
4631,[0.26752086 0.62745987],46,17,"[0.20551760392566637, 0.6304926521590382]",-1,-1
4632,[0.31181087 0.57157499],46,99,"[0.3648028013992237, 0.5971623021773774]",-1,-1
4633,[0.25364056 0.59109917],46,39,"[0.2493420577344874, 0.5596731913401319]",-1,-1
4634,[0.28630058 0.43290422],46,74,"[0.30377537934724935, 0.43721818673809004]",112,72
4635,[0.216747   0.55466708],46,39,"[0.2493420577344874, 0.5596731913401319]",73,16
4636,[0.26739603 0.55814001],46,39,"[0.2493420577344874, 0.5596731913401319]",-1,-1
4637,[0.30351622 0.52202978],46,94,"[0.33191161120142837, 0.5109127972526102]",-1,-1
4638,[0.35191255 0.55726031],46,11,"[0.39234234203399093, 0.5489540807322599]",-1,-1
4639,[0.27096904 0.51542381],46,86,"[0.2863308504841853, 0.4757072588610695]",68,-1
4640,[0.21362922 0.54954339],46,39,"[0.2493420577344874, 0.5596731913401319]",73,16
4641,[0.23966269 0.48230666],46,83,"[0.2368604693858302, 0.47906582147153637]",-1,-1
4642,[0.28595381 0.50600919],46,86,"[0.2863308504841853, 0.4757072588610695]",93,-1
4643,[0.22655789 0.4273572 ],46,76,"[0.17908534744711677, 0.41908191437899905]",-1,-1
4644,[0.2862306  0.52448522],46,94,"[0.33191161120142837, 0.5109127972526102]",68,-1
4645,[0.26021576 0.53296227],46,39,"[0.2493420577344874, 0.5596731913401319]",-1,-1
4646,[0.29855953 0.56598523],46,39,"[0.2493420577344874, 0.5596731913401319]",-1,-1
4647,[0.24622901 0.47342385],46,83,"[0.2368604693858302, 0.47906582147153637]",-1,-1
4648,[0.27150308 0.57784911],46,39,"[0.2493420577344874, 0.5596731913401319]",-1,-1
4649,[0.28887974 0.50498572],46,86,"[0.2863308504841853, 0.4757072588610695]",93,-1
4650,[0.27276402 0.57098445],46,39,"[0.2493420577344874, 0.5596731913401319]",-1,-1
4651,[0.29168255 0.43705871],46,74,"[0.30377537934724935, 0.43721818673809004]",112,72
4652,[0.251082   0.55234279],46,39,"[0.2493420577344874, 0.5596731913401319]",-1,-1
4653,[0.29862782 0.49377405],46,86,"[0.2863308504841853, 0.4757072588610695]",-1,-1
4654,[0.2701851  0.56474911],46,39,"[0.2493420577344874, 0.5596731913401319]",-1,-1
4655,[0.29730691 0.47983818],46,86,"[0.2863308504841853, 0.4757072588610695]",104,-1
4656,[0.33159579 0.49499628],46,94,"[0.33191161120142837, 0.5109127972526102]",-1,-1
4657,[0.24746899 0.56315526],46,39,"[0.2493420577344874, 0.5596731913401319]",74,17
4658,[0.26781963 0.55234107],46,39,"[0.2493420577344874, 0.5596731913401319]",-1,-1
4659,[0.31974292 0.56056327],46,94,"[0.33191161120142837, 0.5109127972526102]",-1,-1
4660,[0.26907747 0.61627528],46,39,"[0.2493420577344874, 0.5596731913401319]",-1,-1
4661,[0.29259674 0.58748534],46,39,"[0.2493420577344874, 0.5596731913401319]",-1,-1
4662,[0.30493202 0.53799355],46,94,"[0.33191161120142837, 0.5109127972526102]",-1,-1
4663,[0.19057428 0.50546212],46,69,"[0.15811567454436073, 0.5246830019279323]",-1,-1
4664,[0.26059616 0.50685763],46,83,"[0.2368604693858302, 0.47906582147153637]",-1,-1
4665,[0.32848178 0.51563902],46,94,"[0.33191161120142837, 0.5109127972526102]",21,-1
4666,[0.28747645 0.46430854],46,86,"[0.2863308504841853, 0.4757072588610695]",104,-1
4667,[0.24553138 0.50849527],46,83,"[0.2368604693858302, 0.47906582147153637]",-1,-1
4668,[0.28422355 0.50189823],46,86,"[0.2863308504841853, 0.4757072588610695]",93,-1
4669,[0.29916063 0.4457217 ],46,74,"[0.30377537934724935, 0.43721818673809004]",112,72
4670,[0.26783499 0.54383587],46,39,"[0.2493420577344874, 0.5596731913401319]",-1,-1
4671,[0.32646241 0.52323374],46,94,"[0.33191161120142837, 0.5109127972526102]",-1,-1
4672,[0.28798827 0.61038872],46,39,"[0.2493420577344874, 0.5596731913401319]",-1,-1
4673,[0.21688235 0.52112022],46,83,"[0.2368604693858302, 0.47906582147153637]",-1,-1
4674,[0.38321045 0.54373741],46,11,"[0.39234234203399093, 0.5489540807322599]",112,-1
4675,[0.35754503 0.52487213],46,94,"[0.33191161120142837, 0.5109127972526102]",-1,-1
4676,[0.28656385 0.53177066],46,39,"[0.2493420577344874, 0.5596731913401319]",-1,-1
4677,[0.27634115 0.5165214 ],46,86,"[0.2863308504841853, 0.4757072588610695]",-1,-1
4678,[0.36174018 0.52139075],46,94,"[0.33191161120142837, 0.5109127972526102]",112,-1
4679,[0.24538151 0.47460859],46,83,"[0.2368604693858302, 0.47906582147153637]",-1,-1
4680,[0.27548999 0.45040625],46,86,"[0.2863308504841853, 0.4757072588610695]",-1,-1
4681,[0.26497706 0.5510365 ],46,39,"[0.2493420577344874, 0.5596731913401319]",-1,-1
4682,[0.23771737 0.50528423],46,83,"[0.2368604693858302, 0.47906582147153637]",41,-1
4683,[0.24161853 0.57563049],46,39,"[0.2493420577344874, 0.5596731913401319]",74,17
4684,[0.29671808 0.53050864],46,94,"[0.33191161120142837, 0.5109127972526102]",-1,-1
4685,[0.33018676 0.54452718],46,94,"[0.33191161120142837, 0.5109127972526102]",-1,-1
4686,[0.28126546 0.55127875],46,39,"[0.2493420577344874, 0.5596731913401319]",-1,-1
4687,[0.20315335 0.54581109],46,39,"[0.2493420577344874, 0.5596731913401319]",-1,-1
4688,[0.20217148 0.46202862],46,83,"[0.2368604693858302, 0.47906582147153637]",1,-1
4689,[0.27274701 0.49924246],46,86,"[0.2863308504841853, 0.4757072588610695]",-1,-1
4690,[0.25555554 0.57133307],46,39,"[0.2493420577344874, 0.5596731913401319]",-1,-1
4691,[0.27566072 0.5235218 ],46,39,"[0.2493420577344874, 0.5596731913401319]",68,-1
4692,[0.29077021 0.54224518],46,39,"[0.2493420577344874, 0.5596731913401319]",-1,-1
4693,[0.27113779 0.52544353],46,39,"[0.2493420577344874, 0.5596731913401319]",68,-1
4694,[0.27795321 0.54065478],46,39,"[0.2493420577344874, 0.5596731913401319]",-1,-1
4695,[0.26271762 0.49372234],46,86,"[0.2863308504841853, 0.4757072588610695]",67,-1
4696,[0.26089881 0.48514168],46,83,"[0.2368604693858302, 0.47906582147153637]",67,-1
4697,[0.22246219 0.50742656],46,83,"[0.2368604693858302, 0.47906582147153637]",41,-1
4698,[0.32616155 0.51413387],46,94,"[0.33191161120142837, 0.5109127972526102]",21,-1
4699,[0.30769867 0.49122915],46,86,"[0.2863308504841853, 0.4757072588610695]",-1,-1
4700,[0.6419225  0.84664756],47,52,"[0.6555268282654955, 0.8492024110319594]",48,-1
4701,[0.54447722 0.79827629],47,75,"[0.5578508247145463, 0.8075131053511911]",19,-1
4702,[0.55198242 0.90900802],47,72,"[0.5611628060047036, 0.8693254591361465]",-1,-1
4703,[0.56633203 0.89109289],47,72,"[0.5611628060047036, 0.8693254591361465]",-1,-1
4704,[0.59941359 0.86052247],47,72,"[0.5611628060047036, 0.8693254591361465]",-1,-1
4705,[0.58024901 0.8259678 ],47,75,"[0.5578508247145463, 0.8075131053511911]",31,6
4706,[0.62318492 0.84886984],47,52,"[0.6555268282654955, 0.8492024110319594]",-1,-1
4707,[0.61181668 0.85685582],47,52,"[0.6555268282654955, 0.8492024110319594]",-1,-1
4708,[0.58880763 0.87756779],47,72,"[0.5611628060047036, 0.8693254591361465]",-1,-1
4709,[0.62731438 0.83722273],47,56,"[0.6249916856709978, 0.8077006051335125]",48,-1
4710,[0.68065361 0.8678676 ],47,52,"[0.6555268282654955, 0.8492024110319594]",-1,-1
4711,[0.62195827 0.82035704],47,56,"[0.6249916856709978, 0.8077006051335125]",-1,-1
4712,[0.60760239 0.7462948 ],47,31,"[0.6283100186299069, 0.6976202951749496]",-1,-1
4713,[0.51663355 0.80108027],47,75,"[0.5578508247145463, 0.8075131053511911]",44,-1
4714,[0.63839687 0.87241356],47,52,"[0.6555268282654955, 0.8492024110319594]",-1,-1
4715,[0.57342495 0.85820949],47,72,"[0.5611628060047036, 0.8693254591361465]",31,6
4716,[0.56686341 0.8242868 ],47,75,"[0.5578508247145463, 0.8075131053511911]",31,6
4717,[0.56495595 0.83357163],47,75,"[0.5578508247145463, 0.8075131053511911]",31,6
4718,[0.62974193 0.78372951],47,56,"[0.6249916856709978, 0.8077006051335125]",48,-1
4719,[0.56947862 0.81536395],47,75,"[0.5578508247145463, 0.8075131053511911]",31,-1
4720,[0.56443988 0.8536393 ],47,72,"[0.5611628060047036, 0.8693254591361465]",31,6
4721,[0.57573501 0.84592096],47,72,"[0.5611628060047036, 0.8693254591361465]",31,6
4722,[0.65940595 0.84478334],47,52,"[0.6555268282654955, 0.8492024110319594]",-1,-1
4723,[0.62471068 0.83770003],47,56,"[0.6249916856709978, 0.8077006051335125]",48,-1
4724,[0.6594617  0.79555731],47,56,"[0.6249916856709978, 0.8077006051335125]",48,14
4725,[0.5783    0.8419731],47,72,"[0.5611628060047036, 0.8693254591361465]",31,6
4726,[0.55316371 0.75210321],47,23,"[0.5302520860132256, 0.7258783520828289]",57,-1
4727,[0.59168721 0.79608033],47,56,"[0.6249916856709978, 0.8077006051335125]",-1,-1
4728,[0.60264575 0.81311101],47,56,"[0.6249916856709978, 0.8077006051335125]",-1,-1
4729,[0.58857984 0.86278609],47,72,"[0.5611628060047036, 0.8693254591361465]",-1,-1
4730,[0.58193221 0.84809515],47,72,"[0.5611628060047036, 0.8693254591361465]",31,6
4731,[0.57826867 0.80065092],47,75,"[0.5578508247145463, 0.8075131053511911]",-1,-1
4732,[0.58062922 0.82441557],47,75,"[0.5578508247145463, 0.8075131053511911]",31,6
4733,[0.49619414 0.81226114],47,43,"[0.4600847464699888, 0.8121159369971912]",24,-1
4734,[0.54198769 0.82254895],47,75,"[0.5578508247145463, 0.8075131053511911]",-1,-1
4735,[0.59584244 0.84299019],47,72,"[0.5611628060047036, 0.8693254591361465]",31,6
4736,[0.5891701  0.81188171],47,75,"[0.5578508247145463, 0.8075131053511911]",31,-1
4737,[0.54205315 0.87538067],47,72,"[0.5611628060047036, 0.8693254591361465]",30,-1
4738,[0.58294187 0.8367265 ],47,75,"[0.5578508247145463, 0.8075131053511911]",31,6
4739,[0.58258208 0.80955817],47,75,"[0.5578508247145463, 0.8075131053511911]",-1,-1
4740,[0.57844342 0.81709319],47,75,"[0.5578508247145463, 0.8075131053511911]",31,6
4741,[0.58416839 0.8452706 ],47,72,"[0.5611628060047036, 0.8693254591361465]",31,6
4742,[0.66661557 0.83173914],47,52,"[0.6555268282654955, 0.8492024110319594]",48,14
4743,[0.64609569 0.86976226],47,52,"[0.6555268282654955, 0.8492024110319594]",-1,-1
4744,[0.65313804 0.8105011 ],47,56,"[0.6249916856709978, 0.8077006051335125]",48,14
4745,[0.67654497 0.85580291],47,52,"[0.6555268282654955, 0.8492024110319594]",-1,-1
4746,[0.58499762 0.85554678],47,72,"[0.5611628060047036, 0.8693254591361465]",31,6
4747,[0.59057354 0.88948634],47,72,"[0.5611628060047036, 0.8693254591361465]",-1,-1
4748,[0.60693037 0.83841945],47,56,"[0.6249916856709978, 0.8077006051335125]",-1,-1
4749,[0.5380285  0.84397654],47,72,"[0.5611628060047036, 0.8693254591361465]",-1,-1
4750,[0.51881766 0.79311234],47,75,"[0.5578508247145463, 0.8075131053511911]",44,-1
4751,[0.55461488 0.85357298],47,72,"[0.5611628060047036, 0.8693254591361465]",31,6
4752,[0.57594004 0.84593418],47,72,"[0.5611628060047036, 0.8693254591361465]",31,6
4753,[0.56983478 0.87817057],47,72,"[0.5611628060047036, 0.8693254591361465]",-1,-1
4754,[0.66401    0.95462527],47,-1,-1,-1,-1
4755,[0.59133399 0.79014978],47,75,"[0.5578508247145463, 0.8075131053511911]",28,-1
4756,[0.57599094 0.85960935],47,72,"[0.5611628060047036, 0.8693254591361465]",31,6
4757,[0.60475191 0.83822095],47,56,"[0.6249916856709978, 0.8077006051335125]",-1,-1
4758,[0.62355745 0.796864  ],47,56,"[0.6249916856709978, 0.8077006051335125]",-1,-1
4759,[0.58016677 0.839779  ],47,72,"[0.5611628060047036, 0.8693254591361465]",31,6
4760,[0.64123355 0.85133599],47,52,"[0.6555268282654955, 0.8492024110319594]",-1,-1
4761,[0.54108058 0.78038884],47,75,"[0.5578508247145463, 0.8075131053511911]",-1,-1
4762,[0.60825955 0.80331723],47,56,"[0.6249916856709978, 0.8077006051335125]",-1,-1
4763,[0.51817005 0.811701  ],47,75,"[0.5578508247145463, 0.8075131053511911]",44,-1
4764,[0.628419  0.7790736],47,56,"[0.6249916856709978, 0.8077006051335125]",48,-1
4765,[0.57226613 0.83140866],47,75,"[0.5578508247145463, 0.8075131053511911]",31,6
4766,[0.55343453 0.78843232],47,75,"[0.5578508247145463, 0.8075131053511911]",19,-1
4767,[0.54109912 0.81492341],47,75,"[0.5578508247145463, 0.8075131053511911]",-1,-1
4768,[0.62166919 0.79001476],47,56,"[0.6249916856709978, 0.8077006051335125]",48,-1
4769,[0.61785956 0.82107672],47,56,"[0.6249916856709978, 0.8077006051335125]",-1,-1
4770,[0.60774282 0.7702093 ],47,56,"[0.6249916856709978, 0.8077006051335125]",-1,-1
4771,[0.59691937 0.80789967],47,56,"[0.6249916856709978, 0.8077006051335125]",-1,-1
4772,[0.61233052 0.82687801],47,56,"[0.6249916856709978, 0.8077006051335125]",-1,-1
4773,[0.6316023  0.81199688],47,56,"[0.6249916856709978, 0.8077006051335125]",-1,-1
4774,[0.57594337 0.82246824],47,75,"[0.5578508247145463, 0.8075131053511911]",31,6
4775,[0.63194092 0.88161419],47,52,"[0.6555268282654955, 0.8492024110319594]",-1,-1
4776,[0.58063307 0.88319924],47,72,"[0.5611628060047036, 0.8693254591361465]",-1,-1
4777,[0.55098374 0.80656674],47,75,"[0.5578508247145463, 0.8075131053511911]",19,-1
4778,[0.57762578 0.83453412],47,75,"[0.5578508247145463, 0.8075131053511911]",31,6
4779,[0.63889585 0.82647375],47,56,"[0.6249916856709978, 0.8077006051335125]",48,-1
4780,[0.55869895 0.80348665],47,75,"[0.5578508247145463, 0.8075131053511911]",19,-1
4781,[0.56814264 0.82725722],47,75,"[0.5578508247145463, 0.8075131053511911]",31,6
4782,[0.59576253 0.84814045],47,72,"[0.5611628060047036, 0.8693254591361465]",31,6
4783,[0.5852429  0.85257838],47,72,"[0.5611628060047036, 0.8693254591361465]",31,6
4784,[0.56464583 0.84417426],47,72,"[0.5611628060047036, 0.8693254591361465]",31,6
4785,[0.52742665 0.89529866],47,72,"[0.5611628060047036, 0.8693254591361465]",-1,-1
4786,[0.58170905 0.78447039],47,75,"[0.5578508247145463, 0.8075131053511911]",28,-1
4787,[0.62583316 0.78293349],47,56,"[0.6249916856709978, 0.8077006051335125]",48,-1
4788,[0.5968658  0.82195209],47,56,"[0.6249916856709978, 0.8077006051335125]",-1,-1
4789,[0.63444903 0.83373907],47,52,"[0.6555268282654955, 0.8492024110319594]",48,-1
4790,[0.53977698 0.85021252],47,72,"[0.5611628060047036, 0.8693254591361465]",-1,-1
4791,[0.55411207 0.83734877],47,75,"[0.5578508247145463, 0.8075131053511911]",31,-1
4792,[0.5310348  0.89905228],47,72,"[0.5611628060047036, 0.8693254591361465]",-1,-1
4793,[0.59306581 0.84534696],47,72,"[0.5611628060047036, 0.8693254591361465]",31,6
4794,[0.56925528 0.89767589],47,72,"[0.5611628060047036, 0.8693254591361465]",-1,-1
4795,[0.61732088 0.82441953],47,56,"[0.6249916856709978, 0.8077006051335125]",-1,-1
4796,[0.64310327 0.91435527],47,52,"[0.6555268282654955, 0.8492024110319594]",-1,-1
4797,[0.56048408 0.82865586],47,75,"[0.5578508247145463, 0.8075131053511911]",31,6
4798,[0.62987274 0.83624204],47,52,"[0.6555268282654955, 0.8492024110319594]",48,-1
4799,[0.61220266 0.86001736],47,52,"[0.6555268282654955, 0.8492024110319594]",-1,-1
4800,[0.73717611 0.340655  ],48,9,"[0.7400409662228525, 0.324036995192541]",-1,-1
4801,[0.80856983 0.35000805],48,33,"[0.8161259009459738, 0.38225031357083966]",-1,-1
4802,[0.69138647 0.37087206],48,5,"[0.6450318820843447, 0.4074212796508608]",112,-1
4803,[0.82476064 0.36028288],48,33,"[0.8161259009459738, 0.38225031357083966]",59,-1
4804,[0.77970518 0.42736222],48,37,"[0.7430889106835223, 0.4145167779633026]",112,31
4805,[0.73796753 0.42733241],48,37,"[0.7430889106835223, 0.4145167779633026]",112,27
4806,[0.76006152 0.36471992],48,9,"[0.7400409662228525, 0.324036995192541]",-1,-1
4807,[0.76876148 0.4008469 ],48,37,"[0.7430889106835223, 0.4145167779633026]",112,28
4808,[0.80534442 0.378558  ],48,33,"[0.8161259009459738, 0.38225031357083966]",-1,-1
4809,[0.7957785  0.35717898],48,33,"[0.8161259009459738, 0.38225031357083966]",-1,-1
4810,[0.77509486 0.40916744],48,37,"[0.7430889106835223, 0.4145167779633026]",112,-1
4811,[0.75989078 0.4135631 ],48,37,"[0.7430889106835223, 0.4145167779633026]",112,-1
4812,[0.7572232  0.37727274],48,37,"[0.7430889106835223, 0.4145167779633026]",110,-1
4813,[0.75645491 0.41781459],48,37,"[0.7430889106835223, 0.4145167779633026]",112,27
4814,[0.83382099 0.34765017],48,33,"[0.8161259009459738, 0.38225031357083966]",-1,-1
4815,[0.71324552 0.47464617],48,26,"[0.6901601916314353, 0.4804056323832084]",112,39
4816,[0.82221292 0.41934588],48,33,"[0.8161259009459738, 0.38225031357083966]",112,-1
4817,[0.82045811 0.40174077],48,33,"[0.8161259009459738, 0.38225031357083966]",112,31
4818,[0.75053882 0.34523547],48,9,"[0.7400409662228525, 0.324036995192541]",110,58
4819,[0.77627034 0.38936817],48,33,"[0.8161259009459738, 0.38225031357083966]",112,28
4820,[0.82386923 0.43734783],48,18,"[0.8403424052135677, 0.4709016952471627]",112,-1
4821,[0.70927509 0.45594273],48,26,"[0.6901601916314353, 0.4804056323832084]",112,-1
4822,[0.80784998 0.40869911],48,33,"[0.8161259009459738, 0.38225031357083966]",-1,-1
4823,[0.74131717 0.34403398],48,9,"[0.7400409662228525, 0.324036995192541]",110,-1
4824,[0.81257528 0.4517808 ],48,18,"[0.8403424052135677, 0.4709016952471627]",112,-1
4825,[0.76507317 0.31668857],48,9,"[0.7400409662228525, 0.324036995192541]",112,-1
4826,[0.73967938 0.36127144],48,9,"[0.7400409662228525, 0.324036995192541]",110,58
4827,[0.82911785 0.3625798 ],48,33,"[0.8161259009459738, 0.38225031357083966]",59,-1
4828,[0.73631532 0.36297157],48,9,"[0.7400409662228525, 0.324036995192541]",110,-1
4829,[0.7328202  0.40171367],48,37,"[0.7430889106835223, 0.4145167779633026]",-1,-1
4830,[0.73239216 0.35799365],48,9,"[0.7400409662228525, 0.324036995192541]",110,58
4831,[0.75955813 0.35072042],48,9,"[0.7400409662228525, 0.324036995192541]",110,58
4832,[0.76979365 0.36869601],48,33,"[0.8161259009459738, 0.38225031357083966]",-1,-1
4833,[0.75551853 0.42150524],48,37,"[0.7430889106835223, 0.4145167779633026]",112,-1
4834,[0.74423434 0.3528032 ],48,9,"[0.7400409662228525, 0.324036995192541]",110,58
4835,[0.72077758 0.31437986],48,9,"[0.7400409662228525, 0.324036995192541]",112,-1
4836,[0.80612989 0.36510201],48,33,"[0.8161259009459738, 0.38225031357083966]",112,-1
4837,[0.78370808 0.44472604],48,37,"[0.7430889106835223, 0.4145167779633026]",112,-1
4838,[0.80962763 0.40852533],48,33,"[0.8161259009459738, 0.38225031357083966]",-1,-1
4839,[0.75961083 0.35998689],48,9,"[0.7400409662228525, 0.324036995192541]",110,-1
4840,[0.77500887 0.36438137],48,33,"[0.8161259009459738, 0.38225031357083966]",112,-1
4841,[0.71701061 0.35970207],48,9,"[0.7400409662228525, 0.324036995192541]",112,-1
4842,[0.73075325 0.35790897],48,9,"[0.7400409662228525, 0.324036995192541]",110,-1
4843,[0.77774939 0.39687033],48,37,"[0.7430889106835223, 0.4145167779633026]",112,28
4844,[0.80175599 0.4724211 ],48,29,"[0.7896146962697053, 0.5004587368894428]",112,30
4845,[0.75064972 0.3683058 ],48,9,"[0.7400409662228525, 0.324036995192541]",110,-1
4846,[0.72633766 0.32338307],48,9,"[0.7400409662228525, 0.324036995192541]",112,76
4847,[0.76762428 0.41197555],48,37,"[0.7430889106835223, 0.4145167779633026]",112,-1
4848,[0.78438033 0.33290359],48,9,"[0.7400409662228525, 0.324036995192541]",-1,-1
4849,[0.82164031 0.37763085],48,33,"[0.8161259009459738, 0.38225031357083966]",-1,-1
4850,[0.78804995 0.38076872],48,33,"[0.8161259009459738, 0.38225031357083966]",112,-1
4851,[0.82239903 0.31075265],48,93,"[0.8601410762052295, 0.27849515424672083]",-1,-1
4852,[0.79513179 0.40946712],48,33,"[0.8161259009459738, 0.38225031357083966]",-1,-1
4853,[0.71451817 0.36432356],48,9,"[0.7400409662228525, 0.324036995192541]",-1,-1
4854,[0.76413941 0.41696291],48,37,"[0.7430889106835223, 0.4145167779633026]",112,-1
4855,[0.76763691 0.45996082],48,29,"[0.7896146962697053, 0.5004587368894428]",112,30
4856,[0.81915458 0.41892676],48,33,"[0.8161259009459738, 0.38225031357083966]",112,-1
4857,[0.77285285 0.38983135],48,37,"[0.7430889106835223, 0.4145167779633026]",112,28
4858,[0.74998736 0.40825803],48,37,"[0.7430889106835223, 0.4145167779633026]",112,27
4859,[0.75968817 0.35040497],48,9,"[0.7400409662228525, 0.324036995192541]",110,58
4860,[0.77872777 0.37825904],48,33,"[0.8161259009459738, 0.38225031357083966]",-1,-1
4861,[0.71170688 0.33368271],48,9,"[0.7400409662228525, 0.324036995192541]",112,-1
4862,[0.84727013 0.34515304],48,33,"[0.8161259009459738, 0.38225031357083966]",-1,-1
4863,[0.80332353 0.3732029 ],48,33,"[0.8161259009459738, 0.38225031357083966]",112,-1
4864,[0.79170971 0.43393254],48,37,"[0.7430889106835223, 0.4145167779633026]",112,31
4865,[0.78659406 0.4240423 ],48,37,"[0.7430889106835223, 0.4145167779633026]",112,31
4866,[0.77805208 0.3466771 ],48,9,"[0.7400409662228525, 0.324036995192541]",-1,-1
4867,[0.76644809 0.3125145 ],48,9,"[0.7400409662228525, 0.324036995192541]",112,-1
4868,[0.79049148 0.3477665 ],48,33,"[0.8161259009459738, 0.38225031357083966]",-1,-1
4869,[0.73224901 0.38178369],48,37,"[0.7430889106835223, 0.4145167779633026]",-1,-1
4870,[0.76373775 0.33688598],48,9,"[0.7400409662228525, 0.324036995192541]",110,-1
4871,[0.78355703 0.40244084],48,33,"[0.8161259009459738, 0.38225031357083966]",112,28
4872,[0.77933223 0.37649067],48,33,"[0.8161259009459738, 0.38225031357083966]",112,-1
4873,[0.72797878 0.42597781],48,37,"[0.7430889106835223, 0.4145167779633026]",-1,27
4874,[0.74946728 0.33497233],48,9,"[0.7400409662228525, 0.324036995192541]",-1,-1
4875,[0.78511266 0.39484572],48,33,"[0.8161259009459738, 0.38225031357083966]",112,28
4876,[0.78952748 0.40539102],48,33,"[0.8161259009459738, 0.38225031357083966]",-1,-1
4877,[0.79625307 0.3875353 ],48,33,"[0.8161259009459738, 0.38225031357083966]",-1,-1
4878,[0.76192699 0.34226883],48,9,"[0.7400409662228525, 0.324036995192541]",110,-1
4879,[0.80624363 0.36488835],48,33,"[0.8161259009459738, 0.38225031357083966]",112,-1
4880,[0.76831977 0.4020521 ],48,37,"[0.7430889106835223, 0.4145167779633026]",112,-1
4881,[0.75295481 0.3646288 ],48,9,"[0.7400409662228525, 0.324036995192541]",110,-1
4882,[0.72222122 0.28168635],48,12,"[0.7527256969797409, 0.25319450872866317]",112,80
4883,[0.69831204 0.43530623],48,26,"[0.6901601916314353, 0.4804056323832084]",-1,38
4884,[0.677221   0.34358782],48,0,"[0.6718634683454, 0.284181654083953]",112,80
4885,[0.85037724 0.38433188],48,33,"[0.8161259009459738, 0.38225031357083966]",-1,-1
4886,[0.75341407 0.32249538],48,9,"[0.7400409662228525, 0.324036995192541]",112,-1
4887,[0.77552133 0.39995446],48,37,"[0.7430889106835223, 0.4145167779633026]",112,28
4888,[0.82204836 0.40106769],48,33,"[0.8161259009459738, 0.38225031357083966]",112,-1
4889,[0.76287872 0.32534747],48,9,"[0.7400409662228525, 0.324036995192541]",112,-1
4890,[0.79196336 0.38064406],48,33,"[0.8161259009459738, 0.38225031357083966]",-1,-1
4891,[0.70869488 0.40005942],48,37,"[0.7430889106835223, 0.4145167779633026]",-1,-1
4892,[0.82844703 0.3863022 ],48,33,"[0.8161259009459738, 0.38225031357083966]",-1,-1
4893,[0.82891495 0.41101056],48,33,"[0.8161259009459738, 0.38225031357083966]",112,-1
4894,[0.76906689 0.38737685],48,37,"[0.7430889106835223, 0.4145167779633026]",112,-1
4895,[0.81864398 0.41250914],48,33,"[0.8161259009459738, 0.38225031357083966]",112,31
4896,[0.7773037  0.31439187],48,9,"[0.7400409662228525, 0.324036995192541]",-1,-1
4897,[0.75774817 0.41759926],48,37,"[0.7430889106835223, 0.4145167779633026]",112,27
4898,[0.78468337 0.4670418 ],48,29,"[0.7896146962697053, 0.5004587368894428]",-1,-1
4899,[0.73827201 0.36300021],48,9,"[0.7400409662228525, 0.324036995192541]",110,-1
4900,[0.32055416 0.71449921],49,21,"[0.29370179376498934, 0.7320689524506921]",112,-1
4901,[0.29577445 0.83140528],49,92,"[0.2809378662615065, 0.8576735624543382]",-1,-1
4902,[0.33996381 0.74384689],49,28,"[0.3665533604727163, 0.7224000836333309]",95,45
4903,[0.31889779 0.7694719 ],49,21,"[0.29370179376498934, 0.7320689524506921]",92,-1
4904,[0.33722614 0.69033992],49,51,"[0.3380449223959843, 0.6548082883119133]",112,59
4905,[0.38916183 0.67424498],49,28,"[0.3665533604727163, 0.7224000836333309]",112,66
4906,[0.34421274 0.7611619 ],49,28,"[0.3665533604727163, 0.7224000836333309]",95,45
4907,[0.36471861 0.76557066],49,27,"[0.394960489486544, 0.7962465519607298]",95,-1
4908,[0.38069619 0.69673887],49,28,"[0.3665533604727163, 0.7224000836333309]",112,-1
4909,[0.35499011 0.74388611],49,28,"[0.3665533604727163, 0.7224000836333309]",-1,-1
4910,[0.35402219 0.77408498],49,27,"[0.394960489486544, 0.7962465519607298]",88,-1
4911,[0.36394787 0.78983739],49,27,"[0.394960489486544, 0.7962465519607298]",88,-1
4912,[0.3115406  0.68971008],49,51,"[0.3380449223959843, 0.6548082883119133]",-1,-1
4913,[0.439009   0.75619455],49,48,"[0.45117785646922254, 0.7079436468031785]",-1,-1
4914,[0.39959983 0.74076362],49,28,"[0.3665533604727163, 0.7224000836333309]",-1,-1
4915,[0.33796976 0.71590385],49,28,"[0.3665533604727163, 0.7224000836333309]",-1,-1
4916,[0.34194716 0.73740993],49,28,"[0.3665533604727163, 0.7224000836333309]",95,45
4917,[0.31627547 0.77051012],49,21,"[0.29370179376498934, 0.7320689524506921]",92,-1
4918,[0.33548039 0.76277748],49,28,"[0.3665533604727163, 0.7224000836333309]",95,45
4919,[0.40643488 0.69070375],49,48,"[0.45117785646922254, 0.7079436468031785]",-1,-1
4920,[0.31578677 0.70870755],49,21,"[0.29370179376498934, 0.7320689524506921]",112,-1
4921,[0.36669518 0.72838718],49,28,"[0.3665533604727163, 0.7224000836333309]",109,-1
4922,[0.33148536 0.69340594],49,51,"[0.3380449223959843, 0.6548082883119133]",112,-1
4923,[0.36661364 0.79537862],49,27,"[0.394960489486544, 0.7962465519607298]",88,-1
4924,[0.35532873 0.77232335],49,27,"[0.394960489486544, 0.7962465519607298]",-1,-1
4925,[0.34160523 0.68791575],49,51,"[0.3380449223959843, 0.6548082883119133]",112,59
4926,[0.32910088 0.77373538],49,21,"[0.29370179376498934, 0.7320689524506921]",92,-1
4927,[0.42307971 0.71517094],49,48,"[0.45117785646922254, 0.7079436468031785]",-1,-1
4928,[0.37812802 0.74386599],49,28,"[0.3665533604727163, 0.7224000836333309]",95,-1
4929,[0.35938467 0.7199628 ],49,28,"[0.3665533604727163, 0.7224000836333309]",-1,-1
4930,[0.36501356 0.759499  ],49,28,"[0.3665533604727163, 0.7224000836333309]",95,45
4931,[0.35056399 0.75760265],49,28,"[0.3665533604727163, 0.7224000836333309]",95,45
4932,[0.32515105 0.67746861],49,51,"[0.3380449223959843, 0.6548082883119133]",112,-1
4933,[0.44116083 0.76984466],49,43,"[0.4600847464699888, 0.8121159369971912]",95,40
4934,[0.31817402 0.75497813],49,21,"[0.29370179376498934, 0.7320689524506921]",-1,-1
4935,[0.39642225 0.72578585],49,28,"[0.3665533604727163, 0.7224000836333309]",-1,-1
4936,[0.33713892 0.70101068],49,28,"[0.3665533604727163, 0.7224000836333309]",112,59
4937,[0.40563484 0.77056299],49,27,"[0.394960489486544, 0.7962465519607298]",95,44
4938,[0.36975928 0.71898717],49,28,"[0.3665533604727163, 0.7224000836333309]",109,-1
4939,[0.32356675 0.82517103],49,92,"[0.2809378662615065, 0.8576735624543382]",-1,-1
4940,[0.37588423 0.77998803],49,27,"[0.394960489486544, 0.7962465519607298]",-1,-1
4941,[0.41539467 0.71279086],49,48,"[0.45117785646922254, 0.7079436468031785]",-1,-1
4942,[0.39480993 0.68323375],49,28,"[0.3665533604727163, 0.7224000836333309]",-1,-1
4943,[0.38366322 0.70485119],49,28,"[0.3665533604727163, 0.7224000836333309]",112,-1
4944,[0.34168714 0.82063723],49,27,"[0.394960489486544, 0.7962465519607298]",-1,-1
4945,[0.41823537 0.75177015],49,27,"[0.394960489486544, 0.7962465519607298]",-1,-1
4946,[0.35086999 0.75622724],49,28,"[0.3665533604727163, 0.7224000836333309]",95,45
4947,[0.39924155 0.77071192],49,27,"[0.394960489486544, 0.7962465519607298]",95,44
4948,[0.39939311 0.82979567],49,27,"[0.394960489486544, 0.7962465519607298]",-1,-1
4949,[0.30630073 0.78464201],49,21,"[0.29370179376498934, 0.7320689524506921]",-1,-1
4950,[0.34527885 0.68555247],49,51,"[0.3380449223959843, 0.6548082883119133]",112,59
4951,[0.34112574 0.82341627],49,27,"[0.394960489486544, 0.7962465519607298]",-1,-1
4952,[0.38684022 0.79059556],49,27,"[0.394960489486544, 0.7962465519607298]",-1,-1
4953,[0.32982196 0.76508695],49,21,"[0.29370179376498934, 0.7320689524506921]",-1,-1
4954,[0.30062397 0.80799817],49,92,"[0.2809378662615065, 0.8576735624543382]",-1,-1
4955,[0.34271918 0.72786565],49,28,"[0.3665533604727163, 0.7224000836333309]",95,45
4956,[0.41954696 0.77561923],49,27,"[0.394960489486544, 0.7962465519607298]",-1,-1
4957,[0.41254496 0.7216265 ],49,48,"[0.45117785646922254, 0.7079436468031785]",-1,-1
4958,[0.29779014 0.76973117],49,21,"[0.29370179376498934, 0.7320689524506921]",80,-1
4959,[0.38028993 0.75703834],49,28,"[0.3665533604727163, 0.7224000836333309]",95,45
4960,[0.33995777 0.77700766],49,27,"[0.394960489486544, 0.7962465519607298]",-1,-1
4961,[0.37945533 0.73988058],49,28,"[0.3665533604727163, 0.7224000836333309]",-1,-1
4962,[0.42597588 0.70087459],49,48,"[0.45117785646922254, 0.7079436468031785]",-1,-1
4963,[0.37500176 0.72031386],49,28,"[0.3665533604727163, 0.7224000836333309]",109,-1
4964,[0.29996266 0.74584507],49,21,"[0.29370179376498934, 0.7320689524506921]",-1,-1
4965,[0.3706566  0.68973286],49,28,"[0.3665533604727163, 0.7224000836333309]",112,-1
4966,[0.3144329  0.77401047],49,21,"[0.29370179376498934, 0.7320689524506921]",92,-1
4967,[0.4315404  0.73807645],49,48,"[0.45117785646922254, 0.7079436468031785]",-1,-1
4968,[0.30617235 0.79047143],49,21,"[0.29370179376498934, 0.7320689524506921]",-1,-1
4969,[0.34934614 0.75615161],49,28,"[0.3665533604727163, 0.7224000836333309]",95,45
4970,[0.33126695 0.75538354],49,21,"[0.29370179376498934, 0.7320689524506921]",95,-1
4971,[0.3736778  0.75198165],49,28,"[0.3665533604727163, 0.7224000836333309]",95,45
4972,[0.337333   0.74316942],49,28,"[0.3665533604727163, 0.7224000836333309]",95,45
4973,[0.36232628 0.73891122],49,28,"[0.3665533604727163, 0.7224000836333309]",-1,-1
4974,[0.41169617 0.6719292 ],49,1,"[0.4254611998702779, 0.6260428590068665]",-1,-1
4975,[0.30717767 0.74793692],49,21,"[0.29370179376498934, 0.7320689524506921]",-1,-1
4976,[0.40063094 0.73721252],49,28,"[0.3665533604727163, 0.7224000836333309]",87,-1
4977,[0.33695739 0.75419445],49,28,"[0.3665533604727163, 0.7224000836333309]",95,45
4978,[0.30460683 0.7287081 ],49,21,"[0.29370179376498934, 0.7320689524506921]",112,-1
4979,[0.33874033 0.70700172],49,28,"[0.3665533604727163, 0.7224000836333309]",112,59
4980,[0.33590233 0.77959014],49,27,"[0.394960489486544, 0.7962465519607298]",-1,-1
4981,[0.39324534 0.71365258],49,28,"[0.3665533604727163, 0.7224000836333309]",-1,-1
4982,[0.41801041 0.7331472 ],49,48,"[0.45117785646922254, 0.7079436468031785]",-1,-1
4983,[0.24705491 0.75507341],49,45,"[0.20999502353991037, 0.7421751523063527]",65,12
4984,[0.35185398 0.78205871],49,27,"[0.394960489486544, 0.7962465519607298]",88,-1
4985,[0.42596723 0.7551679 ],49,27,"[0.394960489486544, 0.7962465519607298]",77,-1
4986,[0.37770583 0.72538481],49,28,"[0.3665533604727163, 0.7224000836333309]",109,-1
4987,[0.35643479 0.79348759],49,27,"[0.394960489486544, 0.7962465519607298]",88,-1
4988,[0.36051799 0.75292181],49,28,"[0.3665533604727163, 0.7224000836333309]",95,45
4989,[0.37437183 0.66479503],49,51,"[0.3380449223959843, 0.6548082883119133]",112,-1
4990,[0.34429711 0.70522531],49,28,"[0.3665533604727163, 0.7224000836333309]",112,59
4991,[0.39982994 0.78124773],49,27,"[0.394960489486544, 0.7962465519607298]",95,44
4992,[0.4059382  0.76442909],49,27,"[0.394960489486544, 0.7962465519607298]",95,-1
4993,[0.3069776  0.71356199],49,21,"[0.29370179376498934, 0.7320689524506921]",112,-1
4994,[0.41829884 0.73848274],49,48,"[0.45117785646922254, 0.7079436468031785]",-1,-1
4995,[0.41846131 0.73661738],49,48,"[0.45117785646922254, 0.7079436468031785]",-1,-1
4996,[0.34623485 0.70829453],49,28,"[0.3665533604727163, 0.7224000836333309]",112,59
4997,[0.4067627  0.78311796],49,27,"[0.394960489486544, 0.7962465519607298]",95,44
4998,[0.34754194 0.84268753],49,27,"[0.394960489486544, 0.7962465519607298]",-1,-1
4999,[0.34360008 0.75016281],49,28,"[0.3665533604727163, 0.7224000836333309]",95,45
5000,[0.39860581 0.60873606],50,1,"[0.4254611998702779, 0.6260428590068665]",112,72
5001,[0.40170972 0.59167416],50,99,"[0.3648028013992237, 0.5971623021773774]",112,-1
5002,[0.40318204 0.54246976],50,11,"[0.39234234203399093, 0.5489540807322599]",112,72
5003,[0.38972016 0.62392301],50,1,"[0.4254611998702779, 0.6260428590068665]",112,72
5004,[0.44275215 0.55039846],50,8,"[0.47040203841495126, 0.5433047126172346]",-1,-1
5005,[0.36984008 0.60057189],50,99,"[0.3648028013992237, 0.5971623021773774]",112,-1
5006,[0.42494837 0.58962189],50,1,"[0.4254611998702779, 0.6260428590068665]",112,72
5007,[0.40057744 0.53589782],50,11,"[0.39234234203399093, 0.5489540807322599]",112,72
5008,[0.38743483 0.62822772],50,1,"[0.4254611998702779, 0.6260428590068665]",112,72
5009,[0.30962543 0.62534377],50,51,"[0.3380449223959843, 0.6548082883119133]",-1,-1
5010,[0.43525786 0.58908967],50,1,"[0.4254611998702779, 0.6260428590068665]",112,72
5011,[0.35109926 0.57464465],50,99,"[0.3648028013992237, 0.5971623021773774]",-1,-1
5012,[0.36245319 0.65275171],50,51,"[0.3380449223959843, 0.6548082883119133]",-1,-1
5013,[0.40118259 0.66153098],50,1,"[0.4254611998702779, 0.6260428590068665]",112,-1
5014,[0.36274191 0.60692525],50,99,"[0.3648028013992237, 0.5971623021773774]",112,-1
5015,[0.40113736 0.6249712 ],50,1,"[0.4254611998702779, 0.6260428590068665]",112,72
5016,[0.3874338  0.62946217],50,1,"[0.4254611998702779, 0.6260428590068665]",112,72
5017,[0.42854385 0.62057114],50,1,"[0.4254611998702779, 0.6260428590068665]",112,72
5018,[0.38422584 0.68462599],50,28,"[0.3665533604727163, 0.7224000836333309]",112,-1
5019,[0.34856733 0.60969042],50,99,"[0.3648028013992237, 0.5971623021773774]",112,-1
5020,[0.32678529 0.59518323],50,99,"[0.3648028013992237, 0.5971623021773774]",-1,-1
5021,[0.4049566  0.64412944],50,1,"[0.4254611998702779, 0.6260428590068665]",112,-1
5022,[0.40012251 0.58054942],50,11,"[0.39234234203399093, 0.5489540807322599]",112,72
5023,[0.41701145 0.61320033],50,1,"[0.4254611998702779, 0.6260428590068665]",112,72
5024,[0.37420488 0.55340665],50,11,"[0.39234234203399093, 0.5489540807322599]",112,-1
5025,[0.40951333 0.58784337],50,1,"[0.4254611998702779, 0.6260428590068665]",112,72
5026,[0.35425267 0.59080226],50,99,"[0.3648028013992237, 0.5971623021773774]",-1,-1
5027,[0.41598494 0.60379229],50,1,"[0.4254611998702779, 0.6260428590068665]",112,-1
5028,[0.35553544 0.56434619],50,99,"[0.3648028013992237, 0.5971623021773774]",-1,-1
5029,[0.35870698 0.60163662],50,99,"[0.3648028013992237, 0.5971623021773774]",112,-1
5030,[0.38312338 0.62693034],50,99,"[0.3648028013992237, 0.5971623021773774]",112,-1
5031,[0.46148285 0.62098919],50,1,"[0.4254611998702779, 0.6260428590068665]",112,61
5032,[0.40118276 0.60423501],50,1,"[0.4254611998702779, 0.6260428590068665]",112,72
5033,[0.4148749  0.59425708],50,1,"[0.4254611998702779, 0.6260428590068665]",112,-1
5034,[0.44126174 0.59107246],50,1,"[0.4254611998702779, 0.6260428590068665]",112,72
5035,[0.43655793 0.61990431],50,1,"[0.4254611998702779, 0.6260428590068665]",112,72
5036,[0.39671708 0.61318834],50,1,"[0.4254611998702779, 0.6260428590068665]",112,72
5037,[0.37572834 0.62803577],50,99,"[0.3648028013992237, 0.5971623021773774]",112,-1
5038,[0.32572734 0.60207266],50,99,"[0.3648028013992237, 0.5971623021773774]",-1,-1
5039,[0.3788363  0.64574883],50,51,"[0.3380449223959843, 0.6548082883119133]",112,-1
5040,[0.50890151 0.6966267 ],50,23,"[0.5302520860132256, 0.7258783520828289]",111,42
5041,[0.39142768 0.60784185],50,99,"[0.3648028013992237, 0.5971623021773774]",112,72
5042,[0.41762452 0.65335831],50,1,"[0.4254611998702779, 0.6260428590068665]",112,-1
5043,[0.4214268  0.67731588],50,48,"[0.45117785646922254, 0.7079436468031785]",-1,-1
5044,[0.39164115 0.5346389 ],50,11,"[0.39234234203399093, 0.5489540807322599]",112,-1
5045,[0.37990503 0.65006129],50,51,"[0.3380449223959843, 0.6548082883119133]",112,-1
5046,[0.36587513 0.65621288],50,51,"[0.3380449223959843, 0.6548082883119133]",112,-1
5047,[0.40250039 0.5816415 ],50,11,"[0.39234234203399093, 0.5489540807322599]",112,72
5048,[0.40984181 0.57898967],50,11,"[0.39234234203399093, 0.5489540807322599]",112,72
5049,[0.40815726 0.62883599],50,1,"[0.4254611998702779, 0.6260428590068665]",112,72
5050,[0.39008652 0.57933393],50,11,"[0.39234234203399093, 0.5489540807322599]",112,72
5051,[0.34868567 0.5744088 ],50,99,"[0.3648028013992237, 0.5971623021773774]",-1,-1
5052,[0.36231886 0.63272617],50,51,"[0.3380449223959843, 0.6548082883119133]",112,-1
5053,[0.36518757 0.67349869],50,51,"[0.3380449223959843, 0.6548082883119133]",112,-1
5054,[0.42116486 0.59346218],50,1,"[0.4254611998702779, 0.6260428590068665]",112,72
5055,[0.42652069 0.58786044],50,1,"[0.4254611998702779, 0.6260428590068665]",112,72
5056,[0.36218005 0.61062386],50,99,"[0.3648028013992237, 0.5971623021773774]",112,-1
5057,[0.39870392 0.62663312],50,1,"[0.4254611998702779, 0.6260428590068665]",112,72
5058,[0.35872063 0.62908226],50,99,"[0.3648028013992237, 0.5971623021773774]",112,-1
5059,[0.41448547 0.60629497],50,1,"[0.4254611998702779, 0.6260428590068665]",112,-1
5060,[0.42495497 0.58757763],50,1,"[0.4254611998702779, 0.6260428590068665]",112,72
5061,[0.37990982 0.71785334],50,28,"[0.3665533604727163, 0.7224000836333309]",109,-1
5062,[0.33559187 0.61531015],50,99,"[0.3648028013992237, 0.5971623021773774]",-1,-1
5063,[0.37865384 0.66707378],50,51,"[0.3380449223959843, 0.6548082883119133]",112,-1
5064,[0.38193756 0.57158027],50,11,"[0.39234234203399093, 0.5489540807322599]",112,-1
5065,[0.40420226 0.63260162],50,1,"[0.4254611998702779, 0.6260428590068665]",112,72
5066,[0.38323204 0.60422936],50,99,"[0.3648028013992237, 0.5971623021773774]",112,-1
5067,[0.41319666 0.53556754],50,11,"[0.39234234203399093, 0.5489540807322599]",112,72
5068,[0.43883754 0.60468216],50,1,"[0.4254611998702779, 0.6260428590068665]",112,-1
5069,[0.41998768 0.61372996],50,1,"[0.4254611998702779, 0.6260428590068665]",112,72
5070,[0.3957415  0.62683299],50,1,"[0.4254611998702779, 0.6260428590068665]",112,72
5071,[0.38618657 0.68639134],50,28,"[0.3665533604727163, 0.7224000836333309]",112,-1
5072,[0.4629242  0.60408929],50,1,"[0.4254611998702779, 0.6260428590068665]",112,61
5073,[0.43240203 0.58342518],50,1,"[0.4254611998702779, 0.6260428590068665]",112,72
5074,[0.37462278 0.61479413],50,99,"[0.3648028013992237, 0.5971623021773774]",112,-1
5075,[0.41894699 0.61631309],50,1,"[0.4254611998702779, 0.6260428590068665]",112,-1
5076,[0.44279019 0.58425247],50,1,"[0.4254611998702779, 0.6260428590068665]",112,72
5077,[0.30976413 0.67676632],50,51,"[0.3380449223959843, 0.6548082883119133]",-1,-1
5078,[0.40589075 0.66366128],50,1,"[0.4254611998702779, 0.6260428590068665]",-1,-1
5079,[0.44925796 0.58336858],50,8,"[0.47040203841495126, 0.5433047126172346]",112,72
5080,[0.36574492 0.59427796],50,99,"[0.3648028013992237, 0.5971623021773774]",112,-1
5081,[0.36347794 0.55268482],50,11,"[0.39234234203399093, 0.5489540807322599]",-1,-1
5082,[0.45703997 0.62723036],50,1,"[0.4254611998702779, 0.6260428590068665]",112,-1
5083,[0.36439686 0.57177623],50,99,"[0.3648028013992237, 0.5971623021773774]",-1,-1
5084,[0.38443375 0.61441815],50,99,"[0.3648028013992237, 0.5971623021773774]",112,-1
5085,[0.39468085 0.59124173],50,99,"[0.3648028013992237, 0.5971623021773774]",112,72
5086,[0.44780715 0.49338437],50,2,"[0.4451682216738327, 0.4665045826425144]",112,-1
5087,[0.3987465  0.64257037],50,1,"[0.4254611998702779, 0.6260428590068665]",112,-1
5088,[0.396157   0.62402162],50,1,"[0.4254611998702779, 0.6260428590068665]",112,72
5089,[0.42490263 0.59128283],50,1,"[0.4254611998702779, 0.6260428590068665]",112,72
5090,[0.35526755 0.60876111],50,99,"[0.3648028013992237, 0.5971623021773774]",112,-1
5091,[0.3986151  0.62980896],50,1,"[0.4254611998702779, 0.6260428590068665]",112,72
5092,[0.44331591 0.63137101],50,1,"[0.4254611998702779, 0.6260428590068665]",-1,-1
5093,[0.38663862 0.65241012],50,1,"[0.4254611998702779, 0.6260428590068665]",112,-1
5094,[0.41392475 0.60044485],50,1,"[0.4254611998702779, 0.6260428590068665]",112,-1
5095,[0.35937525 0.5940025 ],50,99,"[0.3648028013992237, 0.5971623021773774]",112,-1
5096,[0.40532419 0.67505854],50,1,"[0.4254611998702779, 0.6260428590068665]",-1,-1
5097,[0.44083212 0.57930764],50,8,"[0.47040203841495126, 0.5433047126172346]",112,72
5098,[0.37632086 0.69344498],50,28,"[0.3665533604727163, 0.7224000836333309]",112,-1
5099,[0.41793066 0.6420637 ],50,1,"[0.4254611998702779, 0.6260428590068665]",112,-1
5100,[0.41750357 0.56173466],51,11,"[0.39234234203399093, 0.5489540807322599]",112,72
5101,[0.432039   0.61883561],51,1,"[0.4254611998702779, 0.6260428590068665]",112,72
5102,[0.419101   0.56340713],51,11,"[0.39234234203399093, 0.5489540807322599]",112,72
5103,[0.42934368 0.56505057],51,11,"[0.39234234203399093, 0.5489540807322599]",112,72
5104,[0.46522639 0.53961029],51,8,"[0.47040203841495126, 0.5433047126172346]",112,-1
5105,[0.47076386 0.5578275 ],51,8,"[0.47040203841495126, 0.5433047126172346]",112,60
5106,[0.40002561 0.5338309 ],51,11,"[0.39234234203399093, 0.5489540807322599]",112,72
5107,[0.44584518 0.61749197],51,1,"[0.4254611998702779, 0.6260428590068665]",112,-1
5108,[0.45361501 0.57460204],51,8,"[0.47040203841495126, 0.5433047126172346]",112,72
5109,[0.42814032 0.57698276],51,11,"[0.39234234203399093, 0.5489540807322599]",112,-1
5110,[0.56025468 0.57214162],51,64,"[0.5798719244027237, 0.6152041816619239]",-1,-1
5111,[0.47086938 0.55768129],51,8,"[0.47040203841495126, 0.5433047126172346]",112,60
5112,[0.47156817 0.56149083],51,8,"[0.47040203841495126, 0.5433047126172346]",112,60
5113,[0.37143124 0.47023951],51,53,"[0.3771044042788204, 0.4722281085909072]",112,-1
5114,[0.43968492 0.57206001],51,8,"[0.47040203841495126, 0.5433047126172346]",112,-1
5115,[0.39014765 0.5576295 ],51,11,"[0.39234234203399093, 0.5489540807322599]",112,-1
5116,[0.48585621 0.56511662],51,8,"[0.47040203841495126, 0.5433047126172346]",83,-1
5117,[0.43432725 0.6192679 ],51,1,"[0.4254611998702779, 0.6260428590068665]",112,72
5118,[0.34423408 0.53352321],51,94,"[0.33191161120142837, 0.5109127972526102]",21,-1
5119,[0.40502325 0.55068957],51,11,"[0.39234234203399093, 0.5489540807322599]",112,72
5120,[0.42984432 0.57016857],51,11,"[0.39234234203399093, 0.5489540807322599]",112,72
5121,[0.3942839  0.60060944],51,99,"[0.3648028013992237, 0.5971623021773774]",112,72
5122,[0.44925598 0.59700799],51,1,"[0.4254611998702779, 0.6260428590068665]",112,-1
5123,[0.43356287 0.56277737],51,8,"[0.47040203841495126, 0.5433047126172346]",112,-1
5124,[0.38556667 0.56380179],51,11,"[0.39234234203399093, 0.5489540807322599]",112,72
5125,[0.50848674 0.6349752 ],51,36,"[0.5286985042700821, 0.6516604258431233]",62,-1
5126,[0.36977854 0.62776929],51,99,"[0.3648028013992237, 0.5971623021773774]",112,-1
5127,[0.4126248  0.55201414],51,11,"[0.39234234203399093, 0.5489540807322599]",112,72
5128,[0.47781254 0.53979851],51,8,"[0.47040203841495126, 0.5433047126172346]",112,-1
5129,[0.47895787 0.50807813],51,8,"[0.47040203841495126, 0.5433047126172346]",112,-1
5130,[0.41876973 0.57699368],51,11,"[0.39234234203399093, 0.5489540807322599]",112,-1
5131,[0.46829269 0.58277489],51,8,"[0.47040203841495126, 0.5433047126172346]",112,-1
5132,[0.42976563 0.54949623],51,11,"[0.39234234203399093, 0.5489540807322599]",112,-1
5133,[0.50477336 0.63232475],51,36,"[0.5286985042700821, 0.6516604258431233]",62,-1
5134,[0.43533983 0.58623149],51,1,"[0.4254611998702779, 0.6260428590068665]",112,72
5135,[0.4691921  0.52143569],51,8,"[0.47040203841495126, 0.5433047126172346]",112,72
5136,[0.44638419 0.60138215],51,1,"[0.4254611998702779, 0.6260428590068665]",112,-1
5137,[0.43178908 0.59457212],51,1,"[0.4254611998702779, 0.6260428590068665]",112,72
5138,[0.45235925 0.6055248 ],51,1,"[0.4254611998702779, 0.6260428590068665]",112,-1
5139,[0.4172176 0.5623379],51,11,"[0.39234234203399093, 0.5489540807322599]",112,72
5140,[0.49106722 0.5670134 ],51,8,"[0.47040203841495126, 0.5433047126172346]",83,-1
5141,[0.45847912 0.54595703],51,8,"[0.47040203841495126, 0.5433047126172346]",112,-1
5142,[0.48136183 0.63910807],51,36,"[0.5286985042700821, 0.6516604258431233]",-1,-1
5143,[0.40632751 0.61236377],51,1,"[0.4254611998702779, 0.6260428590068665]",112,72
5144,[0.48916311 0.52881289],51,8,"[0.47040203841495126, 0.5433047126172346]",112,-1
5145,[0.4166243  0.56313267],51,11,"[0.39234234203399093, 0.5489540807322599]",112,72
5146,[0.42583154 0.50401502],51,2,"[0.4451682216738327, 0.4665045826425144]",112,72
5147,[0.38185141 0.54672014],51,11,"[0.39234234203399093, 0.5489540807322599]",112,-1
5148,[0.44584415 0.56813702],51,8,"[0.47040203841495126, 0.5433047126172346]",112,-1
5149,[0.43117283 0.53189554],51,8,"[0.47040203841495126, 0.5433047126172346]",112,72
5150,[0.46745921 0.52828919],51,8,"[0.47040203841495126, 0.5433047126172346]",112,72
5151,[0.47654421 0.54274368],51,8,"[0.47040203841495126, 0.5433047126172346]",112,-1
5152,[0.40336849 0.57529548],51,11,"[0.39234234203399093, 0.5489540807322599]",112,72
5153,[0.39332663 0.58189995],51,99,"[0.3648028013992237, 0.5971623021773774]",112,72
5154,[0.42685449 0.5799506 ],51,1,"[0.4254611998702779, 0.6260428590068665]",112,72
5155,[0.48711097 0.49862441],51,8,"[0.47040203841495126, 0.5433047126172346]",112,-1
5156,[0.42968736 0.55095373],51,11,"[0.39234234203399093, 0.5489540807322599]",112,-1
5157,[0.43856252 0.67625198],51,48,"[0.45117785646922254, 0.7079436468031785]",112,-1
5158,[0.37743402 0.56889395],51,11,"[0.39234234203399093, 0.5489540807322599]",112,72
5159,[0.44989486 0.53402468],51,8,"[0.47040203841495126, 0.5433047126172346]",112,72
5160,[0.43627258 0.55836664],51,8,"[0.47040203841495126, 0.5433047126172346]",112,-1
5161,[0.46229826 0.56216137],51,8,"[0.47040203841495126, 0.5433047126172346]",112,60
5162,[0.42045774 0.65695719],51,1,"[0.4254611998702779, 0.6260428590068665]",112,-1
5163,[0.42955144 0.49279825],51,2,"[0.4451682216738327, 0.4665045826425144]",112,-1
5164,[0.38760153 0.5704856 ],51,11,"[0.39234234203399093, 0.5489540807322599]",112,-1
5165,[0.47902899 0.53157996],51,8,"[0.47040203841495126, 0.5433047126172346]",112,72
5166,[0.42930135 0.59736217],51,1,"[0.4254611998702779, 0.6260428590068665]",112,72
5167,[0.42286419 0.59315267],51,1,"[0.4254611998702779, 0.6260428590068665]",112,72
5168,[0.42620803 0.5274493 ],51,11,"[0.39234234203399093, 0.5489540807322599]",112,-1
5169,[0.45195616 0.56121571],51,8,"[0.47040203841495126, 0.5433047126172346]",112,-1
5170,[0.42516167 0.60733672],51,1,"[0.4254611998702779, 0.6260428590068665]",112,72
5171,[0.42680994 0.53623423],51,11,"[0.39234234203399093, 0.5489540807322599]",112,72
5172,[0.4485937  0.57773862],51,8,"[0.47040203841495126, 0.5433047126172346]",112,72
5173,[0.36060529 0.54090833],51,11,"[0.39234234203399093, 0.5489540807322599]",-1,-1
5174,[0.49145869 0.52617111],51,8,"[0.47040203841495126, 0.5433047126172346]",112,-1
5175,[0.45365857 0.52595464],51,8,"[0.47040203841495126, 0.5433047126172346]",112,72
5176,[0.47098082 0.59146259],51,8,"[0.47040203841495126, 0.5433047126172346]",112,-1
5177,[0.43849324 0.57361826],51,8,"[0.47040203841495126, 0.5433047126172346]",112,-1
5178,[0.39995982 0.56656069],51,11,"[0.39234234203399093, 0.5489540807322599]",112,72
5179,[0.40601741 0.49006328],51,53,"[0.3771044042788204, 0.4722281085909072]",112,72
5180,[0.43871672 0.58454271],51,1,"[0.4254611998702779, 0.6260428590068665]",112,72
5181,[0.43776355 0.58914848],51,1,"[0.4254611998702779, 0.6260428590068665]",112,72
5182,[0.46889919 0.51777298],51,8,"[0.47040203841495126, 0.5433047126172346]",112,-1
5183,[0.41513294 0.54494868],51,11,"[0.39234234203399093, 0.5489540807322599]",112,72
5184,[0.38981675 0.52494104],51,11,"[0.39234234203399093, 0.5489540807322599]",-1,-1
5185,[0.45122919 0.47573513],51,2,"[0.4451682216738327, 0.4665045826425144]",112,72
5186,[0.42774113 0.57804708],51,11,"[0.39234234203399093, 0.5489540807322599]",112,72
5187,[0.4412653  0.58756313],51,1,"[0.4254611998702779, 0.6260428590068665]",112,72
5188,[0.47423581 0.53699227],51,8,"[0.47040203841495126, 0.5433047126172346]",112,72
5189,[0.44182346 0.62410278],51,1,"[0.4254611998702779, 0.6260428590068665]",112,-1
5190,[0.425974   0.53472909],51,11,"[0.39234234203399093, 0.5489540807322599]",112,72
5191,[0.40734292 0.47919516],51,53,"[0.3771044042788204, 0.4722281085909072]",112,72
5192,[0.37668817 0.59763653],51,99,"[0.3648028013992237, 0.5971623021773774]",112,-1
5193,[0.45219125 0.59926791],51,1,"[0.4254611998702779, 0.6260428590068665]",112,-1
5194,[0.4069699 0.5964492],51,1,"[0.4254611998702779, 0.6260428590068665]",112,-1
5195,[0.40919491 0.58089838],51,11,"[0.39234234203399093, 0.5489540807322599]",112,72
5196,[0.38474692 0.50391197],51,53,"[0.3771044042788204, 0.4722281085909072]",112,-1
5197,[0.46309097 0.56397044],51,8,"[0.47040203841495126, 0.5433047126172346]",112,60
5198,[0.49151111 0.53707478],51,8,"[0.47040203841495126, 0.5433047126172346]",112,-1
5199,[0.39131318 0.58121442],51,99,"[0.3648028013992237, 0.5971623021773774]",112,-1
5200,[0.66760201 0.82280059],52,52,"[0.6555268282654955, 0.8492024110319594]",48,14
5201,[0.73351519 0.81155696],52,32,"[0.7372052186587957, 0.8250395123718929]",48,-1
5202,[0.68764962 0.77341185],52,10,"[0.6888975182522787, 0.7695304266244736]",48,-1
5203,[0.68587714 0.83480789],52,52,"[0.6555268282654955, 0.8492024110319594]",48,-1
5204,[0.69090737 0.86366541],52,52,"[0.6555268282654955, 0.8492024110319594]",-1,-1
5205,[0.69631772 0.84861106],52,52,"[0.6555268282654955, 0.8492024110319594]",48,-1
5206,[0.64871505 0.84438033],52,52,"[0.6555268282654955, 0.8492024110319594]",48,-1
5207,[0.65707819 0.77668306],52,10,"[0.6888975182522787, 0.7695304266244736]",48,14
5208,[0.65306174 0.84864359],52,52,"[0.6555268282654955, 0.8492024110319594]",-1,-1
5209,[0.68513429 0.82215017],52,52,"[0.6555268282654955, 0.8492024110319594]",48,14
5210,[0.60855072 0.77935085],52,56,"[0.6249916856709978, 0.8077006051335125]",-1,-1
5211,[0.73246988 0.77587979],52,10,"[0.6888975182522787, 0.7695304266244736]",48,-1
5212,[0.63862026 0.81820703],52,56,"[0.6249916856709978, 0.8077006051335125]",-1,-1
5213,[0.66558644 0.85232288],52,52,"[0.6555268282654955, 0.8492024110319594]",48,-1
5214,[0.66161257 0.80247992],52,56,"[0.6249916856709978, 0.8077006051335125]",48,14
5215,[0.68563263 0.78209053],52,10,"[0.6888975182522787, 0.7695304266244736]",48,-1
5216,[0.67785031 0.80981202],52,10,"[0.6888975182522787, 0.7695304266244736]",48,14
5217,[0.69443286 0.81283836],52,10,"[0.6888975182522787, 0.7695304266244736]",48,14
5218,[0.66270675 0.79310822],52,10,"[0.6888975182522787, 0.7695304266244736]",48,14
5219,[0.63189261 0.85607345],52,52,"[0.6555268282654955, 0.8492024110319594]",-1,-1
5220,[0.65259956 0.86312274],52,52,"[0.6555268282654955, 0.8492024110319594]",-1,-1
5221,[0.71108359 0.92488539],52,90,"[0.7333429288044403, 0.8887256367902243]",-1,-1
5222,[0.7178453  0.83547018],52,32,"[0.7372052186587957, 0.8250395123718929]",48,-1
5223,[0.70072645 0.84591944],52,32,"[0.7372052186587957, 0.8250395123718929]",48,-1
5224,[0.66228002 0.7965137 ],52,10,"[0.6888975182522787, 0.7695304266244736]",48,14
5225,[0.72847291 0.84690831],52,32,"[0.7372052186587957, 0.8250395123718929]",48,-1
5226,[0.63859134 0.87320876],52,52,"[0.6555268282654955, 0.8492024110319594]",-1,-1
5227,[0.66149902 0.80921982],52,56,"[0.6249916856709978, 0.8077006051335125]",48,14
5228,[0.70473781 0.84651493],52,32,"[0.7372052186587957, 0.8250395123718929]",48,11
5229,[0.65557588 0.83395778],52,52,"[0.6555268282654955, 0.8492024110319594]",48,-1
5230,[0.6884192  0.87918161],52,52,"[0.6555268282654955, 0.8492024110319594]",-1,-1
5231,[0.71340883 0.83195412],52,32,"[0.7372052186587957, 0.8250395123718929]",48,11
5232,[0.71351881 0.850495  ],52,32,"[0.7372052186587957, 0.8250395123718929]",48,11
5233,[0.72061061 0.87716578],52,90,"[0.7333429288044403, 0.8887256367902243]",-1,-1
5234,[0.72549241 0.88569014],52,90,"[0.7333429288044403, 0.8887256367902243]",-1,-1
5235,[0.67208359 0.75168131],52,10,"[0.6888975182522787, 0.7695304266244736]",48,22
5236,[0.67782675 0.90856929],52,90,"[0.7333429288044403, 0.8887256367902243]",-1,-1
5237,[0.6585423  0.84325435],52,52,"[0.6555268282654955, 0.8492024110319594]",48,-1
5238,[0.68482782 0.8122182 ],52,10,"[0.6888975182522787, 0.7695304266244736]",48,14
5239,[0.7376995  0.80176301],52,32,"[0.7372052186587957, 0.8250395123718929]",48,-1
5240,[0.68875321 0.8516793 ],52,52,"[0.6555268282654955, 0.8492024110319594]",48,-1
5241,[0.726999   0.70736594],52,14,"[0.740019801793262, 0.7124846396853769]",48,9
5242,[0.69859338 0.87372829],52,90,"[0.7333429288044403, 0.8887256367902243]",-1,-1
5243,[0.71171126 0.83155801],52,32,"[0.7372052186587957, 0.8250395123718929]",48,11
5244,[0.63566472 0.84297371],52,52,"[0.6555268282654955, 0.8492024110319594]",48,-1
5245,[0.69936902 0.8538714 ],52,52,"[0.6555268282654955, 0.8492024110319594]",48,-1
5246,[0.68021428 0.81705506],52,52,"[0.6555268282654955, 0.8492024110319594]",48,14
5247,[0.6331057  0.87245956],52,52,"[0.6555268282654955, 0.8492024110319594]",-1,-1
5248,[0.69141147 0.77316773],52,10,"[0.6888975182522787, 0.7695304266244736]",48,22
5249,[0.6190695  0.83310521],52,56,"[0.6249916856709978, 0.8077006051335125]",48,-1
5250,[0.68410228 0.89542726],52,90,"[0.7333429288044403, 0.8887256367902243]",-1,-1
5251,[0.72373881 0.80682662],52,32,"[0.7372052186587957, 0.8250395123718929]",48,-1
5252,[0.67157989 0.83821705],52,52,"[0.6555268282654955, 0.8492024110319594]",48,14
5253,[0.63353268 0.80333351],52,56,"[0.6249916856709978, 0.8077006051335125]",-1,-1
5254,[0.7458895  0.83870893],52,32,"[0.7372052186587957, 0.8250395123718929]",-1,-1
5255,[0.75550609 0.83467876],52,32,"[0.7372052186587957, 0.8250395123718929]",48,-1
5256,[0.66048183 0.80137082],52,56,"[0.6249916856709978, 0.8077006051335125]",48,14
5257,[0.66966387 0.84624679],52,52,"[0.6555268282654955, 0.8492024110319594]",48,-1
5258,[0.70308966 0.86423812],52,90,"[0.7333429288044403, 0.8887256367902243]",-1,-1
5259,[0.64568845 0.91549304],52,52,"[0.6555268282654955, 0.8492024110319594]",-1,-1
5260,[0.66700346 0.83120074],52,52,"[0.6555268282654955, 0.8492024110319594]",48,14
5261,[0.64660447 0.88462717],52,52,"[0.6555268282654955, 0.8492024110319594]",-1,-1
5262,[0.74358236 0.82925149],52,32,"[0.7372052186587957, 0.8250395123718929]",48,-1
5263,[0.76986011 0.84467945],52,32,"[0.7372052186587957, 0.8250395123718929]",-1,-1
5264,[0.73210331 0.8183748 ],52,32,"[0.7372052186587957, 0.8250395123718929]",48,-1
5265,[0.6734463  0.85060705],52,52,"[0.6555268282654955, 0.8492024110319594]",48,-1
5266,[0.75927772 0.84878305],52,32,"[0.7372052186587957, 0.8250395123718929]",-1,-1
5267,[0.67789364 0.82761903],52,52,"[0.6555268282654955, 0.8492024110319594]",48,14
5268,[0.71169323 0.82045917],52,32,"[0.7372052186587957, 0.8250395123718929]",-1,11
5269,[0.66167652 0.82569034],52,52,"[0.6555268282654955, 0.8492024110319594]",48,14
5270,[0.72108894 0.78595647],52,10,"[0.6888975182522787, 0.7695304266244736]",48,21
5271,[0.6304995  0.78670311],52,56,"[0.6249916856709978, 0.8077006051335125]",48,-1
5272,[0.68783862 0.86415687],52,52,"[0.6555268282654955, 0.8492024110319594]",-1,-1
5273,[0.75855844 0.82323599],52,32,"[0.7372052186587957, 0.8250395123718929]",48,-1
5274,[0.66742402 0.82519686],52,52,"[0.6555268282654955, 0.8492024110319594]",48,14
5275,[0.66836134 0.83066171],52,52,"[0.6555268282654955, 0.8492024110319594]",48,14
5276,[0.67395818 0.83115251],52,52,"[0.6555268282654955, 0.8492024110319594]",48,14
5277,[0.72320995 0.8902047 ],52,90,"[0.7333429288044403, 0.8887256367902243]",-1,-1
5278,[0.71179408 0.84992841],52,32,"[0.7372052186587957, 0.8250395123718929]",48,11
5279,[0.69122987 0.79824398],52,10,"[0.6888975182522787, 0.7695304266244736]",48,-1
5280,[0.67408196 0.90610157],52,52,"[0.6555268282654955, 0.8492024110319594]",-1,-1
5281,[0.65561582 0.76923597],52,10,"[0.6888975182522787, 0.7695304266244736]",48,-1
5282,[0.69701547 0.79659614],52,10,"[0.6888975182522787, 0.7695304266244736]",48,-1
5283,[0.75695154 0.83357995],52,32,"[0.7372052186587957, 0.8250395123718929]",-1,-1
5284,[0.65383166 0.82435526],52,52,"[0.6555268282654955, 0.8492024110319594]",48,-1
5285,[0.72682488 0.81694747],52,32,"[0.7372052186587957, 0.8250395123718929]",48,-1
5286,[0.71471075 0.78645817],52,10,"[0.6888975182522787, 0.7695304266244736]",48,-1
5287,[0.71043115 0.80376732],52,32,"[0.7372052186587957, 0.8250395123718929]",48,-1
5288,[0.66112745 0.81169537],52,56,"[0.6249916856709978, 0.8077006051335125]",48,14
5289,[0.67921051 0.83294387],52,52,"[0.6555268282654955, 0.8492024110319594]",48,14
5290,[0.71202667 0.83752202],52,32,"[0.7372052186587957, 0.8250395123718929]",48,11
5291,[0.70860725 0.83195336],52,32,"[0.7372052186587957, 0.8250395123718929]",48,11
5292,[0.70513955 0.86856547],52,90,"[0.7333429288044403, 0.8887256367902243]",-1,-1
5293,[0.64890368 0.86411659],52,52,"[0.6555268282654955, 0.8492024110319594]",-1,-1
5294,[0.67961067 0.87598531],52,52,"[0.6555268282654955, 0.8492024110319594]",-1,-1
5295,[0.68919436 0.84219525],52,52,"[0.6555268282654955, 0.8492024110319594]",48,-1
5296,[0.67692404 0.87658739],52,52,"[0.6555268282654955, 0.8492024110319594]",-1,-1
5297,[0.67875844 0.80088727],52,10,"[0.6888975182522787, 0.7695304266244736]",48,-1
5298,[0.74713917 0.76516289],52,14,"[0.740019801793262, 0.7124846396853769]",48,-1
5299,[0.70145144 0.77355739],52,10,"[0.6888975182522787, 0.7695304266244736]",48,22
5300,[0.3728054  0.66072064],53,51,"[0.3380449223959843, 0.6548082883119133]",112,-1
5301,[0.36603298 0.61869092],53,99,"[0.3648028013992237, 0.5971623021773774]",112,-1
5302,[0.47138183 0.56109934],53,8,"[0.47040203841495126, 0.5433047126172346]",112,60
5303,[0.33484949 0.67109916],53,51,"[0.3380449223959843, 0.6548082883119133]",112,-1
5304,[0.33995573 0.6224347 ],53,51,"[0.3380449223959843, 0.6548082883119133]",-1,-1
5305,[0.35822124 0.63376705],53,51,"[0.3380449223959843, 0.6548082883119133]",112,-1
5306,[0.33364049 0.66546069],53,51,"[0.3380449223959843, 0.6548082883119133]",-1,-1
5307,[0.37183164 0.62528937],53,99,"[0.3648028013992237, 0.5971623021773774]",112,-1
5308,[0.37300993 0.60643981],53,99,"[0.3648028013992237, 0.5971623021773774]",-1,-1
5309,[0.37563678 0.65630469],53,51,"[0.3380449223959843, 0.6548082883119133]",112,-1
5310,[0.33797047 0.63524507],53,51,"[0.3380449223959843, 0.6548082883119133]",-1,-1
5311,[0.40251392 0.57648529],53,11,"[0.39234234203399093, 0.5489540807322599]",112,72
5312,[0.39234467 0.55170329],53,11,"[0.39234234203399093, 0.5489540807322599]",112,-1
5313,[0.38979665 0.67225416],53,51,"[0.3380449223959843, 0.6548082883119133]",112,66
5314,[0.4759047  0.58770033],53,8,"[0.47040203841495126, 0.5433047126172346]",112,-1
5315,[0.39756176 0.59234058],53,99,"[0.3648028013992237, 0.5971623021773774]",112,72
5316,[0.34489384 0.60269701],53,99,"[0.3648028013992237, 0.5971623021773774]",-1,-1
5317,[0.37446752 0.58981538],53,99,"[0.3648028013992237, 0.5971623021773774]",112,-1
5318,[0.37376834 0.57539745],53,99,"[0.3648028013992237, 0.5971623021773774]",112,-1
5319,[0.45333441 0.68426783],53,48,"[0.45117785646922254, 0.7079436468031785]",-1,-1
5320,[0.33332905 0.57545833],53,99,"[0.3648028013992237, 0.5971623021773774]",-1,-1
5321,[0.35804335 0.5952966 ],53,99,"[0.3648028013992237, 0.5971623021773774]",112,-1
5322,[0.4516125  0.59186814],53,1,"[0.4254611998702779, 0.6260428590068665]",112,61
5323,[0.39726734 0.67567861],53,28,"[0.3665533604727163, 0.7224000836333309]",112,66
5324,[0.39280376 0.62254606],53,1,"[0.4254611998702779, 0.6260428590068665]",112,72
5325,[0.33814929 0.52137462],53,94,"[0.33191161120142837, 0.5109127972526102]",21,-1
5326,[0.4505956  0.66718593],53,48,"[0.45117785646922254, 0.7079436468031785]",112,-1
5327,[0.36832795 0.58587014],53,99,"[0.3648028013992237, 0.5971623021773774]",-1,-1
5328,[0.39861054 0.60710337],53,1,"[0.4254611998702779, 0.6260428590068665]",112,72
5329,[0.37578734 0.65522203],53,51,"[0.3380449223959843, 0.6548082883119133]",112,-1
5330,[0.41206801 0.61102751],53,1,"[0.4254611998702779, 0.6260428590068665]",112,72
5331,[0.39549241 0.5912211 ],53,99,"[0.3648028013992237, 0.5971623021773774]",112,72
5332,[0.44720531 0.64681632],53,1,"[0.4254611998702779, 0.6260428590068665]",112,-1
5333,[0.38016447 0.59241021],53,99,"[0.3648028013992237, 0.5971623021773774]",112,-1
5334,[0.39182455 0.57761496],53,11,"[0.39234234203399093, 0.5489540807322599]",112,72
5335,[0.35064297 0.60446977],53,99,"[0.3648028013992237, 0.5971623021773774]",112,-1
5336,[0.37630949 0.67959195],53,28,"[0.3665533604727163, 0.7224000836333309]",112,66
5337,[0.40573734 0.56806974],53,11,"[0.39234234203399093, 0.5489540807322599]",112,72
5338,[0.40946957 0.62001978],53,1,"[0.4254611998702779, 0.6260428590068665]",112,72
5339,[0.43156004 0.62223165],53,1,"[0.4254611998702779, 0.6260428590068665]",112,-1
5340,[0.40956402 0.55451124],53,11,"[0.39234234203399093, 0.5489540807322599]",112,72
5341,[0.39338201 0.58184974],53,99,"[0.3648028013992237, 0.5971623021773774]",112,72
5342,[0.32930414 0.66870719],53,51,"[0.3380449223959843, 0.6548082883119133]",112,-1
5343,[0.34567043 0.54102036],53,94,"[0.33191161120142837, 0.5109127972526102]",-1,-1
5344,[0.381702   0.62335566],53,99,"[0.3648028013992237, 0.5971623021773774]",112,72
5345,[0.40542903 0.63232606],53,1,"[0.4254611998702779, 0.6260428590068665]",112,72
5346,[0.31776163 0.58607379],53,99,"[0.3648028013992237, 0.5971623021773774]",-1,-1
5347,[0.28909969 0.63461506],53,51,"[0.3380449223959843, 0.6548082883119133]",-1,-1
5348,[0.3881956  0.65489998],53,1,"[0.4254611998702779, 0.6260428590068665]",112,-1
5349,[0.40192624 0.54344502],53,11,"[0.39234234203399093, 0.5489540807322599]",112,72
5350,[0.36617143 0.6435492 ],53,51,"[0.3380449223959843, 0.6548082883119133]",-1,-1
5351,[0.41944283 0.5889121 ],53,1,"[0.4254611998702779, 0.6260428590068665]",112,72
5352,[0.37755981 0.5666976 ],53,11,"[0.39234234203399093, 0.5489540807322599]",112,-1
5353,[0.38659141 0.67573883],53,28,"[0.3665533604727163, 0.7224000836333309]",112,66
5354,[0.36990415 0.60174694],53,99,"[0.3648028013992237, 0.5971623021773774]",112,-1
5355,[0.36193766 0.6787451 ],53,51,"[0.3380449223959843, 0.6548082883119133]",112,66
5356,[0.34114191 0.64252066],53,51,"[0.3380449223959843, 0.6548082883119133]",-1,-1
5357,[0.39368272 0.64830153],53,1,"[0.4254611998702779, 0.6260428590068665]",112,-1
5358,[0.36327896 0.63559389],53,51,"[0.3380449223959843, 0.6548082883119133]",112,-1
5359,[0.40590616 0.57343868],53,11,"[0.39234234203399093, 0.5489540807322599]",112,72
5360,[0.40248072 0.57619732],53,11,"[0.39234234203399093, 0.5489540807322599]",112,72
5361,[0.37931509 0.58710335],53,99,"[0.3648028013992237, 0.5971623021773774]",112,-1
5362,[0.43153713 0.61160774],53,1,"[0.4254611998702779, 0.6260428590068665]",112,72
5363,[0.40958298 0.66487772],53,1,"[0.4254611998702779, 0.6260428590068665]",112,-1
5364,[0.39324171 0.66874917],53,1,"[0.4254611998702779, 0.6260428590068665]",112,66
5365,[0.39811159 0.62368505],53,1,"[0.4254611998702779, 0.6260428590068665]",112,72
5366,[0.36392699 0.59852492],53,99,"[0.3648028013992237, 0.5971623021773774]",112,-1
5367,[0.35910559 0.6298666 ],53,51,"[0.3380449223959843, 0.6548082883119133]",112,-1
5368,[0.39001703 0.60598504],53,99,"[0.3648028013992237, 0.5971623021773774]",112,72
5369,[0.40242336 0.60533366],53,1,"[0.4254611998702779, 0.6260428590068665]",112,72
5370,[0.39876988 0.62305912],53,1,"[0.4254611998702779, 0.6260428590068665]",112,72
5371,[0.38932903 0.56247151],53,11,"[0.39234234203399093, 0.5489540807322599]",112,-1
5372,[0.30651674 0.63073253],53,51,"[0.3380449223959843, 0.6548082883119133]",-1,-1
5373,[0.42050057 0.60389431],53,1,"[0.4254611998702779, 0.6260428590068665]",112,72
5374,[0.38068163 0.67918425],53,28,"[0.3665533604727163, 0.7224000836333309]",112,66
5375,[0.3884855  0.60400843],53,99,"[0.3648028013992237, 0.5971623021773774]",112,-1
5376,[0.41379986 0.56796585],53,11,"[0.39234234203399093, 0.5489540807322599]",112,72
5377,[0.38217869 0.62387868],53,99,"[0.3648028013992237, 0.5971623021773774]",112,72
5378,[0.3901305  0.67968986],53,28,"[0.3665533604727163, 0.7224000836333309]",112,66
5379,[0.47465916 0.55321838],53,8,"[0.47040203841495126, 0.5433047126172346]",112,60
5380,[0.40505095 0.65309337],53,1,"[0.4254611998702779, 0.6260428590068665]",112,-1
5381,[0.38128517 0.57772225],53,99,"[0.3648028013992237, 0.5971623021773774]",112,-1
5382,[0.39455968 0.63135368],53,1,"[0.4254611998702779, 0.6260428590068665]",112,72
5383,[0.38603666 0.64334742],53,1,"[0.4254611998702779, 0.6260428590068665]",112,72
5384,[0.38545447 0.59632845],53,99,"[0.3648028013992237, 0.5971623021773774]",112,-1
5385,[0.36849048 0.59640421],53,99,"[0.3648028013992237, 0.5971623021773774]",112,-1
5386,[0.37981087 0.55988519],53,11,"[0.39234234203399093, 0.5489540807322599]",112,-1
5387,[0.31875708 0.63738117],53,51,"[0.3380449223959843, 0.6548082883119133]",-1,-1
5388,[0.36175027 0.62528762],53,99,"[0.3648028013992237, 0.5971623021773774]",112,-1
5389,[0.39550733 0.66799695],53,1,"[0.4254611998702779, 0.6260428590068665]",112,66
5390,[0.37724666 0.53973539],53,11,"[0.39234234203399093, 0.5489540807322599]",112,-1
5391,[0.3678969  0.62981282],53,99,"[0.3648028013992237, 0.5971623021773774]",112,-1
5392,[0.3550534  0.60451187],53,99,"[0.3648028013992237, 0.5971623021773774]",112,-1
5393,[0.34863749 0.69975311],53,28,"[0.3665533604727163, 0.7224000836333309]",112,59
5394,[0.41148835 0.5868302 ],53,1,"[0.4254611998702779, 0.6260428590068665]",112,-1
5395,[0.35304043 0.63046042],53,51,"[0.3380449223959843, 0.6548082883119133]",-1,-1
5396,[0.39560082 0.56872813],53,11,"[0.39234234203399093, 0.5489540807322599]",112,72
5397,[0.31948629 0.59533278],53,99,"[0.3648028013992237, 0.5971623021773774]",-1,-1
5398,[0.34562825 0.61802013],53,99,"[0.3648028013992237, 0.5971623021773774]",-1,-1
5399,[0.3983358  0.57395121],53,11,"[0.39234234203399093, 0.5489540807322599]",112,72
5400,[0.72700954 0.6354773 ],54,98,"[0.7549998211822101, 0.6206025452438064]",-1,-1
5401,[0.70711974 0.56794713],54,46,"[0.7242081221498112, 0.5411748041333581]",42,-1
5402,[0.72622316 0.58400465],54,88,"[0.6919063737144913, 0.6049803399865432]",42,-1
5403,[0.72838193 0.69210584],54,14,"[0.740019801793262, 0.7124846396853769]",48,9
5404,[0.67585809 0.59926142],54,88,"[0.6919063737144913, 0.6049803399865432]",-1,-1
5405,[0.64805991 0.64418427],54,49,"[0.7003976871461259, 0.6659991324849905]",-1,-1
5406,[0.75823449 0.62840339],54,98,"[0.7549998211822101, 0.6206025452438064]",29,-1
5407,[0.77383906 0.64247427],54,98,"[0.7549998211822101, 0.6206025452438064]",-1,-1
5408,[0.66555765 0.6990299 ],54,31,"[0.6283100186299069, 0.6976202951749496]",48,15
5409,[0.70366575 0.63265727],54,88,"[0.6919063737144913, 0.6049803399865432]",-1,-1
5410,[0.74219753 0.65268848],54,98,"[0.7549998211822101, 0.6206025452438064]",-1,-1
5411,[0.72255909 0.61065567],54,88,"[0.6919063737144913, 0.6049803399865432]",-1,-1
5412,[0.73173494 0.57762692],54,46,"[0.7242081221498112, 0.5411748041333581]",42,-1
5413,[0.70333373 0.62372204],54,88,"[0.6919063737144913, 0.6049803399865432]",37,-1
5414,[0.66223521 0.59610124],54,88,"[0.6919063737144913, 0.6049803399865432]",-1,-1
5415,[0.7232634  0.70270997],54,14,"[0.740019801793262, 0.7124846396853769]",48,9
5416,[0.77120956 0.66608665],54,98,"[0.7549998211822101, 0.6206025452438064]",35,-1
5417,[0.72180543 0.5751094 ],54,46,"[0.7242081221498112, 0.5411748041333581]",42,-1
5418,[0.7585045  0.62635962],54,98,"[0.7549998211822101, 0.6206025452438064]",29,-1
5419,[0.80672587 0.54828175],54,29,"[0.7896146962697053, 0.5004587368894428]",-1,-1
5420,[0.74604745 0.65867887],54,98,"[0.7549998211822101, 0.6206025452438064]",-1,-1
5421,[0.74390388 0.58403063],54,98,"[0.7549998211822101, 0.6206025452438064]",42,-1
5422,[0.72007621 0.65751749],54,49,"[0.7003976871461259, 0.6659991324849905]",48,10
5423,[0.71108673 0.6833808 ],54,49,"[0.7003976871461259, 0.6659991324849905]",48,10
5424,[0.76212972 0.6220461 ],54,98,"[0.7549998211822101, 0.6206025452438064]",29,-1
5425,[0.73633384 0.63128519],54,98,"[0.7549998211822101, 0.6206025452438064]",-1,-1
5426,[0.62710491 0.67353263],54,31,"[0.6283100186299069, 0.6976202951749496]",33,-1
5427,[0.66435429 0.66618792],54,49,"[0.7003976871461259, 0.6659991324849905]",34,-1
5428,[0.70215668 0.62923109],54,88,"[0.6919063737144913, 0.6049803399865432]",37,-1
5429,[0.69015228 0.63740919],54,49,"[0.7003976871461259, 0.6659991324849905]",45,-1
5430,[0.64271646 0.56772465],54,88,"[0.6919063737144913, 0.6049803399865432]",-1,-1
5431,[0.72354034 0.60801953],54,88,"[0.6919063737144913, 0.6049803399865432]",37,-1
5432,[0.73013358 0.67275032],54,49,"[0.7003976871461259, 0.6659991324849905]",48,-1
5433,[0.68548913 0.56213977],54,88,"[0.6919063737144913, 0.6049803399865432]",-1,-1
5434,[0.71644278 0.66609884],54,49,"[0.7003976871461259, 0.6659991324849905]",48,10
5435,[0.68431804 0.68423481],54,49,"[0.7003976871461259, 0.6659991324849905]",-1,-1
5436,[0.76005703 0.66063199],54,98,"[0.7549998211822101, 0.6206025452438064]",-1,-1
5437,[0.75023754 0.57727137],54,98,"[0.7549998211822101, 0.6206025452438064]",-1,-1
5438,[0.66537668 0.63812246],54,88,"[0.6919063737144913, 0.6049803399865432]",-1,-1
5439,[0.72429537 0.66115177],54,49,"[0.7003976871461259, 0.6659991324849905]",48,10
5440,[0.64444016 0.56268126],54,88,"[0.6919063737144913, 0.6049803399865432]",-1,-1
5441,[0.66994122 0.58752076],54,88,"[0.6919063737144913, 0.6049803399865432]",-1,-1
5442,[0.74716162 0.56950464],54,46,"[0.7242081221498112, 0.5411748041333581]",-1,-1
5443,[0.69350099 0.66165346],54,49,"[0.7003976871461259, 0.6659991324849905]",48,-1
5444,[0.71909842 0.52332678],54,46,"[0.7242081221498112, 0.5411748041333581]",112,32
5445,[0.70913023 0.60443218],54,88,"[0.6919063737144913, 0.6049803399865432]",-1,-1
5446,[0.74957548 0.62047074],54,98,"[0.7549998211822101, 0.6206025452438064]",29,-1
5447,[0.71944968 0.66705198],54,49,"[0.7003976871461259, 0.6659991324849905]",48,10
5448,[0.73672787 0.66918804],54,49,"[0.7003976871461259, 0.6659991324849905]",48,-1
5449,[0.70316441 0.65203882],54,49,"[0.7003976871461259, 0.6659991324849905]",-1,-1
5450,[0.71317914 0.57845449],54,88,"[0.6919063737144913, 0.6049803399865432]",42,-1
5451,[0.69949562 0.60739017],54,88,"[0.6919063737144913, 0.6049803399865432]",-1,-1
5452,[0.79846303 0.62080478],54,98,"[0.7549998211822101, 0.6206025452438064]",-1,-1
5453,[0.71990106 0.65399136],54,49,"[0.7003976871461259, 0.6659991324849905]",48,10
5454,[0.72622533 0.63066345],54,98,"[0.7549998211822101, 0.6206025452438064]",-1,-1
5455,[0.73934953 0.58938765],54,98,"[0.7549998211822101, 0.6206025452438064]",42,-1
5456,[0.69159624 0.60978333],54,88,"[0.6919063737144913, 0.6049803399865432]",-1,-1
5457,[0.68705415 0.63693304],54,49,"[0.7003976871461259, 0.6659991324849905]",45,-1
5458,[0.68641144 0.7345542 ],54,10,"[0.6888975182522787, 0.7695304266244736]",48,-1
5459,[0.76013259 0.65363766],54,98,"[0.7549998211822101, 0.6206025452438064]",-1,-1
5460,[0.64844329 0.61701232],54,88,"[0.6919063737144913, 0.6049803399865432]",-1,-1
5461,[0.63206972 0.58159227],54,64,"[0.5798719244027237, 0.6152041816619239]",-1,-1
5462,[0.68947099 0.64677302],54,49,"[0.7003976871461259, 0.6659991324849905]",45,-1
5463,[0.71308544 0.62130222],54,88,"[0.6919063737144913, 0.6049803399865432]",37,-1
5464,[0.68866023 0.68020668],54,49,"[0.7003976871461259, 0.6659991324849905]",48,-1
5465,[0.75055862 0.6212762 ],54,98,"[0.7549998211822101, 0.6206025452438064]",29,-1
5466,[0.70820889 0.67502934],54,49,"[0.7003976871461259, 0.6659991324849905]",48,10
5467,[0.69357988 0.64720491],54,49,"[0.7003976871461259, 0.6659991324849905]",45,-1
5468,[0.76950686 0.68695866],54,14,"[0.740019801793262, 0.7124846396853769]",-1,-1
5469,[0.6682381  0.67326908],54,49,"[0.7003976871461259, 0.6659991324849905]",-1,-1
5470,[0.68531021 0.60857025],54,88,"[0.6919063737144913, 0.6049803399865432]",-1,-1
5471,[0.71212844 0.65618362],54,49,"[0.7003976871461259, 0.6659991324849905]",48,10
5472,[0.70724405 0.68023583],54,49,"[0.7003976871461259, 0.6659991324849905]",48,10
5473,[0.72040166 0.64996845],54,49,"[0.7003976871461259, 0.6659991324849905]",48,10
5474,[0.72503494 0.63317894],54,98,"[0.7549998211822101, 0.6206025452438064]",-1,-1
5475,[0.69498875 0.62133502],54,88,"[0.6919063737144913, 0.6049803399865432]",37,-1
5476,[0.71712669 0.61423556],54,88,"[0.6919063737144913, 0.6049803399865432]",37,-1
5477,[0.76461946 0.63838614],54,98,"[0.7549998211822101, 0.6206025452438064]",29,-1
5478,[0.73232912 0.60279483],54,98,"[0.7549998211822101, 0.6206025452438064]",-1,-1
5479,[0.71658166 0.59205797],54,88,"[0.6919063737144913, 0.6049803399865432]",-1,-1
5480,[0.73142205 0.61591061],54,98,"[0.7549998211822101, 0.6206025452438064]",-1,-1
5481,[0.74373192 0.6550092 ],54,98,"[0.7549998211822101, 0.6206025452438064]",-1,-1
5482,[0.64594174 0.63447552],54,88,"[0.6919063737144913, 0.6049803399865432]",-1,-1
5483,[0.72323297 0.65632291],54,49,"[0.7003976871461259, 0.6659991324849905]",48,10
5484,[0.7335862 0.6467725],54,98,"[0.7549998211822101, 0.6206025452438064]",-1,-1
5485,[0.69348511 0.6203214 ],54,88,"[0.6919063737144913, 0.6049803399865432]",37,-1
5486,[0.68142399 0.61607278],54,88,"[0.6919063737144913, 0.6049803399865432]",-1,-1
5487,[0.6891115  0.61719611],54,88,"[0.6919063737144913, 0.6049803399865432]",37,-1
5488,[0.75402784 0.69986838],54,14,"[0.740019801793262, 0.7124846396853769]",48,-1
5489,[0.69547857 0.58193975],54,88,"[0.6919063737144913, 0.6049803399865432]",-1,-1
5490,[0.72288322 0.576717  ],54,46,"[0.7242081221498112, 0.5411748041333581]",42,-1
5491,[0.7487793  0.55118484],54,46,"[0.7242081221498112, 0.5411748041333581]",-1,-1
5492,[0.74508553 0.59858099],54,98,"[0.7549998211822101, 0.6206025452438064]",-1,-1
5493,[0.75905483 0.63680996],54,98,"[0.7549998211822101, 0.6206025452438064]",29,-1
5494,[0.77742277 0.60487592],54,98,"[0.7549998211822101, 0.6206025452438064]",-1,-1
5495,[0.71266312 0.64907799],54,49,"[0.7003976871461259, 0.6659991324849905]",48,10
5496,[0.69871494 0.70635166],54,49,"[0.7003976871461259, 0.6659991324849905]",48,18
5497,[0.67506158 0.60587063],54,88,"[0.6919063737144913, 0.6049803399865432]",-1,-1
5498,[0.73411131 0.65681969],54,49,"[0.7003976871461259, 0.6659991324849905]",48,10
5499,[0.71237117 0.62595198],54,88,"[0.6919063737144913, 0.6049803399865432]",37,-1
5500,[0.70063997 0.29399231],55,0,"[0.6718634683454, 0.284181654083953]",112,80
5501,[0.7028257 0.3515647],55,9,"[0.7400409662228525, 0.324036995192541]",112,-1
5502,[0.80997667 0.29234026],55,93,"[0.8601410762052295, 0.27849515424672083]",-1,-1
5503,[0.69944128 0.25912963],55,0,"[0.6718634683454, 0.284181654083953]",112,80
5504,[0.66748703 0.32292501],55,0,"[0.6718634683454, 0.284181654083953]",112,80
5505,[0.72732205 0.29305465],55,9,"[0.7400409662228525, 0.324036995192541]",112,-1
5506,[0.66130329 0.32791434],55,4,"[0.621879023183751, 0.3152829127139686]",112,80
5507,[0.68663855 0.30535264],55,0,"[0.6718634683454, 0.284181654083953]",112,80
5508,[0.74621058 0.26069449],55,12,"[0.7527256969797409, 0.25319450872866317]",112,80
5509,[0.72168582 0.24886318],55,12,"[0.7527256969797409, 0.25319450872866317]",112,80
5510,[0.69661723 0.32090872],55,9,"[0.7400409662228525, 0.324036995192541]",112,80
5511,[0.69786865 0.30542389],55,0,"[0.6718634683454, 0.284181654083953]",112,-1
5512,[0.68796382 0.29713215],55,0,"[0.6718634683454, 0.284181654083953]",112,80
5513,[0.65710277 0.28784036],55,0,"[0.6718634683454, 0.284181654083953]",112,80
5514,[0.72056262 0.32272186],55,9,"[0.7400409662228525, 0.324036995192541]",112,76
5515,[0.80305334 0.23597174],55,38,"[0.829987911377383, 0.2268834587852568]",112,-1
5516,[0.69106321 0.32106985],55,0,"[0.6718634683454, 0.284181654083953]",112,-1
5517,[0.74529375 0.31227988],55,9,"[0.7400409662228525, 0.324036995192541]",112,76
5518,[0.77147534 0.32119011],55,9,"[0.7400409662228525, 0.324036995192541]",112,-1
5519,[0.75451776 0.30462821],55,9,"[0.7400409662228525, 0.324036995192541]",112,-1
5520,[0.76584404 0.31294624],55,9,"[0.7400409662228525, 0.324036995192541]",112,-1
5521,[0.76532655 0.37838043],55,37,"[0.7430889106835223, 0.4145167779633026]",-1,-1
5522,[0.72695758 0.30224093],55,9,"[0.7400409662228525, 0.324036995192541]",112,80
5523,[0.75240651 0.24855103],55,12,"[0.7527256969797409, 0.25319450872866317]",112,80
5524,[0.80416728 0.31096723],55,93,"[0.8601410762052295, 0.27849515424672083]",-1,-1
5525,[0.74269529 0.32785429],55,9,"[0.7400409662228525, 0.324036995192541]",112,76
5526,[0.75505279 0.30890668],55,9,"[0.7400409662228525, 0.324036995192541]",112,-1
5527,[0.69553369 0.22539699],55,19,"[0.7145100801879051, 0.21082941063088514]",112,-1
5528,[0.74061004 0.30808491],55,9,"[0.7400409662228525, 0.324036995192541]",112,76
5529,[0.64718061 0.29203945],55,0,"[0.6718634683454, 0.284181654083953]",112,80
5530,[0.69742549 0.38564477],55,37,"[0.7430889106835223, 0.4145167779633026]",112,-1
5531,[0.69141002 0.29961566],55,0,"[0.6718634683454, 0.284181654083953]",112,80
5532,[0.72405817 0.23989544],55,19,"[0.7145100801879051, 0.21082941063088514]",112,-1
5533,[0.73334429 0.27949979],55,12,"[0.7527256969797409, 0.25319450872866317]",112,80
5534,[0.70116737 0.29906666],55,0,"[0.6718634683454, 0.284181654083953]",112,80
5535,[0.73496092 0.32533332],55,9,"[0.7400409662228525, 0.324036995192541]",112,76
5536,[0.71665023 0.29333913],55,9,"[0.7400409662228525, 0.324036995192541]",112,80
5537,[0.70096015 0.35627704],55,9,"[0.7400409662228525, 0.324036995192541]",112,-1
5538,[0.70647578 0.20977603],55,19,"[0.7145100801879051, 0.21082941063088514]",112,-1
5539,[0.62771461 0.24705082],55,7,"[0.6005437719733706, 0.22857083174818627]",112,80
5540,[0.74045508 0.37885189],55,37,"[0.7430889106835223, 0.4145167779633026]",-1,-1
5541,[0.69836592 0.28212686],55,0,"[0.6718634683454, 0.284181654083953]",112,80
5542,[0.71234355 0.36589782],55,9,"[0.7400409662228525, 0.324036995192541]",112,-1
5543,[0.75538403 0.32480312],55,9,"[0.7400409662228525, 0.324036995192541]",112,-1
5544,[0.73026712 0.32132657],55,9,"[0.7400409662228525, 0.324036995192541]",112,76
5545,[0.6907081  0.27452751],55,0,"[0.6718634683454, 0.284181654083953]",112,80
5546,[0.78185494 0.32924629],55,9,"[0.7400409662228525, 0.324036995192541]",-1,-1
5547,[0.69805314 0.33033598],55,9,"[0.7400409662228525, 0.324036995192541]",112,-1
5548,[0.70275881 0.28459167],55,0,"[0.6718634683454, 0.284181654083953]",112,80
5549,[0.70381566 0.32282872],55,9,"[0.7400409662228525, 0.324036995192541]",112,-1
5550,[0.67511657 0.3188294 ],55,0,"[0.6718634683454, 0.284181654083953]",112,80
5551,[0.70457263 0.27233932],55,0,"[0.6718634683454, 0.284181654083953]",112,80
5552,[0.68879879 0.35584222],55,9,"[0.7400409662228525, 0.324036995192541]",112,-1
5553,[0.67904464 0.31681934],55,0,"[0.6718634683454, 0.284181654083953]",112,80
5554,[0.79484804 0.27078915],55,12,"[0.7527256969797409, 0.25319450872866317]",-1,-1
5555,[0.7291529  0.30079219],55,9,"[0.7400409662228525, 0.324036995192541]",112,-1
5556,[0.6682016  0.27275364],55,0,"[0.6718634683454, 0.284181654083953]",112,80
5557,[0.70817961 0.29807983],55,0,"[0.6718634683454, 0.284181654083953]",112,80
5558,[0.71161743 0.28265996],55,0,"[0.6718634683454, 0.284181654083953]",112,80
5559,[0.75063623 0.31158686],55,9,"[0.7400409662228525, 0.324036995192541]",112,76
5560,[0.73520311 0.29154278],55,9,"[0.7400409662228525, 0.324036995192541]",112,-1
5561,[0.75098518 0.34878387],55,9,"[0.7400409662228525, 0.324036995192541]",110,58
5562,[0.71441323 0.24711545],55,19,"[0.7145100801879051, 0.21082941063088514]",112,80
5563,[0.73328514 0.27459001],55,12,"[0.7527256969797409, 0.25319450872866317]",112,80
5564,[0.74583361 0.32090082],55,9,"[0.7400409662228525, 0.324036995192541]",112,76
5565,[0.73396247 0.29545849],55,9,"[0.7400409662228525, 0.324036995192541]",112,-1
5566,[0.75844356 0.31822832],55,9,"[0.7400409662228525, 0.324036995192541]",112,76
5567,[0.64866174 0.21677251],55,41,"[0.6450181792213053, 0.1803494340129729]",112,-1
5568,[0.79327717 0.34530531],55,33,"[0.8161259009459738, 0.38225031357083966]",-1,-1
5569,[0.72805407 0.25905409],55,12,"[0.7527256969797409, 0.25319450872866317]",112,80
5570,[0.73114843 0.24072307],55,12,"[0.7527256969797409, 0.25319450872866317]",112,-1
5571,[0.76032394 0.34139599],55,9,"[0.7400409662228525, 0.324036995192541]",110,-1
5572,[0.76643177 0.24414059],55,12,"[0.7527256969797409, 0.25319450872866317]",112,-1
5573,[0.69492327 0.29995505],55,0,"[0.6718634683454, 0.284181654083953]",112,80
5574,[0.61963679 0.34647157],55,4,"[0.621879023183751, 0.3152829127139686]",-1,-1
5575,[0.69251777 0.26450177],55,0,"[0.6718634683454, 0.284181654083953]",112,80
5576,[0.80818468 0.29734416],55,93,"[0.8601410762052295, 0.27849515424672083]",-1,-1
5577,[0.70629766 0.34450947],55,9,"[0.7400409662228525, 0.324036995192541]",112,-1
5578,[0.678444   0.26629273],55,0,"[0.6718634683454, 0.284181654083953]",112,80
5579,[0.71761832 0.32910658],55,9,"[0.7400409662228525, 0.324036995192541]",112,-1
5580,[0.68021864 0.30239711],55,0,"[0.6718634683454, 0.284181654083953]",112,80
5581,[0.65908278 0.28944637],55,0,"[0.6718634683454, 0.284181654083953]",112,80
5582,[0.69686775 0.28052379],55,0,"[0.6718634683454, 0.284181654083953]",112,80
5583,[0.67840483 0.26233646],55,0,"[0.6718634683454, 0.284181654083953]",112,80
5584,[0.76079855 0.26607204],55,12,"[0.7527256969797409, 0.25319450872866317]",112,80
5585,[0.69536568 0.2793385 ],55,0,"[0.6718634683454, 0.284181654083953]",112,80
5586,[0.66192174 0.27962655],55,0,"[0.6718634683454, 0.284181654083953]",112,80
5587,[0.69121071 0.23787295],55,19,"[0.7145100801879051, 0.21082941063088514]",112,80
5588,[0.69487621 0.25456192],55,0,"[0.6718634683454, 0.284181654083953]",112,80
5589,[0.71112465 0.29073569],55,0,"[0.6718634683454, 0.284181654083953]",112,80
5590,[0.7414284  0.27195435],55,12,"[0.7527256969797409, 0.25319450872866317]",112,80
5591,[0.72183974 0.30476597],55,9,"[0.7400409662228525, 0.324036995192541]",112,-1
5592,[0.73621539 0.34737329],55,9,"[0.7400409662228525, 0.324036995192541]",110,-1
5593,[0.70238286 0.29563609],55,0,"[0.6718634683454, 0.284181654083953]",112,80
5594,[0.71423667 0.30177526],55,9,"[0.7400409662228525, 0.324036995192541]",112,80
5595,[0.74734228 0.27993585],55,12,"[0.7527256969797409, 0.25319450872866317]",112,-1
5596,[0.6740487  0.29215116],55,0,"[0.6718634683454, 0.284181654083953]",112,80
5597,[0.73832096 0.36050769],55,9,"[0.7400409662228525, 0.324036995192541]",110,58
5598,[0.67525498 0.36613354],55,5,"[0.6450318820843447, 0.4074212796508608]",112,-1
5599,[0.65742595 0.34692098],55,4,"[0.621879023183751, 0.3152829127139686]",112,80
5600,[0.30714545 0.26273483],56,20,"[0.33994633114074657, 0.26920062338349254]",-1,-1
5601,[0.33353941 0.21044855],56,54,"[0.30468739666036593, 0.22018864942906555]",112,51
5602,[0.34110536 0.21374378],56,54,"[0.30468739666036593, 0.22018864942906555]",112,51
5603,[0.34341396 0.24374399],56,20,"[0.33994633114074657, 0.26920062338349254]",112,-1
5604,[0.34018111 0.17022734],56,55,"[0.3459077460087649, 0.15794172531040296]",112,-1
5605,[0.35988644 0.2569543 ],56,20,"[0.33994633114074657, 0.26920062338349254]",112,-1
5606,[0.40692842 0.1870309 ],56,16,"[0.3922781621956629, 0.20389538485907233]",-1,-1
5607,[0.31825804 0.20345516],56,54,"[0.30468739666036593, 0.22018864942906555]",112,-1
5608,[0.3585294  0.17524413],56,55,"[0.3459077460087649, 0.15794172531040296]",112,-1
5609,[0.35816204 0.2040974 ],56,16,"[0.3922781621956629, 0.20389538485907233]",112,-1
5610,[0.36321414 0.21129591],56,16,"[0.3922781621956629, 0.20389538485907233]",112,-1
5611,[0.31860749 0.19796692],56,54,"[0.30468739666036593, 0.22018864942906555]",112,-1
5612,[0.36338506 0.20466281],56,16,"[0.3922781621956629, 0.20389538485907233]",112,50
5613,[0.29348567 0.2630336 ],56,54,"[0.30468739666036593, 0.22018864942906555]",112,43
5614,[0.37136239 0.22110632],56,16,"[0.3922781621956629, 0.20389538485907233]",112,50
5615,[0.3490805  0.20426674],56,16,"[0.3922781621956629, 0.20389538485907233]",-1,-1
5616,[0.27814603 0.21497514],56,54,"[0.30468739666036593, 0.22018864942906555]",-1,-1
5617,[0.33602043 0.21483999],56,54,"[0.30468739666036593, 0.22018864942906555]",112,51
5618,[0.25247874 0.2269764 ],56,58,"[0.23587849952508277, 0.1945277456030734]",-1,-1
5619,[0.32525315 0.19580056],56,54,"[0.30468739666036593, 0.22018864942906555]",112,-1
5620,[0.28475249 0.24035263],56,54,"[0.30468739666036593, 0.22018864942906555]",112,-1
5621,[0.28280245 0.26213493],56,54,"[0.30468739666036593, 0.22018864942906555]",112,43
5622,[0.32209824 0.18858094],56,54,"[0.30468739666036593, 0.22018864942906555]",112,-1
5623,[0.3045597  0.25042046],56,54,"[0.30468739666036593, 0.22018864942906555]",112,-1
5624,[0.33586113 0.24591196],56,20,"[0.33994633114074657, 0.26920062338349254]",112,51
5625,[0.354223   0.27516544],56,20,"[0.33994633114074657, 0.26920062338349254]",112,-1
5626,[0.31438075 0.25259085],56,20,"[0.33994633114074657, 0.26920062338349254]",112,-1
5627,[0.30825473 0.13302013],56,35,"[0.2755048470763658, 0.14107016212345297]",70,-1
5628,[0.38503541 0.21712355],56,16,"[0.3922781621956629, 0.20389538485907233]",112,-1
5629,[0.35492788 0.28719203],56,20,"[0.33994633114074657, 0.26920062338349254]",112,-1
5630,[0.37305308 0.21455378],56,16,"[0.3922781621956629, 0.20389538485907233]",112,-1
5631,[0.39499803 0.21915243],56,16,"[0.3922781621956629, 0.20389538485907233]",112,49
5632,[0.40363847 0.21171071],56,16,"[0.3922781621956629, 0.20389538485907233]",112,-1
5633,[0.32422911 0.2059107 ],56,54,"[0.30468739666036593, 0.22018864942906555]",112,-1
5634,[0.43997564 0.20470373],56,16,"[0.3922781621956629, 0.20389538485907233]",-1,-1
5635,[0.38860948 0.21942842],56,16,"[0.3922781621956629, 0.20389538485907233]",112,-1
5636,[0.32787056 0.22169969],56,54,"[0.30468739666036593, 0.22018864942906555]",112,-1
5637,[0.31400274 0.15570666],56,55,"[0.3459077460087649, 0.15794172531040296]",112,-1
5638,[0.33874404 0.22824877],56,54,"[0.30468739666036593, 0.22018864942906555]",112,51
5639,[0.31281867 0.19486526],56,54,"[0.30468739666036593, 0.22018864942906555]",-1,-1
5640,[0.32898024 0.28289927],56,20,"[0.33994633114074657, 0.26920062338349254]",-1,-1
5641,[0.4214862  0.18400194],56,16,"[0.3922781621956629, 0.20389538485907233]",112,-1
5642,[0.34473249 0.16252813],56,55,"[0.3459077460087649, 0.15794172531040296]",-1,-1
5643,[0.33759418 0.14636209],56,55,"[0.3459077460087649, 0.15794172531040296]",112,-1
5644,[0.40154838 0.2589002 ],56,47,"[0.41917741489762755, 0.2753980840246735]",112,47
5645,[0.37299698 0.19982659],56,16,"[0.3922781621956629, 0.20389538485907233]",112,-1
5646,[0.38776526 0.20627231],56,16,"[0.3922781621956629, 0.20389538485907233]",112,-1
5647,[0.28140531 0.23522089],56,54,"[0.30468739666036593, 0.22018864942906555]",112,-1
5648,[0.36273127 0.15146575],56,55,"[0.3459077460087649, 0.15794172531040296]",112,-1
5649,[0.29229972 0.19876323],56,54,"[0.30468739666036593, 0.22018864942906555]",98,36
5650,[0.34426188 0.20096192],56,55,"[0.3459077460087649, 0.15794172531040296]",112,-1
5651,[0.27991706 0.24113319],56,54,"[0.30468739666036593, 0.22018864942906555]",112,-1
5652,[0.33254828 0.21701098],56,54,"[0.30468739666036593, 0.22018864942906555]",112,51
5653,[0.26960517 0.23904996],56,54,"[0.30468739666036593, 0.22018864942906555]",-1,-1
5654,[0.40952564 0.30151901],56,47,"[0.41917741489762755, 0.2753980840246735]",112,37
5655,[0.33668079 0.23356473],56,54,"[0.30468739666036593, 0.22018864942906555]",112,-1
5656,[0.32601397 0.15338463],56,55,"[0.3459077460087649, 0.15794172531040296]",112,-1
5657,[0.25823514 0.16574532],56,35,"[0.2755048470763658, 0.14107016212345297]",112,35
5658,[0.3407387  0.22320323],56,54,"[0.30468739666036593, 0.22018864942906555]",112,51
5659,[0.27155051 0.26147933],56,54,"[0.30468739666036593, 0.22018864942906555]",-1,-1
5660,[0.33548749 0.17409822],56,55,"[0.3459077460087649, 0.15794172531040296]",112,46
5661,[0.37531705 0.19055026],56,16,"[0.3922781621956629, 0.20389538485907233]",112,-1
5662,[0.41758273 0.1569332 ],56,59,"[0.43749823478518224, 0.14217622255190823]",81,-1
5663,[0.35114903 0.22911962],56,20,"[0.33994633114074657, 0.26920062338349254]",112,-1
5664,[0.34001459 0.151299  ],56,55,"[0.3459077460087649, 0.15794172531040296]",-1,-1
5665,[0.36990811 0.22954878],56,16,"[0.3922781621956629, 0.20389538485907233]",112,50
5666,[0.30696172 0.15206359],56,35,"[0.2755048470763658, 0.14107016212345297]",112,-1
5667,[0.3798155  0.26734113],56,20,"[0.33994633114074657, 0.26920062338349254]",-1,-1
5668,[0.35705846 0.1921863 ],56,55,"[0.3459077460087649, 0.15794172531040296]",112,-1
5669,[0.28465629 0.25327658],56,54,"[0.30468739666036593, 0.22018864942906555]",112,43
5670,[0.39608441 0.25580252],56,47,"[0.41917741489762755, 0.2753980840246735]",112,47
5671,[0.32477831 0.23885316],56,54,"[0.30468739666036593, 0.22018864942906555]",112,-1
5672,[0.406395  0.2254255],56,16,"[0.3922781621956629, 0.20389538485907233]",112,-1
5673,[0.30170146 0.16175089],56,35,"[0.2755048470763658, 0.14107016212345297]",112,-1
5674,[0.36279708 0.20749209],56,16,"[0.3922781621956629, 0.20389538485907233]",112,-1
5675,[0.34751268 0.22480824],56,54,"[0.30468739666036593, 0.22018864942906555]",112,51
5676,[0.33600744 0.23737467],56,20,"[0.33994633114074657, 0.26920062338349254]",112,51
5677,[0.31467106 0.14368086],56,55,"[0.3459077460087649, 0.15794172531040296]",112,-1
5678,[0.40408262 0.27090116],56,47,"[0.41917741489762755, 0.2753980840246735]",-1,-1
5679,[0.32650907 0.22462649],56,54,"[0.30468739666036593, 0.22018864942906555]",112,-1
5680,[0.23370889 0.19170195],56,58,"[0.23587849952508277, 0.1945277456030734]",-1,-1
5681,[0.36953439 0.29070596],56,20,"[0.33994633114074657, 0.26920062338349254]",112,-1
5682,[0.32363779 0.19570955],56,54,"[0.30468739666036593, 0.22018864942906555]",112,-1
5683,[0.3007559  0.29278056],56,20,"[0.33994633114074657, 0.26920062338349254]",-1,-1
5684,[0.39648084 0.21717728],56,16,"[0.3922781621956629, 0.20389538485907233]",112,49
5685,[0.41264214 0.22864044],56,16,"[0.3922781621956629, 0.20389538485907233]",112,-1
5686,[0.35929376 0.22445641],56,16,"[0.3922781621956629, 0.20389538485907233]",112,50
5687,[0.35863501 0.26068706],56,20,"[0.33994633114074657, 0.26920062338349254]",112,-1
5688,[0.34040911 0.25457072],56,20,"[0.33994633114074657, 0.26920062338349254]",112,-1
5689,[0.27321619 0.15089174],56,35,"[0.2755048470763658, 0.14107016212345297]",112,35
5690,[0.3690078  0.19936036],56,16,"[0.3922781621956629, 0.20389538485907233]",112,-1
5691,[0.38206558 0.22412667],56,16,"[0.3922781621956629, 0.20389538485907233]",112,-1
5692,[0.37289335 0.19536271],56,16,"[0.3922781621956629, 0.20389538485907233]",112,-1
5693,[0.39046167 0.25233846],56,47,"[0.41917741489762755, 0.2753980840246735]",112,47
5694,[0.33703658 0.22749874],56,54,"[0.30468739666036593, 0.22018864942906555]",112,51
5695,[0.34767974 0.23581591],56,20,"[0.33994633114074657, 0.26920062338349254]",112,-1
5696,[0.33162805 0.2973809 ],56,20,"[0.33994633114074657, 0.26920062338349254]",-1,-1
5697,[0.41212901 0.33286773],56,34,"[0.4470179228154517, 0.33644420436777783]",112,-1
5698,[0.36036877 0.18622718],56,55,"[0.3459077460087649, 0.15794172531040296]",112,-1
5699,[0.3232407  0.23073566],56,54,"[0.30468739666036593, 0.22018864942906555]",112,-1
5700,[0.76664906 0.73903127],57,14,"[0.740019801793262, 0.7124846396853769]",25,-1
5701,[0.76168617 0.76834718],57,14,"[0.740019801793262, 0.7124846396853769]",13,-1
5702,[0.63951889 0.82761248],57,56,"[0.6249916856709978, 0.8077006051335125]",48,-1
5703,[0.70870759 0.68144706],57,49,"[0.7003976871461259, 0.6659991324849905]",48,10
5704,[0.74101438 0.77001182],57,10,"[0.6888975182522787, 0.7695304266244736]",48,-1
5705,[0.63168282 0.74232953],57,31,"[0.6283100186299069, 0.6976202951749496]",-1,-1
5706,[0.70194974 0.80530761],57,10,"[0.6888975182522787, 0.7695304266244736]",48,-1
5707,[0.68915822 0.76655241],57,10,"[0.6888975182522787, 0.7695304266244736]",48,22
5708,[0.70298557 0.72940223],57,14,"[0.740019801793262, 0.7124846396853769]",48,-1
5709,[0.69914941 0.76905381],57,10,"[0.6888975182522787, 0.7695304266244736]",48,22
5710,[0.70611892 0.73711318],57,10,"[0.6888975182522787, 0.7695304266244736]",48,22
5711,[0.72256086 0.73712917],57,14,"[0.740019801793262, 0.7124846396853769]",48,22
5712,[0.78192212 0.74233837],57,14,"[0.740019801793262, 0.7124846396853769]",-1,-1
5713,[0.7273057  0.79041912],57,32,"[0.7372052186587957, 0.8250395123718929]",48,21
5714,[0.71082221 0.75148824],57,10,"[0.6888975182522787, 0.7695304266244736]",48,-1
5715,[0.73408857 0.74085476],57,14,"[0.740019801793262, 0.7124846396853769]",48,22
5716,[0.70357695 0.77829974],57,10,"[0.6888975182522787, 0.7695304266244736]",48,-1
5717,[0.72463282 0.7535427 ],57,10,"[0.6888975182522787, 0.7695304266244736]",-1,-1
5718,[0.70947417 0.79823264],57,10,"[0.6888975182522787, 0.7695304266244736]",48,-1
5719,[0.69076459 0.62997473],57,88,"[0.6919063737144913, 0.6049803399865432]",-1,-1
5720,[0.6789043  0.76072439],57,10,"[0.6888975182522787, 0.7695304266244736]",48,-1
5721,[0.72891462 0.73934768],57,14,"[0.740019801793262, 0.7124846396853769]",48,-1
5722,[0.70601809 0.74442451],57,10,"[0.6888975182522787, 0.7695304266244736]",48,22
5723,[0.69457229 0.72900282],57,10,"[0.6888975182522787, 0.7695304266244736]",48,-1
5724,[0.69392914 0.76654601],57,10,"[0.6888975182522787, 0.7695304266244736]",48,22
5725,[0.77368902 0.72112023],57,14,"[0.740019801793262, 0.7124846396853769]",-1,-1
5726,[0.69416741 0.79016441],57,10,"[0.6888975182522787, 0.7695304266244736]",48,-1
5727,[0.671235  0.7394193],57,10,"[0.6888975182522787, 0.7695304266244736]",48,-1
5728,[0.70846198 0.70998389],57,14,"[0.740019801793262, 0.7124846396853769]",48,-1
5729,[0.70432358 0.79421555],57,10,"[0.6888975182522787, 0.7695304266244736]",48,-1
5730,[0.7806436  0.80604829],57,71,"[0.8239319737253928, 0.802271356169174]",-1,-1
5731,[0.75681758 0.78199663],57,32,"[0.7372052186587957, 0.8250395123718929]",-1,-1
5732,[0.765071   0.71790006],57,14,"[0.740019801793262, 0.7124846396853769]",-1,-1
5733,[0.73647473 0.70395564],57,14,"[0.740019801793262, 0.7124846396853769]",48,-1
5734,[0.71033935 0.77550202],57,10,"[0.6888975182522787, 0.7695304266244736]",48,-1
5735,[0.67898042 0.76898418],57,10,"[0.6888975182522787, 0.7695304266244736]",48,-1
5736,[0.67841315 0.78189503],57,10,"[0.6888975182522787, 0.7695304266244736]",48,-1
5737,[0.72327089 0.7781458 ],57,10,"[0.6888975182522787, 0.7695304266244736]",48,21
5738,[0.67134287 0.7140524 ],57,31,"[0.6283100186299069, 0.6976202951749496]",-1,-1
5739,[0.71130455 0.76110758],57,10,"[0.6888975182522787, 0.7695304266244736]",48,-1
5740,[0.68712767 0.76936471],57,10,"[0.6888975182522787, 0.7695304266244736]",48,22
5741,[0.67599302 0.7560919 ],57,10,"[0.6888975182522787, 0.7695304266244736]",48,22
5742,[0.69134121 0.79108364],57,10,"[0.6888975182522787, 0.7695304266244736]",48,-1
5743,[0.70045295 0.66788116],57,49,"[0.7003976871461259, 0.6659991324849905]",48,-1
5744,[0.72208329 0.7140129 ],57,14,"[0.740019801793262, 0.7124846396853769]",48,-1
5745,[0.69473343 0.74116851],57,10,"[0.6888975182522787, 0.7695304266244736]",48,22
5746,[0.75470698 0.80023945],57,32,"[0.7372052186587957, 0.8250395123718929]",-1,-1
5747,[0.71514866 0.71775082],57,14,"[0.740019801793262, 0.7124846396853769]",48,-1
5748,[0.75143446 0.75719155],57,14,"[0.740019801793262, 0.7124846396853769]",-1,-1
5749,[0.72959144 0.75143112],57,14,"[0.740019801793262, 0.7124846396853769]",48,-1
5750,[0.75111653 0.67349896],57,14,"[0.740019801793262, 0.7124846396853769]",-1,-1
5751,[0.70810766 0.76407037],57,10,"[0.6888975182522787, 0.7695304266244736]",48,-1
5752,[0.67849096 0.72948812],57,10,"[0.6888975182522787, 0.7695304266244736]",48,-1
5753,[0.65554689 0.77687307],57,10,"[0.6888975182522787, 0.7695304266244736]",48,14
5754,[0.76364111 0.73912675],57,14,"[0.740019801793262, 0.7124846396853769]",25,-1
5755,[0.71268794 0.77056577],57,10,"[0.6888975182522787, 0.7695304266244736]",48,-1
5756,[0.69658921 0.71477786],57,14,"[0.740019801793262, 0.7124846396853769]",48,18
5757,[0.6911645  0.74904523],57,10,"[0.6888975182522787, 0.7695304266244736]",48,22
5758,[0.72978131 0.72365169],57,14,"[0.740019801793262, 0.7124846396853769]",-1,-1
5759,[0.75688835 0.77616029],57,32,"[0.7372052186587957, 0.8250395123718929]",-1,-1
5760,[0.64734978 0.73893752],57,31,"[0.6283100186299069, 0.6976202951749496]",48,-1
5761,[0.69428545 0.75910437],57,10,"[0.6888975182522787, 0.7695304266244736]",48,22
5762,[0.72394578 0.77825375],57,10,"[0.6888975182522787, 0.7695304266244736]",48,21
5763,[0.74439578 0.70186998],57,14,"[0.740019801793262, 0.7124846396853769]",48,9
5764,[0.66977633 0.81129721],57,52,"[0.6555268282654955, 0.8492024110319594]",48,14
5765,[0.70338771 0.69773477],57,49,"[0.7003976871461259, 0.6659991324849905]",48,-1
5766,[0.69510109 0.79909102],57,10,"[0.6888975182522787, 0.7695304266244736]",48,-1
5767,[0.78564784 0.75150405],57,14,"[0.740019801793262, 0.7124846396853769]",-1,-1
5768,[0.7072458  0.77446181],57,10,"[0.6888975182522787, 0.7695304266244736]",48,22
5769,[0.698871   0.76486597],57,10,"[0.6888975182522787, 0.7695304266244736]",48,22
5770,[0.76741607 0.68000259],57,14,"[0.740019801793262, 0.7124846396853769]",35,-1
5771,[0.74052482 0.73555619],57,14,"[0.740019801793262, 0.7124846396853769]",-1,-1
5772,[0.70560216 0.73941034],57,10,"[0.6888975182522787, 0.7695304266244736]",48,-1
5773,[0.73054263 0.76561231],57,10,"[0.6888975182522787, 0.7695304266244736]",-1,-1
5774,[0.74262799 0.75894977],57,14,"[0.740019801793262, 0.7124846396853769]",48,22
5775,[0.74298407 0.77010697],57,10,"[0.6888975182522787, 0.7695304266244736]",48,-1
5776,[0.79165243 0.72657785],57,14,"[0.740019801793262, 0.7124846396853769]",-1,-1
5777,[0.63183071 0.77553055],57,56,"[0.6249916856709978, 0.8077006051335125]",48,-1
5778,[0.722285   0.77557015],57,10,"[0.6888975182522787, 0.7695304266244736]",48,-1
5779,[0.69850696 0.7505169 ],57,10,"[0.6888975182522787, 0.7695304266244736]",48,22
5780,[0.72758416 0.73665212],57,14,"[0.740019801793262, 0.7124846396853769]",48,-1
5781,[0.70541604 0.74249862],57,10,"[0.6888975182522787, 0.7695304266244736]",48,-1
5782,[0.74994114 0.7147616 ],57,14,"[0.740019801793262, 0.7124846396853769]",48,-1
5783,[0.6877905  0.73829702],57,10,"[0.6888975182522787, 0.7695304266244736]",48,-1
5784,[0.61724596 0.76552564],57,56,"[0.6249916856709978, 0.8077006051335125]",-1,-1
5785,[0.7068306  0.85398882],57,32,"[0.7372052186587957, 0.8250395123718929]",48,11
5786,[0.70393739 0.79059526],57,10,"[0.6888975182522787, 0.7695304266244736]",48,-1
5787,[0.66765574 0.75220552],57,10,"[0.6888975182522787, 0.7695304266244736]",48,22
5788,[0.69418316 0.75009117],57,10,"[0.6888975182522787, 0.7695304266244736]",48,22
5789,[0.70006947 0.81502802],57,32,"[0.7372052186587957, 0.8250395123718929]",48,-1
5790,[0.70450038 0.7899703 ],57,10,"[0.6888975182522787, 0.7695304266244736]",48,-1
5791,[0.74357332 0.78195899],57,32,"[0.7372052186587957, 0.8250395123718929]",-1,-1
5792,[0.74897669 0.80411134],57,32,"[0.7372052186587957, 0.8250395123718929]",-1,-1
5793,[0.74449239 0.71925237],57,14,"[0.740019801793262, 0.7124846396853769]",-1,-1
5794,[0.68776846 0.70657023],57,49,"[0.7003976871461259, 0.6659991324849905]",48,18
5795,[0.73198391 0.79433598],57,32,"[0.7372052186587957, 0.8250395123718929]",48,-1
5796,[0.73474396 0.75843823],57,14,"[0.740019801793262, 0.7124846396853769]",48,22
5797,[0.78748001 0.72275937],57,14,"[0.740019801793262, 0.7124846396853769]",-1,-1
5798,[0.77015724 0.76350475],57,14,"[0.740019801793262, 0.7124846396853769]",13,-1
5799,[0.73799253 0.70890639],57,14,"[0.740019801793262, 0.7124846396853769]",48,-1
5800,[0.75641531 0.69999858],58,14,"[0.740019801793262, 0.7124846396853769]",48,-1
5801,[0.72892999 0.69360345],58,14,"[0.740019801793262, 0.7124846396853769]",48,9
5802,[0.73729009 0.68981395],58,14,"[0.740019801793262, 0.7124846396853769]",48,-1
5803,[0.66216279 0.62410116],58,88,"[0.6919063737144913, 0.6049803399865432]",-1,-1
5804,[0.7325341 0.6536568],58,49,"[0.7003976871461259, 0.6659991324849905]",48,10
5805,[0.75564428 0.64393716],58,98,"[0.7549998211822101, 0.6206025452438064]",29,-1
5806,[0.77372443 0.67513296],58,14,"[0.740019801793262, 0.7124846396853769]",35,-1
5807,[0.72204179 0.61286771],58,88,"[0.6919063737144913, 0.6049803399865432]",-1,-1
5808,[0.74320903 0.68130445],58,14,"[0.740019801793262, 0.7124846396853769]",48,-1
5809,[0.68470216 0.64958253],58,49,"[0.7003976871461259, 0.6659991324849905]",45,-1
5810,[0.68593969 0.67090656],58,49,"[0.7003976871461259, 0.6659991324849905]",48,-1
5811,[0.70501924 0.66297734],58,49,"[0.7003976871461259, 0.6659991324849905]",48,-1
5812,[0.68516711 0.64072827],58,49,"[0.7003976871461259, 0.6659991324849905]",45,-1
5813,[0.74432396 0.76649616],58,14,"[0.740019801793262, 0.7124846396853769]",48,-1
5814,[0.70839879 0.72375199],58,14,"[0.740019801793262, 0.7124846396853769]",48,-1
5815,[0.78921506 0.68016199],58,91,"[0.828011210436571, 0.6678014172277419]",-1,-1
5816,[0.71090551 0.67624443],58,49,"[0.7003976871461259, 0.6659991324849905]",48,10
5817,[0.65907919 0.63948402],58,88,"[0.6919063737144913, 0.6049803399865432]",34,-1
5818,[0.75860023 0.71538016],58,14,"[0.740019801793262, 0.7124846396853769]",48,-1
5819,[0.77828819 0.70502076],58,14,"[0.740019801793262, 0.7124846396853769]",-1,-1
5820,[0.75811979 0.62303271],58,98,"[0.7549998211822101, 0.6206025452438064]",29,-1
5821,[0.76197257 0.70679516],58,14,"[0.740019801793262, 0.7124846396853769]",48,-1
5822,[0.80010304 0.64007488],58,91,"[0.828011210436571, 0.6678014172277419]",-1,-1
5823,[0.71775718 0.67482732],58,49,"[0.7003976871461259, 0.6659991324849905]",48,10
5824,[0.75628259 0.69047527],58,14,"[0.740019801793262, 0.7124846396853769]",-1,-1
5825,[0.7744561  0.67641838],58,14,"[0.740019801793262, 0.7124846396853769]",35,-1
5826,[0.71320288 0.62408558],58,88,"[0.6919063737144913, 0.6049803399865432]",37,-1
5827,[0.71994882 0.64122941],58,49,"[0.7003976871461259, 0.6659991324849905]",48,-1
5828,[0.68224365 0.68804437],58,49,"[0.7003976871461259, 0.6659991324849905]",-1,-1
5829,[0.67557589 0.62869907],58,88,"[0.6919063737144913, 0.6049803399865432]",-1,-1
5830,[0.72739679 0.69972994],58,14,"[0.740019801793262, 0.7124846396853769]",48,9
5831,[0.74593065 0.68969988],58,14,"[0.740019801793262, 0.7124846396853769]",48,-1
5832,[0.70730605 0.69426182],58,49,"[0.7003976871461259, 0.6659991324849905]",-1,-1
5833,[0.72481826 0.72913636],58,14,"[0.740019801793262, 0.7124846396853769]",48,-1
5834,[0.76963972 0.57107284],58,98,"[0.7549998211822101, 0.6206025452438064]",-1,-1
5835,[0.7465047  0.58520212],58,98,"[0.7549998211822101, 0.6206025452438064]",42,-1
5836,[0.7254274  0.63598769],58,98,"[0.7549998211822101, 0.6206025452438064]",-1,-1
5837,[0.73897271 0.67525779],58,14,"[0.740019801793262, 0.7124846396853769]",48,-1
5838,[0.74638602 0.71796908],58,14,"[0.740019801793262, 0.7124846396853769]",48,-1
5839,[0.71778198 0.64388279],58,49,"[0.7003976871461259, 0.6659991324849905]",48,-1
5840,[0.72707604 0.69856964],58,14,"[0.740019801793262, 0.7124846396853769]",48,9
5841,[0.77455791 0.74208423],58,14,"[0.740019801793262, 0.7124846396853769]",25,-1
5842,[0.71764513 0.68225156],58,49,"[0.7003976871461259, 0.6659991324849905]",48,10
5843,[0.72519585 0.69030854],58,14,"[0.740019801793262, 0.7124846396853769]",48,9
5844,[0.66142725 0.70761352],58,31,"[0.6283100186299069, 0.6976202951749496]",48,15
5845,[0.70384524 0.62784888],58,88,"[0.6919063737144913, 0.6049803399865432]",37,-1
5846,[0.69680916 0.6932097 ],58,49,"[0.7003976871461259, 0.6659991324849905]",48,18
5847,[0.7628445  0.67902155],58,14,"[0.740019801793262, 0.7124846396853769]",35,-1
5848,[0.74244141 0.67627325],58,14,"[0.740019801793262, 0.7124846396853769]",48,-1
5849,[0.66945845 0.65346667],58,49,"[0.7003976871461259, 0.6659991324849905]",-1,-1
5850,[0.74386089 0.63188029],58,98,"[0.7549998211822101, 0.6206025452438064]",29,-1
5851,[0.76752602 0.64730765],58,98,"[0.7549998211822101, 0.6206025452438064]",29,-1
5852,[0.78978428 0.69167452],58,91,"[0.828011210436571, 0.6678014172277419]",-1,-1
5853,[0.70127027 0.66241588],58,49,"[0.7003976871461259, 0.6659991324849905]",48,-1
5854,[0.75373504 0.68608085],58,14,"[0.740019801793262, 0.7124846396853769]",-1,-1
5855,[0.76559812 0.71338338],58,14,"[0.740019801793262, 0.7124846396853769]",-1,-1
5856,[0.6579127  0.70758913],58,31,"[0.6283100186299069, 0.6976202951749496]",48,15
5857,[0.68629927 0.72380704],58,10,"[0.6888975182522787, 0.7695304266244736]",48,-1
5858,[0.72304232 0.65199158],58,49,"[0.7003976871461259, 0.6659991324849905]",48,10
5859,[0.7781205  0.65284325],58,98,"[0.7549998211822101, 0.6206025452438064]",-1,-1
5860,[0.6503373  0.68206721],58,31,"[0.6283100186299069, 0.6976202951749496]",47,-1
5861,[0.68201342 0.63930616],58,49,"[0.7003976871461259, 0.6659991324849905]",45,-1
5862,[0.75145687 0.62289451],58,98,"[0.7549998211822101, 0.6206025452438064]",29,-1
5863,[0.73300965 0.66981733],58,49,"[0.7003976871461259, 0.6659991324849905]",48,-1
5864,[0.74750124 0.69613919],58,14,"[0.740019801793262, 0.7124846396853769]",48,9
5865,[0.83282266 0.62838355],58,91,"[0.828011210436571, 0.6678014172277419]",-1,-1
5866,[0.65100084 0.62099418],58,88,"[0.6919063737144913, 0.6049803399865432]",-1,-1
5867,[0.74220663 0.63887445],58,98,"[0.7549998211822101, 0.6206025452438064]",-1,-1
5868,[0.72624798 0.69694079],58,14,"[0.740019801793262, 0.7124846396853769]",48,9
5869,[0.69549814 0.67241223],58,49,"[0.7003976871461259, 0.6659991324849905]",-1,-1
5870,[0.69092085 0.69969308],58,49,"[0.7003976871461259, 0.6659991324849905]",48,18
5871,[0.77586948 0.67068879],58,91,"[0.828011210436571, 0.6678014172277419]",35,-1
5872,[0.7749425  0.62374438],58,98,"[0.7549998211822101, 0.6206025452438064]",-1,-1
5873,[0.62320042 0.66289686],58,31,"[0.6283100186299069, 0.6976202951749496]",33,-1
5874,[0.71670536 0.67192776],58,49,"[0.7003976871461259, 0.6659991324849905]",48,10
5875,[0.68027759 0.67405028],58,49,"[0.7003976871461259, 0.6659991324849905]",48,-1
5876,[0.73556093 0.66182587],58,49,"[0.7003976871461259, 0.6659991324849905]",48,10
5877,[0.67778677 0.66469507],58,49,"[0.7003976871461259, 0.6659991324849905]",48,-1
5878,[0.71140016 0.65137275],58,49,"[0.7003976871461259, 0.6659991324849905]",48,-1
5879,[0.76222483 0.73556484],58,14,"[0.740019801793262, 0.7124846396853769]",25,-1
5880,[0.7342125 0.7024492],58,14,"[0.740019801793262, 0.7124846396853769]",48,9
5881,[0.69486431 0.68736637],58,49,"[0.7003976871461259, 0.6659991324849905]",48,-1
5882,[0.77420288 0.70089143],58,14,"[0.740019801793262, 0.7124846396853769]",-1,-1
5883,[0.67476973 0.68748834],58,49,"[0.7003976871461259, 0.6659991324849905]",48,-1
5884,[0.78989707 0.6640461 ],58,91,"[0.828011210436571, 0.6678014172277419]",-1,-1
5885,[0.74759107 0.60929091],58,98,"[0.7549998211822101, 0.6206025452438064]",-1,-1
5886,[0.66583879 0.65427581],58,49,"[0.7003976871461259, 0.6659991324849905]",34,-1
5887,[0.73900197 0.68189081],58,14,"[0.740019801793262, 0.7124846396853769]",48,-1
5888,[0.64764472 0.70105788],58,31,"[0.6283100186299069, 0.6976202951749496]",47,-1
5889,[0.73921792 0.68529205],58,14,"[0.740019801793262, 0.7124846396853769]",48,-1
5890,[0.72113871 0.70180235],58,14,"[0.740019801793262, 0.7124846396853769]",48,-1
5891,[0.70566536 0.6034875 ],58,88,"[0.6919063737144913, 0.6049803399865432]",-1,-1
5892,[0.67636218 0.66631025],58,49,"[0.7003976871461259, 0.6659991324849905]",48,-1
5893,[0.72720341 0.65806477],58,49,"[0.7003976871461259, 0.6659991324849905]",48,10
5894,[0.82063651 0.64559182],58,91,"[0.828011210436571, 0.6678014172277419]",-1,-1
5895,[0.68961175 0.64260815],58,49,"[0.7003976871461259, 0.6659991324849905]",45,-1
5896,[0.68554491 0.64740237],58,49,"[0.7003976871461259, 0.6659991324849905]",45,-1
5897,[0.70979093 0.72656982],58,14,"[0.740019801793262, 0.7124846396853769]",48,-1
5898,[0.73956369 0.70065552],58,14,"[0.740019801793262, 0.7124846396853769]",48,-1
5899,[0.70414127 0.68117544],58,49,"[0.7003976871461259, 0.6659991324849905]",48,-1
5900,[0.36994832 0.5197432 ],59,11,"[0.39234234203399093, 0.5489540807322599]",112,-1
5901,[0.53799658 0.53480376],59,8,"[0.47040203841495126, 0.5433047126172346]",-1,-1
5902,[0.51921074 0.5811387 ],59,8,"[0.47040203841495126, 0.5433047126172346]",-1,-1
5903,[0.49394824 0.476664  ],59,2,"[0.4451682216738327, 0.4665045826425144]",112,57
5904,[0.57915994 0.48975976],59,68,"[0.6059125398208416, 0.5063454320139849]",-1,-1
5905,[0.48295055 0.5065349 ],59,8,"[0.47040203841495126, 0.5433047126172346]",112,-1
5906,[0.44248014 0.52830073],59,8,"[0.47040203841495126, 0.5433047126172346]",112,-1
5907,[0.49580508 0.44889204],59,2,"[0.4451682216738327, 0.4665045826425144]",-1,-1
5908,[0.48686493 0.53259762],59,8,"[0.47040203841495126, 0.5433047126172346]",112,-1
5909,[0.53442186 0.54672806],59,8,"[0.47040203841495126, 0.5433047126172346]",49,-1
5910,[0.46610025 0.50753779],59,8,"[0.47040203841495126, 0.5433047126172346]",112,-1
5911,[0.52700085 0.55947202],59,8,"[0.47040203841495126, 0.5433047126172346]",-1,-1
5912,[0.46661673 0.48535357],59,2,"[0.4451682216738327, 0.4665045826425144]",112,57
5913,[0.45746644 0.57696389],59,8,"[0.47040203841495126, 0.5433047126172346]",112,-1
5914,[0.46214906 0.53786767],59,8,"[0.47040203841495126, 0.5433047126172346]",112,72
5915,[0.47216467 0.52680532],59,8,"[0.47040203841495126, 0.5433047126172346]",112,72
5916,[0.50315127 0.51521411],59,8,"[0.47040203841495126, 0.5433047126172346]",112,-1
5917,[0.56093944 0.54175778],59,68,"[0.6059125398208416, 0.5063454320139849]",-1,-1
5918,[0.45973905 0.52688072],59,8,"[0.47040203841495126, 0.5433047126172346]",112,72
5919,[0.43059658 0.46966761],59,2,"[0.4451682216738327, 0.4665045826425144]",112,72
5920,[0.49425724 0.50434956],59,8,"[0.47040203841495126, 0.5433047126172346]",-1,-1
5921,[0.49657875 0.4906443 ],59,2,"[0.4451682216738327, 0.4665045826425144]",-1,-1
5922,[0.46035134 0.5253493 ],59,8,"[0.47040203841495126, 0.5433047126172346]",112,72
5923,[0.55363266 0.52748327],59,68,"[0.6059125398208416, 0.5063454320139849]",-1,-1
5924,[0.51104473 0.55883151],59,8,"[0.47040203841495126, 0.5433047126172346]",49,-1
5925,[0.48541664 0.46002257],59,2,"[0.4451682216738327, 0.4665045826425144]",-1,-1
5926,[0.50288804 0.46650676],59,2,"[0.4451682216738327, 0.4665045826425144]",-1,-1
5927,[0.45618048 0.5170113 ],59,8,"[0.47040203841495126, 0.5433047126172346]",112,72
5928,[0.47840337 0.53473952],59,8,"[0.47040203841495126, 0.5433047126172346]",112,72
5929,[0.52813998 0.55369829],59,8,"[0.47040203841495126, 0.5433047126172346]",49,-1
5930,[0.47712816 0.45345092],59,2,"[0.4451682216738327, 0.4665045826425144]",-1,-1
5931,[0.49020197 0.528929  ],59,8,"[0.47040203841495126, 0.5433047126172346]",112,-1
5932,[0.43489432 0.49976225],59,2,"[0.4451682216738327, 0.4665045826425144]",112,72
5933,[0.44700695 0.52881473],59,8,"[0.47040203841495126, 0.5433047126172346]",112,72
5934,[0.50829726 0.48050366],59,2,"[0.4451682216738327, 0.4665045826425144]",112,-1
5935,[0.47115591 0.53198195],59,8,"[0.47040203841495126, 0.5433047126172346]",112,72
5936,[0.50332637 0.53767073],59,8,"[0.47040203841495126, 0.5433047126172346]",-1,-1
5937,[0.48820962 0.46669218],59,2,"[0.4451682216738327, 0.4665045826425144]",-1,-1
5938,[0.49933335 0.51287187],59,8,"[0.47040203841495126, 0.5433047126172346]",112,-1
5939,[0.43337276 0.61256189],59,1,"[0.4254611998702779, 0.6260428590068665]",112,72
5940,[0.46162411 0.52944463],59,8,"[0.47040203841495126, 0.5433047126172346]",112,72
5941,[0.56152828 0.47213957],59,50,"[0.5684163633112168, 0.42493695949350735]",-1,-1
5942,[0.58851916 0.46062748],59,50,"[0.5684163633112168, 0.42493695949350735]",-1,-1
5943,[0.513627   0.52130324],59,8,"[0.47040203841495126, 0.5433047126172346]",-1,-1
5944,[0.50290657 0.55927673],59,8,"[0.47040203841495126, 0.5433047126172346]",-1,-1
5945,[0.43640267 0.53720542],59,8,"[0.47040203841495126, 0.5433047126172346]",112,72
5946,[0.41166993 0.49057542],59,53,"[0.3771044042788204, 0.4722281085909072]",112,72
5947,[0.53729791 0.51496797],59,68,"[0.6059125398208416, 0.5063454320139849]",-1,-1
5948,[0.47172553 0.50707697],59,8,"[0.47040203841495126, 0.5433047126172346]",112,-1
5949,[0.59652502 0.54597012],59,68,"[0.6059125398208416, 0.5063454320139849]",-1,-1
5950,[0.51159716 0.54657122],59,8,"[0.47040203841495126, 0.5433047126172346]",-1,-1
5951,[0.53973686 0.58451634],59,64,"[0.5798719244027237, 0.6152041816619239]",-1,-1
5952,[0.44720307 0.51443691],59,8,"[0.47040203841495126, 0.5433047126172346]",112,72
5953,[0.5349537  0.54531549],59,8,"[0.47040203841495126, 0.5433047126172346]",49,-1
5954,[0.42669647 0.55531698],59,11,"[0.39234234203399093, 0.5489540807322599]",112,72
5955,[0.48522541 0.51296432],59,8,"[0.47040203841495126, 0.5433047126172346]",-1,-1
5956,[0.50294112 0.51686434],59,8,"[0.47040203841495126, 0.5433047126172346]",112,-1
5957,[0.50061787 0.4788597 ],59,2,"[0.4451682216738327, 0.4665045826425144]",112,-1
5958,[0.53211948 0.5502589 ],59,8,"[0.47040203841495126, 0.5433047126172346]",49,-1
5959,[0.48757758 0.47076135],59,2,"[0.4451682216738327, 0.4665045826425144]",112,-1
5960,[0.52964241 0.46914801],59,50,"[0.5684163633112168, 0.42493695949350735]",-1,-1
5961,[0.54847584 0.5448874 ],59,68,"[0.6059125398208416, 0.5063454320139849]",-1,-1
5962,[0.47172591 0.52463435],59,8,"[0.47040203841495126, 0.5433047126172346]",112,72
5963,[0.52880408 0.57700538],59,64,"[0.5798719244027237, 0.6152041816619239]",-1,-1
5964,[0.48608388 0.48186803],59,2,"[0.4451682216738327, 0.4665045826425144]",112,57
5965,[0.49543917 0.54560265],59,8,"[0.47040203841495126, 0.5433047126172346]",-1,-1
5966,[0.39821115 0.53231   ],59,11,"[0.39234234203399093, 0.5489540807322599]",112,-1
5967,[0.49864632 0.48743526],59,2,"[0.4451682216738327, 0.4665045826425144]",112,-1
5968,[0.49622929 0.52640503],59,8,"[0.47040203841495126, 0.5433047126172346]",112,-1
5969,[0.47355929 0.45798162],59,2,"[0.4451682216738327, 0.4665045826425144]",112,-1
5970,[0.4742443  0.57959749],59,8,"[0.47040203841495126, 0.5433047126172346]",-1,-1
5971,[0.52168502 0.43962111],59,50,"[0.5684163633112168, 0.42493695949350735]",-1,-1
5972,[0.47220748 0.55274058],59,8,"[0.47040203841495126, 0.5433047126172346]",112,60
5973,[0.53325622 0.45594498],59,50,"[0.5684163633112168, 0.42493695949350735]",-1,-1
5974,[0.49512726 0.51652069],59,8,"[0.47040203841495126, 0.5433047126172346]",112,-1
5975,[0.47698316 0.54064991],59,8,"[0.47040203841495126, 0.5433047126172346]",112,-1
5976,[0.41510866 0.56164678],59,11,"[0.39234234203399093, 0.5489540807322599]",112,72
5977,[0.49857012 0.47886273],59,2,"[0.4451682216738327, 0.4665045826425144]",112,57
5978,[0.45694171 0.56070946],59,8,"[0.47040203841495126, 0.5433047126172346]",112,-1
5979,[0.48251585 0.47850885],59,2,"[0.4451682216738327, 0.4665045826425144]",112,57
5980,[0.53093653 0.47453834],59,50,"[0.5684163633112168, 0.42493695949350735]",-1,-1
5981,[0.48766539 0.48591196],59,2,"[0.4451682216738327, 0.4665045826425144]",112,57
5982,[0.54385542 0.52072578],59,68,"[0.6059125398208416, 0.5063454320139849]",-1,-1
5983,[0.46851645 0.5195443 ],59,8,"[0.47040203841495126, 0.5433047126172346]",112,72
5984,[0.48007654 0.49213546],59,2,"[0.4451682216738327, 0.4665045826425144]",112,57
5985,[0.53632313 0.53914129],59,8,"[0.47040203841495126, 0.5433047126172346]",-1,-1
5986,[0.50595755 0.57758643],59,8,"[0.47040203841495126, 0.5433047126172346]",-1,-1
5987,[0.50714259 0.53053338],59,8,"[0.47040203841495126, 0.5433047126172346]",-1,-1
5988,[0.50456051 0.47716626],59,2,"[0.4451682216738327, 0.4665045826425144]",112,-1
5989,[0.53526274 0.48567438],59,50,"[0.5684163633112168, 0.42493695949350735]",-1,-1
5990,[0.53389342 0.5201209 ],59,8,"[0.47040203841495126, 0.5433047126172346]",-1,-1
5991,[0.49670952 0.51694661],59,8,"[0.47040203841495126, 0.5433047126172346]",112,-1
5992,[0.55141064 0.57571857],59,64,"[0.5798719244027237, 0.6152041816619239]",-1,-1
5993,[0.44286783 0.51960031],59,8,"[0.47040203841495126, 0.5433047126172346]",112,-1
5994,[0.50335116 0.49338611],59,8,"[0.47040203841495126, 0.5433047126172346]",-1,-1
5995,[0.44447305 0.55816126],59,8,"[0.47040203841495126, 0.5433047126172346]",112,-1
5996,[0.49936474 0.5252083 ],59,8,"[0.47040203841495126, 0.5433047126172346]",112,-1
5997,[0.4818103  0.50241878],59,8,"[0.47040203841495126, 0.5433047126172346]",112,-1
5998,[0.52624813 0.55166261],59,8,"[0.47040203841495126, 0.5433047126172346]",49,-1
5999,[0.46756903 0.44824059],59,2,"[0.4451682216738327, 0.4665045826425144]",112,-1
6000,[0.49046631 0.84954269],60,89,"[0.4881424593356583, 0.8743362179237]",-1,-1
6001,[0.49542387 0.83615506],60,89,"[0.4881424593356583, 0.8743362179237]",-1,-1
6002,[0.54818569 0.88026848],60,72,"[0.5611628060047036, 0.8693254591361465]",30,-1
6003,[0.56990003 0.87397825],60,72,"[0.5611628060047036, 0.8693254591361465]",-1,-1
6004,[0.53735316 0.7709705 ],60,75,"[0.5578508247145463, 0.8075131053511911]",-1,-1
6005,[0.50751711 0.89528826],60,89,"[0.4881424593356583, 0.8743362179237]",6,-1
6006,[0.49661957 0.85277127],60,89,"[0.4881424593356583, 0.8743362179237]",38,-1
6007,[0.55424618 0.80081649],60,75,"[0.5578508247145463, 0.8075131053511911]",19,-1
6008,[0.56643114 0.83121517],60,75,"[0.5578508247145463, 0.8075131053511911]",31,6
6009,[0.45336085 0.81328455],60,43,"[0.4600847464699888, 0.8121159369971912]",95,-1
6010,[0.60929366 0.83920037],60,56,"[0.6249916856709978, 0.8077006051335125]",-1,-1
6011,[0.48766108 0.8868141 ],60,89,"[0.4881424593356583, 0.8743362179237]",-1,-1
6012,[0.56585525 0.82637596],60,75,"[0.5578508247145463, 0.8075131053511911]",31,6
6013,[0.56443689 0.84479127],60,72,"[0.5611628060047036, 0.8693254591361465]",31,6
6014,[0.51590785 0.77407954],60,23,"[0.5302520860132256, 0.7258783520828289]",-1,-1
6015,[0.64086212 0.83223125],60,52,"[0.6555268282654955, 0.8492024110319594]",48,-1
6016,[0.51077796 0.8030401 ],60,75,"[0.5578508247145463, 0.8075131053511911]",44,-1
6017,[0.51187068 0.78464274],60,75,"[0.5578508247145463, 0.8075131053511911]",-1,-1
6018,[0.57900067 0.85370808],60,72,"[0.5611628060047036, 0.8693254591361465]",31,6
6019,[0.4819945  0.82090182],60,43,"[0.4600847464699888, 0.8121159369971912]",-1,-1
6020,[0.44462005 0.83685385],60,43,"[0.4600847464699888, 0.8121159369971912]",39,5
6021,[0.50249066 0.90147031],60,89,"[0.4881424593356583, 0.8743362179237]",-1,-1
6022,[0.62405189 0.84132175],60,52,"[0.6555268282654955, 0.8492024110319594]",48,-1
6023,[0.41784666 0.80677203],60,27,"[0.394960489486544, 0.7962465519607298]",-1,-1
6024,[0.55305331 0.80151855],60,75,"[0.5578508247145463, 0.8075131053511911]",19,-1
6025,[0.55150548 0.86216259],60,72,"[0.5611628060047036, 0.8693254591361465]",31,-1
6026,[0.4644874  0.80155786],60,43,"[0.4600847464699888, 0.8121159369971912]",-1,-1
6027,[0.52445137 0.84970282],60,72,"[0.5611628060047036, 0.8693254591361465]",-1,-1
6028,[0.41623735 0.85098982],60,43,"[0.4600847464699888, 0.8121159369971912]",-1,-1
6029,[0.47119474 0.91882102],60,89,"[0.4881424593356583, 0.8743362179237]",-1,-1
6030,[0.55804737 0.96502891],60,-1,-1,-1,-1
6031,[0.53374842 0.87917206],60,72,"[0.5611628060047036, 0.8693254591361465]",-1,-1
6032,[0.53623421 0.80241164],60,75,"[0.5578508247145463, 0.8075131053511911]",-1,-1
6033,[0.53029221 0.82561961],60,75,"[0.5578508247145463, 0.8075131053511911]",-1,-1
6034,[0.50197896 0.86812337],60,89,"[0.4881424593356583, 0.8743362179237]",38,-1
6035,[0.51571821 0.84550027],60,89,"[0.4881424593356583, 0.8743362179237]",-1,-1
6036,[0.54041736 0.88179748],60,72,"[0.5611628060047036, 0.8693254591361465]",30,-1
6037,[0.57114087 0.82905993],60,75,"[0.5578508247145463, 0.8075131053511911]",31,6
6038,[0.55792463 0.86240655],60,72,"[0.5611628060047036, 0.8693254591361465]",31,-1
6039,[0.52036602 0.88488233],60,89,"[0.4881424593356583, 0.8743362179237]",6,-1
6040,[0.49310648 0.86070327],60,89,"[0.4881424593356583, 0.8743362179237]",38,-1
6041,[0.50029625 0.89625684],60,89,"[0.4881424593356583, 0.8743362179237]",6,-1
6042,[0.55876378 0.8405285 ],60,72,"[0.5611628060047036, 0.8693254591361465]",31,6
6043,[0.55854984 0.80319735],60,75,"[0.5578508247145463, 0.8075131053511911]",19,-1
6044,[0.58063218 0.84927853],60,72,"[0.5611628060047036, 0.8693254591361465]",31,6
6045,[0.56538768 0.85572187],60,72,"[0.5611628060047036, 0.8693254591361465]",31,6
6046,[0.49223161 0.78581368],60,43,"[0.4600847464699888, 0.8121159369971912]",-1,-1
6047,[0.5080351  0.84196552],60,89,"[0.4881424593356583, 0.8743362179237]",-1,-1
6048,[0.51442352 0.86999743],60,89,"[0.4881424593356583, 0.8743362179237]",-1,-1
6049,[0.50206676 0.85543039],60,89,"[0.4881424593356583, 0.8743362179237]",38,-1
6050,[0.51268575 0.85287977],60,89,"[0.4881424593356583, 0.8743362179237]",38,-1
6051,[0.59075583 0.83966327],60,72,"[0.5611628060047036, 0.8693254591361465]",31,6
6052,[0.46738129 0.85859084],60,89,"[0.4881424593356583, 0.8743362179237]",38,5
6053,[0.46335591 0.84942022],60,89,"[0.4881424593356583, 0.8743362179237]",39,5
6054,[0.54170504 0.79005758],60,75,"[0.5578508247145463, 0.8075131053511911]",19,-1
6055,[0.55758496 0.87848592],60,72,"[0.5611628060047036, 0.8693254591361465]",-1,-1
6056,[0.49614086 0.90193832],60,89,"[0.4881424593356583, 0.8743362179237]",-1,-1
6057,[0.54271073 0.83670683],60,75,"[0.5578508247145463, 0.8075131053511911]",-1,-1
6058,[0.46934763 0.74772559],60,48,"[0.45117785646922254, 0.7079436468031785]",-1,-1
6059,[0.56223569 0.9329453 ],60,72,"[0.5611628060047036, 0.8693254591361465]",-1,-1
6060,[0.4845228  0.86400571],60,89,"[0.4881424593356583, 0.8743362179237]",-1,-1
6061,[0.48496813 0.81564137],60,43,"[0.4600847464699888, 0.8121159369971912]",24,-1
6062,[0.56492135 0.9276036 ],60,72,"[0.5611628060047036, 0.8693254591361465]",-1,-1
6063,[0.5419526 0.8473378],60,72,"[0.5611628060047036, 0.8693254591361465]",-1,-1
6064,[0.4557466  0.82568567],60,43,"[0.4600847464699888, 0.8121159369971912]",-1,-1
6065,[0.47185895 0.87147394],60,89,"[0.4881424593356583, 0.8743362179237]",38,-1
6066,[0.49621628 0.81746435],60,43,"[0.4600847464699888, 0.8121159369971912]",24,-1
6067,[0.47227718 0.88496555],60,89,"[0.4881424593356583, 0.8743362179237]",-1,-1
6068,[0.53797686 0.87871181],60,72,"[0.5611628060047036, 0.8693254591361465]",30,-1
6069,[0.49793456 0.82634247],60,43,"[0.4600847464699888, 0.8121159369971912]",24,-1
6070,[0.56552352 0.83468276],60,75,"[0.5578508247145463, 0.8075131053511911]",31,6
6071,[0.54965451 0.88498976],60,72,"[0.5611628060047036, 0.8693254591361465]",30,-1
6072,[0.52181506 0.89137818],60,89,"[0.4881424593356583, 0.8743362179237]",6,-1
6073,[0.55201934 0.87702848],60,72,"[0.5611628060047036, 0.8693254591361465]",30,-1
6074,[0.49762868 0.86375074],60,89,"[0.4881424593356583, 0.8743362179237]",38,-1
6075,[0.51652093 0.86052093],60,89,"[0.4881424593356583, 0.8743362179237]",-1,-1
6076,[0.51675043 0.89271258],60,89,"[0.4881424593356583, 0.8743362179237]",6,-1
6077,[0.54046483 0.8683539 ],60,72,"[0.5611628060047036, 0.8693254591361465]",30,-1
6078,[0.53482264 0.7822007 ],60,75,"[0.5578508247145463, 0.8075131053511911]",-1,-1
6079,[0.48100776 0.79358294],60,43,"[0.4600847464699888, 0.8121159369971912]",26,-1
6080,[0.57755788 0.86410204],60,72,"[0.5611628060047036, 0.8693254591361465]",31,-1
6081,[0.46956658 0.86078148],60,89,"[0.4881424593356583, 0.8743362179237]",-1,-1
6082,[0.50817647 0.82411067],60,43,"[0.4600847464699888, 0.8121159369971912]",-1,-1
6083,[0.54698255 0.86427365],60,72,"[0.5611628060047036, 0.8693254591361465]",-1,-1
6084,[0.47348265 0.84786349],60,89,"[0.4881424593356583, 0.8743362179237]",39,-1
6085,[0.56232536 0.86152382],60,72,"[0.5611628060047036, 0.8693254591361465]",31,-1
6086,[0.47617872 0.84025115],60,43,"[0.4600847464699888, 0.8121159369971912]",-1,-1
6087,[0.48954399 0.8054479 ],60,43,"[0.4600847464699888, 0.8121159369971912]",-1,-1
6088,[0.47822297 0.86832622],60,89,"[0.4881424593356583, 0.8743362179237]",38,-1
6089,[0.52524898 0.82689207],60,75,"[0.5578508247145463, 0.8075131053511911]",-1,-1
6090,[0.54473535 0.89048988],60,72,"[0.5611628060047036, 0.8693254591361465]",-1,-1
6091,[0.49189313 0.86576007],60,89,"[0.4881424593356583, 0.8743362179237]",38,-1
6092,[0.51034408 0.86790349],60,89,"[0.4881424593356583, 0.8743362179237]",-1,-1
6093,[0.52426995 0.83065556],60,75,"[0.5578508247145463, 0.8075131053511911]",-1,-1
6094,[0.54364292 0.90268268],60,72,"[0.5611628060047036, 0.8693254591361465]",-1,-1
6095,[0.49882253 0.82073279],60,43,"[0.4600847464699888, 0.8121159369971912]",24,-1
6096,[0.59094204 0.79288586],60,75,"[0.5578508247145463, 0.8075131053511911]",28,-1
6097,[0.58160865 0.82968465],60,75,"[0.5578508247145463, 0.8075131053511911]",31,6
6098,[0.56026411 0.82905298],60,75,"[0.5578508247145463, 0.8075131053511911]",31,6
6099,[0.50695261 0.89668036],60,89,"[0.4881424593356583, 0.8743362179237]",6,-1
6100,[0.83623962 0.53445001],61,85,"[0.8651323192785665, 0.5497169401868933]",-1,-1
6101,[0.92093519 0.50921687],61,85,"[0.8651323192785665, 0.5497169401868933]",-1,-1
6102,[0.85689913 0.55132402],61,85,"[0.8651323192785665, 0.5497169401868933]",58,-1
6103,[0.84865617 0.51909396],61,85,"[0.8651323192785665, 0.5497169401868933]",-1,-1
6104,[0.80193545 0.47191765],61,29,"[0.7896146962697053, 0.5004587368894428]",112,30
6105,[0.87006307 0.44607911],61,18,"[0.8403424052135677, 0.4709016952471627]",-1,-1
6106,[0.73923736 0.50044832],61,46,"[0.7242081221498112, 0.5411748041333581]",112,-1
6107,[0.87775664 0.49663392],61,18,"[0.8403424052135677, 0.4709016952471627]",-1,-1
6108,[0.8486865  0.57604036],61,85,"[0.8651323192785665, 0.5497169401868933]",-1,-1
6109,[0.83550401 0.45979075],61,18,"[0.8403424052135677, 0.4709016952471627]",112,-1
6110,[0.82353229 0.45610243],61,18,"[0.8403424052135677, 0.4709016952471627]",112,31
6111,[0.8793705  0.48359432],61,18,"[0.8403424052135677, 0.4709016952471627]",-1,-1
6112,[0.8232593  0.51604458],61,29,"[0.7896146962697053, 0.5004587368894428]",112,-1
6113,[0.8824295 0.5547053],61,85,"[0.8651323192785665, 0.5497169401868933]",-1,-1
6114,[0.82427324 0.542833  ],61,85,"[0.8651323192785665, 0.5497169401868933]",-1,-1
6115,[0.80693829 0.45601654],61,18,"[0.8403424052135677, 0.4709016952471627]",112,-1
6116,[0.85701057 0.48710254],61,18,"[0.8403424052135677, 0.4709016952471627]",112,26
6117,[0.92092714 0.46654471],61,-1,-1,-1,-1
6118,[0.82754094 0.54308994],61,85,"[0.8651323192785665, 0.5497169401868933]",-1,-1
6119,[0.87261281 0.50514981],61,85,"[0.8651323192785665, 0.5497169401868933]",-1,-1
6120,[0.80669824 0.43718782],61,18,"[0.8403424052135677, 0.4709016952471627]",112,-1
6121,[0.85913564 0.48010567],61,18,"[0.8403424052135677, 0.4709016952471627]",112,26
6122,[0.86530871 0.46083971],61,18,"[0.8403424052135677, 0.4709016952471627]",-1,-1
6123,[0.83639765 0.51711938],61,85,"[0.8651323192785665, 0.5497169401868933]",-1,-1
6124,[0.86473427 0.49472241],61,18,"[0.8403424052135677, 0.4709016952471627]",112,-1
6125,[0.81045597 0.46071322],61,18,"[0.8403424052135677, 0.4709016952471627]",112,-1
6126,[0.84194062 0.41425983],61,33,"[0.8161259009459738, 0.38225031357083966]",112,29
6127,[0.8722453 0.4685821],61,18,"[0.8403424052135677, 0.4709016952471627]",112,-1
6128,[0.90842176 0.42442753],61,96,"[0.8850335407606906, 0.40509408800524466]",-1,-1
6129,[0.8052236  0.49015432],61,29,"[0.7896146962697053, 0.5004587368894428]",112,30
6130,[0.80099507 0.47689362],61,29,"[0.7896146962697053, 0.5004587368894428]",112,30
6131,[0.85584124 0.41699076],61,96,"[0.8850335407606906, 0.40509408800524466]",-1,-1
6132,[0.88329208 0.49689165],61,18,"[0.8403424052135677, 0.4709016952471627]",-1,-1
6133,[0.90013663 0.47726687],61,18,"[0.8403424052135677, 0.4709016952471627]",-1,-1
6134,[0.80974499 0.50588881],61,29,"[0.7896146962697053, 0.5004587368894428]",112,-1
6135,[0.74494213 0.4799186 ],61,29,"[0.7896146962697053, 0.5004587368894428]",112,-1
6136,[0.88350194 0.50006146],61,18,"[0.8403424052135677, 0.4709016952471627]",-1,-1
6137,[0.88120721 0.45195806],61,18,"[0.8403424052135677, 0.4709016952471627]",-1,-1
6138,[0.84737876 0.53191128],61,85,"[0.8651323192785665, 0.5497169401868933]",58,-1
6139,[0.88013184 0.52918793],61,85,"[0.8651323192785665, 0.5497169401868933]",-1,-1
6140,[0.8501024  0.43973403],61,18,"[0.8403424052135677, 0.4709016952471627]",-1,-1
6141,[0.75772   0.4862323],61,29,"[0.7896146962697053, 0.5004587368894428]",112,-1
6142,[0.83856331 0.46004304],61,18,"[0.8403424052135677, 0.4709016952471627]",112,-1
6143,[0.79595313 0.42750977],61,33,"[0.8161259009459738, 0.38225031357083966]",112,31
6144,[0.81939866 0.50845315],61,29,"[0.7896146962697053, 0.5004587368894428]",112,30
6145,[0.8011468 0.4842729],61,29,"[0.7896146962697053, 0.5004587368894428]",112,30
6146,[0.90246487 0.49266549],61,18,"[0.8403424052135677, 0.4709016952471627]",-1,-1
6147,[0.84808305 0.43220474],61,18,"[0.8403424052135677, 0.4709016952471627]",-1,-1
6148,[0.86951384 0.47497919],61,18,"[0.8403424052135677, 0.4709016952471627]",112,-1
6149,[0.85210522 0.51643058],61,85,"[0.8651323192785665, 0.5497169401868933]",-1,-1
6150,[0.84075196 0.48599603],61,18,"[0.8403424052135677, 0.4709016952471627]",112,26
6151,[0.8962588  0.47852426],61,18,"[0.8403424052135677, 0.4709016952471627]",-1,-1
6152,[0.81721635 0.49411128],61,29,"[0.7896146962697053, 0.5004587368894428]",112,-1
6153,[0.84982657 0.53624253],61,85,"[0.8651323192785665, 0.5497169401868933]",58,-1
6154,[0.89243288 0.39727047],61,96,"[0.8850335407606906, 0.40509408800524466]",-1,-1
6155,[0.85732726 0.48866234],61,18,"[0.8403424052135677, 0.4709016952471627]",112,26
6156,[0.84796641 0.47570612],61,18,"[0.8403424052135677, 0.4709016952471627]",-1,-1
6157,[0.81373418 0.53614806],61,29,"[0.7896146962697053, 0.5004587368894428]",-1,-1
6158,[0.84031058 0.48803552],61,18,"[0.8403424052135677, 0.4709016952471627]",112,26
6159,[0.78535747 0.45216099],61,29,"[0.7896146962697053, 0.5004587368894428]",112,-1
6160,[0.81353511 0.4786357 ],61,18,"[0.8403424052135677, 0.4709016952471627]",112,-1
6161,[0.8919559 0.5213908],61,85,"[0.8651323192785665, 0.5497169401868933]",-1,-1
6162,[0.85586047 0.49883246],61,18,"[0.8403424052135677, 0.4709016952471627]",112,26
6163,[0.82702295 0.49988675],61,18,"[0.8403424052135677, 0.4709016952471627]",-1,-1
6164,[0.87361373 0.50765418],61,85,"[0.8651323192785665, 0.5497169401868933]",-1,-1
6165,[0.88796552 0.52387409],61,85,"[0.8651323192785665, 0.5497169401868933]",-1,-1
6166,[0.84781812 0.50519503],61,18,"[0.8403424052135677, 0.4709016952471627]",112,-1
6167,[0.88555256 0.51365921],61,85,"[0.8651323192785665, 0.5497169401868933]",-1,-1
6168,[0.88600525 0.53472788],61,85,"[0.8651323192785665, 0.5497169401868933]",-1,-1
6169,[0.84598342 0.41786043],61,96,"[0.8850335407606906, 0.40509408800524466]",112,29
6170,[0.83318175 0.49820886],61,18,"[0.8403424052135677, 0.4709016952471627]",112,26
6171,[0.84274795 0.42092726],61,96,"[0.8850335407606906, 0.40509408800524466]",112,29
6172,[0.83956069 0.42063407],61,33,"[0.8161259009459738, 0.38225031357083966]",112,29
6173,[0.8325769  0.43914492],61,18,"[0.8403424052135677, 0.4709016952471627]",112,-1
6174,[0.83229449 0.48474249],61,18,"[0.8403424052135677, 0.4709016952471627]",112,-1
6175,[0.81891931 0.47641073],61,18,"[0.8403424052135677, 0.4709016952471627]",-1,-1
6176,[0.80142764 0.45314424],61,18,"[0.8403424052135677, 0.4709016952471627]",-1,-1
6177,[0.86450094 0.48756055],61,18,"[0.8403424052135677, 0.4709016952471627]",112,26
6178,[0.87706794 0.46474761],61,18,"[0.8403424052135677, 0.4709016952471627]",-1,-1
6179,[0.81309016 0.53961494],61,29,"[0.7896146962697053, 0.5004587368894428]",-1,-1
6180,[0.83691775 0.46956157],61,18,"[0.8403424052135677, 0.4709016952471627]",-1,-1
6181,[0.79484798 0.43653192],61,37,"[0.7430889106835223, 0.4145167779633026]",112,31
6182,[0.78096715 0.44868755],61,37,"[0.7430889106835223, 0.4145167779633026]",112,-1
6183,[0.90976593 0.5015102 ],61,85,"[0.8651323192785665, 0.5497169401868933]",-1,-1
6184,[0.79858257 0.46996594],61,29,"[0.7896146962697053, 0.5004587368894428]",112,30
6185,[0.84419186 0.41032842],61,33,"[0.8161259009459738, 0.38225031357083966]",112,29
6186,[0.92579195 0.46469605],61,-1,-1,-1,-1
6187,[0.84402935 0.41195471],61,33,"[0.8161259009459738, 0.38225031357083966]",112,29
6188,[0.80967487 0.4469401 ],61,18,"[0.8403424052135677, 0.4709016952471627]",-1,-1
6189,[0.76601134 0.44142859],61,37,"[0.7430889106835223, 0.4145167779633026]",-1,-1
6190,[0.79892492 0.46763987],61,29,"[0.7896146962697053, 0.5004587368894428]",112,30
6191,[1.         0.46936301],61,-1,-1,-1,-1
6192,[0.86331078 0.54165816],61,85,"[0.8651323192785665, 0.5497169401868933]",-1,-1
6193,[0.82273549 0.52654497],61,29,"[0.7896146962697053, 0.5004587368894428]",112,-1
6194,[0.8119622  0.50155404],61,29,"[0.7896146962697053, 0.5004587368894428]",112,-1
6195,[0.87449625 0.5525377 ],61,85,"[0.8651323192785665, 0.5497169401868933]",58,-1
6196,[0.89300992 0.49296754],61,18,"[0.8403424052135677, 0.4709016952471627]",-1,-1
6197,[0.87373979 0.51453237],61,85,"[0.8651323192785665, 0.5497169401868933]",-1,-1
6198,[0.74409616 0.50682502],61,46,"[0.7242081221498112, 0.5411748041333581]",112,-1
6199,[0.86010377 0.52750269],61,85,"[0.8651323192785665, 0.5497169401868933]",-1,-1
6200,[0.71733235 0.74383769],62,10,"[0.6888975182522787, 0.7695304266244736]",48,22
6201,[0.58695747 0.78932341],62,75,"[0.5578508247145463, 0.8075131053511911]",28,-1
6202,[0.66808552 0.858989  ],62,52,"[0.6555268282654955, 0.8492024110319594]",-1,-1
6203,[0.67161824 0.81756631],62,52,"[0.6555268282654955, 0.8492024110319594]",48,14
6204,[0.68826943 0.82047287],62,52,"[0.6555268282654955, 0.8492024110319594]",48,-1
6205,[0.6878292  0.83060562],62,52,"[0.6555268282654955, 0.8492024110319594]",48,-1
6206,[0.64906868 0.82742192],62,52,"[0.6555268282654955, 0.8492024110319594]",48,-1
6207,[0.66280161 0.77298268],62,10,"[0.6888975182522787, 0.7695304266244736]",48,-1
6208,[0.64888561 0.85139986],62,52,"[0.6555268282654955, 0.8492024110319594]",-1,-1
6209,[0.73005813 0.79781508],62,32,"[0.7372052186587957, 0.8250395123718929]",48,-1
6210,[0.66067735 0.80493967],62,56,"[0.6249916856709978, 0.8077006051335125]",48,14
6211,[0.65080347 0.78223664],62,56,"[0.6249916856709978, 0.8077006051335125]",48,14
6212,[0.69790483 0.88565655],62,90,"[0.7333429288044403, 0.8887256367902243]",-1,-1
6213,[0.71976792 0.79165266],62,32,"[0.7372052186587957, 0.8250395123718929]",48,-1
6214,[0.64057003 0.838998  ],62,52,"[0.6555268282654955, 0.8492024110319594]",48,-1
6215,[0.73847357 0.80492048],62,32,"[0.7372052186587957, 0.8250395123718929]",48,-1
6216,[0.66334149 0.77806307],62,10,"[0.6888975182522787, 0.7695304266244736]",48,-1
6217,[0.63214684 0.7852421 ],62,56,"[0.6249916856709978, 0.8077006051335125]",48,-1
6218,[0.66034935 0.75194618],62,10,"[0.6888975182522787, 0.7695304266244736]",48,-1
6219,[0.66086035 0.79116226],62,10,"[0.6888975182522787, 0.7695304266244736]",48,14
6220,[0.59300189 0.82080152],62,56,"[0.6249916856709978, 0.8077006051335125]",-1,-1
6221,[0.57444984 0.83536118],62,75,"[0.5578508247145463, 0.8075131053511911]",31,6
6222,[0.6790644  0.76392684],62,10,"[0.6888975182522787, 0.7695304266244736]",48,-1
6223,[0.66133248 0.79385688],62,10,"[0.6888975182522787, 0.7695304266244736]",48,14
6224,[0.70327079 0.82196667],62,32,"[0.7372052186587957, 0.8250395123718929]",48,11
6225,[0.61212871 0.86036158],62,52,"[0.6555268282654955, 0.8492024110319594]",-1,-1
6226,[0.62844328 0.81576035],62,56,"[0.6249916856709978, 0.8077006051335125]",-1,-1
6227,[0.69895415 0.82823944],62,32,"[0.7372052186587957, 0.8250395123718929]",-1,-1
6228,[0.66720145 0.84774612],62,52,"[0.6555268282654955, 0.8492024110319594]",48,-1
6229,[0.71205116 0.82726051],62,32,"[0.7372052186587957, 0.8250395123718929]",48,-1
6230,[0.62644367 0.86116487],62,52,"[0.6555268282654955, 0.8492024110319594]",-1,-1
6231,[0.65452454 0.81450625],62,56,"[0.6249916856709978, 0.8077006051335125]",48,14
6232,[0.6732878  0.78202305],62,10,"[0.6888975182522787, 0.7695304266244736]",-1,-1
6233,[0.77338773 0.82963547],62,32,"[0.7372052186587957, 0.8250395123718929]",48,-1
6234,[0.63848121 0.79329427],62,56,"[0.6249916856709978, 0.8077006051335125]",-1,-1
6235,[0.64957594 0.81414299],62,56,"[0.6249916856709978, 0.8077006051335125]",48,-1
6236,[0.6542329 0.7105258],62,31,"[0.6283100186299069, 0.6976202951749496]",48,15
6237,[0.72977626 0.79404874],62,32,"[0.7372052186587957, 0.8250395123718929]",48,-1
6238,[0.66684695 0.82205735],62,52,"[0.6555268282654955, 0.8492024110319594]",48,14
6239,[0.68029557 0.79419272],62,10,"[0.6888975182522787, 0.7695304266244736]",48,-1
6240,[0.61873747 0.78846206],62,56,"[0.6249916856709978, 0.8077006051335125]",-1,-1
6241,[0.61173185 0.8159598 ],62,56,"[0.6249916856709978, 0.8077006051335125]",-1,-1
6242,[0.6513245  0.78061175],62,56,"[0.6249916856709978, 0.8077006051335125]",48,-1
6243,[0.63772036 0.82832813],62,56,"[0.6249916856709978, 0.8077006051335125]",48,-1
6244,[0.67540842 0.79760752],62,10,"[0.6888975182522787, 0.7695304266244736]",48,-1
6245,[0.64493991 0.69334351],62,31,"[0.6283100186299069, 0.6976202951749496]",47,-1
6246,[0.65127165 0.8614417 ],62,52,"[0.6555268282654955, 0.8492024110319594]",-1,-1
6247,[0.61341909 0.8393621 ],62,56,"[0.6249916856709978, 0.8077006051335125]",-1,-1
6248,[0.65821077 0.79216103],62,56,"[0.6249916856709978, 0.8077006051335125]",48,14
6249,[0.66726474 0.80122655],62,10,"[0.6888975182522787, 0.7695304266244736]",48,14
6250,[0.65013499 0.79029547],62,56,"[0.6249916856709978, 0.8077006051335125]",48,14
6251,[0.63299379 0.83868251],62,52,"[0.6555268282654955, 0.8492024110319594]",48,-1
6252,[0.64878895 0.80720041],62,56,"[0.6249916856709978, 0.8077006051335125]",48,-1
6253,[0.59066037 0.81911475],62,75,"[0.5578508247145463, 0.8075131053511911]",31,6
6254,[0.67778681 0.81495697],62,52,"[0.6555268282654955, 0.8492024110319594]",48,14
6255,[0.69803098 0.75382082],62,10,"[0.6888975182522787, 0.7695304266244736]",48,-1
6256,[0.67810098 0.82911386],62,52,"[0.6555268282654955, 0.8492024110319594]",48,14
6257,[0.62060476 0.78606287],62,56,"[0.6249916856709978, 0.8077006051335125]",48,-1
6258,[0.69660633 0.76230748],62,10,"[0.6888975182522787, 0.7695304266244736]",48,22
6259,[0.66063842 0.83450633],62,52,"[0.6555268282654955, 0.8492024110319594]",48,-1
6260,[0.65142791 0.79218019],62,56,"[0.6249916856709978, 0.8077006051335125]",48,14
6261,[0.73985539 0.82691243],62,32,"[0.7372052186587957, 0.8250395123718929]",48,-1
6262,[0.68713214 0.82914968],62,52,"[0.6555268282654955, 0.8492024110319594]",48,-1
6263,[0.74262479 0.76801554],62,10,"[0.6888975182522787, 0.7695304266244736]",48,-1
6264,[0.65269574 0.82491922],62,52,"[0.6555268282654955, 0.8492024110319594]",48,-1
6265,[0.74783318 0.78181225],62,32,"[0.7372052186587957, 0.8250395123718929]",-1,-1
6266,[0.73537272 0.8340173 ],62,32,"[0.7372052186587957, 0.8250395123718929]",48,-1
6267,[0.5737561 0.8465418],62,72,"[0.5611628060047036, 0.8693254591361465]",31,6
6268,[0.66418051 0.85373658],62,52,"[0.6555268282654955, 0.8492024110319594]",48,-1
6269,[0.62715991 0.85145089],62,52,"[0.6555268282654955, 0.8492024110319594]",-1,-1
6270,[0.67050132 0.83462507],62,52,"[0.6555268282654955, 0.8492024110319594]",48,14
6271,[0.69449425 0.78467993],62,10,"[0.6888975182522787, 0.7695304266244736]",48,-1
6272,[0.68142492 0.8080029 ],62,10,"[0.6888975182522787, 0.7695304266244736]",48,-1
6273,[0.59222891 0.844959  ],62,72,"[0.5611628060047036, 0.8693254591361465]",31,6
6274,[0.67285727 0.7876761 ],62,10,"[0.6888975182522787, 0.7695304266244736]",48,-1
6275,[0.643652  0.8005015],62,56,"[0.6249916856709978, 0.8077006051335125]",48,-1
6276,[0.71770968 0.85864363],62,90,"[0.7333429288044403, 0.8887256367902243]",-1,-1
6277,[0.65019626 0.82840608],62,52,"[0.6555268282654955, 0.8492024110319594]",-1,-1
6278,[0.6305973  0.89646814],62,52,"[0.6555268282654955, 0.8492024110319594]",-1,-1
6279,[0.59151822 0.79057426],62,56,"[0.6249916856709978, 0.8077006051335125]",28,-1
6280,[0.6716708  0.73148796],62,10,"[0.6888975182522787, 0.7695304266244736]",48,-1
6281,[0.71354173 0.75294922],62,10,"[0.6888975182522787, 0.7695304266244736]",48,-1
6282,[0.64984056 0.76076368],62,10,"[0.6888975182522787, 0.7695304266244736]",-1,-1
6283,[0.66427663 0.81249915],62,52,"[0.6555268282654955, 0.8492024110319594]",48,14
6284,[0.71120133 0.83919362],62,32,"[0.7372052186587957, 0.8250395123718929]",48,11
6285,[0.73816623 0.75895165],62,14,"[0.740019801793262, 0.7124846396853769]",48,-1
6286,[0.72086523 0.81462313],62,32,"[0.7372052186587957, 0.8250395123718929]",48,-1
6287,[0.68346798 0.81323183],62,10,"[0.6888975182522787, 0.7695304266244736]",48,14
6288,[0.71943095 0.77603905],62,10,"[0.6888975182522787, 0.7695304266244736]",48,21
6289,[0.68363289 0.84475217],62,52,"[0.6555268282654955, 0.8492024110319594]",48,-1
6290,[0.64370278 0.79068258],62,56,"[0.6249916856709978, 0.8077006051335125]",48,-1
6291,[0.68174696 0.85206437],62,52,"[0.6555268282654955, 0.8492024110319594]",48,-1
6292,[0.64633028 0.80955276],62,56,"[0.6249916856709978, 0.8077006051335125]",48,-1
6293,[0.6851701  0.83663208],62,52,"[0.6555268282654955, 0.8492024110319594]",48,-1
6294,[0.63790122 0.80677375],62,56,"[0.6249916856709978, 0.8077006051335125]",-1,-1
6295,[0.6512493  0.81729223],62,56,"[0.6249916856709978, 0.8077006051335125]",48,14
6296,[0.63628804 0.79405469],62,56,"[0.6249916856709978, 0.8077006051335125]",48,-1
6297,[0.69735865 0.87064621],62,90,"[0.7333429288044403, 0.8887256367902243]",-1,-1
6298,[0.68739385 0.814926  ],62,10,"[0.6888975182522787, 0.7695304266244736]",48,14
6299,[0.74148075 0.72367259],62,14,"[0.740019801793262, 0.7124846396853769]",-1,-1
6300,[0.65041141 0.38233738],63,5,"[0.6450318820843447, 0.4074212796508608]",112,54
6301,[0.63163791 0.49654544],63,68,"[0.6059125398208416, 0.5063454320139849]",112,-1
6302,[0.60815405 0.51437027],63,68,"[0.6059125398208416, 0.5063454320139849]",-1,-1
6303,[0.71365659 0.45564859],63,26,"[0.6901601916314353, 0.4804056323832084]",-1,-1
6304,[0.6651037  0.40864726],63,5,"[0.6450318820843447, 0.4074212796508608]",112,-1
6305,[0.67736187 0.48575176],63,26,"[0.6901601916314353, 0.4804056323832084]",56,-1
6306,[0.68231917 0.39883151],63,5,"[0.6450318820843447, 0.4074212796508608]",112,-1
6307,[0.56703893 0.40261402],63,50,"[0.5684163633112168, 0.42493695949350735]",112,-1
6308,[0.65657021 0.44464564],63,5,"[0.6450318820843447, 0.4074212796508608]",112,53
6309,[0.66457346 0.39173451],63,5,"[0.6450318820843447, 0.4074212796508608]",112,-1
6310,[0.65092314 0.35127831],63,4,"[0.621879023183751, 0.3152829127139686]",112,-1
6311,[0.59453691 0.51571579],63,68,"[0.6059125398208416, 0.5063454320139849]",-1,-1
6312,[0.64042278 0.41764805],63,5,"[0.6450318820843447, 0.4074212796508608]",112,53
6313,[0.5787727 0.3915559],63,50,"[0.5684163633112168, 0.42493695949350735]",112,64
6314,[0.68337186 0.35615406],63,5,"[0.6450318820843447, 0.4074212796508608]",112,-1
6315,[0.61462282 0.3768857 ],63,5,"[0.6450318820843447, 0.4074212796508608]",112,-1
6316,[0.60745775 0.38508748],63,5,"[0.6450318820843447, 0.4074212796508608]",112,-1
6317,[0.65677097 0.4081698 ],63,5,"[0.6450318820843447, 0.4074212796508608]",112,-1
6318,[0.56504551 0.41576409],63,50,"[0.5684163633112168, 0.42493695949350735]",-1,-1
6319,[0.70042771 0.36604417],63,9,"[0.7400409662228525, 0.324036995192541]",-1,-1
6320,[0.63396928 0.40001677],63,5,"[0.6450318820843447, 0.4074212796508608]",112,55
6321,[0.5973624  0.44980054],63,50,"[0.5684163633112168, 0.42493695949350735]",-1,-1
6322,[0.56488558 0.42740899],63,50,"[0.5684163633112168, 0.42493695949350735]",-1,-1
6323,[0.59788259 0.39202528],63,50,"[0.5684163633112168, 0.42493695949350735]",112,-1
6324,[0.68193344 0.41243648],63,5,"[0.6450318820843447, 0.4074212796508608]",-1,-1
6325,[0.55952828 0.40227967],63,50,"[0.5684163633112168, 0.42493695949350735]",112,-1
6326,[0.66271453 0.43101461],63,5,"[0.6450318820843447, 0.4074212796508608]",-1,-1
6327,[0.5996092  0.43375757],63,50,"[0.5684163633112168, 0.42493695949350735]",86,-1
6328,[0.66024453 0.44668929],63,5,"[0.6450318820843447, 0.4074212796508608]",112,-1
6329,[0.61180595 0.44456018],63,50,"[0.5684163633112168, 0.42493695949350735]",-1,-1
6330,[0.64934159 0.43523126],63,5,"[0.6450318820843447, 0.4074212796508608]",112,53
6331,[0.65268197 0.4200492 ],63,5,"[0.6450318820843447, 0.4074212796508608]",-1,-1
6332,[0.6460909  0.42793082],63,5,"[0.6450318820843447, 0.4074212796508608]",112,53
6333,[0.57506494 0.44652997],63,50,"[0.5684163633112168, 0.42493695949350735]",86,8
6334,[0.66263115 0.38749128],63,5,"[0.6450318820843447, 0.4074212796508608]",112,54
6335,[0.68881527 0.45372085],63,26,"[0.6901601916314353, 0.4804056323832084]",112,-1
6336,[0.66937657 0.45363135],63,26,"[0.6901601916314353, 0.4804056323832084]",112,38
6337,[0.61543084 0.47699043],63,68,"[0.6059125398208416, 0.5063454320139849]",-1,-1
6338,[0.61944861 0.39754885],63,5,"[0.6450318820843447, 0.4074212796508608]",112,55
6339,[0.64065518 0.49480935],63,68,"[0.6059125398208416, 0.5063454320139849]",112,-1
6340,[0.58380679 0.44116594],63,50,"[0.5684163633112168, 0.42493695949350735]",86,-1
6341,[0.62920873 0.39575511],63,5,"[0.6450318820843447, 0.4074212796508608]",112,55
6342,[0.62316981 0.4423619 ],63,5,"[0.6450318820843447, 0.4074212796508608]",112,-1
6343,[0.62884075 0.35406814],63,4,"[0.621879023183751, 0.3152829127139686]",112,80
6344,[0.57825977 0.38715942],63,50,"[0.5684163633112168, 0.42493695949350735]",112,64
6345,[0.64582767 0.39169693],63,5,"[0.6450318820843447, 0.4074212796508608]",112,54
6346,[0.57680763 0.38620749],63,50,"[0.5684163633112168, 0.42493695949350735]",112,64
6347,[0.64031933 0.3964389 ],63,5,"[0.6450318820843447, 0.4074212796508608]",112,55
6348,[0.61949499 0.33174623],63,4,"[0.621879023183751, 0.3152829127139686]",112,-1
6349,[0.64827028 0.44012333],63,5,"[0.6450318820843447, 0.4074212796508608]",112,53
6350,[0.65159747 0.4644375 ],63,26,"[0.6901601916314353, 0.4804056323832084]",-1,-1
6351,[0.63343358 0.37937195],63,5,"[0.6450318820843447, 0.4074212796508608]",112,-1
6352,[0.5676481  0.44089007],63,50,"[0.5684163633112168, 0.42493695949350735]",86,-1
6353,[0.60330584 0.3891858 ],63,5,"[0.6450318820843447, 0.4074212796508608]",112,-1
6354,[0.63957923 0.38212873],63,5,"[0.6450318820843447, 0.4074212796508608]",112,-1
6355,[0.62335794 0.37577014],63,5,"[0.6450318820843447, 0.4074212796508608]",112,-1
6356,[0.59156608 0.48313948],63,68,"[0.6059125398208416, 0.5063454320139849]",61,-1
6357,[0.68243979 0.38186109],63,5,"[0.6450318820843447, 0.4074212796508608]",112,-1
6358,[0.5822872  0.43404413],63,50,"[0.5684163633112168, 0.42493695949350735]",86,8
6359,[0.58739264 0.35602264],63,15,"[0.5482412671622104, 0.34401601997908093]",112,68
6360,[0.61924181 0.4324219 ],63,5,"[0.6450318820843447, 0.4074212796508608]",-1,-1
6361,[0.61243615 0.44983879],63,50,"[0.5684163633112168, 0.42493695949350735]",-1,-1
6362,[0.60597485 0.40168383],63,5,"[0.6450318820843447, 0.4074212796508608]",-1,-1
6363,[0.64442176 0.4462862 ],63,5,"[0.6450318820843447, 0.4074212796508608]",112,53
6364,[0.63824289 0.45406302],63,5,"[0.6450318820843447, 0.4074212796508608]",112,53
6365,[0.60503136 0.35555326],63,4,"[0.621879023183751, 0.3152829127139686]",112,68
6366,[0.6262334  0.39814665],63,5,"[0.6450318820843447, 0.4074212796508608]",112,55
6367,[0.6461979  0.44979953],63,5,"[0.6450318820843447, 0.4074212796508608]",112,53
6368,[0.64631575 0.40620608],63,5,"[0.6450318820843447, 0.4074212796508608]",112,-1
6369,[0.67093999 0.40205343],63,5,"[0.6450318820843447, 0.4074212796508608]",-1,-1
6370,[0.63418325 0.4669104 ],63,68,"[0.6059125398208416, 0.5063454320139849]",112,-1
6371,[0.62705384 0.42513551],63,5,"[0.6450318820843447, 0.4074212796508608]",-1,-1
6372,[0.68362081 0.43391526],63,5,"[0.6450318820843447, 0.4074212796508608]",112,38
6373,[0.61758167 0.38179029],63,5,"[0.6450318820843447, 0.4074212796508608]",112,-1
6374,[0.61875692 0.45397457],63,5,"[0.6450318820843447, 0.4074212796508608]",-1,-1
6375,[0.62676131 0.40596533],63,5,"[0.6450318820843447, 0.4074212796508608]",112,55
6376,[0.5922585  0.42331473],63,50,"[0.5684163633112168, 0.42493695949350735]",86,8
6377,[0.64074414 0.3893181 ],63,5,"[0.6450318820843447, 0.4074212796508608]",112,-1
6378,[0.65479126 0.45915105],63,26,"[0.6901601916314353, 0.4804056323832084]",112,-1
6379,[0.58210722 0.4882828 ],63,68,"[0.6059125398208416, 0.5063454320139849]",-1,-1
6380,[0.63058992 0.4408583 ],63,5,"[0.6450318820843447, 0.4074212796508608]",112,53
6381,[0.56774881 0.43375698],63,50,"[0.5684163633112168, 0.42493695949350735]",-1,8
6382,[0.61936762 0.39631626],63,5,"[0.6450318820843447, 0.4074212796508608]",112,55
6383,[0.65625704 0.45277378],63,26,"[0.6901601916314353, 0.4804056323832084]",112,-1
6384,[0.63945434 0.42800737],63,5,"[0.6450318820843447, 0.4074212796508608]",112,53
6385,[0.64121355 0.40726192],63,5,"[0.6450318820843447, 0.4074212796508608]",112,55
6386,[0.64806662 0.40338585],63,5,"[0.6450318820843447, 0.4074212796508608]",112,-1
6387,[0.74916183 0.33527442],63,9,"[0.7400409662228525, 0.324036995192541]",110,-1
6388,[0.64411846 0.37580994],63,5,"[0.6450318820843447, 0.4074212796508608]",112,54
6389,[0.59969783 0.3924929 ],63,50,"[0.5684163633112168, 0.42493695949350735]",112,-1
6390,[0.67038231 0.46318643],63,26,"[0.6901601916314353, 0.4804056323832084]",112,-1
6391,[0.64789533 0.50298013],63,68,"[0.6059125398208416, 0.5063454320139849]",-1,-1
6392,[0.67501425 0.44824784],63,26,"[0.6901601916314353, 0.4804056323832084]",112,38
6393,[0.63612334 0.48488749],63,68,"[0.6059125398208416, 0.5063454320139849]",-1,-1
6394,[0.61512612 0.47852356],63,68,"[0.6059125398208416, 0.5063454320139849]",-1,-1
6395,[0.68684907 0.40463879],63,5,"[0.6450318820843447, 0.4074212796508608]",-1,-1
6396,[0.61835179 0.46413902],63,68,"[0.6059125398208416, 0.5063454320139849]",-1,-1
6397,[0.67090613 0.43482582],63,5,"[0.6450318820843447, 0.4074212796508608]",112,-1
6398,[0.62040101 0.40531189],63,5,"[0.6450318820843447, 0.4074212796508608]",112,55
6399,[0.63334029 0.40585654],63,5,"[0.6450318820843447, 0.4074212796508608]",112,-1
6400,[0.15986006 0.56450705],64,87,"[0.1552445589536314, 0.5972042330566324]",23,-1
6401,[0.22790861 0.56090699],64,39,"[0.2493420577344874, 0.5596731913401319]",-1,-1
6402,[0.21158858 0.58397197],64,39,"[0.2493420577344874, 0.5596731913401319]",74,19
6403,[0.19213334 0.51521565],64,69,"[0.15811567454436073, 0.5246830019279323]",12,-1
6404,[0.10598637 0.54402861],64,69,"[0.15811567454436073, 0.5246830019279323]",-1,-1
6405,[0.16968216 0.51019177],64,69,"[0.15811567454436073, 0.5246830019279323]",-1,-1
6406,[0.21036196 0.6349465 ],64,17,"[0.20551760392566637, 0.6304926521590382]",74,19
6407,[0.24401979 0.56022739],64,39,"[0.2493420577344874, 0.5596731913401319]",74,17
6408,[0.20066011 0.62146484],64,17,"[0.20551760392566637, 0.6304926521590382]",74,19
6409,[0.15893122 0.49104911],64,69,"[0.15811567454436073, 0.5246830019279323]",-1,-1
6410,[0.15391783 0.55340701],64,69,"[0.15811567454436073, 0.5246830019279323]",-1,-1
6411,[0.20892639 0.55442898],64,39,"[0.2493420577344874, 0.5596731913401319]",73,16
6412,[0.20372338 0.61699137],64,17,"[0.20551760392566637, 0.6304926521590382]",74,19
6413,[0.15077491 0.56709205],64,87,"[0.1552445589536314, 0.5972042330566324]",23,-1
6414,[0.19281093 0.58642228],64,87,"[0.1552445589536314, 0.5972042330566324]",74,19
6415,[0.24244509 0.57340409],64,39,"[0.2493420577344874, 0.5596731913401319]",74,17
6416,[0.11058361 0.49432593],64,61,"[0.09405243799838632, 0.4575021910053954]",11,-1
6417,[0.16818949 0.60149013],64,87,"[0.1552445589536314, 0.5972042330566324]",74,-1
6418,[0.20531518 0.61708809],64,17,"[0.20551760392566637, 0.6304926521590382]",74,19
6419,[0.23354681 0.51087622],64,83,"[0.2368604693858302, 0.47906582147153637]",41,-1
6420,[0.16437411 0.53896217],64,69,"[0.15811567454436073, 0.5246830019279323]",-1,-1
6421,[0.15843382 0.59261332],64,87,"[0.1552445589536314, 0.5972042330566324]",74,-1
6422,[0.19321569 0.65530454],64,17,"[0.20551760392566637, 0.6304926521590382]",-1,-1
6423,[0.13080418 0.59819525],64,87,"[0.1552445589536314, 0.5972042330566324]",-1,-1
6424,[0.18417319 0.59356177],64,87,"[0.1552445589536314, 0.5972042330566324]",74,19
6425,[0.1443843 0.525985 ],64,69,"[0.15811567454436073, 0.5246830019279323]",-1,-1
6426,[0.20016292 0.56806629],64,39,"[0.2493420577344874, 0.5596731913401319]",-1,-1
6427,[0.26120152 0.5705263 ],64,39,"[0.2493420577344874, 0.5596731913401319]",-1,-1
6428,[0.15129519 0.63842335],64,78,"[0.15859375635783876, 0.6780634151767573]",-1,-1
6429,[0.13349965 0.57763152],64,87,"[0.1552445589536314, 0.5972042330566324]",23,-1
6430,[0.15715775 0.61458352],64,87,"[0.1552445589536314, 0.5972042330566324]",-1,-1
6431,[0.20110545 0.59032461],64,17,"[0.20551760392566637, 0.6304926521590382]",74,19
6432,[0.17519974 0.54320949],64,69,"[0.15811567454436073, 0.5246830019279323]",-1,-1
6433,[0.18547771 0.59706435],64,87,"[0.1552445589536314, 0.5972042330566324]",74,19
6434,[0.13824098 0.56760529],64,87,"[0.1552445589536314, 0.5972042330566324]",23,-1
6435,[0.22627638 0.66153817],64,17,"[0.20551760392566637, 0.6304926521590382]",-1,-1
6436,[0.18161534 0.5327931 ],64,69,"[0.15811567454436073, 0.5246830019279323]",-1,-1
6437,[0.23104871 0.63489584],64,17,"[0.20551760392566637, 0.6304926521590382]",74,19
6438,[0.15918539 0.58924298],64,87,"[0.1552445589536314, 0.5972042330566324]",74,-1
6439,[0.20704863 0.59204606],64,17,"[0.20551760392566637, 0.6304926521590382]",74,19
6440,[0.08748578 0.54146395],64,-1,-1,-1,-1
6441,[0.1903688  0.52635138],64,69,"[0.15811567454436073, 0.5246830019279323]",12,-1
6442,[0.2114518  0.55471249],64,39,"[0.2493420577344874, 0.5596731913401319]",73,16
6443,[0.18508637 0.55154624],64,69,"[0.15811567454436073, 0.5246830019279323]",-1,-1
6444,[0.32987706 0.61058176],64,99,"[0.3648028013992237, 0.5971623021773774]",-1,-1
6445,[0.17680738 0.54940991],64,69,"[0.15811567454436073, 0.5246830019279323]",-1,-1
6446,[0.19104629 0.56216259],64,69,"[0.15811567454436073, 0.5246830019279323]",-1,-1
6447,[0.1520809  0.53371506],64,69,"[0.15811567454436073, 0.5246830019279323]",-1,-1
6448,[0.19605362 0.63480975],64,17,"[0.20551760392566637, 0.6304926521590382]",74,19
6449,[0.08550924 0.5577968 ],64,-1,-1,-1,-1
6450,[0.21679938 0.61451663],64,17,"[0.20551760392566637, 0.6304926521590382]",74,-1
6451,[0.18106973 0.61655752],64,17,"[0.20551760392566637, 0.6304926521590382]",-1,19
6452,[0.17625946 0.54988491],64,69,"[0.15811567454436073, 0.5246830019279323]",-1,-1
6453,[0.15026333 0.55493965],64,69,"[0.15811567454436073, 0.5246830019279323]",-1,-1
6454,[0.18857696 0.57165295],64,87,"[0.1552445589536314, 0.5972042330566324]",-1,-1
6455,[0.21315842 0.55386551],64,39,"[0.2493420577344874, 0.5596731913401319]",73,16
6456,[0.13701164 0.55703948],64,69,"[0.15811567454436073, 0.5246830019279323]",-1,-1
6457,[0.19498718 0.63400296],64,17,"[0.20551760392566637, 0.6304926521590382]",74,19
6458,[0.24055471 0.52992657],64,39,"[0.2493420577344874, 0.5596731913401319]",-1,-1
6459,[0.2379622  0.54937514],64,39,"[0.2493420577344874, 0.5596731913401319]",74,17
6460,[0.21576749 0.53071616],64,39,"[0.2493420577344874, 0.5596731913401319]",-1,-1
6461,[0.14392216 0.57629563],64,87,"[0.1552445589536314, 0.5972042330566324]",23,-1
6462,[0.23492006 0.59492444],64,39,"[0.2493420577344874, 0.5596731913401319]",-1,-1
6463,[0.1871451  0.61200355],64,17,"[0.20551760392566637, 0.6304926521590382]",74,19
6464,[0.23102958 0.57268839],64,39,"[0.2493420577344874, 0.5596731913401319]",74,17
6465,[0.13614726 0.57476139],64,87,"[0.1552445589536314, 0.5972042330566324]",23,-1
6466,[0.21299406 0.55704274],64,39,"[0.2493420577344874, 0.5596731913401319]",73,16
6467,[0.21368903 0.58326409],64,39,"[0.2493420577344874, 0.5596731913401319]",74,19
6468,[0.20667403 0.5886547 ],64,17,"[0.20551760392566637, 0.6304926521590382]",74,19
6469,[0.19932596 0.59216265],64,17,"[0.20551760392566637, 0.6304926521590382]",74,19
6470,[0.18222207 0.52553118],64,69,"[0.15811567454436073, 0.5246830019279323]",12,-1
6471,[0.20242749 0.60411713],64,17,"[0.20551760392566637, 0.6304926521590382]",74,19
6472,[0.20176183 0.56877494],64,39,"[0.2493420577344874, 0.5596731913401319]",-1,-1
6473,[0.23827618 0.53948953],64,39,"[0.2493420577344874, 0.5596731913401319]",-1,-1
6474,[0.20328292 0.60383639],64,17,"[0.20551760392566637, 0.6304926521590382]",74,19
6475,[0.15255552 0.52322702],64,69,"[0.15811567454436073, 0.5246830019279323]",-1,-1
6476,[0.16286812 0.55729751],64,69,"[0.15811567454436073, 0.5246830019279323]",-1,-1
6477,[0.15151637 0.602063  ],64,87,"[0.1552445589536314, 0.5972042330566324]",-1,-1
6478,[0.17120397 0.63442103],64,17,"[0.20551760392566637, 0.6304926521590382]",74,19
6479,[0.26466076 0.52191344],64,39,"[0.2493420577344874, 0.5596731913401319]",-1,-1
6480,[0.24260393 0.61258036],64,17,"[0.20551760392566637, 0.6304926521590382]",-1,-1
6481,[0.1744069  0.58962171],64,87,"[0.1552445589536314, 0.5972042330566324]",-1,-1
6482,[0.19211372 0.59578385],64,87,"[0.1552445589536314, 0.5972042330566324]",74,19
6483,[0.18693279 0.60682157],64,17,"[0.20551760392566637, 0.6304926521590382]",74,19
6484,[0.13749088 0.56935266],64,87,"[0.1552445589536314, 0.5972042330566324]",23,-1
6485,[0.12966242 0.57796027],64,87,"[0.1552445589536314, 0.5972042330566324]",23,-1
6486,[0.25131792 0.56786315],64,39,"[0.2493420577344874, 0.5596731913401319]",-1,17
6487,[0.1316461  0.65304946],64,78,"[0.15859375635783876, 0.6780634151767573]",-1,-1
6488,[0.20337568 0.48334239],64,83,"[0.2368604693858302, 0.47906582147153637]",-1,-1
6489,[0.14665266 0.58896229],64,87,"[0.1552445589536314, 0.5972042330566324]",-1,-1
6490,[0.18635995 0.58868509],64,87,"[0.1552445589536314, 0.5972042330566324]",74,-1
6491,[0.24484811 0.55766664],64,39,"[0.2493420577344874, 0.5596731913401319]",74,-1
6492,[0.13828539 0.61469495],64,87,"[0.1552445589536314, 0.5972042330566324]",-1,-1
6493,[0.1686905  0.58457122],64,87,"[0.1552445589536314, 0.5972042330566324]",-1,-1
6494,[0.22128478 0.62695716],64,17,"[0.20551760392566637, 0.6304926521590382]",74,19
6495,[0.2232899  0.61165703],64,17,"[0.20551760392566637, 0.6304926521590382]",74,-1
6496,[0.21487576 0.59396367],64,17,"[0.20551760392566637, 0.6304926521590382]",74,19
6497,[0.17286274 0.56599825],64,87,"[0.1552445589536314, 0.5972042330566324]",-1,-1
6498,[0.17667952 0.57333405],64,87,"[0.1552445589536314, 0.5972042330566324]",-1,-1
6499,[0.14833221 0.54224571],64,69,"[0.15811567454436073, 0.5246830019279323]",-1,-1
6500,[0.67376726 0.24953119],65,0,"[0.6718634683454, 0.284181654083953]",112,80
6501,[0.66425963 0.3455933 ],65,4,"[0.621879023183751, 0.3152829127139686]",112,80
6502,[0.62618077 0.3830077 ],65,5,"[0.6450318820843447, 0.4074212796508608]",112,55
6503,[0.62679367 0.31480346],65,4,"[0.621879023183751, 0.3152829127139686]",112,-1
6504,[0.61681612 0.26142533],65,7,"[0.6005437719733706, 0.22857083174818627]",112,80
6505,[0.68320834 0.27377572],65,0,"[0.6718634683454, 0.284181654083953]",112,80
6506,[0.6850486 0.2415228],65,19,"[0.7145100801879051, 0.21082941063088514]",112,80
6507,[0.66706162 0.33459362],65,4,"[0.621879023183751, 0.3152829127139686]",112,80
6508,[0.6977433  0.35156784],65,9,"[0.7400409662228525, 0.324036995192541]",-1,-1
6509,[0.68559457 0.23635691],65,19,"[0.7145100801879051, 0.21082941063088514]",112,80
6510,[0.67850108 0.29151426],65,0,"[0.6718634683454, 0.284181654083953]",112,80
6511,[0.60706513 0.26741349],65,7,"[0.6005437719733706, 0.22857083174818627]",112,80
6512,[0.59253195 0.28509417],65,4,"[0.621879023183751, 0.3152829127139686]",112,80
6513,[0.64231588 0.31047175],65,4,"[0.621879023183751, 0.3152829127139686]",112,80
6514,[0.68670835 0.34680053],65,9,"[0.7400409662228525, 0.324036995192541]",112,-1
6515,[0.69504806 0.25225941],65,0,"[0.6718634683454, 0.284181654083953]",112,80
6516,[0.73085558 0.22195672],65,19,"[0.7145100801879051, 0.21082941063088514]",112,-1
6517,[0.67647386 0.31824482],65,0,"[0.6718634683454, 0.284181654083953]",112,80
6518,[0.72835709 0.27754403],65,12,"[0.7527256969797409, 0.25319450872866317]",112,80
6519,[0.57785831 0.39277785],65,50,"[0.5684163633112168, 0.42493695949350735]",112,64
6520,[0.64140587 0.3470469 ],65,4,"[0.621879023183751, 0.3152829127139686]",112,-1
6521,[0.61139909 0.23241371],65,7,"[0.6005437719733706, 0.22857083174818627]",112,80
6522,[0.60673852 0.27386356],65,4,"[0.621879023183751, 0.3152829127139686]",112,80
6523,[0.73912691 0.26676752],65,12,"[0.7527256969797409, 0.25319450872866317]",112,80
6524,[0.72092821 0.33501381],65,9,"[0.7400409662228525, 0.324036995192541]",-1,-1
6525,[0.68254313 0.33490812],65,0,"[0.6718634683454, 0.284181654083953]",112,80
6526,[0.74601831 0.28017698],65,12,"[0.7527256969797409, 0.25319450872866317]",112,-1
6527,[0.68462182 0.29623522],65,0,"[0.6718634683454, 0.284181654083953]",112,80
6528,[0.67199521 0.27652359],65,0,"[0.6718634683454, 0.284181654083953]",112,80
6529,[0.666306   0.26407747],65,0,"[0.6718634683454, 0.284181654083953]",112,80
6530,[0.68908921 0.32560374],65,0,"[0.6718634683454, 0.284181654083953]",112,80
6531,[0.69457456 0.33690691],65,9,"[0.7400409662228525, 0.324036995192541]",112,-1
6532,[0.62748718 0.284632  ],65,4,"[0.621879023183751, 0.3152829127139686]",112,80
6533,[0.67727275 0.31074369],65,0,"[0.6718634683454, 0.284181654083953]",112,80
6534,[0.67244171 0.29983768],65,0,"[0.6718634683454, 0.284181654083953]",112,80
6535,[0.69956281 0.29429558],65,0,"[0.6718634683454, 0.284181654083953]",112,80
6536,[0.6460857  0.30120548],65,4,"[0.621879023183751, 0.3152829127139686]",112,-1
6537,[0.66362067 0.28573564],65,0,"[0.6718634683454, 0.284181654083953]",112,80
6538,[0.70858035 0.30013384],65,9,"[0.7400409662228525, 0.324036995192541]",112,80
6539,[0.70995912 0.34826664],65,9,"[0.7400409662228525, 0.324036995192541]",112,-1
6540,[0.66215499 0.3431124 ],65,4,"[0.621879023183751, 0.3152829127139686]",112,80
6541,[0.66001916 0.34229892],65,4,"[0.621879023183751, 0.3152829127139686]",112,80
6542,[0.68066353 0.26614946],65,0,"[0.6718634683454, 0.284181654083953]",112,80
6543,[0.6354055  0.34496279],65,4,"[0.621879023183751, 0.3152829127139686]",112,80
6544,[0.65578446 0.34887826],65,4,"[0.621879023183751, 0.3152829127139686]",112,80
6545,[0.68266788 0.33147463],65,0,"[0.6718634683454, 0.284181654083953]",112,80
6546,[0.67871886 0.36264744],65,5,"[0.6450318820843447, 0.4074212796508608]",112,-1
6547,[0.66560026 0.30343846],65,0,"[0.6718634683454, 0.284181654083953]",112,80
6548,[0.68478091 0.32920092],65,0,"[0.6718634683454, 0.284181654083953]",112,80
6549,[0.73547063 0.30066443],65,9,"[0.7400409662228525, 0.324036995192541]",112,76
6550,[0.70353894 0.28982053],65,0,"[0.6718634683454, 0.284181654083953]",112,80
6551,[0.63041488 0.25360785],65,7,"[0.6005437719733706, 0.22857083174818627]",112,80
6552,[0.69199914 0.29691714],65,0,"[0.6718634683454, 0.284181654083953]",112,80
6553,[0.67589115 0.25991007],65,0,"[0.6718634683454, 0.284181654083953]",112,80
6554,[0.62230751 0.36040501],65,4,"[0.621879023183751, 0.3152829127139686]",-1,-1
6555,[0.68710029 0.23967401],65,19,"[0.7145100801879051, 0.21082941063088514]",112,80
6556,[0.60171473 0.32052296],65,4,"[0.621879023183751, 0.3152829127139686]",112,-1
6557,[0.62922729 0.26857618],65,0,"[0.6718634683454, 0.284181654083953]",112,80
6558,[0.63423035 0.30213212],65,4,"[0.621879023183751, 0.3152829127139686]",112,80
6559,[0.64263131 0.31465198],65,4,"[0.621879023183751, 0.3152829127139686]",112,80
6560,[0.66844151 0.29376491],65,0,"[0.6718634683454, 0.284181654083953]",112,80
6561,[0.67833298 0.31453437],65,0,"[0.6718634683454, 0.284181654083953]",112,80
6562,[0.68184831 0.2836457 ],65,0,"[0.6718634683454, 0.284181654083953]",112,80
6563,[0.73578962 0.32879157],65,9,"[0.7400409662228525, 0.324036995192541]",112,76
6564,[0.68521058 0.26776749],65,0,"[0.6718634683454, 0.284181654083953]",112,80
6565,[0.6893583  0.34234419],65,9,"[0.7400409662228525, 0.324036995192541]",112,-1
6566,[0.70043613 0.25431948],65,0,"[0.6718634683454, 0.284181654083953]",112,80
6567,[0.7130086  0.25607276],65,12,"[0.7527256969797409, 0.25319450872866317]",112,-1
6568,[0.65300169 0.32540468],65,4,"[0.621879023183751, 0.3152829127139686]",112,-1
6569,[0.63185317 0.30345937],65,4,"[0.621879023183751, 0.3152829127139686]",112,80
6570,[0.67783107 0.23142268],65,19,"[0.7145100801879051, 0.21082941063088514]",112,-1
6571,[0.71507043 0.25348126],65,12,"[0.7527256969797409, 0.25319450872866317]",112,80
6572,[0.66015407 0.29143693],65,0,"[0.6718634683454, 0.284181654083953]",112,80
6573,[0.70980525 0.35000584],65,9,"[0.7400409662228525, 0.324036995192541]",112,-1
6574,[0.69501128 0.31498675],65,0,"[0.6718634683454, 0.284181654083953]",112,80
6575,[0.62846482 0.27620789],65,4,"[0.621879023183751, 0.3152829127139686]",112,80
6576,[0.67266563 0.38316132],65,5,"[0.6450318820843447, 0.4074212796508608]",112,-1
6577,[0.74151008 0.3445721 ],65,9,"[0.7400409662228525, 0.324036995192541]",110,-1
6578,[0.68947363 0.36370424],65,5,"[0.6450318820843447, 0.4074212796508608]",112,-1
6579,[0.71047085 0.29882201],65,9,"[0.7400409662228525, 0.324036995192541]",112,80
6580,[0.67577546 0.3402861 ],65,0,"[0.6718634683454, 0.284181654083953]",112,-1
6581,[0.69494073 0.3629756 ],65,9,"[0.7400409662228525, 0.324036995192541]",112,-1
6582,[0.70692893 0.31334577],65,9,"[0.7400409662228525, 0.324036995192541]",112,-1
6583,[0.75663824 0.32055595],65,9,"[0.7400409662228525, 0.324036995192541]",112,-1
6584,[0.67079638 0.31871423],65,0,"[0.6718634683454, 0.284181654083953]",112,80
6585,[0.66968695 0.29181071],65,0,"[0.6718634683454, 0.284181654083953]",112,80
6586,[0.70935833 0.33931687],65,9,"[0.7400409662228525, 0.324036995192541]",112,-1
6587,[0.65582171 0.28697482],65,0,"[0.6718634683454, 0.284181654083953]",112,80
6588,[0.65973594 0.25590497],65,0,"[0.6718634683454, 0.284181654083953]",112,80
6589,[0.68120094 0.33603728],65,0,"[0.6718634683454, 0.284181654083953]",112,80
6590,[0.75324254 0.26503636],65,12,"[0.7527256969797409, 0.25319450872866317]",112,80
6591,[0.66629621 0.30609396],65,0,"[0.6718634683454, 0.284181654083953]",112,80
6592,[0.66660314 0.29288301],65,0,"[0.6718634683454, 0.284181654083953]",112,80
6593,[0.65577399 0.2664366 ],65,0,"[0.6718634683454, 0.284181654083953]",112,80
6594,[0.63100846 0.28652203],65,4,"[0.621879023183751, 0.3152829127139686]",112,80
6595,[0.63232679 0.35386892],65,4,"[0.621879023183751, 0.3152829127139686]",112,80
6596,[0.71230321 0.3663506 ],65,9,"[0.7400409662228525, 0.324036995192541]",112,-1
6597,[0.67804876 0.32157009],65,0,"[0.6718634683454, 0.284181654083953]",112,80
6598,[0.66410092 0.29437822],65,0,"[0.6718634683454, 0.284181654083953]",112,80
6599,[0.61547228 0.27523463],65,4,"[0.621879023183751, 0.3152829127139686]",112,80
6600,[0.25394368 0.58725201],66,39,"[0.2493420577344874, 0.5596731913401319]",-1,-1
6601,[0.19903183 0.63821953],66,17,"[0.20551760392566637, 0.6304926521590382]",74,19
6602,[0.17956311 0.60479459],66,87,"[0.1552445589536314, 0.5972042330566324]",74,19
6603,[0.2708342  0.62115077],66,39,"[0.2493420577344874, 0.5596731913401319]",-1,-1
6604,[0.16506506 0.59725079],66,87,"[0.1552445589536314, 0.5972042330566324]",74,-1
6605,[0.19318031 0.62789168],66,17,"[0.20551760392566637, 0.6304926521590382]",74,19
6606,[0.1675259 0.6251961],66,87,"[0.1552445589536314, 0.5972042330566324]",-1,-1
6607,[0.1827044  0.62853971],66,17,"[0.20551760392566637, 0.6304926521590382]",74,19
6608,[0.22523654 0.62399932],66,17,"[0.20551760392566637, 0.6304926521590382]",74,19
6609,[0.19309207 0.67739047],66,78,"[0.15859375635783876, 0.6780634151767573]",-1,-1
6610,[0.10191111 0.6587301 ],66,78,"[0.15859375635783876, 0.6780634151767573]",-1,-1
6611,[0.1954857 0.6198301],66,17,"[0.20551760392566637, 0.6304926521590382]",74,19
6612,[0.20647469 0.6460098 ],66,17,"[0.20551760392566637, 0.6304926521590382]",74,19
6613,[0.21738048 0.59336913],66,17,"[0.20551760392566637, 0.6304926521590382]",74,19
6614,[0.13057215 0.65102998],66,78,"[0.15859375635783876, 0.6780634151767573]",-1,-1
6615,[0.19435378 0.61441633],66,17,"[0.20551760392566637, 0.6304926521590382]",74,19
6616,[0.26472678 0.64289641],66,17,"[0.20551760392566637, 0.6304926521590382]",-1,-1
6617,[0.15379842 0.68054586],66,78,"[0.15859375635783876, 0.6780634151767573]",-1,-1
6618,[0.14799525 0.61752125],66,87,"[0.1552445589536314, 0.5972042330566324]",-1,-1
6619,[0.23108001 0.71707331],66,45,"[0.20999502353991037, 0.7421751523063527]",-1,-1
6620,[0.18716383 0.65439847],66,17,"[0.20551760392566637, 0.6304926521590382]",74,-1
6621,[0.21013614 0.63686627],66,17,"[0.20551760392566637, 0.6304926521590382]",74,19
6622,[0.17241168 0.66593122],66,78,"[0.15859375635783876, 0.6780634151767573]",-1,-1
6623,[0.18558211 0.67181458],66,78,"[0.15859375635783876, 0.6780634151767573]",-1,-1
6624,[0.20626175 0.62956931],66,17,"[0.20551760392566637, 0.6304926521590382]",74,19
6625,[0.13552929 0.62067533],66,87,"[0.1552445589536314, 0.5972042330566324]",-1,-1
6626,[0.24319103 0.63425316],66,17,"[0.20551760392566637, 0.6304926521590382]",-1,-1
6627,[0.21770191 0.63773321],66,17,"[0.20551760392566637, 0.6304926521590382]",74,19
6628,[0.19363291 0.64987319],66,17,"[0.20551760392566637, 0.6304926521590382]",-1,-1
6629,[0.18864502 0.6058635 ],66,17,"[0.20551760392566637, 0.6304926521590382]",74,19
6630,[0.21596137 0.63784211],66,17,"[0.20551760392566637, 0.6304926521590382]",74,19
6631,[0.19373956 0.73761666],66,45,"[0.20999502353991037, 0.7421751523063527]",-1,-1
6632,[0.22787611 0.68566423],66,45,"[0.20999502353991037, 0.7421751523063527]",-1,-1
6633,[0.20957433 0.59816105],66,17,"[0.20551760392566637, 0.6304926521590382]",74,19
6634,[0.21551068 0.62395527],66,17,"[0.20551760392566637, 0.6304926521590382]",74,19
6635,[0.16861673 0.69612486],66,78,"[0.15859375635783876, 0.6780634151767573]",-1,-1
6636,[0.18253282 0.62836277],66,17,"[0.20551760392566637, 0.6304926521590382]",74,19
6637,[0.18668158 0.68305661],66,78,"[0.15859375635783876, 0.6780634151767573]",72,-1
6638,[0.18777483 0.57463866],66,87,"[0.1552445589536314, 0.5972042330566324]",-1,-1
6639,[0.20708084 0.53115617],66,69,"[0.15811567454436073, 0.5246830019279323]",-1,-1
6640,[0.20958195 0.71685905],66,45,"[0.20999502353991037, 0.7421751523063527]",-1,-1
6641,[0.27370351 0.65064732],66,51,"[0.3380449223959843, 0.6548082883119133]",-1,-1
6642,[0.21071565 0.65175644],66,17,"[0.20551760392566637, 0.6304926521590382]",74,19
6643,[0.14634992 0.73472107],66,78,"[0.15859375635783876, 0.6780634151767573]",-1,-1
6644,[0.16886259 0.60267621],66,87,"[0.1552445589536314, 0.5972042330566324]",74,-1
6645,[0.14466991 0.61289415],66,87,"[0.1552445589536314, 0.5972042330566324]",-1,-1
6646,[0.26470225 0.65511273],66,17,"[0.20551760392566637, 0.6304926521590382]",-1,-1
6647,[0.20665926 0.70380856],66,45,"[0.20999502353991037, 0.7421751523063527]",72,-1
6648,[0.12365794 0.6820685 ],66,78,"[0.15859375635783876, 0.6780634151767573]",-1,-1
6649,[0.18192765 0.66202802],66,78,"[0.15859375635783876, 0.6780634151767573]",-1,-1
6650,[0.21210003 0.57603764],66,39,"[0.2493420577344874, 0.5596731913401319]",-1,16
6651,[0.1719793  0.64745449],66,78,"[0.15859375635783876, 0.6780634151767573]",74,-1
6652,[0.18427253 0.63632547],66,17,"[0.20551760392566637, 0.6304926521590382]",74,19
6653,[0.16621335 0.58664093],66,87,"[0.1552445589536314, 0.5972042330566324]",74,-1
6654,[0.26252458 0.68462079],66,21,"[0.29370179376498934, 0.7320689524506921]",-1,-1
6655,[0.16917865 0.62086787],66,87,"[0.1552445589536314, 0.5972042330566324]",-1,-1
6656,[0.22003929 0.65025815],66,17,"[0.20551760392566637, 0.6304926521590382]",74,19
6657,[0.14072331 0.66488328],66,78,"[0.15859375635783876, 0.6780634151767573]",32,-1
6658,[0.14239598 0.61283677],66,87,"[0.1552445589536314, 0.5972042330566324]",-1,-1
6659,[0.17194522 0.654155  ],66,78,"[0.15859375635783876, 0.6780634151767573]",-1,-1
6660,[0.22028513 0.63199991],66,17,"[0.20551760392566637, 0.6304926521590382]",74,19
6661,[0.18245417 0.60532011],66,87,"[0.1552445589536314, 0.5972042330566324]",74,19
6662,[0.20337159 0.63058473],66,17,"[0.20551760392566637, 0.6304926521590382]",74,19
6663,[0.19845006 0.58309598],66,87,"[0.1552445589536314, 0.5972042330566324]",74,-1
6664,[0.20838523 0.6530376 ],66,17,"[0.20551760392566637, 0.6304926521590382]",74,19
6665,[0.20165413 0.61531867],66,17,"[0.20551760392566637, 0.6304926521590382]",74,19
6666,[0.16322778 0.63936141],66,78,"[0.15859375635783876, 0.6780634151767573]",74,-1
6667,[0.15043614 0.62731922],66,87,"[0.1552445589536314, 0.5972042330566324]",-1,-1
6668,[0.13329765 0.58836318],66,87,"[0.1552445589536314, 0.5972042330566324]",23,-1
6669,[0.20852174 0.63835539],66,17,"[0.20551760392566637, 0.6304926521590382]",74,19
6670,[0.19098408 0.60110647],66,17,"[0.20551760392566637, 0.6304926521590382]",74,19
6671,[0.17204118 0.6656511 ],66,78,"[0.15859375635783876, 0.6780634151767573]",-1,-1
6672,[0.18023158 0.6421402 ],66,17,"[0.20551760392566637, 0.6304926521590382]",74,-1
6673,[0.18421113 0.64171176],66,17,"[0.20551760392566637, 0.6304926521590382]",74,-1
6674,[0.20237175 0.56527978],66,39,"[0.2493420577344874, 0.5596731913401319]",-1,-1
6675,[0.18455957 0.62434745],66,17,"[0.20551760392566637, 0.6304926521590382]",74,19
6676,[0.20652365 0.64241494],66,17,"[0.20551760392566637, 0.6304926521590382]",74,19
6677,[0.22265736 0.61368096],66,17,"[0.20551760392566637, 0.6304926521590382]",-1,-1
6678,[0.22995444 0.66201814],66,17,"[0.20551760392566637, 0.6304926521590382]",-1,-1
6679,[0.13246332 0.65862675],66,78,"[0.15859375635783876, 0.6780634151767573]",32,-1
6680,[0.229214   0.64600352],66,17,"[0.20551760392566637, 0.6304926521590382]",-1,-1
6681,[0.23372513 0.57157002],66,39,"[0.2493420577344874, 0.5596731913401319]",74,17
6682,[0.13631496 0.70832034],66,78,"[0.15859375635783876, 0.6780634151767573]",-1,-1
6683,[0.203242   0.62451159],66,17,"[0.20551760392566637, 0.6304926521590382]",74,19
6684,[0.17272459 0.69083625],66,78,"[0.15859375635783876, 0.6780634151767573]",-1,-1
6685,[0.20765225 0.67028546],66,17,"[0.20551760392566637, 0.6304926521590382]",72,-1
6686,[0.24612016 0.62179352],66,17,"[0.20551760392566637, 0.6304926521590382]",-1,-1
6687,[0.19697062 0.60896577],66,17,"[0.20551760392566637, 0.6304926521590382]",74,19
6688,[0.21267554 0.65113895],66,17,"[0.20551760392566637, 0.6304926521590382]",74,19
6689,[0.17746281 0.65177201],66,78,"[0.15859375635783876, 0.6780634151767573]",74,-1
6690,[0.21282003 0.67683464],66,17,"[0.20551760392566637, 0.6304926521590382]",72,-1
6691,[0.17014543 0.60611911],66,87,"[0.1552445589536314, 0.5972042330566324]",74,-1
6692,[0.13114122 0.67529782],66,78,"[0.15859375635783876, 0.6780634151767573]",32,-1
6693,[0.13267722 0.67826719],66,78,"[0.15859375635783876, 0.6780634151767573]",32,-1
6694,[0.23142679 0.62619826],66,17,"[0.20551760392566637, 0.6304926521590382]",74,19
6695,[0.23443453 0.68984156],66,45,"[0.20999502353991037, 0.7421751523063527]",72,20
6696,[0.2306459  0.63263696],66,17,"[0.20551760392566637, 0.6304926521590382]",74,19
6697,[0.18743717 0.69103672],66,78,"[0.15859375635783876, 0.6780634151767573]",72,-1
6698,[0.15984308 0.66953416],66,78,"[0.15859375635783876, 0.6780634151767573]",-1,-1
6699,[0.21993089 0.63620149],66,17,"[0.20551760392566637, 0.6304926521590382]",74,19
6700,[0.21779098 0.28922601],67,57,"[0.27184000903695754, 0.33180004241702465]",-1,-1
6701,[0.35970157 0.28868653],67,20,"[0.33994633114074657, 0.26920062338349254]",112,-1
6702,[0.28469193 0.24276918],67,54,"[0.30468739666036593, 0.22018864942906555]",112,-1
6703,[0.28774546 0.36507042],67,63,"[0.31265848991799045, 0.3636044905994273]",112,-1
6704,[0.36199377 0.28705011],67,20,"[0.33994633114074657, 0.26920062338349254]",112,-1
6705,[0.35211221 0.27643115],67,20,"[0.33994633114074657, 0.26920062338349254]",112,-1
6706,[0.2754293  0.30378236],67,57,"[0.27184000903695754, 0.33180004241702465]",54,-1
6707,[0.32985706 0.23123748],67,54,"[0.30468739666036593, 0.22018864942906555]",112,51
6708,[0.33195793 0.29774406],67,20,"[0.33994633114074657, 0.26920062338349254]",-1,-1
6709,[0.31619585 0.29490785],67,20,"[0.33994633114074657, 0.26920062338349254]",99,-1
6710,[0.31950409 0.28983312],67,20,"[0.33994633114074657, 0.26920062338349254]",99,-1
6711,[0.2612341  0.33757129],67,57,"[0.27184000903695754, 0.33180004241702465]",112,-1
6712,[0.26071061 0.33624831],67,57,"[0.27184000903695754, 0.33180004241702465]",-1,-1
6713,[0.27250035 0.36310883],67,57,"[0.27184000903695754, 0.33180004241702465]",112,63
6714,[0.24941736 0.33987691],67,57,"[0.27184000903695754, 0.33180004241702465]",112,-1
6715,[0.27397137 0.29188214],67,57,"[0.27184000903695754, 0.33180004241702465]",54,-1
6716,[0.33167705 0.30995038],67,20,"[0.33994633114074657, 0.26920062338349254]",-1,25
6717,[0.32967091 0.25628004],67,20,"[0.33994633114074657, 0.26920062338349254]",112,-1
6718,[0.31667388 0.28238842],67,20,"[0.33994633114074657, 0.26920062338349254]",-1,-1
6719,[0.32015604 0.36792845],67,63,"[0.31265848991799045, 0.3636044905994273]",112,-1
6720,[0.32276388 0.30291475],67,20,"[0.33994633114074657, 0.26920062338349254]",-1,-1
6721,[0.26942168 0.28714871],67,57,"[0.27184000903695754, 0.33180004241702465]",54,-1
6722,[0.38102693 0.19895653],67,16,"[0.3922781621956629, 0.20389538485907233]",112,-1
6723,[0.29537195 0.25846392],67,54,"[0.30468739666036593, 0.22018864942906555]",112,43
6724,[0.28049035 0.26141049],67,54,"[0.30468739666036593, 0.22018864942906555]",112,43
6725,[0.35414532 0.21597736],67,16,"[0.3922781621956629, 0.20389538485907233]",112,-1
6726,[0.35760044 0.33466029],67,30,"[0.3717358952181559, 0.3578997358568481]",-1,-1
6727,[0.30775684 0.25097452],67,54,"[0.30468739666036593, 0.22018864942906555]",112,-1
6728,[0.25129389 0.25517845],67,58,"[0.23587849952508277, 0.1945277456030734]",-1,-1
6729,[0.34903291 0.31664539],67,30,"[0.3717358952181559, 0.3578997358568481]",101,25
6730,[0.29024053 0.25218349],67,54,"[0.30468739666036593, 0.22018864942906555]",112,43
6731,[0.25314686 0.3478201 ],67,57,"[0.27184000903695754, 0.33180004241702465]",112,-1
6732,[0.27819587 0.2464845 ],67,54,"[0.30468739666036593, 0.22018864942906555]",112,-1
6733,[0.31384751 0.31222318],67,57,"[0.27184000903695754, 0.33180004241702465]",-1,-1
6734,[0.27458163 0.25584923],67,54,"[0.30468739666036593, 0.22018864942906555]",112,-1
6735,[0.26635273 0.3242722 ],67,57,"[0.27184000903695754, 0.33180004241702465]",-1,-1
6736,[0.33031316 0.28233532],67,20,"[0.33994633114074657, 0.26920062338349254]",-1,-1
6737,[0.2742991  0.27043328],67,54,"[0.30468739666036593, 0.22018864942906555]",-1,-1
6738,[0.28613103 0.35162152],67,57,"[0.27184000903695754, 0.33180004241702465]",112,63
6739,[0.36436696 0.34321233],67,30,"[0.3717358952181559, 0.3578997358568481]",112,-1
6740,[0.34892409 0.26852516],67,20,"[0.33994633114074657, 0.26920062338349254]",112,-1
6741,[0.42089624 0.30916768],67,47,"[0.41917741489762755, 0.2753980840246735]",112,-1
6742,[0.29411909 0.25350306],67,54,"[0.30468739666036593, 0.22018864942906555]",112,43
6743,[0.2325098 0.3442993],67,77,"[0.22975717865813536, 0.35984896868285715]",-1,-1
6744,[0.34057598 0.32036264],67,30,"[0.3717358952181559, 0.3578997358568481]",101,25
6745,[0.29328695 0.3582352 ],67,63,"[0.31265848991799045, 0.3636044905994273]",112,63
6746,[0.30634138 0.26825513],67,20,"[0.33994633114074657, 0.26920062338349254]",112,-1
6747,[0.27934042 0.29468717],67,57,"[0.27184000903695754, 0.33180004241702465]",-1,-1
6748,[0.32425775 0.29512379],67,20,"[0.33994633114074657, 0.26920062338349254]",99,-1
6749,[0.26020625 0.22873976],67,58,"[0.23587849952508277, 0.1945277456030734]",-1,-1
6750,[0.28476478 0.24349806],67,54,"[0.30468739666036593, 0.22018864942906555]",112,-1
6751,[0.28842382 0.30340926],67,57,"[0.27184000903695754, 0.33180004241702465]",-1,-1
6752,[0.33368272 0.27348613],67,20,"[0.33994633114074657, 0.26920062338349254]",112,-1
6753,[0.2648381  0.29617237],67,57,"[0.27184000903695754, 0.33180004241702465]",54,-1
6754,[0.31655085 0.294331  ],67,20,"[0.33994633114074657, 0.26920062338349254]",99,-1
6755,[0.29098141 0.34952199],67,63,"[0.31265848991799045, 0.3636044905994273]",112,63
6756,[0.2960684  0.36060289],67,63,"[0.31265848991799045, 0.3636044905994273]",112,63
6757,[0.32993086 0.32137061],67,63,"[0.31265848991799045, 0.3636044905994273]",-1,25
6758,[0.24629233 0.32367832],67,57,"[0.27184000903695754, 0.33180004241702465]",112,-1
6759,[0.28656098 0.31562566],67,57,"[0.27184000903695754, 0.33180004241702465]",-1,-1
6760,[0.33028673 0.24307051],67,20,"[0.33994633114074657, 0.26920062338349254]",112,51
6761,[0.24958167 0.26791545],67,57,"[0.27184000903695754, 0.33180004241702465]",-1,-1
6762,[0.30296103 0.25343343],67,54,"[0.30468739666036593, 0.22018864942906555]",112,43
6763,[0.2361146  0.37177393],67,77,"[0.22975717865813536, 0.35984896868285715]",-1,-1
6764,[0.32619393 0.28479519],67,20,"[0.33994633114074657, 0.26920062338349254]",99,-1
6765,[0.34292495 0.24914565],67,20,"[0.33994633114074657, 0.26920062338349254]",112,-1
6766,[0.27467222 0.30245999],67,57,"[0.27184000903695754, 0.33180004241702465]",54,-1
6767,[0.20907564 0.23134427],67,58,"[0.23587849952508277, 0.1945277456030734]",-1,-1
6768,[0.3074836 0.3705652],67,63,"[0.31265848991799045, 0.3636044905994273]",112,-1
6769,[0.31372727 0.33124154],67,63,"[0.31265848991799045, 0.3636044905994273]",84,-1
6770,[0.25677986 0.29928345],67,57,"[0.27184000903695754, 0.33180004241702465]",54,-1
6771,[0.2818249  0.25108192],67,54,"[0.30468739666036593, 0.22018864942906555]",112,43
6772,[0.29393141 0.25117267],67,54,"[0.30468739666036593, 0.22018864942906555]",112,43
6773,[0.37241476 0.3351263 ],67,30,"[0.3717358952181559, 0.3578997358568481]",-1,-1
6774,[0.27893913 0.23270759],67,54,"[0.30468739666036593, 0.22018864942906555]",-1,-1
6775,[0.29574191 0.3572119 ],67,63,"[0.31265848991799045, 0.3636044905994273]",112,63
6776,[0.34423283 0.29830745],67,20,"[0.33994633114074657, 0.26920062338349254]",-1,-1
6777,[0.2947334 0.2717198],67,20,"[0.33994633114074657, 0.26920062338349254]",-1,-1
6778,[0.32017069 0.26788349],67,20,"[0.33994633114074657, 0.26920062338349254]",-1,-1
6779,[0.24559718 0.32208942],67,57,"[0.27184000903695754, 0.33180004241702465]",112,-1
6780,[0.30530905 0.30205131],67,57,"[0.27184000903695754, 0.33180004241702465]",-1,-1
6781,[0.31634057 0.29437814],67,20,"[0.33994633114074657, 0.26920062338349254]",99,-1
6782,[0.27773572 0.30752329],67,57,"[0.27184000903695754, 0.33180004241702465]",54,-1
6783,[0.27364143 0.31156642],67,57,"[0.27184000903695754, 0.33180004241702465]",-1,-1
6784,[0.32956488 0.26553892],67,20,"[0.33994633114074657, 0.26920062338349254]",-1,-1
6785,[0.33671737 0.30849156],67,20,"[0.33994633114074657, 0.26920062338349254]",-1,25
6786,[0.30675673 0.26949909],67,20,"[0.33994633114074657, 0.26920062338349254]",112,-1
6787,[0.34942252 0.28940522],67,20,"[0.33994633114074657, 0.26920062338349254]",112,-1
6788,[0.31965643 0.29258613],67,20,"[0.33994633114074657, 0.26920062338349254]",99,-1
6789,[0.28807414 0.26325292],67,54,"[0.30468739666036593, 0.22018864942906555]",112,43
6790,[0.32019061 0.34244214],67,63,"[0.31265848991799045, 0.3636044905994273]",-1,-1
6791,[0.22963061 0.27868943],67,57,"[0.27184000903695754, 0.33180004241702465]",-1,-1
6792,[0.30017952 0.28604744],67,20,"[0.33994633114074657, 0.26920062338349254]",-1,-1
6793,[0.26124389 0.2917317 ],67,57,"[0.27184000903695754, 0.33180004241702465]",54,-1
6794,[0.28627103 0.32461669],67,57,"[0.27184000903695754, 0.33180004241702465]",-1,-1
6795,[0.32080407 0.29038971],67,20,"[0.33994633114074657, 0.26920062338349254]",99,-1
6796,[0.28020423 0.2605867 ],67,54,"[0.30468739666036593, 0.22018864942906555]",112,43
6797,[0.31160077 0.32875445],67,63,"[0.31265848991799045, 0.3636044905994273]",84,-1
6798,[0.29718704 0.24698203],67,54,"[0.30468739666036593, 0.22018864942906555]",112,-1
6799,[0.3433429  0.27394943],67,20,"[0.33994633114074657, 0.26920062338349254]",112,-1
6800,[0.22873183 0.74956233],68,45,"[0.20999502353991037, 0.7421751523063527]",66,12
6801,[0.25432236 0.70474301],68,21,"[0.29370179376498934, 0.7320689524506921]",69,-1
6802,[0.19726833 0.69022857],68,78,"[0.15859375635783876, 0.6780634151767573]",72,20
6803,[0.28936628 0.81076917],68,92,"[0.2809378662615065, 0.8576735624543382]",22,-1
6804,[0.23511422 0.71856405],68,45,"[0.20999502353991037, 0.7421751523063527]",69,-1
6805,[0.22624936 0.71528247],68,45,"[0.20999502353991037, 0.7421751523063527]",-1,-1
6806,[0.25157826 0.72336784],68,21,"[0.29370179376498934, 0.7320689524506921]",69,-1
6807,[0.24403883 0.74418631],68,45,"[0.20999502353991037, 0.7421751523063527]",65,12
6808,[0.20576385 0.75824703],68,45,"[0.20999502353991037, 0.7421751523063527]",-1,-1
6809,[0.29405695 0.75487903],68,21,"[0.29370179376498934, 0.7320689524506921]",-1,-1
6810,[0.22684091 0.75568836],68,45,"[0.20999502353991037, 0.7421751523063527]",66,12
6811,[0.22470351 0.72663616],68,45,"[0.20999502353991037, 0.7421751523063527]",-1,-1
6812,[0.25886455 0.7913801 ],68,66,"[0.23454676066543478, 0.8238001978646302]",-1,-1
6813,[0.25434985 0.74505654],68,21,"[0.29370179376498934, 0.7320689524506921]",-1,12
6814,[0.22913333 0.79357965],68,66,"[0.23454676066543478, 0.8238001978646302]",40,-1
6815,[0.26415953 0.69354133],68,21,"[0.29370179376498934, 0.7320689524506921]",-1,-1
6816,[0.21643564 0.75407551],68,45,"[0.20999502353991037, 0.7421751523063527]",-1,12
6817,[0.20993774 0.74319451],68,45,"[0.20999502353991037, 0.7421751523063527]",-1,-1
6818,[0.13324461 0.76170759],68,62,"[0.09312495606878571, 0.8049622189425123]",-1,-1
6819,[0.24935995 0.69103594],68,21,"[0.29370179376498934, 0.7320689524506921]",-1,-1
6820,[0.22496042 0.83287143],68,66,"[0.23454676066543478, 0.8238001978646302]",-1,-1
6821,[0.24081685 0.75454413],68,45,"[0.20999502353991037, 0.7421751523063527]",65,12
6822,[0.27634336 0.68840738],68,21,"[0.29370179376498934, 0.7320689524506921]",-1,-1
6823,[0.28346833 0.82779234],68,92,"[0.2809378662615065, 0.8576735624543382]",-1,-1
6824,[0.30922386 0.77031268],68,21,"[0.29370179376498934, 0.7320689524506921]",92,-1
6825,[0.2614278  0.73513858],68,21,"[0.29370179376498934, 0.7320689524506921]",-1,-1
6826,[0.22818066 0.7599053 ],68,45,"[0.20999502353991037, 0.7421751523063527]",66,12
6827,[0.1820577  0.76615162],68,45,"[0.20999502353991037, 0.7421751523063527]",-1,-1
6828,[0.23086903 0.70268997],68,45,"[0.20999502353991037, 0.7421751523063527]",72,-1
6829,[0.23617416 0.76424434],68,45,"[0.20999502353991037, 0.7421751523063527]",66,12
6830,[0.22851267 0.75876587],68,45,"[0.20999502353991037, 0.7421751523063527]",66,12
6831,[0.24635609 0.75691267],68,45,"[0.20999502353991037, 0.7421751523063527]",65,12
6832,[0.26032111 0.75539036],68,21,"[0.29370179376498934, 0.7320689524506921]",-1,12
6833,[0.23157185 0.73247819],68,45,"[0.20999502353991037, 0.7421751523063527]",-1,-1
6834,[0.33911737 0.74686192],68,28,"[0.3665533604727163, 0.7224000836333309]",95,45
6835,[0.33949034 0.76079149],68,28,"[0.3665533604727163, 0.7224000836333309]",95,45
6836,[0.28886524 0.76824453],68,21,"[0.29370179376498934, 0.7320689524506921]",80,-1
6837,[0.34621844 0.69319792],68,28,"[0.3665533604727163, 0.7224000836333309]",112,59
6838,[0.28770655 0.72891092],68,21,"[0.29370179376498934, 0.7320689524506921]",-1,-1
6839,[0.21298747 0.76624641],68,45,"[0.20999502353991037, 0.7421751523063527]",-1,-1
6840,[0.21107448 0.67424363],68,17,"[0.20551760392566637, 0.6304926521590382]",72,-1
6841,[0.2819688  0.69240674],68,21,"[0.29370179376498934, 0.7320689524506921]",69,-1
6842,[0.28283714 0.75904873],68,21,"[0.29370179376498934, 0.7320689524506921]",80,-1
6843,[0.24851778 0.69302782],68,21,"[0.29370179376498934, 0.7320689524506921]",-1,-1
6844,[0.20235174 0.72172353],68,45,"[0.20999502353991037, 0.7421751523063527]",-1,-1
6845,[0.3061121  0.80453735],68,92,"[0.2809378662615065, 0.8576735624543382]",-1,-1
6846,[0.22387557 0.77475367],68,45,"[0.20999502353991037, 0.7421751523063527]",-1,-1
6847,[0.28550649 0.69960856],68,21,"[0.29370179376498934, 0.7320689524506921]",69,-1
6848,[0.25001582 0.74859919],68,45,"[0.20999502353991037, 0.7421751523063527]",65,12
6849,[0.35051104 0.78341004],68,27,"[0.394960489486544, 0.7962465519607298]",88,-1
6850,[0.21432955 0.77276915],68,45,"[0.20999502353991037, 0.7421751523063527]",-1,-1
6851,[0.19138061 0.68850602],68,78,"[0.15859375635783876, 0.6780634151767573]",72,-1
6852,[0.28803555 0.72281906],68,21,"[0.29370179376498934, 0.7320689524506921]",-1,-1
6853,[0.26533397 0.68063811],68,21,"[0.29370179376498934, 0.7320689524506921]",-1,-1
6854,[0.19600669 0.70122246],68,45,"[0.20999502353991037, 0.7421751523063527]",-1,-1
6855,[0.29753883 0.78742401],68,21,"[0.29370179376498934, 0.7320689524506921]",-1,-1
6856,[0.13554477 0.72919045],68,78,"[0.15859375635783876, 0.6780634151767573]",-1,-1
6857,[0.26039536 0.72497561],68,21,"[0.29370179376498934, 0.7320689524506921]",69,13
6858,[0.25939804 0.71923065],68,21,"[0.29370179376498934, 0.7320689524506921]",69,13
6859,[0.26915093 0.74869889],68,21,"[0.29370179376498934, 0.7320689524506921]",-1,-1
6860,[0.2855745  0.74130871],68,21,"[0.29370179376498934, 0.7320689524506921]",-1,-1
6861,[0.17804114 0.71884307],68,45,"[0.20999502353991037, 0.7421751523063527]",71,-1
6862,[0.24998128 0.74290221],68,45,"[0.20999502353991037, 0.7421751523063527]",-1,12
6863,[0.25451991 0.72554368],68,21,"[0.29370179376498934, 0.7320689524506921]",69,13
6864,[0.25971979 0.7653686 ],68,21,"[0.29370179376498934, 0.7320689524506921]",-1,-1
6865,[0.25733044 0.74066518],68,21,"[0.29370179376498934, 0.7320689524506921]",-1,-1
6866,[0.2592989  0.79419204],68,66,"[0.23454676066543478, 0.8238001978646302]",-1,-1
6867,[0.21414456 0.78844755],68,66,"[0.23454676066543478, 0.8238001978646302]",40,-1
6868,[0.26382755 0.72820033],68,21,"[0.29370179376498934, 0.7320689524506921]",69,13
6869,[0.24547365 0.7103331 ],68,45,"[0.20999502353991037, 0.7421751523063527]",-1,-1
6870,[0.25605613 0.78087504],68,66,"[0.23454676066543478, 0.8238001978646302]",-1,-1
6871,[0.37366595 0.68790965],68,28,"[0.3665533604727163, 0.7224000836333309]",112,-1
6872,[0.27667369 0.72223003],68,21,"[0.29370179376498934, 0.7320689524506921]",-1,13
6873,[0.21046862 0.75659199],68,45,"[0.20999502353991037, 0.7421751523063527]",-1,-1
6874,[0.25256442 0.76370648],68,45,"[0.20999502353991037, 0.7421751523063527]",65,-1
6875,[0.24153941 0.72091515],68,45,"[0.20999502353991037, 0.7421751523063527]",69,13
6876,[0.29007271 0.8017783 ],68,92,"[0.2809378662615065, 0.8576735624543382]",22,-1
6877,[0.29388811 0.6942653 ],68,21,"[0.29370179376498934, 0.7320689524506921]",-1,-1
6878,[0.26869181 0.71850957],68,21,"[0.29370179376498934, 0.7320689524506921]",69,13
6879,[0.22632267 0.74698476],68,45,"[0.20999502353991037, 0.7421751523063527]",66,12
6880,[0.21409771 0.80777769],68,66,"[0.23454676066543478, 0.8238001978646302]",-1,-1
6881,[0.30054901 0.80331637],68,92,"[0.2809378662615065, 0.8576735624543382]",22,-1
6882,[0.26128523 0.70988858],68,21,"[0.29370179376498934, 0.7320689524506921]",69,-1
6883,[0.2659591  0.73045825],68,21,"[0.29370179376498934, 0.7320689524506921]",69,13
6884,[0.2701616  0.79928384],68,66,"[0.23454676066543478, 0.8238001978646302]",-1,-1
6885,[0.26481247 0.71109131],68,21,"[0.29370179376498934, 0.7320689524506921]",69,13
6886,[0.25446231 0.81828232],68,66,"[0.23454676066543478, 0.8238001978646302]",-1,-1
6887,[0.23593447 0.81469956],68,66,"[0.23454676066543478, 0.8238001978646302]",40,-1
6888,[0.23039873 0.79914445],68,66,"[0.23454676066543478, 0.8238001978646302]",40,7
6889,[0.19531924 0.77402056],68,45,"[0.20999502353991037, 0.7421751523063527]",-1,-1
6890,[0.30914623 0.82715584],68,92,"[0.2809378662615065, 0.8576735624543382]",-1,-1
6891,[0.30812106 0.7739355 ],68,21,"[0.29370179376498934, 0.7320689524506921]",-1,-1
6892,[0.31072064 0.79652844],68,21,"[0.29370179376498934, 0.7320689524506921]",-1,-1
6893,[0.23385586 0.69750804],68,45,"[0.20999502353991037, 0.7421751523063527]",72,-1
6894,[0.23051825 0.78870131],68,66,"[0.23454676066543478, 0.8238001978646302]",40,-1
6895,[0.2189034  0.80564775],68,66,"[0.23454676066543478, 0.8238001978646302]",-1,-1
6896,[0.26656416 0.76356973],68,21,"[0.29370179376498934, 0.7320689524506921]",-1,-1
6897,[0.22047489 0.74146218],68,45,"[0.20999502353991037, 0.7421751523063527]",66,12
6898,[0.25505529 0.71599849],68,21,"[0.29370179376498934, 0.7320689524506921]",69,13
6899,[0.34652119 0.70049477],68,28,"[0.3665533604727163, 0.7224000836333309]",112,59
6900,[0.54512957 0.25105093],69,24,"[0.5369464490953868, 0.27541725802307815]",-1,-1
6901,[0.49629219 0.23259482],69,3,"[0.531508884163895, 0.21064096043592298]",112,-1
6902,[0.56680437 0.31273035],69,15,"[0.5482412671622104, 0.34401601997908093]",112,-1
6903,[0.53106515 0.32262985],69,15,"[0.5482412671622104, 0.34401601997908093]",112,70
6904,[0.57928566 0.28345272],69,24,"[0.5369464490953868, 0.27541725802307815]",112,-1
6905,[0.53390446 0.36767424],69,15,"[0.5482412671622104, 0.34401601997908093]",112,71
6906,[0.53622721 0.2672378 ],69,24,"[0.5369464490953868, 0.27541725802307815]",112,-1
6907,[0.56871272 0.30812034],69,15,"[0.5482412671622104, 0.34401601997908093]",112,-1
6908,[0.45343267 0.3149819 ],69,34,"[0.4470179228154517, 0.33644420436777783]",112,37
6909,[0.55767037 0.35549984],69,15,"[0.5482412671622104, 0.34401601997908093]",112,-1
6910,[0.5119087  0.29538577],69,24,"[0.5369464490953868, 0.27541725802307815]",112,-1
6911,[0.51259805 0.28253257],69,24,"[0.5369464490953868, 0.27541725802307815]",112,-1
6912,[0.52899567 0.34903177],69,15,"[0.5482412671622104, 0.34401601997908093]",112,-1
6913,[0.5045116  0.17899848],69,3,"[0.531508884163895, 0.21064096043592298]",112,52
6914,[0.52881766 0.34352783],69,15,"[0.5482412671622104, 0.34401601997908093]",112,70
6915,[0.53524891 0.23502747],69,3,"[0.531508884163895, 0.21064096043592298]",112,77
6916,[0.49718724 0.37146987],69,22,"[0.4960765404668817, 0.3879133591162554]",112,69
6917,[0.49784381 0.2933717 ],69,24,"[0.5369464490953868, 0.27541725802307815]",-1,-1
6918,[0.51066139 0.35315151],69,22,"[0.4960765404668817, 0.3879133591162554]",112,-1
6919,[0.51153684 0.33747462],69,15,"[0.5482412671622104, 0.34401601997908093]",112,-1
6920,[0.5317482  0.30339601],69,24,"[0.5369464490953868, 0.27541725802307815]",112,-1
6921,[0.46648362 0.29777274],69,34,"[0.4470179228154517, 0.33644420436777783]",76,-1
6922,[0.53406227 0.30192716],69,24,"[0.5369464490953868, 0.27541725802307815]",112,-1
6923,[0.54739047 0.33842462],69,15,"[0.5482412671622104, 0.34401601997908093]",112,-1
6924,[0.51687817 0.24944166],69,24,"[0.5369464490953868, 0.27541725802307815]",112,77
6925,[0.47909943 0.28481996],69,24,"[0.5369464490953868, 0.27541725802307815]",76,-1
6926,[0.49233317 0.36795078],69,22,"[0.4960765404668817, 0.3879133591162554]",112,69
6927,[0.5325201  0.31159407],69,15,"[0.5482412671622104, 0.34401601997908093]",112,-1
6928,[0.50751577 0.27930244],69,24,"[0.5369464490953868, 0.27541725802307815]",112,-1
6929,[0.46634915 0.28363424],69,47,"[0.41917741489762755, 0.2753980840246735]",76,-1
6930,[0.58280754 0.27645977],69,24,"[0.5369464490953868, 0.27541725802307815]",112,80
6931,[0.60523681 0.36003762],69,4,"[0.621879023183751, 0.3152829127139686]",112,-1
6932,[0.50231912 0.35130993],69,22,"[0.4960765404668817, 0.3879133591162554]",112,-1
6933,[0.57594939 0.41649561],69,50,"[0.5684163633112168, 0.42493695949350735]",-1,-1
6934,[0.53023406 0.33114602],69,15,"[0.5482412671622104, 0.34401601997908093]",112,70
6935,[0.60661145 0.29871427],69,4,"[0.621879023183751, 0.3152829127139686]",112,80
6936,[0.53809222 0.32845727],69,15,"[0.5482412671622104, 0.34401601997908093]",112,70
6937,[0.4580052  0.29248004],69,47,"[0.41917741489762755, 0.2753980840246735]",-1,-1
6938,[0.50975415 0.29737202],69,24,"[0.5369464490953868, 0.27541725802307815]",112,-1
6939,[0.52159917 0.30053995],69,24,"[0.5369464490953868, 0.27541725802307815]",-1,-1
6940,[0.52061064 0.34250391],69,15,"[0.5482412671622104, 0.34401601997908093]",112,70
6941,[0.55127977 0.26963059],69,24,"[0.5369464490953868, 0.27541725802307815]",112,-1
6942,[0.53296292 0.31458023],69,15,"[0.5482412671622104, 0.34401601997908093]",112,-1
6943,[0.49896696 0.31430038],69,24,"[0.5369464490953868, 0.27541725802307815]",112,-1
6944,[0.47449606 0.29070775],69,34,"[0.4470179228154517, 0.33644420436777783]",76,-1
6945,[0.53371023 0.24990179],69,24,"[0.5369464490953868, 0.27541725802307815]",112,-1
6946,[0.48140014 0.31870943],69,34,"[0.4470179228154517, 0.33644420436777783]",-1,-1
6947,[0.54936968 0.30102697],69,24,"[0.5369464490953868, 0.27541725802307815]",112,-1
6948,[0.53421279 0.32140533],69,15,"[0.5482412671622104, 0.34401601997908093]",112,70
6949,[0.54887983 0.32430132],69,15,"[0.5482412671622104, 0.34401601997908093]",112,-1
6950,[0.52295674 0.2953508 ],69,24,"[0.5369464490953868, 0.27541725802307815]",112,-1
6951,[0.51281895 0.2804436 ],69,24,"[0.5369464490953868, 0.27541725802307815]",112,-1
6952,[0.56209275 0.27986826],69,24,"[0.5369464490953868, 0.27541725802307815]",112,-1
6953,[0.48362351 0.29943899],69,34,"[0.4470179228154517, 0.33644420436777783]",-1,-1
6954,[0.55369675 0.28431051],69,24,"[0.5369464490953868, 0.27541725802307815]",112,75
6955,[0.59021683 0.29918276],69,4,"[0.621879023183751, 0.3152829127139686]",112,80
6956,[0.48783242 0.32825348],69,34,"[0.4470179228154517, 0.33644420436777783]",-1,-1
6957,[0.51780116 0.2606691 ],69,24,"[0.5369464490953868, 0.27541725802307815]",112,-1
6958,[0.52798628 0.28711385],69,24,"[0.5369464490953868, 0.27541725802307815]",112,75
6959,[0.51524126 0.28944318],69,24,"[0.5369464490953868, 0.27541725802307815]",112,-1
6960,[0.49940267 0.34243424],69,22,"[0.4960765404668817, 0.3879133591162554]",112,-1
6961,[0.55799377 0.33218394],69,15,"[0.5482412671622104, 0.34401601997908093]",112,-1
6962,[0.50312591 0.30274434],69,24,"[0.5369464490953868, 0.27541725802307815]",112,-1
6963,[0.50356406 0.27549797],69,24,"[0.5369464490953868, 0.27541725802307815]",-1,-1
6964,[0.55154    0.33351374],69,15,"[0.5482412671622104, 0.34401601997908093]",112,-1
6965,[0.53629312 0.26895139],69,24,"[0.5369464490953868, 0.27541725802307815]",112,75
6966,[0.51716679 0.25966685],69,24,"[0.5369464490953868, 0.27541725802307815]",112,-1
6967,[0.50485183 0.29910674],69,24,"[0.5369464490953868, 0.27541725802307815]",112,-1
6968,[0.54562362 0.17511625],69,70,"[0.5651469735094694, 0.16500650040708084]",112,-1
6969,[0.52432064 0.34488096],69,15,"[0.5482412671622104, 0.34401601997908093]",112,70
6970,[0.54035974 0.32892714],69,15,"[0.5482412671622104, 0.34401601997908093]",112,-1
6971,[0.52146669 0.27126749],69,24,"[0.5369464490953868, 0.27541725802307815]",-1,-1
6972,[0.49400674 0.30285061],69,24,"[0.5369464490953868, 0.27541725802307815]",-1,-1
6973,[0.46241125 0.27029802],69,47,"[0.41917741489762755, 0.2753980840246735]",-1,-1
6974,[0.4885719  0.23151956],69,3,"[0.531508884163895, 0.21064096043592298]",112,-1
6975,[0.53590918 0.27505033],69,24,"[0.5369464490953868, 0.27541725802307815]",112,75
6976,[0.58262976 0.29825155],69,4,"[0.621879023183751, 0.3152829127139686]",112,-1
6977,[0.46065797 0.3121428 ],69,34,"[0.4470179228154517, 0.33644420436777783]",112,-1
6978,[0.49811619 0.33948409],69,22,"[0.4960765404668817, 0.3879133591162554]",112,-1
6979,[0.55575208 0.28377825],69,24,"[0.5369464490953868, 0.27541725802307815]",112,-1
6980,[0.56919781 0.3529821 ],69,15,"[0.5482412671622104, 0.34401601997908093]",112,68
6981,[0.50532512 0.3558722 ],69,22,"[0.4960765404668817, 0.3879133591162554]",112,-1
6982,[0.45515683 0.25215474],69,47,"[0.41917741489762755, 0.2753980840246735]",-1,-1
6983,[0.52246508 0.28726547],69,24,"[0.5369464490953868, 0.27541725802307815]",112,-1
6984,[0.46663576 0.29042444],69,47,"[0.41917741489762755, 0.2753980840246735]",-1,-1
6985,[0.51677109 0.33758331],69,15,"[0.5482412671622104, 0.34401601997908093]",112,-1
6986,[0.42786633 0.31873969],69,34,"[0.4470179228154517, 0.33644420436777783]",112,-1
6987,[0.58733839 0.28228957],69,4,"[0.621879023183751, 0.3152829127139686]",112,80
6988,[0.58546657 0.24199432],69,7,"[0.6005437719733706, 0.22857083174818627]",112,80
6989,[0.51239757 0.3588065 ],69,22,"[0.4960765404668817, 0.3879133591162554]",112,69
6990,[0.48040499 0.28171466],69,24,"[0.5369464490953868, 0.27541725802307815]",76,-1
6991,[0.50325671 0.41354694],69,22,"[0.4960765404668817, 0.3879133591162554]",112,-1
6992,[0.47376139 0.27544336],69,47,"[0.41917741489762755, 0.2753980840246735]",76,-1
6993,[0.50144214 0.25184399],69,24,"[0.5369464490953868, 0.27541725802307815]",112,77
6994,[0.54458175 0.31348806],69,15,"[0.5482412671622104, 0.34401601997908093]",112,-1
6995,[0.53897179 0.35465562],69,15,"[0.5482412671622104, 0.34401601997908093]",112,-1
6996,[0.49737971 0.31733808],69,34,"[0.4470179228154517, 0.33644420436777783]",112,-1
6997,[0.54592722 0.31378046],69,15,"[0.5482412671622104, 0.34401601997908093]",112,-1
6998,[0.49226453 0.28403975],69,24,"[0.5369464490953868, 0.27541725802307815]",-1,-1
6999,[0.60596816 0.32681267],69,4,"[0.621879023183751, 0.3152829127139686]",-1,-1
7000,[0.46572816 0.35835444],70,34,"[0.4470179228154517, 0.33644420436777783]",-1,-1
7001,[0.39875011 0.40884955],70,6,"[0.40441044434758894, 0.4112979157836676]",112,72
7002,[0.44043028 0.38451169],70,6,"[0.40441044434758894, 0.4112979157836676]",112,72
7003,[0.47714725 0.43698324],70,2,"[0.4451682216738327, 0.4665045826425144]",112,-1
7004,[0.48114686 0.41619549],70,22,"[0.4960765404668817, 0.3879133591162554]",112,-1
7005,[0.48246094 0.40502673],70,22,"[0.4960765404668817, 0.3879133591162554]",112,-1
7006,[0.40661921 0.40889774],70,6,"[0.40441044434758894, 0.4112979157836676]",112,72
7007,[0.40881549 0.46817726],70,53,"[0.3771044042788204, 0.4722281085909072]",112,72
7008,[0.44907437 0.39920689],70,6,"[0.40441044434758894, 0.4112979157836676]",112,72
7009,[0.50421776 0.39195205],70,22,"[0.4960765404668817, 0.3879133591162554]",112,-1
7010,[0.42838851 0.39901426],70,6,"[0.40441044434758894, 0.4112979157836676]",112,72
7011,[0.53208386 0.47259257],70,50,"[0.5684163633112168, 0.42493695949350735]",-1,-1
7012,[0.50921162 0.3411282 ],70,15,"[0.5482412671622104, 0.34401601997908093]",112,-1
7013,[0.46913451 0.43200952],70,2,"[0.4451682216738327, 0.4665045826425144]",112,-1
7014,[0.44392756 0.50539177],70,2,"[0.4451682216738327, 0.4665045826425144]",112,-1
7015,[0.48616865 0.41224184],70,22,"[0.4960765404668817, 0.3879133591162554]",112,-1
7016,[0.46787791 0.40703195],70,22,"[0.4960765404668817, 0.3879133591162554]",112,-1
7017,[0.43971129 0.50892574],70,2,"[0.4451682216738327, 0.4665045826425144]",112,-1
7018,[0.51759675 0.37583593],70,22,"[0.4960765404668817, 0.3879133591162554]",112,-1
7019,[0.38546121 0.43386381],70,6,"[0.40441044434758894, 0.4112979157836676]",112,72
7020,[0.50650838 0.42261789],70,22,"[0.4960765404668817, 0.3879133591162554]",-1,-1
7021,[0.44938113 0.43725324],70,2,"[0.4451682216738327, 0.4665045826425144]",112,-1
7022,[0.42345037 0.36565292],70,34,"[0.4470179228154517, 0.33644420436777783]",112,73
7023,[0.51082155 0.42614344],70,22,"[0.4960765404668817, 0.3879133591162554]",-1,-1
7024,[0.49725515 0.40437363],70,22,"[0.4960765404668817, 0.3879133591162554]",112,-1
7025,[0.38692584 0.41985926],70,6,"[0.40441044434758894, 0.4112979157836676]",112,72
7026,[0.4162479  0.43555704],70,6,"[0.40441044434758894, 0.4112979157836676]",112,72
7027,[0.46300803 0.39913818],70,22,"[0.4960765404668817, 0.3879133591162554]",112,-1
7028,[0.46593811 0.37814711],70,22,"[0.4960765404668817, 0.3879133591162554]",112,-1
7029,[0.33660198 0.41997947],70,44,"[0.34853587644703343, 0.40608971906389735]",112,-1
7030,[0.46224609 0.40424604],70,22,"[0.4960765404668817, 0.3879133591162554]",112,-1
7031,[0.43793136 0.45081181],70,2,"[0.4451682216738327, 0.4665045826425144]",112,72
7032,[0.47176368 0.38695104],70,22,"[0.4960765404668817, 0.3879133591162554]",-1,-1
7033,[0.47624142 0.41576232],70,22,"[0.4960765404668817, 0.3879133591162554]",-1,-1
7034,[0.52444042 0.43351872],70,50,"[0.5684163633112168, 0.42493695949350735]",-1,-1
7035,[0.44613068 0.44051332],70,2,"[0.4451682216738327, 0.4665045826425144]",112,72
7036,[0.43410538 0.44496505],70,2,"[0.4451682216738327, 0.4665045826425144]",112,72
7037,[0.44185033 0.47783003],70,2,"[0.4451682216738327, 0.4665045826425144]",112,72
7038,[0.39874928 0.36518709],70,30,"[0.3717358952181559, 0.3578997358568481]",112,-1
7039,[0.47759556 0.40200064],70,22,"[0.4960765404668817, 0.3879133591162554]",112,-1
7040,[0.41607452 0.4347595 ],70,6,"[0.40441044434758894, 0.4112979157836676]",112,72
7041,[0.43429392 0.41429377],70,6,"[0.40441044434758894, 0.4112979157836676]",112,-1
7042,[0.48295863 0.45858263],70,2,"[0.4451682216738327, 0.4665045826425144]",-1,-1
7043,[0.42849996 0.45044152],70,2,"[0.4451682216738327, 0.4665045826425144]",112,72
7044,[0.41919209 0.39983407],70,6,"[0.40441044434758894, 0.4112979157836676]",112,72
7045,[0.39236261 0.39819875],70,6,"[0.40441044434758894, 0.4112979157836676]",112,72
7046,[0.4816226  0.43675916],70,2,"[0.4451682216738327, 0.4665045826425144]",112,-1
7047,[0.45577627 0.46602897],70,2,"[0.4451682216738327, 0.4665045826425144]",112,72
7048,[0.49960247 0.41470896],70,22,"[0.4960765404668817, 0.3879133591162554]",112,-1
7049,[0.40157813 0.42896055],70,6,"[0.40441044434758894, 0.4112979157836676]",112,72
7050,[0.47265577 0.49262293],70,2,"[0.4451682216738327, 0.4665045826425144]",112,-1
7051,[0.42620004 0.4665838 ],70,2,"[0.4451682216738327, 0.4665045826425144]",112,72
7052,[0.38689008 0.48554189],70,53,"[0.3771044042788204, 0.4722281085909072]",112,-1
7053,[0.45627186 0.46029686],70,2,"[0.4451682216738327, 0.4665045826425144]",112,72
7054,[0.45441618 0.45967577],70,2,"[0.4451682216738327, 0.4665045826425144]",112,-1
7055,[0.43914606 0.415113  ],70,6,"[0.40441044434758894, 0.4112979157836676]",112,-1
7056,[0.44835728 0.42047122],70,6,"[0.40441044434758894, 0.4112979157836676]",112,-1
7057,[0.48338993 0.36604574],70,22,"[0.4960765404668817, 0.3879133591162554]",112,69
7058,[0.42075598 0.43295156],70,6,"[0.40441044434758894, 0.4112979157836676]",112,72
7059,[0.46680131 0.46085442],70,2,"[0.4451682216738327, 0.4665045826425144]",112,-1
7060,[0.47187854 0.43668446],70,2,"[0.4451682216738327, 0.4665045826425144]",112,-1
7061,[0.43124052 0.39080015],70,6,"[0.40441044434758894, 0.4112979157836676]",112,72
7062,[0.52260497 0.4098603 ],70,22,"[0.4960765404668817, 0.3879133591162554]",-1,-1
7063,[0.44374808 0.41639331],70,6,"[0.40441044434758894, 0.4112979157836676]",112,72
7064,[0.44997347 0.42058404],70,2,"[0.4451682216738327, 0.4665045826425144]",112,-1
7065,[0.44523219 0.38236408],70,34,"[0.4470179228154517, 0.33644420436777783]",112,-1
7066,[0.48297677 0.48568325],70,2,"[0.4451682216738327, 0.4665045826425144]",112,57
7067,[0.47211311 0.40605431],70,22,"[0.4960765404668817, 0.3879133591162554]",112,-1
7068,[0.5012066  0.47578175],70,2,"[0.4451682216738327, 0.4665045826425144]",112,-1
7069,[0.48445046 0.36125828],70,22,"[0.4960765404668817, 0.3879133591162554]",112,69
7070,[0.54768433 0.44655049],70,50,"[0.5684163633112168, 0.42493695949350735]",-1,-1
7071,[0.48321941 0.4777166 ],70,2,"[0.4451682216738327, 0.4665045826425144]",112,57
7072,[0.40172818 0.44556736],70,6,"[0.40441044434758894, 0.4112979157836676]",112,-1
7073,[0.39087098 0.34941032],70,30,"[0.3717358952181559, 0.3578997358568481]",112,62
7074,[0.45835463 0.53355202],70,8,"[0.47040203841495126, 0.5433047126172346]",112,72
7075,[0.45332346 0.40287944],70,22,"[0.4960765404668817, 0.3879133591162554]",112,-1
7076,[0.41834389 0.43717817],70,6,"[0.40441044434758894, 0.4112979157836676]",112,72
7077,[0.43565434 0.40884889],70,6,"[0.40441044434758894, 0.4112979157836676]",112,72
7078,[0.49744519 0.40146571],70,22,"[0.4960765404668817, 0.3879133591162554]",112,-1
7079,[0.44151961 0.44947625],70,2,"[0.4451682216738327, 0.4665045826425144]",112,72
7080,[0.49013475 0.41476162],70,22,"[0.4960765404668817, 0.3879133591162554]",112,-1
7081,[0.51230533 0.35269809],70,15,"[0.5482412671622104, 0.34401601997908093]",112,-1
7082,[0.46305464 0.44956545],70,2,"[0.4451682216738327, 0.4665045826425144]",112,-1
7083,[0.41358016 0.38672673],70,6,"[0.40441044434758894, 0.4112979157836676]",112,-1
7084,[0.46118858 0.47119884],70,2,"[0.4451682216738327, 0.4665045826425144]",112,-1
7085,[0.45268838 0.34877751],70,34,"[0.4470179228154517, 0.33644420436777783]",112,-1
7086,[0.39166593 0.37324901],70,30,"[0.3717358952181559, 0.3578997358568481]",-1,-1
7087,[0.47440033 0.47556752],70,2,"[0.4451682216738327, 0.4665045826425144]",112,-1
7088,[0.50495046 0.36981737],70,22,"[0.4960765404668817, 0.3879133591162554]",112,-1
7089,[0.37400142 0.40035637],70,44,"[0.34853587644703343, 0.40608971906389735]",112,72
7090,[0.47975971 0.38616387],70,22,"[0.4960765404668817, 0.3879133591162554]",-1,-1
7091,[0.47293611 0.43682807],70,2,"[0.4451682216738327, 0.4665045826425144]",112,-1
7092,[0.45296487 0.43672421],70,2,"[0.4451682216738327, 0.4665045826425144]",112,-1
7093,[0.477318   0.40304743],70,22,"[0.4960765404668817, 0.3879133591162554]",112,-1
7094,[0.43253826 0.35594834],70,34,"[0.4470179228154517, 0.33644420436777783]",112,73
7095,[0.50350792 0.43178261],70,22,"[0.4960765404668817, 0.3879133591162554]",-1,-1
7096,[0.49053335 0.4711596 ],70,2,"[0.4451682216738327, 0.4665045826425144]",112,-1
7097,[0.44496219 0.39388424],70,6,"[0.40441044434758894, 0.4112979157836676]",112,-1
7098,[0.48557765 0.3994117 ],70,22,"[0.4960765404668817, 0.3879133591162554]",112,-1
7099,[0.5103289  0.40825023],70,22,"[0.4960765404668817, 0.3879133591162554]",112,-1
7100,[0.53536413 0.569447  ],71,64,"[0.5798719244027237, 0.6152041816619239]",-1,-1
7101,[0.60074003 0.64575668],71,64,"[0.5798719244027237, 0.6152041816619239]",89,-1
7102,[0.55254324 0.71377509],71,23,"[0.5302520860132256, 0.7258783520828289]",57,24
7103,[0.59845773 0.68487914],71,31,"[0.6283100186299069, 0.6976202951749496]",90,-1
7104,[0.59222422 0.64087166],71,64,"[0.5798719244027237, 0.6152041816619239]",89,-1
7105,[0.58216565 0.6152125 ],71,64,"[0.5798719244027237, 0.6152041816619239]",-1,-1
7106,[0.49202011 0.67874829],71,36,"[0.5286985042700821, 0.6516604258431233]",111,-1
7107,[0.60159329 0.69011384],71,31,"[0.6283100186299069, 0.6976202951749496]",-1,-1
7108,[0.65297857 0.71967601],71,31,"[0.6283100186299069, 0.6976202951749496]",48,-1
7109,[0.53400441 0.61556796],71,36,"[0.5286985042700821, 0.6516604258431233]",51,-1
7110,[0.55356243 0.64215254],71,36,"[0.5286985042700821, 0.6516604258431233]",111,-1
7111,[0.44161421 0.61891557],71,1,"[0.4254611998702779, 0.6260428590068665]",112,-1
7112,[0.5976476  0.62136731],71,64,"[0.5798719244027237, 0.6152041816619239]",89,-1
7113,[0.5140227  0.68919596],71,23,"[0.5302520860132256, 0.7258783520828289]",111,42
7114,[0.54157797 0.66563233],71,36,"[0.5286985042700821, 0.6516604258431233]",111,42
7115,[0.51125525 0.62610468],71,36,"[0.5286985042700821, 0.6516604258431233]",62,-1
7116,[0.54391924 0.66930058],71,36,"[0.5286985042700821, 0.6516604258431233]",111,42
7117,[0.66163531 0.6443397 ],71,49,"[0.7003976871461259, 0.6659991324849905]",34,-1
7118,[0.54790644 0.62270947],71,64,"[0.5798719244027237, 0.6152041816619239]",51,-1
7119,[0.57118511 0.6348078 ],71,64,"[0.5798719244027237, 0.6152041816619239]",-1,-1
7120,[0.56807322 0.69933584],71,23,"[0.5302520860132256, 0.7258783520828289]",105,-1
7121,[0.48093192 0.61563294],71,1,"[0.4254611998702779, 0.6260428590068665]",-1,-1
7122,[0.58940351 0.62582171],71,64,"[0.5798719244027237, 0.6152041816619239]",89,-1
7123,[0.58809843 0.62925947],71,64,"[0.5798719244027237, 0.6152041816619239]",89,-1
7124,[0.58880283 0.56686736],71,64,"[0.5798719244027237, 0.6152041816619239]",-1,-1
7125,[0.56365371 0.65014199],71,36,"[0.5286985042700821, 0.6516604258431233]",111,-1
7126,[0.59334019 0.6207511 ],71,64,"[0.5798719244027237, 0.6152041816619239]",89,-1
7127,[0.59567792 0.60824775],71,64,"[0.5798719244027237, 0.6152041816619239]",-1,-1
7128,[0.54843668 0.64384923],71,36,"[0.5286985042700821, 0.6516604258431233]",111,-1
7129,[0.49869833 0.69431499],71,23,"[0.5302520860132256, 0.7258783520828289]",111,-1
7130,[0.54890035 0.70254031],71,23,"[0.5302520860132256, 0.7258783520828289]",-1,-1
7131,[0.57681872 0.68707225],71,31,"[0.6283100186299069, 0.6976202951749496]",-1,-1
7132,[0.56986294 0.60816709],71,64,"[0.5798719244027237, 0.6152041816619239]",-1,-1
7133,[0.53796641 0.72696597],71,23,"[0.5302520860132256, 0.7258783520828289]",57,-1
7134,[0.59798647 0.6509403 ],71,64,"[0.5798719244027237, 0.6152041816619239]",89,-1
7135,[0.55389221 0.61143653],71,64,"[0.5798719244027237, 0.6152041816619239]",51,-1
7136,[0.58713299 0.66140065],71,64,"[0.5798719244027237, 0.6152041816619239]",89,-1
7137,[0.55397109 0.63595018],71,36,"[0.5286985042700821, 0.6516604258431233]",111,-1
7138,[0.54815958 0.60345239],71,64,"[0.5798719244027237, 0.6152041816619239]",51,-1
7139,[0.59967258 0.65497159],71,64,"[0.5798719244027237, 0.6152041816619239]",89,-1
7140,[0.57460498 0.68741029],71,31,"[0.6283100186299069, 0.6976202951749496]",105,-1
7141,[0.56601851 0.66022686],71,36,"[0.5286985042700821, 0.6516604258431233]",111,-1
7142,[0.50302391 0.67585124],71,36,"[0.5286985042700821, 0.6516604258431233]",-1,-1
7143,[0.5005607  0.66327749],71,36,"[0.5286985042700821, 0.6516604258431233]",111,41
7144,[0.59568134 0.73185525],71,31,"[0.6283100186299069, 0.6976202951749496]",60,-1
7145,[0.52074985 0.6413874 ],71,36,"[0.5286985042700821, 0.6516604258431233]",-1,-1
7146,[0.58657196 0.62393895],71,64,"[0.5798719244027237, 0.6152041816619239]",89,-1
7147,[0.55630789 0.57865129],71,64,"[0.5798719244027237, 0.6152041816619239]",-1,-1
7148,[0.55425766 0.60050751],71,64,"[0.5798719244027237, 0.6152041816619239]",-1,-1
7149,[0.59150368 0.68796917],71,31,"[0.6283100186299069, 0.6976202951749496]",90,-1
7150,[0.64875271 0.69237409],71,31,"[0.6283100186299069, 0.6976202951749496]",47,-1
7151,[0.55601343 0.61846676],71,64,"[0.5798719244027237, 0.6152041816619239]",51,-1
7152,[0.54114032 0.64261716],71,36,"[0.5286985042700821, 0.6516604258431233]",111,-1
7153,[0.57237815 0.65888371],71,36,"[0.5286985042700821, 0.6516604258431233]",111,-1
7154,[0.51162579 0.65110555],71,36,"[0.5286985042700821, 0.6516604258431233]",111,41
7155,[0.57087575 0.67737196],71,36,"[0.5286985042700821, 0.6516604258431233]",105,-1
7156,[0.66994406 0.6400374 ],71,49,"[0.7003976871461259, 0.6659991324849905]",-1,-1
7157,[0.5767353 0.5963444],71,64,"[0.5798719244027237, 0.6152041816619239]",-1,-1
7158,[0.50755867 0.68269205],71,36,"[0.5286985042700821, 0.6516604258431233]",-1,-1
7159,[0.53134208 0.64365423],71,36,"[0.5286985042700821, 0.6516604258431233]",-1,-1
7160,[0.56864423 0.66686202],71,36,"[0.5286985042700821, 0.6516604258431233]",-1,-1
7161,[0.47801924 0.69854564],71,48,"[0.45117785646922254, 0.7079436468031785]",-1,-1
7162,[0.57072018 0.68621965],71,36,"[0.5286985042700821, 0.6516604258431233]",105,-1
7163,[0.61605392 0.68313558],71,31,"[0.6283100186299069, 0.6976202951749496]",-1,-1
7164,[0.55097552 0.62070981],71,64,"[0.5798719244027237, 0.6152041816619239]",51,-1
7165,[0.58623899 0.67143367],71,31,"[0.6283100186299069, 0.6976202951749496]",89,-1
7166,[0.56611952 0.67032587],71,36,"[0.5286985042700821, 0.6516604258431233]",105,-1
7167,[0.53239006 0.62945074],71,36,"[0.5286985042700821, 0.6516604258431233]",-1,-1
7168,[0.5975716  0.65236066],71,64,"[0.5798719244027237, 0.6152041816619239]",89,-1
7169,[0.54837664 0.66558701],71,36,"[0.5286985042700821, 0.6516604258431233]",111,42
7170,[0.52172357 0.68109488],71,36,"[0.5286985042700821, 0.6516604258431233]",111,-1
7171,[0.52522341 0.62309038],71,36,"[0.5286985042700821, 0.6516604258431233]",51,-1
7172,[0.56054948 0.66301275],71,36,"[0.5286985042700821, 0.6516604258431233]",111,-1
7173,[0.57794665 0.65024304],71,64,"[0.5798719244027237, 0.6152041816619239]",-1,-1
7174,[0.52003434 0.58704851],71,36,"[0.5286985042700821, 0.6516604258431233]",-1,-1
7175,[0.56750636 0.63789255],71,64,"[0.5798719244027237, 0.6152041816619239]",-1,-1
7176,[0.6039586  0.68419239],71,31,"[0.6283100186299069, 0.6976202951749496]",90,-1
7177,[0.52389793 0.66513801],71,36,"[0.5286985042700821, 0.6516604258431233]",111,-1
7178,[0.62612432 0.69702396],71,31,"[0.6283100186299069, 0.6976202951749496]",-1,-1
7179,[0.47166277 0.59681761],71,8,"[0.47040203841495126, 0.5433047126172346]",112,-1
7180,[0.55610951 0.67187817],71,36,"[0.5286985042700821, 0.6516604258431233]",111,-1
7181,[0.61285463 0.68820921],71,31,"[0.6283100186299069, 0.6976202951749496]",-1,-1
7182,[0.59847977 0.69237729],71,31,"[0.6283100186299069, 0.6976202951749496]",90,-1
7183,[0.48166669 0.64416901],71,36,"[0.5286985042700821, 0.6516604258431233]",-1,-1
7184,[0.59066468 0.62459857],71,64,"[0.5798719244027237, 0.6152041816619239]",89,-1
7185,[0.45460091 0.6195888 ],71,1,"[0.4254611998702779, 0.6260428590068665]",112,61
7186,[0.49302245 0.67554604],71,36,"[0.5286985042700821, 0.6516604258431233]",111,-1
7187,[0.49657133 0.62687173],71,36,"[0.5286985042700821, 0.6516604258431233]",-1,-1
7188,[0.54811799 0.62323584],71,64,"[0.5798719244027237, 0.6152041816619239]",51,-1
7189,[0.55455196 0.67223708],71,36,"[0.5286985042700821, 0.6516604258431233]",111,-1
7190,[0.56383005 0.68130992],71,36,"[0.5286985042700821, 0.6516604258431233]",-1,-1
7191,[0.54853537 0.60315037],71,64,"[0.5798719244027237, 0.6152041816619239]",51,-1
7192,[0.58088561 0.61663719],71,64,"[0.5798719244027237, 0.6152041816619239]",-1,-1
7193,[0.55915618 0.64236421],71,36,"[0.5286985042700821, 0.6516604258431233]",111,-1
7194,[0.57919919 0.60087064],71,64,"[0.5798719244027237, 0.6152041816619239]",-1,-1
7195,[0.54659388 0.65108703],71,36,"[0.5286985042700821, 0.6516604258431233]",111,-1
7196,[0.52385148 0.69977127],71,23,"[0.5302520860132256, 0.7258783520828289]",111,-1
7197,[0.55032574 0.61342852],71,64,"[0.5798719244027237, 0.6152041816619239]",51,-1
7198,[0.57023508 0.63260117],71,64,"[0.5798719244027237, 0.6152041816619239]",-1,-1
7199,[0.59128416 0.59502829],71,64,"[0.5798719244027237, 0.6152041816619239]",-1,-1
7200,[0.45557166 0.35744214],72,34,"[0.4470179228154517, 0.33644420436777783]",112,-1
7201,[0.46467014 0.42752443],72,2,"[0.4451682216738327, 0.4665045826425144]",112,-1
7202,[0.44777879 0.36725091],72,34,"[0.4470179228154517, 0.33644420436777783]",-1,-1
7203,[0.42726362 0.39819437],72,6,"[0.40441044434758894, 0.4112979157836676]",112,72
7204,[0.42179038 0.36123554],72,34,"[0.4470179228154517, 0.33644420436777783]",112,73
7205,[0.46688235 0.43585911],72,2,"[0.4451682216738327, 0.4665045826425144]",112,-1
7206,[0.418635   0.36052464],72,34,"[0.4470179228154517, 0.33644420436777783]",112,73
7207,[0.4970707  0.38142953],72,22,"[0.4960765404668817, 0.3879133591162554]",112,-1
7208,[0.44301879 0.43219423],72,2,"[0.4451682216738327, 0.4665045826425144]",112,72
7209,[0.44065261 0.38190598],72,34,"[0.4470179228154517, 0.33644420436777783]",112,72
7210,[0.46386716 0.37639097],72,22,"[0.4960765404668817, 0.3879133591162554]",112,-1
7211,[0.44020652 0.37893374],72,34,"[0.4470179228154517, 0.33644420436777783]",112,72
7212,[0.42340747 0.41295597],72,6,"[0.40441044434758894, 0.4112979157836676]",112,-1
7213,[0.43411288 0.37661932],72,34,"[0.4470179228154517, 0.33644420436777783]",112,72
7214,[0.48369177 0.44260613],72,2,"[0.4451682216738327, 0.4665045826425144]",112,-1
7215,[0.52907544 0.38180207],72,22,"[0.4960765404668817, 0.3879133591162554]",112,71
7216,[0.43405948 0.45606712],72,2,"[0.4451682216738327, 0.4665045826425144]",112,72
7217,[0.43876359 0.35166711],72,34,"[0.4470179228154517, 0.33644420436777783]",112,-1
7218,[0.4315532  0.38240674],72,6,"[0.40441044434758894, 0.4112979157836676]",112,72
7219,[0.52681805 0.3607271 ],72,15,"[0.5482412671622104, 0.34401601997908093]",112,71
7220,[0.45340877 0.35388946],72,34,"[0.4470179228154517, 0.33644420436777783]",112,-1
7221,[0.45760066 0.35430289],72,34,"[0.4470179228154517, 0.33644420436777783]",112,-1
7222,[0.41079636 0.45306736],72,2,"[0.4451682216738327, 0.4665045826425144]",112,72
7223,[0.42043075 0.36803111],72,34,"[0.4470179228154517, 0.33644420436777783]",112,73
7224,[0.44635112 0.3972458 ],72,6,"[0.40441044434758894, 0.4112979157836676]",112,72
7225,[0.47359153 0.3406417 ],72,34,"[0.4470179228154517, 0.33644420436777783]",-1,-1
7226,[0.45075181 0.33874244],72,34,"[0.4470179228154517, 0.33644420436777783]",-1,-1
7227,[0.49310887 0.39920235],72,22,"[0.4960765404668817, 0.3879133591162554]",112,-1
7228,[0.4658104  0.37460439],72,22,"[0.4960765404668817, 0.3879133591162554]",112,-1
7229,[0.4730877  0.34654922],72,34,"[0.4470179228154517, 0.33644420436777783]",-1,-1
7230,[0.45234247 0.32864735],72,34,"[0.4470179228154517, 0.33644420436777783]",-1,-1
7231,[0.51946171 0.45343877],72,50,"[0.5684163633112168, 0.42493695949350735]",-1,-1
7232,[0.38264577 0.32727856],72,30,"[0.3717358952181559, 0.3578997358568481]",-1,-1
7233,[0.4115268  0.40331181],72,6,"[0.40441044434758894, 0.4112979157836676]",112,72
7234,[0.44609806 0.32908442],72,34,"[0.4470179228154517, 0.33644420436777783]",112,-1
7235,[0.5037018  0.36974388],72,22,"[0.4960765404668817, 0.3879133591162554]",112,-1
7236,[0.45880588 0.34682739],72,34,"[0.4470179228154517, 0.33644420436777783]",112,-1
7237,[0.41277041 0.35858205],72,34,"[0.4470179228154517, 0.33644420436777783]",112,73
7238,[0.40667958 0.41037057],72,6,"[0.40441044434758894, 0.4112979157836676]",112,72
7239,[0.46118438 0.42145104],72,2,"[0.4451682216738327, 0.4665045826425144]",-1,-1
7240,[0.40430177 0.39488167],72,6,"[0.40441044434758894, 0.4112979157836676]",112,72
7241,[0.41101527 0.43095611],72,6,"[0.40441044434758894, 0.4112979157836676]",112,72
7242,[0.48709574 0.43375661],72,22,"[0.4960765404668817, 0.3879133591162554]",112,-1
7243,[0.45017375 0.43425643],72,2,"[0.4451682216738327, 0.4665045826425144]",112,72
7244,[0.52297896 0.44110797],72,50,"[0.5684163633112168, 0.42493695949350735]",-1,-1
7245,[0.44152167 0.35249841],72,34,"[0.4470179228154517, 0.33644420436777783]",-1,-1
7246,[0.36073375 0.3993676 ],72,44,"[0.34853587644703343, 0.40608971906389735]",112,72
7247,[0.48583272 0.4404493 ],72,2,"[0.4451682216738327, 0.4665045826425144]",112,-1
7248,[0.39269097 0.3833559 ],72,6,"[0.40441044434758894, 0.4112979157836676]",112,-1
7249,[0.41592883 0.39306821],72,6,"[0.40441044434758894, 0.4112979157836676]",112,-1
7250,[0.45921723 0.38390487],72,22,"[0.4960765404668817, 0.3879133591162554]",112,-1
7251,[0.46515962 0.45771486],72,2,"[0.4451682216738327, 0.4665045826425144]",112,72
7252,[0.50148861 0.36307737],72,22,"[0.4960765404668817, 0.3879133591162554]",112,69
7253,[0.38770966 0.4506213 ],72,53,"[0.3771044042788204, 0.4722281085909072]",112,-1
7254,[0.43210746 0.46585071],72,2,"[0.4451682216738327, 0.4665045826425144]",112,72
7255,[0.39434948 0.35443322],72,30,"[0.3717358952181559, 0.3578997358568481]",112,62
7256,[0.46187746 0.37517337],72,22,"[0.4960765404668817, 0.3879133591162554]",112,-1
7257,[0.45430057 0.43376434],72,2,"[0.4451682216738327, 0.4665045826425144]",112,-1
7258,[0.5040943 0.3868508],72,22,"[0.4960765404668817, 0.3879133591162554]",112,-1
7259,[0.42027235 0.32663817],72,34,"[0.4470179228154517, 0.33644420436777783]",112,37
7260,[0.42091256 0.30151823],72,47,"[0.41917741489762755, 0.2753980840246735]",112,37
7261,[0.52760465 0.38920413],72,22,"[0.4960765404668817, 0.3879133591162554]",112,-1
7262,[0.38217181 0.38699843],72,30,"[0.3717358952181559, 0.3578997358568481]",112,-1
7263,[0.47372462 0.37465816],72,22,"[0.4960765404668817, 0.3879133591162554]",112,-1
7264,[0.42561202 0.39823243],72,6,"[0.40441044434758894, 0.4112979157836676]",112,72
7265,[0.47714528 0.36121064],72,22,"[0.4960765404668817, 0.3879133591162554]",112,-1
7266,[0.43708812 0.44269269],72,2,"[0.4451682216738327, 0.4665045826425144]",112,72
7267,[0.42052724 0.40509775],72,6,"[0.40441044434758894, 0.4112979157836676]",112,72
7268,[0.46594293 0.37625366],72,22,"[0.4960765404668817, 0.3879133591162554]",112,-1
7269,[0.3882006  0.35543162],72,30,"[0.3717358952181559, 0.3578997358568481]",112,62
7270,[0.42754729 0.35702163],72,34,"[0.4470179228154517, 0.33644420436777783]",112,73
7271,[0.41942691 0.43259194],72,6,"[0.40441044434758894, 0.4112979157836676]",112,72
7272,[0.44209199 0.38185284],72,34,"[0.4470179228154517, 0.33644420436777783]",112,72
7273,[0.53582592 0.38938513],72,22,"[0.4960765404668817, 0.3879133591162554]",112,-1
7274,[0.4713604  0.40296179],72,22,"[0.4960765404668817, 0.3879133591162554]",112,-1
7275,[0.41017689 0.35323   ],72,30,"[0.3717358952181559, 0.3578997358568481]",112,-1
7276,[0.46563139 0.40231839],72,22,"[0.4960765404668817, 0.3879133591162554]",112,-1
7277,[0.47976259 0.40750219],72,22,"[0.4960765404668817, 0.3879133591162554]",112,-1
7278,[0.50659869 0.42124335],72,22,"[0.4960765404668817, 0.3879133591162554]",-1,-1
7279,[0.40105234 0.34690903],72,30,"[0.3717358952181559, 0.3578997358568481]",112,62
7280,[0.55249539 0.35518466],72,15,"[0.5482412671622104, 0.34401601997908093]",112,-1
7281,[0.44859715 0.39545156],72,6,"[0.40441044434758894, 0.4112979157836676]",112,72
7282,[0.3688364  0.37474027],72,30,"[0.3717358952181559, 0.3578997358568481]",112,72
7283,[0.51766253 0.42669115],72,22,"[0.4960765404668817, 0.3879133591162554]",-1,-1
7284,[0.45519498 0.38637511],72,22,"[0.4960765404668817, 0.3879133591162554]",-1,-1
7285,[0.44818171 0.41651904],72,6,"[0.40441044434758894, 0.4112979157836676]",112,-1
7286,[0.41446072 0.42147699],72,6,"[0.40441044434758894, 0.4112979157836676]",112,72
7287,[0.42517059 0.33112187],72,34,"[0.4470179228154517, 0.33644420436777783]",112,37
7288,[0.47746518 0.40725398],72,22,"[0.4960765404668817, 0.3879133591162554]",112,-1
7289,[0.45181626 0.40201754],72,22,"[0.4960765404668817, 0.3879133591162554]",112,-1
7290,[0.43787831 0.37366739],72,34,"[0.4470179228154517, 0.33644420436777783]",112,72
7291,[0.43966171 0.42686707],72,6,"[0.40441044434758894, 0.4112979157836676]",112,-1
7292,[0.42114518 0.41564502],72,6,"[0.40441044434758894, 0.4112979157836676]",112,72
7293,[0.47202754 0.39401067],72,22,"[0.4960765404668817, 0.3879133591162554]",-1,-1
7294,[0.48109045 0.36436764],72,22,"[0.4960765404668817, 0.3879133591162554]",112,-1
7295,[0.40695676 0.40260558],72,6,"[0.40441044434758894, 0.4112979157836676]",112,72
7296,[0.41978641 0.4024594 ],72,6,"[0.40441044434758894, 0.4112979157836676]",112,72
7297,[0.48929649 0.33773249],72,34,"[0.4470179228154517, 0.33644420436777783]",112,-1
7298,[0.44468928 0.37027027],72,34,"[0.4470179228154517, 0.33644420436777783]",112,-1
7299,[0.45179881 0.35278432],72,34,"[0.4470179228154517, 0.33644420436777783]",112,-1
7300,[0.18382816 0.10258541],73,13,"[0.2025998647821635, 0.11869015064244322]",-1,-1
7301,[0.15301    0.19116285],73,-1,-1,-1,-1
7302,[0.15656831 0.15455864],73,81,"[0.11614611648747179, 0.12512559546565052]",43,-1
7303,[0.10135906 0.11210412],73,81,"[0.11614611648747179, 0.12512559546565052]",2,-1
7304,[0.10782082 0.12407474],73,81,"[0.11614611648747179, 0.12512559546565052]",2,-1
7305,[0.13862012 0.12651541],73,81,"[0.11614611648747179, 0.12512559546565052]",43,-1
7306,[0.15686247 0.08257862],73,13,"[0.2025998647821635, 0.11869015064244322]",-1,-1
7307,[0.24445974 0.1440971 ],73,35,"[0.2755048470763658, 0.14107016212345297]",112,35
7308,[0.12233267 0.06707424],73,81,"[0.11614611648747179, 0.12512559546565052]",-1,-1
7309,[0.12479282 0.132032  ],73,81,"[0.11614611648747179, 0.12512559546565052]",-1,-1
7310,[0.05732949 0.0911698 ],73,81,"[0.11614611648747179, 0.12512559546565052]",-1,-1
7311,[0.21083564 0.15092881],73,13,"[0.2025998647821635, 0.11869015064244322]",112,35
7312,[0.12378412 0.15680081],73,81,"[0.11614611648747179, 0.12512559546565052]",0,-1
7313,[0.14299703 0.11321374],73,81,"[0.11614611648747179, 0.12512559546565052]",-1,-1
7314,[0.17269518 0.06358198],73,13,"[0.2025998647821635, 0.11869015064244322]",-1,-1
7315,[0.13949329 0.13036359],73,81,"[0.11614611648747179, 0.12512559546565052]",43,-1
7316,[0.12266271 0.15875667],73,81,"[0.11614611648747179, 0.12512559546565052]",0,-1
7317,[0.07899936 0.1605709 ],73,81,"[0.11614611648747179, 0.12512559546565052]",-1,-1
7318,[0.11262928 0.1753824 ],73,81,"[0.11614611648747179, 0.12512559546565052]",-1,-1
7319,[0.10961235 0.09846623],73,81,"[0.11614611648747179, 0.12512559546565052]",2,-1
7320,[0.14916462 0.18592355],73,81,"[0.11614611648747179, 0.12512559546565052]",-1,-1
7321,[0.17340634 0.13216633],73,13,"[0.2025998647821635, 0.11869015064244322]",-1,-1
7322,[0.19450972 0.0433044 ],73,-1,-1,-1,-1
7323,[0.14308588 0.08889466],73,81,"[0.11614611648747179, 0.12512559546565052]",36,-1
7324,[0.1465069  0.13050597],73,81,"[0.11614611648747179, 0.12512559546565052]",43,-1
7325,[0.08772979 0.04522727],73,-1,-1,-1,-1
7326,[0.1330179  0.12758608],73,81,"[0.11614611648747179, 0.12512559546565052]",43,-1
7327,[0.17466728 0.10547419],73,13,"[0.2025998647821635, 0.11869015064244322]",-1,-1
7328,[0.14147379 0.06933024],73,81,"[0.11614611648747179, 0.12512559546565052]",-1,-1
7329,[0.14969833 0.07863989],73,81,"[0.11614611648747179, 0.12512559546565052]",-1,-1
7330,[0.15290349 0.15451909],73,81,"[0.11614611648747179, 0.12512559546565052]",43,-1
7331,[0.12548178 0.19713014],73,-1,-1,-1,-1
7332,[0.1253882  0.11657365],73,81,"[0.11614611648747179, 0.12512559546565052]",-1,-1
7333,[0.09997521 0.11226983],73,81,"[0.11614611648747179, 0.12512559546565052]",2,-1
7334,[0.17115554 0.08277947],73,13,"[0.2025998647821635, 0.11869015064244322]",-1,-1
7335,[0.1378559  0.09568498],73,81,"[0.11614611648747179, 0.12512559546565052]",36,-1
7336,[0.15454787 0.10971618],73,81,"[0.11614611648747179, 0.12512559546565052]",-1,-1
7337,[0.13803543 0.08636359],73,81,"[0.11614611648747179, 0.12512559546565052]",36,-1
7338,[0.09245131 0.17931357],73,81,"[0.11614611648747179, 0.12512559546565052]",-1,-1
7339,[0.11417928 0.09366107],73,81,"[0.11614611648747179, 0.12512559546565052]",-1,-1
7340,[0.05817922 0.09185442],73,81,"[0.11614611648747179, 0.12512559546565052]",-1,-1
7341,[0.06949    0.10416815],73,81,"[0.11614611648747179, 0.12512559546565052]",-1,-1
7342,[0.10969597 0.10001889],73,81,"[0.11614611648747179, 0.12512559546565052]",2,-1
7343,[0.1320672  0.16075072],73,81,"[0.11614611648747179, 0.12512559546565052]",0,-1
7344,[0.16076929 0.12327837],73,13,"[0.2025998647821635, 0.11869015064244322]",-1,-1
7345,[0.16573163 0.14330611],73,13,"[0.2025998647821635, 0.11869015064244322]",-1,-1
7346,[0.14339785 0.12275231],73,81,"[0.11614611648747179, 0.12512559546565052]",43,-1
7347,[0.22100321 0.09870028],73,13,"[0.2025998647821635, 0.11869015064244322]",112,-1
7348,[0.09390548 0.16272764],73,81,"[0.11614611648747179, 0.12512559546565052]",-1,-1
7349,[0.16673702 0.10760212],73,13,"[0.2025998647821635, 0.11869015064244322]",-1,-1
7350,[0.25311154 0.1273003 ],73,35,"[0.2755048470763658, 0.14107016212345297]",112,35
7351,[0.1630946  0.11915678],73,13,"[0.2025998647821635, 0.11869015064244322]",-1,-1
7352,[0.13065796 0.09375801],73,81,"[0.11614611648747179, 0.12512559546565052]",36,-1
7353,[0.11128849 0.21072796],73,-1,-1,-1,-1
7354,[0.16517695 0.1203932 ],73,13,"[0.2025998647821635, 0.11869015064244322]",-1,-1
7355,[0.15328816 0.14862416],73,81,"[0.11614611648747179, 0.12512559546565052]",43,-1
7356,[0.15718888 0.10071507],73,81,"[0.11614611648747179, 0.12512559546565052]",-1,-1
7357,[0.14723049 0.13537872],73,81,"[0.11614611648747179, 0.12512559546565052]",43,-1
7358,[0.14155687 0.09047685],73,81,"[0.11614611648747179, 0.12512559546565052]",36,-1
7359,[0.17766687 0.12565294],73,13,"[0.2025998647821635, 0.11869015064244322]",102,-1
7360,[0.1713422  0.16272148],73,13,"[0.2025998647821635, 0.11869015064244322]",-1,-1
7361,[0.19337054 0.12251392],73,13,"[0.2025998647821635, 0.11869015064244322]",-1,-1
7362,[0.13118373 0.16350568],73,81,"[0.11614611648747179, 0.12512559546565052]",0,-1
7363,[0.17547847 0.08911998],73,13,"[0.2025998647821635, 0.11869015064244322]",-1,-1
7364,[0.20100896 0.09900592],73,13,"[0.2025998647821635, 0.11869015064244322]",-1,-1
7365,[0.17857908 0.10914575],73,13,"[0.2025998647821635, 0.11869015064244322]",-1,-1
7366,[0.07195718 0.08466166],73,81,"[0.11614611648747179, 0.12512559546565052]",-1,-1
7367,[0.20010939 0.21911925],73,58,"[0.23587849952508277, 0.1945277456030734]",-1,-1
7368,[0.16374671 0.14479691],73,13,"[0.2025998647821635, 0.11869015064244322]",43,-1
7369,[0.18069853 0.14644686],73,13,"[0.2025998647821635, 0.11869015064244322]",-1,-1
7370,[0.1020299  0.09923149],73,81,"[0.11614611648747179, 0.12512559546565052]",2,-1
7371,[0.18210233 0.17840613],73,58,"[0.23587849952508277, 0.1945277456030734]",-1,-1
7372,[0.1014319 0.1961461],73,-1,-1,-1,-1
7373,[0.0696851  0.12152311],73,81,"[0.11614611648747179, 0.12512559546565052]",-1,-1
7374,[0.12160075 0.13572148],73,81,"[0.11614611648747179, 0.12512559546565052]",-1,-1
7375,[0.16320917 0.11974716],73,13,"[0.2025998647821635, 0.11869015064244322]",-1,-1
7376,[0.19372843 0.10032206],73,13,"[0.2025998647821635, 0.11869015064244322]",-1,-1
7377,[0.14951053 0.13980638],73,81,"[0.11614611648747179, 0.12512559546565052]",43,-1
7378,[0.16338266 0.16428492],73,13,"[0.2025998647821635, 0.11869015064244322]",43,-1
7379,[0.17611556 0.08427815],73,13,"[0.2025998647821635, 0.11869015064244322]",-1,-1
7380,[0.19122963 0.09723924],73,13,"[0.2025998647821635, 0.11869015064244322]",-1,-1
7381,[0.1143816  0.07087851],73,81,"[0.11614611648747179, 0.12512559546565052]",-1,-1
7382,[0.13499597 0.103428  ],73,81,"[0.11614611648747179, 0.12512559546565052]",36,-1
7383,[0.21213212 0.1354338 ],73,13,"[0.2025998647821635, 0.11869015064244322]",112,35
7384,[0.08508518 0.15854929],73,81,"[0.11614611648747179, 0.12512559546565052]",-1,-1
7385,[0.13293635 0.10768821],73,81,"[0.11614611648747179, 0.12512559546565052]",-1,-1
7386,[0.1446889  0.14569861],73,81,"[0.11614611648747179, 0.12512559546565052]",43,-1
7387,[0.1809656  0.11970448],73,13,"[0.2025998647821635, 0.11869015064244322]",-1,-1
7388,[0.1339456  0.13702935],73,81,"[0.11614611648747179, 0.12512559546565052]",43,-1
7389,[0.19979485 0.19548997],73,58,"[0.23587849952508277, 0.1945277456030734]",-1,-1
7390,[0.16095735 0.15336479],73,81,"[0.11614611648747179, 0.12512559546565052]",43,-1
7391,[0.06880221 0.07084935],73,-1,-1,-1,-1
7392,[0.11457035 0.16551812],73,81,"[0.11614611648747179, 0.12512559546565052]",0,-1
7393,[0.13458679 0.10449366],73,81,"[0.11614611648747179, 0.12512559546565052]",36,-1
7394,[0.12756721 0.16836678],73,81,"[0.11614611648747179, 0.12512559546565052]",0,-1
7395,[0.15507392 0.14548093],73,81,"[0.11614611648747179, 0.12512559546565052]",43,-1
7396,[0.12203934 0.1219395 ],73,81,"[0.11614611648747179, 0.12512559546565052]",-1,-1
7397,[0.17489263 0.16861434],73,13,"[0.2025998647821635, 0.11869015064244322]",43,-1
7398,[0.18402583 0.12172696],73,13,"[0.2025998647821635, 0.11869015064244322]",-1,-1
7399,[0.13803696 0.08558062],73,81,"[0.11614611648747179, 0.12512559546565052]",36,-1
7400,[0.19493565 0.06886518],74,13,"[0.2025998647821635, 0.11869015064244322]",-1,-1
7401,[0.18514885 0.09468933],74,13,"[0.2025998647821635, 0.11869015064244322]",-1,-1
7402,[0.19813456 0.14638138],74,13,"[0.2025998647821635, 0.11869015064244322]",-1,-1
7403,[0.26841509 0.17987767],74,58,"[0.23587849952508277, 0.1945277456030734]",112,-1
7404,[0.31919622 0.10350246],74,95,"[0.3473923159060264, 0.10307680262855863]",-1,-1
7405,[0.21132896 0.0787813 ],74,13,"[0.2025998647821635, 0.11869015064244322]",-1,-1
7406,[0.21895218 0.0628563 ],74,13,"[0.2025998647821635, 0.11869015064244322]",-1,-1
7407,[0.22811571 0.13080858],74,13,"[0.2025998647821635, 0.11869015064244322]",112,35
7408,[0.27011235 0.07473652],74,35,"[0.2755048470763658, 0.14107016212345297]",-1,-1
7409,[0.23283649 0.14213323],74,13,"[0.2025998647821635, 0.11869015064244322]",112,35
7410,[0.22443831 0.06815335],74,13,"[0.2025998647821635, 0.11869015064244322]",-1,-1
7411,[0.24451617 0.11100985],74,13,"[0.2025998647821635, 0.11869015064244322]",112,35
7412,[0.20206325 0.19581319],74,58,"[0.23587849952508277, 0.1945277456030734]",-1,-1
7413,[0.2408484 0.1214723],74,13,"[0.2025998647821635, 0.11869015064244322]",112,-1
7414,[0.21956922 0.14745862],74,13,"[0.2025998647821635, 0.11869015064244322]",112,35
7415,[0.21888633 0.10607926],74,13,"[0.2025998647821635, 0.11869015064244322]",112,35
7416,[0.31885237 0.1226474 ],74,95,"[0.3473923159060264, 0.10307680262855863]",-1,-1
7417,[0.19475369 0.1072802 ],74,13,"[0.2025998647821635, 0.11869015064244322]",-1,-1
7418,[0.23545839 0.07225509],74,13,"[0.2025998647821635, 0.11869015064244322]",-1,-1
7419,[0.2332803 0.1485972],74,13,"[0.2025998647821635, 0.11869015064244322]",112,35
7420,[0.23076663 0.11052514],74,13,"[0.2025998647821635, 0.11869015064244322]",112,-1
7421,[0.15953686 0.10653672],74,13,"[0.2025998647821635, 0.11869015064244322]",-1,-1
7422,[0.23593601 0.06059014],74,13,"[0.2025998647821635, 0.11869015064244322]",-1,-1
7423,[0.24789609 0.11925019],74,35,"[0.2755048470763658, 0.14107016212345297]",112,35
7424,[0.24253233 0.10372239],74,13,"[0.2025998647821635, 0.11869015064244322]",112,-1
7425,[0.28003364 0.09318847],74,35,"[0.2755048470763658, 0.14107016212345297]",-1,-1
7426,[0.22634655 0.04275141],74,-1,-1,-1,-1
7427,[0.20592678 0.05640678],74,13,"[0.2025998647821635, 0.11869015064244322]",-1,-1
7428,[0.21708155 0.07714172],74,13,"[0.2025998647821635, 0.11869015064244322]",-1,-1
7429,[0.27946673 0.13373399],74,35,"[0.2755048470763658, 0.14107016212345297]",-1,-1
7430,[0.21149241 0.1808991 ],74,58,"[0.23587849952508277, 0.1945277456030734]",-1,-1
7431,[0.2216225  0.15047816],74,13,"[0.2025998647821635, 0.11869015064244322]",112,35
7432,[0.23271168 0.08544153],74,13,"[0.2025998647821635, 0.11869015064244322]",-1,-1
7433,[0.2604159  0.09759009],74,35,"[0.2755048470763658, 0.14107016212345297]",-1,-1
7434,[0.2039391  0.10805449],74,13,"[0.2025998647821635, 0.11869015064244322]",112,-1
7435,[0.24933999 0.21096786],74,58,"[0.23587849952508277, 0.1945277456030734]",-1,-1
7436,[0.22195505 0.14631082],74,13,"[0.2025998647821635, 0.11869015064244322]",112,35
7437,[0.25465447 0.16125336],74,35,"[0.2755048470763658, 0.14107016212345297]",112,-1
7438,[0.2153482  0.16200283],74,58,"[0.23587849952508277, 0.1945277456030734]",112,35
7439,[0.26775488 0.16482245],74,35,"[0.2755048470763658, 0.14107016212345297]",112,35
7440,[0.30277601 0.08868226],74,95,"[0.3473923159060264, 0.10307680262855863]",-1,-1
7441,[0.21260264 0.14632929],74,13,"[0.2025998647821635, 0.11869015064244322]",112,35
7442,[0.28987837 0.11537491],74,35,"[0.2755048470763658, 0.14107016212345297]",91,-1
7443,[0.20550674 0.15929184],74,13,"[0.2025998647821635, 0.11869015064244322]",-1,35
7444,[0.27059506 0.06606608],74,-1,-1,-1,-1
7445,[0.29014564 0.11502616],74,35,"[0.2755048470763658, 0.14107016212345297]",91,-1
7446,[0.24596701 0.09626172],74,13,"[0.2025998647821635, 0.11869015064244322]",-1,-1
7447,[0.19171055 0.13329056],74,13,"[0.2025998647821635, 0.11869015064244322]",102,-1
7448,[0.25808037 0.12861038],74,35,"[0.2755048470763658, 0.14107016212345297]",112,35
7449,[0.27436424 0.19827562],74,54,"[0.30468739666036593, 0.22018864942906555]",98,-1
7450,[0.32061752 0.16790135],74,55,"[0.3459077460087649, 0.15794172531040296]",112,46
7451,[0.25821414 0.12882332],74,35,"[0.2755048470763658, 0.14107016212345297]",112,35
7452,[0.28211766 0.18081078],74,35,"[0.2755048470763658, 0.14107016212345297]",-1,-1
7453,[0.31190301 0.10111982],74,95,"[0.3473923159060264, 0.10307680262855863]",-1,-1
7454,[0.19377205 0.09639234],74,13,"[0.2025998647821635, 0.11869015064244322]",-1,-1
7455,[0.3063191  0.14926912],74,35,"[0.2755048470763658, 0.14107016212345297]",112,-1
7456,[0.23820916 0.17101205],74,58,"[0.23587849952508277, 0.1945277456030734]",112,35
7457,[0.19444941 0.15696421],74,13,"[0.2025998647821635, 0.11869015064244322]",-1,-1
7458,[0.22224199 0.10125099],74,13,"[0.2025998647821635, 0.11869015064244322]",112,-1
7459,[0.22398571 0.12728085],74,13,"[0.2025998647821635, 0.11869015064244322]",112,35
7460,[0.20991988 0.11408258],74,13,"[0.2025998647821635, 0.11869015064244322]",112,-1
7461,[0.30010091 0.15219872],74,35,"[0.2755048470763658, 0.14107016212345297]",112,-1
7462,[0.28816632 0.08341811],74,35,"[0.2755048470763658, 0.14107016212345297]",-1,-1
7463,[0.23275898 0.10908051],74,13,"[0.2025998647821635, 0.11869015064244322]",-1,35
7464,[0.27837281 0.11684499],74,35,"[0.2755048470763658, 0.14107016212345297]",91,-1
7465,[0.2366566  0.14029067],74,35,"[0.2755048470763658, 0.14107016212345297]",112,35
7466,[0.21366134 0.15163331],74,13,"[0.2025998647821635, 0.11869015064244322]",112,35
7467,[0.18113182 0.13430076],74,13,"[0.2025998647821635, 0.11869015064244322]",102,-1
7468,[0.20113975 0.13022507],74,13,"[0.2025998647821635, 0.11869015064244322]",-1,-1
7469,[0.21151461 0.1482947 ],74,13,"[0.2025998647821635, 0.11869015064244322]",112,35
7470,[0.19532499 0.16205671],74,13,"[0.2025998647821635, 0.11869015064244322]",-1,-1
7471,[0.27876495 0.1222836 ],74,35,"[0.2755048470763658, 0.14107016212345297]",-1,-1
7472,[0.21751856 0.11539613],74,13,"[0.2025998647821635, 0.11869015064244322]",112,-1
7473,[0.20990334 0.1105466 ],74,13,"[0.2025998647821635, 0.11869015064244322]",112,35
7474,[0.26833135 0.17611995],74,35,"[0.2755048470763658, 0.14107016212345297]",112,35
7475,[0.21638073 0.1602193 ],74,58,"[0.23587849952508277, 0.1945277456030734]",112,35
7476,[0.20908716 0.09240316],74,13,"[0.2025998647821635, 0.11869015064244322]",-1,-1
7477,[0.22665947 0.1204532 ],74,13,"[0.2025998647821635, 0.11869015064244322]",-1,-1
7478,[0.23881381 0.15558037],74,58,"[0.23587849952508277, 0.1945277456030734]",112,-1
7479,[0.28529053 0.12296385],74,35,"[0.2755048470763658, 0.14107016212345297]",91,-1
7480,[0.27532196 0.10490837],74,35,"[0.2755048470763658, 0.14107016212345297]",91,-1
7481,[0.24794607 0.19334675],74,58,"[0.23587849952508277, 0.1945277456030734]",-1,-1
7482,[0.26245494 0.12251537],74,35,"[0.2755048470763658, 0.14107016212345297]",112,-1
7483,[0.18027498 0.14556219],74,13,"[0.2025998647821635, 0.11869015064244322]",-1,-1
7484,[0.2466632  0.08518616],74,13,"[0.2025998647821635, 0.11869015064244322]",-1,-1
7485,[0.22181581 0.10790476],74,13,"[0.2025998647821635, 0.11869015064244322]",112,35
7486,[0.20377261 0.18517548],74,58,"[0.23587849952508277, 0.1945277456030734]",-1,-1
7487,[0.19241997 0.14241397],74,13,"[0.2025998647821635, 0.11869015064244322]",102,-1
7488,[0.25396501 0.192463  ],74,58,"[0.23587849952508277, 0.1945277456030734]",-1,-1
7489,[0.28927868 0.0239572 ],74,-1,-1,-1,-1
7490,[0.27915992 0.141385  ],74,35,"[0.2755048470763658, 0.14107016212345297]",112,35
7491,[0.25637307 0.06544667],74,-1,-1,-1,-1
7492,[0.25283939 0.12065656],74,35,"[0.2755048470763658, 0.14107016212345297]",112,35
7493,[0.2643144  0.16310857],74,35,"[0.2755048470763658, 0.14107016212345297]",112,35
7494,[0.18904558 0.15017516],74,13,"[0.2025998647821635, 0.11869015064244322]",102,-1
7495,[0.23881899 0.13422607],74,35,"[0.2755048470763658, 0.14107016212345297]",112,35
7496,[0.2744736  0.07538201],74,35,"[0.2755048470763658, 0.14107016212345297]",-1,-1
7497,[0.20722928 0.12641738],74,13,"[0.2025998647821635, 0.11869015064244322]",-1,35
7498,[0.25560561 0.05635806],74,-1,-1,-1,-1
7499,[0.29769721 0.1101356 ],74,35,"[0.2755048470763658, 0.14107016212345297]",91,-1
7500,[0.62058359 0.25461666],75,7,"[0.6005437719733706, 0.22857083174818627]",112,80
7501,[0.63739525 0.27858631],75,0,"[0.6718634683454, 0.284181654083953]",112,80
7502,[0.68830476 0.36680394],75,5,"[0.6450318820843447, 0.4074212796508608]",112,-1
7503,[0.68682442 0.29586161],75,0,"[0.6718634683454, 0.284181654083953]",112,80
7504,[0.65187462 0.3815621 ],75,5,"[0.6450318820843447, 0.4074212796508608]",112,54
7505,[0.58616737 0.32325436],75,4,"[0.621879023183751, 0.3152829127139686]",-1,-1
7506,[0.60715129 0.35264589],75,4,"[0.621879023183751, 0.3152829127139686]",112,68
7507,[0.6493739  0.25990675],75,0,"[0.6718634683454, 0.284181654083953]",112,-1
7508,[0.57649381 0.36187074],75,15,"[0.5482412671622104, 0.34401601997908093]",112,68
7509,[0.63425344 0.25262966],75,7,"[0.6005437719733706, 0.22857083174818627]",112,80
7510,[0.65772357 0.32600212],75,4,"[0.621879023183751, 0.3152829127139686]",112,80
7511,[0.68494908 0.33444542],75,0,"[0.6718634683454, 0.284181654083953]",112,80
7512,[0.65938333 0.28558592],75,0,"[0.6718634683454, 0.284181654083953]",112,80
7513,[0.62201803 0.31395942],75,4,"[0.621879023183751, 0.3152829127139686]",112,80
7514,[0.59546574 0.31789542],75,4,"[0.621879023183751, 0.3152829127139686]",112,80
7515,[0.64468291 0.28969213],75,0,"[0.6718634683454, 0.284181654083953]",112,80
7516,[0.67211353 0.35069231],75,4,"[0.621879023183751, 0.3152829127139686]",112,-1
7517,[0.71727319 0.28682245],75,9,"[0.7400409662228525, 0.324036995192541]",112,80
7518,[0.67219439 0.24380304],75,0,"[0.6718634683454, 0.284181654083953]",112,80
7519,[0.64672834 0.32778163],75,4,"[0.621879023183751, 0.3152829127139686]",112,-1
7520,[0.68468562 0.34507445],75,9,"[0.7400409662228525, 0.324036995192541]",112,-1
7521,[0.58996917 0.30687783],75,4,"[0.621879023183751, 0.3152829127139686]",112,80
7522,[0.69789797 0.28834876],75,0,"[0.6718634683454, 0.284181654083953]",112,80
7523,[0.59854495 0.28382558],75,4,"[0.621879023183751, 0.3152829127139686]",112,-1
7524,[0.67981933 0.23267341],75,19,"[0.7145100801879051, 0.21082941063088514]",112,-1
7525,[0.66171152 0.25854325],75,0,"[0.6718634683454, 0.284181654083953]",112,80
7526,[0.63531715 0.3532217 ],75,4,"[0.621879023183751, 0.3152829127139686]",112,80
7527,[0.68646563 0.29710597],75,0,"[0.6718634683454, 0.284181654083953]",112,80
7528,[0.70684331 0.32776001],75,9,"[0.7400409662228525, 0.324036995192541]",112,-1
7529,[0.64830751 0.28049634],75,0,"[0.6718634683454, 0.284181654083953]",112,80
7530,[0.65249914 0.28539237],75,0,"[0.6718634683454, 0.284181654083953]",112,80
7531,[0.64106193 0.30590182],75,4,"[0.621879023183751, 0.3152829127139686]",112,80
7532,[0.6866216  0.28935914],75,0,"[0.6718634683454, 0.284181654083953]",112,80
7533,[0.67257983 0.32542973],75,0,"[0.6718634683454, 0.284181654083953]",112,80
7534,[0.64132342 0.30687519],75,4,"[0.621879023183751, 0.3152829127139686]",112,80
7535,[0.67371109 0.30856513],75,0,"[0.6718634683454, 0.284181654083953]",112,80
7536,[0.67438166 0.26099716],75,0,"[0.6718634683454, 0.284181654083953]",112,80
7537,[0.68908097 0.28729094],75,0,"[0.6718634683454, 0.284181654083953]",112,80
7538,[0.61817498 0.31466752],75,4,"[0.621879023183751, 0.3152829127139686]",112,-1
7539,[0.62531805 0.19750728],75,41,"[0.6450181792213053, 0.1803494340129729]",112,-1
7540,[0.67272537 0.30282499],75,0,"[0.6718634683454, 0.284181654083953]",112,80
7541,[0.63192164 0.38223149],75,5,"[0.6450318820843447, 0.4074212796508608]",112,-1
7542,[0.60274542 0.30067354],75,4,"[0.621879023183751, 0.3152829127139686]",112,80
7543,[0.66694636 0.1934773 ],75,41,"[0.6450181792213053, 0.1803494340129729]",-1,-1
7544,[0.67604652 0.31080258],75,0,"[0.6718634683454, 0.284181654083953]",112,80
7545,[0.63170284 0.28722432],75,4,"[0.621879023183751, 0.3152829127139686]",112,80
7546,[0.70305381 0.36695342],75,9,"[0.7400409662228525, 0.324036995192541]",-1,-1
7547,[0.61323732 0.2818938 ],75,4,"[0.621879023183751, 0.3152829127139686]",112,-1
7548,[0.64262549 0.28619064],75,0,"[0.6718634683454, 0.284181654083953]",112,80
7549,[0.64115869 0.291323  ],75,4,"[0.621879023183751, 0.3152829127139686]",112,80
7550,[0.61404365 0.2858736 ],75,4,"[0.621879023183751, 0.3152829127139686]",112,80
7551,[0.71076003 0.30169985],75,9,"[0.7400409662228525, 0.324036995192541]",112,80
7552,[0.63866271 0.35540779],75,4,"[0.621879023183751, 0.3152829127139686]",112,-1
7553,[0.68206777 0.32812682],75,0,"[0.6718634683454, 0.284181654083953]",112,80
7554,[0.63879883 0.2890811 ],75,4,"[0.621879023183751, 0.3152829127139686]",112,80
7555,[0.67378536 0.25315783],75,0,"[0.6718634683454, 0.284181654083953]",112,80
7556,[0.67239544 0.32103411],75,0,"[0.6718634683454, 0.284181654083953]",112,80
7557,[0.65649306 0.26538208],75,0,"[0.6718634683454, 0.284181654083953]",112,80
7558,[0.61325363 0.3043316 ],75,4,"[0.621879023183751, 0.3152829127139686]",112,80
7559,[0.65806031 0.32132789],75,4,"[0.621879023183751, 0.3152829127139686]",112,80
7560,[0.76132481 0.26679285],75,12,"[0.7527256969797409, 0.25319450872866317]",112,80
7561,[0.65972264 0.27203458],75,0,"[0.6718634683454, 0.284181654083953]",112,80
7562,[0.65699032 0.37887798],75,5,"[0.6450318820843447, 0.4074212796508608]",112,54
7563,[0.58389078 0.26242547],75,7,"[0.6005437719733706, 0.22857083174818627]",112,-1
7564,[0.58558905 0.26576654],75,7,"[0.6005437719733706, 0.22857083174818627]",112,-1
7565,[0.68181783 0.2628268 ],75,0,"[0.6718634683454, 0.284181654083953]",112,80
7566,[0.55762859 0.34513962],75,15,"[0.5482412671622104, 0.34401601997908093]",112,-1
7567,[0.68210109 0.37553704],75,5,"[0.6450318820843447, 0.4074212796508608]",112,-1
7568,[0.66969542 0.2751121 ],75,0,"[0.6718634683454, 0.284181654083953]",112,80
7569,[0.63263104 0.26944309],75,0,"[0.6718634683454, 0.284181654083953]",112,80
7570,[0.68924987 0.28794034],75,0,"[0.6718634683454, 0.284181654083953]",112,80
7571,[0.56821452 0.3495734 ],75,15,"[0.5482412671622104, 0.34401601997908093]",112,68
7572,[0.61830242 0.33530448],75,4,"[0.621879023183751, 0.3152829127139686]",112,-1
7573,[0.68471797 0.37152166],75,5,"[0.6450318820843447, 0.4074212796508608]",112,-1
7574,[0.65419375 0.27988969],75,0,"[0.6718634683454, 0.284181654083953]",112,80
7575,[0.72987187 0.27507464],75,12,"[0.7527256969797409, 0.25319450872866317]",112,80
7576,[0.65041703 0.33740696],75,4,"[0.621879023183751, 0.3152829127139686]",112,-1
7577,[0.62441479 0.32665505],75,4,"[0.621879023183751, 0.3152829127139686]",112,-1
7578,[0.74546071 0.27628584],75,12,"[0.7527256969797409, 0.25319450872866317]",112,-1
7579,[0.67337668 0.29406953],75,0,"[0.6718634683454, 0.284181654083953]",112,80
7580,[0.64963034 0.315404  ],75,4,"[0.621879023183751, 0.3152829127139686]",112,80
7581,[0.62438531 0.31558821],75,4,"[0.621879023183751, 0.3152829127139686]",112,-1
7582,[0.69013019 0.29031609],75,0,"[0.6718634683454, 0.284181654083953]",112,80
7583,[0.69595334 0.2912645 ],75,0,"[0.6718634683454, 0.284181654083953]",112,80
7584,[0.58716867 0.29283451],75,4,"[0.621879023183751, 0.3152829127139686]",112,-1
7585,[0.61468544 0.3111732 ],75,4,"[0.621879023183751, 0.3152829127139686]",112,80
7586,[0.66330641 0.29329744],75,0,"[0.6718634683454, 0.284181654083953]",112,80
7587,[0.67202787 0.39091238],75,5,"[0.6450318820843447, 0.4074212796508608]",112,54
7588,[0.64098519 0.29827935],75,4,"[0.621879023183751, 0.3152829127139686]",112,80
7589,[0.63717103 0.31575691],75,4,"[0.621879023183751, 0.3152829127139686]",112,-1
7590,[0.6361487 0.329778 ],75,4,"[0.621879023183751, 0.3152829127139686]",112,-1
7591,[0.67748499 0.34035441],75,0,"[0.6718634683454, 0.284181654083953]",112,80
7592,[0.65933768 0.25837265],75,0,"[0.6718634683454, 0.284181654083953]",112,80
7593,[0.58271683 0.27843645],75,24,"[0.5369464490953868, 0.27541725802307815]",112,80
7594,[0.6390904  0.29130912],75,4,"[0.621879023183751, 0.3152829127139686]",112,80
7595,[0.64532261 0.31334084],75,4,"[0.621879023183751, 0.3152829127139686]",112,80
7596,[0.6785449  0.28414798],75,0,"[0.6718634683454, 0.284181654083953]",112,80
7597,[0.69501606 0.29451582],75,0,"[0.6718634683454, 0.284181654083953]",112,80
7598,[0.63102315 0.29044705],75,4,"[0.621879023183751, 0.3152829127139686]",112,80
7599,[0.65352138 0.26152156],75,0,"[0.6718634683454, 0.284181654083953]",112,80
7600,[0.7536953  0.21966669],76,12,"[0.7527256969797409, 0.25319450872866317]",112,78
7601,[0.76970449 0.17753717],76,25,"[0.7887233243820295, 0.17027793790835127]",112,78
7602,[0.76727894 0.25911013],76,12,"[0.7527256969797409, 0.25319450872866317]",112,80
7603,[0.7650773  0.14619207],76,25,"[0.7887233243820295, 0.17027793790835127]",112,-1
7604,[0.77004633 0.26516012],76,12,"[0.7527256969797409, 0.25319450872866317]",112,-1
7605,[0.74284731 0.24607361],76,12,"[0.7527256969797409, 0.25319450872866317]",112,80
7606,[0.77774038 0.20949992],76,25,"[0.7887233243820295, 0.17027793790835127]",112,-1
7607,[0.67158544 0.19884323],76,41,"[0.6450181792213053, 0.1803494340129729]",-1,-1
7608,[0.78093202 0.18542554],76,25,"[0.7887233243820295, 0.17027793790835127]",112,-1
7609,[0.74596182 0.19482444],76,19,"[0.7145100801879051, 0.21082941063088514]",112,78
7610,[0.67161106 0.13123543],76,65,"[0.6447537090834278, 0.09644071445280059]",53,4
7611,[0.79147808 0.21911879],76,38,"[0.829987911377383, 0.2268834587852568]",112,-1
7612,[0.69711924 0.2007392 ],76,19,"[0.7145100801879051, 0.21082941063088514]",112,-1
7613,[0.77601661 0.25705963],76,12,"[0.7527256969797409, 0.25319450872866317]",112,80
7614,[0.70823515 0.23956188],76,19,"[0.7145100801879051, 0.21082941063088514]",112,80
7615,[0.77412901 0.2637602 ],76,12,"[0.7527256969797409, 0.25319450872866317]",112,80
7616,[0.7846152  0.18358456],76,25,"[0.7887233243820295, 0.17027793790835127]",112,78
7617,[0.7630607  0.24220758],76,12,"[0.7527256969797409, 0.25319450872866317]",112,80
7618,[0.73635233 0.16503244],76,42,"[0.72284537991344, 0.13959659556720486]",112,78
7619,[0.75996987 0.21717587],76,12,"[0.7527256969797409, 0.25319450872866317]",112,78
7620,[0.7673074  0.17306048],76,25,"[0.7887233243820295, 0.17027793790835127]",112,78
7621,[0.81096199 0.17955077],76,25,"[0.7887233243820295, 0.17027793790835127]",112,67
7622,[0.73432794 0.19851284],76,19,"[0.7145100801879051, 0.21082941063088514]",112,-1
7623,[0.77754261 0.27025491],76,12,"[0.7527256969797409, 0.25319450872866317]",112,-1
7624,[0.7314715 0.2433248],76,12,"[0.7527256969797409, 0.25319450872866317]",112,80
7625,[0.69648913 0.15564816],76,42,"[0.72284537991344, 0.13959659556720486]",-1,-1
7626,[0.78430362 0.18632765],76,25,"[0.7887233243820295, 0.17027793790835127]",112,-1
7627,[0.78196343 0.12822244],76,84,"[0.7892484923114864, 0.09277601099714658]",112,-1
7628,[0.74551812 0.13216512],76,42,"[0.72284537991344, 0.13959659556720486]",112,-1
7629,[0.79303132 0.20422862],76,25,"[0.7887233243820295, 0.17027793790835127]",112,-1
7630,[0.80007674 0.19136722],76,25,"[0.7887233243820295, 0.17027793790835127]",112,-1
7631,[0.78518238 0.2423796 ],76,12,"[0.7527256969797409, 0.25319450872866317]",112,79
7632,[0.76077431 0.26146277],76,12,"[0.7527256969797409, 0.25319450872866317]",112,80
7633,[0.76977731 0.22416602],76,12,"[0.7527256969797409, 0.25319450872866317]",112,-1
7634,[0.89178028 0.2211869 ],76,38,"[0.829987911377383, 0.2268834587852568]",-1,-1
7635,[0.7477578 0.1606911],76,42,"[0.72284537991344, 0.13959659556720486]",112,-1
7636,[0.74490086 0.17634642],76,42,"[0.72284537991344, 0.13959659556720486]",112,78
7637,[0.76199078 0.18163643],76,25,"[0.7887233243820295, 0.17027793790835127]",112,78
7638,[0.75245347 0.12709744],76,42,"[0.72284537991344, 0.13959659556720486]",112,-1
7639,[0.79282802 0.1358289 ],76,25,"[0.7887233243820295, 0.17027793790835127]",112,48
7640,[0.68507386 0.18514358],76,19,"[0.7145100801879051, 0.21082941063088514]",112,-1
7641,[0.77937875 0.17673858],76,25,"[0.7887233243820295, 0.17027793790835127]",112,-1
7642,[0.76536846 0.17012044],76,25,"[0.7887233243820295, 0.17027793790835127]",112,78
7643,[0.75280911 0.14250628],76,42,"[0.72284537991344, 0.13959659556720486]",112,-1
7644,[0.74249168 0.16041697],76,42,"[0.72284537991344, 0.13959659556720486]",112,78
7645,[0.74766641 0.22421926],76,12,"[0.7527256969797409, 0.25319450872866317]",112,78
7646,[0.7383621  0.22052619],76,19,"[0.7145100801879051, 0.21082941063088514]",112,78
7647,[0.77277193 0.20659827],76,25,"[0.7887233243820295, 0.17027793790835127]",112,-1
7648,[0.74155777 0.1673339 ],76,42,"[0.72284537991344, 0.13959659556720486]",112,78
7649,[0.77324328 0.27265116],76,12,"[0.7527256969797409, 0.25319450872866317]",112,-1
7650,[0.74853727 0.2201734 ],76,12,"[0.7527256969797409, 0.25319450872866317]",112,78
7651,[0.74137493 0.16455477],76,42,"[0.72284537991344, 0.13959659556720486]",112,78
7652,[0.75514971 0.17721844],76,25,"[0.7887233243820295, 0.17027793790835127]",112,-1
7653,[0.73129387 0.16513656],76,42,"[0.72284537991344, 0.13959659556720486]",112,78
7654,[0.7207302  0.25078998],76,12,"[0.7527256969797409, 0.25319450872866317]",112,80
7655,[0.74883462 0.24963864],76,12,"[0.7527256969797409, 0.25319450872866317]",112,-1
7656,[0.73714385 0.21531033],76,19,"[0.7145100801879051, 0.21082941063088514]",112,-1
7657,[0.80674826 0.19961438],76,25,"[0.7887233243820295, 0.17027793790835127]",-1,-1
7658,[0.81272879 0.17746334],76,25,"[0.7887233243820295, 0.17027793790835127]",112,67
7659,[0.72612565 0.15505059],76,42,"[0.72284537991344, 0.13959659556720486]",112,-1
7660,[0.73285317 0.16146439],76,42,"[0.72284537991344, 0.13959659556720486]",112,-1
7661,[0.80144798 0.22174688],76,38,"[0.829987911377383, 0.2268834587852568]",-1,-1
7662,[0.73315483 0.1606781 ],76,42,"[0.72284537991344, 0.13959659556720486]",112,78
7663,[0.7233013  0.18873995],76,19,"[0.7145100801879051, 0.21082941063088514]",-1,-1
7664,[0.74449471 0.19881437],76,19,"[0.7145100801879051, 0.21082941063088514]",112,78
7665,[0.82173887 0.19013259],76,38,"[0.829987911377383, 0.2268834587852568]",112,67
7666,[0.73728184 0.20881954],76,19,"[0.7145100801879051, 0.21082941063088514]",112,-1
7667,[0.78837698 0.19350844],76,25,"[0.7887233243820295, 0.17027793790835127]",112,-1
7668,[0.74907104 0.22619209],76,12,"[0.7527256969797409, 0.25319450872866317]",112,78
7669,[0.76102424 0.17725071],76,25,"[0.7887233243820295, 0.17027793790835127]",112,78
7670,[0.76361354 0.16695584],76,25,"[0.7887233243820295, 0.17027793790835127]",112,78
7671,[0.74556041 0.23098731],76,12,"[0.7527256969797409, 0.25319450872866317]",112,-1
7672,[0.72195271 0.16953379],76,42,"[0.72284537991344, 0.13959659556720486]",112,-1
7673,[0.78223737 0.13176182],76,25,"[0.7887233243820295, 0.17027793790835127]",112,48
7674,[0.79221617 0.17085955],76,25,"[0.7887233243820295, 0.17027793790835127]",112,-1
7675,[0.71689247 0.2059688 ],76,19,"[0.7145100801879051, 0.21082941063088514]",112,-1
7676,[0.80134768 0.18809541],76,25,"[0.7887233243820295, 0.17027793790835127]",112,-1
7677,[0.86094643 0.21474542],76,38,"[0.829987911377383, 0.2268834587852568]",112,-1
7678,[0.7476943  0.23322788],76,12,"[0.7527256969797409, 0.25319450872866317]",112,-1
7679,[0.79915694 0.17215639],76,25,"[0.7887233243820295, 0.17027793790835127]",112,67
7680,[0.75160136 0.22174491],76,12,"[0.7527256969797409, 0.25319450872866317]",112,78
7681,[0.69253437 0.21258512],76,19,"[0.7145100801879051, 0.21082941063088514]",112,-1
7682,[0.74393663 0.17528956],76,42,"[0.72284537991344, 0.13959659556720486]",112,78
7683,[0.77308895 0.17056474],76,25,"[0.7887233243820295, 0.17027793790835127]",112,78
7684,[0.82148641 0.20603389],76,38,"[0.829987911377383, 0.2268834587852568]",-1,-1
7685,[0.75076858 0.19484099],76,19,"[0.7145100801879051, 0.21082941063088514]",112,78
7686,[0.75127549 0.18670118],76,25,"[0.7887233243820295, 0.17027793790835127]",112,-1
7687,[0.69059215 0.23709646],76,19,"[0.7145100801879051, 0.21082941063088514]",112,80
7688,[0.74184418 0.174002  ],76,42,"[0.72284537991344, 0.13959659556720486]",112,78
7689,[0.8089544  0.16362047],76,25,"[0.7887233243820295, 0.17027793790835127]",112,67
7690,[0.74607359 0.22624097],76,12,"[0.7527256969797409, 0.25319450872866317]",112,78
7691,[0.74658023 0.15758681],76,42,"[0.72284537991344, 0.13959659556720486]",112,78
7692,[0.77794814 0.29989118],76,9,"[0.7400409662228525, 0.324036995192541]",-1,-1
7693,[0.78237039 0.23453625],76,12,"[0.7527256969797409, 0.25319450872866317]",112,79
7694,[0.80926022 0.17156113],76,25,"[0.7887233243820295, 0.17027793790835127]",112,67
7695,[0.84316861 0.20145403],76,38,"[0.829987911377383, 0.2268834587852568]",-1,-1
7696,[0.79608664 0.20315666],76,25,"[0.7887233243820295, 0.17027793790835127]",112,-1
7697,[0.7404445  0.21837353],76,19,"[0.7145100801879051, 0.21082941063088514]",112,78
7698,[0.75857445 0.14280159],76,42,"[0.72284537991344, 0.13959659556720486]",112,-1
7699,[0.83587196 0.223211  ],76,38,"[0.829987911377383, 0.2268834587852568]",112,65
7700,[0.70266206 0.57863521],77,88,"[0.6919063737144913, 0.6049803399865432]",42,-1
7701,[0.72334331 0.57110467],77,46,"[0.7242081221498112, 0.5411748041333581]",42,-1
7702,[0.69802489 0.47594598],77,26,"[0.6901601916314353, 0.4804056323832084]",112,39
7703,[0.71535455 0.55598595],77,46,"[0.7242081221498112, 0.5411748041333581]",-1,-1
7704,[0.69059408 0.54000978],77,46,"[0.7242081221498112, 0.5411748041333581]",-1,-1
7705,[0.71410557 0.55523899],77,46,"[0.7242081221498112, 0.5411748041333581]",79,-1
7706,[0.68968356 0.56847382],77,88,"[0.6919063737144913, 0.6049803399865432]",-1,-1
7707,[0.70462691 0.52585394],77,46,"[0.7242081221498112, 0.5411748041333581]",79,32
7708,[0.74622987 0.52615287],77,46,"[0.7242081221498112, 0.5411748041333581]",112,-1
7709,[0.67326064 0.51815794],77,26,"[0.6901601916314353, 0.4804056323832084]",78,-1
7710,[0.69321317 0.5660559 ],77,88,"[0.6919063737144913, 0.6049803399865432]",-1,-1
7711,[0.66602323 0.48636386],77,26,"[0.6901601916314353, 0.4804056323832084]",56,-1
7712,[0.72682693 0.48953253],77,26,"[0.6901601916314353, 0.4804056323832084]",112,39
7713,[0.72797425 0.5506155 ],77,46,"[0.7242081221498112, 0.5411748041333581]",-1,-1
7714,[0.66893231 0.53071644],77,26,"[0.6901601916314353, 0.4804056323832084]",78,-1
7715,[0.69531171 0.58867805],77,88,"[0.6919063737144913, 0.6049803399865432]",-1,-1
7716,[0.69272239 0.56326335],77,46,"[0.7242081221498112, 0.5411748041333581]",-1,-1
7717,[0.74769538 0.55481343],77,46,"[0.7242081221498112, 0.5411748041333581]",-1,-1
7718,[0.63443244 0.52662367],77,68,"[0.6059125398208416, 0.5063454320139849]",-1,-1
7719,[0.72161495 0.51899423],77,46,"[0.7242081221498112, 0.5411748041333581]",112,33
7720,[0.72329339 0.46958135],77,26,"[0.6901601916314353, 0.4804056323832084]",112,39
7721,[0.64556998 0.54646787],77,68,"[0.6059125398208416, 0.5063454320139849]",-1,-1
7722,[0.70835754 0.59091805],77,88,"[0.6919063737144913, 0.6049803399865432]",-1,-1
7723,[0.72616374 0.54330985],77,46,"[0.7242081221498112, 0.5411748041333581]",-1,-1
7724,[0.71422854 0.57378535],77,46,"[0.7242081221498112, 0.5411748041333581]",42,-1
7725,[0.71512647 0.46928141],77,26,"[0.6901601916314353, 0.4804056323832084]",112,39
7726,[0.70799552 0.52448731],77,46,"[0.7242081221498112, 0.5411748041333581]",79,32
7727,[0.72046145 0.55253779],77,46,"[0.7242081221498112, 0.5411748041333581]",79,-1
7728,[0.71684533 0.56847619],77,46,"[0.7242081221498112, 0.5411748041333581]",42,-1
7729,[0.64394494 0.55382303],77,68,"[0.6059125398208416, 0.5063454320139849]",-1,-1
7730,[0.71988878 0.50287424],77,26,"[0.6901601916314353, 0.4804056323832084]",112,39
7731,[0.70571662 0.5703776 ],77,46,"[0.7242081221498112, 0.5411748041333581]",42,-1
7732,[0.74238318 0.5043413 ],77,46,"[0.7242081221498112, 0.5411748041333581]",112,-1
7733,[0.65618293 0.55501116],77,88,"[0.6919063737144913, 0.6049803399865432]",-1,-1
7734,[0.72235758 0.5271706 ],77,46,"[0.7242081221498112, 0.5411748041333581]",112,33
7735,[0.77254172 0.55655634],77,46,"[0.7242081221498112, 0.5411748041333581]",-1,-1
7736,[0.66389372 0.52868264],77,26,"[0.6901601916314353, 0.4804056323832084]",78,-1
7737,[0.79098354 0.58142787],77,98,"[0.7549998211822101, 0.6206025452438064]",-1,-1
7738,[0.74269761 0.52837682],77,46,"[0.7242081221498112, 0.5411748041333581]",112,-1
7739,[0.69194216 0.54824022],77,46,"[0.7242081221498112, 0.5411748041333581]",-1,-1
7740,[0.69902576 0.52381433],77,46,"[0.7242081221498112, 0.5411748041333581]",79,32
7741,[0.74549683 0.52503487],77,46,"[0.7242081221498112, 0.5411748041333581]",112,-1
7742,[0.77442235 0.51683854],77,29,"[0.7896146962697053, 0.5004587368894428]",-1,-1
7743,[0.68552516 0.59469293],77,88,"[0.6919063737144913, 0.6049803399865432]",-1,-1
7744,[0.66856823 0.47346011],77,26,"[0.6901601916314353, 0.4804056323832084]",-1,-1
7745,[0.75509416 0.55924339],77,46,"[0.7242081221498112, 0.5411748041333581]",-1,-1
7746,[0.67584414 0.5233382 ],77,26,"[0.6901601916314353, 0.4804056323832084]",78,-1
7747,[0.72627864 0.59984596],77,88,"[0.6919063737144913, 0.6049803399865432]",-1,-1
7748,[0.70346409 0.50810199],77,26,"[0.6901601916314353, 0.4804056323832084]",-1,-1
7749,[0.67360193 0.52015311],77,26,"[0.6901601916314353, 0.4804056323832084]",78,-1
7750,[0.65288505 0.47244543],77,26,"[0.6901601916314353, 0.4804056323832084]",-1,-1
7751,[0.70658051 0.45652196],77,26,"[0.6901601916314353, 0.4804056323832084]",112,-1
7752,[0.77288766 0.53096464],77,29,"[0.7896146962697053, 0.5004587368894428]",108,-1
7753,[0.67380535 0.52560552],77,26,"[0.6901601916314353, 0.4804056323832084]",78,-1
7754,[0.71866475 0.47112937],77,26,"[0.6901601916314353, 0.4804056323832084]",112,39
7755,[0.70510394 0.52425714],77,46,"[0.7242081221498112, 0.5411748041333581]",79,32
7756,[0.7309018  0.52621841],77,46,"[0.7242081221498112, 0.5411748041333581]",112,33
7757,[0.67887889 0.50947416],77,26,"[0.6901601916314353, 0.4804056323832084]",-1,-1
7758,[0.72195332 0.52350531],77,46,"[0.7242081221498112, 0.5411748041333581]",112,33
7759,[0.69351878 0.51833852],77,26,"[0.6901601916314353, 0.4804056323832084]",79,-1
7760,[0.69894343 0.52413801],77,46,"[0.7242081221498112, 0.5411748041333581]",79,32
7761,[0.71132056 0.57725531],77,88,"[0.6919063737144913, 0.6049803399865432]",42,-1
7762,[0.65816227 0.58510953],77,88,"[0.6919063737144913, 0.6049803399865432]",-1,-1
7763,[0.68826568 0.56085025],77,46,"[0.7242081221498112, 0.5411748041333581]",-1,-1
7764,[0.81467768 0.58387156],77,85,"[0.8651323192785665, 0.5497169401868933]",-1,-1
7765,[0.7608042  0.47198161],77,29,"[0.7896146962697053, 0.5004587368894428]",-1,-1
7766,[0.77268005 0.48992374],77,29,"[0.7896146962697053, 0.5004587368894428]",-1,-1
7767,[0.74172427 0.54121997],77,46,"[0.7242081221498112, 0.5411748041333581]",-1,-1
7768,[0.754002   0.52977926],77,46,"[0.7242081221498112, 0.5411748041333581]",-1,-1
7769,[0.69891316 0.54965001],77,46,"[0.7242081221498112, 0.5411748041333581]",-1,-1
7770,[0.72280771 0.55147571],77,46,"[0.7242081221498112, 0.5411748041333581]",79,-1
7771,[0.7948372  0.50426073],77,29,"[0.7896146962697053, 0.5004587368894428]",-1,-1
7772,[0.77993726 0.54572441],77,29,"[0.7896146962697053, 0.5004587368894428]",108,-1
7773,[0.6474249 0.5271552],77,68,"[0.6059125398208416, 0.5063454320139849]",-1,-1
7774,[0.71244778 0.54468004],77,46,"[0.7242081221498112, 0.5411748041333581]",79,32
7775,[0.7047377  0.54991458],77,46,"[0.7242081221498112, 0.5411748041333581]",-1,-1
7776,[0.73420001 0.52563356],77,46,"[0.7242081221498112, 0.5411748041333581]",112,-1
7777,[0.75159143 0.48190975],77,29,"[0.7896146962697053, 0.5004587368894428]",112,-1
7778,[0.70225447 0.5823155 ],77,88,"[0.6919063737144913, 0.6049803399865432]",42,-1
7779,[0.73828108 0.58472898],77,98,"[0.7549998211822101, 0.6206025452438064]",42,-1
7780,[0.73101731 0.56120738],77,46,"[0.7242081221498112, 0.5411748041333581]",-1,-1
7781,[0.77598909 0.54678411],77,29,"[0.7896146962697053, 0.5004587368894428]",-1,-1
7782,[0.69036171 0.48729779],77,26,"[0.6901601916314353, 0.4804056323832084]",-1,-1
7783,[0.7069063  0.52237107],77,46,"[0.7242081221498112, 0.5411748041333581]",79,-1
7784,[0.64765662 0.49644577],77,68,"[0.6059125398208416, 0.5063454320139849]",112,-1
7785,[0.76751706 0.57368542],77,98,"[0.7549998211822101, 0.6206025452438064]",-1,-1
7786,[0.70345659 0.53412782],77,46,"[0.7242081221498112, 0.5411748041333581]",79,32
7787,[0.69930475 0.53585511],77,46,"[0.7242081221498112, 0.5411748041333581]",-1,-1
7788,[0.65629648 0.52794699],77,68,"[0.6059125398208416, 0.5063454320139849]",-1,-1
7789,[0.7130105  0.49770295],77,26,"[0.6901601916314353, 0.4804056323832084]",112,-1
7790,[0.67135616 0.49017285],77,26,"[0.6901601916314353, 0.4804056323832084]",56,-1
7791,[0.72864451 0.52835962],77,46,"[0.7242081221498112, 0.5411748041333581]",112,33
7792,[0.67329485 0.49071179],77,26,"[0.6901601916314353, 0.4804056323832084]",56,-1
7793,[0.64679209 0.54787794],77,68,"[0.6059125398208416, 0.5063454320139849]",-1,-1
7794,[0.69273696 0.49500629],77,26,"[0.6901601916314353, 0.4804056323832084]",-1,-1
7795,[0.66584403 0.44862798],77,26,"[0.6901601916314353, 0.4804056323832084]",112,-1
7796,[0.71544851 0.55578891],77,46,"[0.7242081221498112, 0.5411748041333581]",-1,-1
7797,[0.60847919 0.56902976],77,64,"[0.5798719244027237, 0.6152041816619239]",-1,-1
7798,[0.77168591 0.54009023],77,29,"[0.7896146962697053, 0.5004587368894428]",108,-1
7799,[0.67622644 0.54566895],77,46,"[0.7242081221498112, 0.5411748041333581]",-1,-1
7800,[0.61758262 0.65844127],78,31,"[0.6283100186299069, 0.6976202951749496]",-1,-1
7801,[0.68604063 0.70500389],78,49,"[0.7003976871461259, 0.6659991324849905]",48,18
7802,[0.66524751 0.71867879],78,31,"[0.6283100186299069, 0.6976202951749496]",48,-1
7803,[0.7197511  0.71941563],78,14,"[0.740019801793262, 0.7124846396853769]",-1,-1
7804,[0.6688561  0.73414118],78,10,"[0.6888975182522787, 0.7695304266244736]",48,22
7805,[0.66510807 0.75827948],78,10,"[0.6888975182522787, 0.7695304266244736]",48,-1
7806,[0.69227519 0.6895695 ],78,49,"[0.7003976871461259, 0.6659991324849905]",48,18
7807,[0.69159734 0.65914253],78,49,"[0.7003976871461259, 0.6659991324849905]",-1,-1
7808,[0.71575019 0.80647723],78,32,"[0.7372052186587957, 0.8250395123718929]",48,-1
7809,[0.73890255 0.76336393],78,10,"[0.6888975182522787, 0.7695304266244736]",48,22
7810,[0.6860406  0.70576391],78,49,"[0.7003976871461259, 0.6659991324849905]",48,18
7811,[0.67927921 0.70180526],78,49,"[0.7003976871461259, 0.6659991324849905]",48,18
7812,[0.78475654 0.72228079],78,14,"[0.740019801793262, 0.7124846396853769]",-1,-1
7813,[0.66323936 0.72011486],78,31,"[0.6283100186299069, 0.6976202951749496]",48,15
7814,[0.63176828 0.70506572],78,31,"[0.6283100186299069, 0.6976202951749496]",-1,-1
7815,[0.71260564 0.6804564 ],78,49,"[0.7003976871461259, 0.6659991324849905]",48,10
7816,[0.59357208 0.68255619],78,31,"[0.6283100186299069, 0.6976202951749496]",90,-1
7817,[0.67970128 0.72105612],78,10,"[0.6888975182522787, 0.7695304266244736]",48,-1
7818,[0.71963137 0.73534333],78,14,"[0.740019801793262, 0.7124846396853769]",48,-1
7819,[0.69171556 0.72364705],78,10,"[0.6888975182522787, 0.7695304266244736]",48,-1
7820,[0.65823622 0.77182109],78,10,"[0.6888975182522787, 0.7695304266244736]",48,-1
7821,[0.70081116 0.73770999],78,10,"[0.6888975182522787, 0.7695304266244736]",48,22
7822,[0.69974165 0.6631552 ],78,49,"[0.7003976871461259, 0.6659991324849905]",48,-1
7823,[0.6521849  0.67103368],78,31,"[0.6283100186299069, 0.6976202951749496]",-1,-1
7824,[0.67455342 0.74077001],78,10,"[0.6888975182522787, 0.7695304266244736]",48,-1
7825,[0.65158307 0.7931276 ],78,56,"[0.6249916856709978, 0.8077006051335125]",48,14
7826,[0.65817022 0.71439197],78,31,"[0.6283100186299069, 0.6976202951749496]",48,15
7827,[0.68835895 0.71776547],78,10,"[0.6888975182522787, 0.7695304266244736]",48,18
7828,[0.78492424 0.74676532],78,14,"[0.740019801793262, 0.7124846396853769]",-1,-1
7829,[0.70445262 0.78173903],78,10,"[0.6888975182522787, 0.7695304266244736]",48,-1
7830,[0.67722085 0.69698739],78,49,"[0.7003976871461259, 0.6659991324849905]",48,-1
7831,[0.66381955 0.71973611],78,31,"[0.6283100186299069, 0.6976202951749496]",48,-1
7832,[0.64470926 0.73611952],78,31,"[0.6283100186299069, 0.6976202951749496]",48,-1
7833,[0.68138657 0.66743003],78,49,"[0.7003976871461259, 0.6659991324849905]",48,-1
7834,[0.63165873 0.74417711],78,31,"[0.6283100186299069, 0.6976202951749496]",-1,-1
7835,[0.68532061 0.7154382 ],78,49,"[0.7003976871461259, 0.6659991324849905]",48,18
7836,[0.65449864 0.73186295],78,31,"[0.6283100186299069, 0.6976202951749496]",-1,-1
7837,[0.66639569 0.73115184],78,10,"[0.6888975182522787, 0.7695304266244736]",48,-1
7838,[0.66417592 0.68787073],78,31,"[0.6283100186299069, 0.6976202951749496]",-1,-1
7839,[0.67520191 0.69349899],78,49,"[0.7003976871461259, 0.6659991324849905]",48,-1
7840,[0.74309414 0.74434282],78,14,"[0.740019801793262, 0.7124846396853769]",48,-1
7841,[0.68175196 0.7935193 ],78,10,"[0.6888975182522787, 0.7695304266244736]",48,-1
7842,[0.67151505 0.70065193],78,31,"[0.6283100186299069, 0.6976202951749496]",48,-1
7843,[0.64533916 0.73303498],78,31,"[0.6283100186299069, 0.6976202951749496]",48,-1
7844,[0.68888189 0.74971399],78,10,"[0.6888975182522787, 0.7695304266244736]",48,-1
7845,[0.68805098 0.74365287],78,10,"[0.6888975182522787, 0.7695304266244736]",48,22
7846,[0.66992309 0.74961776],78,10,"[0.6888975182522787, 0.7695304266244736]",48,22
7847,[0.74187508 0.74902653],78,14,"[0.740019801793262, 0.7124846396853769]",48,-1
7848,[0.62780557 0.72487777],78,31,"[0.6283100186299069, 0.6976202951749496]",-1,-1
7849,[0.65631935 0.75418644],78,10,"[0.6888975182522787, 0.7695304266244736]",48,-1
7850,[0.65468505 0.71079172],78,31,"[0.6283100186299069, 0.6976202951749496]",48,15
7851,[0.66607063 0.7343346 ],78,10,"[0.6888975182522787, 0.7695304266244736]",48,-1
7852,[0.66654534 0.68953604],78,31,"[0.6283100186299069, 0.6976202951749496]",-1,-1
7853,[0.6778695 0.728079 ],78,10,"[0.6888975182522787, 0.7695304266244736]",48,-1
7854,[0.74905966 0.72187116],78,14,"[0.740019801793262, 0.7124846396853769]",-1,-1
7855,[0.69681271 0.69575092],78,49,"[0.7003976871461259, 0.6659991324849905]",48,18
7856,[0.64055414 0.72664723],78,31,"[0.6283100186299069, 0.6976202951749496]",-1,-1
7857,[0.66013347 0.64937657],78,49,"[0.7003976871461259, 0.6659991324849905]",34,-1
7858,[0.72719636 0.66780732],78,49,"[0.7003976871461259, 0.6659991324849905]",48,10
7859,[0.63327188 0.68409903],78,31,"[0.6283100186299069, 0.6976202951749496]",-1,-1
7860,[0.62716105 0.66404117],78,31,"[0.6283100186299069, 0.6976202951749496]",33,-1
7861,[0.6551985  0.65950924],78,49,"[0.7003976871461259, 0.6659991324849905]",-1,-1
7862,[0.63215584 0.66867743],78,31,"[0.6283100186299069, 0.6976202951749496]",33,-1
7863,[0.6282647  0.67290488],78,31,"[0.6283100186299069, 0.6976202951749496]",33,-1
7864,[0.70083857 0.66161302],78,49,"[0.7003976871461259, 0.6659991324849905]",48,-1
7865,[0.64718266 0.77157959],78,10,"[0.6888975182522787, 0.7695304266244736]",48,14
7866,[0.67997792 0.75664463],78,10,"[0.6888975182522787, 0.7695304266244736]",48,-1
7867,[0.60816934 0.7517707 ],78,31,"[0.6283100186299069, 0.6976202951749496]",-1,-1
7868,[0.60461509 0.66382563],78,31,"[0.6283100186299069, 0.6976202951749496]",-1,-1
7869,[0.73030482 0.72506417],78,14,"[0.740019801793262, 0.7124846396853769]",-1,-1
7870,[0.69872974 0.75277217],78,10,"[0.6888975182522787, 0.7695304266244736]",48,-1
7871,[0.62685982 0.68837507],78,31,"[0.6283100186299069, 0.6976202951749496]",-1,-1
7872,[0.60563574 0.7867319 ],78,56,"[0.6249916856709978, 0.8077006051335125]",-1,-1
7873,[0.65101267 0.6930889 ],78,31,"[0.6283100186299069, 0.6976202951749496]",47,-1
7874,[0.73713831 0.74875058],78,14,"[0.740019801793262, 0.7124846396853769]",48,22
7875,[0.68999024 0.74166412],78,10,"[0.6888975182522787, 0.7695304266244736]",48,22
7876,[0.6303484  0.69408306],78,31,"[0.6283100186299069, 0.6976202951749496]",-1,-1
7877,[0.6609208  0.71665569],78,31,"[0.6283100186299069, 0.6976202951749496]",48,15
7878,[0.67767763 0.67420234],78,49,"[0.7003976871461259, 0.6659991324849905]",48,-1
7879,[0.71688169 0.64363202],78,49,"[0.7003976871461259, 0.6659991324849905]",48,-1
7880,[0.68372145 0.68475316],78,49,"[0.7003976871461259, 0.6659991324849905]",48,-1
7881,[0.70647929 0.70931181],78,14,"[0.740019801793262, 0.7124846396853769]",48,-1
7882,[0.71465868 0.67299735],78,49,"[0.7003976871461259, 0.6659991324849905]",48,10
7883,[0.63300569 0.67141703],78,31,"[0.6283100186299069, 0.6976202951749496]",-1,-1
7884,[0.62908789 0.73359408],78,31,"[0.6283100186299069, 0.6976202951749496]",-1,-1
7885,[0.6937451  0.70483919],78,49,"[0.7003976871461259, 0.6659991324849905]",48,18
7886,[0.6636126  0.71181803],78,31,"[0.6283100186299069, 0.6976202951749496]",48,15
7887,[0.71447815 0.71645379],78,14,"[0.740019801793262, 0.7124846396853769]",48,-1
7888,[0.69421428 0.65965377],78,49,"[0.7003976871461259, 0.6659991324849905]",48,-1
7889,[0.68452678 0.75022225],78,10,"[0.6888975182522787, 0.7695304266244736]",48,-1
7890,[0.70294387 0.72999604],78,14,"[0.740019801793262, 0.7124846396853769]",48,22
7891,[0.63548603 0.7324469 ],78,31,"[0.6283100186299069, 0.6976202951749496]",48,-1
7892,[0.64533472 0.68097821],78,31,"[0.6283100186299069, 0.6976202951749496]",-1,-1
7893,[0.69839016 0.68934795],78,49,"[0.7003976871461259, 0.6659991324849905]",48,-1
7894,[0.63444196 0.71460613],78,31,"[0.6283100186299069, 0.6976202951749496]",-1,-1
7895,[0.68021075 0.66287708],78,49,"[0.7003976871461259, 0.6659991324849905]",-1,-1
7896,[0.72956915 0.65727429],78,49,"[0.7003976871461259, 0.6659991324849905]",48,10
7897,[0.6501801  0.73429247],78,31,"[0.6283100186299069, 0.6976202951749496]",48,-1
7898,[0.71123444 0.74117922],78,10,"[0.6888975182522787, 0.7695304266244736]",48,-1
7899,[0.66378461 0.75268553],78,10,"[0.6888975182522787, 0.7695304266244736]",48,22
7900,[0.31990265 0.21092722],79,54,"[0.30468739666036593, 0.22018864942906555]",112,-1
7901,[0.33745755 0.21618263],79,54,"[0.30468739666036593, 0.22018864942906555]",112,51
7902,[0.39757239 0.24049373],79,16,"[0.3922781621956629, 0.20389538485907233]",112,47
7903,[0.40062116 0.28875994],79,47,"[0.41917741489762755, 0.2753980840246735]",112,-1
7904,[0.3448287  0.25349696],79,20,"[0.33994633114074657, 0.26920062338349254]",112,-1
7905,[0.36442363 0.18836052],79,16,"[0.3922781621956629, 0.20389538485907233]",112,-1
7906,[0.39380926 0.26505444],79,47,"[0.41917741489762755, 0.2753980840246735]",112,47
7907,[0.33322636 0.2370425 ],79,20,"[0.33994633114074657, 0.26920062338349254]",112,51
7908,[0.30199042 0.26660072],79,20,"[0.33994633114074657, 0.26920062338349254]",112,-1
7909,[0.36173476 0.20531021],79,16,"[0.3922781621956629, 0.20389538485907233]",112,-1
7910,[0.39376402 0.24573784],79,47,"[0.41917741489762755, 0.2753980840246735]",112,47
7911,[0.37558678 0.25548654],79,20,"[0.33994633114074657, 0.26920062338349254]",112,-1
7912,[0.37248222 0.2492764 ],79,20,"[0.33994633114074657, 0.26920062338349254]",112,-1
7913,[0.40006635 0.26847407],79,47,"[0.41917741489762755, 0.2753980840246735]",112,47
7914,[0.35447448 0.23206107],79,20,"[0.33994633114074657, 0.26920062338349254]",112,50
7915,[0.40360693 0.31357409],79,47,"[0.41917741489762755, 0.2753980840246735]",112,-1
7916,[0.38978929 0.21670349],79,16,"[0.3922781621956629, 0.20389538485907233]",112,49
7917,[0.3877117 0.2478625],79,47,"[0.41917741489762755, 0.2753980840246735]",112,-1
7918,[0.39574516 0.22862584],79,16,"[0.3922781621956629, 0.20389538485907233]",112,-1
7919,[0.39949225 0.27648405],79,47,"[0.41917741489762755, 0.2753980840246735]",112,-1
7920,[0.37299293 0.26417413],79,20,"[0.33994633114074657, 0.26920062338349254]",112,-1
7921,[0.35082472 0.28098532],79,20,"[0.33994633114074657, 0.26920062338349254]",-1,-1
7922,[0.29684545 0.29112623],79,57,"[0.27184000903695754, 0.33180004241702465]",-1,-1
7923,[0.43051894 0.24639157],79,47,"[0.41917741489762755, 0.2753980840246735]",-1,-1
7924,[0.39300856 0.19932451],79,16,"[0.3922781621956629, 0.20389538485907233]",112,-1
7925,[0.37819692 0.16832409],79,55,"[0.3459077460087649, 0.15794172531040296]",112,-1
7926,[0.44418872 0.23859191],79,47,"[0.41917741489762755, 0.2753980840246735]",52,-1
7927,[0.39241487 0.19370488],79,16,"[0.3922781621956629, 0.20389538485907233]",112,34
7928,[0.33221034 0.24851826],79,20,"[0.33994633114074657, 0.26920062338349254]",112,51
7929,[0.296262   0.25386342],79,54,"[0.30468739666036593, 0.22018864942906555]",112,-1
7930,[0.40699819 0.30540461],79,47,"[0.41917741489762755, 0.2753980840246735]",112,37
7931,[0.41301746 0.22719495],79,16,"[0.3922781621956629, 0.20389538485907233]",112,-1
7932,[0.37436898 0.23853907],79,16,"[0.3922781621956629, 0.20389538485907233]",112,-1
7933,[0.42588648 0.23446835],79,47,"[0.41917741489762755, 0.2753980840246735]",52,-1
7934,[0.36199286 0.27367689],79,20,"[0.33994633114074657, 0.26920062338349254]",-1,-1
7935,[0.30012166 0.28481033],79,20,"[0.33994633114074657, 0.26920062338349254]",-1,-1
7936,[0.34450546 0.32517423],79,30,"[0.3717358952181559, 0.3578997358568481]",101,25
7937,[0.3363765  0.27329117],79,20,"[0.33994633114074657, 0.26920062338349254]",-1,-1
7938,[0.32431863 0.24802524],79,20,"[0.33994633114074657, 0.26920062338349254]",112,51
7939,[0.37290486 0.22949562],79,16,"[0.3922781621956629, 0.20389538485907233]",112,-1
7940,[0.370488   0.25598358],79,20,"[0.33994633114074657, 0.26920062338349254]",112,-1
7941,[0.3795223  0.25258271],79,20,"[0.33994633114074657, 0.26920062338349254]",112,-1
7942,[0.3600043  0.25425664],79,20,"[0.33994633114074657, 0.26920062338349254]",112,-1
7943,[0.3963615  0.22300863],79,16,"[0.3922781621956629, 0.20389538485907233]",112,49
7944,[0.39371923 0.21457564],79,16,"[0.3922781621956629, 0.20389538485907233]",112,49
7945,[0.43628869 0.27748439],79,47,"[0.41917741489762755, 0.2753980840246735]",-1,-1
7946,[0.35515065 0.25343655],79,20,"[0.33994633114074657, 0.26920062338349254]",112,-1
7947,[0.37665534 0.25206053],79,20,"[0.33994633114074657, 0.26920062338349254]",112,-1
7948,[0.37555705 0.237221  ],79,16,"[0.3922781621956629, 0.20389538485907233]",112,-1
7949,[0.3406989  0.28273771],79,20,"[0.33994633114074657, 0.26920062338349254]",-1,-1
7950,[0.3158517 0.2435727],79,54,"[0.30468739666036593, 0.22018864942906555]",-1,-1
7951,[0.34483055 0.23800284],79,20,"[0.33994633114074657, 0.26920062338349254]",112,-1
7952,[0.40080543 0.20856711],79,16,"[0.3922781621956629, 0.20389538485907233]",112,-1
7953,[0.35393636 0.22366367],79,16,"[0.3922781621956629, 0.20389538485907233]",112,-1
7954,[0.41418232 0.23158258],79,16,"[0.3922781621956629, 0.20389538485907233]",112,-1
7955,[0.28799576 0.25581823],79,54,"[0.30468739666036593, 0.22018864942906555]",112,43
7956,[0.39883115 0.1848463 ],79,16,"[0.3922781621956629, 0.20389538485907233]",112,34
7957,[0.39860295 0.23692932],79,16,"[0.3922781621956629, 0.20389538485907233]",112,-1
7958,[0.34912063 0.30727113],79,20,"[0.33994633114074657, 0.26920062338349254]",-1,-1
7959,[0.3910738  0.28532338],79,47,"[0.41917741489762755, 0.2753980840246735]",-1,-1
7960,[0.35158258 0.22610815],79,20,"[0.33994633114074657, 0.26920062338349254]",112,-1
7961,[0.43355326 0.26958934],79,47,"[0.41917741489762755, 0.2753980840246735]",75,-1
7962,[0.34054323 0.24931882],79,20,"[0.33994633114074657, 0.26920062338349254]",112,51
7963,[0.39055256 0.18597805],79,16,"[0.3922781621956629, 0.20389538485907233]",-1,-1
7964,[0.32230477 0.25711039],79,20,"[0.33994633114074657, 0.26920062338349254]",112,-1
7965,[0.34474076 0.21710266],79,54,"[0.30468739666036593, 0.22018864942906555]",112,51
7966,[0.41495634 0.20434314],79,16,"[0.3922781621956629, 0.20389538485907233]",-1,-1
7967,[0.34082349 0.19269434],79,55,"[0.3459077460087649, 0.15794172531040296]",-1,-1
7968,[0.34448083 0.25861301],79,20,"[0.33994633114074657, 0.26920062338349254]",112,-1
7969,[0.31237037 0.3071101 ],79,20,"[0.33994633114074657, 0.26920062338349254]",-1,-1
7970,[0.40338405 0.28562642],79,47,"[0.41917741489762755, 0.2753980840246735]",112,-1
7971,[0.37743533 0.21318445],79,16,"[0.3922781621956629, 0.20389538485907233]",112,-1
7972,[0.34144322 0.21637254],79,54,"[0.30468739666036593, 0.22018864942906555]",112,51
7973,[0.37654072 0.23088242],79,16,"[0.3922781621956629, 0.20389538485907233]",112,-1
7974,[0.37102688 0.28276217],79,20,"[0.33994633114074657, 0.26920062338349254]",112,-1
7975,[0.36155035 0.1831268 ],79,55,"[0.3459077460087649, 0.15794172531040296]",112,-1
7976,[0.3323693  0.23123154],79,54,"[0.30468739666036593, 0.22018864942906555]",112,51
7977,[0.37235435 0.21754624],79,16,"[0.3922781621956629, 0.20389538485907233]",112,-1
7978,[0.3723957  0.25824177],79,20,"[0.33994633114074657, 0.26920062338349254]",112,-1
7979,[0.36298998 0.23274636],79,16,"[0.3922781621956629, 0.20389538485907233]",112,-1
7980,[0.39912819 0.19430209],79,16,"[0.3922781621956629, 0.20389538485907233]",112,-1
7981,[0.33372634 0.30270657],79,20,"[0.33994633114074657, 0.26920062338349254]",-1,-1
7982,[0.34070894 0.25347089],79,20,"[0.33994633114074657, 0.26920062338349254]",112,-1
7983,[0.37320406 0.34254132],79,30,"[0.3717358952181559, 0.3578997358568481]",112,-1
7984,[0.39765745 0.1663217 ],79,16,"[0.3922781621956629, 0.20389538485907233]",112,34
7985,[0.30914145 0.21517309],79,54,"[0.30468739666036593, 0.22018864942906555]",-1,-1
7986,[0.37524832 0.16975099],79,55,"[0.3459077460087649, 0.15794172531040296]",112,-1
7987,[0.38968871 0.26236665],79,47,"[0.41917741489762755, 0.2753980840246735]",112,47
7988,[0.36862346 0.25651585],79,20,"[0.33994633114074657, 0.26920062338349254]",112,-1
7989,[0.36571305 0.18762764],79,16,"[0.3922781621956629, 0.20389538485907233]",112,-1
7990,[0.40888383 0.25741427],79,47,"[0.41917741489762755, 0.2753980840246735]",-1,-1
7991,[0.36292808 0.203545  ],79,16,"[0.3922781621956629, 0.20389538485907233]",112,-1
7992,[0.43641651 0.24299562],79,47,"[0.41917741489762755, 0.2753980840246735]",-1,-1
7993,[0.3883269  0.21936239],79,16,"[0.3922781621956629, 0.20389538485907233]",112,49
7994,[0.39282417 0.2467974 ],79,47,"[0.41917741489762755, 0.2753980840246735]",112,47
7995,[0.29038033 0.22554677],79,54,"[0.30468739666036593, 0.22018864942906555]",-1,-1
7996,[0.39489619 0.26522732],79,47,"[0.41917741489762755, 0.2753980840246735]",112,47
7997,[0.34765821 0.29409755],79,20,"[0.33994633114074657, 0.26920062338349254]",112,-1
7998,[0.34547878 0.32883717],79,30,"[0.3717358952181559, 0.3578997358568481]",101,25
7999,[0.28481346 0.25607185],79,54,"[0.30468739666036593, 0.22018864942906555]",112,43
8000,[0.20825954 0.38864666],80,77,"[0.22975717865813536, 0.35984896868285715]",10,-1
8001,[0.27270955 0.47402042],80,86,"[0.2863308504841853, 0.4757072588610695]",-1,-1
8002,[0.26493661 0.46779466],80,86,"[0.2863308504841853, 0.4757072588610695]",-1,-1
8003,[0.28708134 0.4799389 ],80,86,"[0.2863308504841853, 0.4757072588610695]",104,-1
8004,[0.34033601 0.36893552],80,63,"[0.31265848991799045, 0.3636044905994273]",112,-1
8005,[0.2121171  0.38950739],80,77,"[0.22975717865813536, 0.35984896868285715]",10,-1
8006,[0.33375256 0.41753142],80,44,"[0.34853587644703343, 0.40608971906389735]",112,72
8007,[0.29925659 0.43489109],80,74,"[0.30377537934724935, 0.43721818673809004]",112,72
8008,[0.26502058 0.44813898],80,86,"[0.2863308504841853, 0.4757072588610695]",-1,-1
8009,[0.34405229 0.4350509 ],80,67,"[0.34269865168009006, 0.44034776623612226]",112,72
8010,[0.27064565 0.42106969],80,60,"[0.2741039163061208, 0.4090806374523096]",112,-1
8011,[0.27229142 0.44041479],80,60,"[0.2741039163061208, 0.4090806374523096]",-1,-1
8012,[0.27932214 0.3751215 ],80,60,"[0.2741039163061208, 0.4090806374523096]",112,-1
8013,[0.30141997 0.43952757],80,74,"[0.30377537934724935, 0.43721818673809004]",112,72
8014,[0.33679975 0.39393143],80,44,"[0.34853587644703343, 0.40608971906389735]",112,72
8015,[0.29116349 0.44012424],80,74,"[0.30377537934724935, 0.43721818673809004]",112,72
8016,[0.31977087 0.39972102],80,44,"[0.34853587644703343, 0.40608971906389735]",112,-1
8017,[0.30066225 0.37496334],80,63,"[0.31265848991799045, 0.3636044905994273]",112,-1
8018,[0.32447301 0.42550116],80,67,"[0.34269865168009006, 0.44034776623612226]",112,72
8019,[0.25282919 0.35321339],80,77,"[0.22975717865813536, 0.35984896868285715]",112,-1
8020,[0.3599544  0.44027401],80,67,"[0.34269865168009006, 0.44034776623612226]",112,72
8021,[0.28679856 0.44824042],80,74,"[0.30377537934724935, 0.43721818673809004]",-1,-1
8022,[0.33848087 0.40282352],80,44,"[0.34853587644703343, 0.40608971906389735]",112,72
8023,[0.2924993  0.39058925],80,60,"[0.2741039163061208, 0.4090806374523096]",112,-1
8024,[0.32690966 0.42906909],80,67,"[0.34269865168009006, 0.44034776623612226]",112,72
8025,[0.27341424 0.36898664],80,57,"[0.27184000903695754, 0.33180004241702465]",112,63
8026,[0.24406925 0.40308947],80,60,"[0.2741039163061208, 0.4090806374523096]",85,-1
8027,[0.32079365 0.45161919],80,74,"[0.30377537934724935, 0.43721818673809004]",112,72
8028,[0.30068961 0.39302534],80,60,"[0.2741039163061208, 0.4090806374523096]",112,-1
8029,[0.29175678 0.35067344],80,63,"[0.31265848991799045, 0.3636044905994273]",112,63
8030,[0.24686422 0.36497522],80,77,"[0.22975717865813536, 0.35984896868285715]",112,-1
8031,[0.283581   0.42933127],80,74,"[0.30377537934724935, 0.43721818673809004]",112,-1
8032,[0.25584422 0.37548531],80,77,"[0.22975717865813536, 0.35984896868285715]",112,-1
8033,[0.29583762 0.3715374 ],80,63,"[0.31265848991799045, 0.3636044905994273]",-1,-1
8034,[0.24478248 0.43089896],80,60,"[0.2741039163061208, 0.4090806374523096]",85,-1
8035,[0.31979432 0.36783367],80,63,"[0.31265848991799045, 0.3636044905994273]",112,-1
8036,[0.3226422  0.48156912],80,94,"[0.33191161120142837, 0.5109127972526102]",-1,-1
8037,[0.26097096 0.4889641 ],80,83,"[0.2368604693858302, 0.47906582147153637]",67,-1
8038,[0.27517488 0.39710193],80,60,"[0.2741039163061208, 0.4090806374523096]",112,-1
8039,[0.31915033 0.44873779],80,74,"[0.30377537934724935, 0.43721818673809004]",112,72
8040,[0.27464019 0.41149051],80,60,"[0.2741039163061208, 0.4090806374523096]",-1,-1
8041,[0.23450747 0.41354747],80,60,"[0.2741039163061208, 0.4090806374523096]",-1,-1
8042,[0.2655374  0.41508667],80,60,"[0.2741039163061208, 0.4090806374523096]",-1,-1
8043,[0.35929142 0.36566002],80,30,"[0.3717358952181559, 0.3578997358568481]",112,72
8044,[0.3059122  0.40408288],80,60,"[0.2741039163061208, 0.4090806374523096]",112,-1
8045,[0.24856076 0.42874245],80,60,"[0.2741039163061208, 0.4090806374523096]",85,-1
8046,[0.24772634 0.40799978],80,60,"[0.2741039163061208, 0.4090806374523096]",-1,-1
8047,[0.30699251 0.43158548],80,74,"[0.30377537934724935, 0.43721818673809004]",112,72
8048,[0.24140791 0.43356749],80,60,"[0.2741039163061208, 0.4090806374523096]",-1,-1
8049,[0.3236567  0.41210596],80,44,"[0.34853587644703343, 0.40608971906389735]",112,72
8050,[0.32200864 0.44319326],80,74,"[0.30377537934724935, 0.43721818673809004]",112,72
8051,[0.32868089 0.39413592],80,44,"[0.34853587644703343, 0.40608971906389735]",112,72
8052,[0.25884407 0.36609376],80,77,"[0.22975717865813536, 0.35984896868285715]",112,-1
8053,[0.27388376 0.379342  ],80,60,"[0.2741039163061208, 0.4090806374523096]",112,-1
8054,[0.2486808 0.3911776],80,60,"[0.2741039163061208, 0.4090806374523096]",-1,-1
8055,[0.2940652  0.41777533],80,74,"[0.30377537934724935, 0.43721818673809004]",112,-1
8056,[0.31353414 0.43619885],80,74,"[0.30377537934724935, 0.43721818673809004]",112,72
8057,[0.26321216 0.40425983],80,60,"[0.2741039163061208, 0.4090806374523096]",-1,-1
8058,[0.2374681  0.40256672],80,60,"[0.2741039163061208, 0.4090806374523096]",-1,-1
8059,[0.28772291 0.42184361],80,60,"[0.2741039163061208, 0.4090806374523096]",112,-1
8060,[0.32422599 0.42915968],80,67,"[0.34269865168009006, 0.44034776623612226]",112,72
8061,[0.31160623 0.36695937],80,63,"[0.31265848991799045, 0.3636044905994273]",112,-1
8062,[0.20966001 0.46890866],80,83,"[0.2368604693858302, 0.47906582147153637]",1,-1
8063,[0.23744395 0.4011854 ],80,60,"[0.2741039163061208, 0.4090806374523096]",-1,-1
8064,[0.27611629 0.39353228],80,60,"[0.2741039163061208, 0.4090806374523096]",112,-1
8065,[0.30507688 0.32651266],80,57,"[0.27184000903695754, 0.33180004241702465]",84,-1
8066,[0.27069911 0.39769091],80,60,"[0.2741039163061208, 0.4090806374523096]",-1,-1
8067,[0.26768516 0.38629794],80,60,"[0.2741039163061208, 0.4090806374523096]",-1,-1
8068,[0.35757245 0.41457356],80,44,"[0.34853587644703343, 0.40608971906389735]",112,72
8069,[0.28990861 0.35009689],80,57,"[0.27184000903695754, 0.33180004241702465]",112,63
8070,[0.34087279 0.47833217],80,94,"[0.33191161120142837, 0.5109127972526102]",112,-1
8071,[0.27974755 0.38194721],80,60,"[0.2741039163061208, 0.4090806374523096]",112,-1
8072,[0.24932451 0.46116714],80,83,"[0.2368604693858302, 0.47906582147153637]",-1,-1
8073,[0.20209448 0.38266525],80,77,"[0.22975717865813536, 0.35984896868285715]",10,-1
8074,[0.32216052 0.41560385],80,44,"[0.34853587644703343, 0.40608971906389735]",112,72
8075,[0.29790678 0.44625271],80,74,"[0.30377537934724935, 0.43721818673809004]",112,72
8076,[0.27655153 0.39837417],80,60,"[0.2741039163061208, 0.4090806374523096]",112,-1
8077,[0.29903283 0.35551051],80,63,"[0.31265848991799045, 0.3636044905994273]",112,63
8078,[0.35030888 0.42050028],80,44,"[0.34853587644703343, 0.40608971906389735]",112,72
8079,[0.27849388 0.46946551],80,86,"[0.2863308504841853, 0.4757072588610695]",-1,-1
8080,[0.30545252 0.40023438],80,60,"[0.2741039163061208, 0.4090806374523096]",112,-1
8081,[0.29341332 0.46204445],80,86,"[0.2863308504841853, 0.4757072588610695]",104,-1
8082,[0.24454177 0.41595385],80,60,"[0.2741039163061208, 0.4090806374523096]",85,-1
8083,[0.22973795 0.42737139],80,60,"[0.2741039163061208, 0.4090806374523096]",-1,-1
8084,[0.31343107 0.37228805],80,63,"[0.31265848991799045, 0.3636044905994273]",112,-1
8085,[0.25301693 0.34049297],80,57,"[0.27184000903695754, 0.33180004241702465]",112,-1
8086,[0.29057435 0.41267734],80,60,"[0.2741039163061208, 0.4090806374523096]",-1,-1
8087,[0.30539176 0.43619697],80,74,"[0.30377537934724935, 0.43721818673809004]",112,72
8088,[0.29456481 0.43577781],80,74,"[0.30377537934724935, 0.43721818673809004]",112,72
8089,[0.31821296 0.50853541],80,94,"[0.33191161120142837, 0.5109127972526102]",-1,-1
8090,[0.29644924 0.43264472],80,74,"[0.30377537934724935, 0.43721818673809004]",112,72
8091,[0.26284815 0.42757951],80,60,"[0.2741039163061208, 0.4090806374523096]",-1,-1
8092,[0.320096   0.42566082],80,74,"[0.30377537934724935, 0.43721818673809004]",112,72
8093,[0.33255088 0.4182487 ],80,44,"[0.34853587644703343, 0.40608971906389735]",112,72
8094,[0.17384286 0.38097674],80,76,"[0.17908534744711677, 0.41908191437899905]",11,-1
8095,[0.33770654 0.32106134],80,63,"[0.31265848991799045, 0.3636044905994273]",101,25
8096,[0.26187295 0.37336402],80,77,"[0.22975717865813536, 0.35984896868285715]",112,-1
8097,[0.28269142 0.39960627],80,60,"[0.2741039163061208, 0.4090806374523096]",112,-1
8098,[0.27083017 0.4600045 ],80,86,"[0.2863308504841853, 0.4757072588610695]",-1,-1
8099,[0.28641053 0.47147784],80,86,"[0.2863308504841853, 0.4757072588610695]",104,-1
8100,[0.75817231 0.74055281],81,14,"[0.740019801793262, 0.7124846396853769]",25,-1
8101,[0.70592433 0.84990644],81,32,"[0.7372052186587957, 0.8250395123718929]",48,11
8102,[0.70445216 0.816397  ],81,32,"[0.7372052186587957, 0.8250395123718929]",48,-1
8103,[0.70031269 0.76285812],81,10,"[0.6888975182522787, 0.7695304266244736]",48,22
8104,[0.67849982 0.84358919],81,52,"[0.6555268282654955, 0.8492024110319594]",48,-1
8105,[0.66018731 0.81076178],81,56,"[0.6249916856709978, 0.8077006051335125]",48,14
8106,[0.78036615 0.86485216],81,97,"[0.8085390589116385, 0.8825601902783371]",-1,-1
8107,[0.68426139 0.79943626],81,10,"[0.6888975182522787, 0.7695304266244736]",48,-1
8108,[0.69009277 0.86702172],81,52,"[0.6555268282654955, 0.8492024110319594]",-1,-1
8109,[0.73711907 0.82105896],81,32,"[0.7372052186587957, 0.8250395123718929]",48,-1
8110,[0.70009362 0.84650305],81,32,"[0.7372052186587957, 0.8250395123718929]",48,-1
8111,[0.72376946 0.82049468],81,32,"[0.7372052186587957, 0.8250395123718929]",-1,-1
8112,[0.74720247 0.79816967],81,32,"[0.7372052186587957, 0.8250395123718929]",48,-1
8113,[0.73931998 0.86504102],81,90,"[0.7333429288044403, 0.8887256367902243]",-1,-1
8114,[0.77164613 0.82297085],81,32,"[0.7372052186587957, 0.8250395123718929]",48,-1
8115,[0.64224605 0.83791313],81,52,"[0.6555268282654955, 0.8492024110319594]",48,-1
8116,[0.73191527 0.79206308],81,32,"[0.7372052186587957, 0.8250395123718929]",48,-1
8117,[0.70555862 0.75294924],81,10,"[0.6888975182522787, 0.7695304266244736]",48,-1
8118,[0.75616179 0.89193901],81,90,"[0.7333429288044403, 0.8887256367902243]",-1,-1
8119,[0.66381992 0.74915705],81,10,"[0.6888975182522787, 0.7695304266244736]",48,22
8120,[0.73136503 0.7916573 ],81,32,"[0.7372052186587957, 0.8250395123718929]",48,-1
8121,[0.64119241 0.83409535],81,52,"[0.6555268282654955, 0.8492024110319594]",48,-1
8122,[0.6854484 0.7696001],81,10,"[0.6888975182522787, 0.7695304266244736]",48,22
8123,[0.65703126 0.87297808],81,52,"[0.6555268282654955, 0.8492024110319594]",-1,-1
8124,[0.73532902 0.82307239],81,32,"[0.7372052186587957, 0.8250395123718929]",48,-1
8125,[0.72354002 0.84767199],81,32,"[0.7372052186587957, 0.8250395123718929]",48,-1
8126,[0.72120423 0.78353167],81,10,"[0.6888975182522787, 0.7695304266244736]",48,21
8127,[0.71560089 0.80545188],81,32,"[0.7372052186587957, 0.8250395123718929]",48,-1
8128,[0.77525748 0.85051449],81,32,"[0.7372052186587957, 0.8250395123718929]",-1,-1
8129,[0.67035313 0.82231045],81,52,"[0.6555268282654955, 0.8492024110319594]",48,14
8130,[0.7202914  0.84469752],81,32,"[0.7372052186587957, 0.8250395123718929]",48,11
8131,[0.73793014 0.8128237 ],81,32,"[0.7372052186587957, 0.8250395123718929]",48,-1
8132,[0.71155909 0.84860536],81,32,"[0.7372052186587957, 0.8250395123718929]",48,11
8133,[0.73896037 0.81337338],81,32,"[0.7372052186587957, 0.8250395123718929]",48,-1
8134,[0.72313177 0.85484822],81,32,"[0.7372052186587957, 0.8250395123718929]",48,-1
8135,[0.71533631 0.80916246],81,32,"[0.7372052186587957, 0.8250395123718929]",48,-1
8136,[0.72534861 0.86413125],81,90,"[0.7333429288044403, 0.8887256367902243]",-1,-1
8137,[0.73105109 0.80223034],81,32,"[0.7372052186587957, 0.8250395123718929]",48,-1
8138,[0.77247944 0.84332165],81,32,"[0.7372052186587957, 0.8250395123718929]",-1,-1
8139,[0.69885727 0.79367931],81,10,"[0.6888975182522787, 0.7695304266244736]",48,-1
8140,[0.72486697 0.77916197],81,10,"[0.6888975182522787, 0.7695304266244736]",48,21
8141,[0.72332743 0.83305202],81,32,"[0.7372052186587957, 0.8250395123718929]",-1,-1
8142,[0.71207814 0.75957349],81,10,"[0.6888975182522787, 0.7695304266244736]",48,-1
8143,[0.74656659 0.82575779],81,32,"[0.7372052186587957, 0.8250395123718929]",48,-1
8144,[0.65884717 0.78138508],81,10,"[0.6888975182522787, 0.7695304266244736]",48,14
8145,[0.74740551 0.79989445],81,32,"[0.7372052186587957, 0.8250395123718929]",48,-1
8146,[0.75244967 0.78972582],81,32,"[0.7372052186587957, 0.8250395123718929]",-1,-1
8147,[0.72183164 0.80071528],81,32,"[0.7372052186587957, 0.8250395123718929]",48,-1
8148,[0.75377699 0.86027177],81,90,"[0.7333429288044403, 0.8887256367902243]",-1,-1
8149,[0.75944037 0.83808143],81,32,"[0.7372052186587957, 0.8250395123718929]",-1,-1
8150,[0.69435684 0.84647525],81,52,"[0.6555268282654955, 0.8492024110319594]",48,-1
8151,[0.80487912 0.86587182],81,97,"[0.8085390589116385, 0.8825601902783371]",5,-1
8152,[0.66976515 0.82480316],81,52,"[0.6555268282654955, 0.8492024110319594]",48,14
8153,[0.70191214 0.76772712],81,10,"[0.6888975182522787, 0.7695304266244736]",48,22
8154,[0.71664794 0.84847784],81,32,"[0.7372052186587957, 0.8250395123718929]",48,11
8155,[0.70317761 0.83233085],81,32,"[0.7372052186587957, 0.8250395123718929]",-1,-1
8156,[0.74527769 0.88258048],81,90,"[0.7333429288044403, 0.8887256367902243]",-1,-1
8157,[0.65825725 0.79660154],81,56,"[0.6249916856709978, 0.8077006051335125]",48,14
8158,[0.77071365 0.79132889],81,32,"[0.7372052186587957, 0.8250395123718929]",-1,-1
8159,[0.77948185 0.78108298],81,71,"[0.8239319737253928, 0.802271356169174]",13,-1
8160,[0.71427893 0.85873363],81,90,"[0.7333429288044403, 0.8887256367902243]",48,-1
8161,[0.73664772 0.83325029],81,32,"[0.7372052186587957, 0.8250395123718929]",48,-1
8162,[0.75667056 0.88019873],81,90,"[0.7333429288044403, 0.8887256367902243]",-1,-1
8163,[0.80330983 0.84406751],81,97,"[0.8085390589116385, 0.8825601902783371]",-1,-1
8164,[0.70794998 0.83057822],81,32,"[0.7372052186587957, 0.8250395123718929]",48,11
8165,[0.71880244 0.78758792],81,10,"[0.6888975182522787, 0.7695304266244736]",48,21
8166,[0.69201064 0.89251361],81,90,"[0.7333429288044403, 0.8887256367902243]",-1,-1
8167,[0.71006886 0.77092022],81,10,"[0.6888975182522787, 0.7695304266244736]",48,-1
8168,[0.8047806  0.83356512],81,71,"[0.8239319737253928, 0.802271356169174]",-1,-1
8169,[0.72815171 0.89973698],81,90,"[0.7333429288044403, 0.8887256367902243]",-1,-1
8170,[0.77851386 0.77138756],81,71,"[0.8239319737253928, 0.802271356169174]",13,-1
8171,[0.70490683 0.69861357],81,49,"[0.7003976871461259, 0.6659991324849905]",48,-1
8172,[0.76488398 0.8044331 ],81,32,"[0.7372052186587957, 0.8250395123718929]",-1,-1
8173,[0.69894508 0.81591764],81,32,"[0.7372052186587957, 0.8250395123718929]",48,-1
8174,[0.68385679 0.77814923],81,10,"[0.6888975182522787, 0.7695304266244736]",48,-1
8175,[0.74565852 0.74536702],81,14,"[0.740019801793262, 0.7124846396853769]",48,-1
8176,[0.73691752 0.78110935],81,32,"[0.7372052186587957, 0.8250395123718929]",-1,-1
8177,[0.71426795 0.73552709],81,14,"[0.740019801793262, 0.7124846396853769]",48,22
8178,[0.7562909 0.7330042],81,14,"[0.740019801793262, 0.7124846396853769]",25,-1
8179,[0.68099064 0.80850772],81,10,"[0.6888975182522787, 0.7695304266244736]",48,-1
8180,[0.78046315 0.78743335],81,71,"[0.8239319737253928, 0.802271356169174]",13,-1
8181,[0.80314511 0.7831648 ],81,71,"[0.8239319737253928, 0.802271356169174]",-1,-1
8182,[0.7046229  0.81447383],81,32,"[0.7372052186587957, 0.8250395123718929]",48,-1
8183,[0.77950532 0.77780927],81,71,"[0.8239319737253928, 0.802271356169174]",-1,-1
8184,[0.68575035 0.84180223],81,52,"[0.6555268282654955, 0.8492024110319594]",48,-1
8185,[0.68077854 0.76334562],81,10,"[0.6888975182522787, 0.7695304266244736]",48,22
8186,[0.72997278 0.75586963],81,10,"[0.6888975182522787, 0.7695304266244736]",48,-1
8187,[0.72515373 0.8232391 ],81,32,"[0.7372052186587957, 0.8250395123718929]",48,-1
8188,[0.73329712 0.93634432],81,90,"[0.7333429288044403, 0.8887256367902243]",-1,-1
8189,[0.72901046 0.81067846],81,32,"[0.7372052186587957, 0.8250395123718929]",48,-1
8190,[0.74900616 0.855151  ],81,32,"[0.7372052186587957, 0.8250395123718929]",-1,-1
8191,[0.6973168  0.79232607],81,10,"[0.6888975182522787, 0.7695304266244736]",48,-1
8192,[0.76536562 0.69841285],81,14,"[0.740019801793262, 0.7124846396853769]",-1,-1
8193,[0.75818358 0.82892846],81,32,"[0.7372052186587957, 0.8250395123718929]",48,-1
8194,[0.74505421 0.76227928],81,14,"[0.740019801793262, 0.7124846396853769]",48,22
8195,[0.69361906 0.86534677],81,52,"[0.6555268282654955, 0.8492024110319594]",-1,-1
8196,[0.74157315 0.74606448],81,14,"[0.740019801793262, 0.7124846396853769]",48,-1
8197,[0.71957565 0.8043962 ],81,32,"[0.7372052186587957, 0.8250395123718929]",48,-1
8198,[0.73173015 0.93003684],81,90,"[0.7333429288044403, 0.8887256367902243]",-1,-1
8199,[0.77337545 0.82747958],81,32,"[0.7372052186587957, 0.8250395123718929]",48,-1
8200,[0.55011888 0.72922031],82,23,"[0.5302520860132256, 0.7258783520828289]",57,24
8201,[0.56713457 0.726875  ],82,23,"[0.5302520860132256, 0.7258783520828289]",57,-1
8202,[0.57721541 0.67936231],82,31,"[0.6283100186299069, 0.6976202951749496]",105,-1
8203,[0.53440507 0.67862479],82,36,"[0.5286985042700821, 0.6516604258431233]",111,42
8204,[0.54298389 0.77043677],82,75,"[0.5578508247145463, 0.8075131053511911]",-1,-1
8205,[0.5228987 0.6928923],82,23,"[0.5302520860132256, 0.7258783520828289]",111,42
8206,[0.57392884 0.70562682],82,23,"[0.5302520860132256, 0.7258783520828289]",105,-1
8207,[0.50926221 0.7162401 ],82,23,"[0.5302520860132256, 0.7258783520828289]",111,-1
8208,[0.51437252 0.6928529 ],82,23,"[0.5302520860132256, 0.7258783520828289]",111,42
8209,[0.50371694 0.66400588],82,36,"[0.5286985042700821, 0.6516604258431233]",111,41
8210,[0.52370435 0.6974451 ],82,23,"[0.5302520860132256, 0.7258783520828289]",111,-1
8211,[0.58591487 0.74318354],82,23,"[0.5302520860132256, 0.7258783520828289]",-1,-1
8212,[0.54671577 0.75182986],82,23,"[0.5302520860132256, 0.7258783520828289]",57,-1
8213,[0.52710837 0.69465498],82,23,"[0.5302520860132256, 0.7258783520828289]",111,-1
8214,[0.5097199  0.74496009],82,23,"[0.5302520860132256, 0.7258783520828289]",107,23
8215,[0.54805995 0.74273881],82,23,"[0.5302520860132256, 0.7258783520828289]",57,24
8216,[0.46831652 0.74373879],82,48,"[0.45117785646922254, 0.7079436468031785]",-1,-1
8217,[0.52060374 0.72455961],82,23,"[0.5302520860132256, 0.7258783520828289]",-1,-1
8218,[0.61177992 0.71320078],82,31,"[0.6283100186299069, 0.6976202951749496]",-1,-1
8219,[0.52163538 0.74360383],82,23,"[0.5302520860132256, 0.7258783520828289]",107,23
8220,[0.53659525 0.68763773],82,36,"[0.5286985042700821, 0.6516604258431233]",111,-1
8221,[0.56664892 0.74494692],82,23,"[0.5302520860132256, 0.7258783520828289]",-1,-1
8222,[0.52083258 0.75235373],82,23,"[0.5302520860132256, 0.7258783520828289]",107,-1
8223,[0.56803907 0.73766871],82,23,"[0.5302520860132256, 0.7258783520828289]",-1,-1
8224,[0.5040985  0.70296906],82,23,"[0.5302520860132256, 0.7258783520828289]",111,-1
8225,[0.48346958 0.68773675],82,48,"[0.45117785646922254, 0.7079436468031785]",111,-1
8226,[0.56581496 0.76341032],82,75,"[0.5578508247145463, 0.8075131053511911]",57,-1
8227,[0.55583465 0.66460209],82,36,"[0.5286985042700821, 0.6516604258431233]",111,-1
8228,[0.53413948 0.67881925],82,36,"[0.5286985042700821, 0.6516604258431233]",111,42
8229,[0.58963435 0.73255662],82,31,"[0.6283100186299069, 0.6976202951749496]",60,-1
8230,[0.59136545 0.72271153],82,31,"[0.6283100186299069, 0.6976202951749496]",60,-1
8231,[0.5338215  0.66399079],82,36,"[0.5286985042700821, 0.6516604258431233]",111,42
8232,[0.58093936 0.70469667],82,31,"[0.6283100186299069, 0.6976202951749496]",-1,-1
8233,[0.58462235 0.75721364],82,75,"[0.5578508247145463, 0.8075131053511911]",-1,-1
8234,[0.54218506 0.69339949],82,23,"[0.5302520860132256, 0.7258783520828289]",-1,-1
8235,[0.56591245 0.75431759],82,23,"[0.5302520860132256, 0.7258783520828289]",57,-1
8236,[0.4981358 0.7343674],82,23,"[0.5302520860132256, 0.7258783520828289]",106,23
8237,[0.50747619 0.71023574],82,23,"[0.5302520860132256, 0.7258783520828289]",111,-1
8238,[0.50637167 0.69957031],82,23,"[0.5302520860132256, 0.7258783520828289]",111,42
8239,[0.54067364 0.73693019],82,23,"[0.5302520860132256, 0.7258783520828289]",57,24
8240,[0.56797591 0.680705  ],82,36,"[0.5286985042700821, 0.6516604258431233]",105,-1
8241,[0.49369729 0.66533693],82,36,"[0.5286985042700821, 0.6516604258431233]",-1,-1
8242,[0.53181271 0.66262734],82,36,"[0.5286985042700821, 0.6516604258431233]",111,42
8243,[0.49279217 0.72315656],82,23,"[0.5302520860132256, 0.7258783520828289]",106,-1
8244,[0.51960549 0.74956395],82,23,"[0.5302520860132256, 0.7258783520828289]",107,-1
8245,[0.58201557 0.72244687],82,23,"[0.5302520860132256, 0.7258783520828289]",60,-1
8246,[0.56155018 0.69152773],82,23,"[0.5302520860132256, 0.7258783520828289]",-1,-1
8247,[0.51006279 0.65899478],82,36,"[0.5286985042700821, 0.6516604258431233]",111,41
8248,[0.5166278  0.70283362],82,23,"[0.5302520860132256, 0.7258783520828289]",-1,-1
8249,[0.51134458 0.69262683],82,23,"[0.5302520860132256, 0.7258783520828289]",111,-1
8250,[0.54589782 0.72209949],82,23,"[0.5302520860132256, 0.7258783520828289]",57,24
8251,[0.57347418 0.78367348],82,75,"[0.5578508247145463, 0.8075131053511911]",-1,-1
8252,[0.56429413 0.71839162],82,23,"[0.5302520860132256, 0.7258783520828289]",-1,-1
8253,[0.57649216 0.76490853],82,75,"[0.5578508247145463, 0.8075131053511911]",-1,-1
8254,[0.54270671 0.66727974],82,36,"[0.5286985042700821, 0.6516604258431233]",111,42
8255,[0.59773276 0.69952131],82,31,"[0.6283100186299069, 0.6976202951749496]",-1,-1
8256,[0.5398139  0.74324704],82,23,"[0.5302520860132256, 0.7258783520828289]",57,-1
8257,[0.54356787 0.72023712],82,23,"[0.5302520860132256, 0.7258783520828289]",57,24
8258,[0.5674453  0.69340963],82,23,"[0.5302520860132256, 0.7258783520828289]",105,-1
8259,[0.5962918  0.66455193],82,31,"[0.6283100186299069, 0.6976202951749496]",-1,-1
8260,[0.60073362 0.68674317],82,31,"[0.6283100186299069, 0.6976202951749496]",90,-1
8261,[0.5626381  0.71288027],82,23,"[0.5302520860132256, 0.7258783520828289]",-1,-1
8262,[0.56054578 0.70276939],82,23,"[0.5302520860132256, 0.7258783520828289]",-1,-1
8263,[0.61313344 0.72938754],82,31,"[0.6283100186299069, 0.6976202951749496]",-1,-1
8264,[0.54989586 0.74134483],82,23,"[0.5302520860132256, 0.7258783520828289]",57,24
8265,[0.57916735 0.75298306],82,23,"[0.5302520860132256, 0.7258783520828289]",-1,-1
8266,[0.45688108 0.71072649],82,48,"[0.45117785646922254, 0.7079436468031785]",-1,-1
8267,[0.53811319 0.67650953],82,36,"[0.5286985042700821, 0.6516604258431233]",111,42
8268,[0.55566817 0.72824909],82,23,"[0.5302520860132256, 0.7258783520828289]",57,-1
8269,[0.50292626 0.70229435],82,23,"[0.5302520860132256, 0.7258783520828289]",111,-1
8270,[0.49787604 0.69323497],82,23,"[0.5302520860132256, 0.7258783520828289]",111,-1
8271,[0.55068794 0.68465661],82,36,"[0.5286985042700821, 0.6516604258431233]",-1,-1
8272,[0.57049123 0.75826907],82,75,"[0.5578508247145463, 0.8075131053511911]",57,-1
8273,[0.59500486 0.73748314],82,31,"[0.6283100186299069, 0.6976202951749496]",60,-1
8274,[0.52374877 0.63902947],82,36,"[0.5286985042700821, 0.6516604258431233]",-1,-1
8275,[0.56904112 0.65677836],82,36,"[0.5286985042700821, 0.6516604258431233]",111,-1
8276,[0.5481109  0.75477328],82,23,"[0.5302520860132256, 0.7258783520828289]",-1,-1
8277,[0.54940032 0.65758644],82,36,"[0.5286985042700821, 0.6516604258431233]",111,-1
8278,[0.53783507 0.67042747],82,36,"[0.5286985042700821, 0.6516604258431233]",111,42
8279,[0.57281464 0.6991279 ],82,23,"[0.5302520860132256, 0.7258783520828289]",105,-1
8280,[0.51990607 0.68166883],82,36,"[0.5286985042700821, 0.6516604258431233]",111,-1
8281,[0.56158771 0.6930024 ],82,23,"[0.5302520860132256, 0.7258783520828289]",105,-1
8282,[0.58774324 0.71994715],82,31,"[0.6283100186299069, 0.6976202951749496]",60,-1
8283,[0.59909599 0.73130001],82,31,"[0.6283100186299069, 0.6976202951749496]",60,-1
8284,[0.45141329 0.67429555],82,48,"[0.45117785646922254, 0.7079436468031785]",112,-1
8285,[0.56618231 0.73306175],82,23,"[0.5302520860132256, 0.7258783520828289]",-1,-1
8286,[0.5234638  0.79558935],82,75,"[0.5578508247145463, 0.8075131053511911]",-1,-1
8287,[0.54187652 0.7313161 ],82,23,"[0.5302520860132256, 0.7258783520828289]",57,24
8288,[0.47896952 0.72718245],82,48,"[0.45117785646922254, 0.7079436468031785]",-1,-1
8289,[0.50846895 0.7374451 ],82,23,"[0.5302520860132256, 0.7258783520828289]",107,23
8290,[0.578322   0.72177486],82,23,"[0.5302520860132256, 0.7258783520828289]",-1,-1
8291,[0.5668527  0.65516455],82,36,"[0.5286985042700821, 0.6516604258431233]",111,-1
8292,[0.52474254 0.73649087],82,23,"[0.5302520860132256, 0.7258783520828289]",-1,-1
8293,[0.55466293 0.80400595],82,75,"[0.5578508247145463, 0.8075131053511911]",19,-1
8294,[0.42990652 0.71095484],82,48,"[0.45117785646922254, 0.7079436468031785]",-1,-1
8295,[0.50949821 0.65984745],82,36,"[0.5286985042700821, 0.6516604258431233]",111,41
8296,[0.47638514 0.76595848],82,43,"[0.4600847464699888, 0.8121159369971912]",-1,-1
8297,[0.55070235 0.72456581],82,23,"[0.5302520860132256, 0.7258783520828289]",57,24
8298,[0.49324857 0.73818442],82,23,"[0.5302520860132256, 0.7258783520828289]",-1,-1
8299,[0.61798173 0.73343827],82,31,"[0.6283100186299069, 0.6976202951749496]",-1,-1
8300,[0.55471691 0.26690757],83,24,"[0.5369464490953868, 0.27541725802307815]",112,-1
8301,[0.57505585 0.35505607],83,15,"[0.5482412671622104, 0.34401601997908093]",112,68
8302,[0.5210767  0.35136763],83,15,"[0.5482412671622104, 0.34401601997908093]",112,70
8303,[0.53294662 0.37296583],83,15,"[0.5482412671622104, 0.34401601997908093]",112,71
8304,[0.51212834 0.40769821],83,22,"[0.4960765404668817, 0.3879133591162554]",112,-1
8305,[0.52208381 0.3568287 ],83,15,"[0.5482412671622104, 0.34401601997908093]",112,-1
8306,[0.58551634 0.36884864],83,15,"[0.5482412671622104, 0.34401601997908093]",112,-1
8307,[0.54827618 0.35992101],83,15,"[0.5482412671622104, 0.34401601997908093]",112,-1
8308,[0.51950735 0.35487802],83,15,"[0.5482412671622104, 0.34401601997908093]",112,-1
8309,[0.5146753  0.41334292],83,22,"[0.4960765404668817, 0.3879133591162554]",112,-1
8310,[0.49805101 0.36399286],83,22,"[0.4960765404668817, 0.3879133591162554]",112,69
8311,[0.49131068 0.36146223],83,22,"[0.4960765404668817, 0.3879133591162554]",112,69
8312,[0.49548596 0.37926032],83,22,"[0.4960765404668817, 0.3879133591162554]",112,-1
8313,[0.56165023 0.3384041 ],83,15,"[0.5482412671622104, 0.34401601997908093]",112,-1
8314,[0.52874324 0.38109535],83,22,"[0.4960765404668817, 0.3879133591162554]",112,71
8315,[0.52995886 0.41802046],83,50,"[0.5684163633112168, 0.42493695949350735]",-1,-1
8316,[0.57306423 0.35505117],83,15,"[0.5482412671622104, 0.34401601997908093]",112,68
8317,[0.52420868 0.3348565 ],83,15,"[0.5482412671622104, 0.34401601997908093]",112,70
8318,[0.66400029 0.38064634],83,5,"[0.6450318820843447, 0.4074212796508608]",112,-1
8319,[0.46527578 0.33213978],83,34,"[0.4470179228154517, 0.33644420436777783]",-1,-1
8320,[0.59244444 0.39451817],83,50,"[0.5684163633112168, 0.42493695949350735]",112,64
8321,[0.58194588 0.43602312],83,50,"[0.5684163633112168, 0.42493695949350735]",86,8
8322,[0.46563924 0.45605742],83,2,"[0.4451682216738327, 0.4665045826425144]",112,72
8323,[0.55049437 0.38123348],83,15,"[0.5482412671622104, 0.34401601997908093]",112,-1
8324,[0.58330504 0.36301885],83,15,"[0.5482412671622104, 0.34401601997908093]",112,68
8325,[0.5631346  0.37755054],83,15,"[0.5482412671622104, 0.34401601997908093]",112,-1
8326,[0.52807504 0.34275237],83,15,"[0.5482412671622104, 0.34401601997908093]",112,70
8327,[0.5420898  0.36539283],83,15,"[0.5482412671622104, 0.34401601997908093]",112,71
8328,[0.57375705 0.3870099 ],83,50,"[0.5684163633112168, 0.42493695949350735]",112,64
8329,[0.56126531 0.39033745],83,50,"[0.5684163633112168, 0.42493695949350735]",112,-1
8330,[0.49401786 0.36344344],83,22,"[0.4960765404668817, 0.3879133591162554]",112,69
8331,[0.47820227 0.3263915 ],83,34,"[0.4470179228154517, 0.33644420436777783]",-1,-1
8332,[0.49793546 0.39152318],83,22,"[0.4960765404668817, 0.3879133591162554]",112,-1
8333,[0.5411517  0.34755214],83,15,"[0.5482412671622104, 0.34401601997908093]",112,-1
8334,[0.53314494 0.37292924],83,15,"[0.5482412671622104, 0.34401601997908093]",112,71
8335,[0.51915374 0.38838399],83,22,"[0.4960765404668817, 0.3879133591162554]",-1,-1
8336,[0.50400782 0.37606714],83,22,"[0.4960765404668817, 0.3879133591162554]",112,69
8337,[0.49241603 0.37878901],83,22,"[0.4960765404668817, 0.3879133591162554]",112,-1
8338,[0.49981128 0.38076966],83,22,"[0.4960765404668817, 0.3879133591162554]",112,-1
8339,[0.52935346 0.36703806],83,15,"[0.5482412671622104, 0.34401601997908093]",112,71
8340,[0.55643233 0.33681096],83,15,"[0.5482412671622104, 0.34401601997908093]",112,-1
8341,[0.58517312 0.35665407],83,15,"[0.5482412671622104, 0.34401601997908093]",112,68
8342,[0.48702398 0.35477241],83,22,"[0.4960765404668817, 0.3879133591162554]",112,-1
8343,[0.52712357 0.38326751],83,22,"[0.4960765404668817, 0.3879133591162554]",112,-1
8344,[0.4818906  0.41708189],83,22,"[0.4960765404668817, 0.3879133591162554]",112,-1
8345,[0.51402275 0.31517824],83,15,"[0.5482412671622104, 0.34401601997908093]",112,-1
8346,[0.54786153 0.30887556],83,15,"[0.5482412671622104, 0.34401601997908093]",112,-1
8347,[0.51653997 0.35115924],83,15,"[0.5482412671622104, 0.34401601997908093]",112,-1
8348,[0.4980057 0.4044144],83,22,"[0.4960765404668817, 0.3879133591162554]",112,-1
8349,[0.53643851 0.37892483],83,15,"[0.5482412671622104, 0.34401601997908093]",112,-1
8350,[0.54257801 0.34511807],83,15,"[0.5482412671622104, 0.34401601997908093]",112,-1
8351,[0.47899351 0.43348683],83,2,"[0.4451682216738327, 0.4665045826425144]",112,-1
8352,[0.47027897 0.32583383],83,34,"[0.4470179228154517, 0.33644420436777783]",-1,-1
8353,[0.56984646 0.41663696],83,50,"[0.5684163633112168, 0.42493695949350735]",-1,-1
8354,[0.55687232 0.2713833 ],83,24,"[0.5369464490953868, 0.27541725802307815]",112,-1
8355,[0.51329432 0.35800727],83,22,"[0.4960765404668817, 0.3879133591162554]",112,71
8356,[0.52432197 0.38253191],83,22,"[0.4960765404668817, 0.3879133591162554]",112,71
8357,[0.51879982 0.3768353 ],83,22,"[0.4960765404668817, 0.3879133591162554]",112,71
8358,[0.58165521 0.39390752],83,50,"[0.5684163633112168, 0.42493695949350735]",112,64
8359,[0.51251069 0.4074441 ],83,22,"[0.4960765404668817, 0.3879133591162554]",112,-1
8360,[0.49659325 0.35802466],83,22,"[0.4960765404668817, 0.3879133591162554]",112,69
8361,[0.56999887 0.3854607 ],83,50,"[0.5684163633112168, 0.42493695949350735]",112,64
8362,[0.58407043 0.39160098],83,50,"[0.5684163633112168, 0.42493695949350735]",112,64
8363,[0.5352119  0.34391121],83,15,"[0.5482412671622104, 0.34401601997908093]",112,70
8364,[0.53621507 0.3319441 ],83,15,"[0.5482412671622104, 0.34401601997908093]",112,70
8365,[0.53749754 0.36588044],83,15,"[0.5482412671622104, 0.34401601997908093]",112,71
8366,[0.49849765 0.34584849],83,22,"[0.4960765404668817, 0.3879133591162554]",112,-1
8367,[0.51171246 0.34112749],83,15,"[0.5482412671622104, 0.34401601997908093]",112,-1
8368,[0.46166784 0.38979907],83,22,"[0.4960765404668817, 0.3879133591162554]",-1,-1
8369,[0.51294567 0.29334772],83,24,"[0.5369464490953868, 0.27541725802307815]",112,-1
8370,[0.53671727 0.41033852],83,50,"[0.5684163633112168, 0.42493695949350735]",-1,-1
8371,[0.48168365 0.36403398],83,22,"[0.4960765404668817, 0.3879133591162554]",112,-1
8372,[0.5183201  0.37372524],83,22,"[0.4960765404668817, 0.3879133591162554]",112,71
8373,[0.4847255  0.40593322],83,22,"[0.4960765404668817, 0.3879133591162554]",112,-1
8374,[0.57991956 0.34467297],83,15,"[0.5482412671622104, 0.34401601997908093]",112,-1
8375,[0.46066479 0.34522062],83,34,"[0.4470179228154517, 0.33644420436777783]",-1,-1
8376,[0.52211271 0.3682008 ],83,22,"[0.4960765404668817, 0.3879133591162554]",112,-1
8377,[0.54690315 0.38896742],83,50,"[0.5684163633112168, 0.42493695949350735]",112,-1
8378,[0.6111559  0.36719946],83,5,"[0.6450318820843447, 0.4074212796508608]",-1,-1
8379,[0.54167081 0.37711631],83,15,"[0.5482412671622104, 0.34401601997908093]",112,-1
8380,[0.51399583 0.41415438],83,22,"[0.4960765404668817, 0.3879133591162554]",112,-1
8381,[0.52978794 0.35049802],83,15,"[0.5482412671622104, 0.34401601997908093]",112,70
8382,[0.55686878 0.38252892],83,15,"[0.5482412671622104, 0.34401601997908093]",112,-1
8383,[0.54639805 0.35380058],83,15,"[0.5482412671622104, 0.34401601997908093]",112,-1
8384,[0.55504403 0.39583854],83,50,"[0.5684163633112168, 0.42493695949350735]",112,-1
8385,[0.48524904 0.37171996],83,22,"[0.4960765404668817, 0.3879133591162554]",112,69
8386,[0.49252622 0.36991986],83,22,"[0.4960765404668817, 0.3879133591162554]",112,69
8387,[0.54616674 0.36826072],83,15,"[0.5482412671622104, 0.34401601997908093]",112,-1
8388,[0.50968746 0.29704637],83,24,"[0.5369464490953868, 0.27541725802307815]",112,-1
8389,[0.52751403 0.37889903],83,22,"[0.4960765404668817, 0.3879133591162554]",112,71
8390,[0.49422539 0.36263492],83,22,"[0.4960765404668817, 0.3879133591162554]",112,69
8391,[0.49896808 0.41337821],83,22,"[0.4960765404668817, 0.3879133591162554]",112,-1
8392,[0.49084669 0.29986705],83,24,"[0.5369464490953868, 0.27541725802307815]",112,-1
8393,[0.54614241 0.28823428],83,24,"[0.5369464490953868, 0.27541725802307815]",112,75
8394,[0.52845049 0.33506776],83,15,"[0.5482412671622104, 0.34401601997908093]",112,70
8395,[0.56026276 0.37944638],83,15,"[0.5482412671622104, 0.34401601997908093]",112,-1
8396,[0.57444032 0.34907842],83,15,"[0.5482412671622104, 0.34401601997908093]",112,68
8397,[0.54980778 0.40293281],83,50,"[0.5684163633112168, 0.42493695949350735]",-1,-1
8398,[0.51094086 0.38013987],83,22,"[0.4960765404668817, 0.3879133591162554]",112,-1
8399,[0.49597386 0.40552734],83,22,"[0.4960765404668817, 0.3879133591162554]",112,-1
8400,[0.61075984 0.2950222 ],84,4,"[0.621879023183751, 0.3152829127139686]",112,80
8401,[0.59163626 0.2603253 ],84,7,"[0.6005437719733706, 0.22857083174818627]",112,-1
8402,[0.66285572 0.31658729],84,0,"[0.6718634683454, 0.284181654083953]",112,80
8403,[0.62845042 0.25715896],84,7,"[0.6005437719733706, 0.22857083174818627]",112,80
8404,[0.69407178 0.28387482],84,0,"[0.6718634683454, 0.284181654083953]",112,80
8405,[0.68549194 0.31183988],84,0,"[0.6718634683454, 0.284181654083953]",112,-1
8406,[0.69959414 0.27506422],84,0,"[0.6718634683454, 0.284181654083953]",112,80
8407,[0.6528717  0.23838735],84,0,"[0.6718634683454, 0.284181654083953]",112,80
8408,[0.6837127  0.26718449],84,0,"[0.6718634683454, 0.284181654083953]",112,80
8409,[0.60054245 0.31169433],84,4,"[0.621879023183751, 0.3152829127139686]",112,80
8410,[0.655159  0.2393639],84,0,"[0.6718634683454, 0.284181654083953]",112,-1
8411,[0.66516464 0.17548007],84,41,"[0.6450181792213053, 0.1803494340129729]",112,-1
8412,[0.50850328 0.24861363],84,24,"[0.5369464490953868, 0.27541725802307815]",112,77
8413,[0.64800127 0.27089822],84,0,"[0.6718634683454, 0.284181654083953]",112,80
8414,[0.65015136 0.28985292],84,0,"[0.6718634683454, 0.284181654083953]",112,80
8415,[0.62137218 0.27509   ],84,4,"[0.621879023183751, 0.3152829127139686]",112,-1
8416,[0.67718974 0.25996302],84,0,"[0.6718634683454, 0.284181654083953]",112,80
8417,[0.64916188 0.19745729],84,41,"[0.6450181792213053, 0.1803494340129729]",112,74
8418,[0.59534897 0.19599768],84,7,"[0.6005437719733706, 0.22857083174818627]",112,-1
8419,[0.59554345 0.23847902],84,7,"[0.6005437719733706, 0.22857083174818627]",112,80
8420,[0.61844902 0.23155153],84,7,"[0.6005437719733706, 0.22857083174818627]",112,80
8421,[0.56604649 0.26905548],84,24,"[0.5369464490953868, 0.27541725802307815]",112,-1
8422,[0.61612844 0.29398625],84,4,"[0.621879023183751, 0.3152829127139686]",112,80
8423,[0.62865683 0.21315879],84,7,"[0.6005437719733706, 0.22857083174818627]",112,-1
8424,[0.66107642 0.23911841],84,0,"[0.6718634683454, 0.284181654083953]",112,-1
8425,[0.64576264 0.24507439],84,0,"[0.6718634683454, 0.284181654083953]",112,80
8426,[0.71261662 0.21986567],84,19,"[0.7145100801879051, 0.21082941063088514]",112,80
8427,[0.58765727 0.29270328],84,4,"[0.621879023183751, 0.3152829127139686]",112,-1
8428,[0.57618062 0.3311625 ],84,15,"[0.5482412671622104, 0.34401601997908093]",112,-1
8429,[0.61285807 0.25956104],84,7,"[0.6005437719733706, 0.22857083174818627]",112,80
8430,[0.56742222 0.24308051],84,7,"[0.6005437719733706, 0.22857083174818627]",112,80
8431,[0.71009572 0.28208125],84,0,"[0.6718634683454, 0.284181654083953]",112,80
8432,[0.65356156 0.28029261],84,0,"[0.6718634683454, 0.284181654083953]",112,80
8433,[0.61417026 0.28416652],84,4,"[0.621879023183751, 0.3152829127139686]",112,-1
8434,[0.59548646 0.29548651],84,4,"[0.621879023183751, 0.3152829127139686]",112,80
8435,[0.65398184 0.30520921],84,0,"[0.6718634683454, 0.284181654083953]",112,80
8436,[0.61856211 0.24162165],84,7,"[0.6005437719733706, 0.22857083174818627]",112,80
8437,[0.63136758 0.24547096],84,7,"[0.6005437719733706, 0.22857083174818627]",112,80
8438,[0.6550134  0.25213259],84,0,"[0.6718634683454, 0.284181654083953]",112,80
8439,[0.64164625 0.21936431],84,41,"[0.6450181792213053, 0.1803494340129729]",112,-1
8440,[0.63458936 0.30071875],84,4,"[0.621879023183751, 0.3152829127139686]",112,80
8441,[0.65049851 0.28039444],84,0,"[0.6718634683454, 0.284181654083953]",112,80
8442,[0.64062363 0.24449468],84,7,"[0.6005437719733706, 0.22857083174818627]",112,80
8443,[0.6475397  0.28077625],84,0,"[0.6718634683454, 0.284181654083953]",112,80
8444,[0.64233038 0.25208269],84,0,"[0.6718634683454, 0.284181654083953]",112,-1
8445,[0.58738676 0.31128799],84,4,"[0.621879023183751, 0.3152829127139686]",112,80
8446,[0.59372447 0.19486343],84,7,"[0.6005437719733706, 0.22857083174818627]",112,-1
8447,[0.61931939 0.25577252],84,7,"[0.6005437719733706, 0.22857083174818627]",112,80
8448,[0.65285559 0.20852322],84,41,"[0.6450181792213053, 0.1803494340129729]",112,74
8449,[0.63725079 0.27380297],84,0,"[0.6718634683454, 0.284181654083953]",112,80
8450,[0.65467725 0.29260598],84,0,"[0.6718634683454, 0.284181654083953]",112,80
8451,[0.62558894 0.25534328],84,7,"[0.6005437719733706, 0.22857083174818627]",112,80
8452,[0.63734434 0.24417215],84,7,"[0.6005437719733706, 0.22857083174818627]",112,80
8453,[0.64371433 0.30276151],84,4,"[0.621879023183751, 0.3152829127139686]",112,80
8454,[0.66111238 0.2960519 ],84,0,"[0.6718634683454, 0.284181654083953]",112,80
8455,[0.65653232 0.31217568],84,0,"[0.6718634683454, 0.284181654083953]",112,80
8456,[0.59873972 0.2534746 ],84,7,"[0.6005437719733706, 0.22857083174818627]",112,80
8457,[0.58752536 0.19944552],84,7,"[0.6005437719733706, 0.22857083174818627]",112,80
8458,[0.58139075 0.20438368],84,7,"[0.6005437719733706, 0.22857083174818627]",112,-1
8459,[0.6015367  0.23355076],84,7,"[0.6005437719733706, 0.22857083174818627]",112,80
8460,[0.5956159  0.26207712],84,7,"[0.6005437719733706, 0.22857083174818627]",112,-1
8461,[0.60801822 0.30415752],84,4,"[0.621879023183751, 0.3152829127139686]",112,80
8462,[0.61580271 0.34914182],84,4,"[0.621879023183751, 0.3152829127139686]",112,-1
8463,[0.60996264 0.25289288],84,7,"[0.6005437719733706, 0.22857083174818627]",112,-1
8464,[0.5973181  0.27077924],84,7,"[0.6005437719733706, 0.22857083174818627]",112,80
8465,[0.6612713  0.17510534],84,41,"[0.6450181792213053, 0.1803494340129729]",112,-1
8466,[0.60056727 0.21938327],84,7,"[0.6005437719733706, 0.22857083174818627]",112,80
8467,[0.56187165 0.39222681],84,50,"[0.5684163633112168, 0.42493695949350735]",112,-1
8468,[0.61419489 0.23731472],84,7,"[0.6005437719733706, 0.22857083174818627]",112,80
8469,[0.71798427 0.26444642],84,12,"[0.7527256969797409, 0.25319450872866317]",112,-1
8470,[0.63691538 0.20989361],84,41,"[0.6450181792213053, 0.1803494340129729]",-1,-1
8471,[0.64473814 0.24102325],84,7,"[0.6005437719733706, 0.22857083174818627]",112,-1
8472,[0.59053155 0.27625457],84,7,"[0.6005437719733706, 0.22857083174818627]",112,80
8473,[0.57102888 0.23141108],84,7,"[0.6005437719733706, 0.22857083174818627]",112,80
8474,[0.61685379 0.26637175],84,7,"[0.6005437719733706, 0.22857083174818627]",112,80
8475,[0.65730775 0.28698564],84,0,"[0.6718634683454, 0.284181654083953]",112,80
8476,[0.6910383  0.18589042],84,19,"[0.7145100801879051, 0.21082941063088514]",112,-1
8477,[0.57248626 0.25150802],84,7,"[0.6005437719733706, 0.22857083174818627]",112,80
8478,[0.60745944 0.25479183],84,7,"[0.6005437719733706, 0.22857083174818627]",112,-1
8479,[0.66617132 0.23895979],84,0,"[0.6718634683454, 0.284181654083953]",112,-1
8480,[0.6364792  0.21859835],84,7,"[0.6005437719733706, 0.22857083174818627]",112,-1
8481,[0.65968769 0.24914092],84,0,"[0.6718634683454, 0.284181654083953]",112,80
8482,[0.61113593 0.20165345],84,7,"[0.6005437719733706, 0.22857083174818627]",112,80
8483,[0.62667597 0.3508758 ],84,4,"[0.621879023183751, 0.3152829127139686]",112,-1
8484,[0.65310083 0.21507949],84,41,"[0.6450181792213053, 0.1803494340129729]",112,74
8485,[0.66142101 0.21673518],84,41,"[0.6450181792213053, 0.1803494340129729]",112,74
8486,[0.72354638 0.26177951],84,12,"[0.7527256969797409, 0.25319450872866317]",112,80
8487,[0.63805947 0.26600778],84,0,"[0.6718634683454, 0.284181654083953]",112,80
8488,[0.66939899 0.23842872],84,0,"[0.6718634683454, 0.284181654083953]",112,80
8489,[0.59571556 0.27263462],84,7,"[0.6005437719733706, 0.22857083174818627]",112,80
8490,[0.68031061 0.2782072 ],84,0,"[0.6718634683454, 0.284181654083953]",112,80
8491,[0.5870156  0.28030821],84,4,"[0.621879023183751, 0.3152829127139686]",112,80
8492,[0.68272373 0.27714573],84,0,"[0.6718634683454, 0.284181654083953]",112,80
8493,[0.68234877 0.2576463 ],84,0,"[0.6718634683454, 0.284181654083953]",112,80
8494,[0.60426004 0.27702864],84,4,"[0.621879023183751, 0.3152829127139686]",112,80
8495,[0.66636074 0.28081423],84,0,"[0.6718634683454, 0.284181654083953]",112,80
8496,[0.60063905 0.29256353],84,4,"[0.621879023183751, 0.3152829127139686]",112,80
8497,[0.57105036 0.2962711 ],84,24,"[0.5369464490953868, 0.27541725802307815]",-1,-1
8498,[0.59665065 0.31358584],84,4,"[0.621879023183751, 0.3152829127139686]",112,80
8499,[0.66864408 0.32128372],84,0,"[0.6718634683454, 0.284181654083953]",112,80
8500,[0.26221842 0.3514591 ],85,57,"[0.27184000903695754, 0.33180004241702465]",112,-1
8501,[0.27697724 0.36390174],85,57,"[0.27184000903695754, 0.33180004241702465]",112,-1
8502,[0.20916352 0.30854284],85,79,"[0.16063848539260261, 0.3296265582234916]",4,-1
8503,[0.25763405 0.28913077],85,57,"[0.27184000903695754, 0.33180004241702465]",54,-1
8504,[0.13393173 0.25651738],85,-1,-1,-1,-1
8505,[0.24664247 0.33355795],85,57,"[0.27184000903695754, 0.33180004241702465]",112,-1
8506,[0.29858553 0.31908458],85,57,"[0.27184000903695754, 0.33180004241702465]",-1,-1
8507,[0.27721589 0.3394013 ],85,57,"[0.27184000903695754, 0.33180004241702465]",-1,-1
8508,[0.28017493 0.31273625],85,57,"[0.27184000903695754, 0.33180004241702465]",54,-1
8509,[0.28469244 0.4257539 ],85,60,"[0.2741039163061208, 0.4090806374523096]",112,72
8510,[0.28067    0.34742732],85,57,"[0.27184000903695754, 0.33180004241702465]",112,-1
8511,[0.26105879 0.3840876 ],85,60,"[0.2741039163061208, 0.4090806374523096]",-1,-1
8512,[0.24066016 0.32698428],85,57,"[0.27184000903695754, 0.33180004241702465]",112,-1
8513,[0.27056612 0.35134799],85,57,"[0.27184000903695754, 0.33180004241702465]",112,-1
8514,[0.31292959 0.41755445],85,74,"[0.30377537934724935, 0.43721818673809004]",112,72
8515,[0.25463668 0.33745265],85,57,"[0.27184000903695754, 0.33180004241702465]",112,-1
8516,[0.24208362 0.40893769],85,60,"[0.2741039163061208, 0.4090806374523096]",85,-1
8517,[0.29576107 0.35211228],85,63,"[0.31265848991799045, 0.3636044905994273]",112,63
8518,[0.30535556 0.33413157],85,63,"[0.31265848991799045, 0.3636044905994273]",84,-1
8519,[0.29690465 0.32804977],85,57,"[0.27184000903695754, 0.33180004241702465]",-1,-1
8520,[0.26420955 0.34956651],85,57,"[0.27184000903695754, 0.33180004241702465]",112,-1
8521,[0.28787893 0.34158437],85,57,"[0.27184000903695754, 0.33180004241702465]",112,-1
8522,[0.23557621 0.41980624],85,60,"[0.2741039163061208, 0.4090806374523096]",85,-1
8523,[0.30483543 0.37231816],85,63,"[0.31265848991799045, 0.3636044905994273]",112,-1
8524,[0.21145995 0.3166294 ],85,77,"[0.22975717865813536, 0.35984896868285715]",4,-1
8525,[0.27724261 0.35465109],85,57,"[0.27184000903695754, 0.33180004241702465]",112,-1
8526,[0.264343   0.29154022],85,57,"[0.27184000903695754, 0.33180004241702465]",54,-1
8527,[0.3041168 0.364708 ],85,63,"[0.31265848991799045, 0.3636044905994273]",112,63
8528,[0.24220359 0.34077774],85,77,"[0.22975717865813536, 0.35984896868285715]",-1,-1
8529,[0.27405166 0.36051064],85,57,"[0.27184000903695754, 0.33180004241702465]",112,-1
8530,[0.33855057 0.38918592],85,44,"[0.34853587644703343, 0.40608971906389735]",112,72
8531,[0.24861916 0.38839442],85,60,"[0.2741039163061208, 0.4090806374523096]",112,-1
8532,[0.32647155 0.34895263],85,63,"[0.31265848991799045, 0.3636044905994273]",112,-1
8533,[0.20956884 0.40455544],85,76,"[0.17908534744711677, 0.41908191437899905]",-1,-1
8534,[0.29814931 0.34829857],85,63,"[0.31265848991799045, 0.3636044905994273]",112,-1
8535,[0.31409834 0.37090389],85,63,"[0.31265848991799045, 0.3636044905994273]",112,-1
8536,[0.32561557 0.36636006],85,63,"[0.31265848991799045, 0.3636044905994273]",112,-1
8537,[0.28773024 0.39847581],85,60,"[0.2741039163061208, 0.4090806374523096]",112,-1
8538,[0.22860124 0.36843415],85,77,"[0.22975717865813536, 0.35984896868285715]",-1,-1
8539,[0.25780945 0.35322752],85,57,"[0.27184000903695754, 0.33180004241702465]",112,-1
8540,[0.28559927 0.41674948],85,60,"[0.2741039163061208, 0.4090806374523096]",112,-1
8541,[0.28080575 0.37636319],85,60,"[0.2741039163061208, 0.4090806374523096]",112,63
8542,[0.29804273 0.40479714],85,60,"[0.2741039163061208, 0.4090806374523096]",112,-1
8543,[0.30236287 0.32703674],85,57,"[0.27184000903695754, 0.33180004241702465]",84,-1
8544,[0.28875625 0.3795701 ],85,63,"[0.31265848991799045, 0.3636044905994273]",112,-1
8545,[0.25911805 0.44454764],85,60,"[0.2741039163061208, 0.4090806374523096]",-1,-1
8546,[0.24760921 0.34688771],85,77,"[0.22975717865813536, 0.35984896868285715]",112,-1
8547,[0.30858026 0.3731488 ],85,63,"[0.31265848991799045, 0.3636044905994273]",112,-1
8548,[0.25062476 0.33446471],85,57,"[0.27184000903695754, 0.33180004241702465]",112,-1
8549,[0.25946244 0.3352891 ],85,57,"[0.27184000903695754, 0.33180004241702465]",112,-1
8550,[0.29066206 0.36430272],85,63,"[0.31265848991799045, 0.3636044905994273]",112,63
8551,[0.23909542 0.38738201],85,77,"[0.22975717865813536, 0.35984896868285715]",-1,-1
8552,[0.22138428 0.30375895],85,77,"[0.22975717865813536, 0.35984896868285715]",4,-1
8553,[0.2882376  0.33478556],85,57,"[0.27184000903695754, 0.33180004241702465]",-1,-1
8554,[0.27479532 0.32731583],85,57,"[0.27184000903695754, 0.33180004241702465]",-1,-1
8555,[0.22035998 0.33054803],85,77,"[0.22975717865813536, 0.35984896868285715]",-1,-1
8556,[0.2843702  0.32567133],85,57,"[0.27184000903695754, 0.33180004241702465]",-1,-1
8557,[0.19666452 0.3877977 ],85,76,"[0.17908534744711677, 0.41908191437899905]",10,-1
8558,[0.2496053  0.32490962],85,57,"[0.27184000903695754, 0.33180004241702465]",112,-1
8559,[0.24977847 0.32173892],85,57,"[0.27184000903695754, 0.33180004241702465]",-1,-1
8560,[0.27578624 0.33664467],85,57,"[0.27184000903695754, 0.33180004241702465]",-1,-1
8561,[0.24213869 0.35840664],85,77,"[0.22975717865813536, 0.35984896868285715]",112,-1
8562,[0.25542712 0.38730849],85,60,"[0.2741039163061208, 0.4090806374523096]",112,-1
8563,[0.24299313 0.36374997],85,77,"[0.22975717865813536, 0.35984896868285715]",112,-1
8564,[0.27515562 0.38820336],85,60,"[0.2741039163061208, 0.4090806374523096]",112,-1
8565,[0.32034531 0.37309454],85,63,"[0.31265848991799045, 0.3636044905994273]",112,-1
8566,[0.19436649 0.36605565],85,77,"[0.22975717865813536, 0.35984896868285715]",-1,-1
8567,[0.34062068 0.38927271],85,44,"[0.34853587644703343, 0.40608971906389735]",112,72
8568,[0.28369403 0.37127713],85,63,"[0.31265848991799045, 0.3636044905994273]",112,63
8569,[0.26106941 0.36273159],85,77,"[0.22975717865813536, 0.35984896868285715]",112,-1
8570,[0.29108762 0.4002157 ],85,60,"[0.2741039163061208, 0.4090806374523096]",112,-1
8571,[0.34284347 0.3149584 ],85,20,"[0.33994633114074657, 0.26920062338349254]",101,25
8572,[0.25059056 0.36035288],85,77,"[0.22975717865813536, 0.35984896868285715]",112,-1
8573,[0.23676574 0.37745825],85,77,"[0.22975717865813536, 0.35984896868285715]",-1,-1
8574,[0.24566739 0.3199209 ],85,57,"[0.27184000903695754, 0.33180004241702465]",112,-1
8575,[0.26356049 0.34745421],85,57,"[0.27184000903695754, 0.33180004241702465]",112,-1
8576,[0.20557838 0.3871464 ],85,77,"[0.22975717865813536, 0.35984896868285715]",10,-1
8577,[0.26378475 0.37011675],85,77,"[0.22975717865813536, 0.35984896868285715]",112,63
8578,[0.27792001 0.42296155],85,60,"[0.2741039163061208, 0.4090806374523096]",112,-1
8579,[0.19346483 0.37071065],85,77,"[0.22975717865813536, 0.35984896868285715]",11,-1
8580,[0.23122044 0.37640848],85,77,"[0.22975717865813536, 0.35984896868285715]",-1,-1
8581,[0.25108091 0.44647096],85,83,"[0.2368604693858302, 0.47906582147153637]",-1,-1
8582,[0.14496448 0.34257153],85,79,"[0.16063848539260261, 0.3296265582234916]",11,2
8583,[0.25800627 0.30398712],85,57,"[0.27184000903695754, 0.33180004241702465]",-1,-1
8584,[0.24891661 0.36942371],85,77,"[0.22975717865813536, 0.35984896868285715]",112,-1
8585,[0.22336226 0.38516068],85,77,"[0.22975717865813536, 0.35984896868285715]",-1,-1
8586,[0.25785013 0.34641084],85,57,"[0.27184000903695754, 0.33180004241702465]",112,-1
8587,[0.21237928 0.4030419 ],85,76,"[0.17908534744711677, 0.41908191437899905]",-1,-1
8588,[0.2064135  0.32810979],85,77,"[0.22975717865813536, 0.35984896868285715]",4,-1
8589,[0.33522693 0.33145596],85,63,"[0.31265848991799045, 0.3636044905994273]",-1,25
8590,[0.30499346 0.3419929 ],85,63,"[0.31265848991799045, 0.3636044905994273]",-1,-1
8591,[0.32642213 0.40787444],85,44,"[0.34853587644703343, 0.40608971906389735]",112,-1
8592,[0.26817303 0.35769453],85,57,"[0.27184000903695754, 0.33180004241702465]",112,-1
8593,[0.28337425 0.3689869 ],85,63,"[0.31265848991799045, 0.3636044905994273]",112,63
8594,[0.27926619 0.35924149],85,57,"[0.27184000903695754, 0.33180004241702465]",-1,-1
8595,[0.32009636 0.38309005],85,63,"[0.31265848991799045, 0.3636044905994273]",112,-1
8596,[0.30773814 0.2738706 ],85,20,"[0.33994633114074657, 0.26920062338349254]",-1,-1
8597,[0.22501248 0.37405747],85,77,"[0.22975717865813536, 0.35984896868285715]",-1,-1
8598,[0.32659431 0.32410339],85,63,"[0.31265848991799045, 0.3636044905994273]",-1,-1
8599,[0.34951481 0.31132448],85,20,"[0.33994633114074657, 0.26920062338349254]",-1,-1
8600,[0.36072933 0.38650024],86,44,"[0.34853587644703343, 0.40608971906389735]",112,72
8601,[0.33216088 0.43008526],86,67,"[0.34269865168009006, 0.44034776623612226]",112,72
8602,[0.40229368 0.31630017],86,47,"[0.41917741489762755, 0.2753980840246735]",112,-1
8603,[0.43678628 0.41370557],86,6,"[0.40441044434758894, 0.4112979157836676]",112,-1
8604,[0.43353343 0.41743398],86,6,"[0.40441044434758894, 0.4112979157836676]",112,-1
8605,[0.41727672 0.37738745],86,6,"[0.40441044434758894, 0.4112979157836676]",112,73
8606,[0.38917255 0.40674153],86,6,"[0.40441044434758894, 0.4112979157836676]",112,72
8607,[0.35635446 0.41536965],86,44,"[0.34853587644703343, 0.40608971906389735]",112,72
8608,[0.36901024 0.36577312],86,30,"[0.3717358952181559, 0.3578997358568481]",112,72
8609,[0.35958138 0.43939826],86,67,"[0.34269865168009006, 0.44034776623612226]",112,72
8610,[0.38389224 0.39870825],86,6,"[0.40441044434758894, 0.4112979157836676]",112,72
8611,[0.37117668 0.39910409],86,44,"[0.34853587644703343, 0.40608971906389735]",112,72
8612,[0.35254153 0.33081309],86,30,"[0.3717358952181559, 0.3578997358568481]",101,-1
8613,[0.37456849 0.42215655],86,44,"[0.34853587644703343, 0.40608971906389735]",112,72
8614,[0.28441064 0.40008967],86,60,"[0.2741039163061208, 0.4090806374523096]",112,-1
8615,[0.34864055 0.47411587],86,53,"[0.3771044042788204, 0.4722281085909072]",112,56
8616,[0.25712798 0.38515843],86,60,"[0.2741039163061208, 0.4090806374523096]",112,-1
8617,[0.30901808 0.45280208],86,74,"[0.30377537934724935, 0.43721818673809004]",112,-1
8618,[0.4103997  0.37657863],86,6,"[0.40441044434758894, 0.4112979157836676]",112,73
8619,[0.36782516 0.3484936 ],86,30,"[0.3717358952181559, 0.3578997358568481]",112,-1
8620,[0.40317394 0.41853901],86,6,"[0.40441044434758894, 0.4112979157836676]",112,72
8621,[0.34465496 0.42954647],86,67,"[0.34269865168009006, 0.44034776623612226]",112,72
8622,[0.43288564 0.49465384],86,2,"[0.4451682216738327, 0.4665045826425144]",112,-1
8623,[0.42456526 0.37133532],86,34,"[0.4470179228154517, 0.33644420436777783]",112,73
8624,[0.41476865 0.42048044],86,6,"[0.40441044434758894, 0.4112979157836676]",112,72
8625,[0.43826064 0.45728633],86,2,"[0.4451682216738327, 0.4665045826425144]",112,-1
8626,[0.42981589 0.34681846],86,34,"[0.4470179228154517, 0.33644420436777783]",112,-1
8627,[0.40852895 0.38157048],86,6,"[0.40441044434758894, 0.4112979157836676]",112,-1
8628,[0.34507613 0.36424423],86,30,"[0.3717358952181559, 0.3578997358568481]",112,-1
8629,[0.33541552 0.43729011],86,67,"[0.34269865168009006, 0.44034776623612226]",112,72
8630,[0.36543033 0.37096547],86,30,"[0.3717358952181559, 0.3578997358568481]",112,72
8631,[0.38163815 0.45079959],86,53,"[0.3771044042788204, 0.4722281085909072]",112,72
8632,[0.43722674 0.43585724],86,2,"[0.4451682216738327, 0.4665045826425144]",112,72
8633,[0.34806987 0.38334745],86,44,"[0.34853587644703343, 0.40608971906389735]",112,72
8634,[0.35445418 0.38443043],86,44,"[0.34853587644703343, 0.40608971906389735]",112,72
8635,[0.3973922  0.38739024],86,6,"[0.40441044434758894, 0.4112979157836676]",112,72
8636,[0.39560209 0.40103538],86,6,"[0.40441044434758894, 0.4112979157836676]",112,72
8637,[0.33385485 0.41968847],86,44,"[0.34853587644703343, 0.40608971906389735]",112,-1
8638,[0.44635446 0.3893658 ],86,6,"[0.40441044434758894, 0.4112979157836676]",112,72
8639,[0.40391078 0.33118856],86,30,"[0.3717358952181559, 0.3578997358568481]",112,-1
8640,[0.4326909  0.42456732],86,6,"[0.40441044434758894, 0.4112979157836676]",112,-1
8641,[0.34549526 0.36814906],86,30,"[0.3717358952181559, 0.3578997358568481]",112,-1
8642,[0.40604829 0.42951183],86,6,"[0.40441044434758894, 0.4112979157836676]",112,72
8643,[0.32361975 0.35152892],86,63,"[0.31265848991799045, 0.3636044905994273]",112,-1
8644,[0.39136077 0.38761105],86,6,"[0.40441044434758894, 0.4112979157836676]",112,72
8645,[0.31135035 0.41145957],86,74,"[0.30377537934724935, 0.43721818673809004]",112,-1
8646,[0.3786857  0.34715581],86,30,"[0.3717358952181559, 0.3578997358568481]",112,-1
8647,[0.39241122 0.43942469],86,6,"[0.40441044434758894, 0.4112979157836676]",112,72
8648,[0.3616558  0.38599362],86,44,"[0.34853587644703343, 0.40608971906389735]",112,72
8649,[0.37112412 0.39837917],86,44,"[0.34853587644703343, 0.40608971906389735]",112,72
8650,[0.36071986 0.4024984 ],86,44,"[0.34853587644703343, 0.40608971906389735]",112,72
8651,[0.37162558 0.38917613],86,44,"[0.34853587644703343, 0.40608971906389735]",112,72
8652,[0.42270379 0.37915818],86,6,"[0.40441044434758894, 0.4112979157836676]",112,-1
8653,[0.37030191 0.39742361],86,44,"[0.34853587644703343, 0.40608971906389735]",112,72
8654,[0.35232923 0.44318592],86,67,"[0.34269865168009006, 0.44034776623612226]",112,72
8655,[0.38452934 0.3067405 ],86,47,"[0.41917741489762755, 0.2753980840246735]",-1,-1
8656,[0.42423072 0.48005363],86,2,"[0.4451682216738327, 0.4665045826425144]",112,72
8657,[0.43114414 0.35046226],86,34,"[0.4470179228154517, 0.33644420436777783]",112,-1
8658,[0.40615548 0.44327594],86,6,"[0.40441044434758894, 0.4112979157836676]",112,-1
8659,[0.31404545 0.41921219],86,74,"[0.30377537934724935, 0.43721818673809004]",112,72
8660,[0.3896557  0.35169067],86,30,"[0.3717358952181559, 0.3578997358568481]",112,62
8661,[0.38073918 0.4215979 ],86,6,"[0.40441044434758894, 0.4112979157836676]",112,72
8662,[0.36919436 0.42166661],86,44,"[0.34853587644703343, 0.40608971906389735]",112,72
8663,[0.39945815 0.45117092],86,53,"[0.3771044042788204, 0.4722281085909072]",112,72
8664,[0.34915524 0.42710653],86,67,"[0.34269865168009006, 0.44034776623612226]",112,72
8665,[0.41275159 0.41711679],86,6,"[0.40441044434758894, 0.4112979157836676]",112,72
8666,[0.42803637 0.39777954],86,6,"[0.40441044434758894, 0.4112979157836676]",112,72
8667,[0.37664433 0.42444371],86,6,"[0.40441044434758894, 0.4112979157836676]",112,72
8668,[0.42337229 0.37538696],86,6,"[0.40441044434758894, 0.4112979157836676]",112,-1
8669,[0.45580087 0.39169645],86,22,"[0.4960765404668817, 0.3879133591162554]",112,-1
8670,[0.32615095 0.31147754],86,20,"[0.33994633114074657, 0.26920062338349254]",-1,-1
8671,[0.34108141 0.40819366],86,44,"[0.34853587644703343, 0.40608971906389735]",112,72
8672,[0.39211359 0.35183935],86,30,"[0.3717358952181559, 0.3578997358568481]",112,62
8673,[0.39900859 0.40479901],86,6,"[0.40441044434758894, 0.4112979157836676]",112,72
8674,[0.36388513 0.4069718 ],86,44,"[0.34853587644703343, 0.40608971906389735]",112,72
8675,[0.37312574 0.29778663],86,20,"[0.33994633114074657, 0.26920062338349254]",112,-1
8676,[0.404237   0.32142662],86,34,"[0.4470179228154517, 0.33644420436777783]",112,-1
8677,[0.39094225 0.39484305],86,6,"[0.40441044434758894, 0.4112979157836676]",112,72
8678,[0.2977995  0.42792469],86,74,"[0.30377537934724935, 0.43721818673809004]",112,72
8679,[0.38295724 0.3576062 ],86,30,"[0.3717358952181559, 0.3578997358568481]",112,-1
8680,[0.43855437 0.39343524],86,6,"[0.40441044434758894, 0.4112979157836676]",112,72
8681,[0.41566328 0.39989523],86,6,"[0.40441044434758894, 0.4112979157836676]",112,72
8682,[0.31228538 0.4387368 ],86,74,"[0.30377537934724935, 0.43721818673809004]",112,72
8683,[0.39783301 0.39440987],86,6,"[0.40441044434758894, 0.4112979157836676]",112,72
8684,[0.38264715 0.44783499],86,53,"[0.3771044042788204, 0.4722281085909072]",112,72
8685,[0.37844417 0.36478065],86,30,"[0.3717358952181559, 0.3578997358568481]",112,-1
8686,[0.39700589 0.40556927],86,6,"[0.40441044434758894, 0.4112979157836676]",112,72
8687,[0.37865947 0.40758582],86,6,"[0.40441044434758894, 0.4112979157836676]",112,72
8688,[0.38101144 0.47533918],86,53,"[0.3771044042788204, 0.4722281085909072]",-1,-1
8689,[0.34830871 0.39601266],86,44,"[0.34853587644703343, 0.40608971906389735]",112,72
8690,[0.38680209 0.41217114],86,6,"[0.40441044434758894, 0.4112979157836676]",112,72
8691,[0.41617708 0.42290768],86,6,"[0.40441044434758894, 0.4112979157836676]",112,72
8692,[0.35508877 0.3714078 ],86,30,"[0.3717358952181559, 0.3578997358568481]",112,-1
8693,[0.35109445 0.43342233],86,67,"[0.34269865168009006, 0.44034776623612226]",112,72
8694,[0.41487588 0.40332883],86,6,"[0.40441044434758894, 0.4112979157836676]",112,72
8695,[0.3872586 0.4078906],86,6,"[0.40441044434758894, 0.4112979157836676]",112,72
8696,[0.42828105 0.40527031],86,6,"[0.40441044434758894, 0.4112979157836676]",112,72
8697,[0.43880384 0.44524143],86,2,"[0.4451682216738327, 0.4665045826425144]",112,72
8698,[0.34859759 0.4042804 ],86,44,"[0.34853587644703343, 0.40608971906389735]",112,72
8699,[0.41628077 0.3356068 ],86,34,"[0.4470179228154517, 0.33644420436777783]",112,-1
8700,[0.37703211 0.40881903],87,6,"[0.40441044434758894, 0.4112979157836676]",112,72
8701,[0.35994894 0.41036981],87,44,"[0.34853587644703343, 0.40608971906389735]",112,72
8702,[0.29566603 0.40004578],87,60,"[0.2741039163061208, 0.4090806374523096]",112,-1
8703,[0.3614233  0.42340337],87,44,"[0.34853587644703343, 0.40608971906389735]",112,72
8704,[0.34878038 0.42943502],87,67,"[0.34269865168009006, 0.44034776623612226]",112,72
8705,[0.28957371 0.35811425],87,63,"[0.31265848991799045, 0.3636044905994273]",112,63
8706,[0.38204576 0.43751607],87,6,"[0.40441044434758894, 0.4112979157836676]",112,72
8707,[0.37565169 0.37614552],87,30,"[0.3717358952181559, 0.3578997358568481]",112,72
8708,[0.36780209 0.39104358],87,44,"[0.34853587644703343, 0.40608971906389735]",112,72
8709,[0.33954768 0.4395402 ],87,67,"[0.34269865168009006, 0.44034776623612226]",112,-1
8710,[0.36200749 0.45012169],87,67,"[0.34269865168009006, 0.44034776623612226]",112,-1
8711,[0.34148024 0.41882209],87,44,"[0.34853587644703343, 0.40608971906389735]",112,72
8712,[0.31510993 0.43294391],87,74,"[0.30377537934724935, 0.43721818673809004]",112,72
8713,[0.40563404 0.36463386],87,30,"[0.3717358952181559, 0.3578997358568481]",112,73
8714,[0.34326796 0.42694893],87,67,"[0.34269865168009006, 0.44034776623612226]",112,72
8715,[0.29724494 0.38268682],87,63,"[0.31265848991799045, 0.3636044905994273]",112,-1
8716,[0.32343345 0.46287342],87,67,"[0.34269865168009006, 0.44034776623612226]",-1,-1
8717,[0.37086244 0.41553503],87,44,"[0.34853587644703343, 0.40608971906389735]",112,72
8718,[0.40180508 0.44725366],87,53,"[0.3771044042788204, 0.4722281085909072]",112,-1
8719,[0.35142287 0.434219  ],87,67,"[0.34269865168009006, 0.44034776623612226]",112,72
8720,[0.31313593 0.41067606],87,74,"[0.30377537934724935, 0.43721818673809004]",112,-1
8721,[0.34658594 0.40341356],87,44,"[0.34853587644703343, 0.40608971906389735]",112,72
8722,[0.30523231 0.44351139],87,74,"[0.30377537934724935, 0.43721818673809004]",112,72
8723,[0.34849105 0.41630949],87,44,"[0.34853587644703343, 0.40608971906389735]",112,72
8724,[0.30736118 0.38369312],87,63,"[0.31265848991799045, 0.3636044905994273]",-1,-1
8725,[0.33631604 0.39878779],87,44,"[0.34853587644703343, 0.40608971906389735]",112,72
8726,[0.37911609 0.44729148],87,53,"[0.3771044042788204, 0.4722281085909072]",112,72
8727,[0.34988565 0.4234935 ],87,44,"[0.34853587644703343, 0.40608971906389735]",112,72
8728,[0.35462291 0.44776799],87,67,"[0.34269865168009006, 0.44034776623612226]",112,72
8729,[0.34860026 0.47491286],87,53,"[0.3771044042788204, 0.4722281085909072]",112,56
8730,[0.30591408 0.45064646],87,74,"[0.30377537934724935, 0.43721818673809004]",112,72
8731,[0.39314985 0.46648265],87,53,"[0.3771044042788204, 0.4722281085909072]",112,72
8732,[0.25355679 0.35203856],87,77,"[0.22975717865813536, 0.35984896868285715]",112,-1
8733,[0.38674132 0.40416959],87,6,"[0.40441044434758894, 0.4112979157836676]",112,72
8734,[0.35156182 0.47191649],87,53,"[0.3771044042788204, 0.4722281085909072]",112,56
8735,[0.2810085  0.39370778],87,60,"[0.2741039163061208, 0.4090806374523096]",112,-1
8736,[0.33629383 0.36134151],87,63,"[0.31265848991799045, 0.3636044905994273]",112,-1
8737,[0.32371632 0.39672811],87,44,"[0.34853587644703343, 0.40608971906389735]",112,-1
8738,[0.38241576 0.39165288],87,6,"[0.40441044434758894, 0.4112979157836676]",112,72
8739,[0.34261771 0.45440002],87,67,"[0.34269865168009006, 0.44034776623612226]",-1,-1
8740,[0.40111798 0.4658169 ],87,53,"[0.3771044042788204, 0.4722281085909072]",112,72
8741,[0.32144106 0.43220468],87,74,"[0.30377537934724935, 0.43721818673809004]",112,72
8742,[0.34971581 0.40439024],87,44,"[0.34853587644703343, 0.40608971906389735]",112,72
8743,[0.3476183  0.41456267],87,44,"[0.34853587644703343, 0.40608971906389735]",112,72
8744,[0.34218176 0.42362369],87,67,"[0.34269865168009006, 0.44034776623612226]",112,72
8745,[0.36929229 0.47178715],87,53,"[0.3771044042788204, 0.4722281085909072]",112,-1
8746,[0.35332496 0.4728725 ],87,53,"[0.3771044042788204, 0.4722281085909072]",112,56
8747,[0.37401932 0.3965446 ],87,44,"[0.34853587644703343, 0.40608971906389735]",112,72
8748,[0.38203638 0.39700287],87,6,"[0.40441044434758894, 0.4112979157836676]",112,72
8749,[0.32290485 0.4242959 ],87,74,"[0.30377537934724935, 0.43721818673809004]",112,72
8750,[0.36978396 0.43044426],87,67,"[0.34269865168009006, 0.44034776623612226]",112,72
8751,[0.36939608 0.42226297],87,44,"[0.34853587644703343, 0.40608971906389735]",112,72
8752,[0.36559672 0.44489691],87,67,"[0.34269865168009006, 0.44034776623612226]",112,72
8753,[0.34508961 0.44305089],87,67,"[0.34269865168009006, 0.44034776623612226]",112,-1
8754,[0.28820464 0.44505116],87,74,"[0.30377537934724935, 0.43721818673809004]",112,-1
8755,[0.35673815 0.42070462],87,44,"[0.34853587644703343, 0.40608971906389735]",112,72
8756,[0.39052794 0.34713361],87,30,"[0.3717358952181559, 0.3578997358568481]",112,62
8757,[0.32492141 0.44461715],87,67,"[0.34269865168009006, 0.44034776623612226]",112,72
8758,[0.37786147 0.43759786],87,53,"[0.3771044042788204, 0.4722281085909072]",112,72
8759,[0.39966081 0.40168386],87,6,"[0.40441044434758894, 0.4112979157836676]",112,72
8760,[0.36788299 0.42813874],87,67,"[0.34269865168009006, 0.44034776623612226]",112,72
8761,[0.35323988 0.41378518],87,44,"[0.34853587644703343, 0.40608971906389735]",112,72
8762,[0.37364252 0.42565785],87,44,"[0.34853587644703343, 0.40608971906389735]",112,72
8763,[0.33340492 0.41801454],87,44,"[0.34853587644703343, 0.40608971906389735]",112,72
8764,[0.34554698 0.41466399],87,44,"[0.34853587644703343, 0.40608971906389735]",112,72
8765,[0.41342026 0.47199712],87,2,"[0.4451682216738327, 0.4665045826425144]",112,72
8766,[0.34304421 0.46325674],87,67,"[0.34269865168009006, 0.44034776623612226]",112,56
8767,[0.31732388 0.42384078],87,74,"[0.30377537934724935, 0.43721818673809004]",112,72
8768,[0.3383086  0.40363637],87,44,"[0.34853587644703343, 0.40608971906389735]",112,72
8769,[0.35883996 0.43975713],87,67,"[0.34269865168009006, 0.44034776623612226]",112,72
8770,[0.31185581 0.38294398],87,63,"[0.31265848991799045, 0.3636044905994273]",-1,-1
8771,[0.31003718 0.43929734],87,74,"[0.30377537934724935, 0.43721818673809004]",112,72
8772,[0.36435018 0.40525863],87,44,"[0.34853587644703343, 0.40608971906389735]",112,72
8773,[0.37160881 0.40416175],87,44,"[0.34853587644703343, 0.40608971906389735]",112,72
8774,[0.27743934 0.4240554 ],87,60,"[0.2741039163061208, 0.4090806374523096]",112,-1
8775,[0.30003294 0.41747009],87,74,"[0.30377537934724935, 0.43721818673809004]",-1,-1
8776,[0.33313847 0.38686898],87,44,"[0.34853587644703343, 0.40608971906389735]",112,-1
8777,[0.28547068 0.39613956],87,60,"[0.2741039163061208, 0.4090806374523096]",112,-1
8778,[0.32555367 0.43484482],87,67,"[0.34269865168009006, 0.44034776623612226]",112,72
8779,[0.35216031 0.54025442],87,94,"[0.33191161120142837, 0.5109127972526102]",-1,-1
8780,[0.36837013 0.45488658],87,53,"[0.3771044042788204, 0.4722281085909072]",112,-1
8781,[0.36040249 0.4440888 ],87,67,"[0.34269865168009006, 0.44034776623612226]",112,72
8782,[0.3430322  0.47394344],87,67,"[0.34269865168009006, 0.44034776623612226]",112,56
8783,[0.33291432 0.409757  ],87,44,"[0.34853587644703343, 0.40608971906389735]",112,72
8784,[0.36834435 0.38398513],87,30,"[0.3717358952181559, 0.3578997358568481]",112,72
8785,[0.37287785 0.43462429],87,67,"[0.34269865168009006, 0.44034776623612226]",112,72
8786,[0.4222873  0.47849276],87,2,"[0.4451682216738327, 0.4665045826425144]",112,72
8787,[0.3295074 0.3694869],87,63,"[0.31265848991799045, 0.3636044905994273]",112,-1
8788,[0.32130014 0.45511183],87,74,"[0.30377537934724935, 0.43721818673809004]",112,-1
8789,[0.4156841  0.45020019],87,2,"[0.4451682216738327, 0.4665045826425144]",112,72
8790,[0.39385942 0.3668672 ],87,30,"[0.3717358952181559, 0.3578997358568481]",112,-1
8791,[0.33555164 0.46529272],87,67,"[0.34269865168009006, 0.44034776623612226]",112,-1
8792,[0.39459152 0.46236724],87,53,"[0.3771044042788204, 0.4722281085909072]",112,72
8793,[0.37494971 0.4169328 ],87,44,"[0.34853587644703343, 0.40608971906389735]",112,72
8794,[0.35780742 0.47267903],87,53,"[0.3771044042788204, 0.4722281085909072]",112,56
8795,[0.2644096 0.4469121],87,86,"[0.2863308504841853, 0.4757072588610695]",-1,-1
8796,[0.38573808 0.46964621],87,53,"[0.3771044042788204, 0.4722281085909072]",112,72
8797,[0.35913967 0.43858317],87,67,"[0.34269865168009006, 0.44034776623612226]",112,72
8798,[0.39419055 0.39146039],87,6,"[0.40441044434758894, 0.4112979157836676]",112,72
8799,[0.41229761 0.42024879],87,6,"[0.40441044434758894, 0.4112979157836676]",112,72
8800,[0.74614293 0.10535994],88,42,"[0.72284537991344, 0.13959659556720486]",-1,-1
8801,[0.75660697 0.0896632 ],88,84,"[0.7892484923114864, 0.09277601099714658]",-1,-1
8802,[0.74634428 0.17388494],88,42,"[0.72284537991344, 0.13959659556720486]",112,78
8803,[0.72058319 0.12966776],88,42,"[0.72284537991344, 0.13959659556720486]",64,-1
8804,[0.788029   0.14301733],88,25,"[0.7887233243820295, 0.17027793790835127]",112,48
8805,[0.76534118 0.13345798],88,42,"[0.72284537991344, 0.13959659556720486]",-1,-1
8806,[0.6856048  0.10679131],88,65,"[0.6447537090834278, 0.09644071445280059]",-1,-1
8807,[0.71647879 0.13282697],88,42,"[0.72284537991344, 0.13959659556720486]",-1,-1
8808,[0.7484099 0.104272 ],88,84,"[0.7892484923114864, 0.09277601099714658]",-1,-1
8809,[0.78261299 0.1511852 ],88,25,"[0.7887233243820295, 0.17027793790835127]",112,48
8810,[0.74839221 0.20127481],88,19,"[0.7145100801879051, 0.21082941063088514]",112,78
8811,[0.77482641 0.15688548],88,25,"[0.7887233243820295, 0.17027793790835127]",-1,-1
8812,[0.80407642 0.09810339],88,84,"[0.7892484923114864, 0.09277601099714658]",-1,-1
8813,[0.74468504 0.14768724],88,42,"[0.72284537991344, 0.13959659556720486]",112,78
8814,[0.77598254 0.12171245],88,84,"[0.7892484923114864, 0.09277601099714658]",112,-1
8815,[0.78530031 0.12442503],88,84,"[0.7892484923114864, 0.09277601099714658]",112,-1
8816,[0.83034442 0.12115846],88,80,"[0.8438573413902372, 0.15136743089131469]",100,-1
8817,[0.78554775 0.05318978],88,84,"[0.7892484923114864, 0.09277601099714658]",-1,-1
8818,[0.81558764 0.20063373],88,38,"[0.829987911377383, 0.2268834587852568]",-1,-1
8819,[0.78697836 0.18945599],88,25,"[0.7887233243820295, 0.17027793790835127]",112,78
8820,[0.73852963 0.15244045],88,42,"[0.72284537991344, 0.13959659556720486]",112,-1
8821,[0.73572489 0.12044126],88,42,"[0.72284537991344, 0.13959659556720486]",-1,-1
8822,[0.75200235 0.06644468],88,84,"[0.7892484923114864, 0.09277601099714658]",-1,-1
8823,[0.67794274 0.10950391],88,65,"[0.6447537090834278, 0.09644071445280059]",-1,-1
8824,[0.75032813 0.16786692],88,25,"[0.7887233243820295, 0.17027793790835127]",112,78
8825,[0.80309108 0.16968389],88,25,"[0.7887233243820295, 0.17027793790835127]",112,67
8826,[0.75498374 0.15604459],88,42,"[0.72284537991344, 0.13959659556720486]",112,-1
8827,[0.80310627 0.17355334],88,25,"[0.7887233243820295, 0.17027793790835127]",112,67
8828,[0.75489535 0.12863928],88,42,"[0.72284537991344, 0.13959659556720486]",112,-1
8829,[0.73757341 0.20190455],88,19,"[0.7145100801879051, 0.21082941063088514]",112,-1
8830,[0.7215166  0.13108397],88,42,"[0.72284537991344, 0.13959659556720486]",64,-1
8831,[0.71376155 0.11606967],88,42,"[0.72284537991344, 0.13959659556720486]",96,-1
8832,[0.72361106 0.13128838],88,42,"[0.72284537991344, 0.13959659556720486]",64,-1
8833,[0.78963425 0.09213602],88,84,"[0.7892484923114864, 0.09277601099714658]",50,-1
8834,[0.73630319 0.08407301],88,84,"[0.7892484923114864, 0.09277601099714658]",-1,-1
8835,[0.71186317 0.14674098],88,42,"[0.72284537991344, 0.13959659556720486]",112,-1
8836,[0.68544415 0.1350748 ],88,42,"[0.72284537991344, 0.13959659556720486]",-1,-1
8837,[0.75163607 0.09271234],88,84,"[0.7892484923114864, 0.09277601099714658]",-1,-1
8838,[0.76726761 0.12132798],88,84,"[0.7892484923114864, 0.09277601099714658]",-1,-1
8839,[0.73615165 0.10370375],88,42,"[0.72284537991344, 0.13959659556720486]",-1,-1
8840,[0.70534478 0.13808852],88,42,"[0.72284537991344, 0.13959659556720486]",-1,-1
8841,[0.70689587 0.11200362],88,42,"[0.72284537991344, 0.13959659556720486]",96,-1
8842,[0.83055895 0.08717716],88,84,"[0.7892484923114864, 0.09277601099714658]",-1,-1
8843,[0.75327614 0.11624153],88,42,"[0.72284537991344, 0.13959659556720486]",-1,-1
8844,[0.73470211 0.14037161],88,42,"[0.72284537991344, 0.13959659556720486]",112,-1
8845,[0.81171383 0.18938623],88,25,"[0.7887233243820295, 0.17027793790835127]",112,67
8846,[0.67651629 0.1385871 ],88,42,"[0.72284537991344, 0.13959659556720486]",-1,-1
8847,[0.74059966 0.06971658],88,84,"[0.7892484923114864, 0.09277601099714658]",-1,-1
8848,[0.70938909 0.10035671],88,42,"[0.72284537991344, 0.13959659556720486]",-1,-1
8849,[0.74769909 0.11402785],88,42,"[0.72284537991344, 0.13959659556720486]",112,-1
8850,[0.72899583 0.01416871],88,-1,-1,-1,-1
8851,[0.74727851 0.17652149],88,25,"[0.7887233243820295, 0.17027793790835127]",112,78
8852,[0.77202875 0.11330061],88,84,"[0.7892484923114864, 0.09277601099714658]",-1,-1
8853,[0.81453908 0.15626882],88,25,"[0.7887233243820295, 0.17027793790835127]",112,-1
8854,[0.73135485 0.1733148 ],88,42,"[0.72284537991344, 0.13959659556720486]",112,-1
8855,[0.71151277 0.22516584],88,19,"[0.7145100801879051, 0.21082941063088514]",112,80
8856,[0.79408935 0.08706523],88,84,"[0.7892484923114864, 0.09277601099714658]",-1,-1
8857,[0.76103745 0.15382933],88,25,"[0.7887233243820295, 0.17027793790835127]",-1,-1
8858,[0.74189992 0.13581667],88,42,"[0.72284537991344, 0.13959659556720486]",112,-1
8859,[0.75850194 0.12961295],88,42,"[0.72284537991344, 0.13959659556720486]",-1,-1
8860,[0.81295324 0.09502163],88,84,"[0.7892484923114864, 0.09277601099714658]",-1,-1
8861,[0.77432064 0.11676827],88,84,"[0.7892484923114864, 0.09277601099714658]",-1,-1
8862,[0.73049684 0.18568936],88,19,"[0.7145100801879051, 0.21082941063088514]",-1,-1
8863,[0.75337173 0.16344024],88,25,"[0.7887233243820295, 0.17027793790835127]",112,-1
8864,[0.74455116 0.21439197],88,19,"[0.7145100801879051, 0.21082941063088514]",112,78
8865,[0.77133139 0.09439941],88,84,"[0.7892484923114864, 0.09277601099714658]",50,-1
8866,[0.77253213 0.10164099],88,84,"[0.7892484923114864, 0.09277601099714658]",50,-1
8867,[0.7336432  0.16374391],88,42,"[0.72284537991344, 0.13959659556720486]",112,78
8868,[0.69533064 0.12890256],88,42,"[0.72284537991344, 0.13959659556720486]",112,-1
8869,[0.77778839 0.13030504],88,84,"[0.7892484923114864, 0.09277601099714658]",112,-1
8870,[0.6442495  0.08469651],88,65,"[0.6447537090834278, 0.09644071445280059]",-1,-1
8871,[0.74961996 0.12135119],88,42,"[0.72284537991344, 0.13959659556720486]",112,-1
8872,[0.76878457 0.18042408],88,25,"[0.7887233243820295, 0.17027793790835127]",112,78
8873,[0.78913138 0.13975018],88,25,"[0.7887233243820295, 0.17027793790835127]",112,48
8874,[0.72949566 0.18932024],88,19,"[0.7145100801879051, 0.21082941063088514]",-1,-1
8875,[0.7370704 0.1421149],88,42,"[0.72284537991344, 0.13959659556720486]",112,-1
8876,[0.78374016 0.13056077],88,84,"[0.7892484923114864, 0.09277601099714658]",112,48
8877,[0.71004014 0.11474489],88,42,"[0.72284537991344, 0.13959659556720486]",96,-1
8878,[0.79148095 0.13770416],88,25,"[0.7887233243820295, 0.17027793790835127]",112,48
8879,[0.74051975 0.08427401],88,84,"[0.7892484923114864, 0.09277601099714658]",-1,-1
8880,[0.76158787 0.07704012],88,84,"[0.7892484923114864, 0.09277601099714658]",-1,-1
8881,[0.79022194 0.10721636],88,84,"[0.7892484923114864, 0.09277601099714658]",-1,-1
8882,[0.69785022 0.1305284 ],88,42,"[0.72284537991344, 0.13959659556720486]",112,-1
8883,[0.77438148 0.0920964 ],88,84,"[0.7892484923114864, 0.09277601099714658]",50,-1
8884,[0.77991062 0.20151768],88,25,"[0.7887233243820295, 0.17027793790835127]",112,-1
8885,[0.79353257 0.10289432],88,84,"[0.7892484923114864, 0.09277601099714658]",50,-1
8886,[0.76670207 0.09977622],88,84,"[0.7892484923114864, 0.09277601099714658]",-1,-1
8887,[0.72607696 0.08789365],88,42,"[0.72284537991344, 0.13959659556720486]",-1,-1
8888,[0.66449743 0.09954721],88,65,"[0.6447537090834278, 0.09644071445280059]",-1,-1
8889,[0.74442131 0.11378767],88,42,"[0.72284537991344, 0.13959659556720486]",112,-1
8890,[0.71955703 0.11731765],88,42,"[0.72284537991344, 0.13959659556720486]",64,-1
8891,[0.72948967 0.14193851],88,42,"[0.72284537991344, 0.13959659556720486]",-1,-1
8892,[0.64941069 0.19181697],88,41,"[0.6450181792213053, 0.1803494340129729]",112,74
8893,[0.74789612 0.14112187],88,42,"[0.72284537991344, 0.13959659556720486]",112,-1
8894,[0.77378702 0.09453065],88,84,"[0.7892484923114864, 0.09277601099714658]",50,-1
8895,[0.79806567 0.13973453],88,25,"[0.7887233243820295, 0.17027793790835127]",112,-1
8896,[0.75957293 0.18215907],88,25,"[0.7887233243820295, 0.17027793790835127]",112,-1
8897,[0.74844542 0.19104003],88,19,"[0.7145100801879051, 0.21082941063088514]",112,78
8898,[0.78016829 0.13946799],88,25,"[0.7887233243820295, 0.17027793790835127]",112,48
8899,[0.69627607 0.1201309 ],88,42,"[0.72284537991344, 0.13959659556720486]",-1,-1
8900,[0.18436778 0.64664171],89,17,"[0.20551760392566637, 0.6304926521590382]",74,19
8901,[0.22015527 0.59437732],89,17,"[0.20551760392566637, 0.6304926521590382]",74,19
8902,[0.23112211 0.60699937],89,17,"[0.20551760392566637, 0.6304926521590382]",-1,-1
8903,[0.22981369 0.55582701],89,39,"[0.2493420577344874, 0.5596731913401319]",74,-1
8904,[0.19528684 0.60452669],89,17,"[0.20551760392566637, 0.6304926521590382]",74,19
8905,[0.25652189 0.62143886],89,17,"[0.20551760392566637, 0.6304926521590382]",-1,-1
8906,[0.15837198 0.4509425 ],89,76,"[0.17908534744711677, 0.41908191437899905]",-1,-1
8907,[0.21864443 0.53685934],89,39,"[0.2493420577344874, 0.5596731913401319]",-1,-1
8908,[0.21464666 0.56284347],89,39,"[0.2493420577344874, 0.5596731913401319]",73,16
8909,[0.21576607 0.58087599],89,39,"[0.2493420577344874, 0.5596731913401319]",74,19
8910,[0.19389484 0.62531568],89,17,"[0.20551760392566637, 0.6304926521590382]",74,19
8911,[0.18968059 0.52990974],89,69,"[0.15811567454436073, 0.5246830019279323]",-1,-1
8912,[0.21521313 0.63084115],89,17,"[0.20551760392566637, 0.6304926521590382]",74,19
8913,[0.23196875 0.59136163],89,39,"[0.2493420577344874, 0.5596731913401319]",-1,-1
8914,[0.1944312  0.58676672],89,87,"[0.1552445589536314, 0.5972042330566324]",74,19
8915,[0.21406206 0.6311271 ],89,17,"[0.20551760392566637, 0.6304926521590382]",74,19
8916,[0.20623139 0.56675956],89,39,"[0.2493420577344874, 0.5596731913401319]",73,-1
8917,[0.20363759 0.58359546],89,17,"[0.20551760392566637, 0.6304926521590382]",74,19
8918,[0.1965792  0.59047485],89,17,"[0.20551760392566637, 0.6304926521590382]",74,19
8919,[0.20668474 0.54220793],89,39,"[0.2493420577344874, 0.5596731913401319]",-1,-1
8920,[0.22920963 0.58080832],89,39,"[0.2493420577344874, 0.5596731913401319]",74,17
8921,[0.22639367 0.59011685],89,39,"[0.2493420577344874, 0.5596731913401319]",74,-1
8922,[0.2301109  0.70209648],89,45,"[0.20999502353991037, 0.7421751523063527]",72,-1
8923,[0.23093607 0.5151098 ],89,83,"[0.2368604693858302, 0.47906582147153637]",41,-1
8924,[0.15524775 0.53626862],89,69,"[0.15811567454436073, 0.5246830019279323]",-1,-1
8925,[0.2152285  0.50811375],89,83,"[0.2368604693858302, 0.47906582147153637]",-1,-1
8926,[0.28442967 0.58433659],89,39,"[0.2493420577344874, 0.5596731913401319]",-1,-1
8927,[0.24198919 0.57579451],89,39,"[0.2493420577344874, 0.5596731913401319]",74,17
8928,[0.21189206 0.58932614],89,17,"[0.20551760392566637, 0.6304926521590382]",74,19
8929,[0.22498205 0.61913616],89,17,"[0.20551760392566637, 0.6304926521590382]",74,-1
8930,[0.17458722 0.61863065],89,87,"[0.1552445589536314, 0.5972042330566324]",74,19
8931,[0.20322611 0.55767646],89,39,"[0.2493420577344874, 0.5596731913401319]",73,16
8932,[0.20046875 0.59667503],89,17,"[0.20551760392566637, 0.6304926521590382]",74,19
8933,[0.23000171 0.64494536],89,17,"[0.20551760392566637, 0.6304926521590382]",-1,-1
8934,[0.22186054 0.63314932],89,17,"[0.20551760392566637, 0.6304926521590382]",74,19
8935,[0.16996158 0.61161342],89,87,"[0.1552445589536314, 0.5972042330566324]",74,-1
8936,[0.22322845 0.63488569],89,17,"[0.20551760392566637, 0.6304926521590382]",74,19
8937,[0.19683575 0.6027284 ],89,17,"[0.20551760392566637, 0.6304926521590382]",74,19
8938,[0.20841836 0.59286354],89,17,"[0.20551760392566637, 0.6304926521590382]",74,19
8939,[0.20299145 0.61399414],89,17,"[0.20551760392566637, 0.6304926521590382]",74,19
8940,[0.15683769 0.57065862],89,87,"[0.1552445589536314, 0.5972042330566324]",-1,-1
8941,[0.19725168 0.66186079],89,17,"[0.20551760392566637, 0.6304926521590382]",-1,-1
8942,[0.2156852  0.64687851],89,17,"[0.20551760392566637, 0.6304926521590382]",74,19
8943,[0.23989693 0.5530178 ],89,39,"[0.2493420577344874, 0.5596731913401319]",74,17
8944,[0.2410926  0.61561223],89,17,"[0.20551760392566637, 0.6304926521590382]",-1,-1
8945,[0.28746868 0.65098308],89,51,"[0.3380449223959843, 0.6548082883119133]",-1,-1
8946,[0.24557885 0.57733327],89,39,"[0.2493420577344874, 0.5596731913401319]",74,17
8947,[0.13161363 0.65050386],89,78,"[0.15859375635783876, 0.6780634151767573]",-1,-1
8948,[0.23706696 0.62124278],89,17,"[0.20551760392566637, 0.6304926521590382]",74,-1
8949,[0.19065303 0.56337595],89,87,"[0.1552445589536314, 0.5972042330566324]",-1,-1
8950,[0.20055512 0.60401725],89,17,"[0.20551760392566637, 0.6304926521590382]",74,19
8951,[0.22431287 0.60321807],89,17,"[0.20551760392566637, 0.6304926521590382]",-1,-1
8952,[0.19634738 0.5396818 ],89,69,"[0.15811567454436073, 0.5246830019279323]",12,-1
8953,[0.1923706  0.64476918],89,17,"[0.20551760392566637, 0.6304926521590382]",-1,19
8954,[0.20458409 0.59552576],89,17,"[0.20551760392566637, 0.6304926521590382]",74,19
8955,[0.24067008 0.56608142],89,39,"[0.2493420577344874, 0.5596731913401319]",74,17
8956,[0.16568017 0.59199437],89,87,"[0.1552445589536314, 0.5972042330566324]",74,-1
8957,[0.21129924 0.61939321],89,17,"[0.20551760392566637, 0.6304926521590382]",74,19
8958,[0.22230258 0.60111362],89,17,"[0.20551760392566637, 0.6304926521590382]",-1,19
8959,[0.17168822 0.54558804],89,69,"[0.15811567454436073, 0.5246830019279323]",-1,-1
8960,[0.2479901  0.58682075],89,39,"[0.2493420577344874, 0.5596731913401319]",-1,-1
8961,[0.23764244 0.53229409],89,39,"[0.2493420577344874, 0.5596731913401319]",-1,-1
8962,[0.23794578 0.60293272],89,17,"[0.20551760392566637, 0.6304926521590382]",-1,-1
8963,[0.23806445 0.53815225],89,39,"[0.2493420577344874, 0.5596731913401319]",-1,-1
8964,[0.31483701 0.64196397],89,51,"[0.3380449223959843, 0.6548082883119133]",-1,-1
8965,[0.23666409 0.57914986],89,39,"[0.2493420577344874, 0.5596731913401319]",74,17
8966,[0.22767688 0.57726846],89,39,"[0.2493420577344874, 0.5596731913401319]",74,-1
8967,[0.16717465 0.64361198],89,78,"[0.15859375635783876, 0.6780634151767573]",-1,-1
8968,[0.17696324 0.6062713 ],89,87,"[0.1552445589536314, 0.5972042330566324]",74,19
8969,[0.23139714 0.56488563],89,39,"[0.2493420577344874, 0.5596731913401319]",74,-1
8970,[0.24414481 0.63402745],89,17,"[0.20551760392566637, 0.6304926521590382]",-1,-1
8971,[0.22058645 0.59003383],89,39,"[0.2493420577344874, 0.5596731913401319]",74,19
8972,[0.23169875 0.5520403 ],89,39,"[0.2493420577344874, 0.5596731913401319]",-1,-1
8973,[0.21536473 0.6257472 ],89,17,"[0.20551760392566637, 0.6304926521590382]",74,19
8974,[0.17851845 0.62675907],89,17,"[0.20551760392566637, 0.6304926521590382]",74,19
8975,[0.15406687 0.64225592],89,78,"[0.15859375635783876, 0.6780634151767573]",-1,-1
8976,[0.20167921 0.63426409],89,17,"[0.20551760392566637, 0.6304926521590382]",74,19
8977,[0.12590783 0.58588207],89,87,"[0.1552445589536314, 0.5972042330566324]",-1,-1
8978,[0.20777329 0.65902891],89,17,"[0.20551760392566637, 0.6304926521590382]",74,19
8979,[0.16162803 0.59272829],89,87,"[0.1552445589536314, 0.5972042330566324]",74,-1
8980,[0.20245962 0.61100362],89,17,"[0.20551760392566637, 0.6304926521590382]",74,19
8981,[0.27183534 0.59442907],89,39,"[0.2493420577344874, 0.5596731913401319]",-1,-1
8982,[0.20443979 0.67107059],89,17,"[0.20551760392566637, 0.6304926521590382]",-1,19
8983,[0.16713447 0.57579509],89,87,"[0.1552445589536314, 0.5972042330566324]",-1,-1
8984,[0.15909281 0.6094508 ],89,87,"[0.1552445589536314, 0.5972042330566324]",-1,-1
8985,[0.23872529 0.53832559],89,39,"[0.2493420577344874, 0.5596731913401319]",-1,-1
8986,[0.21999983 0.53936746],89,39,"[0.2493420577344874, 0.5596731913401319]",-1,-1
8987,[0.16939042 0.63934014],89,17,"[0.20551760392566637, 0.6304926521590382]",74,-1
8988,[0.2184716  0.57795016],89,39,"[0.2493420577344874, 0.5596731913401319]",74,-1
8989,[0.30063037 0.58635857],89,39,"[0.2493420577344874, 0.5596731913401319]",-1,-1
8990,[0.18535304 0.59115275],89,87,"[0.1552445589536314, 0.5972042330566324]",74,19
8991,[0.15395133 0.59995841],89,87,"[0.1552445589536314, 0.5972042330566324]",-1,-1
8992,[0.20105653 0.50388578],89,83,"[0.2368604693858302, 0.47906582147153637]",-1,-1
8993,[0.21027248 0.63739484],89,17,"[0.20551760392566637, 0.6304926521590382]",74,19
8994,[0.19848528 0.60292528],89,17,"[0.20551760392566637, 0.6304926521590382]",74,19
8995,[0.18560438 0.59342247],89,87,"[0.1552445589536314, 0.5972042330566324]",74,19
8996,[0.29090197 0.52530002],89,94,"[0.33191161120142837, 0.5109127972526102]",-1,-1
8997,[0.20724554 0.61866975],89,17,"[0.20551760392566637, 0.6304926521590382]",74,19
8998,[0.22056388 0.55303554],89,39,"[0.2493420577344874, 0.5596731913401319]",73,16
8999,[0.24478775 0.6170931 ],89,17,"[0.20551760392566637, 0.6304926521590382]",-1,-1
9000,[0.69931454 0.20004117],90,19,"[0.7145100801879051, 0.21082941063088514]",112,-1
9001,[0.74356355 0.20039764],90,19,"[0.7145100801879051, 0.21082941063088514]",112,-1
9002,[0.66435635 0.15481891],90,41,"[0.6450181792213053, 0.1803494340129729]",-1,-1
9003,[0.6422267  0.19904899],90,41,"[0.6450181792213053, 0.1803494340129729]",112,74
9004,[0.75978545 0.26392126],90,12,"[0.7527256969797409, 0.25319450872866317]",112,80
9005,[0.72919838 0.17487483],90,42,"[0.72284537991344, 0.13959659556720486]",112,-1
9006,[0.69353327 0.2556393 ],90,0,"[0.6718634683454, 0.284181654083953]",112,80
9007,[0.76534435 0.22312255],90,12,"[0.7527256969797409, 0.25319450872866317]",112,-1
9008,[0.7299022  0.17355345],90,42,"[0.72284537991344, 0.13959659556720486]",112,-1
9009,[0.68183415 0.22907955],90,19,"[0.7145100801879051, 0.21082941063088514]",112,-1
9010,[0.66678875 0.17056592],90,41,"[0.6450181792213053, 0.1803494340129729]",112,-1
9011,[0.72583519 0.22152894],90,19,"[0.7145100801879051, 0.21082941063088514]",112,-1
9012,[0.70201082 0.12774654],90,42,"[0.72284537991344, 0.13959659556720486]",-1,-1
9013,[0.72336591 0.20330587],90,19,"[0.7145100801879051, 0.21082941063088514]",112,80
9014,[0.70176256 0.25361336],90,0,"[0.6718634683454, 0.284181654083953]",112,80
9015,[0.62335418 0.16126505],90,41,"[0.6450181792213053, 0.1803494340129729]",103,-1
9016,[0.6950587  0.21025623],90,19,"[0.7145100801879051, 0.21082941063088514]",112,-1
9017,[0.67795236 0.11316808],90,65,"[0.6447537090834278, 0.09644071445280059]",-1,-1
9018,[0.71208898 0.15598856],90,42,"[0.72284537991344, 0.13959659556720486]",112,-1
9019,[0.67969465 0.16660339],90,41,"[0.6450181792213053, 0.1803494340129729]",112,-1
9020,[0.67900234 0.11098446],90,65,"[0.6447537090834278, 0.09644071445280059]",-1,-1
9021,[0.80192868 0.1642996 ],90,25,"[0.7887233243820295, 0.17027793790835127]",112,67
9022,[0.66722512 0.17461294],90,41,"[0.6450181792213053, 0.1803494340129729]",112,-1
9023,[0.75388364 0.18357886],90,25,"[0.7887233243820295, 0.17027793790835127]",112,78
9024,[0.71911225 0.15727586],90,42,"[0.72284537991344, 0.13959659556720486]",112,-1
9025,[0.66660734 0.21789057],90,41,"[0.6450181792213053, 0.1803494340129729]",112,-1
9026,[0.68596167 0.17358578],90,41,"[0.6450181792213053, 0.1803494340129729]",112,-1
9027,[0.74506981 0.15493426],90,42,"[0.72284537991344, 0.13959659556720486]",112,-1
9028,[0.75806931 0.14016195],90,42,"[0.72284537991344, 0.13959659556720486]",112,-1
9029,[0.63808699 0.24351796],90,7,"[0.6005437719733706, 0.22857083174818627]",112,80
9030,[0.74201827 0.2503994 ],90,12,"[0.7527256969797409, 0.25319450872866317]",112,-1
9031,[0.6896083  0.20493508],90,19,"[0.7145100801879051, 0.21082941063088514]",112,-1
9032,[0.69352509 0.16336758],90,42,"[0.72284537991344, 0.13959659556720486]",112,-1
9033,[0.65639912 0.17350075],90,41,"[0.6450181792213053, 0.1803494340129729]",112,-1
9034,[0.7827172  0.21608088],90,25,"[0.7887233243820295, 0.17027793790835127]",112,-1
9035,[0.65516293 0.19407938],90,41,"[0.6450181792213053, 0.1803494340129729]",112,74
9036,[0.69584406 0.19344548],90,19,"[0.7145100801879051, 0.21082941063088514]",112,-1
9037,[0.72247457 0.21209104],90,19,"[0.7145100801879051, 0.21082941063088514]",112,80
9038,[0.73238428 0.22582594],90,19,"[0.7145100801879051, 0.21082941063088514]",112,-1
9039,[0.74145983 0.15010449],90,42,"[0.72284537991344, 0.13959659556720486]",112,-1
9040,[0.60576641 0.29032551],90,4,"[0.621879023183751, 0.3152829127139686]",112,-1
9041,[0.71044903 0.18246232],90,19,"[0.7145100801879051, 0.21082941063088514]",-1,-1
9042,[0.71201563 0.27374462],90,0,"[0.6718634683454, 0.284181654083953]",112,-1
9043,[0.6354756  0.16867574],90,41,"[0.6450181792213053, 0.1803494340129729]",103,-1
9044,[0.62439947 0.23527321],90,7,"[0.6005437719733706, 0.22857083174818627]",112,80
9045,[0.6750494  0.16284106],90,41,"[0.6450181792213053, 0.1803494340129729]",-1,-1
9046,[0.75639318 0.21047537],90,19,"[0.7145100801879051, 0.21082941063088514]",112,78
9047,[0.71206538 0.14794267],90,42,"[0.72284537991344, 0.13959659556720486]",-1,-1
9048,[0.66688594 0.18150253],90,41,"[0.6450181792213053, 0.1803494340129729]",-1,-1
9049,[0.72613997 0.2224884 ],90,19,"[0.7145100801879051, 0.21082941063088514]",112,-1
9050,[0.72322647 0.10644257],90,42,"[0.72284537991344, 0.13959659556720486]",-1,-1
9051,[0.69240079 0.22704236],90,19,"[0.7145100801879051, 0.21082941063088514]",112,-1
9052,[0.7012555  0.20080303],90,19,"[0.7145100801879051, 0.21082941063088514]",112,-1
9053,[0.70020625 0.10889056],90,42,"[0.72284537991344, 0.13959659556720486]",-1,-1
9054,[0.65836346 0.19931001],90,41,"[0.6450181792213053, 0.1803494340129729]",112,74
9055,[0.75973558 0.23418767],90,12,"[0.7527256969797409, 0.25319450872866317]",112,-1
9056,[0.71347418 0.21299206],90,19,"[0.7145100801879051, 0.21082941063088514]",112,80
9057,[0.74250984 0.1390153 ],90,42,"[0.72284537991344, 0.13959659556720486]",112,78
9058,[0.72782687 0.17408536],90,42,"[0.72284537991344, 0.13959659556720486]",112,-1
9059,[0.6661438  0.19212103],90,41,"[0.6450181792213053, 0.1803494340129729]",-1,-1
9060,[0.74786252 0.19026837],90,19,"[0.7145100801879051, 0.21082941063088514]",112,78
9061,[0.67956372 0.20746119],90,19,"[0.7145100801879051, 0.21082941063088514]",-1,-1
9062,[0.72537809 0.21068674],90,19,"[0.7145100801879051, 0.21082941063088514]",112,-1
9063,[0.63014658 0.11807473],90,65,"[0.6447537090834278, 0.09644071445280059]",-1,-1
9064,[0.79185525 0.17665935],90,25,"[0.7887233243820295, 0.17027793790835127]",112,-1
9065,[0.62083795 0.13704055],90,65,"[0.6447537090834278, 0.09644071445280059]",-1,-1
9066,[0.68434398 0.1697159 ],90,41,"[0.6450181792213053, 0.1803494340129729]",112,-1
9067,[0.61733281 0.16869387],90,41,"[0.6450181792213053, 0.1803494340129729]",103,-1
9068,[0.68418442 0.17973504],90,41,"[0.6450181792213053, 0.1803494340129729]",112,-1
9069,[0.65275716 0.13746229],90,65,"[0.6447537090834278, 0.09644071445280059]",-1,-1
9070,[0.82353369 0.17743943],90,80,"[0.8438573413902372, 0.15136743089131469]",112,67
9071,[0.66057925 0.17080245],90,41,"[0.6450181792213053, 0.1803494340129729]",112,-1
9072,[0.6837891  0.21874497],90,19,"[0.7145100801879051, 0.21082941063088514]",-1,-1
9073,[0.6298001  0.18241039],90,41,"[0.6450181792213053, 0.1803494340129729]",-1,-1
9074,[0.76593168 0.14419472],90,25,"[0.7887233243820295, 0.17027793790835127]",112,-1
9075,[0.68798756 0.25437035],90,0,"[0.6718634683454, 0.284181654083953]",112,80
9076,[0.63763368 0.26738763],90,0,"[0.6718634683454, 0.284181654083953]",112,80
9077,[0.70201236 0.22986809],90,19,"[0.7145100801879051, 0.21082941063088514]",112,80
9078,[0.72767546 0.24665706],90,12,"[0.7527256969797409, 0.25319450872866317]",112,80
9079,[0.62823688 0.16348231],90,41,"[0.6450181792213053, 0.1803494340129729]",103,-1
9080,[0.73771418 0.26419975],90,12,"[0.7527256969797409, 0.25319450872866317]",112,80
9081,[0.69267894 0.08376058],90,65,"[0.6447537090834278, 0.09644071445280059]",-1,-1
9082,[0.71065898 0.23133265],90,19,"[0.7145100801879051, 0.21082941063088514]",112,80
9083,[0.65585874 0.18927558],90,41,"[0.6450181792213053, 0.1803494340129729]",112,-1
9084,[0.68633881 0.17205933],90,41,"[0.6450181792213053, 0.1803494340129729]",112,-1
9085,[0.71304759 0.16735205],90,42,"[0.72284537991344, 0.13959659556720486]",-1,-1
9086,[0.71182398 0.14912034],90,42,"[0.72284537991344, 0.13959659556720486]",-1,-1
9087,[0.61289468 0.15522125],90,41,"[0.6450181792213053, 0.1803494340129729]",103,-1
9088,[0.73959245 0.22028156],90,19,"[0.7145100801879051, 0.21082941063088514]",112,78
9089,[0.71989358 0.20777776],90,19,"[0.7145100801879051, 0.21082941063088514]",112,80
9090,[0.63878549 0.14500545],90,41,"[0.6450181792213053, 0.1803494340129729]",-1,-1
9091,[0.70397416 0.21394627],90,19,"[0.7145100801879051, 0.21082941063088514]",112,-1
9092,[0.69707678 0.26656016],90,0,"[0.6718634683454, 0.284181654083953]",112,80
9093,[0.70561798 0.23090691],90,19,"[0.7145100801879051, 0.21082941063088514]",112,80
9094,[0.72103642 0.16398495],90,42,"[0.72284537991344, 0.13959659556720486]",-1,-1
9095,[0.64135901 0.1902444 ],90,41,"[0.6450181792213053, 0.1803494340129729]",112,74
9096,[0.72601714 0.24853575],90,12,"[0.7527256969797409, 0.25319450872866317]",112,80
9097,[0.70474157 0.1941675 ],90,19,"[0.7145100801879051, 0.21082941063088514]",112,-1
9098,[0.68989624 0.1867904 ],90,19,"[0.7145100801879051, 0.21082941063088514]",112,-1
9099,[0.69592362 0.23520266],90,19,"[0.7145100801879051, 0.21082941063088514]",112,80
9100,[0.36201882 0.38383609],91,44,"[0.34853587644703343, 0.40608971906389735]",112,72
9101,[0.33936619 0.43309972],91,67,"[0.34269865168009006, 0.44034776623612226]",112,72
9102,[0.38890316 0.45465351],91,53,"[0.3771044042788204, 0.4722281085909072]",112,72
9103,[0.41464742 0.36016022],91,34,"[0.4470179228154517, 0.33644420436777783]",112,73
9104,[0.42529899 0.39960198],91,6,"[0.40441044434758894, 0.4112979157836676]",112,72
9105,[0.3611112  0.38181576],91,30,"[0.3717358952181559, 0.3578997358568481]",112,72
9106,[0.42103505 0.36257012],91,34,"[0.4470179228154517, 0.33644420436777783]",112,73
9107,[0.41236403 0.48258493],91,2,"[0.4451682216738327, 0.4665045826425144]",112,72
9108,[0.36397309 0.43106021],91,67,"[0.34269865168009006, 0.44034776623612226]",112,72
9109,[0.37770039 0.38591247],91,30,"[0.3717358952181559, 0.3578997358568481]",112,-1
9110,[0.42561891 0.4608747 ],91,2,"[0.4451682216738327, 0.4665045826425144]",112,72
9111,[0.40834559 0.46134773],91,53,"[0.3771044042788204, 0.4722281085909072]",112,72
9112,[0.39016022 0.34647042],91,30,"[0.3717358952181559, 0.3578997358568481]",112,62
9113,[0.42109339 0.39910422],91,6,"[0.40441044434758894, 0.4112979157836676]",112,72
9114,[0.3977482  0.38441259],91,6,"[0.40441044434758894, 0.4112979157836676]",112,72
9115,[0.4055549  0.41881921],91,6,"[0.40441044434758894, 0.4112979157836676]",112,72
9116,[0.41590415 0.36013367],91,34,"[0.4470179228154517, 0.33644420436777783]",112,73
9117,[0.32470637 0.4217376 ],91,67,"[0.34269865168009006, 0.44034776623612226]",112,72
9118,[0.35128664 0.38581598],91,44,"[0.34853587644703343, 0.40608971906389735]",112,72
9119,[0.38709544 0.43437397],91,6,"[0.40441044434758894, 0.4112979157836676]",112,72
9120,[0.40881887 0.36897192],91,30,"[0.3717358952181559, 0.3578997358568481]",112,-1
9121,[0.3713764  0.42018615],91,44,"[0.34853587644703343, 0.40608971906389735]",112,72
9122,[0.40120316 0.43217151],91,6,"[0.40441044434758894, 0.4112979157836676]",112,72
9123,[0.38102176 0.45514934],91,53,"[0.3771044042788204, 0.4722281085909072]",112,72
9124,[0.31861629 0.40535908],91,44,"[0.34853587644703343, 0.40608971906389735]",112,-1
9125,[0.43699374 0.40321725],91,6,"[0.40441044434758894, 0.4112979157836676]",112,-1
9126,[0.43334916 0.38037594],91,6,"[0.40441044434758894, 0.4112979157836676]",112,-1
9127,[0.32628419 0.43500646],91,67,"[0.34269865168009006, 0.44034776623612226]",112,72
9128,[0.42983095 0.44232445],91,2,"[0.4451682216738327, 0.4665045826425144]",112,-1
9129,[0.39081813 0.44626877],91,53,"[0.3771044042788204, 0.4722281085909072]",112,72
9130,[0.38212809 0.4376349 ],91,6,"[0.40441044434758894, 0.4112979157836676]",112,72
9131,[0.40155212 0.39876594],91,6,"[0.40441044434758894, 0.4112979157836676]",112,72
9132,[0.39915161 0.42325077],91,6,"[0.40441044434758894, 0.4112979157836676]",112,72
9133,[0.36457071 0.37635747],91,30,"[0.3717358952181559, 0.3578997358568481]",112,72
9134,[0.37280753 0.41645903],91,44,"[0.34853587644703343, 0.40608971906389735]",112,72
9135,[0.34527853 0.45243264],91,67,"[0.34269865168009006, 0.44034776623612226]",-1,-1
9136,[0.37273692 0.44828301],91,53,"[0.3771044042788204, 0.4722281085909072]",112,-1
9137,[0.42500238 0.38802415],91,6,"[0.40441044434758894, 0.4112979157836676]",112,-1
9138,[0.40963916 0.35826523],91,30,"[0.3717358952181559, 0.3578997358568481]",112,73
9139,[0.46098113 0.46559627],91,2,"[0.4451682216738327, 0.4665045826425144]",112,-1
9140,[0.38703386 0.4123403 ],91,6,"[0.40441044434758894, 0.4112979157836676]",112,72
9141,[0.40667889 0.44102724],91,6,"[0.40441044434758894, 0.4112979157836676]",112,-1
9142,[0.35832715 0.51003267],91,94,"[0.33191161120142837, 0.5109127972526102]",-1,-1
9143,[0.35483052 0.44785341],91,67,"[0.34269865168009006, 0.44034776623612226]",112,72
9144,[0.37361645 0.41732617],91,44,"[0.34853587644703343, 0.40608971906389735]",112,72
9145,[0.40110376 0.46353758],91,53,"[0.3771044042788204, 0.4722281085909072]",112,72
9146,[0.35446414 0.40831116],91,44,"[0.34853587644703343, 0.40608971906389735]",112,72
9147,[0.39630523 0.39124847],91,6,"[0.40441044434758894, 0.4112979157836676]",112,72
9148,[0.38420719 0.4003201 ],91,6,"[0.40441044434758894, 0.4112979157836676]",112,72
9149,[0.30405786 0.45070331],91,74,"[0.30377537934724935, 0.43721818673809004]",112,72
9150,[0.41253951 0.34098738],91,34,"[0.4470179228154517, 0.33644420436777783]",-1,-1
9151,[0.39906559 0.39216165],91,6,"[0.40441044434758894, 0.4112979157836676]",112,72
9152,[0.41777337 0.49447279],91,2,"[0.4451682216738327, 0.4665045826425144]",112,72
9153,[0.3742547  0.40966942],91,44,"[0.34853587644703343, 0.40608971906389735]",112,72
9154,[0.39076523 0.4073621 ],91,6,"[0.40441044434758894, 0.4112979157836676]",112,72
9155,[0.42968952 0.43532057],91,2,"[0.4451682216738327, 0.4665045826425144]",112,-1
9156,[0.40764864 0.41517507],91,6,"[0.40441044434758894, 0.4112979157836676]",112,72
9157,[0.43479134 0.36651574],91,34,"[0.4470179228154517, 0.33644420436777783]",112,-1
9158,[0.40376735 0.37548331],91,6,"[0.40441044434758894, 0.4112979157836676]",112,73
9159,[0.34381973 0.40953804],91,44,"[0.34853587644703343, 0.40608971906389735]",112,72
9160,[0.312401   0.36401173],91,63,"[0.31265848991799045, 0.3636044905994273]",112,-1
9161,[0.42233689 0.44159176],91,2,"[0.4451682216738327, 0.4665045826425144]",112,-1
9162,[0.36450649 0.47595176],91,53,"[0.3771044042788204, 0.4722281085909072]",112,56
9163,[0.37664421 0.41679858],91,6,"[0.40441044434758894, 0.4112979157836676]",112,72
9164,[0.43136702 0.36440767],91,34,"[0.4470179228154517, 0.33644420436777783]",112,73
9165,[0.40875978 0.45624348],91,53,"[0.3771044042788204, 0.4722281085909072]",112,72
9166,[0.42598862 0.42987366],91,6,"[0.40441044434758894, 0.4112979157836676]",112,-1
9167,[0.40794356 0.40673768],91,6,"[0.40441044434758894, 0.4112979157836676]",112,72
9168,[0.32812402 0.48680183],91,94,"[0.33191161120142837, 0.5109127972526102]",-1,-1
9169,[0.38504792 0.50276574],91,53,"[0.3771044042788204, 0.4722281085909072]",112,-1
9170,[0.34471882 0.42954573],91,67,"[0.34269865168009006, 0.44034776623612226]",112,72
9171,[0.35831412 0.3794533 ],91,30,"[0.3717358952181559, 0.3578997358568481]",112,72
9172,[0.41097365 0.37930495],91,6,"[0.40441044434758894, 0.4112979157836676]",112,-1
9173,[0.36681328 0.46638493],91,53,"[0.3771044042788204, 0.4722281085909072]",112,-1
9174,[0.37059127 0.41153216],91,44,"[0.34853587644703343, 0.40608971906389735]",112,72
9175,[0.38630629 0.42170035],91,6,"[0.40441044434758894, 0.4112979157836676]",112,72
9176,[0.42409275 0.42265136],91,6,"[0.40441044434758894, 0.4112979157836676]",112,72
9177,[0.41088631 0.36452002],91,30,"[0.3717358952181559, 0.3578997358568481]",112,73
9178,[0.3691313  0.38212267],91,30,"[0.3717358952181559, 0.3578997358568481]",112,72
9179,[0.40872428 0.39224839],91,6,"[0.40441044434758894, 0.4112979157836676]",112,-1
9180,[0.35122691 0.38961732],91,44,"[0.34853587644703343, 0.40608971906389735]",112,72
9181,[0.32099655 0.41918129],91,74,"[0.30377537934724935, 0.43721818673809004]",112,72
9182,[0.37180826 0.37400311],91,30,"[0.3717358952181559, 0.3578997358568481]",112,72
9183,[0.4541119  0.46583112],91,2,"[0.4451682216738327, 0.4665045826425144]",112,72
9184,[0.40423274 0.43811357],91,6,"[0.40441044434758894, 0.4112979157836676]",112,72
9185,[0.39532852 0.4255565 ],91,6,"[0.40441044434758894, 0.4112979157836676]",112,72
9186,[0.34296227 0.39800108],91,44,"[0.34853587644703343, 0.40608971906389735]",112,72
9187,[0.35026161 0.46570185],91,67,"[0.34269865168009006, 0.44034776623612226]",112,56
9188,[0.38980869 0.39303705],91,6,"[0.40441044434758894, 0.4112979157836676]",112,72
9189,[0.40605059 0.40608653],91,6,"[0.40441044434758894, 0.4112979157836676]",112,72
9190,[0.42382071 0.35204224],91,34,"[0.4470179228154517, 0.33644420436777783]",112,73
9191,[0.37260531 0.39580259],91,44,"[0.34853587644703343, 0.40608971906389735]",112,72
9192,[0.35647558 0.37827339],91,30,"[0.3717358952181559, 0.3578997358568481]",112,72
9193,[0.42509062 0.38683179],91,6,"[0.40441044434758894, 0.4112979157836676]",112,-1
9194,[0.36773769 0.40290055],91,44,"[0.34853587644703343, 0.40608971906389735]",112,72
9195,[0.37710058 0.41721951],91,6,"[0.40441044434758894, 0.4112979157836676]",112,72
9196,[0.36813146 0.45265819],91,53,"[0.3771044042788204, 0.4722281085909072]",112,-1
9197,[0.35745041 0.4433992 ],91,67,"[0.34269865168009006, 0.44034776623612226]",112,72
9198,[0.415261   0.45654485],91,2,"[0.4451682216738327, 0.4665045826425144]",112,72
9199,[0.46063    0.41891277],91,22,"[0.4960765404668817, 0.3879133591162554]",-1,-1
9200,[0.39247525 0.51296392],92,11,"[0.39234234203399093, 0.5489540807322599]",-1,-1
9201,[0.44417358 0.47582833],92,2,"[0.4451682216738327, 0.4665045826425144]",112,72
9202,[0.48653117 0.53217049],92,8,"[0.47040203841495126, 0.5433047126172346]",112,-1
9203,[0.4197721  0.47176302],92,2,"[0.4451682216738327, 0.4665045826425144]",112,72
9204,[0.41199819 0.49306582],92,53,"[0.3771044042788204, 0.4722281085909072]",112,72
9205,[0.40462827 0.55896392],92,11,"[0.39234234203399093, 0.5489540807322599]",112,72
9206,[0.43967982 0.5299106 ],92,8,"[0.47040203841495126, 0.5433047126172346]",112,72
9207,[0.40170275 0.54662304],92,11,"[0.39234234203399093, 0.5489540807322599]",112,72
9208,[0.42065739 0.58453217],92,1,"[0.4254611998702779, 0.6260428590068665]",112,72
9209,[0.48196125 0.4870402 ],92,2,"[0.4451682216738327, 0.4665045826425144]",112,57
9210,[0.43542076 0.48291465],92,2,"[0.4451682216738327, 0.4665045826425144]",112,-1
9211,[0.4914466  0.53550725],92,8,"[0.47040203841495126, 0.5433047126172346]",112,-1
9212,[0.40445562 0.46799376],92,53,"[0.3771044042788204, 0.4722281085909072]",112,72
9213,[0.39950945 0.58445346],92,11,"[0.39234234203399093, 0.5489540807322599]",112,72
9214,[0.45391421 0.52439457],92,8,"[0.47040203841495126, 0.5433047126172346]",112,72
9215,[0.42860426 0.51004968],92,2,"[0.4451682216738327, 0.4665045826425144]",112,72
9216,[0.52447471 0.49500332],92,-1,-1,-1,-1
9217,[0.48200203 0.48193914],92,2,"[0.4451682216738327, 0.4665045826425144]",112,57
9218,[0.37995676 0.501394  ],92,53,"[0.3771044042788204, 0.4722281085909072]",112,-1
9219,[0.43104884 0.53157601],92,8,"[0.47040203841495126, 0.5433047126172346]",112,72
9220,[0.3635565  0.49625246],92,53,"[0.3771044042788204, 0.4722281085909072]",-1,-1
9221,[0.33717034 0.54740651],92,94,"[0.33191161120142837, 0.5109127972526102]",-1,-1
9222,[0.45379017 0.53204341],92,8,"[0.47040203841495126, 0.5433047126172346]",112,72
9223,[0.36014296 0.53028947],92,94,"[0.33191161120142837, 0.5109127972526102]",-1,-1
9224,[0.42697848 0.53475014],92,11,"[0.39234234203399093, 0.5489540807322599]",112,72
9225,[0.39553356 0.5015213 ],92,53,"[0.3771044042788204, 0.4722281085909072]",112,-1
9226,[0.4503398  0.56918455],92,8,"[0.47040203841495126, 0.5433047126172346]",112,-1
9227,[0.46579082 0.50089083],92,2,"[0.4451682216738327, 0.4665045826425144]",-1,-1
9228,[0.33042686 0.58614868],92,99,"[0.3648028013992237, 0.5971623021773774]",-1,-1
9229,[0.50077864 0.51581405],92,8,"[0.47040203841495126, 0.5433047126172346]",112,-1
9230,[0.45446665 0.5388562 ],92,8,"[0.47040203841495126, 0.5433047126172346]",112,-1
9231,[0.47368908 0.49018806],92,2,"[0.4451682216738327, 0.4665045826425144]",112,57
9232,[0.45894805 0.57659501],92,8,"[0.47040203841495126, 0.5433047126172346]",112,-1
9233,[0.42087546 0.57058008],92,11,"[0.39234234203399093, 0.5489540807322599]",112,72
9234,[0.34950353 0.45121056],92,67,"[0.34269865168009006, 0.44034776623612226]",112,-1
9235,[0.48655085 0.56680648],92,8,"[0.47040203841495126, 0.5433047126172346]",83,-1
9236,[0.378302   0.51800858],92,11,"[0.39234234203399093, 0.5489540807322599]",-1,-1
9237,[0.41303585 0.51972709],92,11,"[0.39234234203399093, 0.5489540807322599]",112,-1
9238,[0.3685348  0.54103202],92,11,"[0.39234234203399093, 0.5489540807322599]",112,-1
9239,[0.43376366 0.59539928],92,1,"[0.4254611998702779, 0.6260428590068665]",112,-1
9240,[0.35183715 0.55905819],92,99,"[0.3648028013992237, 0.5971623021773774]",-1,-1
9241,[0.41824798 0.54100574],92,11,"[0.39234234203399093, 0.5489540807322599]",112,-1
9242,[0.49240626 0.4848716 ],92,2,"[0.4451682216738327, 0.4665045826425144]",112,57
9243,[0.40983631 0.55367668],92,11,"[0.39234234203399093, 0.5489540807322599]",112,72
9244,[0.4447263  0.49591922],92,2,"[0.4451682216738327, 0.4665045826425144]",112,-1
9245,[0.42372794 0.50881335],92,2,"[0.4451682216738327, 0.4665045826425144]",112,72
9246,[0.49444618 0.49890226],92,8,"[0.47040203841495126, 0.5433047126172346]",-1,-1
9247,[0.43659178 0.53576265],92,8,"[0.47040203841495126, 0.5433047126172346]",112,72
9248,[0.46601537 0.51577601],92,8,"[0.47040203841495126, 0.5433047126172346]",112,-1
9249,[0.47212064 0.557798  ],92,8,"[0.47040203841495126, 0.5433047126172346]",112,60
9250,[0.3677008  0.50050918],92,53,"[0.3771044042788204, 0.4722281085909072]",112,-1
9251,[0.4478439  0.51858905],92,8,"[0.47040203841495126, 0.5433047126172346]",112,72
9252,[0.38960267 0.59013587],92,99,"[0.3648028013992237, 0.5971623021773774]",112,72
9253,[0.40941726 0.49527469],92,53,"[0.3771044042788204, 0.4722281085909072]",112,72
9254,[0.41349865 0.52622847],92,11,"[0.39234234203399093, 0.5489540807322599]",112,72
9255,[0.44408543 0.52372348],92,8,"[0.47040203841495126, 0.5433047126172346]",112,72
9256,[0.39940917 0.556548  ],92,11,"[0.39234234203399093, 0.5489540807322599]",112,72
9257,[0.4403097 0.5353176],92,8,"[0.47040203841495126, 0.5433047126172346]",112,72
9258,[0.40069754 0.55918026],92,11,"[0.39234234203399093, 0.5489540807322599]",112,72
9259,[0.47341615 0.56324411],92,8,"[0.47040203841495126, 0.5433047126172346]",112,60
9260,[0.4231962  0.54644875],92,11,"[0.39234234203399093, 0.5489540807322599]",112,-1
9261,[0.38077954 0.46611928],92,53,"[0.3771044042788204, 0.4722281085909072]",112,72
9262,[0.34246289 0.567203  ],92,99,"[0.3648028013992237, 0.5971623021773774]",-1,-1
9263,[0.36246164 0.5443676 ],92,11,"[0.39234234203399093, 0.5489540807322599]",112,-1
9264,[0.39305694 0.56041644],92,11,"[0.39234234203399093, 0.5489540807322599]",112,-1
9265,[0.41522147 0.49469245],92,2,"[0.4451682216738327, 0.4665045826425144]",112,72
9266,[0.46653219 0.56663435],92,8,"[0.47040203841495126, 0.5433047126172346]",112,60
9267,[0.37415307 0.53042362],92,11,"[0.39234234203399093, 0.5489540807322599]",-1,-1
9268,[0.42355495 0.52654175],92,11,"[0.39234234203399093, 0.5489540807322599]",112,72
9269,[0.43192944 0.46569614],92,2,"[0.4451682216738327, 0.4665045826425144]",112,72
9270,[0.50881253 0.47960733],92,2,"[0.4451682216738327, 0.4665045826425144]",-1,-1
9271,[0.37771437 0.54642962],92,11,"[0.39234234203399093, 0.5489540807322599]",112,-1
9272,[0.46014804 0.53180219],92,8,"[0.47040203841495126, 0.5433047126172346]",112,72
9273,[0.40703896 0.50539289],92,53,"[0.3771044042788204, 0.4722281085909072]",112,72
9274,[0.41423424 0.56590803],92,11,"[0.39234234203399093, 0.5489540807322599]",112,72
9275,[0.43703088 0.51660927],92,8,"[0.47040203841495126, 0.5433047126172346]",112,-1
9276,[0.46475727 0.56841556],92,8,"[0.47040203841495126, 0.5433047126172346]",112,60
9277,[0.42675157 0.45597736],92,2,"[0.4451682216738327, 0.4665045826425144]",112,72
9278,[0.46775481 0.513077  ],92,8,"[0.47040203841495126, 0.5433047126172346]",112,-1
9279,[0.41417986 0.52756745],92,11,"[0.39234234203399093, 0.5489540807322599]",112,72
9280,[0.45255731 0.52463461],92,8,"[0.47040203841495126, 0.5433047126172346]",112,72
9281,[0.46179262 0.5781236 ],92,8,"[0.47040203841495126, 0.5433047126172346]",112,-1
9282,[0.41491842 0.52729908],92,11,"[0.39234234203399093, 0.5489540807322599]",112,72
9283,[0.40025937 0.57531121],92,11,"[0.39234234203399093, 0.5489540807322599]",112,72
9284,[0.44748789 0.48285938],92,2,"[0.4451682216738327, 0.4665045826425144]",112,72
9285,[0.42653873 0.60722414],92,1,"[0.4254611998702779, 0.6260428590068665]",112,72
9286,[0.38192019 0.50253969],92,53,"[0.3771044042788204, 0.4722281085909072]",-1,-1
9287,[0.40814109 0.54334097],92,11,"[0.39234234203399093, 0.5489540807322599]",112,72
9288,[0.40361209 0.53794868],92,11,"[0.39234234203399093, 0.5489540807322599]",112,72
9289,[0.40430977 0.49688483],92,53,"[0.3771044042788204, 0.4722281085909072]",112,72
9290,[0.40416097 0.5127455 ],92,11,"[0.39234234203399093, 0.5489540807322599]",112,-1
9291,[0.38001451 0.45996885],92,53,"[0.3771044042788204, 0.4722281085909072]",112,-1
9292,[0.40686789 0.55314985],92,11,"[0.39234234203399093, 0.5489540807322599]",112,72
9293,[0.49405915 0.55963667],92,8,"[0.47040203841495126, 0.5433047126172346]",83,-1
9294,[0.44370112 0.51009112],92,8,"[0.47040203841495126, 0.5433047126172346]",112,72
9295,[0.42199124 0.49899608],92,2,"[0.4451682216738327, 0.4665045826425144]",112,72
9296,[0.42429612 0.50515064],92,2,"[0.4451682216738327, 0.4665045826425144]",112,72
9297,[0.38387577 0.5571444 ],92,11,"[0.39234234203399093, 0.5489540807322599]",112,-1
9298,[0.34422191 0.46609455],92,67,"[0.34269865168009006, 0.44034776623612226]",112,56
9299,[0.45308209 0.51283351],92,8,"[0.47040203841495126, 0.5433047126172346]",112,-1
9300,[0.59257093 0.24105018],93,7,"[0.6005437719733706, 0.22857083174818627]",112,80
9301,[0.55676637 0.18695023],93,70,"[0.5651469735094694, 0.16500650040708084]",112,80
9302,[0.54745126 0.20164708],93,3,"[0.531508884163895, 0.21064096043592298]",112,80
9303,[0.6041985  0.14214303],93,70,"[0.5651469735094694, 0.16500650040708084]",-1,-1
9304,[0.5878331  0.27245622],93,7,"[0.6005437719733706, 0.22857083174818627]",112,80
9305,[0.53163427 0.12862689],93,70,"[0.5651469735094694, 0.16500650040708084]",-1,-1
9306,[0.57710697 0.16239842],93,70,"[0.5651469735094694, 0.16500650040708084]",112,-1
9307,[0.58445678 0.23072841],93,7,"[0.6005437719733706, 0.22857083174818627]",112,80
9308,[0.63784648 0.1810185 ],93,41,"[0.6450181792213053, 0.1803494340129729]",112,-1
9309,[0.58189466 0.1489561 ],93,70,"[0.5651469735094694, 0.16500650040708084]",-1,-1
9310,[0.60567069 0.23764566],93,7,"[0.6005437719733706, 0.22857083174818627]",112,80
9311,[0.61548374 0.22645983],93,7,"[0.6005437719733706, 0.22857083174818627]",112,80
9312,[0.51558004 0.1959401 ],93,3,"[0.531508884163895, 0.21064096043592298]",112,-1
9313,[0.59786972 0.20781308],93,7,"[0.6005437719733706, 0.22857083174818627]",112,-1
9314,[0.55703165 0.22632988],93,3,"[0.531508884163895, 0.21064096043592298]",112,80
9315,[0.57995725 0.21695485],93,7,"[0.6005437719733706, 0.22857083174818627]",112,80
9316,[0.5601226  0.18489614],93,70,"[0.5651469735094694, 0.16500650040708084]",112,80
9317,[0.60073091 0.206894  ],93,7,"[0.6005437719733706, 0.22857083174818627]",112,80
9318,[0.62287644 0.15582315],93,41,"[0.6450181792213053, 0.1803494340129729]",103,-1
9319,[0.56311491 0.19202872],93,70,"[0.5651469735094694, 0.16500650040708084]",112,80
9320,[0.58167982 0.2229184 ],93,7,"[0.6005437719733706, 0.22857083174818627]",112,80
9321,[0.57751927 0.26944512],93,24,"[0.5369464490953868, 0.27541725802307815]",112,-1
9322,[0.51875857 0.24494248],93,24,"[0.5369464490953868, 0.27541725802307815]",112,-1
9323,[0.58231397 0.25009619],93,7,"[0.6005437719733706, 0.22857083174818627]",112,80
9324,[0.52668043 0.20857153],93,3,"[0.531508884163895, 0.21064096043592298]",112,77
9325,[0.56372121 0.21250588],93,3,"[0.531508884163895, 0.21064096043592298]",112,80
9326,[0.56435564 0.24624706],93,24,"[0.5369464490953868, 0.27541725802307815]",112,80
9327,[0.60276929 0.20474813],93,7,"[0.6005437719733706, 0.22857083174818627]",112,80
9328,[0.54476619 0.27043347],93,24,"[0.5369464490953868, 0.27541725802307815]",112,75
9329,[0.59944848 0.21718331],93,7,"[0.6005437719733706, 0.22857083174818627]",112,80
9330,[0.6214252 0.2008548],93,41,"[0.6450181792213053, 0.1803494340129729]",112,80
9331,[0.60735614 0.19272147],93,7,"[0.6005437719733706, 0.22857083174818627]",112,-1
9332,[0.57069806 0.27359986],93,24,"[0.5369464490953868, 0.27541725802307815]",112,-1
9333,[0.67067287 0.16355854],93,41,"[0.6450181792213053, 0.1803494340129729]",112,-1
9334,[0.57593831 0.25351007],93,7,"[0.6005437719733706, 0.22857083174818627]",112,80
9335,[0.52793611 0.23458831],93,3,"[0.531508884163895, 0.21064096043592298]",112,77
9336,[0.6004668  0.19789364],93,7,"[0.6005437719733706, 0.22857083174818627]",112,-1
9337,[0.58650267 0.1737116 ],93,70,"[0.5651469735094694, 0.16500650040708084]",112,-1
9338,[0.57848421 0.22514481],93,7,"[0.6005437719733706, 0.22857083174818627]",112,80
9339,[0.58940976 0.27870774],93,4,"[0.621879023183751, 0.3152829127139686]",112,80
9340,[0.65571508 0.11885451],93,65,"[0.6447537090834278, 0.09644071445280059]",53,4
9341,[0.58421344 0.18501817],93,70,"[0.5651469735094694, 0.16500650040708084]",112,-1
9342,[0.5793264  0.26300873],93,7,"[0.6005437719733706, 0.22857083174818627]",112,-1
9343,[0.55723867 0.2189826 ],93,3,"[0.531508884163895, 0.21064096043592298]",112,80
9344,[0.58423726 0.24478328],93,7,"[0.6005437719733706, 0.22857083174818627]",112,80
9345,[0.64320878 0.18802429],93,41,"[0.6450181792213053, 0.1803494340129729]",112,-1
9346,[0.56919158 0.17741011],93,70,"[0.5651469735094694, 0.16500650040708084]",112,80
9347,[0.58986581 0.15995291],93,70,"[0.5651469735094694, 0.16500650040708084]",-1,-1
9348,[0.56946695 0.21626081],93,7,"[0.6005437719733706, 0.22857083174818627]",112,80
9349,[0.54212873 0.21142993],93,3,"[0.531508884163895, 0.21064096043592298]",112,80
9350,[0.56267746 0.23952545],93,7,"[0.6005437719733706, 0.22857083174818627]",112,80
9351,[0.57170939 0.18631901],93,70,"[0.5651469735094694, 0.16500650040708084]",112,80
9352,[0.64573778 0.26495633],93,0,"[0.6718634683454, 0.284181654083953]",112,80
9353,[0.58733384 0.25617416],93,7,"[0.6005437719733706, 0.22857083174818627]",112,80
9354,[0.56810677 0.19458579],93,70,"[0.5651469735094694, 0.16500650040708084]",112,80
9355,[0.59279221 0.24528155],93,7,"[0.6005437719733706, 0.22857083174818627]",112,80
9356,[0.60327164 0.23944838],93,7,"[0.6005437719733706, 0.22857083174818627]",112,80
9357,[0.58932493 0.22718445],93,7,"[0.6005437719733706, 0.22857083174818627]",112,80
9358,[0.54457531 0.2108445 ],93,3,"[0.531508884163895, 0.21064096043592298]",112,-1
9359,[0.57395562 0.21231219],93,7,"[0.6005437719733706, 0.22857083174818627]",112,80
9360,[0.58089269 0.25656047],93,7,"[0.6005437719733706, 0.22857083174818627]",112,80
9361,[0.57057307 0.2223279 ],93,7,"[0.6005437719733706, 0.22857083174818627]",112,80
9362,[0.61658388 0.20368573],93,7,"[0.6005437719733706, 0.22857083174818627]",112,80
9363,[0.55843271 0.17993251],93,70,"[0.5651469735094694, 0.16500650040708084]",112,80
9364,[0.52670642 0.20221518],93,3,"[0.531508884163895, 0.21064096043592298]",112,77
9365,[0.55780557 0.22561073],93,3,"[0.531508884163895, 0.21064096043592298]",112,80
9366,[0.61343998 0.19837715],93,7,"[0.6005437719733706, 0.22857083174818627]",112,80
9367,[0.5966063  0.26971894],93,7,"[0.6005437719733706, 0.22857083174818627]",112,80
9368,[0.58838207 0.17446758],93,70,"[0.5651469735094694, 0.16500650040708084]",112,-1
9369,[0.61466875 0.21509689],93,7,"[0.6005437719733706, 0.22857083174818627]",112,80
9370,[0.61208102 0.20578092],93,7,"[0.6005437719733706, 0.22857083174818627]",112,80
9371,[0.62165122 0.23278363],93,7,"[0.6005437719733706, 0.22857083174818627]",112,80
9372,[0.5608032  0.23788747],93,3,"[0.531508884163895, 0.21064096043592298]",112,80
9373,[0.57171486 0.1503462 ],93,70,"[0.5651469735094694, 0.16500650040708084]",-1,-1
9374,[0.64822172 0.19298999],93,41,"[0.6450181792213053, 0.1803494340129729]",112,74
9375,[0.57284972 0.16917976],93,70,"[0.5651469735094694, 0.16500650040708084]",112,80
9376,[0.58410397 0.21331677],93,7,"[0.6005437719733706, 0.22857083174818627]",112,80
9377,[0.59919594 0.2258145 ],93,7,"[0.6005437719733706, 0.22857083174818627]",112,80
9378,[0.63924477 0.11043281],93,65,"[0.6447537090834278, 0.09644071445280059]",-1,-1
9379,[0.61037512 0.2254552 ],93,7,"[0.6005437719733706, 0.22857083174818627]",112,80
9380,[0.56744904 0.25718784],93,24,"[0.5369464490953868, 0.27541725802307815]",112,80
9381,[0.58621599 0.18256401],93,70,"[0.5651469735094694, 0.16500650040708084]",112,80
9382,[0.61881522 0.23480744],93,7,"[0.6005437719733706, 0.22857083174818627]",112,80
9383,[0.58079002 0.22140945],93,7,"[0.6005437719733706, 0.22857083174818627]",112,80
9384,[0.51141531 0.2089179 ],93,3,"[0.531508884163895, 0.21064096043592298]",112,77
9385,[0.59776018 0.21259945],93,7,"[0.6005437719733706, 0.22857083174818627]",112,80
9386,[0.59164139 0.20819741],93,7,"[0.6005437719733706, 0.22857083174818627]",112,80
9387,[0.65134767 0.22903039],93,41,"[0.6450181792213053, 0.1803494340129729]",112,-1
9388,[0.57349445 0.19711688],93,70,"[0.5651469735094694, 0.16500650040708084]",112,80
9389,[0.60112571 0.23174573],93,7,"[0.6005437719733706, 0.22857083174818627]",112,80
9390,[0.63014996 0.20120548],93,41,"[0.6450181792213053, 0.1803494340129729]",112,-1
9391,[0.58400227 0.20453614],93,7,"[0.6005437719733706, 0.22857083174818627]",112,80
9392,[0.57658038 0.25527298],93,7,"[0.6005437719733706, 0.22857083174818627]",112,80
9393,[0.63485399 0.19784944],93,41,"[0.6450181792213053, 0.1803494340129729]",112,-1
9394,[0.61113256 0.21886258],93,7,"[0.6005437719733706, 0.22857083174818627]",112,80
9395,[0.62555604 0.19018531],93,41,"[0.6450181792213053, 0.1803494340129729]",112,-1
9396,[0.52578717 0.14861094],93,70,"[0.5651469735094694, 0.16500650040708084]",-1,-1
9397,[0.54915785 0.22021637],93,3,"[0.531508884163895, 0.21064096043592298]",112,-1
9398,[0.54013899 0.19631552],93,3,"[0.531508884163895, 0.21064096043592298]",112,-1
9399,[0.5721527  0.22818158],93,7,"[0.6005437719733706, 0.22857083174818627]",112,80
9400,[0.33046827 0.14395213],94,55,"[0.3459077460087649, 0.15794172531040296]",-1,-1
9401,[0.25173071 0.18959973],94,58,"[0.23587849952508277, 0.1945277456030734]",-1,-1
9402,[0.23234196 0.10915079],94,13,"[0.2025998647821635, 0.11869015064244322]",-1,35
9403,[0.24731619 0.12501357],94,35,"[0.2755048470763658, 0.14107016212345297]",112,-1
9404,[0.30786118 0.15065977],94,35,"[0.2755048470763658, 0.14107016212345297]",112,-1
9405,[0.22306474 0.16520552],94,58,"[0.23587849952508277, 0.1945277456030734]",112,35
9406,[0.19315652 0.13017049],94,13,"[0.2025998647821635, 0.11869015064244322]",102,-1
9407,[0.32728387 0.12430368],94,95,"[0.3473923159060264, 0.10307680262855863]",70,-1
9408,[0.28861674 0.09602592],94,35,"[0.2755048470763658, 0.14107016212345297]",-1,-1
9409,[0.23387263 0.1652646 ],94,58,"[0.23587849952508277, 0.1945277456030734]",112,35
9410,[0.23244007 0.13927576],94,13,"[0.2025998647821635, 0.11869015064244322]",112,35
9411,[0.22905793 0.1679157 ],94,58,"[0.23587849952508277, 0.1945277456030734]",112,35
9412,[0.28455558 0.10662919],94,35,"[0.2755048470763658, 0.14107016212345297]",91,-1
9413,[0.26378708 0.10172542],94,35,"[0.2755048470763658, 0.14107016212345297]",-1,-1
9414,[0.22819652 0.16871035],94,58,"[0.23587849952508277, 0.1945277456030734]",112,35
9415,[0.2795203  0.16727259],94,35,"[0.2755048470763658, 0.14107016212345297]",-1,-1
9416,[0.31042569 0.10910564],94,95,"[0.3473923159060264, 0.10307680262855863]",91,-1
9417,[0.21748838 0.1527265 ],94,13,"[0.2025998647821635, 0.11869015064244322]",112,35
9418,[0.27069027 0.10667207],94,35,"[0.2755048470763658, 0.14107016212345297]",91,-1
9419,[0.27981079 0.15321911],94,35,"[0.2755048470763658, 0.14107016212345297]",112,35
9420,[0.22297877 0.11430417],94,13,"[0.2025998647821635, 0.11869015064244322]",112,35
9421,[0.25252799 0.10368796],94,35,"[0.2755048470763658, 0.14107016212345297]",-1,-1
9422,[0.2038662  0.11979183],94,13,"[0.2025998647821635, 0.11869015064244322]",-1,-1
9423,[0.35356507 0.10368019],94,95,"[0.3473923159060264, 0.10307680262855863]",-1,-1
9424,[0.25894713 0.06770215],94,-1,-1,-1,-1
9425,[0.26505609 0.23003397],94,54,"[0.30468739666036593, 0.22018864942906555]",-1,-1
9426,[0.2148133  0.11042272],94,13,"[0.2025998647821635, 0.11869015064244322]",112,35
9427,[0.28194115 0.16467562],94,35,"[0.2755048470763658, 0.14107016212345297]",112,-1
9428,[0.25502071 0.11987681],94,35,"[0.2755048470763658, 0.14107016212345297]",112,-1
9429,[0.34775164 0.22161489],94,54,"[0.30468739666036593, 0.22018864942906555]",112,51
9430,[0.23924758 0.17198507],94,58,"[0.23587849952508277, 0.1945277456030734]",112,35
9431,[0.24364937 0.086425  ],94,13,"[0.2025998647821635, 0.11869015064244322]",-1,-1
9432,[0.21062548 0.16561576],94,58,"[0.23587849952508277, 0.1945277456030734]",112,-1
9433,[0.21378811 0.13629389],94,13,"[0.2025998647821635, 0.11869015064244322]",112,35
9434,[0.20494454 0.21903001],94,58,"[0.23587849952508277, 0.1945277456030734]",-1,-1
9435,[0.21952761 0.13304131],94,13,"[0.2025998647821635, 0.11869015064244322]",112,35
9436,[0.2347683  0.08855921],94,13,"[0.2025998647821635, 0.11869015064244322]",-1,-1
9437,[0.29492709 0.20669887],94,54,"[0.30468739666036593, 0.22018864942906555]",98,-1
9438,[0.23081397 0.14293721],94,13,"[0.2025998647821635, 0.11869015064244322]",112,35
9439,[0.22429506 0.0750659 ],94,13,"[0.2025998647821635, 0.11869015064244322]",-1,-1
9440,[0.24628295 0.14618271],94,35,"[0.2755048470763658, 0.14107016212345297]",112,35
9441,[0.224648   0.08680707],94,13,"[0.2025998647821635, 0.11869015064244322]",-1,-1
9442,[0.30277829 0.05731194],94,95,"[0.3473923159060264, 0.10307680262855863]",-1,-1
9443,[0.26530801 0.18728521],94,58,"[0.23587849952508277, 0.1945277456030734]",112,-1
9444,[0.22549416 0.140985  ],94,13,"[0.2025998647821635, 0.11869015064244322]",112,35
9445,[0.20097103 0.11947829],94,13,"[0.2025998647821635, 0.11869015064244322]",-1,-1
9446,[0.2186842  0.13439806],94,13,"[0.2025998647821635, 0.11869015064244322]",112,35
9447,[0.30578529 0.18483923],94,54,"[0.30468739666036593, 0.22018864942906555]",97,36
9448,[0.26501203 0.13561906],94,35,"[0.2755048470763658, 0.14107016212345297]",112,35
9449,[0.22595794 0.13950811],94,13,"[0.2025998647821635, 0.11869015064244322]",112,35
9450,[0.30627466 0.11157781],94,95,"[0.3473923159060264, 0.10307680262855863]",91,-1
9451,[0.24498338 0.11898133],94,35,"[0.2755048470763658, 0.14107016212345297]",112,35
9452,[0.3380561  0.16657457],94,55,"[0.3459077460087649, 0.15794172531040296]",112,-1
9453,[0.21820738 0.15517191],94,13,"[0.2025998647821635, 0.11869015064244322]",112,35
9454,[0.27824951 0.21460887],94,54,"[0.30468739666036593, 0.22018864942906555]",-1,-1
9455,[0.17745247 0.15779553],94,13,"[0.2025998647821635, 0.11869015064244322]",43,-1
9456,[0.26748373 0.10226465],94,35,"[0.2755048470763658, 0.14107016212345297]",-1,-1
9457,[0.22026256 0.21557352],94,58,"[0.23587849952508277, 0.1945277456030734]",-1,-1
9458,[0.24155423 0.07739309],94,13,"[0.2025998647821635, 0.11869015064244322]",-1,-1
9459,[0.25613254 0.22349188],94,58,"[0.23587849952508277, 0.1945277456030734]",-1,-1
9460,[0.23529397 0.17089805],94,58,"[0.23587849952508277, 0.1945277456030734]",112,35
9461,[0.17211556 0.16400156],94,13,"[0.2025998647821635, 0.11869015064244322]",-1,-1
9462,[0.31382165 0.10484856],94,95,"[0.3473923159060264, 0.10307680262855863]",91,-1
9463,[0.25873762 0.08137396],94,35,"[0.2755048470763658, 0.14107016212345297]",-1,-1
9464,[0.19380169 0.07054315],94,13,"[0.2025998647821635, 0.11869015064244322]",-1,-1
9465,[0.21759404 0.14588855],94,13,"[0.2025998647821635, 0.11869015064244322]",112,35
9466,[0.15889598 0.1866246 ],94,-1,-1,-1,-1
9467,[0.29883873 0.18330484],94,54,"[0.30468739666036593, 0.22018864942906555]",97,36
9468,[0.32141075 0.16680316],94,55,"[0.3459077460087649, 0.15794172531040296]",112,-1
9469,[0.24785189 0.08836934],94,13,"[0.2025998647821635, 0.11869015064244322]",-1,-1
9470,[0.24842444 0.17155786],94,58,"[0.23587849952508277, 0.1945277456030734]",112,35
9471,[0.34219344 0.11086692],94,95,"[0.3473923159060264, 0.10307680262855863]",-1,-1
9472,[0.26343263 0.19687033],94,58,"[0.23587849952508277, 0.1945277456030734]",-1,-1
9473,[0.22149788 0.10650496],94,13,"[0.2025998647821635, 0.11869015064244322]",112,35
9474,[0.25269308 0.14196705],94,35,"[0.2755048470763658, 0.14107016212345297]",112,-1
9475,[0.25750749 0.08900323],94,35,"[0.2755048470763658, 0.14107016212345297]",-1,-1
9476,[0.22493163 0.16323853],94,58,"[0.23587849952508277, 0.1945277456030734]",112,35
9477,[0.23391165 0.16115613],94,58,"[0.23587849952508277, 0.1945277456030734]",112,35
9478,[0.34485488 0.08784271],94,95,"[0.3473923159060264, 0.10307680262855863]",-1,-1
9479,[0.28073601 0.14984439],94,35,"[0.2755048470763658, 0.14107016212345297]",112,35
9480,[0.28890566 0.1640772 ],94,35,"[0.2755048470763658, 0.14107016212345297]",112,-1
9481,[0.21200245 0.11541179],94,13,"[0.2025998647821635, 0.11869015064244322]",112,35
9482,[0.22965297 0.14351638],94,13,"[0.2025998647821635, 0.11869015064244322]",112,35
9483,[0.18327722 0.13757354],94,13,"[0.2025998647821635, 0.11869015064244322]",102,-1
9484,[0.27129341 0.18240908],94,58,"[0.23587849952508277, 0.1945277456030734]",112,35
9485,[0.30263853 0.1810766 ],94,54,"[0.30468739666036593, 0.22018864942906555]",97,-1
9486,[0.2707815  0.15790645],94,35,"[0.2755048470763658, 0.14107016212345297]",112,-1
9487,[0.26682087 0.1271774 ],94,35,"[0.2755048470763658, 0.14107016212345297]",112,-1
9488,[0.21513276 0.17245086],94,58,"[0.23587849952508277, 0.1945277456030734]",112,35
9489,[0.26596483 0.1375191 ],94,35,"[0.2755048470763658, 0.14107016212345297]",-1,35
9490,[0.33858633 0.20855895],94,54,"[0.30468739666036593, 0.22018864942906555]",112,-1
9491,[0.18904425 0.13582802],94,13,"[0.2025998647821635, 0.11869015064244322]",102,-1
9492,[0.26945725 0.18206776],94,58,"[0.23587849952508277, 0.1945277456030734]",112,35
9493,[0.23554282 0.11790371],94,13,"[0.2025998647821635, 0.11869015064244322]",112,35
9494,[0.31072296 0.20166877],94,54,"[0.30468739666036593, 0.22018864942906555]",112,-1
9495,[0.23426    0.15016811],94,35,"[0.2755048470763658, 0.14107016212345297]",112,35
9496,[0.22997109 0.1649542 ],94,58,"[0.23587849952508277, 0.1945277456030734]",112,35
9497,[0.26229518 0.14640002],94,35,"[0.2755048470763658, 0.14107016212345297]",112,35
9498,[0.2558267  0.15845449],94,35,"[0.2755048470763658, 0.14107016212345297]",112,-1
9499,[0.24261642 0.09658786],94,13,"[0.2025998647821635, 0.11869015064244322]",-1,-1
9500,[0.20211623 0.70990172],95,45,"[0.20999502353991037, 0.7421751523063527]",-1,-1
9501,[0.20804118 0.69483046],95,45,"[0.20999502353991037, 0.7421751523063527]",72,20
9502,[0.22856095 0.77103962],95,45,"[0.20999502353991037, 0.7421751523063527]",-1,-1
9503,[0.14912772 0.67918822],95,78,"[0.15859375635783876, 0.6780634151767573]",-1,-1
9504,[0.23964399 0.69183762],95,45,"[0.20999502353991037, 0.7421751523063527]",72,20
9505,[0.18675871 0.71748027],95,45,"[0.20999502353991037, 0.7421751523063527]",71,-1
9506,[0.17463386 0.75891404],95,45,"[0.20999502353991037, 0.7421751523063527]",-1,-1
9507,[0.2199969  0.71139948],95,45,"[0.20999502353991037, 0.7421751523063527]",-1,-1
9508,[0.1231032  0.67947552],95,78,"[0.15859375635783876, 0.6780634151767573]",32,-1
9509,[0.17821588 0.67323411],95,78,"[0.15859375635783876, 0.6780634151767573]",-1,-1
9510,[0.2773291  0.71062312],95,21,"[0.29370179376498934, 0.7320689524506921]",-1,13
9511,[0.21633606 0.74424306],95,45,"[0.20999502353991037, 0.7421751523063527]",66,12
9512,[0.16252882 0.65923784],95,78,"[0.15859375635783876, 0.6780634151767573]",-1,-1
9513,[0.19849367 0.74772703],95,45,"[0.20999502353991037, 0.7421751523063527]",-1,-1
9514,[0.12732418 0.68702744],95,78,"[0.15859375635783876, 0.6780634151767573]",-1,-1
9515,[0.18214171 0.62719849],95,17,"[0.20551760392566637, 0.6304926521590382]",74,19
9516,[0.18602148 0.6769913 ],95,78,"[0.15859375635783876, 0.6780634151767573]",72,-1
9517,[0.14434042 0.66029079],95,78,"[0.15859375635783876, 0.6780634151767573]",32,-1
9518,[0.19804459 0.77304777],95,45,"[0.20999502353991037, 0.7421751523063527]",-1,-1
9519,[0.16302056 0.74953802],95,45,"[0.20999502353991037, 0.7421751523063527]",-1,-1
9520,[0.21056475 0.79270887],95,66,"[0.23454676066543478, 0.8238001978646302]",40,-1
9521,[0.19008242 0.68549636],95,78,"[0.15859375635783876, 0.6780634151767573]",72,-1
9522,[0.13438468 0.67357704],95,78,"[0.15859375635783876, 0.6780634151767573]",32,-1
9523,[0.28988574 0.66456999],95,51,"[0.3380449223959843, 0.6548082883119133]",-1,-1
9524,[0.2833071  0.70575181],95,21,"[0.29370179376498934, 0.7320689524506921]",69,-1
9525,[0.27798689 0.6909181 ],95,21,"[0.29370179376498934, 0.7320689524506921]",-1,-1
9526,[0.23372132 0.69747716],95,45,"[0.20999502353991037, 0.7421751523063527]",72,-1
9527,[0.1710483  0.70929098],95,78,"[0.15859375635783876, 0.6780634151767573]",-1,-1
9528,[0.19927856 0.66042992],95,17,"[0.20551760392566637, 0.6304926521590382]",74,-1
9529,[0.21141222 0.67958194],95,17,"[0.20551760392566637, 0.6304926521590382]",72,19
9530,[0.23928325 0.68069302],95,17,"[0.20551760392566637, 0.6304926521590382]",-1,-1
9531,[0.24648756 0.75436738],95,45,"[0.20999502353991037, 0.7421751523063527]",65,12
9532,[0.20953895 0.66001663],95,17,"[0.20551760392566637, 0.6304926521590382]",74,19
9533,[0.21840799 0.72228978],95,45,"[0.20999502353991037, 0.7421751523063527]",-1,-1
9534,[0.25883418 0.70128381],95,21,"[0.29370179376498934, 0.7320689524506921]",69,-1
9535,[0.20901502 0.65843869],95,17,"[0.20551760392566637, 0.6304926521590382]",74,19
9536,[0.21664655 0.69901396],95,45,"[0.20999502353991037, 0.7421751523063527]",72,-1
9537,[0.12670167 0.6686214 ],95,78,"[0.15859375635783876, 0.6780634151767573]",32,-1
9538,[0.20448874 0.68478488],95,78,"[0.15859375635783876, 0.6780634151767573]",72,20
9539,[0.18281931 0.63623015],95,17,"[0.20551760392566637, 0.6304926521590382]",74,19
9540,[0.15670978 0.6978651 ],95,78,"[0.15859375635783876, 0.6780634151767573]",-1,-1
9541,[0.22970376 0.6958841 ],95,45,"[0.20999502353991037, 0.7421751523063527]",72,20
9542,[0.15203549 0.69403028],95,78,"[0.15859375635783876, 0.6780634151767573]",-1,-1
9543,[0.18509206 0.71480953],95,45,"[0.20999502353991037, 0.7421751523063527]",71,-1
9544,[0.23977302 0.70874672],95,45,"[0.20999502353991037, 0.7421751523063527]",-1,-1
9545,[0.13021017 0.63194364],95,87,"[0.1552445589536314, 0.5972042330566324]",-1,-1
9546,[0.17862725 0.7208444 ],95,45,"[0.20999502353991037, 0.7421751523063527]",71,-1
9547,[0.14007536 0.66861823],95,78,"[0.15859375635783876, 0.6780634151767573]",32,-1
9548,[0.21214348 0.68401344],95,78,"[0.15859375635783876, 0.6780634151767573]",72,-1
9549,[0.21417144 0.69837526],95,45,"[0.20999502353991037, 0.7421751523063527]",72,-1
9550,[0.17317396 0.7448899 ],95,45,"[0.20999502353991037, 0.7421751523063527]",-1,-1
9551,[0.23710611 0.63007742],95,17,"[0.20551760392566637, 0.6304926521590382]",74,-1
9552,[0.14320484 0.71799436],95,78,"[0.15859375635783876, 0.6780634151767573]",-1,-1
9553,[0.15145752 0.66568315],95,78,"[0.15859375635783876, 0.6780634151767573]",32,-1
9554,[0.14292729 0.74628149],95,45,"[0.20999502353991037, 0.7421751523063527]",-1,-1
9555,[0.21646376 0.74268053],95,45,"[0.20999502353991037, 0.7421751523063527]",66,12
9556,[0.19553604 0.71203959],95,45,"[0.20999502353991037, 0.7421751523063527]",-1,-1
9557,[0.23733163 0.68276782],95,17,"[0.20551760392566637, 0.6304926521590382]",72,-1
9558,[0.24349104 0.70532774],95,45,"[0.20999502353991037, 0.7421751523063527]",-1,-1
9559,[0.17765009 0.69667955],95,78,"[0.15859375635783876, 0.6780634151767573]",-1,-1
9560,[0.21074075 0.72959514],95,45,"[0.20999502353991037, 0.7421751523063527]",-1,12
9561,[0.21407902 0.6853214 ],95,17,"[0.20551760392566637, 0.6304926521590382]",72,20
9562,[0.25816332 0.70618479],95,21,"[0.29370179376498934, 0.7320689524506921]",69,-1
9563,[0.24412387 0.68120294],95,17,"[0.20551760392566637, 0.6304926521590382]",-1,-1
9564,[0.23550827 0.78714824],95,66,"[0.23454676066543478, 0.8238001978646302]",-1,-1
9565,[0.16930662 0.68449458],95,78,"[0.15859375635783876, 0.6780634151767573]",-1,-1
9566,[0.21043247 0.70144852],95,45,"[0.20999502353991037, 0.7421751523063527]",72,-1
9567,[0.16718004 0.6597953 ],95,78,"[0.15859375635783876, 0.6780634151767573]",-1,-1
9568,[0.2248151  0.74927595],95,45,"[0.20999502353991037, 0.7421751523063527]",66,12
9569,[0.21899485 0.66361568],95,17,"[0.20551760392566637, 0.6304926521590382]",-1,-1
9570,[0.23319553 0.81341176],95,66,"[0.23454676066543478, 0.8238001978646302]",40,-1
9571,[0.21414571 0.67061119],95,17,"[0.20551760392566637, 0.6304926521590382]",72,-1
9572,[0.19477652 0.69333265],95,78,"[0.15859375635783876, 0.6780634151767573]",72,-1
9573,[0.19828363 0.69655246],95,78,"[0.15859375635783876, 0.6780634151767573]",72,-1
9574,[0.15961846 0.65505365],95,78,"[0.15859375635783876, 0.6780634151767573]",-1,-1
9575,[0.14966553 0.70649779],95,78,"[0.15859375635783876, 0.6780634151767573]",-1,-1
9576,[0.2514508  0.72433311],95,21,"[0.29370179376498934, 0.7320689524506921]",69,-1
9577,[0.20329569 0.68983154],95,78,"[0.15859375635783876, 0.6780634151767573]",72,20
9578,[0.22048458 0.7341919 ],95,45,"[0.20999502353991037, 0.7421751523063527]",-1,12
9579,[0.25355177 0.75924011],95,45,"[0.20999502353991037, 0.7421751523063527]",65,12
9580,[0.18091099 0.72636991],95,45,"[0.20999502353991037, 0.7421751523063527]",-1,-1
9581,[0.1612049  0.63380746],95,87,"[0.1552445589536314, 0.5972042330566324]",-1,-1
9582,[0.23056449 0.76196615],95,45,"[0.20999502353991037, 0.7421751523063527]",66,12
9583,[0.19965107 0.71142888],95,45,"[0.20999502353991037, 0.7421751523063527]",71,-1
9584,[0.20162157 0.62114319],95,17,"[0.20551760392566637, 0.6304926521590382]",74,19
9585,[0.21269044 0.68761361],95,45,"[0.20999502353991037, 0.7421751523063527]",72,20
9586,[0.17903098 0.70240433],95,78,"[0.15859375635783876, 0.6780634151767573]",-1,-1
9587,[0.21348858 0.64985829],95,17,"[0.20551760392566637, 0.6304926521590382]",74,19
9588,[0.21871321 0.65855119],95,17,"[0.20551760392566637, 0.6304926521590382]",74,19
9589,[0.23799173 0.74561203],95,45,"[0.20999502353991037, 0.7421751523063527]",-1,12
9590,[0.18376437 0.72161903],95,45,"[0.20999502353991037, 0.7421751523063527]",71,-1
9591,[0.14856862 0.65280343],95,78,"[0.15859375635783876, 0.6780634151767573]",-1,-1
9592,[0.22993288 0.69642419],95,45,"[0.20999502353991037, 0.7421751523063527]",72,20
9593,[0.20753045 0.78489195],95,45,"[0.20999502353991037, 0.7421751523063527]",-1,-1
9594,[0.21152996 0.72462815],95,45,"[0.20999502353991037, 0.7421751523063527]",-1,-1
9595,[0.21757238 0.69855582],95,45,"[0.20999502353991037, 0.7421751523063527]",72,20
9596,[0.23570996 0.72334669],95,45,"[0.20999502353991037, 0.7421751523063527]",-1,-1
9597,[0.21205042 0.63782215],95,17,"[0.20551760392566637, 0.6304926521590382]",74,19
9598,[0.1901953  0.70968723],95,45,"[0.20999502353991037, 0.7421751523063527]",71,-1
9599,[0.22219331 0.69093734],95,45,"[0.20999502353991037, 0.7421751523063527]",72,20
9600,[0.53972392 0.29616763],96,24,"[0.5369464490953868, 0.27541725802307815]",112,-1
9601,[0.55055555 0.36259363],96,15,"[0.5482412671622104, 0.34401601997908093]",112,71
9602,[0.53525697 0.36212801],96,15,"[0.5482412671622104, 0.34401601997908093]",112,-1
9603,[0.57700841 0.32239471],96,15,"[0.5482412671622104, 0.34401601997908093]",112,-1
9604,[0.55957056 0.30964682],96,15,"[0.5482412671622104, 0.34401601997908093]",112,-1
9605,[0.54841817 0.38411331],96,15,"[0.5482412671622104, 0.34401601997908093]",112,-1
9606,[0.56624701 0.35609105],96,15,"[0.5482412671622104, 0.34401601997908093]",112,68
9607,[0.56867072 0.38344468],96,50,"[0.5684163633112168, 0.42493695949350735]",112,64
9608,[0.58397908 0.30697974],96,4,"[0.621879023183751, 0.3152829127139686]",112,-1
9609,[0.62405989 0.29862326],96,4,"[0.621879023183751, 0.3152829127139686]",112,80
9610,[0.62882225 0.27813049],96,4,"[0.621879023183751, 0.3152829127139686]",112,80
9611,[0.56797662 0.31896591],96,15,"[0.5482412671622104, 0.34401601997908093]",112,-1
9612,[0.60075427 0.41882213],96,50,"[0.5684163633112168, 0.42493695949350735]",86,-1
9613,[0.54716942 0.39252237],96,50,"[0.5684163633112168, 0.42493695949350735]",112,-1
9614,[0.61686185 0.34252827],96,4,"[0.621879023183751, 0.3152829127139686]",112,-1
9615,[0.58635116 0.35498371],96,15,"[0.5482412671622104, 0.34401601997908093]",112,68
9616,[0.61552689 0.32089485],96,4,"[0.621879023183751, 0.3152829127139686]",112,-1
9617,[0.56598138 0.42157239],96,50,"[0.5684163633112168, 0.42493695949350735]",-1,-1
9618,[0.58229418 0.28180459],96,24,"[0.5369464490953868, 0.27541725802307815]",112,80
9619,[0.573267   0.33317034],96,15,"[0.5482412671622104, 0.34401601997908093]",-1,-1
9620,[0.56362096 0.30845321],96,15,"[0.5482412671622104, 0.34401601997908093]",112,-1
9621,[0.58590315 0.39989803],96,50,"[0.5684163633112168, 0.42493695949350735]",112,-1
9622,[0.54374623 0.32418745],96,15,"[0.5482412671622104, 0.34401601997908093]",112,-1
9623,[0.59379476 0.38451952],96,50,"[0.5684163633112168, 0.42493695949350735]",112,-1
9624,[0.57605243 0.34168952],96,15,"[0.5482412671622104, 0.34401601997908093]",112,68
9625,[0.63193424 0.36808191],96,5,"[0.6450318820843447, 0.4074212796508608]",-1,-1
9626,[0.57561244 0.37529092],96,15,"[0.5482412671622104, 0.34401601997908093]",112,64
9627,[0.6221645  0.37466553],96,5,"[0.6450318820843447, 0.4074212796508608]",112,-1
9628,[0.61597255 0.35683575],96,4,"[0.621879023183751, 0.3152829127139686]",112,-1
9629,[0.56983007 0.37729331],96,15,"[0.5482412671622104, 0.34401601997908093]",112,-1
9630,[0.63922086 0.37477095],96,5,"[0.6450318820843447, 0.4074212796508608]",112,54
9631,[0.59563658 0.3191307 ],96,4,"[0.621879023183751, 0.3152829127139686]",112,80
9632,[0.55421076 0.31929253],96,15,"[0.5482412671622104, 0.34401601997908093]",112,-1
9633,[0.56837026 0.35657239],96,15,"[0.5482412671622104, 0.34401601997908093]",112,68
9634,[0.53488887 0.33400086],96,15,"[0.5482412671622104, 0.34401601997908093]",112,70
9635,[0.59735643 0.39878551],96,50,"[0.5684163633112168, 0.42493695949350735]",112,-1
9636,[0.55856291 0.30147663],96,24,"[0.5369464490953868, 0.27541725802307815]",-1,-1
9637,[0.58537725 0.38763506],96,50,"[0.5684163633112168, 0.42493695949350735]",112,64
9638,[0.6066208  0.37338875],96,5,"[0.6450318820843447, 0.4074212796508608]",112,-1
9639,[0.59145712 0.35867955],96,15,"[0.5482412671622104, 0.34401601997908093]",112,68
9640,[0.6553477  0.38999505],96,5,"[0.6450318820843447, 0.4074212796508608]",112,54
9641,[0.62777874 0.26758153],96,0,"[0.6718634683454, 0.284181654083953]",112,80
9642,[0.60484226 0.31005775],96,4,"[0.621879023183751, 0.3152829127139686]",112,80
9643,[0.61432378 0.37458343],96,5,"[0.6450318820843447, 0.4074212796508608]",112,-1
9644,[0.61824887 0.37700402],96,5,"[0.6450318820843447, 0.4074212796508608]",112,-1
9645,[0.62789781 0.3222696 ],96,4,"[0.621879023183751, 0.3152829127139686]",112,-1
9646,[0.53603299 0.38079016],96,15,"[0.5482412671622104, 0.34401601997908093]",112,71
9647,[0.62214146 0.36776236],96,5,"[0.6450318820843447, 0.4074212796508608]",112,-1
9648,[0.57211238 0.31496057],96,15,"[0.5482412671622104, 0.34401601997908093]",112,-1
9649,[0.62143557 0.39850134],96,5,"[0.6450318820843447, 0.4074212796508608]",112,55
9650,[0.51022459 0.29651821],96,24,"[0.5369464490953868, 0.27541725802307815]",112,-1
9651,[0.58985883 0.42934284],96,50,"[0.5684163633112168, 0.42493695949350735]",86,8
9652,[0.56951867 0.35419164],96,15,"[0.5482412671622104, 0.34401601997908093]",112,68
9653,[0.59251189 0.34225524],96,4,"[0.621879023183751, 0.3152829127139686]",112,-1
9654,[0.60229805 0.38907287],96,5,"[0.6450318820843447, 0.4074212796508608]",112,-1
9655,[0.60399199 0.35519078],96,4,"[0.621879023183751, 0.3152829127139686]",112,68
9656,[0.60153775 0.30148258],96,4,"[0.621879023183751, 0.3152829127139686]",112,80
9657,[0.55237571 0.312597  ],96,15,"[0.5482412671622104, 0.34401601997908093]",112,-1
9658,[0.52508504 0.29412872],96,24,"[0.5369464490953868, 0.27541725802307815]",112,-1
9659,[0.62836958 0.39202937],96,5,"[0.6450318820843447, 0.4074212796508608]",112,55
9660,[0.58761045 0.32021272],96,4,"[0.621879023183751, 0.3152829127139686]",112,-1
9661,[0.57945235 0.24844728],96,7,"[0.6005437719733706, 0.22857083174818627]",112,80
9662,[0.56288185 0.32969523],96,15,"[0.5482412671622104, 0.34401601997908093]",112,-1
9663,[0.63810974 0.38605478],96,5,"[0.6450318820843447, 0.4074212796508608]",112,-1
9664,[0.55535389 0.3618455 ],96,15,"[0.5482412671622104, 0.34401601997908093]",112,-1
9665,[0.54316734 0.30666597],96,24,"[0.5369464490953868, 0.27541725802307815]",112,-1
9666,[0.66637921 0.35208933],96,4,"[0.621879023183751, 0.3152829127139686]",112,-1
9667,[0.59508815 0.35181228],96,4,"[0.621879023183751, 0.3152829127139686]",112,68
9668,[0.55888918 0.32440387],96,15,"[0.5482412671622104, 0.34401601997908093]",112,-1
9669,[0.58818454 0.35365675],96,15,"[0.5482412671622104, 0.34401601997908093]",112,68
9670,[0.63213545 0.3315545 ],96,4,"[0.621879023183751, 0.3152829127139686]",112,-1
9671,[0.56952301 0.37460203],96,15,"[0.5482412671622104, 0.34401601997908093]",112,-1
9672,[0.55565103 0.33148075],96,15,"[0.5482412671622104, 0.34401601997908093]",112,-1
9673,[0.68692862 0.35992866],96,5,"[0.6450318820843447, 0.4074212796508608]",112,-1
9674,[0.63714946 0.34894039],96,4,"[0.621879023183751, 0.3152829127139686]",112,80
9675,[0.56388278 0.39132114],96,50,"[0.5684163633112168, 0.42493695949350735]",112,-1
9676,[0.51365247 0.40832226],96,22,"[0.4960765404668817, 0.3879133591162554]",112,-1
9677,[0.50196796 0.36018255],96,22,"[0.4960765404668817, 0.3879133591162554]",112,69
9678,[0.55736857 0.3760534 ],96,15,"[0.5482412671622104, 0.34401601997908093]",-1,-1
9679,[0.61658845 0.38254572],96,5,"[0.6450318820843447, 0.4074212796508608]",112,-1
9680,[0.61787707 0.41468677],96,5,"[0.6450318820843447, 0.4074212796508608]",112,-1
9681,[0.5715802  0.45056149],96,50,"[0.5684163633112168, 0.42493695949350735]",86,-1
9682,[0.59204523 0.3790175 ],96,50,"[0.5684163633112168, 0.42493695949350735]",-1,-1
9683,[0.58601352 0.38685196],96,50,"[0.5684163633112168, 0.42493695949350735]",112,64
9684,[0.59098802 0.36259737],96,15,"[0.5482412671622104, 0.34401601997908093]",112,-1
9685,[0.60228295 0.36182161],96,4,"[0.621879023183751, 0.3152829127139686]",112,-1
9686,[0.58652605 0.37093234],96,15,"[0.5482412671622104, 0.34401601997908093]",112,-1
9687,[0.53527567 0.29184188],96,24,"[0.5369464490953868, 0.27541725802307815]",112,-1
9688,[0.66289697 0.33347269],96,4,"[0.621879023183751, 0.3152829127139686]",112,80
9689,[0.57684464 0.33633093],96,15,"[0.5482412671622104, 0.34401601997908093]",112,-1
9690,[0.56854308 0.35089715],96,15,"[0.5482412671622104, 0.34401601997908093]",112,68
9691,[0.59598752 0.30824127],96,4,"[0.621879023183751, 0.3152829127139686]",112,80
9692,[0.53660901 0.36298252],96,15,"[0.5482412671622104, 0.34401601997908093]",112,-1
9693,[0.58303764 0.37307475],96,15,"[0.5482412671622104, 0.34401601997908093]",112,-1
9694,[0.57752559 0.30843767],96,4,"[0.621879023183751, 0.3152829127139686]",-1,-1
9695,[0.58872348 0.29692148],96,4,"[0.621879023183751, 0.3152829127139686]",112,-1
9696,[0.57141702 0.32276736],96,15,"[0.5482412671622104, 0.34401601997908093]",-1,-1
9697,[0.5345594  0.34018273],96,15,"[0.5482412671622104, 0.34401601997908093]",112,70
9698,[0.60903608 0.26744771],96,7,"[0.6005437719733706, 0.22857083174818627]",112,80
9699,[0.60935005 0.363163  ],96,4,"[0.621879023183751, 0.3152829127139686]",112,68
9700,[0.38110142 0.80214225],97,27,"[0.394960489486544, 0.7962465519607298]",-1,-1
9701,[0.45346804 0.84075497],97,43,"[0.4600847464699888, 0.8121159369971912]",39,5
9702,[0.40243654 0.8397064 ],97,27,"[0.394960489486544, 0.7962465519607298]",-1,-1
9703,[0.45374455 0.85130633],97,43,"[0.4600847464699888, 0.8121159369971912]",39,5
9704,[0.4840326  0.87098623],97,89,"[0.4881424593356583, 0.8743362179237]",38,-1
9705,[0.4388286  0.78382064],97,43,"[0.4600847464699888, 0.8121159369971912]",95,40
9706,[0.3953537  0.85227148],97,27,"[0.394960489486544, 0.7962465519607298]",-1,-1
9707,[0.45558488 0.86796892],97,89,"[0.4881424593356583, 0.8743362179237]",-1,-1
9708,[0.45526907 0.81313015],97,43,"[0.4600847464699888, 0.8121159369971912]",95,-1
9709,[0.48312782 0.78643397],97,43,"[0.4600847464699888, 0.8121159369971912]",26,-1
9710,[0.47466607 0.87293731],97,89,"[0.4881424593356583, 0.8743362179237]",38,-1
9711,[0.43262968 0.80787512],97,43,"[0.4600847464699888, 0.8121159369971912]",95,40
9712,[0.48628416 0.81695258],97,43,"[0.4600847464699888, 0.8121159369971912]",24,-1
9713,[0.43465414 0.83078938],97,43,"[0.4600847464699888, 0.8121159369971912]",-1,-1
9714,[0.40314926 0.8501153 ],97,27,"[0.394960489486544, 0.7962465519607298]",-1,-1
9715,[0.39387291 0.80759989],97,27,"[0.394960489486544, 0.7962465519607298]",-1,-1
9716,[0.4429733  0.77440406],97,43,"[0.4600847464699888, 0.8121159369971912]",95,40
9717,[0.44041744 0.83692321],97,43,"[0.4600847464699888, 0.8121159369971912]",39,5
9718,[0.37456483 0.83482994],97,27,"[0.394960489486544, 0.7962465519607298]",-1,-1
9719,[0.41980398 0.80239578],97,27,"[0.394960489486544, 0.7962465519607298]",95,-1
9720,[0.34591494 0.83977264],97,27,"[0.394960489486544, 0.7962465519607298]",-1,-1
9721,[0.4452868  0.75276216],97,48,"[0.45117785646922254, 0.7079436468031785]",77,-1
9722,[0.44966121 0.79543831],97,43,"[0.4600847464699888, 0.8121159369971912]",-1,-1
9723,[0.43968803 0.78471153],97,43,"[0.4600847464699888, 0.8121159369971912]",95,40
9724,[0.45518052 0.76174994],97,43,"[0.4600847464699888, 0.8121159369971912]",77,-1
9725,[0.40577333 0.86931195],97,-1,-1,-1,-1
9726,[0.40522696 0.79494494],97,27,"[0.394960489486544, 0.7962465519607298]",95,44
9727,[0.3922509 0.8719853],97,-1,-1,-1,-1
9728,[0.42937493 0.8053108 ],97,43,"[0.4600847464699888, 0.8121159369971912]",95,40
9729,[0.44048559 0.8102855 ],97,43,"[0.4600847464699888, 0.8121159369971912]",95,40
9730,[0.41487922 0.78237643],97,27,"[0.394960489486544, 0.7962465519607298]",95,-1
9731,[0.43736185 0.84727349],97,43,"[0.4600847464699888, 0.8121159369971912]",39,5
9732,[0.35090089 0.75058042],97,28,"[0.3665533604727163, 0.7224000836333309]",95,45
9733,[0.35699563 0.88049801],97,-1,-1,-1,-1
9734,[0.50777682 0.86246727],97,89,"[0.4881424593356583, 0.8743362179237]",38,-1
9735,[0.4805899  0.80000891],97,43,"[0.4600847464699888, 0.8121159369971912]",26,-1
9736,[0.36346833 0.8184122 ],97,27,"[0.394960489486544, 0.7962465519607298]",-1,-1
9737,[0.42941017 0.79939975],97,43,"[0.4600847464699888, 0.8121159369971912]",95,40
9738,[0.36514886 0.8629643 ],97,-1,-1,-1,-1
9739,[0.42595515 0.69325173],97,48,"[0.45117785646922254, 0.7079436468031785]",-1,-1
9740,[0.39029152 0.87112325],97,-1,-1,-1,-1
9741,[0.43100707 0.80447832],97,43,"[0.4600847464699888, 0.8121159369971912]",95,40
9742,[0.43210397 0.77127232],97,27,"[0.394960489486544, 0.7962465519607298]",95,40
9743,[0.47848843 0.87804531],97,89,"[0.4881424593356583, 0.8743362179237]",38,-1
9744,[0.43063863 0.87593843],97,89,"[0.4881424593356583, 0.8743362179237]",-1,-1
9745,[0.45572445 0.83687277],97,43,"[0.4600847464699888, 0.8121159369971912]",39,5
9746,[0.43007596 0.8610443 ],97,43,"[0.4600847464699888, 0.8121159369971912]",-1,-1
9747,[0.44222208 0.8438065 ],97,43,"[0.4600847464699888, 0.8121159369971912]",39,5
9748,[0.42841025 0.84580148],97,43,"[0.4600847464699888, 0.8121159369971912]",39,5
9749,[0.3930893  0.79832809],97,27,"[0.394960489486544, 0.7962465519607298]",95,44
9750,[0.45684606 0.88944824],97,89,"[0.4881424593356583, 0.8743362179237]",-1,-1
9751,[0.47388109 0.78922323],97,43,"[0.4600847464699888, 0.8121159369971912]",26,-1
9752,[0.36418976 0.8379087 ],97,27,"[0.394960489486544, 0.7962465519607298]",-1,-1
9753,[0.45410132 0.78175998],97,43,"[0.4600847464699888, 0.8121159369971912]",-1,-1
9754,[0.36190418 0.88455542],97,-1,-1,-1,-1
9755,[0.41419731 0.75819209],97,27,"[0.394960489486544, 0.7962465519607298]",-1,-1
9756,[0.37801931 0.78857581],97,27,"[0.394960489486544, 0.7962465519607298]",-1,-1
9757,[0.42091417 0.85406319],97,43,"[0.4600847464699888, 0.8121159369971912]",39,-1
9758,[0.41365648 0.85640896],97,27,"[0.394960489486544, 0.7962465519607298]",39,-1
9759,[0.40149253 0.87000717],97,-1,-1,-1,-1
9760,[0.44327252 0.77758222],97,43,"[0.4600847464699888, 0.8121159369971912]",95,40
9761,[0.40360531 0.8011918 ],97,27,"[0.394960489486544, 0.7962465519607298]",95,44
9762,[0.37729227 0.82275541],97,27,"[0.394960489486544, 0.7962465519607298]",-1,-1
9763,[0.36383688 0.8081323 ],97,27,"[0.394960489486544, 0.7962465519607298]",88,-1
9764,[0.42695875 0.74470194],97,48,"[0.45117785646922254, 0.7079436468031785]",77,-1
9765,[0.42131027 0.80194588],97,27,"[0.394960489486544, 0.7962465519607298]",95,-1
9766,[0.50840806 0.75451088],97,23,"[0.5302520860132256, 0.7258783520828289]",107,23
9767,[0.35609977 0.76355689],97,28,"[0.3665533604727163, 0.7224000836333309]",95,45
9768,[0.44143876 0.79711135],97,43,"[0.4600847464699888, 0.8121159369971912]",95,40
9769,[0.42051265 0.85424638],97,43,"[0.4600847464699888, 0.8121159369971912]",39,-1
9770,[0.46029576 0.79775593],97,43,"[0.4600847464699888, 0.8121159369971912]",-1,-1
9771,[0.36540429 0.82080475],97,27,"[0.394960489486544, 0.7962465519607298]",-1,-1
9772,[0.43351631 0.80762941],97,43,"[0.4600847464699888, 0.8121159369971912]",95,40
9773,[0.48429791 0.81904088],97,43,"[0.4600847464699888, 0.8121159369971912]",24,-1
9774,[0.43433809 0.84629141],97,43,"[0.4600847464699888, 0.8121159369971912]",39,5
9775,[0.43304014 0.8479046 ],97,43,"[0.4600847464699888, 0.8121159369971912]",39,5
9776,[0.36445701 0.78788566],97,27,"[0.394960489486544, 0.7962465519607298]",88,-1
9777,[0.45927015 0.78868568],97,43,"[0.4600847464699888, 0.8121159369971912]",-1,-1
9778,[0.39397011 0.77174527],97,27,"[0.394960489486544, 0.7962465519607298]",95,44
9779,[0.41922165 0.81957149],97,27,"[0.394960489486544, 0.7962465519607298]",-1,-1
9780,[0.38978959 0.76797513],97,27,"[0.394960489486544, 0.7962465519607298]",95,-1
9781,[0.36485254 0.80568762],97,27,"[0.394960489486544, 0.7962465519607298]",88,-1
9782,[0.43301557 0.79719378],97,43,"[0.4600847464699888, 0.8121159369971912]",95,40
9783,[0.47355035 0.7980419 ],97,43,"[0.4600847464699888, 0.8121159369971912]",26,-1
9784,[0.4318489  0.79672128],97,43,"[0.4600847464699888, 0.8121159369971912]",95,40
9785,[0.38411356 0.81651156],97,27,"[0.394960489486544, 0.7962465519607298]",-1,-1
9786,[0.42154578 0.8847147 ],97,89,"[0.4881424593356583, 0.8743362179237]",-1,-1
9787,[0.3812083  0.80962435],97,27,"[0.394960489486544, 0.7962465519607298]",95,-1
9788,[0.43617795 0.81625966],97,43,"[0.4600847464699888, 0.8121159369971912]",95,40
9789,[0.43371729 0.80271749],97,43,"[0.4600847464699888, 0.8121159369971912]",95,40
9790,[0.39695202 0.79555445],97,27,"[0.394960489486544, 0.7962465519607298]",95,44
9791,[0.38573793 0.80316912],97,27,"[0.394960489486544, 0.7962465519607298]",95,-1
9792,[0.37265533 0.83378654],97,27,"[0.394960489486544, 0.7962465519607298]",-1,-1
9793,[0.49801015 0.84458886],97,89,"[0.4881424593356583, 0.8743362179237]",38,-1
9794,[0.44361686 0.71512772],97,48,"[0.45117785646922254, 0.7079436468031785]",-1,-1
9795,[0.52185787 0.81575591],97,75,"[0.5578508247145463, 0.8075131053511911]",-1,-1
9796,[0.39524887 0.79864026],97,27,"[0.394960489486544, 0.7962465519607298]",95,44
9797,[0.46121577 0.86853962],97,89,"[0.4881424593356583, 0.8743362179237]",38,-1
9798,[0.38098072 0.82959701],97,27,"[0.394960489486544, 0.7962465519607298]",-1,-1
9799,[0.43402253 0.80700675],97,43,"[0.4600847464699888, 0.8121159369971912]",95,40
9800,[0.73565168 0.43863408],98,37,"[0.7430889106835223, 0.4145167779633026]",112,27
9801,[0.75163763 0.40689594],98,37,"[0.7430889106835223, 0.4145167779633026]",112,-1
9802,[0.87093391 0.46390898],98,18,"[0.8403424052135677, 0.4709016952471627]",112,-1
9803,[0.81444842 0.43690041],98,18,"[0.8403424052135677, 0.4709016952471627]",112,31
9804,[0.8227306  0.43521892],98,18,"[0.8403424052135677, 0.4709016952471627]",112,-1
9805,[0.78827057 0.42217112],98,37,"[0.7430889106835223, 0.4145167779633026]",112,31
9806,[0.81850919 0.33648299],98,33,"[0.8161259009459738, 0.38225031357083966]",-1,-1
9807,[0.74949849 0.45637174],98,37,"[0.7430889106835223, 0.4145167779633026]",-1,-1
9808,[0.80746629 0.39198416],98,33,"[0.8161259009459738, 0.38225031357083966]",112,-1
9809,[0.73421959 0.44108923],98,37,"[0.7430889106835223, 0.4145167779633026]",-1,-1
9810,[0.80855327 0.48070551],98,29,"[0.7896146962697053, 0.5004587368894428]",112,30
9811,[0.72840531 0.52312732],98,46,"[0.7242081221498112, 0.5411748041333581]",112,33
9812,[0.6994606  0.49041252],98,26,"[0.6901601916314353, 0.4804056323832084]",112,-1
9813,[0.79422855 0.43181675],98,37,"[0.7430889106835223, 0.4145167779633026]",112,31
9814,[0.7514364  0.40044673],98,37,"[0.7430889106835223, 0.4145167779633026]",-1,-1
9815,[0.82086821 0.36122706],98,33,"[0.8161259009459738, 0.38225031357083966]",59,-1
9816,[0.78337145 0.41406742],98,37,"[0.7430889106835223, 0.4145167779633026]",112,-1
9817,[0.79506697 0.44797992],98,18,"[0.8403424052135677, 0.4709016952471627]",-1,-1
9818,[0.79108777 0.38613089],98,33,"[0.8161259009459738, 0.38225031357083966]",112,-1
9819,[0.83545419 0.41720448],98,33,"[0.8161259009459738, 0.38225031357083966]",112,29
9820,[0.78365666 0.45502299],98,29,"[0.7896146962697053, 0.5004587368894428]",112,30
9821,[0.73521242 0.39856307],98,37,"[0.7430889106835223, 0.4145167779633026]",-1,-1
9822,[0.8270429  0.44831961],98,18,"[0.8403424052135677, 0.4709016952471627]",112,31
9823,[0.74761431 0.41129525],98,37,"[0.7430889106835223, 0.4145167779633026]",-1,27
9824,[0.77591401 0.36196632],98,33,"[0.8161259009459738, 0.38225031357083966]",112,-1
9825,[0.74801225 0.44212246],98,37,"[0.7430889106835223, 0.4145167779633026]",-1,-1
9826,[0.76356758 0.45288512],98,37,"[0.7430889106835223, 0.4145167779633026]",-1,-1
9827,[0.81012432 0.40036482],98,33,"[0.8161259009459738, 0.38225031357083966]",112,31
9828,[0.71492661 0.43362157],98,37,"[0.7430889106835223, 0.4145167779633026]",-1,-1
9829,[0.78197403 0.45096509],98,29,"[0.7896146962697053, 0.5004587368894428]",112,-1
9830,[0.78556535 0.35742758],98,33,"[0.8161259009459738, 0.38225031357083966]",-1,-1
9831,[0.68693659 0.4061078 ],98,5,"[0.6450318820843447, 0.4074212796508608]",-1,-1
9832,[0.78235216 0.36168059],98,33,"[0.8161259009459738, 0.38225031357083966]",112,-1
9833,[0.80476473 0.37383981],98,33,"[0.8161259009459738, 0.38225031357083966]",112,-1
9834,[0.77105969 0.40627426],98,37,"[0.7430889106835223, 0.4145167779633026]",112,-1
9835,[0.74878487 0.45211292],98,37,"[0.7430889106835223, 0.4145167779633026]",112,-1
9836,[0.78556681 0.39449462],98,33,"[0.8161259009459738, 0.38225031357083966]",112,28
9837,[0.72027851 0.41341733],98,37,"[0.7430889106835223, 0.4145167779633026]",-1,-1
9838,[0.78262254 0.45006472],98,29,"[0.7896146962697053, 0.5004587368894428]",112,-1
9839,[0.77079314 0.3586024 ],98,9,"[0.7400409662228525, 0.324036995192541]",-1,-1
9840,[0.81656595 0.49949922],98,29,"[0.7896146962697053, 0.5004587368894428]",112,30
9841,[0.83601555 0.45596138],98,18,"[0.8403424052135677, 0.4709016952471627]",112,-1
9842,[0.75369208 0.44150494],98,37,"[0.7430889106835223, 0.4145167779633026]",-1,-1
9843,[0.69804567 0.38234321],98,37,"[0.7430889106835223, 0.4145167779633026]",112,-1
9844,[0.7247699  0.42320416],98,37,"[0.7430889106835223, 0.4145167779633026]",-1,-1
9845,[0.65208308 0.42637757],98,5,"[0.6450318820843447, 0.4074212796508608]",112,53
9846,[0.71992747 0.39702703],98,37,"[0.7430889106835223, 0.4145167779633026]",-1,-1
9847,[0.83732522 0.44265817],98,18,"[0.8403424052135677, 0.4709016952471627]",-1,-1
9848,[0.75466605 0.37906669],98,37,"[0.7430889106835223, 0.4145167779633026]",-1,-1
9849,[0.78788098 0.47680744],98,29,"[0.7896146962697053, 0.5004587368894428]",112,30
9850,[0.79952216 0.4743278 ],98,29,"[0.7896146962697053, 0.5004587368894428]",112,30
9851,[0.74525951 0.42305058],98,37,"[0.7430889106835223, 0.4145167779633026]",112,27
9852,[0.78054411 0.41860889],98,37,"[0.7430889106835223, 0.4145167779633026]",112,31
9853,[0.76652384 0.46200019],98,29,"[0.7896146962697053, 0.5004587368894428]",112,30
9854,[0.78012248 0.42305129],98,37,"[0.7430889106835223, 0.4145167779633026]",112,31
9855,[0.78094108 0.42008372],98,37,"[0.7430889106835223, 0.4145167779633026]",112,31
9856,[0.79740941 0.47137898],98,29,"[0.7896146962697053, 0.5004587368894428]",112,30
9857,[0.75210167 0.37583019],98,37,"[0.7430889106835223, 0.4145167779633026]",110,-1
9858,[0.73784824 0.40861757],98,37,"[0.7430889106835223, 0.4145167779633026]",-1,-1
9859,[0.793688   0.45494124],98,29,"[0.7896146962697053, 0.5004587368894428]",112,-1
9860,[0.76350235 0.37530199],98,37,"[0.7430889106835223, 0.4145167779633026]",110,-1
9861,[0.84416023 0.48066997],98,18,"[0.8403424052135677, 0.4709016952471627]",112,26
9862,[0.77088815 0.42827856],98,37,"[0.7430889106835223, 0.4145167779633026]",112,-1
9863,[0.82067182 0.424361  ],98,33,"[0.8161259009459738, 0.38225031357083966]",-1,-1
9864,[0.82300681 0.45556242],98,18,"[0.8403424052135677, 0.4709016952471627]",112,31
9865,[0.74125262 0.3882453 ],98,37,"[0.7430889106835223, 0.4145167779633026]",-1,-1
9866,[0.74920917 0.36098585],98,9,"[0.7400409662228525, 0.324036995192541]",110,58
9867,[0.82366201 0.40292196],98,33,"[0.8161259009459738, 0.38225031357083966]",112,-1
9868,[0.79459578 0.44152855],98,18,"[0.8403424052135677, 0.4709016952471627]",112,-1
9869,[0.7631528  0.42594525],98,37,"[0.7430889106835223, 0.4145167779633026]",112,-1
9870,[0.68558064 0.38289288],98,5,"[0.6450318820843447, 0.4074212796508608]",-1,-1
9871,[0.81387289 0.39556864],98,33,"[0.8161259009459738, 0.38225031357083966]",112,-1
9872,[0.71007955 0.41517851],98,37,"[0.7430889106835223, 0.4145167779633026]",-1,-1
9873,[0.82029025 0.40731115],98,33,"[0.8161259009459738, 0.38225031357083966]",112,-1
9874,[0.73932674 0.43022106],98,37,"[0.7430889106835223, 0.4145167779633026]",112,27
9875,[0.73999167 0.44225708],98,37,"[0.7430889106835223, 0.4145167779633026]",112,27
9876,[0.78919202 0.42189048],98,37,"[0.7430889106835223, 0.4145167779633026]",112,31
9877,[0.6961143  0.44610243],98,26,"[0.6901601916314353, 0.4804056323832084]",112,38
9878,[0.80010445 0.41324164],98,33,"[0.8161259009459738, 0.38225031357083966]",-1,-1
9879,[0.7688304 0.3459697],98,9,"[0.7400409662228525, 0.324036995192541]",110,58
9880,[0.78842137 0.45694811],98,29,"[0.7896146962697053, 0.5004587368894428]",112,30
9881,[0.80651667 0.47192433],98,29,"[0.7896146962697053, 0.5004587368894428]",112,30
9882,[0.81237079 0.41873899],98,33,"[0.8161259009459738, 0.38225031357083966]",112,31
9883,[0.77578202 0.43127319],98,37,"[0.7430889106835223, 0.4145167779633026]",112,-1
9884,[0.77285664 0.42489385],98,37,"[0.7430889106835223, 0.4145167779633026]",112,-1
9885,[0.73738531 0.42995622],98,37,"[0.7430889106835223, 0.4145167779633026]",112,27
9886,[0.89299447 0.42279333],98,96,"[0.8850335407606906, 0.40509408800524466]",-1,-1
9887,[0.71992651 0.43418937],98,37,"[0.7430889106835223, 0.4145167779633026]",-1,-1
9888,[0.83753613 0.48788353],98,18,"[0.8403424052135677, 0.4709016952471627]",112,26
9889,[0.81702216 0.44743394],98,18,"[0.8403424052135677, 0.4709016952471627]",-1,31
9890,[0.82666207 0.45239179],98,18,"[0.8403424052135677, 0.4709016952471627]",112,31
9891,[0.78621291 0.39369578],98,33,"[0.8161259009459738, 0.38225031357083966]",112,28
9892,[0.82033644 0.42492635],98,33,"[0.8161259009459738, 0.38225031357083966]",-1,-1
9893,[0.80028237 0.44248799],98,18,"[0.8403424052135677, 0.4709016952471627]",112,31
9894,[0.8584035  0.40750569],98,96,"[0.8850335407606906, 0.40509408800524466]",-1,-1
9895,[0.83252674 0.45193797],98,18,"[0.8403424052135677, 0.4709016952471627]",112,31
9896,[0.8092216 0.4251645],98,33,"[0.8161259009459738, 0.38225031357083966]",112,-1
9897,[0.80078412 0.42112753],98,33,"[0.8161259009459738, 0.38225031357083966]",112,31
9898,[0.77209676 0.45548981],98,29,"[0.7896146962697053, 0.5004587368894428]",112,30
9899,[0.78830835 0.49260122],98,29,"[0.7896146962697053, 0.5004587368894428]",-1,-1
9900,[0.52703153 0.74855066],99,23,"[0.5302520860132256, 0.7258783520828289]",-1,-1
9901,[0.42765098 0.78020536],99,27,"[0.394960489486544, 0.7962465519607298]",95,-1
9902,[0.4343606  0.65433072],99,1,"[0.4254611998702779, 0.6260428590068665]",112,-1
9903,[0.46688917 0.7283959 ],99,48,"[0.45117785646922254, 0.7079436468031785]",94,23
9904,[0.52835693 0.67657018],99,36,"[0.5286985042700821, 0.6516604258431233]",111,42
9905,[0.51314514 0.80483839],99,75,"[0.5578508247145463, 0.8075131053511911]",44,-1
9906,[0.44180218 0.76636609],99,43,"[0.4600847464699888, 0.8121159369971912]",95,40
9907,[0.55206364 0.72077295],99,23,"[0.5302520860132256, 0.7258783520828289]",57,24
9908,[0.47035858 0.66527659],99,48,"[0.45117785646922254, 0.7079436468031785]",112,-1
9909,[0.52349936 0.6691475 ],99,36,"[0.5286985042700821, 0.6516604258431233]",111,-1
9910,[0.46477184 0.72708745],99,48,"[0.45117785646922254, 0.7079436468031785]",94,-1
9911,[0.49199749 0.7758461 ],99,43,"[0.4600847464699888, 0.8121159369971912]",-1,-1
9912,[0.53527991 0.7677538 ],99,23,"[0.5302520860132256, 0.7258783520828289]",-1,-1
9913,[0.52628679 0.78058419],99,75,"[0.5578508247145463, 0.8075131053511911]",-1,-1
9914,[0.45973896 0.75752687],99,48,"[0.45117785646922254, 0.7079436468031785]",77,-1
9915,[0.51046778 0.71667173],99,23,"[0.5302520860132256, 0.7258783520828289]",111,-1
9916,[0.51292462 0.78561848],99,75,"[0.5578508247145463, 0.8075131053511911]",-1,-1
9917,[0.45263165 0.71825189],99,48,"[0.45117785646922254, 0.7079436468031785]",-1,-1
9918,[0.509548  0.7392224],99,23,"[0.5302520860132256, 0.7258783520828289]",107,23
9919,[0.59601384 0.72883104],99,31,"[0.6283100186299069, 0.6976202951749496]",60,-1
9920,[0.49691945 0.7270194 ],99,23,"[0.5302520860132256, 0.7258783520828289]",106,23
9921,[0.51891817 0.80270318],99,75,"[0.5578508247145463, 0.8075131053511911]",44,-1
9922,[0.48304168 0.78116984],99,43,"[0.4600847464699888, 0.8121159369971912]",26,-1
9923,[0.55322711 0.81129875],99,75,"[0.5578508247145463, 0.8075131053511911]",19,-1
9924,[0.54856151 0.74574785],99,23,"[0.5302520860132256, 0.7258783520828289]",57,-1
9925,[0.51513992 0.74723322],99,23,"[0.5302520860132256, 0.7258783520828289]",107,23
9926,[0.48514313 0.76590365],99,43,"[0.4600847464699888, 0.8121159369971912]",-1,-1
9927,[0.45233775 0.7922182 ],99,43,"[0.4600847464699888, 0.8121159369971912]",-1,-1
9928,[0.50915101 0.72490215],99,23,"[0.5302520860132256, 0.7258783520828289]",-1,23
9929,[0.4860488  0.69662298],99,48,"[0.45117785646922254, 0.7079436468031785]",111,-1
9930,[0.45481696 0.69092704],99,48,"[0.45117785646922254, 0.7079436468031785]",-1,-1
9931,[0.50276092 0.7602949 ],99,23,"[0.5302520860132256, 0.7258783520828289]",-1,-1
9932,[0.47446178 0.73980639],99,48,"[0.45117785646922254, 0.7079436468031785]",-1,23
9933,[0.49450526 0.7279643 ],99,23,"[0.5302520860132256, 0.7258783520828289]",106,23
9934,[0.51816505 0.77011054],99,23,"[0.5302520860132256, 0.7258783520828289]",-1,-1
9935,[0.49134924 0.68765017],99,48,"[0.45117785646922254, 0.7079436468031785]",111,-1
9936,[0.43216593 0.61019738],99,1,"[0.4254611998702779, 0.6260428590068665]",112,72
9937,[0.51859094 0.75992969],99,23,"[0.5302520860132256, 0.7258783520828289]",-1,-1
9938,[0.50090145 0.76130734],99,23,"[0.5302520860132256, 0.7258783520828289]",-1,-1
9939,[0.51816098 0.71554557],99,23,"[0.5302520860132256, 0.7258783520828289]",-1,-1
9940,[0.50595017 0.70491644],99,23,"[0.5302520860132256, 0.7258783520828289]",111,-1
9941,[0.49139286 0.68208809],99,48,"[0.45117785646922254, 0.7079436468031785]",111,-1
9942,[0.44786343 0.73327523],99,48,"[0.45117785646922254, 0.7079436468031785]",-1,-1
9943,[0.4528835  0.69996349],99,48,"[0.45117785646922254, 0.7079436468031785]",-1,-1
9944,[0.55416562 0.75324169],99,23,"[0.5302520860132256, 0.7258783520828289]",57,-1
9945,[0.47813927 0.72601127],99,48,"[0.45117785646922254, 0.7079436468031785]",-1,23
9946,[0.47996443 0.7277338 ],99,48,"[0.45117785646922254, 0.7079436468031785]",-1,-1
9947,[0.46022453 0.67383116],99,48,"[0.45117785646922254, 0.7079436468031785]",112,-1
9948,[0.50882425 0.7450129 ],99,23,"[0.5302520860132256, 0.7258783520828289]",107,23
9949,[0.52161484 0.76455506],99,23,"[0.5302520860132256, 0.7258783520828289]",-1,-1
9950,[0.49483274 0.72240492],99,23,"[0.5302520860132256, 0.7258783520828289]",106,-1
9951,[0.50823255 0.7337533 ],99,23,"[0.5302520860132256, 0.7258783520828289]",107,23
9952,[0.43970258 0.68685902],99,48,"[0.45117785646922254, 0.7079436468031785]",-1,-1
9953,[0.48233209 0.71021736],99,48,"[0.45117785646922254, 0.7079436468031785]",-1,-1
9954,[0.48732762 0.76812482],99,43,"[0.4600847464699888, 0.8121159369971912]",-1,-1
9955,[0.45599265 0.68989411],99,48,"[0.45117785646922254, 0.7079436468031785]",-1,-1
9956,[0.54590762 0.70048413],99,23,"[0.5302520860132256, 0.7258783520828289]",-1,-1
9957,[0.52751609 0.69866526],99,23,"[0.5302520860132256, 0.7258783520828289]",111,-1
9958,[0.52578635 0.71576234],99,23,"[0.5302520860132256, 0.7258783520828289]",-1,-1
9959,[0.49561884 0.76288955],99,23,"[0.5302520860132256, 0.7258783520828289]",-1,-1
9960,[0.55828542 0.79460349],99,75,"[0.5578508247145463, 0.8075131053511911]",19,-1
9961,[0.49047628 0.7299864 ],99,23,"[0.5302520860132256, 0.7258783520828289]",106,23
9962,[0.37649906 0.73859197],99,28,"[0.3665533604727163, 0.7224000836333309]",-1,-1
9963,[0.51042942 0.72613361],99,23,"[0.5302520860132256, 0.7258783520828289]",111,23
9964,[0.45117408 0.70922018],99,48,"[0.45117785646922254, 0.7079436468031785]",-1,-1
9965,[0.45317847 0.75314698],99,48,"[0.45117785646922254, 0.7079436468031785]",77,-1
9966,[0.49448872 0.71569396],99,23,"[0.5302520860132256, 0.7258783520828289]",-1,-1
9967,[0.48966704 0.68192577],99,48,"[0.45117785646922254, 0.7079436468031785]",111,-1
9968,[0.48774142 0.75637423],99,23,"[0.5302520860132256, 0.7258783520828289]",-1,-1
9969,[0.43382202 0.77917603],99,43,"[0.4600847464699888, 0.8121159369971912]",95,40
9970,[0.49102668 0.75315517],99,23,"[0.5302520860132256, 0.7258783520828289]",-1,-1
9971,[0.46884    0.75727087],99,48,"[0.45117785646922254, 0.7079436468031785]",77,-1
9972,[0.46946414 0.70762546],99,48,"[0.45117785646922254, 0.7079436468031785]",-1,-1
9973,[0.46428207 0.73633899],99,48,"[0.45117785646922254, 0.7079436468031785]",94,23
9974,[0.43524862 0.73753404],99,48,"[0.45117785646922254, 0.7079436468031785]",-1,-1
9975,[0.60554254 0.75087377],99,31,"[0.6283100186299069, 0.6976202951749496]",-1,-1
9976,[0.43120661 0.77932004],99,27,"[0.394960489486544, 0.7962465519607298]",95,40
9977,[0.54941289 0.74036854],99,23,"[0.5302520860132256, 0.7258783520828289]",57,24
9978,[0.57595168 0.71258337],99,23,"[0.5302520860132256, 0.7258783520828289]",-1,-1
9979,[0.47874317 0.7494417 ],99,48,"[0.45117785646922254, 0.7079436468031785]",-1,-1
9980,[0.44317716 0.68868759],99,48,"[0.45117785646922254, 0.7079436468031785]",-1,-1
9981,[0.5068453  0.77238554],99,23,"[0.5302520860132256, 0.7258783520828289]",-1,-1
9982,[0.48917794 0.6941259 ],99,48,"[0.45117785646922254, 0.7079436468031785]",111,-1
9983,[0.52293036 0.75368851],99,23,"[0.5302520860132256, 0.7258783520828289]",-1,-1
9984,[0.52300206 0.69354226],99,23,"[0.5302520860132256, 0.7258783520828289]",111,42
9985,[0.53580854 0.69262279],99,23,"[0.5302520860132256, 0.7258783520828289]",-1,-1
9986,[0.50386069 0.71316692],99,23,"[0.5302520860132256, 0.7258783520828289]",111,-1
9987,[0.50481951 0.74555163],99,23,"[0.5302520860132256, 0.7258783520828289]",107,23
9988,[0.52264251 0.65975976],99,36,"[0.5286985042700821, 0.6516604258431233]",111,-1
9989,[0.50209715 0.65583685],99,36,"[0.5286985042700821, 0.6516604258431233]",111,41
9990,[0.53511469 0.70354681],99,23,"[0.5302520860132256, 0.7258783520828289]",-1,-1
9991,[0.46529561 0.76896342],99,43,"[0.4600847464699888, 0.8121159369971912]",-1,-1
9992,[0.49643584 0.68289409],99,36,"[0.5286985042700821, 0.6516604258431233]",111,-1
9993,[0.46639223 0.73048145],99,48,"[0.45117785646922254, 0.7079436468031785]",94,23
9994,[0.56967392 0.76138811],99,75,"[0.5578508247145463, 0.8075131053511911]",57,-1
9995,[0.56375971 0.75534795],99,23,"[0.5302520860132256, 0.7258783520828289]",57,-1
9996,[0.5287274  0.73526999],99,23,"[0.5302520860132256, 0.7258783520828289]",-1,-1
9997,[0.49366463 0.73766404],99,23,"[0.5302520860132256, 0.7258783520828289]",106,-1
9998,[0.45932356 0.73048234],99,48,"[0.45117785646922254, 0.7079436468031785]",94,23
9999,[0.43772316 0.79400737],99,43,"[0.4600847464699888, 0.8121159369971912]",95,40
