,datum,blob,snowball_label,snowball_center,hdbscan_eom_label,hdbscan_leaf_label
0,[0.30385264 0.64260432],0,76,"[0.33503886298325813, 0.67339162379691]",1,1
1,[0.32233502 0.52819828],0,69,"[0.3268734002059969, 0.5324289447508308]",1,1
2,[0.26944939 0.55286958],0,71,"[0.27063518070783904, 0.5865553047760075]",1,1
3,[0.33571458 0.63649925],0,76,"[0.33503886298325813, 0.67339162379691]",1,1
4,[0.37537676 0.61993061],0,77,"[0.3924759417894388, 0.6376217583398073]",1,1
5,[0.39211759 0.59839915],0,75,"[0.40821621568367966, 0.5877597335372744]",1,1
6,[0.26554579 0.54604712],0,71,"[0.27063518070783904, 0.5865553047760075]",1,1
7,[0.30331893 0.53479918],0,69,"[0.3268734002059969, 0.5324289447508308]",1,1
8,[0.40747329 0.57478396],0,75,"[0.40821621568367966, 0.5877597335372744]",1,1
9,[0.40658566 0.60213059],0,75,"[0.40821621568367966, 0.5877597335372744]",1,1
10,[0.32181057 0.56535976],0,69,"[0.3268734002059969, 0.5324289447508308]",1,1
11,[0.32171144 0.51785542],0,69,"[0.3268734002059969, 0.5324289447508308]",1,1
12,[0.34406519 0.52466482],0,69,"[0.3268734002059969, 0.5324289447508308]",1,1
13,[0.32978403 0.67114676],0,76,"[0.33503886298325813, 0.67339162379691]",1,1
14,[0.36607507 0.65080908],0,77,"[0.3924759417894388, 0.6376217583398073]",1,1
15,[0.37058581 0.62327306],0,77,"[0.3924759417894388, 0.6376217583398073]",1,1
16,[0.33979285 0.59506389],0,69,"[0.3268734002059969, 0.5324289447508308]",1,1
17,[0.32155781 0.62778223],0,76,"[0.33503886298325813, 0.67339162379691]",1,1
18,[0.3240354  0.67375956],0,76,"[0.33503886298325813, 0.67339162379691]",1,1
19,[0.3545268  0.58886367],0,75,"[0.40821621568367966, 0.5877597335372744]",1,1
20,[0.58301613 0.69485614],1,74,"[0.5780301107359989, 0.6967931580864285]",1,1
21,[0.58628748 0.8247273 ],1,8,"[0.5796329400688248, 0.8673421250886431]",1,1
22,[0.58384833 0.73167498],1,74,"[0.5780301107359989, 0.6967931580864285]",1,1
23,[0.61776637 0.71696571],1,74,"[0.5780301107359989, 0.6967931580864285]",1,1
24,[0.57808926 0.73240167],1,74,"[0.5780301107359989, 0.6967931580864285]",1,1
25,[0.56442202 0.76540228],1,46,"[0.5904862981197248, 0.7784771194177618]",1,1
26,[0.52314803 0.65072163],1,70,"[0.5250753789290405, 0.6258224986270927]",1,1
27,[0.56696556 0.70061597],1,74,"[0.5780301107359989, 0.6967931580864285]",1,1
28,[0.63087212 0.72534188],1,47,"[0.6850438716226284, 0.7032912729823189]",1,1
29,[0.51577979 0.68015974],1,45,"[0.5082025840536583, 0.7293813687627746]",1,1
30,[0.53755582 0.72778446],1,45,"[0.5082025840536583, 0.7293813687627746]",1,1
31,[0.53069443 0.77738327],1,33,"[0.4905288745843693, 0.7819672478327103]",1,1
32,[0.62872622 0.70732954],1,74,"[0.5780301107359989, 0.6967931580864285]",1,1
33,[0.52176385 0.7627755 ],1,45,"[0.5082025840536583, 0.7293813687627746]",1,1
34,[0.58733816 0.76271833],1,46,"[0.5904862981197248, 0.7784771194177618]",1,1
35,[0.57114626 0.70237262],1,74,"[0.5780301107359989, 0.6967931580864285]",1,1
36,[0.58778108 0.66434419],1,74,"[0.5780301107359989, 0.6967931580864285]",1,1
37,[0.48162536 0.74088599],1,45,"[0.5082025840536583, 0.7293813687627746]",1,1
38,[0.6400692  0.75569008],1,40,"[0.6637070746081725, 0.800876459104017]",1,1
39,[0.51954395 0.7081907 ],1,45,"[0.5082025840536583, 0.7293813687627746]",1,1
40,[0.46385364 0.87082686],2,32,"[0.48665559526796626, 0.8577997556406364]",1,1
41,[0.50607641 0.80864172],2,33,"[0.4905288745843693, 0.7819672478327103]",1,1
42,[0.48684079 0.79807768],2,33,"[0.4905288745843693, 0.7819672478327103]",1,1
43,[0.48534823 0.7912968 ],2,33,"[0.4905288745843693, 0.7819672478327103]",1,1
44,[0.44610143 0.80102133],2,31,"[0.4016199401941385, 0.8075661082560991]",1,1
45,[0.52368371 0.90199284],2,32,"[0.48665559526796626, 0.8577997556406364]",1,1
46,[0.43944807 0.86123492],2,32,"[0.48665559526796626, 0.8577997556406364]",-1,1
47,[0.55166905 0.85818306],2,8,"[0.5796329400688248, 0.8673421250886431]",1,1
48,[0.48088657 0.87056992],2,32,"[0.48665559526796626, 0.8577997556406364]",1,1
49,[0.39319452 0.78699958],2,31,"[0.4016199401941385, 0.8075661082560991]",1,1
50,[0.51536215 0.83929587],2,32,"[0.48665559526796626, 0.8577997556406364]",1,1
51,[0.36953831 0.9104728 ],2,-1,-1,-1,-1
52,[0.53155574 0.8361519 ],2,32,"[0.48665559526796626, 0.8577997556406364]",1,1
53,[0.59625111 0.79711978],2,46,"[0.5904862981197248, 0.7784771194177618]",1,1
54,[0.487828   0.93882654],2,-1,-1,-1,-1
55,[0.43126727 0.80742176],2,31,"[0.4016199401941385, 0.8075661082560991]",1,1
56,[0.35518989 0.83015761],2,72,"[0.31803969429280926, 0.7957038017255572]",1,1
57,[0.43657613 0.79819256],2,31,"[0.4016199401941385, 0.8075661082560991]",1,1
58,[0.44515399 0.83939473],2,32,"[0.48665559526796626, 0.8577997556406364]",1,1
59,[0.49067695 0.87147316],2,32,"[0.48665559526796626, 0.8577997556406364]",1,1
60,[0.75279643 0.76468273],3,53,"[0.760947093689295, 0.750357845725767]",1,1
61,[0.85843502 0.76052234],3,3,"[0.8326679703471471, 0.7177805885524466]",1,1
62,[0.98057469 0.74809293],3,-1,-1,-1,-1
63,[0.81637804 0.83341102],3,61,"[0.8155498851739841, 0.815877957550063]",1,1
64,[0.87827205 0.88199925],3,-1,-1,-1,1
65,[0.83051274 0.74845228],3,3,"[0.8326679703471471, 0.7177805885524466]",1,1
66,[0.84042216 0.72401644],3,3,"[0.8326679703471471, 0.7177805885524466]",1,1
67,[0.81437972 0.70073297],3,3,"[0.8326679703471471, 0.7177805885524466]",1,1
68,[0.84892401 0.64009564],3,16,"[0.8676800386633335, 0.6288966234508196]",1,1
69,[0.83923341 0.77841939],3,61,"[0.8155498851739841, 0.815877957550063]",1,1
70,[0.89513312 0.85201718],3,-1,-1,-1,1
71,[0.85057141 0.70036816],3,3,"[0.8326679703471471, 0.7177805885524466]",1,1
72,[0.93760001 0.7060131 ],3,-1,-1,-1,-1
73,[0.87294983 0.81619317],3,55,"[0.905792710511556, 0.7788355301993599]",1,1
74,[0.9020697  0.86370016],3,-1,-1,-1,1
75,[0.84319696 0.73342547],3,3,"[0.8326679703471471, 0.7177805885524466]",1,1
76,[0.89099598 0.67610921],3,16,"[0.8676800386633335, 0.6288966234508196]",1,1
77,[0.796994   0.76103988],3,53,"[0.760947093689295, 0.750357845725767]",1,1
78,[0.87347286 0.63051702],3,16,"[0.8676800386633335, 0.6288966234508196]",1,1
79,[0.78603316 0.74636893],3,53,"[0.760947093689295, 0.750357845725767]",1,1
80,[0.18433164 0.15014896],4,20,"[0.19890071206659485, 0.1667249847797929]",1,1
81,[0.23859586 0.26935695],4,1,"[0.23197371395632496, 0.2333056186209852]",1,1
82,[0.34597038 0.19295031],4,11,"[0.3548115464236944, 0.2255380697510627]",1,1
83,[0.25446825 0.26554377],4,1,"[0.23197371395632496, 0.2333056186209852]",1,1
84,[0.34063933 0.18039922],4,43,"[0.29448444746086566, 0.17227555752205123]",1,1
85,[0.33496869 0.25327179],4,11,"[0.3548115464236944, 0.2255380697510627]",1,1
86,[0.25333882 0.21345917],4,1,"[0.23197371395632496, 0.2333056186209852]",1,1
87,[0.30203059 0.21323375],4,43,"[0.29448444746086566, 0.17227555752205123]",1,1
88,[0.25567784 0.18693584],4,43,"[0.29448444746086566, 0.17227555752205123]",1,1
89,[0.30663216 0.25804724],4,10,"[0.3266073335018755, 0.29946456668726884]",1,1
90,[0.20895768 0.18749533],4,20,"[0.19890071206659485, 0.1667249847797929]",1,1
91,[0.34127088 0.18969382],4,11,"[0.3548115464236944, 0.2255380697510627]",1,1
92,[0.23809759 0.15943543],4,20,"[0.19890071206659485, 0.1667249847797929]",1,1
93,[0.35644921 0.2657299 ],4,11,"[0.3548115464236944, 0.2255380697510627]",1,1
94,[0.33856766 0.2071475 ],4,11,"[0.3548115464236944, 0.2255380697510627]",1,1
95,[0.17441358 0.22549249],4,23,"[0.15171838046691594, 0.22492496306710738]",1,1
96,[0.21621688 0.13802538],4,20,"[0.19890071206659485, 0.1667249847797929]",1,1
97,[0.21342957 0.26726156],4,18,"[0.1835025603918059, 0.2714444923659028]",1,1
98,[0.27213946 0.20112434],4,43,"[0.29448444746086566, 0.17227555752205123]",1,1
99,[0.25816359 0.20331855],4,1,"[0.23197371395632496, 0.2333056186209852]",1,1
100,[0.58515327 0.50886402],5,26,"[0.567191904201611, 0.5072325625310501]",1,1
101,[0.57408372 0.59915   ],5,67,"[0.5688855309126224, 0.5788260866955416]",-1,1
102,[0.55031102 0.52886753],5,26,"[0.567191904201611, 0.5072325625310501]",1,1
103,[0.6686806  0.61938894],5,6,"[0.6661338464977384, 0.5786771892019208]",1,1
104,[0.53892907 0.54872574],5,67,"[0.5688855309126224, 0.5788260866955416]",1,1
105,[0.58059302 0.58404248],5,67,"[0.5688855309126224, 0.5788260866955416]",1,1
106,[0.65272456 0.50650537],5,48,"[0.687070979492939, 0.48622821867392296]",1,1
107,[0.53997103 0.57113113],5,67,"[0.5688855309126224, 0.5788260866955416]",1,1
108,[0.57508609 0.53561485],5,26,"[0.567191904201611, 0.5072325625310501]",1,1
109,[0.57444184 0.54914243],5,67,"[0.5688855309126224, 0.5788260866955416]",1,1
110,[0.67959169 0.60769953],5,6,"[0.6661338464977384, 0.5786771892019208]",1,1
111,[0.63120913 0.57824733],5,6,"[0.6661338464977384, 0.5786771892019208]",1,1
112,[0.55776335 0.59848475],5,67,"[0.5688855309126224, 0.5788260866955416]",1,1
113,[0.63953255 0.60060285],5,6,"[0.6661338464977384, 0.5786771892019208]",1,1
114,[0.545896   0.62633115],5,70,"[0.5250753789290405, 0.6258224986270927]",1,1
115,[0.50972183 0.70355418],5,45,"[0.5082025840536583, 0.7293813687627746]",1,1
116,[0.54164012 0.62059333],5,70,"[0.5250753789290405, 0.6258224986270927]",1,1
117,[0.60697052 0.66274073],5,74,"[0.5780301107359989, 0.6967931580864285]",-1,1
118,[0.69251353 0.58074967],5,6,"[0.6661338464977384, 0.5786771892019208]",1,1
119,[0.53718641 0.65213176],5,70,"[0.5250753789290405, 0.6258224986270927]",1,1
120,[0.61114502 0.82910217],6,8,"[0.5796329400688248, 0.8673421250886431]",1,1
121,[0.64865226 0.8305316 ],6,40,"[0.6637070746081725, 0.800876459104017]",-1,1
122,[0.54037559 0.88409898],6,8,"[0.5796329400688248, 0.8673421250886431]",1,1
123,[0.47466922 0.83742203],6,32,"[0.48665559526796626, 0.8577997556406364]",1,1
124,[0.58212464 0.86496502],6,8,"[0.5796329400688248, 0.8673421250886431]",1,1
125,[0.57378914 0.87691359],6,8,"[0.5796329400688248, 0.8673421250886431]",1,1
126,[0.59214864 0.87220598],6,8,"[0.5796329400688248, 0.8673421250886431]",1,1
127,[0.66952485 0.89894891],6,34,"[0.7102629863215386, 0.8821933187835579]",1,1
128,[0.55252549 0.92362931],6,79,"[0.5784957417088722, 0.9380959581967442]",1,1
129,[0.58318686 0.85503806],6,8,"[0.5796329400688248, 0.8673421250886431]",1,1
130,[0.57667082 0.88486517],6,8,"[0.5796329400688248, 0.8673421250886431]",1,1
131,[0.55362145 0.87615776],6,8,"[0.5796329400688248, 0.8673421250886431]",1,1
132,[0.56074806 0.82288565],6,8,"[0.5796329400688248, 0.8673421250886431]",1,1
133,[0.56905999 0.85811601],6,8,"[0.5796329400688248, 0.8673421250886431]",1,1
134,[0.61473656 0.8447153 ],6,8,"[0.5796329400688248, 0.8673421250886431]",1,1
135,[0.5679939  0.95819418],6,79,"[0.5784957417088722, 0.9380959581967442]",-1,1
136,[0.56017147 0.96497164],6,79,"[0.5784957417088722, 0.9380959581967442]",-1,1
137,[0.5881266  0.86256168],6,8,"[0.5796329400688248, 0.8673421250886431]",1,1
138,[0.69975112 0.90152296],6,34,"[0.7102629863215386, 0.8821933187835579]",1,1
139,[0.61655919 0.90227962],6,8,"[0.5796329400688248, 0.8673421250886431]",1,1
140,[0.39899815 0.71117789],7,14,"[0.38127921493968125, 0.6932550311489591]",1,1
141,[0.45431398 0.65858931],7,25,"[0.45415017816230446, 0.6928308603313326]",1,1
142,[0.39956884 0.7516967 ],7,17,"[0.35695188484019197, 0.7523915659352516]",1,1
143,[0.37534605 0.73112337],7,17,"[0.35695188484019197, 0.7523915659352516]",1,1
144,[0.328262   0.64949908],7,76,"[0.33503886298325813, 0.67339162379691]",1,1
145,[0.33115551 0.75198573],7,17,"[0.35695188484019197, 0.7523915659352516]",1,1
146,[0.39732229 0.64783927],7,77,"[0.3924759417894388, 0.6376217583398073]",1,1
147,[0.37363252 0.68055941],7,14,"[0.38127921493968125, 0.6932550311489591]",1,1
148,[0.3626284 0.7538267],7,17,"[0.35695188484019197, 0.7523915659352516]",1,1
149,[0.38877226 0.78597648],7,31,"[0.4016199401941385, 0.8075661082560991]",1,1
150,[0.36847152 0.77853498],7,17,"[0.35695188484019197, 0.7523915659352516]",1,1
151,[0.33354615 0.75162635],7,17,"[0.35695188484019197, 0.7523915659352516]",1,1
152,[0.34883521 0.73784968],7,17,"[0.35695188484019197, 0.7523915659352516]",1,1
153,[0.35545478 0.68820315],7,76,"[0.33503886298325813, 0.67339162379691]",1,1
154,[0.37373195 0.62440238],7,77,"[0.3924759417894388, 0.6376217583398073]",1,1
155,[0.35813336 0.7378065 ],7,17,"[0.35695188484019197, 0.7523915659352516]",1,1
156,[0.32962359 0.73778803],7,17,"[0.35695188484019197, 0.7523915659352516]",1,1
157,[0.37063977 0.67966955],7,14,"[0.38127921493968125, 0.6932550311489591]",1,1
158,[0.39480384 0.62230346],7,77,"[0.3924759417894388, 0.6376217583398073]",1,1
159,[0.30563415 0.83629294],7,72,"[0.31803969429280926, 0.7957038017255572]",1,1
160,[0.69330015 0.56011024],8,6,"[0.6661338464977384, 0.5786771892019208]",1,1
161,[0.67693702 0.50975757],8,48,"[0.687070979492939, 0.48622821867392296]",1,1
162,[0.65385097 0.46506264],8,48,"[0.687070979492939, 0.48622821867392296]",-1,1
163,[0.63208672 0.56154974],8,6,"[0.6661338464977384, 0.5786771892019208]",1,1
164,[0.67494825 0.60576979],8,6,"[0.6661338464977384, 0.5786771892019208]",1,1
165,[0.62990284 0.5471662 ],8,6,"[0.6661338464977384, 0.5786771892019208]",1,1
166,[0.56454927 0.4754469 ],8,26,"[0.567191904201611, 0.5072325625310501]",1,1
167,[0.56211682 0.66254984],8,74,"[0.5780301107359989, 0.6967931580864285]",1,1
168,[0.61247463 0.57517767],8,67,"[0.5688855309126224, 0.5788260866955416]",1,1
169,[0.53766551 0.57577986],8,67,"[0.5688855309126224, 0.5788260866955416]",1,1
170,[0.70174948 0.60973953],8,6,"[0.6661338464977384, 0.5786771892019208]",1,1
171,[0.60314669 0.4638496 ],8,26,"[0.567191904201611, 0.5072325625310501]",1,1
172,[0.61439535 0.57542673],8,67,"[0.5688855309126224, 0.5788260866955416]",1,1
173,[0.63622252 0.53812768],8,6,"[0.6661338464977384, 0.5786771892019208]",1,1
174,[0.63228979 0.55624432],8,6,"[0.6661338464977384, 0.5786771892019208]",1,1
175,[0.68829113 0.51075507],8,48,"[0.687070979492939, 0.48622821867392296]",1,1
176,[0.68179136 0.55969155],8,6,"[0.6661338464977384, 0.5786771892019208]",1,1
177,[0.67367772 0.55356866],8,6,"[0.6661338464977384, 0.5786771892019208]",1,1
178,[0.67984152 0.46599192],8,48,"[0.687070979492939, 0.48622821867392296]",-1,1
179,[0.71091932 0.51381972],8,48,"[0.687070979492939, 0.48622821867392296]",1,1
180,[0.17519422 0.13741232],9,49,"[0.14108382011319115, 0.15189498515777897]",1,1
181,[0.13372426 0.11138431],9,49,"[0.14108382011319115, 0.15189498515777897]",-1,1
182,[0.15145046 0.12667199],9,49,"[0.14108382011319115, 0.15189498515777897]",1,1
183,[0.15783863 0.24569796],9,23,"[0.15171838046691594, 0.22492496306710738]",1,1
184,[0.11197548 0.20263941],9,23,"[0.15171838046691594, 0.22492496306710738]",1,1
185,[0.16627435 0.12939312],9,49,"[0.14108382011319115, 0.15189498515777897]",1,1
186,[0.18462922 0.22462081],9,23,"[0.15171838046691594, 0.22492496306710738]",1,1
187,[0.13936473 0.15888931],9,49,"[0.14108382011319115, 0.15189498515777897]",1,1
188,[0.17483026 0.18014664],9,20,"[0.19890071206659485, 0.1667249847797929]",1,1
189,[0.11806476 0.16472732],9,49,"[0.14108382011319115, 0.15189498515777897]",1,1
190,[0.12676228 0.21291223],9,23,"[0.15171838046691594, 0.22492496306710738]",1,1
191,[0.23914755 0.1858512 ],9,20,"[0.19890071206659485, 0.1667249847797929]",1,1
192,[0.17431489 0.14468996],9,20,"[0.19890071206659485, 0.1667249847797929]",1,1
193,[0.18732996 0.14384485],9,20,"[0.19890071206659485, 0.1667249847797929]",1,1
194,[0.20198646 0.21399848],9,1,"[0.23197371395632496, 0.2333056186209852]",1,1
195,[0.18916408 0.15713742],9,20,"[0.19890071206659485, 0.1667249847797929]",1,1
196,[0.21002294 0.24494083],9,1,"[0.23197371395632496, 0.2333056186209852]",1,1
197,[0.16072742 0.11397959],9,49,"[0.14108382011319115, 0.15189498515777897]",1,1
198,[0.26451003 0.15955715],9,43,"[0.29448444746086566, 0.17227555752205123]",1,1
199,[0.15563762 0.16163565],9,49,"[0.14108382011319115, 0.15189498515777897]",1,1
200,[0.78231164 0.6067601 ],10,13,"[0.7853707395192608, 0.5761159850121148]",1,1
201,[0.78427995 0.56084268],10,13,"[0.7853707395192608, 0.5761159850121148]",1,1
202,[0.86650083 0.5051556 ],10,38,"[0.8599548576869228, 0.4800424664017421]",1,1
203,[0.77601084 0.51141928],10,35,"[0.7765680915405728, 0.5265927300079407]",1,1
204,[0.84653252 0.5072289 ],10,38,"[0.8599548576869228, 0.4800424664017421]",1,1
205,[0.80198121 0.66800061],10,9,"[0.7567858507257804, 0.6432087598903278]",1,1
206,[0.81798894 0.48205655],10,38,"[0.8599548576869228, 0.4800424664017421]",1,1
207,[0.72759875 0.56195346],10,13,"[0.7853707395192608, 0.5761159850121148]",1,1
208,[0.76457833 0.52878624],10,35,"[0.7765680915405728, 0.5265927300079407]",1,1
209,[0.81288417 0.57880482],10,13,"[0.7853707395192608, 0.5761159850121148]",1,1
210,[0.76860508 0.55761419],10,13,"[0.7853707395192608, 0.5761159850121148]",1,1
211,[0.83483132 0.4599284 ],10,38,"[0.8599548576869228, 0.4800424664017421]",1,1
212,[0.79070856 0.51371378],10,35,"[0.7765680915405728, 0.5265927300079407]",1,1
213,[0.78215794 0.59036848],10,13,"[0.7853707395192608, 0.5761159850121148]",1,1
214,[0.79782575 0.55340183],10,13,"[0.7853707395192608, 0.5761159850121148]",1,1
215,[0.80252605 0.58521501],10,13,"[0.7853707395192608, 0.5761159850121148]",1,1
216,[0.70989496 0.51330479],10,48,"[0.687070979492939, 0.48622821867392296]",1,1
217,[0.75506406 0.65200555],10,9,"[0.7567858507257804, 0.6432087598903278]",1,1
218,[0.75619767 0.55352686],10,35,"[0.7765680915405728, 0.5265927300079407]",1,1
219,[0.75043819 0.56352641],10,13,"[0.7853707395192608, 0.5761159850121148]",1,1
220,[0.21020224 0.402866  ],11,36,"[0.2103123707708048, 0.3722325676467321]",1,1
221,[0.2205413  0.46618464],11,51,"[0.2441594632849976, 0.42999567792564924]",1,1
222,[0.16825057 0.35295457],11,27,"[0.13580916418015224, 0.3418483154554529]",1,1
223,[0.12124628 0.35344182],11,27,"[0.13580916418015224, 0.3418483154554529]",1,1
224,[0.19970584 0.47000842],11,41,"[0.15380118083742333, 0.45219587344779405]",1,1
225,[0.10154348 0.34805771],11,27,"[0.13580916418015224, 0.3418483154554529]",1,1
226,[0.17166008 0.35899435],11,27,"[0.13580916418015224, 0.3418483154554529]",1,1
227,[0.21050976 0.36589655],11,36,"[0.2103123707708048, 0.3722325676467321]",1,1
228,[0.22063486 0.35544625],11,36,"[0.2103123707708048, 0.3722325676467321]",1,1
229,[0.11107783 0.37194262],11,27,"[0.13580916418015224, 0.3418483154554529]",1,1
230,[0.14350587 0.38306635],11,27,"[0.13580916418015224, 0.3418483154554529]",1,1
231,[0.16712135 0.41484937],11,41,"[0.15380118083742333, 0.45219587344779405]",1,1
232,[0.19341305 0.37812264],11,36,"[0.2103123707708048, 0.3722325676467321]",1,1
233,[0.15226059 0.33016451],11,27,"[0.13580916418015224, 0.3418483154554529]",1,1
234,[0.14502672 0.45858834],11,41,"[0.15380118083742333, 0.45219587344779405]",1,1
235,[0.13610684 0.42501456],11,41,"[0.15380118083742333, 0.45219587344779405]",1,1
236,[0.11419137 0.41223144],11,81,"[0.07191774650583299, 0.38617454439274174]",1,1
237,[0.13006468 0.3476322 ],11,27,"[0.13580916418015224, 0.3418483154554529]",1,1
238,[0.15413333 0.35254345],11,27,"[0.13580916418015224, 0.3418483154554529]",1,1
239,[0.15374507 0.31271085],11,27,"[0.13580916418015224, 0.3418483154554529]",1,1
240,[0.39519115 0.11976706],12,4,"[0.40647162406383897, 0.15232460414319962]",1,1
241,[0.30809513 0.07645015],12,-1,-1,-1,-1
242,[0.41563442 0.16139798],12,4,"[0.40647162406383897, 0.15232460414319962]",1,1
243,[0.41209263 0.16344574],12,4,"[0.40647162406383897, 0.15232460414319962]",1,1
244,[0.36299851 0.08813339],12,-1,-1,1,1
245,[0.37893305 0.16221131],12,4,"[0.40647162406383897, 0.15232460414319962]",1,1
246,[0.38308726 0.16491175],12,4,"[0.40647162406383897, 0.15232460414319962]",1,1
247,[0.37705983 0.12459834],12,4,"[0.40647162406383897, 0.15232460414319962]",1,1
248,[0.457081  0.0357314],12,80,"[0.4563222700570342, 0.06345420578596037]",-1,0
249,[0.36187126 0.15545076],12,4,"[0.40647162406383897, 0.15232460414319962]",1,1
250,[0.42050565 0.20314932],12,4,"[0.40647162406383897, 0.15232460414319962]",1,1
251,[0.43842172 0.14469269],12,4,"[0.40647162406383897, 0.15232460414319962]",1,1
252,[0.38762186 0.07047417],12,80,"[0.4563222700570342, 0.06345420578596037]",-1,1
253,[0.31783516 0.14780607],12,43,"[0.29448444746086566, 0.17227555752205123]",1,1
254,[0.35066106 0.11850916],12,4,"[0.40647162406383897, 0.15232460414319962]",-1,1
255,[0.39187202 0.11657621],12,4,"[0.40647162406383897, 0.15232460414319962]",1,1
256,[0.3737795  0.08906073],12,-1,-1,1,1
257,[0.42533309 0.15196244],12,4,"[0.40647162406383897, 0.15232460414319962]",1,1
258,[0.3467421  0.11753345],12,4,"[0.40647162406383897, 0.15232460414319962]",-1,1
259,[0.29139595 0.15384   ],12,43,"[0.29448444746086566, 0.17227555752205123]",1,1
260,[0.49408953 0.06365325],13,80,"[0.4563222700570342, 0.06345420578596037]",-1,0
261,[0.46310321 0.17955817],13,44,"[0.4826821467716503, 0.1771297425575975]",1,1
262,[0.41658082 0.14183103],13,4,"[0.40647162406383897, 0.15232460414319962]",1,1
263,[0.45734664 0.169403  ],13,44,"[0.4826821467716503, 0.1771297425575975]",1,1
264,[0.45195304 0.13473391],13,4,"[0.40647162406383897, 0.15232460414319962]",1,1
265,[0.55605097 0.17730054],13,7,"[0.5906769638076592, 0.20247399889999088]",1,1
266,[0.42809462 0.20293004],13,4,"[0.40647162406383897, 0.15232460414319962]",1,1
267,[0.43769989 0.09826272],13,80,"[0.4563222700570342, 0.06345420578596037]",1,1
268,[0.53436453 0.16669666],13,44,"[0.4826821467716503, 0.1771297425575975]",-1,1
269,[0.44183619 0.12819222],13,4,"[0.40647162406383897, 0.15232460414319962]",1,1
270,[0.42325053 0.20846882],13,4,"[0.40647162406383897, 0.15232460414319962]",1,1
271,[0.45402279 0.20290782],13,44,"[0.4826821467716503, 0.1771297425575975]",1,1
272,[0.41732401 0.17586061],13,4,"[0.40647162406383897, 0.15232460414319962]",1,1
273,[0.39261027 0.18559036],13,4,"[0.40647162406383897, 0.15232460414319962]",1,1
274,[0.39666896 0.13279482],13,4,"[0.40647162406383897, 0.15232460414319962]",1,1
275,[0.42408254 0.19489281],13,4,"[0.40647162406383897, 0.15232460414319962]",1,1
276,[0.4574703  0.21937429],13,44,"[0.4826821467716503, 0.1771297425575975]",1,1
277,[0.35041903 0.1817692 ],13,11,"[0.3548115464236944, 0.2255380697510627]",1,1
278,[0.41605055 0.17951456],13,4,"[0.40647162406383897, 0.15232460414319962]",1,1
279,[0.41189135 0.14685043],13,4,"[0.40647162406383897, 0.15232460414319962]",1,1
280,[0.5910245  0.11625845],14,56,"[0.5956085086415349, 0.11097001389678474]",1,1
281,[0.63015931 0.13309675],14,56,"[0.5956085086415349, 0.11097001389678474]",1,1
282,[0.60572686 0.06777277],14,56,"[0.5956085086415349, 0.11097001389678474]",-1,-1
283,[0.55474589 0.20346966],14,7,"[0.5906769638076592, 0.20247399889999088]",1,1
284,[0.60152988 0.13027119],14,56,"[0.5956085086415349, 0.11097001389678474]",1,1
285,[0.67544989 0.2133878 ],14,2,"[0.7292844814093792, 0.22717792739112563]",1,1
286,[0.60848345 0.18773974],14,7,"[0.5906769638076592, 0.20247399889999088]",1,1
287,[0.59064561 0.17834168],14,7,"[0.5906769638076592, 0.20247399889999088]",1,1
288,[0.6902693  0.13442396],14,28,"[0.6834540090500396, 0.1284351732928079]",1,1
289,[0.57680898 0.08428396],14,56,"[0.5956085086415349, 0.11097001389678474]",-1,1
290,[0.60432148 0.19274472],14,7,"[0.5906769638076592, 0.20247399889999088]",1,1
291,[0.60357764 0.06980154],14,56,"[0.5956085086415349, 0.11097001389678474]",-1,-1
292,[0.61151375 0.19840097],14,7,"[0.5906769638076592, 0.20247399889999088]",1,1
293,[0.63788569 0.10995569],14,56,"[0.5956085086415349, 0.11097001389678474]",1,1
294,[0.56251601 0.04052095],14,-1,-1,-1,-1
295,[0.6218105  0.12120779],14,56,"[0.5956085086415349, 0.11097001389678474]",1,1
296,[0.61199999 0.14691991],14,56,"[0.5956085086415349, 0.11097001389678474]",1,1
297,[0.60446666 0.16821939],14,7,"[0.5906769638076592, 0.20247399889999088]",1,1
298,[0.65502427 0.13528175],14,28,"[0.6834540090500396, 0.1284351732928079]",1,1
299,[0.67677387 0.05307338],14,-1,-1,-1,1
300,[0.4287456  0.78179114],15,31,"[0.4016199401941385, 0.8075661082560991]",1,1
301,[0.39500658 0.74431133],15,17,"[0.35695188484019197, 0.7523915659352516]",1,1
302,[0.39510287 0.83469868],15,31,"[0.4016199401941385, 0.8075661082560991]",-1,1
303,[0.40209223 0.7783434 ],15,31,"[0.4016199401941385, 0.8075661082560991]",1,1
304,[0.4238715  0.73376038],15,25,"[0.45415017816230446, 0.6928308603313326]",1,1
305,[0.47161172 0.74852193],15,33,"[0.4905288745843693, 0.7819672478327103]",1,1
306,[0.43785079 0.79861007],15,31,"[0.4016199401941385, 0.8075661082560991]",1,1
307,[0.44966535 0.69630183],15,25,"[0.45415017816230446, 0.6928308603313326]",1,1
308,[0.40015665 0.75338778],15,17,"[0.35695188484019197, 0.7523915659352516]",1,1
309,[0.38282132 0.81177121],15,31,"[0.4016199401941385, 0.8075661082560991]",1,1
310,[0.49965442 0.79983078],15,33,"[0.4905288745843693, 0.7819672478327103]",1,1
311,[0.40753709 0.76447745],15,31,"[0.4016199401941385, 0.8075661082560991]",1,1
312,[0.4163407  0.78320826],15,31,"[0.4016199401941385, 0.8075661082560991]",1,1
313,[0.37193255 0.6913765 ],15,14,"[0.38127921493968125, 0.6932550311489591]",1,1
314,[0.38043008 0.69719194],15,14,"[0.38127921493968125, 0.6932550311489591]",1,1
315,[0.44191603 0.68901186],15,25,"[0.45415017816230446, 0.6928308603313326]",1,1
316,[0.42476909 0.74722224],15,25,"[0.45415017816230446, 0.6928308603313326]",1,1
317,[0.38433743 0.75671411],15,17,"[0.35695188484019197, 0.7523915659352516]",1,1
318,[0.38765792 0.75669055],15,17,"[0.35695188484019197, 0.7523915659352516]",1,1
319,[0.43576912 0.81533053],15,31,"[0.4016199401941385, 0.8075661082560991]",1,1
320,[0.76673135 0.32669927],16,0,"[0.779927120456704, 0.33308489188051693]",1,1
321,[0.79512332 0.32274063],16,0,"[0.779927120456704, 0.33308489188051693]",1,1
322,[0.82822248 0.37078639],16,0,"[0.779927120456704, 0.33308489188051693]",1,1
323,[0.88081649 0.37175508],16,-1,-1,-1,-1
324,[0.76247426 0.40251581],16,29,"[0.7831308213742274, 0.4140688827593733]",1,1
325,[0.77300108 0.42552455],16,29,"[0.7831308213742274, 0.4140688827593733]",1,1
326,[0.84161752 0.29838327],16,-1,-1,1,1
327,[0.85780358 0.37189848],16,-1,-1,-1,1
328,[0.78639827 0.36944036],16,0,"[0.779927120456704, 0.33308489188051693]",1,1
329,[0.80066429 0.38259593],16,29,"[0.7831308213742274, 0.4140688827593733]",1,1
330,[0.7578936  0.41741308],16,29,"[0.7831308213742274, 0.4140688827593733]",1,1
331,[0.78933396 0.44043268],16,29,"[0.7831308213742274, 0.4140688827593733]",1,1
332,[0.80967087 0.35962832],16,0,"[0.779927120456704, 0.33308489188051693]",1,1
333,[0.7639903  0.32034056],16,0,"[0.779927120456704, 0.33308489188051693]",1,1
334,[0.82500457 0.3204591 ],16,0,"[0.779927120456704, 0.33308489188051693]",1,1
335,[0.82513526 0.42166881],16,29,"[0.7831308213742274, 0.4140688827593733]",1,1
336,[0.85651747 0.31779663],16,-1,-1,1,1
337,[0.73978791 0.36648129],16,24,"[0.7069032853647472, 0.39052580754787364]",1,1
338,[0.78492518 0.34673467],16,0,"[0.779927120456704, 0.33308489188051693]",1,1
339,[0.83594166 0.40462807],16,29,"[0.7831308213742274, 0.4140688827593733]",1,1
340,[0.09970855 0.30927668],17,27,"[0.13580916418015224, 0.3418483154554529]",1,1
341,[0.1906792  0.27894837],17,18,"[0.1835025603918059, 0.2714444923659028]",1,1
342,[0.25491096 0.27900637],17,1,"[0.23197371395632496, 0.2333056186209852]",1,1
343,[0.17398399 0.25920247],17,18,"[0.1835025603918059, 0.2714444923659028]",1,1
344,[0.20547163 0.13046644],17,20,"[0.19890071206659485, 0.1667249847797929]",1,1
345,[0.20100019 0.21500711],17,1,"[0.23197371395632496, 0.2333056186209852]",1,1
346,[0.19937258 0.26998559],17,18,"[0.1835025603918059, 0.2714444923659028]",1,1
347,[0.18415821 0.24490278],17,18,"[0.1835025603918059, 0.2714444923659028]",1,1
348,[0.17835384 0.24790297],17,18,"[0.1835025603918059, 0.2714444923659028]",1,1
349,[0.24998479 0.26197754],17,1,"[0.23197371395632496, 0.2333056186209852]",1,1
350,[0.17674475 0.29502111],17,18,"[0.1835025603918059, 0.2714444923659028]",1,1
351,[0.12665162 0.16379444],17,49,"[0.14108382011319115, 0.15189498515777897]",1,1
352,[0.17171247 0.21771634],17,23,"[0.15171838046691594, 0.22492496306710738]",1,1
353,[0.23668852 0.28213595],17,1,"[0.23197371395632496, 0.2333056186209852]",1,1
354,[0.18323917 0.25487747],17,18,"[0.1835025603918059, 0.2714444923659028]",1,1
355,[0.22001725 0.22081709],17,1,"[0.23197371395632496, 0.2333056186209852]",1,1
356,[0.20300307 0.24821178],17,18,"[0.1835025603918059, 0.2714444923659028]",1,1
357,[0.28437697 0.28870442],17,10,"[0.3266073335018755, 0.29946456668726884]",1,1
358,[0.18984326 0.26970232],17,18,"[0.1835025603918059, 0.2714444923659028]",1,1
359,[0.21659481 0.24765236],17,1,"[0.23197371395632496, 0.2333056186209852]",1,1
360,[0.27452666 0.89711354],18,12,"[0.24904036730704274, 0.8661622356992061]",1,1
361,[0.23751741 0.84733042],18,12,"[0.24904036730704274, 0.8661622356992061]",1,1
362,[0.24748689 0.78645339],18,30,"[0.22393913450683484, 0.7842039493574852]",1,1
363,[0.25881191 0.86295517],18,12,"[0.24904036730704274, 0.8661622356992061]",1,1
364,[0.2707791 0.8744786],18,12,"[0.24904036730704274, 0.8661622356992061]",1,1
365,[0.2533303  0.88132253],18,12,"[0.24904036730704274, 0.8661622356992061]",1,1
366,[0.21512675 0.86077407],18,12,"[0.24904036730704274, 0.8661622356992061]",1,1
367,[0.21526787 0.88050234],18,12,"[0.24904036730704274, 0.8661622356992061]",1,1
368,[0.24511103 0.86075978],18,12,"[0.24904036730704274, 0.8661622356992061]",1,1
369,[0.30901719 0.69022102],18,60,"[0.2989135278520375, 0.6929490092625582]",1,1
370,[0.22527836 0.80508456],18,30,"[0.22393913450683484, 0.7842039493574852]",1,1
371,[0.23633737 0.80492452],18,30,"[0.22393913450683484, 0.7842039493574852]",1,1
372,[0.24346324 0.75971789],18,30,"[0.22393913450683484, 0.7842039493574852]",1,1
373,[0.25618566 0.73703725],18,54,"[0.26487319495682093, 0.68282163210261]",1,1
374,[0.27451104 0.6927803 ],18,54,"[0.26487319495682093, 0.68282163210261]",1,1
375,[0.27715185 0.8034087 ],18,72,"[0.31803969429280926, 0.7957038017255572]",1,1
376,[0.27734473 0.79041533],18,72,"[0.31803969429280926, 0.7957038017255572]",1,1
377,[0.21616406 0.87468025],18,12,"[0.24904036730704274, 0.8661622356992061]",1,1
378,[0.22049681 0.82156678],18,30,"[0.22393913450683484, 0.7842039493574852]",1,1
379,[0.32056434 0.82386963],18,72,"[0.31803969429280926, 0.7957038017255572]",1,1
380,[0.91440909 0.23482352],19,39,"[0.9020712572577725, 0.17655718402332232]",-1,1
381,[0.85857866 0.20595856],19,21,"[0.8146504429194331, 0.21754661590637697]",1,1
382,[0.94108609 0.21010297],19,39,"[0.9020712572577725, 0.17655718402332232]",-1,1
383,[0.84868799 0.08546205],19,50,"[0.8171401773155691, 0.13010077988468619]",-1,1
384,[0.88948814 0.18841828],19,39,"[0.9020712572577725, 0.17655718402332232]",1,1
385,[0.88738857 0.22259225],19,39,"[0.9020712572577725, 0.17655718402332232]",1,1
386,[0.8049286  0.18886967],19,21,"[0.8146504429194331, 0.21754661590637697]",1,1
387,[0.83082799 0.29489735],19,0,"[0.779927120456704, 0.33308489188051693]",1,1
388,[0.91101908 0.22406163],19,39,"[0.9020712572577725, 0.17655718402332232]",1,1
389,[0.85443691 0.19845234],19,21,"[0.8146504429194331, 0.21754661590637697]",1,1
390,[0.88534829 0.1937984 ],19,39,"[0.9020712572577725, 0.17655718402332232]",1,1
391,[0.8830925  0.18505124],19,39,"[0.9020712572577725, 0.17655718402332232]",1,1
392,[0.92560789 0.18657236],19,39,"[0.9020712572577725, 0.17655718402332232]",-1,1
393,[0.89371665 0.22052133],19,39,"[0.9020712572577725, 0.17655718402332232]",1,1
394,[0.83078853 0.23034515],19,21,"[0.8146504429194331, 0.21754661590637697]",1,1
395,[0.90994476 0.17192656],19,39,"[0.9020712572577725, 0.17655718402332232]",1,1
396,[0.8458183  0.12557947],19,50,"[0.8171401773155691, 0.13010077988468619]",1,1
397,[0.84330245 0.20287327],19,21,"[0.8146504429194331, 0.21754661590637697]",1,1
398,[0.89917196 0.18135653],19,39,"[0.9020712572577725, 0.17655718402332232]",1,1
399,[0.85049128 0.17351039],19,39,"[0.9020712572577725, 0.17655718402332232]",1,1
400,[0.31129923 0.21476958],20,11,"[0.3548115464236944, 0.2255380697510627]",1,1
401,[0.35694219 0.1961231 ],20,11,"[0.3548115464236944, 0.2255380697510627]",1,1
402,[0.29107632 0.18435647],20,43,"[0.29448444746086566, 0.17227555752205123]",1,1
403,[0.29646186 0.24812812],20,10,"[0.3266073335018755, 0.29946456668726884]",1,1
404,[0.36440979 0.17238408],20,4,"[0.40647162406383897, 0.15232460414319962]",1,1
405,[0.34013395 0.22351497],20,11,"[0.3548115464236944, 0.2255380697510627]",1,1
406,[0.22928269 0.12897491],20,20,"[0.19890071206659485, 0.1667249847797929]",1,1
407,[0.28219803 0.18210467],20,43,"[0.29448444746086566, 0.17227555752205123]",1,1
408,[0.34206698 0.19933828],20,11,"[0.3548115464236944, 0.2255380697510627]",1,1
409,[0.30375845 0.18558484],20,43,"[0.29448444746086566, 0.17227555752205123]",1,1
410,[0.34318984 0.30610944],20,10,"[0.3266073335018755, 0.29946456668726884]",1,1
411,[0.3167547  0.14503013],20,43,"[0.29448444746086566, 0.17227555752205123]",1,1
412,[0.31045627 0.18564861],20,43,"[0.29448444746086566, 0.17227555752205123]",1,1
413,[0.31132295 0.25022838],20,11,"[0.3548115464236944, 0.2255380697510627]",1,1
414,[0.42688949 0.12332149],20,4,"[0.40647162406383897, 0.15232460414319962]",1,1
415,[0.20931322 0.17695697],20,20,"[0.19890071206659485, 0.1667249847797929]",1,1
416,[0.24773398 0.18784924],20,1,"[0.23197371395632496, 0.2333056186209852]",1,1
417,[0.3219599  0.27082458],20,10,"[0.3266073335018755, 0.29946456668726884]",1,1
418,[0.3150141  0.27172247],20,10,"[0.3266073335018755, 0.29946456668726884]",1,1
419,[0.32700691 0.20549722],20,11,"[0.3548115464236944, 0.2255380697510627]",1,1
420,[0.65536644 0.28165045],21,22,"[0.6650383504310831, 0.30196439737957353]",1,1
421,[0.69748604 0.22502419],21,2,"[0.7292844814093792, 0.22717792739112563]",1,1
422,[0.6831383  0.24020139],21,2,"[0.7292844814093792, 0.22717792739112563]",1,1
423,[0.71986366 0.24685528],21,2,"[0.7292844814093792, 0.22717792739112563]",1,1
424,[0.71757414 0.24526268],21,2,"[0.7292844814093792, 0.22717792739112563]",1,1
425,[0.59833002 0.25329218],21,7,"[0.5906769638076592, 0.20247399889999088]",1,1
426,[0.67134542 0.30536385],21,22,"[0.6650383504310831, 0.30196439737957353]",1,1
427,[0.65599691 0.3370531 ],21,22,"[0.6650383504310831, 0.30196439737957353]",1,1
428,[0.65299242 0.3107369 ],21,22,"[0.6650383504310831, 0.30196439737957353]",1,1
429,[0.69005057 0.34013411],21,22,"[0.6650383504310831, 0.30196439737957353]",1,1
430,[0.58875352 0.23493796],21,7,"[0.5906769638076592, 0.20247399889999088]",1,1
431,[0.68357244 0.14994882],21,28,"[0.6834540090500396, 0.1284351732928079]",1,1
432,[0.59575537 0.32822504],21,68,"[0.5521932255655568, 0.29012360538217147]",-1,1
433,[0.70104612 0.23348252],21,2,"[0.7292844814093792, 0.22717792739112563]",1,1
434,[0.7307015 0.2653757],21,2,"[0.7292844814093792, 0.22717792739112563]",1,1
435,[0.70022056 0.23314669],21,2,"[0.7292844814093792, 0.22717792739112563]",1,1
436,[0.68581951 0.28516192],21,22,"[0.6650383504310831, 0.30196439737957353]",1,1
437,[0.70194882 0.2626108 ],21,2,"[0.7292844814093792, 0.22717792739112563]",1,1
438,[0.71427417 0.25042832],21,2,"[0.7292844814093792, 0.22717792739112563]",1,1
439,[0.68103262 0.30491497],21,22,"[0.6650383504310831, 0.30196439737957353]",1,1
440,[0.13091673 0.22031763],22,23,"[0.15171838046691594, 0.22492496306710738]",1,1
441,[0.09064285 0.30830326],22,73,"[0.0878410563290824, 0.25696178091019584]",1,1
442,[0.11704855 0.36056757],22,27,"[0.13580916418015224, 0.3418483154554529]",1,1
443,[0.07664514 0.22262307],22,73,"[0.0878410563290824, 0.25696178091019584]",-1,1
444,[0.01419637 0.29309697],22,-1,-1,-1,-1
445,[0.17964266 0.26920344],22,18,"[0.1835025603918059, 0.2714444923659028]",1,1
446,[0.11246172 0.1038322 ],22,49,"[0.14108382011319115, 0.15189498515777897]",-1,-1
447,[0.17077373 0.21155361],22,23,"[0.15171838046691594, 0.22492496306710738]",1,1
448,[0.08418746 0.18318288],22,49,"[0.14108382011319115, 0.15189498515777897]",-1,1
449,[0.15809326 0.15072724],22,49,"[0.14108382011319115, 0.15189498515777897]",1,1
450,[0.14089674 0.17425661],22,49,"[0.14108382011319115, 0.15189498515777897]",1,1
451,[0.12488062 0.20181957],22,23,"[0.15171838046691594, 0.22492496306710738]",1,1
452,[0.18560181 0.26888677],22,18,"[0.1835025603918059, 0.2714444923659028]",1,1
453,[0.12308221 0.25635171],22,73,"[0.0878410563290824, 0.25696178091019584]",1,1
454,[0.06028621 0.25150696],22,73,"[0.0878410563290824, 0.25696178091019584]",-1,-1
455,[0.16103631 0.25684274],22,18,"[0.1835025603918059, 0.2714444923659028]",1,1
456,[0.17591898 0.1604579 ],22,20,"[0.19890071206659485, 0.1667249847797929]",1,1
457,[0.14725465 0.18148287],22,49,"[0.14108382011319115, 0.15189498515777897]",1,1
458,[0.17975668 0.18316638],22,20,"[0.19890071206659485, 0.1667249847797929]",1,1
459,[0.13018969 0.16091636],22,49,"[0.14108382011319115, 0.15189498515777897]",1,1
460,[0.8382151  0.68849691],23,3,"[0.8326679703471471, 0.7177805885524466]",1,1
461,[0.79524631 0.65018789],23,9,"[0.7567858507257804, 0.6432087598903278]",1,1
462,[0.73049012 0.5164355 ],23,35,"[0.7765680915405728, 0.5265927300079407]",1,1
463,[0.84449646 0.58115171],23,16,"[0.8676800386633335, 0.6288966234508196]",1,1
464,[0.82096531 0.53801295],23,35,"[0.7765680915405728, 0.5265927300079407]",1,1
465,[0.8579224  0.54314502],23,38,"[0.8599548576869228, 0.4800424664017421]",1,1
466,[0.76899089 0.58571321],23,13,"[0.7853707395192608, 0.5761159850121148]",1,1
467,[0.77052839 0.56791699],23,13,"[0.7853707395192608, 0.5761159850121148]",1,1
468,[0.89071829 0.55760212],23,-1,-1,-1,1
469,[0.76980131 0.54824044],23,35,"[0.7765680915405728, 0.5265927300079407]",1,1
470,[0.80408811 0.51552023],23,35,"[0.7765680915405728, 0.5265927300079407]",1,1
471,[0.78801311 0.63032032],23,9,"[0.7567858507257804, 0.6432087598903278]",1,1
472,[0.73261521 0.64825808],23,9,"[0.7567858507257804, 0.6432087598903278]",1,1
473,[0.89708815 0.58579128],23,16,"[0.8676800386633335, 0.6288966234508196]",-1,1
474,[0.80694561 0.52671226],23,35,"[0.7765680915405728, 0.5265927300079407]",1,1
475,[0.89271894 0.61636584],23,16,"[0.8676800386633335, 0.6288966234508196]",1,1
476,[0.83872587 0.56104068],23,13,"[0.7853707395192608, 0.5761159850121148]",1,1
477,[0.8213157  0.54505379],23,13,"[0.7853707395192608, 0.5761159850121148]",1,1
478,[0.83609672 0.55787939],23,13,"[0.7853707395192608, 0.5761159850121148]",1,1
479,[0.81968295 0.58903311],23,13,"[0.7853707395192608, 0.5761159850121148]",1,1
480,[0.18427519 0.24230723],24,18,"[0.1835025603918059, 0.2714444923659028]",1,1
481,[0.19892724 0.16793399],24,20,"[0.19890071206659485, 0.1667249847797929]",1,1
482,[0.18476487 0.2538087 ],24,18,"[0.1835025603918059, 0.2714444923659028]",1,1
483,[0.16286325 0.25642828],24,18,"[0.1835025603918059, 0.2714444923659028]",1,1
484,[0.16129498 0.35210799],24,27,"[0.13580916418015224, 0.3418483154554529]",1,1
485,[0.17750723 0.25569188],24,18,"[0.1835025603918059, 0.2714444923659028]",1,1
486,[0.22720715 0.26343872],24,1,"[0.23197371395632496, 0.2333056186209852]",1,1
487,[0.27220104 0.20454077],24,43,"[0.29448444746086566, 0.17227555752205123]",1,1
488,[0.15573179 0.24551582],24,23,"[0.15171838046691594, 0.22492496306710738]",1,1
489,[0.22022584 0.24282737],24,1,"[0.23197371395632496, 0.2333056186209852]",1,1
490,[0.1670633  0.23588685],24,23,"[0.15171838046691594, 0.22492496306710738]",1,1
491,[0.14107459 0.25576858],24,23,"[0.15171838046691594, 0.22492496306710738]",1,1
492,[0.17886928 0.31177514],24,18,"[0.1835025603918059, 0.2714444923659028]",1,1
493,[0.16272186 0.30180086],24,18,"[0.1835025603918059, 0.2714444923659028]",1,1
494,[0.20868023 0.23206079],24,1,"[0.23197371395632496, 0.2333056186209852]",1,1
495,[0.16048516 0.30574031],24,18,"[0.1835025603918059, 0.2714444923659028]",1,1
496,[0.15622439 0.20923022],24,23,"[0.15171838046691594, 0.22492496306710738]",1,1
497,[0.10549184 0.25464986],24,73,"[0.0878410563290824, 0.25696178091019584]",1,1
498,[0.11303404 0.24707793],24,73,"[0.0878410563290824, 0.25696178091019584]",1,1
499,[0.20915076 0.22320727],24,1,"[0.23197371395632496, 0.2333056186209852]",1,1
500,[0.15055643 0.4723817 ],25,41,"[0.15380118083742333, 0.45219587344779405]",1,1
501,[0.12392094 0.45563353],25,41,"[0.15380118083742333, 0.45219587344779405]",1,1
502,[0.0954544  0.41092061],25,81,"[0.07191774650583299, 0.38617454439274174]",-1,1
503,[0.15928271 0.54061438],25,82,"[0.14350861301364065, 0.5650059330394872]",-1,1
504,[0.1086798  0.48215774],25,41,"[0.15380118083742333, 0.45219587344779405]",1,1
505,[0.06306348 0.43737257],25,81,"[0.07191774650583299, 0.38617454439274174]",-1,-1
506,[0.18328131 0.45541978],25,41,"[0.15380118083742333, 0.45219587344779405]",1,1
507,[0.15626989 0.46926334],25,41,"[0.15380118083742333, 0.45219587344779405]",1,1
508,[0.16736501 0.4372026 ],25,41,"[0.15380118083742333, 0.45219587344779405]",1,1
509,[0.15946945 0.5319599 ],25,82,"[0.14350861301364065, 0.5650059330394872]",-1,1
510,[0.18131553 0.43828048],25,41,"[0.15380118083742333, 0.45219587344779405]",1,1
511,[0.15067103 0.43638444],25,41,"[0.15380118083742333, 0.45219587344779405]",1,1
512,[0.10753964 0.51007421],25,82,"[0.14350861301364065, 0.5650059330394872]",-1,-1
513,[0.18611579 0.43794721],25,41,"[0.15380118083742333, 0.45219587344779405]",1,1
514,[0.12773819 0.45569269],25,41,"[0.15380118083742333, 0.45219587344779405]",1,1
515,[0.10201157 0.39330323],25,81,"[0.07191774650583299, 0.38617454439274174]",1,1
516,[0.14722254 0.47185764],25,41,"[0.15380118083742333, 0.45219587344779405]",1,1
517,[0.16367156 0.4401815 ],25,41,"[0.15380118083742333, 0.45219587344779405]",1,1
518,[0.10942077 0.49446235],25,41,"[0.15380118083742333, 0.45219587344779405]",-1,1
519,[0.14558409 0.42903708],25,41,"[0.15380118083742333, 0.45219587344779405]",1,1
520,[0.10007838 0.78000212],26,37,"[0.11650004194734447, 0.8020241462240563]",1,1
521,[0.21950441 0.7896355 ],26,30,"[0.22393913450683484, 0.7842039493574852]",1,1
522,[0.1142223  0.77893048],26,37,"[0.11650004194734447, 0.8020241462240563]",1,1
523,[0.174852   0.89697901],26,65,"[0.15301792022436225, 0.8766397101274713]",1,1
524,[0.20131898 0.78579063],26,30,"[0.22393913450683484, 0.7842039493574852]",1,1
525,[0.23038744 0.80387859],26,30,"[0.22393913450683484, 0.7842039493574852]",1,1
526,[0.19756309 0.78194209],26,30,"[0.22393913450683484, 0.7842039493574852]",1,1
527,[0.14632385 0.7729572 ],26,37,"[0.11650004194734447, 0.8020241462240563]",1,1
528,[0.15957525 0.83409636],26,65,"[0.15301792022436225, 0.8766397101274713]",1,1
529,[0.18032168 0.76330103],26,30,"[0.22393913450683484, 0.7842039493574852]",1,1
530,[0.20409004 0.75307507],26,30,"[0.22393913450683484, 0.7842039493574852]",1,1
531,[0.10257897 0.84297945],26,37,"[0.11650004194734447, 0.8020241462240563]",1,1
532,[0.17945518 0.79744648],26,30,"[0.22393913450683484, 0.7842039493574852]",1,1
533,[0.14529504 0.75307115],26,37,"[0.11650004194734447, 0.8020241462240563]",1,1
534,[0.17344648 0.73403506],26,64,"[0.19079143816554742, 0.712146322904628]",1,1
535,[0.17297369 0.8680221 ],26,65,"[0.15301792022436225, 0.8766397101274713]",1,1
536,[0.09445287 0.76930887],26,37,"[0.11650004194734447, 0.8020241462240563]",-1,1
537,[0.15759756 0.77512277],26,37,"[0.11650004194734447, 0.8020241462240563]",1,1
538,[0.1990819  0.92999055],26,-1,-1,-1,1
539,[0.25825134 0.7674119 ],26,30,"[0.22393913450683484, 0.7842039493574852]",1,1
540,[0.31233418 0.54600853],27,69,"[0.3268734002059969, 0.5324289447508308]",1,1
541,[0.36298406 0.53276529],27,69,"[0.3268734002059969, 0.5324289447508308]",1,1
542,[0.36795219 0.55299315],27,69,"[0.3268734002059969, 0.5324289447508308]",1,1
543,[0.42638319 0.51048709],27,78,"[0.4502104887494982, 0.5276783836114508]",-1,1
544,[0.28997713 0.5252276 ],27,69,"[0.3268734002059969, 0.5324289447508308]",1,1
545,[0.3453578  0.50400978],27,69,"[0.3268734002059969, 0.5324289447508308]",1,1
546,[0.39356747 0.46260574],27,62,"[0.39847486423122164, 0.45013295030792333]",1,1
547,[0.24955198 0.54797636],27,71,"[0.27063518070783904, 0.5865553047760075]",1,1
548,[0.29522681 0.65251351],27,60,"[0.2989135278520375, 0.6929490092625582]",1,1
549,[0.37413475 0.47164097],27,62,"[0.39847486423122164, 0.45013295030792333]",1,1
550,[0.31324321 0.48974057],27,19,"[0.3392057618175884, 0.45348488600611664]",1,1
551,[0.25790066 0.58789982],27,71,"[0.27063518070783904, 0.5865553047760075]",1,1
552,[0.29707031 0.57978103],27,71,"[0.27063518070783904, 0.5865553047760075]",1,1
553,[0.27670404 0.5115995 ],27,69,"[0.3268734002059969, 0.5324289447508308]",1,1
554,[0.37595113 0.57393456],27,75,"[0.40821621568367966, 0.5877597335372744]",1,1
555,[0.31953071 0.51472167],27,69,"[0.3268734002059969, 0.5324289447508308]",1,1
556,[0.29653559 0.48498992],27,19,"[0.3392057618175884, 0.45348488600611664]",1,1
557,[0.34836509 0.48651596],27,19,"[0.3392057618175884, 0.45348488600611664]",1,1
558,[0.31240248 0.59466279],27,71,"[0.27063518070783904, 0.5865553047760075]",1,1
559,[0.32880384 0.53998961],27,69,"[0.3268734002059969, 0.5324289447508308]",1,1
560,[0.82228178 0.19737304],28,21,"[0.8146504429194331, 0.21754661590637697]",1,1
561,[0.76335497 0.24965058],28,2,"[0.7292844814093792, 0.22717792739112563]",1,1
562,[0.78998001 0.22275899],28,21,"[0.8146504429194331, 0.21754661590637697]",1,1
563,[0.86542307 0.16469299],28,39,"[0.9020712572577725, 0.17655718402332232]",1,1
564,[0.84391971 0.21141007],28,21,"[0.8146504429194331, 0.21754661590637697]",1,1
565,[0.78920935 0.27928107],28,0,"[0.779927120456704, 0.33308489188051693]",1,1
566,[0.82248247 0.25232761],28,21,"[0.8146504429194331, 0.21754661590637697]",1,1
567,[0.86436102 0.28618682],28,-1,-1,-1,1
568,[0.77475293 0.21022996],28,21,"[0.8146504429194331, 0.21754661590637697]",1,1
569,[0.78461994 0.22412967],28,21,"[0.8146504429194331, 0.21754661590637697]",1,1
570,[0.76956737 0.28277203],28,0,"[0.779927120456704, 0.33308489188051693]",1,1
571,[0.79131932 0.24650253],28,21,"[0.8146504429194331, 0.21754661590637697]",1,1
572,[0.74247098 0.20080207],28,2,"[0.7292844814093792, 0.22717792739112563]",1,1
573,[0.8438125  0.18966615],28,21,"[0.8146504429194331, 0.21754661590637697]",1,1
574,[0.73110686 0.22187276],28,2,"[0.7292844814093792, 0.22717792739112563]",1,1
575,[0.72021081 0.18944647],28,2,"[0.7292844814093792, 0.22717792739112563]",1,1
576,[0.69644942 0.18748742],28,2,"[0.7292844814093792, 0.22717792739112563]",1,1
577,[0.75604894 0.26255817],28,2,"[0.7292844814093792, 0.22717792739112563]",1,1
578,[0.73932826 0.31288422],28,0,"[0.779927120456704, 0.33308489188051693]",1,1
579,[0.75424484 0.29044916],28,0,"[0.779927120456704, 0.33308489188051693]",1,1
580,[0.79911889 0.39880668],29,29,"[0.7831308213742274, 0.4140688827593733]",1,1
581,[0.69476779 0.45276377],29,48,"[0.687070979492939, 0.48622821867392296]",1,1
582,[0.76351035 0.34317082],29,0,"[0.779927120456704, 0.33308489188051693]",1,1
583,[0.66612694 0.53437134],29,6,"[0.6661338464977384, 0.5786771892019208]",1,1
584,[0.80783976 0.44115237],29,29,"[0.7831308213742274, 0.4140688827593733]",1,1
585,[0.6946605  0.42526255],29,24,"[0.7069032853647472, 0.39052580754787364]",1,1
586,[0.69922681 0.41190732],29,24,"[0.7069032853647472, 0.39052580754787364]",1,1
587,[0.82619112 0.4722225 ],29,38,"[0.8599548576869228, 0.4800424664017421]",1,1
588,[0.70223723 0.39546368],29,24,"[0.7069032853647472, 0.39052580754787364]",1,1
589,[0.81051497 0.34503642],29,0,"[0.779927120456704, 0.33308489188051693]",1,1
590,[0.75023052 0.43783736],29,29,"[0.7831308213742274, 0.4140688827593733]",1,1
591,[0.70525682 0.43421798],29,24,"[0.7069032853647472, 0.39052580754787364]",1,1
592,[0.75908663 0.44420344],29,29,"[0.7831308213742274, 0.4140688827593733]",1,1
593,[0.71243134 0.39207201],29,24,"[0.7069032853647472, 0.39052580754787364]",1,1
594,[0.66582923 0.42890511],29,66,"[0.6345252451201616, 0.40829919572265005]",1,1
595,[0.76294866 0.31633808],29,0,"[0.779927120456704, 0.33308489188051693]",1,1
596,[0.68643044 0.36857831],29,24,"[0.7069032853647472, 0.39052580754787364]",1,1
597,[0.7620245  0.41616244],29,29,"[0.7831308213742274, 0.4140688827593733]",1,1
598,[0.83582629 0.39351058],29,29,"[0.7831308213742274, 0.4140688827593733]",1,1
599,[0.77699018 0.44401434],29,29,"[0.7831308213742274, 0.4140688827593733]",1,1
600,[0.28918648 0.17247527],30,43,"[0.29448444746086566, 0.17227555752205123]",1,1
601,[0.23251968 0.23737102],30,1,"[0.23197371395632496, 0.2333056186209852]",1,1
602,[0.26451434 0.25874995],30,1,"[0.23197371395632496, 0.2333056186209852]",1,1
603,[0.19642999 0.21060764],30,1,"[0.23197371395632496, 0.2333056186209852]",1,1
604,[0.29696391 0.1848965 ],30,43,"[0.29448444746086566, 0.17227555752205123]",1,1
605,[0.30959969 0.15529337],30,43,"[0.29448444746086566, 0.17227555752205123]",1,1
606,[0.26385555 0.24383776],30,1,"[0.23197371395632496, 0.2333056186209852]",1,1
607,[0.13247647 0.17411303],30,49,"[0.14108382011319115, 0.15189498515777897]",1,1
608,[0.25366063 0.23838858],30,1,"[0.23197371395632496, 0.2333056186209852]",1,1
609,[0.28099717 0.20213551],30,43,"[0.29448444746086566, 0.17227555752205123]",1,1
610,[0.25697986 0.16038852],30,43,"[0.29448444746086566, 0.17227555752205123]",1,1
611,[0.26268021 0.15075945],30,43,"[0.29448444746086566, 0.17227555752205123]",1,1
612,[0.23899698 0.20118671],30,1,"[0.23197371395632496, 0.2333056186209852]",1,1
613,[0.36020536 0.16549544],30,4,"[0.40647162406383897, 0.15232460414319962]",1,1
614,[0.32270826 0.273985  ],30,10,"[0.3266073335018755, 0.29946456668726884]",1,1
615,[0.33265211 0.16008073],30,43,"[0.29448444746086566, 0.17227555752205123]",1,1
616,[0.2942501  0.30376395],30,10,"[0.3266073335018755, 0.29946456668726884]",1,1
617,[0.31482881 0.12937309],30,43,"[0.29448444746086566, 0.17227555752205123]",1,1
618,[0.1973945 0.1615442],30,20,"[0.19890071206659485, 0.1667249847797929]",1,1
619,[0.34149626 0.23332295],30,11,"[0.3548115464236944, 0.2255380697510627]",1,1
620,[0.34328035 0.70465536],31,76,"[0.33503886298325813, 0.67339162379691]",1,1
621,[0.35327041 0.77062017],31,17,"[0.35695188484019197, 0.7523915659352516]",1,1
622,[0.33111819 0.51852178],31,69,"[0.3268734002059969, 0.5324289447508308]",1,1
623,[0.32467834 0.6878952 ],31,76,"[0.33503886298325813, 0.67339162379691]",1,1
624,[0.35927214 0.64455071],31,77,"[0.3924759417894388, 0.6376217583398073]",1,1
625,[0.37463184 0.63769479],31,77,"[0.3924759417894388, 0.6376217583398073]",1,1
626,[0.38529372 0.7057337 ],31,14,"[0.38127921493968125, 0.6932550311489591]",1,1
627,[0.38967485 0.67603539],31,14,"[0.38127921493968125, 0.6932550311489591]",1,1
628,[0.36357875 0.77452791],31,17,"[0.35695188484019197, 0.7523915659352516]",1,1
629,[0.29801211 0.61863191],31,71,"[0.27063518070783904, 0.5865553047760075]",1,1
630,[0.36974641 0.75421112],31,17,"[0.35695188484019197, 0.7523915659352516]",1,1
631,[0.33873506 0.72049972],31,17,"[0.35695188484019197, 0.7523915659352516]",1,1
632,[0.35184288 0.73902051],31,17,"[0.35695188484019197, 0.7523915659352516]",1,1
633,[0.30958955 0.6764736 ],31,60,"[0.2989135278520375, 0.6929490092625582]",1,1
634,[0.35896566 0.69036233],31,14,"[0.38127921493968125, 0.6932550311489591]",1,1
635,[0.43469316 0.6424144 ],31,77,"[0.3924759417894388, 0.6376217583398073]",1,1
636,[0.3735912  0.71893217],31,14,"[0.38127921493968125, 0.6932550311489591]",1,1
637,[0.3313458  0.70863338],31,76,"[0.33503886298325813, 0.67339162379691]",1,1
638,[0.35568833 0.66981006],31,76,"[0.33503886298325813, 0.67339162379691]",1,1
639,[0.38066537 0.7103812 ],31,14,"[0.38127921493968125, 0.6932550311489591]",1,1
640,[0.0568913  0.35173211],32,81,"[0.07191774650583299, 0.38617454439274174]",-1,1
641,[0.10591039 0.26525478],32,73,"[0.0878410563290824, 0.25696178091019584]",1,1
642,[0.1183014  0.37294803],32,27,"[0.13580916418015224, 0.3418483154554529]",1,1
643,[0.05808953 0.4145816 ],32,81,"[0.07191774650583299, 0.38617454439274174]",-1,-1
644,[0.06088366 0.35379468],32,81,"[0.07191774650583299, 0.38617454439274174]",-1,1
645,[0.15329828 0.35327869],32,27,"[0.13580916418015224, 0.3418483154554529]",1,1
646,[0.12513612 0.32473365],32,27,"[0.13580916418015224, 0.3418483154554529]",1,1
647,[0.17383911 0.37805724],32,36,"[0.2103123707708048, 0.3722325676467321]",1,1
648,[0.09549014 0.45439984],32,41,"[0.15380118083742333, 0.45219587344779405]",-1,1
649,[0.08907601 0.28882913],32,73,"[0.0878410563290824, 0.25696178091019584]",1,1
650,[0.09921562 0.37599705],32,81,"[0.07191774650583299, 0.38617454439274174]",1,1
651,[0.02311161 0.36643053],32,81,"[0.07191774650583299, 0.38617454439274174]",-1,-1
652,[0.13406266 0.28624305],32,18,"[0.1835025603918059, 0.2714444923659028]",1,1
653,[0.16886817 0.37838311],32,36,"[0.2103123707708048, 0.3722325676467321]",1,1
654,[0.12729361 0.27632108],32,73,"[0.0878410563290824, 0.25696178091019584]",1,1
655,[0.11628619 0.29999971],32,27,"[0.13580916418015224, 0.3418483154554529]",1,1
656,[0.14060485 0.32222269],32,27,"[0.13580916418015224, 0.3418483154554529]",1,1
657,[0.15044674 0.35286919],32,27,"[0.13580916418015224, 0.3418483154554529]",1,1
658,[0.08853855 0.37143852],32,81,"[0.07191774650583299, 0.38617454439274174]",1,1
659,[0.14844917 0.31083914],32,27,"[0.13580916418015224, 0.3418483154554529]",1,1
660,[0.3281141  0.73410687],33,17,"[0.35695188484019197, 0.7523915659352516]",1,1
661,[0.30059766 0.70457352],33,60,"[0.2989135278520375, 0.6929490092625582]",1,1
662,[0.37343404 0.74357719],33,17,"[0.35695188484019197, 0.7523915659352516]",1,1
663,[0.34991164 0.7655368 ],33,17,"[0.35695188484019197, 0.7523915659352516]",1,1
664,[0.3892874  0.74152182],33,17,"[0.35695188484019197, 0.7523915659352516]",1,1
665,[0.33523773 0.80056583],33,72,"[0.31803969429280926, 0.7957038017255572]",1,1
666,[0.40721764 0.68854581],33,14,"[0.38127921493968125, 0.6932550311489591]",1,1
667,[0.36775553 0.67360015],33,14,"[0.38127921493968125, 0.6932550311489591]",1,1
668,[0.31951282 0.78460074],33,72,"[0.31803969429280926, 0.7957038017255572]",1,1
669,[0.29078844 0.75973497],33,72,"[0.31803969429280926, 0.7957038017255572]",1,1
670,[0.37047269 0.85963494],33,31,"[0.4016199401941385, 0.8075661082560991]",-1,1
671,[0.36795999 0.71111068],33,14,"[0.38127921493968125, 0.6932550311489591]",1,1
672,[0.37545238 0.78304784],33,17,"[0.35695188484019197, 0.7523915659352516]",1,1
673,[0.30575286 0.77848398],33,72,"[0.31803969429280926, 0.7957038017255572]",1,1
674,[0.34925    0.72122032],33,17,"[0.35695188484019197, 0.7523915659352516]",1,1
675,[0.25943133 0.80611805],33,30,"[0.22393913450683484, 0.7842039493574852]",1,1
676,[0.35772816 0.80943243],33,72,"[0.31803969429280926, 0.7957038017255572]",1,1
677,[0.31184848 0.67494191],33,60,"[0.2989135278520375, 0.6929490092625582]",1,1
678,[0.32894883 0.74750678],33,17,"[0.35695188484019197, 0.7523915659352516]",1,1
679,[0.27761747 0.76749758],33,72,"[0.31803969429280926, 0.7957038017255572]",1,1
680,[0.57366044 0.85560017],34,8,"[0.5796329400688248, 0.8673421250886431]",1,1
681,[0.55584757 0.81505755],34,46,"[0.5904862981197248, 0.7784771194177618]",1,1
682,[0.60122249 0.91276666],34,79,"[0.5784957417088722, 0.9380959581967442]",1,1
683,[0.57667113 0.85275014],34,8,"[0.5796329400688248, 0.8673421250886431]",1,1
684,[0.58686188 0.85251906],34,8,"[0.5796329400688248, 0.8673421250886431]",1,1
685,[0.55448632 0.9150937 ],34,79,"[0.5784957417088722, 0.9380959581967442]",1,1
686,[0.48296438 0.82329258],34,32,"[0.48665559526796626, 0.8577997556406364]",1,1
687,[0.44456112 0.81577906],34,31,"[0.4016199401941385, 0.8075661082560991]",1,1
688,[0.59794756 0.8042085 ],34,46,"[0.5904862981197248, 0.7784771194177618]",1,1
689,[0.55997815 0.805825  ],34,46,"[0.5904862981197248, 0.7784771194177618]",1,1
690,[0.58114727 0.88117389],34,8,"[0.5796329400688248, 0.8673421250886431]",1,1
691,[0.6122568  0.88765973],34,8,"[0.5796329400688248, 0.8673421250886431]",1,1
692,[0.56655234 0.8208326 ],34,8,"[0.5796329400688248, 0.8673421250886431]",1,1
693,[0.48699271 0.83069038],34,32,"[0.48665559526796626, 0.8577997556406364]",1,1
694,[0.51442862 0.74417898],34,45,"[0.5082025840536583, 0.7293813687627746]",1,1
695,[0.65426712 0.79134257],34,40,"[0.6637070746081725, 0.800876459104017]",1,1
696,[0.51498728 0.78676554],34,33,"[0.4905288745843693, 0.7819672478327103]",1,1
697,[0.43297218 0.89912604],34,32,"[0.48665559526796626, 0.8577997556406364]",-1,1
698,[0.57325882 0.88202185],34,8,"[0.5796329400688248, 0.8673421250886431]",1,1
699,[0.59568765 0.81705608],34,46,"[0.5904862981197248, 0.7784771194177618]",1,1
700,[0.43499229 0.46380649],35,62,"[0.39847486423122164, 0.45013295030792333]",-1,1
701,[0.34696135 0.3154029 ],35,10,"[0.3266073335018755, 0.29946456668726884]",1,1
702,[0.31890159 0.32600989],35,10,"[0.3266073335018755, 0.29946456668726884]",1,1
703,[0.28795773 0.39774168],35,15,"[0.29658382717203163, 0.36809504601125903]",1,1
704,[0.40051857 0.37792784],35,5,"[0.37806869448263203, 0.3575422095646142]",1,1
705,[0.34112139 0.4375386 ],35,19,"[0.3392057618175884, 0.45348488600611664]",1,1
706,[0.31160724 0.34162858],35,15,"[0.29658382717203163, 0.36809504601125903]",1,1
707,[0.26386125 0.34422561],35,15,"[0.29658382717203163, 0.36809504601125903]",1,1
708,[0.36226701 0.37243446],35,5,"[0.37806869448263203, 0.3575422095646142]",1,1
709,[0.41215196 0.3555481 ],35,5,"[0.37806869448263203, 0.3575422095646142]",1,1
710,[0.34508286 0.36092266],35,5,"[0.37806869448263203, 0.3575422095646142]",1,1
711,[0.38612378 0.38636932],35,5,"[0.37806869448263203, 0.3575422095646142]",1,1
712,[0.27721311 0.35417379],35,15,"[0.29658382717203163, 0.36809504601125903]",1,1
713,[0.40438763 0.39782014],35,5,"[0.37806869448263203, 0.3575422095646142]",1,1
714,[0.32556112 0.34548647],35,15,"[0.29658382717203163, 0.36809504601125903]",1,1
715,[0.32789495 0.34032141],35,10,"[0.3266073335018755, 0.29946456668726884]",1,1
716,[0.37138335 0.32678569],35,5,"[0.37806869448263203, 0.3575422095646142]",1,1
717,[0.38587808 0.46116426],35,62,"[0.39847486423122164, 0.45013295030792333]",1,1
718,[0.37120265 0.3464662 ],35,5,"[0.37806869448263203, 0.3575422095646142]",1,1
719,[0.32364719 0.43904764],35,19,"[0.3392057618175884, 0.45348488600611664]",1,1
720,[0.36468274 0.31717969],36,10,"[0.3266073335018755, 0.29946456668726884]",1,1
721,[0.27274436 0.35401882],36,15,"[0.29658382717203163, 0.36809504601125903]",1,1
722,[0.26139393 0.42030158],36,51,"[0.2441594632849976, 0.42999567792564924]",1,1
723,[0.39471548 0.38762625],36,5,"[0.37806869448263203, 0.3575422095646142]",1,1
724,[0.35643695 0.38128691],36,5,"[0.37806869448263203, 0.3575422095646142]",1,1
725,[0.22148928 0.35739746],36,36,"[0.2103123707708048, 0.3722325676467321]",1,1
726,[0.41757798 0.40121373],36,63,"[0.46602917704439184, 0.4080765011366583]",1,1
727,[0.37075777 0.33845889],36,5,"[0.37806869448263203, 0.3575422095646142]",1,1
728,[0.30354997 0.30530815],36,10,"[0.3266073335018755, 0.29946456668726884]",1,1
729,[0.30298499 0.35329545],36,15,"[0.29658382717203163, 0.36809504601125903]",1,1
730,[0.3574652  0.39842488],36,5,"[0.37806869448263203, 0.3575422095646142]",1,1
731,[0.34091028 0.44958951],36,19,"[0.3392057618175884, 0.45348488600611664]",1,1
732,[0.33853816 0.3949841 ],36,15,"[0.29658382717203163, 0.36809504601125903]",1,1
733,[0.17248168 0.4025576 ],36,36,"[0.2103123707708048, 0.3722325676467321]",1,1
734,[0.34635087 0.42588892],36,19,"[0.3392057618175884, 0.45348488600611664]",1,1
735,[0.38081256 0.29788603],36,10,"[0.3266073335018755, 0.29946456668726884]",1,1
736,[0.33116647 0.36773694],36,15,"[0.29658382717203163, 0.36809504601125903]",1,1
737,[0.40869567 0.36704416],36,5,"[0.37806869448263203, 0.3575422095646142]",1,1
738,[0.32353249 0.40905198],36,19,"[0.3392057618175884, 0.45348488600611664]",1,1
739,[0.39648703 0.31419098],36,5,"[0.37806869448263203, 0.3575422095646142]",1,1
740,[0.84089266 0.52745606],37,38,"[0.8599548576869228, 0.4800424664017421]",1,1
741,[0.89104286 0.49802776],37,38,"[0.8599548576869228, 0.4800424664017421]",1,1
742,[0.88510948 0.39646759],37,-1,-1,-1,1
743,[0.88735125 0.3846826 ],37,-1,-1,-1,1
744,[0.92823818 0.42054414],37,-1,-1,-1,-1
745,[0.79814859 0.54691269],37,35,"[0.7765680915405728, 0.5265927300079407]",1,1
746,[0.89424125 0.41874988],37,-1,-1,1,1
747,[0.90415613 0.50846471],37,38,"[0.8599548576869228, 0.4800424664017421]",-1,1
748,[0.85853987 0.49045816],37,38,"[0.8599548576869228, 0.4800424664017421]",1,1
749,[0.77086009 0.41400736],37,29,"[0.7831308213742274, 0.4140688827593733]",1,1
750,[0.89703239 0.4344665 ],37,38,"[0.8599548576869228, 0.4800424664017421]",-1,1
751,[0.87137011 0.48373278],37,38,"[0.8599548576869228, 0.4800424664017421]",1,1
752,[0.85492966 0.47598653],37,38,"[0.8599548576869228, 0.4800424664017421]",1,1
753,[0.85695704 0.44150484],37,38,"[0.8599548576869228, 0.4800424664017421]",1,1
754,[0.86126995 0.48220284],37,38,"[0.8599548576869228, 0.4800424664017421]",1,1
755,[0.82672721 0.49305341],37,38,"[0.8599548576869228, 0.4800424664017421]",1,1
756,[0.85877334 0.43952755],37,38,"[0.8599548576869228, 0.4800424664017421]",1,1
757,[0.83280936 0.53190847],37,35,"[0.7765680915405728, 0.5265927300079407]",1,1
758,[0.89340221 0.49872103],37,38,"[0.8599548576869228, 0.4800424664017421]",1,1
759,[0.84748784 0.45652555],37,38,"[0.8599548576869228, 0.4800424664017421]",1,1
760,[0.15790631 0.24870057],38,23,"[0.15171838046691594, 0.22492496306710738]",1,1
761,[0.18959905 0.19813361],38,20,"[0.19890071206659485, 0.1667249847797929]",1,1
762,[0.22380342 0.27503974],38,18,"[0.1835025603918059, 0.2714444923659028]",1,1
763,[0.23294002 0.32311072],38,36,"[0.2103123707708048, 0.3722325676467321]",1,1
764,[0.20713231 0.21849208],38,1,"[0.23197371395632496, 0.2333056186209852]",1,1
765,[0.16585207 0.30792547],38,18,"[0.1835025603918059, 0.2714444923659028]",1,1
766,[0.22343263 0.26365411],38,1,"[0.23197371395632496, 0.2333056186209852]",1,1
767,[0.0795476  0.30406644],38,73,"[0.0878410563290824, 0.25696178091019584]",-1,1
768,[0.1237431  0.31826745],38,27,"[0.13580916418015224, 0.3418483154554529]",1,1
769,[0.15305682 0.31796394],38,27,"[0.13580916418015224, 0.3418483154554529]",1,1
770,[0.22080388 0.22560909],38,1,"[0.23197371395632496, 0.2333056186209852]",1,1
771,[0.21784275 0.22442573],38,1,"[0.23197371395632496, 0.2333056186209852]",1,1
772,[0.13944962 0.23384569],38,23,"[0.15171838046691594, 0.22492496306710738]",1,1
773,[0.23840412 0.30020361],38,18,"[0.1835025603918059, 0.2714444923659028]",1,1
774,[0.17745438 0.2364416 ],38,23,"[0.15171838046691594, 0.22492496306710738]",1,1
775,[0.16640027 0.25677241],38,18,"[0.1835025603918059, 0.2714444923659028]",1,1
776,[0.12917771 0.14298474],38,49,"[0.14108382011319115, 0.15189498515777897]",1,1
777,[0.11058295 0.23997048],38,73,"[0.0878410563290824, 0.25696178091019584]",1,1
778,[0.18514151 0.18641964],38,20,"[0.19890071206659485, 0.1667249847797929]",1,1
779,[0.2091751  0.24590292],38,1,"[0.23197371395632496, 0.2333056186209852]",1,1
780,[0.53697016 0.17759383],39,44,"[0.4826821467716503, 0.1771297425575975]",1,1
781,[0.55145577 0.30903745],39,68,"[0.5521932255655568, 0.29012360538217147]",0,1
782,[0.48492099 0.33286567],39,57,"[0.48307922876123255, 0.3419124982982468]",1,1
783,[0.62917673 0.28668666],39,22,"[0.6650383504310831, 0.30196439737957353]",1,1
784,[0.53841377 0.2355429 ],39,68,"[0.5521932255655568, 0.29012360538217147]",1,1
785,[0.61094166 0.29388312],39,22,"[0.6650383504310831, 0.30196439737957353]",1,1
786,[0.52474157 0.28667672],39,68,"[0.5521932255655568, 0.29012360538217147]",-1,1
787,[0.47930778 0.2999578 ],39,57,"[0.48307922876123255, 0.3419124982982468]",1,1
788,[0.53258811 0.236868  ],39,68,"[0.5521932255655568, 0.29012360538217147]",1,1
789,[0.55080261 0.3090237 ],39,68,"[0.5521932255655568, 0.29012360538217147]",0,1
790,[0.59282324 0.26998091],39,68,"[0.5521932255655568, 0.29012360538217147]",1,1
791,[0.5532306  0.21815163],39,7,"[0.5906769638076592, 0.20247399889999088]",1,1
792,[0.47996201 0.37561294],39,57,"[0.48307922876123255, 0.3419124982982468]",1,1
793,[0.55268453 0.3158697 ],39,68,"[0.5521932255655568, 0.29012360538217147]",0,1
794,[0.57024078 0.26422016],39,68,"[0.5521932255655568, 0.29012360538217147]",-1,1
795,[0.54293307 0.23030137],39,7,"[0.5906769638076592, 0.20247399889999088]",1,1
796,[0.52992525 0.31103245],39,68,"[0.5521932255655568, 0.29012360538217147]",-1,1
797,[0.61615099 0.28683911],39,22,"[0.6650383504310831, 0.30196439737957353]",1,1
798,[0.57499759 0.30501564],39,68,"[0.5521932255655568, 0.29012360538217147]",0,1
799,[0.57194435 0.21660167],39,7,"[0.5906769638076592, 0.20247399889999088]",1,1
800,[0.66289751 0.3000848 ],40,22,"[0.6650383504310831, 0.30196439737957353]",1,1
801,[0.75087507 0.306367  ],40,0,"[0.779927120456704, 0.33308489188051693]",1,1
802,[0.75752422 0.32856051],40,0,"[0.779927120456704, 0.33308489188051693]",1,1
803,[0.72584505 0.20780075],40,2,"[0.7292844814093792, 0.22717792739112563]",1,1
804,[0.67729441 0.28285148],40,22,"[0.6650383504310831, 0.30196439737957353]",1,1
805,[0.63381291 0.29823588],40,22,"[0.6650383504310831, 0.30196439737957353]",1,1
806,[0.69737616 0.3157943 ],40,22,"[0.6650383504310831, 0.30196439737957353]",1,1
807,[0.7526724  0.28484132],40,0,"[0.779927120456704, 0.33308489188051693]",1,1
808,[0.74134367 0.39644927],40,24,"[0.7069032853647472, 0.39052580754787364]",1,1
809,[0.67190964 0.33033511],40,22,"[0.6650383504310831, 0.30196439737957353]",1,1
810,[0.79851805 0.32265474],40,0,"[0.779927120456704, 0.33308489188051693]",1,1
811,[0.67105445 0.29205679],40,22,"[0.6650383504310831, 0.30196439737957353]",1,1
812,[0.76820327 0.25435306],40,2,"[0.7292844814093792, 0.22717792739112563]",1,1
813,[0.73387424 0.31029681],40,0,"[0.779927120456704, 0.33308489188051693]",1,1
814,[0.72160974 0.35320738],40,24,"[0.7069032853647472, 0.39052580754787364]",1,1
815,[0.71135284 0.35969684],40,24,"[0.7069032853647472, 0.39052580754787364]",1,1
816,[0.6699595  0.43009536],40,66,"[0.6345252451201616, 0.40829919572265005]",1,1
817,[0.72109043 0.31822499],40,22,"[0.6650383504310831, 0.30196439737957353]",1,1
818,[0.71392162 0.34518643],40,24,"[0.7069032853647472, 0.39052580754787364]",1,1
819,[0.76532552 0.35679792],40,0,"[0.779927120456704, 0.33308489188051693]",1,1
820,[0.66871756 0.09458617],41,28,"[0.6834540090500396, 0.1284351732928079]",1,1
821,[0.67046572 0.136406  ],41,28,"[0.6834540090500396, 0.1284351732928079]",1,1
822,[0.72550321 0.1093331 ],41,28,"[0.6834540090500396, 0.1284351732928079]",-1,1
823,[0.61417026 0.18381788],41,7,"[0.5906769638076592, 0.20247399889999088]",1,1
824,[0.71144591 0.12767818],41,28,"[0.6834540090500396, 0.1284351732928079]",1,1
825,[0.69103598 0.15857153],41,28,"[0.6834540090500396, 0.1284351732928079]",1,1
826,[0.66642948 0.07559911],41,28,"[0.6834540090500396, 0.1284351732928079]",1,1
827,[0.67474782 0.09146383],41,28,"[0.6834540090500396, 0.1284351732928079]",1,1
828,[0.65962265 0.12781987],41,28,"[0.6834540090500396, 0.1284351732928079]",1,1
829,[0.69281045 0.12511797],41,28,"[0.6834540090500396, 0.1284351732928079]",1,1
830,[0.71165741 0.10821379],41,28,"[0.6834540090500396, 0.1284351732928079]",1,1
831,[0.62644571 0.22657535],41,7,"[0.5906769638076592, 0.20247399889999088]",1,1
832,[0.67238902 0.14484992],41,28,"[0.6834540090500396, 0.1284351732928079]",1,1
833,[0.69367379 0.08594379],41,28,"[0.6834540090500396, 0.1284351732928079]",1,1
834,[0.70520122 0.15018436],41,28,"[0.6834540090500396, 0.1284351732928079]",1,1
835,[0.63605572 0.16779436],41,7,"[0.5906769638076592, 0.20247399889999088]",1,1
836,[0.58263434 0.12746782],41,56,"[0.5956085086415349, 0.11097001389678474]",1,1
837,[0.68679381 0.11950207],41,28,"[0.6834540090500396, 0.1284351732928079]",1,1
838,[0.67270122 0.16721183],41,28,"[0.6834540090500396, 0.1284351732928079]",1,1
839,[0.68050904 0.21745326],41,2,"[0.7292844814093792, 0.22717792739112563]",1,1
840,[0.34973658 0.31573965],42,10,"[0.3266073335018755, 0.29946456668726884]",1,1
841,[0.35969676 0.32698851],42,5,"[0.37806869448263203, 0.3575422095646142]",1,1
842,[0.3920722  0.23626531],42,11,"[0.3548115464236944, 0.2255380697510627]",1,1
843,[0.31601078 0.30552937],42,10,"[0.3266073335018755, 0.29946456668726884]",1,1
844,[0.38340955 0.33265631],42,5,"[0.37806869448263203, 0.3575422095646142]",1,1
845,[0.37887904 0.29323816],42,10,"[0.3266073335018755, 0.29946456668726884]",1,1
846,[0.36981339 0.3381402 ],42,5,"[0.37806869448263203, 0.3575422095646142]",1,1
847,[0.27970369 0.32318836],42,15,"[0.29658382717203163, 0.36809504601125903]",1,1
848,[0.29309745 0.27311746],42,10,"[0.3266073335018755, 0.29946456668726884]",1,1
849,[0.42891972 0.28103272],42,42,"[0.43033668091427674, 0.2742821411173443]",1,1
850,[0.38429486 0.25397416],42,11,"[0.3548115464236944, 0.2255380697510627]",1,1
851,[0.30562344 0.31914355],42,10,"[0.3266073335018755, 0.29946456668726884]",1,1
852,[0.34898208 0.25622702],42,11,"[0.3548115464236944, 0.2255380697510627]",1,1
853,[0.37782617 0.25974   ],42,11,"[0.3548115464236944, 0.2255380697510627]",1,1
854,[0.32031471 0.31858245],42,10,"[0.3266073335018755, 0.29946456668726884]",1,1
855,[0.35714712 0.3369847 ],42,5,"[0.37806869448263203, 0.3575422095646142]",1,1
856,[0.39522832 0.34377887],42,5,"[0.37806869448263203, 0.3575422095646142]",1,1
857,[0.31557357 0.350837  ],42,15,"[0.29658382717203163, 0.36809504601125903]",1,1
858,[0.25009339 0.24002972],42,1,"[0.23197371395632496, 0.2333056186209852]",1,1
859,[0.33240973 0.22982283],42,11,"[0.3548115464236944, 0.2255380697510627]",1,1
860,[0.83563166 0.74095342],43,3,"[0.8326679703471471, 0.7177805885524466]",1,1
861,[0.83203393 0.70356371],43,3,"[0.8326679703471471, 0.7177805885524466]",1,1
862,[0.82225029 0.69143349],43,3,"[0.8326679703471471, 0.7177805885524466]",1,1
863,[0.80717115 0.61918266],43,13,"[0.7853707395192608, 0.5761159850121148]",1,1
864,[0.90379241 0.66741625],43,16,"[0.8676800386633335, 0.6288966234508196]",1,1
865,[0.79807347 0.71201726],43,3,"[0.8326679703471471, 0.7177805885524466]",1,1
866,[0.85028645 0.75109212],43,3,"[0.8326679703471471, 0.7177805885524466]",1,1
867,[0.88175761 0.629322  ],43,16,"[0.8676800386633335, 0.6288966234508196]",1,1
868,[0.83801613 0.71488515],43,3,"[0.8326679703471471, 0.7177805885524466]",1,1
869,[0.97587098 0.66593948],43,-1,-1,-1,-1
870,[0.89589226 0.7815234 ],43,55,"[0.905792710511556, 0.7788355301993599]",1,1
871,[0.87182611 0.72558755],43,3,"[0.8326679703471471, 0.7177805885524466]",1,1
872,[0.85342411 0.67227041],43,16,"[0.8676800386633335, 0.6288966234508196]",1,1
873,[0.85340588 0.65398111],43,16,"[0.8676800386633335, 0.6288966234508196]",1,1
874,[0.90546365 0.62748945],43,16,"[0.8676800386633335, 0.6288966234508196]",1,1
875,[0.90733234 0.64626894],43,16,"[0.8676800386633335, 0.6288966234508196]",1,1
876,[0.90487843 0.58863593],43,16,"[0.8676800386633335, 0.6288966234508196]",-1,1
877,[0.81337955 0.68593618],43,3,"[0.8326679703471471, 0.7177805885524466]",1,1
878,[0.88841556 0.74197992],43,55,"[0.905792710511556, 0.7788355301993599]",1,1
879,[1.        0.7260672],43,-1,-1,-1,-1
880,[0.48889161 0.20329748],44,44,"[0.4826821467716503, 0.1771297425575975]",1,1
881,[0.40275637 0.28320338],44,42,"[0.43033668091427674, 0.2742821411173443]",1,1
882,[0.44066075 0.25980397],44,42,"[0.43033668091427674, 0.2742821411173443]",1,1
883,[0.34811036 0.22292622],44,11,"[0.3548115464236944, 0.2255380697510627]",1,1
884,[0.44494144 0.27330217],44,42,"[0.43033668091427674, 0.2742821411173443]",1,1
885,[0.45486754 0.32623959],44,57,"[0.48307922876123255, 0.3419124982982468]",1,1
886,[0.38141141 0.32273916],44,5,"[0.37806869448263203, 0.3575422095646142]",1,1
887,[0.48356386 0.27769341],44,42,"[0.43033668091427674, 0.2742821411173443]",1,1
888,[0.4660416 0.2690013],44,42,"[0.43033668091427674, 0.2742821411173443]",1,1
889,[0.39246199 0.30613215],44,42,"[0.43033668091427674, 0.2742821411173443]",1,1
890,[0.52258917 0.3510159 ],44,57,"[0.48307922876123255, 0.3419124982982468]",1,1
891,[0.45592572 0.17876188],44,44,"[0.4826821467716503, 0.1771297425575975]",1,1
892,[0.45067628 0.26344005],44,42,"[0.43033668091427674, 0.2742821411173443]",1,1
893,[0.45296056 0.24287645],44,42,"[0.43033668091427674, 0.2742821411173443]",1,1
894,[0.38304047 0.36275356],44,5,"[0.37806869448263203, 0.3575422095646142]",1,1
895,[0.46890782 0.35452778],44,57,"[0.48307922876123255, 0.3419124982982468]",1,1
896,[0.33286717 0.29268177],44,10,"[0.3266073335018755, 0.29946456668726884]",1,1
897,[0.35749902 0.25271043],44,11,"[0.3548115464236944, 0.2255380697510627]",1,1
898,[0.39656979 0.21705006],44,11,"[0.3548115464236944, 0.2255380697510627]",1,1
899,[0.38881144 0.27423985],44,42,"[0.43033668091427674, 0.2742821411173443]",1,1
900,[0.87401852 0.42174333],45,38,"[0.8599548576869228, 0.4800424664017421]",1,1
901,[0.80463414 0.34669368],45,0,"[0.779927120456704, 0.33308489188051693]",1,1
902,[0.72903201 0.31023084],45,0,"[0.779927120456704, 0.33308489188051693]",1,1
903,[0.7500057  0.36978162],45,0,"[0.779927120456704, 0.33308489188051693]",1,1
904,[0.82850393 0.4172863 ],45,29,"[0.7831308213742274, 0.4140688827593733]",1,1
905,[0.77742417 0.37825659],45,29,"[0.7831308213742274, 0.4140688827593733]",1,1
906,[0.71716803 0.41414575],45,24,"[0.7069032853647472, 0.39052580754787364]",1,1
907,[0.78290074 0.42181509],45,29,"[0.7831308213742274, 0.4140688827593733]",1,1
908,[0.77833461 0.38042478],45,29,"[0.7831308213742274, 0.4140688827593733]",1,1
909,[0.77178738 0.34730237],45,0,"[0.779927120456704, 0.33308489188051693]",1,1
910,[0.77932641 0.29193153],45,0,"[0.779927120456704, 0.33308489188051693]",1,1
911,[0.77323912 0.37178094],45,0,"[0.779927120456704, 0.33308489188051693]",1,1
912,[0.82553755 0.32615621],45,0,"[0.779927120456704, 0.33308489188051693]",1,1
913,[0.77876922 0.50547913],45,35,"[0.7765680915405728, 0.5265927300079407]",1,1
914,[0.79468511 0.35967812],45,0,"[0.779927120456704, 0.33308489188051693]",1,1
915,[0.72889799 0.31436632],45,0,"[0.779927120456704, 0.33308489188051693]",1,1
916,[0.81456785 0.35679335],45,0,"[0.779927120456704, 0.33308489188051693]",1,1
917,[0.82263064 0.46941289],45,38,"[0.8599548576869228, 0.4800424664017421]",1,1
918,[0.84024067 0.42913018],45,38,"[0.8599548576869228, 0.4800424664017421]",1,1
919,[0.75900759 0.34173311],45,0,"[0.779927120456704, 0.33308489188051693]",1,1
920,[0.39582032 0.79366325],46,31,"[0.4016199401941385, 0.8075661082560991]",1,1
921,[0.42929702 0.72500089],46,25,"[0.45415017816230446, 0.6928308603313326]",1,1
922,[0.41324999 0.7147128 ],46,14,"[0.38127921493968125, 0.6932550311489591]",1,1
923,[0.48108997 0.72426986],46,45,"[0.5082025840536583, 0.7293813687627746]",1,1
924,[0.44429355 0.66417442],46,25,"[0.45415017816230446, 0.6928308603313326]",1,1
925,[0.51774742 0.77243627],46,33,"[0.4905288745843693, 0.7819672478327103]",1,1
926,[0.32040087 0.69461528],46,60,"[0.2989135278520375, 0.6929490092625582]",1,1
927,[0.57326201 0.74137047],46,46,"[0.5904862981197248, 0.7784771194177618]",1,1
928,[0.40127064 0.81278563],46,31,"[0.4016199401941385, 0.8075661082560991]",1,1
929,[0.5101095  0.80923906],46,33,"[0.4905288745843693, 0.7819672478327103]",1,1
930,[0.50053417 0.73681953],46,45,"[0.5082025840536583, 0.7293813687627746]",1,1
931,[0.41508483 0.71737254],46,14,"[0.38127921493968125, 0.6932550311489591]",1,1
932,[0.45888712 0.78827328],46,33,"[0.4905288745843693, 0.7819672478327103]",1,1
933,[0.42195545 0.72525555],46,25,"[0.45415017816230446, 0.6928308603313326]",1,1
934,[0.48747214 0.74475564],46,45,"[0.5082025840536583, 0.7293813687627746]",1,1
935,[0.46443663 0.75943401],46,33,"[0.4905288745843693, 0.7819672478327103]",1,1
936,[0.52122041 0.75982417],46,45,"[0.5082025840536583, 0.7293813687627746]",1,1
937,[0.4662983  0.70600383],46,25,"[0.45415017816230446, 0.6928308603313326]",1,1
938,[0.39876374 0.7872371 ],46,31,"[0.4016199401941385, 0.8075661082560991]",1,1
939,[0.46860141 0.73446608],46,45,"[0.5082025840536583, 0.7293813687627746]",1,1
940,[0.60682206 0.80134239],47,46,"[0.5904862981197248, 0.7784771194177618]",1,1
941,[0.68053004 0.80467059],47,40,"[0.6637070746081725, 0.800876459104017]",1,1
942,[0.66584072 0.75617402],47,40,"[0.6637070746081725, 0.800876459104017]",1,1
943,[0.68239484 0.78225176],47,40,"[0.6637070746081725, 0.800876459104017]",1,1
944,[0.70912956 0.84369843],47,34,"[0.7102629863215386, 0.8821933187835579]",1,1
945,[0.70240412 0.85153788],47,34,"[0.7102629863215386, 0.8821933187835579]",1,1
946,[0.58483199 0.85140505],47,8,"[0.5796329400688248, 0.8673421250886431]",1,1
947,[0.69062162 0.71747992],47,47,"[0.6850438716226284, 0.7032912729823189]",1,1
948,[0.67260787 0.87769929],47,34,"[0.7102629863215386, 0.8821933187835579]",1,1
949,[0.72802219 0.87138109],47,34,"[0.7102629863215386, 0.8821933187835579]",1,1
950,[0.62974467 0.73476443],47,46,"[0.5904862981197248, 0.7784771194177618]",1,1
951,[0.66433451 0.78555671],47,40,"[0.6637070746081725, 0.800876459104017]",1,1
952,[0.72197934 0.81442779],47,40,"[0.6637070746081725, 0.800876459104017]",1,1
953,[0.69878427 0.79512059],47,40,"[0.6637070746081725, 0.800876459104017]",1,1
954,[0.70688716 0.80619126],47,40,"[0.6637070746081725, 0.800876459104017]",1,1
955,[0.69443729 0.8440426 ],47,34,"[0.7102629863215386, 0.8821933187835579]",1,1
956,[0.64376462 0.78437576],47,40,"[0.6637070746081725, 0.800876459104017]",1,1
957,[0.6192586  0.78708731],47,46,"[0.5904862981197248, 0.7784771194177618]",1,1
958,[0.68702612 0.90518208],47,34,"[0.7102629863215386, 0.8821933187835579]",1,1
959,[0.65418754 0.77361245],47,40,"[0.6637070746081725, 0.800876459104017]",1,1
960,[0.56154734 0.76125544],48,46,"[0.5904862981197248, 0.7784771194177618]",1,1
961,[0.70122964 0.79134628],48,40,"[0.6637070746081725, 0.800876459104017]",1,1
962,[0.59925021 0.81501771],48,46,"[0.5904862981197248, 0.7784771194177618]",1,1
963,[0.63983036 0.76781512],48,40,"[0.6637070746081725, 0.800876459104017]",1,1
964,[0.53866724 0.72459426],48,45,"[0.5082025840536583, 0.7293813687627746]",1,1
965,[0.62121636 0.76191262],48,46,"[0.5904862981197248, 0.7784771194177618]",1,1
966,[0.60531723 0.77300409],48,46,"[0.5904862981197248, 0.7784771194177618]",1,1
967,[0.55486594 0.71597235],48,74,"[0.5780301107359989, 0.6967931580864285]",1,1
968,[0.66260101 0.81645298],48,40,"[0.6637070746081725, 0.800876459104017]",1,1
969,[0.66634602 0.78095288],48,40,"[0.6637070746081725, 0.800876459104017]",1,1
970,[0.74484711 0.73546483],48,53,"[0.760947093689295, 0.750357845725767]",1,1
971,[0.63590267 0.73436096],48,47,"[0.6850438716226284, 0.7032912729823189]",1,1
972,[0.69706983 0.80038763],48,40,"[0.6637070746081725, 0.800876459104017]",1,1
973,[0.59844333 0.81011043],48,46,"[0.5904862981197248, 0.7784771194177618]",1,1
974,[0.64999403 0.782768  ],48,40,"[0.6637070746081725, 0.800876459104017]",1,1
975,[0.62876776 0.75860177],48,46,"[0.5904862981197248, 0.7784771194177618]",1,1
976,[0.6027222  0.73115871],48,74,"[0.5780301107359989, 0.6967931580864285]",1,1
977,[0.60920783 0.71509638],48,74,"[0.5780301107359989, 0.6967931580864285]",1,1
978,[0.63160694 0.78658066],48,40,"[0.6637070746081725, 0.800876459104017]",1,1
979,[0.63741312 0.75482832],48,46,"[0.5904862981197248, 0.7784771194177618]",1,1
980,[0.74740379 0.63178311],49,9,"[0.7567858507257804, 0.6432087598903278]",1,1
981,[0.73836905 0.58117225],49,13,"[0.7853707395192608, 0.5761159850121148]",1,1
982,[0.67412938 0.63568577],49,6,"[0.6661338464977384, 0.5786771892019208]",1,1
983,[0.67712233 0.55238318],49,6,"[0.6661338464977384, 0.5786771892019208]",1,1
984,[0.65800144 0.54808485],49,6,"[0.6661338464977384, 0.5786771892019208]",1,1
985,[0.69988255 0.60702222],49,6,"[0.6661338464977384, 0.5786771892019208]",1,1
986,[0.67624695 0.55303658],49,6,"[0.6661338464977384, 0.5786771892019208]",1,1
987,[0.71459312 0.58061456],49,6,"[0.6661338464977384, 0.5786771892019208]",1,1
988,[0.72004046 0.54762386],49,35,"[0.7765680915405728, 0.5265927300079407]",1,1
989,[0.67893197 0.61821451],49,6,"[0.6661338464977384, 0.5786771892019208]",1,1
990,[0.71412406 0.52200796],49,48,"[0.687070979492939, 0.48622821867392296]",1,1
991,[0.63494834 0.57075252],49,6,"[0.6661338464977384, 0.5786771892019208]",1,1
992,[0.71182923 0.59525723],49,6,"[0.6661338464977384, 0.5786771892019208]",1,1
993,[0.74436469 0.60309772],49,9,"[0.7567858507257804, 0.6432087598903278]",1,1
994,[0.7084059  0.54343647],49,6,"[0.6661338464977384, 0.5786771892019208]",1,1
995,[0.73109498 0.64199152],49,9,"[0.7567858507257804, 0.6432087598903278]",1,1
996,[0.72615345 0.60967848],49,9,"[0.7567858507257804, 0.6432087598903278]",1,1
997,[0.70353159 0.64687746],49,9,"[0.7567858507257804, 0.6432087598903278]",1,1
998,[0.7059022  0.61876318],49,9,"[0.7567858507257804, 0.6432087598903278]",1,1
999,[0.67936848 0.57960403],49,6,"[0.6661338464977384, 0.5786771892019208]",1,1
1000,[0.68331298 0.71755566],50,47,"[0.6850438716226284, 0.7032912729823189]",1,1
1001,[0.71948722 0.74514145],50,53,"[0.760947093689295, 0.750357845725767]",-1,1
1002,[0.76189185 0.64431183],50,9,"[0.7567858507257804, 0.6432087598903278]",1,1
1003,[0.62529685 0.71117133],50,74,"[0.5780301107359989, 0.6967931580864285]",1,1
1004,[0.73061194 0.7745151 ],50,53,"[0.760947093689295, 0.750357845725767]",1,1
1005,[0.80751049 0.64418387],50,9,"[0.7567858507257804, 0.6432087598903278]",1,1
1006,[0.6759227  0.68488959],50,47,"[0.6850438716226284, 0.7032912729823189]",1,1
1007,[0.83671551 0.80127327],50,61,"[0.8155498851739841, 0.815877957550063]",1,1
1008,[0.69844924 0.68438883],50,47,"[0.6850438716226284, 0.7032912729823189]",1,1
1009,[0.78064461 0.68702032],50,9,"[0.7567858507257804, 0.6432087598903278]",1,1
1010,[0.7040493  0.68959997],50,47,"[0.6850438716226284, 0.7032912729823189]",1,1
1011,[0.75287074 0.79710644],50,53,"[0.760947093689295, 0.750357845725767]",1,1
1012,[0.74098041 0.66109631],50,9,"[0.7567858507257804, 0.6432087598903278]",1,1
1013,[0.76227832 0.70754025],50,53,"[0.760947093689295, 0.750357845725767]",1,1
1014,[0.73218369 0.69530062],50,47,"[0.6850438716226284, 0.7032912729823189]",1,1
1015,[0.67417119 0.79355117],50,40,"[0.6637070746081725, 0.800876459104017]",1,1
1016,[0.75022157 0.66598169],50,9,"[0.7567858507257804, 0.6432087598903278]",1,1
1017,[0.74148986 0.59636465],50,13,"[0.7853707395192608, 0.5761159850121148]",1,1
1018,[0.78903997 0.68432285],50,9,"[0.7567858507257804, 0.6432087598903278]",1,1
1019,[0.831116   0.69540679],50,3,"[0.8326679703471471, 0.7177805885524466]",1,1
1020,[0.61856582 0.44428774],51,66,"[0.6345252451201616, 0.40829919572265005]",-1,1
1021,[0.45108213 0.41531316],51,63,"[0.46602917704439184, 0.4080765011366583]",1,1
1022,[0.53019908 0.47794001],51,52,"[0.5109442700820166, 0.47182737660357055]",1,1
1023,[0.52504224 0.45699319],51,52,"[0.5109442700820166, 0.47182737660357055]",1,1
1024,[0.53326309 0.44044631],51,52,"[0.5109442700820166, 0.47182737660357055]",1,1
1025,[0.43108848 0.51699341],51,78,"[0.4502104887494982, 0.5276783836114508]",-1,1
1026,[0.57415046 0.47478922],51,26,"[0.567191904201611, 0.5072325625310501]",1,1
1027,[0.52079469 0.35756793],51,57,"[0.48307922876123255, 0.3419124982982468]",1,1
1028,[0.573917   0.47801761],51,26,"[0.567191904201611, 0.5072325625310501]",1,1
1029,[0.62001226 0.4802653 ],51,26,"[0.567191904201611, 0.5072325625310501]",1,1
1030,[0.51347594 0.36661971],51,57,"[0.48307922876123255, 0.3419124982982468]",1,1
1031,[0.65027637 0.50741356],51,48,"[0.687070979492939, 0.48622821867392296]",1,1
1032,[0.49478678 0.41473302],51,63,"[0.46602917704439184, 0.4080765011366583]",1,1
1033,[0.63686277 0.42878337],51,66,"[0.6345252451201616, 0.40829919572265005]",1,1
1034,[0.67687912 0.46204145],51,48,"[0.687070979492939, 0.48622821867392296]",1,1
1035,[0.52983926 0.48063836],51,52,"[0.5109442700820166, 0.47182737660357055]",1,1
1036,[0.57612467 0.38542677],51,59,"[0.5590247983688589, 0.3951111108186407]",1,1
1037,[0.5615044  0.41652846],51,59,"[0.5590247983688589, 0.3951111108186407]",1,1
1038,[0.56130155 0.44765263],51,59,"[0.5590247983688589, 0.3951111108186407]",1,1
1039,[0.4948805  0.40471575],51,63,"[0.46602917704439184, 0.4080765011366583]",1,1
1040,[0.21673335 0.4162678 ],52,51,"[0.2441594632849976, 0.42999567792564924]",1,1
1041,[0.29664801 0.36916135],52,15,"[0.29658382717203163, 0.36809504601125903]",1,1
1042,[0.34114255 0.42022032],52,19,"[0.3392057618175884, 0.45348488600611664]",1,1
1043,[0.21968041 0.46884725],52,51,"[0.2441594632849976, 0.42999567792564924]",1,1
1044,[0.16476321 0.39482549],52,36,"[0.2103123707708048, 0.3722325676467321]",1,1
1045,[0.24866104 0.42508751],52,51,"[0.2441594632849976, 0.42999567792564924]",1,1
1046,[0.26559789 0.38519532],52,15,"[0.29658382717203163, 0.36809504601125903]",1,1
1047,[0.28732146 0.43196239],52,51,"[0.2441594632849976, 0.42999567792564924]",1,1
1048,[0.23163997 0.36702483],52,36,"[0.2103123707708048, 0.3722325676467321]",1,1
1049,[0.22169527 0.34531005],52,36,"[0.2103123707708048, 0.3722325676467321]",1,1
1050,[0.25622814 0.30929278],52,-1,-1,1,1
1051,[0.17770848 0.37158241],52,36,"[0.2103123707708048, 0.3722325676467321]",1,1
1052,[0.26030441 0.37623811],52,15,"[0.29658382717203163, 0.36809504601125903]",1,1
1053,[0.28962439 0.40574899],52,15,"[0.29658382717203163, 0.36809504601125903]",1,1
1054,[0.23562383 0.37249011],52,36,"[0.2103123707708048, 0.3722325676467321]",1,1
1055,[0.21599754 0.38130605],52,36,"[0.2103123707708048, 0.3722325676467321]",1,1
1056,[0.22087127 0.42918015],52,51,"[0.2441594632849976, 0.42999567792564924]",1,1
1057,[0.17652672 0.39006182],52,36,"[0.2103123707708048, 0.3722325676467321]",1,1
1058,[0.26208476 0.37560451],52,15,"[0.29658382717203163, 0.36809504601125903]",1,1
1059,[0.12497877 0.43523769],52,41,"[0.15380118083742333, 0.45219587344779405]",1,1
1060,[0.25172584 0.67276345],53,54,"[0.26487319495682093, 0.68282163210261]",1,1
1061,[0.22895068 0.68545305],53,54,"[0.26487319495682093, 0.68282163210261]",1,1
1062,[0.19958605 0.70942449],53,64,"[0.19079143816554742, 0.712146322904628]",1,1
1063,[0.24133531 0.68429793],53,54,"[0.26487319495682093, 0.68282163210261]",1,1
1064,[0.21398274 0.73008672],53,64,"[0.19079143816554742, 0.712146322904628]",1,1
1065,[0.17043538 0.73632892],53,64,"[0.19079143816554742, 0.712146322904628]",1,1
1066,[0.17397626 0.61983398],53,58,"[0.17306589461869332, 0.6368445167871721]",1,1
1067,[0.22391668 0.59917426],53,71,"[0.27063518070783904, 0.5865553047760075]",1,1
1068,[0.2489933  0.69301491],53,54,"[0.26487319495682093, 0.68282163210261]",1,1
1069,[0.16669255 0.64658226],53,58,"[0.17306589461869332, 0.6368445167871721]",1,1
1070,[0.21108516 0.75850732],53,30,"[0.22393913450683484, 0.7842039493574852]",1,1
1071,[0.19824918 0.63026858],53,58,"[0.17306589461869332, 0.6368445167871721]",1,1
1072,[0.21208537 0.64226243],53,58,"[0.17306589461869332, 0.6368445167871721]",1,1
1073,[0.20327839 0.71790233],53,64,"[0.19079143816554742, 0.712146322904628]",1,1
1074,[0.20554347 0.70052426],53,64,"[0.19079143816554742, 0.712146322904628]",1,1
1075,[0.18697248 0.68177435],53,64,"[0.19079143816554742, 0.712146322904628]",1,1
1076,[0.17826334 0.74786568],53,64,"[0.19079143816554742, 0.712146322904628]",1,1
1077,[0.19665835 0.65202491],53,58,"[0.17306589461869332, 0.6368445167871721]",1,1
1078,[0.19979215 0.78621799],53,30,"[0.22393913450683484, 0.7842039493574852]",1,1
1079,[0.18989751 0.69598855],53,64,"[0.19079143816554742, 0.712146322904628]",1,1
1080,[0.412899   0.40158388],54,62,"[0.39847486423122164, 0.45013295030792333]",1,1
1081,[0.29027744 0.29202573],54,10,"[0.3266073335018755, 0.29946456668726884]",1,1
1082,[0.35877108 0.35668396],54,5,"[0.37806869448263203, 0.3575422095646142]",1,1
1083,[0.3198153  0.38795764],54,15,"[0.29658382717203163, 0.36809504601125903]",1,1
1084,[0.31215084 0.32056879],54,10,"[0.3266073335018755, 0.29946456668726884]",1,1
1085,[0.3829948  0.21591459],54,11,"[0.3548115464236944, 0.2255380697510627]",1,1
1086,[0.34395258 0.35668171],54,5,"[0.37806869448263203, 0.3575422095646142]",1,1
1087,[0.34727531 0.31588802],54,10,"[0.3266073335018755, 0.29946456668726884]",1,1
1088,[0.37066434 0.35097181],54,5,"[0.37806869448263203, 0.3575422095646142]",1,1
1089,[0.26189649 0.35902804],54,15,"[0.29658382717203163, 0.36809504601125903]",1,1
1090,[0.41325862 0.32207654],54,5,"[0.37806869448263203, 0.3575422095646142]",1,1
1091,[0.33725334 0.43455913],54,19,"[0.3392057618175884, 0.45348488600611664]",1,1
1092,[0.39323756 0.3117285 ],54,5,"[0.37806869448263203, 0.3575422095646142]",1,1
1093,[0.33200077 0.28571124],54,10,"[0.3266073335018755, 0.29946456668726884]",1,1
1094,[0.30794765 0.3499457 ],54,15,"[0.29658382717203163, 0.36809504601125903]",1,1
1095,[0.3842787  0.31966738],54,5,"[0.37806869448263203, 0.3575422095646142]",1,1
1096,[0.24388043 0.40152939],54,51,"[0.2441594632849976, 0.42999567792564924]",1,1
1097,[0.32687092 0.3667069 ],54,15,"[0.29658382717203163, 0.36809504601125903]",1,1
1098,[0.36494405 0.36418808],54,5,"[0.37806869448263203, 0.3575422095646142]",1,1
1099,[0.35607868 0.30550362],54,10,"[0.3266073335018755, 0.29946456668726884]",1,1
1100,[0.22338805 0.44576761],55,51,"[0.2441594632849976, 0.42999567792564924]",1,1
1101,[0.27703844 0.45864802],55,51,"[0.2441594632849976, 0.42999567792564924]",-1,1
1102,[0.22640405 0.45380227],55,51,"[0.2441594632849976, 0.42999567792564924]",1,1
1103,[0.24742786 0.41708429],55,51,"[0.2441594632849976, 0.42999567792564924]",1,1
1104,[0.2532439 0.4108488],55,51,"[0.2441594632849976, 0.42999567792564924]",1,1
1105,[0.21745132 0.39953457],55,36,"[0.2103123707708048, 0.3722325676467321]",1,1
1106,[0.3109469  0.40271298],55,15,"[0.29658382717203163, 0.36809504601125903]",1,1
1107,[0.24190426 0.44789456],55,51,"[0.2441594632849976, 0.42999567792564924]",1,1
1108,[0.23561898 0.40000658],55,51,"[0.2441594632849976, 0.42999567792564924]",1,1
1109,[0.23529638 0.36283881],55,36,"[0.2103123707708048, 0.3722325676467321]",1,1
1110,[0.27764084 0.40189204],55,15,"[0.29658382717203163, 0.36809504601125903]",1,1
1111,[0.2343528  0.37976924],55,36,"[0.2103123707708048, 0.3722325676467321]",1,1
1112,[0.2774137  0.41308168],55,51,"[0.2441594632849976, 0.42999567792564924]",1,1
1113,[0.3067329  0.40966946],55,15,"[0.29658382717203163, 0.36809504601125903]",1,1
1114,[0.20512968 0.35872042],55,36,"[0.2103123707708048, 0.3722325676467321]",1,1
1115,[0.24817605 0.43374215],55,51,"[0.2441594632849976, 0.42999567792564924]",1,1
1116,[0.18270262 0.43957582],55,41,"[0.15380118083742333, 0.45219587344779405]",1,1
1117,[0.22155371 0.4358745 ],55,51,"[0.2441594632849976, 0.42999567792564924]",1,1
1118,[0.20672856 0.37843949],55,36,"[0.2103123707708048, 0.3722325676467321]",1,1
1119,[0.28235137 0.38203523],55,15,"[0.29658382717203163, 0.36809504601125903]",1,1
1120,[0.84621491 0.65389054],56,16,"[0.8676800386633335, 0.6288966234508196]",1,1
1121,[0.91584624 0.74588803],56,55,"[0.905792710511556, 0.7788355301993599]",-1,1
1122,[0.88432595 0.80381732],56,55,"[0.905792710511556, 0.7788355301993599]",1,1
1123,[0.85644908 0.70957872],56,3,"[0.8326679703471471, 0.7177805885524466]",1,1
1124,[0.82756441 0.8135016 ],56,61,"[0.8155498851739841, 0.815877957550063]",1,1
1125,[0.83583464 0.68828626],56,3,"[0.8326679703471471, 0.7177805885524466]",1,1
1126,[0.79691879 0.71991258],56,3,"[0.8326679703471471, 0.7177805885524466]",1,1
1127,[0.75988161 0.79404776],56,53,"[0.760947093689295, 0.750357845725767]",1,1
1128,[0.7721223  0.75896725],56,53,"[0.760947093689295, 0.750357845725767]",1,1
1129,[0.78611001 0.81187928],56,61,"[0.8155498851739841, 0.815877957550063]",1,1
1130,[0.81823231 0.67209691],56,3,"[0.8326679703471471, 0.7177805885524466]",1,1
1131,[0.85931132 0.74200639],56,3,"[0.8326679703471471, 0.7177805885524466]",1,1
1132,[0.76646673 0.7564792 ],56,53,"[0.760947093689295, 0.750357845725767]",1,1
1133,[0.70428063 0.75788358],56,53,"[0.760947093689295, 0.750357845725767]",1,1
1134,[0.74470627 0.78384078],56,53,"[0.760947093689295, 0.750357845725767]",1,1
1135,[0.83745124 0.70486492],56,3,"[0.8326679703471471, 0.7177805885524466]",1,1
1136,[0.79652852 0.79623073],56,61,"[0.8155498851739841, 0.815877957550063]",1,1
1137,[0.77864936 0.75286292],56,53,"[0.760947093689295, 0.750357845725767]",1,1
1138,[0.7544914  0.72755468],56,53,"[0.760947093689295, 0.750357845725767]",1,1
1139,[0.80105494 0.70135924],56,3,"[0.8326679703471471, 0.7177805885524466]",1,1
1140,[0.78377702 0.23963748],57,21,"[0.8146504429194331, 0.21754661590637697]",1,1
1141,[0.7236612  0.16369402],57,28,"[0.6834540090500396, 0.1284351732928079]",1,1
1142,[0.78286122 0.10950603],57,50,"[0.8171401773155691, 0.13010077988468619]",-1,1
1143,[0.7449377  0.20003558],57,2,"[0.7292844814093792, 0.22717792739112563]",1,1
1144,[0.70013128 0.14325145],57,28,"[0.6834540090500396, 0.1284351732928079]",1,1
1145,[0.71507617 0.13210823],57,28,"[0.6834540090500396, 0.1284351732928079]",1,1
1146,[0.66740988 0.15601082],57,28,"[0.6834540090500396, 0.1284351732928079]",1,1
1147,[0.7301245  0.26417835],57,2,"[0.7292844814093792, 0.22717792739112563]",1,1
1148,[0.78224376 0.2296551 ],57,21,"[0.8146504429194331, 0.21754661590637697]",1,1
1149,[0.75567243 0.18001617],57,2,"[0.7292844814093792, 0.22717792739112563]",1,1
1150,[0.72888091 0.12947162],57,28,"[0.6834540090500396, 0.1284351732928079]",1,1
1151,[0.7671767  0.20290776],57,2,"[0.7292844814093792, 0.22717792739112563]",1,1
1152,[0.7663865  0.14464672],57,50,"[0.8171401773155691, 0.13010077988468619]",1,1
1153,[0.80165989 0.26062514],57,21,"[0.8146504429194331, 0.21754661590637697]",1,1
1154,[0.73526027 0.15283909],57,28,"[0.6834540090500396, 0.1284351732928079]",1,1
1155,[0.75460489 0.08831576],57,-1,-1,-1,-1
1156,[0.65331182 0.07852567],57,28,"[0.6834540090500396, 0.1284351732928079]",1,1
1157,[0.74540882 0.24937556],57,2,"[0.7292844814093792, 0.22717792739112563]",1,1
1158,[0.73874381 0.20346493],57,2,"[0.7292844814093792, 0.22717792739112563]",1,1
1159,[0.76586428 0.1795131 ],57,2,"[0.7292844814093792, 0.22717792739112563]",1,1
1160,[0.7146009  0.38002622],58,24,"[0.7069032853647472, 0.39052580754787364]",1,1
1161,[0.7659995 0.4320386],58,29,"[0.7831308213742274, 0.4140688827593733]",1,1
1162,[0.69848955 0.34459886],58,24,"[0.7069032853647472, 0.39052580754787364]",1,1
1163,[0.71331708 0.3196652 ],58,22,"[0.6650383504310831, 0.30196439737957353]",1,1
1164,[0.67889989 0.29902759],58,22,"[0.6650383504310831, 0.30196439737957353]",1,1
1165,[0.69624    0.30712728],58,22,"[0.6650383504310831, 0.30196439737957353]",1,1
1166,[0.67693689 0.41769583],58,24,"[0.7069032853647472, 0.39052580754787364]",1,1
1167,[0.67393514 0.41878391],58,66,"[0.6345252451201616, 0.40829919572265005]",1,1
1168,[0.73842081 0.39118679],58,24,"[0.7069032853647472, 0.39052580754787364]",1,1
1169,[0.75019375 0.39849761],58,29,"[0.7831308213742274, 0.4140688827593733]",1,1
1170,[0.78989296 0.39115837],58,29,"[0.7831308213742274, 0.4140688827593733]",1,1
1171,[0.78281199 0.41450089],58,29,"[0.7831308213742274, 0.4140688827593733]",1,1
1172,[0.73943145 0.3185388 ],58,0,"[0.779927120456704, 0.33308489188051693]",1,1
1173,[0.70754055 0.36660045],58,24,"[0.7069032853647472, 0.39052580754787364]",1,1
1174,[0.70406656 0.28884827],58,22,"[0.6650383504310831, 0.30196439737957353]",1,1
1175,[0.72758174 0.39936429],58,24,"[0.7069032853647472, 0.39052580754787364]",1,1
1176,[0.6999898  0.42638802],58,24,"[0.7069032853647472, 0.39052580754787364]",1,1
1177,[0.72504323 0.34301227],58,24,"[0.7069032853647472, 0.39052580754787364]",1,1
1178,[0.73588539 0.39877474],58,24,"[0.7069032853647472, 0.39052580754787364]",1,1
1179,[0.73612127 0.37725458],58,24,"[0.7069032853647472, 0.39052580754787364]",1,1
1180,[0.21286559 0.27871264],59,18,"[0.1835025603918059, 0.2714444923659028]",1,1
1181,[0.16785313 0.19824679],59,23,"[0.15171838046691594, 0.22492496306710738]",1,1
1182,[0.2132761  0.19171531],59,20,"[0.19890071206659485, 0.1667249847797929]",1,1
1183,[0.24604338 0.19244559],59,1,"[0.23197371395632496, 0.2333056186209852]",1,1
1184,[0.3036081  0.28491256],59,10,"[0.3266073335018755, 0.29946456668726884]",1,1
1185,[0.19160993 0.21469973],59,23,"[0.15171838046691594, 0.22492496306710738]",1,1
1186,[0.19870179 0.16660858],59,20,"[0.19890071206659485, 0.1667249847797929]",1,1
1187,[0.21005104 0.18980969],59,20,"[0.19890071206659485, 0.1667249847797929]",1,1
1188,[0.20878345 0.21246525],59,1,"[0.23197371395632496, 0.2333056186209852]",1,1
1189,[0.19916161 0.21324565],59,1,"[0.23197371395632496, 0.2333056186209852]",1,1
1190,[0.19565473 0.16716113],59,20,"[0.19890071206659485, 0.1667249847797929]",1,1
1191,[0.22358192 0.11542609],59,20,"[0.19890071206659485, 0.1667249847797929]",-1,1
1192,[0.26765435 0.26123351],59,1,"[0.23197371395632496, 0.2333056186209852]",1,1
1193,[0.23660471 0.15235316],59,20,"[0.19890071206659485, 0.1667249847797929]",1,1
1194,[0.15645575 0.14984219],59,49,"[0.14108382011319115, 0.15189498515777897]",1,1
1195,[0.13156584 0.21592532],59,23,"[0.15171838046691594, 0.22492496306710738]",1,1
1196,[0.23628021 0.2063446 ],59,1,"[0.23197371395632496, 0.2333056186209852]",1,1
1197,[0.19750831 0.29238243],59,18,"[0.1835025603918059, 0.2714444923659028]",1,1
1198,[0.25665861 0.20164548],59,1,"[0.23197371395632496, 0.2333056186209852]",1,1
1199,[0.17692634 0.26151759],59,18,"[0.1835025603918059, 0.2714444923659028]",1,1
1200,[0.46764746 0.71945679],60,25,"[0.45415017816230446, 0.6928308603313326]",1,1
1201,[0.53661416 0.75000132],60,45,"[0.5082025840536583, 0.7293813687627746]",1,1
1202,[0.54766328 0.74639338],60,45,"[0.5082025840536583, 0.7293813687627746]",1,1
1203,[0.48510858 0.71897102],60,45,"[0.5082025840536583, 0.7293813687627746]",1,1
1204,[0.47597595 0.8443577 ],60,32,"[0.48665559526796626, 0.8577997556406364]",1,1
1205,[0.56816145 0.79286424],60,46,"[0.5904862981197248, 0.7784771194177618]",1,1
1206,[0.49978099 0.69388102],60,45,"[0.5082025840536583, 0.7293813687627746]",1,1
1207,[0.4990854  0.75725954],60,33,"[0.4905288745843693, 0.7819672478327103]",1,1
1208,[0.52488209 0.78653552],60,33,"[0.4905288745843693, 0.7819672478327103]",1,1
1209,[0.44354299 0.67722862],60,25,"[0.45415017816230446, 0.6928308603313326]",1,1
1210,[0.45187495 0.83904835],60,32,"[0.48665559526796626, 0.8577997556406364]",1,1
1211,[0.56126907 0.70801799],60,74,"[0.5780301107359989, 0.6967931580864285]",1,1
1212,[0.46819605 0.77803024],60,33,"[0.4905288745843693, 0.7819672478327103]",1,1
1213,[0.56562661 0.76344607],60,46,"[0.5904862981197248, 0.7784771194177618]",1,1
1214,[0.46466411 0.73263683],60,25,"[0.45415017816230446, 0.6928308603313326]",1,1
1215,[0.56255538 0.76687227],60,46,"[0.5904862981197248, 0.7784771194177618]",1,1
1216,[0.48663306 0.72087447],60,45,"[0.5082025840536583, 0.7293813687627746]",1,1
1217,[0.62127935 0.79763837],60,46,"[0.5904862981197248, 0.7784771194177618]",1,1
1218,[0.57180731 0.81852156],60,46,"[0.5904862981197248, 0.7784771194177618]",1,1
1219,[0.48852193 0.76588522],60,33,"[0.4905288745843693, 0.7819672478327103]",1,1
1220,[0.12485678 0.23791636],61,23,"[0.15171838046691594, 0.22492496306710738]",1,1
1221,[0.18848768 0.19030007],61,20,"[0.19890071206659485, 0.1667249847797929]",1,1
1222,[0.19527299 0.25893576],61,18,"[0.1835025603918059, 0.2714444923659028]",1,1
1223,[0.13493321 0.18457131],61,49,"[0.14108382011319115, 0.15189498515777897]",1,1
1224,[0.22046992 0.28142971],61,18,"[0.1835025603918059, 0.2714444923659028]",1,1
1225,[0.17553237 0.31909003],61,27,"[0.13580916418015224, 0.3418483154554529]",1,1
1226,[0.19504614 0.23390894],61,1,"[0.23197371395632496, 0.2333056186209852]",1,1
1227,[0.16388627 0.24229927],61,23,"[0.15171838046691594, 0.22492496306710738]",1,1
1228,[0.12799152 0.2196527 ],61,23,"[0.15171838046691594, 0.22492496306710738]",1,1
1229,[0.23541237 0.2195834 ],61,1,"[0.23197371395632496, 0.2333056186209852]",1,1
1230,[0.22471081 0.29546765],61,18,"[0.1835025603918059, 0.2714444923659028]",1,1
1231,[0.11996385 0.21748288],61,23,"[0.15171838046691594, 0.22492496306710738]",1,1
1232,[0.21431532 0.17483926],61,20,"[0.19890071206659485, 0.1667249847797929]",1,1
1233,[0.19489037 0.20220345],61,20,"[0.19890071206659485, 0.1667249847797929]",1,1
1234,[0.14953541 0.20531368],61,23,"[0.15171838046691594, 0.22492496306710738]",1,1
1235,[0.18221945 0.21655269],61,23,"[0.15171838046691594, 0.22492496306710738]",1,1
1236,[0.29062984 0.20967047],61,43,"[0.29448444746086566, 0.17227555752205123]",1,1
1237,[0.14567433 0.18090744],61,49,"[0.14108382011319115, 0.15189498515777897]",1,1
1238,[0.21035959 0.26126333],61,18,"[0.1835025603918059, 0.2714444923659028]",1,1
1239,[0.18771997 0.22094102],61,23,"[0.15171838046691594, 0.22492496306710738]",1,1
1240,[0.43452917 0.11665558],62,4,"[0.40647162406383897, 0.15232460414319962]",1,1
1241,[0.43085218 0.19621042],62,4,"[0.40647162406383897, 0.15232460414319962]",1,1
1242,[0.50748612 0.19260452],62,44,"[0.4826821467716503, 0.1771297425575975]",1,1
1243,[0.41994114 0.        ],62,-1,-1,-1,-1
1244,[0.49365067 0.0422477 ],62,80,"[0.4563222700570342, 0.06345420578596037]",-1,0
1245,[0.42211743 0.09237312],62,80,"[0.4563222700570342, 0.06345420578596037]",1,1
1246,[0.39255335 0.07602218],62,80,"[0.4563222700570342, 0.06345420578596037]",1,1
1247,[0.43469394 0.10979968],62,4,"[0.40647162406383897, 0.15232460414319962]",1,1
1248,[0.36085535 0.06802484],62,-1,-1,-1,1
1249,[0.48388761 0.14434081],62,44,"[0.4826821467716503, 0.1771297425575975]",1,1
1250,[0.6197971  0.17759686],62,7,"[0.5906769638076592, 0.20247399889999088]",1,1
1251,[0.4502555  0.13694181],62,4,"[0.40647162406383897, 0.15232460414319962]",1,1
1252,[0.38074207 0.18985441],62,11,"[0.3548115464236944, 0.2255380697510627]",1,1
1253,[0.46676468 0.05707477],62,80,"[0.4563222700570342, 0.06345420578596037]",-1,0
1254,[0.45860725 0.187553  ],62,44,"[0.4826821467716503, 0.1771297425575975]",1,1
1255,[0.50363263 0.1364919 ],62,44,"[0.4826821467716503, 0.1771297425575975]",-1,1
1256,[0.47084134 0.16331311],62,44,"[0.4826821467716503, 0.1771297425575975]",1,1
1257,[0.39416849 0.20105922],62,11,"[0.3548115464236944, 0.2255380697510627]",1,1
1258,[0.46085247 0.15676053],62,44,"[0.4826821467716503, 0.1771297425575975]",1,1
1259,[0.44096231 0.05196053],62,80,"[0.4563222700570342, 0.06345420578596037]",-1,0
1260,[0.47718296 0.573032  ],63,78,"[0.4502104887494982, 0.5276783836114508]",-1,1
1261,[0.50945778 0.75405269],63,45,"[0.5082025840536583, 0.7293813687627746]",1,1
1262,[0.51370749 0.72320338],63,45,"[0.5082025840536583, 0.7293813687627746]",1,1
1263,[0.54651399 0.70439366],63,74,"[0.5780301107359989, 0.6967931580864285]",1,1
1264,[0.59354126 0.61373009],63,67,"[0.5688855309126224, 0.5788260866955416]",-1,1
1265,[0.53132879 0.68357201],63,74,"[0.5780301107359989, 0.6967931580864285]",1,1
1266,[0.55656206 0.70810166],63,74,"[0.5780301107359989, 0.6967931580864285]",1,1
1267,[0.45928    0.72908769],63,25,"[0.45415017816230446, 0.6928308603313326]",1,1
1268,[0.58374151 0.68847335],63,74,"[0.5780301107359989, 0.6967931580864285]",1,1
1269,[0.62114232 0.71643705],63,74,"[0.5780301107359989, 0.6967931580864285]",1,1
1270,[0.47862334 0.68423144],63,25,"[0.45415017816230446, 0.6928308603313326]",1,1
1271,[0.53834459 0.73406026],63,45,"[0.5082025840536583, 0.7293813687627746]",1,1
1272,[0.48815676 0.66946387],63,25,"[0.45415017816230446, 0.6928308603313326]",1,1
1273,[0.46684318 0.68648189],63,25,"[0.45415017816230446, 0.6928308603313326]",1,1
1274,[0.55831485 0.69751043],63,74,"[0.5780301107359989, 0.6967931580864285]",1,1
1275,[0.45546009 0.80890287],63,33,"[0.4905288745843693, 0.7819672478327103]",1,1
1276,[0.54860705 0.67656407],63,74,"[0.5780301107359989, 0.6967931580864285]",1,1
1277,[0.56004986 0.66516487],63,74,"[0.5780301107359989, 0.6967931580864285]",1,1
1278,[0.51947186 0.61770918],63,70,"[0.5250753789290405, 0.6258224986270927]",1,1
1279,[0.4930039  0.61940993],63,70,"[0.5250753789290405, 0.6258224986270927]",-1,1
1280,[0.63836146 0.80665007],64,40,"[0.6637070746081725, 0.800876459104017]",1,1
1281,[0.77151031 0.9745352 ],64,-1,-1,-1,-1
1282,[0.70120957 0.86518842],64,34,"[0.7102629863215386, 0.8821933187835579]",1,1
1283,[0.73787691 0.8544878 ],64,34,"[0.7102629863215386, 0.8821933187835579]",1,1
1284,[0.65783321 0.84155889],64,40,"[0.6637070746081725, 0.800876459104017]",-1,1
1285,[0.7512197  0.85950958],64,34,"[0.7102629863215386, 0.8821933187835579]",-1,1
1286,[0.66978486 0.97469899],64,-1,-1,-1,-1
1287,[0.718096   0.82643268],64,34,"[0.7102629863215386, 0.8821933187835579]",1,1
1288,[0.718862   0.85800066],64,34,"[0.7102629863215386, 0.8821933187835579]",1,1
1289,[0.71995278 0.95499077],64,-1,-1,-1,-1
1290,[0.71431178 0.81285277],64,40,"[0.6637070746081725, 0.800876459104017]",1,1
1291,[0.77876681 0.91490219],64,-1,-1,-1,-1
1292,[0.69611067 0.8342754 ],64,40,"[0.6637070746081725, 0.800876459104017]",1,1
1293,[0.70622632 0.89678923],64,34,"[0.7102629863215386, 0.8821933187835579]",1,1
1294,[0.67407644 0.88329436],64,34,"[0.7102629863215386, 0.8821933187835579]",1,1
1295,[0.70255153 0.72238083],64,47,"[0.6850438716226284, 0.7032912729823189]",1,1
1296,[0.71650712 0.84547492],64,34,"[0.7102629863215386, 0.8821933187835579]",1,1
1297,[0.73992293 0.81783632],64,-1,-1,1,1
1298,[0.63967951 0.87008622],64,8,"[0.5796329400688248, 0.8673421250886431]",1,1
1299,[0.75975494 0.87966494],64,34,"[0.7102629863215386, 0.8821933187835579]",-1,1
1300,[0.41511619 0.60659617],65,75,"[0.40821621568367966, 0.5877597335372744]",1,1
1301,[0.40295814 0.58495337],65,75,"[0.40821621568367966, 0.5877597335372744]",1,1
1302,[0.45003111 0.59803303],65,75,"[0.40821621568367966, 0.5877597335372744]",1,1
1303,[0.44166603 0.66934647],65,25,"[0.45415017816230446, 0.6928308603313326]",1,1
1304,[0.36000425 0.62364777],65,77,"[0.3924759417894388, 0.6376217583398073]",1,1
1305,[0.34851968 0.65812212],65,76,"[0.33503886298325813, 0.67339162379691]",1,1
1306,[0.49056097 0.59731715],65,70,"[0.5250753789290405, 0.6258224986270927]",-1,1
1307,[0.45135687 0.6059743 ],65,75,"[0.40821621568367966, 0.5877597335372744]",1,1
1308,[0.44818317 0.71250459],65,25,"[0.45415017816230446, 0.6928308603313326]",1,1
1309,[0.47132684 0.64519796],65,25,"[0.45415017816230446, 0.6928308603313326]",1,1
1310,[0.39618416 0.66697147],65,77,"[0.3924759417894388, 0.6376217583398073]",1,1
1311,[0.41447895 0.64317668],65,77,"[0.3924759417894388, 0.6376217583398073]",1,1
1312,[0.47591844 0.70122296],65,25,"[0.45415017816230446, 0.6928308603313326]",1,1
1313,[0.45431175 0.75152358],65,33,"[0.4905288745843693, 0.7819672478327103]",1,1
1314,[0.5503216 0.6491185],65,70,"[0.5250753789290405, 0.6258224986270927]",1,1
1315,[0.40985632 0.65853929],65,77,"[0.3924759417894388, 0.6376217583398073]",1,1
1316,[0.44884846 0.61702091],65,75,"[0.40821621568367966, 0.5877597335372744]",1,1
1317,[0.43551724 0.67610749],65,25,"[0.45415017816230446, 0.6928308603313326]",1,1
1318,[0.44113018 0.65747762],65,25,"[0.45415017816230446, 0.6928308603313326]",1,1
1319,[0.44752643 0.59870428],65,75,"[0.40821621568367966, 0.5877597335372744]",1,1
1320,[0.55124246 0.87191927],66,8,"[0.5796329400688248, 0.8673421250886431]",1,1
1321,[0.523703   0.82555682],66,32,"[0.48665559526796626, 0.8577997556406364]",1,1
1322,[0.52386098 0.80064011],66,33,"[0.4905288745843693, 0.7819672478327103]",1,1
1323,[0.47751245 0.90847616],66,32,"[0.48665559526796626, 0.8577997556406364]",-1,1
1324,[0.50727045 0.89546745],66,32,"[0.48665559526796626, 0.8577997556406364]",1,1
1325,[0.553958   0.84683451],66,8,"[0.5796329400688248, 0.8673421250886431]",1,1
1326,[0.54060953 0.86252335],66,8,"[0.5796329400688248, 0.8673421250886431]",1,1
1327,[0.56835154 0.89960327],66,8,"[0.5796329400688248, 0.8673421250886431]",1,1
1328,[0.50019935 0.83573006],66,32,"[0.48665559526796626, 0.8577997556406364]",1,1
1329,[0.51222115 0.88763493],66,32,"[0.48665559526796626, 0.8577997556406364]",1,1
1330,[0.48790885 0.83326151],66,32,"[0.48665559526796626, 0.8577997556406364]",1,1
1331,[0.58918749 0.81995534],66,46,"[0.5904862981197248, 0.7784771194177618]",1,1
1332,[0.56784276 0.8514102 ],66,8,"[0.5796329400688248, 0.8673421250886431]",1,1
1333,[0.4991643  0.72538261],66,45,"[0.5082025840536583, 0.7293813687627746]",1,1
1334,[0.50962211 0.8742849 ],66,32,"[0.48665559526796626, 0.8577997556406364]",1,1
1335,[0.51197643 0.85812027],66,32,"[0.48665559526796626, 0.8577997556406364]",1,1
1336,[0.47661356 0.8480796 ],66,32,"[0.48665559526796626, 0.8577997556406364]",1,1
1337,[0.53662251 0.81411932],66,33,"[0.4905288745843693, 0.7819672478327103]",1,1
1338,[0.46785349 0.87538358],66,32,"[0.48665559526796626, 0.8577997556406364]",1,1
1339,[0.56223944 0.83838145],66,8,"[0.5796329400688248, 0.8673421250886431]",1,1
1340,[0.31730038 0.72022907],67,60,"[0.2989135278520375, 0.6929490092625582]",1,1
1341,[0.29622861 0.711349  ],67,60,"[0.2989135278520375, 0.6929490092625582]",1,1
1342,[0.29231739 0.66268456],67,60,"[0.2989135278520375, 0.6929490092625582]",1,1
1343,[0.33872103 0.70954161],67,76,"[0.33503886298325813, 0.67339162379691]",1,1
1344,[0.33014634 0.69586054],67,76,"[0.33503886298325813, 0.67339162379691]",1,1
1345,[0.2777159  0.69162761],67,54,"[0.26487319495682093, 0.68282163210261]",1,1
1346,[0.31095288 0.59133505],67,71,"[0.27063518070783904, 0.5865553047760075]",1,1
1347,[0.26491987 0.70508193],67,54,"[0.26487319495682093, 0.68282163210261]",1,1
1348,[0.34337627 0.74068741],67,17,"[0.35695188484019197, 0.7523915659352516]",1,1
1349,[0.27711228 0.65091755],67,54,"[0.26487319495682093, 0.68282163210261]",1,1
1350,[0.3732742  0.77155065],67,17,"[0.35695188484019197, 0.7523915659352516]",1,1
1351,[0.35091043 0.7625958 ],67,17,"[0.35695188484019197, 0.7523915659352516]",1,1
1352,[0.33355309 0.74529387],67,17,"[0.35695188484019197, 0.7523915659352516]",1,1
1353,[0.35163879 0.65045077],67,76,"[0.33503886298325813, 0.67339162379691]",1,1
1354,[0.31614586 0.67964994],67,76,"[0.33503886298325813, 0.67339162379691]",1,1
1355,[0.29331426 0.68947187],67,60,"[0.2989135278520375, 0.6929490092625582]",1,1
1356,[0.2685031  0.70348765],67,54,"[0.26487319495682093, 0.68282163210261]",1,1
1357,[0.29130246 0.73577366],67,60,"[0.2989135278520375, 0.6929490092625582]",1,1
1358,[0.31946681 0.67471128],67,76,"[0.33503886298325813, 0.67339162379691]",1,1
1359,[0.3463686  0.65281038],67,76,"[0.33503886298325813, 0.67339162379691]",1,1
1360,[0.8814137  0.22045416],68,39,"[0.9020712572577725, 0.17655718402332232]",1,1
1361,[0.87287095 0.19243968],68,39,"[0.9020712572577725, 0.17655718402332232]",1,1
1362,[0.84185557 0.13692038],68,50,"[0.8171401773155691, 0.13010077988468619]",1,1
1363,[0.90268869 0.1251383 ],68,39,"[0.9020712572577725, 0.17655718402332232]",-1,1
1364,[0.8405799  0.09819462],68,50,"[0.8171401773155691, 0.13010077988468619]",1,1
1365,[0.78456541 0.14731463],68,50,"[0.8171401773155691, 0.13010077988468619]",-1,1
1366,[0.94853528 0.08037824],68,-1,-1,-1,-1
1367,[0.80355353 0.18349246],68,21,"[0.8146504429194331, 0.21754661590637697]",1,1
1368,[0.81366917 0.21181865],68,21,"[0.8146504429194331, 0.21754661590637697]",1,1
1369,[0.83951464 0.1885382 ],68,21,"[0.8146504429194331, 0.21754661590637697]",1,1
1370,[0.84408108 0.16593566],68,50,"[0.8171401773155691, 0.13010077988468619]",1,1
1371,[0.84610346 0.1317283 ],68,50,"[0.8171401773155691, 0.13010077988468619]",1,1
1372,[0.87007796 0.03357626],68,-1,-1,-1,-1
1373,[0.98879017 0.09067694],68,-1,-1,-1,-1
1374,[0.87353215 0.11070968],68,50,"[0.8171401773155691, 0.13010077988468619]",1,1
1375,[0.79968034 0.23697583],68,21,"[0.8146504429194331, 0.21754661590637697]",1,1
1376,[0.89267086 0.16439273],68,39,"[0.9020712572577725, 0.17655718402332232]",1,1
1377,[0.88544787 0.1575467 ],68,39,"[0.9020712572577725, 0.17655718402332232]",1,1
1378,[0.8262303 0.1661026],68,50,"[0.8171401773155691, 0.13010077988468619]",1,1
1379,[0.92534702 0.23496605],68,39,"[0.9020712572577725, 0.17655718402332232]",-1,1
1380,[0.10454079 0.76648128],69,37,"[0.11650004194734447, 0.8020241462240563]",1,1
1381,[0.13031746 0.89683424],69,65,"[0.15301792022436225, 0.8766397101274713]",-1,1
1382,[0.18413085 0.89861068],69,65,"[0.15301792022436225, 0.8766397101274713]",1,1
1383,[0.11361349 0.79996143],69,37,"[0.11650004194734447, 0.8020241462240563]",1,1
1384,[0.15982089 0.75501061],69,64,"[0.19079143816554742, 0.712146322904628]",1,1
1385,[0.11476526 0.80085628],69,37,"[0.11650004194734447, 0.8020241462240563]",1,1
1386,[0.20135121 0.86227942],69,12,"[0.24904036730704274, 0.8661622356992061]",1,1
1387,[0.12524996 0.82172689],69,37,"[0.11650004194734447, 0.8020241462240563]",1,1
1388,[0.08145852 0.80146542],69,37,"[0.11650004194734447, 0.8020241462240563]",1,1
1389,[0.14386568 0.74550445],69,64,"[0.19079143816554742, 0.712146322904628]",1,1
1390,[0.06124054 0.79903606],69,37,"[0.11650004194734447, 0.8020241462240563]",-1,1
1391,[0.15386902 0.81725647],69,37,"[0.11650004194734447, 0.8020241462240563]",1,1
1392,[0.20738494 0.78508307],69,30,"[0.22393913450683484, 0.7842039493574852]",1,1
1393,[0.11523261 0.8361469 ],69,37,"[0.11650004194734447, 0.8020241462240563]",1,1
1394,[0.07168276 0.83702259],69,37,"[0.11650004194734447, 0.8020241462240563]",-1,1
1395,[0.19093313 0.80700753],69,30,"[0.22393913450683484, 0.7842039493574852]",1,1
1396,[0.03457649 0.85903568],69,-1,-1,-1,-1
1397,[0.15743781 0.80490628],69,37,"[0.11650004194734447, 0.8020241462240563]",1,1
1398,[0.17362322 0.79257103],69,30,"[0.22393913450683484, 0.7842039493574852]",1,1
1399,[0.1593772  0.81456545],69,37,"[0.11650004194734447, 0.8020241462240563]",1,1
1400,[0.43365351 0.39150935],70,63,"[0.46602917704439184, 0.4080765011366583]",1,1
1401,[0.52702057 0.40444486],70,59,"[0.5590247983688589, 0.3951111108186407]",1,1
1402,[0.50643417 0.48970024],70,52,"[0.5109442700820166, 0.47182737660357055]",1,1
1403,[0.49235249 0.40456356],70,63,"[0.46602917704439184, 0.4080765011366583]",1,1
1404,[0.48931431 0.43684114],70,63,"[0.46602917704439184, 0.4080765011366583]",1,1
1405,[0.42043036 0.39737513],70,63,"[0.46602917704439184, 0.4080765011366583]",1,1
1406,[0.47232464 0.43071599],70,63,"[0.46602917704439184, 0.4080765011366583]",1,1
1407,[0.49249869 0.453742  ],70,52,"[0.5109442700820166, 0.47182737660357055]",1,1
1408,[0.45624236 0.35394995],70,57,"[0.48307922876123255, 0.3419124982982468]",1,1
1409,[0.39860147 0.46049001],70,62,"[0.39847486423122164, 0.45013295030792333]",1,1
1410,[0.48458188 0.37129023],70,57,"[0.48307922876123255, 0.3419124982982468]",1,1
1411,[0.43563909 0.40931112],70,63,"[0.46602917704439184, 0.4080765011366583]",1,1
1412,[0.40230819 0.42548292],70,62,"[0.39847486423122164, 0.45013295030792333]",1,1
1413,[0.44205052 0.40593492],70,63,"[0.46602917704439184, 0.4080765011366583]",1,1
1414,[0.49748396 0.48972389],70,52,"[0.5109442700820166, 0.47182737660357055]",1,1
1415,[0.36964158 0.40880686],70,62,"[0.39847486423122164, 0.45013295030792333]",1,1
1416,[0.49911351 0.4449738 ],70,52,"[0.5109442700820166, 0.47182737660357055]",1,1
1417,[0.39430817 0.44897094],70,62,"[0.39847486423122164, 0.45013295030792333]",1,1
1418,[0.47249436 0.39320498],70,63,"[0.46602917704439184, 0.4080765011366583]",1,1
1419,[0.51283437 0.41861541],70,63,"[0.46602917704439184, 0.4080765011366583]",1,1
1420,[0.93396176 0.68514248],71,-1,-1,-1,1
1421,[0.86852908 0.76197319],71,55,"[0.905792710511556, 0.7788355301993599]",1,1
1422,[0.78340722 0.68225071],71,9,"[0.7567858507257804, 0.6432087598903278]",1,1
1423,[0.84707163 0.72459343],71,3,"[0.8326679703471471, 0.7177805885524466]",1,1
1424,[0.87050668 0.65169822],71,16,"[0.8676800386633335, 0.6288966234508196]",1,1
1425,[0.91294267 0.74695335],71,55,"[0.905792710511556, 0.7788355301993599]",-1,1
1426,[0.83757536 0.64444368],71,16,"[0.8676800386633335, 0.6288966234508196]",1,1
1427,[0.85319823 0.7780864 ],71,55,"[0.905792710511556, 0.7788355301993599]",1,1
1428,[0.80606247 0.7126689 ],71,3,"[0.8326679703471471, 0.7177805885524466]",1,1
1429,[0.87246095 0.73426486],71,3,"[0.8326679703471471, 0.7177805885524466]",1,1
1430,[0.8047648  0.73228397],71,3,"[0.8326679703471471, 0.7177805885524466]",1,1
1431,[0.86569113 0.68452915],71,3,"[0.8326679703471471, 0.7177805885524466]",1,1
1432,[0.85318157 0.7239325 ],71,3,"[0.8326679703471471, 0.7177805885524466]",1,1
1433,[0.8557853  0.74097932],71,3,"[0.8326679703471471, 0.7177805885524466]",1,1
1434,[0.82956221 0.73725021],71,3,"[0.8326679703471471, 0.7177805885524466]",1,1
1435,[0.95090617 0.73989924],71,55,"[0.905792710511556, 0.7788355301993599]",-1,1
1436,[0.92505885 0.64465287],71,16,"[0.8676800386633335, 0.6288966234508196]",-1,1
1437,[0.86688271 0.75746862],71,55,"[0.905792710511556, 0.7788355301993599]",1,1
1438,[0.86980806 0.65808128],71,16,"[0.8676800386633335, 0.6288966234508196]",1,1
1439,[0.87547323 0.67149117],71,16,"[0.8676800386633335, 0.6288966234508196]",1,1
1440,[0.26060419 0.53758185],72,71,"[0.27063518070783904, 0.5865553047760075]",1,1
1441,[0.29508599 0.58903323],72,71,"[0.27063518070783904, 0.5865553047760075]",1,1
1442,[0.24840538 0.53840199],72,71,"[0.27063518070783904, 0.5865553047760075]",1,1
1443,[0.14953332 0.60023018],72,82,"[0.14350861301364065, 0.5650059330394872]",1,1
1444,[0.20026419 0.6388744 ],72,58,"[0.17306589461869332, 0.6368445167871721]",1,1
1445,[0.3048376 0.6339945],72,76,"[0.33503886298325813, 0.67339162379691]",1,1
1446,[0.31671412 0.6406163 ],72,76,"[0.33503886298325813, 0.67339162379691]",1,1
1447,[0.28499625 0.58079699],72,71,"[0.27063518070783904, 0.5865553047760075]",1,1
1448,[0.19766942 0.56499528],72,82,"[0.14350861301364065, 0.5650059330394872]",-1,1
1449,[0.22798034 0.48951157],72,51,"[0.2441594632849976, 0.42999567792564924]",1,1
1450,[0.27007704 0.62597945],72,71,"[0.27063518070783904, 0.5865553047760075]",1,1
1451,[0.33223621 0.54998341],72,69,"[0.3268734002059969, 0.5324289447508308]",1,1
1452,[0.26888683 0.57168778],72,71,"[0.27063518070783904, 0.5865553047760075]",1,1
1453,[0.25849941 0.55037247],72,71,"[0.27063518070783904, 0.5865553047760075]",1,1
1454,[0.25255914 0.61428723],72,71,"[0.27063518070783904, 0.5865553047760075]",1,1
1455,[0.20925083 0.56091555],72,82,"[0.14350861301364065, 0.5650059330394872]",-1,1
1456,[0.21697192 0.53294554],72,-1,-1,1,1
1457,[0.28488136 0.53319255],72,69,"[0.3268734002059969, 0.5324289447508308]",1,1
1458,[0.26557448 0.60181771],72,71,"[0.27063518070783904, 0.5865553047760075]",1,1
1459,[0.19282136 0.55787132],72,82,"[0.14350861301364065, 0.5650059330394872]",1,1
1460,[0.40723385 0.50480001],73,78,"[0.4502104887494982, 0.5276783836114508]",1,1
1461,[0.29529842 0.52212076],73,69,"[0.3268734002059969, 0.5324289447508308]",1,1
1462,[0.2441027  0.51258109],73,-1,-1,1,1
1463,[0.28335647 0.49559071],73,69,"[0.3268734002059969, 0.5324289447508308]",1,1
1464,[0.30638109 0.42128614],73,19,"[0.3392057618175884, 0.45348488600611664]",1,1
1465,[0.33547909 0.54884386],73,69,"[0.3268734002059969, 0.5324289447508308]",1,1
1466,[0.36009122 0.45830794],73,19,"[0.3392057618175884, 0.45348488600611664]",1,1
1467,[0.38655373 0.5196666 ],73,69,"[0.3268734002059969, 0.5324289447508308]",-1,1
1468,[0.29054516 0.51872242],73,69,"[0.3268734002059969, 0.5324289447508308]",1,1
1469,[0.37449872 0.47675955],73,62,"[0.39847486423122164, 0.45013295030792333]",1,1
1470,[0.36164932 0.55791392],73,69,"[0.3268734002059969, 0.5324289447508308]",1,1
1471,[0.39643055 0.50288499],73,62,"[0.39847486423122164, 0.45013295030792333]",1,1
1472,[0.33516976 0.51697839],73,69,"[0.3268734002059969, 0.5324289447508308]",1,1
1473,[0.32297322 0.46923883],73,19,"[0.3392057618175884, 0.45348488600611664]",1,1
1474,[0.29458955 0.58895763],73,71,"[0.27063518070783904, 0.5865553047760075]",1,1
1475,[0.32435448 0.4099035 ],73,19,"[0.3392057618175884, 0.45348488600611664]",1,1
1476,[0.29088894 0.49185249],73,69,"[0.3268734002059969, 0.5324289447508308]",1,1
1477,[0.26858473 0.56102784],73,71,"[0.27063518070783904, 0.5865553047760075]",1,1
1478,[0.28287605 0.5000972 ],73,69,"[0.3268734002059969, 0.5324289447508308]",1,1
1479,[0.34481229 0.50966062],73,69,"[0.3268734002059969, 0.5324289447508308]",1,1
1480,[0.28587504 0.65383178],74,54,"[0.26487319495682093, 0.68282163210261]",1,1
1481,[0.18748747 0.63714055],74,58,"[0.17306589461869332, 0.6368445167871721]",1,1
1482,[0.0674828  0.63091637],74,-1,-1,-1,-1
1483,[0.11887576 0.68105487],74,58,"[0.17306589461869332, 0.6368445167871721]",-1,-1
1484,[0.10984258 0.57655209],74,82,"[0.14350861301364065, 0.5650059330394872]",-1,1
1485,[0.10517427 0.56025476],74,82,"[0.14350861301364065, 0.5650059330394872]",-1,1
1486,[0.15975153 0.62527106],74,58,"[0.17306589461869332, 0.6368445167871721]",1,1
1487,[0.15238106 0.6183854 ],74,58,"[0.17306589461869332, 0.6368445167871721]",1,1
1488,[0.07442538 0.60683457],74,-1,-1,-1,-1
1489,[0.1750045  0.67376658],74,58,"[0.17306589461869332, 0.6368445167871721]",1,1
1490,[0.09520642 0.57548597],74,82,"[0.14350861301364065, 0.5650059330394872]",-1,1
1491,[0.16514576 0.53622154],74,82,"[0.14350861301364065, 0.5650059330394872]",-1,1
1492,[0.15738322 0.60369364],74,58,"[0.17306589461869332, 0.6368445167871721]",1,1
1493,[0.13120987 0.55138243],74,82,"[0.14350861301364065, 0.5650059330394872]",-1,1
1494,[0.17895781 0.51838018],74,82,"[0.14350861301364065, 0.5650059330394872]",-1,1
1495,[0.13411381 0.60826699],74,82,"[0.14350861301364065, 0.5650059330394872]",1,1
1496,[0.1184662  0.55527105],74,82,"[0.14350861301364065, 0.5650059330394872]",-1,1
1497,[0.15126891 0.61192147],74,58,"[0.17306589461869332, 0.6368445167871721]",1,1
1498,[0.19761914 0.56417257],74,82,"[0.14350861301364065, 0.5650059330394872]",-1,1
1499,[0.23627739 0.62646655],74,71,"[0.27063518070783904, 0.5865553047760075]",1,1
1500,[0.43757006 0.58531446],75,75,"[0.40821621568367966, 0.5877597335372744]",1,1
1501,[0.48066538 0.52351711],75,78,"[0.4502104887494982, 0.5276783836114508]",1,1
1502,[0.62617724 0.45675129],75,66,"[0.6345252451201616, 0.40829919572265005]",1,1
1503,[0.47960213 0.50932594],75,78,"[0.4502104887494982, 0.5276783836114508]",1,1
1504,[0.48236203 0.48302042],75,52,"[0.5109442700820166, 0.47182737660357055]",1,1
1505,[0.4547961  0.56839113],75,78,"[0.4502104887494982, 0.5276783836114508]",1,1
1506,[0.50433843 0.508013  ],75,52,"[0.5109442700820166, 0.47182737660357055]",1,1
1507,[0.52666858 0.50061395],75,52,"[0.5109442700820166, 0.47182737660357055]",1,1
1508,[0.45825972 0.51679728],75,78,"[0.4502104887494982, 0.5276783836114508]",1,1
1509,[0.56002136 0.52534208],75,26,"[0.567191904201611, 0.5072325625310501]",1,1
1510,[0.53287085 0.52785091],75,26,"[0.567191904201611, 0.5072325625310501]",1,1
1511,[0.50901843 0.49985774],75,52,"[0.5109442700820166, 0.47182737660357055]",1,1
1512,[0.54056636 0.49472672],75,26,"[0.567191904201611, 0.5072325625310501]",1,1
1513,[0.61547866 0.54158592],75,26,"[0.567191904201611, 0.5072325625310501]",1,1
1514,[0.50576055 0.48251774],75,52,"[0.5109442700820166, 0.47182737660357055]",1,1
1515,[0.53245099 0.55642743],75,67,"[0.5688855309126224, 0.5788260866955416]",1,1
1516,[0.50849835 0.48700883],75,52,"[0.5109442700820166, 0.47182737660357055]",1,1
1517,[0.54254354 0.65437077],75,70,"[0.5250753789290405, 0.6258224986270927]",1,1
1518,[0.50974775 0.54143735],75,78,"[0.4502104887494982, 0.5276783836114508]",1,1
1519,[0.4954465  0.51325869],75,52,"[0.5109442700820166, 0.47182737660357055]",1,1
1520,[0.33959881 0.63164875],76,76,"[0.33503886298325813, 0.67339162379691]",1,1
1521,[0.37651269 0.60405249],76,75,"[0.40821621568367966, 0.5877597335372744]",1,1
1522,[0.38747406 0.67298573],76,14,"[0.38127921493968125, 0.6932550311489591]",1,1
1523,[0.34314038 0.59485184],76,69,"[0.3268734002059969, 0.5324289447508308]",1,1
1524,[0.37279008 0.55544284],76,75,"[0.40821621568367966, 0.5877597335372744]",1,1
1525,[0.36388137 0.59134229],76,75,"[0.40821621568367966, 0.5877597335372744]",1,1
1526,[0.35831224 0.65369344],76,76,"[0.33503886298325813, 0.67339162379691]",1,1
1527,[0.43191171 0.62937629],76,77,"[0.3924759417894388, 0.6376217583398073]",1,1
1528,[0.27548048 0.68631358],76,54,"[0.26487319495682093, 0.68282163210261]",1,1
1529,[0.43466973 0.57034068],76,75,"[0.40821621568367966, 0.5877597335372744]",1,1
1530,[0.35351096 0.62599465],76,77,"[0.3924759417894388, 0.6376217583398073]",1,1
1531,[0.3365307 0.5668481],76,69,"[0.3268734002059969, 0.5324289447508308]",1,1
1532,[0.37406385 0.68230378],76,14,"[0.38127921493968125, 0.6932550311489591]",1,1
1533,[0.36945267 0.70302184],76,14,"[0.38127921493968125, 0.6932550311489591]",1,1
1534,[0.37045958 0.66518867],76,14,"[0.38127921493968125, 0.6932550311489591]",1,1
1535,[0.32776305 0.58136298],76,69,"[0.3268734002059969, 0.5324289447508308]",1,1
1536,[0.38194275 0.64934735],76,77,"[0.3924759417894388, 0.6376217583398073]",1,1
1537,[0.39689635 0.70133263],76,14,"[0.38127921493968125, 0.6932550311489591]",1,1
1538,[0.40100415 0.57226736],76,75,"[0.40821621568367966, 0.5877597335372744]",1,1
1539,[0.28366498 0.66341138],76,54,"[0.26487319495682093, 0.68282163210261]",1,1
1540,[0.31343602 0.33894388],77,15,"[0.29658382717203163, 0.36809504601125903]",1,1
1541,[0.34211745 0.29830533],77,10,"[0.3266073335018755, 0.29946456668726884]",1,1
1542,[0.32780729 0.38406491],77,15,"[0.29658382717203163, 0.36809504601125903]",1,1
1543,[0.31723958 0.32027613],77,10,"[0.3266073335018755, 0.29946456668726884]",1,1
1544,[0.37362897 0.36224448],77,5,"[0.37806869448263203, 0.3575422095646142]",1,1
1545,[0.33054909 0.20339099],77,11,"[0.3548115464236944, 0.2255380697510627]",1,1
1546,[0.35102599 0.29981743],77,10,"[0.3266073335018755, 0.29946456668726884]",1,1
1547,[0.3445705  0.39772536],77,5,"[0.37806869448263203, 0.3575422095646142]",1,1
1548,[0.37945828 0.28865707],77,42,"[0.43033668091427674, 0.2742821411173443]",1,1
1549,[0.24775738 0.35457172],77,36,"[0.2103123707708048, 0.3722325676467321]",1,1
1550,[0.30661464 0.34214572],77,15,"[0.29658382717203163, 0.36809504601125903]",1,1
1551,[0.35928014 0.26262886],77,11,"[0.3548115464236944, 0.2255380697510627]",1,1
1552,[0.3150577 0.2522415],77,11,"[0.3548115464236944, 0.2255380697510627]",1,1
1553,[0.38727932 0.45661246],77,62,"[0.39847486423122164, 0.45013295030792333]",1,1
1554,[0.4430788  0.34877387],77,57,"[0.48307922876123255, 0.3419124982982468]",1,1
1555,[0.28194729 0.31812957],77,10,"[0.3266073335018755, 0.29946456668726884]",1,1
1556,[0.33728179 0.32348569],77,10,"[0.3266073335018755, 0.29946456668726884]",1,1
1557,[0.29241871 0.34652682],77,15,"[0.29658382717203163, 0.36809504601125903]",1,1
1558,[0.42553495 0.30135469],77,42,"[0.43033668091427674, 0.2742821411173443]",1,1
1559,[0.3046165  0.42444091],77,19,"[0.3392057618175884, 0.45348488600611664]",1,1
1560,[0.77277931 0.56482984],78,13,"[0.7853707395192608, 0.5761159850121148]",1,1
1561,[0.68210711 0.71689967],78,47,"[0.6850438716226284, 0.7032912729823189]",1,1
1562,[0.81903193 0.50114211],78,38,"[0.8599548576869228, 0.4800424664017421]",1,1
1563,[0.8541745  0.58751878],78,16,"[0.8676800386633335, 0.6288966234508196]",1,1
1564,[0.82205285 0.61241151],78,16,"[0.8676800386633335, 0.6288966234508196]",1,1
1565,[0.76364174 0.6062031 ],78,13,"[0.7853707395192608, 0.5761159850121148]",1,1
1566,[0.87253125 0.6234134 ],78,16,"[0.8676800386633335, 0.6288966234508196]",1,1
1567,[0.80413852 0.59493775],78,13,"[0.7853707395192608, 0.5761159850121148]",1,1
1568,[0.77423392 0.63052832],78,9,"[0.7567858507257804, 0.6432087598903278]",1,1
1569,[0.7362936  0.53750456],78,35,"[0.7765680915405728, 0.5265927300079407]",1,1
1570,[0.85915255 0.63638757],78,16,"[0.8676800386633335, 0.6288966234508196]",1,1
1571,[0.76181666 0.57855784],78,13,"[0.7853707395192608, 0.5761159850121148]",1,1
1572,[0.82563841 0.6753077 ],78,3,"[0.8326679703471471, 0.7177805885524466]",1,1
1573,[0.80722814 0.58267655],78,13,"[0.7853707395192608, 0.5761159850121148]",1,1
1574,[0.83700565 0.63839315],78,16,"[0.8676800386633335, 0.6288966234508196]",1,1
1575,[0.83823584 0.63636972],78,16,"[0.8676800386633335, 0.6288966234508196]",1,1
1576,[0.73606044 0.60691986],78,9,"[0.7567858507257804, 0.6432087598903278]",1,1
1577,[0.80600388 0.59070281],78,13,"[0.7853707395192608, 0.5761159850121148]",1,1
1578,[0.75596366 0.67089841],78,9,"[0.7567858507257804, 0.6432087598903278]",1,1
1579,[0.74120332 0.58418089],78,13,"[0.7853707395192608, 0.5761159850121148]",1,1
1580,[0.58897095 0.38314845],79,59,"[0.5590247983688589, 0.3951111108186407]",1,1
1581,[0.54576093 0.3658662 ],79,59,"[0.5590247983688589, 0.3951111108186407]",1,1
1582,[0.54783338 0.35796233],79,59,"[0.5590247983688589, 0.3951111108186407]",1,1
1583,[0.41928994 0.45439187],79,62,"[0.39847486423122164, 0.45013295030792333]",1,1
1584,[0.53377457 0.41551005],79,59,"[0.5590247983688589, 0.3951111108186407]",1,1
1585,[0.52143425 0.36126833],79,57,"[0.48307922876123255, 0.3419124982982468]",1,1
1586,[0.52519696 0.46503133],79,52,"[0.5109442700820166, 0.47182737660357055]",1,1
1587,[0.57102288 0.38661673],79,59,"[0.5590247983688589, 0.3951111108186407]",1,1
1588,[0.5530007  0.41106194],79,59,"[0.5590247983688589, 0.3951111108186407]",1,1
1589,[0.50642035 0.36060243],79,57,"[0.48307922876123255, 0.3419124982982468]",1,1
1590,[0.54356349 0.42151881],79,59,"[0.5590247983688589, 0.3951111108186407]",1,1
1591,[0.57312653 0.42234555],79,59,"[0.5590247983688589, 0.3951111108186407]",1,1
1592,[0.55840847 0.39151878],79,59,"[0.5590247983688589, 0.3951111108186407]",1,1
1593,[0.5523157  0.37306892],79,59,"[0.5590247983688589, 0.3951111108186407]",1,1
1594,[0.58002661 0.416545  ],79,59,"[0.5590247983688589, 0.3951111108186407]",1,1
1595,[0.57577014 0.33933576],79,68,"[0.5521932255655568, 0.29012360538217147]",0,1
1596,[0.46758129 0.30207446],79,57,"[0.48307922876123255, 0.3419124982982468]",1,1
1597,[0.60546051 0.41017176],79,66,"[0.6345252451201616, 0.40829919572265005]",-1,1
1598,[0.49334142 0.3926999 ],79,63,"[0.46602917704439184, 0.4080765011366583]",1,1
1599,[0.4356508  0.30564322],79,42,"[0.43033668091427674, 0.2742821411173443]",1,1
1600,[0.46988202 0.18488328],80,44,"[0.4826821467716503, 0.1771297425575975]",1,1
1601,[0.53812395 0.213     ],80,7,"[0.5906769638076592, 0.20247399889999088]",1,1
1602,[0.43117472 0.17521366],80,4,"[0.40647162406383897, 0.15232460414319962]",1,1
1603,[0.45666639 0.18948286],80,44,"[0.4826821467716503, 0.1771297425575975]",1,1
1604,[0.39921034 0.17821684],80,4,"[0.40647162406383897, 0.15232460414319962]",1,1
1605,[0.3862053  0.30874472],80,5,"[0.37806869448263203, 0.3575422095646142]",1,1
1606,[0.5506051  0.23075151],80,7,"[0.5906769638076592, 0.20247399889999088]",1,1
1607,[0.46798666 0.20611728],80,44,"[0.4826821467716503, 0.1771297425575975]",1,1
1608,[0.47557381 0.1876571 ],80,44,"[0.4826821467716503, 0.1771297425575975]",1,1
1609,[0.49622211 0.08343889],80,80,"[0.4563222700570342, 0.06345420578596037]",-1,-1
1610,[0.39555471 0.19297071],80,4,"[0.40647162406383897, 0.15232460414319962]",1,1
1611,[0.49297252 0.19282627],80,44,"[0.4826821467716503, 0.1771297425575975]",1,1
1612,[0.3900638  0.19614169],80,11,"[0.3548115464236944, 0.2255380697510627]",1,1
1613,[0.42098006 0.18778318],80,4,"[0.40647162406383897, 0.15232460414319962]",1,1
1614,[0.47065911 0.21641174],80,44,"[0.4826821467716503, 0.1771297425575975]",1,1
1615,[0.42055337 0.1578645 ],80,4,"[0.40647162406383897, 0.15232460414319962]",1,1
1616,[0.41653438 0.20259387],80,4,"[0.40647162406383897, 0.15232460414319962]",1,1
1617,[0.46359422 0.18857366],80,44,"[0.4826821467716503, 0.1771297425575975]",1,1
1618,[0.42707818 0.17119145],80,4,"[0.40647162406383897, 0.15232460414319962]",1,1
1619,[0.3881975  0.16719171],80,4,"[0.40647162406383897, 0.15232460414319962]",1,1
1620,[0.43571647 0.72601773],81,25,"[0.45415017816230446, 0.6928308603313326]",1,1
1621,[0.45130819 0.64248596],81,25,"[0.45415017816230446, 0.6928308603313326]",1,1
1622,[0.3403635  0.67890907],81,76,"[0.33503886298325813, 0.67339162379691]",1,1
1623,[0.37295238 0.68289186],81,14,"[0.38127921493968125, 0.6932550311489591]",1,1
1624,[0.42376204 0.68746286],81,25,"[0.45415017816230446, 0.6928308603313326]",1,1
1625,[0.31323112 0.76021095],81,72,"[0.31803969429280926, 0.7957038017255572]",1,1
1626,[0.37670671 0.69976534],81,14,"[0.38127921493968125, 0.6932550311489591]",1,1
1627,[0.37894379 0.68465549],81,14,"[0.38127921493968125, 0.6932550311489591]",1,1
1628,[0.37167291 0.68600847],81,14,"[0.38127921493968125, 0.6932550311489591]",1,1
1629,[0.37839746 0.69597097],81,14,"[0.38127921493968125, 0.6932550311489591]",1,1
1630,[0.48143233 0.8099192 ],81,33,"[0.4905288745843693, 0.7819672478327103]",1,1
1631,[0.37087664 0.76849991],81,17,"[0.35695188484019197, 0.7523915659352516]",1,1
1632,[0.4548123  0.72789161],81,25,"[0.45415017816230446, 0.6928308603313326]",1,1
1633,[0.38156968 0.70316662],81,14,"[0.38127921493968125, 0.6932550311489591]",1,1
1634,[0.35955604 0.76682343],81,17,"[0.35695188484019197, 0.7523915659352516]",1,1
1635,[0.41196298 0.69951835],81,14,"[0.38127921493968125, 0.6932550311489591]",1,1
1636,[0.4105665  0.68205979],81,14,"[0.38127921493968125, 0.6932550311489591]",1,1
1637,[0.41068415 0.69041529],81,14,"[0.38127921493968125, 0.6932550311489591]",1,1
1638,[0.43344447 0.67445766],81,25,"[0.45415017816230446, 0.6928308603313326]",1,1
1639,[0.40203302 0.70327817],81,14,"[0.38127921493968125, 0.6932550311489591]",1,1
1640,[0.80955543 0.33167412],82,0,"[0.779927120456704, 0.33308489188051693]",1,1
1641,[0.74140792 0.35721163],82,0,"[0.779927120456704, 0.33308489188051693]",1,1
1642,[0.76654751 0.25938876],82,2,"[0.7292844814093792, 0.22717792739112563]",1,1
1643,[0.74338057 0.21953922],82,2,"[0.7292844814093792, 0.22717792739112563]",1,1
1644,[0.72767304 0.29238438],82,22,"[0.6650383504310831, 0.30196439737957353]",1,1
1645,[0.74991374 0.35089451],82,0,"[0.779927120456704, 0.33308489188051693]",1,1
1646,[0.77099434 0.34573391],82,0,"[0.779927120456704, 0.33308489188051693]",1,1
1647,[0.74290483 0.3899459 ],82,24,"[0.7069032853647472, 0.39052580754787364]",1,1
1648,[0.72453937 0.25464542],82,2,"[0.7292844814093792, 0.22717792739112563]",1,1
1649,[0.7206559  0.29594945],82,22,"[0.6650383504310831, 0.30196439737957353]",1,1
1650,[0.74924488 0.36553519],82,0,"[0.779927120456704, 0.33308489188051693]",1,1
1651,[0.69704147 0.28241587],82,22,"[0.6650383504310831, 0.30196439737957353]",1,1
1652,[0.7419623  0.24287799],82,2,"[0.7292844814093792, 0.22717792739112563]",1,1
1653,[0.84180175 0.31765601],82,0,"[0.779927120456704, 0.33308489188051693]",1,1
1654,[0.75938076 0.36502127],82,0,"[0.779927120456704, 0.33308489188051693]",1,1
1655,[0.78963508 0.32949891],82,0,"[0.779927120456704, 0.33308489188051693]",1,1
1656,[0.67411581 0.36844709],82,24,"[0.7069032853647472, 0.39052580754787364]",1,1
1657,[0.7574601  0.27897069],82,0,"[0.779927120456704, 0.33308489188051693]",1,1
1658,[0.7891113  0.28164638],82,0,"[0.779927120456704, 0.33308489188051693]",1,1
1659,[0.75653013 0.28518885],82,0,"[0.779927120456704, 0.33308489188051693]",1,1
1660,[0.76320479 0.6827667 ],83,9,"[0.7567858507257804, 0.6432087598903278]",1,1
1661,[0.70109852 0.66387859],83,47,"[0.6850438716226284, 0.7032912729823189]",1,1
1662,[0.66569934 0.660075  ],83,47,"[0.6850438716226284, 0.7032912729823189]",-1,1
1663,[0.63752613 0.60462857],83,6,"[0.6661338464977384, 0.5786771892019208]",1,1
1664,[0.67866106 0.58264273],83,6,"[0.6661338464977384, 0.5786771892019208]",1,1
1665,[0.71630624 0.6182506 ],83,9,"[0.7567858507257804, 0.6432087598903278]",1,1
1666,[0.61716528 0.69186798],83,74,"[0.5780301107359989, 0.6967931580864285]",1,1
1667,[0.76974394 0.69114844],83,9,"[0.7567858507257804, 0.6432087598903278]",1,1
1668,[0.666635   0.65248218],83,47,"[0.6850438716226284, 0.7032912729823189]",1,1
1669,[0.62721039 0.58165801],83,6,"[0.6661338464977384, 0.5786771892019208]",1,1
1670,[0.71819002 0.67363732],83,47,"[0.6850438716226284, 0.7032912729823189]",1,1
1671,[0.72090547 0.6601367 ],83,9,"[0.7567858507257804, 0.6432087598903278]",1,1
1672,[0.68172106 0.62187353],83,6,"[0.6661338464977384, 0.5786771892019208]",1,1
1673,[0.7254554  0.66217084],83,9,"[0.7567858507257804, 0.6432087598903278]",1,1
1674,[0.77918948 0.6267631 ],83,9,"[0.7567858507257804, 0.6432087598903278]",1,1
1675,[0.72378564 0.64691559],83,9,"[0.7567858507257804, 0.6432087598903278]",1,1
1676,[0.77483619 0.53620379],83,35,"[0.7765680915405728, 0.5265927300079407]",1,1
1677,[0.71599697 0.65464171],83,9,"[0.7567858507257804, 0.6432087598903278]",1,1
1678,[0.75835179 0.65325025],83,9,"[0.7567858507257804, 0.6432087598903278]",1,1
1679,[0.77204    0.58156204],83,13,"[0.7853707395192608, 0.5761159850121148]",1,1
1680,[0.72649864 0.54769052],84,35,"[0.7765680915405728, 0.5265927300079407]",1,1
1681,[0.74976284 0.58468926],84,13,"[0.7853707395192608, 0.5761159850121148]",1,1
1682,[0.72113276 0.47523077],84,48,"[0.687070979492939, 0.48622821867392296]",-1,1
1683,[0.79909309 0.53292733],84,35,"[0.7765680915405728, 0.5265927300079407]",1,1
1684,[0.76897918 0.54707326],84,35,"[0.7765680915405728, 0.5265927300079407]",1,1
1685,[0.79409009 0.57909414],84,13,"[0.7853707395192608, 0.5761159850121148]",1,1
1686,[0.76256565 0.49187969],84,35,"[0.7765680915405728, 0.5265927300079407]",1,1
1687,[0.78900734 0.53875142],84,35,"[0.7765680915405728, 0.5265927300079407]",1,1
1688,[0.70237395 0.46945809],84,48,"[0.687070979492939, 0.48622821867392296]",1,1
1689,[0.71441219 0.5870063 ],84,6,"[0.6661338464977384, 0.5786771892019208]",1,1
1690,[0.76997483 0.51483099],84,35,"[0.7765680915405728, 0.5265927300079407]",1,1
1691,[0.76463022 0.6390533 ],84,9,"[0.7567858507257804, 0.6432087598903278]",1,1
1692,[0.74245725 0.59617862],84,13,"[0.7853707395192608, 0.5761159850121148]",1,1
1693,[0.74815802 0.62329733],84,9,"[0.7567858507257804, 0.6432087598903278]",1,1
1694,[0.63776287 0.56234705],84,6,"[0.6661338464977384, 0.5786771892019208]",1,1
1695,[0.70579612 0.53340466],84,48,"[0.687070979492939, 0.48622821867392296]",1,1
1696,[0.7589789  0.62120427],84,9,"[0.7567858507257804, 0.6432087598903278]",1,1
1697,[0.78591857 0.53867469],84,35,"[0.7765680915405728, 0.5265927300079407]",1,1
1698,[0.75418166 0.62200031],84,9,"[0.7567858507257804, 0.6432087598903278]",1,1
1699,[0.71047354 0.50995661],84,48,"[0.687070979492939, 0.48622821867392296]",1,1
1700,[0.62380809 0.60637134],85,6,"[0.6661338464977384, 0.5786771892019208]",1,1
1701,[0.59237443 0.58784437],85,67,"[0.5688855309126224, 0.5788260866955416]",1,1
1702,[0.5703877  0.55969777],85,67,"[0.5688855309126224, 0.5788260866955416]",1,1
1703,[0.59612849 0.50637925],85,26,"[0.567191904201611, 0.5072325625310501]",1,1
1704,[0.61386318 0.50860391],85,26,"[0.567191904201611, 0.5072325625310501]",1,1
1705,[0.70251235 0.6062722 ],85,6,"[0.6661338464977384, 0.5786771892019208]",1,1
1706,[0.48400538 0.51936866],85,78,"[0.4502104887494982, 0.5276783836114508]",1,1
1707,[0.57510513 0.55111663],85,67,"[0.5688855309126224, 0.5788260866955416]",1,1
1708,[0.60085744 0.49159109],85,26,"[0.567191904201611, 0.5072325625310501]",1,1
1709,[0.58876498 0.495496  ],85,26,"[0.567191904201611, 0.5072325625310501]",1,1
1710,[0.59074418 0.49734086],85,26,"[0.567191904201611, 0.5072325625310501]",1,1
1711,[0.60380469 0.56968244],85,67,"[0.5688855309126224, 0.5788260866955416]",1,1
1712,[0.58073774 0.48414462],85,26,"[0.567191904201611, 0.5072325625310501]",1,1
1713,[0.62103113 0.51218212],85,26,"[0.567191904201611, 0.5072325625310501]",1,1
1714,[0.54770738 0.53321126],85,26,"[0.567191904201611, 0.5072325625310501]",1,1
1715,[0.57360197 0.48607211],85,26,"[0.567191904201611, 0.5072325625310501]",1,1
1716,[0.55259857 0.47906261],85,26,"[0.567191904201611, 0.5072325625310501]",1,1
1717,[0.50698135 0.5705216 ],85,70,"[0.5250753789290405, 0.6258224986270927]",1,1
1718,[0.57715053 0.51935092],85,26,"[0.567191904201611, 0.5072325625310501]",1,1
1719,[0.49762051 0.45987184],85,52,"[0.5109442700820166, 0.47182737660357055]",1,1
1720,[0.62698934 0.94441905],86,79,"[0.5784957417088722, 0.9380959581967442]",-1,1
1721,[0.62108431 0.91704449],86,79,"[0.5784957417088722, 0.9380959581967442]",1,1
1722,[0.62892441 0.9173365 ],86,79,"[0.5784957417088722, 0.9380959581967442]",1,1
1723,[0.60254939 0.88752574],86,8,"[0.5796329400688248, 0.8673421250886431]",1,1
1724,[0.68127914 0.95451525],86,-1,-1,-1,1
1725,[0.60120699 0.88284133],86,8,"[0.5796329400688248, 0.8673421250886431]",1,1
1726,[0.6979313  0.93053543],86,34,"[0.7102629863215386, 0.8821933187835579]",1,1
1727,[0.5448162  0.87621817],86,8,"[0.5796329400688248, 0.8673421250886431]",1,1
1728,[0.59916511 0.896543  ],86,8,"[0.5796329400688248, 0.8673421250886431]",1,1
1729,[0.67223008 0.90591658],86,34,"[0.7102629863215386, 0.8821933187835579]",1,1
1730,[0.60534629 0.74173674],86,46,"[0.5904862981197248, 0.7784771194177618]",1,1
1731,[0.56950564 0.95269577],86,79,"[0.5784957417088722, 0.9380959581967442]",-1,1
1732,[0.60831325 0.94377064],86,79,"[0.5784957417088722, 0.9380959581967442]",1,1
1733,[0.61008438 0.8566094 ],86,8,"[0.5796329400688248, 0.8673421250886431]",1,1
1734,[0.68711452 0.93126372],86,34,"[0.7102629863215386, 0.8821933187835579]",1,1
1735,[0.57661009 0.84996974],86,8,"[0.5796329400688248, 0.8673421250886431]",1,1
1736,[0.63660495 0.92867473],86,79,"[0.5784957417088722, 0.9380959581967442]",1,1
1737,[0.64638925 0.81891203],86,40,"[0.6637070746081725, 0.800876459104017]",1,1
1738,[0.58535973 0.91287064],86,79,"[0.5784957417088722, 0.9380959581967442]",1,1
1739,[0.5632464  0.95666879],86,79,"[0.5784957417088722, 0.9380959581967442]",-1,1
1740,[0.65987769 0.1077071 ],87,28,"[0.6834540090500396, 0.1284351732928079]",1,1
1741,[0.66888856 0.16909473],87,28,"[0.6834540090500396, 0.1284351732928079]",1,1
1742,[0.57151245 0.10918663],87,56,"[0.5956085086415349, 0.11097001389678474]",1,1
1743,[0.65708544 0.20380358],87,7,"[0.5906769638076592, 0.20247399889999088]",1,1
1744,[0.51542553 0.20011102],87,44,"[0.4826821467716503, 0.1771297425575975]",1,1
1745,[0.62347586 0.21493647],87,7,"[0.5906769638076592, 0.20247399889999088]",1,1
1746,[0.64029613 0.22363864],87,7,"[0.5906769638076592, 0.20247399889999088]",1,1
1747,[0.67007318 0.10803981],87,28,"[0.6834540090500396, 0.1284351732928079]",1,1
1748,[0.64832225 0.18697342],87,7,"[0.5906769638076592, 0.20247399889999088]",1,1
1749,[0.69542895 0.13272759],87,28,"[0.6834540090500396, 0.1284351732928079]",1,1
1750,[0.62553273 0.11606743],87,56,"[0.5956085086415349, 0.11097001389678474]",1,1
1751,[0.60249577 0.12765693],87,56,"[0.5956085086415349, 0.11097001389678474]",1,1
1752,[0.58685454 0.20880181],87,7,"[0.5906769638076592, 0.20247399889999088]",1,1
1753,[0.6036852  0.19754064],87,7,"[0.5906769638076592, 0.20247399889999088]",1,1
1754,[0.57991959 0.24533629],87,7,"[0.5906769638076592, 0.20247399889999088]",1,1
1755,[0.60501643 0.19392991],87,7,"[0.5906769638076592, 0.20247399889999088]",1,1
1756,[0.60119749 0.20033674],87,7,"[0.5906769638076592, 0.20247399889999088]",1,1
1757,[0.61006383 0.20466544],87,7,"[0.5906769638076592, 0.20247399889999088]",1,1
1758,[0.58360476 0.16506569],87,7,"[0.5906769638076592, 0.20247399889999088]",1,1
1759,[0.59587745 0.15234689],87,56,"[0.5956085086415349, 0.11097001389678474]",1,1
1760,[0.24151979 0.73094319],88,54,"[0.26487319495682093, 0.68282163210261]",1,1
1761,[0.27913441 0.70049719],88,60,"[0.2989135278520375, 0.6929490092625582]",1,1
1762,[0.28223724 0.65057635],88,54,"[0.26487319495682093, 0.68282163210261]",1,1
1763,[0.19432982 0.66517704],88,58,"[0.17306589461869332, 0.6368445167871721]",1,1
1764,[0.18551432 0.69497301],88,64,"[0.19079143816554742, 0.712146322904628]",1,1
1765,[0.20893398 0.59934947],88,58,"[0.17306589461869332, 0.6368445167871721]",-1,1
1766,[0.35538177 0.75728116],88,17,"[0.35695188484019197, 0.7523915659352516]",1,1
1767,[0.18895441 0.68572033],88,64,"[0.19079143816554742, 0.712146322904628]",1,1
1768,[0.17511281 0.64302494],88,58,"[0.17306589461869332, 0.6368445167871721]",1,1
1769,[0.25371311 0.75009614],88,30,"[0.22393913450683484, 0.7842039493574852]",1,1
1770,[0.27828965 0.66224758],88,54,"[0.26487319495682093, 0.68282163210261]",1,1
1771,[0.21829773 0.83200356],88,12,"[0.24904036730704274, 0.8661622356992061]",1,1
1772,[0.22360087 0.61298852],88,71,"[0.27063518070783904, 0.5865553047760075]",1,1
1773,[0.25569261 0.73217617],88,54,"[0.26487319495682093, 0.68282163210261]",1,1
1774,[0.36916103 0.78714003],88,17,"[0.35695188484019197, 0.7523915659352516]",1,1
1775,[0.28204183 0.66457201],88,54,"[0.26487319495682093, 0.68282163210261]",1,1
1776,[0.1936227  0.71113216],88,64,"[0.19079143816554742, 0.712146322904628]",1,1
1777,[0.24066194 0.69534792],88,54,"[0.26487319495682093, 0.68282163210261]",1,1
1778,[0.30903118 0.71748238],88,60,"[0.2989135278520375, 0.6929490092625582]",1,1
1779,[0.28739612 0.63199934],88,71,"[0.27063518070783904, 0.5865553047760075]",1,1
1780,[0.90062355 0.64796847],89,16,"[0.8676800386633335, 0.6288966234508196]",1,1
1781,[0.87442813 0.67188111],89,16,"[0.8676800386633335, 0.6288966234508196]",1,1
1782,[0.86710996 0.64605056],89,16,"[0.8676800386633335, 0.6288966234508196]",1,1
1783,[0.80229494 0.6782118 ],89,3,"[0.8326679703471471, 0.7177805885524466]",1,1
1784,[0.85311674 0.73139378],89,3,"[0.8326679703471471, 0.7177805885524466]",1,1
1785,[0.84447945 0.69479622],89,3,"[0.8326679703471471, 0.7177805885524466]",1,1
1786,[0.84048373 0.70892173],89,3,"[0.8326679703471471, 0.7177805885524466]",1,1
1787,[0.78504119 0.60059645],89,13,"[0.7853707395192608, 0.5761159850121148]",1,1
1788,[0.79667528 0.64832962],89,9,"[0.7567858507257804, 0.6432087598903278]",1,1
1789,[0.78317296 0.7089649 ],89,53,"[0.760947093689295, 0.750357845725767]",1,1
1790,[0.89052926 0.77405947],89,55,"[0.905792710511556, 0.7788355301993599]",1,1
1791,[0.86787701 0.79037511],89,55,"[0.905792710511556, 0.7788355301993599]",1,1
1792,[0.85595553 0.75104792],89,3,"[0.8326679703471471, 0.7177805885524466]",1,1
1793,[0.83580563 0.70072744],89,3,"[0.8326679703471471, 0.7177805885524466]",1,1
1794,[0.78070476 0.65748532],89,9,"[0.7567858507257804, 0.6432087598903278]",1,1
1795,[0.81307986 0.77182945],89,61,"[0.8155498851739841, 0.815877957550063]",1,1
1796,[0.80639811 0.69159104],89,3,"[0.8326679703471471, 0.7177805885524466]",1,1
1797,[0.89042098 0.77844954],89,55,"[0.905792710511556, 0.7788355301993599]",1,1
1798,[0.81441506 0.75632375],89,3,"[0.8326679703471471, 0.7177805885524466]",1,1
1799,[0.87426429 0.66286527],89,16,"[0.8676800386633335, 0.6288966234508196]",1,1
1800,[0.86072795 0.50422475],90,38,"[0.8599548576869228, 0.4800424664017421]",1,1
1801,[0.79210637 0.57661287],90,13,"[0.7853707395192608, 0.5761159850121148]",1,1
1802,[0.75839206 0.58032467],90,13,"[0.7853707395192608, 0.5761159850121148]",1,1
1803,[0.7318332  0.54490549],90,35,"[0.7765680915405728, 0.5265927300079407]",1,1
1804,[0.81173678 0.52941293],90,35,"[0.7765680915405728, 0.5265927300079407]",1,1
1805,[0.8275644  0.50770577],90,38,"[0.8599548576869228, 0.4800424664017421]",1,1
1806,[0.86094596 0.55650718],90,-1,-1,1,1
1807,[0.80992053 0.62872111],90,9,"[0.7567858507257804, 0.6432087598903278]",1,1
1808,[0.81562325 0.5774404 ],90,13,"[0.7853707395192608, 0.5761159850121148]",1,1
1809,[0.85570816 0.61495984],90,16,"[0.8676800386633335, 0.6288966234508196]",1,1
1810,[0.8214771  0.58773064],90,13,"[0.7853707395192608, 0.5761159850121148]",1,1
1811,[0.80345982 0.53781659],90,35,"[0.7765680915405728, 0.5265927300079407]",1,1
1812,[0.77820206 0.51259918],90,35,"[0.7765680915405728, 0.5265927300079407]",1,1
1813,[0.80332029 0.50808123],90,35,"[0.7765680915405728, 0.5265927300079407]",1,1
1814,[0.87619756 0.61328214],90,16,"[0.8676800386633335, 0.6288966234508196]",1,1
1815,[0.92663958 0.5168053 ],90,-1,-1,-1,-1
1816,[0.79118798 0.54862196],90,35,"[0.7765680915405728, 0.5265927300079407]",1,1
1817,[0.83752021 0.57380807],90,13,"[0.7853707395192608, 0.5761159850121148]",1,1
1818,[0.81000997 0.57242821],90,13,"[0.7853707395192608, 0.5761159850121148]",1,1
1819,[0.81721985 0.61147651],90,13,"[0.7853707395192608, 0.5761159850121148]",1,1
1820,[0.27730068 0.92289569],91,12,"[0.24904036730704274, 0.8661622356992061]",-1,1
1821,[0.25320384 0.87716512],91,12,"[0.24904036730704274, 0.8661622356992061]",1,1
1822,[0.31752002 0.84232786],91,72,"[0.31803969429280926, 0.7957038017255572]",1,1
1823,[0.23595112 0.87100868],91,12,"[0.24904036730704274, 0.8661622356992061]",1,1
1824,[0.34244399 0.83031404],91,72,"[0.31803969429280926, 0.7957038017255572]",1,1
1825,[0.21479146 0.8178742 ],91,30,"[0.22393913450683484, 0.7842039493574852]",1,1
1826,[0.30801994 0.83399307],91,72,"[0.31803969429280926, 0.7957038017255572]",1,1
1827,[0.37597677 0.87706012],91,-1,-1,-1,-1
1828,[0.31928434 0.90243232],91,-1,-1,-1,-1
1829,[0.27486769 0.88433021],91,12,"[0.24904036730704274, 0.8661622356992061]",1,1
1830,[0.22904709 0.91102816],91,12,"[0.24904036730704274, 0.8661622356992061]",1,1
1831,[0.28866315 0.82183211],91,72,"[0.31803969429280926, 0.7957038017255572]",1,1
1832,[0.30021053 0.85957422],91,12,"[0.24904036730704274, 0.8661622356992061]",1,1
1833,[0.2692817  0.88467451],91,12,"[0.24904036730704274, 0.8661622356992061]",1,1
1834,[0.26661546 0.87103726],91,12,"[0.24904036730704274, 0.8661622356992061]",1,1
1835,[0.27411661 0.8904799 ],91,12,"[0.24904036730704274, 0.8661622356992061]",1,1
1836,[0.3026381  0.84114064],91,72,"[0.31803969429280926, 0.7957038017255572]",1,1
1837,[0.30884628 0.92613947],91,-1,-1,-1,-1
1838,[0.27175918 0.85109949],91,12,"[0.24904036730704274, 0.8661622356992061]",1,1
1839,[0.28299365 0.81761476],91,72,"[0.31803969429280926, 0.7957038017255572]",1,1
1840,[0.34896481 0.24725709],92,11,"[0.3548115464236944, 0.2255380697510627]",1,1
1841,[0.36490354 0.30600984],92,10,"[0.3266073335018755, 0.29946456668726884]",1,1
1842,[0.33818656 0.24153435],92,11,"[0.3548115464236944, 0.2255380697510627]",1,1
1843,[0.31050048 0.19969399],92,43,"[0.29448444746086566, 0.17227555752205123]",1,1
1844,[0.44280436 0.30531283],92,42,"[0.43033668091427674, 0.2742821411173443]",1,1
1845,[0.36967619 0.25743076],92,11,"[0.3548115464236944, 0.2255380697510627]",1,1
1846,[0.43441328 0.32258233],92,42,"[0.43033668091427674, 0.2742821411173443]",1,1
1847,[0.47832833 0.28340994],92,42,"[0.43033668091427674, 0.2742821411173443]",1,1
1848,[0.35286858 0.30663804],92,10,"[0.3266073335018755, 0.29946456668726884]",1,1
1849,[0.41027802 0.24386155],92,42,"[0.43033668091427674, 0.2742821411173443]",1,1
1850,[0.35143748 0.29275016],92,10,"[0.3266073335018755, 0.29946456668726884]",1,1
1851,[0.37552056 0.25711953],92,11,"[0.3548115464236944, 0.2255380697510627]",1,1
1852,[0.41865178 0.22646443],92,42,"[0.43033668091427674, 0.2742821411173443]",1,1
1853,[0.44153892 0.33053997],92,57,"[0.48307922876123255, 0.3419124982982468]",1,1
1854,[0.36176767 0.28795235],92,10,"[0.3266073335018755, 0.29946456668726884]",1,1
1855,[0.40656529 0.28581695],92,42,"[0.43033668091427674, 0.2742821411173443]",1,1
1856,[0.35721847 0.25808252],92,11,"[0.3548115464236944, 0.2255380697510627]",1,1
1857,[0.42258708 0.27177364],92,42,"[0.43033668091427674, 0.2742821411173443]",1,1
1858,[0.40323373 0.26018888],92,42,"[0.43033668091427674, 0.2742821411173443]",1,1
1859,[0.32726175 0.31975893],92,10,"[0.3266073335018755, 0.29946456668726884]",1,1
1860,[0.1595221  0.83006227],93,65,"[0.15301792022436225, 0.8766397101274713]",1,1
1861,[0.12400835 0.83012784],93,37,"[0.11650004194734447, 0.8020241462240563]",1,1
1862,[0.21324754 0.83407959],93,12,"[0.24904036730704274, 0.8661622356992061]",1,1
1863,[0.1427126 0.8100399],93,37,"[0.11650004194734447, 0.8020241462240563]",1,1
1864,[0.20774771 0.90923706],93,12,"[0.24904036730704274, 0.8661622356992061]",1,1
1865,[0.21761541 0.84463908],93,12,"[0.24904036730704274, 0.8661622356992061]",1,1
1866,[0.26320546 0.85985412],93,12,"[0.24904036730704274, 0.8661622356992061]",1,1
1867,[0.13392239 0.88014618],93,65,"[0.15301792022436225, 0.8766397101274713]",-1,1
1868,[0.19077341 0.85774668],93,65,"[0.15301792022436225, 0.8766397101274713]",1,1
1869,[0.10992272 0.88285739],93,65,"[0.15301792022436225, 0.8766397101274713]",1,1
1870,[0.22413096 0.89097855],93,12,"[0.24904036730704274, 0.8661622356992061]",1,1
1871,[0.23160719 0.84355822],93,12,"[0.24904036730704274, 0.8661622356992061]",1,1
1872,[0.14906195 0.90665636],93,65,"[0.15301792022436225, 0.8766397101274713]",-1,1
1873,[0.10834253 0.85205792],93,37,"[0.11650004194734447, 0.8020241462240563]",1,1
1874,[0.20278965 0.87354595],93,12,"[0.24904036730704274, 0.8661622356992061]",1,1
1875,[0.11552569 0.84903915],93,65,"[0.15301792022436225, 0.8766397101274713]",1,1
1876,[0.20546547 0.91128737],93,12,"[0.24904036730704274, 0.8661622356992061]",1,1
1877,[0.18903734 0.83297544],93,65,"[0.15301792022436225, 0.8766397101274713]",1,1
1878,[0.14367114 0.88532431],93,65,"[0.15301792022436225, 0.8766397101274713]",1,1
1879,[0.07200007 0.87706396],93,-1,-1,-1,1
1880,[0.34977156 0.48414648],94,19,"[0.3392057618175884, 0.45348488600611664]",1,1
1881,[0.38023403 0.51309295],94,69,"[0.3268734002059969, 0.5324289447508308]",1,1
1882,[0.30795509 0.44475161],94,19,"[0.3392057618175884, 0.45348488600611664]",1,1
1883,[0.34931509 0.41705508],94,19,"[0.3392057618175884, 0.45348488600611664]",1,1
1884,[0.39304305 0.44755023],94,62,"[0.39847486423122164, 0.45013295030792333]",1,1
1885,[0.34825883 0.38746426],94,5,"[0.37806869448263203, 0.3575422095646142]",1,1
1886,[0.39968417 0.40072117],94,5,"[0.37806869448263203, 0.3575422095646142]",1,1
1887,[0.40128726 0.43117929],94,62,"[0.39847486423122164, 0.45013295030792333]",1,1
1888,[0.38329129 0.4592071 ],94,62,"[0.39847486423122164, 0.45013295030792333]",1,1
1889,[0.40877082 0.42383303],94,62,"[0.39847486423122164, 0.45013295030792333]",1,1
1890,[0.29082667 0.45032819],94,19,"[0.3392057618175884, 0.45348488600611664]",1,1
1891,[0.37160707 0.44960911],94,62,"[0.39847486423122164, 0.45013295030792333]",1,1
1892,[0.39130114 0.43825575],94,62,"[0.39847486423122164, 0.45013295030792333]",1,1
1893,[0.38971337 0.46557096],94,62,"[0.39847486423122164, 0.45013295030792333]",1,1
1894,[0.32922423 0.3966945 ],94,15,"[0.29658382717203163, 0.36809504601125903]",1,1
1895,[0.40525674 0.41479085],94,62,"[0.39847486423122164, 0.45013295030792333]",1,1
1896,[0.33087742 0.39473804],94,15,"[0.29658382717203163, 0.36809504601125903]",1,1
1897,[0.34160385 0.47171848],94,19,"[0.3392057618175884, 0.45348488600611664]",1,1
1898,[0.26202508 0.39366987],94,51,"[0.2441594632849976, 0.42999567792564924]",1,1
1899,[0.35429321 0.32043206],94,10,"[0.3266073335018755, 0.29946456668726884]",1,1
1900,[0.85141381 0.17008161],95,39,"[0.9020712572577725, 0.17655718402332232]",1,1
1901,[0.89524614 0.0904973 ],95,-1,-1,-1,-1
1902,[0.89025008 0.14866957],95,39,"[0.9020712572577725, 0.17655718402332232]",1,1
1903,[0.84197009 0.17406572],95,50,"[0.8171401773155691, 0.13010077988468619]",1,1
1904,[0.74137605 0.17441615],95,2,"[0.7292844814093792, 0.22717792739112563]",1,1
1905,[0.85760641 0.11135332],95,50,"[0.8171401773155691, 0.13010077988468619]",1,1
1906,[0.78505129 0.22698786],95,21,"[0.8146504429194331, 0.21754661590637697]",1,1
1907,[0.83336766 0.19578086],95,21,"[0.8146504429194331, 0.21754661590637697]",1,1
1908,[0.7995244  0.10680161],95,50,"[0.8171401773155691, 0.13010077988468619]",-1,1
1909,[0.85202959 0.22887055],95,21,"[0.8146504429194331, 0.21754661590637697]",1,1
1910,[0.81521215 0.17804469],95,21,"[0.8146504429194331, 0.21754661590637697]",1,1
1911,[0.816206   0.16862272],95,50,"[0.8171401773155691, 0.13010077988468619]",1,1
1912,[0.84362906 0.19784775],95,21,"[0.8146504429194331, 0.21754661590637697]",1,1
1913,[0.75498997 0.20643419],95,2,"[0.7292844814093792, 0.22717792739112563]",1,1
1914,[0.7714917  0.15386716],95,50,"[0.8171401773155691, 0.13010077988468619]",1,1
1915,[0.80917266 0.09207114],95,50,"[0.8171401773155691, 0.13010077988468619]",-1,1
1916,[0.95552086 0.10566406],95,-1,-1,-1,-1
1917,[0.89635942 0.1913341 ],95,39,"[0.9020712572577725, 0.17655718402332232]",1,1
1918,[0.82491543 0.15552152],95,50,"[0.8171401773155691, 0.13010077988468619]",1,1
1919,[0.83210429 0.22803967],95,21,"[0.8146504429194331, 0.21754661590637697]",1,1
1920,[0.5628199  0.17300392],96,7,"[0.5906769638076592, 0.20247399889999088]",1,1
1921,[0.585482   0.20443602],96,7,"[0.5906769638076592, 0.20247399889999088]",1,1
1922,[0.59000874 0.16533567],96,7,"[0.5906769638076592, 0.20247399889999088]",1,1
1923,[0.49531873 0.16682247],96,44,"[0.4826821467716503, 0.1771297425575975]",1,1
1924,[0.55956297 0.1968342 ],96,7,"[0.5906769638076592, 0.20247399889999088]",1,1
1925,[0.54178043 0.23391079],96,68,"[0.5521932255655568, 0.29012360538217147]",1,1
1926,[0.5180959  0.24429916],96,68,"[0.5521932255655568, 0.29012360538217147]",1,1
1927,[0.65513786 0.14590298],96,28,"[0.6834540090500396, 0.1284351732928079]",1,1
1928,[0.62157956 0.19360612],96,7,"[0.5906769638076592, 0.20247399889999088]",1,1
1929,[0.57346129 0.18215319],96,7,"[0.5906769638076592, 0.20247399889999088]",1,1
1930,[0.50860182 0.13872343],96,44,"[0.4826821467716503, 0.1771297425575975]",-1,1
1931,[0.55333674 0.11461937],96,56,"[0.5956085086415349, 0.11097001389678474]",-1,1
1932,[0.61941229 0.2339359 ],96,7,"[0.5906769638076592, 0.20247399889999088]",1,1
1933,[0.55091582 0.11905616],96,56,"[0.5956085086415349, 0.11097001389678474]",-1,1
1934,[0.61180272 0.17894491],96,7,"[0.5906769638076592, 0.20247399889999088]",1,1
1935,[0.58465992 0.1664372 ],96,7,"[0.5906769638076592, 0.20247399889999088]",1,1
1936,[0.62502809 0.20336983],96,7,"[0.5906769638076592, 0.20247399889999088]",1,1
1937,[0.48603175 0.24110383],96,44,"[0.4826821467716503, 0.1771297425575975]",-1,1
1938,[0.5241552  0.13073277],96,44,"[0.4826821467716503, 0.1771297425575975]",-1,1
1939,[0.56037997 0.21010499],96,7,"[0.5906769638076592, 0.20247399889999088]",1,1
1940,[0.72118726 0.44552185],97,48,"[0.687070979492939, 0.48622821867392296]",1,1
1941,[0.6391963  0.37856471],97,66,"[0.6345252451201616, 0.40829919572265005]",1,1
1942,[0.62698378 0.29586257],97,22,"[0.6650383504310831, 0.30196439737957353]",1,1
1943,[0.69772047 0.38314129],97,24,"[0.7069032853647472, 0.39052580754787364]",1,1
1944,[0.62732437 0.2582809 ],97,22,"[0.6650383504310831, 0.30196439737957353]",1,1
1945,[0.63583835 0.37177109],97,66,"[0.6345252451201616, 0.40829919572265005]",1,1
1946,[0.70847502 0.36153759],97,24,"[0.7069032853647472, 0.39052580754787364]",1,1
1947,[0.70601727 0.29472604],97,22,"[0.6650383504310831, 0.30196439737957353]",1,1
1948,[0.74935626 0.39180623],97,29,"[0.7831308213742274, 0.4140688827593733]",1,1
1949,[0.75877973 0.39160329],97,29,"[0.7831308213742274, 0.4140688827593733]",1,1
1950,[0.64093859 0.38931445],97,66,"[0.6345252451201616, 0.40829919572265005]",1,1
1951,[0.7185246  0.37186352],97,24,"[0.7069032853647472, 0.39052580754787364]",1,1
1952,[0.72735298 0.37709907],97,24,"[0.7069032853647472, 0.39052580754787364]",1,1
1953,[0.71457318 0.30642715],97,22,"[0.6650383504310831, 0.30196439737957353]",1,1
1954,[0.63061234 0.37201125],97,66,"[0.6345252451201616, 0.40829919572265005]",1,1
1955,[0.64516686 0.40057698],97,66,"[0.6345252451201616, 0.40829919572265005]",1,1
1956,[0.66166267 0.38726466],97,66,"[0.6345252451201616, 0.40829919572265005]",1,1
1957,[0.75019055 0.38772852],97,29,"[0.7831308213742274, 0.4140688827593733]",1,1
1958,[0.57291812 0.37510382],97,59,"[0.5590247983688589, 0.3951111108186407]",1,1
1959,[0.65380923 0.37982775],97,66,"[0.6345252451201616, 0.40829919572265005]",1,1
1960,[0.82048865 0.88099324],98,61,"[0.8155498851739841, 0.815877957550063]",-1,-1
1961,[0.88736579 0.8470496 ],98,-1,-1,-1,1
1962,[0.81119074 0.81116014],98,61,"[0.8155498851739841, 0.815877957550063]",1,1
1963,[0.92717489 0.82507948],98,55,"[0.905792710511556, 0.7788355301993599]",-1,1
1964,[0.9005208  0.74770546],98,55,"[0.905792710511556, 0.7788355301993599]",1,1
1965,[0.91363021 0.80261669],98,55,"[0.905792710511556, 0.7788355301993599]",1,1
1966,[0.84327309 0.85113943],98,61,"[0.8155498851739841, 0.815877957550063]",-1,1
1967,[0.83977755 0.79072155],98,61,"[0.8155498851739841, 0.815877957550063]",1,1
1968,[0.80998076 0.78154555],98,61,"[0.8155498851739841, 0.815877957550063]",1,1
1969,[0.91501408 0.78753627],98,55,"[0.905792710511556, 0.7788355301993599]",1,1
1970,[0.78941039 0.83748286],98,61,"[0.8155498851739841, 0.815877957550063]",1,1
1971,[0.85533186 0.82471722],98,61,"[0.8155498851739841, 0.815877957550063]",1,1
1972,[0.82720885 0.81044746],98,61,"[0.8155498851739841, 0.815877957550063]",1,1
1973,[0.81206017 0.83159865],98,61,"[0.8155498851739841, 0.815877957550063]",1,1
1974,[0.80348175 0.81495513],98,61,"[0.8155498851739841, 0.815877957550063]",1,1
1975,[0.8188708  0.75777919],98,3,"[0.8326679703471471, 0.7177805885524466]",1,1
1976,[0.95224523 0.7644424 ],98,55,"[0.905792710511556, 0.7788355301993599]",-1,1
1977,[0.91843159 0.80512896],98,55,"[0.905792710511556, 0.7788355301993599]",1,1
1978,[0.90416614 0.78896346],98,55,"[0.905792710511556, 0.7788355301993599]",1,1
1979,[0.87682698 0.84959404],98,61,"[0.8155498851739841, 0.815877957550063]",1,1
1980,[0.68775993 0.18038774],99,28,"[0.6834540090500396, 0.1284351732928079]",1,1
1981,[0.68440297 0.22927632],99,2,"[0.7292844814093792, 0.22717792739112563]",1,1
1982,[0.74396544 0.28998132],99,0,"[0.779927120456704, 0.33308489188051693]",1,1
1983,[0.79075247 0.28358801],99,0,"[0.779927120456704, 0.33308489188051693]",1,1
1984,[0.74836031 0.17776053],99,2,"[0.7292844814093792, 0.22717792739112563]",1,1
1985,[0.72017503 0.25005113],99,2,"[0.7292844814093792, 0.22717792739112563]",1,1
1986,[0.7226745  0.19974945],99,2,"[0.7292844814093792, 0.22717792739112563]",1,1
1987,[0.78357932 0.20458048],99,21,"[0.8146504429194331, 0.21754661590637697]",1,1
1988,[0.78106877 0.22110069],99,21,"[0.8146504429194331, 0.21754661590637697]",1,1
1989,[0.7543406  0.17268998],99,2,"[0.7292844814093792, 0.22717792739112563]",1,1
1990,[0.69548482 0.2035147 ],99,2,"[0.7292844814093792, 0.22717792739112563]",1,1
1991,[0.74431527 0.23457862],99,2,"[0.7292844814093792, 0.22717792739112563]",1,1
1992,[0.68920299 0.24683041],99,2,"[0.7292844814093792, 0.22717792739112563]",1,1
1993,[0.73097396 0.24523244],99,2,"[0.7292844814093792, 0.22717792739112563]",1,1
1994,[0.64098268 0.24568932],99,22,"[0.6650383504310831, 0.30196439737957353]",1,1
1995,[0.67292002 0.31192066],99,22,"[0.6650383504310831, 0.30196439737957353]",1,1
1996,[0.79891986 0.26344633],99,21,"[0.8146504429194331, 0.21754661590637697]",1,1
1997,[0.81255448 0.11368955],99,50,"[0.8171401773155691, 0.13010077988468619]",1,1
1998,[0.8263448  0.27808164],99,21,"[0.8146504429194331, 0.21754661590637697]",1,1
1999,[0.68860701 0.31892206],99,22,"[0.6650383504310831, 0.30196439737957353]",1,1
